# lon_gridpoint [deg], lat_gridpoint [deg], P_R_modelGRS [W], P_R_modelFREND [W] 
-40.375, 48.125, 6.286982582391965e-24, 6.2955268650332425e-24 
-40.125, 48.125, 2.858538052607435e-24, 2.8622431965597885e-24 
-39.875, 48.125, 4.086250457265085e-24, 4.091346651979266e-24 
-39.625, 48.125, 5.7820076938175455e-24, 5.7889353649921915e-24 
-39.375, 48.125, 1.1512628311441724e-23, 1.1525652714418455e-23 
-39.125, 48.125, 1.2461756397386593e-23, 1.2474976269437628e-23 
-38.875, 48.125, 7.735868229030581e-24, 7.743529456784037e-24 
-38.625, 48.125, 9.091898203487094e-24, 9.100300121491338e-24 
-38.375, 48.125, 8.582599897754927e-24, 8.59013400745201e-24 
-38.125, 48.125, 4.142844771899572e-24, 4.1462926362680145e-24 
-37.875, 48.125, 2.085252319554716e-24, 2.086916957509346e-24 
-37.625, 48.125, 5.971980270602456e-24, 5.976502936576452e-24 
-37.375, 48.125, 5.8997382266264134e-24, 5.903964404935643e-24 
-37.125, 48.125, 4.5929236361978796e-24, 4.596025456226073e-24 
-36.875, 48.125, 1.177320271470184e-23, 1.1780671134855473e-23 
-36.625, 48.125, 1.43575422996679e-23, 1.4366061534379585e-23 
-36.375, 48.125, 3.162026494804955e-23, 3.163704761142856e-23 
-36.125, 48.125, 1.7955490161278303e-23, 1.7963801918117593e-23 
-35.875, 48.125, 1.7394236666763627e-23, 1.7401479634368638e-23 
-35.625, 48.125, 1.5859674966441603e-23, 1.5865883908748775e-23 
-35.375, 48.125, 9.198227541291492e-24, 9.20144205572421e-24 
-35.125, 48.125, 2.0739777968542567e-24, 2.07460530012183e-24 
-34.875, 48.125, 4.73646699564557e-24, 4.737654860200377e-24 
-34.625, 48.125, 5.574558801843873e-24, 5.57566823083801e-24 
-34.375, 48.125, 4.645505420840778e-24, 4.6460910633540184e-24 
-34.125, 48.125, 3.841329941926695e-24, 3.8415121072194606e-24 
-33.875, 48.125, 1.606612005511121e-23, 1.606561829536331e-23 
-33.625, 48.125, 2.760717805688512e-23, 2.7604144203275546e-23 
-33.375, 48.125, 1.9465082167294614e-23, 1.9462085576358358e-23 
-33.125, 48.125, 2.9894921011121415e-23, 2.988923857250584e-23 
-32.875, 48.125, 2.591337104879313e-23, 2.5907029337152655e-23 
-32.625, 48.125, 1.9460098243554043e-23, 1.9454350876372574e-23 
-32.375, 48.125, 1.617873155057708e-23, 1.6173067252067253e-23 
-32.125, 48.125, 1.3846562627879362e-23, 1.3841082414326233e-23 
-31.875, 48.125, 8.610659686410112e-24, 8.60707717428947e-24 
-46.125, 48.375, 4.599722485121048e-24, 4.60938059810849e-24 
-45.875, 48.375, 5.851793794241178e-24, 5.864196585689062e-24 
-45.625, 48.375, 8.444826258519183e-24, 8.462891897029387e-24 
-45.375, 48.375, 8.442064655975302e-24, 8.460052304606366e-24 
-45.125, 48.375, 4.040727003611115e-24, 4.04929892763031e-24 
-44.875, 48.375, 3.868685374188671e-24, 3.8768651306308414e-24 
-44.625, 48.375, 5.917772977975997e-24, 5.930243612231459e-24 
-44.375, 48.375, 1.9120618128543056e-23, 1.9160508806634574e-23 
-44.125, 48.375, 1.0718382613369419e-23, 1.074049623860141e-23 
-43.875, 48.375, 1.780950314727062e-24, 1.7845835113210077e-24 
-43.625, 48.375, 6.154980619039431e-24, 6.167394687763533e-24 
-43.375, 48.375, 5.999648423306975e-24, 6.011494771319158e-24 
-43.125, 48.375, 8.896968940686371e-24, 8.914069986547293e-24 
-42.875, 48.375, 7.483351557673852e-24, 7.497425370186574e-24 
-42.625, 48.375, 5.5793790513228556e-24, 5.589658661628736e-24 
-42.375, 48.375, 9.428098335363995e-24, 9.445065021587496e-24 
-42.125, 48.375, 1.4559759292159314e-23, 1.458532573650117e-23 
-41.875, 48.375, 1.4926636712536735e-23, 1.495219622278031e-23 
-41.625, 48.375, 1.1259138850102109e-23, 1.1277927150252594e-23 
-41.375, 48.375, 7.830622221774094e-24, 7.843347657496235e-24 
-41.125, 48.375, 1.0148202932672715e-23, 1.0164251848812577e-23 
-40.875, 48.375, 1.2104235203528852e-23, 1.2122849327741136e-23 
-40.625, 48.375, 1.1800669775947458e-23, 1.181830211812639e-23 
-40.375, 48.375, 4.698651646711413e-24, 4.705382711246137e-24 
-40.125, 48.375, 3.057854692995897e-24, 3.0620361645965585e-24 
-39.875, 48.375, 3.1944381621013713e-24, 3.198605640560248e-24 
-39.625, 48.375, 4.6923178857392796e-24, 4.69820950998866e-24 
-39.375, 48.375, 7.008221876361793e-24, 7.016552960381754e-24 
-39.125, 48.375, 5.8677728773903906e-24, 5.874334672567555e-24 
-38.875, 48.375, 4.334423981056875e-24, 4.338965548885149e-24 
-38.625, 48.375, 5.128402101282391e-24, 5.133414083179101e-24 
-38.375, 48.375, 5.104067053697208e-24, 5.108674369647196e-24 
-38.125, 48.375, 4.9514141907398905e-24, 4.955645079466595e-24 
-37.875, 48.375, 5.379371868733264e-24, 5.383684572193443e-24 
-37.625, 48.375, 6.580394334750092e-24, 6.585400262217609e-24 
-37.375, 48.375, 4.791393433631595e-24, 4.7948420462194654e-24 
-37.125, 48.375, 4.535774850729848e-24, 4.538853575266497e-24 
-36.875, 48.375, 4.5156345028455904e-24, 4.518514455879431e-24 
-36.625, 48.375, 1.2504179345524619e-23, 1.2511641566124368e-23 
-36.375, 48.375, 1.399423458025133e-23, 1.400170987968188e-23 
-36.125, 48.375, 8.474461702559366e-24, 8.478593653465143e-24 
-35.875, 48.375, 6.149746140226613e-24, 6.152591462978107e-24 
-35.625, 48.375, 2.5110789273772585e-24, 2.5121781948355747e-24 
-35.375, 48.375, 3.0709587121539414e-24, 3.072174035244217e-24 
-35.125, 48.375, 4.423550349594406e-24, 4.425095738535022e-24 
-34.875, 48.375, 5.035213087825789e-24, 5.036735882569722e-24 
-34.625, 48.375, 3.699695235584872e-24, 3.700622585941829e-24 
-34.375, 48.375, 2.613507245431876e-24, 2.6139716843024186e-24 
-34.125, 48.375, 3.173582945542197e-24, 3.1738973341253947e-24 
-33.875, 48.375, 2.553036017802416e-24, 2.553088130372896e-24 
-33.625, 48.375, 2.85191560043469e-23, 2.8517494775097427e-23 
-33.375, 48.375, 3.2154981470959523e-23, 3.215165668676311e-23 
-33.125, 48.375, 2.3553240592879435e-23, 2.3549990724619905e-23 
-32.875, 48.375, 1.9405223949829325e-23, 1.940186901786782e-23 
-32.625, 48.375, 1.8040917586303603e-23, 1.8036885473018527e-23 
-32.375, 48.375, 2.0805823054370647e-23, 2.080021265457934e-23 
-32.125, 48.375, 2.4722260329600702e-23, 2.4714561424846493e-23 
-31.875, 48.375, 1.2401699939298716e-23, 1.2397339419179389e-23 
-31.625, 48.375, 1.6211112188852614e-23, 1.6205083608101415e-23 
-31.375, 48.375, 1.3952150019153788e-23, 1.3946964826454482e-23 
-31.125, 48.375, 1.2192992586304722e-23, 1.2188690191190839e-23 
-30.875, 48.375, 1.250854543424981e-23, 1.2504550566578811e-23 
-30.625, 48.375, 1.35927123668144e-23, 1.35888264908195e-23 
-30.375, 48.375, 1.1790093467314855e-23, 1.1787117849725185e-23 
-30.125, 48.375, 9.927230285051942e-24, 9.925057397184801e-24 
-29.875, 48.375, 1.5371623467822137e-23, 1.5368773945286004e-23 
-29.625, 48.375, 1.748246792360977e-23, 1.747981295474003e-23 
-29.375, 48.375, 1.4921568686324634e-23, 1.4920401862822665e-23 
-29.125, 48.375, 1.2327547726785775e-23, 1.2327660087050898e-23 
-28.875, 48.375, 1.2740090042477479e-23, 1.2741318665340798e-23 
-28.625, 48.375, 5.603955073069505e-24, 5.604984921948771e-24 
-28.375, 48.375, 1.96574569984439e-23, 1.9663176781314904e-23 
-28.125, 48.375, 4.285404799209932e-23, 4.287190719366768e-23 
-27.875, 48.375, 3.372255445861202e-23, 3.374136886262057e-23 
-27.625, 48.375, 1.736102653175907e-23, 1.7372700159223265e-23 
-27.375, 48.375, 7.420656629116307e-24, 7.42619880366179e-24 
-27.125, 48.375, 5.835752058082776e-24, 5.84046021609687e-24 
-26.875, 48.375, 5.517447829942283e-24, 5.5222345013229626e-24 
-26.625, 48.375, 8.4753548519005e-24, 8.483443594471419e-24 
-26.375, 48.375, 7.180790499385144e-24, 7.188100038499429e-24 
-48.625, 48.625, 5.501264799325114e-24, 5.511973164735169e-24 
-48.375, 48.625, 2.4037789841063715e-24, 2.4084893783941084e-24 
-48.125, 48.625, 4.8666064973550066e-24, 4.876230423257034e-24 
-47.875, 48.625, 6.8560378330643e-24, 6.869804935019796e-24 
-47.625, 48.625, 1.4189057114750547e-23, 1.421798164563684e-23 
-47.375, 48.625, 1.6538614865620954e-23, 1.6572674164543105e-23 
-47.125, 48.625, 6.152146522520952e-24, 6.164937740568224e-24 
-46.875, 48.625, 5.9392736611409506e-24, 5.951739690803956e-24 
-46.625, 48.625, 8.549123483070296e-24, 8.56723636906463e-24 
-46.375, 48.625, 8.741169664022708e-24, 8.759832988710051e-24 
-46.125, 48.625, 4.618931699799727e-24, 4.628884926460042e-24 
-45.875, 48.625, 6.27115030769118e-24, 6.284787848825105e-24 
-45.625, 48.625, 1.1109918539201569e-23, 1.1134298360733716e-23 
-45.375, 48.625, 1.0854814952098816e-23, 1.0878575348804742e-23 
-45.125, 48.625, 4.5731184467603445e-24, 4.583096521388728e-24 
-44.875, 48.625, 9.881720748205404e-24, 9.903212178978882e-24 
-44.625, 48.625, 2.0528892080716985e-23, 2.0573395369754817e-23 
-44.375, 48.625, 2.5662271635302568e-23, 2.5717362984323117e-23 
-44.125, 48.625, 1.46630918924114e-23, 1.4694231442119934e-23 
-43.875, 48.625, 9.893226357182857e-24, 9.914007597335757e-24 
-43.625, 48.625, 7.808824494990343e-24, 7.825046818356821e-24 
-43.375, 48.625, 9.291046503242104e-24, 9.310004197705499e-24 
-43.125, 48.625, 9.029861599762926e-24, 9.04788198859902e-24 
-42.875, 48.625, 8.536734804278833e-24, 8.553417342587132e-24 
-42.625, 48.625, 1.3260871328062726e-23, 1.3286278519606006e-23 
-42.375, 48.625, 1.2643404172588625e-23, 1.2667086656094702e-23 
-42.125, 48.625, 1.0160539327636408e-23, 1.0179127913842011e-23 
-41.875, 48.625, 8.690019315610141e-24, 8.705538506523821e-24 
-41.625, 48.625, 1.2715969610251971e-23, 1.2738123839386362e-23 
-41.375, 48.625, 1.43586143902203e-23, 1.4383004031551618e-23 
-41.125, 48.625, 1.8757880353365392e-23, 1.8788924163662674e-23 
-40.875, 48.625, 1.0985961184242675e-23, 1.1003663292046483e-23 
-40.625, 48.625, 1.0754634961069791e-23, 1.077149501254897e-23 
-40.375, 48.625, 7.112276213990705e-24, 7.122987803126049e-24 
-40.125, 48.625, 6.726811388793171e-24, 6.736504516912915e-24 
-39.875, 48.625, 5.991020308918296e-24, 5.9992631351978964e-24 
-39.625, 48.625, 5.254894534364243e-24, 5.261794438044688e-24 
-39.375, 48.625, 7.80277143583925e-24, 7.812495328847455e-24 
-39.125, 48.625, 6.800721968609642e-24, 6.808717753944383e-24 
-38.875, 48.625, 4.8250379173652294e-24, 4.8303707270487925e-24 
-38.625, 48.625, 6.048916231501352e-24, 6.0551753041593196e-24 
-38.375, 48.625, 7.380668357821227e-24, 7.387720034944069e-24 
-38.125, 48.625, 7.437092894725879e-24, 7.443632500155303e-24 
-37.875, 48.625, 6.688929755640472e-24, 6.69444078434399e-24 
-37.625, 48.625, 6.073589047080043e-24, 6.078230199853882e-24 
-37.375, 48.625, 3.0440937353360356e-24, 3.046295132630477e-24 
-37.125, 48.625, 8.092475215310509e-24, 8.097995758615487e-24 
-36.875, 48.625, 8.864823775601782e-24, 8.870507812821543e-24 
-36.625, 48.625, 8.511042806130083e-24, 8.516151078011659e-24 
-36.375, 48.625, 5.786054758405748e-24, 5.789287712286078e-24 
-36.125, 48.625, 2.5858126777121615e-24, 2.5871931140821917e-24 
-35.875, 48.625, 4.915154160718172e-24, 4.9176557201589964e-24 
-35.625, 48.625, 5.294376939369633e-24, 5.296939650274495e-24 
-35.375, 48.625, 4.602088024133299e-24, 4.6041222644985855e-24 
-35.125, 48.625, 5.0164718458537075e-24, 5.018456536055939e-24 
-34.875, 48.625, 5.135214412437832e-24, 5.137007827979827e-24 
-34.625, 48.625, 2.2760172064613997e-24, 2.27670524152181e-24 
-34.375, 48.625, 3.426980916296089e-24, 3.427766895464397e-24 
-34.125, 48.625, 4.396063098201913e-24, 4.3967256225691e-24 
-33.875, 48.625, 4.4338172666764266e-24, 4.4341367562955934e-24 
-33.625, 48.625, 1.3714941879164727e-23, 1.3714851319467574e-23 
-33.375, 48.625, 1.8149859990717755e-23, 1.8148920728414613e-23 
-33.125, 48.625, 2.077991235455427e-23, 2.0778095273151583e-23 
-32.875, 48.625, 2.6510813888502056e-23, 2.650761303077611e-23 
-32.625, 48.625, 1.898712814039212e-23, 1.898440849403432e-23 
-32.375, 48.625, 2.456139611451068e-23, 2.455688277715853e-23 
-32.125, 48.625, 3.577673981791928e-23, 3.5768671714031007e-23 
-31.875, 48.625, 2.3779041953701746e-23, 2.377268642217533e-23 
-31.625, 48.625, 1.0170422800656521e-23, 1.0167296194851082e-23 
-31.375, 48.625, 3.413576201264225e-24, 3.41256900973101e-24 
-31.125, 48.625, 7.155182325657067e-24, 7.153310781894537e-24 
-30.875, 48.625, 9.68833975951762e-24, 9.686130138459858e-24 
-30.625, 48.625, 1.1271420452712758e-23, 1.1269227364368085e-23 
-30.375, 48.625, 1.1499278539063676e-23, 1.1497426390517942e-23 
-30.125, 48.625, 1.0568233984409287e-23, 1.0566885926935175e-23 
-29.875, 48.625, 1.8257361220849116e-23, 1.8255644230942044e-23 
-29.625, 48.625, 2.093103053957902e-23, 2.092976368633053e-23 
-29.375, 48.625, 2.1766525103193848e-23, 2.1766811357100192e-23 
-29.125, 48.625, 2.1869597376313657e-23, 2.1871794654165638e-23 
-28.875, 48.625, 1.5659746085511183e-23, 1.5662687045175632e-23 
-28.625, 48.625, 1.257947061665195e-23, 1.2582931821187357e-23 
-28.375, 48.625, 1.1478069018397343e-23, 1.148258925984199e-23 
-28.125, 48.625, 1.993689592874813e-23, 1.9947561834677302e-23 
-27.875, 48.625, 1.219614606737062e-23, 1.220439270379775e-23 
-27.625, 48.625, 1.2685612741203443e-23, 1.2695642761583641e-23 
-27.375, 48.625, 1.2393784456756138e-23, 1.2404506576876986e-23 
-27.125, 48.625, 8.763253508111893e-24, 8.771359931761534e-24 
-26.875, 48.625, 1.179550312432275e-23, 1.180712143323832e-23 
-26.625, 48.625, 1.367859691649788e-23, 1.3692902233332487e-23 
-26.375, 48.625, 6.540983564053028e-24, 6.5482399253030055e-24 
-26.125, 48.625, 1.0897652723423136e-23, 1.0910336830999668e-23 
-25.875, 48.625, 1.7518431839380917e-23, 1.7539777973697984e-23 
-25.625, 48.625, 3.420433985383708e-23, 3.4247888855131423e-23 
-25.375, 48.625, 4.0242804423497636e-23, 4.029568217648342e-23 
-25.125, 48.625, 2.9316509025636654e-23, 2.9355998872697034e-23 
-24.875, 48.625, 5.031457528043191e-23, 5.0384012881884625e-23 
-24.625, 48.625, 4.276892593048255e-23, 4.28293637138619e-23 
-24.375, 48.625, 3.6445273118643004e-23, 3.649742660412414e-23 
-24.125, 48.625, 2.4460133376875845e-23, 2.4495418026390352e-23 
-23.875, 48.625, 1.4656945821422098e-23, 1.467825800074672e-23 
-23.625, 48.625, 1.8033029444112257e-23, 1.8059461937231193e-23 
-23.375, 48.625, 1.7998529722011198e-23, 1.8025471876053218e-23 
-23.125, 48.625, 6.335322180464146e-24, 6.344844540982439e-24 
-22.875, 48.625, 3.786412131883443e-24, 3.792124341109645e-24 
-50.125, 48.875, 3.7333070631770444e-23, 3.739932796473411e-23 
-49.875, 48.875, 2.6513773828859356e-24, 2.656171743062454e-24 
-49.625, 48.875, 6.155137545676955e-24, 6.1664737277649884e-24 
-49.375, 48.875, 9.190872988044854e-24, 9.208119345574611e-24 
-49.125, 48.875, 6.621921705248188e-24, 6.634498308391043e-24 
-48.875, 48.875, 2.4542134680311763e-24, 2.458930490687039e-24 
-48.625, 48.875, 2.0521701974879427e-24, 2.056161222054893e-24 
-48.375, 48.875, 2.6276032693556793e-24, 2.632760474816288e-24 
-48.125, 48.875, 5.346136396988363e-24, 5.356740022077762e-24 
-47.875, 48.875, 6.040301441721868e-24, 6.052483501603144e-24 
-47.625, 48.875, 1.774319237425562e-23, 1.7779406881171158e-23 
-47.375, 48.875, 1.7787883198659434e-23, 1.7824736667320423e-23 
-47.125, 48.875, 6.633512716027349e-24, 6.647387359143804e-24 
-46.875, 48.875, 6.476575206647444e-24, 6.490249635847298e-24 
-46.625, 48.875, 6.089961674250604e-24, 6.102940218902689e-24 
-46.375, 48.875, 6.604651226277847e-24, 6.618857224897697e-24 
-46.125, 48.875, 3.939561624103261e-24, 3.948113151700123e-24 
-45.875, 48.875, 3.946588438920596e-24, 3.955233253996894e-24 
-45.625, 48.875, 9.089561969361262e-24, 9.109651957118298e-24 
-45.375, 48.875, 1.1955951643298652e-23, 1.1982331342351394e-23 
-45.125, 48.875, 1.879539099996956e-23, 1.8836729163353735e-23 
-44.875, 48.875, 1.7677587146942666e-23, 1.771634256423553e-23 
-44.625, 48.875, 1.2897639140014636e-23, 1.2925901683986156e-23 
-44.375, 48.875, 1.409699071253863e-23, 1.4127603965918702e-23 
-44.125, 48.875, 1.2787418348779549e-23, 1.2814892123017698e-23 
-43.875, 48.875, 7.148992329890862e-24, 7.164186679865563e-24 
-43.625, 48.875, 9.134116486152006e-24, 9.153372618027135e-24 
-43.375, 48.875, 7.375798383253326e-24, 7.39116688544956e-24 
-43.125, 48.875, 1.0999088630797801e-23, 1.1021575518754675e-23 
-42.875, 48.875, 1.0515688293642283e-23, 1.0536782381837412e-23 
-42.625, 48.875, 9.615194052525178e-24, 9.634113952592163e-24 
-42.375, 48.875, 1.0649807510256787e-23, 1.0670306954721297e-23 
-42.125, 48.875, 1.0141345540948026e-23, 1.016042387035025e-23 
-41.875, 48.875, 1.1817669937121334e-23, 1.1839386286363792e-23 
-41.625, 48.875, 1.54445919513123e-23, 1.5472431702702054e-23 
-41.375, 48.875, 2.9292761653794493e-23, 2.934403445727249e-23 
-41.125, 48.875, 4.35724390265734e-23, 4.3646805138162423e-23 
-40.875, 48.875, 2.7765890133914585e-23, 2.7812067227162455e-23 
-40.625, 48.875, 4.575032295118925e-24, 4.582441321045319e-24 
-40.375, 48.875, 5.611186400805385e-24, 5.619927591101672e-24 
-40.125, 48.875, 9.593981203146477e-24, 9.608302246633578e-24 
-39.875, 48.875, 9.793551027021514e-24, 9.80753233007072e-24 
-39.625, 48.875, 7.860669979624668e-24, 7.871293056110605e-24 
-39.375, 48.875, 8.121229110759259e-24, 8.131579815200969e-24 
-39.125, 48.875, 9.077927620837454e-24, 9.088857775382512e-24 
-38.875, 48.875, 9.539590637722466e-24, 9.550404177264977e-24 
-38.625, 48.875, 1.0255480804746809e-23, 1.0266382847196327e-23 
-38.375, 48.875, 1.0453556125906001e-23, 1.0463839534708603e-23 
-38.125, 48.875, 8.862254438642085e-24, 8.870252467419867e-24 
-37.875, 48.875, 5.104586696711008e-24, 5.108795516912586e-24 
-37.625, 48.875, 3.377655449377331e-24, 3.380274696063581e-24 
-37.375, 48.875, 4.2848555343607116e-24, 4.28800696238468e-24 
-37.125, 48.875, 5.376058857292555e-24, 5.379792487465555e-24 
-36.875, 48.875, 5.572704597868178e-24, 5.576346355053347e-24 
-36.625, 48.875, 5.5639537182919e-24, 5.567346990916826e-24 
-36.375, 48.875, 4.9589388430070895e-24, 4.961818914618029e-24 
-36.125, 48.875, 5.8269423464744414e-24, 5.83018145620143e-24 
-35.875, 48.875, 7.051658484824738e-24, 7.055402799014787e-24 
-35.625, 48.875, 6.533586829188844e-24, 6.53689334267232e-24 
-35.375, 48.875, 6.618599299131504e-24, 6.621670731116726e-24 
-35.125, 48.875, 8.099550184596194e-24, 8.102933119494867e-24 
-34.875, 48.875, 7.371111801091314e-24, 7.37384849658043e-24 
-34.625, 48.875, 5.3180558349032435e-24, 5.319837676623587e-24 
-34.375, 48.875, 3.48762588571325e-24, 3.488675453945154e-24 
-34.125, 48.875, 8.24076593951099e-24, 8.242597868826333e-24 
-33.875, 48.875, 9.364870785224246e-24, 9.366216065372889e-24 
-33.625, 48.875, 7.006097809998925e-24, 7.006553159467144e-24 
-33.375, 48.875, 1.1022251369048382e-23, 1.102247014505213e-23 
-33.125, 48.875, 1.9106435855925224e-23, 1.9106133165669208e-23 
-32.875, 48.875, 2.0952099716392696e-23, 2.0951113274626267e-23 
-32.625, 48.875, 1.307889680207974e-23, 1.3078066220505109e-23 
-32.375, 48.875, 1.4441750581164836e-23, 1.444031923895361e-23 
-32.125, 48.875, 2.1450074381193572e-23, 2.1447052897890924e-23 
-31.875, 48.875, 2.5043683977716956e-23, 2.5039110556289158e-23 
-31.625, 48.875, 1.9158879968160844e-23, 1.9155043443748227e-23 
-31.375, 48.875, 2.936919228004633e-24, 2.9364253624963196e-24 
-31.125, 48.875, 4.982759601488213e-24, 4.982088634236457e-24 
-30.875, 48.875, 6.340521688386505e-24, 6.33988032520518e-24 
-30.625, 48.875, 6.3546512561023695e-24, 6.35422140476985e-24 
-30.375, 48.875, 4.591175707823718e-24, 4.591019014202558e-24 
-30.125, 48.875, 5.519473784179942e-24, 5.519470415980839e-24 
-29.875, 48.875, 4.979353384853251e-24, 4.9795172733646335e-24 
-29.625, 48.875, 1.6337507339722353e-23, 1.6338782741254055e-23 
-29.375, 48.875, 1.8669833407136773e-23, 1.867244959402941e-23 
-29.125, 48.875, 4.693448583129769e-23, 4.6945161576918655e-23 
-28.875, 48.875, 4.131965219306829e-23, 4.1332659758811016e-23 
-28.625, 48.875, 1.5634841498680943e-23, 1.5641129166700418e-23 
-28.375, 48.875, 1.4248173737214008e-23, 1.4255714367733115e-23 
-28.125, 48.875, 1.2592139252810441e-23, 1.2600581205917814e-23 
-27.875, 48.875, 1.908175367974822e-23, 1.9097240631884188e-23 
-27.625, 48.875, 1.5364490370953066e-23, 1.5378513502320903e-23 
-27.375, 48.875, 2.2168919049371432e-23, 2.2190528228247546e-23 
-27.125, 48.875, 2.6831155238266026e-23, 2.6858916985075425e-23 
-26.875, 48.875, 2.4863597162541876e-23, 2.4890813338643686e-23 
-26.625, 48.875, 2.5882858371056672e-23, 2.5912741674327013e-23 
-26.375, 48.875, 1.575966499487654e-23, 1.5778743987821322e-23 
-26.125, 48.875, 1.0755294290271834e-23, 1.0768901767488663e-23 
-25.875, 48.875, 1.1987986763334959e-23, 1.2003808022810828e-23 
-25.625, 48.875, 6.165283586616666e-24, 6.173703818568867e-24 
-25.375, 48.875, 2.5486534459146402e-23, 2.5521808828102934e-23 
-25.125, 48.875, 3.032032437180024e-23, 3.036329108355026e-23 
-24.875, 48.875, 3.472267261239901e-23, 3.477302564430389e-23 
-24.625, 48.875, 2.696124904903518e-23, 2.700123815503565e-23 
-24.375, 48.875, 2.0030865230030556e-23, 2.0060933454401706e-23 
-24.125, 48.875, 2.5789921526961798e-23, 2.5828932051419876e-23 
-23.875, 48.875, 2.168700487260728e-23, 2.172005933203752e-23 
-23.625, 48.875, 2.4845546835680872e-23, 2.4883446468939304e-23 
-23.375, 48.875, 2.737024116092489e-23, 2.741147622668986e-23 
-23.125, 48.875, 9.615586099011503e-24, 9.630131753182608e-24 
-22.875, 48.875, 7.052823362025742e-24, 7.063537136718856e-24 
-22.625, 48.875, 8.381420975703026e-24, 8.394058038027451e-24 
-22.375, 48.875, 1.5498371314160434e-23, 1.5521130569293952e-23 
-22.125, 48.875, 1.1142483438298586e-23, 1.1158315126003958e-23 
-21.875, 48.875, 6.531273646102721e-24, 6.540242297153361e-24 
-21.625, 48.875, 3.708301386706399e-24, 3.713216850668218e-24 
-21.375, 48.875, 1.2906923696399015e-23, 1.2923417101197276e-23 
-21.125, 48.875, 2.8477116141173776e-23, 2.851291113075145e-23 
-20.875, 48.875, 2.5986548065307014e-23, 2.6018673607405656e-23 
-20.625, 48.875, 2.9082411899107356e-23, 2.911776158550043e-23 
-20.375, 48.875, 2.4511059777490786e-23, 2.45403446897856e-23 
-20.125, 48.875, 2.020616873408444e-23, 2.0229891290837683e-23 
-51.625, 49.125, 7.650716556707813e-23, 7.663031737934619e-23 
-51.375, 49.125, 8.188667818414788e-23, 8.202050671466059e-23 
-51.125, 49.125, 6.121261993724099e-23, 6.131405444361315e-23 
-50.875, 49.125, 7.821811156675552e-23, 7.834950674350175e-23 
-50.625, 49.125, 6.943709186605195e-23, 6.955531738243547e-23 
-50.375, 49.125, 4.444727615205143e-23, 4.452374581208782e-23 
-50.125, 49.125, 3.2580434175513277e-23, 3.2637179616665584e-23 
-49.875, 49.125, 7.517715007376286e-24, 7.53106041718425e-24 
-49.625, 49.125, 9.554603879310904e-24, 9.571885168711951e-24 
-49.375, 49.125, 7.210563357364067e-24, 7.223881820449993e-24 
-49.125, 49.125, 4.660346518947364e-24, 4.669118365230591e-24 
-48.875, 49.125, 4.212172974057261e-24, 4.220197179964333e-24 
-48.625, 49.125, 3.689833807492108e-24, 3.6969469862673565e-24 
-48.375, 49.125, 2.945557620046748e-24, 2.9512962582186466e-24 
-48.125, 49.125, 7.729527356149099e-24, 7.744779491489091e-24 
-47.875, 49.125, 8.949050519124776e-24, 8.967013675556932e-24 
-47.625, 49.125, 1.990533810918328e-23, 1.994574196809474e-23 
-47.375, 49.125, 1.9978026296921167e-23, 2.0019260785316682e-23 
-47.125, 49.125, 7.435750449170215e-24, 7.451338849011691e-24 
-46.875, 49.125, 8.396151382873808e-24, 8.413919176743702e-24 
-46.625, 49.125, 7.717519704363682e-24, 7.73400397665628e-24 
-46.375, 49.125, 6.084672790848135e-24, 6.0977896849033934e-24 
-46.125, 49.125, 7.49296759011783e-24, 7.509268544198356e-24 
-45.875, 49.125, 1.0228374279856242e-23, 1.0250828370102623e-23 
-45.625, 49.125, 8.936073730647961e-24, 8.955867577771494e-24 
-45.375, 49.125, 1.9167604847546083e-23, 1.9209988842759017e-23 
-45.125, 49.125, 2.1480034597621632e-23, 2.1527380903413052e-23 
-44.875, 49.125, 6.825813650921726e-24, 6.84085178303162e-24 
-44.625, 49.125, 9.912213323761662e-24, 9.934087786617916e-24 
-44.375, 49.125, 1.2311691388731636e-23, 1.2338618763293643e-23 
-44.125, 49.125, 5.698448431718412e-24, 5.710779997093539e-24 
-43.875, 49.125, 9.366751683003587e-24, 9.386859952266964e-24 
-43.625, 49.125, 1.0873594114123167e-23, 1.0896802451165365e-23 
-43.375, 49.125, 9.113042571878957e-24, 9.132295873937777e-24 
-43.125, 49.125, 5.324515765010492e-24, 5.335626453114308e-24 
-42.875, 49.125, 8.93999572745308e-24, 8.95830693371511e-24 
-42.625, 49.125, 1.0813926402113014e-23, 1.0835662156663143e-23 
-42.375, 49.125, 1.131966052627377e-23, 1.1341927805362933e-23 
-42.125, 49.125, 9.458768270288423e-24, 9.476962292942719e-24 
-41.875, 49.125, 5.7458489624960376e-24, 5.756699516259912e-24 
-41.625, 49.125, 5.3800202481131425e-24, 5.390031806572809e-24 
-41.375, 49.125, 7.95638784461626e-24, 7.970757754856057e-24 
-41.125, 49.125, 1.736618321692668e-23, 1.7396556382956753e-23 
-40.875, 49.125, 5.23277614785659e-24, 5.241699837634415e-24 
-40.625, 49.125, 5.94308862964178e-24, 5.952964285566879e-24 
-40.375, 49.125, 7.021172622907631e-24, 7.032406981886202e-24 
-40.125, 49.125, 5.375345094960464e-24, 5.383596045636837e-24 
-39.875, 49.125, 8.627621103376785e-24, 8.640207305126871e-24 
-39.625, 49.125, 7.481322808168427e-24, 7.491589043752992e-24 
-39.375, 49.125, 8.059150835650721e-24, 8.069583990870231e-24 
-39.125, 49.125, 6.725563067181785e-24, 6.733764892662195e-24 
-38.875, 49.125, 1.0712193154096036e-23, 1.072450149363119e-23 
-38.625, 49.125, 1.2566895909053398e-23, 1.2580449311547675e-23 
-38.375, 49.125, 1.1153408804577884e-23, 1.1164552993596203e-23 
-38.125, 49.125, 9.080394199617841e-24, 9.088589668457025e-24 
-37.875, 49.125, 5.83620949992194e-24, 5.841083044465126e-24 
-37.625, 49.125, 4.517327918323561e-24, 4.520939250201421e-24 
-37.375, 49.125, 5.491832899167893e-24, 5.496003709431036e-24 
-37.125, 49.125, 6.649105573444545e-24, 6.653882741271506e-24 
-36.875, 49.125, 6.787760669400173e-24, 6.792341396274588e-24 
-36.625, 49.125, 7.63997516867927e-24, 7.644776771417153e-24 
-36.375, 49.125, 7.722547451986526e-24, 7.727176349824168e-24 
-36.125, 49.125, 1.3045120318338083e-23, 1.305261475679951e-23 
-35.875, 49.125, 1.5019658361280337e-23, 1.5027913159283645e-23 
-35.625, 49.125, 7.43714796866232e-24, 7.44105020492928e-24 
-35.375, 49.125, 6.728240257671439e-24, 6.731487815256595e-24 
-35.125, 49.125, 6.445343294131163e-24, 6.44815528908833e-24 
-34.875, 49.125, 7.029812523270281e-24, 7.032624617301815e-24 
-34.625, 49.125, 7.307939222273772e-24, 7.310680477312212e-24 
-34.375, 49.125, 1.0621597650963468e-23, 1.0625272213052034e-23 
-34.125, 49.125, 1.2460558394648874e-23, 1.2464428598288794e-23 
-33.875, 49.125, 8.681112062426877e-24, 8.683125641238946e-24 
-33.625, 49.125, 8.34381230016801e-24, 8.345091349359268e-24 
-33.375, 49.125, 1.0428004240373074e-23, 1.0429132044940017e-23 
-33.125, 49.125, 1.905105284955691e-23, 1.905253619151211e-23 
-32.875, 49.125, 1.641968037836967e-23, 1.642051230439512e-23 
-32.625, 49.125, 1.7123509044366078e-23, 1.7123852762251307e-23 
-32.375, 49.125, 2.38015524695732e-23, 2.380115090466663e-23 
-32.125, 49.125, 2.0113780722060604e-23, 2.0112601735491302e-23 
-31.875, 49.125, 1.5055859736781364e-23, 1.5054710253776387e-23 
-31.625, 49.125, 1.331303104533571e-23, 1.331217438256935e-23 
-31.375, 49.125, 1.3805400124974625e-23, 1.3804960695751295e-23 
-31.125, 49.125, 1.2029538111541152e-23, 1.2029617849909076e-23 
-30.875, 49.125, 6.527927466878286e-24, 6.52818952509258e-24 
-30.625, 49.125, 6.220716559717923e-24, 6.2211748061648104e-24 
-30.375, 49.125, 4.6080969839905846e-24, 4.608590924862878e-24 
-30.125, 49.125, 6.4858921334523355e-24, 6.486804826648215e-24 
-29.875, 49.125, 4.379815868982377e-24, 4.380629731561615e-24 
-29.625, 49.125, 5.965527660434346e-24, 5.966996693521894e-24 
-29.375, 49.125, 1.574481985008199e-23, 1.574964869789152e-23 
-29.125, 49.125, 2.5310220076004452e-23, 2.5319555369812912e-23 
-28.875, 49.125, 1.2818353008236448e-23, 1.2824200600401675e-23 
-28.625, 49.125, 1.3898661373977308e-23, 1.390621605293731e-23 
-28.375, 49.125, 1.138657857082443e-23, 1.1394214905050474e-23 
-28.125, 49.125, 2.168225190364047e-23, 2.1699854309652333e-23 
-27.875, 49.125, 2.2593351597630444e-23, 2.261458248624352e-23 
-27.625, 49.125, 1.5863092906010062e-23, 1.587930373594172e-23 
-27.375, 49.125, 2.3471087908477536e-23, 2.349652453601334e-23 
-27.125, 49.125, 1.802807096987364e-23, 1.8048596799912509e-23 
-26.875, 49.125, 1.2913970450019038e-23, 1.2929447711480811e-23 
-26.625, 49.125, 1.6491555508624867e-23, 1.6512309063573193e-23 
-26.375, 49.125, 1.9606440175268756e-23, 1.9632212891499118e-23 
-26.125, 49.125, 1.0704965400805505e-23, 1.0719621298934355e-23 
-25.875, 49.125, 2.760372088540333e-23, 2.764278321904283e-23 
-25.625, 49.125, 2.841242940751072e-23, 2.845357526978963e-23 
-25.375, 49.125, 2.229942189048989e-23, 2.233210991503342e-23 
-25.125, 49.125, 1.9412856120006278e-23, 1.944154895154727e-23 
-24.875, 49.125, 2.2301604765798532e-23, 2.233530453444793e-23 
-24.625, 49.125, 2.0285161001352142e-23, 2.031648439939618e-23 
-24.375, 49.125, 2.687101169744347e-23, 2.691298540552169e-23 
-24.125, 49.125, 3.7821498487462337e-23, 3.7881013607928627e-23 
-23.875, 49.125, 4.8184442573311793e-23, 4.82603276369893e-23 
-23.625, 49.125, 3.9919838411396103e-23, 3.998209369398507e-23 
-23.375, 49.125, 2.7961533095853256e-23, 2.80046044046535e-23 
-23.125, 49.125, 1.903080639735109e-23, 1.9059735067967427e-23 
-22.875, 49.125, 2.773301906087865e-23, 2.777548264294299e-23 
-22.625, 49.125, 3.759283361424567e-23, 3.7649968211984056e-23 
-22.375, 49.125, 2.622287229612447e-23, 2.626169713330171e-23 
-22.125, 49.125, 1.8764212952115055e-23, 1.8791100496887752e-23 
-21.875, 49.125, 1.0329135547588996e-23, 1.034344408178672e-23 
-21.625, 49.125, 5.059112591562723e-24, 5.065879669115422e-24 
-21.375, 49.125, 4.191368044915958e-24, 4.1967746685516516e-24 
-21.125, 49.125, 1.162924117517503e-23, 1.1643687971376102e-23 
-20.875, 49.125, 1.1143558363887524e-23, 1.1157169527177368e-23 
-20.625, 49.125, 1.1066519169727995e-23, 1.1079806736119718e-23 
-20.375, 49.125, 8.97586440042141e-24, 8.986455572217387e-24 
-20.125, 49.125, 1.321189939765148e-23, 1.3227214925691473e-23 
-19.875, 49.125, 1.6584820663308988e-23, 1.6603547433766058e-23 
-19.625, 49.125, 1.4850938968475854e-23, 1.4867000040521456e-23 
-19.375, 49.125, 1.716901170847044e-23, 1.718706782748597e-23 
-19.125, 49.125, 1.2597245062216949e-23, 1.2610231913025192e-23 
-18.875, 49.125, 5.368570478288789e-24, 5.373944841024177e-24 
-18.625, 49.125, 1.774577004037728e-24, 1.77626890169461e-24 
-18.375, 49.125, 7.948045431310259e-24, 7.955244275972879e-24 
-18.125, 49.125, 7.664700435955682e-24, 7.671277248467964e-24 
-17.875, 49.125, 3.6459375680360464e-24, 3.6489636671839344e-24 
-17.625, 49.125, 2.286262654473582e-24, 2.2881236960663637e-24 
-53.125, 49.375, 9.97987937447073e-24, 9.991790715206011e-24 
-52.875, 49.375, 1.0208891888343009e-23, 1.0221801520423341e-23 
-52.625, 49.375, 1.1981612707696193e-23, 1.1997614870757042e-23 
-52.375, 49.375, 9.931648641729136e-24, 9.945618222125015e-24 
-52.125, 49.375, 1.9278351803753046e-23, 1.930683719149526e-23 
-51.875, 49.375, 8.488116084397869e-23, 8.501213943053701e-23 
-51.625, 49.375, 7.671471263305214e-23, 7.68368926114287e-23 
-51.375, 49.375, 2.3373100255167542e-23, 2.3410901384175616e-23 
-51.125, 49.375, 5.685727607327172e-23, 5.695052565792037e-23 
-50.875, 49.375, 6.857834858817675e-23, 6.869238318082309e-23 
-50.625, 49.375, 4.537386496150929e-23, 4.545034757284201e-23 
-50.375, 49.375, 2.978168061079577e-23, 2.9832411924345525e-23 
-50.125, 49.375, 1.0628429467373096e-23, 1.0646719435372496e-23 
-49.875, 49.375, 1.1611757220070424e-23, 1.1631986451792479e-23 
-49.625, 49.375, 1.1608710171269262e-23, 1.1629322916267573e-23 
-49.375, 49.375, 7.219853745031194e-24, 7.232950697029894e-24 
-49.125, 49.375, 4.163710178916524e-24, 4.171425007835832e-24 
-48.875, 49.375, 3.5998829207267006e-24, 3.606679485284157e-24 
-48.625, 49.375, 3.870113430426397e-24, 3.877517785479579e-24 
-48.375, 49.375, 3.6466262174086716e-24, 3.653693539052977e-24 
-48.125, 49.375, 5.2398785616009214e-24, 5.250132159949636e-24 
-47.875, 49.375, 9.871279896244449e-24, 9.890888041420532e-24 
-47.625, 49.375, 1.1106394775007227e-23, 1.1128784484556622e-23 
-47.375, 49.375, 1.355638136211024e-23, 1.3584209308198122e-23 
-47.125, 49.375, 1.5336363968175825e-23, 1.536839564133734e-23 
-46.875, 49.375, 1.2675865800055396e-23, 1.2702751306746735e-23 
-46.625, 49.375, 1.0095213984517883e-23, 1.011682554320093e-23 
-46.375, 49.375, 1.1136564109061994e-23, 1.1160625175718305e-23 
-46.125, 49.375, 1.2700579962268709e-23, 1.272827131018663e-23 
-45.875, 49.375, 8.880662038992863e-24, 8.900200359144491e-24 
-45.625, 49.375, 8.611056248213189e-24, 8.63017170684542e-24 
-45.375, 49.375, 1.8963521842653537e-23, 1.900554604397901e-23 
-45.125, 49.375, 1.68200224507759e-23, 1.6857278103017322e-23 
-44.875, 49.375, 7.234518965469609e-24, 7.25056984210047e-24 
-44.625, 49.375, 8.988043288424238e-24, 9.00801781899838e-24 
-44.375, 49.375, 1.0714657372297135e-23, 1.0738258152263613e-23 
-44.125, 49.375, 8.989076101133989e-24, 9.008720739609692e-24 
-43.875, 49.375, 9.686975572909885e-24, 9.708025329134963e-24 
-43.625, 49.375, 9.746287314553698e-24, 9.767345148558161e-24 
-43.375, 49.375, 5.7213138689130794e-24, 5.733551435060796e-24 
-43.125, 49.375, 5.7401905906206456e-24, 5.752335806064253e-24 
-42.875, 49.375, 1.121982616968941e-23, 1.1243281337180613e-23 
-42.625, 49.375, 1.03989184790497e-23, 1.0420259692592453e-23 
-42.375, 49.375, 6.304250554622077e-24, 6.316918357870004e-24 
-42.125, 49.375, 5.5490946255183954e-24, 5.560050102169788e-24 
-41.875, 49.375, 9.83078444481768e-24, 9.849922472397937e-24 
-41.625, 49.375, 8.35007623342738e-24, 8.366101749594383e-24 
-41.375, 49.375, 6.94702448781091e-24, 6.959976600231219e-24 
-41.125, 49.375, 1.2715329915463341e-23, 1.2738277047484032e-23 
-40.875, 49.375, 7.896593769303268e-24, 7.91039392816163e-24 
-40.625, 49.375, 4.660951513724434e-24, 4.668893619078724e-24 
-40.375, 49.375, 5.848924221284388e-24, 5.858530074730429e-24 
-40.125, 49.375, 4.470076961523181e-24, 4.477078169525066e-24 
-39.875, 49.375, 5.872856885007594e-24, 5.8815467290148004e-24 
-39.625, 49.375, 8.473320748860257e-24, 8.485124754885621e-24 
-39.375, 49.375, 1.0729499281065638e-23, 1.0743612844995073e-23 
-39.125, 49.375, 9.410965236372643e-24, 9.422630460600214e-24 
-38.875, 49.375, 1.4137300842927112e-23, 1.4153763226055957e-23 
-38.625, 49.375, 1.4088146569113752e-23, 1.4103558403528153e-23 
-38.375, 49.375, 8.480530511469755e-24, 8.489006711894406e-24 
-38.125, 49.375, 4.655748268169339e-24, 4.6599991014569554e-24 
-37.875, 49.375, 5.67059055891347e-24, 5.675461780877987e-24 
-37.625, 49.375, 4.928436279570893e-24, 4.932494447482401e-24 
-37.375, 49.375, 4.8623806689244304e-24, 4.866190030240538e-24 
-37.125, 49.375, 5.7623796116191574e-24, 5.766642814842597e-24 
-36.875, 49.375, 1.0045777058121761e-23, 1.0052743511742584e-23 
-36.625, 49.375, 1.0258288060848254e-23, 1.0264926227542392e-23 
-36.375, 49.375, 1.5682829840364772e-23, 1.5692522122092776e-23 
-36.125, 49.375, 2.0051464039781625e-23, 2.0063356951733167e-23 
-35.875, 49.375, 2.0045828061050607e-23, 2.0057218450671223e-23 
-35.625, 49.375, 1.2287198475669206e-23, 1.2293874269447277e-23 
-35.375, 49.375, 4.019566310252975e-24, 4.021581287931222e-24 
-35.125, 49.375, 5.916316592146427e-24, 5.919067632071089e-24 
-34.875, 49.375, 1.3918105661171464e-23, 1.392423071339879e-23 
-34.625, 49.375, 7.043432411279109e-24, 7.046356572448724e-24 
-34.375, 49.375, 1.0169197776889476e-23, 1.0173123165386956e-23 
-34.125, 49.375, 1.2445562802568238e-23, 1.2449989859116855e-23 
-33.875, 49.375, 1.4129160544541596e-23, 1.4133685464005532e-23 
-33.625, 49.375, 1.493748131363956e-23, 1.494109020707933e-23 
-33.375, 49.375, 1.2012568502519786e-23, 1.2014991813225548e-23 
-33.125, 49.375, 1.0795011186698314e-23, 1.0796906935930481e-23 
-32.875, 49.375, 7.896140593071002e-24, 7.897312564351347e-24 
-32.625, 49.375, 7.421197016856024e-24, 7.422071486926035e-24 
-32.375, 49.375, 1.822943877078105e-23, 1.823065115840729e-23 
-32.125, 49.375, 1.7550776842233663e-23, 1.755161120623979e-23 
-31.875, 49.375, 6.632368328135822e-24, 6.632763277694282e-24 
-31.625, 49.375, 1.1153274469320154e-23, 1.1154072590628553e-23 
-31.375, 49.375, 1.4101672380330306e-23, 1.4103140186279902e-23 
-31.125, 49.375, 2.0016986775573927e-23, 2.0019848899757668e-23 
-30.875, 49.375, 2.2223751119827367e-23, 2.2227783583558318e-23 
-30.625, 49.375, 7.132053404973346e-24, 7.133586651787707e-24 
-30.375, 49.375, 5.664219445893465e-24, 5.665627094139542e-24 
-30.125, 49.375, 4.7659309988644675e-24, 4.767330116298601e-24 
-29.875, 49.375, 4.270359761867941e-24, 4.2718714839268625e-24 
-29.625, 49.375, 6.4021637312231386e-24, 6.404817099435187e-24 
-29.375, 49.375, 7.688720097769398e-24, 7.692371487210049e-24 
-29.125, 49.375, 5.4919829842645714e-24, 5.494923193124589e-24 
-28.875, 49.375, 1.1843237329328932e-23, 1.1850314631346064e-23 
-28.625, 49.375, 1.417973809117858e-23, 1.418945062199749e-23 
-28.375, 49.375, 1.2288613461032839e-23, 1.2298592540211756e-23 
-28.125, 49.375, 1.6858129807461068e-23, 1.6873976176828738e-23 
-27.875, 49.375, 8.331824382268708e-24, 8.340563802854158e-24 
-27.625, 49.375, 9.977126252401684e-24, 9.988411889832551e-24 
-27.375, 49.375, 1.9144621194867224e-23, 1.916746031503921e-23 
-27.125, 49.375, 1.625527794497681e-23, 1.6275557063856123e-23 
-26.875, 49.375, 1.489560673012549e-23, 1.491500626572454e-23 
-26.625, 49.375, 1.518766679521224e-23, 1.520835721229466e-23 
-26.375, 49.375, 3.003295639021209e-23, 3.0075554822133154e-23 
-26.125, 49.375, 1.9380303537873176e-23, 1.9408685459630177e-23 
-25.875, 49.375, 2.0474594878429548e-23, 2.0505256140895197e-23 
-25.625, 49.375, 2.025837443001139e-23, 2.0289381580296092e-23 
-25.375, 49.375, 1.9499966113981896e-23, 1.953015776807545e-23 
-25.125, 49.375, 4.21992641156036e-23, 4.226508760889362e-23 
-24.875, 49.375, 4.306207347092124e-23, 4.3129768731700946e-23 
-24.625, 49.375, 2.199746262892558e-23, 2.2032770846530328e-23 
-24.375, 49.375, 1.5904478553679775e-23, 1.5930291491075308e-23 
-24.125, 49.375, 3.225336974661472e-23, 3.230576097486476e-23 
-23.875, 49.375, 5.569140537024824e-23, 5.578101210873257e-23 
-23.625, 49.375, 5.000967791987641e-23, 5.0089373736230414e-23 
-23.375, 49.375, 4.1271889175993774e-23, 4.1336874055245086e-23 
-23.125, 49.375, 4.230886166769514e-23, 4.2374808377736644e-23 
-22.875, 49.375, 4.734543870464257e-23, 4.7418503956179674e-23 
-22.625, 49.375, 8.950642791995684e-23, 8.964354351796395e-23 
-22.375, 49.375, 6.735188319323437e-23, 6.745241603423476e-23 
-22.125, 49.375, 7.091429467586087e-24, 7.101676536416793e-24 
-21.875, 49.375, 4.309598942409305e-24, 4.315620894656703e-24 
-21.625, 49.375, 1.8761453079943213e-24, 1.8786774939037416e-24 
-21.375, 49.375, 2.8080508677914776e-24, 2.8117069877117255e-24 
-21.125, 49.375, 5.710707799658087e-24, 5.717871030580956e-24 
-20.875, 49.375, 8.617841777814214e-24, 8.6282408143811e-24 
-20.625, 49.375, 6.281955080617326e-24, 6.2894048349530576e-24 
-20.375, 49.375, 1.018159476321785e-23, 1.0193457926896817e-23 
-20.125, 49.375, 1.5693846653545394e-23, 1.571166139567551e-23 
-19.875, 49.375, 1.3971871803278795e-23, 1.3987065851822536e-23 
-19.625, 49.375, 1.2056157078466613e-23, 1.2068693131038891e-23 
-19.375, 49.375, 1.5851877260969702e-23, 1.5867887446635877e-23 
-19.125, 49.375, 1.516971062327843e-23, 1.5184579861196202e-23 
-18.875, 49.375, 1.954556205855233e-23, 1.956378869164857e-23 
-18.625, 49.375, 9.828393140915134e-24, 9.837089761849934e-24 
-18.375, 49.375, 6.8340482621766e-24, 6.839769534262616e-24 
-18.125, 49.375, 6.338217940678739e-24, 6.343344620489763e-24 
-17.875, 49.375, 4.063628213498675e-24, 4.0668879780522705e-24 
-17.625, 49.375, 2.5879776852558055e-24, 2.5900123471663185e-24 
-17.375, 49.375, 3.356815560511448e-24, 3.3592905858956106e-24 
-17.125, 49.375, 3.286848958316217e-24, 3.2890734826994755e-24 
-16.875, 49.375, 2.790083520472929e-24, 2.7917990803139193e-24 
-16.625, 49.375, 3.709459419410229e-24, 3.7115298756165964e-24 
-16.375, 49.375, 2.4852298757753608e-24, 2.486425288577143e-24 
-16.125, 49.375, 4.260202454202717e-24, 4.2618659671986315e-24 
-15.875, 49.375, 8.293878778198157e-24, 8.296335716841697e-24 
-15.625, 49.375, 8.56943875763059e-24, 8.571169709589658e-24 
-54.375, 49.625, 4.882681019094491e-23, 4.886293592911774e-23 
-54.125, 49.625, 2.1959640658966666e-23, 2.1977568885189165e-23 
-53.875, 49.625, 1.9125696206113945e-23, 1.9143006617507538e-23 
-53.625, 49.625, 1.7060158897817404e-23, 1.7077296479860275e-23 
-53.375, 49.625, 8.390039568456756e-24, 8.399111640056624e-24 
-53.125, 49.625, 3.0283164479172415e-23, 3.031814429877631e-23 
-52.875, 49.625, 3.500932524384771e-23, 3.5052250445786557e-23 
-52.625, 49.625, 3.334545237870999e-23, 3.3388705563528316e-23 
-52.375, 49.625, 2.0915233020080733e-23, 2.0943847990073552e-23 
-52.125, 49.625, 6.305634264580948e-23, 6.314709057626858e-23 
-51.875, 49.625, 8.419375476572603e-23, 8.432090184153247e-23 
-51.625, 49.625, 3.903674541720826e-23, 3.909825284158594e-23 
-51.375, 49.625, 3.536780409416618e-23, 3.542440207340199e-23 
-51.125, 49.625, 1.6161719088562204e-23, 1.6187950233135157e-23 
-50.875, 49.625, 1.9380283307250655e-23, 1.941217967440755e-23 
-50.625, 49.625, 2.0747511946381287e-24, 2.078213101980298e-24 
-50.375, 49.625, 3.565525143275761e-24, 3.571538119459706e-24 
-50.125, 49.625, 4.0178275024034756e-24, 4.0246732167834444e-24 
-49.875, 49.625, 1.2062032475156688e-23, 1.2082794235620814e-23 
-49.625, 49.625, 1.1002345054970172e-23, 1.1021517346444424e-23 
-49.375, 49.625, 4.104652251275223e-24, 4.11196246317792e-24 
-49.125, 49.625, 3.511581225197909e-24, 3.5179716512459305e-24 
-48.875, 49.625, 4.1001583761110176e-24, 4.107788860946559e-24 
-48.625, 49.625, 4.8215710123240255e-24, 4.830746559721749e-24 
-48.375, 49.625, 3.468788633666331e-24, 3.4754545084991e-24 
-48.125, 49.625, 4.142136026114861e-24, 4.150154989502597e-24 
-47.875, 49.625, 7.798233484413238e-24, 7.813560868230049e-24 
-47.625, 49.625, 6.980940141804307e-24, 6.994867409363648e-24 
-47.375, 49.625, 5.377359945268655e-24, 5.3883244733530755e-24 
-47.125, 49.625, 1.3135957481360549e-23, 1.316324578096608e-23 
-46.875, 49.625, 2.0588225376708064e-23, 2.063173305804073e-23 
-46.625, 49.625, 2.2361122249701868e-23, 2.240910008259213e-23 
-46.375, 49.625, 1.752156842536837e-23, 1.7559509050732945e-23 
-46.125, 49.625, 1.8312033268747333e-23, 1.8352047686326054e-23 
-45.875, 49.625, 9.462184307203984e-24, 9.483047672332658e-24 
-45.625, 49.625, 1.1353325068871671e-23, 1.137858279688328e-23 
-45.375, 49.625, 1.4272260431948264e-23, 1.430404178013715e-23 
-45.125, 49.625, 1.0085947501826097e-23, 1.0108444056071553e-23 
-44.875, 49.625, 7.257891375031656e-24, 7.274106800681422e-24 
-44.625, 49.625, 4.0234936739987194e-24, 4.0324977395714526e-24 
-44.375, 49.625, 7.379081519976147e-24, 7.395492692042339e-24 
-44.125, 49.625, 8.424104475015542e-24, 8.44273538330745e-24 
-43.875, 49.625, 7.539534210775331e-24, 7.556115336984336e-24 
-43.625, 49.625, 8.985619944574634e-24, 9.005269958170514e-24 
-43.375, 49.625, 3.983414498717773e-24, 3.9920392718336064e-24 
-43.125, 49.625, 5.444794866024308e-24, 5.456457875866783e-24 
-42.875, 49.625, 7.293210097778878e-24, 7.30866925660353e-24 
-42.625, 49.625, 3.611654668204569e-24, 3.619219401865588e-24 
-42.375, 49.625, 8.056701510779819e-24, 8.073299554568327e-24 
-42.125, 49.625, 1.2635360514517133e-23, 1.2661043377727222e-23 
-41.875, 49.625, 1.3188150678281844e-23, 1.3214593987985804e-23 
-41.625, 49.625, 8.228239911566434e-24, 8.244511602604436e-24 
-41.375, 49.625, 1.2868485932240394e-23, 1.2893228761920226e-23 
-41.125, 49.625, 1.5476549095687035e-23, 1.5505382137312006e-23 
-40.875, 49.625, 6.043171942503694e-24, 6.0540694725306595e-24 
-40.625, 49.625, 4.628150099803973e-24, 4.636231935024529e-24 
-40.375, 49.625, 5.5267697622630786e-24, 5.5360196866979e-24 
-40.125, 49.625, 6.544815663286444e-24, 6.555202827418586e-24 
-39.875, 49.625, 7.828264055196528e-24, 7.840010371526519e-24 
-39.625, 49.625, 1.0309752976289381e-23, 1.0324330064010359e-23 
-39.375, 49.625, 8.031576984641e-24, 8.042308992949192e-24 
-39.125, 49.625, 1.0213779719147017e-23, 1.0226652752078326e-23 
-38.875, 49.625, 1.314130270321018e-23, 1.3156868399585221e-23 
-38.625, 49.625, 7.696275280666613e-24, 7.704699058174874e-24 
-38.375, 49.625, 5.460983779156311e-24, 5.466498946256357e-24 
-38.125, 49.625, 5.454872857721673e-24, 5.459984142010967e-24 
-37.875, 49.625, 4.291127780250252e-24, 4.294916907628685e-24 
-37.625, 49.625, 6.12516672886391e-24, 6.1303571973573456e-24 
-37.375, 49.625, 6.71893489159312e-24, 6.724342395569065e-24 
-37.125, 49.625, 7.424679579399942e-24, 7.430310877030676e-24 
-36.875, 49.625, 8.049255857497531e-24, 8.054987672404154e-24 
-36.625, 49.625, 5.660937588336313e-24, 5.664706206149665e-24 
-36.375, 49.625, 9.753476127522517e-24, 9.759685568432195e-24 
-36.125, 49.625, 9.9265124392053e-24, 9.932584876502046e-24 
-35.875, 49.625, 8.304512390468696e-24, 8.309385786656021e-24 
-35.625, 49.625, 4.751225761737972e-24, 4.753895629329714e-24 
-35.375, 49.625, 3.779328442458286e-24, 3.7813313315337094e-24 
-35.125, 49.625, 2.1546677115778857e-23, 2.155755923487431e-23 
-34.875, 49.625, 3.4545676944190053e-23, 3.456226355307375e-23 
-34.625, 49.625, 1.8329860231203605e-23, 1.8338204349280927e-23 
-34.375, 49.625, 8.341770148776965e-24, 8.34532430230677e-24 
-34.125, 49.625, 8.608305137727586e-24, 8.611712079354428e-24 
-33.875, 49.625, 1.963790474497282e-23, 1.9645081953373603e-23 
-33.625, 49.625, 1.941687003264557e-23, 1.942337576946618e-23 
-33.375, 49.625, 4.342746867309722e-24, 4.3440474677892774e-24 
-33.125, 49.625, 7.871134256820194e-24, 7.873286029754203e-24 
-32.875, 49.625, 1.000814029316083e-23, 1.0010604196427231e-23 
-32.625, 49.625, 8.12372881698127e-24, 8.125480333882462e-24 
-32.375, 49.625, 9.686583321382294e-24, 9.688405108832609e-24 
-32.125, 49.625, 2.6778398747020012e-24, 2.6783335500404827e-24 
-31.875, 49.625, 2.7835165968870218e-24, 2.784060641830514e-24 
-31.625, 49.625, 7.20602154752785e-24, 7.207516604845319e-24 
-31.375, 49.625, 9.509556752387881e-24, 9.511839158991941e-24 
-31.125, 49.625, 5.422838511084669e-24, 5.4243510485817034e-24 
-30.875, 49.625, 2.7794852249316797e-23, 2.780368638160004e-23 
-30.625, 49.625, 2.564539159195401e-23, 2.5654529092311114e-23 
-30.375, 49.625, 1.5055949730835843e-23, 1.5061991708238018e-23 
-30.125, 49.625, 9.302252055348201e-24, 9.306547306512278e-24 
-29.875, 49.625, 1.1566121465768974e-23, 1.15721612120608e-23 
-29.625, 49.625, 1.5617785973407485e-23, 1.562688568954511e-23 
-29.375, 49.625, 1.8206087913038998e-23, 1.8217796558265298e-23 
-29.125, 49.625, 1.6053128960531355e-23, 1.6064423804899476e-23 
-28.875, 49.625, 2.4994720304870696e-23, 2.501381812360668e-23 
-28.625, 49.625, 3.3971364880820064e-23, 3.3999437776737546e-23 
-28.375, 49.625, 2.0774847795580364e-23, 2.0794381789702688e-23 
-28.125, 49.625, 2.0984408475270776e-23, 2.1006425407497969e-23 
-27.875, 49.625, 1.2846975370768592e-23, 1.2861854105785258e-23 
-27.625, 49.625, 1.2046405453801116e-23, 1.2061347663125726e-23 
-27.375, 49.625, 1.2629202822376768e-23, 1.2645648824778771e-23 
-27.125, 49.625, 1.6053058446349347e-23, 1.6074839037576718e-23 
-26.875, 49.625, 1.7665961065442642e-23, 1.7690894076513054e-23 
-26.625, 49.625, 2.262573031474397e-23, 2.2658904272032928e-23 
-26.375, 49.625, 2.0865374939290135e-23, 2.0896961640055892e-23 
-26.125, 49.625, 1.579109630827423e-23, 1.58155233927324e-23 
-25.875, 49.625, 1.717756441932505e-23, 1.7204704086829696e-23 
-25.625, 49.625, 1.8137638712132453e-23, 1.816689490088113e-23 
-25.375, 49.625, 2.025425872848235e-23, 2.0287287791848562e-23 
-25.125, 49.625, 2.1580574212938434e-23, 2.161601509525232e-23 
-24.875, 49.625, 1.0201527138406382e-23, 1.021839838417731e-23 
-24.625, 49.625, 3.18324589093468e-23, 3.188549366997392e-23 
-24.375, 49.625, 3.3761947026306824e-23, 3.3818459165456144e-23 
-24.125, 49.625, 3.096553153037771e-23, 3.101688680587373e-23 
-23.875, 49.625, 2.587623207057864e-23, 2.591874902447516e-23 
-23.625, 49.625, 3.538153315988945e-23, 3.54391244678075e-23 
-23.375, 49.625, 2.1419887575744188e-23, 2.1454448595872732e-23 
-23.125, 49.625, 1.4274545172672913e-23, 1.4297350822165074e-23 
-22.875, 49.625, 1.6194412375110342e-23, 1.622002847125983e-23 
-22.625, 49.625, 3.788756414131126e-23, 3.7946062159947377e-23 
-22.375, 49.625, 1.2900964546110991e-23, 1.2920377030076718e-23 
-22.125, 49.625, 8.610393193080184e-24, 8.622939153777017e-24 
-21.875, 49.625, 7.579314981420967e-24, 7.589997351215568e-24 
-21.625, 49.625, 5.873370290653635e-24, 5.881368346225923e-24 
-21.375, 49.625, 3.3339234704340685e-24, 3.338304530981283e-24 
-21.125, 49.625, 2.6491977754519867e-24, 2.6525527746597615e-24 
-20.875, 49.625, 2.820061760946444e-24, 2.8234987247620177e-24 
-20.625, 49.625, 3.3189216062678184e-24, 3.32280837423035e-24 
-20.375, 49.625, 6.2609976233487646e-24, 6.268142254126932e-24 
-20.125, 49.625, 1.9953630188164462e-23, 1.997544875180894e-23 
-19.875, 49.625, 2.0206992230552924e-23, 2.0228124550610616e-23 
-19.625, 49.625, 2.180923841424142e-23, 2.1831006656428454e-23 
-19.375, 49.625, 2.6255664875299757e-23, 2.6280852051042053e-23 
-19.125, 49.625, 1.914296713335782e-23, 1.9160418431967117e-23 
-18.875, 49.625, 2.549651394707437e-23, 2.5518541756710656e-23 
-18.625, 49.625, 1.714012181928041e-23, 1.7154112897697457e-23 
-18.375, 49.625, 1.192080181903634e-23, 1.1930191953676828e-23 
-18.125, 49.625, 8.176089492819936e-24, 8.182475329559336e-24 
-17.875, 49.625, 6.732272397027868e-24, 6.737485637865013e-24 
-17.625, 49.625, 6.94463049958945e-24, 6.949897175210973e-24 
-17.375, 49.625, 6.264303654563374e-24, 6.268748135996698e-24 
-17.125, 49.625, 5.047410556427834e-24, 5.0506871891513955e-24 
-16.875, 49.625, 4.9284571783907235e-24, 4.931358198538095e-24 
-16.625, 49.625, 4.795325347201104e-24, 4.79785106179272e-24 
-16.375, 49.625, 5.265004205884955e-24, 5.2673613777644756e-24 
-16.125, 49.625, 7.77592858377657e-24, 7.778677046138699e-24 
-15.875, 49.625, 6.702799147123342e-24, 6.704536568419478e-24 
-15.625, 49.625, 5.218798067495401e-24, 5.219658946090154e-24 
-15.375, 49.625, 1.825446702663229e-23, 1.825538622377602e-23 
-15.125, 49.625, 1.8436751746757991e-23, 1.8435346373556752e-23 
-14.875, 49.625, 9.549405667716368e-24, 9.54746894037354e-24 
-14.625, 49.625, 9.668410347361876e-24, 9.665225581948246e-24 
-14.375, 49.625, 3.907327377434706e-24, 3.905419504165096e-24 
-14.125, 49.625, 2.4488213912793135e-24, 2.447223301711993e-24 
-13.875, 49.625, 1.8250601194334512e-23, 1.823569199277924e-23 
-13.625, 49.625, 1.9859078868505188e-23, 1.9839592313858222e-23 
-55.875, 49.875, 1.893213383141368e-23, nan 
-55.625, 49.875, 8.175622532198103e-24, nan 
-55.375, 49.875, 8.209042559888156e-24, nan 
-55.125, 49.875, 1.1743813170592706e-23, nan 
-54.875, 49.875, 1.4178173562085288e-23, nan 
-54.625, 49.875, 1.7381537209338593e-23, nan 
-54.375, 49.875, 2.248506280425193e-23, nan 
-54.125, 49.875, 1.5387231952820192e-23, nan 
-53.875, 49.875, 1.7747987351234924e-23, nan 
-53.625, 49.875, 1.5199743786603894e-23, nan 
-53.375, 49.875, 3.3371875178609574e-23, nan 
-53.125, 49.875, 4.3700304136297116e-23, nan 
-52.875, 49.875, 2.6967156445296335e-23, nan 
-52.625, 49.875, 2.9137740124644485e-23, nan 
-52.375, 49.875, 2.772301199973087e-23, nan 
-52.125, 49.875, 3.483279232062894e-23, nan 
-51.875, 49.875, 3.2837000863443206e-23, nan 
-51.625, 49.875, 1.963040295356858e-23, nan 
-51.375, 49.875, 2.4274916299464394e-24, nan 
-51.125, 49.875, 5.215841140261668e-24, nan 
-50.875, 49.875, 3.4793718611895734e-24, nan 
-50.625, 49.875, 4.6095099738248234e-24, nan 
-50.375, 49.875, 6.325248785275384e-24, nan 
-50.125, 49.875, 1.1874344790487256e-23, nan 
-49.875, 49.875, 1.3171249837242993e-23, nan 
-49.625, 49.875, 6.285028669916456e-24, nan 
-49.375, 49.875, 4.375672179510754e-24, nan 
-49.125, 49.875, 1.6955644911835038e-24, nan 
-48.875, 49.875, 9.44877162842866e-24, nan 
-48.625, 49.875, 8.852744206091306e-24, nan 
-48.375, 49.875, 4.585162020510116e-24, nan 
-48.125, 49.875, 6.058733844035096e-24, nan 
-47.875, 49.875, 6.2484054692082665e-24, nan 
-47.625, 49.875, 5.424808121197871e-24, nan 
-47.375, 49.875, 1.6121785478927106e-23, nan 
-47.125, 49.875, 2.3512789818240336e-23, nan 
-46.875, 49.875, 1.5061553811454787e-23, nan 
-46.625, 49.875, 1.530337106722168e-23, nan 
-46.375, 49.875, 1.4353139186751502e-23, nan 
-46.125, 49.875, 1.751827036556898e-23, nan 
-45.875, 49.875, 1.786966467257408e-23, nan 
-45.625, 49.875, 1.8276300105650195e-23, nan 
-45.375, 49.875, 1.3797325165441522e-23, nan 
-45.125, 49.875, 1.0437162968938923e-23, nan 
-44.875, 49.875, 9.887421756119826e-24, nan 
-44.625, 49.875, 5.595028617814828e-24, nan 
-44.375, 49.875, 4.2445515999802585e-24, nan 
-44.125, 49.875, 5.794545408082755e-24, nan 
-43.875, 49.875, 1.472233909708169e-23, nan 
-43.625, 49.875, 1.616620134394614e-23, nan 
-43.375, 49.875, 7.777497167555561e-24, nan 
-43.125, 49.875, 4.506110689287349e-24, nan 
-42.875, 49.875, 5.0039059032217455e-24, nan 
-42.625, 49.875, 1.0402188363149793e-23, nan 
-42.375, 49.875, 1.1247857596485838e-23, nan 
-42.125, 49.875, 1.2041881560981979e-23, nan 
-41.875, 49.875, 1.0349488502967797e-23, nan 
-41.625, 49.875, 6.232189513184055e-24, nan 
-41.375, 49.875, 7.604466000006766e-24, nan 
-41.125, 49.875, 4.424487723613808e-24, nan 
-40.875, 49.875, 5.335032707553466e-24, nan 
-40.625, 49.875, 4.369771472721352e-24, nan 
-40.375, 49.875, 6.6125260322157465e-24, nan 
-40.125, 49.875, 8.040488815731922e-24, nan 
-39.875, 49.875, 7.422582383661717e-24, nan 
-39.625, 49.875, 6.724087833841932e-24, nan 
-39.375, 49.875, 7.33748469109151e-24, nan 
-39.125, 49.875, 6.448657044965411e-24, nan 
-38.875, 49.875, 8.438614483080718e-24, nan 
-38.625, 49.875, 7.316343565565344e-24, nan 
-38.375, 49.875, 4.197358706430021e-24, nan 
-38.125, 49.875, 3.746348241478133e-24, nan 
-37.875, 49.875, 3.2806885974361703e-24, nan 
-37.625, 49.875, 4.2073916044791504e-24, nan 
-37.375, 49.875, 8.012354859016805e-24, nan 
-37.125, 49.875, 9.542089958843544e-24, nan 
-36.875, 49.875, 1.034022294175112e-23, nan 
-36.625, 49.875, 7.900907304588439e-24, nan 
-36.375, 49.875, 5.879935329440181e-24, nan 
-36.125, 49.875, 5.733569818189994e-24, nan 
-35.875, 49.875, 6.592424369994073e-24, nan 
-35.625, 49.875, 7.511546519746852e-24, nan 
-35.375, 49.875, 6.266443760746776e-24, nan 
-35.125, 49.875, 5.1371399425490865e-24, nan 
-34.875, 49.875, 1.7905300155886545e-23, nan 
-34.625, 49.875, 6.935464655085923e-24, nan 
-34.375, 49.875, 3.452782208539906e-24, nan 
-34.125, 49.875, 6.011836156514441e-24, nan 
-33.875, 49.875, 2.2238941272983383e-23, nan 
-33.625, 49.875, 2.0057028071999636e-23, nan 
-33.375, 49.875, 5.250568913894634e-24, nan 
-33.125, 49.875, 6.3113718951720705e-24, nan 
-32.875, 49.875, 5.2112483180553646e-24, nan 
-32.625, 49.875, 2.2433440427104524e-24, nan 
-32.375, 49.875, 4.792883643841527e-24, nan 
-32.125, 49.875, 4.231717955179171e-24, nan 
-31.875, 49.875, 4.55032387936824e-24, nan 
-31.625, 49.875, 3.7339166485883206e-24, nan 
-31.375, 49.875, 8.45815660681086e-24, nan 
-31.125, 49.875, 7.098567867789538e-24, nan 
-30.875, 49.875, 1.3635994014693605e-23, nan 
-30.625, 49.875, 1.6325450852494e-23, nan 
-30.375, 49.875, 1.6069933262651305e-23, nan 
-30.125, 49.875, 1.4453905908046434e-23, nan 
-29.875, 49.875, 1.6884964195689835e-23, nan 
-29.625, 49.875, 1.8136998777730434e-23, nan 
-29.375, 49.875, 1.8083818111624075e-23, nan 
-29.125, 49.875, 1.3429162233800402e-23, nan 
-28.875, 49.875, 1.7096491267569582e-23, nan 
-28.625, 49.875, 3.2550815325789754e-23, nan 
-28.375, 49.875, 3.025401410832065e-23, nan 
-28.125, 49.875, 2.704919400002184e-23, nan 
-27.875, 49.875, 1.2323290426446235e-23, nan 
-27.625, 49.875, 4.179718344975595e-24, nan 
-27.375, 49.875, 1.834613287636256e-23, nan 
-27.125, 49.875, 1.8632504957064112e-23, nan 
-26.875, 49.875, 1.4530470173895526e-23, nan 
-26.625, 49.875, 2.6747430399253485e-23, nan 
-26.375, 49.875, 2.2049304512001484e-23, nan 
-26.125, 49.875, 1.6194683168048833e-23, nan 
-25.875, 49.875, 2.403704356444358e-23, nan 
-25.625, 49.875, 3.132976711171952e-23, nan 
-25.375, 49.875, 4.6076849121883904e-23, nan 
-25.125, 49.875, 5.315568548640555e-23, nan 
-24.875, 49.875, 5.0394903944164996e-23, nan 
-24.625, 49.875, 5.50494295138081e-23, nan 
-24.375, 49.875, 3.93846139175829e-23, nan 
-24.125, 49.875, 4.229908238138825e-23, nan 
-23.875, 49.875, 5.689816606197167e-23, nan 
-23.625, 49.875, 7.974078089344719e-23, nan 
-23.375, 49.875, 5.705423750477094e-23, nan 
-23.125, 49.875, 3.4530300475984266e-23, nan 
-22.875, 49.875, 3.7695996098319074e-23, nan 
-22.625, 49.875, 3.7882920009382813e-23, nan 
-22.375, 49.875, 1.5993356033281943e-23, nan 
-22.125, 49.875, 1.181343971673807e-23, nan 
-21.875, 49.875, 1.1461591205232102e-23, nan 
-21.625, 49.875, 1.1572247889345259e-23, nan 
-21.375, 49.875, 5.336467559124475e-24, nan 
-21.125, 49.875, 2.1752060053182184e-23, nan 
-20.875, 49.875, 2.183159887281811e-23, nan 
-20.625, 49.875, 1.0040140973374057e-23, nan 
-20.375, 49.875, 1.1721793290687172e-23, nan 
-20.125, 49.875, 1.4319748419645172e-23, nan 
-19.875, 49.875, 1.6149553266055295e-23, nan 
-19.625, 49.875, 1.0182973283817132e-23, nan 
-19.375, 49.875, 1.0812270859357945e-23, nan 
-19.125, 49.875, 1.3328717455011684e-23, nan 
-18.875, 49.875, 1.6425848140723932e-23, nan 
-18.625, 49.875, 1.1919232630615815e-23, nan 
-18.375, 49.875, 9.303772493411501e-24, nan 
-18.125, 49.875, 8.63082214363681e-24, nan 
-17.875, 49.875, 7.488050634456809e-24, nan 
-17.625, 49.875, 5.5323043909163804e-24, nan 
-17.375, 49.875, 1.0401652230484786e-23, nan 
-17.125, 49.875, 8.95286323275243e-24, nan 
-16.875, 49.875, 4.758748339183463e-24, nan 
-16.625, 49.875, 6.024759365304403e-24, nan 
-16.375, 49.875, 1.1812133224998073e-23, nan 
-16.125, 49.875, 1.076539203460328e-23, nan 
-15.875, 49.875, 9.688234773190477e-24, nan 
-15.625, 49.875, 4.629606045382643e-24, nan 
-15.375, 49.875, 8.775591934404255e-24, nan 
-15.125, 49.875, 8.63945504424125e-24, nan 
-14.875, 49.875, 1.4953378026699277e-23, nan 
-14.625, 49.875, 1.495061288809226e-23, nan 
-14.375, 49.875, 4.950787279721042e-24, nan 
-14.125, 49.875, 2.1844382176261617e-24, nan 
-13.875, 49.875, 1.5837176332758322e-23, nan 
-13.625, 49.875, 1.77346269910907e-23, nan 
-13.375, 49.875, 1.6748359094237304e-23, nan 
-13.125, 49.875, 2.3995451179994352e-23, nan 
-12.875, 49.875, 3.956354516614918e-23, nan 
-12.625, 49.875, 2.5663055336284168e-23, nan 
-12.375, 49.875, 3.2993162208122446e-24, nan 
-12.125, 49.875, 3.2747371841866795e-24, nan 
-11.875, 49.875, 6.160852614769589e-24, nan 
-57.125, 50.125, 1.6651335513539355e-23, nan 
-56.875, 50.125, 2.2151667109286085e-23, nan 
-56.625, 50.125, 2.0970324168093747e-23, nan 
-56.375, 50.125, 2.1843628931289916e-23, nan 
-56.125, 50.125, 2.2385823586680466e-23, nan 
-55.875, 50.125, 1.5252641524151997e-23, nan 
-55.625, 50.125, 7.5640718180334e-24, nan 
-55.375, 50.125, 1.0654601111725247e-23, nan 
-55.125, 50.125, 1.619302213435196e-23, nan 
-54.875, 50.125, 1.437992544469705e-23, nan 
-54.625, 50.125, 1.2816209700564855e-23, nan 
-54.375, 50.125, 2.1352467188248646e-23, nan 
-54.125, 50.125, 2.0923517187579918e-23, nan 
-53.875, 50.125, 1.6956001295361703e-23, nan 
-53.625, 50.125, 1.2160336904779709e-23, nan 
-53.375, 50.125, 2.820811878427698e-23, nan 
-53.125, 50.125, 2.6708630990676056e-23, nan 
-52.875, 50.125, 2.5070039314150705e-24, nan 
-52.625, 50.125, 2.3970732170161647e-23, nan 
-52.375, 50.125, 4.0472311857517763e-23, nan 
-52.125, 50.125, 3.5949666248206055e-23, nan 
-51.875, 50.125, 3.568479797543896e-24, nan 
-51.625, 50.125, 2.140126595928744e-24, nan 
-51.375, 50.125, 6.015350026223233e-24, nan 
-51.125, 50.125, 7.67182894013481e-24, nan 
-50.875, 50.125, 4.3747757126933394e-24, nan 
-50.625, 50.125, 2.5446823899780597e-24, nan 
-50.375, 50.125, 7.192430719840422e-24, nan 
-50.125, 50.125, 1.1883983798808761e-23, nan 
-49.875, 50.125, 1.0069519498025733e-23, nan 
-49.625, 50.125, 7.06269964500496e-24, nan 
-49.375, 50.125, 2.97032288343928e-24, nan 
-49.125, 50.125, 8.897776982746793e-24, nan 
-48.875, 50.125, 9.987608507180891e-24, nan 
-48.625, 50.125, 3.820449194181216e-24, nan 
-48.375, 50.125, 8.087435374667492e-24, nan 
-48.125, 50.125, 8.821614464704321e-24, nan 
-47.875, 50.125, 4.739465790941579e-24, nan 
-47.625, 50.125, 1.0092915271142267e-23, nan 
-47.375, 50.125, 1.3130824350368418e-23, nan 
-47.125, 50.125, 1.9583396793604032e-23, nan 
-46.875, 50.125, 1.585386389189084e-23, nan 
-46.625, 50.125, 9.882330677568596e-24, nan 
-46.375, 50.125, 8.656633522238918e-24, nan 
-46.125, 50.125, 1.1225639641872821e-23, nan 
-45.875, 50.125, 1.2256860067826733e-23, nan 
-45.625, 50.125, 1.3535750310206248e-23, nan 
-45.375, 50.125, 1.3130278731577346e-23, nan 
-45.125, 50.125, 1.1765185968678022e-23, nan 
-44.875, 50.125, 1.421128799351655e-23, nan 
-44.625, 50.125, 1.2838604871171746e-23, nan 
-44.375, 50.125, 7.697760337278866e-24, nan 
-44.125, 50.125, 4.137379225758886e-24, nan 
-43.875, 50.125, 5.0417780377152924e-24, nan 
-43.625, 50.125, 5.1531333835734005e-24, nan 
-43.375, 50.125, 4.633093972097346e-24, nan 
-43.125, 50.125, 5.1122239087195305e-24, nan 
-42.875, 50.125, 6.405721516690539e-24, nan 
-42.625, 50.125, 9.552363540343719e-24, nan 
-42.375, 50.125, 8.44392960258249e-24, nan 
-42.125, 50.125, 8.929264955247653e-24, nan 
-41.875, 50.125, 7.402102237159474e-24, nan 
-41.625, 50.125, 3.9290806024850485e-24, nan 
-41.375, 50.125, 4.073103815638126e-24, nan 
-41.125, 50.125, 3.767690114588996e-24, nan 
-40.875, 50.125, 9.680518698892792e-24, nan 
-40.625, 50.125, 8.598940939688544e-24, nan 
-40.375, 50.125, 6.067203099010856e-24, nan 
-40.125, 50.125, 6.365428259973078e-24, nan 
-39.875, 50.125, 6.812322765744662e-24, nan 
-39.625, 50.125, 5.915533615583177e-24, nan 
-39.375, 50.125, 7.137687602125183e-24, nan 
-39.125, 50.125, 5.993432098916545e-24, nan 
-38.875, 50.125, 5.5398083718834446e-24, nan 
-38.625, 50.125, 6.976108229523858e-24, nan 
-38.375, 50.125, 6.86154631475273e-24, nan 
-38.125, 50.125, 5.626465135581607e-24, nan 
-37.875, 50.125, 3.1478402826828758e-24, nan 
-37.625, 50.125, 2.8473025321360436e-24, nan 
-37.375, 50.125, 8.147505056968817e-24, nan 
-37.125, 50.125, 1.0163316516729374e-23, nan 
-36.875, 50.125, 1.0044056575266173e-23, nan 
-36.625, 50.125, 6.292429268346862e-24, nan 
-36.375, 50.125, 6.0796176483180295e-24, nan 
-36.125, 50.125, 6.576488418720358e-24, nan 
-35.875, 50.125, 6.637272346584268e-24, nan 
-35.625, 50.125, 7.053567228443202e-24, nan 
-35.375, 50.125, 5.3543254245707924e-24, nan 
-35.125, 50.125, 4.589756484594481e-24, nan 
-34.875, 50.125, 4.565384436496016e-24, nan 
-34.625, 50.125, 8.904333442288633e-24, nan 
-34.375, 50.125, 1.2660207797262535e-23, nan 
-34.125, 50.125, 2.998467600869968e-23, nan 
-33.875, 50.125, 3.102255932645906e-23, nan 
-33.625, 50.125, 1.455338138394734e-23, nan 
-33.375, 50.125, 1.3132527574787361e-23, nan 
-33.125, 50.125, 7.555209684886174e-24, nan 
-32.875, 50.125, 5.251983161556797e-24, nan 
-32.625, 50.125, 8.049279464166668e-25, nan 
-32.375, 50.125, 6.128043694534387e-24, nan 
-32.125, 50.125, 1.112777713659917e-23, nan 
-31.875, 50.125, 1.6342093638710295e-23, nan 
-31.625, 50.125, 1.2912375513079988e-23, nan 
-31.375, 50.125, 9.178460898522492e-24, nan 
-31.125, 50.125, 8.898496466188468e-24, nan 
-30.875, 50.125, 8.521311574666298e-24, nan 
-30.625, 50.125, 1.1734911723674345e-23, nan 
-30.375, 50.125, 1.7249704658609005e-23, nan 
-30.125, 50.125, 1.3186450553710895e-23, nan 
-29.875, 50.125, 8.163360060502253e-24, nan 
-29.625, 50.125, 1.0778758189501909e-23, nan 
-29.375, 50.125, 1.0091309827087803e-23, nan 
-29.125, 50.125, 7.955772037305568e-24, nan 
-28.875, 50.125, 7.001820953109822e-24, nan 
-28.625, 50.125, 6.049358377118691e-24, nan 
-28.375, 50.125, 1.446162738511601e-23, nan 
-28.125, 50.125, 9.518924822287747e-24, nan 
-27.875, 50.125, 7.440072834204014e-24, nan 
-27.625, 50.125, 6.687570122398172e-24, nan 
-27.375, 50.125, 1.765869376075432e-23, nan 
-27.125, 50.125, 1.7306702735774838e-23, nan 
-26.875, 50.125, 6.710549009398091e-24, nan 
-26.625, 50.125, 1.0722482058102456e-23, nan 
-26.375, 50.125, 5.7948888273570044e-24, nan 
-26.125, 50.125, 1.5730114201763705e-23, nan 
-25.875, 50.125, 2.2237651117450164e-23, nan 
-25.625, 50.125, 1.7143012002534171e-23, nan 
-25.375, 50.125, 1.386377273375421e-23, nan 
-25.125, 50.125, 3.13839070595787e-23, nan 
-24.875, 50.125, 3.522282369472299e-23, nan 
-24.625, 50.125, 4.4171914131835933e-23, nan 
-24.375, 50.125, 2.658981654056806e-23, nan 
-24.125, 50.125, 4.2627301197335306e-23, nan 
-23.875, 50.125, 5.518622873853436e-23, nan 
-23.625, 50.125, 6.388528874958982e-23, nan 
-23.375, 50.125, 3.872511532163323e-23, nan 
-23.125, 50.125, 3.565286554076964e-23, nan 
-22.875, 50.125, 4.3554774852423456e-23, nan 
-22.625, 50.125, 6.008665421751605e-23, nan 
-22.375, 50.125, 4.4444796434431485e-23, nan 
-22.125, 50.125, 2.2857923582137318e-23, nan 
-21.875, 50.125, 1.933717254070382e-23, nan 
-21.625, 50.125, 1.2019012426055397e-23, nan 
-21.375, 50.125, 3.103282256743765e-23, nan 
-21.125, 50.125, 3.6590067562781674e-23, nan 
-20.875, 50.125, 3.445194644203056e-23, nan 
-20.625, 50.125, 4.016527633054497e-23, nan 
-20.375, 50.125, 1.9690450693452498e-23, nan 
-20.125, 50.125, 8.533741873697714e-24, nan 
-19.875, 50.125, 1.3559813605403485e-23, nan 
-19.625, 50.125, 1.064540232596734e-23, nan 
-19.375, 50.125, 7.081878831062086e-24, nan 
-19.125, 50.125, 6.081454424271376e-24, nan 
-18.875, 50.125, 5.920028802600532e-24, nan 
-18.625, 50.125, 6.566027707131304e-24, nan 
-18.375, 50.125, 8.846031905956844e-24, nan 
-18.125, 50.125, 9.757552718598261e-24, nan 
-17.875, 50.125, 1.0261154371446359e-23, nan 
-17.625, 50.125, 8.90866355426493e-24, nan 
-17.375, 50.125, 1.1146766892530456e-23, nan 
-17.125, 50.125, 9.62723132132826e-24, nan 
-16.875, 50.125, 4.687753221619078e-24, nan 
-16.625, 50.125, 4.637745765210837e-24, nan 
-16.375, 50.125, 9.322415951830784e-24, nan 
-16.125, 50.125, 6.889133379001074e-24, nan 
-15.875, 50.125, 2.0351234071689712e-23, nan 
-15.625, 50.125, 1.644031440783107e-23, nan 
-15.375, 50.125, 1.2893976297510869e-23, nan 
-15.125, 50.125, 1.5617528733902888e-23, nan 
-14.875, 50.125, 1.9217400019399895e-23, nan 
-14.625, 50.125, 1.5192427511857015e-23, nan 
-14.375, 50.125, 3.801327357628661e-24, nan 
-14.125, 50.125, 3.762088987871692e-24, nan 
-13.875, 50.125, 8.424468933967103e-24, nan 
-13.625, 50.125, 9.2513287958228e-24, nan 
-13.375, 50.125, 1.3608787211403274e-23, nan 
-13.125, 50.125, 5.6558974426348e-23, nan 
-12.875, 50.125, 6.38958732380481e-23, nan 
-12.625, 50.125, 4.039629826035208e-23, nan 
-12.375, 50.125, 3.0229379574162117e-23, nan 
-12.125, 50.125, 7.079505239068788e-24, nan 
-11.875, 50.125, 4.756206260846733e-24, nan 
-11.625, 50.125, 6.0036134008884654e-24, nan 
-11.375, 50.125, 6.374380705704221e-24, nan 
-11.125, 50.125, 1.0482791766214673e-23, nan 
-10.875, 50.125, 1.2506484812509388e-23, nan 
-10.625, 50.125, 1.1597934290048492e-23, nan 
-10.375, 50.125, 9.976959871329816e-24, nan 
-10.125, 50.125, 1.2502435229810727e-23, nan 
-58.375, 50.375, 2.147693287474328e-23, nan 
-58.125, 50.375, 3.2134170326155933e-23, nan 
-57.875, 50.375, 1.7954226642891043e-23, nan 
-57.625, 50.375, 1.0127844144720586e-23, nan 
-57.375, 50.375, 2.0401931978847967e-23, nan 
-57.125, 50.375, 2.88661734433254e-23, nan 
-56.875, 50.375, 2.897732344044278e-23, nan 
-56.625, 50.375, 2.4976278990153886e-23, nan 
-56.375, 50.375, 2.173798355549636e-23, nan 
-56.125, 50.375, 1.32788117005254e-23, nan 
-55.875, 50.375, 1.0865121209857765e-23, nan 
-55.625, 50.375, 1.5602434959758942e-23, nan 
-55.375, 50.375, 1.5856013113277118e-23, nan 
-55.125, 50.375, 2.552116114099704e-23, nan 
-54.875, 50.375, 2.2661606608719016e-23, nan 
-54.625, 50.375, 2.3237975830506316e-23, nan 
-54.375, 50.375, 2.6033295828170298e-23, nan 
-54.125, 50.375, 2.03415083885471e-23, nan 
-53.875, 50.375, 1.6851844932360946e-23, nan 
-53.625, 50.375, 1.361121622733994e-23, nan 
-53.375, 50.375, 2.0837737319169884e-23, nan 
-53.125, 50.375, 2.0373123652732533e-23, nan 
-52.875, 50.375, 7.17257057539643e-24, nan 
-52.625, 50.375, 3.2813903973307046e-24, nan 
-52.375, 50.375, 1.8147626854030298e-23, nan 
-52.125, 50.375, 7.68406832381281e-24, nan 
-51.875, 50.375, 3.436312896154402e-24, nan 
-51.625, 50.375, 2.209159637288452e-24, nan 
-51.375, 50.375, 8.081417702470611e-24, nan 
-51.125, 50.375, 1.0290135566689632e-23, nan 
-50.875, 50.375, 5.2470011352559784e-24, nan 
-50.625, 50.375, 2.4472382489313718e-24, nan 
-50.375, 50.375, 1.652491710419591e-23, nan 
-50.125, 50.375, 1.689167027133717e-23, nan 
-49.875, 50.375, 1.0501079384085805e-23, nan 
-49.625, 50.375, 8.454874209986165e-24, nan 
-49.375, 50.375, 8.053644963283522e-24, nan 
-49.125, 50.375, 9.31487709921515e-24, nan 
-48.875, 50.375, 6.2791938686481974e-24, nan 
-48.625, 50.375, 7.935560915351416e-24, nan 
-48.375, 50.375, 1.0843353518642708e-23, nan 
-48.125, 50.375, 8.836342724392995e-24, nan 
-47.875, 50.375, 5.939380062786847e-24, nan 
-47.625, 50.375, 1.2389682745367483e-23, nan 
-47.375, 50.375, 1.433713259417732e-23, nan 
-47.125, 50.375, 7.319227756147419e-24, nan 
-46.875, 50.375, 9.235958150802414e-24, nan 
-46.625, 50.375, 1.2705315173961048e-23, nan 
-46.375, 50.375, 1.0953380640497105e-23, nan 
-46.125, 50.375, 9.740725400217425e-24, nan 
-45.875, 50.375, 1.1375512881178332e-23, nan 
-45.625, 50.375, 1.0722927464656425e-23, nan 
-45.375, 50.375, 1.1876797847504446e-23, nan 
-45.125, 50.375, 1.226500659491923e-23, nan 
-44.875, 50.375, 9.266656100589298e-24, nan 
-44.625, 50.375, 5.257175258884399e-24, nan 
-44.375, 50.375, 1.0470446616542507e-23, nan 
-44.125, 50.375, 9.38965660219458e-24, nan 
-43.875, 50.375, 3.402930561623056e-24, nan 
-43.625, 50.375, 3.993229222282145e-24, nan 
-43.375, 50.375, 4.0949924137136906e-24, nan 
-43.125, 50.375, 7.071880523276214e-24, nan 
-42.875, 50.375, 8.263184899989737e-24, nan 
-42.625, 50.375, 7.66069593136631e-24, nan 
-42.375, 50.375, 7.750168159028494e-24, nan 
-42.125, 50.375, 6.136944951943627e-24, nan 
-41.875, 50.375, 4.238221814964842e-24, nan 
-41.625, 50.375, 3.105733233637528e-24, nan 
-41.375, 50.375, 3.440722900336589e-24, nan 
-41.125, 50.375, 3.375840218996624e-24, nan 
-40.875, 50.375, 1.0866618612094061e-23, nan 
-40.625, 50.375, 1.100044714419681e-23, nan 
-40.375, 50.375, 4.0480227787993894e-24, nan 
-40.125, 50.375, 3.888715575036393e-24, nan 
-39.875, 50.375, 7.575112446550306e-24, nan 
-39.625, 50.375, 4.7953921487965385e-24, nan 
-39.375, 50.375, 7.406663794719602e-24, nan 
-39.125, 50.375, 9.024633369120644e-24, nan 
-38.875, 50.375, 1.141138153823568e-23, nan 
-38.625, 50.375, 1.2603237994287663e-23, nan 
-38.375, 50.375, 9.223041582826582e-24, nan 
-38.125, 50.375, 7.058179755194832e-24, nan 
-37.875, 50.375, 4.7720447917559234e-24, nan 
-37.625, 50.375, 8.836302877626547e-24, nan 
-37.375, 50.375, 8.880837637406674e-24, nan 
-37.125, 50.375, 1.0427099652801967e-23, nan 
-36.875, 50.375, 1.0304812430009639e-23, nan 
-36.625, 50.375, 5.1307106990850605e-24, nan 
-36.375, 50.375, 5.972271130938054e-24, nan 
-36.125, 50.375, 6.772667767392379e-24, nan 
-35.875, 50.375, 4.825529140566086e-24, nan 
-35.625, 50.375, 3.948995343611129e-24, nan 
-35.375, 50.375, 7.593199472870706e-24, nan 
-35.125, 50.375, 1.436773218501895e-23, nan 
-34.875, 50.375, 1.2581816558025044e-23, nan 
-34.625, 50.375, 9.174288993372272e-24, nan 
-34.375, 50.375, 1.5909323860169424e-23, nan 
-34.125, 50.375, 2.920172407309629e-23, nan 
-33.875, 50.375, 2.769895092004829e-23, nan 
-33.625, 50.375, 2.614541377692284e-23, nan 
-33.375, 50.375, 2.678645695550573e-23, nan 
-33.125, 50.375, 1.863078110061716e-23, nan 
-32.875, 50.375, 1.3842577653247e-23, nan 
-32.625, 50.375, 6.1800495340300404e-24, nan 
-32.375, 50.375, 4.689020284082321e-24, nan 
-32.125, 50.375, 8.729937318525605e-24, nan 
-31.875, 50.375, 9.775464425620987e-24, nan 
-31.625, 50.375, 2.8070589614461683e-24, nan 
-31.375, 50.375, 6.893733685871605e-24, nan 
-31.125, 50.375, 1.0918575671721971e-23, nan 
-30.875, 50.375, 9.318084085517216e-24, nan 
-30.625, 50.375, 4.729977429015241e-24, nan 
-30.375, 50.375, 1.0667064552828293e-23, nan 
-30.125, 50.375, 9.670045464036253e-24, nan 
-29.875, 50.375, 8.132438322666105e-24, nan 
-29.625, 50.375, 1.359079652525975e-23, nan 
-29.375, 50.375, 1.7794389457487484e-23, nan 
-29.125, 50.375, 1.1571963293480786e-23, nan 
-28.875, 50.375, 6.773664074414483e-24, nan 
-28.625, 50.375, 1.0254510342384881e-23, nan 
-28.375, 50.375, 1.51990829477084e-23, nan 
-28.125, 50.375, 1.0066208944062403e-23, nan 
-27.875, 50.375, 1.2470365092670127e-23, nan 
-27.625, 50.375, 2.219271553415164e-23, nan 
-27.375, 50.375, 2.2980021158997292e-23, nan 
-27.125, 50.375, 3.094967451368049e-23, nan 
-26.875, 50.375, 2.4847127985892566e-23, nan 
-26.625, 50.375, 1.8901235443996373e-23, nan 
-26.375, 50.375, 1.682195933944213e-23, nan 
-26.125, 50.375, 1.6402529539507424e-23, nan 
-25.875, 50.375, 2.4686911502320907e-23, nan 
-25.625, 50.375, 3.06987198090126e-23, nan 
-25.375, 50.375, 2.1672007398401608e-23, nan 
-25.125, 50.375, 2.2619260469510515e-23, nan 
-24.875, 50.375, 4.191007320649854e-23, nan 
-24.625, 50.375, 5.737885322217132e-23, nan 
-24.375, 50.375, 5.854050635303854e-23, nan 
-24.125, 50.375, 8.058059765283137e-23, nan 
-23.875, 50.375, 7.954121133860953e-23, nan 
-23.625, 50.375, 3.4615375089373475e-23, nan 
-23.375, 50.375, 3.803500006597682e-23, nan 
-23.125, 50.375, 3.4563317118793555e-23, nan 
-22.875, 50.375, 3.0098961519549175e-23, nan 
-22.625, 50.375, 5.980773561929008e-23, nan 
-22.375, 50.375, 5.808106206062669e-23, nan 
-22.125, 50.375, 3.846164756105368e-23, nan 
-21.875, 50.375, 3.0760292880919534e-23, nan 
-21.625, 50.375, 1.5924133884024994e-23, nan 
-21.375, 50.375, 3.004682989794657e-23, nan 
-21.125, 50.375, 4.1095314449343473e-23, nan 
-20.875, 50.375, 4.269563440988227e-23, nan 
-20.625, 50.375, 4.9366978538762566e-23, nan 
-20.375, 50.375, 4.795220923143973e-23, nan 
-20.125, 50.375, 3.988736910597894e-23, nan 
-19.875, 50.375, 2.888153729829094e-23, nan 
-19.625, 50.375, 9.037799603220786e-24, nan 
-19.375, 50.375, 8.149246472634847e-24, nan 
-19.125, 50.375, 1.0791098968816909e-23, nan 
-18.875, 50.375, 9.210365270948144e-24, nan 
-18.625, 50.375, 1.396610861769185e-23, nan 
-18.375, 50.375, 1.990851136815218e-23, nan 
-18.125, 50.375, 2.550281831947852e-23, nan 
-17.875, 50.375, 1.1565793054431412e-23, nan 
-17.625, 50.375, 9.1519481188149e-24, nan 
-17.375, 50.375, 9.431105067844793e-24, nan 
-17.125, 50.375, 8.278810760745265e-24, nan 
-16.875, 50.375, 4.4468794889117054e-24, nan 
-16.625, 50.375, 2.753755609261296e-24, nan 
-16.375, 50.375, 6.516140144125572e-24, nan 
-16.125, 50.375, 8.259249738823831e-24, nan 
-15.875, 50.375, 1.0610757977608717e-23, nan 
-15.625, 50.375, 7.199899912067191e-24, nan 
-15.375, 50.375, 6.503721268753155e-24, nan 
-15.125, 50.375, 1.0011196763616034e-23, nan 
-14.875, 50.375, 1.2481996755887813e-23, nan 
-14.625, 50.375, 4.388930602218358e-24, nan 
-14.375, 50.375, 5.100526143619872e-24, nan 
-14.125, 50.375, 8.743750385730178e-24, nan 
-13.875, 50.375, 7.116225165713822e-24, nan 
-13.625, 50.375, 7.842327192958516e-24, nan 
-13.375, 50.375, 1.723585094368246e-23, nan 
-13.125, 50.375, 2.479797697291032e-23, nan 
-12.875, 50.375, 2.5279122042372002e-23, nan 
-12.625, 50.375, 2.4867518833413505e-23, nan 
-12.375, 50.375, 8.896286815377082e-24, nan 
-12.125, 50.375, 9.466597896801071e-24, nan 
-11.875, 50.375, 7.578452645368066e-24, nan 
-11.625, 50.375, 8.626800947300711e-24, nan 
-11.375, 50.375, 9.736441794301447e-24, nan 
-11.125, 50.375, 1.1871645282247443e-23, nan 
-10.875, 50.375, 8.868555784896592e-24, nan 
-10.625, 50.375, 8.107957580874082e-24, nan 
-10.375, 50.375, 9.309922044684711e-24, nan 
-10.125, 50.375, 1.404039581301837e-23, nan 
-9.875, 50.375, 2.0426018966275824e-23, nan 
-9.625, 50.375, 1.4580519020863177e-23, nan 
-9.375, 50.375, 5.073861596726341e-24, nan 
-9.125, 50.375, 1.2275131911192583e-23, nan 
-8.875, 50.375, 1.3891519292328635e-23, nan 
-8.625, 50.375, 8.980419345584602e-24, nan 
-59.625, 50.625, 8.033396095256053e-23, nan 
-59.375, 50.625, 5.523974342748772e-23, nan 
-59.125, 50.625, 4.373533299821726e-23, nan 
-58.875, 50.625, 2.649689210511997e-23, nan 
-58.625, 50.625, 3.5293116214240616e-23, nan 
-58.375, 50.625, 4.005950433551748e-23, nan 
-58.125, 50.625, 4.642611723208214e-23, nan 
-57.875, 50.625, 2.3557500152064192e-23, nan 
-57.625, 50.625, 2.682783239863797e-23, nan 
-57.375, 50.625, 3.6234984714364854e-23, nan 
-57.125, 50.625, 2.9537391043963343e-23, nan 
-56.875, 50.625, 1.8767014221237943e-23, nan 
-56.625, 50.625, 1.8322537816254517e-23, nan 
-56.375, 50.625, 1.933885571665844e-23, nan 
-56.125, 50.625, 1.282973978120259e-23, nan 
-55.875, 50.625, 1.623622434826033e-23, nan 
-55.625, 50.625, 2.1048161592996163e-23, nan 
-55.375, 50.625, 1.6457384559142852e-23, nan 
-55.125, 50.625, 2.4837662693071845e-23, nan 
-54.875, 50.625, 2.1407421349858406e-23, nan 
-54.625, 50.625, 2.0088103228041923e-23, nan 
-54.375, 50.625, 2.3491625166726153e-23, nan 
-54.125, 50.625, 2.3890191140325412e-23, nan 
-53.875, 50.625, 1.834891155971505e-23, nan 
-53.625, 50.625, 1.6575290620647037e-23, nan 
-53.375, 50.625, 1.4421235871893242e-23, nan 
-53.125, 50.625, 1.8510424751361077e-23, nan 
-52.875, 50.625, 1.4188234304041316e-23, nan 
-52.625, 50.625, 5.939865874079392e-24, nan 
-52.375, 50.625, 7.829816091800119e-24, nan 
-52.125, 50.625, 7.716455170722251e-24, nan 
-51.875, 50.625, 1.0362309492699318e-23, nan 
-51.625, 50.625, 1.3074924686223013e-23, nan 
-51.375, 50.625, 1.3042278735133252e-23, nan 
-51.125, 50.625, 1.3282531898757494e-23, nan 
-50.875, 50.625, 1.0071354566803399e-23, nan 
-50.625, 50.625, 1.2572181369106622e-23, nan 
-50.375, 50.625, 1.6266208334985123e-23, nan 
-50.125, 50.625, 8.509110309892127e-24, nan 
-49.875, 50.625, 5.421706434052933e-24, nan 
-49.625, 50.625, 7.466016151707673e-24, nan 
-49.375, 50.625, 8.917765915658903e-24, nan 
-49.125, 50.625, 9.611185826281341e-24, nan 
-48.875, 50.625, 7.734912021511545e-24, nan 
-48.625, 50.625, 7.322518031051417e-24, nan 
-48.375, 50.625, 8.934242577204924e-24, nan 
-48.125, 50.625, 8.426291965855622e-24, nan 
-47.875, 50.625, 8.492003978050777e-24, nan 
-47.625, 50.625, 6.1980719092794414e-24, nan 
-47.375, 50.625, 1.0538900162593969e-23, nan 
-47.125, 50.625, 9.257727792570556e-24, nan 
-46.875, 50.625, 8.474616204053025e-24, nan 
-46.625, 50.625, 1.0918836910422123e-23, nan 
-46.375, 50.625, 8.747736654784526e-24, nan 
-46.125, 50.625, 1.2643967213486977e-23, nan 
-45.875, 50.625, 1.2990445403690728e-23, nan 
-45.625, 50.625, 1.2639659065893075e-23, nan 
-45.375, 50.625, 1.2854156835268402e-23, nan 
-45.125, 50.625, 7.881107147057277e-24, nan 
-44.875, 50.625, 6.5166327626968715e-24, nan 
-44.625, 50.625, 8.834217371068432e-24, nan 
-44.375, 50.625, 8.952937391708085e-24, nan 
-44.125, 50.625, 3.7570148658275404e-24, nan 
-43.875, 50.625, 4.967629247886298e-24, nan 
-43.625, 50.625, 6.301149357419344e-24, nan 
-43.375, 50.625, 6.752561337887181e-24, nan 
-43.125, 50.625, 6.441095017291047e-24, nan 
-42.875, 50.625, 7.88154791133642e-24, nan 
-42.625, 50.625, 8.923240337734488e-24, nan 
-42.375, 50.625, 8.381336670542188e-24, nan 
-42.125, 50.625, 6.904584985763118e-24, nan 
-41.875, 50.625, 5.109589350530138e-24, nan 
-41.625, 50.625, 5.9759532960910315e-24, nan 
-41.375, 50.625, 4.522686327009467e-24, nan 
-41.125, 50.625, 3.3150934415151135e-24, nan 
-40.875, 50.625, 8.626745016915477e-24, nan 
-40.625, 50.625, 7.095205661669965e-24, nan 
-40.375, 50.625, 4.708905435479868e-24, nan 
-40.125, 50.625, 6.863957745367326e-24, nan 
-39.875, 50.625, 1.564764135462384e-23, nan 
-39.625, 50.625, 1.2345349706004293e-23, nan 
-39.375, 50.625, 8.64469201887046e-24, nan 
-39.125, 50.625, 1.3358671758694608e-23, nan 
-38.875, 50.625, 1.6123321887602782e-23, nan 
-38.625, 50.625, 1.3442759935393476e-23, nan 
-38.375, 50.625, 7.437023469395606e-24, nan 
-38.125, 50.625, 6.675932091598012e-24, nan 
-37.875, 50.625, 7.380348996071127e-24, nan 
-37.625, 50.625, 1.0364234356942399e-23, nan 
-37.375, 50.625, 1.0891551091407338e-23, nan 
-37.125, 50.625, 1.0250334390517113e-23, nan 
-36.875, 50.625, 7.878795932643313e-24, nan 
-36.625, 50.625, 6.17331264286605e-24, nan 
-36.375, 50.625, 6.1395429981878725e-24, nan 
-36.125, 50.625, 3.808631989943856e-24, nan 
-35.875, 50.625, 5.8834974930021575e-24, nan 
-35.625, 50.625, 1.0435099690330263e-23, nan 
-35.375, 50.625, 1.665190196052662e-23, nan 
-35.125, 50.625, 2.203774578724144e-23, nan 
-34.875, 50.625, 1.9854210957752246e-23, nan 
-34.625, 50.625, 1.9734166014488055e-23, nan 
-34.375, 50.625, 2.0676223108270268e-23, nan 
-34.125, 50.625, 1.8764379016663745e-23, nan 
-33.875, 50.625, 7.208067046776956e-24, nan 
-33.625, 50.625, 1.8450766811431413e-23, nan 
-33.375, 50.625, 1.895128184810635e-23, nan 
-33.125, 50.625, 7.940171299128703e-24, nan 
-32.875, 50.625, 6.41354247866062e-24, nan 
-32.625, 50.625, 4.874450289098612e-24, nan 
-32.375, 50.625, 4.331487034979371e-24, nan 
-32.125, 50.625, 7.209850083153468e-24, nan 
-31.875, 50.625, 6.420087358012846e-24, nan 
-31.625, 50.625, 3.573874900690045e-24, nan 
-31.375, 50.625, 3.794009334316283e-24, nan 
-31.125, 50.625, 5.711386456831542e-24, nan 
-30.875, 50.625, 3.157024393568975e-24, nan 
-30.625, 50.625, 9.488222722216156e-24, nan 
-30.375, 50.625, 8.611532590232695e-24, nan 
-30.125, 50.625, 3.1556494314970774e-24, nan 
-29.875, 50.625, 5.383073014246191e-24, nan 
-29.625, 50.625, 6.245380359055647e-24, nan 
-29.375, 50.625, 9.892457065085037e-24, nan 
-29.125, 50.625, 7.528710427308518e-24, nan 
-28.875, 50.625, 1.0171813521269163e-23, nan 
-28.625, 50.625, 1.0809730170434169e-23, nan 
-28.375, 50.625, 7.061315235741092e-24, nan 
-28.125, 50.625, 1.6443178401334692e-23, nan 
-27.875, 50.625, 2.4029745489740483e-23, nan 
-27.625, 50.625, 4.1539864263843355e-23, nan 
-27.375, 50.625, 3.6618207226799477e-23, nan 
-27.125, 50.625, 1.8435426967364836e-23, nan 
-26.875, 50.625, 1.2605743462127727e-23, nan 
-26.625, 50.625, 1.5824569814367536e-23, nan 
-26.375, 50.625, 2.365523969342706e-23, nan 
-26.125, 50.625, 2.53846465983206e-23, nan 
-25.875, 50.625, 1.590924711233059e-23, nan 
-25.625, 50.625, 3.660327950552974e-23, nan 
-25.375, 50.625, 3.689325275640033e-23, nan 
-25.125, 50.625, 3.082262166366904e-23, nan 
-24.875, 50.625, 2.748935147368408e-23, nan 
-24.625, 50.625, 2.5404800656773583e-23, nan 
-24.375, 50.625, 5.709941669327227e-23, nan 
-24.125, 50.625, 5.851031399488831e-23, nan 
-23.875, 50.625, 6.16688999516351e-23, nan 
-23.625, 50.625, 4.282363983422457e-23, nan 
-23.375, 50.625, 4.7778894689274266e-23, nan 
-23.125, 50.625, 9.244463523575472e-23, nan 
-22.875, 50.625, 7.293409346790097e-23, nan 
-22.625, 50.625, 4.86904118107283e-23, nan 
-22.375, 50.625, 6.504366183334318e-23, nan 
-22.125, 50.625, 5.554984768048952e-23, nan 
-21.875, 50.625, 1.9039013731548792e-23, nan 
-21.625, 50.625, 1.9431813243868084e-23, nan 
-21.375, 50.625, 1.5379273091343693e-23, nan 
-21.125, 50.625, 1.3485110881899148e-23, nan 
-20.875, 50.625, 3.323928122531827e-23, nan 
-20.625, 50.625, 2.8135319161683595e-23, nan 
-20.375, 50.625, 2.065124161785869e-23, nan 
-20.125, 50.625, 3.3865217034598405e-23, nan 
-19.875, 50.625, 4.011372242196315e-23, nan 
-19.625, 50.625, 2.6020671885925774e-23, nan 
-19.375, 50.625, 1.2902590707300303e-23, nan 
-19.125, 50.625, 1.6049648923329356e-23, nan 
-18.875, 50.625, 2.849843750084734e-23, nan 
-18.625, 50.625, 4.8191817788755293e-23, nan 
-18.375, 50.625, 7.918275661609308e-23, nan 
-18.125, 50.625, 7.873483486661903e-23, nan 
-17.875, 50.625, 5.000328705784398e-23, nan 
-17.625, 50.625, 1.2471836170818823e-23, nan 
-17.375, 50.625, 6.726269900989572e-24, nan 
-17.125, 50.625, 6.646602473977591e-24, nan 
-16.875, 50.625, 7.83985653507808e-24, nan 
-16.625, 50.625, 5.30022196505418e-24, nan 
-16.375, 50.625, 8.778633373340603e-24, nan 
-16.125, 50.625, 1.0094362704787293e-23, nan 
-15.875, 50.625, 7.368549908356928e-24, nan 
-15.625, 50.625, 6.97034355982522e-24, nan 
-15.375, 50.625, 6.635449773639837e-24, nan 
-15.125, 50.625, 6.212929920932049e-24, nan 
-14.875, 50.625, 7.137209233366534e-24, nan 
-14.625, 50.625, 7.13896937596522e-24, nan 
-14.375, 50.625, 1.1402677032199037e-23, nan 
-14.125, 50.625, 1.3326549533740632e-23, nan 
-13.875, 50.625, 7.850636442699665e-24, nan 
-13.625, 50.625, 7.423507998113187e-24, nan 
-13.375, 50.625, 4.351483039955215e-23, nan 
-13.125, 50.625, 4.3094897926398116e-23, nan 
-12.875, 50.625, 2.3283632146394905e-23, nan 
-12.625, 50.625, 3.159036955167324e-23, nan 
-12.375, 50.625, 3.079378338463331e-23, nan 
-12.125, 50.625, 1.42124482746408e-23, nan 
-11.875, 50.625, 1.4688829014363137e-23, nan 
-11.625, 50.625, 8.055444689947591e-24, nan 
-11.375, 50.625, 9.392834573851405e-24, nan 
-11.125, 50.625, 1.140681055893854e-23, nan 
-10.875, 50.625, 7.92364942696471e-24, nan 
-10.625, 50.625, 1.1482350295016527e-23, nan 
-10.375, 50.625, 1.9649407923810902e-23, nan 
-10.125, 50.625, 2.0162579479768293e-23, nan 
-9.875, 50.625, 1.1534115134956514e-23, nan 
-9.625, 50.625, 7.444202237338782e-24, nan 
-9.375, 50.625, 1.18673606029134e-23, nan 
-9.125, 50.625, 1.452715773735679e-23, nan 
-8.875, 50.625, 1.3654806259039285e-23, nan 
-8.625, 50.625, 1.4483077894724643e-23, nan 
-8.375, 50.625, 1.0922927416369081e-23, nan 
-8.125, 50.625, 3.623950303403278e-24, nan 
-7.875, 50.625, 8.63442542361457e-24, nan 
-7.625, 50.625, 8.10564631233369e-24, nan 
-7.375, 50.625, 7.52264128154189e-24, nan 
-7.125, 50.625, 9.137283697460585e-24, nan 
-6.875, 50.625, 8.350709281231745e-24, nan 
-60.875, 50.875, 1.0696914513727355e-23, nan 
-60.625, 50.875, 1.2270389739509186e-22, nan 
-60.375, 50.875, 1.6638483283652669e-22, nan 
-60.125, 50.875, 1.3564871079167784e-22, nan 
-59.875, 50.875, 1.0717077683906965e-22, nan 
-59.625, 50.875, 8.296646750929792e-23, nan 
-59.375, 50.875, 8.727267226336315e-23, nan 
-59.125, 50.875, 6.88543158301271e-23, nan 
-58.875, 50.875, 5.0271295609025295e-23, nan 
-58.625, 50.875, 3.80865514512972e-23, nan 
-58.375, 50.875, 3.154472554181027e-23, nan 
-58.125, 50.875, 2.1569692107455633e-23, nan 
-57.875, 50.875, 2.6408753197047917e-23, nan 
-57.625, 50.875, 3.888501530216174e-23, nan 
-57.375, 50.875, 3.5739994579926784e-23, nan 
-57.125, 50.875, 2.5142687677699108e-23, nan 
-56.875, 50.875, 3.320039819878068e-23, nan 
-56.625, 50.875, 2.264189709495291e-23, nan 
-56.375, 50.875, 1.6785368532005136e-23, nan 
-56.125, 50.875, 2.0584543444915233e-23, nan 
-55.875, 50.875, 1.4562568413468333e-23, nan 
-55.625, 50.875, 1.4074578720526247e-23, nan 
-55.375, 50.875, 2.887589655578479e-23, nan 
-55.125, 50.875, 3.2552959086482806e-23, nan 
-54.875, 50.875, 1.950510326034284e-23, nan 
-54.625, 50.875, 1.465212050724626e-23, nan 
-54.375, 50.875, 2.759717977375585e-23, nan 
-54.125, 50.875, 2.6783574101885604e-23, nan 
-53.875, 50.875, 1.8241711823007005e-23, nan 
-53.625, 50.875, 1.5979330317248024e-23, nan 
-53.375, 50.875, 1.3132462929165723e-23, nan 
-53.125, 50.875, 1.1649582040458108e-23, nan 
-52.875, 50.875, 3.793055045464627e-24, nan 
-52.625, 50.875, 6.477367670029117e-24, nan 
-52.375, 50.875, 5.7381359665910065e-24, nan 
-52.125, 50.875, 2.4754535984282655e-24, nan 
-51.875, 50.875, 9.988602656733354e-24, nan 
-51.625, 50.875, 1.276385201332752e-23, nan 
-51.375, 50.875, 1.5664334042950522e-23, nan 
-51.125, 50.875, 1.3637813066616157e-23, nan 
-50.875, 50.875, 9.857342334897239e-24, nan 
-50.625, 50.875, 1.1697370412828115e-23, nan 
-50.375, 50.875, 1.5902438878149967e-23, nan 
-50.125, 50.875, 6.369681007736767e-24, nan 
-49.875, 50.875, 9.192648613463972e-24, nan 
-49.625, 50.875, 1.2234291891057512e-23, nan 
-49.375, 50.875, 1.234931416291442e-23, nan 
-49.125, 50.875, 9.583033251587619e-24, nan 
-48.875, 50.875, 5.5194531295364305e-24, nan 
-48.625, 50.875, 8.286057205046339e-24, nan 
-48.375, 50.875, 1.1030043776875872e-23, nan 
-48.125, 50.875, 9.815543545364707e-24, nan 
-47.875, 50.875, 8.847759373719792e-24, nan 
-47.625, 50.875, 7.646072023293893e-24, nan 
-47.375, 50.875, 9.494798826956595e-24, nan 
-47.125, 50.875, 8.996654638159311e-24, nan 
-46.875, 50.875, 6.468120206725837e-24, nan 
-46.625, 50.875, 5.969288437476339e-24, nan 
-46.375, 50.875, 5.405481128722367e-24, nan 
-46.125, 50.875, 1.2243893238360545e-23, nan 
-45.875, 50.875, 1.4918232365702685e-23, nan 
-45.625, 50.875, 1.3415043277452895e-23, nan 
-45.375, 50.875, 1.101094549896975e-23, nan 
-45.125, 50.875, 7.108033821415038e-24, nan 
-44.875, 50.875, 5.7216671518233115e-24, nan 
-44.625, 50.875, 1.6069683032167946e-23, nan 
-44.375, 50.875, 1.4091956067052645e-23, nan 
-44.125, 50.875, 5.128617715138374e-24, nan 
-43.875, 50.875, 7.711734028234199e-24, nan 
-43.625, 50.875, 8.833350408910955e-24, nan 
-43.375, 50.875, 6.757912016732653e-24, nan 
-43.125, 50.875, 7.806706028389345e-24, nan 
-42.875, 50.875, 7.265632933405195e-24, nan 
-42.625, 50.875, 9.2700512857248e-24, nan 
-42.375, 50.875, 1.9637854475168782e-23, nan 
-42.125, 50.875, 1.849359284266456e-23, nan 
-41.875, 50.875, 9.796282186505738e-24, nan 
-41.625, 50.875, 6.745961694236841e-24, nan 
-41.375, 50.875, 4.4665119342347926e-24, nan 
-41.125, 50.875, 7.783470355256663e-24, nan 
-40.875, 50.875, 9.745003479381886e-24, nan 
-40.625, 50.875, 7.439287577573754e-24, nan 
-40.375, 50.875, 4.5241343727205464e-24, nan 
-40.125, 50.875, 1.0452553029493e-23, nan 
-39.875, 50.875, 1.453443981749269e-23, nan 
-39.625, 50.875, 8.568708787927325e-24, nan 
-39.375, 50.875, 1.0834490973539198e-23, nan 
-39.125, 50.875, 1.4690732433676667e-23, nan 
-38.875, 50.875, 1.2067058658775971e-23, nan 
-38.625, 50.875, 6.428829937571447e-24, nan 
-38.375, 50.875, 5.070652297749454e-24, nan 
-38.125, 50.875, 6.815893600628423e-24, nan 
-37.875, 50.875, 8.023531988186645e-24, nan 
-37.625, 50.875, 1.0199700028755667e-23, nan 
-37.375, 50.875, 9.566296862599613e-24, nan 
-37.125, 50.875, 7.319901833513894e-24, nan 
-36.875, 50.875, 8.186128471281108e-24, nan 
-36.625, 50.875, 5.711873045517154e-24, nan 
-36.375, 50.875, 4.147199884538501e-24, nan 
-36.125, 50.875, 2.8819650991789797e-24, nan 
-35.875, 50.875, 2.53942827789473e-24, nan 
-35.625, 50.875, 4.456754089664496e-24, nan 
-35.375, 50.875, 1.053350502559094e-23, nan 
-35.125, 50.875, 1.5963559532226483e-23, nan 
-34.875, 50.875, 1.2511205717153348e-23, nan 
-34.625, 50.875, 8.409185047072229e-24, nan 
-34.375, 50.875, 2.255209118941106e-23, nan 
-34.125, 50.875, 2.1983781040285665e-23, nan 
-33.875, 50.875, 7.300012120259948e-24, nan 
-33.625, 50.875, 1.801878792770337e-23, nan 
-33.375, 50.875, 1.8546604847125864e-23, nan 
-33.125, 50.875, 4.872525246382801e-24, nan 
-32.875, 50.875, 3.603022817617652e-24, nan 
-32.625, 50.875, 4.423246344369895e-24, nan 
-32.375, 50.875, 1.3244666891890374e-23, nan 
-32.125, 50.875, 1.2374807599826126e-23, nan 
-31.875, 50.875, 4.6106660036617614e-24, nan 
-31.625, 50.875, 3.95440644191938e-24, nan 
-31.375, 50.875, 7.318656452029222e-24, nan 
-31.125, 50.875, 8.11200939017478e-24, nan 
-30.875, 50.875, 4.56294395443772e-24, nan 
-30.625, 50.875, 7.357173005851696e-24, nan 
-30.375, 50.875, 6.174307557181915e-24, nan 
-30.125, 50.875, 7.511848611932142e-24, nan 
-29.875, 50.875, 1.232346862074554e-23, nan 
-29.625, 50.875, 1.8036227256048477e-23, nan 
-29.375, 50.875, 1.1967711607185599e-23, nan 
-29.125, 50.875, 3.052212393939962e-24, nan 
-28.875, 50.875, 7.183527902642347e-24, nan 
-28.625, 50.875, 1.5322147961428635e-23, nan 
-28.375, 50.875, 1.6784154111424528e-23, nan 
-28.125, 50.875, 1.0425689749505482e-23, nan 
-27.875, 50.875, 1.9028049272727152e-23, nan 
-27.625, 50.875, 2.2437816097733995e-23, nan 
-27.375, 50.875, 1.78717297516792e-23, nan 
-27.125, 50.875, 2.0907910381593048e-23, nan 
-26.875, 50.875, 2.3827434335509978e-23, nan 
-26.625, 50.875, 1.3441408810323435e-23, nan 
-26.375, 50.875, 1.7574555821326517e-23, nan 
-26.125, 50.875, 2.216263782399308e-23, nan 
-25.875, 50.875, 1.1197669530838233e-23, nan 
-25.625, 50.875, 3.078479155732243e-23, nan 
-25.375, 50.875, 3.8361055849768807e-23, nan 
-25.125, 50.875, 4.259200250244956e-23, nan 
-24.875, 50.875, 3.809359602011422e-23, nan 
-24.625, 50.875, 2.6750170338873967e-23, nan 
-24.375, 50.875, 5.385817148549731e-23, nan 
-24.125, 50.875, 6.486527417811646e-23, nan 
-23.875, 50.875, 2.865537768807066e-23, nan 
-23.625, 50.875, 4.268269011803389e-23, nan 
-23.375, 50.875, 6.112605554964522e-23, nan 
-23.125, 50.875, 1.3305991528945708e-22, nan 
-22.875, 50.875, 1.3556126434144032e-22, nan 
-22.625, 50.875, 1.0191923369498863e-22, nan 
-22.375, 50.875, 7.421242330082063e-23, nan 
-22.125, 50.875, 4.367827363857168e-23, nan 
-21.875, 50.875, 1.7737105527988654e-23, nan 
-21.625, 50.875, 1.2019790368118394e-23, nan 
-21.375, 50.875, 1.987505408932482e-23, nan 
-21.125, 50.875, 3.408336137264475e-23, nan 
-20.875, 50.875, 3.259020144582244e-23, nan 
-20.625, 50.875, 1.4720074057936733e-23, nan 
-20.375, 50.875, 2.459385502693248e-23, nan 
-20.125, 50.875, 2.5984131913991525e-23, nan 
-19.875, 50.875, 3.999444786313139e-23, nan 
-19.625, 50.875, 4.70131118970384e-23, nan 
-19.375, 50.875, 2.3526239024336987e-23, nan 
-19.125, 50.875, 1.9730655826146166e-23, nan 
-18.875, 50.875, 2.2963749384263218e-23, nan 
-18.625, 50.875, 3.028901644424323e-23, nan 
-18.375, 50.875, 4.3044706452385946e-23, nan 
-18.125, 50.875, 4.963060911606093e-23, nan 
-17.875, 50.875, 5.826683147445497e-23, nan 
-17.625, 50.875, 4.2943581677586666e-23, nan 
-17.375, 50.875, 9.830542437558188e-24, nan 
-17.125, 50.875, 8.370842111285009e-24, nan 
-16.875, 50.875, 1.2066820343121207e-23, nan 
-16.625, 50.875, 1.3095459289343741e-23, nan 
-16.375, 50.875, 9.167630814646533e-24, nan 
-16.125, 50.875, 7.074396828948121e-24, nan 
-15.875, 50.875, 8.125167859330808e-24, nan 
-15.625, 50.875, 7.114156941721962e-24, nan 
-15.375, 50.875, 5.33070326134693e-24, nan 
-15.125, 50.875, 8.050474950701537e-24, nan 
-14.875, 50.875, 8.699018237563709e-24, nan 
-14.625, 50.875, 9.525582181631902e-24, nan 
-14.375, 50.875, 1.1362530159604513e-23, nan 
-14.125, 50.875, 1.0355710799348806e-23, nan 
-13.875, 50.875, 8.181347417564554e-24, nan 
-13.625, 50.875, 4.544986596281989e-23, nan 
-13.375, 50.875, 5.832917228917855e-23, nan 
-13.125, 50.875, 3.609229001125199e-23, nan 
-12.875, 50.875, 2.5341242452239724e-23, nan 
-12.625, 50.875, 2.7738427857025236e-23, nan 
-12.375, 50.875, 1.9265733828802653e-23, nan 
-12.125, 50.875, 1.496342050651138e-23, nan 
-11.875, 50.875, 2.85533587635874e-23, nan 
-11.625, 50.875, 2.975216956026791e-23, nan 
-11.375, 50.875, 4.737079637131287e-24, nan 
-11.125, 50.875, 8.057463834115513e-24, nan 
-10.875, 50.875, 7.228765458094701e-24, nan 
-10.625, 50.875, 6.814815226576984e-24, nan 
-10.375, 50.875, 1.518367852258948e-23, nan 
-10.125, 50.875, 1.6114231309694677e-23, nan 
-9.875, 50.875, 1.2266767511631763e-23, nan 
-9.625, 50.875, 1.0059505577468e-23, nan 
-9.375, 50.875, 4.683107024399881e-24, nan 
-9.125, 50.875, 6.3242013423229276e-24, nan 
-8.875, 50.875, 6.64258661754192e-24, nan 
-8.625, 50.875, 1.1332210704890323e-23, nan 
-8.375, 50.875, 1.542503730236233e-23, nan 
-8.125, 50.875, 1.523272127739233e-23, nan 
-7.875, 50.875, 7.694349716037776e-24, nan 
-7.625, 50.875, 1.0270118485642343e-23, nan 
-7.375, 50.875, 8.232021652575064e-24, nan 
-7.125, 50.875, 7.076441537152192e-24, nan 
-6.875, 50.875, 9.454115212077705e-24, nan 
-6.625, 50.875, 1.869897848513115e-23, nan 
-6.375, 50.875, 1.5830906241477872e-23, nan 
-6.125, 50.875, 7.801594567500759e-24, nan 
-5.875, 50.875, 1.1796404355721395e-23, nan 
-5.625, 50.875, 1.116340106005142e-23, nan 
-62.125, 51.125, 6.044891280804375e-23, nan 
-61.875, 51.125, 4.921870607711863e-23, nan 
-61.625, 51.125, 5.971884325363062e-23, nan 
-61.375, 51.125, 5.87160546445191e-23, nan 
-61.125, 51.125, 9.73951460503712e-23, nan 
-60.875, 51.125, 7.998826046282231e-23, nan 
-60.625, 51.125, 3.181010920260983e-23, nan 
-60.375, 51.125, 1.7208653854618693e-22, nan 
-60.125, 51.125, 1.8322979518490453e-22, nan 
-59.875, 51.125, 9.609548506926961e-23, nan 
-59.625, 51.125, 9.239089069625224e-23, nan 
-59.375, 51.125, 6.9379275826465e-23, nan 
-59.125, 51.125, 4.7899939377016696e-23, nan 
-58.875, 51.125, 5.2788469766241903e-23, nan 
-58.625, 51.125, 3.537383083001765e-23, nan 
-58.375, 51.125, 2.221637631796168e-23, nan 
-58.125, 51.125, 1.914227128629965e-23, nan 
-57.875, 51.125, 1.891438235125704e-23, nan 
-57.625, 51.125, 3.0355725638251236e-23, nan 
-57.375, 51.125, 3.768182540606854e-23, nan 
-57.125, 51.125, 3.928945453759641e-23, nan 
-56.875, 51.125, 4.118318607861692e-23, nan 
-56.625, 51.125, 2.7377106604534005e-23, nan 
-56.375, 51.125, 3.371153875389568e-23, nan 
-56.125, 51.125, 3.010566002352694e-23, nan 
-55.875, 51.125, 2.2770098346655523e-23, nan 
-55.625, 51.125, 2.6369294751853425e-23, nan 
-55.375, 51.125, 3.4062290446676583e-23, nan 
-55.125, 51.125, 3.6066806092447744e-23, nan 
-54.875, 51.125, 2.2455682185491483e-23, nan 
-54.625, 51.125, 2.1657718696778677e-23, nan 
-54.375, 51.125, 2.8334726954017935e-23, nan 
-54.125, 51.125, 1.676690787576593e-23, nan 
-53.875, 51.125, 1.1695517519086221e-23, nan 
-53.625, 51.125, 6.791422937862526e-24, nan 
-53.375, 51.125, 3.629136772680508e-24, nan 
-53.125, 51.125, 3.6617250139568556e-24, nan 
-52.875, 51.125, 3.838371808325376e-24, nan 
-52.625, 51.125, 3.690341606174955e-24, nan 
-52.375, 51.125, 2.5692493867497715e-24, nan 
-52.125, 51.125, 2.214047175429872e-24, nan 
-51.875, 51.125, 5.705665462687615e-24, nan 
-51.625, 51.125, 1.6138193856999418e-23, nan 
-51.375, 51.125, 1.85425187492517e-23, nan 
-51.125, 51.125, 1.0501434624653535e-23, nan 
-50.875, 51.125, 9.411711366155258e-24, nan 
-50.625, 51.125, 1.0492563396337446e-23, nan 
-50.375, 51.125, 1.7951180707931678e-23, nan 
-50.125, 51.125, 1.3232904030642072e-23, nan 
-49.875, 51.125, 1.345235273304344e-23, nan 
-49.625, 51.125, 1.1875316895979188e-23, nan 
-49.375, 51.125, 7.29511969782567e-24, nan 
-49.125, 51.125, 7.207468711094855e-24, nan 
-48.875, 51.125, 8.453923736047135e-24, nan 
-48.625, 51.125, 1.0461808770808445e-23, nan 
-48.375, 51.125, 1.0869662067748094e-23, nan 
-48.125, 51.125, 6.861314082388307e-24, nan 
-47.875, 51.125, 5.2674362969615925e-24, nan 
-47.625, 51.125, 5.98538358800737e-24, nan 
-47.375, 51.125, 8.615454329136144e-24, nan 
-47.125, 51.125, 7.078400120893429e-24, nan 
-46.875, 51.125, 8.961954574189576e-24, nan 
-46.625, 51.125, 8.673087387135232e-24, nan 
-46.375, 51.125, 8.603378510934538e-24, nan 
-46.125, 51.125, 1.6721425901010262e-23, nan 
-45.875, 51.125, 1.8843782868946663e-23, nan 
-45.625, 51.125, 1.5759056945013534e-23, nan 
-45.375, 51.125, 1.1894050504638417e-23, nan 
-45.125, 51.125, 7.239362123623763e-24, nan 
-44.875, 51.125, 7.572015390420663e-24, nan 
-44.625, 51.125, 1.056977304959203e-23, nan 
-44.375, 51.125, 7.268337731591724e-24, nan 
-44.125, 51.125, 9.462423331222103e-24, nan 
-43.875, 51.125, 9.896875451494668e-24, nan 
-43.625, 51.125, 8.516678541589305e-24, nan 
-43.375, 51.125, 1.1046365020260496e-23, nan 
-43.125, 51.125, 9.392666353848904e-24, nan 
-42.875, 51.125, 7.480767442544454e-24, nan 
-42.625, 51.125, 8.726534954753476e-24, nan 
-42.375, 51.125, 1.0559362053899108e-23, nan 
-42.125, 51.125, 7.629744296538637e-24, nan 
-41.875, 51.125, 8.779352251194036e-24, nan 
-41.625, 51.125, 8.814967006930387e-24, nan 
-41.375, 51.125, 7.089919299280428e-24, nan 
-41.125, 51.125, 6.973231502096338e-24, nan 
-40.875, 51.125, 1.1747516652699262e-23, nan 
-40.625, 51.125, 1.5666789113881994e-23, nan 
-40.375, 51.125, 8.891187180406336e-24, nan 
-40.125, 51.125, 1.0220511282818098e-23, nan 
-39.875, 51.125, 8.339404765264633e-24, nan 
-39.625, 51.125, 6.112282623105694e-24, nan 
-39.375, 51.125, 1.309042540258873e-23, nan 
-39.125, 51.125, 1.4503522052893478e-23, nan 
-38.875, 51.125, 8.890920930438483e-24, nan 
-38.625, 51.125, 6.187998871342619e-24, nan 
-38.375, 51.125, 5.5940987499757945e-24, nan 
-38.125, 51.125, 7.713322931874287e-24, nan 
-37.875, 51.125, 8.011832457860891e-24, nan 
-37.625, 51.125, 1.006994894247064e-23, nan 
-37.375, 51.125, 1.0433956603379515e-23, nan 
-37.125, 51.125, 1.0997885659519362e-23, nan 
-36.875, 51.125, 8.231388659595827e-24, nan 
-36.625, 51.125, 3.153107830661178e-24, nan 
-36.375, 51.125, 3.1297631287957705e-24, nan 
-36.125, 51.125, 5.284939275260042e-24, nan 
-35.875, 51.125, 5.1008683881247445e-24, nan 
-35.625, 51.125, 5.719797071344605e-24, nan 
-35.375, 51.125, 7.449077682054622e-24, nan 
-35.125, 51.125, 1.0146923806567996e-23, nan 
-34.875, 51.125, 2.1254574877496806e-23, nan 
-34.625, 51.125, 2.5280917869799028e-23, nan 
-34.375, 51.125, 1.7174650331576488e-23, nan 
-34.125, 51.125, 1.0175520760271304e-23, nan 
-33.875, 51.125, 1.4803917272987873e-23, nan 
-33.625, 51.125, 1.2005946005877351e-23, nan 
-33.375, 51.125, 1.6214856376809338e-23, nan 
-33.125, 51.125, 1.480985784794078e-23, nan 
-32.875, 51.125, 7.805468411647639e-24, nan 
-32.625, 51.125, 9.878776798889317e-24, nan 
-32.375, 51.125, 1.1715269162904621e-23, nan 
-32.125, 51.125, 7.25327881431608e-24, nan 
-31.875, 51.125, 6.311892903659601e-24, nan 
-31.625, 51.125, 5.253461835509202e-24, nan 
-31.375, 51.125, 4.310657110162102e-24, nan 
-31.125, 51.125, 8.253507289646908e-24, nan 
-30.875, 51.125, 6.941296260681229e-24, nan 
-30.625, 51.125, 7.012593098664132e-24, nan 
-30.375, 51.125, 8.339573960724198e-24, nan 
-30.125, 51.125, 1.0568274898126344e-23, nan 
-29.875, 51.125, 1.44747268694698e-23, nan 
-29.625, 51.125, 1.61481771781909e-23, nan 
-29.375, 51.125, 1.0211436486394095e-23, nan 
-29.125, 51.125, 5.6048017420394795e-24, nan 
-28.875, 51.125, 5.970882020641772e-24, nan 
-28.625, 51.125, 1.111117605791019e-23, nan 
-28.375, 51.125, 1.3615400186253117e-23, nan 
-28.125, 51.125, 1.808232532222059e-23, nan 
-27.875, 51.125, 3.047578645786601e-23, nan 
-27.625, 51.125, 1.7621655854918237e-23, nan 
-27.375, 51.125, 7.501418634413574e-24, nan 
-27.125, 51.125, 1.2831042572367608e-23, nan 
-26.875, 51.125, 1.5083746792468912e-23, nan 
-26.625, 51.125, 7.624267626965867e-24, nan 
-26.375, 51.125, 1.297343660481417e-23, nan 
-26.125, 51.125, 2.7875154824737847e-23, nan 
-25.875, 51.125, 1.373613294664862e-23, nan 
-25.625, 51.125, 1.6159668719063686e-23, nan 
-25.375, 51.125, 1.8514311473667115e-23, nan 
-25.125, 51.125, 7.179434397870339e-24, nan 
-24.875, 51.125, 2.2030876178841435e-23, nan 
-24.625, 51.125, 2.838369216913488e-23, nan 
-24.375, 51.125, 4.776750972889222e-23, nan 
-24.125, 51.125, 6.559300434485836e-23, nan 
-23.875, 51.125, 3.2251816237815414e-23, nan 
-23.625, 51.125, 4.2727663022032537e-23, nan 
-23.375, 51.125, 5.2013022282754074e-23, nan 
-23.125, 51.125, 4.9747531845700245e-23, nan 
-22.875, 51.125, 6.503384266216313e-23, nan 
-22.625, 51.125, 7.657586474591663e-23, nan 
-22.375, 51.125, 3.826753011755223e-23, nan 
-22.125, 51.125, 3.177243327502633e-23, nan 
-21.875, 51.125, 3.3122170883879186e-23, nan 
-21.625, 51.125, 3.142094216902828e-23, nan 
-21.375, 51.125, 2.5146609585857467e-23, nan 
-21.125, 51.125, 3.417221776406503e-23, nan 
-20.875, 51.125, 4.077214937084026e-23, nan 
-20.625, 51.125, 4.9624261654116525e-23, nan 
-20.375, 51.125, 4.687158608669585e-23, nan 
-20.125, 51.125, 4.344955619929215e-23, nan 
-19.875, 51.125, 3.63884901998132e-23, nan 
-19.625, 51.125, 3.836404102919664e-23, nan 
-19.375, 51.125, 3.6775813960733635e-23, nan 
-19.125, 51.125, 2.777159062884596e-23, nan 
-18.875, 51.125, 1.4361596690220066e-23, nan 
-18.625, 51.125, 2.1395050502873332e-23, nan 
-18.375, 51.125, 2.4221095191888897e-23, nan 
-18.125, 51.125, 4.2148127725393704e-23, nan 
-17.875, 51.125, 3.196529507332242e-23, nan 
-17.625, 51.125, 7.467966594270413e-24, nan 
-17.375, 51.125, 7.54546617471286e-24, nan 
-17.125, 51.125, 6.2486637379225345e-24, nan 
-16.875, 51.125, 2.739685067299876e-24, nan 
-16.625, 51.125, 1.1075428458142253e-23, nan 
-16.375, 51.125, 1.3496808984530017e-23, nan 
-16.125, 51.125, 9.975898666056355e-24, nan 
-15.875, 51.125, 7.522844872498551e-24, nan 
-15.625, 51.125, 7.756867182575349e-24, nan 
-15.375, 51.125, 8.67473902678338e-24, nan 
-15.125, 51.125, 7.565219487563828e-24, nan 
-14.875, 51.125, 4.411812308698091e-24, nan 
-14.625, 51.125, 5.017018237699062e-24, nan 
-14.375, 51.125, 3.714628050797513e-24, nan 
-14.125, 51.125, 8.109837593098693e-24, nan 
-13.875, 51.125, 1.4938618304257497e-23, nan 
-13.625, 51.125, 4.9676632533476244e-23, nan 
-13.375, 51.125, 5.398786912628362e-23, nan 
-13.125, 51.125, 3.133519794209314e-23, nan 
-12.875, 51.125, 2.946201270623194e-23, nan 
-12.625, 51.125, 2.8105349708878703e-23, nan 
-12.375, 51.125, 1.255462252605274e-23, nan 
-12.125, 51.125, 1.857580127007063e-23, nan 
-11.875, 51.125, 2.532245488386211e-23, nan 
-11.625, 51.125, 4.4321403447964714e-23, nan 
-11.375, 51.125, 3.505394462151457e-23, nan 
-11.125, 51.125, 6.003004500630916e-24, nan 
-10.875, 51.125, 5.796528187622006e-24, nan 
-10.625, 51.125, 8.759644366767482e-24, nan 
-10.375, 51.125, 1.0120495301141978e-23, nan 
-10.125, 51.125, 4.434220572561439e-24, nan 
-9.875, 51.125, 7.789422183681358e-24, nan 
-9.625, 51.125, 3.8056926583915996e-24, nan 
-9.375, 51.125, 4.0684415910304595e-24, nan 
-9.125, 51.125, 6.0644872074405634e-24, nan 
-8.875, 51.125, 8.369433499433626e-24, nan 
-8.625, 51.125, 6.822739455120668e-24, nan 
-8.375, 51.125, 7.537903108764235e-24, nan 
-8.125, 51.125, 1.848268467990676e-23, nan 
-7.875, 51.125, 2.0457058695839225e-23, nan 
-7.625, 51.125, 1.763334998203492e-23, nan 
-7.375, 51.125, 1.329614351808188e-23, nan 
-7.125, 51.125, 4.7091832913013974e-24, nan 
-6.875, 51.125, 3.808489180328333e-24, nan 
-6.625, 51.125, 1.3922650076323047e-23, nan 
-6.375, 51.125, 1.3330876934670472e-23, nan 
-6.125, 51.125, 8.291662130395891e-24, nan 
-5.875, 51.125, 1.3326893073978258e-23, nan 
-5.625, 51.125, 1.5171606461604414e-23, nan 
-5.375, 51.125, 1.2716018524531781e-23, nan 
-5.125, 51.125, 2.0758310718646068e-23, nan 
-4.875, 51.125, 2.1281237685528687e-23, nan 
-4.625, 51.125, 1.2502791600451692e-23, nan 
-4.375, 51.125, 1.7147559907209816e-23, nan 
-4.125, 51.125, 1.5219654624197954e-23, nan 
-63.375, 51.375, 8.223452429667062e-23, nan 
-63.125, 51.375, 3.393345909693987e-23, nan 
-62.875, 51.375, 3.287463436243373e-23, nan 
-62.625, 51.375, 3.480735958715752e-23, nan 
-62.375, 51.375, 5.079240393254325e-23, nan 
-62.125, 51.375, 5.393476075654505e-23, nan 
-61.875, 51.375, 4.527577573069136e-23, nan 
-61.625, 51.375, 3.809947732282748e-23, nan 
-61.375, 51.375, 4.528160759063424e-23, nan 
-61.125, 51.375, 5.233094751388925e-23, nan 
-60.875, 51.375, 7.467652394444921e-23, nan 
-60.625, 51.375, 6.509486999062252e-23, nan 
-60.375, 51.375, 2.8071948501014234e-23, nan 
-60.125, 51.375, 9.831298563890677e-23, nan 
-59.875, 51.375, 9.180418001452457e-23, nan 
-59.625, 51.375, 7.1465261802155e-23, nan 
-59.375, 51.375, 4.8327303195903586e-23, nan 
-59.125, 51.375, 3.9578327210188106e-23, nan 
-58.875, 51.375, 2.561074747312552e-23, nan 
-58.625, 51.375, 2.1535335803775065e-23, nan 
-58.375, 51.375, 1.599914172661984e-23, nan 
-58.125, 51.375, 1.805663003596076e-23, nan 
-57.875, 51.375, 2.1545568847031923e-23, nan 
-57.625, 51.375, 2.5616443144065086e-23, nan 
-57.375, 51.375, 3.065347206998635e-23, nan 
-57.125, 51.375, 3.3393123190464705e-23, nan 
-56.875, 51.375, 2.5116261669622262e-23, nan 
-56.625, 51.375, 2.5896973122475354e-23, nan 
-56.375, 51.375, 3.31314449730072e-23, nan 
-56.125, 51.375, 2.0714406505065606e-23, nan 
-55.875, 51.375, 2.961393027080921e-23, nan 
-55.625, 51.375, 2.735388193635449e-23, nan 
-55.375, 51.375, 3.316031461972682e-23, nan 
-55.125, 51.375, 2.4610835257068538e-23, nan 
-54.875, 51.375, 2.2003303925679487e-23, nan 
-54.625, 51.375, 2.849916145632406e-23, nan 
-54.375, 51.375, 2.4853206822372015e-23, nan 
-54.125, 51.375, 1.9979729541695095e-23, nan 
-53.875, 51.375, 1.1675782888733395e-23, nan 
-53.625, 51.375, 3.9510998011816625e-24, nan 
-53.375, 51.375, 4.475696720559726e-24, nan 
-53.125, 51.375, 3.0049528534151942e-24, nan 
-52.875, 51.375, 3.1675758828586357e-24, nan 
-52.625, 51.375, 2.047200154665583e-24, nan 
-52.375, 51.375, 3.191701289288193e-24, nan 
-52.125, 51.375, 1.1282747611873435e-23, nan 
-51.875, 51.375, 1.5627002140433794e-23, nan 
-51.625, 51.375, 1.4516629186715364e-23, nan 
-51.375, 51.375, 1.1162293528575746e-23, nan 
-51.125, 51.375, 1.201749729153079e-23, nan 
-50.875, 51.375, 1.1248547467078902e-23, nan 
-50.625, 51.375, 9.306138444716397e-24, nan 
-50.375, 51.375, 8.702862434466527e-24, nan 
-50.125, 51.375, 1.2059853839721889e-23, nan 
-49.875, 51.375, 1.2804053907063146e-23, nan 
-49.625, 51.375, 7.145212093418486e-24, nan 
-49.375, 51.375, 8.189969795505412e-24, nan 
-49.125, 51.375, 1.1580327074045375e-23, nan 
-48.875, 51.375, 1.1180223467744675e-23, nan 
-48.625, 51.375, 1.2224488919039513e-23, nan 
-48.375, 51.375, 1.1771294175568585e-23, nan 
-48.125, 51.375, 9.196821352124666e-24, nan 
-47.875, 51.375, 1.0009316693308266e-23, nan 
-47.625, 51.375, 8.177820108582037e-24, nan 
-47.375, 51.375, 6.745740915855467e-24, nan 
-47.125, 51.375, 7.534306090627874e-24, nan 
-46.875, 51.375, 7.970678893480092e-24, nan 
-46.625, 51.375, 8.557345931951757e-24, nan 
-46.375, 51.375, 9.090024680573829e-24, nan 
-46.125, 51.375, 2.140387596038451e-23, nan 
-45.875, 51.375, 2.266823016621429e-23, nan 
-45.625, 51.375, 1.5593848083567506e-23, nan 
-45.375, 51.375, 9.34522695116758e-24, nan 
-45.125, 51.375, 8.228038767891399e-24, nan 
-44.875, 51.375, 7.766462697217047e-24, nan 
-44.625, 51.375, 9.079358183034935e-24, nan 
-44.375, 51.375, 1.0000388977122582e-23, nan 
-44.125, 51.375, 1.0778896893319743e-23, nan 
-43.875, 51.375, 9.69146206123996e-24, nan 
-43.625, 51.375, 8.76959472833199e-24, nan 
-43.375, 51.375, 1.0783765834592581e-23, nan 
-43.125, 51.375, 8.423980750439039e-24, nan 
-42.875, 51.375, 7.081964468273848e-24, nan 
-42.625, 51.375, 4.6770803633422435e-24, nan 
-42.375, 51.375, 8.549220321417364e-24, nan 
-42.125, 51.375, 1.2808444527728664e-23, nan 
-41.875, 51.375, 1.5375278331182386e-23, nan 
-41.625, 51.375, 1.2061444411992991e-23, nan 
-41.375, 51.375, 2.913496573858323e-24, nan 
-41.125, 51.375, 6.3014458809826296e-24, nan 
-40.875, 51.375, 9.568812523556569e-24, nan 
-40.625, 51.375, 1.4201486653017623e-23, nan 
-40.375, 51.375, 1.3458368148636615e-23, nan 
-40.125, 51.375, 1.3923438679062972e-23, nan 
-39.875, 51.375, 1.0114630134024794e-23, nan 
-39.625, 51.375, 6.32192730471148e-24, nan 
-39.375, 51.375, 1.330433560306219e-23, nan 
-39.125, 51.375, 1.398876538567119e-23, nan 
-38.875, 51.375, 8.141236478167717e-24, nan 
-38.625, 51.375, 6.06991196583233e-24, nan 
-38.375, 51.375, 7.194677125212395e-24, nan 
-38.125, 51.375, 5.709615458903924e-24, nan 
-37.875, 51.375, 7.344562031139364e-24, nan 
-37.625, 51.375, 8.75078229390713e-24, nan 
-37.375, 51.375, 6.81658084376386e-24, nan 
-37.125, 51.375, 7.623753165753458e-24, nan 
-36.875, 51.375, 2.8622784611813334e-24, nan 
-36.625, 51.375, 3.311635412603982e-24, nan 
-36.375, 51.375, 7.360539834908568e-24, nan 
-36.125, 51.375, 9.661085180711558e-24, nan 
-35.875, 51.375, 7.968086714003816e-24, nan 
-35.625, 51.375, 5.449503273759575e-24, nan 
-35.375, 51.375, 3.9176647604105816e-24, nan 
-35.125, 51.375, 7.398021817705066e-24, nan 
-34.875, 51.375, 3.124194566521698e-23, nan 
-34.625, 51.375, 3.18566539912973e-23, nan 
-34.375, 51.375, 1.0278589341197759e-23, nan 
-34.125, 51.375, 5.6453909635764055e-24, nan 
-33.875, 51.375, 1.585440573389519e-23, nan 
-33.625, 51.375, 8.80826222586838e-24, nan 
-33.375, 51.375, 4.297495994093197e-24, nan 
-33.125, 51.375, 5.868601079980564e-24, nan 
-32.875, 51.375, 6.760628944834631e-24, nan 
-32.625, 51.375, 7.771708711433478e-24, nan 
-32.375, 51.375, 9.587964292808721e-24, nan 
-32.125, 51.375, 9.166044624057197e-24, nan 
-31.875, 51.375, 6.730468236667791e-24, nan 
-31.625, 51.375, 5.456536009194067e-24, nan 
-31.375, 51.375, 5.7292904878084706e-24, nan 
-31.125, 51.375, 8.734444907475675e-24, nan 
-30.875, 51.375, 9.364457463692736e-24, nan 
-30.625, 51.375, 8.500454270214291e-24, nan 
-30.375, 51.375, 6.110513654378577e-24, nan 
-30.125, 51.375, 9.654540909784747e-24, nan 
-29.875, 51.375, 1.2382521770440338e-23, nan 
-29.625, 51.375, 8.158361731895237e-24, nan 
-29.375, 51.375, 1.1655837464034933e-23, nan 
-29.125, 51.375, 9.215861660762452e-24, nan 
-28.875, 51.375, 5.8111914133462805e-24, nan 
-28.625, 51.375, 1.5906400666691873e-23, nan 
-28.375, 51.375, 1.9396706443739888e-23, nan 
-28.125, 51.375, 4.282356958363095e-23, nan 
-27.875, 51.375, 6.337673705622561e-23, nan 
-27.625, 51.375, 4.224578120667542e-23, nan 
-27.375, 51.375, 6.375770629624437e-24, nan 
-27.125, 51.375, 8.650559975167933e-24, nan 
-26.875, 51.375, 8.190083115230435e-24, nan 
-26.625, 51.375, 1.6843747492836114e-23, nan 
-26.375, 51.375, 2.72700018077929e-23, nan 
-26.125, 51.375, 5.018810879204925e-23, nan 
-25.875, 51.375, 3.939230253117427e-23, nan 
-25.625, 51.375, 1.2553968238055512e-23, nan 
-25.375, 51.375, 1.6800302429188456e-23, nan 
-25.125, 51.375, 2.1508766219950595e-23, nan 
-24.875, 51.375, 1.9764887452596153e-23, nan 
-24.625, 51.375, 1.3433948455744736e-23, nan 
-24.375, 51.375, 2.0764917747800703e-23, nan 
-24.125, 51.375, 3.8262975198036634e-23, nan 
-23.875, 51.375, 2.607922700158565e-23, nan 
-23.625, 51.375, 3.0385131488806774e-23, nan 
-23.375, 51.375, 2.2031656423540443e-23, nan 
-23.125, 51.375, 1.432520443394109e-23, nan 
-22.875, 51.375, 1.2909911625755674e-23, nan 
-22.625, 51.375, 4.336787800755218e-23, nan 
-22.375, 51.375, 2.2260566214928526e-23, nan 
-22.125, 51.375, 1.0432271761034409e-23, nan 
-21.875, 51.375, 1.1732473206318968e-23, nan 
-21.625, 51.375, 2.6074889053609107e-23, nan 
-21.375, 51.375, 3.0624638912520557e-23, nan 
-21.125, 51.375, 2.3113547259357857e-23, nan 
-20.875, 51.375, 3.663501372557229e-23, nan 
-20.625, 51.375, 4.211127390065378e-23, nan 
-20.375, 51.375, 1.404251728179341e-23, nan 
-20.125, 51.375, 1.8371331298333465e-23, nan 
-19.875, 51.375, 2.849140788055532e-23, nan 
-19.625, 51.375, 2.753348676084415e-23, nan 
-19.375, 51.375, 3.272342130034925e-23, nan 
-19.125, 51.375, 2.957760975380244e-23, nan 
-18.875, 51.375, 1.8604775995411103e-23, nan 
-18.625, 51.375, 1.611559472992208e-23, nan 
-18.375, 51.375, 1.3243633318544722e-23, nan 
-18.125, 51.375, 9.777546465848586e-24, nan 
-17.875, 51.375, 6.716260748217932e-24, nan 
-17.625, 51.375, 7.854438876035941e-24, nan 
-17.375, 51.375, 4.6678411484710996e-24, nan 
-17.125, 51.375, 1.5901348304881466e-23, nan 
-16.875, 51.375, 1.5002076260459115e-23, nan 
-16.625, 51.375, 1.0768049473764751e-23, nan 
-16.375, 51.375, 1.4912905846339794e-23, nan 
-16.125, 51.375, 1.8232453067720966e-23, nan 
-15.875, 51.375, 1.1772728742605167e-23, nan 
-15.625, 51.375, 1.3614349202917395e-23, nan 
-15.375, 51.375, 1.0355524796150208e-23, nan 
-15.125, 51.375, 5.966064690788102e-24, nan 
-14.875, 51.375, 5.555012571529327e-24, nan 
-14.625, 51.375, 5.088240641364076e-24, nan 
-14.375, 51.375, 4.718948194743322e-24, nan 
-14.125, 51.375, 1.1226378051344346e-23, nan 
-13.875, 51.375, 1.897335994759429e-23, nan 
-13.625, 51.375, 1.8243797305679003e-23, nan 
-13.375, 51.375, 2.8462838083719236e-23, nan 
-13.125, 51.375, 3.784763648279487e-23, nan 
-12.875, 51.375, 3.522405581689934e-23, nan 
-12.625, 51.375, 2.472188411650354e-23, nan 
-12.375, 51.375, 2.699386917236475e-23, nan 
-12.125, 51.375, 2.480698055674005e-23, nan 
-11.875, 51.375, 2.616695374767653e-23, nan 
-11.625, 51.375, 2.668439071198979e-23, nan 
-11.375, 51.375, 1.8538764218776576e-23, nan 
-11.125, 51.375, 7.409769743942723e-24, nan 
-10.875, 51.375, 1.1973298940755446e-23, nan 
-10.625, 51.375, 1.26903057416292e-23, nan 
-10.375, 51.375, 1.5538872275649111e-23, nan 
-10.125, 51.375, 1.1891501251854296e-23, nan 
-9.875, 51.375, 9.069086058589016e-24, nan 
-9.625, 51.375, 8.439749145377338e-24, nan 
-9.375, 51.375, 8.325542729450009e-24, nan 
-9.125, 51.375, 8.14280878786607e-24, nan 
-8.875, 51.375, 1.7153438994851756e-23, nan 
-8.625, 51.375, 1.57433047191665e-23, nan 
-8.375, 51.375, 1.456345801603943e-23, nan 
-8.125, 51.375, 3.867451874437293e-24, nan 
-7.875, 51.375, 1.1298125510229812e-23, nan 
-7.625, 51.375, 1.411723064394828e-23, nan 
-7.375, 51.375, 1.936014449962643e-23, nan 
-7.125, 51.375, 1.510944216601698e-23, nan 
-6.875, 51.375, 1.0617618012779747e-23, nan 
-6.625, 51.375, 1.2374355385975961e-23, nan 
-6.375, 51.375, 7.598343397730003e-24, nan 
-6.125, 51.375, 9.720466707457209e-24, nan 
-5.875, 51.375, 1.3010924483931911e-23, nan 
-5.625, 51.375, 2.0077092938219796e-23, nan 
-5.375, 51.375, 1.727891814597476e-23, nan 
-5.125, 51.375, 2.41029337661701e-23, nan 
-4.875, 51.375, 1.673544657740845e-23, nan 
-4.625, 51.375, 5.8675858474088134e-24, nan 
-4.375, 51.375, 1.1953038143193659e-23, nan 
-4.125, 51.375, 1.2371222783632883e-23, nan 
-3.875, 51.375, 3.648685955112766e-24, nan 
-3.625, 51.375, 4.110782884530599e-24, nan 
-3.375, 51.375, 8.212959143308112e-24, nan 
-3.125, 51.375, 6.466724121368276e-24, nan 
-2.875, 51.375, 6.199314346200303e-24, nan 
-64.625, 51.625, 1.7670757961430794e-23, nan 
-64.375, 51.625, 3.6420288512905195e-23, nan 
-64.125, 51.625, 1.906378848897243e-23, nan 
-63.875, 51.625, 1.97436792768314e-23, nan 
-63.625, 51.625, 1.4939117841818694e-22, nan 
-63.375, 51.625, 2.132145410284948e-22, nan 
-63.125, 51.625, 1.0571877870371219e-22, nan 
-62.875, 51.625, 4.8599915636407355e-23, nan 
-62.625, 51.625, 5.923450211812897e-23, nan 
-62.375, 51.625, 5.770816899517569e-23, nan 
-62.125, 51.625, 4.5265617023653445e-23, nan 
-61.875, 51.625, 5.025446363906702e-23, nan 
-61.625, 51.625, 7.995378795667903e-23, nan 
-61.375, 51.625, 6.865020471723922e-23, nan 
-61.125, 51.625, 5.734667182161923e-23, nan 
-60.875, 51.625, 5.830147120716731e-23, nan 
-60.625, 51.625, 4.094015932304714e-23, nan 
-60.375, 51.625, 5.304842389945575e-23, nan 
-60.125, 51.625, 5.896597213684518e-23, nan 
-59.875, 51.625, 6.933531447832356e-23, nan 
-59.625, 51.625, 6.745746150556111e-23, nan 
-59.375, 51.625, 5.2513467450686263e-23, nan 
-59.125, 51.625, 2.5968162832594364e-23, nan 
-58.875, 51.625, 1.063218984647731e-23, nan 
-58.625, 51.625, 7.657760256021877e-24, nan 
-58.375, 51.625, 1.1121810520931957e-23, nan 
-58.125, 51.625, 2.962768438440073e-23, nan 
-57.875, 51.625, 3.156833328460794e-23, nan 
-57.625, 51.625, 2.6140900374685582e-23, nan 
-57.375, 51.625, 3.1603731863052585e-23, nan 
-57.125, 51.625, 2.700140187937288e-23, nan 
-56.875, 51.625, 1.334181958288149e-23, nan 
-56.625, 51.625, 8.856180105629323e-24, nan 
-56.375, 51.625, 1.508753753759326e-23, nan 
-56.125, 51.625, 1.3305789040817134e-23, nan 
-55.875, 51.625, 3.2406550895839753e-23, nan 
-55.625, 51.625, 3.1940572984209166e-23, nan 
-55.375, 51.625, 4.025261165202505e-23, nan 
-55.125, 51.625, 4.9156515054337804e-23, nan 
-54.875, 51.625, 5.410034804648825e-23, nan 
-54.625, 51.625, 4.594328634350624e-23, nan 
-54.375, 51.625, 4.2314189502142686e-23, nan 
-54.125, 51.625, 2.2846036193960032e-23, nan 
-53.875, 51.625, 1.17368448358172e-23, nan 
-53.625, 51.625, 7.898439707875311e-24, nan 
-53.375, 51.625, 4.251505861159722e-24, nan 
-53.125, 51.625, 4.839692574078087e-24, nan 
-52.875, 51.625, 2.462743096811779e-24, nan 
-52.625, 51.625, 3.615583105989624e-24, nan 
-52.375, 51.625, 5.219322804245371e-24, nan 
-52.125, 51.625, 1.8193095279949822e-23, nan 
-51.875, 51.625, 2.03668390621296e-23, nan 
-51.625, 51.625, 1.1388810463002004e-23, nan 
-51.375, 51.625, 9.888392227708956e-24, nan 
-51.125, 51.625, 1.177469509199523e-23, nan 
-50.875, 51.625, 1.196034955101523e-23, nan 
-50.625, 51.625, 1.1737422899215222e-23, nan 
-50.375, 51.625, 9.093835270280843e-24, nan 
-50.125, 51.625, 1.3841777287116024e-23, nan 
-49.875, 51.625, 1.416992940237844e-23, nan 
-49.625, 51.625, 8.116666780819318e-24, nan 
-49.375, 51.625, 1.476348745590822e-23, nan 
-49.125, 51.625, 1.5904408977882513e-23, nan 
-48.875, 51.625, 9.69641086956407e-24, nan 
-48.625, 51.625, 1.3510181168287726e-23, nan 
-48.375, 51.625, 1.3438801075734198e-23, nan 
-48.125, 51.625, 1.1461285938423217e-23, nan 
-47.875, 51.625, 9.17910657414985e-24, nan 
-47.625, 51.625, 7.42546719986566e-24, nan 
-47.375, 51.625, 7.92677331534254e-24, nan 
-47.125, 51.625, 8.216419419510477e-24, nan 
-46.875, 51.625, 7.14525048668855e-24, nan 
-46.625, 51.625, 1.1198074314543103e-23, nan 
-46.375, 51.625, 2.5647384359447134e-23, nan 
-46.125, 51.625, 2.5531113904563753e-23, nan 
-45.875, 51.625, 1.5200729040707058e-23, nan 
-45.625, 51.625, 8.286287028945887e-24, nan 
-45.375, 51.625, 9.744460407466372e-24, nan 
-45.125, 51.625, 1.1101893655045984e-23, nan 
-44.875, 51.625, 6.991724756096646e-24, nan 
-44.625, 51.625, 8.257638916717785e-24, nan 
-44.375, 51.625, 1.0119874048400252e-23, nan 
-44.125, 51.625, 1.1415820500683614e-23, nan 
-43.875, 51.625, 8.632884496186854e-24, nan 
-43.625, 51.625, 5.699997151503641e-24, nan 
-43.375, 51.625, 4.924400227182982e-24, nan 
-43.125, 51.625, 3.534267707326876e-24, nan 
-42.875, 51.625, 3.88580256118917e-24, nan 
-42.625, 51.625, 6.227511851683942e-24, nan 
-42.375, 51.625, 6.1204158660015815e-24, nan 
-42.125, 51.625, 1.2717832215808739e-23, nan 
-41.875, 51.625, 1.36133364435691e-23, nan 
-41.625, 51.625, 5.623378226924854e-24, nan 
-41.375, 51.625, 4.1941141131067e-24, nan 
-41.125, 51.625, 1.0256631245437997e-23, nan 
-40.875, 51.625, 1.4962273375650835e-23, nan 
-40.625, 51.625, 1.6413151719791043e-23, nan 
-40.375, 51.625, 1.7958876631347517e-23, nan 
-40.125, 51.625, 1.3496940169981614e-23, nan 
-39.875, 51.625, 8.700289034170843e-24, nan 
-39.625, 51.625, 1.247222598888834e-23, nan 
-39.375, 51.625, 9.53735198624168e-24, nan 
-39.125, 51.625, 9.318912126393885e-24, nan 
-38.875, 51.625, 9.637963793444423e-24, nan 
-38.625, 51.625, 7.686648995208346e-24, nan 
-38.375, 51.625, 5.830485643219694e-24, nan 
-38.125, 51.625, 4.9625817945058084e-24, nan 
-37.875, 51.625, 4.42106191360608e-24, nan 
-37.625, 51.625, 4.744890077667578e-24, nan 
-37.375, 51.625, 5.1043420185147314e-24, nan 
-37.125, 51.625, 4.176838842887437e-24, nan 
-36.875, 51.625, 7.392865948570276e-24, nan 
-36.625, 51.625, 6.53084407059e-24, nan 
-36.375, 51.625, 3.368043417071425e-24, nan 
-36.125, 51.625, 7.317662676015565e-24, nan 
-35.875, 51.625, 8.143013288727797e-24, nan 
-35.625, 51.625, 6.529923506365999e-24, nan 
-35.375, 51.625, 6.200286618310419e-24, nan 
-35.125, 51.625, 1.3629549453956203e-23, nan 
-34.875, 51.625, 2.2549699389094025e-23, nan 
-34.625, 51.625, 1.7407725726258882e-23, nan 
-34.375, 51.625, 7.462513636043452e-24, nan 
-34.125, 51.625, 2.0265452937508196e-23, nan 
-33.875, 51.625, 2.5039123487213825e-23, nan 
-33.625, 51.625, 1.1876057259465983e-23, nan 
-33.375, 51.625, 9.695644243737509e-24, nan 
-33.125, 51.625, 7.140882616157696e-24, nan 
-32.875, 51.625, 8.782264758592179e-24, nan 
-32.625, 51.625, 9.123037584410186e-24, nan 
-32.375, 51.625, 8.837533789233274e-24, nan 
-32.125, 51.625, 8.930343150251086e-24, nan 
-31.875, 51.625, 6.763539542765718e-24, nan 
-31.625, 51.625, 6.0504564664595106e-24, nan 
-31.375, 51.625, 6.545039633952679e-24, nan 
-31.125, 51.625, 7.486579520431652e-24, nan 
-30.875, 51.625, 9.034094807007182e-24, nan 
-30.625, 51.625, 7.103536095530157e-24, nan 
-30.375, 51.625, 4.929377516871283e-24, nan 
-30.125, 51.625, 3.71513143177784e-24, nan 
-29.875, 51.625, 1.1211740048644463e-23, nan 
-29.625, 51.625, 1.0702746088505929e-23, nan 
-29.375, 51.625, 4.5345670219815676e-24, nan 
-29.125, 51.625, 5.860659845480857e-24, nan 
-28.875, 51.625, 1.8979567297153348e-23, nan 
-28.625, 51.625, 2.094772403484648e-23, nan 
-28.375, 51.625, 1.9432126885828865e-23, nan 
-28.125, 51.625, 4.4943311731863624e-23, nan 
-27.875, 51.625, 4.5617920305697994e-23, nan 
-27.625, 51.625, 3.8923718714630676e-24, nan 
-27.375, 51.625, 4.1167667259556786e-24, nan 
-27.125, 51.625, 7.974516235165829e-24, nan 
-26.875, 51.625, 7.856035388148698e-24, nan 
-26.625, 51.625, 7.814248372688944e-24, nan 
-26.375, 51.625, 1.1774856240240386e-23, nan 
-26.125, 51.625, 2.5111195659323437e-23, nan 
-25.875, 51.625, 1.9644825731230132e-23, nan 
-25.625, 51.625, 1.6656000112307206e-23, nan 
-25.375, 51.625, 2.0864014686751624e-23, nan 
-25.125, 51.625, 1.9723845217261917e-23, nan 
-24.875, 51.625, 1.0579313683258249e-23, nan 
-24.625, 51.625, 1.0822612951446044e-23, nan 
-24.375, 51.625, 1.5239714163064647e-23, nan 
-24.125, 51.625, 3.658381151777655e-23, nan 
-23.875, 51.625, 2.358571263234466e-23, nan 
-23.625, 51.625, 2.4459657954348637e-23, nan 
-23.375, 51.625, 1.4503270499084044e-23, nan 
-23.125, 51.625, 1.5480042891242748e-23, nan 
-22.875, 51.625, 3.3916834051494766e-23, nan 
-22.625, 51.625, 3.89095784999008e-23, nan 
-22.375, 51.625, 8.835695162870617e-23, nan 
-22.125, 51.625, 6.649954727082462e-23, nan 
-21.875, 51.625, 3.6088510629052704e-23, nan 
-21.625, 51.625, 3.111530831610132e-23, nan 
-21.375, 51.625, 2.3968071290484707e-23, nan 
-21.125, 51.625, 3.6099108975770534e-23, nan 
-20.875, 51.625, 2.6032574171105987e-23, nan 
-20.625, 51.625, 5.154522525825458e-23, nan 
-20.375, 51.625, 5.553062913623511e-23, nan 
-20.125, 51.625, 2.9771602570367887e-23, nan 
-19.875, 51.625, 2.689731799378964e-23, nan 
-19.625, 51.625, 1.2804579268636005e-23, nan 
-19.375, 51.625, 4.8624453280561493e-23, nan 
-19.125, 51.625, 4.5992120780662395e-23, nan 
-18.875, 51.625, 9.3115943316091e-24, nan 
-18.625, 51.625, 9.608271706969363e-24, nan 
-18.375, 51.625, 9.336666195103096e-24, nan 
-18.125, 51.625, 8.693539112372445e-24, nan 
-17.875, 51.625, 1.8190732220180898e-23, nan 
-17.625, 51.625, 1.7133682857335732e-23, nan 
-17.375, 51.625, 1.9112854270057827e-23, nan 
-17.125, 51.625, 1.9547179708679757e-23, nan 
-16.875, 51.625, 9.571309724112751e-24, nan 
-16.625, 51.625, 4.28947435446261e-24, nan 
-16.375, 51.625, 1.1230050728594215e-23, nan 
-16.125, 51.625, 2.626309338630413e-23, nan 
-15.875, 51.625, 2.757524531955784e-23, nan 
-15.625, 51.625, 1.9137198439730876e-23, nan 
-15.375, 51.625, 9.447198646450025e-24, nan 
-15.125, 51.625, 5.2140952134546635e-24, nan 
-14.875, 51.625, 9.198830226538621e-24, nan 
-14.625, 51.625, 6.4418547214470165e-24, nan 
-14.375, 51.625, 9.957245213186157e-24, nan 
-14.125, 51.625, 1.550588994538492e-23, nan 
-13.875, 51.625, 1.7974605426608088e-23, nan 
-13.625, 51.625, 1.6262241607733417e-23, nan 
-13.375, 51.625, 9.967609705768076e-24, nan 
-13.125, 51.625, 7.51006624774581e-24, nan 
-12.875, 51.625, 1.6871304803941764e-23, nan 
-12.625, 51.625, 1.3901912412315286e-23, nan 
-12.375, 51.625, 2.2922239813719423e-23, nan 
-12.125, 51.625, 2.555480745956236e-23, nan 
-11.875, 51.625, 2.289638138024421e-23, nan 
-11.625, 51.625, 1.2919544171121929e-23, nan 
-11.375, 51.625, 3.1299344482749544e-24, nan 
-11.125, 51.625, 7.451009297051893e-24, nan 
-10.875, 51.625, 1.4701378187846617e-23, nan 
-10.625, 51.625, 1.4169546314839984e-23, nan 
-10.375, 51.625, 1.379040537346157e-23, nan 
-10.125, 51.625, 1.1412433918179942e-23, nan 
-9.875, 51.625, 9.169052851340854e-24, nan 
-9.625, 51.625, 1.4684569349748862e-23, nan 
-9.375, 51.625, 2.711817436703457e-23, nan 
-9.125, 51.625, 2.884851555229031e-23, nan 
-8.875, 51.625, 3.3946396543752313e-23, nan 
-8.625, 51.625, 2.4185846609017872e-23, nan 
-8.375, 51.625, 3.014875354288973e-23, nan 
-8.125, 51.625, 2.496152688326571e-23, nan 
-7.875, 51.625, 1.4147350973615102e-23, nan 
-7.625, 51.625, 1.1151427568275986e-23, nan 
-7.375, 51.625, 8.122016428839581e-24, nan 
-7.125, 51.625, 8.689101286436844e-24, nan 
-6.875, 51.625, 1.5045942000438584e-23, nan 
-6.625, 51.625, 1.5284389024952672e-23, nan 
-6.375, 51.625, 1.3992103893149745e-23, nan 
-6.125, 51.625, 1.761896953438696e-23, nan 
-5.875, 51.625, 1.8315805639948172e-23, nan 
-5.625, 51.625, 1.8156501772309988e-23, nan 
-5.375, 51.625, 1.7585749348743626e-23, nan 
-5.125, 51.625, 2.180117012431678e-23, nan 
-4.875, 51.625, 9.427891348119755e-24, nan 
-4.625, 51.625, 1.1679521580319188e-23, nan 
-4.375, 51.625, 1.7100647398339828e-23, nan 
-4.125, 51.625, 2.1520193026340623e-23, nan 
-3.875, 51.625, 5.450224001787871e-24, nan 
-3.625, 51.625, 1.0511231294155507e-23, nan 
-3.375, 51.625, 1.5311136931135347e-23, nan 
-3.125, 51.625, 1.1150121840221448e-23, nan 
-2.875, 51.625, 5.389685793096692e-24, nan 
-2.625, 51.625, 2.614869514455905e-24, nan 
-2.375, 51.625, 6.858812753850856e-24, nan 
-2.125, 51.625, 1.235652939547618e-23, nan 
-1.875, 51.625, 9.517619954266206e-24, nan 
-1.625, 51.625, 9.647220792034139e-24, nan 
-65.875, 51.875, 9.020214120411311e-23, nan 
-65.625, 51.875, 1.3936820656006125e-22, nan 
-65.375, 51.875, 1.3915815846689465e-22, nan 
-65.125, 51.875, 2.4905461046125327e-22, nan 
-64.875, 51.875, 2.35035215716115e-22, nan 
-64.625, 51.875, 2.3579103347201353e-22, nan 
-64.375, 51.875, 2.5663129539899005e-22, nan 
-64.125, 51.875, 1.4100582122793992e-22, nan 
-63.875, 51.875, 1.700903111218078e-23, nan 
-63.625, 51.875, 3.687438295733534e-23, nan 
-63.375, 51.875, 8.977274523832396e-23, nan 
-63.125, 51.875, 2.9843609487738063e-23, nan 
-62.875, 51.875, 4.5780056641126755e-23, nan 
-62.625, 51.875, 4.623068673276403e-23, nan 
-62.375, 51.875, 4.0177519197473275e-23, nan 
-62.125, 51.875, 4.71113980134055e-23, nan 
-61.875, 51.875, 6.215566170480416e-23, nan 
-61.625, 51.875, 8.672909999934922e-23, nan 
-61.375, 51.875, 6.843597385189412e-23, nan 
-61.125, 51.875, 4.999016013719826e-23, nan 
-60.875, 51.875, 8.942424369811329e-23, nan 
-60.625, 51.875, 8.527582939062593e-23, nan 
-60.375, 51.875, 5.848305081517356e-23, nan 
-60.125, 51.875, 5.423858426607942e-23, nan 
-59.875, 51.875, 5.890357667567972e-23, nan 
-59.625, 51.875, 3.943546904875074e-23, nan 
-59.375, 51.875, 3.933044497857329e-23, nan 
-59.125, 51.875, 4.562215581715461e-23, nan 
-58.875, 51.875, 4.676276127979838e-23, nan 
-58.625, 51.875, 2.65494474199988e-23, nan 
-58.375, 51.875, 2.2333078363809916e-23, nan 
-58.125, 51.875, 2.2170060856960843e-23, nan 
-57.875, 51.875, 2.7438688360493604e-23, nan 
-57.625, 51.875, 3.1546519975499413e-23, nan 
-57.375, 51.875, 3.2278470472751377e-23, nan 
-57.125, 51.875, 2.6227191466088339e-23, nan 
-56.875, 51.875, 1.9447118868619514e-23, nan 
-56.625, 51.875, 4.281793024603388e-23, nan 
-56.375, 51.875, 4.337844077878757e-23, nan 
-56.125, 51.875, 4.4052224544934003e-23, nan 
-55.875, 51.875, 5.37515134994329e-23, nan 
-55.625, 51.875, 4.6921295352301795e-23, nan 
-55.375, 51.875, 3.4004495531621037e-23, nan 
-55.125, 51.875, 1.4579065917011998e-23, nan 
-54.875, 51.875, 3.566618487883167e-23, nan 
-54.625, 51.875, 3.5378332863741927e-23, nan 
-54.375, 51.875, 2.3113744366063265e-23, nan 
-54.125, 51.875, 7.901405678482058e-24, nan 
-53.875, 51.875, 7.860971645868906e-24, nan 
-53.625, 51.875, 4.623784623260555e-24, nan 
-53.375, 51.875, 3.917019063824494e-24, nan 
-53.125, 51.875, 1.0252247501850506e-23, nan 
-52.875, 51.875, 8.589528062636654e-24, nan 
-52.625, 51.875, 2.0881418471775176e-24, nan 
-52.375, 51.875, 4.5439345840927035e-24, nan 
-52.125, 51.875, 1.469112086377652e-23, nan 
-51.875, 51.875, 1.6073659505053126e-23, nan 
-51.625, 51.875, 8.233037222742683e-24, nan 
-51.375, 51.875, 1.0429512031209224e-23, nan 
-51.125, 51.875, 1.379262424496447e-23, nan 
-50.875, 51.875, 1.419364496048226e-23, nan 
-50.625, 51.875, 1.0652803236092942e-23, nan 
-50.375, 51.875, 8.229135480000254e-24, nan 
-50.125, 51.875, 1.2571559958161299e-23, nan 
-49.875, 51.875, 1.2838697726318172e-23, nan 
-49.625, 51.875, 1.0372658104253656e-23, nan 
-49.375, 51.875, 1.370128061947041e-23, nan 
-49.125, 51.875, 1.5709832800004108e-23, nan 
-48.875, 51.875, 1.0268672750728725e-23, nan 
-48.625, 51.875, 1.4927238976807363e-23, nan 
-48.375, 51.875, 1.396217907199638e-23, nan 
-48.125, 51.875, 1.8091380511571854e-23, nan 
-47.875, 51.875, 1.7015689858271882e-23, nan 
-47.625, 51.875, 1.403785118108452e-23, nan 
-47.375, 51.875, 1.0990455063847818e-23, nan 
-47.125, 51.875, 9.679610557320103e-24, nan 
-46.875, 51.875, 2.27935488431844e-23, nan 
-46.625, 51.875, 2.700491774314219e-23, nan 
-46.375, 51.875, 2.4190034065994875e-23, nan 
-46.125, 51.875, 1.2879246845103144e-23, nan 
-45.875, 51.875, 6.939322775830481e-24, nan 
-45.625, 51.875, 9.250979380041118e-24, nan 
-45.375, 51.875, 1.3290826401838736e-23, nan 
-45.125, 51.875, 1.32574784401511e-23, nan 
-44.875, 51.875, 1.2600982429825929e-23, nan 
-44.625, 51.875, 1.2991313787052788e-23, nan 
-44.375, 51.875, 1.3399532160516324e-23, nan 
-44.125, 51.875, 1.1283091210654727e-23, nan 
-43.875, 51.875, 7.030737654441966e-24, nan 
-43.625, 51.875, 5.070610060881397e-24, nan 
-43.375, 51.875, 7.081476915681837e-24, nan 
-43.125, 51.875, 6.351029591986842e-24, nan 
-42.875, 51.875, 5.662624380997532e-24, nan 
-42.625, 51.875, 9.529783121960264e-24, nan 
-42.375, 51.875, 8.876131311056262e-24, nan 
-42.125, 51.875, 1.514377268120563e-23, nan 
-41.875, 51.875, 1.3662260496751192e-23, nan 
-41.625, 51.875, 6.5004430166967666e-24, nan 
-41.375, 51.875, 1.0776874064513183e-23, nan 
-41.125, 51.875, 1.6351642411661777e-23, nan 
-40.875, 51.875, 1.6825721614889182e-23, nan 
-40.625, 51.875, 1.9912533784829948e-23, nan 
-40.375, 51.875, 1.7627004506558834e-23, nan 
-40.125, 51.875, 1.1916442618446838e-23, nan 
-39.875, 51.875, 1.438719532305197e-23, nan 
-39.625, 51.875, 1.449995942537954e-23, nan 
-39.375, 51.875, 1.1068437870087135e-23, nan 
-39.125, 51.875, 8.944698145548146e-24, nan 
-38.875, 51.875, 8.56245919060961e-24, nan 
-38.625, 51.875, 8.857230985083536e-24, nan 
-38.375, 51.875, 7.697364172563693e-24, nan 
-38.125, 51.875, 4.411120883760942e-24, nan 
-37.875, 51.875, 3.945103778357607e-24, nan 
-37.625, 51.875, 6.3122707292638266e-24, nan 
-37.375, 51.875, 5.5318877983444534e-24, nan 
-37.125, 51.875, 4.835820065245233e-24, nan 
-36.875, 51.875, 6.441516772499513e-24, nan 
-36.625, 51.875, 7.198561455250988e-24, nan 
-36.375, 51.875, 6.737538281255751e-24, nan 
-36.125, 51.875, 3.9657366868642645e-24, nan 
-35.875, 51.875, 5.539935153584941e-24, nan 
-35.625, 51.875, 7.68709854559241e-24, nan 
-35.375, 51.875, 1.094127138243272e-23, nan 
-35.125, 51.875, 1.3063867756638342e-23, nan 
-34.875, 51.875, 1.0947363471361967e-23, nan 
-34.625, 51.875, 8.42836732499087e-24, nan 
-34.375, 51.875, 7.887052603521259e-24, nan 
-34.125, 51.875, 5.7280988862951494e-24, nan 
-33.875, 51.875, 8.456987575253163e-24, nan 
-33.625, 51.875, 5.746773401577737e-24, nan 
-33.375, 51.875, 1.8785142264829887e-24, nan 
-33.125, 51.875, 8.423174561836443e-24, nan 
-32.875, 51.875, 1.1004969211674151e-23, nan 
-32.625, 51.875, 9.21401706275604e-24, nan 
-32.375, 51.875, 7.345238186333936e-24, nan 
-32.125, 51.875, 5.3880644976316365e-24, nan 
-31.875, 51.875, 5.5595037139895825e-24, nan 
-31.625, 51.875, 6.2981887462703114e-24, nan 
-31.375, 51.875, 7.094966258829381e-24, nan 
-31.125, 51.875, 6.827371587846669e-24, nan 
-30.875, 51.875, 7.033134718917075e-24, nan 
-30.625, 51.875, 4.846934851815224e-24, nan 
-30.375, 51.875, 4.7047838177907215e-24, nan 
-30.125, 51.875, 8.344286726864903e-24, nan 
-29.875, 51.875, 7.627659623582031e-24, nan 
-29.625, 51.875, 6.722189081352577e-24, nan 
-29.375, 51.875, 5.75731622349603e-24, nan 
-29.125, 51.875, 5.8169109901954725e-24, nan 
-28.875, 51.875, 2.341907175499448e-23, nan 
-28.625, 51.875, 2.3760901777319662e-23, nan 
-28.375, 51.875, 7.643734642468278e-24, nan 
-28.125, 51.875, 3.493925356765594e-23, nan 
-27.875, 51.875, 3.2349248870748384e-23, nan 
-27.625, 51.875, 2.7187984033573605e-23, nan 
-27.375, 51.875, 1.405042803286697e-23, nan 
-27.125, 51.875, 8.776854575832409e-24, nan 
-26.875, 51.875, 6.983530540214617e-24, nan 
-26.625, 51.875, 5.4694683497645525e-24, nan 
-26.375, 51.875, 6.073667896880478e-24, nan 
-26.125, 51.875, 1.840141332547679e-23, nan 
-25.875, 51.875, 1.4787715678365637e-23, nan 
-25.625, 51.875, 2.5489036424976256e-23, nan 
-25.375, 51.875, 3.520622373238552e-23, nan 
-25.125, 51.875, 2.4581922430322008e-23, nan 
-24.875, 51.875, 1.7908149451730562e-23, nan 
-24.625, 51.875, 2.070088421382411e-23, nan 
-24.375, 51.875, 4.34487983423738e-23, nan 
-24.125, 51.875, 7.530280936081485e-23, nan 
-23.875, 51.875, 5.181449227847655e-23, nan 
-23.625, 51.875, 2.5812087401380667e-23, nan 
-23.375, 51.875, 4.0079354822842076e-23, nan 
-23.125, 51.875, 3.0012174199364755e-23, nan 
-22.875, 51.875, 3.1945099133046446e-23, nan 
-22.625, 51.875, 1.3107073736327738e-22, nan 
-22.375, 51.875, 1.6904532848559958e-22, nan 
-22.125, 51.875, 1.2763407671932448e-22, nan 
-21.875, 51.875, 1.1681503181949767e-22, nan 
-21.625, 51.875, 7.24848725963857e-23, nan 
-21.375, 51.875, 5.119266369549128e-23, nan 
-21.125, 51.875, 5.819019566415986e-23, nan 
-20.875, 51.875, 4.4376085098066493e-23, nan 
-20.625, 51.875, 3.874928352831597e-23, nan 
-20.375, 51.875, 5.226237985913949e-23, nan 
-20.125, 51.875, 3.055184330283831e-23, nan 
-19.875, 51.875, 1.586897183974057e-23, nan 
-19.625, 51.875, 3.902452093406535e-23, nan 
-19.375, 51.875, 5.390964853054668e-23, nan 
-19.125, 51.875, 4.576392608907398e-23, nan 
-18.875, 51.875, 2.5559289436093327e-23, nan 
-18.625, 51.875, 8.587139748431162e-24, nan 
-18.375, 51.875, 1.2039641714129747e-23, nan 
-18.125, 51.875, 1.8662862963304542e-23, nan 
-17.875, 51.875, 2.4091611430970435e-23, nan 
-17.625, 51.875, 1.3849380767361637e-23, nan 
-17.375, 51.875, 1.2416764981320817e-23, nan 
-17.125, 51.875, 9.963948619863793e-24, nan 
-16.875, 51.875, 1.1331668482933956e-23, nan 
-16.625, 51.875, 1.8475512912466967e-23, nan 
-16.375, 51.875, 2.5299237901555762e-23, nan 
-16.125, 51.875, 3.00946727186001e-23, nan 
-15.875, 51.875, 3.798127583944678e-23, nan 
-15.625, 51.875, 3.086287590167673e-23, nan 
-15.375, 51.875, 1.2836848268867446e-23, nan 
-15.125, 51.875, 1.7454441668553484e-23, nan 
-14.875, 51.875, 1.4475067448658693e-23, nan 
-14.625, 51.875, 3.723208601396531e-24, nan 
-14.375, 51.875, 4.457634814746516e-24, nan 
-14.125, 51.875, 8.702001608626997e-24, nan 
-13.875, 51.875, 1.3287316513843562e-23, nan 
-13.625, 51.875, 1.867862090071392e-23, nan 
-13.375, 51.875, 1.5054047922362575e-23, nan 
-13.125, 51.875, 6.834161496034302e-24, nan 
-12.875, 51.875, 6.783192945607726e-24, nan 
-12.625, 51.875, 8.524770444979748e-24, nan 
-12.375, 51.875, 8.684356622345274e-24, nan 
-12.125, 51.875, 7.156250157737407e-24, nan 
-11.875, 51.875, 8.147043344955042e-24, nan 
-11.625, 51.875, 1.0835345899847704e-23, nan 
-11.375, 51.875, 1.599626546933053e-23, nan 
-11.125, 51.875, 1.4432193703694519e-23, nan 
-10.875, 51.875, 1.423469668359308e-23, nan 
-10.625, 51.875, 1.4231239962771708e-23, nan 
-10.375, 51.875, 1.557789184427029e-23, nan 
-10.125, 51.875, 1.8217123005197624e-23, nan 
-9.875, 51.875, 1.2961297932263752e-23, nan 
-9.625, 51.875, 2.840163209896475e-23, nan 
-9.375, 51.875, 4.056413925817774e-23, nan 
-9.125, 51.875, 3.3996663692844785e-23, nan 
-8.875, 51.875, 3.8330440201710874e-23, nan 
-8.625, 51.875, 2.342171552351336e-23, nan 
-8.375, 51.875, 2.482889243439172e-23, nan 
-8.125, 51.875, 2.6553747776528585e-23, nan 
-7.875, 51.875, 3.396431438234286e-23, nan 
-7.625, 51.875, 2.4845981706758868e-23, nan 
-7.375, 51.875, 1.453449723320952e-23, nan 
-7.125, 51.875, 1.10368674184763e-23, nan 
-6.875, 51.875, 2.1982693252578223e-23, nan 
-6.625, 51.875, 2.9645004290430064e-23, nan 
-6.375, 51.875, 2.4474780424910494e-23, nan 
-6.125, 51.875, 2.0144479566798983e-23, nan 
-5.875, 51.875, 1.2592673351702005e-23, nan 
-5.625, 51.875, 1.7545596060450866e-23, nan 
-5.375, 51.875, 1.760580677947951e-23, nan 
-5.125, 51.875, 5.091341452285933e-24, nan 
-4.875, 51.875, 5.3315953659256876e-24, nan 
-4.625, 51.875, 7.885303311384622e-24, nan 
-4.375, 51.875, 9.774244854809726e-24, nan 
-4.125, 51.875, 2.6253796054675438e-23, nan 
-3.875, 51.875, 2.3332159510129467e-23, nan 
-3.625, 51.875, 1.0682873002460227e-23, nan 
-3.375, 51.875, 1.3334846527542138e-23, nan 
-3.125, 51.875, 1.3638689789890294e-23, nan 
-2.875, 51.875, 1.0445321659635454e-23, nan 
-2.625, 51.875, 6.415566641301279e-24, nan 
-2.375, 51.875, 1.018645809763041e-23, nan 
-2.125, 51.875, 1.960231722568699e-23, nan 
-1.875, 51.875, 2.2956722636162948e-23, nan 
-1.625, 51.875, 2.2163871268156583e-23, nan 
-1.375, 51.875, 7.813128086228078e-24, nan 
-1.125, 51.875, 6.641426572580963e-24, nan 
-0.875, 51.875, 6.5336597272548284e-24, nan 
-0.625, 51.875, 1.1259539985957846e-23, nan 
-0.375, 51.875, 1.12442434929427e-23, nan 
-67.125, 52.125, 9.692618400109185e-23, nan 
-66.875, 52.125, 1.3135158466728362e-22, nan 
-66.625, 52.125, 1.6922874217602824e-22, nan 
-66.375, 52.125, 1.853414909473567e-22, nan 
-66.125, 52.125, 1.0745702710085674e-22, nan 
-65.875, 52.125, 8.748080263791371e-23, nan 
-65.625, 52.125, 2.386749317856192e-22, nan 
-65.375, 52.125, 3.6200715763325705e-22, nan 
-65.125, 52.125, 3.4433343205606074e-22, nan 
-64.875, 52.125, 2.365548020959003e-22, nan 
-64.625, 52.125, 2.392627031142559e-22, nan 
-64.375, 52.125, 2.9449301430745837e-22, nan 
-64.125, 52.125, 3.1315192168879126e-22, nan 
-63.875, 52.125, 2.576142565960303e-22, nan 
-63.625, 52.125, 2.7206809630734126e-23, nan 
-63.375, 52.125, 4.982540081601535e-23, nan 
-63.125, 52.125, 4.4141688922453574e-23, nan 
-62.875, 52.125, 4.1969540467366334e-23, nan 
-62.625, 52.125, 5.010311239553901e-23, nan 
-62.375, 52.125, 3.78982686694383e-23, nan 
-62.125, 52.125, 2.9341943066061067e-23, nan 
-61.875, 52.125, 4.6871419739539594e-23, nan 
-61.625, 52.125, 5.1910501520822135e-23, nan 
-61.375, 52.125, 6.034358518879248e-23, nan 
-61.125, 52.125, 7.585412422853409e-23, nan 
-60.875, 52.125, 8.313025763701798e-23, nan 
-60.625, 52.125, 3.912671617280986e-23, nan 
-60.375, 52.125, 2.388332545675366e-23, nan 
-60.125, 52.125, 2.506271699023254e-23, nan 
-59.875, 52.125, 2.4063121618710964e-23, nan 
-59.625, 52.125, 3.6288246438027165e-23, nan 
-59.375, 52.125, 4.8204740180520176e-23, nan 
-59.125, 52.125, 2.3021791772501445e-23, nan 
-58.875, 52.125, 3.784022595649309e-23, nan 
-58.625, 52.125, 2.8990600555179374e-23, nan 
-58.375, 52.125, 2.4947699223060196e-23, nan 
-58.125, 52.125, 3.843840162920108e-23, nan 
-57.875, 52.125, 3.018413572044367e-23, nan 
-57.625, 52.125, 1.6509409502963811e-23, nan 
-57.375, 52.125, 2.031497612428916e-23, nan 
-57.125, 52.125, 4.68583553628045e-23, nan 
-56.875, 52.125, 5.403101617875012e-23, nan 
-56.625, 52.125, 4.4982006082778467e-23, nan 
-56.375, 52.125, 1.9551571825632835e-23, nan 
-56.125, 52.125, 3.513524215636848e-23, nan 
-55.875, 52.125, 4.4117607078930833e-23, nan 
-55.625, 52.125, 3.7551281626775536e-23, nan 
-55.375, 52.125, 2.6744767595849315e-23, nan 
-55.125, 52.125, 7.230218279452428e-24, nan 
-54.875, 52.125, 1.1183359520705024e-23, nan 
-54.625, 52.125, 8.422060500349611e-24, nan 
-54.375, 52.125, 1.1997806568804231e-23, nan 
-54.125, 52.125, 1.4507503529302127e-23, nan 
-53.875, 52.125, 1.06498473100769e-23, nan 
-53.625, 52.125, 6.0600287179730075e-24, nan 
-53.375, 52.125, 4.559725372768715e-24, nan 
-53.125, 52.125, 6.142838801820245e-24, nan 
-52.875, 52.125, 2.9680016403203057e-24, nan 
-52.625, 52.125, 2.480566204088672e-24, nan 
-52.375, 52.125, 2.79844595894797e-24, nan 
-52.125, 52.125, 9.33339674069063e-24, nan 
-51.875, 52.125, 1.1603142831288198e-23, nan 
-51.625, 52.125, 1.536892053712712e-23, nan 
-51.375, 52.125, 1.6767107541985184e-23, nan 
-51.125, 52.125, 1.5284023207357763e-23, nan 
-50.875, 52.125, 1.660155727788346e-23, nan 
-50.625, 52.125, 1.689080172205772e-23, nan 
-50.375, 52.125, 1.2008055848822485e-23, nan 
-50.125, 52.125, 1.0904186942389591e-23, nan 
-49.875, 52.125, 7.804742204010909e-24, nan 
-49.625, 52.125, 1.441250230182719e-23, nan 
-49.375, 52.125, 2.3708365131243265e-23, nan 
-49.125, 52.125, 2.0425817642918396e-23, nan 
-48.875, 52.125, 1.00419011054708e-23, nan 
-48.625, 52.125, 1.1949373537870393e-23, nan 
-48.375, 52.125, 1.7586782049969742e-23, nan 
-48.125, 52.125, 2.7346667054571104e-23, nan 
-47.875, 52.125, 2.0716572271402797e-23, nan 
-47.625, 52.125, 1.6154504550849574e-23, nan 
-47.375, 52.125, 1.2929401889032926e-23, nan 
-47.125, 52.125, 1.3357397037009815e-23, nan 
-46.875, 52.125, 2.2567259317196345e-23, nan 
-46.625, 52.125, 2.318356317201464e-23, nan 
-46.375, 52.125, 1.949795239996571e-23, nan 
-46.125, 52.125, 7.542683927992138e-24, nan 
-45.875, 52.125, 1.4215341673549687e-23, nan 
-45.625, 52.125, 1.72895870764256e-23, nan 
-45.375, 52.125, 1.4387221393635318e-23, nan 
-45.125, 52.125, 1.273731552628987e-23, nan 
-44.875, 52.125, 1.149074238621669e-23, nan 
-44.625, 52.125, 8.619552269362597e-24, nan 
-44.375, 52.125, 7.994258521623906e-24, nan 
-44.125, 52.125, 7.87621587992472e-24, nan 
-43.875, 52.125, 6.064293539372992e-24, nan 
-43.625, 52.125, 7.081893255679604e-24, nan 
-43.375, 52.125, 8.008205751134188e-24, nan 
-43.125, 52.125, 7.958670056112482e-24, nan 
-42.875, 52.125, 1.601587614542159e-23, nan 
-42.625, 52.125, 1.915382883408828e-23, nan 
-42.375, 52.125, 1.7378913200360707e-23, nan 
-42.125, 52.125, 1.7092009715140255e-23, nan 
-41.875, 52.125, 9.205677304632652e-24, nan 
-41.625, 52.125, 1.0274416938781164e-23, nan 
-41.375, 52.125, 1.4267075957700053e-23, nan 
-41.125, 52.125, 1.6138342038148319e-23, nan 
-40.875, 52.125, 1.5332476472793068e-23, nan 
-40.625, 52.125, 1.527080458497597e-23, nan 
-40.375, 52.125, 1.1543838735022089e-23, nan 
-40.125, 52.125, 1.332304717368842e-23, nan 
-39.875, 52.125, 1.2080276290121556e-23, nan 
-39.625, 52.125, 4.831088822770545e-24, nan 
-39.375, 52.125, 8.124756286014809e-24, nan 
-39.125, 52.125, 1.0258709886875787e-23, nan 
-38.875, 52.125, 1.1378676918698728e-23, nan 
-38.625, 52.125, 6.913520910863416e-24, nan 
-38.375, 52.125, 5.082812558633921e-24, nan 
-38.125, 52.125, 4.559515903526198e-24, nan 
-37.875, 52.125, 3.959405317148771e-24, nan 
-37.625, 52.125, 5.4571182522521205e-24, nan 
-37.375, 52.125, 4.18638246394481e-24, nan 
-37.125, 52.125, 4.045999717471316e-24, nan 
-36.875, 52.125, 3.357416254659527e-24, nan 
-36.625, 52.125, 6.50000306632958e-24, nan 
-36.375, 52.125, 6.882782711322185e-24, nan 
-36.125, 52.125, 4.0325201746878086e-24, nan 
-35.875, 52.125, 4.097442279167334e-24, nan 
-35.625, 52.125, 7.793249534664874e-24, nan 
-35.375, 52.125, 1.1659891547229317e-23, nan 
-35.125, 52.125, 9.696246324207733e-24, nan 
-34.875, 52.125, 4.4418690531130746e-24, nan 
-34.625, 52.125, 6.1716592370129705e-24, nan 
-34.375, 52.125, 7.926611482868622e-24, nan 
-34.125, 52.125, 5.9254225997182474e-24, nan 
-33.875, 52.125, 5.565931836964812e-24, nan 
-33.625, 52.125, 4.161965026691545e-24, nan 
-33.375, 52.125, 7.291828581668304e-24, nan 
-33.125, 52.125, 7.672219812149003e-24, nan 
-32.875, 52.125, 7.297162269624144e-24, nan 
-32.625, 52.125, 6.265461511216641e-24, nan 
-32.375, 52.125, 4.916826413763023e-24, nan 
-32.125, 52.125, 6.743026921100881e-24, nan 
-31.875, 52.125, 4.186543448562283e-24, nan 
-31.625, 52.125, 2.023934116739967e-24, nan 
-31.375, 52.125, 8.844258049801494e-24, nan 
-31.125, 52.125, 9.956150002500995e-24, nan 
-30.875, 52.125, 5.291529818845407e-24, nan 
-30.625, 52.125, 9.393606483304546e-24, nan 
-30.375, 52.125, 6.507067000574792e-24, nan 
-30.125, 52.125, 6.771006227094361e-24, nan 
-29.875, 52.125, 7.032305888897638e-24, nan 
-29.625, 52.125, 6.91563057609402e-24, nan 
-29.375, 52.125, 9.617938833433412e-24, nan 
-29.125, 52.125, 9.397957386443534e-24, nan 
-28.875, 52.125, 1.5997804867091288e-23, nan 
-28.625, 52.125, 1.626894817305716e-23, nan 
-28.375, 52.125, 2.728017132645882e-23, nan 
-28.125, 52.125, 3.036347414840779e-23, nan 
-27.875, 52.125, 4.247707258722988e-23, nan 
-27.625, 52.125, 5.605675862353265e-23, nan 
-27.375, 52.125, 3.3016060059569277e-23, nan 
-27.125, 52.125, 1.4205664564956516e-23, nan 
-26.875, 52.125, 5.760241660518983e-24, nan 
-26.625, 52.125, 9.605304968063989e-24, nan 
-26.375, 52.125, 2.1909088431157505e-23, nan 
-26.125, 52.125, 2.5239548357063237e-23, nan 
-25.875, 52.125, 4.481263517911446e-23, nan 
-25.625, 52.125, 3.5135852133339493e-23, nan 
-25.375, 52.125, 3.392821720886108e-23, nan 
-25.125, 52.125, 3.2658245421067355e-23, nan 
-24.875, 52.125, 3.716566661802577e-23, nan 
-24.625, 52.125, 3.799395752946554e-23, nan 
-24.375, 52.125, 3.090759208280457e-23, nan 
-24.125, 52.125, 4.7005905416349426e-23, nan 
-23.875, 52.125, 1.801629361197947e-23, nan 
-23.625, 52.125, 1.2070375224328472e-23, nan 
-23.375, 52.125, 2.4796495596407342e-23, nan 
-23.125, 52.125, 1.5445689466357923e-23, nan 
-22.875, 52.125, 3.870888401841226e-23, nan 
-22.625, 52.125, 3.607650858966044e-23, nan 
-22.375, 52.125, 8.712536708983161e-23, nan 
-22.125, 52.125, 9.805548159284204e-23, nan 
-21.875, 52.125, 6.683161666634912e-23, nan 
-21.625, 52.125, 2.1800414373766703e-23, nan 
-21.375, 52.125, 5.408226423370313e-23, nan 
-21.125, 52.125, 1.6147034881147879e-22, nan 
-20.875, 52.125, 7.251077974139743e-23, nan 
-20.625, 52.125, 4.3534382567102453e-23, nan 
-20.375, 52.125, 4.2095357136333366e-23, nan 
-20.125, 52.125, 2.2603296786055565e-23, nan 
-19.875, 52.125, 3.8002612639973434e-23, nan 
-19.625, 52.125, 6.272059510243885e-23, nan 
-19.375, 52.125, 5.59025840369628e-23, nan 
-19.125, 52.125, 3.026453102782279e-23, nan 
-18.875, 52.125, 2.2610802523417406e-23, nan 
-18.625, 52.125, 1.2516367247895529e-23, nan 
-18.375, 52.125, 1.106001024575949e-23, nan 
-18.125, 52.125, 7.694766305248106e-24, nan 
-17.875, 52.125, 1.1706046274088274e-23, nan 
-17.625, 52.125, 1.3879625436364367e-23, nan 
-17.375, 52.125, 1.2982877505233449e-23, nan 
-17.125, 52.125, 1.5117669210011896e-23, nan 
-16.875, 52.125, 1.900321956744893e-23, nan 
-16.625, 52.125, 1.9448706425894148e-23, nan 
-16.375, 52.125, 2.9041280270986925e-23, nan 
-16.125, 52.125, 4.1205381775566957e-23, nan 
-15.875, 52.125, 4.720667232502353e-23, nan 
-15.625, 52.125, 3.572245423578572e-23, nan 
-15.375, 52.125, 6.228708363992685e-24, nan 
-15.125, 52.125, 1.0813610309414683e-23, nan 
-14.875, 52.125, 8.522527854884933e-24, nan 
-14.625, 52.125, 9.709549258440746e-24, nan 
-14.375, 52.125, 8.941119990005291e-24, nan 
-14.125, 52.125, 1.4099230795810383e-23, nan 
-13.875, 52.125, 2.5255800640916637e-23, nan 
-13.625, 52.125, 3.3862290826083065e-23, nan 
-13.375, 52.125, 1.9696943621751986e-23, nan 
-13.125, 52.125, 2.1646286169533315e-23, nan 
-12.875, 52.125, 1.7849886242408774e-23, nan 
-12.625, 52.125, 1.080393560753639e-23, nan 
-12.375, 52.125, 7.694618449387963e-24, nan 
-12.125, 52.125, 4.834984216661966e-24, nan 
-11.875, 52.125, 7.323814940239911e-24, nan 
-11.625, 52.125, 1.2001704921144282e-23, nan 
-11.375, 52.125, 1.2588897898463502e-23, nan 
-11.125, 52.125, 5.879503386227448e-24, nan 
-10.875, 52.125, 1.0215857139352868e-23, nan 
-10.625, 52.125, 1.2747488670326322e-23, nan 
-10.375, 52.125, 6.6026719440320416e-24, nan 
-10.125, 52.125, 1.0167558299376082e-23, nan 
-9.875, 52.125, 3.477555249050429e-23, nan 
-9.625, 52.125, 4.993772549457192e-23, nan 
-9.375, 52.125, 4.516892538554168e-23, nan 
-9.125, 52.125, 2.4202499837259954e-23, nan 
-8.875, 52.125, 3.86750741778839e-23, nan 
-8.625, 52.125, 4.226275282389763e-23, nan 
-8.375, 52.125, 4.269671505957959e-23, nan 
-8.125, 52.125, 4.3856749781881787e-23, nan 
-7.875, 52.125, 5.485416173706636e-23, nan 
-7.625, 52.125, 4.913894864127363e-23, nan 
-7.375, 52.125, 1.9174377724239196e-23, nan 
-7.125, 52.125, 2.741196482536719e-23, nan 
-6.875, 52.125, 2.2503826624329515e-23, nan 
-6.625, 52.125, 2.4605409078635134e-23, nan 
-6.375, 52.125, 1.6486658992547438e-23, nan 
-6.125, 52.125, 5.293722566154627e-24, nan 
-5.875, 52.125, 1.3103230522851172e-23, nan 
-5.625, 52.125, 2.460360000114085e-23, nan 
-5.375, 52.125, 2.0826540642982013e-23, nan 
-5.125, 52.125, 3.446538441444492e-24, nan 
-4.875, 52.125, 4.74745039170028e-24, nan 
-4.625, 52.125, 6.2141143253390946e-24, nan 
-4.375, 52.125, 6.328455431283953e-24, nan 
-4.125, 52.125, 4.003093307575702e-24, nan 
-3.875, 52.125, 1.6140925306442427e-23, nan 
-3.625, 52.125, 3.0032791669707836e-23, nan 
-3.375, 52.125, 3.1758316985213763e-23, nan 
-3.125, 52.125, 1.2545540804095052e-23, nan 
-2.875, 52.125, 1.0480471219909459e-23, nan 
-2.625, 52.125, 8.800095518700969e-24, nan 
-2.375, 52.125, 1.2287488078077515e-23, nan 
-2.125, 52.125, 1.2026021235138877e-23, nan 
-1.875, 52.125, 4.1078350650464626e-24, nan 
-1.625, 52.125, 1.2526148164910464e-23, nan 
-1.375, 52.125, 9.584147987124662e-24, nan 
-1.125, 52.125, 7.56426885098746e-24, nan 
-0.875, 52.125, 5.0582313364653025e-24, nan 
-0.625, 52.125, 1.0030021496674376e-23, nan 
-0.375, 52.125, 1.0223695374210519e-23, nan 
-0.125, 52.125, 8.295265151767468e-24, nan 
0.125, 52.125, 9.225751071350221e-24, nan 
0.375, 52.125, 1.1972477712164288e-23, nan 
0.625, 52.125, 7.199317895871322e-24, nan 
0.875, 52.125, 8.972501325438947e-24, nan 
-68.375, 52.375, 5.725677281155131e-23, nan 
-68.125, 52.375, 8.386686401924081e-23, nan 
-67.875, 52.375, 1.699685126958627e-22, nan 
-67.625, 52.375, 1.6429938549219459e-22, nan 
-67.375, 52.375, 5.722477414286586e-23, nan 
-67.125, 52.375, 5.918568733620585e-23, nan 
-66.875, 52.375, 6.814385637666308e-23, nan 
-66.625, 52.375, 6.70744093424176e-23, nan 
-66.375, 52.375, 2.0832213835111844e-22, nan 
-66.125, 52.375, 2.746287854981248e-22, nan 
-65.875, 52.375, 2.760300962523446e-22, nan 
-65.625, 52.375, 3.386364168575624e-22, nan 
-65.375, 52.375, 2.8840071077701197e-22, nan 
-65.125, 52.375, 6.891878870857068e-23, nan 
-64.875, 52.375, 2.9848168251603234e-23, nan 
-64.625, 52.375, 4.492245589762254e-23, nan 
-64.375, 52.375, 2.986851465493603e-23, nan 
-64.125, 52.375, 1.8000240214869147e-22, nan 
-63.875, 52.375, 3.0584987806735336e-22, nan 
-63.625, 52.375, 2.2418608353830133e-22, nan 
-63.375, 52.375, 4.3461165074224597e-23, nan 
-63.125, 52.375, 3.269224534350911e-23, nan 
-62.875, 52.375, 3.96528673878285e-23, nan 
-62.625, 52.375, 4.7924013043539726e-23, nan 
-62.375, 52.375, 6.260875405832337e-23, nan 
-62.125, 52.375, 5.400042145976173e-23, nan 
-61.875, 52.375, 3.2461419947190886e-23, nan 
-61.625, 52.375, 3.461809665449213e-23, nan 
-61.375, 52.375, 2.8114725110475817e-23, nan 
-61.125, 52.375, 4.399234162977824e-23, nan 
-60.875, 52.375, 6.526336912434586e-23, nan 
-60.625, 52.375, 5.887607121752267e-23, nan 
-60.375, 52.375, 3.3347932692597436e-23, nan 
-60.125, 52.375, 3.509914974959278e-23, nan 
-59.875, 52.375, 4.232916734610931e-23, nan 
-59.625, 52.375, 4.603203374576638e-23, nan 
-59.375, 52.375, 3.1961080005686413e-23, nan 
-59.125, 52.375, 3.7660015320133613e-23, nan 
-58.875, 52.375, 4.4867693275911616e-23, nan 
-58.625, 52.375, 3.9442663312970747e-23, nan 
-58.375, 52.375, 5.620130210612648e-23, nan 
-58.125, 52.375, 4.9818336603112627e-23, nan 
-57.875, 52.375, 3.174023536989578e-23, nan 
-57.625, 52.375, 3.209210780427862e-23, nan 
-57.375, 52.375, 5.056753660185972e-23, nan 
-57.125, 52.375, 6.015851076021336e-23, nan 
-56.875, 52.375, 5.354691637155139e-23, nan 
-56.625, 52.375, 2.853177448712844e-23, nan 
-56.375, 52.375, 2.6777298723786074e-24, nan 
-56.125, 52.375, 4.344504912830016e-24, nan 
-55.875, 52.375, 6.394857463368901e-24, nan 
-55.625, 52.375, 1.8650275510817043e-23, nan 
-55.375, 52.375, 5.768379044980372e-24, nan 
-55.125, 52.375, 2.901616433757584e-24, nan 
-54.875, 52.375, 8.758368017832011e-24, nan 
-54.625, 52.375, 1.5843488223156637e-23, nan 
-54.375, 52.375, 1.7345067646889252e-23, nan 
-54.125, 52.375, 1.2733330864453425e-23, nan 
-53.875, 52.375, 1.035237842759615e-23, nan 
-53.625, 52.375, 9.893940797351334e-24, nan 
-53.375, 52.375, 8.709004161183579e-24, nan 
-53.125, 52.375, 5.1939894144450454e-24, nan 
-52.875, 52.375, 5.5413008132359934e-24, nan 
-52.625, 52.375, 4.1507322276342445e-24, nan 
-52.375, 52.375, 6.0058110969841824e-24, nan 
-52.125, 52.375, 6.879136343039005e-24, nan 
-51.875, 52.375, 1.213958109222729e-23, nan 
-51.625, 52.375, 1.6297603322885407e-23, nan 
-51.375, 52.375, 1.5290664453444143e-23, nan 
-51.125, 52.375, 1.4514602832098096e-23, nan 
-50.875, 52.375, 1.1147737165788715e-23, nan 
-50.625, 52.375, 1.3325023183211902e-23, nan 
-50.375, 52.375, 1.0736763058520822e-23, nan 
-50.125, 52.375, 1.4635558815479086e-23, nan 
-49.875, 52.375, 1.641244669946081e-23, nan 
-49.625, 52.375, 2.0033665954810463e-23, nan 
-49.375, 52.375, 1.8782877676367474e-23, nan 
-49.125, 52.375, 1.3461211333491538e-23, nan 
-48.875, 52.375, 1.4211091265508567e-23, nan 
-48.625, 52.375, 1.8489373514055324e-23, nan 
-48.375, 52.375, 1.330270889371067e-23, nan 
-48.125, 52.375, 1.1689952850255381e-23, nan 
-47.875, 52.375, 1.1272772453983201e-23, nan 
-47.625, 52.375, 2.1442511522898487e-23, nan 
-47.375, 52.375, 1.988237420639969e-23, nan 
-47.125, 52.375, 1.1373059821286707e-23, nan 
-46.875, 52.375, 1.567910092757813e-23, nan 
-46.625, 52.375, 1.502706056370362e-23, nan 
-46.375, 52.375, 1.9264155042456037e-23, nan 
-46.125, 52.375, 1.7441232869975774e-23, nan 
-45.875, 52.375, 2.262766754717667e-23, nan 
-45.625, 52.375, 2.00061653044439e-23, nan 
-45.375, 52.375, 8.563194041577968e-24, nan 
-45.125, 52.375, 4.4243905835074856e-24, nan 
-44.875, 52.375, 4.515977050208031e-24, nan 
-44.625, 52.375, 5.108438002348174e-24, nan 
-44.375, 52.375, 9.12662127908901e-24, nan 
-44.125, 52.375, 8.205686563185518e-24, nan 
-43.875, 52.375, 7.552811043160351e-24, nan 
-43.625, 52.375, 6.6090478631379465e-24, nan 
-43.375, 52.375, 3.9105469856802714e-24, nan 
-43.125, 52.375, 1.4839939866188075e-23, nan 
-42.875, 52.375, 1.508396395691799e-23, nan 
-42.625, 52.375, 1.388990076331631e-23, nan 
-42.375, 52.375, 1.5820041763686756e-23, nan 
-42.125, 52.375, 1.118637801168826e-23, nan 
-41.875, 52.375, 1.1079090197271469e-23, nan 
-41.625, 52.375, 1.1809467278061374e-23, nan 
-41.375, 52.375, 1.2257709908768734e-23, nan 
-41.125, 52.375, 9.629168412367602e-24, nan 
-40.875, 52.375, 1.2780015579926413e-23, nan 
-40.625, 52.375, 1.1791711379487912e-23, nan 
-40.375, 52.375, 9.372920469213935e-24, nan 
-40.125, 52.375, 8.771461285458265e-24, nan 
-39.875, 52.375, 4.760943946589433e-24, nan 
-39.625, 52.375, 7.754965355254661e-24, nan 
-39.375, 52.375, 8.702194382536129e-24, nan 
-39.125, 52.375, 1.1262317597080563e-23, nan 
-38.875, 52.375, 1.2479218119549661e-23, nan 
-38.625, 52.375, 1.0711032022729901e-23, nan 
-38.375, 52.375, 5.2427734143051364e-24, nan 
-38.125, 52.375, 5.755628497784547e-24, nan 
-37.875, 52.375, 3.5288781899288916e-24, nan 
-37.625, 52.375, 4.027761216216375e-24, nan 
-37.375, 52.375, 7.638913020606725e-24, nan 
-37.125, 52.375, 8.20985987045667e-24, nan 
-36.875, 52.375, 6.71550189127355e-24, nan 
-36.625, 52.375, 3.6043600424307425e-24, nan 
-36.375, 52.375, 4.829832462385537e-24, nan 
-36.125, 52.375, 4.8736725416156145e-24, nan 
-35.875, 52.375, 8.189088580851653e-24, nan 
-35.625, 52.375, 1.0957535305382328e-23, nan 
-35.375, 52.375, 8.342142024009302e-24, nan 
-35.125, 52.375, 4.053135576543046e-24, nan 
-34.875, 52.375, 3.0631570768964974e-24, nan 
-34.625, 52.375, 4.2501345439548956e-24, nan 
-34.375, 52.375, 5.9457238990728744e-24, nan 
-34.125, 52.375, 5.65124780552129e-24, nan 
-33.875, 52.375, 5.272309712401203e-24, nan 
-33.625, 52.375, 3.2432183813908504e-24, nan 
-33.375, 52.375, 5.794097943624276e-24, nan 
-33.125, 52.375, 4.147082719649559e-24, nan 
-32.875, 52.375, 3.944992175800833e-24, nan 
-32.625, 52.375, 6.942857849584645e-24, nan 
-32.375, 52.375, 1.0885224429172933e-23, nan 
-32.125, 52.375, 9.151688114917859e-24, nan 
-31.875, 52.375, 3.2890773008044335e-24, nan 
-31.625, 52.375, 6.1114381620796265e-24, nan 
-31.375, 52.375, 6.459139281443594e-24, nan 
-31.125, 52.375, 4.9509000205126116e-24, nan 
-30.875, 52.375, 1.1613988779298415e-23, nan 
-30.625, 52.375, 1.2289165466335344e-23, nan 
-30.375, 52.375, 5.0656715747886285e-24, nan 
-30.125, 52.375, 2.8157386547216234e-24, nan 
-29.875, 52.375, 4.2863176896373964e-24, nan 
-29.625, 52.375, 6.769935233572322e-24, nan 
-29.375, 52.375, 1.4109607497999866e-23, nan 
-29.125, 52.375, 1.7570983498733903e-23, nan 
-28.875, 52.375, 2.491866296406947e-23, nan 
-28.625, 52.375, 2.6023178546278666e-23, nan 
-28.375, 52.375, 3.74487181003706e-23, nan 
-28.125, 52.375, 3.644564336669181e-23, nan 
-27.875, 52.375, 4.8232894664321336e-23, nan 
-27.625, 52.375, 5.0198264449864644e-23, nan 
-27.375, 52.375, 3.3600225451902653e-23, nan 
-27.125, 52.375, 2.1681030191745506e-23, nan 
-26.875, 52.375, 5.000850229170538e-24, nan 
-26.625, 52.375, 4.049485079584917e-24, nan 
-26.375, 52.375, 1.2170671614089732e-23, nan 
-26.125, 52.375, 5.504775094409252e-23, nan 
-25.875, 52.375, 7.445578521767171e-23, nan 
-25.625, 52.375, 4.2145025417328834e-23, nan 
-25.375, 52.375, 2.860905738988238e-23, nan 
-25.125, 52.375, 4.000941352912563e-23, nan 
-24.875, 52.375, 4.9354702954155666e-23, nan 
-24.625, 52.375, 4.3834935212667365e-23, nan 
-24.375, 52.375, 2.7431009768399083e-23, nan 
-24.125, 52.375, 2.3680640180642995e-23, nan 
-23.875, 52.375, 6.032413950590645e-24, nan 
-23.625, 52.375, 1.409325263082499e-23, nan 
-23.375, 52.375, 1.5531441944388425e-23, nan 
-23.125, 52.375, 1.8668266250055586e-23, nan 
-22.875, 52.375, 3.5901482840076684e-23, nan 
-22.625, 52.375, 4.1297889564505306e-23, nan 
-22.375, 52.375, 4.200091294636862e-23, nan 
-22.125, 52.375, 2.2488128910697624e-23, nan 
-21.875, 52.375, 2.2075388787858188e-23, nan 
-21.625, 52.375, 6.797185903389327e-23, nan 
-21.375, 52.375, 1.7341757239717138e-22, nan 
-21.125, 52.375, 2.7292037050328857e-22, nan 
-20.875, 52.375, 1.5756995839211137e-22, nan 
-20.625, 52.375, 9.535966524927088e-23, nan 
-20.375, 52.375, 8.091447752642508e-23, nan 
-20.125, 52.375, 4.3401157506247375e-23, nan 
-19.875, 52.375, 5.02478286169043e-23, nan 
-19.625, 52.375, 4.81660070725153e-23, nan 
-19.375, 52.375, 4.3245599627990226e-23, nan 
-19.125, 52.375, 2.6704045737817837e-23, nan 
-18.875, 52.375, 7.139074937406635e-24, nan 
-18.625, 52.375, 1.2388960999926355e-23, nan 
-18.375, 52.375, 1.7369988090725853e-23, nan 
-18.125, 52.375, 1.9471669435674353e-23, nan 
-17.875, 52.375, 1.766044843761236e-23, nan 
-17.625, 52.375, 1.2405148882162271e-23, nan 
-17.375, 52.375, 6.32098890425242e-24, nan 
-17.125, 52.375, 1.3674439532188978e-23, nan 
-16.875, 52.375, 1.5511149047366707e-23, nan 
-16.625, 52.375, 2.7815427210459913e-23, nan 
-16.375, 52.375, 3.69310241275302e-23, nan 
-16.125, 52.375, 3.794863085727234e-23, nan 
-15.875, 52.375, 4.6757768936089236e-23, nan 
-15.625, 52.375, 1.9452958081731393e-23, nan 
-15.375, 52.375, 1.5651429944539892e-23, nan 
-15.125, 52.375, 2.9721743378375492e-24, nan 
-14.875, 52.375, 3.6925337147761395e-24, nan 
-14.625, 52.375, 8.821101745752594e-24, nan 
-14.375, 52.375, 2.802658803291374e-23, nan 
-14.125, 52.375, 3.501273416656657e-23, nan 
-13.875, 52.375, 4.2111553768257895e-23, nan 
-13.625, 52.375, 4.5224258578474745e-23, nan 
-13.375, 52.375, 4.079841285443966e-23, nan 
-13.125, 52.375, 3.358879279416784e-23, nan 
-12.875, 52.375, 2.259197732867897e-23, nan 
-12.625, 52.375, 1.7848219274575766e-23, nan 
-12.375, 52.375, 6.3424215241907446e-24, nan 
-12.125, 52.375, 4.030952762633994e-24, nan 
-11.875, 52.375, 4.267505237063839e-24, nan 
-11.625, 52.375, 6.405180781088153e-24, nan 
-11.375, 52.375, 6.5075854712202806e-24, nan 
-11.125, 52.375, 9.49655154319452e-24, nan 
-10.875, 52.375, 8.592696643169406e-24, nan 
-10.625, 52.375, 1.4236555410510175e-23, nan 
-10.375, 52.375, 1.2711602066661624e-23, nan 
-10.125, 52.375, 5.673110386627621e-24, nan 
-9.875, 52.375, 2.7959278891502925e-23, nan 
-9.625, 52.375, 3.598746214758195e-23, nan 
-9.375, 52.375, 2.4081448717973333e-23, nan 
-9.125, 52.375, 1.201383290446042e-23, nan 
-8.875, 52.375, 4.101661074194834e-23, nan 
-8.625, 52.375, 3.220016991562575e-23, nan 
-8.375, 52.375, 2.322249218144574e-23, nan 
-8.125, 52.375, 4.0499493737614986e-23, nan 
-7.875, 52.375, 2.5280531196698854e-23, nan 
-7.625, 52.375, 2.0659927650774054e-23, nan 
-7.375, 52.375, 4.131163155333245e-23, nan 
-7.125, 52.375, 4.0711370552564975e-23, nan 
-6.875, 52.375, 4.1704732128768407e-23, nan 
-6.625, 52.375, 3.6749410882022896e-23, nan 
-6.375, 52.375, 2.06676633408064e-23, nan 
-6.125, 52.375, 6.781118899789776e-24, nan 
-5.875, 52.375, 1.2412220754681017e-23, nan 
-5.625, 52.375, 1.9792265654207363e-23, nan 
-5.375, 52.375, 1.389263834741288e-23, nan 
-5.125, 52.375, 5.216309185260065e-24, nan 
-4.875, 52.375, 6.1198473050173124e-24, nan 
-4.625, 52.375, 1.2038879322382624e-23, nan 
-4.375, 52.375, 1.0680076025177526e-23, nan 
-4.125, 52.375, 5.000676459595844e-24, nan 
-3.875, 52.375, 4.498470463336627e-24, nan 
-3.625, 52.375, 1.0882554357590055e-23, nan 
-3.375, 52.375, 2.3371149537252278e-23, nan 
-3.125, 52.375, 1.8231920755983855e-23, nan 
-2.875, 52.375, 1.4671116990459926e-23, nan 
-2.625, 52.375, 1.9974697890233417e-23, nan 
-2.375, 52.375, 2.1597412504104988e-23, nan 
-2.125, 52.375, 4.898492312610729e-24, nan 
-1.875, 52.375, 5.509102522583067e-24, nan 
-1.625, 52.375, 1.1888905006543534e-23, nan 
-1.375, 52.375, 1.8291867015122823e-23, nan 
-1.125, 52.375, 8.483956033594913e-24, nan 
-0.875, 52.375, 1.1149246471232885e-23, nan 
-0.625, 52.375, 1.3409241665305888e-23, nan 
-0.375, 52.375, 3.2440390706648336e-24, nan 
-0.125, 52.375, 1.904076471581348e-24, nan 
0.125, 52.375, 8.372638963571598e-24, nan 
0.375, 52.375, 5.2303569059338066e-24, nan 
0.625, 52.375, 5.541394634995473e-24, nan 
0.875, 52.375, 2.572672057515174e-24, nan 
1.125, 52.375, 6.373431770271951e-24, nan 
1.375, 52.375, 5.298394539431249e-24, nan 
1.625, 52.375, 4.981314719482525e-24, nan 
1.875, 52.375, 7.58772701306602e-24, nan 
2.125, 52.375, 1.0149783114674542e-23, nan 
-69.375, 52.625, 4.943776559453051e-24, nan 
-69.125, 52.625, 4.3201607030593986e-24, nan 
-68.875, 52.625, 3.24319005280906e-24, nan 
-68.625, 52.625, 3.44998034131781e-24, nan 
-68.375, 52.625, 2.5791949164307918e-23, nan 
-68.125, 52.625, 1.1712999192343333e-23, nan 
-67.875, 52.625, 4.3070377244709874e-23, nan 
-67.625, 52.625, 1.6231524655241446e-22, nan 
-67.375, 52.625, 1.5626815281878398e-22, nan 
-67.125, 52.625, 4.958063537171028e-23, nan 
-66.875, 52.625, 4.7312711794441014e-23, nan 
-66.625, 52.625, 9.36275614053792e-23, nan 
-66.375, 52.625, 1.2441388552402275e-22, nan 
-66.125, 52.625, 2.8548136229679325e-22, nan 
-65.875, 52.625, 3.089507306185772e-22, nan 
-65.625, 52.625, 3.5748468169275583e-22, nan 
-65.375, 52.625, 3.692145359682443e-22, nan 
-65.125, 52.625, 2.1092284371202103e-23, nan 
-64.875, 52.625, 9.7349843418218e-24, nan 
-64.625, 52.625, 1.321310790607761e-23, nan 
-64.375, 52.625, 2.3401865766335543e-23, nan 
-64.125, 52.625, 1.8528108579776538e-22, nan 
-63.875, 52.625, 2.8848755029729064e-22, nan 
-63.625, 52.625, 2.2107861757693354e-22, nan 
-63.375, 52.625, 6.442514126753046e-23, nan 
-63.125, 52.625, 5.608786096457834e-23, nan 
-62.875, 52.625, 4.4130051329688475e-23, nan 
-62.625, 52.625, 2.8883468422033245e-23, nan 
-62.375, 52.625, 4.5562545942714354e-23, nan 
-62.125, 52.625, 5.353570337096605e-23, nan 
-61.875, 52.625, 3.8623730234330695e-23, nan 
-61.625, 52.625, 3.108483130824323e-23, nan 
-61.375, 52.625, 3.003869964357027e-23, nan 
-61.125, 52.625, 3.407478094617501e-23, nan 
-60.875, 52.625, 3.28506672439846e-23, nan 
-60.625, 52.625, 5.863991785872208e-23, nan 
-60.375, 52.625, 5.0912754363694786e-23, nan 
-60.125, 52.625, 3.0324533930091753e-23, nan 
-59.875, 52.625, 3.2914622454991006e-23, nan 
-59.625, 52.625, 7.425564519425075e-23, nan 
-59.375, 52.625, 6.055120694841453e-23, nan 
-59.125, 52.625, 4.285555435697585e-23, nan 
-58.875, 52.625, 4.3797506412099044e-23, nan 
-58.625, 52.625, 4.4761737640093387e-23, nan 
-58.375, 52.625, 4.7464212549046573e-23, nan 
-58.125, 52.625, 2.3872863248150773e-23, nan 
-57.875, 52.625, 2.5005955831486753e-23, nan 
-57.625, 52.625, 4.2164127544429173e-23, nan 
-57.375, 52.625, 5.581675559663075e-23, nan 
-57.125, 52.625, 4.23594215989015e-23, nan 
-56.875, 52.625, 1.6610541404128486e-23, nan 
-56.625, 52.625, 3.7137913005348586e-24, nan 
-56.375, 52.625, 4.624221301448357e-24, nan 
-56.125, 52.625, 6.959464590935394e-24, nan 
-55.875, 52.625, 7.941934399898099e-24, nan 
-55.625, 52.625, 6.658181164572487e-24, nan 
-55.375, 52.625, 6.111265870666767e-24, nan 
-55.125, 52.625, 9.763070453270172e-24, nan 
-54.875, 52.625, 1.5612352527228008e-23, nan 
-54.625, 52.625, 1.5056451292978464e-23, nan 
-54.375, 52.625, 1.1110456236990811e-23, nan 
-54.125, 52.625, 1.3355547212881945e-23, nan 
-53.875, 52.625, 1.8202763246166556e-23, nan 
-53.625, 52.625, 1.64810247003817e-23, nan 
-53.375, 52.625, 1.709570750728012e-23, nan 
-53.125, 52.625, 1.1203312122493773e-23, nan 
-52.875, 52.625, 7.384079506338554e-24, nan 
-52.625, 52.625, 7.199590600826403e-24, nan 
-52.375, 52.625, 8.329995080415184e-24, nan 
-52.125, 52.625, 9.966685974462472e-24, nan 
-51.875, 52.625, 1.437948751408967e-23, nan 
-51.625, 52.625, 1.3039151565361372e-23, nan 
-51.375, 52.625, 1.0072139172915805e-23, nan 
-51.125, 52.625, 1.1358386965541465e-23, nan 
-50.875, 52.625, 1.1236371801398958e-23, nan 
-50.625, 52.625, 9.915638786733268e-24, nan 
-50.375, 52.625, 1.4542848001517104e-23, nan 
-50.125, 52.625, 1.6924883960152482e-23, nan 
-49.875, 52.625, 1.4586300535907658e-23, nan 
-49.625, 52.625, 1.508667385930048e-23, nan 
-49.375, 52.625, 1.0776553615918639e-23, nan 
-49.125, 52.625, 5.657415931105653e-24, nan 
-48.875, 52.625, 1.3123475460056123e-23, nan 
-48.625, 52.625, 1.9716136347129157e-23, nan 
-48.375, 52.625, 1.5598260478039987e-23, nan 
-48.125, 52.625, 8.880382352120366e-24, nan 
-47.875, 52.625, 1.722709838022659e-23, nan 
-47.625, 52.625, 1.7872178341103598e-23, nan 
-47.375, 52.625, 8.916971548204277e-24, nan 
-47.125, 52.625, 1.1078096545824469e-23, nan 
-46.875, 52.625, 2.0573306920902723e-23, nan 
-46.625, 52.625, 2.0808724155477233e-23, nan 
-46.375, 52.625, 1.5773942393239125e-23, nan 
-46.125, 52.625, 1.642199452305946e-23, nan 
-45.875, 52.625, 1.3954796666677852e-23, nan 
-45.625, 52.625, 9.748345108523248e-24, nan 
-45.375, 52.625, 6.54263732019706e-24, nan 
-45.125, 52.625, 5.704865401511839e-24, nan 
-44.875, 52.625, 8.315674546072621e-24, nan 
-44.625, 52.625, 1.5488631845734886e-23, nan 
-44.375, 52.625, 1.430851713008904e-23, nan 
-44.125, 52.625, 6.380145955973093e-24, nan 
-43.875, 52.625, 9.636096053291107e-24, nan 
-43.625, 52.625, 9.341948070157583e-24, nan 
-43.375, 52.625, 7.686307974531097e-24, nan 
-43.125, 52.625, 1.1730905430313048e-23, nan 
-42.875, 52.625, 1.3200669907851044e-23, nan 
-42.625, 52.625, 1.2977426144125826e-23, nan 
-42.375, 52.625, 1.549413495444519e-23, nan 
-42.125, 52.625, 1.4970795874837165e-23, nan 
-41.875, 52.625, 1.2441411814039906e-23, nan 
-41.625, 52.625, 7.277493825051779e-24, nan 
-41.375, 52.625, 8.632625317301261e-24, nan 
-41.125, 52.625, 8.994303844973004e-24, nan 
-40.875, 52.625, 1.4667924818365945e-23, nan 
-40.625, 52.625, 1.3416314486552976e-23, nan 
-40.375, 52.625, 6.44791896010531e-24, nan 
-40.125, 52.625, 7.90752178740592e-24, nan 
-39.875, 52.625, 1.2443201611644792e-23, nan 
-39.625, 52.625, 1.4738136468145306e-23, nan 
-39.375, 52.625, 1.2556791707474229e-23, nan 
-39.125, 52.625, 1.0354523844034036e-23, nan 
-38.875, 52.625, 1.0383964049370184e-23, nan 
-38.625, 52.625, 8.962412293702946e-24, nan 
-38.375, 52.625, 5.431071494797016e-24, nan 
-38.125, 52.625, 3.489104420669887e-24, nan 
-37.875, 52.625, 2.8998382739621428e-24, nan 
-37.625, 52.625, 5.197251307845872e-24, nan 
-37.375, 52.625, 9.865083067429975e-24, nan 
-37.125, 52.625, 1.0982438751355676e-23, nan 
-36.875, 52.625, 1.544335333136972e-23, nan 
-36.625, 52.625, 1.4666015884528112e-23, nan 
-36.375, 52.625, 1.1128004959442737e-23, nan 
-36.125, 52.625, 6.1620113717386496e-24, nan 
-35.875, 52.625, 1.5733033190785833e-23, nan 
-35.625, 52.625, 1.6188142020039247e-23, nan 
-35.375, 52.625, 9.637782170222568e-24, nan 
-35.125, 52.625, 3.309190396398888e-24, nan 
-34.875, 52.625, 2.565725438363278e-24, nan 
-34.625, 52.625, 3.4480364398249875e-24, nan 
-34.375, 52.625, 2.921918885056646e-24, nan 
-34.125, 52.625, 3.609971309844071e-24, nan 
-33.875, 52.625, 4.8659968944114314e-24, nan 
-33.625, 52.625, 3.37467354596083e-24, nan 
-33.375, 52.625, 4.4500610041023825e-24, nan 
-33.125, 52.625, 5.220182070776333e-24, nan 
-32.875, 52.625, 3.935515138955246e-24, nan 
-32.625, 52.625, 1.0148606682967551e-23, nan 
-32.375, 52.625, 1.2800235300151547e-23, nan 
-32.125, 52.625, 9.571651180210115e-24, nan 
-31.875, 52.625, 6.3494530277899516e-24, nan 
-31.625, 52.625, 7.724467091926767e-24, nan 
-31.375, 52.625, 7.322072052853074e-24, nan 
-31.125, 52.625, 1.4741354744564073e-23, nan 
-30.875, 52.625, 1.4668890741594598e-23, nan 
-30.625, 52.625, 2.479088874029234e-24, nan 
-30.375, 52.625, 3.544102663343343e-24, nan 
-30.125, 52.625, 5.0656908284114e-24, nan 
-29.875, 52.625, 5.92031012151115e-24, nan 
-29.625, 52.625, 1.8543488476554578e-23, nan 
-29.375, 52.625, 2.137780848565533e-23, nan 
-29.125, 52.625, 2.2416880807802086e-23, nan 
-28.875, 52.625, 3.5290905753271086e-23, nan 
-28.625, 52.625, 3.0661135808939816e-23, nan 
-28.375, 52.625, 2.4216410077534898e-23, nan 
-28.125, 52.625, 2.6094135138082175e-23, nan 
-27.875, 52.625, 2.2420852526614595e-23, nan 
-27.625, 52.625, 2.1098363510219235e-23, nan 
-27.375, 52.625, 2.3249215589043233e-23, nan 
-27.125, 52.625, 1.2749914330925777e-23, nan 
-26.875, 52.625, 8.927798993068122e-24, nan 
-26.625, 52.625, 2.03346475732788e-23, nan 
-26.375, 52.625, 1.9582636354701995e-23, nan 
-26.125, 52.625, 1.4031735383401893e-23, nan 
-25.875, 52.625, 3.742779963887255e-23, nan 
-25.625, 52.625, 3.569457412689059e-23, nan 
-25.375, 52.625, 2.4826909076955514e-23, nan 
-25.125, 52.625, 2.660259861116768e-23, nan 
-24.875, 52.625, 1.691262862921203e-23, nan 
-24.625, 52.625, 1.8813927388197788e-23, nan 
-24.375, 52.625, 2.3092735145249613e-23, nan 
-24.125, 52.625, 8.916119761943479e-24, nan 
-23.875, 52.625, 1.338140440604479e-23, nan 
-23.625, 52.625, 4.010844986908366e-23, nan 
-23.375, 52.625, 3.6734158063261647e-23, nan 
-23.125, 52.625, 1.560528792320858e-23, nan 
-22.875, 52.625, 2.4208137925926657e-23, nan 
-22.625, 52.625, 3.5780599015170384e-23, nan 
-22.375, 52.625, 3.382080083121964e-23, nan 
-22.125, 52.625, 2.475356147365377e-23, nan 
-21.875, 52.625, 1.492603331726035e-23, nan 
-21.625, 52.625, 3.249769340186035e-23, nan 
-21.375, 52.625, 6.375491468904622e-23, nan 
-21.125, 52.625, 1.075057779143109e-22, nan 
-20.875, 52.625, 4.333116168821236e-23, nan 
-20.625, 52.625, 5.862747274870981e-23, nan 
-20.375, 52.625, 6.456653803964309e-23, nan 
-20.125, 52.625, 4.2333940327427705e-23, nan 
-19.875, 52.625, 3.7065266493830857e-23, nan 
-19.625, 52.625, 1.4334437266312993e-23, nan 
-19.375, 52.625, 3.743709074307367e-23, nan 
-19.125, 52.625, 3.74570524032579e-23, nan 
-18.875, 52.625, 1.2489879828512559e-23, nan 
-18.625, 52.625, 1.2343964794846967e-23, nan 
-18.375, 52.625, 9.106059709736989e-24, nan 
-18.125, 52.625, 1.0332276916696353e-23, nan 
-17.875, 52.625, 1.40357761411938e-23, nan 
-17.625, 52.625, 1.2397330530871556e-23, nan 
-17.375, 52.625, 9.231956295143918e-24, nan 
-17.125, 52.625, 2.3486259881376376e-24, nan 
-16.875, 52.625, 1.1976367761685596e-23, nan 
-16.625, 52.625, 2.688772799983299e-23, nan 
-16.375, 52.625, 2.471822383128678e-23, nan 
-16.125, 52.625, 6.99842759339246e-23, nan 
-15.875, 52.625, 1.2421454164062377e-22, nan 
-15.625, 52.625, 9.013222356759389e-23, nan 
-15.375, 52.625, 2.3957286625899175e-23, nan 
-15.125, 52.625, 1.4700883275900856e-23, nan 
-14.875, 52.625, 2.4501168900541223e-24, nan 
-14.625, 52.625, 1.8273895486744112e-24, nan 
-14.375, 52.625, 4.883795986973241e-23, nan 
-14.125, 52.625, 7.739645855353719e-23, nan 
-13.875, 52.625, 7.550941166508623e-23, nan 
-13.625, 52.625, 9.014214476759008e-23, nan 
-13.375, 52.625, 7.682903016754357e-23, nan 
-13.125, 52.625, 1.3118425093475262e-23, nan 
-12.875, 52.625, 8.61503236287937e-24, nan 
-12.625, 52.625, 1.9020516268775044e-23, nan 
-12.375, 52.625, 2.5657777662282484e-23, nan 
-12.125, 52.625, 2.5136732018379112e-23, nan 
-11.875, 52.625, 5.256229563265794e-24, nan 
-11.625, 52.625, 5.041559667334175e-24, nan 
-11.375, 52.625, 3.9342575677959334e-24, nan 
-11.125, 52.625, 7.691965872394205e-24, nan 
-10.875, 52.625, 8.159051780856015e-24, nan 
-10.625, 52.625, 5.177071545337546e-24, nan 
-10.375, 52.625, 3.42227960311883e-24, nan 
-10.125, 52.625, 6.066158452540782e-24, nan 
-9.875, 52.625, 1.0769204053741496e-23, nan 
-9.625, 52.625, 3.4703927749048466e-23, nan 
-9.375, 52.625, 4.2685004964121206e-23, nan 
-9.125, 52.625, 4.333442544824834e-23, nan 
-8.875, 52.625, 5.481458888611754e-23, nan 
-8.625, 52.625, 1.8917330008147152e-23, nan 
-8.375, 52.625, 1.6723271904502638e-23, nan 
-8.125, 52.625, 4.1601591115970284e-23, nan 
-7.875, 52.625, 4.2327704631928193e-23, nan 
-7.625, 52.625, 3.728341947956192e-23, nan 
-7.375, 52.625, 3.8806454034890476e-23, nan 
-7.125, 52.625, 2.502466799343753e-23, nan 
-6.875, 52.625, 4.6560580313723235e-23, nan 
-6.625, 52.625, 6.322615211461805e-23, nan 
-6.375, 52.625, 5.0926189408919895e-23, nan 
-6.125, 52.625, 1.6642699224642058e-23, nan 
-5.875, 52.625, 9.246381817802645e-24, nan 
-5.625, 52.625, 1.6075901000595642e-23, nan 
-5.375, 52.625, 1.3645950282056366e-23, nan 
-5.125, 52.625, 8.336554250184714e-24, nan 
-4.875, 52.625, 4.115809309897794e-24, nan 
-4.625, 52.625, 8.827530136769917e-24, nan 
-4.375, 52.625, 7.483575360638535e-24, nan 
-4.125, 52.625, 1.0647791160238279e-23, nan 
-3.875, 52.625, 1.0604476380165227e-23, nan 
-3.625, 52.625, 8.745782440994357e-24, nan 
-3.375, 52.625, 1.4134543951636662e-23, nan 
-3.125, 52.625, 1.2832698782890031e-23, nan 
-2.875, 52.625, 1.2910674006808646e-23, nan 
-2.625, 52.625, 1.7933360419219416e-23, nan 
-2.375, 52.625, 3.0763176335226674e-23, nan 
-2.125, 52.625, 2.4731720798271075e-23, nan 
-1.875, 52.625, 2.0099132223127822e-23, nan 
-1.625, 52.625, 2.978093856480682e-23, nan 
-1.375, 52.625, 2.934185133722027e-23, nan 
-1.125, 52.625, 2.072815074419869e-23, nan 
-0.875, 52.625, 2.1998425093478982e-23, nan 
-0.625, 52.625, 1.7331626843323272e-23, nan 
-0.375, 52.625, 1.426926488999e-23, nan 
-0.125, 52.625, 1.7231323871324508e-23, nan 
0.125, 52.625, 2.3167538945687363e-23, nan 
0.375, 52.625, 1.549648885076493e-23, nan 
0.625, 52.625, 8.678271254712243e-24, nan 
0.875, 52.625, 8.696194964419952e-24, nan 
1.125, 52.625, 5.002379506996279e-24, nan 
1.375, 52.625, 8.371207900604193e-24, nan 
1.625, 52.625, 1.123612201849245e-23, nan 
1.875, 52.625, 1.0856075616877174e-23, nan 
2.125, 52.625, 9.11590713157529e-24, nan 
2.375, 52.625, 7.562652119181037e-24, nan 
2.625, 52.625, 7.382800960404712e-24, nan 
2.875, 52.625, 8.436659666550325e-24, nan 
3.125, 52.625, 5.5509034979100055e-24, nan 
3.375, 52.625, 7.363814748203033e-24, nan 
-70.625, 52.875, 8.695930952902498e-24, nan 
-70.375, 52.875, 1.7041533255398014e-23, nan 
-70.125, 52.875, 1.4206302248610596e-23, nan 
-69.875, 52.875, 4.715796766356901e-24, nan 
-69.625, 52.875, 4.1263978751639094e-24, nan 
-69.375, 52.875, 5.451731855084014e-24, nan 
-69.125, 52.875, 4.611861433616165e-24, nan 
-68.875, 52.875, 3.9460237987631466e-24, nan 
-68.625, 52.875, 3.52405446729739e-24, nan 
-68.375, 52.875, 4.860621376556692e-24, nan 
-68.125, 52.875, 1.390148535901907e-23, nan 
-67.875, 52.875, 8.006058883851817e-23, nan 
-67.625, 52.875, 8.888343837161293e-23, nan 
-67.375, 52.875, 1.0793044924831786e-22, nan 
-67.125, 52.875, 1.0241338381328017e-22, nan 
-66.875, 52.875, 7.857865651074603e-23, nan 
-66.625, 52.875, 9.018642123388808e-23, nan 
-66.375, 52.875, 1.1771485535249068e-22, nan 
-66.125, 52.875, 1.2095994286505404e-22, nan 
-65.875, 52.875, 1.9199617576271977e-22, nan 
-65.625, 52.875, 2.205237322461246e-22, nan 
-65.375, 52.875, 2.8933268340824466e-22, nan 
-65.125, 52.875, 2.3025850756491473e-22, nan 
-64.875, 52.875, 1.233793503934586e-22, nan 
-64.625, 52.875, 1.8832798849805214e-22, nan 
-64.375, 52.875, 2.513719639433241e-22, nan 
-64.125, 52.875, 2.907251363590059e-22, nan 
-63.875, 52.875, 2.282576522565063e-22, nan 
-63.625, 52.875, 6.297216589902019e-23, nan 
-63.375, 52.875, 4.219271318786193e-23, nan 
-63.125, 52.875, 4.4397634326805947e-23, nan 
-62.875, 52.875, 4.782343066934638e-23, nan 
-62.625, 52.875, 3.7963291825059205e-23, nan 
-62.375, 52.875, 2.5327072902036182e-23, nan 
-62.125, 52.875, 6.360751975569915e-23, nan 
-61.875, 52.875, 6.095900237481053e-23, nan 
-61.625, 52.875, 3.569060443078504e-23, nan 
-61.375, 52.875, 5.770155615440924e-23, nan 
-61.125, 52.875, 5.197213337012522e-23, nan 
-60.875, 52.875, 6.358780768512603e-23, nan 
-60.625, 52.875, 6.785175992719972e-23, nan 
-60.375, 52.875, 5.0081272657882706e-23, nan 
-60.125, 52.875, 3.61621700726427e-23, nan 
-59.875, 52.875, 1.0340331182155312e-22, nan 
-59.625, 52.875, 1.067769519946901e-22, nan 
-59.375, 52.875, 3.845568697566644e-23, nan 
-59.125, 52.875, 2.0714728989404474e-23, nan 
-58.875, 52.875, 1.880077196632189e-23, nan 
-58.625, 52.875, 1.8253089038290648e-23, nan 
-58.375, 52.875, 1.0165799486692245e-23, nan 
-58.125, 52.875, 1.242546050998301e-23, nan 
-57.875, 52.875, 1.7492789769565985e-23, nan 
-57.625, 52.875, 2.44504337729057e-23, nan 
-57.375, 52.875, 1.0416894242464778e-23, nan 
-57.125, 52.875, 1.0845049413085876e-23, nan 
-56.875, 52.875, 1.1622737327411339e-23, nan 
-56.625, 52.875, 9.422931459102012e-24, nan 
-56.375, 52.875, 8.416098770984612e-24, nan 
-56.125, 52.875, 1.1615329263254774e-23, nan 
-55.875, 52.875, 1.0136686789240878e-23, nan 
-55.625, 52.875, 8.177699827030711e-24, nan 
-55.375, 52.875, 9.52282877759537e-24, nan 
-55.125, 52.875, 1.940402108117715e-23, nan 
-54.875, 52.875, 2.1846549070131432e-23, nan 
-54.625, 52.875, 1.5989345312062388e-23, nan 
-54.375, 52.875, 2.5669939117023004e-23, nan 
-54.125, 52.875, 2.853909425428193e-23, nan 
-53.875, 52.875, 2.1459719796612815e-23, nan 
-53.625, 52.875, 1.4800326191101373e-23, nan 
-53.375, 52.875, 2.2783905179973744e-23, nan 
-53.125, 52.875, 2.042290349804427e-23, nan 
-52.875, 52.875, 9.566343746230443e-24, nan 
-52.625, 52.875, 7.886385362967276e-24, nan 
-52.375, 52.875, 7.485325755305114e-24, nan 
-52.125, 52.875, 1.1481922034445906e-23, nan 
-51.875, 52.875, 1.2738219096141703e-23, nan 
-51.625, 52.875, 9.991643265022784e-24, nan 
-51.375, 52.875, 1.294060063960917e-23, nan 
-51.125, 52.875, 1.1928665511089497e-23, nan 
-50.875, 52.875, 1.3010861985582283e-23, nan 
-50.625, 52.875, 1.4871087756214465e-23, nan 
-50.375, 52.875, 1.4193298791384145e-23, nan 
-50.125, 52.875, 1.040504156332641e-23, nan 
-49.875, 52.875, 1.4450111508558923e-23, nan 
-49.625, 52.875, 1.5032385754720284e-23, nan 
-49.375, 52.875, 8.288323313900288e-24, nan 
-49.125, 52.875, 4.885818249261702e-24, nan 
-48.875, 52.875, 2.829251017679836e-23, nan 
-48.625, 52.875, 3.33487336911901e-23, nan 
-48.375, 52.875, 2.4825822466247176e-23, nan 
-48.125, 52.875, 2.0253579357244988e-23, nan 
-47.875, 52.875, 1.8931665519536179e-23, nan 
-47.625, 52.875, 1.9844324805628917e-23, nan 
-47.375, 52.875, 1.771098877543818e-23, nan 
-47.125, 52.875, 1.7414069599760502e-23, nan 
-46.875, 52.875, 1.3963623644676668e-23, nan 
-46.625, 52.875, 7.726280632628714e-24, nan 
-46.375, 52.875, 7.395502020262629e-24, nan 
-46.125, 52.875, 9.022452627018697e-24, nan 
-45.875, 52.875, 9.498558418581184e-24, nan 
-45.625, 52.875, 9.035284704844896e-24, nan 
-45.375, 52.875, 6.446611356941572e-24, nan 
-45.125, 52.875, 6.16232775015508e-24, nan 
-44.875, 52.875, 1.2623660799567336e-23, nan 
-44.625, 52.875, 1.2856602377368582e-23, nan 
-44.375, 52.875, 7.0622178739092e-24, nan 
-44.125, 52.875, 8.032596255428129e-24, nan 
-43.875, 52.875, 8.908615415497553e-24, nan 
-43.625, 52.875, 7.085520529447254e-24, nan 
-43.375, 52.875, 1.2057644851121508e-23, nan 
-43.125, 52.875, 1.2113674288555448e-23, nan 
-42.875, 52.875, 1.1937049106061558e-23, nan 
-42.625, 52.875, 1.4980397873855316e-23, nan 
-42.375, 52.875, 1.6026515202135193e-23, nan 
-42.125, 52.875, 1.2491427916555808e-23, nan 
-41.875, 52.875, 9.599290275073873e-24, nan 
-41.625, 52.875, 5.244291317003241e-24, nan 
-41.375, 52.875, 6.237482551327775e-24, nan 
-41.125, 52.875, 1.0809331783543218e-23, nan 
-40.875, 52.875, 9.47905784377377e-24, nan 
-40.625, 52.875, 5.528054417397025e-24, nan 
-40.375, 52.875, 1.4567839875772596e-23, nan 
-40.125, 52.875, 1.7741449707951976e-23, nan 
-39.875, 52.875, 1.5690257339156063e-23, nan 
-39.625, 52.875, 1.1931687828586117e-23, nan 
-39.375, 52.875, 7.175143634057933e-24, nan 
-39.125, 52.875, 9.170712379337877e-24, nan 
-38.875, 52.875, 9.712283305674684e-24, nan 
-38.625, 52.875, 4.3418114808720144e-24, nan 
-38.375, 52.875, 5.1094980548257824e-24, nan 
-38.125, 52.875, 6.739822183230714e-24, nan 
-37.875, 52.875, 7.334644740616599e-24, nan 
-37.625, 52.875, 1.1362230549246147e-23, nan 
-37.375, 52.875, 1.5833100428591733e-23, nan 
-37.125, 52.875, 1.7473601826257262e-23, nan 
-36.875, 52.875, 1.9111228004485043e-23, nan 
-36.625, 52.875, 1.5424951811186224e-23, nan 
-36.375, 52.875, 1.7165935267061215e-23, nan 
-36.125, 52.875, 1.6909342284570612e-23, nan 
-35.875, 52.875, 1.2238234454030435e-23, nan 
-35.625, 52.875, 7.308655414172359e-24, nan 
-35.375, 52.875, 3.722184562902997e-24, nan 
-35.125, 52.875, 5.68577324162254e-24, nan 
-34.875, 52.875, 4.31919420735171e-24, nan 
-34.625, 52.875, 1.0605380256732867e-23, nan 
-34.375, 52.875, 1.1243569808403225e-23, nan 
-34.125, 52.875, 5.966643376597396e-24, nan 
-33.875, 52.875, 6.000392483834121e-24, nan 
-33.625, 52.875, 3.7135354717546614e-24, nan 
-33.375, 52.875, 5.7445971620984696e-24, nan 
-33.125, 52.875, 7.699949891606834e-24, nan 
-32.875, 52.875, 5.6926277925226916e-24, nan 
-32.625, 52.875, 1.0825201943033845e-23, nan 
-32.375, 52.875, 1.0556229565773153e-23, nan 
-32.125, 52.875, 3.81810536126634e-24, nan 
-31.875, 52.875, 8.013393826235796e-24, nan 
-31.625, 52.875, 8.996044011739261e-24, nan 
-31.375, 52.875, 1.0705853440966054e-23, nan 
-31.125, 52.875, 1.291806274535615e-23, nan 
-30.875, 52.875, 8.161676064176067e-24, nan 
-30.625, 52.875, 7.915292601111204e-24, nan 
-30.375, 52.875, 7.984652496556458e-24, nan 
-30.125, 52.875, 1.2059283995772126e-23, nan 
-29.875, 52.875, 1.0907787173465654e-23, nan 
-29.625, 52.875, 2.449056350828805e-23, nan 
-29.375, 52.875, 2.8019420873401496e-23, nan 
-29.125, 52.875, 1.4819107047408355e-23, nan 
-28.875, 52.875, 1.6504821565119337e-23, nan 
-28.625, 52.875, 1.5204290435342862e-23, nan 
-28.375, 52.875, 1.434866373520736e-23, nan 
-28.125, 52.875, 1.4917588332816333e-23, nan 
-27.875, 52.875, 1.365426550379071e-23, nan 
-27.625, 52.875, 1.62399162605197e-23, nan 
-27.375, 52.875, 1.18885865548303e-23, nan 
-27.125, 52.875, 1.8623375384357673e-23, nan 
-26.875, 52.875, 2.019930648272018e-23, nan 
-26.625, 52.875, 1.779156229742616e-23, nan 
-26.375, 52.875, 1.460739480494042e-23, nan 
-26.125, 52.875, 1.2344870250484323e-23, nan 
-25.875, 52.875, 1.6994862493052086e-23, nan 
-25.625, 52.875, 1.7918603628852624e-23, nan 
-25.375, 52.875, 1.6272359249162105e-23, nan 
-25.125, 52.875, 1.4164064420428202e-23, nan 
-24.875, 52.875, 2.021656699251407e-23, nan 
-24.625, 52.875, 1.8120789418595035e-23, nan 
-24.375, 52.875, 1.845137552643706e-23, nan 
-24.125, 52.875, 3.1338828127079626e-23, nan 
-23.875, 52.875, 3.024715840262479e-23, nan 
-23.625, 52.875, 2.071689299178877e-23, nan 
-23.375, 52.875, 1.0043630124740667e-23, nan 
-23.125, 52.875, 2.4740682609687705e-23, nan 
-22.875, 52.875, 3.304145195339408e-23, nan 
-22.625, 52.875, 4.8124689444043934e-23, nan 
-22.375, 52.875, 4.977797664075882e-23, nan 
-22.125, 52.875, 2.794650114620856e-23, nan 
-21.875, 52.875, 1.9765160262035714e-23, nan 
-21.625, 52.875, 7.755541923475096e-23, nan 
-21.375, 52.875, 1.1428236024134492e-22, nan 
-21.125, 52.875, 8.625884145832067e-23, nan 
-20.875, 52.875, 4.9038012937554753e-23, nan 
-20.625, 52.875, 5.15324075437566e-23, nan 
-20.375, 52.875, 2.6076125371351915e-23, nan 
-20.125, 52.875, 1.12390794558473e-23, nan 
-19.875, 52.875, 1.5725305315427493e-23, nan 
-19.625, 52.875, 1.3401974493733105e-23, nan 
-19.375, 52.875, 4.332984918862104e-23, nan 
-19.125, 52.875, 4.5708440866677995e-23, nan 
-18.875, 52.875, 1.007885299172056e-23, nan 
-18.625, 52.875, 1.0087027554002873e-23, nan 
-18.375, 52.875, 9.336324679581877e-24, nan 
-18.125, 52.875, 2.2965699849060676e-23, nan 
-17.875, 52.875, 2.864000952799731e-23, nan 
-17.625, 52.875, 2.2939701317437262e-23, nan 
-17.375, 52.875, 1.3993707797077152e-23, nan 
-17.125, 52.875, 8.84754802265101e-24, nan 
-16.875, 52.875, 1.1522207630498986e-23, nan 
-16.625, 52.875, 1.4988224046074136e-23, nan 
-16.375, 52.875, 1.4028144357740478e-23, nan 
-16.125, 52.875, 1.464742803809589e-23, nan 
-15.875, 52.875, 4.897746823938472e-23, nan 
-15.625, 52.875, 4.3509644924206835e-23, nan 
-15.375, 52.875, 2.762804026428068e-23, nan 
-15.125, 52.875, 1.6255942538670424e-23, nan 
-14.875, 52.875, 4.3067134597035714e-24, nan 
-14.625, 52.875, 3.623780923499343e-24, nan 
-14.375, 52.875, 5.2835280830407386e-24, nan 
-14.125, 52.875, 4.3440215426020627e-23, nan 
-13.875, 52.875, 5.753953104864653e-23, nan 
-13.625, 52.875, 5.0887653870907416e-23, nan 
-13.375, 52.875, 2.037242227163523e-23, nan 
-13.125, 52.875, 1.4685013212471067e-23, nan 
-12.875, 52.875, 1.382203591683809e-23, nan 
-12.625, 52.875, 1.7355743980926942e-23, nan 
-12.375, 52.875, 2.2478016479036055e-23, nan 
-12.125, 52.875, 4.187507214238365e-23, nan 
-11.875, 52.875, 3.457111494045172e-23, nan 
-11.625, 52.875, 9.043752218425066e-24, nan 
-11.375, 52.875, 1.0177356519752709e-23, nan 
-11.125, 52.875, 6.783728065536844e-24, nan 
-10.875, 52.875, 3.342647028977943e-24, nan 
-10.625, 52.875, 6.66443029241047e-24, nan 
-10.375, 52.875, 5.976503046102026e-24, nan 
-10.125, 52.875, 3.7800311669874686e-24, nan 
-9.875, 52.875, 3.345306125464298e-23, nan 
-9.625, 52.875, 6.208302342384758e-23, nan 
-9.375, 52.875, 8.159591346284828e-23, nan 
-9.125, 52.875, 7.200704358282414e-23, nan 
-8.875, 52.875, 6.260219650852221e-23, nan 
-8.625, 52.875, 3.8141051827886516e-23, nan 
-8.375, 52.875, 2.9438497824752274e-23, nan 
-8.125, 52.875, 4.170391195302317e-23, nan 
-7.875, 52.875, 4.750325971910293e-23, nan 
-7.625, 52.875, 3.469720813110035e-23, nan 
-7.375, 52.875, 2.2041413496842012e-23, nan 
-7.125, 52.875, 1.9252575628321182e-23, nan 
-6.875, 52.875, 4.2515024482319353e-23, nan 
-6.625, 52.875, 3.864139530581135e-23, nan 
-6.375, 52.875, 2.1232467209449062e-23, nan 
-6.125, 52.875, 1.183590352504095e-23, nan 
-5.875, 52.875, 1.1087351792668978e-23, nan 
-5.625, 52.875, 9.632694316116903e-24, nan 
-5.375, 52.875, 1.1011150570886307e-23, nan 
-5.125, 52.875, 6.579593597048178e-24, nan 
-4.875, 52.875, 8.917671389027092e-24, nan 
-4.625, 52.875, 1.4726822008648154e-23, nan 
-4.375, 52.875, 8.712267528508642e-24, nan 
-4.125, 52.875, 1.3569252826573262e-23, nan 
-3.875, 52.875, 1.0533707702894435e-23, nan 
-3.625, 52.875, 1.3170964805001479e-23, nan 
-3.375, 52.875, 2.121227318440774e-23, nan 
-3.125, 52.875, 1.6132667851597466e-23, nan 
-2.875, 52.875, 7.1915446778108e-24, nan 
-2.625, 52.875, 1.6840957115268417e-23, nan 
-2.375, 52.875, 3.14300724789084e-23, nan 
-2.125, 52.875, 3.121689987439633e-23, nan 
-1.875, 52.875, 1.479605495702455e-23, nan 
-1.625, 52.875, 2.951817727078883e-23, nan 
-1.375, 52.875, 3.5584334485748996e-23, nan 
-1.125, 52.875, 3.500480447548757e-23, nan 
-0.875, 52.875, 2.7842694841358624e-23, nan 
-0.625, 52.875, 1.603397476443542e-23, nan 
-0.375, 52.875, 1.435531594261198e-23, nan 
-0.125, 52.875, 1.9109691841253307e-23, nan 
0.125, 52.875, 1.87501754462378e-23, nan 
0.375, 52.875, 9.354376191604054e-24, nan 
0.625, 52.875, 1.103233327815321e-23, nan 
0.875, 52.875, 1.004766192894041e-23, nan 
1.125, 52.875, 8.045597584027968e-24, nan 
1.375, 52.875, 7.63152226379508e-24, nan 
1.625, 52.875, 1.0982613223088304e-23, nan 
1.875, 52.875, 1.052262069997774e-23, nan 
2.125, 52.875, 1.5867447820752054e-23, nan 
2.375, 52.875, 1.9277623375704556e-23, nan 
2.625, 52.875, 5.981432539786528e-24, nan 
2.875, 52.875, 7.468391869205364e-24, nan 
3.125, 52.875, 4.2795709988519614e-24, nan 
3.375, 52.875, 7.927094769728065e-24, nan 
3.625, 52.875, 9.230500574960483e-24, nan 
3.875, 52.875, 9.013713193787311e-24, nan 
4.125, 52.875, 2.3148504198211147e-23, nan 
4.375, 52.875, 1.9316162979429238e-23, nan 
-71.875, 53.125, 4.921562987986531e-24, nan 
-71.625, 53.125, 5.056696544596144e-24, nan 
-71.375, 53.125, 7.23330632731236e-24, nan 
-71.125, 53.125, 7.296319349642462e-24, nan 
-70.875, 53.125, 7.509138498993554e-24, nan 
-70.625, 53.125, 1.1965625720030096e-23, nan 
-70.375, 53.125, 2.0226318881173278e-23, nan 
-70.125, 53.125, 1.7172753125419203e-23, nan 
-69.875, 53.125, 1.2347611809121484e-23, nan 
-69.625, 53.125, 9.469292632121887e-24, nan 
-69.375, 53.125, 8.957008430512198e-24, nan 
-69.125, 53.125, 8.677352816697588e-24, nan 
-68.875, 53.125, 3.922881748816407e-24, nan 
-68.625, 53.125, 3.557830693276405e-24, nan 
-68.375, 53.125, 3.1763703610664716e-24, nan 
-68.125, 53.125, 5.922136524591762e-24, nan 
-67.875, 53.125, 4.500121454527642e-23, nan 
-67.625, 53.125, 6.371530871269089e-23, nan 
-67.375, 53.125, 9.91847671936419e-23, nan 
-67.125, 53.125, 1.2016377616205383e-22, nan 
-66.875, 53.125, 8.185315448452814e-23, nan 
-66.625, 53.125, 1.267016233747885e-22, nan 
-66.375, 53.125, 1.445289030078032e-22, nan 
-66.125, 53.125, 1.5514796570976946e-22, nan 
-65.875, 53.125, 1.2110768859875897e-22, nan 
-65.625, 53.125, 1.4701535335738566e-22, nan 
-65.375, 53.125, 5.684243192280898e-23, nan 
-65.125, 53.125, 1.3194699452391402e-22, nan 
-64.875, 53.125, 1.9149846517561064e-22, nan 
-64.625, 53.125, 2.7585505798069445e-22, nan 
-64.375, 53.125, 2.1711767093652584e-22, nan 
-64.125, 53.125, 1.6106479362250619e-22, nan 
-63.875, 53.125, 1.9761336689126002e-22, nan 
-63.625, 53.125, 2.093967819457114e-22, nan 
-63.375, 53.125, 1.9918038835277848e-22, nan 
-63.125, 53.125, 1.9535302622505644e-22, nan 
-62.875, 53.125, 1.1272767687904188e-22, nan 
-62.625, 53.125, 6.819657913297978e-23, nan 
-62.375, 53.125, 4.7507011727563137e-23, nan 
-62.125, 53.125, 5.880367318118226e-23, nan 
-61.875, 53.125, 6.959860957017781e-23, nan 
-61.625, 53.125, 7.62137543385432e-23, nan 
-61.375, 53.125, 7.261010839819006e-23, nan 
-61.125, 53.125, 7.677871026179281e-23, nan 
-60.875, 53.125, 8.050894071597585e-23, nan 
-60.625, 53.125, 3.64361832406745e-23, nan 
-60.375, 53.125, 4.743865829005323e-23, nan 
-60.125, 53.125, 5.587461773173528e-23, nan 
-59.875, 53.125, 5.893134935554664e-23, nan 
-59.625, 53.125, 1.2862795276308149e-23, nan 
-59.375, 53.125, 4.240750806145597e-24, nan 
-59.125, 53.125, 2.211968224064486e-24, nan 
-58.875, 53.125, 5.569752973580771e-24, nan 
-58.625, 53.125, 1.3015834303770174e-23, nan 
-58.375, 53.125, 1.5538156970572112e-23, nan 
-58.125, 53.125, 1.3282660753756528e-23, nan 
-57.875, 53.125, 1.5254591030460733e-23, nan 
-57.625, 53.125, 1.2168950899467948e-23, nan 
-57.375, 53.125, 1.2817232834059837e-23, nan 
-57.125, 53.125, 1.2094212591556196e-23, nan 
-56.875, 53.125, 1.223776504259646e-23, nan 
-56.625, 53.125, 1.1551521942263914e-23, nan 
-56.375, 53.125, 1.2923568637302316e-23, nan 
-56.125, 53.125, 1.2279603111520694e-23, nan 
-55.875, 53.125, 7.864021327769432e-24, nan 
-55.625, 53.125, 8.14059081957845e-24, nan 
-55.375, 53.125, 1.7230623246832236e-23, nan 
-55.125, 53.125, 2.4772340933952506e-23, nan 
-54.875, 53.125, 2.1941552079255902e-23, nan 
-54.625, 53.125, 1.6623783916585498e-23, nan 
-54.375, 53.125, 2.156252065209709e-23, nan 
-54.125, 53.125, 1.6811584265305218e-23, nan 
-53.875, 53.125, 7.56483217929958e-24, nan 
-53.625, 53.125, 1.0223550396157141e-23, nan 
-53.375, 53.125, 8.721944525695543e-24, nan 
-53.125, 53.125, 8.224416994937218e-24, nan 
-52.875, 53.125, 1.0249712958398175e-23, nan 
-52.625, 53.125, 1.425132217076442e-23, nan 
-52.375, 53.125, 2.0655201024454126e-23, nan 
-52.125, 53.125, 1.840190363366588e-23, nan 
-51.875, 53.125, 1.5030224523513405e-23, nan 
-51.625, 53.125, 1.3051208131388945e-23, nan 
-51.375, 53.125, 1.3249739917581103e-23, nan 
-51.125, 53.125, 1.2812052543689696e-23, nan 
-50.875, 53.125, 1.5598209606064397e-23, nan 
-50.625, 53.125, 1.3279525462961922e-23, nan 
-50.375, 53.125, 1.2354826670669553e-23, nan 
-50.125, 53.125, 1.719317729849516e-23, nan 
-49.875, 53.125, 1.7474585726327452e-23, nan 
-49.625, 53.125, 1.442214043659131e-23, nan 
-49.375, 53.125, 9.381222455933686e-24, nan 
-49.125, 53.125, 6.843262499457969e-24, nan 
-48.875, 53.125, 1.1167533529915966e-23, nan 
-48.625, 53.125, 1.8618775059045857e-23, nan 
-48.375, 53.125, 2.2906691880854394e-23, nan 
-48.125, 53.125, 2.5206827888271344e-23, nan 
-47.875, 53.125, 1.8884256764933698e-23, nan 
-47.625, 53.125, 1.6831696396000125e-23, nan 
-47.375, 53.125, 1.80010926669102e-23, nan 
-47.125, 53.125, 1.5273968523024e-23, nan 
-46.875, 53.125, 8.17936565616447e-24, nan 
-46.625, 53.125, 6.431966579483541e-24, nan 
-46.375, 53.125, 4.03049608223211e-24, nan 
-46.125, 53.125, 5.708350974292266e-24, nan 
-45.875, 53.125, 7.492652318673479e-24, nan 
-45.625, 53.125, 6.3708045387463806e-24, nan 
-45.375, 53.125, 5.686946703900492e-24, nan 
-45.125, 53.125, 1.0558725168523917e-23, nan 
-44.875, 53.125, 1.412480616972016e-23, nan 
-44.625, 53.125, 8.961964497079373e-24, nan 
-44.375, 53.125, 7.758883364646267e-24, nan 
-44.125, 53.125, 1.2792641823844938e-23, nan 
-43.875, 53.125, 1.2840373133970852e-23, nan 
-43.625, 53.125, 8.598369653339098e-24, nan 
-43.375, 53.125, 1.2205904264674036e-23, nan 
-43.125, 53.125, 1.463340068456361e-23, nan 
-42.875, 53.125, 1.25995825124262e-23, nan 
-42.625, 53.125, 1.776303989101215e-23, nan 
-42.375, 53.125, 1.5604472884907882e-23, nan 
-42.125, 53.125, 5.040179058323988e-24, nan 
-41.875, 53.125, 3.379971725460813e-24, nan 
-41.625, 53.125, 4.354908165663943e-24, nan 
-41.375, 53.125, 1.2773571027507897e-23, nan 
-41.125, 53.125, 1.2795104140113179e-23, nan 
-40.875, 53.125, 8.911659452494585e-24, nan 
-40.625, 53.125, 9.368628406749628e-24, nan 
-40.375, 53.125, 1.1356243282285128e-23, nan 
-40.125, 53.125, 2.0408168380189985e-23, nan 
-39.875, 53.125, 2.0189229391820057e-23, nan 
-39.625, 53.125, 1.2416243912474042e-23, nan 
-39.375, 53.125, 7.937324831989521e-24, nan 
-39.125, 53.125, 8.995757440835114e-24, nan 
-38.875, 53.125, 5.6931392899563125e-24, nan 
-38.625, 53.125, 8.648924331167252e-24, nan 
-38.375, 53.125, 7.235389287051605e-24, nan 
-38.125, 53.125, 9.229135147742181e-24, nan 
-37.875, 53.125, 1.9925489287611943e-23, nan 
-37.625, 53.125, 1.5060810184377617e-23, nan 
-37.375, 53.125, 6.002528088608755e-24, nan 
-37.125, 53.125, 1.2240256737947116e-23, nan 
-36.875, 53.125, 1.3747725831525905e-23, nan 
-36.625, 53.125, 1.352617920086462e-23, nan 
-36.375, 53.125, 9.270908092343312e-24, nan 
-36.125, 53.125, 9.210395417924253e-24, nan 
-35.875, 53.125, 9.221654466451039e-24, nan 
-35.625, 53.125, 1.0133668028440484e-23, nan 
-35.375, 53.125, 1.0733626619440778e-23, nan 
-35.125, 53.125, 1.0164872546885199e-23, nan 
-34.875, 53.125, 7.86946394474423e-24, nan 
-34.625, 53.125, 8.925304094373704e-24, nan 
-34.375, 53.125, 1.3664835473924395e-23, nan 
-34.125, 53.125, 1.3172890974479023e-23, nan 
-33.875, 53.125, 1.1504194903900734e-23, nan 
-33.625, 53.125, 7.777567073751362e-24, nan 
-33.375, 53.125, 1.1410860713235751e-23, nan 
-33.125, 53.125, 1.0458918960332246e-23, nan 
-32.875, 53.125, 6.98507786810044e-24, nan 
-32.625, 53.125, 8.730061200338571e-24, nan 
-32.375, 53.125, 7.602130776912361e-24, nan 
-32.125, 53.125, 3.2678932688896602e-24, nan 
-31.875, 53.125, 5.779987476060943e-24, nan 
-31.625, 53.125, 8.862560980982255e-24, nan 
-31.375, 53.125, 9.617485415206568e-24, nan 
-31.125, 53.125, 9.865020597889022e-24, nan 
-30.875, 53.125, 2.9466032285268215e-24, nan 
-30.625, 53.125, 3.656215891364011e-24, nan 
-30.375, 53.125, 1.4056394625623858e-23, nan 
-30.125, 53.125, 1.6443051708196854e-23, nan 
-29.875, 53.125, 6.6151608666938406e-24, nan 
-29.625, 53.125, 7.399208290064312e-24, nan 
-29.375, 53.125, 1.1869978804706086e-23, nan 
-29.125, 53.125, 1.0293211470647411e-23, nan 
-28.875, 53.125, 1.413690795030791e-23, nan 
-28.625, 53.125, 1.1537395976391291e-23, nan 
-28.375, 53.125, 7.872548323854678e-24, nan 
-28.125, 53.125, 1.1077075580792269e-23, nan 
-27.875, 53.125, 1.1463013536037916e-23, nan 
-27.625, 53.125, 1.9143643533711166e-23, nan 
-27.375, 53.125, 1.389746930955388e-23, nan 
-27.125, 53.125, 1.2328520338570926e-23, nan 
-26.875, 53.125, 1.9778118986778737e-23, nan 
-26.625, 53.125, 1.8847633120036096e-23, nan 
-26.375, 53.125, 1.819236546539142e-23, nan 
-26.125, 53.125, 2.0547911135512824e-23, nan 
-25.875, 53.125, 2.711332741507723e-23, nan 
-25.625, 53.125, 1.9666890635185662e-23, nan 
-25.375, 53.125, 1.959626442687165e-23, nan 
-25.125, 53.125, 2.256838714738242e-23, nan 
-24.875, 53.125, 2.7856906629489585e-23, nan 
-24.625, 53.125, 2.0595566941390834e-23, nan 
-24.375, 53.125, 9.589358598609755e-24, nan 
-24.125, 53.125, 3.0340020095780645e-23, nan 
-23.875, 53.125, 3.803518320463841e-23, nan 
-23.625, 53.125, 2.665364597066171e-23, nan 
-23.375, 53.125, 2.2744417656325944e-23, nan 
-23.125, 53.125, 1.5567362810844623e-23, nan 
-22.875, 53.125, 1.439794062565317e-23, nan 
-22.625, 53.125, 1.2202728960562832e-23, nan 
-22.375, 53.125, 2.3031382709893732e-23, nan 
-22.125, 53.125, 2.555681057376763e-23, nan 
-21.875, 53.125, 2.4978869530036882e-23, nan 
-21.625, 53.125, 7.342539987059734e-23, nan 
-21.375, 53.125, 6.416432099154551e-23, nan 
-21.125, 53.125, 3.937571270352485e-23, nan 
-20.875, 53.125, 2.83317370188262e-23, nan 
-20.625, 53.125, 4.0509394386470037e-23, nan 
-20.375, 53.125, 4.400153878684596e-23, nan 
-20.125, 53.125, 1.5158054049828412e-23, nan 
-19.875, 53.125, 1.4675431440249086e-23, nan 
-19.625, 53.125, 4.771180099588317e-23, nan 
-19.375, 53.125, 7.419199159758265e-23, nan 
-19.125, 53.125, 8.968327072574247e-23, nan 
-18.875, 53.125, 5.702476583131864e-23, nan 
-18.625, 53.125, 2.403648590838677e-23, nan 
-18.375, 53.125, 1.100310839257469e-23, nan 
-18.125, 53.125, 1.1254857276158955e-23, nan 
-17.875, 53.125, 7.565558155544888e-24, nan 
-17.625, 53.125, 1.6588618497623862e-23, nan 
-17.375, 53.125, 1.883286579133519e-23, nan 
-17.125, 53.125, 1.6242670854328592e-23, nan 
-16.875, 53.125, 1.2883498919255585e-23, nan 
-16.625, 53.125, 1.174475011557523e-23, nan 
-16.375, 53.125, 1.2891398017206108e-23, nan 
-16.125, 53.125, 1.6366100577121953e-23, nan 
-15.875, 53.125, 1.6033995378128372e-23, nan 
-15.625, 53.125, 2.409304283938472e-23, nan 
-15.375, 53.125, 8.612074015225658e-24, nan 
-15.125, 53.125, 4.868890960000682e-24, nan 
-14.875, 53.125, 3.9681274331855175e-24, nan 
-14.625, 53.125, 2.0142141412938306e-24, nan 
-14.375, 53.125, 3.6073174891083816e-24, nan 
-14.125, 53.125, 9.681324250738608e-24, nan 
-13.875, 53.125, 1.215168186380227e-23, nan 
-13.625, 53.125, 1.659516613406808e-23, nan 
-13.375, 53.125, 1.7163406978689564e-23, nan 
-13.125, 53.125, 7.773007699388577e-24, nan 
-12.875, 53.125, 2.267536880228419e-23, nan 
-12.625, 53.125, 3.426188076302973e-23, nan 
-12.375, 53.125, 2.626271721402241e-23, nan 
-12.125, 53.125, 3.915628404374276e-23, nan 
-11.875, 53.125, 4.321325644516731e-23, nan 
-11.625, 53.125, 2.678680003853358e-23, nan 
-11.375, 53.125, 1.3715259373213222e-23, nan 
-11.125, 53.125, 1.3110887448095224e-23, nan 
-10.875, 53.125, 2.6758340794545124e-23, nan 
-10.625, 53.125, 3.4251280995677037e-23, nan 
-10.375, 53.125, 3.630944665775963e-23, nan 
-10.125, 53.125, 1.9568141421250712e-23, nan 
-9.875, 53.125, 2.1019368157392489e-23, nan 
-9.625, 53.125, 3.519967265887093e-23, nan 
-9.375, 53.125, 4.8232775454229027e-23, nan 
-9.125, 53.125, 4.07727749358796e-23, nan 
-8.875, 53.125, 4.2736691887452465e-23, nan 
-8.625, 53.125, 4.426353290775942e-23, nan 
-8.375, 53.125, 4.145732140476763e-23, nan 
-8.125, 53.125, 3.888001157806431e-23, nan 
-7.875, 53.125, 3.804401441082845e-23, nan 
-7.625, 53.125, 3.1379254224690385e-23, nan 
-7.375, 53.125, 4.237632614916074e-23, nan 
-7.125, 53.125, 6.054066078965359e-23, nan 
-6.875, 53.125, 5.453667307644499e-23, nan 
-6.625, 53.125, 1.0980554471743878e-23, nan 
-6.375, 53.125, 1.351688778792187e-23, nan 
-6.125, 53.125, 1.9265593075044842e-23, nan 
-5.875, 53.125, 2.0108996671272162e-23, nan 
-5.625, 53.125, 1.7159282037987817e-23, nan 
-5.375, 53.125, 1.9874516155792303e-23, nan 
-5.125, 53.125, 1.997590699331759e-23, nan 
-4.875, 53.125, 1.99035909373323e-23, nan 
-4.625, 53.125, 2.1437583504919035e-23, nan 
-4.375, 53.125, 1.0047349560220124e-23, nan 
-4.125, 53.125, 1.1201794334405096e-23, nan 
-3.875, 53.125, 1.0300408847094224e-23, nan 
-3.625, 53.125, 2.693247432780102e-24, nan 
-3.375, 53.125, 9.837541018167546e-24, nan 
-3.125, 53.125, 7.63983545693135e-24, nan 
-2.875, 53.125, 5.904373782196307e-24, nan 
-2.625, 53.125, 1.320945757946436e-23, nan 
-2.375, 53.125, 1.756100221580669e-23, nan 
-2.125, 53.125, 2.3195708560046085e-23, nan 
-1.875, 53.125, 1.7381535029727188e-23, nan 
-1.625, 53.125, 1.783564043560343e-23, nan 
-1.375, 53.125, 2.9215456202842896e-23, nan 
-1.125, 53.125, 2.96150265508691e-23, nan 
-0.875, 53.125, 1.4416560881437948e-23, nan 
-0.625, 53.125, 1.6561099322098065e-23, nan 
-0.375, 53.125, 1.056517188797549e-23, nan 
-0.125, 53.125, 1.199738471009568e-23, nan 
0.125, 53.125, 1.896999734362505e-23, nan 
0.375, 53.125, 1.4706812443617304e-23, nan 
0.625, 53.125, 8.013811012948316e-24, nan 
0.875, 53.125, 1.5940523167990607e-23, nan 
1.125, 53.125, 1.4954750654164753e-23, nan 
1.375, 53.125, 6.4658871977926995e-24, nan 
1.625, 53.125, 8.883775759953387e-24, nan 
1.875, 53.125, 9.28332280550456e-24, nan 
2.125, 53.125, 3.4954828709842215e-24, nan 
2.375, 53.125, 1.546268881719104e-23, nan 
2.625, 53.125, 1.2780218473532085e-23, nan 
2.875, 53.125, 6.756594515215187e-24, nan 
3.125, 53.125, 6.738626619748398e-24, nan 
3.375, 53.125, 5.5997508348048686e-24, nan 
3.625, 53.125, 5.3733967365647064e-24, nan 
3.875, 53.125, 1.0785554432079903e-23, nan 
4.125, 53.125, 6.813532443927673e-24, nan 
4.375, 53.125, 3.78677641965975e-24, nan 
4.625, 53.125, 4.152442329925918e-24, nan 
4.875, 53.125, 1.0897836550885106e-23, nan 
5.125, 53.125, 1.636559912505427e-23, nan 
5.375, 53.125, 1.2998589091704099e-23, nan 
5.625, 53.125, 6.640563570466543e-24, nan 
-72.875, 53.375, 4.8896728198224426e-24, nan 
-72.625, 53.375, 5.541895151178471e-24, nan 
-72.375, 53.375, 5.284443593469677e-24, nan 
-72.125, 53.375, 5.608332148989855e-24, nan 
-71.875, 53.375, 4.054645905092128e-24, nan 
-71.625, 53.375, 5.8556313603092074e-24, nan 
-71.375, 53.375, 9.001086824252815e-24, nan 
-71.125, 53.375, 9.02172070034196e-24, nan 
-70.875, 53.375, 8.670947880000312e-24, nan 
-70.625, 53.375, 5.525861204681315e-24, nan 
-70.375, 53.375, 1.0003521642183688e-23, nan 
-70.125, 53.375, 6.382122314414831e-24, nan 
-69.875, 53.375, 4.2413076681861576e-24, nan 
-69.625, 53.375, 5.407313544255297e-24, nan 
-69.375, 53.375, 1.2266148431052776e-23, nan 
-69.125, 53.375, 1.1167177156837451e-23, nan 
-68.875, 53.375, 3.943961607001937e-24, nan 
-68.625, 53.375, 3.481038951134709e-24, nan 
-68.375, 53.375, 3.857357602514428e-24, nan 
-68.125, 53.375, 8.414108248711911e-24, nan 
-67.875, 53.375, 1.6075610615179192e-23, nan 
-67.625, 53.375, 3.063967391783408e-23, nan 
-67.375, 53.375, 3.4623720396177897e-23, nan 
-67.125, 53.375, 1.1805090995743405e-22, nan 
-66.875, 53.375, 9.823305354514785e-23, nan 
-66.625, 53.375, 1.0478170681791138e-22, nan 
-66.375, 53.375, 1.721147336233543e-22, nan 
-66.125, 53.375, 2.0178161817819079e-22, nan 
-65.875, 53.375, 2.010695732402007e-22, nan 
-65.625, 53.375, 2.4606932174138655e-22, nan 
-65.375, 53.375, 2.6988170535320767e-22, nan 
-65.125, 53.375, 1.9402620412097383e-22, nan 
-64.875, 53.375, 1.3075440447834606e-22, nan 
-64.625, 53.375, 1.6734941114428606e-22, nan 
-64.375, 53.375, 1.4608298306470184e-22, nan 
-64.125, 53.375, 2.265112716654695e-22, nan 
-63.875, 53.375, 2.514177001220413e-22, nan 
-63.625, 53.375, 2.148553404048683e-22, nan 
-63.375, 53.375, 2.0240624131517328e-22, nan 
-63.125, 53.375, 2.2797872841424775e-22, nan 
-62.875, 53.375, 1.7799553084081003e-22, nan 
-62.625, 53.375, 9.583831458196594e-23, nan 
-62.375, 53.375, 9.428242843602414e-23, nan 
-62.125, 53.375, 8.853281047067655e-23, nan 
-61.875, 53.375, 7.964098268884264e-23, nan 
-61.625, 53.375, 8.042777725843541e-23, nan 
-61.375, 53.375, 8.229074729321793e-23, nan 
-61.125, 53.375, 7.261884012124746e-23, nan 
-60.875, 53.375, 4.954903966761205e-23, nan 
-60.625, 53.375, 4.782507206221468e-23, nan 
-60.375, 53.375, 4.771506524901713e-23, nan 
-60.125, 53.375, 2.376198528206291e-23, nan 
-59.875, 53.375, 8.112460471469956e-24, nan 
-59.625, 53.375, 7.396031805686917e-24, nan 
-59.375, 53.375, 9.691640060847296e-24, nan 
-59.125, 53.375, 8.720898217040892e-24, nan 
-58.875, 53.375, 1.078801259679006e-23, nan 
-58.625, 53.375, 1.7441638413951904e-23, nan 
-58.375, 53.375, 1.601969532243569e-23, nan 
-58.125, 53.375, 1.3652507530587173e-23, nan 
-57.875, 53.375, 1.4586518337509215e-23, nan 
-57.625, 53.375, 9.687162979588275e-24, nan 
-57.375, 53.375, 1.0178871442679937e-23, nan 
-57.125, 53.375, 8.213303841450594e-24, nan 
-56.875, 53.375, 9.506272065663051e-24, nan 
-56.625, 53.375, 9.994461431838152e-24, nan 
-56.375, 53.375, 1.023002950319368e-23, nan 
-56.125, 53.375, 1.067186768789161e-23, nan 
-55.875, 53.375, 6.912871555262623e-24, nan 
-55.625, 53.375, 6.700783956388417e-24, nan 
-55.375, 53.375, 1.7141269644458316e-23, nan 
-55.125, 53.375, 2.1803018020659026e-23, nan 
-54.875, 53.375, 1.7248091952819855e-23, nan 
-54.625, 53.375, 1.1753285475064247e-23, nan 
-54.375, 53.375, 1.581061309486228e-23, nan 
-54.125, 53.375, 1.646065093898903e-23, nan 
-53.875, 53.375, 1.3091406327999637e-23, nan 
-53.625, 53.375, 6.229818370012206e-24, nan 
-53.375, 53.375, 9.293319933991689e-24, nan 
-53.125, 53.375, 1.0838182142055857e-23, nan 
-52.875, 53.375, 1.3342193430700308e-23, nan 
-52.625, 53.375, 1.3915038370698104e-23, nan 
-52.375, 53.375, 1.8893757275889745e-23, nan 
-52.125, 53.375, 1.463585353609697e-23, nan 
-51.875, 53.375, 1.1128753100546555e-23, nan 
-51.625, 53.375, 1.350414293152049e-23, nan 
-51.375, 53.375, 1.7339651377992697e-23, nan 
-51.125, 53.375, 1.6862717084113155e-23, nan 
-50.875, 53.375, 1.5644800629539317e-23, nan 
-50.625, 53.375, 2.2701116966740187e-23, nan 
-50.375, 53.375, 2.1581493516435238e-23, nan 
-50.125, 53.375, 1.6534205340241705e-23, nan 
-49.875, 53.375, 1.652796280104574e-23, nan 
-49.625, 53.375, 1.4682831039513632e-23, nan 
-49.375, 53.375, 2.151442976749128e-23, nan 
-49.125, 53.375, 3.3803570535373924e-23, nan 
-48.875, 53.375, 2.4045122619942244e-23, nan 
-48.625, 53.375, 2.205684646814032e-23, nan 
-48.375, 53.375, 1.8826504884072237e-23, nan 
-48.125, 53.375, 2.2149974093453643e-23, nan 
-47.875, 53.375, 2.135193285959893e-23, nan 
-47.625, 53.375, 1.908544993242071e-23, nan 
-47.375, 53.375, 1.5530944287389197e-23, nan 
-47.125, 53.375, 1.2012062135482125e-23, nan 
-46.875, 53.375, 4.763739890185736e-24, nan 
-46.625, 53.375, 5.521713306865486e-24, nan 
-46.375, 53.375, 5.954325245224844e-24, nan 
-46.125, 53.375, 8.570924385510285e-24, nan 
-45.875, 53.375, 8.911355473324283e-24, nan 
-45.625, 53.375, 5.7164637680616835e-24, nan 
-45.375, 53.375, 5.572856956480865e-24, nan 
-45.125, 53.375, 1.3629999732630582e-23, nan 
-44.875, 53.375, 1.3005256391455046e-23, nan 
-44.625, 53.375, 7.916826217425818e-24, nan 
-44.375, 53.375, 9.56836956012465e-24, nan 
-44.125, 53.375, 1.0448371781203238e-23, nan 
-43.875, 53.375, 7.533666110019182e-24, nan 
-43.625, 53.375, 4.405770599734726e-24, nan 
-43.375, 53.375, 4.8177681490835974e-24, nan 
-43.125, 53.375, 1.1132049615759197e-23, nan 
-42.875, 53.375, 1.3255711326499424e-23, nan 
-42.625, 53.375, 1.445642642612688e-23, nan 
-42.375, 53.375, 5.666265384176997e-24, nan 
-42.125, 53.375, 8.278367092813824e-25, nan 
-41.875, 53.375, 1.8926351574114367e-24, nan 
-41.625, 53.375, 7.867154782558383e-24, nan 
-41.375, 53.375, 1.2929236659989128e-23, nan 
-41.125, 53.375, 1.3118446045548202e-23, nan 
-40.875, 53.375, 1.687659936635584e-23, nan 
-40.625, 53.375, 1.0722766981627639e-23, nan 
-40.375, 53.375, 1.5082736472514688e-23, nan 
-40.125, 53.375, 1.9478238900565275e-23, nan 
-39.875, 53.375, 1.4900294558281996e-23, nan 
-39.625, 53.375, 9.09237401126456e-24, nan 
-39.375, 53.375, 1.1633046928233449e-23, nan 
-39.125, 53.375, 1.2455525071103822e-23, nan 
-38.875, 53.375, 8.479523754603214e-24, nan 
-38.625, 53.375, 1.0737598575514576e-23, nan 
-38.375, 53.375, 9.194112438320407e-24, nan 
-38.125, 53.375, 1.0078897372851249e-23, nan 
-37.875, 53.375, 1.5097705266973086e-23, nan 
-37.625, 53.375, 6.037940929929081e-24, nan 
-37.375, 53.375, 1.0357242553518743e-23, nan 
-37.125, 53.375, 1.5106190817840678e-23, nan 
-36.875, 53.375, 1.13136282698832e-23, nan 
-36.625, 53.375, 1.526871899411756e-23, nan 
-36.375, 53.375, 1.3029738864057692e-23, nan 
-36.125, 53.375, 1.8508170574973403e-23, nan 
-35.875, 53.375, 1.3208321330080586e-23, nan 
-35.625, 53.375, 1.2747373043367965e-23, nan 
-35.375, 53.375, 1.1197784653676278e-23, nan 
-35.125, 53.375, 7.234153455207017e-24, nan 
-34.875, 53.375, 2.8347603722408415e-24, nan 
-34.625, 53.375, 1.415357526101104e-23, nan 
-34.375, 53.375, 1.8127731021226766e-23, nan 
-34.125, 53.375, 1.1502996567164606e-23, nan 
-33.875, 53.375, 5.892329750113098e-24, nan 
-33.625, 53.375, 9.938557815855409e-24, nan 
-33.375, 53.375, 1.2513104189417967e-23, nan 
-33.125, 53.375, 1.1069229950308959e-23, nan 
-32.875, 53.375, 9.029214084448303e-24, nan 
-32.625, 53.375, 8.467392483001525e-24, nan 
-32.375, 53.375, 7.991666324816438e-24, nan 
-32.125, 53.375, 7.968868633127101e-24, nan 
-31.875, 53.375, 1.286255313907695e-23, nan 
-31.625, 53.375, 9.498336904957513e-24, nan 
-31.375, 53.375, 1.1520401540365382e-23, nan 
-31.125, 53.375, 2.0852948931133567e-23, nan 
-30.875, 53.375, 1.8646859606658118e-23, nan 
-30.625, 53.375, 6.281852607370457e-24, nan 
-30.375, 53.375, 1.7515264323888363e-23, nan 
-30.125, 53.375, 1.5233068971083873e-23, nan 
-29.875, 53.375, 7.682774746919622e-24, nan 
-29.625, 53.375, 4.788622767516844e-24, nan 
-29.375, 53.375, 7.840660393747426e-24, nan 
-29.125, 53.375, 1.1172388835900922e-23, nan 
-28.875, 53.375, 1.2413479911799063e-23, nan 
-28.625, 53.375, 2.0571007456874033e-23, nan 
-28.375, 53.375, 1.7236043847133657e-23, nan 
-28.125, 53.375, 1.1217986406492865e-23, nan 
-27.875, 53.375, 5.339415212830428e-24, nan 
-27.625, 53.375, 1.6963248978368945e-23, nan 
-27.375, 53.375, 1.855191926182128e-23, nan 
-27.125, 53.375, 1.3142309027108727e-23, nan 
-26.875, 53.375, 1.276160879903948e-23, nan 
-26.625, 53.375, 1.0964780642434371e-23, nan 
-26.375, 53.375, 1.6459888859941476e-23, nan 
-26.125, 53.375, 1.398443676678017e-23, nan 
-25.875, 53.375, 1.747528286728818e-23, nan 
-25.625, 53.375, 1.43080401595821e-23, nan 
-25.375, 53.375, 1.6110276079294277e-23, nan 
-25.125, 53.375, 1.7692035175257775e-23, nan 
-24.875, 53.375, 2.4890734663938472e-23, nan 
-24.625, 53.375, 2.3186497554132293e-23, nan 
-24.375, 53.375, 1.4486397045008503e-23, nan 
-24.125, 53.375, 1.7951662703932505e-23, nan 
-23.875, 53.375, 3.4543938230920907e-23, nan 
-23.625, 53.375, 3.449398791053399e-23, nan 
-23.375, 53.375, 2.685094163256476e-23, nan 
-23.125, 53.375, 1.3302554243346774e-23, nan 
-22.875, 53.375, 1.591999046923308e-23, nan 
-22.625, 53.375, 8.939934267064035e-24, nan 
-22.375, 53.375, 1.6296165677638424e-23, nan 
-22.125, 53.375, 2.869222456136964e-23, nan 
-21.875, 53.375, 3.771396634346181e-23, nan 
-21.625, 53.375, 5.404058286689763e-23, nan 
-21.375, 53.375, 2.883506829762092e-23, nan 
-21.125, 53.375, 2.095236593347996e-23, nan 
-20.875, 53.375, 1.698148001691707e-23, nan 
-20.625, 53.375, 1.8303401672771898e-23, nan 
-20.375, 53.375, 2.2101965560088311e-23, nan 
-20.125, 53.375, 1.1182669855575711e-23, nan 
-19.875, 53.375, 1.6899429242890023e-23, nan 
-19.625, 53.375, 1.8809490602314366e-23, nan 
-19.375, 53.375, 3.1587478290318836e-23, nan 
-19.125, 53.375, 5.655399120016584e-23, nan 
-18.875, 53.375, 2.3414793396786065e-23, nan 
-18.625, 53.375, 2.2014720629596213e-23, nan 
-18.375, 53.375, 1.4889539217640968e-23, nan 
-18.125, 53.375, 9.802318340082868e-24, nan 
-17.875, 53.375, 1.2596570967349296e-23, nan 
-17.625, 53.375, 1.3379708264119393e-23, nan 
-17.375, 53.375, 1.4588682906871756e-23, nan 
-17.125, 53.375, 1.015241432336105e-23, nan 
-16.875, 53.375, 9.71979688149773e-24, nan 
-16.625, 53.375, 1.0659587891892153e-23, nan 
-16.375, 53.375, 7.256656738831474e-24, nan 
-16.125, 53.375, 2.2819669335509223e-24, nan 
-15.875, 53.375, 1.7406539877407547e-23, nan 
-15.625, 53.375, 2.149582470389572e-23, nan 
-15.375, 53.375, 1.5357890551692963e-23, nan 
-15.125, 53.375, 1.078331168536003e-23, nan 
-14.875, 53.375, 1.2269946096889673e-23, nan 
-14.625, 53.375, 1.2669298676989449e-23, nan 
-14.375, 53.375, 7.015067341227677e-24, nan 
-14.125, 53.375, 7.840941246854514e-24, nan 
-13.875, 53.375, 1.2983150677581784e-23, nan 
-13.625, 53.375, 1.1165119981446138e-23, nan 
-13.375, 53.375, 1.794354227995868e-23, nan 
-13.125, 53.375, 2.082146560975584e-23, nan 
-12.875, 53.375, 1.7016081823366618e-23, nan 
-12.625, 53.375, 2.4195929528813182e-23, nan 
-12.375, 53.375, 2.6184385415689878e-23, nan 
-12.125, 53.375, 6.525291215669883e-23, nan 
-11.875, 53.375, 5.41502930944225e-23, nan 
-11.625, 53.375, 1.69375451199783e-23, nan 
-11.375, 53.375, 1.512311504375698e-23, nan 
-11.125, 53.375, 3.282825111425616e-23, nan 
-10.875, 53.375, 5.130877843114426e-23, nan 
-10.625, 53.375, 4.2736770311293047e-23, nan 
-10.375, 53.375, 4.493230142194815e-23, nan 
-10.125, 53.375, 6.529452766542662e-23, nan 
-9.875, 53.375, 2.520591951906773e-23, nan 
-9.625, 53.375, 4.274209075382298e-23, nan 
-9.375, 53.375, 6.708166769938955e-23, nan 
-9.125, 53.375, 4.4821738172896486e-23, nan 
-8.875, 53.375, 2.7522335322741134e-23, nan 
-8.625, 53.375, 3.44374868148818e-23, nan 
-8.375, 53.375, 4.855685583571408e-23, nan 
-8.125, 53.375, 4.170225354588594e-23, nan 
-7.875, 53.375, 3.348704423370136e-23, nan 
-7.625, 53.375, 4.1700313945380517e-23, nan 
-7.375, 53.375, 5.842854538760325e-23, nan 
-7.125, 53.375, 5.791982644055317e-23, nan 
-6.875, 53.375, 2.0625107547806542e-23, nan 
-6.625, 53.375, 7.721259502397612e-24, nan 
-6.375, 53.375, 9.42213961718248e-24, nan 
-6.125, 53.375, 1.7170548604860298e-23, nan 
-5.875, 53.375, 3.636476942623993e-23, nan 
-5.625, 53.375, 3.0475079018775424e-23, nan 
-5.375, 53.375, 9.153764002535815e-24, nan 
-5.125, 53.375, 5.069065798093919e-24, nan 
-4.875, 53.375, 9.125208714891061e-24, nan 
-4.625, 53.375, 2.2374424032902943e-23, nan 
-4.375, 53.375, 1.8436965536731017e-23, nan 
-4.125, 53.375, 5.303830602816951e-24, nan 
-3.875, 53.375, 1.2227043036651305e-23, nan 
-3.625, 53.375, 1.1706940690531244e-23, nan 
-3.375, 53.375, 2.7686120753570776e-24, nan 
-3.125, 53.375, 6.557466249856942e-24, nan 
-2.875, 53.375, 1.2808578065836279e-23, nan 
-2.625, 53.375, 1.7943105814023283e-23, nan 
-2.375, 53.375, 2.2137377909269313e-23, nan 
-2.125, 53.375, 2.2916562982061993e-23, nan 
-1.875, 53.375, 1.809154062056464e-23, nan 
-1.625, 53.375, 1.0890758565613972e-23, nan 
-1.375, 53.375, 4.981215372354452e-24, nan 
-1.125, 53.375, 7.069386757368505e-24, nan 
-0.875, 53.375, 5.195732221508997e-24, nan 
-0.625, 53.375, 8.956472157888187e-24, nan 
-0.375, 53.375, 9.272674581177237e-24, nan 
-0.125, 53.375, 2.7513448695528216e-23, nan 
0.125, 53.375, 3.324741844765369e-23, nan 
0.375, 53.375, 1.921601459191371e-23, nan 
0.625, 53.375, 1.394845374431414e-23, nan 
0.875, 53.375, 2.667475125131604e-23, nan 
1.125, 53.375, 2.377326783744407e-23, nan 
1.375, 53.375, 1.2635969558133794e-23, nan 
1.625, 53.375, 1.8047878810714988e-23, nan 
1.875, 53.375, 1.611851936552003e-23, nan 
2.125, 53.375, 7.084090890726358e-24, nan 
2.375, 53.375, 1.2337111333823207e-23, nan 
2.625, 53.375, 1.2139791162862555e-23, nan 
2.875, 53.375, 7.978330801790886e-24, nan 
3.125, 53.375, 1.0100096222160718e-23, nan 
3.375, 53.375, 7.24103340682573e-24, nan 
3.625, 53.375, 1.7649115060396204e-23, nan 
3.875, 53.375, 2.221917276780797e-23, nan 
4.125, 53.375, 8.032707661385474e-24, nan 
4.375, 53.375, 8.041726601307738e-24, nan 
4.625, 53.375, 6.609417919159434e-24, nan 
4.875, 53.375, 2.3077684389721108e-23, nan 
5.125, 53.375, 3.220792431843938e-23, nan 
5.375, 53.375, 3.668206453874178e-23, nan 
5.625, 53.375, 2.43008052158679e-23, nan 
5.875, 53.375, 1.0407908816328519e-23, nan 
6.125, 53.375, 1.0181860190509632e-23, nan 
6.375, 53.375, 8.414865018004573e-24, nan 
6.625, 53.375, 7.381384033398582e-24, nan 
-74.125, 53.625, 8.158692016312713e-24, nan 
-73.875, 53.625, 6.635497227279664e-24, nan 
-73.625, 53.625, 4.298975237538427e-24, nan 
-73.375, 53.625, 9.778672379001864e-24, nan 
-73.125, 53.625, 9.441714317932097e-24, nan 
-72.875, 53.625, 3.799540369334335e-24, nan 
-72.625, 53.625, 3.895066596395326e-24, nan 
-72.375, 53.625, 4.536516553449414e-24, nan 
-72.125, 53.625, 5.386197442737743e-24, nan 
-71.875, 53.625, 4.455202258434099e-24, nan 
-71.625, 53.625, 3.4299634277195406e-24, nan 
-71.375, 53.625, 9.047499766765077e-24, nan 
-71.125, 53.625, 7.778799342423809e-24, nan 
-70.875, 53.625, 6.2413483106895746e-24, nan 
-70.625, 53.625, 8.068436357371575e-24, nan 
-70.375, 53.625, 5.1794722261621075e-24, nan 
-70.125, 53.625, 6.978675645659188e-24, nan 
-69.875, 53.625, 7.600337733540336e-24, nan 
-69.625, 53.625, 1.8231369875221487e-23, nan 
-69.375, 53.625, 2.930303101741217e-23, nan 
-69.125, 53.625, 2.0615921157685483e-23, nan 
-68.875, 53.625, 7.003807366682576e-24, nan 
-68.625, 53.625, 5.277830039626788e-24, nan 
-68.375, 53.625, 4.499762756180951e-24, nan 
-68.125, 53.625, 5.688700680341836e-24, nan 
-67.875, 53.625, 4.5133412483267086e-24, nan 
-67.625, 53.625, 3.942892160068264e-23, nan 
-67.375, 53.625, 9.345228489642062e-23, nan 
-67.125, 53.625, 1.0834506870067608e-22, nan 
-66.875, 53.625, 5.757877602977875e-23, nan 
-66.625, 53.625, 7.444766118552685e-23, nan 
-66.375, 53.625, 1.1625616728792897e-22, nan 
-66.125, 53.625, 1.5812221139938212e-22, nan 
-65.875, 53.625, 2.070955580470724e-22, nan 
-65.625, 53.625, 2.8617747544687434e-22, nan 
-65.375, 53.625, 2.497911426934684e-22, nan 
-65.125, 53.625, 9.062482180498932e-23, nan 
-64.875, 53.625, 4.9477439642158086e-23, nan 
-64.625, 53.625, 5.35266323319787e-23, nan 
-64.375, 53.625, 8.422557002336533e-23, nan 
-64.125, 53.625, 1.1387042318264745e-22, nan 
-63.875, 53.625, 4.9116498349640673e-23, nan 
-63.625, 53.625, 2.4380749745258727e-23, nan 
-63.375, 53.625, 2.41645057833311e-23, nan 
-63.125, 53.625, 3.565223683582219e-23, nan 
-62.875, 53.625, 1.285968574953068e-22, nan 
-62.625, 53.625, 1.2725978104560922e-22, nan 
-62.375, 53.625, 9.468569791172982e-23, nan 
-62.125, 53.625, 8.70228578125199e-23, nan 
-61.875, 53.625, 7.480554094664982e-23, nan 
-61.625, 53.625, 7.640844140275465e-23, nan 
-61.375, 53.625, 6.810086044203225e-23, nan 
-61.125, 53.625, 4.998744975361113e-23, nan 
-60.875, 53.625, 1.9813221253258185e-23, nan 
-60.625, 53.625, 2.9697002275019124e-23, nan 
-60.375, 53.625, 1.2918146091787937e-23, nan 
-60.125, 53.625, 1.0326000057578636e-23, nan 
-59.875, 53.625, 1.0572852601230156e-23, nan 
-59.625, 53.625, 8.758664577395033e-24, nan 
-59.375, 53.625, 1.0797415879038768e-23, nan 
-59.125, 53.625, 1.5262687086768644e-23, nan 
-58.875, 53.625, 1.6979627591938766e-23, nan 
-58.625, 53.625, 1.4316454113304416e-23, nan 
-58.375, 53.625, 6.546932362831633e-24, nan 
-58.125, 53.625, 1.7172525227006556e-23, nan 
-57.875, 53.625, 1.7510724835421557e-23, nan 
-57.625, 53.625, 1.3989371633969265e-23, nan 
-57.375, 53.625, 1.2452460174418591e-23, nan 
-57.125, 53.625, 1.6200998523772244e-23, nan 
-56.875, 53.625, 2.1938509600763125e-23, nan 
-56.625, 53.625, 2.0490045365679596e-23, nan 
-56.375, 53.625, 1.978873245109022e-23, nan 
-56.125, 53.625, 1.3536209479822022e-23, nan 
-55.875, 53.625, 9.754239301687344e-24, nan 
-55.625, 53.625, 1.0080763119733582e-23, nan 
-55.375, 53.625, 1.1386921705364989e-23, nan 
-55.125, 53.625, 1.0703934212922877e-23, nan 
-54.875, 53.625, 1.3896000626563483e-23, nan 
-54.625, 53.625, 1.600091749556764e-23, nan 
-54.375, 53.625, 1.2569939981738382e-23, nan 
-54.125, 53.625, 6.587508023990443e-24, nan 
-53.875, 53.625, 7.629907294742999e-24, nan 
-53.625, 53.625, 5.845441762433475e-24, nan 
-53.375, 53.625, 6.3559401222624155e-24, nan 
-53.125, 53.625, 2.3847917529191958e-23, nan 
-52.875, 53.625, 2.4473487089979363e-23, nan 
-52.625, 53.625, 2.5174799199981392e-23, nan 
-52.375, 53.625, 2.1004144038940836e-23, nan 
-52.125, 53.625, 2.3555565468558176e-23, nan 
-51.875, 53.625, 3.047527317999297e-23, nan 
-51.625, 53.625, 2.2348654932491142e-23, nan 
-51.375, 53.625, 3.026670102696009e-23, nan 
-51.125, 53.625, 2.4387374936776513e-23, nan 
-50.875, 53.625, 1.494226651681838e-23, nan 
-50.625, 53.625, 2.0343337091963303e-23, nan 
-50.375, 53.625, 1.6618871311511703e-23, nan 
-50.125, 53.625, 7.165650009026481e-24, nan 
-49.875, 53.625, 1.8387596271982746e-23, nan 
-49.625, 53.625, 1.467095728816486e-23, nan 
-49.375, 53.625, 1.6067253785194632e-23, nan 
-49.125, 53.625, 2.746602146714034e-23, nan 
-48.875, 53.625, 2.3175804280260416e-23, nan 
-48.625, 53.625, 2.4249870551138576e-23, nan 
-48.375, 53.625, 1.8788260887907224e-23, nan 
-48.125, 53.625, 2.028009409130807e-23, nan 
-47.875, 53.625, 1.8729534793027094e-23, nan 
-47.625, 53.625, 1.516587336127159e-23, nan 
-47.375, 53.625, 1.7906188505514597e-23, nan 
-47.125, 53.625, 1.0789729249450202e-23, nan 
-46.875, 53.625, 7.764156751394082e-24, nan 
-46.625, 53.625, 9.54954960751232e-24, nan 
-46.375, 53.625, 8.393769715054014e-24, nan 
-46.125, 53.625, 1.0747258183811409e-23, nan 
-45.875, 53.625, 8.207991168297035e-24, nan 
-45.625, 53.625, 8.622804800170044e-24, nan 
-45.375, 53.625, 9.688499327165501e-24, nan 
-45.125, 53.625, 9.078522692556191e-24, nan 
-44.875, 53.625, 7.838188826438589e-24, nan 
-44.625, 53.625, 1.2937800573124235e-23, nan 
-44.375, 53.625, 1.130740890592804e-23, nan 
-44.125, 53.625, 7.752005796517376e-24, nan 
-43.875, 53.625, 5.2689738174045606e-24, nan 
-43.625, 53.625, 3.764338510793955e-24, nan 
-43.375, 53.625, 6.847458374582514e-24, nan 
-43.125, 53.625, 1.4935662101765357e-23, nan 
-42.875, 53.625, 1.4945708267997027e-23, nan 
-42.625, 53.625, 1.408381906079312e-23, nan 
-42.375, 53.625, 1.5674307845344854e-23, nan 
-42.125, 53.625, 1.0534734851330004e-23, nan 
-41.875, 53.625, 1.1023500425615348e-23, nan 
-41.625, 53.625, 1.7980892169494762e-23, nan 
-41.375, 53.625, 1.780031464756657e-23, nan 
-41.125, 53.625, 1.635097387893413e-23, nan 
-40.875, 53.625, 2.1211710310103228e-23, nan 
-40.625, 53.625, 2.0490863898357855e-23, nan 
-40.375, 53.625, 2.354412723571567e-23, nan 
-40.125, 53.625, 2.5042455542770766e-23, nan 
-39.875, 53.625, 1.354068620979781e-23, nan 
-39.625, 53.625, 8.437490591903819e-24, nan 
-39.375, 53.625, 1.2576335710464387e-23, nan 
-39.125, 53.625, 1.0590817981902836e-23, nan 
-38.875, 53.625, 7.668078108688425e-24, nan 
-38.625, 53.625, 1.1563751537581742e-23, nan 
-38.375, 53.625, 1.523186072890829e-23, nan 
-38.125, 53.625, 1.0347692358261343e-23, nan 
-37.875, 53.625, 9.034298540196163e-24, nan 
-37.625, 53.625, 1.3935092221595055e-23, nan 
-37.375, 53.625, 1.5687370042407553e-23, nan 
-37.125, 53.625, 2.679836161441029e-23, nan 
-36.875, 53.625, 1.8944004443208384e-23, nan 
-36.625, 53.625, 1.0040973987981335e-23, nan 
-36.375, 53.625, 1.2993459785923482e-23, nan 
-36.125, 53.625, 2.0668860713744068e-23, nan 
-35.875, 53.625, 1.1939266660812262e-23, nan 
-35.625, 53.625, 6.270755375811693e-24, nan 
-35.375, 53.625, 1.1374324328700654e-23, nan 
-35.125, 53.625, 1.0722379869067004e-23, nan 
-34.875, 53.625, 1.4801779695995128e-23, nan 
-34.625, 53.625, 1.7352990784190528e-23, nan 
-34.375, 53.625, 1.0964954087842226e-23, nan 
-34.125, 53.625, 1.0226641930725987e-23, nan 
-33.875, 53.625, 1.3130460966717624e-23, nan 
-33.625, 53.625, 1.2210296890686038e-23, nan 
-33.375, 53.625, 1.0959850662128375e-23, nan 
-33.125, 53.625, 9.125887691110645e-24, nan 
-32.875, 53.625, 1.021603375182543e-23, nan 
-32.625, 53.625, 8.086686246576167e-24, nan 
-32.375, 53.625, 5.372627360840352e-24, nan 
-32.125, 53.625, 1.6167622260344357e-23, nan 
-31.875, 53.625, 1.9096990010096296e-23, nan 
-31.625, 53.625, 9.139580279142608e-24, nan 
-31.375, 53.625, 1.8321589404046105e-23, nan 
-31.125, 53.625, 2.2626034098673194e-23, nan 
-30.875, 53.625, 2.2587228613401146e-23, nan 
-30.625, 53.625, 1.4766999745473625e-23, nan 
-30.375, 53.625, 1.4515793388206595e-23, nan 
-30.125, 53.625, 5.829117429583858e-24, nan 
-29.875, 53.625, 8.807935280607299e-24, nan 
-29.625, 53.625, 9.433210767809465e-24, nan 
-29.375, 53.625, 4.5991941823332286e-24, nan 
-29.125, 53.625, 6.334547351363046e-24, nan 
-28.875, 53.625, 1.2864832349941997e-23, nan 
-28.625, 53.625, 2.0260418938647684e-23, nan 
-28.375, 53.625, 1.2858853365697355e-23, nan 
-28.125, 53.625, 1.1963051843056725e-23, nan 
-27.875, 53.625, 1.2837433731028002e-23, nan 
-27.625, 53.625, 1.9455251531662198e-23, nan 
-27.375, 53.625, 1.585719297828559e-23, nan 
-27.125, 53.625, 6.336307129449188e-24, nan 
-26.875, 53.625, 8.415171099692237e-24, nan 
-26.625, 53.625, 1.2422170062272196e-23, nan 
-26.375, 53.625, 1.3263677855291152e-23, nan 
-26.125, 53.625, 1.5866435467004568e-23, nan 
-25.875, 53.625, 1.9680500970764476e-23, nan 
-25.625, 53.625, 2.0600923808809076e-23, nan 
-25.375, 53.625, 2.151290895027417e-23, nan 
-25.125, 53.625, 2.021001456413692e-23, nan 
-24.875, 53.625, 1.3378990745097164e-23, nan 
-24.625, 53.625, 1.8017578306360983e-23, nan 
-24.375, 53.625, 2.2696106748139633e-23, nan 
-24.125, 53.625, 1.9113564234006415e-23, nan 
-23.875, 53.625, 2.101629468228091e-23, nan 
-23.625, 53.625, 1.2375380421658286e-23, nan 
-23.375, 53.625, 2.6437307066988473e-23, nan 
-23.125, 53.625, 2.33676316251206e-23, nan 
-22.875, 53.625, 1.42358297892873e-23, nan 
-22.625, 53.625, 1.621803363728673e-23, nan 
-22.375, 53.625, 1.3186215283238808e-23, nan 
-22.125, 53.625, 1.2914108168684106e-23, nan 
-21.875, 53.625, 4.292284956099964e-23, nan 
-21.625, 53.625, 4.557195663967847e-23, nan 
-21.375, 53.625, 1.9514839361140106e-23, nan 
-21.125, 53.625, 1.6022288201053173e-23, nan 
-20.875, 53.625, 2.5747459353286013e-23, nan 
-20.625, 53.625, 2.6789168577006233e-23, nan 
-20.375, 53.625, 1.5404795540761802e-23, nan 
-20.125, 53.625, 1.533791775574957e-23, nan 
-19.875, 53.625, 1.592696129182126e-23, nan 
-19.625, 53.625, 1.6960312255993148e-23, nan 
-19.375, 53.625, 1.4676436332107213e-23, nan 
-19.125, 53.625, 2.4049470263003572e-23, nan 
-18.875, 53.625, 2.3043507779792152e-23, nan 
-18.625, 53.625, 1.7991918233276233e-23, nan 
-18.375, 53.625, 6.654144000752425e-24, nan 
-18.125, 53.625, 1.022374855193578e-23, nan 
-17.875, 53.625, 1.287410741003416e-23, nan 
-17.625, 53.625, 1.428274998097819e-23, nan 
-17.375, 53.625, 1.7520573395676675e-23, nan 
-17.125, 53.625, 1.9454886340189268e-23, nan 
-16.875, 53.625, 1.95255371667909e-23, nan 
-16.625, 53.625, 1.934746882236533e-23, nan 
-16.375, 53.625, 8.938850695734962e-24, nan 
-16.125, 53.625, 7.967196718826673e-24, nan 
-15.875, 53.625, 8.848140137323269e-24, nan 
-15.625, 53.625, 2.164632706728303e-23, nan 
-15.375, 53.625, 2.3851664066478197e-23, nan 
-15.125, 53.625, 2.1889723676976028e-23, nan 
-14.875, 53.625, 1.9496931002659986e-23, nan 
-14.625, 53.625, 2.8324078635466625e-23, nan 
-14.375, 53.625, 3.4048714598706884e-23, nan 
-14.125, 53.625, 1.990064018417699e-23, nan 
-13.875, 53.625, 2.0628947263841368e-23, nan 
-13.625, 53.625, 1.720046223888617e-23, nan 
-13.375, 53.625, 1.4201433164438412e-23, nan 
-13.125, 53.625, 1.4089734115679767e-23, nan 
-12.875, 53.625, 1.617450479332728e-23, nan 
-12.625, 53.625, 1.9546564878045877e-23, nan 
-12.375, 53.625, 2.3070456658987904e-23, nan 
-12.125, 53.625, 3.623278979013404e-23, nan 
-11.875, 53.625, 1.6198222881032755e-23, nan 
-11.625, 53.625, 1.7258851432912677e-23, nan 
-11.375, 53.625, 2.201143191659781e-23, nan 
-11.125, 53.625, 5.938007903200266e-23, nan 
-10.875, 53.625, 7.734516826809081e-23, nan 
-10.625, 53.625, 4.250716852031909e-23, nan 
-10.375, 53.625, 8.619652843569793e-23, nan 
-10.125, 53.625, 1.1509889558493236e-22, nan 
-9.875, 53.625, 8.23277403087081e-23, nan 
-9.625, 53.625, 4.181132461088395e-23, nan 
-9.375, 53.625, 4.8940768432896937e-23, nan 
-9.125, 53.625, 1.4805819930052646e-23, nan 
-8.875, 53.625, 1.3383131150510152e-23, nan 
-8.625, 53.625, 4.6760071176508723e-23, nan 
-8.375, 53.625, 6.855882803091671e-23, nan 
-8.125, 53.625, 4.4967217045854907e-23, nan 
-7.875, 53.625, 2.024309827479173e-23, nan 
-7.625, 53.625, 2.6811489841513e-23, nan 
-7.375, 53.625, 3.3118898966307834e-23, nan 
-7.125, 53.625, 4.501029873566489e-23, nan 
-6.875, 53.625, 3.9833271181426276e-23, nan 
-6.625, 53.625, 8.917611767132863e-24, nan 
-6.375, 53.625, 3.610276864254541e-24, nan 
-6.125, 53.625, 1.1419590876655796e-23, nan 
-5.875, 53.625, 1.820018729723597e-23, nan 
-5.625, 53.625, 7.775939610746029e-24, nan 
-5.375, 53.625, 1.093409219758542e-23, nan 
-5.125, 53.625, 9.859817891819278e-24, nan 
-4.875, 53.625, 9.780081169256244e-24, nan 
-4.625, 53.625, 1.75626341012637e-23, nan 
-4.375, 53.625, 1.9019702121952625e-23, nan 
-4.125, 53.625, 9.146326684618269e-24, nan 
-3.875, 53.625, 7.624473983605516e-24, nan 
-3.625, 53.625, 1.39030286943346e-23, nan 
-3.375, 53.625, 1.3188686117158459e-23, nan 
-3.125, 53.625, 8.650645123912418e-24, nan 
-2.875, 53.625, 8.119051191401449e-24, nan 
-2.625, 53.625, 1.421885191561569e-23, nan 
-2.375, 53.625, 1.5629372049722142e-23, nan 
-2.125, 53.625, 1.0103728978955346e-23, nan 
-1.875, 53.625, 9.227174257133497e-24, nan 
-1.625, 53.625, 7.094540928396486e-24, nan 
-1.375, 53.625, 1.4347250087580635e-23, nan 
-1.125, 53.625, 1.4974868588205263e-23, nan 
-0.875, 53.625, 1.8750338257790062e-23, nan 
-0.625, 53.625, 1.9950562876849978e-23, nan 
-0.375, 53.625, 1.7588500845610822e-23, nan 
-0.125, 53.625, 1.5190522319934753e-23, nan 
0.125, 53.625, 1.9152979558494572e-23, nan 
0.375, 53.625, 2.0257442850831402e-23, nan 
0.625, 53.625, 1.22290296188657e-23, nan 
0.875, 53.625, 2.1440193479546601e-23, nan 
1.125, 53.625, 1.888898208811214e-23, nan 
1.375, 53.625, 1.416403698656343e-23, nan 
1.625, 53.625, 1.3250350162427476e-23, nan 
1.875, 53.625, 1.8028112885844312e-23, nan 
2.125, 53.625, 1.6926875278335712e-23, nan 
2.375, 53.625, 1.909676906647075e-23, nan 
2.625, 53.625, 1.4509547148105982e-23, nan 
2.875, 53.625, 1.3961893274444496e-23, nan 
3.125, 53.625, 2.2312342588748926e-23, nan 
3.375, 53.625, 1.712998815980075e-23, nan 
3.625, 53.625, 9.01795244854317e-24, nan 
3.875, 53.625, 1.9487383399774857e-23, nan 
4.125, 53.625, 1.6958841720329064e-23, nan 
4.375, 53.625, 6.101595979995166e-24, nan 
4.625, 53.625, 8.568499302412174e-24, nan 
4.875, 53.625, 9.493838073349876e-24, nan 
5.125, 53.625, 2.0108623274439973e-23, nan 
5.375, 53.625, 2.882324650995413e-23, nan 
5.625, 53.625, 1.326906157653908e-23, nan 
5.875, 53.625, 5.633311120336837e-24, nan 
6.125, 53.625, 1.0001688669041966e-23, nan 
6.375, 53.625, 1.0743259905190045e-23, nan 
6.625, 53.625, 4.714038659715106e-24, nan 
6.875, 53.625, 9.083362171494073e-24, nan 
7.125, 53.625, 9.763375790141566e-24, nan 
7.375, 53.625, 7.054749597631448e-24, nan 
7.625, 53.625, 7.855534831861172e-24, nan 
7.875, 53.625, 7.982786159630083e-24, nan 
-75.375, 53.875, 4.06838934711265e-24, nan 
-75.125, 53.875, 3.2739352092549317e-24, nan 
-74.875, 53.875, 5.065306000211761e-24, nan 
-74.625, 53.875, 5.6476195327646965e-24, nan 
-74.375, 53.875, 5.824774641518899e-24, nan 
-74.125, 53.875, 6.1635747128093995e-24, nan 
-73.875, 53.875, 2.84810351661864e-24, nan 
-73.625, 53.875, 1.0055845935680157e-23, nan 
-73.375, 53.875, 1.2201217701140481e-23, nan 
-73.125, 53.875, 9.475719952461372e-24, nan 
-72.875, 53.875, 9.705418254296885e-24, nan 
-72.625, 53.875, 8.523403528891697e-24, nan 
-72.375, 53.875, 5.9091833108523064e-24, nan 
-72.125, 53.875, 5.807402603957344e-24, nan 
-71.875, 53.875, 2.6361095663009292e-24, nan 
-71.625, 53.875, 1.1520155502779347e-24, nan 
-71.375, 53.875, 1.1008777614160464e-23, nan 
-71.125, 53.875, 1.325741899235223e-23, nan 
-70.875, 53.875, 7.665662413662645e-24, nan 
-70.625, 53.875, 1.1753903505425999e-23, nan 
-70.375, 53.875, 1.0309274727051864e-23, nan 
-70.125, 53.875, 2.0794181312850845e-23, nan 
-69.875, 53.875, 1.959640551878507e-23, nan 
-69.625, 53.875, 1.0836252063871227e-23, nan 
-69.375, 53.875, 1.440960123844489e-23, nan 
-69.125, 53.875, 7.011066036823888e-24, nan 
-68.875, 53.875, 5.613281851271487e-24, nan 
-68.625, 53.875, 3.564719325655266e-24, nan 
-68.375, 53.875, 1.7900485684303732e-24, nan 
-68.125, 53.875, 3.6611652340868454e-24, nan 
-67.875, 53.875, 3.2956166466389945e-24, nan 
-67.625, 53.875, 6.542512913169242e-24, nan 
-67.375, 53.875, 5.017303627702564e-23, nan 
-67.125, 53.875, 1.3510921276800313e-22, nan 
-66.875, 53.875, 1.6393636217000076e-22, nan 
-66.625, 53.875, 1.0555631444170921e-22, nan 
-66.375, 53.875, 7.567496221136109e-23, nan 
-66.125, 53.875, 8.869552774438992e-23, nan 
-65.875, 53.875, 1.100799726657503e-22, nan 
-65.625, 53.875, 1.5282250321158926e-22, nan 
-65.375, 53.875, 4.9727727940616613e-23, nan 
-65.125, 53.875, 3.316675720227027e-23, nan 
-64.875, 53.875, 2.1419065234258125e-23, nan 
-64.625, 53.875, 4.916403026736331e-23, nan 
-64.375, 53.875, 4.729210885167234e-23, nan 
-64.125, 53.875, 3.7616294190278734e-23, nan 
-63.875, 53.875, 2.5571761184815635e-23, nan 
-63.625, 53.875, 1.387967011011083e-23, nan 
-63.375, 53.875, 1.2121461396358151e-23, nan 
-63.125, 53.875, 1.826527553826769e-23, nan 
-62.875, 53.875, 2.3002100898454892e-23, nan 
-62.625, 53.875, 7.07892812136767e-23, nan 
-62.375, 53.875, 6.236850167319567e-23, nan 
-62.125, 53.875, 5.628754387694896e-23, nan 
-61.875, 53.875, 5.0232418391987e-23, nan 
-61.625, 53.875, 4.7463700781389e-23, nan 
-61.375, 53.875, 2.3108126645457074e-23, nan 
-61.125, 53.875, 1.6715797453742652e-23, nan 
-60.875, 53.875, 2.1915191375696904e-23, nan 
-60.625, 53.875, 1.4815532767027557e-23, nan 
-60.375, 53.875, 1.3833429813362155e-23, nan 
-60.125, 53.875, 1.2629341815563324e-23, nan 
-59.875, 53.875, 1.07980858015719e-23, nan 
-59.625, 53.875, 1.0975663990149351e-23, nan 
-59.375, 53.875, 1.3016500325402327e-23, nan 
-59.125, 53.875, 1.4286129306125893e-23, nan 
-58.875, 53.875, 9.330352573036401e-24, nan 
-58.625, 53.875, 8.600018139132909e-24, nan 
-58.375, 53.875, 1.3258833636562443e-23, nan 
-58.125, 53.875, 2.131493573200893e-23, nan 
-57.875, 53.875, 2.8574688254362874e-23, nan 
-57.625, 53.875, 2.9240451587433336e-23, nan 
-57.375, 53.875, 1.7509427182409188e-23, nan 
-57.125, 53.875, 2.3201386580900086e-23, nan 
-56.875, 53.875, 2.5614052641486393e-23, nan 
-56.625, 53.875, 2.0402888385047518e-23, nan 
-56.375, 53.875, 2.417624744563338e-23, nan 
-56.125, 53.875, 2.238000617730111e-23, nan 
-55.875, 53.875, 2.1652557020338584e-23, nan 
-55.625, 53.875, 1.336483067503549e-23, nan 
-55.375, 53.875, 1.3446331241363504e-23, nan 
-55.125, 53.875, 1.327733102041152e-23, nan 
-54.875, 53.875, 1.7045283566507545e-23, nan 
-54.625, 53.875, 1.8654430730713696e-23, nan 
-54.375, 53.875, 1.451182483847995e-23, nan 
-54.125, 53.875, 4.802590973091638e-24, nan 
-53.875, 53.875, 9.878165221644088e-24, nan 
-53.625, 53.875, 1.636609041796242e-23, nan 
-53.375, 53.875, 4.566385218509477e-23, nan 
-53.125, 53.875, 4.5522776365548505e-23, nan 
-52.875, 53.875, 2.3818579225157716e-23, nan 
-52.625, 53.875, 2.690411082529834e-23, nan 
-52.375, 53.875, 2.358930222330829e-23, nan 
-52.125, 53.875, 2.901824004270211e-23, nan 
-51.875, 53.875, 4.0459052336604314e-23, nan 
-51.625, 53.875, 4.0706579398512456e-23, nan 
-51.375, 53.875, 3.3973219702184166e-23, nan 
-51.125, 53.875, 2.4443075586842274e-23, nan 
-50.875, 53.875, 2.2352993480714953e-23, nan 
-50.625, 53.875, 2.4330057318177626e-23, nan 
-50.375, 53.875, 2.3318846993135415e-23, nan 
-50.125, 53.875, 3.499361076350728e-23, nan 
-49.875, 53.875, 3.044967661376289e-23, nan 
-49.625, 53.875, 1.9931262302423444e-23, nan 
-49.375, 53.875, 1.807133773120459e-23, nan 
-49.125, 53.875, 2.278165822193381e-23, nan 
-48.875, 53.875, 2.2223130459637084e-23, nan 
-48.625, 53.875, 1.0610440534350066e-23, nan 
-48.375, 53.875, 9.281833466843085e-24, nan 
-48.125, 53.875, 9.327650055697789e-24, nan 
-47.875, 53.875, 1.3543800866835262e-23, nan 
-47.625, 53.875, 1.7942740909422526e-23, nan 
-47.375, 53.875, 1.577176307792192e-23, nan 
-47.125, 53.875, 9.98623251129186e-24, nan 
-46.875, 53.875, 1.0323592697483379e-23, nan 
-46.625, 53.875, 1.0603468491759345e-23, nan 
-46.375, 53.875, 1.0712740641460275e-23, nan 
-46.125, 53.875, 1.110450328464322e-23, nan 
-45.875, 53.875, 1.0518441178139838e-23, nan 
-45.625, 53.875, 1.0533785315600036e-23, nan 
-45.375, 53.875, 1.1753018880816527e-23, nan 
-45.125, 53.875, 1.3592341644655265e-23, nan 
-44.875, 53.875, 1.5094337466879712e-23, nan 
-44.625, 53.875, 1.3011561166935438e-23, nan 
-44.375, 53.875, 6.1530212528697654e-24, nan 
-44.125, 53.875, 1.0316955600038548e-23, nan 
-43.875, 53.875, 9.576967577641986e-24, nan 
-43.625, 53.875, 6.745197275984665e-24, nan 
-43.375, 53.875, 1.0170743610675349e-23, nan 
-43.125, 53.875, 1.671159546460681e-23, nan 
-42.875, 53.875, 1.67481473763194e-23, nan 
-42.625, 53.875, 1.6488787979222496e-23, nan 
-42.375, 53.875, 1.7401208364566196e-23, nan 
-42.125, 53.875, 9.891159285018394e-24, nan 
-41.875, 53.875, 1.3740120129720507e-23, nan 
-41.625, 53.875, 1.4265696430288173e-23, nan 
-41.375, 53.875, 9.232687903395894e-24, nan 
-41.125, 53.875, 1.541170350585388e-23, nan 
-40.875, 53.875, 1.4509792104834975e-23, nan 
-40.625, 53.875, 1.6974779862910014e-23, nan 
-40.375, 53.875, 2.1953507601822562e-23, nan 
-40.125, 53.875, 2.0065007378824332e-23, nan 
-39.875, 53.875, 5.820532769461058e-24, nan 
-39.625, 53.875, 1.2176000996898023e-23, nan 
-39.375, 53.875, 1.7039120635146584e-23, nan 
-39.125, 53.875, 1.665587786424951e-23, nan 
-38.875, 53.875, 5.634459291626692e-24, nan 
-38.625, 53.875, 1.1100991265157661e-23, nan 
-38.375, 53.875, 1.130814637586857e-23, nan 
-38.125, 53.875, 1.3933869807458446e-23, nan 
-37.875, 53.875, 1.8938189764113758e-23, nan 
-37.625, 53.875, 1.8816741887352925e-23, nan 
-37.375, 53.875, 1.7329097588346246e-23, nan 
-37.125, 53.875, 1.889163246255997e-23, nan 
-36.875, 53.875, 9.347146698335002e-24, nan 
-36.625, 53.875, 9.986669203274131e-24, nan 
-36.375, 53.875, 9.125688465881578e-24, nan 
-36.125, 53.875, 1.3734889196293787e-23, nan 
-35.875, 53.875, 1.6021248678951247e-23, nan 
-35.625, 53.875, 1.006407632395973e-23, nan 
-35.375, 53.875, 1.1269612892469012e-23, nan 
-35.125, 53.875, 1.3684047936875033e-23, nan 
-34.875, 53.875, 1.6648921043134948e-23, nan 
-34.625, 53.875, 2.261146868779209e-23, nan 
-34.375, 53.875, 1.8177320157240142e-23, nan 
-34.125, 53.875, 1.0937121041829912e-23, nan 
-33.875, 53.875, 1.4396682745843536e-23, nan 
-33.625, 53.875, 1.229113637568215e-23, nan 
-33.375, 53.875, 1.1984652401436541e-23, nan 
-33.125, 53.875, 7.485826619953979e-24, nan 
-32.875, 53.875, 1.2360649405244454e-23, nan 
-32.625, 53.875, 1.0465212963420885e-23, nan 
-32.375, 53.875, 1.1193222945257313e-23, nan 
-32.125, 53.875, 8.653637599050388e-24, nan 
-31.875, 53.875, 1.7265380506205755e-23, nan 
-31.625, 53.875, 2.0271719522115835e-23, nan 
-31.375, 53.875, 2.3191052394167142e-23, nan 
-31.125, 53.875, 3.540140421355233e-23, nan 
-30.875, 53.875, 3.0714349332113244e-23, nan 
-30.625, 53.875, 1.1678469021092317e-23, nan 
-30.375, 53.875, 5.3225926608823316e-24, nan 
-30.125, 53.875, 6.1541398440402364e-24, nan 
-29.875, 53.875, 5.064298035107522e-24, nan 
-29.625, 53.875, 7.746012441671336e-24, nan 
-29.375, 53.875, 1.1395270860281618e-23, nan 
-29.125, 53.875, 1.2501351193730013e-23, nan 
-28.875, 53.875, 1.211447349284225e-23, nan 
-28.625, 53.875, 1.316226060808772e-23, nan 
-28.375, 53.875, 1.377147404716937e-23, nan 
-28.125, 53.875, 1.147044447601657e-23, nan 
-27.875, 53.875, 1.080134691843058e-23, nan 
-27.625, 53.875, 1.4180664098426073e-23, nan 
-27.375, 53.875, 6.340882755246638e-24, nan 
-27.125, 53.875, 5.050731841211083e-24, nan 
-26.875, 53.875, 4.0095463887686896e-24, nan 
-26.625, 53.875, 8.242094673978084e-24, nan 
-26.375, 53.875, 1.749854765812139e-23, nan 
-26.125, 53.875, 1.9966294202580864e-23, nan 
-25.875, 53.875, 1.855767918300242e-23, nan 
-25.625, 53.875, 2.2682729094905498e-23, nan 
-25.375, 53.875, 1.9016148914770353e-23, nan 
-25.125, 53.875, 2.6982098092655645e-23, nan 
-24.875, 53.875, 2.5718349293653786e-23, nan 
-24.625, 53.875, 1.1359204408412316e-23, nan 
-24.375, 53.875, 2.1340325767011424e-23, nan 
-24.125, 53.875, 2.195542961988517e-23, nan 
-23.875, 53.875, 2.1627658852038007e-23, nan 
-23.625, 53.875, 1.530290874114886e-23, nan 
-23.375, 53.875, 3.4730315224680543e-23, nan 
-23.125, 53.875, 3.593261348486722e-23, nan 
-22.875, 53.875, 2.0353277859700945e-23, nan 
-22.625, 53.875, 1.8110828163749948e-23, nan 
-22.375, 53.875, 2.24925624579534e-23, nan 
-22.125, 53.875, 2.1487852486478712e-23, nan 
-21.875, 53.875, 2.525245510369323e-23, nan 
-21.625, 53.875, 2.899724263795476e-23, nan 
-21.375, 53.875, 1.9397480060503525e-23, nan 
-21.125, 53.875, 3.064689130321254e-23, nan 
-20.875, 53.875, 3.159595302015647e-23, nan 
-20.625, 53.875, 2.2022650157444548e-23, nan 
-20.375, 53.875, 1.2924625349874126e-23, nan 
-20.125, 53.875, 1.1057001665922416e-23, nan 
-19.875, 53.875, 1.4544901493000783e-23, nan 
-19.625, 53.875, 1.7328957018826897e-23, nan 
-19.375, 53.875, 1.27403747387646e-23, nan 
-19.125, 53.875, 1.6544891395997285e-23, nan 
-18.875, 53.875, 1.0050575015637376e-23, nan 
-18.625, 53.875, 8.019077293158915e-24, nan 
-18.375, 53.875, 2.1244123867149217e-23, nan 
-18.125, 53.875, 4.0739885061603183e-23, nan 
-17.875, 53.875, 4.7332930173209e-23, nan 
-17.625, 53.875, 3.8356828632422513e-23, nan 
-17.375, 53.875, 4.7935969581371707e-23, nan 
-17.125, 53.875, 4.1428371164845543e-23, nan 
-16.875, 53.875, 2.0331881559793566e-23, nan 
-16.625, 53.875, 2.6824181057419055e-23, nan 
-16.375, 53.875, 2.547345605266355e-23, nan 
-16.125, 53.875, 1.847384306968826e-23, nan 
-15.875, 53.875, 8.130183368992885e-24, nan 
-15.625, 53.875, 1.0016603951654173e-23, nan 
-15.375, 53.875, 1.8732536634794827e-23, nan 
-15.125, 53.875, 2.0539123675606208e-23, nan 
-14.875, 53.875, 1.1102427027737711e-23, nan 
-14.625, 53.875, 1.52157489720215e-23, nan 
-14.375, 53.875, 3.36487687007281e-23, nan 
-14.125, 53.875, 2.7702787030744467e-23, nan 
-13.875, 53.875, 1.755782941235984e-23, nan 
-13.625, 53.875, 9.565901556964046e-24, nan 
-13.375, 53.875, 1.6941121266553553e-23, nan 
-13.125, 53.875, 1.514123334342078e-23, nan 
-12.875, 53.875, 1.350880659314897e-23, nan 
-12.625, 53.875, 1.987006808237096e-23, nan 
-12.375, 53.875, 1.363227340821878e-23, nan 
-12.125, 53.875, 1.5595215994252305e-23, nan 
-11.875, 53.875, 1.1644214532303994e-23, nan 
-11.625, 53.875, 8.162161891899164e-24, nan 
-11.375, 53.875, 1.8125604198556328e-23, nan 
-11.125, 53.875, 2.324624643976678e-23, nan 
-10.875, 53.875, 5.765844132070748e-23, nan 
-10.625, 53.875, 8.220311273368421e-23, nan 
-10.375, 53.875, 9.795049895122823e-23, nan 
-10.125, 53.875, 4.7075931165685654e-23, nan 
-9.875, 53.875, 7.730051515124731e-23, nan 
-9.625, 53.875, 8.499091980784797e-23, nan 
-9.375, 53.875, 5.741802107219435e-23, nan 
-9.125, 53.875, 9.339145055557383e-24, nan 
-8.875, 53.875, 1.8005031567515508e-23, nan 
-8.625, 53.875, 2.36515358403456e-23, nan 
-8.375, 53.875, 3.637676214569739e-23, nan 
-8.125, 53.875, 1.8051046392115024e-23, nan 
-7.875, 53.875, 2.2766558400823338e-23, nan 
-7.625, 53.875, 3.080526935203201e-23, nan 
-7.375, 53.875, 3.4885876060037425e-23, nan 
-7.125, 53.875, 2.001539480334356e-23, nan 
-6.875, 53.875, 7.276323011610461e-24, nan 
-6.625, 53.875, 1.41158726100746e-23, nan 
-6.375, 53.875, 1.3065790191947793e-23, nan 
-6.125, 53.875, 1.086049907171635e-23, nan 
-5.875, 53.875, 5.2210147548491146e-24, nan 
-5.625, 53.875, 5.694856567750308e-24, nan 
-5.375, 53.875, 1.2666906513104128e-23, nan 
-5.125, 53.875, 1.0873457744183777e-23, nan 
-4.875, 53.875, 7.971363910180689e-24, nan 
-4.625, 53.875, 6.0098247983824724e-24, nan 
-4.375, 53.875, 1.4902686754143303e-23, nan 
-4.125, 53.875, 1.4998309125994164e-23, nan 
-3.875, 53.875, 1.98712664688398e-23, nan 
-3.625, 53.875, 2.6486341903436686e-23, nan 
-3.375, 53.875, 1.49825955155154e-23, nan 
-3.125, 53.875, 9.564490334332693e-24, nan 
-2.875, 53.875, 1.1953648727718279e-23, nan 
-2.625, 53.875, 8.207978762637872e-24, nan 
-2.375, 53.875, 1.2240674494030467e-23, nan 
-2.125, 53.875, 1.3026553900087486e-23, nan 
-1.875, 53.875, 9.653256287151237e-24, nan 
-1.625, 53.875, 1.1269250760842025e-23, nan 
-1.375, 53.875, 5.861230552837489e-24, nan 
-1.125, 53.875, 1.2964093287643854e-23, nan 
-0.875, 53.875, 1.586413144074578e-23, nan 
-0.625, 53.875, 1.513934665126918e-23, nan 
-0.375, 53.875, 4.406274360455994e-24, nan 
-0.125, 53.875, 7.93097608654063e-24, nan 
0.125, 53.875, 1.0291325741806068e-23, nan 
0.375, 53.875, 1.2414069497600138e-23, nan 
0.625, 53.875, 1.193152447105585e-23, nan 
0.875, 53.875, 1.2975524544621867e-23, nan 
1.125, 53.875, 6.460270108359121e-24, nan 
1.375, 53.875, 1.1940205314506517e-23, nan 
1.625, 53.875, 1.6104355304118914e-23, nan 
1.875, 53.875, 2.9710491450084415e-23, nan 
2.125, 53.875, 2.5305486182410497e-23, nan 
2.375, 53.875, 7.830727452452988e-24, nan 
2.625, 53.875, 9.402738331178528e-24, nan 
2.875, 53.875, 1.0213645099107942e-23, nan 
3.125, 53.875, 1.481876979979979e-23, nan 
3.375, 53.875, 1.4707318981194466e-23, nan 
3.625, 53.875, 1.782235981503093e-23, nan 
3.875, 53.875, 1.8457570351285313e-23, nan 
4.125, 53.875, 1.1651918830431334e-23, nan 
4.375, 53.875, 8.667457084950092e-24, nan 
4.625, 53.875, 1.1460848491681781e-23, nan 
4.875, 53.875, 9.900197909510546e-24, nan 
5.125, 53.875, 7.716102199385581e-24, nan 
5.375, 53.875, 1.468157133737397e-23, nan 
5.625, 53.875, 1.6251296032144714e-23, nan 
5.875, 53.875, 3.632112635383973e-24, nan 
6.125, 53.875, 3.4447644114277e-24, nan 
6.375, 53.875, 1.0477159736263558e-23, nan 
6.625, 53.875, 8.67911103601834e-24, nan 
6.875, 53.875, 4.675740112326956e-24, nan 
7.125, 53.875, 1.0234838745752296e-23, nan 
7.375, 53.875, 1.1554642884042545e-23, nan 
7.625, 53.875, 9.663053350695446e-24, nan 
7.875, 53.875, 8.945656005538454e-24, nan 
8.125, 53.875, 9.949727661835023e-24, nan 
8.375, 53.875, 6.002727476926129e-24, nan 
8.625, 53.875, 7.016595274573602e-24, nan 
8.875, 53.875, 1.1774885831100147e-23, nan 
-76.375, 54.125, 4.185420740199684e-24, nan 
-76.125, 54.125, 4.322608163464707e-24, nan 
-75.875, 54.125, 1.0722458184669607e-23, nan 
-75.625, 54.125, 8.197715340389352e-24, nan 
-75.375, 54.125, 2.119177463449911e-23, nan 
-75.125, 54.125, 1.2463588038849491e-23, nan 
-74.875, 54.125, 4.447562296770188e-24, nan 
-74.625, 54.125, 4.716243757767037e-24, nan 
-74.375, 54.125, 8.507893647070352e-24, nan 
-74.125, 54.125, 4.012268776538151e-24, nan 
-73.875, 54.125, 5.5479719963991124e-24, nan 
-73.625, 54.125, 1.3939000601228576e-23, nan 
-73.375, 54.125, 1.194087707872269e-23, nan 
-73.125, 54.125, 6.4030552206215614e-24, nan 
-72.875, 54.125, 4.7393024554146595e-24, nan 
-72.625, 54.125, 5.6151921142899346e-24, nan 
-72.375, 54.125, 6.664927621183355e-24, nan 
-72.125, 54.125, 5.665314559795463e-24, nan 
-71.875, 54.125, 3.1657997530707913e-24, nan 
-71.625, 54.125, 3.719145881997997e-24, nan 
-71.375, 54.125, 3.027842343097039e-24, nan 
-71.125, 54.125, 8.21108715300283e-24, nan 
-70.875, 54.125, 7.914271193778677e-24, nan 
-70.625, 54.125, 1.0554659226179415e-23, nan 
-70.375, 54.125, 9.969314938862378e-24, nan 
-70.125, 54.125, 1.3310902470362822e-23, nan 
-69.875, 54.125, 6.023499787388938e-24, nan 
-69.625, 54.125, 5.54396823964969e-24, nan 
-69.375, 54.125, 6.680954240525493e-24, nan 
-69.125, 54.125, 4.752934956490125e-24, nan 
-68.875, 54.125, 3.685202882086857e-24, nan 
-68.625, 54.125, 4.5112396089904845e-24, nan 
-68.375, 54.125, 4.39640223079489e-24, nan 
-68.125, 54.125, 4.842631160280104e-24, nan 
-67.875, 54.125, 5.401405048502552e-24, nan 
-67.625, 54.125, 6.961192681505869e-24, nan 
-67.375, 54.125, 5.4182516274658394e-24, nan 
-67.125, 54.125, 2.876921044496335e-23, nan 
-66.875, 54.125, 9.404685836906503e-23, nan 
-66.625, 54.125, 5.2639112544887755e-23, nan 
-66.375, 54.125, 2.460502402215647e-23, nan 
-66.125, 54.125, 2.601161722545149e-23, nan 
-65.875, 54.125, 1.610829278375187e-23, nan 
-65.625, 54.125, 1.6864782934036522e-23, nan 
-65.375, 54.125, 1.4061891681579136e-23, nan 
-65.125, 54.125, 1.8359334395728537e-23, nan 
-64.875, 54.125, 2.9975440453654333e-23, nan 
-64.625, 54.125, 3.956314812199882e-23, nan 
-64.375, 54.125, 2.6413455609939646e-23, nan 
-64.125, 54.125, 1.400341369894335e-23, nan 
-63.875, 54.125, 7.769912706153236e-24, nan 
-63.625, 54.125, 8.035276780195719e-24, nan 
-63.375, 54.125, 3.8639608799517444e-24, nan 
-63.125, 54.125, 6.3328933123272805e-24, nan 
-62.875, 54.125, 1.3910963826270896e-23, nan 
-62.625, 54.125, 1.3989109218054362e-23, nan 
-62.375, 54.125, 2.4161733340211507e-23, nan 
-62.125, 54.125, 3.131125924254951e-23, nan 
-61.875, 54.125, 2.9037571054442556e-23, nan 
-61.625, 54.125, 2.5410808460519844e-23, nan 
-61.375, 54.125, 1.6874832670458273e-23, nan 
-61.125, 54.125, 1.41978314691756e-23, nan 
-60.875, 54.125, 1.4197594771894997e-23, nan 
-60.625, 54.125, 1.7975374659394713e-23, nan 
-60.375, 54.125, 1.6097352808777522e-23, nan 
-60.125, 54.125, 1.548057197523663e-23, nan 
-59.875, 54.125, 1.2832426847788683e-23, nan 
-59.625, 54.125, 1.0816607299802316e-23, nan 
-59.375, 54.125, 9.25872325934456e-24, nan 
-59.125, 54.125, 8.385281476147149e-24, nan 
-58.875, 54.125, 1.2118759248813975e-23, nan 
-58.625, 54.125, 3.470809277137179e-23, nan 
-58.375, 54.125, 3.900055200429228e-23, nan 
-58.125, 54.125, 3.172880418589827e-23, nan 
-57.875, 54.125, 2.0881423903384546e-23, nan 
-57.625, 54.125, 2.1547841255614707e-23, nan 
-57.375, 54.125, 1.474426473717137e-23, nan 
-57.125, 54.125, 2.0859169232207783e-23, nan 
-56.875, 54.125, 2.2035489662619926e-23, nan 
-56.625, 54.125, 1.2541025198508926e-23, nan 
-56.375, 54.125, 9.316852534348076e-24, nan 
-56.125, 54.125, 1.8161607941854812e-23, nan 
-55.875, 54.125, 2.4650870652680742e-23, nan 
-55.625, 54.125, 2.3448623341523122e-23, nan 
-55.375, 54.125, 2.0586099882206314e-23, nan 
-55.125, 54.125, 2.0311962995704118e-23, nan 
-54.875, 54.125, 1.9606025623359225e-23, nan 
-54.625, 54.125, 1.737203488652028e-23, nan 
-54.375, 54.125, 8.117242749445562e-24, nan 
-54.125, 54.125, 1.7350424634570663e-23, nan 
-53.875, 54.125, 1.9343273140617448e-23, nan 
-53.625, 54.125, 2.6208530706262437e-23, nan 
-53.375, 54.125, 3.079843462748651e-23, nan 
-53.125, 54.125, 2.465023067673601e-23, nan 
-52.875, 54.125, 2.3875748035860422e-23, nan 
-52.625, 54.125, 1.4689727694958612e-23, nan 
-52.375, 54.125, 1.715757433574504e-23, nan 
-52.125, 54.125, 1.5847099721860942e-23, nan 
-51.875, 54.125, 1.570925313436608e-23, nan 
-51.625, 54.125, 2.948908501591132e-23, nan 
-51.375, 54.125, 2.5792306693388713e-23, nan 
-51.125, 54.125, 2.3812330622923416e-23, nan 
-50.875, 54.125, 2.2175910059745198e-23, nan 
-50.625, 54.125, 2.2929550524322856e-23, nan 
-50.375, 54.125, 1.851917616593769e-23, nan 
-50.125, 54.125, 2.5960386671336344e-23, nan 
-49.875, 54.125, 1.6351200778035184e-23, nan 
-49.625, 54.125, 1.7415863605516333e-23, nan 
-49.375, 54.125, 2.0594727534060076e-23, nan 
-49.125, 54.125, 1.6617451185742887e-23, nan 
-48.875, 54.125, 1.29813704330538e-23, nan 
-48.625, 54.125, 1.269116200310099e-23, nan 
-48.375, 54.125, 1.3341670856132613e-23, nan 
-48.125, 54.125, 1.4902350388240372e-23, nan 
-47.875, 54.125, 1.501072757956939e-23, nan 
-47.625, 54.125, 1.4502417085511993e-23, nan 
-47.375, 54.125, 1.1356071862983636e-23, nan 
-47.125, 54.125, 1.0257289285145746e-23, nan 
-46.875, 54.125, 1.2030250962813855e-23, nan 
-46.625, 54.125, 1.0543393976990425e-23, nan 
-46.375, 54.125, 1.1942090249760783e-23, nan 
-46.125, 54.125, 9.620082946853538e-24, nan 
-45.875, 54.125, 8.431660758014928e-24, nan 
-45.625, 54.125, 1.6598210011207798e-23, nan 
-45.375, 54.125, 1.9235948258650154e-23, nan 
-45.125, 54.125, 1.5105240592382407e-23, nan 
-44.875, 54.125, 1.1276215441208812e-23, nan 
-44.625, 54.125, 6.181517779852044e-24, nan 
-44.375, 54.125, 5.115139883442126e-24, nan 
-44.125, 54.125, 5.986744510813745e-24, nan 
-43.875, 54.125, 1.0304322214609122e-23, nan 
-43.625, 54.125, 9.646900539445033e-24, nan 
-43.375, 54.125, 1.0269044862157747e-23, nan 
-43.125, 54.125, 1.3119588315609383e-23, nan 
-42.875, 54.125, 1.2916367456905962e-23, nan 
-42.625, 54.125, 1.5077699172717957e-23, nan 
-42.375, 54.125, 1.3689404362555687e-23, nan 
-42.125, 54.125, 9.929592195043985e-24, nan 
-41.875, 54.125, 1.3551243381204696e-23, nan 
-41.625, 54.125, 1.2505661518209413e-23, nan 
-41.375, 54.125, 1.1393084002282102e-23, nan 
-41.125, 54.125, 1.4716956874918356e-23, nan 
-40.875, 54.125, 1.1335144783434544e-23, nan 
-40.625, 54.125, 5.914728979592788e-24, nan 
-40.375, 54.125, 8.62107163996297e-24, nan 
-40.125, 54.125, 8.046935509460332e-24, nan 
-39.875, 54.125, 1.566075250454607e-23, nan 
-39.625, 54.125, 1.8589422579167622e-23, nan 
-39.375, 54.125, 1.3534484538138e-23, nan 
-39.125, 54.125, 2.0630762693566452e-23, nan 
-38.875, 54.125, 1.6339918319750535e-23, nan 
-38.625, 54.125, 1.5494903030685483e-23, nan 
-38.375, 54.125, 1.7159454921963017e-23, nan 
-38.125, 54.125, 1.889030700953353e-23, nan 
-37.875, 54.125, 1.8563996070672628e-23, nan 
-37.625, 54.125, 1.0061709747013417e-23, nan 
-37.375, 54.125, 1.069381202701631e-23, nan 
-37.125, 54.125, 9.178007916482773e-24, nan 
-36.875, 54.125, 1.2752390074050909e-23, nan 
-36.625, 54.125, 1.0806988088032694e-23, nan 
-36.375, 54.125, 1.4161950954236508e-23, nan 
-36.125, 54.125, 1.5464566507754066e-23, nan 
-35.875, 54.125, 1.1072863497127959e-23, nan 
-35.625, 54.125, 1.0357844509529091e-23, nan 
-35.375, 54.125, 8.339019898588184e-24, nan 
-35.125, 54.125, 9.02878597089744e-24, nan 
-34.875, 54.125, 1.5949160594507115e-23, nan 
-34.625, 54.125, 1.8179751048486844e-23, nan 
-34.375, 54.125, 1.2211185172083078e-23, nan 
-34.125, 54.125, 1.5677790714548375e-23, nan 
-33.875, 54.125, 1.5860053709301626e-23, nan 
-33.625, 54.125, 1.1032777874068592e-23, nan 
-33.375, 54.125, 8.516243409927831e-24, nan 
-33.125, 54.125, 1.1554376222599866e-23, nan 
-32.875, 54.125, 1.9624150335009262e-23, nan 
-32.625, 54.125, 1.452213111665093e-23, nan 
-32.375, 54.125, 1.3551287562635526e-23, nan 
-32.125, 54.125, 2.3244745955992346e-23, nan 
-31.875, 54.125, 2.3830050452443e-23, nan 
-31.625, 54.125, 2.089391641562218e-23, nan 
-31.375, 54.125, 2.2869024887470717e-23, nan 
-31.125, 54.125, 2.4922863285160256e-23, nan 
-30.875, 54.125, 1.1679460159548191e-23, nan 
-30.625, 54.125, 1.1764896041376246e-23, nan 
-30.375, 54.125, 1.2192647226731378e-23, nan 
-30.125, 54.125, 7.743993577758831e-24, nan 
-29.875, 54.125, 5.2567674195303774e-24, nan 
-29.625, 54.125, 7.95341453632961e-24, nan 
-29.375, 54.125, 9.822346096336506e-24, nan 
-29.125, 54.125, 1.516864566137207e-23, nan 
-28.875, 54.125, 8.719904940673177e-24, nan 
-28.625, 54.125, 2.4432284997161446e-23, nan 
-28.375, 54.125, 2.5818216011794163e-23, nan 
-28.125, 54.125, 1.9876453685136095e-23, nan 
-27.875, 54.125, 1.1281238112054424e-23, nan 
-27.625, 54.125, 4.5816720267646054e-24, nan 
-27.375, 54.125, 5.777358606093881e-24, nan 
-27.125, 54.125, 8.960945646658975e-24, nan 
-26.875, 54.125, 1.1146959758642115e-23, nan 
-26.625, 54.125, 1.0642493350498406e-23, nan 
-26.375, 54.125, 1.2142200591248037e-23, nan 
-26.125, 54.125, 1.0662914439374628e-23, nan 
-25.875, 54.125, 1.5016430835271194e-23, nan 
-25.625, 54.125, 2.038997204554389e-23, nan 
-25.375, 54.125, 1.2271905965464711e-23, nan 
-25.125, 54.125, 2.066049339352924e-23, nan 
-24.875, 54.125, 2.3995505895886488e-23, nan 
-24.625, 54.125, 1.7746600823737742e-23, nan 
-24.375, 54.125, 1.4905203874075483e-23, nan 
-24.125, 54.125, 8.064589552379862e-24, nan 
-23.875, 54.125, 1.5536269957011282e-23, nan 
-23.625, 54.125, 2.1546252506809125e-23, nan 
-23.375, 54.125, 2.8844222718105845e-23, nan 
-23.125, 54.125, 2.551898865275119e-23, nan 
-22.875, 54.125, 2.432767914573325e-23, nan 
-22.625, 54.125, 3.872455255175769e-23, nan 
-22.375, 54.125, 3.876334895834475e-23, nan 
-22.125, 54.125, 1.9010737292323337e-23, nan 
-21.875, 54.125, 1.4838535450512828e-23, nan 
-21.625, 54.125, 2.0642288209855032e-23, nan 
-21.375, 54.125, 3.1941327097979004e-23, nan 
-21.125, 54.125, 3.3341259773432466e-23, nan 
-20.875, 54.125, 1.8703658508863608e-23, nan 
-20.625, 54.125, 8.457071775129794e-24, nan 
-20.375, 54.125, 1.4975110332261937e-23, nan 
-20.125, 54.125, 1.4002663704418596e-23, nan 
-19.875, 54.125, 1.2297003982972701e-23, nan 
-19.625, 54.125, 1.2535110162372642e-23, nan 
-19.375, 54.125, 2.8679122407372514e-23, nan 
-19.125, 54.125, 2.757462856216864e-23, nan 
-18.875, 54.125, 1.1977211583757532e-23, nan 
-18.625, 54.125, 5.653151884276168e-23, nan 
-18.375, 54.125, 7.579572638391888e-23, nan 
-18.125, 54.125, 7.14670323803316e-23, nan 
-17.875, 54.125, 6.825394486234208e-23, nan 
-17.625, 54.125, 5.80859423149372e-23, nan 
-17.375, 54.125, 5.113308695771274e-23, nan 
-17.125, 54.125, 6.949293059599883e-23, nan 
-16.875, 54.125, 5.487206988446476e-23, nan 
-16.625, 54.125, 3.395686913656135e-23, nan 
-16.375, 54.125, 2.730526135774809e-23, nan 
-16.125, 54.125, 2.4070610848765397e-23, nan 
-15.875, 54.125, 2.3205881618299357e-23, nan 
-15.625, 54.125, 1.3775921741647264e-23, nan 
-15.375, 54.125, 1.274997449443652e-23, nan 
-15.125, 54.125, 2.3000259816025266e-23, nan 
-14.875, 54.125, 2.531783127476087e-23, nan 
-14.625, 54.125, 2.4967171963031287e-23, nan 
-14.375, 54.125, 1.2617883563628367e-23, nan 
-14.125, 54.125, 5.331947417106294e-24, nan 
-13.875, 54.125, 1.4276602090173486e-23, nan 
-13.625, 54.125, 1.4999096070239357e-23, nan 
-13.375, 54.125, 1.7908842376168547e-23, nan 
-13.125, 54.125, 1.0527011557175317e-23, nan 
-12.875, 54.125, 1.6766875743392125e-23, nan 
-12.625, 54.125, 2.0644324515657495e-23, nan 
-12.375, 54.125, 2.316965322966921e-23, nan 
-12.125, 54.125, 3.1825666588320735e-23, nan 
-11.875, 54.125, 2.976820517683724e-23, nan 
-11.625, 54.125, 3.4438726140481533e-23, nan 
-11.375, 54.125, 3.528786836525352e-23, nan 
-11.125, 54.125, 3.7645063406795664e-23, nan 
-10.875, 54.125, 3.087753909616851e-23, nan 
-10.625, 54.125, 1.7063842873277764e-23, nan 
-10.375, 54.125, 7.700600927070861e-23, nan 
-10.125, 54.125, 6.936783878243007e-23, nan 
-9.875, 54.125, 3.8315650158777043e-23, nan 
-9.625, 54.125, 8.76663073248017e-23, nan 
-9.375, 54.125, 7.669773923347296e-23, nan 
-9.125, 54.125, 1.5855188197620632e-23, nan 
-8.875, 54.125, 1.8880122219178026e-23, nan 
-8.625, 54.125, 3.9932268433699436e-23, nan 
-8.375, 54.125, 2.5106203333466832e-23, nan 
-8.125, 54.125, 1.9256152835998323e-23, nan 
-7.875, 54.125, 1.8945393881356247e-23, nan 
-7.625, 54.125, 1.52002718255556e-23, nan 
-7.375, 54.125, 1.3568487793008206e-23, nan 
-7.125, 54.125, 7.904781621014193e-24, nan 
-6.875, 54.125, 1.2471581966203303e-23, nan 
-6.625, 54.125, 1.3600147907325837e-23, nan 
-6.375, 54.125, 1.4141296490031203e-23, nan 
-6.125, 54.125, 1.5494528488952036e-23, nan 
-5.875, 54.125, 8.400971566152443e-24, nan 
-5.625, 54.125, 1.1180648554775813e-23, nan 
-5.375, 54.125, 1.8276567648416253e-23, nan 
-5.125, 54.125, 8.510435774146562e-24, nan 
-4.875, 54.125, 3.514209140561276e-24, nan 
-4.625, 54.125, 7.294924991742085e-24, nan 
-4.375, 54.125, 6.350345368025881e-24, nan 
-4.125, 54.125, 9.580709467825574e-24, nan 
-3.875, 54.125, 1.072496890535583e-23, nan 
-3.625, 54.125, 1.9155798403434786e-23, nan 
-3.375, 54.125, 1.3116974694783474e-23, nan 
-3.125, 54.125, 4.411557686167672e-24, nan 
-2.875, 54.125, 8.762967258182013e-24, nan 
-2.625, 54.125, 3.426075830622082e-24, nan 
-2.375, 54.125, 1.1367852995319806e-23, nan 
-2.125, 54.125, 1.2854654073345429e-23, nan 
-1.875, 54.125, 5.4520190446455436e-24, nan 
-1.625, 54.125, 1.2697130286894372e-23, nan 
-1.375, 54.125, 2.8863982982352456e-23, nan 
-1.125, 54.125, 2.994726644390007e-23, nan 
-0.875, 54.125, 1.7906538353251144e-23, nan 
-0.625, 54.125, 1.822976894408314e-23, nan 
-0.375, 54.125, 1.2171567416347619e-23, nan 
-0.125, 54.125, 1.6250480549900595e-23, nan 
0.125, 54.125, 1.545746747683806e-23, nan 
0.375, 54.125, 1.504453068520889e-23, nan 
0.625, 54.125, 1.3448111724738927e-23, nan 
0.875, 54.125, 8.273943147209541e-24, nan 
1.125, 54.125, 1.5765534758813093e-23, nan 
1.375, 54.125, 1.7977336419040046e-23, nan 
1.625, 54.125, 2.6850157259450586e-23, nan 
1.875, 54.125, 2.694028294095507e-23, nan 
2.125, 54.125, 2.384692327759809e-23, nan 
2.375, 54.125, 2.1838195073518262e-23, nan 
2.625, 54.125, 2.3674900717435976e-23, nan 
2.875, 54.125, 1.692069769874453e-23, nan 
3.125, 54.125, 1.1145594143093231e-23, nan 
3.375, 54.125, 1.1596401684172489e-23, nan 
3.625, 54.125, 2.7025477104127537e-23, nan 
3.875, 54.125, 2.691544916050613e-23, nan 
4.125, 54.125, 7.481815672126396e-24, nan 
4.375, 54.125, 1.9903069495704708e-23, nan 
4.625, 54.125, 1.906014376110024e-23, nan 
4.875, 54.125, 1.0471248804102618e-23, nan 
5.125, 54.125, 9.761442019070164e-24, nan 
5.375, 54.125, 9.42547656835695e-24, nan 
5.625, 54.125, 1.1933200975797293e-23, nan 
5.875, 54.125, 1.0189531517019304e-23, nan 
6.125, 54.125, 5.3357261240116306e-24, nan 
6.375, 54.125, 7.15338763946749e-24, nan 
6.625, 54.125, 7.521283324304144e-24, nan 
6.875, 54.125, 4.32277193124652e-24, nan 
7.125, 54.125, 3.987152684441575e-24, nan 
7.375, 54.125, 6.935374373163607e-24, nan 
7.625, 54.125, 1.1725521424896856e-23, nan 
7.875, 54.125, 1.3286897541481626e-23, nan 
8.125, 54.125, 1.0731186483954137e-23, nan 
8.375, 54.125, 9.161698418804807e-24, nan 
8.625, 54.125, 7.224700528738484e-24, nan 
8.875, 54.125, 9.365680941451308e-24, nan 
9.125, 54.125, 1.3424561916701363e-23, nan 
9.375, 54.125, 1.6542003438183734e-23, nan 
9.625, 54.125, 2.71284711557105e-23, nan 
9.875, 54.125, 2.5429249663501302e-23, nan 
-77.625, 54.375, 2.078875895186721e-24, nan 
-77.375, 54.375, 5.910000187102232e-24, nan 
-77.125, 54.375, 6.3776649011532905e-24, nan 
-76.875, 54.375, 3.919434424786303e-24, nan 
-76.625, 54.375, 3.0393021629929024e-24, nan 
-76.375, 54.375, 2.4332588492191165e-24, nan 
-76.125, 54.375, 1.8112662775046522e-23, nan 
-75.875, 54.375, 3.017253360053391e-23, nan 
-75.625, 54.375, 1.2377001707264887e-22, nan 
-75.375, 54.375, 1.6874306267903652e-22, nan 
-75.125, 54.375, 1.171268994914136e-22, nan 
-74.875, 54.375, 2.912886354121538e-23, nan 
-74.625, 54.375, 8.348666549183565e-24, nan 
-74.375, 54.375, 1.991476687299444e-23, nan 
-74.125, 54.375, 1.8050917260880227e-23, nan 
-73.875, 54.375, 8.287989881510029e-24, nan 
-73.625, 54.375, 1.1780946916936001e-23, nan 
-73.375, 54.375, 5.6548050933508166e-24, nan 
-73.125, 54.375, 2.619960687241443e-24, nan 
-72.875, 54.375, 2.608370553806584e-24, nan 
-72.625, 54.375, 2.2767862639459716e-24, nan 
-72.375, 54.375, 8.971719499953662e-24, nan 
-72.125, 54.375, 9.541743679432994e-24, nan 
-71.875, 54.375, 5.7583315300187676e-24, nan 
-71.625, 54.375, 4.116788326018252e-24, nan 
-71.375, 54.375, 3.383077947435196e-24, nan 
-71.125, 54.375, 4.476803235053942e-24, nan 
-70.875, 54.375, 4.484647058295621e-24, nan 
-70.625, 54.375, 5.002836948276255e-24, nan 
-70.375, 54.375, 4.037643483485907e-24, nan 
-70.125, 54.375, 4.6453145331038486e-24, nan 
-69.875, 54.375, 4.458632065898626e-24, nan 
-69.625, 54.375, 3.576823520142612e-24, nan 
-69.375, 54.375, 6.328892453440111e-24, nan 
-69.125, 54.375, 7.965741682775225e-24, nan 
-68.875, 54.375, 6.40126717234911e-24, nan 
-68.625, 54.375, 5.4542321262393416e-24, nan 
-68.375, 54.375, 5.853203185892541e-24, nan 
-68.125, 54.375, 7.665703624228041e-24, nan 
-67.875, 54.375, 6.1559077023842504e-24, nan 
-67.625, 54.375, 6.761985567837688e-24, nan 
-67.375, 54.375, 6.528692159248731e-24, nan 
-67.125, 54.375, 8.955695489288568e-24, nan 
-66.875, 54.375, 1.2314011354931558e-23, nan 
-66.625, 54.375, 1.6289017249555278e-23, nan 
-66.375, 54.375, 1.963830848572677e-23, nan 
-66.125, 54.375, 1.1223311739022443e-23, nan 
-65.875, 54.375, 1.2778862312052185e-23, nan 
-65.625, 54.375, 1.1743836841568743e-23, nan 
-65.375, 54.375, 1.0078027228509147e-23, nan 
-65.125, 54.375, 1.2583975954703042e-23, nan 
-64.875, 54.375, 1.7248046435268037e-23, nan 
-64.625, 54.375, 1.7462128881495933e-23, nan 
-64.375, 54.375, 1.5159842234307552e-23, nan 
-64.125, 54.375, 1.213658987780885e-23, nan 
-63.875, 54.375, 1.303822517859988e-23, nan 
-63.625, 54.375, 7.218314165158893e-24, nan 
-63.375, 54.375, 7.618309369232583e-24, nan 
-63.125, 54.375, 1.0916810094664286e-23, nan 
-62.875, 54.375, 9.034029055879705e-24, nan 
-62.625, 54.375, 8.588246523198006e-24, nan 
-62.375, 54.375, 9.909749371672118e-24, nan 
-62.125, 54.375, 1.098519696292771e-23, nan 
-61.875, 54.375, 2.058465819731213e-23, nan 
-61.625, 54.375, 2.9389714718625323e-23, nan 
-61.375, 54.375, 2.513227918714427e-23, nan 
-61.125, 54.375, 1.9229398033083568e-23, nan 
-60.875, 54.375, 2.0253677736812824e-23, nan 
-60.625, 54.375, 2.184353393659931e-23, nan 
-60.375, 54.375, 2.0839088306322967e-23, nan 
-60.125, 54.375, 1.9255602982486085e-23, nan 
-59.875, 54.375, 1.5331047808269625e-23, nan 
-59.625, 54.375, 1.2461848755872557e-23, nan 
-59.375, 54.375, 7.95635723311176e-24, nan 
-59.125, 54.375, 9.506916911504449e-24, nan 
-58.875, 54.375, 1.9104425401130747e-23, nan 
-58.625, 54.375, 2.7036972972780916e-23, nan 
-58.375, 54.375, 1.6045568486367442e-23, nan 
-58.125, 54.375, 1.0335853628435199e-23, nan 
-57.875, 54.375, 7.239644262246708e-24, nan 
-57.625, 54.375, 1.1553208517594407e-23, nan 
-57.375, 54.375, 8.542678044076008e-24, nan 
-57.125, 54.375, 1.7475700662029025e-23, nan 
-56.875, 54.375, 2.0667204709068002e-23, nan 
-56.625, 54.375, 2.3881050082453968e-23, nan 
-56.375, 54.375, 2.385783434214454e-23, nan 
-56.125, 54.375, 1.72753034799701e-23, nan 
-55.875, 54.375, 1.2072826840712538e-23, nan 
-55.625, 54.375, 1.924994476663144e-23, nan 
-55.375, 54.375, 1.8321237382076454e-23, nan 
-55.125, 54.375, 1.6070656044754314e-23, nan 
-54.875, 54.375, 1.6010314600469998e-23, nan 
-54.625, 54.375, 2.0882132226473435e-23, nan 
-54.375, 54.375, 2.0780511087401317e-23, nan 
-54.125, 54.375, 1.9483810451618438e-23, nan 
-53.875, 54.375, 1.8009545500392382e-23, nan 
-53.625, 54.375, 1.9618329340197687e-23, nan 
-53.375, 54.375, 1.6325055117040546e-23, nan 
-53.125, 54.375, 1.8851465516641954e-23, nan 
-52.875, 54.375, 1.4287389543734136e-23, nan 
-52.625, 54.375, 9.402118209385104e-24, nan 
-52.375, 54.375, 1.2484276626017557e-23, nan 
-52.125, 54.375, 9.795076925503924e-24, nan 
-51.875, 54.375, 1.0881122954473318e-23, nan 
-51.625, 54.375, 7.974989878419211e-24, nan 
-51.375, 54.375, 4.2127475436326276e-24, nan 
-51.125, 54.375, 8.405813259073843e-24, nan 
-50.875, 54.375, 9.34339348033017e-24, nan 
-50.625, 54.375, 1.3337387014063083e-23, nan 
-50.375, 54.375, 1.0192074226796852e-23, nan 
-50.125, 54.375, 1.1271741692087363e-23, nan 
-49.875, 54.375, 1.3093284663929085e-23, nan 
-49.625, 54.375, 1.535893585211755e-23, nan 
-49.375, 54.375, 1.955164929839133e-23, nan 
-49.125, 54.375, 1.5450881875700707e-23, nan 
-48.875, 54.375, 1.3794064796441897e-23, nan 
-48.625, 54.375, 2.1331084022559706e-23, nan 
-48.375, 54.375, 1.172044149157913e-23, nan 
-48.125, 54.375, 7.726122554349087e-24, nan 
-47.875, 54.375, 1.2895681986178439e-23, nan 
-47.625, 54.375, 1.0948406228520214e-23, nan 
-47.375, 54.375, 1.1424281553885095e-23, nan 
-47.125, 54.375, 1.5502148399515625e-23, nan 
-46.875, 54.375, 1.460644122916319e-23, nan 
-46.625, 54.375, 1.1324906894188358e-23, nan 
-46.375, 54.375, 1.1106710060481452e-23, nan 
-46.125, 54.375, 9.54200960874222e-24, nan 
-45.875, 54.375, 1.619514586398346e-23, nan 
-45.625, 54.375, 1.7304436068449407e-23, nan 
-45.375, 54.375, 1.1815497815021606e-23, nan 
-45.125, 54.375, 7.417748465508445e-24, nan 
-44.875, 54.375, 6.3215770118030186e-24, nan 
-44.625, 54.375, 6.899207649604628e-24, nan 
-44.375, 54.375, 5.8567879556949476e-24, nan 
-44.125, 54.375, 7.524441691045691e-24, nan 
-43.875, 54.375, 1.0644931334923674e-23, nan 
-43.625, 54.375, 8.232367745217482e-24, nan 
-43.375, 54.375, 6.1276366932336024e-24, nan 
-43.125, 54.375, 1.0805803540794948e-23, nan 
-42.875, 54.375, 1.3369261659742285e-23, nan 
-42.625, 54.375, 1.2732236115236536e-23, nan 
-42.375, 54.375, 1.3201088268994853e-23, nan 
-42.125, 54.375, 1.0706963678767401e-23, nan 
-41.875, 54.375, 9.350790691374466e-24, nan 
-41.625, 54.375, 8.483433580937072e-24, nan 
-41.375, 54.375, 1.4201501007985975e-23, nan 
-41.125, 54.375, 1.4274490666232198e-23, nan 
-40.875, 54.375, 9.225322020972423e-24, nan 
-40.625, 54.375, 1.0004143067645843e-23, nan 
-40.375, 54.375, 1.0235883569575827e-23, nan 
-40.125, 54.375, 1.168520820167397e-23, nan 
-39.875, 54.375, 1.9034158736318455e-23, nan 
-39.625, 54.375, 1.9334649303460673e-23, nan 
-39.375, 54.375, 2.098798071697178e-23, nan 
-39.125, 54.375, 4.056689671259822e-23, nan 
-38.875, 54.375, 3.123832961495884e-23, nan 
-38.625, 54.375, 1.5352899714237458e-23, nan 
-38.375, 54.375, 1.1558149590668389e-23, nan 
-38.125, 54.375, 1.467288593322972e-23, nan 
-37.875, 54.375, 1.4440162533970602e-23, nan 
-37.625, 54.375, 9.486014556152496e-24, nan 
-37.375, 54.375, 7.763912230717097e-24, nan 
-37.125, 54.375, 7.22560548598735e-24, nan 
-36.875, 54.375, 1.3460825868654953e-23, nan 
-36.625, 54.375, 1.3602104829495048e-23, nan 
-36.375, 54.375, 6.248447664832988e-24, nan 
-36.125, 54.375, 1.1793120110243696e-23, nan 
-35.875, 54.375, 1.58653699943139e-23, nan 
-35.625, 54.375, 1.3465840435022488e-23, nan 
-35.375, 54.375, 1.4411343152744097e-23, nan 
-35.125, 54.375, 1.020950555545483e-23, nan 
-34.875, 54.375, 1.985688524783186e-23, nan 
-34.625, 54.375, 2.1685267034523086e-23, nan 
-34.375, 54.375, 1.3006036079029194e-23, nan 
-34.125, 54.375, 1.1028043975129346e-23, nan 
-33.875, 54.375, 9.681998903365154e-24, nan 
-33.625, 54.375, 7.039935973088347e-24, nan 
-33.375, 54.375, 8.758103586833468e-24, nan 
-33.125, 54.375, 6.799987604958786e-24, nan 
-32.875, 54.375, 6.909473490933927e-24, nan 
-32.625, 54.375, 9.095729042110809e-24, nan 
-32.375, 54.375, 1.0550209163308927e-23, nan 
-32.125, 54.375, 1.5400709579561194e-23, nan 
-31.875, 54.375, 4.134596685593104e-24, nan 
-31.625, 54.375, 1.0798585693021364e-23, nan 
-31.375, 54.375, 2.102476663446896e-23, nan 
-31.125, 54.375, 1.58464114057715e-23, nan 
-30.875, 54.375, 7.356174517963627e-24, nan 
-30.625, 54.375, 1.1708433967108474e-23, nan 
-30.375, 54.375, 1.4623891031313725e-23, nan 
-30.125, 54.375, 1.252650578703771e-23, nan 
-29.875, 54.375, 1.3977154397797492e-23, nan 
-29.625, 54.375, 1.3357606857348494e-23, nan 
-29.375, 54.375, 1.742660672474365e-23, nan 
-29.125, 54.375, 2.1664076555267235e-23, nan 
-28.875, 54.375, 2.5759365712382605e-23, nan 
-28.625, 54.375, 2.678817775047658e-23, nan 
-28.375, 54.375, 2.841661535165767e-23, nan 
-28.125, 54.375, 3.407598520104708e-23, nan 
-27.875, 54.375, 1.523187378979874e-23, nan 
-27.625, 54.375, 8.149415811126728e-24, nan 
-27.375, 54.375, 4.659264314202604e-24, nan 
-27.125, 54.375, 1.3282790970719605e-23, nan 
-26.875, 54.375, 1.4718568381837445e-23, nan 
-26.625, 54.375, 1.3677310118154912e-23, nan 
-26.375, 54.375, 1.232840424094935e-23, nan 
-26.125, 54.375, 3.624386209520433e-24, nan 
-25.875, 54.375, 1.1255537185391531e-23, nan 
-25.625, 54.375, 2.2070823581855472e-23, nan 
-25.375, 54.375, 2.832831115569333e-23, nan 
-25.125, 54.375, 2.415585875631565e-23, nan 
-24.875, 54.375, 3.813408495225891e-23, nan 
-24.625, 54.375, 3.5664478674536963e-23, nan 
-24.375, 54.375, 1.1445593946155957e-23, nan 
-24.125, 54.375, 1.663563135832744e-23, nan 
-23.875, 54.375, 2.3440242274079267e-23, nan 
-23.625, 54.375, 2.794267031521157e-23, nan 
-23.375, 54.375, 3.6298699922266166e-23, nan 
-23.125, 54.375, 2.519956018887013e-23, nan 
-22.875, 54.375, 2.0326815427217906e-23, nan 
-22.625, 54.375, 1.789583768960232e-23, nan 
-22.375, 54.375, 2.915571430710225e-23, nan 
-22.125, 54.375, 2.515322621852556e-23, nan 
-21.875, 54.375, 2.3030038599465694e-23, nan 
-21.625, 54.375, 2.7323889726774566e-23, nan 
-21.375, 54.375, 2.384539821391065e-23, nan 
-21.125, 54.375, 1.4437216526419482e-23, nan 
-20.875, 54.375, 1.7582353523548377e-23, nan 
-20.625, 54.375, 2.279969644459261e-23, nan 
-20.375, 54.375, 1.7222154734048335e-23, nan 
-20.125, 54.375, 8.69140554599087e-24, nan 
-19.875, 54.375, 1.2995625732662566e-23, nan 
-19.625, 54.375, 3.0442464118663e-23, nan 
-19.375, 54.375, 3.0892755241288347e-23, nan 
-19.125, 54.375, 1.0067289457854226e-23, nan 
-18.875, 54.375, 5.74408686555477e-23, nan 
-18.625, 54.375, 9.660068172303046e-23, nan 
-18.375, 54.375, 9.32364250897094e-23, nan 
-18.125, 54.375, 7.99842007951988e-23, nan 
-17.875, 54.375, 9.903694296671636e-23, nan 
-17.625, 54.375, 1.1944887646871168e-22, nan 
-17.375, 54.375, 1.0747867010315215e-22, nan 
-17.125, 54.375, 8.338992799139892e-23, nan 
-16.875, 54.375, 3.087567476728495e-23, nan 
-16.625, 54.375, 2.9144419258324956e-23, nan 
-16.375, 54.375, 2.816262255637451e-23, nan 
-16.125, 54.375, 3.147696887219285e-23, nan 
-15.875, 54.375, 3.139932427293318e-23, nan 
-15.625, 54.375, 1.7479973538345146e-23, nan 
-15.375, 54.375, 2.7045936674527503e-23, nan 
-15.125, 54.375, 3.181327895435567e-23, nan 
-14.875, 54.375, 1.6388437712569597e-23, nan 
-14.625, 54.375, 8.638058697428645e-24, nan 
-14.375, 54.375, 7.117364988029428e-24, nan 
-14.125, 54.375, 1.4410749595066338e-23, nan 
-13.875, 54.375, 1.8612678891674384e-23, nan 
-13.625, 54.375, 8.384446632738488e-24, nan 
-13.375, 54.375, 6.271733566581965e-24, nan 
-13.125, 54.375, 1.7015610294424649e-23, nan 
-12.875, 54.375, 2.800853777924353e-23, nan 
-12.625, 54.375, 1.7572026690344077e-23, nan 
-12.375, 54.375, 8.333665970762658e-24, nan 
-12.125, 54.375, 1.4000906083339934e-23, nan 
-11.875, 54.375, 2.3561652801266483e-23, nan 
-11.625, 54.375, 4.741313469561134e-23, nan 
-11.375, 54.375, 5.2802521420877463e-23, nan 
-11.125, 54.375, 5.901020148191338e-23, nan 
-10.875, 54.375, 7.406620582581344e-23, nan 
-10.625, 54.375, 2.6456236440480787e-23, nan 
-10.375, 54.375, 1.453266968046219e-22, nan 
-10.125, 54.375, 2.6411462830180907e-22, nan 
-9.875, 54.375, 1.0136197844936476e-22, nan 
-9.625, 54.375, 6.592587808341489e-23, nan 
-9.375, 54.375, 4.064371742322851e-23, nan 
-9.125, 54.375, 3.013546941067238e-23, nan 
-8.875, 54.375, 7.471992930662018e-23, nan 
-8.625, 54.375, 7.200521836362288e-23, nan 
-8.375, 54.375, 4.8340298833036154e-23, nan 
-8.125, 54.375, 1.9050464439750523e-23, nan 
-7.875, 54.375, 6.0597429611167616e-24, nan 
-7.625, 54.375, 1.478328748978437e-23, nan 
-7.375, 54.375, 1.4057116714466343e-23, nan 
-7.125, 54.375, 7.911635584216104e-24, nan 
-6.875, 54.375, 4.986524061733047e-24, nan 
-6.625, 54.375, 6.71479785631809e-24, nan 
-6.375, 54.375, 1.1353058690864238e-23, nan 
-6.125, 54.375, 1.517472473609377e-23, nan 
-5.875, 54.375, 1.295552245871289e-23, nan 
-5.625, 54.375, 1.1063613186412134e-23, nan 
-5.375, 54.375, 1.7955045305780747e-23, nan 
-5.125, 54.375, 1.242505048727922e-23, nan 
-4.875, 54.375, 7.52239292912042e-24, nan 
-4.625, 54.375, 1.1078777126437041e-23, nan 
-4.375, 54.375, 1.0446173400670707e-23, nan 
-4.125, 54.375, 7.663286177367663e-24, nan 
-3.875, 54.375, 7.689002749964837e-24, nan 
-3.625, 54.375, 9.675710472299727e-24, nan 
-3.375, 54.375, 1.3424816840555137e-23, nan 
-3.125, 54.375, 2.0450832912075583e-23, nan 
-2.875, 54.375, 2.177692046989563e-23, nan 
-2.625, 54.375, 8.093519455117614e-24, nan 
-2.375, 54.375, 7.215840640040355e-24, nan 
-2.125, 54.375, 1.1628572469755486e-23, nan 
-1.875, 54.375, 1.0196382548587114e-23, nan 
-1.625, 54.375, 1.4939645800826428e-23, nan 
-1.375, 54.375, 2.727978251168232e-23, nan 
-1.125, 54.375, 3.272920522838296e-23, nan 
-0.875, 54.375, 2.6575945422189035e-23, nan 
-0.625, 54.375, 2.4840383366329128e-23, nan 
-0.375, 54.375, 1.7337029668542958e-23, nan 
-0.125, 54.375, 1.9468901441385055e-23, nan 
0.125, 54.375, 1.738180193067291e-23, nan 
0.375, 54.375, 1.1816938743096469e-23, nan 
0.625, 54.375, 1.1960991296773082e-23, nan 
0.875, 54.375, 2.156168239313185e-23, nan 
1.125, 54.375, 2.4835374508560803e-23, nan 
1.375, 54.375, 9.439580474263995e-24, nan 
1.625, 54.375, 1.4494497059550444e-23, nan 
1.875, 54.375, 2.1892671651501138e-23, nan 
2.125, 54.375, 2.864974057113819e-23, nan 
2.375, 54.375, 2.2100936862727442e-23, nan 
2.625, 54.375, 2.0023274429479982e-23, nan 
2.875, 54.375, 1.3233624488125118e-23, nan 
3.125, 54.375, 9.531456937197435e-24, nan 
3.375, 54.375, 7.414505691426455e-24, nan 
3.625, 54.375, 1.0538833609795197e-23, nan 
3.875, 54.375, 9.901018994830973e-24, nan 
4.125, 54.375, 9.482751673682177e-24, nan 
4.375, 54.375, 1.334220144794886e-23, nan 
4.625, 54.375, 7.525272824002014e-24, nan 
4.875, 54.375, 1.0229893312075833e-23, nan 
5.125, 54.375, 1.0567976003774915e-23, nan 
5.375, 54.375, 1.0946298729572121e-23, nan 
5.625, 54.375, 8.446536501899267e-24, nan 
5.875, 54.375, 8.052409678265289e-24, nan 
6.125, 54.375, 6.652551707317087e-24, nan 
6.375, 54.375, 7.748875130487581e-24, nan 
6.625, 54.375, 8.273335624963449e-24, nan 
6.875, 54.375, 7.226093306047981e-24, nan 
7.125, 54.375, 7.746855844455099e-24, nan 
7.375, 54.375, 1.4961493558908663e-23, nan 
7.625, 54.375, 2.2677719086380577e-23, nan 
7.875, 54.375, 2.308025695799527e-23, nan 
8.125, 54.375, 1.514082129216727e-23, nan 
8.375, 54.375, 1.4337931285145924e-23, nan 
8.625, 54.375, 1.4121899446889183e-23, nan 
8.875, 54.375, 1.3170176441284157e-23, nan 
9.125, 54.375, 2.1462854077975305e-23, nan 
9.375, 54.375, 2.4573670441286322e-23, nan 
9.625, 54.375, 1.7451899564358273e-23, nan 
9.875, 54.375, 4.106444164741958e-23, nan 
10.125, 54.375, 3.92029420884323e-23, nan 
10.375, 54.375, 9.364773294201719e-24, nan 
10.625, 54.375, 8.877423730651572e-24, nan 
10.875, 54.375, 5.818642719240795e-24, nan 
-78.625, 54.625, 3.8022859767612586e-24, nan 
-78.375, 54.625, 3.9220016334178116e-24, nan 
-78.125, 54.625, 5.648861064681326e-24, nan 
-77.875, 54.625, 3.9275710499103e-24, nan 
-77.625, 54.625, 4.2493359770068016e-24, nan 
-77.375, 54.625, 5.66039959713962e-24, nan 
-77.125, 54.625, 4.4422724631672066e-24, nan 
-76.875, 54.625, 3.576640229381425e-24, nan 
-76.625, 54.625, 3.534421044300354e-24, nan 
-76.375, 54.625, 1.6263060410645984e-23, nan 
-76.125, 54.625, 4.324474211607756e-23, nan 
-75.875, 54.625, 2.661063194637322e-22, nan 
-75.625, 54.625, 2.981859190694728e-22, nan 
-75.375, 54.625, 1.9226093000600844e-22, nan 
-75.125, 54.625, 2.6016729939995358e-22, nan 
-74.875, 54.625, 2.1849759671854396e-22, nan 
-74.625, 54.625, 2.5646069053502774e-23, nan 
-74.375, 54.625, 2.5436581153484715e-23, nan 
-74.125, 54.625, 2.5003334687258844e-23, nan 
-73.875, 54.625, 6.66013801494844e-24, nan 
-73.625, 54.625, 4.399026429910411e-24, nan 
-73.375, 54.625, 2.75344554456802e-24, nan 
-73.125, 54.625, 3.087411344476365e-24, nan 
-72.875, 54.625, 1.6378870459285459e-24, nan 
-72.625, 54.625, 7.595486475073123e-24, nan 
-72.375, 54.625, 1.0569783833292264e-23, nan 
-72.125, 54.625, 7.186325354847069e-24, nan 
-71.875, 54.625, 4.0509977990514466e-24, nan 
-71.625, 54.625, 3.3972624615317065e-24, nan 
-71.375, 54.625, 3.045098889251346e-24, nan 
-71.125, 54.625, 3.995964506735811e-24, nan 
-70.875, 54.625, 3.703593174115494e-24, nan 
-70.625, 54.625, 3.5177664979502546e-24, nan 
-70.375, 54.625, 3.9908332160141056e-24, nan 
-70.125, 54.625, 3.031014327244279e-24, nan 
-69.875, 54.625, 6.203116605772324e-24, nan 
-69.625, 54.625, 7.50794640287458e-24, nan 
-69.375, 54.625, 7.946125819142616e-24, nan 
-69.125, 54.625, 6.929843808577747e-24, nan 
-68.875, 54.625, 7.260072885441344e-24, nan 
-68.625, 54.625, 7.90320471037806e-24, nan 
-68.375, 54.625, 7.918062524014483e-24, nan 
-68.125, 54.625, 9.309648530157727e-24, nan 
-67.875, 54.625, 9.440984362867969e-24, nan 
-67.625, 54.625, 1.0573374692085264e-23, nan 
-67.375, 54.625, 9.005170754308983e-24, nan 
-67.125, 54.625, 7.677571388718079e-24, nan 
-66.875, 54.625, 1.1296550356111218e-23, nan 
-66.625, 54.625, 1.2651413109653423e-23, nan 
-66.375, 54.625, 1.0107669741604323e-23, nan 
-66.125, 54.625, 7.91775223259533e-24, nan 
-65.875, 54.625, 6.34286556812657e-24, nan 
-65.625, 54.625, 5.4643529827239715e-24, nan 
-65.375, 54.625, 4.451147966517925e-24, nan 
-65.125, 54.625, 1.0961697796176731e-23, nan 
-64.875, 54.625, 1.3073925469343446e-23, nan 
-64.625, 54.625, 8.979412504200934e-24, nan 
-64.375, 54.625, 7.587994071042218e-24, nan 
-64.125, 54.625, 1.6402013417733642e-23, nan 
-63.875, 54.625, 1.5225587853654002e-23, nan 
-63.625, 54.625, 9.769273059663889e-24, nan 
-63.375, 54.625, 1.2047812347747856e-23, nan 
-63.125, 54.625, 1.2288472009779355e-23, nan 
-62.875, 54.625, 6.695349309241155e-24, nan 
-62.625, 54.625, 6.065237276256132e-24, nan 
-62.375, 54.625, 6.0219021101594234e-24, nan 
-62.125, 54.625, 5.319194455212854e-24, nan 
-61.875, 54.625, 7.72609295859439e-24, nan 
-61.625, 54.625, 8.785806527052378e-24, nan 
-61.375, 54.625, 1.576768652575774e-23, nan 
-61.125, 54.625, 1.5905342228926252e-23, nan 
-60.875, 54.625, 2.3078551475419617e-23, nan 
-60.625, 54.625, 2.4011393602002368e-23, nan 
-60.375, 54.625, 1.6262441849956086e-23, nan 
-60.125, 54.625, 1.6101158651017134e-23, nan 
-59.875, 54.625, 2.060198826820029e-23, nan 
-59.625, 54.625, 2.2862088027621936e-23, nan 
-59.375, 54.625, 2.3434444408138328e-23, nan 
-59.125, 54.625, 1.7259491565197147e-23, nan 
-58.875, 54.625, 2.015595847096831e-23, nan 
-58.625, 54.625, 2.3574180759936788e-23, nan 
-58.375, 54.625, 2.0667028114696208e-23, nan 
-58.125, 54.625, 1.5454225181042616e-23, nan 
-57.875, 54.625, 1.2944314074662086e-23, nan 
-57.625, 54.625, 1.3957583380072926e-23, nan 
-57.375, 54.625, 1.5347462965486066e-23, nan 
-57.125, 54.625, 2.136139584425384e-23, nan 
-56.875, 54.625, 2.6516994255501345e-23, nan 
-56.625, 54.625, 2.7032156563411956e-23, nan 
-56.375, 54.625, 1.728028277866663e-23, nan 
-56.125, 54.625, 8.809093076096056e-24, nan 
-55.875, 54.625, 7.692159256536096e-24, nan 
-55.625, 54.625, 1.4345736595989527e-23, nan 
-55.375, 54.625, 1.8045942655516288e-23, nan 
-55.125, 54.625, 1.8741911128631812e-23, nan 
-54.875, 54.625, 1.7420343270983445e-23, nan 
-54.625, 54.625, 1.6372281936522808e-23, nan 
-54.375, 54.625, 2.1693788200835896e-23, nan 
-54.125, 54.625, 2.1306165757854638e-23, nan 
-53.875, 54.625, 1.4779850273729854e-23, nan 
-53.625, 54.625, 1.1167769326507167e-23, nan 
-53.375, 54.625, 1.0981896115537919e-23, nan 
-53.125, 54.625, 1.190348349934258e-23, nan 
-52.875, 54.625, 9.55421084125718e-24, nan 
-52.625, 54.625, 5.561807445751331e-24, nan 
-52.375, 54.625, 4.0242963752945155e-24, nan 
-52.125, 54.625, 7.188443598059086e-24, nan 
-51.875, 54.625, 8.546698685100426e-24, nan 
-51.625, 54.625, 6.752556771615574e-24, nan 
-51.375, 54.625, 1.5015357549981854e-23, nan 
-51.125, 54.625, 1.7015420170882023e-23, nan 
-50.875, 54.625, 6.68739369674998e-24, nan 
-50.625, 54.625, 1.0999786627529907e-23, nan 
-50.375, 54.625, 1.3985837697789283e-23, nan 
-50.125, 54.625, 1.4861474093195187e-23, nan 
-49.875, 54.625, 9.89086321354369e-24, nan 
-49.625, 54.625, 8.709789233106537e-24, nan 
-49.375, 54.625, 1.391252255341854e-23, nan 
-49.125, 54.625, 1.4552787776261874e-23, nan 
-48.875, 54.625, 2.871227187558629e-23, nan 
-48.625, 54.625, 3.8046429867462005e-23, nan 
-48.375, 54.625, 2.2109766392672383e-23, nan 
-48.125, 54.625, 6.185974590208276e-24, nan 
-47.875, 54.625, 1.1260299924499901e-23, nan 
-47.625, 54.625, 1.6172821987618513e-23, nan 
-47.375, 54.625, 1.3995610615380621e-23, nan 
-47.125, 54.625, 1.4502569786081635e-23, nan 
-46.875, 54.625, 1.449474542912965e-23, nan 
-46.625, 54.625, 1.3695996271450085e-23, nan 
-46.375, 54.625, 1.1170480658219081e-23, nan 
-46.125, 54.625, 1.1661861323737519e-23, nan 
-45.875, 54.625, 1.2881471161111655e-23, nan 
-45.625, 54.625, 1.306473852084523e-23, nan 
-45.375, 54.625, 1.2523559532158197e-23, nan 
-45.125, 54.625, 5.883638426661132e-24, nan 
-44.875, 54.625, 4.994083691423493e-24, nan 
-44.625, 54.625, 7.433155419368147e-24, nan 
-44.375, 54.625, 1.1704521226767745e-23, nan 
-44.125, 54.625, 1.1348918260711918e-23, nan 
-43.875, 54.625, 1.0572109866533358e-23, nan 
-43.625, 54.625, 6.413651566930404e-24, nan 
-43.375, 54.625, 8.250997652044737e-24, nan 
-43.125, 54.625, 1.0271020800139762e-23, nan 
-42.875, 54.625, 1.0954331958246622e-23, nan 
-42.625, 54.625, 1.0745465100662317e-23, nan 
-42.375, 54.625, 8.968245105519075e-24, nan 
-42.125, 54.625, 8.926270786837454e-24, nan 
-41.875, 54.625, 1.337468776170899e-23, nan 
-41.625, 54.625, 1.4744902948461775e-23, nan 
-41.375, 54.625, 1.2291858306414664e-23, nan 
-41.125, 54.625, 5.7775658085419975e-24, nan 
-40.875, 54.625, 1.5895747054521368e-23, nan 
-40.625, 54.625, 1.7458345005799512e-23, nan 
-40.375, 54.625, 1.1859357842975702e-23, nan 
-40.125, 54.625, 1.2591295936827316e-23, nan 
-39.875, 54.625, 6.068067085227637e-24, nan 
-39.625, 54.625, 1.3576062460604658e-23, nan 
-39.375, 54.625, 1.9664216017459806e-23, nan 
-39.125, 54.625, 3.019048677404194e-23, nan 
-38.875, 54.625, 1.3533373562899662e-23, nan 
-38.625, 54.625, 6.3349430907914884e-24, nan 
-38.375, 54.625, 6.038887703208675e-24, nan 
-38.125, 54.625, 1.0308703970517915e-23, nan 
-37.875, 54.625, 9.79216542944983e-24, nan 
-37.625, 54.625, 1.818258629258548e-24, nan 
-37.375, 54.625, 8.786998282535135e-24, nan 
-37.125, 54.625, 1.0476411091098814e-23, nan 
-36.875, 54.625, 1.408125513422086e-23, nan 
-36.625, 54.625, 1.2827475937253891e-23, nan 
-36.375, 54.625, 1.5785981585896553e-23, nan 
-36.125, 54.625, 1.8026823759262473e-23, nan 
-35.875, 54.625, 1.5820767710284233e-23, nan 
-35.625, 54.625, 1.6117391674236234e-23, nan 
-35.375, 54.625, 2.0121732145026354e-23, nan 
-35.125, 54.625, 1.9604980145154133e-23, nan 
-34.875, 54.625, 1.7569840850882334e-23, nan 
-34.625, 54.625, 1.9136722014029997e-23, nan 
-34.375, 54.625, 1.3067093748565066e-23, nan 
-34.125, 54.625, 1.3980668201311766e-23, nan 
-33.875, 54.625, 1.1329588857576757e-23, nan 
-33.625, 54.625, 1.2976075862853233e-23, nan 
-33.375, 54.625, 9.651686707142327e-24, nan 
-33.125, 54.625, 1.1014595760426487e-23, nan 
-32.875, 54.625, 9.918336469564744e-24, nan 
-32.625, 54.625, 8.043177253500925e-24, nan 
-32.375, 54.625, 7.668216019191126e-24, nan 
-32.125, 54.625, 1.0168059957371526e-23, nan 
-31.875, 54.625, 8.08240888140707e-24, nan 
-31.625, 54.625, 2.686712159757459e-23, nan 
-31.375, 54.625, 2.8156042246925936e-23, nan 
-31.125, 54.625, 1.1388111517290423e-23, nan 
-30.875, 54.625, 1.4612269284957638e-23, nan 
-30.625, 54.625, 9.658409243794417e-24, nan 
-30.375, 54.625, 6.2208375445092934e-24, nan 
-30.125, 54.625, 9.131773923326587e-24, nan 
-29.875, 54.625, 1.9052832995772973e-23, nan 
-29.625, 54.625, 2.2342460258081684e-23, nan 
-29.375, 54.625, 2.1896383115715877e-23, nan 
-29.125, 54.625, 2.3566394130306585e-23, nan 
-28.875, 54.625, 4.332330799053314e-23, nan 
-28.625, 54.625, 3.899582971136861e-23, nan 
-28.375, 54.625, 1.217030004236366e-23, nan 
-28.125, 54.625, 1.4813026871598103e-23, nan 
-27.875, 54.625, 1.1051022414379477e-23, nan 
-27.625, 54.625, 9.347379617947661e-24, nan 
-27.375, 54.625, 9.235264695464368e-24, nan 
-27.125, 54.625, 1.771390907474739e-23, nan 
-26.875, 54.625, 1.671298980765692e-23, nan 
-26.625, 54.625, 6.93597404616377e-24, nan 
-26.375, 54.625, 8.44252373688016e-24, nan 
-26.125, 54.625, 9.706285907198155e-24, nan 
-25.875, 54.625, 1.0858168039120023e-23, nan 
-25.625, 54.625, 7.465622488920136e-24, nan 
-25.375, 54.625, 1.6056896266546553e-23, nan 
-25.125, 54.625, 1.894021270530007e-23, nan 
-24.875, 54.625, 1.8359030784889845e-23, nan 
-24.625, 54.625, 1.2805943900245786e-23, nan 
-24.375, 54.625, 1.1569477127911374e-23, nan 
-24.125, 54.625, 1.445918875121845e-23, nan 
-23.875, 54.625, 1.305632883253153e-23, nan 
-23.625, 54.625, 1.7662839313149406e-23, nan 
-23.375, 54.625, 3.279120132986645e-23, nan 
-23.125, 54.625, 2.934545520208613e-23, nan 
-22.875, 54.625, 2.5608935488709454e-23, nan 
-22.625, 54.625, 1.791499943926408e-23, nan 
-22.375, 54.625, 1.4645971964571876e-23, nan 
-22.125, 54.625, 1.329568108216482e-23, nan 
-21.875, 54.625, 2.721949082595784e-23, nan 
-21.625, 54.625, 2.6906798322922835e-23, nan 
-21.375, 54.625, 2.22423962956952e-23, nan 
-21.125, 54.625, 1.779300909382218e-23, nan 
-20.875, 54.625, 1.0820222932564162e-23, nan 
-20.625, 54.625, 2.058046989528922e-23, nan 
-20.375, 54.625, 1.8077046567663578e-23, nan 
-20.125, 54.625, 9.706985601781071e-24, nan 
-19.875, 54.625, 3.049510295426936e-23, nan 
-19.625, 54.625, 3.329217828672721e-23, nan 
-19.375, 54.625, 2.4551069135086116e-23, nan 
-19.125, 54.625, 1.0951571256783745e-23, nan 
-18.875, 54.625, 2.5899816818104055e-23, nan 
-18.625, 54.625, 4.873388576944513e-23, nan 
-18.375, 54.625, 5.881169891256541e-23, nan 
-18.125, 54.625, 6.083445057615237e-23, nan 
-17.875, 54.625, 8.611667634914415e-23, nan 
-17.625, 54.625, 9.53296026238542e-23, nan 
-17.375, 54.625, 6.345186239797694e-23, nan 
-17.125, 54.625, 5.008481864327284e-23, nan 
-16.875, 54.625, 4.2037519186712854e-23, nan 
-16.625, 54.625, 5.852750667143821e-23, nan 
-16.375, 54.625, 3.717864168337764e-23, nan 
-16.125, 54.625, 1.759678399208116e-23, nan 
-15.875, 54.625, 2.5183241247808103e-23, nan 
-15.625, 54.625, 2.276532129083453e-23, nan 
-15.375, 54.625, 1.977649855574628e-23, nan 
-15.125, 54.625, 1.0303356825567454e-23, nan 
-14.875, 54.625, 7.837066851892855e-24, nan 
-14.625, 54.625, 1.0402025734617134e-23, nan 
-14.375, 54.625, 1.945130543754498e-23, nan 
-14.125, 54.625, 1.55525098288967e-23, nan 
-13.875, 54.625, 1.0162058401647178e-23, nan 
-13.625, 54.625, 1.1561514753480596e-23, nan 
-13.375, 54.625, 1.0025553607688809e-23, nan 
-13.125, 54.625, 8.076528562782477e-24, nan 
-12.875, 54.625, 1.883837951793575e-23, nan 
-12.625, 54.625, 2.1011797894018884e-23, nan 
-12.375, 54.625, 3.0083349637239775e-23, nan 
-12.125, 54.625, 5.719202261268121e-23, nan 
-11.875, 54.625, 5.997720464978768e-23, nan 
-11.625, 54.625, 3.5111424553977894e-23, nan 
-11.375, 54.625, 4.6093670979190833e-23, nan 
-11.125, 54.625, 9.186931303919085e-23, nan 
-10.875, 54.625, 1.8041648528109898e-22, nan 
-10.625, 54.625, 3.1482146167659866e-22, nan 
-10.375, 54.625, 3.9885768645145205e-22, nan 
-10.125, 54.625, 4.827653091608313e-22, nan 
-9.875, 54.625, 3.61318949035286e-22, nan 
-9.625, 54.625, 1.1909263086475666e-22, nan 
-9.375, 54.625, 5.826466254853e-23, nan 
-9.125, 54.625, 1.4757870225755851e-22, nan 
-8.875, 54.625, 1.7637852087689705e-22, nan 
-8.625, 54.625, 8.955317236173619e-23, nan 
-8.375, 54.625, 3.029952862998656e-23, nan 
-8.125, 54.625, 3.904964446895882e-23, nan 
-7.875, 54.625, 3.0085736391075576e-23, nan 
-7.625, 54.625, 2.180095440042938e-23, nan 
-7.375, 54.625, 7.338058379290315e-24, nan 
-7.125, 54.625, 9.83247683159892e-24, nan 
-6.875, 54.625, 9.984131372222509e-24, nan 
-6.625, 54.625, 1.213202085624104e-23, nan 
-6.375, 54.625, 9.497822392057226e-24, nan 
-6.125, 54.625, 5.719565521280182e-24, nan 
-5.875, 54.625, 7.916998941293057e-24, nan 
-5.625, 54.625, 6.976274004683324e-24, nan 
-5.375, 54.625, 1.0791522987491776e-23, nan 
-5.125, 54.625, 9.228181943130569e-24, nan 
-4.875, 54.625, 5.76836638356358e-24, nan 
-4.625, 54.625, 8.078781290085045e-24, nan 
-4.375, 54.625, 6.511186050396136e-24, nan 
-4.125, 54.625, 5.219554182355041e-24, nan 
-3.875, 54.625, 9.2603022064351e-24, nan 
-3.625, 54.625, 1.0676371498664081e-23, nan 
-3.375, 54.625, 1.3074491072203393e-23, nan 
-3.125, 54.625, 2.657344636711654e-23, nan 
-2.875, 54.625, 2.5596104590310415e-23, nan 
-2.625, 54.625, 1.7858677223421193e-23, nan 
-2.375, 54.625, 1.5722832879741645e-23, nan 
-2.125, 54.625, 1.3617246138386408e-23, nan 
-1.875, 54.625, 1.223178850082772e-23, nan 
-1.625, 54.625, 1.5020622177093018e-23, nan 
-1.375, 54.625, 2.0036690452759242e-23, nan 
-1.125, 54.625, 3.2876479078723944e-23, nan 
-0.875, 54.625, 2.904506970038361e-23, nan 
-0.625, 54.625, 2.3029337455706824e-23, nan 
-0.375, 54.625, 1.5143024882515422e-23, nan 
-0.125, 54.625, 1.3723522618771888e-23, nan 
0.125, 54.625, 7.051057754788314e-24, nan 
0.375, 54.625, 8.540276089034403e-24, nan 
0.625, 54.625, 8.201852768535236e-24, nan 
0.875, 54.625, 9.092501417610158e-24, nan 
1.125, 54.625, 1.7071992116494808e-23, nan 
1.375, 54.625, 1.3337470201315588e-23, nan 
1.625, 54.625, 1.0312812418674616e-23, nan 
1.875, 54.625, 1.805445112290426e-23, nan 
2.125, 54.625, 2.1584199725984412e-23, nan 
2.375, 54.625, 1.45349927836169e-23, nan 
2.625, 54.625, 1.3825904139844088e-23, nan 
2.875, 54.625, 1.6264743254684374e-23, nan 
3.125, 54.625, 1.0475897027652624e-23, nan 
3.375, 54.625, 1.1691473480798646e-23, nan 
3.625, 54.625, 1.0930866113809815e-23, nan 
3.875, 54.625, 7.813495560486797e-24, nan 
4.125, 54.625, 3.465390756911275e-24, nan 
4.375, 54.625, 1.6621453937257716e-24, nan 
4.625, 54.625, 6.565944365444669e-24, nan 
4.875, 54.625, 5.995994087181536e-24, nan 
5.125, 54.625, 6.6109147050427765e-24, nan 
5.375, 54.625, 6.2036937514611176e-24, nan 
5.625, 54.625, 8.55186626399763e-24, nan 
5.875, 54.625, 8.270469980684015e-24, nan 
6.125, 54.625, 6.1051466577889945e-24, nan 
6.375, 54.625, 1.0423326780179513e-23, nan 
6.625, 54.625, 1.1555978343864758e-23, nan 
6.875, 54.625, 1.2188721951891292e-23, nan 
7.125, 54.625, 1.310895681213353e-23, nan 
7.375, 54.625, 1.1568708110733824e-23, nan 
7.625, 54.625, 1.5567641536682495e-23, nan 
7.875, 54.625, 1.6446019090173804e-23, nan 
8.125, 54.625, 3.709926446674202e-24, nan 
8.375, 54.625, 1.6543920714963476e-23, nan 
8.625, 54.625, 1.2655139794246699e-23, nan 
8.875, 54.625, 8.165623457079577e-24, nan 
9.125, 54.625, 1.462656537888052e-23, nan 
9.375, 54.625, 1.4854224935432843e-23, nan 
9.625, 54.625, 1.8527533925573456e-23, nan 
9.875, 54.625, 2.6244201182863436e-23, nan 
10.125, 54.625, 7.15938236082113e-24, nan 
10.375, 54.625, 1.5706983692630213e-23, nan 
10.625, 54.625, 1.5119630538277442e-23, nan 
10.875, 54.625, 8.014247175010787e-24, nan 
11.125, 54.625, 9.576177228655384e-24, nan 
11.375, 54.625, 1.9337267447347185e-23, nan 
11.625, 54.625, 2.1689443672306937e-23, nan 
11.875, 54.625, 7.943697388519428e-24, nan 
-79.875, 54.875, 3.7302964337505026e-24, nan 
-79.625, 54.875, 4.153769466231107e-24, nan 
-79.375, 54.875, 3.2376756831233103e-24, nan 
-79.125, 54.875, 3.334217895940065e-24, nan 
-78.875, 54.875, 3.516610036694702e-24, nan 
-78.625, 54.875, 3.579043567300401e-24, nan 
-78.375, 54.875, 3.682556879826437e-24, nan 
-78.125, 54.875, 1.0441847999478996e-23, nan 
-77.875, 54.875, 1.0326731885879452e-23, nan 
-77.625, 54.875, 5.080472140826912e-24, nan 
-77.375, 54.875, 7.075680448225906e-24, nan 
-77.125, 54.875, 5.8006757507877894e-24, nan 
-76.875, 54.875, 3.3479046784937926e-24, nan 
-76.625, 54.875, 2.384863680759455e-24, nan 
-76.375, 54.875, 8.045884323939664e-24, nan 
-76.125, 54.875, 8.358623084860965e-23, nan 
-75.875, 54.875, 3.4719603486313945e-22, nan 
-75.625, 54.875, 3.7699308360429165e-22, nan 
-75.375, 54.875, 1.6580004915210079e-22, nan 
-75.125, 54.875, 3.3515206607334283e-22, nan 
-74.875, 54.875, 2.8457527331007263e-22, nan 
-74.625, 54.875, 1.8233995027955268e-23, nan 
-74.375, 54.875, 2.0031440586036465e-23, nan 
-74.125, 54.875, 1.2126386543267939e-23, nan 
-73.875, 54.875, 9.97732694674607e-24, nan 
-73.625, 54.875, 5.218262391316986e-24, nan 
-73.375, 54.875, 1.3860692234417605e-24, nan 
-73.125, 54.875, 3.056111225289134e-24, nan 
-72.875, 54.875, 3.2661458124598865e-24, nan 
-72.625, 54.875, 1.0269036461545766e-23, nan 
-72.375, 54.875, 1.0390132312368007e-23, nan 
-72.125, 54.875, 4.411300863178369e-24, nan 
-71.875, 54.875, 3.4718773548617e-24, nan 
-71.625, 54.875, 3.3289946917530815e-24, nan 
-71.375, 54.875, 3.2502793876045874e-24, nan 
-71.125, 54.875, 4.184869996715683e-24, nan 
-70.875, 54.875, 4.686696832894401e-24, nan 
-70.625, 54.875, 4.5433107351518904e-24, nan 
-70.375, 54.875, 5.388614826173207e-24, nan 
-70.125, 54.875, 5.7588542244313995e-24, nan 
-69.875, 54.875, 7.065573112381592e-24, nan 
-69.625, 54.875, 7.150226062588454e-24, nan 
-69.375, 54.875, 7.717285316035858e-24, nan 
-69.125, 54.875, 8.628694756127636e-24, nan 
-68.875, 54.875, 8.307437271077488e-24, nan 
-68.625, 54.875, 8.047579667657161e-24, nan 
-68.375, 54.875, 9.821571145407825e-24, nan 
-68.125, 54.875, 9.018836084702923e-24, nan 
-67.875, 54.875, 9.347171059398841e-24, nan 
-67.625, 54.875, 1.0325525949147028e-23, nan 
-67.375, 54.875, 9.158584681084462e-24, nan 
-67.125, 54.875, 7.650259471742681e-24, nan 
-66.875, 54.875, 7.305386785192759e-24, nan 
-66.625, 54.875, 7.796674893596755e-24, nan 
-66.375, 54.875, 6.297301280953888e-24, nan 
-66.125, 54.875, 6.017844897259107e-24, nan 
-65.875, 54.875, 5.752075419511159e-24, nan 
-65.625, 54.875, 5.116494451013644e-24, nan 
-65.375, 54.875, 7.25171437630478e-24, nan 
-65.125, 54.875, 8.372043336355569e-24, nan 
-64.875, 54.875, 1.0056677403040668e-23, nan 
-64.625, 54.875, 7.741979440788035e-24, nan 
-64.375, 54.875, 1.6091042251983864e-23, nan 
-64.125, 54.875, 1.779012572407282e-23, nan 
-63.875, 54.875, 8.12723172109383e-24, nan 
-63.625, 54.875, 6.592777455674387e-24, nan 
-63.375, 54.875, 9.220250606654634e-24, nan 
-63.125, 54.875, 7.106290010275773e-24, nan 
-62.875, 54.875, 3.7058852660577906e-24, nan 
-62.625, 54.875, 6.2302697385464355e-24, nan 
-62.375, 54.875, 7.22625599207813e-24, nan 
-62.125, 54.875, 7.430658310184723e-24, nan 
-61.875, 54.875, 8.614780595766506e-24, nan 
-61.625, 54.875, 9.833915510033188e-24, nan 
-61.375, 54.875, 1.262378664186729e-23, nan 
-61.125, 54.875, 1.4057214417655735e-23, nan 
-60.875, 54.875, 1.445142886457751e-23, nan 
-60.625, 54.875, 1.1588822609149154e-23, nan 
-60.375, 54.875, 9.423417085729117e-24, nan 
-60.125, 54.875, 1.161512751867745e-23, nan 
-59.875, 54.875, 1.884572052245701e-23, nan 
-59.625, 54.875, 2.087078425666573e-23, nan 
-59.375, 54.875, 2.674747859121979e-23, nan 
-59.125, 54.875, 2.4579182234290403e-23, nan 
-58.875, 54.875, 2.717324941013581e-23, nan 
-58.625, 54.875, 2.744107653846377e-23, nan 
-58.375, 54.875, 2.3812707693579424e-23, nan 
-58.125, 54.875, 2.606369569161808e-23, nan 
-57.875, 54.875, 1.9053053204633294e-23, nan 
-57.625, 54.875, 1.8047689941599284e-23, nan 
-57.375, 54.875, 1.9027052061609378e-23, nan 
-57.125, 54.875, 2.280133261035839e-23, nan 
-56.875, 54.875, 2.5326386253896194e-23, nan 
-56.625, 54.875, 2.0718101653966078e-23, nan 
-56.375, 54.875, 1.0290686175053074e-23, nan 
-56.125, 54.875, 7.833392918317606e-24, nan 
-55.875, 54.875, 2.4492281801809908e-23, nan 
-55.625, 54.875, 2.370145414224239e-23, nan 
-55.375, 54.875, 1.7912735777777743e-23, nan 
-55.125, 54.875, 1.6451548094143828e-23, nan 
-54.875, 54.875, 1.4871083953233048e-23, nan 
-54.625, 54.875, 1.9197413219201928e-23, nan 
-54.375, 54.875, 1.7208546186345824e-23, nan 
-54.125, 54.875, 2.118893536771439e-23, nan 
-53.875, 54.875, 1.7972610341147686e-23, nan 
-53.625, 54.875, 1.4787573739103788e-23, nan 
-53.375, 54.875, 1.4302652044484376e-23, nan 
-53.125, 54.875, 1.1806881641147589e-23, nan 
-52.875, 54.875, 8.830481853777608e-24, nan 
-52.625, 54.875, 9.418006846406611e-24, nan 
-52.375, 54.875, 1.2605619812239635e-23, nan 
-52.125, 54.875, 1.471225902560238e-23, nan 
-51.875, 54.875, 1.124027257015941e-23, nan 
-51.625, 54.875, 2.186290058555351e-23, nan 
-51.375, 54.875, 2.7588873674634415e-23, nan 
-51.125, 54.875, 2.475321670723993e-23, nan 
-50.875, 54.875, 1.858840705498571e-23, nan 
-50.625, 54.875, 1.3670989793270594e-23, nan 
-50.375, 54.875, 1.2866025620988217e-23, nan 
-50.125, 54.875, 8.920649360038599e-24, nan 
-49.875, 54.875, 8.105091776668163e-24, nan 
-49.625, 54.875, 1.6073709540619538e-23, nan 
-49.375, 54.875, 1.7262774676320647e-23, nan 
-49.125, 54.875, 1.2516950655706861e-23, nan 
-48.875, 54.875, 1.2616272112515846e-23, nan 
-48.625, 54.875, 6.846604241413455e-24, nan 
-48.375, 54.875, 1.2459973126223254e-23, nan 
-48.125, 54.875, 1.0050097865332457e-23, nan 
-47.875, 54.875, 7.13336866037771e-24, nan 
-47.625, 54.875, 1.426072943680907e-23, nan 
-47.375, 54.875, 1.3786022153429758e-23, nan 
-47.125, 54.875, 1.500315566211216e-23, nan 
-46.875, 54.875, 1.4059515392716675e-23, nan 
-46.625, 54.875, 9.723735635165802e-24, nan 
-46.375, 54.875, 6.1342388814152464e-24, nan 
-46.125, 54.875, 1.079718478084842e-23, nan 
-45.875, 54.875, 1.0258395709847953e-23, nan 
-45.625, 54.875, 1.0884987248327166e-23, nan 
-45.375, 54.875, 8.927342701246975e-24, nan 
-45.125, 54.875, 8.363613389438862e-24, nan 
-44.875, 54.875, 1.2290435749954261e-23, nan 
-44.625, 54.875, 1.4219936988155807e-23, nan 
-44.375, 54.875, 1.531114776056261e-23, nan 
-44.125, 54.875, 1.0751625019838803e-23, nan 
-43.875, 54.875, 7.819199069353067e-24, nan 
-43.625, 54.875, 5.703708918211604e-24, nan 
-43.375, 54.875, 7.866001884512875e-24, nan 
-43.125, 54.875, 6.226938451008822e-24, nan 
-42.875, 54.875, 1.0633808111738257e-23, nan 
-42.625, 54.875, 1.1236595573002506e-23, nan 
-42.375, 54.875, 1.2793959391167516e-23, nan 
-42.125, 54.875, 1.2613882707977256e-23, nan 
-41.875, 54.875, 1.1855688541158709e-23, nan 
-41.625, 54.875, 8.74810837028483e-24, nan 
-41.375, 54.875, 7.863792728903646e-24, nan 
-41.125, 54.875, 1.1911601372139615e-23, nan 
-40.875, 54.875, 1.1328260294269089e-23, nan 
-40.625, 54.875, 7.86934988517278e-24, nan 
-40.375, 54.875, 9.5716301509586e-24, nan 
-40.125, 54.875, 1.0051784868224732e-23, nan 
-39.875, 54.875, 1.2597238275130072e-23, nan 
-39.625, 54.875, 1.583900873237521e-23, nan 
-39.375, 54.875, 1.4879903406752043e-23, nan 
-39.125, 54.875, 1.324883946961418e-23, nan 
-38.875, 54.875, 1.4307595970748803e-23, nan 
-38.625, 54.875, 1.1618148789299624e-23, nan 
-38.375, 54.875, 8.39423768640232e-24, nan 
-38.125, 54.875, 1.6472895833962086e-23, nan 
-37.875, 54.875, 2.0296025906605983e-23, nan 
-37.625, 54.875, 2.0296276574650854e-23, nan 
-37.375, 54.875, 1.6461080456761423e-23, nan 
-37.125, 54.875, 9.761042546864922e-24, nan 
-36.875, 54.875, 8.644672559001371e-24, nan 
-36.625, 54.875, 1.49661545256124e-23, nan 
-36.375, 54.875, 1.8013878743967115e-23, nan 
-36.125, 54.875, 1.3367406219027678e-23, nan 
-35.875, 54.875, 1.0106683620570761e-23, nan 
-35.625, 54.875, 1.523221135148091e-23, nan 
-35.375, 54.875, 1.5314227544785732e-23, nan 
-35.125, 54.875, 1.7169804198801377e-23, nan 
-34.875, 54.875, 2.4004248932925404e-23, nan 
-34.625, 54.875, 2.4602122691586986e-23, nan 
-34.375, 54.875, 2.070250188576745e-23, nan 
-34.125, 54.875, 2.0803795832588155e-23, nan 
-33.875, 54.875, 1.138275476234278e-23, nan 
-33.625, 54.875, 1.9689182195484846e-23, nan 
-33.375, 54.875, 1.695499763075846e-23, nan 
-33.125, 54.875, 1.3134215039269955e-23, nan 
-32.875, 54.875, 1.4254219991239827e-23, nan 
-32.625, 54.875, 1.1175402258793504e-23, nan 
-32.375, 54.875, 1.3073854755003014e-23, nan 
-32.125, 54.875, 1.5393343219334998e-23, nan 
-31.875, 54.875, 1.71950240868077e-23, nan 
-31.625, 54.875, 4.018165181262311e-23, nan 
-31.375, 54.875, 3.7867842975204977e-23, nan 
-31.125, 54.875, 1.635672021024603e-23, nan 
-30.875, 54.875, 1.6976190454091947e-23, nan 
-30.625, 54.875, 1.1728324742542883e-23, nan 
-30.375, 54.875, 8.637815882162993e-24, nan 
-30.125, 54.875, 7.905020450281432e-24, nan 
-29.875, 54.875, 1.4965383377191364e-23, nan 
-29.625, 54.875, 1.6792206558582916e-23, nan 
-29.375, 54.875, 1.64819866187954e-23, nan 
-29.125, 54.875, 2.0313770350636282e-23, nan 
-28.875, 54.875, 2.2285603958730424e-23, nan 
-28.625, 54.875, 1.2935926897614033e-23, nan 
-28.375, 54.875, 1.423557354558767e-23, nan 
-28.125, 54.875, 1.3149473481581696e-23, nan 
-27.875, 54.875, 8.390123638434778e-24, nan 
-27.625, 54.875, 8.650995184780982e-24, nan 
-27.375, 54.875, 2.4989733347713509e-23, nan 
-27.125, 54.875, 2.5234458315741292e-23, nan 
-26.875, 54.875, 7.645854050565315e-24, nan 
-26.625, 54.875, 1.313515659632404e-23, nan 
-26.375, 54.875, 1.4957946778909958e-23, nan 
-26.125, 54.875, 1.371815462637765e-23, nan 
-25.875, 54.875, 1.0419369740980597e-23, nan 
-25.625, 54.875, 8.577977226987532e-24, nan 
-25.375, 54.875, 1.15306577397664e-23, nan 
-25.125, 54.875, 2.1810544199269565e-23, nan 
-24.875, 54.875, 2.0837722290144685e-23, nan 
-24.625, 54.875, 7.231687728670846e-24, nan 
-24.375, 54.875, 1.084889233800912e-23, nan 
-24.125, 54.875, 1.52013951002577e-23, nan 
-23.875, 54.875, 1.4160450532571983e-23, nan 
-23.625, 54.875, 2.2199063160917974e-23, nan 
-23.375, 54.875, 3.140141098371815e-23, nan 
-23.125, 54.875, 3.28805920432766e-23, nan 
-22.875, 54.875, 4.654285367943583e-23, nan 
-22.625, 54.875, 2.3186007254532103e-23, nan 
-22.375, 54.875, 1.797116798441103e-23, nan 
-22.125, 54.875, 2.7788687804964306e-23, nan 
-21.875, 54.875, 4.07323333099743e-23, nan 
-21.625, 54.875, 4.7454784705972885e-23, nan 
-21.375, 54.875, 3.7219912347663185e-23, nan 
-21.125, 54.875, 1.543766181491215e-23, nan 
-20.875, 54.875, 1.538352517967175e-23, nan 
-20.625, 54.875, 2.1120336193465412e-23, nan 
-20.375, 54.875, 3.3453313214017635e-23, nan 
-20.125, 54.875, 4.382943800838022e-23, nan 
-19.875, 54.875, 3.8694796784577004e-23, nan 
-19.625, 54.875, 9.887586182135088e-24, nan 
-19.375, 54.875, 1.8312541998275737e-23, nan 
-19.125, 54.875, 2.6378798814601352e-23, nan 
-18.875, 54.875, 2.387213407836713e-23, nan 
-18.625, 54.875, 3.132189784770539e-23, nan 
-18.375, 54.875, 5.842587289138704e-23, nan 
-18.125, 54.875, 6.108993865918423e-23, nan 
-17.875, 54.875, 2.2392653972187376e-23, nan 
-17.625, 54.875, 1.4080649577626395e-23, nan 
-17.375, 54.875, 2.1504825176014038e-23, nan 
-17.125, 54.875, 3.6981275395850325e-23, nan 
-16.875, 54.875, 2.7088171991637917e-23, nan 
-16.625, 54.875, 2.0480801584678626e-23, nan 
-16.375, 54.875, 3.410313461787526e-24, nan 
-16.125, 54.875, 2.808928901797265e-24, nan 
-15.875, 54.875, 8.733306583854942e-24, nan 
-15.625, 54.875, 1.2651747326485604e-23, nan 
-15.375, 54.875, 8.642310172104647e-24, nan 
-15.125, 54.875, 8.49578281268476e-24, nan 
-14.875, 54.875, 9.482581169173951e-24, nan 
-14.625, 54.875, 1.784123365019629e-23, nan 
-14.375, 54.875, 1.8951992992845494e-23, nan 
-14.125, 54.875, 1.134760098013698e-23, nan 
-13.875, 54.875, 9.554382662305127e-24, nan 
-13.625, 54.875, 5.053816274241441e-24, nan 
-13.375, 54.875, 6.762062190672328e-24, nan 
-13.125, 54.875, 1.3517795188849062e-23, nan 
-12.875, 54.875, 1.9963615442367118e-23, nan 
-12.625, 54.875, 2.598419726036419e-23, nan 
-12.375, 54.875, 3.234291802444894e-23, nan 
-12.125, 54.875, 8.627113346925963e-23, nan 
-11.875, 54.875, 8.644850255839328e-23, nan 
-11.625, 54.875, 5.132917453964931e-23, nan 
-11.375, 54.875, 8.434046301889471e-23, nan 
-11.125, 54.875, 1.396806626648719e-22, nan 
-10.875, 54.875, 1.288454332333658e-22, nan 
-10.625, 54.875, 5.2026738399948946e-23, nan 
-10.375, 54.875, 2.863076565286315e-22, nan 
-10.125, 54.875, 3.6808512998901757e-22, nan 
-9.875, 54.875, 2.284357808346153e-22, nan 
-9.625, 54.875, 1.6839040199886038e-22, nan 
-9.375, 54.875, 1.6744887047395218e-22, nan 
-9.125, 54.875, 2.150268368176779e-22, nan 
-8.875, 54.875, 2.8488909272140356e-22, nan 
-8.625, 54.875, 1.8864546766274558e-22, nan 
-8.375, 54.875, 5.421235496344727e-23, nan 
-8.125, 54.875, 4.2493812139309317e-23, nan 
-7.875, 54.875, 2.3603184294046227e-23, nan 
-7.625, 54.875, 2.738729314503225e-23, nan 
-7.375, 54.875, 2.5860304646983323e-23, nan 
-7.125, 54.875, 1.654993805401578e-23, nan 
-6.875, 54.875, 8.737507505452271e-24, nan 
-6.625, 54.875, 9.610659506602937e-24, nan 
-6.375, 54.875, 1.180539120237832e-23, nan 
-6.125, 54.875, 1.2901037647568915e-23, nan 
-5.875, 54.875, 1.0610308731928209e-23, nan 
-5.625, 54.875, 1.1339138811646352e-23, nan 
-5.375, 54.875, 1.0873589991925972e-23, nan 
-5.125, 54.875, 6.936147109813195e-24, nan 
-4.875, 54.875, 6.782460445160943e-24, nan 
-4.625, 54.875, 5.985077643361541e-24, nan 
-4.375, 54.875, 8.671808987218214e-24, nan 
-4.125, 54.875, 1.0420407373854242e-23, nan 
-3.875, 54.875, 9.490945842852338e-24, nan 
-3.625, 54.875, 1.5240120857861505e-23, nan 
-3.375, 54.875, 3.860103537224132e-23, nan 
-3.125, 54.875, 4.0286245652612704e-23, nan 
-2.875, 54.875, 3.7136885177916907e-23, nan 
-2.625, 54.875, 3.441147742889038e-23, nan 
-2.375, 54.875, 1.7492565521228072e-23, nan 
-2.125, 54.875, 9.381703289346844e-24, nan 
-1.875, 54.875, 8.424788091329269e-24, nan 
-1.625, 54.875, 2.700789751372467e-23, nan 
-1.375, 54.875, 3.85610265142341e-23, nan 
-1.125, 54.875, 3.574599012701687e-23, nan 
-0.875, 54.875, 2.9223561579932056e-23, nan 
-0.625, 54.875, 3.0514552406442733e-23, nan 
-0.375, 54.875, 1.417326004397577e-23, nan 
-0.125, 54.875, 1.9457887546543208e-23, nan 
0.125, 54.875, 1.2347515578980568e-23, nan 
0.375, 54.875, 7.59394728702054e-24, nan 
0.625, 54.875, 1.31622225342159e-23, nan 
0.875, 54.875, 1.1939108785533669e-23, nan 
1.125, 54.875, 1.0400450296600667e-23, nan 
1.375, 54.875, 9.162558354778762e-24, nan 
1.625, 54.875, 1.458459225815244e-23, nan 
1.875, 54.875, 1.5605588278898665e-23, nan 
2.125, 54.875, 1.15264115022889e-23, nan 
2.375, 54.875, 6.563897719623831e-24, nan 
2.625, 54.875, 9.431615641644523e-24, nan 
2.875, 54.875, 1.6411465232142524e-23, nan 
3.125, 54.875, 1.6032611793640097e-23, nan 
3.375, 54.875, 1.6323715907169172e-23, nan 
3.625, 54.875, 1.3677599909880482e-23, nan 
3.875, 54.875, 1.4068756781512692e-23, nan 
4.125, 54.875, 1.1836742415999322e-23, nan 
4.375, 54.875, 1.1925216239907306e-23, nan 
4.625, 54.875, 1.7751715057519483e-23, nan 
4.875, 54.875, 1.603929859671002e-23, nan 
5.125, 54.875, 6.170318402100459e-24, nan 
5.375, 54.875, 7.817007236740069e-24, nan 
5.625, 54.875, 7.459768782596835e-24, nan 
5.875, 54.875, 6.18950071086124e-24, nan 
6.125, 54.875, 6.90505778429007e-24, nan 
6.375, 54.875, 9.707289576552973e-24, nan 
6.625, 54.875, 6.851292100047546e-24, nan 
6.875, 54.875, 8.351732965674828e-24, nan 
7.125, 54.875, 1.1453844572526869e-23, nan 
7.375, 54.875, 1.443574515147213e-23, nan 
7.625, 54.875, 1.3964491639920255e-23, nan 
7.875, 54.875, 2.1834592447534116e-23, nan 
8.125, 54.875, 2.928168181263014e-23, nan 
8.375, 54.875, 3.3231928974182384e-23, nan 
8.625, 54.875, 1.7364361746695077e-23, nan 
8.875, 54.875, 8.9160334378371e-24, nan 
9.125, 54.875, 2.124188909171691e-23, nan 
9.375, 54.875, 1.7235482756512455e-23, nan 
9.625, 54.875, 1.5607014806407722e-23, nan 
9.875, 54.875, 9.231674712358319e-24, nan 
10.125, 54.875, 1.1595168654042743e-23, nan 
10.375, 54.875, 1.393157932815289e-23, nan 
10.625, 54.875, 7.686504143176115e-24, nan 
10.875, 54.875, 8.919744052473116e-24, nan 
11.125, 54.875, 8.50573797444826e-24, nan 
11.375, 54.875, 9.70726104992503e-24, nan 
11.625, 54.875, 1.0921635867704908e-23, nan 
11.875, 54.875, 1.0469196905407227e-23, nan 
12.125, 54.875, 1.2963152722184368e-23, nan 
12.375, 54.875, 1.0607697977261832e-23, nan 
12.625, 54.875, 9.02407546254177e-24, nan 
12.875, 54.875, 8.151199987764843e-24, nan 
-81.125, 55.125, 5.103533167345611e-24, nan 
-80.875, 55.125, 5.89764625557172e-24, nan 
-80.625, 55.125, 4.715141153190875e-24, nan 
-80.375, 55.125, 4.02982712184469e-24, nan 
-80.125, 55.125, 2.304386194792676e-24, nan 
-79.875, 55.125, 1.5812039057733505e-24, nan 
-79.625, 55.125, 1.7417402095074472e-24, nan 
-79.375, 55.125, 1.7030515752698453e-24, nan 
-79.125, 55.125, 1.4228337514978154e-24, nan 
-78.875, 55.125, 2.432809744217542e-24, nan 
-78.625, 55.125, 3.1881158597370822e-24, nan 
-78.375, 55.125, 2.6189070573612078e-24, nan 
-78.125, 55.125, 8.21702852144801e-24, nan 
-77.875, 55.125, 8.746833460128469e-24, nan 
-77.625, 55.125, 5.6056572275868856e-24, nan 
-77.375, 55.125, 6.84690553076269e-24, nan 
-77.125, 55.125, 5.446589645857682e-24, nan 
-76.875, 55.125, 3.7551626687000775e-24, nan 
-76.625, 55.125, 3.322523166977757e-24, nan 
-76.375, 55.125, 8.032710843880861e-24, nan 
-76.125, 55.125, 2.6096491257707755e-23, nan 
-75.875, 55.125, 4.7797932512949647e-23, nan 
-75.625, 55.125, 1.5913532793100914e-22, nan 
-75.375, 55.125, 1.6911222318915143e-22, nan 
-75.125, 55.125, 1.8181052565962417e-22, nan 
-74.875, 55.125, 3.210432881854237e-23, nan 
-74.625, 55.125, 2.28513511028928e-23, nan 
-74.375, 55.125, 2.1790805061927448e-23, nan 
-74.125, 55.125, 1.8708550656336218e-23, nan 
-73.875, 55.125, 5.044996314055229e-24, nan 
-73.625, 55.125, 1.9727573539293467e-24, nan 
-73.375, 55.125, 2.9559124856482495e-24, nan 
-73.125, 55.125, 4.308236694986262e-24, nan 
-72.875, 55.125, 5.878734439597126e-24, nan 
-72.625, 55.125, 7.088512250664004e-24, nan 
-72.375, 55.125, 6.266945838105881e-24, nan 
-72.125, 55.125, 5.725409028097132e-24, nan 
-71.875, 55.125, 4.145700855410523e-24, nan 
-71.625, 55.125, 3.6044240838783715e-24, nan 
-71.375, 55.125, 3.611302908401489e-24, nan 
-71.125, 55.125, 5.3968637771223144e-24, nan 
-70.875, 55.125, 5.638700257680482e-24, nan 
-70.625, 55.125, 7.306502020596913e-24, nan 
-70.375, 55.125, 8.031145070211277e-24, nan 
-70.125, 55.125, 6.701941402412542e-24, nan 
-69.875, 55.125, 9.122785387972842e-24, nan 
-69.625, 55.125, 9.504297528485265e-24, nan 
-69.375, 55.125, 9.959736299321549e-24, nan 
-69.125, 55.125, 9.902620696076638e-24, nan 
-68.875, 55.125, 7.4528555779135e-24, nan 
-68.625, 55.125, 8.066505879074615e-24, nan 
-68.375, 55.125, 9.381918885344188e-24, nan 
-68.125, 55.125, 8.921340630914806e-24, nan 
-67.875, 55.125, 7.417701002872517e-24, nan 
-67.625, 55.125, 7.119321385396914e-24, nan 
-67.375, 55.125, 7.770913854759237e-24, nan 
-67.125, 55.125, 6.186213679931466e-24, nan 
-66.875, 55.125, 6.335001053921021e-24, nan 
-66.625, 55.125, 7.435470765979888e-24, nan 
-66.375, 55.125, 6.254116391614648e-24, nan 
-66.125, 55.125, 6.155439429441754e-24, nan 
-65.875, 55.125, 5.6838426060828244e-24, nan 
-65.625, 55.125, 6.226882651305813e-24, nan 
-65.375, 55.125, 1.0965275917301091e-23, nan 
-65.125, 55.125, 1.4251404025765193e-23, nan 
-64.875, 55.125, 1.174862901717602e-23, nan 
-64.625, 55.125, 9.550386544897356e-24, nan 
-64.375, 55.125, 9.94222024227701e-24, nan 
-64.125, 55.125, 1.1745525725400787e-23, nan 
-63.875, 55.125, 1.0600833643386785e-23, nan 
-63.625, 55.125, 8.362336101354819e-24, nan 
-63.375, 55.125, 8.169531489516889e-24, nan 
-63.125, 55.125, 5.8699586187919714e-24, nan 
-62.875, 55.125, 4.830786017408267e-24, nan 
-62.625, 55.125, 7.939469457155485e-24, nan 
-62.375, 55.125, 1.0584113429409073e-23, nan 
-62.125, 55.125, 1.0766768201809451e-23, nan 
-61.875, 55.125, 8.902011597864377e-24, nan 
-61.625, 55.125, 9.833098923926252e-24, nan 
-61.375, 55.125, 9.017881849303588e-24, nan 
-61.125, 55.125, 1.1190586265632471e-23, nan 
-60.875, 55.125, 1.1202599179068788e-23, nan 
-60.625, 55.125, 1.0000704524121654e-23, nan 
-60.375, 55.125, 9.554327805654271e-24, nan 
-60.125, 55.125, 1.1187408126073496e-23, nan 
-59.875, 55.125, 9.34850653016527e-24, nan 
-59.625, 55.125, 1.0059233192928743e-23, nan 
-59.375, 55.125, 1.1898228580922551e-23, nan 
-59.125, 55.125, 1.828716569752236e-23, nan 
-58.875, 55.125, 1.9313202999283276e-23, nan 
-58.625, 55.125, 1.4262754613661308e-23, nan 
-58.375, 55.125, 9.495929701866572e-24, nan 
-58.125, 55.125, 1.9314145456207227e-23, nan 
-57.875, 55.125, 1.9850812836982222e-23, nan 
-57.625, 55.125, 1.7513023695001918e-23, nan 
-57.375, 55.125, 2.1496664833449623e-23, nan 
-57.125, 55.125, 2.322030405819778e-23, nan 
-56.875, 55.125, 1.668888781814627e-23, nan 
-56.625, 55.125, 1.9481527655850562e-23, nan 
-56.375, 55.125, 1.561552990949252e-23, nan 
-56.125, 55.125, 2.6978538413859795e-23, nan 
-55.875, 55.125, 2.731911209415444e-23, nan 
-55.625, 55.125, 6.623809390090075e-24, nan 
-55.375, 55.125, 7.729503658704675e-24, nan 
-55.125, 55.125, 5.381667692691646e-24, nan 
-54.875, 55.125, 9.399912620946258e-24, nan 
-54.625, 55.125, 8.880872808498381e-24, nan 
-54.375, 55.125, 4.509718049862575e-24, nan 
-54.125, 55.125, 9.06371552000486e-24, nan 
-53.875, 55.125, 1.5566614900725142e-23, nan 
-53.625, 55.125, 1.4114021599752097e-23, nan 
-53.375, 55.125, 1.1093370712781404e-23, nan 
-53.125, 55.125, 1.032254465606444e-23, nan 
-52.875, 55.125, 8.817465829803567e-24, nan 
-52.625, 55.125, 1.0789750206740723e-23, nan 
-52.375, 55.125, 1.254579351868925e-23, nan 
-52.125, 55.125, 1.2859794478722631e-23, nan 
-51.875, 55.125, 1.1121134623023182e-23, nan 
-51.625, 55.125, 1.1109289586033443e-23, nan 
-51.375, 55.125, 2.1928102051735365e-23, nan 
-51.125, 55.125, 2.4633185493193967e-23, nan 
-50.875, 55.125, 1.8320154351515692e-23, nan 
-50.625, 55.125, 9.653972783741174e-24, nan 
-50.375, 55.125, 5.967732242947105e-24, nan 
-50.125, 55.125, 6.576119411160186e-24, nan 
-49.875, 55.125, 1.0674006380248737e-23, nan 
-49.625, 55.125, 1.0795381686121437e-23, nan 
-49.375, 55.125, 8.587986992346164e-24, nan 
-49.125, 55.125, 1.1015268167487198e-23, nan 
-48.875, 55.125, 1.449149137232359e-23, nan 
-48.625, 55.125, 1.1382944014379895e-23, nan 
-48.375, 55.125, 9.436083084978418e-24, nan 
-48.125, 55.125, 1.0120790461119098e-23, nan 
-47.875, 55.125, 1.0619598836441679e-23, nan 
-47.625, 55.125, 1.3571352405572984e-23, nan 
-47.375, 55.125, 1.157700855968192e-23, nan 
-47.125, 55.125, 9.13546885748731e-24, nan 
-46.875, 55.125, 9.0234200019732e-24, nan 
-46.625, 55.125, 8.422205694778274e-24, nan 
-46.375, 55.125, 1.6223831814311007e-23, nan 
-46.125, 55.125, 1.60772643627223e-23, nan 
-45.875, 55.125, 9.650331895484025e-24, nan 
-45.625, 55.125, 9.75737633530287e-24, nan 
-45.375, 55.125, 9.711370564358339e-24, nan 
-45.125, 55.125, 1.1286091396045562e-23, nan 
-44.875, 55.125, 1.2344195839039412e-23, nan 
-44.625, 55.125, 1.0193171440462493e-23, nan 
-44.375, 55.125, 7.740479443239551e-24, nan 
-44.125, 55.125, 8.390373533684131e-24, nan 
-43.875, 55.125, 9.244767016668695e-24, nan 
-43.625, 55.125, 9.382467360734865e-24, nan 
-43.375, 55.125, 8.738565540023076e-24, nan 
-43.125, 55.125, 1.8883851695371513e-23, nan 
-42.875, 55.125, 1.9513361542532656e-23, nan 
-42.625, 55.125, 1.5730606724553732e-23, nan 
-42.375, 55.125, 1.8218866947037428e-23, nan 
-42.125, 55.125, 1.624549802428958e-23, nan 
-41.875, 55.125, 1.7612673167680713e-23, nan 
-41.625, 55.125, 1.7034493001557107e-23, nan 
-41.375, 55.125, 1.3457370709122467e-23, nan 
-41.125, 55.125, 1.268050704341946e-23, nan 
-40.875, 55.125, 1.0651373257747093e-23, nan 
-40.625, 55.125, 1.1583880425731154e-23, nan 
-40.375, 55.125, 1.2726610295065827e-23, nan 
-40.125, 55.125, 2.2968558235793477e-23, nan 
-39.875, 55.125, 2.2565644655409202e-23, nan 
-39.625, 55.125, 1.5268783573272304e-23, nan 
-39.375, 55.125, 1.2620342149270962e-23, nan 
-39.125, 55.125, 8.732384122377204e-24, nan 
-38.875, 55.125, 1.8363311071023782e-23, nan 
-38.625, 55.125, 1.61667329217391e-23, nan 
-38.375, 55.125, 1.0920710499517629e-23, nan 
-38.125, 55.125, 1.2289824688716345e-23, nan 
-37.875, 55.125, 6.605619148528608e-24, nan 
-37.625, 55.125, 1.1180336988405622e-23, nan 
-37.375, 55.125, 4.753791473370497e-24, nan 
-37.125, 55.125, 1.2527159586522786e-23, nan 
-36.875, 55.125, 1.6324869470429384e-23, nan 
-36.625, 55.125, 8.801708611486991e-24, nan 
-36.375, 55.125, 1.0786605412677134e-23, nan 
-36.125, 55.125, 1.2329252530497173e-23, nan 
-35.875, 55.125, 1.0812330598082035e-23, nan 
-35.625, 55.125, 1.1480998364061235e-23, nan 
-35.375, 55.125, 1.2408663986751548e-23, nan 
-35.125, 55.125, 1.8303738840512135e-23, nan 
-34.875, 55.125, 2.2076526100248383e-23, nan 
-34.625, 55.125, 2.0359758597957207e-23, nan 
-34.375, 55.125, 1.1754389995516514e-23, nan 
-34.125, 55.125, 9.686197744020973e-24, nan 
-33.875, 55.125, 8.01462244265866e-24, nan 
-33.625, 55.125, 9.745399087623398e-24, nan 
-33.375, 55.125, 1.0709767954373616e-23, nan 
-33.125, 55.125, 1.472398264236177e-23, nan 
-32.875, 55.125, 1.353369270157576e-23, nan 
-32.625, 55.125, 1.3929452211070966e-23, nan 
-32.375, 55.125, 1.814049256981861e-23, nan 
-32.125, 55.125, 1.3779169996404355e-23, nan 
-31.875, 55.125, 6.046823339276635e-24, nan 
-31.625, 55.125, 2.1218237392101835e-23, nan 
-31.375, 55.125, 2.0975318618945647e-23, nan 
-31.125, 55.125, 2.222131580462e-23, nan 
-30.875, 55.125, 1.547093695932052e-23, nan 
-30.625, 55.125, 9.176256472306991e-24, nan 
-30.375, 55.125, 8.571510798398898e-24, nan 
-30.125, 55.125, 2.9514093831768966e-23, nan 
-29.875, 55.125, 3.7046526425550893e-23, nan 
-29.625, 55.125, 1.429667622227365e-23, nan 
-29.375, 55.125, 8.859411272551459e-24, nan 
-29.125, 55.125, 1.1106908723964346e-23, nan 
-28.875, 55.125, 1.215786989932975e-23, nan 
-28.625, 55.125, 1.5550981761139638e-23, nan 
-28.375, 55.125, 1.3008835801277534e-23, nan 
-28.125, 55.125, 1.9061745315266118e-23, nan 
-27.875, 55.125, 1.4645375761143418e-23, nan 
-27.625, 55.125, 7.528203119468968e-24, nan 
-27.375, 55.125, 1.4982566849737926e-23, nan 
-27.125, 55.125, 3.049741643829589e-23, nan 
-26.875, 55.125, 2.3894265264610324e-23, nan 
-26.625, 55.125, 1.5291823246019369e-23, nan 
-26.375, 55.125, 2.2206686397745455e-23, nan 
-26.125, 55.125, 1.7594608270617804e-23, nan 
-25.875, 55.125, 7.748306675222259e-24, nan 
-25.625, 55.125, 1.1400593484994008e-23, nan 
-25.375, 55.125, 8.665210283820195e-24, nan 
-25.125, 55.125, 1.7856780510713955e-23, nan 
-24.875, 55.125, 2.8831016696409487e-23, nan 
-24.625, 55.125, 1.7466081678698706e-23, nan 
-24.375, 55.125, 1.1736372764614022e-23, nan 
-24.125, 55.125, 1.4789296928288102e-23, nan 
-23.875, 55.125, 1.8376869899850795e-23, nan 
-23.625, 55.125, 1.8246045091097325e-23, nan 
-23.375, 55.125, 3.0356544315490914e-23, nan 
-23.125, 55.125, 4.406434539299685e-23, nan 
-22.875, 55.125, 6.262149792003768e-23, nan 
-22.625, 55.125, 3.9591462388730703e-23, nan 
-22.375, 55.125, 1.8039307500500845e-23, nan 
-22.125, 55.125, 3.052689762304227e-23, nan 
-21.875, 55.125, 4.055474083570724e-23, nan 
-21.625, 55.125, 4.409578271800716e-23, nan 
-21.375, 55.125, 3.9730711399830427e-23, nan 
-21.125, 55.125, 3.227100621730154e-23, nan 
-20.875, 55.125, 1.6848980797548365e-23, nan 
-20.625, 55.125, 2.4530457473334337e-23, nan 
-20.375, 55.125, 3.9236694814385817e-23, nan 
-20.125, 55.125, 3.3525282622447276e-23, nan 
-19.875, 55.125, 1.3451286586843518e-23, nan 
-19.625, 55.125, 1.6280234871543918e-23, nan 
-19.375, 55.125, 1.0181778474264191e-23, nan 
-19.125, 55.125, 8.515236728056149e-24, nan 
-18.875, 55.125, 1.8377917737828864e-23, nan 
-18.625, 55.125, 1.769620363828071e-23, nan 
-18.375, 55.125, 2.0884067416924167e-23, nan 
-18.125, 55.125, 4.61170101051202e-23, nan 
-17.875, 55.125, 3.942155515350099e-23, nan 
-17.625, 55.125, 2.941073593210165e-23, nan 
-17.375, 55.125, 9.976181315613062e-24, nan 
-17.125, 55.125, 2.4529895410899282e-23, nan 
-16.875, 55.125, 4.672523283528179e-23, nan 
-16.625, 55.125, 3.680428959412202e-23, nan 
-16.375, 55.125, 4.981189806961591e-24, nan 
-16.125, 55.125, 7.116132992448415e-24, nan 
-15.875, 55.125, 1.5273906653732156e-23, nan 
-15.625, 55.125, 1.6587277923922772e-23, nan 
-15.375, 55.125, 8.914961095716485e-24, nan 
-15.125, 55.125, 1.9421457857899896e-23, nan 
-14.875, 55.125, 2.980486574644483e-23, nan 
-14.625, 55.125, 2.4599729251883438e-23, nan 
-14.375, 55.125, 1.6572737101309834e-23, nan 
-14.125, 55.125, 1.0447890129600735e-23, nan 
-13.875, 55.125, 1.4448079130293964e-23, nan 
-13.625, 55.125, 1.2230987094822942e-23, nan 
-13.375, 55.125, 3.336505288867315e-24, nan 
-13.125, 55.125, 1.0269022373500932e-23, nan 
-12.875, 55.125, 1.4664506755888983e-23, nan 
-12.625, 55.125, 1.4091563705415446e-23, nan 
-12.375, 55.125, 1.437459593141454e-23, nan 
-12.125, 55.125, 7.200281936275417e-23, nan 
-11.875, 55.125, 7.299718525500424e-23, nan 
-11.625, 55.125, 3.313866939667303e-23, nan 
-11.375, 55.125, 1.2719849654641203e-22, nan 
-11.125, 55.125, 2.0731781374906517e-22, nan 
-10.875, 55.125, 1.8887288146495216e-22, nan 
-10.625, 55.125, 1.4900262377637948e-22, nan 
-10.375, 55.125, 5.947114847143239e-23, nan 
-10.125, 55.125, 1.627429858040062e-22, nan 
-9.875, 55.125, 4.9495038501226447e-23, nan 
-9.625, 55.125, 1.0167277959256499e-22, nan 
-9.375, 55.125, 4.9704274889957505e-23, nan 
-9.125, 55.125, 1.088762952128817e-22, nan 
-8.875, 55.125, 1.8212036306850734e-22, nan 
-8.625, 55.125, 1.1183701835195093e-22, nan 
-8.375, 55.125, 8.689327177352223e-23, nan 
-8.125, 55.125, 4.55039045671292e-23, nan 
-7.875, 55.125, 1.295534720863437e-23, nan 
-7.625, 55.125, 3.7782655163583686e-23, nan 
-7.375, 55.125, 3.730694006526832e-23, nan 
-7.125, 55.125, 1.408661991988342e-23, nan 
-6.875, 55.125, 1.4581845876748877e-23, nan 
-6.625, 55.125, 2.0001102900262898e-23, nan 
-6.375, 55.125, 1.798976194106039e-23, nan 
-6.125, 55.125, 1.3001844595406258e-23, nan 
-5.875, 55.125, 1.2865422692696088e-23, nan 
-5.625, 55.125, 1.0595632562041769e-23, nan 
-5.375, 55.125, 1.3815672742133856e-23, nan 
-5.125, 55.125, 8.601984347346034e-24, nan 
-4.875, 55.125, 9.302449552354404e-24, nan 
-4.625, 55.125, 8.912294194894231e-24, nan 
-4.375, 55.125, 6.928847954922289e-24, nan 
-4.125, 55.125, 5.528255556375305e-24, nan 
-3.875, 55.125, 3.134800506449029e-23, nan 
-3.625, 55.125, 3.2626207353273524e-23, nan 
-3.375, 55.125, 1.6992332239222448e-23, nan 
-3.125, 55.125, 1.7274922466597692e-23, nan 
-2.875, 55.125, 2.9380861993152546e-23, nan 
-2.625, 55.125, 1.6640799735800695e-23, nan 
-2.375, 55.125, 1.4095099174449757e-23, nan 
-2.125, 55.125, 1.6031902688733028e-23, nan 
-1.875, 55.125, 6.435738943918087e-24, nan 
-1.625, 55.125, 9.272489775541835e-24, nan 
-1.375, 55.125, 1.666715972708776e-23, nan 
-1.125, 55.125, 2.2842493737949738e-23, nan 
-0.875, 55.125, 1.2348146992745406e-23, nan 
-0.625, 55.125, 6.595797693981212e-24, nan 
-0.375, 55.125, 1.8470542169828928e-23, nan 
-0.125, 55.125, 2.097940783546081e-23, nan 
0.125, 55.125, 6.131206728821721e-24, nan 
0.375, 55.125, 8.857753756218022e-24, nan 
0.625, 55.125, 1.1023085000596267e-23, nan 
0.875, 55.125, 6.849199984717481e-24, nan 
1.125, 55.125, 9.481167551718869e-24, nan 
1.375, 55.125, 1.2854775413379239e-23, nan 
1.625, 55.125, 2.2498294098075542e-23, nan 
1.875, 55.125, 2.4894176214880185e-23, nan 
2.125, 55.125, 1.9806214842400905e-23, nan 
2.375, 55.125, 1.6248712409654827e-23, nan 
2.625, 55.125, 1.0646056733125596e-23, nan 
2.875, 55.125, 8.434469347912963e-24, nan 
3.125, 55.125, 2.107184025623539e-23, nan 
3.375, 55.125, 2.0768256279107278e-23, nan 
3.625, 55.125, 2.0870701581827494e-23, nan 
3.875, 55.125, 2.3715694131618666e-23, nan 
4.125, 55.125, 1.2332106430825444e-23, nan 
4.375, 55.125, 1.3700791356490225e-23, nan 
4.625, 55.125, 1.9166468559475976e-23, nan 
4.875, 55.125, 2.2073296153374023e-23, nan 
5.125, 55.125, 1.0247754123269428e-23, nan 
5.375, 55.125, 7.826870143844197e-24, nan 
5.625, 55.125, 8.036732754728394e-24, nan 
5.875, 55.125, 1.3023818067782338e-23, nan 
6.125, 55.125, 1.245753870642246e-23, nan 
6.375, 55.125, 1.5504527217837705e-23, nan 
6.625, 55.125, 8.376849686057954e-24, nan 
6.875, 55.125, 7.592174338009154e-24, nan 
7.125, 55.125, 1.3499034990664443e-23, nan 
7.375, 55.125, 1.2581515079579783e-23, nan 
7.625, 55.125, 8.726818772217058e-24, nan 
7.875, 55.125, 1.561615280074669e-23, nan 
8.125, 55.125, 1.5287406446202485e-23, nan 
8.375, 55.125, 2.0082099968501476e-23, nan 
8.625, 55.125, 2.3697130713532258e-23, nan 
8.875, 55.125, 3.118233642831545e-23, nan 
9.125, 55.125, 3.787824401899061e-23, nan 
9.375, 55.125, 2.5926098997253814e-23, nan 
9.625, 55.125, 1.2473243924137372e-23, nan 
9.875, 55.125, 4.505160462891932e-24, nan 
10.125, 55.125, 4.3035494276950155e-24, nan 
10.375, 55.125, 1.1351365023630508e-23, nan 
10.625, 55.125, 1.8071834846890638e-23, nan 
10.875, 55.125, 1.7899919405955822e-23, nan 
11.125, 55.125, 9.268249247333991e-24, nan 
11.375, 55.125, 9.267722788649573e-24, nan 
11.625, 55.125, 1.0703766682642383e-23, nan 
11.875, 55.125, 1.185065661168276e-23, nan 
12.125, 55.125, 1.4862514291296238e-23, nan 
12.375, 55.125, 8.948204634675595e-24, nan 
12.625, 55.125, 6.2241634101500774e-24, nan 
12.875, 55.125, 9.021574894776999e-24, nan 
13.125, 55.125, 9.107922418811467e-24, nan 
13.375, 55.125, 6.2740936215283306e-24, nan 
13.625, 55.125, 6.254110575273772e-24, nan 
13.875, 55.125, 8.686502330810778e-24, nan 
-82.125, 55.375, 7.506165705486403e-24, nan 
-81.875, 55.375, 8.265156471798506e-24, nan 
-81.625, 55.375, 6.439658069720144e-24, nan 
-81.375, 55.375, 4.0442050158273285e-24, nan 
-81.125, 55.375, 5.174674142662634e-24, nan 
-80.875, 55.375, 5.7489077630240564e-24, nan 
-80.625, 55.375, 3.3269125939693286e-24, nan 
-80.375, 55.375, 2.5605959766643794e-24, nan 
-80.125, 55.375, 3.48276103923969e-24, nan 
-79.875, 55.375, 2.9503696993158608e-24, nan 
-79.625, 55.375, 1.7680482531753985e-24, nan 
-79.375, 55.375, 1.5289954418653856e-24, nan 
-79.125, 55.375, 2.8550987401196217e-24, nan 
-78.875, 55.375, 3.641167065764421e-24, nan 
-78.625, 55.375, 3.206989306199568e-24, nan 
-78.375, 55.375, 2.617824746903462e-24, nan 
-78.125, 55.375, 7.74509698553721e-24, nan 
-77.875, 55.375, 9.213289032660678e-24, nan 
-77.625, 55.375, 3.6529968349680996e-24, nan 
-77.375, 55.375, 5.833671985516382e-24, nan 
-77.125, 55.375, 6.1235162016833724e-24, nan 
-76.875, 55.375, 5.070791264698977e-24, nan 
-76.625, 55.375, 4.7559006862428095e-24, nan 
-76.375, 55.375, 2.7879275456816315e-24, nan 
-76.125, 55.375, 1.1380387990132461e-23, nan 
-75.875, 55.375, 2.0309484903509435e-23, nan 
-75.625, 55.375, 1.7067809910955096e-23, nan 
-75.375, 55.375, 1.6820736159318426e-23, nan 
-75.125, 55.375, 3.246418940617314e-23, nan 
-74.875, 55.375, 3.266102817802266e-23, nan 
-74.625, 55.375, 1.4112466369471602e-23, nan 
-74.375, 55.375, 1.450175132896458e-23, nan 
-74.125, 55.375, 3.432954920273622e-24, nan 
-73.875, 55.375, 1.3907742944958552e-24, nan 
-73.625, 55.375, 1.3275142341874662e-24, nan 
-73.375, 55.375, 2.696430149900047e-24, nan 
-73.125, 55.375, 2.8166464284510752e-24, nan 
-72.875, 55.375, 9.253194538989e-24, nan 
-72.625, 55.375, 9.961788229403485e-24, nan 
-72.375, 55.375, 5.7923977187642744e-24, nan 
-72.125, 55.375, 4.095557409538667e-24, nan 
-71.875, 55.375, 3.682834288860781e-24, nan 
-71.625, 55.375, 4.735101227179368e-24, nan 
-71.375, 55.375, 5.843020820800164e-24, nan 
-71.125, 55.375, 7.426691485323773e-24, nan 
-70.875, 55.375, 7.108553558135049e-24, nan 
-70.625, 55.375, 8.851350294405867e-24, nan 
-70.375, 55.375, 8.889254893949333e-24, nan 
-70.125, 55.375, 8.080139220840993e-24, nan 
-69.875, 55.375, 1.0847052829125905e-23, nan 
-69.625, 55.375, 1.0414126905766266e-23, nan 
-69.375, 55.375, 7.456557860108965e-24, nan 
-69.125, 55.375, 7.056177599651985e-24, nan 
-68.875, 55.375, 1.0197452353856408e-23, nan 
-68.625, 55.375, 1.060545752879033e-23, nan 
-68.375, 55.375, 8.774111155276781e-24, nan 
-68.125, 55.375, 7.36351215771941e-24, nan 
-67.875, 55.375, 4.967573463778188e-24, nan 
-67.625, 55.375, 5.795995875767664e-24, nan 
-67.375, 55.375, 4.601926735669806e-24, nan 
-67.125, 55.375, 5.545688740297993e-24, nan 
-66.875, 55.375, 7.121180228706345e-24, nan 
-66.625, 55.375, 9.249883322511585e-24, nan 
-66.375, 55.375, 8.300908745619264e-24, nan 
-66.125, 55.375, 6.4880383101037315e-24, nan 
-65.875, 55.375, 3.832270747913523e-24, nan 
-65.625, 55.375, 1.1844460410316168e-23, nan 
-65.375, 55.375, 1.1524163974539604e-23, nan 
-65.125, 55.375, 9.363581410095048e-24, nan 
-64.875, 55.375, 7.873681996984248e-24, nan 
-64.625, 55.375, 9.628053353701976e-24, nan 
-64.375, 55.375, 8.062566586397865e-24, nan 
-64.125, 55.375, 9.191117232115757e-24, nan 
-63.875, 55.375, 9.187897845604886e-24, nan 
-63.625, 55.375, 8.324205339860364e-24, nan 
-63.375, 55.375, 9.668100971162687e-24, nan 
-63.125, 55.375, 9.083234737660938e-24, nan 
-62.875, 55.375, 7.267318285845465e-24, nan 
-62.625, 55.375, 5.682489382805732e-24, nan 
-62.375, 55.375, 1.0567993857994472e-23, nan 
-62.125, 55.375, 1.4517332614200716e-23, nan 
-61.875, 55.375, 1.1641741810045122e-23, nan 
-61.625, 55.375, 8.932393526454304e-24, nan 
-61.375, 55.375, 1.254561221069761e-23, nan 
-61.125, 55.375, 1.15944494135035e-23, nan 
-60.875, 55.375, 1.1006699685476187e-23, nan 
-60.625, 55.375, 1.3244529283828961e-23, nan 
-60.375, 55.375, 1.403756201765531e-23, nan 
-60.125, 55.375, 1.1263164248072655e-23, nan 
-59.875, 55.375, 8.150149252764822e-24, nan 
-59.625, 55.375, 7.243997551204355e-24, nan 
-59.375, 55.375, 1.4307611308570064e-23, nan 
-59.125, 55.375, 1.3138129543720813e-23, nan 
-58.875, 55.375, 1.3027214390750935e-23, nan 
-58.625, 55.375, 1.3135874147524934e-23, nan 
-58.375, 55.375, 1.3423470050933316e-23, nan 
-58.125, 55.375, 1.6598715658028575e-23, nan 
-57.875, 55.375, 1.378203106222303e-23, nan 
-57.625, 55.375, 1.7656408529768878e-23, nan 
-57.375, 55.375, 2.2379756625677733e-23, nan 
-57.125, 55.375, 1.962833589685131e-23, nan 
-56.875, 55.375, 2.093632895681864e-23, nan 
-56.625, 55.375, 2.222997994638529e-23, nan 
-56.375, 55.375, 1.339578624076439e-23, nan 
-56.125, 55.375, 2.0330191010122932e-23, nan 
-55.875, 55.375, 1.0892466459695784e-23, nan 
-55.625, 55.375, 9.511823107753742e-24, nan 
-55.375, 55.375, 1.0240272455480328e-23, nan 
-55.125, 55.375, 1.1480317875848845e-23, nan 
-54.875, 55.375, 1.1700715387048702e-23, nan 
-54.625, 55.375, 1.0068506573083437e-23, nan 
-54.375, 55.375, 8.31207594337275e-24, nan 
-54.125, 55.375, 1.0719419230812027e-23, nan 
-53.875, 55.375, 9.967331899584371e-24, nan 
-53.625, 55.375, 9.580426326149585e-24, nan 
-53.375, 55.375, 9.725024250195394e-24, nan 
-53.125, 55.375, 1.028558890759024e-23, nan 
-52.875, 55.375, 7.967001945793194e-24, nan 
-52.625, 55.375, 8.217432027526432e-24, nan 
-52.375, 55.375, 1.1279404396875512e-23, nan 
-52.125, 55.375, 1.0215618532869602e-23, nan 
-51.875, 55.375, 1.1884218406348822e-23, nan 
-51.625, 55.375, 1.397738656448804e-23, nan 
-51.375, 55.375, 1.0627495778611578e-23, nan 
-51.125, 55.375, 4.9511823416168846e-24, nan 
-50.875, 55.375, 7.82992705187027e-24, nan 
-50.625, 55.375, 6.447437197658088e-24, nan 
-50.375, 55.375, 8.377493362328052e-24, nan 
-50.125, 55.375, 7.97691375054375e-24, nan 
-49.875, 55.375, 7.859271138898461e-24, nan 
-49.625, 55.375, 1.9934779296205014e-23, nan 
-49.375, 55.375, 2.1494784752618944e-23, nan 
-49.125, 55.375, 1.3044903583997779e-23, nan 
-48.875, 55.375, 1.0784905691455278e-23, nan 
-48.625, 55.375, 5.415628909794924e-24, nan 
-48.375, 55.375, 9.074360053702497e-24, nan 
-48.125, 55.375, 9.738964437618944e-24, nan 
-47.875, 55.375, 1.1533479802421905e-23, nan 
-47.625, 55.375, 1.887693534201715e-23, nan 
-47.375, 55.375, 1.5508042295167406e-23, nan 
-47.125, 55.375, 8.175360369012847e-24, nan 
-46.875, 55.375, 1.822756007859526e-23, nan 
-46.625, 55.375, 1.7463124432843226e-23, nan 
-46.375, 55.375, 1.3256041607120986e-23, nan 
-46.125, 55.375, 1.3012589610419549e-23, nan 
-45.875, 55.375, 1.215675601157099e-23, nan 
-45.625, 55.375, 9.389480762911942e-24, nan 
-45.375, 55.375, 1.3669954602477558e-23, nan 
-45.125, 55.375, 1.746959767985609e-23, nan 
-44.875, 55.375, 1.6591372757303326e-23, nan 
-44.625, 55.375, 1.2715817691823296e-23, nan 
-44.375, 55.375, 9.280321447229281e-24, nan 
-44.125, 55.375, 6.180816100742306e-24, nan 
-43.875, 55.375, 9.898299942991658e-24, nan 
-43.625, 55.375, 1.1087184283610344e-23, nan 
-43.375, 55.375, 2.307667716520686e-23, nan 
-43.125, 55.375, 2.2319968177276526e-23, nan 
-42.875, 55.375, 1.7268308790223635e-23, nan 
-42.625, 55.375, 1.8836537730873283e-23, nan 
-42.375, 55.375, 1.7991430098609565e-23, nan 
-42.125, 55.375, 1.6780940741448378e-23, nan 
-41.875, 55.375, 1.8602733491173804e-23, nan 
-41.625, 55.375, 1.7642957171610207e-23, nan 
-41.375, 55.375, 1.713039227321258e-23, nan 
-41.125, 55.375, 1.4512643124196888e-23, nan 
-40.875, 55.375, 1.5215159972906548e-23, nan 
-40.625, 55.375, 1.730928551811932e-23, nan 
-40.375, 55.375, 2.5545907722088864e-23, nan 
-40.125, 55.375, 2.6703193914587433e-23, nan 
-39.875, 55.375, 2.0514577075280765e-23, nan 
-39.625, 55.375, 7.820678528622134e-24, nan 
-39.375, 55.375, 6.939047786229117e-24, nan 
-39.125, 55.375, 1.993282586222535e-23, nan 
-38.875, 55.375, 2.185086334233424e-23, nan 
-38.625, 55.375, 6.464614248286718e-24, nan 
-38.375, 55.375, 1.2299480101930037e-23, nan 
-38.125, 55.375, 1.1273270923634661e-23, nan 
-37.875, 55.375, 6.630950391706339e-24, nan 
-37.625, 55.375, 7.657520882706354e-24, nan 
-37.375, 55.375, 1.0199500834859509e-23, nan 
-37.125, 55.375, 9.903980144540575e-24, nan 
-36.875, 55.375, 1.4634220516735855e-23, nan 
-36.625, 55.375, 1.369329287771908e-23, nan 
-36.375, 55.375, 2.4403163168666147e-23, nan 
-36.125, 55.375, 1.915899216681394e-23, nan 
-35.875, 55.375, 1.485258079186134e-23, nan 
-35.625, 55.375, 2.0330570076015517e-23, nan 
-35.375, 55.375, 2.574277318893651e-23, nan 
-35.125, 55.375, 2.370463879755438e-23, nan 
-34.875, 55.375, 2.1120254455356403e-23, nan 
-34.625, 55.375, 2.4220283546807166e-23, nan 
-34.375, 55.375, 1.3682964131527533e-23, nan 
-34.125, 55.375, 9.104308051398926e-24, nan 
-33.875, 55.375, 1.4530543418108776e-23, nan 
-33.625, 55.375, 1.1664497472825084e-23, nan 
-33.375, 55.375, 1.668940090579122e-23, nan 
-33.125, 55.375, 2.048181902520099e-23, nan 
-32.875, 55.375, 1.4862575091884226e-23, nan 
-32.625, 55.375, 1.211120225843966e-23, nan 
-32.375, 55.375, 9.253319832901533e-24, nan 
-32.125, 55.375, 7.205235388667425e-24, nan 
-31.875, 55.375, 1.8631774104500715e-23, nan 
-31.625, 55.375, 2.919276140318088e-23, nan 
-31.375, 55.375, 2.419158035014175e-23, nan 
-31.125, 55.375, 1.868420694954653e-23, nan 
-30.875, 55.375, 1.3043645460418877e-23, nan 
-30.625, 55.375, 7.442955939162801e-24, nan 
-30.375, 55.375, 8.917328371789057e-24, nan 
-30.125, 55.375, 1.0088892181533878e-23, nan 
-29.875, 55.375, 1.9800625610846244e-23, nan 
-29.625, 55.375, 1.5409984154021163e-23, nan 
-29.375, 55.375, 1.1639807882701195e-23, nan 
-29.125, 55.375, 6.005836671526859e-24, nan 
-28.875, 55.375, 1.70386559894007e-23, nan 
-28.625, 55.375, 1.640638537361854e-23, nan 
-28.375, 55.375, 1.4933819632062962e-23, nan 
-28.125, 55.375, 1.713300100258216e-23, nan 
-27.875, 55.375, 1.0206663778451128e-23, nan 
-27.625, 55.375, 9.143261938132492e-24, nan 
-27.375, 55.375, 1.109544340073004e-23, nan 
-27.125, 55.375, 3.863882309303128e-23, nan 
-26.875, 55.375, 3.735433210809261e-23, nan 
-26.625, 55.375, 1.8877522254853408e-23, nan 
-26.375, 55.375, 1.955978369486389e-23, nan 
-26.125, 55.375, 1.1585706919601204e-23, nan 
-25.875, 55.375, 1.6917103949025217e-23, nan 
-25.625, 55.375, 2.1268363956258625e-23, nan 
-25.375, 55.375, 1.863327606663227e-23, nan 
-25.125, 55.375, 2.0628380310786314e-23, nan 
-24.875, 55.375, 3.612124146375182e-23, nan 
-24.625, 55.375, 2.757170012827277e-23, nan 
-24.375, 55.375, 1.904964470151701e-23, nan 
-24.125, 55.375, 2.070433985042004e-23, nan 
-23.875, 55.375, 1.840510571290523e-23, nan 
-23.625, 55.375, 7.367437585891143e-24, nan 
-23.375, 55.375, 2.1132510328139526e-23, nan 
-23.125, 55.375, 2.737837390857473e-23, nan 
-22.875, 55.375, 4.7238313286478014e-23, nan 
-22.625, 55.375, 4.2666034437208285e-23, nan 
-22.375, 55.375, 1.326966210523524e-23, nan 
-22.125, 55.375, 1.9048649486126607e-23, nan 
-21.875, 55.375, 3.387895610831434e-23, nan 
-21.625, 55.375, 6.116906083091795e-23, nan 
-21.375, 55.375, 6.515154841415959e-23, nan 
-21.125, 55.375, 3.501985257714098e-23, nan 
-20.875, 55.375, 3.3310320252494914e-23, nan 
-20.625, 55.375, 3.1019573029789525e-23, nan 
-20.375, 55.375, 4.706230925968249e-23, nan 
-20.125, 55.375, 4.651034340796321e-23, nan 
-19.875, 55.375, 1.0293553975944453e-23, nan 
-19.625, 55.375, 2.0053060391716503e-23, nan 
-19.375, 55.375, 1.6109829498221246e-23, nan 
-19.125, 55.375, 1.399243145980951e-23, nan 
-18.875, 55.375, 1.451867837755599e-23, nan 
-18.625, 55.375, 1.631303521108478e-23, nan 
-18.375, 55.375, 1.8613133542553596e-23, nan 
-18.125, 55.375, 1.6395339125672412e-23, nan 
-17.875, 55.375, 1.550765765366856e-23, nan 
-17.625, 55.375, 3.3495942959368884e-23, nan 
-17.375, 55.375, 4.537084574455869e-23, nan 
-17.125, 55.375, 4.232984893615979e-23, nan 
-16.875, 55.375, 2.98175591406403e-23, nan 
-16.625, 55.375, 1.2988306767704785e-23, nan 
-16.375, 55.375, 2.2761232562655793e-23, nan 
-16.125, 55.375, 3.210005326803992e-23, nan 
-15.875, 55.375, 2.813028962524265e-23, nan 
-15.625, 55.375, 2.881627233893958e-23, nan 
-15.375, 55.375, 2.952170278491433e-23, nan 
-15.125, 55.375, 2.786639921526944e-23, nan 
-14.875, 55.375, 3.1309201775345584e-23, nan 
-14.625, 55.375, 2.4012608762784264e-23, nan 
-14.375, 55.375, 1.359090136211308e-23, nan 
-14.125, 55.375, 1.1055504489731664e-23, nan 
-13.875, 55.375, 9.543447303295626e-24, nan 
-13.625, 55.375, 9.372140874786532e-24, nan 
-13.375, 55.375, 8.97761000924872e-24, nan 
-13.125, 55.375, 8.006088479805877e-24, nan 
-12.875, 55.375, 1.2399009876259928e-23, nan 
-12.625, 55.375, 1.4732374770376792e-23, nan 
-12.375, 55.375, 3.4507267199642606e-23, nan 
-12.125, 55.375, 7.812161936270889e-23, nan 
-11.875, 55.375, 1.0878991628281129e-22, nan 
-11.625, 55.375, 8.465225321301615e-23, nan 
-11.375, 55.375, 8.393972851190621e-23, nan 
-11.125, 55.375, 1.4076581678574298e-22, nan 
-10.875, 55.375, 9.54554546848163e-23, nan 
-10.625, 55.375, 5.473659457237164e-23, nan 
-10.375, 55.375, 8.30932589961434e-23, nan 
-10.125, 55.375, 4.8213805969907385e-23, nan 
-9.875, 55.375, 5.719817987167957e-23, nan 
-9.625, 55.375, 1.21089642496501e-22, nan 
-9.375, 55.375, 1.3293561384309796e-22, nan 
-9.125, 55.375, 9.903815232199754e-23, nan 
-8.875, 55.375, 6.356791628218492e-23, nan 
-8.625, 55.375, 6.989451757195928e-23, nan 
-8.375, 55.375, 3.437115533335393e-23, nan 
-8.125, 55.375, 7.667688945114233e-24, nan 
-7.875, 55.375, 9.73346704082271e-24, nan 
-7.625, 55.375, 4.7696892616255557e-23, nan 
-7.375, 55.375, 4.587673439133169e-23, nan 
-7.125, 55.375, 1.5610493009491428e-23, nan 
-6.875, 55.375, 1.8678427821301576e-23, nan 
-6.625, 55.375, 1.369420668464721e-23, nan 
-6.375, 55.375, 8.998715357433364e-24, nan 
-6.125, 55.375, 1.1271158383339899e-23, nan 
-5.875, 55.375, 1.4767877277315745e-23, nan 
-5.625, 55.375, 1.5142068062998399e-23, nan 
-5.375, 55.375, 1.983492953754597e-23, nan 
-5.125, 55.375, 2.2319500551840413e-23, nan 
-4.875, 55.375, 2.306236608293709e-23, nan 
-4.625, 55.375, 3.1813076404836354e-23, nan 
-4.375, 55.375, 3.1090756672203315e-23, nan 
-4.125, 55.375, 2.4296528733453076e-23, nan 
-3.875, 55.375, 3.0762397395089586e-23, nan 
-3.625, 55.375, 2.821883370896573e-23, nan 
-3.375, 55.375, 2.2319864899374468e-23, nan 
-3.125, 55.375, 3.459037906750661e-23, nan 
-2.875, 55.375, 3.010530374758196e-23, nan 
-2.625, 55.375, 1.2651419699322255e-23, nan 
-2.375, 55.375, 1.8249139371285142e-23, nan 
-2.125, 55.375, 1.7205902593647043e-23, nan 
-1.875, 55.375, 6.809306777976721e-24, nan 
-1.625, 55.375, 7.136428689996091e-24, nan 
-1.375, 55.375, 2.0278650426140277e-23, nan 
-1.125, 55.375, 1.953271570889468e-23, nan 
-0.875, 55.375, 3.748695879154901e-24, nan 
-0.625, 55.375, 1.0084795378678549e-23, nan 
-0.375, 55.375, 1.395370640220138e-23, nan 
-0.125, 55.375, 1.3125155486001903e-23, nan 
0.125, 55.375, 9.511536140465319e-24, nan 
0.375, 55.375, 8.737995880438539e-24, nan 
0.625, 55.375, 1.2390287487939114e-23, nan 
0.875, 55.375, 1.5726184262888457e-23, nan 
1.125, 55.375, 1.5064478494033397e-23, nan 
1.375, 55.375, 1.5003589328515035e-23, nan 
1.625, 55.375, 1.8520330112925718e-23, nan 
1.875, 55.375, 2.1029118290564907e-23, nan 
2.125, 55.375, 1.6703890505069668e-23, nan 
2.375, 55.375, 1.4937054232647543e-23, nan 
2.625, 55.375, 1.0521604907883876e-23, nan 
2.875, 55.375, 5.224232562640275e-24, nan 
3.125, 55.375, 2.2431133889754784e-23, nan 
3.375, 55.375, 2.258645087175244e-23, nan 
3.625, 55.375, 1.9409946163475439e-23, nan 
3.875, 55.375, 2.4274594555090787e-23, nan 
4.125, 55.375, 1.572185009195513e-23, nan 
4.375, 55.375, 9.706831759491333e-24, nan 
4.625, 55.375, 1.0896858391812163e-23, nan 
4.875, 55.375, 1.9650847362201166e-23, nan 
5.125, 55.375, 1.5268370758938208e-23, nan 
5.375, 55.375, 8.866161144006284e-24, nan 
5.625, 55.375, 8.665869609616867e-24, nan 
5.875, 55.375, 2.865478655186914e-23, nan 
6.125, 55.375, 3.5953520793347745e-23, nan 
6.375, 55.375, 3.276798335565069e-23, nan 
6.625, 55.375, 1.441111195668631e-23, nan 
6.875, 55.375, 1.2090805107365518e-23, nan 
7.125, 55.375, 9.376439117495798e-24, nan 
7.375, 55.375, 5.66578651081473e-24, nan 
7.625, 55.375, 6.634326368272287e-24, nan 
7.875, 55.375, 8.379039676235267e-24, nan 
8.125, 55.375, 1.169248813702697e-23, nan 
8.375, 55.375, 1.011521254318111e-23, nan 
8.625, 55.375, 1.3659970358944324e-23, nan 
8.875, 55.375, 2.1809971876529238e-23, nan 
9.125, 55.375, 3.027315260620315e-23, nan 
9.375, 55.375, 2.4129801445395324e-23, nan 
9.625, 55.375, 2.3497890078381782e-23, nan 
9.875, 55.375, 1.4539797963825266e-23, nan 
10.125, 55.375, 1.3617728883635912e-23, nan 
10.375, 55.375, 1.2559223883718609e-23, nan 
10.625, 55.375, 7.038022211337956e-24, nan 
10.875, 55.375, 1.3837138904700655e-23, nan 
11.125, 55.375, 1.0748530171218379e-23, nan 
11.375, 55.375, 9.140968455411432e-24, nan 
11.625, 55.375, 7.797937491452359e-24, nan 
11.875, 55.375, 5.022786471417906e-24, nan 
12.125, 55.375, 8.48965299504029e-24, nan 
12.375, 55.375, 9.296860689395685e-24, nan 
12.625, 55.375, 1.107561142963635e-23, nan 
12.875, 55.375, 6.506873221607961e-24, nan 
13.125, 55.375, 8.108492990563572e-24, nan 
13.375, 55.375, 8.28258556997401e-24, nan 
13.625, 55.375, 7.671610275828041e-24, nan 
13.875, 55.375, 7.12512958790359e-24, nan 
14.125, 55.375, 6.702586798440355e-24, nan 
14.375, 55.375, 9.740648001029273e-24, nan 
14.625, 55.375, 5.288816640629761e-24, nan 
14.875, 55.375, 2.310787642204118e-23, nan 
-83.375, 55.625, 1.4074941150112508e-23, nan 
-83.125, 55.625, 1.373447207309228e-23, nan 
-82.875, 55.625, 1.0749331578649724e-23, nan 
-82.625, 55.625, 7.18483552651176e-24, nan 
-82.375, 55.625, 8.162879753882945e-24, nan 
-82.125, 55.625, 8.64022824986666e-24, nan 
-81.875, 55.625, 7.413126257247225e-24, nan 
-81.625, 55.625, 3.91327860278489e-24, nan 
-81.375, 55.625, 3.2453648487612783e-24, nan 
-81.125, 55.625, 3.49101885740943e-24, nan 
-80.875, 55.625, 3.764827777222922e-24, nan 
-80.625, 55.625, 3.328490800567924e-24, nan 
-80.375, 55.625, 2.7693427750982124e-24, nan 
-80.125, 55.625, 2.797323811775573e-24, nan 
-79.875, 55.625, 3.746206374997384e-24, nan 
-79.625, 55.625, 3.685120755005053e-24, nan 
-79.375, 55.625, 2.6704489587178434e-24, nan 
-79.125, 55.625, 2.9175467968724342e-24, nan 
-78.875, 55.625, 1.5332488992393072e-24, nan 
-78.625, 55.625, 3.186221356107296e-24, nan 
-78.375, 55.625, 3.2265110926731987e-24, nan 
-78.125, 55.625, 1.6222893016250856e-24, nan 
-77.875, 55.625, 8.746083322762695e-24, nan 
-77.625, 55.625, 9.424808373492627e-24, nan 
-77.375, 55.625, 4.000561384928186e-24, nan 
-77.125, 55.625, 6.5717581210858034e-24, nan 
-76.875, 55.625, 7.616462319567385e-24, nan 
-76.625, 55.625, 7.096958362907385e-24, nan 
-76.375, 55.625, 1.730724003702681e-24, nan 
-76.125, 55.625, 2.0508362249887713e-24, nan 
-75.875, 55.625, 7.652470048272083e-24, nan 
-75.625, 55.625, 1.3433684184367495e-23, nan 
-75.375, 55.625, 1.5120007128386726e-23, nan 
-75.125, 55.625, 1.427718465511696e-23, nan 
-74.875, 55.625, 8.664267465686829e-24, nan 
-74.625, 55.625, 4.143634993674165e-24, nan 
-74.375, 55.625, 2.6606984079211186e-24, nan 
-74.125, 55.625, 2.9684357314573215e-24, nan 
-73.875, 55.625, 2.9560073603410454e-24, nan 
-73.625, 55.625, 2.4163674576069797e-24, nan 
-73.375, 55.625, 2.1794892254329594e-24, nan 
-73.125, 55.625, 3.531320240489573e-24, nan 
-72.875, 55.625, 6.843116423423446e-24, nan 
-72.625, 55.625, 7.805610646441876e-24, nan 
-72.375, 55.625, 6.0512514935786615e-24, nan 
-72.125, 55.625, 4.0055217267445795e-24, nan 
-71.875, 55.625, 6.385745115731809e-24, nan 
-71.625, 55.625, 7.153255500924448e-24, nan 
-71.375, 55.625, 6.666667199610909e-24, nan 
-71.125, 55.625, 7.087285235214273e-24, nan 
-70.875, 55.625, 7.871987718054152e-24, nan 
-70.625, 55.625, 9.062579951403197e-24, nan 
-70.375, 55.625, 9.425073089379717e-24, nan 
-70.125, 55.625, 9.162262630262114e-24, nan 
-69.875, 55.625, 9.526413441163742e-24, nan 
-69.625, 55.625, 8.838648468905429e-24, nan 
-69.375, 55.625, 7.563128259443177e-24, nan 
-69.125, 55.625, 7.001286373385104e-24, nan 
-68.875, 55.625, 9.02028537699388e-24, nan 
-68.625, 55.625, 8.259483884129168e-24, nan 
-68.375, 55.625, 8.097017883900091e-24, nan 
-68.125, 55.625, 7.691362361970454e-24, nan 
-67.875, 55.625, 6.402841942771512e-24, nan 
-67.625, 55.625, 5.355457445689565e-24, nan 
-67.375, 55.625, 1.0690422562445799e-23, nan 
-67.125, 55.625, 1.022536422432652e-23, nan 
-66.875, 55.625, 1.3190777445210442e-23, nan 
-66.625, 55.625, 1.5898114656978733e-23, nan 
-66.375, 55.625, 2.439458000150579e-23, nan 
-66.125, 55.625, 1.2754985081332302e-22, nan 
-65.875, 55.625, 1.8966570601816762e-23, nan 
-65.625, 55.625, 1.071325180015098e-23, nan 
-65.375, 55.625, 6.3832335264371236e-24, nan 
-65.125, 55.625, 2.572777367779382e-24, nan 
-64.875, 55.625, 1.1881920292196132e-23, nan 
-64.625, 55.625, 1.320809294363342e-23, nan 
-64.375, 55.625, 1.5279298221547624e-23, nan 
-64.125, 55.625, 1.1781586662499244e-23, nan 
-63.875, 55.625, 8.023532227496933e-24, nan 
-63.625, 55.625, 9.98136589868226e-24, nan 
-63.375, 55.625, 9.535730183652233e-24, nan 
-63.125, 55.625, 8.253042460619476e-24, nan 
-62.875, 55.625, 7.834128962965456e-24, nan 
-62.625, 55.625, 5.7801540261260984e-24, nan 
-62.375, 55.625, 7.25430281597894e-24, nan 
-62.125, 55.625, 2.8410944679575974e-23, nan 
-61.875, 55.625, 2.896031281421218e-23, nan 
-61.625, 55.625, 1.4087216645183516e-23, nan 
-61.375, 55.625, 1.5471465834676523e-23, nan 
-61.125, 55.625, 8.096386764609733e-24, nan 
-60.875, 55.625, 8.509351090645056e-24, nan 
-60.625, 55.625, 1.191885607031606e-23, nan 
-60.375, 55.625, 9.489624855712354e-24, nan 
-60.125, 55.625, 1.0919909226534466e-23, nan 
-59.875, 55.625, 1.2562470191524014e-23, nan 
-59.625, 55.625, 1.7211421009719368e-23, nan 
-59.375, 55.625, 1.8276474327280773e-23, nan 
-59.125, 55.625, 8.557896312872262e-24, nan 
-58.875, 55.625, 8.703608118173714e-24, nan 
-58.625, 55.625, 1.2031674017149157e-23, nan 
-58.375, 55.625, 1.6287073555111517e-23, nan 
-58.125, 55.625, 1.665944571706101e-23, nan 
-57.875, 55.625, 1.683064656002468e-23, nan 
-57.625, 55.625, 2.1705303933405532e-23, nan 
-57.375, 55.625, 1.6294670928868996e-23, nan 
-57.125, 55.625, 1.3740389912839008e-23, nan 
-56.875, 55.625, 1.7869720178309896e-23, nan 
-56.625, 55.625, 1.5428246133006427e-23, nan 
-56.375, 55.625, 1.6901261438182857e-23, nan 
-56.125, 55.625, 1.556587733688875e-23, nan 
-55.875, 55.625, 9.404822306433384e-24, nan 
-55.625, 55.625, 9.48617861675027e-24, nan 
-55.375, 55.625, 7.703925266961308e-24, nan 
-55.125, 55.625, 1.1721933177251029e-23, nan 
-54.875, 55.625, 9.959204515330592e-24, nan 
-54.625, 55.625, 1.1384787907709762e-23, nan 
-54.375, 55.625, 1.0794686933927063e-23, nan 
-54.125, 55.625, 8.183885189752624e-24, nan 
-53.875, 55.625, 1.0862584006100853e-23, nan 
-53.625, 55.625, 1.1587206548867023e-23, nan 
-53.375, 55.625, 8.116958159904047e-24, nan 
-53.125, 55.625, 1.4752591480722868e-23, nan 
-52.875, 55.625, 1.2333565265138786e-23, nan 
-52.625, 55.625, 8.516569418138624e-24, nan 
-52.375, 55.625, 1.9015396710033478e-23, nan 
-52.125, 55.625, 1.8450123483242827e-23, nan 
-51.875, 55.625, 1.002359276627637e-23, nan 
-51.625, 55.625, 8.927642879528363e-24, nan 
-51.375, 55.625, 1.334417064396563e-23, nan 
-51.125, 55.625, 1.2033266555465143e-23, nan 
-50.875, 55.625, 1.0900654666108202e-23, nan 
-50.625, 55.625, 1.1818716020322202e-23, nan 
-50.375, 55.625, 1.004763801872317e-23, nan 
-50.125, 55.625, 1.1077884732665618e-23, nan 
-49.875, 55.625, 1.6326355556575157e-23, nan 
-49.625, 55.625, 2.792694070617143e-23, nan 
-49.375, 55.625, 2.5131725309034093e-23, nan 
-49.125, 55.625, 8.280152348325328e-24, nan 
-48.875, 55.625, 5.9114542435600444e-24, nan 
-48.625, 55.625, 6.5349737000364665e-24, nan 
-48.375, 55.625, 4.891485444598694e-24, nan 
-48.125, 55.625, 8.08224903724815e-24, nan 
-47.875, 55.625, 1.0755705644688555e-23, nan 
-47.625, 55.625, 1.1109406548763264e-23, nan 
-47.375, 55.625, 1.7184682258428643e-23, nan 
-47.125, 55.625, 2.3839704320003615e-23, nan 
-46.875, 55.625, 2.1729662714331893e-23, nan 
-46.625, 55.625, 1.5317532562237345e-23, nan 
-46.375, 55.625, 1.4397942812776368e-23, nan 
-46.125, 55.625, 1.3057511809866835e-23, nan 
-45.875, 55.625, 1.0805293075695411e-23, nan 
-45.625, 55.625, 1.2254723206130668e-23, nan 
-45.375, 55.625, 1.9792251303768816e-23, nan 
-45.125, 55.625, 1.9959373592599747e-23, nan 
-44.875, 55.625, 1.7225809357028176e-23, nan 
-44.625, 55.625, 1.2978445330636402e-23, nan 
-44.375, 55.625, 8.358945594152099e-24, nan 
-44.125, 55.625, 8.744821525762378e-24, nan 
-43.875, 55.625, 7.530753876073793e-24, nan 
-43.625, 55.625, 2.321719601399971e-23, nan 
-43.375, 55.625, 2.83877039476726e-23, nan 
-43.125, 55.625, 1.3995900733747286e-23, nan 
-42.875, 55.625, 1.2950787935560513e-23, nan 
-42.625, 55.625, 1.565332962493852e-23, nan 
-42.375, 55.625, 1.2304823673295175e-23, nan 
-42.125, 55.625, 1.105488336042451e-23, nan 
-41.875, 55.625, 1.3443746450643284e-23, nan 
-41.625, 55.625, 1.4347802650896135e-23, nan 
-41.375, 55.625, 1.495372172405188e-23, nan 
-41.125, 55.625, 1.2032546345572613e-23, nan 
-40.875, 55.625, 1.619694368006686e-23, nan 
-40.625, 55.625, 1.6474485342997182e-23, nan 
-40.375, 55.625, 1.944733500712251e-23, nan 
-40.125, 55.625, 1.0249606210569008e-23, nan 
-39.875, 55.625, 7.278934945148684e-24, nan 
-39.625, 55.625, 7.243933116570805e-24, nan 
-39.375, 55.625, 1.0438514660433819e-23, nan 
-39.125, 55.625, 2.1508785223594012e-23, nan 
-38.875, 55.625, 2.077218822149401e-23, nan 
-38.625, 55.625, 8.335915142641675e-24, nan 
-38.375, 55.625, 1.4195228656495885e-23, nan 
-38.125, 55.625, 3.1911961316159455e-23, nan 
-37.875, 55.625, 2.6001840825606428e-23, nan 
-37.625, 55.625, 9.16797991193555e-24, nan 
-37.375, 55.625, 1.1295252977316597e-23, nan 
-37.125, 55.625, 1.3595571007685305e-23, nan 
-36.875, 55.625, 1.124278400984358e-23, nan 
-36.625, 55.625, 1.2850444049073126e-23, nan 
-36.375, 55.625, 1.9310765582048384e-23, nan 
-36.125, 55.625, 1.0952345673543616e-23, nan 
-35.875, 55.625, 2.0563310356617197e-23, nan 
-35.625, 55.625, 2.4264079793516043e-23, nan 
-35.375, 55.625, 2.9440000414822334e-23, nan 
-35.125, 55.625, 2.68910336295604e-23, nan 
-34.875, 55.625, 1.3208694254066865e-23, nan 
-34.625, 55.625, 1.573005070098416e-23, nan 
-34.375, 55.625, 1.2244156407370319e-23, nan 
-34.125, 55.625, 1.985037097159711e-23, nan 
-33.875, 55.625, 2.1150390333850056e-23, nan 
-33.625, 55.625, 7.892697986116873e-24, nan 
-33.375, 55.625, 8.957015400657093e-24, nan 
-33.125, 55.625, 1.5787378544936236e-23, nan 
-32.875, 55.625, 1.579292356669891e-23, nan 
-32.625, 55.625, 8.014394438352794e-24, nan 
-32.375, 55.625, 7.065073145733e-24, nan 
-32.125, 55.625, 7.00911361662882e-24, nan 
-31.875, 55.625, 2.33551888773594e-23, nan 
-31.625, 55.625, 2.469991343767056e-23, nan 
-31.375, 55.625, 1.1368846056746168e-23, nan 
-31.125, 55.625, 8.207759692202966e-24, nan 
-30.875, 55.625, 1.307059075926105e-23, nan 
-30.625, 55.625, 1.3855070708940684e-23, nan 
-30.375, 55.625, 1.345308249559705e-23, nan 
-30.125, 55.625, 1.0659630654109309e-23, nan 
-29.875, 55.625, 6.308045051756617e-24, nan 
-29.625, 55.625, 8.81415098072387e-24, nan 
-29.375, 55.625, 9.151772282881546e-24, nan 
-29.125, 55.625, 1.6916200757152335e-23, nan 
-28.875, 55.625, 2.1376258271616507e-23, nan 
-28.625, 55.625, 1.433918249505602e-23, nan 
-28.375, 55.625, 1.112341958929693e-23, nan 
-28.125, 55.625, 2.042539236512776e-23, nan 
-27.875, 55.625, 2.7931965921855334e-23, nan 
-27.625, 55.625, 1.995107398368857e-23, nan 
-27.375, 55.625, 1.804516284575936e-23, nan 
-27.125, 55.625, 3.252814366743166e-23, nan 
-26.875, 55.625, 3.37708622466039e-23, nan 
-26.625, 55.625, 2.0984271086620905e-23, nan 
-26.375, 55.625, 2.4311814771502123e-23, nan 
-26.125, 55.625, 2.1938893959778893e-23, nan 
-25.875, 55.625, 1.5380386334188095e-23, nan 
-25.625, 55.625, 4.593090934025898e-24, nan 
-25.375, 55.625, 8.331729926049715e-24, nan 
-25.125, 55.625, 8.11527690449332e-24, nan 
-24.875, 55.625, 1.0766602399827807e-23, nan 
-24.625, 55.625, 6.5892674737233515e-24, nan 
-24.375, 55.625, 1.6159453086327762e-23, nan 
-24.125, 55.625, 1.5359491403967276e-23, nan 
-23.875, 55.625, 1.3675385911404863e-23, nan 
-23.625, 55.625, 1.1847544580495852e-23, nan 
-23.375, 55.625, 1.027645033241212e-23, nan 
-23.125, 55.625, 1.985073462684128e-23, nan 
-22.875, 55.625, 2.4211136012610267e-23, nan 
-22.625, 55.625, 1.3821190165738075e-23, nan 
-22.375, 55.625, 8.12950017922156e-24, nan 
-22.125, 55.625, 1.6477348009160138e-23, nan 
-21.875, 55.625, 1.79075076935418e-23, nan 
-21.625, 55.625, 2.5966635171669104e-23, nan 
-21.375, 55.625, 4.6422377389155244e-23, nan 
-21.125, 55.625, 4.96738338773116e-23, nan 
-20.875, 55.625, 4.009927528302215e-23, nan 
-20.625, 55.625, 1.6217871012411562e-23, nan 
-20.375, 55.625, 4.686115780627068e-23, nan 
-20.125, 55.625, 4.774670378070921e-23, nan 
-19.875, 55.625, 6.126518647028549e-24, nan 
-19.625, 55.625, 7.034116141875823e-24, nan 
-19.375, 55.625, 9.832107168919457e-24, nan 
-19.125, 55.625, 2.4530972311054793e-23, nan 
-18.875, 55.625, 1.6721841053114605e-23, nan 
-18.625, 55.625, 1.0870488355712262e-23, nan 
-18.375, 55.625, 1.1591733189688597e-23, nan 
-18.125, 55.625, 2.2329349025917983e-23, nan 
-17.875, 55.625, 2.0689437671159287e-23, nan 
-17.625, 55.625, 2.5523423870024088e-23, nan 
-17.375, 55.625, 2.692760878538635e-23, nan 
-17.125, 55.625, 7.66639350744626e-24, nan 
-16.875, 55.625, 1.1586321394264716e-23, nan 
-16.625, 55.625, 2.3950022950250363e-23, nan 
-16.375, 55.625, 4.193304784030519e-23, nan 
-16.125, 55.625, 4.233009559237129e-23, nan 
-15.875, 55.625, 3.0871957844085405e-23, nan 
-15.625, 55.625, 3.484646063348513e-23, nan 
-15.375, 55.625, 3.268228634395513e-23, nan 
-15.125, 55.625, 2.942690495842703e-23, nan 
-14.875, 55.625, 2.311094855161317e-23, nan 
-14.625, 55.625, 1.1524466669308338e-23, nan 
-14.375, 55.625, 1.1895402673304244e-23, nan 
-14.125, 55.625, 1.2557174491903523e-23, nan 
-13.875, 55.625, 1.8673576464624738e-23, nan 
-13.625, 55.625, 1.9557455551415456e-23, nan 
-13.375, 55.625, 1.424584147503858e-23, nan 
-13.125, 55.625, 1.0991191081962175e-23, nan 
-12.875, 55.625, 1.080179242580989e-23, nan 
-12.625, 55.625, 2.0147759437232182e-23, nan 
-12.375, 55.625, 2.4066470545586716e-23, nan 
-12.125, 55.625, 2.718777067188794e-23, nan 
-11.875, 55.625, 6.671450849976875e-23, nan 
-11.625, 55.625, 3.467527635572193e-23, nan 
-11.375, 55.625, 5.099762593750488e-23, nan 
-11.125, 55.625, 8.779430813498137e-23, nan 
-10.875, 55.625, 1.1668170033009179e-22, nan 
-10.625, 55.625, 1.4846196209191492e-22, nan 
-10.375, 55.625, 1.4835072211217892e-22, nan 
-10.125, 55.625, 1.1751052164979603e-22, nan 
-9.875, 55.625, 1.0377693786473952e-22, nan 
-9.625, 55.625, 1.3882359078090503e-22, nan 
-9.375, 55.625, 9.076835870999217e-23, nan 
-9.125, 55.625, 6.004653416874611e-23, nan 
-8.875, 55.625, 5.302286657657341e-23, nan 
-8.625, 55.625, 4.0636841753590045e-23, nan 
-8.375, 55.625, 1.5146080224247768e-23, nan 
-8.125, 55.625, 1.4125461367611363e-23, nan 
-7.875, 55.625, 1.2409876718748812e-23, nan 
-7.625, 55.625, 2.821241295012723e-23, nan 
-7.375, 55.625, 2.4707369738633132e-23, nan 
-7.125, 55.625, 8.070046320120862e-24, nan 
-6.875, 55.625, 4.612831033131892e-24, nan 
-6.625, 55.625, 1.1089491784802406e-23, nan 
-6.375, 55.625, 1.0845017787953029e-23, nan 
-6.125, 55.625, 1.1310380358682565e-23, nan 
-5.875, 55.625, 1.928341559972044e-23, nan 
-5.625, 55.625, 1.9248033537632498e-23, nan 
-5.375, 55.625, 2.672605101005801e-23, nan 
-5.125, 55.625, 2.744718799872927e-23, nan 
-4.875, 55.625, 1.618032801795745e-23, nan 
-4.625, 55.625, 2.1619623513193837e-23, nan 
-4.375, 55.625, 1.1485998728320914e-23, nan 
-4.125, 55.625, 1.1193404814570097e-23, nan 
-3.875, 55.625, 2.3443754378775302e-23, nan 
-3.625, 55.625, 3.405550882899133e-23, nan 
-3.375, 55.625, 4.529956430938836e-23, nan 
-3.125, 55.625, 4.0228518077004273e-23, nan 
-2.875, 55.625, 1.8428091595799988e-23, nan 
-2.625, 55.625, 1.0713402784696192e-23, nan 
-2.375, 55.625, 1.926191250786395e-23, nan 
-2.125, 55.625, 1.43664082614202e-23, nan 
-1.875, 55.625, 3.4627455366929716e-24, nan 
-1.625, 55.625, 1.1913742860408203e-23, nan 
-1.375, 55.625, 1.5073339664342065e-23, nan 
-1.125, 55.625, 1.308048765210595e-23, nan 
-0.875, 55.625, 9.575041569991089e-24, nan 
-0.625, 55.625, 1.2650272724671265e-23, nan 
-0.375, 55.625, 1.415177890264636e-23, nan 
-0.125, 55.625, 9.448723873671902e-24, nan 
0.125, 55.625, 8.331898637413073e-24, nan 
0.375, 55.625, 1.6894676663009342e-23, nan 
0.625, 55.625, 2.1737675143789522e-23, nan 
0.875, 55.625, 1.761716605224618e-23, nan 
1.125, 55.625, 2.3667866771973497e-23, nan 
1.375, 55.625, 2.012036978073275e-23, nan 
1.625, 55.625, 1.827819518704613e-23, nan 
1.875, 55.625, 1.632773940326569e-23, nan 
2.125, 55.625, 1.4456269427325125e-23, nan 
2.375, 55.625, 1.4788363072270532e-23, nan 
2.625, 55.625, 1.4631295111910547e-23, nan 
2.875, 55.625, 1.3093142462068832e-23, nan 
3.125, 55.625, 1.0794998296614105e-23, nan 
3.375, 55.625, 1.8516836517310783e-23, nan 
3.625, 55.625, 2.0639897955382102e-23, nan 
3.875, 55.625, 3.0682865719288595e-23, nan 
4.125, 55.625, 1.8654307891765724e-23, nan 
4.375, 55.625, 8.544304756784223e-24, nan 
4.625, 55.625, 1.5118296138384405e-23, nan 
4.875, 55.625, 1.6417577367431107e-23, nan 
5.125, 55.625, 1.410980803950151e-23, nan 
5.375, 55.625, 1.1414645464118173e-23, nan 
5.625, 55.625, 7.47344235891887e-24, nan 
5.875, 55.625, 6.0321072996935635e-24, nan 
6.125, 55.625, 1.7159559203833557e-23, nan 
6.375, 55.625, 4.7009958413939126e-23, nan 
6.625, 55.625, 3.8651013778021664e-23, nan 
6.875, 55.625, 1.6847448748695563e-23, nan 
7.125, 55.625, 1.0272900553962293e-23, nan 
7.375, 55.625, 2.8943276979282896e-24, nan 
7.625, 55.625, 5.0224511127331304e-24, nan 
7.875, 55.625, 7.236228811660123e-24, nan 
8.125, 55.625, 8.087157074557734e-24, nan 
8.375, 55.625, 1.428974742354037e-23, nan 
8.625, 55.625, 2.0752241406996537e-23, nan 
8.875, 55.625, 2.0291635941181804e-23, nan 
9.125, 55.625, 2.31225167182651e-23, nan 
9.375, 55.625, 1.8847073755294674e-23, nan 
9.625, 55.625, 1.9206001187979355e-23, nan 
9.875, 55.625, 1.5003955296150487e-23, nan 
10.125, 55.625, 1.437725124901521e-23, nan 
10.375, 55.625, 1.0369941895499062e-23, nan 
10.625, 55.625, 9.694529612827445e-24, nan 
10.875, 55.625, 1.3747114008533222e-23, nan 
11.125, 55.625, 9.15569597007361e-24, nan 
11.375, 55.625, 1.0286820925100942e-23, nan 
11.625, 55.625, 8.049123290896466e-24, nan 
11.875, 55.625, 7.356722575675829e-24, nan 
12.125, 55.625, 1.1137374420915363e-23, nan 
12.375, 55.625, 1.0400869390105319e-23, nan 
12.625, 55.625, 1.3013253407926442e-23, nan 
12.875, 55.625, 1.1844107790561223e-23, nan 
13.125, 55.625, 5.488673759507226e-24, nan 
13.375, 55.625, 6.157761348180598e-24, nan 
13.625, 55.625, 7.254467793651977e-24, nan 
13.875, 55.625, 7.428832890340858e-24, nan 
14.125, 55.625, 5.9863615409618255e-24, nan 
14.375, 55.625, 1.6453991541167256e-23, nan 
14.625, 55.625, 1.893866733564651e-23, nan 
14.875, 55.625, 1.4648574768918134e-23, nan 
15.125, 55.625, 6.048940312751514e-24, nan 
15.375, 55.625, 6.904812255348267e-24, nan 
15.625, 55.625, 8.057003534836604e-24, nan 
15.875, 55.625, 5.4477420912361486e-24, nan 
-84.375, 55.875, 1.3735242147320805e-23, nan 
-84.125, 55.875, 1.399139341288928e-23, nan 
-83.875, 55.875, 1.3857813351714234e-23, nan 
-83.625, 55.875, 1.2330619801927037e-23, nan 
-83.375, 55.875, 1.1219661038644664e-23, nan 
-83.125, 55.875, 9.785052521190657e-24, nan 
-82.875, 55.875, 1.6173598991179324e-23, nan 
-82.625, 55.875, 1.6094651569885206e-23, nan 
-82.375, 55.875, 8.91444002513764e-24, nan 
-82.125, 55.875, 5.631390286926207e-24, nan 
-81.875, 55.875, 6.901151674460545e-24, nan 
-81.625, 55.875, 5.8571011488672896e-24, nan 
-81.375, 55.875, 3.348104647185866e-24, nan 
-81.125, 55.875, 4.320305962441521e-24, nan 
-80.875, 55.875, 3.30934970763679e-24, nan 
-80.625, 55.875, 3.483110115186641e-24, nan 
-80.375, 55.875, 3.209160927450373e-24, nan 
-80.125, 55.875, 3.771451510392182e-24, nan 
-79.875, 55.875, 4.271065609876764e-24, nan 
-79.625, 55.875, 3.197470738239462e-24, nan 
-79.375, 55.875, 2.1262551154086453e-24, nan 
-79.125, 55.875, 3.9091411115325135e-24, nan 
-78.875, 55.875, 3.5595168403799046e-24, nan 
-78.625, 55.875, 3.7613186296636005e-24, nan 
-78.375, 55.875, 4.671161248988995e-24, nan 
-78.125, 55.875, 3.5810808039673365e-24, nan 
-77.875, 55.875, 2.449193229714642e-24, nan 
-77.625, 55.875, 9.056059203895934e-24, nan 
-77.375, 55.875, 8.829999988564035e-24, nan 
-77.125, 55.875, 4.3921122062794416e-24, nan 
-76.875, 55.875, 4.5502705793478145e-24, nan 
-76.625, 55.875, 1.1263530292751371e-23, nan 
-76.375, 55.875, 1.0872768333141346e-23, nan 
-76.125, 55.875, 4.745377596776081e-24, nan 
-75.875, 55.875, 4.0423899584233116e-24, nan 
-75.625, 55.875, 4.332466667156116e-24, nan 
-75.375, 55.875, 3.523102205191268e-24, nan 
-75.125, 55.875, 5.737447133469051e-24, nan 
-74.875, 55.875, 4.732798168373235e-24, nan 
-74.625, 55.875, 3.442524559833078e-24, nan 
-74.375, 55.875, 2.2944655056499698e-24, nan 
-74.125, 55.875, 2.794130536449465e-24, nan 
-73.875, 55.875, 5.303306026002131e-24, nan 
-73.625, 55.875, 6.75503528488242e-24, nan 
-73.375, 55.875, 6.395146809780913e-24, nan 
-73.125, 55.875, 1.1976206498787966e-23, nan 
-72.875, 55.875, 1.1920951907726336e-23, nan 
-72.625, 55.875, 7.129003864954835e-24, nan 
-72.375, 55.875, 3.4765550223338454e-24, nan 
-72.125, 55.875, 6.643691425892604e-24, nan 
-71.875, 55.875, 8.194591002944766e-24, nan 
-71.625, 55.875, 7.09141331690594e-24, nan 
-71.375, 55.875, 7.061664980826957e-24, nan 
-71.125, 55.875, 6.875037353767368e-24, nan 
-70.875, 55.875, 8.551603894254206e-24, nan 
-70.625, 55.875, 9.577434368057494e-24, nan 
-70.375, 55.875, 9.636932101021321e-24, nan 
-70.125, 55.875, 1.0342026544778403e-23, nan 
-69.875, 55.875, 9.030718298917011e-24, nan 
-69.625, 55.875, 8.290056627980242e-24, nan 
-69.375, 55.875, 8.456048927343274e-24, nan 
-69.125, 55.875, 8.193350238119257e-24, nan 
-68.875, 55.875, 8.902529235337556e-24, nan 
-68.625, 55.875, 5.5225450451915075e-24, nan 
-68.375, 55.875, 7.823298275670583e-24, nan 
-68.125, 55.875, 8.403001202957022e-24, nan 
-67.875, 55.875, 5.690824246977363e-24, nan 
-67.625, 55.875, 4.23636492048459e-24, nan 
-67.375, 55.875, 7.071206367899223e-24, nan 
-67.125, 55.875, 1.4110852353079628e-23, nan 
-66.875, 55.875, 2.3441782219625868e-23, nan 
-66.625, 55.875, 5.848475774950415e-23, nan 
-66.375, 55.875, 2.0012897200092132e-22, nan 
-66.125, 55.875, 3.402349159103676e-22, nan 
-65.875, 55.875, 2.2478764905773932e-22, nan 
-65.625, 55.875, 1.502402812916507e-23, nan 
-65.375, 55.875, 9.498212583162407e-24, nan 
-65.125, 55.875, 2.3394317317313814e-23, nan 
-64.875, 55.875, 3.457571401473667e-23, nan 
-64.625, 55.875, 2.579724086084985e-23, nan 
-64.375, 55.875, 2.758927127091527e-23, nan 
-64.125, 55.875, 2.0042337502081702e-23, nan 
-63.875, 55.875, 1.55140529857459e-23, nan 
-63.625, 55.875, 1.361685381252769e-23, nan 
-63.375, 55.875, 7.811844680715082e-24, nan 
-63.125, 55.875, 9.372700710976144e-24, nan 
-62.875, 55.875, 8.873876260460807e-24, nan 
-62.625, 55.875, 8.800930266216045e-24, nan 
-62.375, 55.875, 1.466467728606431e-23, nan 
-62.125, 55.875, 2.909942519550711e-23, nan 
-61.875, 55.875, 3.3256647481946796e-23, nan 
-61.625, 55.875, 2.310269688142383e-23, nan 
-61.375, 55.875, 7.066551066697664e-24, nan 
-61.125, 55.875, 8.784712779979081e-24, nan 
-60.875, 55.875, 1.1071281789683288e-23, nan 
-60.625, 55.875, 1.7072578455024995e-23, nan 
-60.375, 55.875, 1.799331383376895e-23, nan 
-60.125, 55.875, 3.2929925513079255e-23, nan 
-59.875, 55.875, 3.242165633439472e-23, nan 
-59.625, 55.875, 1.430784116622871e-23, nan 
-59.375, 55.875, 1.2420054784812848e-23, nan 
-59.125, 55.875, 1.3400124043586206e-23, nan 
-58.875, 55.875, 1.049411692328662e-23, nan 
-58.625, 55.875, 6.415164643874168e-24, nan 
-58.375, 55.875, 1.6731993033050014e-23, nan 
-58.125, 55.875, 1.9777765900252759e-23, nan 
-57.875, 55.875, 2.168593524512566e-23, nan 
-57.625, 55.875, 2.3501926179118792e-23, nan 
-57.375, 55.875, 1.625909111549362e-23, nan 
-57.125, 55.875, 1.332933791488028e-23, nan 
-56.875, 55.875, 1.8173788650905642e-23, nan 
-56.625, 55.875, 1.6922007337862455e-23, nan 
-56.375, 55.875, 1.3059712149785228e-23, nan 
-56.125, 55.875, 7.895529478907938e-24, nan 
-55.875, 55.875, 1.0261512047140588e-23, nan 
-55.625, 55.875, 9.896716504400509e-24, nan 
-55.375, 55.875, 8.238397270432123e-24, nan 
-55.125, 55.875, 9.653492042715588e-24, nan 
-54.875, 55.875, 1.035125379192545e-23, nan 
-54.625, 55.875, 1.0346500557288632e-23, nan 
-54.375, 55.875, 5.16675401282629e-24, nan 
-54.125, 55.875, 1.260256415116274e-23, nan 
-53.875, 55.875, 1.970469877716698e-23, nan 
-53.625, 55.875, 2.1626223561424214e-23, nan 
-53.375, 55.875, 2.0869643096923694e-23, nan 
-53.125, 55.875, 1.8483445991188264e-23, nan 
-52.875, 55.875, 1.2099836714771435e-23, nan 
-52.625, 55.875, 1.1058904896844874e-23, nan 
-52.375, 55.875, 1.6365198435613238e-23, nan 
-52.125, 55.875, 1.2326687700620202e-23, nan 
-51.875, 55.875, 1.0662821859638155e-23, nan 
-51.625, 55.875, 9.760889465481347e-24, nan 
-51.375, 55.875, 1.0735261470510434e-23, nan 
-51.125, 55.875, 1.0571259920086908e-23, nan 
-50.875, 55.875, 1.1786841750081136e-23, nan 
-50.625, 55.875, 1.1950623548107126e-23, nan 
-50.375, 55.875, 1.3677091599023234e-23, nan 
-50.125, 55.875, 1.2127710621289842e-23, nan 
-49.875, 55.875, 1.6546724951983902e-23, nan 
-49.625, 55.875, 1.6614731321506719e-23, nan 
-49.375, 55.875, 1.175944291660611e-23, nan 
-49.125, 55.875, 7.7046523073618e-24, nan 
-48.875, 55.875, 3.5925652635107566e-24, nan 
-48.625, 55.875, 8.286627414157727e-24, nan 
-48.375, 55.875, 1.33100328478585e-23, nan 
-48.125, 55.875, 1.2223029706282925e-23, nan 
-47.875, 55.875, 1.5195035073975516e-23, nan 
-47.625, 55.875, 1.329116721753783e-23, nan 
-47.375, 55.875, 2.7228952038906385e-23, nan 
-47.125, 55.875, 3.164053132908415e-23, nan 
-46.875, 55.875, 1.8226396341073823e-23, nan 
-46.625, 55.875, 1.4417914126300404e-23, nan 
-46.375, 55.875, 1.6454139088238752e-23, nan 
-46.125, 55.875, 1.4620462434409757e-23, nan 
-45.875, 55.875, 1.130416101401757e-23, nan 
-45.625, 55.875, 8.623526959121206e-24, nan 
-45.375, 55.875, 7.620456130100065e-24, nan 
-45.125, 55.875, 5.796317422470437e-24, nan 
-44.875, 55.875, 6.0848152220104946e-24, nan 
-44.625, 55.875, 8.779390051040332e-24, nan 
-44.375, 55.875, 1.1053079135221761e-23, nan 
-44.125, 55.875, 1.0848877782769358e-23, nan 
-43.875, 55.875, 1.1756511066483685e-23, nan 
-43.625, 55.875, 1.4664965464734385e-23, nan 
-43.375, 55.875, 1.2458873131441666e-23, nan 
-43.125, 55.875, 1.4010094400657256e-23, nan 
-42.875, 55.875, 1.540209948022829e-23, nan 
-42.625, 55.875, 1.5434966605406137e-23, nan 
-42.375, 55.875, 9.801360143925175e-24, nan 
-42.125, 55.875, 1.3155436256189291e-23, nan 
-41.875, 55.875, 1.3083197293461623e-23, nan 
-41.625, 55.875, 1.0716773772352865e-23, nan 
-41.375, 55.875, 7.341314342241181e-24, nan 
-41.125, 55.875, 1.8111006435459467e-23, nan 
-40.875, 55.875, 2.0237255917799395e-23, nan 
-40.625, 55.875, 1.360814089525834e-23, nan 
-40.375, 55.875, 9.734744668247569e-24, nan 
-40.125, 55.875, 1.330410819860169e-23, nan 
-39.875, 55.875, 1.1365205992364796e-23, nan 
-39.625, 55.875, 9.135378979576634e-24, nan 
-39.375, 55.875, 1.1487605628904588e-23, nan 
-39.125, 55.875, 1.4739280969997088e-23, nan 
-38.875, 55.875, 1.2097843077226022e-23, nan 
-38.625, 55.875, 4.047229274800685e-24, nan 
-38.375, 55.875, 1.6385036095513586e-23, nan 
-38.125, 55.875, 2.34378763828507e-23, nan 
-37.875, 55.875, 9.519810507485999e-24, nan 
-37.625, 55.875, 1.3485881149363615e-23, nan 
-37.375, 55.875, 2.5244528894589775e-23, nan 
-37.125, 55.875, 2.667639098447149e-23, nan 
-36.875, 55.875, 1.0182833935303928e-23, nan 
-36.625, 55.875, 1.2197664101705649e-23, nan 
-36.375, 55.875, 1.3218661473965166e-23, nan 
-36.125, 55.875, 1.5266863550652963e-23, nan 
-35.875, 55.875, 2.4099994311349267e-23, nan 
-35.625, 55.875, 2.756012911728355e-23, nan 
-35.375, 55.875, 1.6435571434425574e-23, nan 
-35.125, 55.875, 1.6025936361016812e-23, nan 
-34.875, 55.875, 1.596461069757512e-23, nan 
-34.625, 55.875, 1.3701091828022856e-23, nan 
-34.375, 55.875, 8.336721888313924e-24, nan 
-34.125, 55.875, 1.447106191643949e-23, nan 
-33.875, 55.875, 1.684751835085135e-23, nan 
-33.625, 55.875, 1.893476704473181e-23, nan 
-33.375, 55.875, 1.1718870155348058e-23, nan 
-33.125, 55.875, 8.564576401464931e-24, nan 
-32.875, 55.875, 6.6041405130304636e-24, nan 
-32.625, 55.875, 1.1234538144524732e-23, nan 
-32.375, 55.875, 1.1049925607470892e-23, nan 
-32.125, 55.875, 1.0157049919485308e-23, nan 
-31.875, 55.875, 1.6644503704142193e-23, nan 
-31.625, 55.875, 1.4959840471315961e-23, nan 
-31.375, 55.875, 8.473374104454769e-24, nan 
-31.125, 55.875, 1.0738013263922776e-23, nan 
-30.875, 55.875, 1.3986934920950916e-23, nan 
-30.625, 55.875, 1.87895245192745e-23, nan 
-30.375, 55.875, 1.6113319047213698e-23, nan 
-30.125, 55.875, 1.824027401403736e-23, nan 
-29.875, 55.875, 2.5190535640713712e-23, nan 
-29.625, 55.875, 2.360389469494595e-23, nan 
-29.375, 55.875, 6.852969771986422e-24, nan 
-29.125, 55.875, 7.586988726434269e-24, nan 
-28.875, 55.875, 1.605403664464254e-23, nan 
-28.625, 55.875, 3.29437324720157e-23, nan 
-28.375, 55.875, 4.687335136325286e-23, nan 
-28.125, 55.875, 4.475738433055196e-23, nan 
-27.875, 55.875, 4.2790140242902537e-23, nan 
-27.625, 55.875, 3.7891775428030045e-23, nan 
-27.375, 55.875, 2.1308945910903074e-23, nan 
-27.125, 55.875, 1.0583523420735605e-23, nan 
-26.875, 55.875, 1.531534608244717e-23, nan 
-26.625, 55.875, 3.0242765170030434e-23, nan 
-26.375, 55.875, 2.996351097640069e-23, nan 
-26.125, 55.875, 2.3874309826671864e-23, nan 
-25.875, 55.875, 2.504043191405098e-23, nan 
-25.625, 55.875, 2.0682363257679745e-23, nan 
-25.375, 55.875, 1.8046588869054937e-23, nan 
-25.125, 55.875, 1.576710517453239e-23, nan 
-24.875, 55.875, 1.2971692400416744e-23, nan 
-24.625, 55.875, 1.0681795723623408e-23, nan 
-24.375, 55.875, 1.5079360275473435e-23, nan 
-24.125, 55.875, 1.8370076452704734e-23, nan 
-23.875, 55.875, 1.626332947161683e-23, nan 
-23.625, 55.875, 9.549894465562783e-24, nan 
-23.375, 55.875, 7.987790605085715e-24, nan 
-23.125, 55.875, 1.094005605594119e-23, nan 
-22.875, 55.875, 1.34184839516483e-23, nan 
-22.625, 55.875, 1.2953877398210244e-23, nan 
-22.375, 55.875, 1.9341746225279934e-23, nan 
-22.125, 55.875, 1.9012595374496422e-23, nan 
-21.875, 55.875, 8.024284657812664e-24, nan 
-21.625, 55.875, 1.2388435718082306e-23, nan 
-21.375, 55.875, 1.5176590948809997e-23, nan 
-21.125, 55.875, 2.1107541584194163e-23, nan 
-20.875, 55.875, 2.923211703956915e-23, nan 
-20.625, 55.875, 3.2788534731080226e-23, nan 
-20.375, 55.875, 3.065293144608394e-23, nan 
-20.125, 55.875, 3.8111417524185934e-23, nan 
-19.875, 55.875, 2.910559594722339e-23, nan 
-19.625, 55.875, 5.055882365057117e-24, nan 
-19.375, 55.875, 2.1821748221361202e-23, nan 
-19.125, 55.875, 3.215990240872647e-23, nan 
-18.875, 55.875, 2.0495670710090588e-23, nan 
-18.625, 55.875, 8.834998052577126e-24, nan 
-18.375, 55.875, 8.738981623216065e-24, nan 
-18.125, 55.875, 1.9450208265771947e-23, nan 
-17.875, 55.875, 2.357888687574702e-23, nan 
-17.625, 55.875, 2.7076842461759603e-23, nan 
-17.375, 55.875, 2.0209423731861696e-23, nan 
-17.125, 55.875, 9.344152272466695e-24, nan 
-16.875, 55.875, 1.1649222240969468e-23, nan 
-16.625, 55.875, 2.4791688604245917e-23, nan 
-16.375, 55.875, 3.804985580717711e-23, nan 
-16.125, 55.875, 3.441322095670594e-23, nan 
-15.875, 55.875, 2.7496567665348334e-23, nan 
-15.625, 55.875, 4.1395359238346225e-23, nan 
-15.375, 55.875, 4.867352876178947e-23, nan 
-15.125, 55.875, 3.5449978321458166e-23, nan 
-14.875, 55.875, 1.698121068943488e-23, nan 
-14.625, 55.875, 1.0638475788156505e-23, nan 
-14.375, 55.875, 8.851028645720579e-24, nan 
-14.125, 55.875, 8.998821605856748e-24, nan 
-13.875, 55.875, 1.0137629910616524e-23, nan 
-13.625, 55.875, 1.9417683804269875e-23, nan 
-13.375, 55.875, 1.869868437562248e-23, nan 
-13.125, 55.875, 1.2270058057909564e-23, nan 
-12.875, 55.875, 1.0296838489383157e-23, nan 
-12.625, 55.875, 9.82561350986487e-24, nan 
-12.375, 55.875, 1.8525185624986932e-23, nan 
-12.125, 55.875, 1.618414243626091e-23, nan 
-11.875, 55.875, 1.9537169811767857e-23, nan 
-11.625, 55.875, 1.4762900823476668e-23, nan 
-11.375, 55.875, 6.795875425892083e-23, nan 
-11.125, 55.875, 1.069822757900035e-22, nan 
-10.875, 55.875, 1.3760979501615662e-22, nan 
-10.625, 55.875, 1.1763918039940873e-22, nan 
-10.375, 55.875, 6.756234217153499e-23, nan 
-10.125, 55.875, 9.33641178572647e-23, nan 
-9.875, 55.875, 1.399180834422037e-22, nan 
-9.625, 55.875, 1.3130805187957504e-22, nan 
-9.375, 55.875, 6.783496852723944e-23, nan 
-9.125, 55.875, 7.494459302004624e-23, nan 
-8.875, 55.875, 7.324105612416906e-23, nan 
-8.625, 55.875, 6.549138528547456e-23, nan 
-8.375, 55.875, 5.2244078012623725e-23, nan 
-8.125, 55.875, 4.6722725228291187e-23, nan 
-7.875, 55.875, 5.116261654493625e-23, nan 
-7.625, 55.875, 3.659353201630197e-23, nan 
-7.375, 55.875, 9.52356331061456e-24, nan 
-7.125, 55.875, 9.585214144293588e-24, nan 
-6.875, 55.875, 7.984735036938928e-24, nan 
-6.625, 55.875, 9.043687588015124e-24, nan 
-6.375, 55.875, 1.1132137198617264e-23, nan 
-6.125, 55.875, 1.469900963363256e-23, nan 
-5.875, 55.875, 2.3126071415761507e-23, nan 
-5.625, 55.875, 2.2573050621426676e-23, nan 
-5.375, 55.875, 1.5186748170412014e-23, nan 
-5.125, 55.875, 2.612114672084768e-23, nan 
-4.875, 55.875, 2.0081871602995625e-23, nan 
-4.625, 55.875, 7.364339004372373e-24, nan 
-4.375, 55.875, 5.704156915551006e-24, nan 
-4.125, 55.875, 1.17785593158169e-23, nan 
-3.875, 55.875, 1.1220787703901245e-23, nan 
-3.625, 55.875, 1.1515258148201411e-23, nan 
-3.375, 55.875, 2.5560722155094392e-23, nan 
-3.125, 55.875, 8.837673609411817e-24, nan 
-2.875, 55.875, 1.5649882223230273e-23, nan 
-2.625, 55.875, 1.580831646285239e-23, nan 
-2.375, 55.875, 1.412961931907365e-23, nan 
-2.125, 55.875, 7.531055078494835e-24, nan 
-1.875, 55.875, 8.462775469082672e-24, nan 
-1.625, 55.875, 8.124799903709501e-24, nan 
-1.375, 55.875, 1.7574743340468333e-23, nan 
-1.125, 55.875, 1.9537705409053397e-23, nan 
-0.875, 55.875, 1.5206079103045945e-23, nan 
-0.625, 55.875, 1.749918295333751e-23, nan 
-0.375, 55.875, 1.869545119591632e-23, nan 
-0.125, 55.875, 1.8869409621586588e-23, nan 
0.125, 55.875, 1.6415972355459053e-23, nan 
0.375, 55.875, 1.687542147368972e-23, nan 
0.625, 55.875, 2.6651315688018903e-23, nan 
0.875, 55.875, 2.253670676948104e-23, nan 
1.125, 55.875, 1.595676917361588e-23, nan 
1.375, 55.875, 1.390022036401978e-23, nan 
1.625, 55.875, 2.1181175098114282e-23, nan 
1.875, 55.875, 2.0126968945368363e-23, nan 
2.125, 55.875, 1.180005165194577e-23, nan 
2.375, 55.875, 7.085470902164561e-24, nan 
2.625, 55.875, 1.3014481613662761e-23, nan 
2.875, 55.875, 1.4375395468893582e-23, nan 
3.125, 55.875, 7.56802223802291e-24, nan 
3.375, 55.875, 4.539766945264152e-23, nan 
3.625, 55.875, 5.566645480490256e-23, nan 
3.875, 55.875, 6.183928907850273e-23, nan 
4.125, 55.875, 4.2002907360229836e-23, nan 
4.375, 55.875, 1.4144617745867317e-23, nan 
4.625, 55.875, 1.94485215010755e-23, nan 
4.875, 55.875, 1.514096106812491e-23, nan 
5.125, 55.875, 1.3929925380967796e-23, nan 
5.375, 55.875, 1.1660982210796658e-23, nan 
5.625, 55.875, 7.843590950826918e-24, nan 
5.875, 55.875, 1.9245089676263688e-23, nan 
6.125, 55.875, 4.8302374659395607e-23, nan 
6.375, 55.875, 5.420960312030312e-23, nan 
6.625, 55.875, 4.1224442580714057e-23, nan 
6.875, 55.875, 2.75796919916132e-23, nan 
7.125, 55.875, 1.9369815859968643e-23, nan 
7.375, 55.875, 6.3388964440299375e-24, nan 
7.625, 55.875, 8.707988250149563e-24, nan 
7.875, 55.875, 2.0862471227771326e-23, nan 
8.125, 55.875, 1.8411497270860427e-23, nan 
8.375, 55.875, 1.5184780093630517e-23, nan 
8.625, 55.875, 2.111503020321816e-23, nan 
8.875, 55.875, 2.4007752257378396e-23, nan 
9.125, 55.875, 1.9024936736523896e-23, nan 
9.375, 55.875, 1.9365761162792693e-23, nan 
9.625, 55.875, 1.992316385842145e-23, nan 
9.875, 55.875, 1.0760734105282209e-23, nan 
10.125, 55.875, 1.129501907238021e-23, nan 
10.375, 55.875, 1.0728682280274035e-23, nan 
10.625, 55.875, 1.0790515202504721e-23, nan 
10.875, 55.875, 1.6306931949243195e-23, nan 
11.125, 55.875, 1.1707872010458495e-23, nan 
11.375, 55.875, 1.0718647792800017e-23, nan 
11.625, 55.875, 1.1256155257511859e-23, nan 
11.875, 55.875, 1.4568055402566372e-23, nan 
12.125, 55.875, 1.2820623545658383e-23, nan 
12.375, 55.875, 1.2425591449249612e-23, nan 
12.625, 55.875, 1.0922546365089372e-23, nan 
12.875, 55.875, 1.4875873119100768e-23, nan 
13.125, 55.875, 1.3223459857729175e-23, nan 
13.375, 55.875, 6.898578982503143e-24, nan 
13.625, 55.875, 8.832858364117804e-24, nan 
13.875, 55.875, 1.2049730910299127e-23, nan 
14.125, 55.875, 1.2703328492011438e-23, nan 
14.375, 55.875, 1.3534098933348458e-23, nan 
14.625, 55.875, 1.1494709215148665e-23, nan 
14.875, 55.875, 6.1757145090538874e-24, nan 
15.125, 55.875, 1.542691761211275e-23, nan 
15.375, 55.875, 2.2648197337126685e-23, nan 
15.625, 55.875, 1.5268230865980886e-23, nan 
15.875, 55.875, 1.2099401469666736e-23, nan 
16.125, 55.875, 1.5070166285228833e-23, nan 
16.375, 55.875, 9.130287447594249e-24, nan 
16.625, 55.875, 8.641878302146285e-24, nan 
16.875, 55.875, 9.667022500268091e-24, nan 
-85.625, 56.125, 1.4723054699097533e-23, nan 
-85.375, 56.125, 1.5383426863345553e-23, nan 
-85.125, 56.125, 1.3658425542513912e-23, nan 
-84.875, 56.125, 1.2870918031352312e-23, nan 
-84.625, 56.125, 1.431929536550874e-23, nan 
-84.375, 56.125, 1.4900853941355052e-23, nan 
-84.125, 56.125, 1.499699749758209e-23, nan 
-83.875, 56.125, 1.363026759425755e-23, nan 
-83.625, 56.125, 1.0119842115435214e-23, nan 
-83.375, 56.125, 1.1754327271999914e-23, nan 
-83.125, 56.125, 1.566588709863757e-23, nan 
-82.875, 56.125, 1.3923838985139028e-23, nan 
-82.625, 56.125, 9.92163115191938e-24, nan 
-82.375, 56.125, 1.1313560196613414e-23, nan 
-82.125, 56.125, 9.482222012311631e-24, nan 
-81.875, 56.125, 5.676471354322741e-24, nan 
-81.625, 56.125, 6.25967870289238e-24, nan 
-81.375, 56.125, 7.232197179892745e-24, nan 
-81.125, 56.125, 1.2296861946342707e-23, nan 
-80.875, 56.125, 1.0432495478691582e-23, nan 
-80.625, 56.125, 3.366058906338432e-24, nan 
-80.375, 56.125, 2.38830840506312e-24, nan 
-80.125, 56.125, 5.7506700174159415e-24, nan 
-79.875, 56.125, 5.355563470778399e-24, nan 
-79.625, 56.125, 1.1760175042077371e-24, nan 
-79.375, 56.125, 2.19769249708334e-24, nan 
-79.125, 56.125, 4.618014351663745e-24, nan 
-78.875, 56.125, 4.961059899081077e-24, nan 
-78.625, 56.125, 4.551337850940535e-24, nan 
-78.375, 56.125, 4.472347610363227e-24, nan 
-78.125, 56.125, 3.2898847973037917e-24, nan 
-77.875, 56.125, 2.4107444456903016e-24, nan 
-77.625, 56.125, 2.9689403430539136e-24, nan 
-77.375, 56.125, 8.675527593764331e-24, nan 
-77.125, 56.125, 9.248319542975403e-24, nan 
-76.875, 56.125, 7.087705055172423e-24, nan 
-76.625, 56.125, 1.0149709691106434e-23, nan 
-76.375, 56.125, 9.347309577244899e-24, nan 
-76.125, 56.125, 8.788470790128956e-24, nan 
-75.875, 56.125, 6.843162176631221e-24, nan 
-75.625, 56.125, 6.652313102260854e-24, nan 
-75.375, 56.125, 5.7824840840122824e-24, nan 
-75.125, 56.125, 4.900800812055773e-24, nan 
-74.875, 56.125, 6.222568718031741e-24, nan 
-74.625, 56.125, 5.66872372401873e-24, nan 
-74.375, 56.125, 3.972776724048682e-24, nan 
-74.125, 56.125, 2.1643999492019797e-24, nan 
-73.875, 56.125, 8.304283553571192e-24, nan 
-73.625, 56.125, 1.2878212716499534e-23, nan 
-73.375, 56.125, 1.113405422505777e-23, nan 
-73.125, 56.125, 9.128867134634294e-24, nan 
-72.875, 56.125, 6.53919101634376e-24, nan 
-72.625, 56.125, 5.58451011301029e-24, nan 
-72.375, 56.125, 4.9956949292679506e-24, nan 
-72.125, 56.125, 5.61389094708083e-24, nan 
-71.875, 56.125, 6.739433156641535e-24, nan 
-71.625, 56.125, 7.355203544224242e-24, nan 
-71.375, 56.125, 7.709243455572365e-24, nan 
-71.125, 56.125, 8.528849572691798e-24, nan 
-70.875, 56.125, 8.516019720025548e-24, nan 
-70.625, 56.125, 9.446503383508182e-24, nan 
-70.375, 56.125, 9.695789665571055e-24, nan 
-70.125, 56.125, 9.941198484791761e-24, nan 
-69.875, 56.125, 9.954065746946096e-24, nan 
-69.625, 56.125, 8.591733015558395e-24, nan 
-69.375, 56.125, 7.378703556052153e-24, nan 
-69.125, 56.125, 6.907749829221106e-24, nan 
-68.875, 56.125, 6.366124855808361e-24, nan 
-68.625, 56.125, 8.108708708469086e-24, nan 
-68.375, 56.125, 1.021840457195885e-23, nan 
-68.125, 56.125, 6.942874538543068e-24, nan 
-67.875, 56.125, 3.033849404449011e-24, nan 
-67.625, 56.125, 6.1029503097815876e-24, nan 
-67.375, 56.125, 6.876927272006288e-24, nan 
-67.125, 56.125, 4.794444068741707e-24, nan 
-66.875, 56.125, 1.799091104455474e-23, nan 
-66.625, 56.125, 2.3657501441175574e-23, nan 
-66.375, 56.125, 2.822836080853938e-23, nan 
-66.125, 56.125, 1.2012551687377688e-22, nan 
-65.875, 56.125, 1.39969082608556e-23, nan 
-65.625, 56.125, 1.7564865114155857e-23, nan 
-65.375, 56.125, 1.5727282705266594e-23, nan 
-65.125, 56.125, 2.047730692795642e-23, nan 
-64.875, 56.125, 3.043840579370785e-23, nan 
-64.625, 56.125, 3.6094325957900184e-23, nan 
-64.375, 56.125, 3.131978182178549e-23, nan 
-64.125, 56.125, 1.4123622182287087e-23, nan 
-63.875, 56.125, 1.1301383864847082e-23, nan 
-63.625, 56.125, 1.1843914603681141e-23, nan 
-63.375, 56.125, 1.201576297056314e-23, nan 
-63.125, 56.125, 1.1120995671960651e-23, nan 
-62.875, 56.125, 1.3268855073160753e-23, nan 
-62.625, 56.125, 1.3094050774804994e-23, nan 
-62.375, 56.125, 1.0598657758634589e-23, nan 
-62.125, 56.125, 2.306921460277368e-23, nan 
-61.875, 56.125, 1.9488938896168553e-23, nan 
-61.625, 56.125, 1.166283381925277e-23, nan 
-61.375, 56.125, 1.3039341670246354e-23, nan 
-61.125, 56.125, 1.5223438994227128e-23, nan 
-60.875, 56.125, 1.3251869121628542e-23, nan 
-60.625, 56.125, 1.0383575058876837e-23, nan 
-60.375, 56.125, 1.623099692904366e-23, nan 
-60.125, 56.125, 1.9988344675842014e-23, nan 
-59.875, 56.125, 2.0889658235938213e-23, nan 
-59.625, 56.125, 1.9696267971766204e-23, nan 
-59.375, 56.125, 8.406138384449679e-24, nan 
-59.125, 56.125, 1.2236978157364038e-23, nan 
-58.875, 56.125, 1.155750961476095e-23, nan 
-58.625, 56.125, 1.7032620289940766e-23, nan 
-58.375, 56.125, 2.6042086083199134e-23, nan 
-58.125, 56.125, 2.1419177018707652e-23, nan 
-57.875, 56.125, 2.2798091971443928e-23, nan 
-57.625, 56.125, 2.0486124834906384e-23, nan 
-57.375, 56.125, 1.2633299315447609e-23, nan 
-57.125, 56.125, 1.478338808060051e-23, nan 
-56.875, 56.125, 1.9674586094430626e-23, nan 
-56.625, 56.125, 1.2360375466106575e-23, nan 
-56.375, 56.125, 1.0099582805310863e-23, nan 
-56.125, 56.125, 1.4215317195127706e-23, nan 
-55.875, 56.125, 1.466766788088571e-23, nan 
-55.625, 56.125, 1.2767196922209342e-23, nan 
-55.375, 56.125, 1.467605636100476e-23, nan 
-55.125, 56.125, 1.23761475794639e-23, nan 
-54.875, 56.125, 8.537577411843773e-24, nan 
-54.625, 56.125, 8.520718743919952e-24, nan 
-54.375, 56.125, 1.342843229438533e-23, nan 
-54.125, 56.125, 1.3159498313656908e-23, nan 
-53.875, 56.125, 1.7726813404451363e-23, nan 
-53.625, 56.125, 1.7942457505773587e-23, nan 
-53.375, 56.125, 1.5014304179478218e-23, nan 
-53.125, 56.125, 1.1574882077226319e-23, nan 
-52.875, 56.125, 9.677461045536704e-24, nan 
-52.625, 56.125, 1.1742169641821695e-23, nan 
-52.375, 56.125, 1.2769422127526184e-23, nan 
-52.125, 56.125, 9.749664939684663e-24, nan 
-51.875, 56.125, 9.185869463311387e-24, nan 
-51.625, 56.125, 7.7150246855036e-24, nan 
-51.375, 56.125, 9.35575890175795e-24, nan 
-51.125, 56.125, 9.205224987867784e-24, nan 
-50.875, 56.125, 6.989604787482548e-24, nan 
-50.625, 56.125, 6.376499915127554e-24, nan 
-50.375, 56.125, 1.0597959244495782e-23, nan 
-50.125, 56.125, 1.077972263057131e-23, nan 
-49.875, 56.125, 9.704850013725993e-24, nan 
-49.625, 56.125, 1.4121071293055395e-23, nan 
-49.375, 56.125, 1.3032371852409153e-23, nan 
-49.125, 56.125, 1.6154145368405521e-24, nan 
-48.875, 56.125, 2.691156984576904e-24, nan 
-48.625, 56.125, 9.15979606955153e-24, nan 
-48.375, 56.125, 1.348814446032206e-23, nan 
-48.125, 56.125, 2.293518739985503e-23, nan 
-47.875, 56.125, 2.4030402018542385e-23, nan 
-47.625, 56.125, 2.2514920460493206e-23, nan 
-47.375, 56.125, 3.5352712153184775e-23, nan 
-47.125, 56.125, 3.237034481081443e-23, nan 
-46.875, 56.125, 1.7863849732101612e-23, nan 
-46.625, 56.125, 1.6188432934886066e-23, nan 
-46.375, 56.125, 1.8469906967690463e-23, nan 
-46.125, 56.125, 1.4629215652419172e-23, nan 
-45.875, 56.125, 1.8519414276507096e-24, nan 
-45.625, 56.125, 6.769492748619246e-24, nan 
-45.375, 56.125, 7.627898019526731e-24, nan 
-45.125, 56.125, 5.9806322593166155e-24, nan 
-44.875, 56.125, 6.753676267262337e-24, nan 
-44.625, 56.125, 1.442058786873228e-23, nan 
-44.375, 56.125, 1.415238610700795e-23, nan 
-44.125, 56.125, 8.641729173249213e-24, nan 
-43.875, 56.125, 1.3188051309277633e-23, nan 
-43.625, 56.125, 1.3289548832558665e-23, nan 
-43.375, 56.125, 1.0749315249353568e-23, nan 
-43.125, 56.125, 1.3199183905965798e-23, nan 
-42.875, 56.125, 1.2500166583876863e-23, nan 
-42.625, 56.125, 7.47381460060949e-24, nan 
-42.375, 56.125, 9.604270032858121e-24, nan 
-42.125, 56.125, 9.390783284257062e-24, nan 
-41.875, 56.125, 8.634841651999468e-24, nan 
-41.625, 56.125, 7.416117242720338e-24, nan 
-41.375, 56.125, 1.0878971425810661e-23, nan 
-41.125, 56.125, 1.2749210835514964e-23, nan 
-40.875, 56.125, 9.626222355529092e-24, nan 
-40.625, 56.125, 1.3850899328744397e-23, nan 
-40.375, 56.125, 1.5149375849302485e-23, nan 
-40.125, 56.125, 1.651182231229189e-23, nan 
-39.875, 56.125, 1.7373218857978628e-23, nan 
-39.625, 56.125, 1.983420295454509e-23, nan 
-39.375, 56.125, 1.5466906399957866e-23, nan 
-39.125, 56.125, 1.27036177355383e-23, nan 
-38.875, 56.125, 1.0338227724445747e-23, nan 
-38.625, 56.125, 6.650041399576432e-24, nan 
-38.375, 56.125, 6.135605691866853e-24, nan 
-38.125, 56.125, 6.763297490747264e-24, nan 
-37.875, 56.125, 9.639037055389091e-24, nan 
-37.625, 56.125, 2.689379859498289e-23, nan 
-37.375, 56.125, 3.5151329155601454e-23, nan 
-37.125, 56.125, 4.076603820125626e-23, nan 
-36.875, 56.125, 2.2126477097737137e-23, nan 
-36.625, 56.125, 1.6797812713410004e-23, nan 
-36.375, 56.125, 2.0400285123670842e-23, nan 
-36.125, 56.125, 2.4093990042586115e-23, nan 
-35.875, 56.125, 2.0412861616596417e-23, nan 
-35.625, 56.125, 2.0491402529403555e-23, nan 
-35.375, 56.125, 1.882655035829296e-23, nan 
-35.125, 56.125, 2.010973542473839e-23, nan 
-34.875, 56.125, 1.4319913360680873e-23, nan 
-34.625, 56.125, 1.6314203891811088e-23, nan 
-34.375, 56.125, 2.9397790404802464e-23, nan 
-34.125, 56.125, 2.6908023143868185e-23, nan 
-33.875, 56.125, 1.7688622254925345e-23, nan 
-33.625, 56.125, 2.228865420291613e-23, nan 
-33.375, 56.125, 1.6707220010837522e-23, nan 
-33.125, 56.125, 1.1194501576362476e-23, nan 
-32.875, 56.125, 6.708021925154823e-24, nan 
-32.625, 56.125, 1.404500519136325e-23, nan 
-32.375, 56.125, 1.4530698774828877e-23, nan 
-32.125, 56.125, 2.0190079222932964e-23, nan 
-31.875, 56.125, 2.5098750167956924e-23, nan 
-31.625, 56.125, 2.2010135862999123e-23, nan 
-31.375, 56.125, 1.878241389982751e-23, nan 
-31.125, 56.125, 1.2848855777587172e-23, nan 
-30.875, 56.125, 1.2213090948020387e-23, nan 
-30.625, 56.125, 1.777462294667779e-23, nan 
-30.375, 56.125, 2.3073970445307263e-23, nan 
-30.125, 56.125, 2.421067069993442e-23, nan 
-29.875, 56.125, 2.873041368159122e-23, nan 
-29.625, 56.125, 3.6603585783201513e-23, nan 
-29.375, 56.125, 2.7163366803167945e-23, nan 
-29.125, 56.125, 1.6697624421722563e-23, nan 
-28.875, 56.125, 2.2461646382809936e-23, nan 
-28.625, 56.125, 2.8999983850062044e-23, nan 
-28.375, 56.125, 3.315962333093945e-23, nan 
-28.125, 56.125, 3.0195059753591304e-23, nan 
-27.875, 56.125, 3.4706424595053564e-23, nan 
-27.625, 56.125, 3.3055195550012254e-23, nan 
-27.375, 56.125, 2.4957747966919023e-23, nan 
-27.125, 56.125, 2.660062557983953e-23, nan 
-26.875, 56.125, 2.5174749040622682e-23, nan 
-26.625, 56.125, 2.0065254092105345e-23, nan 
-26.375, 56.125, 9.617349539047512e-24, nan 
-26.125, 56.125, 8.10604192637857e-24, nan 
-25.875, 56.125, 1.853912616595756e-23, nan 
-25.625, 56.125, 1.6563875367117572e-23, nan 
-25.375, 56.125, 1.4692512634289806e-23, nan 
-25.125, 56.125, 1.2275246585723648e-23, nan 
-24.875, 56.125, 1.1998742995945332e-23, nan 
-24.625, 56.125, 1.6364288845360018e-23, nan 
-24.375, 56.125, 2.917022252722287e-23, nan 
-24.125, 56.125, 2.992312947472301e-23, nan 
-23.875, 56.125, 2.2020737425380832e-23, nan 
-23.625, 56.125, 1.6819272092807332e-23, nan 
-23.375, 56.125, 1.2822228074744262e-23, nan 
-23.125, 56.125, 9.924469697638317e-24, nan 
-22.875, 56.125, 2.3317809127479126e-23, nan 
-22.625, 56.125, 1.8632919442154216e-23, nan 
-22.375, 56.125, 1.67075967174235e-23, nan 
-22.125, 56.125, 1.5654839473990134e-23, nan 
-21.875, 56.125, 1.4875157432433003e-23, nan 
-21.625, 56.125, 1.8918960690350514e-23, nan 
-21.375, 56.125, 1.591159007557033e-23, nan 
-21.125, 56.125, 7.120305218138393e-24, nan 
-20.875, 56.125, 1.162977600133961e-23, nan 
-20.625, 56.125, 2.6958459069328735e-23, nan 
-20.375, 56.125, 2.1846083138311007e-23, nan 
-20.125, 56.125, 1.0525320106990666e-23, nan 
-19.875, 56.125, 1.8229875457607576e-23, nan 
-19.625, 56.125, 2.196387822982529e-23, nan 
-19.375, 56.125, 3.414879454957001e-23, nan 
-19.125, 56.125, 3.832899667778075e-23, nan 
-18.875, 56.125, 3.27746539094309e-23, nan 
-18.625, 56.125, 2.3768216911995616e-23, nan 
-18.375, 56.125, 2.2449598284670973e-24, nan 
-18.125, 56.125, 6.680919477540987e-24, nan 
-17.875, 56.125, 1.246784499215573e-23, nan 
-17.625, 56.125, 1.592217513894777e-23, nan 
-17.375, 56.125, 5.4116238941288855e-24, nan 
-17.125, 56.125, 7.395940079473232e-24, nan 
-16.875, 56.125, 8.455249712368224e-24, nan 
-16.625, 56.125, 1.3157715734732832e-23, nan 
-16.375, 56.125, 3.160350180593542e-23, nan 
-16.125, 56.125, 5.2217041267364804e-23, nan 
-15.875, 56.125, 6.318432510433015e-23, nan 
-15.625, 56.125, 6.369907482861743e-23, nan 
-15.375, 56.125, 1.1872648461384662e-22, nan 
-15.125, 56.125, 1.1659136739813158e-22, nan 
-14.875, 56.125, 2.8742058745057617e-23, nan 
-14.625, 56.125, 1.421040475826348e-23, nan 
-14.375, 56.125, 1.1445146917535784e-23, nan 
-14.125, 56.125, 1.429886042561223e-23, nan 
-13.875, 56.125, 1.425647036909323e-23, nan 
-13.625, 56.125, 1.0899760923919584e-23, nan 
-13.375, 56.125, 1.2477432594749583e-23, nan 
-13.125, 56.125, 1.4614691953943858e-23, nan 
-12.875, 56.125, 1.505219417864525e-23, nan 
-12.625, 56.125, 1.4086732918710433e-23, nan 
-12.375, 56.125, 1.3646973718966854e-23, nan 
-12.125, 56.125, 1.3714862280290524e-23, nan 
-11.875, 56.125, 1.3096023657846214e-23, nan 
-11.625, 56.125, 2.3960311154387227e-23, nan 
-11.375, 56.125, 1.3250932035340739e-22, nan 
-11.125, 56.125, 1.9108826601930537e-22, nan 
-10.875, 56.125, 1.73294218668685e-22, nan 
-10.625, 56.125, 1.3425823214456523e-22, nan 
-10.375, 56.125, 1.5918022779438186e-22, nan 
-10.125, 56.125, 2.3544049555349844e-22, nan 
-9.875, 56.125, 2.6352491862761243e-22, nan 
-9.625, 56.125, 2.8473461609364608e-22, nan 
-9.375, 56.125, 9.48360849188428e-23, nan 
-9.125, 56.125, 1.2424497777411677e-22, nan 
-8.875, 56.125, 2.1212976945284806e-22, nan 
-8.625, 56.125, 8.946547295246817e-23, nan 
-8.375, 56.125, 7.879753579988556e-23, nan 
-8.125, 56.125, 6.596058103169714e-23, nan 
-7.875, 56.125, 4.4389620901850455e-23, nan 
-7.625, 56.125, 3.739919732841637e-23, nan 
-7.375, 56.125, 3.4021893483066536e-23, nan 
-7.125, 56.125, 1.0294639890860957e-23, nan 
-6.875, 56.125, 7.370702097106266e-24, nan 
-6.625, 56.125, 6.697782464300877e-24, nan 
-6.375, 56.125, 7.639203960745269e-24, nan 
-6.125, 56.125, 1.570492197714102e-23, nan 
-5.875, 56.125, 2.270225782485543e-23, nan 
-5.625, 56.125, 2.755828421441863e-23, nan 
-5.375, 56.125, 3.11513193933146e-23, nan 
-5.125, 56.125, 2.810502923273309e-23, nan 
-4.875, 56.125, 1.675294088734866e-23, nan 
-4.625, 56.125, 7.970584655431791e-24, nan 
-4.375, 56.125, 6.88148764873985e-24, nan 
-4.125, 56.125, 1.0725051316805471e-23, nan 
-3.875, 56.125, 1.0881089547286838e-23, nan 
-3.625, 56.125, 3.3019563716716686e-23, nan 
-3.375, 56.125, 4.574063279897916e-23, nan 
-3.125, 56.125, 2.2491676456413736e-23, nan 
-2.875, 56.125, 6.575299412488583e-24, nan 
-2.625, 56.125, 7.229419187798669e-24, nan 
-2.375, 56.125, 1.3117081424558029e-23, nan 
-2.125, 56.125, 1.3522988564080992e-23, nan 
-1.875, 56.125, 2.0590485640136233e-23, nan 
-1.625, 56.125, 1.846475466289638e-23, nan 
-1.375, 56.125, 6.876067172097253e-24, nan 
-1.125, 56.125, 1.1731479494696092e-23, nan 
-0.875, 56.125, 7.841643896270167e-24, nan 
-0.625, 56.125, 1.2998470209541219e-23, nan 
-0.375, 56.125, 2.1414628218398173e-23, nan 
-0.125, 56.125, 2.2388391447579085e-23, nan 
0.125, 56.125, 2.2096736000650492e-23, nan 
0.375, 56.125, 2.036677871666752e-23, nan 
0.625, 56.125, 2.6300065375341037e-23, nan 
0.875, 56.125, 2.292075777625457e-23, nan 
1.125, 56.125, 1.2114189719874035e-23, nan 
1.375, 56.125, 7.235308287424395e-24, nan 
1.625, 56.125, 1.8704479571955193e-23, nan 
1.875, 56.125, 2.2972703515435216e-23, nan 
2.125, 56.125, 2.2987795948914942e-23, nan 
2.375, 56.125, 1.9091706378071158e-23, nan 
2.625, 56.125, 1.638769094921101e-23, nan 
2.875, 56.125, 3.1731136950429084e-23, nan 
3.125, 56.125, 3.1078124267553676e-23, nan 
3.375, 56.125, 3.1759620199311046e-23, nan 
3.625, 56.125, 3.660559510372813e-23, nan 
3.875, 56.125, 3.4856415227562067e-23, nan 
4.125, 56.125, 1.352257595369211e-23, nan 
4.375, 56.125, 1.658822017452642e-23, nan 
4.625, 56.125, 2.2107929146133807e-23, nan 
4.875, 56.125, 2.0276603344769153e-23, nan 
5.125, 56.125, 1.4999711601876815e-23, nan 
5.375, 56.125, 1.4971592907884234e-23, nan 
5.625, 56.125, 1.4948197201850698e-23, nan 
5.875, 56.125, 4.3689800985685505e-23, nan 
6.125, 56.125, 4.835278819993919e-23, nan 
6.375, 56.125, 2.217545056653992e-23, nan 
6.625, 56.125, 3.5891222678462664e-23, nan 
6.875, 56.125, 2.440015378349218e-23, nan 
7.125, 56.125, 1.0561517918968782e-23, nan 
7.375, 56.125, 1.0188360750245363e-23, nan 
7.625, 56.125, 2.507001909432764e-23, nan 
7.875, 56.125, 2.832078716721417e-23, nan 
8.125, 56.125, 2.2607163131049988e-23, nan 
8.375, 56.125, 2.1005553190560983e-23, nan 
8.625, 56.125, 1.1211255312670943e-23, nan 
8.875, 56.125, 1.3678046621410029e-23, nan 
9.125, 56.125, 1.596928536792889e-23, nan 
9.375, 56.125, 1.4858102838118798e-23, nan 
9.625, 56.125, 2.506961669972352e-23, nan 
9.875, 56.125, 2.0488140001425713e-23, nan 
10.125, 56.125, 1.5680076359224426e-23, nan 
10.375, 56.125, 9.532317716644902e-24, nan 
10.625, 56.125, 5.183669917997755e-24, nan 
10.875, 56.125, 4.6711087792564705e-24, nan 
11.125, 56.125, 5.55052922050194e-24, nan 
11.375, 56.125, 6.70749930000906e-24, nan 
11.625, 56.125, 7.988033899385794e-24, nan 
11.875, 56.125, 1.3220686514531048e-23, nan 
12.125, 56.125, 1.1971331267867767e-23, nan 
12.375, 56.125, 1.1427022338960029e-23, nan 
12.625, 56.125, 9.896196541403165e-24, nan 
12.875, 56.125, 1.2253187479706964e-23, nan 
13.125, 56.125, 9.493384878767659e-24, nan 
13.375, 56.125, 2.2791755439201113e-23, nan 
13.625, 56.125, 2.409191788032003e-23, nan 
13.875, 56.125, 1.46951730101289e-23, nan 
14.125, 56.125, 1.4660515314457016e-23, nan 
14.375, 56.125, 9.548393238754305e-24, nan 
14.625, 56.125, 1.4673432119326662e-23, nan 
14.875, 56.125, 1.2444138111942676e-23, nan 
15.125, 56.125, 1.068991682886482e-23, nan 
15.375, 56.125, 4.3326852214470777e-23, nan 
15.625, 56.125, 2.8146783446277385e-23, nan 
15.875, 56.125, 1.4463637726164698e-23, nan 
16.125, 56.125, 1.9755582219907206e-23, nan 
16.375, 56.125, 2.4284970654456415e-23, nan 
16.625, 56.125, 6.6069037296294366e-24, nan 
16.875, 56.125, 2.9365868853467213e-24, nan 
17.125, 56.125, 5.0627632790384525e-24, nan 
17.375, 56.125, 8.39097733818858e-24, nan 
17.625, 56.125, 8.141316250689961e-24, nan 
17.875, 56.125, 5.973495688878545e-24, nan 
-86.625, 56.375, 1.7949757851182337e-23, nan 
-86.375, 56.375, 1.7082776990656273e-23, nan 
-86.125, 56.375, 1.2924846098150523e-23, nan 
-85.875, 56.375, 1.1625350046334733e-23, nan 
-85.625, 56.375, 1.3678657673518924e-23, nan 
-85.375, 56.375, 1.5074534852587798e-23, nan 
-85.125, 56.375, 8.65348079875838e-24, nan 
-84.875, 56.375, 1.6116530883241663e-23, nan 
-84.625, 56.375, 1.9268226739502954e-23, nan 
-84.375, 56.375, 1.457698998332208e-23, nan 
-84.125, 56.375, 1.5465668063781767e-23, nan 
-83.875, 56.375, 1.9007698858866463e-23, nan 
-83.625, 56.375, 1.8218147157952492e-23, nan 
-83.375, 56.375, 1.4847449967511412e-23, nan 
-83.125, 56.375, 1.1464104644869717e-23, nan 
-82.875, 56.375, 7.733250502157213e-24, nan 
-82.625, 56.375, 7.54290506543691e-24, nan 
-82.375, 56.375, 6.556900192234402e-24, nan 
-82.125, 56.375, 5.725988818357192e-24, nan 
-81.875, 56.375, 5.384077083393674e-24, nan 
-81.625, 56.375, 5.7473407558050314e-24, nan 
-81.375, 56.375, 4.7746350589226564e-24, nan 
-81.125, 56.375, 8.387726421173485e-24, nan 
-80.875, 56.375, 7.643279181562111e-24, nan 
-80.625, 56.375, 4.8559220678507334e-24, nan 
-80.375, 56.375, 5.8631501017359934e-24, nan 
-80.125, 56.375, 4.967256663975335e-24, nan 
-79.875, 56.375, 2.2870364259320282e-24, nan 
-79.625, 56.375, 5.5952001963715045e-24, nan 
-79.375, 56.375, 5.692530163790584e-24, nan 
-79.125, 56.375, 5.163179697102218e-24, nan 
-78.875, 56.375, 4.058774567368847e-24, nan 
-78.625, 56.375, 2.981370245642924e-24, nan 
-78.375, 56.375, 3.3478047972211335e-24, nan 
-78.125, 56.375, 2.8754384175277218e-24, nan 
-77.875, 56.375, 2.4844458285531857e-24, nan 
-77.625, 56.375, 4.1027398808050166e-24, nan 
-77.375, 56.375, 4.832578937032771e-24, nan 
-77.125, 56.375, 7.180836621264776e-24, nan 
-76.875, 56.375, 7.992687239435488e-24, nan 
-76.625, 56.375, 1.024192945331676e-23, nan 
-76.375, 56.375, 9.211633499545771e-24, nan 
-76.125, 56.375, 9.258611605185621e-24, nan 
-75.875, 56.375, 1.224152400623038e-23, nan 
-75.625, 56.375, 1.062908658061911e-23, nan 
-75.375, 56.375, 5.256403621290063e-24, nan 
-75.125, 56.375, 7.23958059973788e-24, nan 
-74.875, 56.375, 7.711140322140837e-24, nan 
-74.625, 56.375, 8.884539620865219e-24, nan 
-74.375, 56.375, 7.951747913615162e-24, nan 
-74.125, 56.375, 1.4095040845825345e-23, nan 
-73.875, 56.375, 1.623176379250773e-23, nan 
-73.625, 56.375, 1.2083145071892332e-23, nan 
-73.375, 56.375, 7.201187926774794e-24, nan 
-73.125, 56.375, 6.668745993992749e-24, nan 
-72.875, 56.375, 5.68729779393437e-24, nan 
-72.625, 56.375, 4.729761321411196e-24, nan 
-72.375, 56.375, 6.1458749971669626e-24, nan 
-72.125, 56.375, 5.7732992352004076e-24, nan 
-71.875, 56.375, 5.3949715373867095e-24, nan 
-71.625, 56.375, 7.946525139904612e-24, nan 
-71.375, 56.375, 9.563627549008439e-24, nan 
-71.125, 56.375, 9.795465035728694e-24, nan 
-70.875, 56.375, 8.897668371177728e-24, nan 
-70.625, 56.375, 9.09838779263483e-24, nan 
-70.375, 56.375, 9.249027702714548e-24, nan 
-70.125, 56.375, 9.2194418947699e-24, nan 
-69.875, 56.375, 8.055620902976246e-24, nan 
-69.625, 56.375, 6.727066597467769e-24, nan 
-69.375, 56.375, 6.72388648255565e-24, nan 
-69.125, 56.375, 8.107093037028913e-24, nan 
-68.875, 56.375, 8.739272362208414e-24, nan 
-68.625, 56.375, 8.324533315194789e-24, nan 
-68.375, 56.375, 7.131261805293097e-24, nan 
-68.125, 56.375, 4.885027593647044e-24, nan 
-67.875, 56.375, 5.655005251104267e-24, nan 
-67.625, 56.375, 4.793794483691633e-24, nan 
-67.375, 56.375, 7.376729000390924e-24, nan 
-67.125, 56.375, 7.115785745380102e-24, nan 
-66.875, 56.375, 6.4640778495672696e-24, nan 
-66.625, 56.375, 1.4157541215422626e-23, nan 
-66.375, 56.375, 1.3145464782796997e-23, nan 
-66.125, 56.375, 8.588614893240722e-24, nan 
-65.875, 56.375, 1.910846729501057e-23, nan 
-65.625, 56.375, 2.174414826008481e-23, nan 
-65.375, 56.375, 1.7461663991223186e-23, nan 
-65.125, 56.375, 2.8002524586724003e-23, nan 
-64.875, 56.375, 3.084444999825867e-23, nan 
-64.625, 56.375, 2.595906397303352e-23, nan 
-64.375, 56.375, 1.1540985492517038e-23, nan 
-64.125, 56.375, 1.008283536136788e-23, nan 
-63.875, 56.375, 8.836945562612884e-24, nan 
-63.625, 56.375, 1.0006182380082122e-23, nan 
-63.375, 56.375, 9.81883532497064e-24, nan 
-63.125, 56.375, 1.2368217823657082e-23, nan 
-62.875, 56.375, 1.3969097053809612e-23, nan 
-62.625, 56.375, 1.292473932434985e-23, nan 
-62.375, 56.375, 8.965111351532983e-24, nan 
-62.125, 56.375, 1.1651229793926775e-23, nan 
-61.875, 56.375, 1.954001751454143e-23, nan 
-61.625, 56.375, 2.0785307704502862e-23, nan 
-61.375, 56.375, 1.3528465787858356e-23, nan 
-61.125, 56.375, 1.3537875049358077e-23, nan 
-60.875, 56.375, 7.488875057626302e-24, nan 
-60.625, 56.375, 6.443691151165546e-24, nan 
-60.375, 56.375, 9.900125451009207e-24, nan 
-60.125, 56.375, 1.504250018681226e-23, nan 
-59.875, 56.375, 1.7213744078374622e-23, nan 
-59.625, 56.375, 1.396270400511661e-23, nan 
-59.375, 56.375, 7.148358764592124e-24, nan 
-59.125, 56.375, 1.12314212196895e-23, nan 
-58.875, 56.375, 1.6564698264214956e-23, nan 
-58.625, 56.375, 2.4582276049387835e-23, nan 
-58.375, 56.375, 2.4601561854375767e-23, nan 
-58.125, 56.375, 1.5247456324460698e-23, nan 
-57.875, 56.375, 1.7907497346486655e-23, nan 
-57.625, 56.375, 1.1529790055592025e-23, nan 
-57.375, 56.375, 1.0472562501843188e-23, nan 
-57.125, 56.375, 2.2609282576568023e-23, nan 
-56.875, 56.375, 1.8907323513906097e-23, nan 
-56.625, 56.375, 1.2892815517023919e-23, nan 
-56.375, 56.375, 1.5345072102249665e-23, nan 
-56.125, 56.375, 1.306021035505583e-23, nan 
-55.875, 56.375, 1.2402311950631851e-23, nan 
-55.625, 56.375, 1.0679528791051674e-23, nan 
-55.375, 56.375, 1.2256052060568001e-23, nan 
-55.125, 56.375, 1.0414988542415906e-23, nan 
-54.875, 56.375, 6.453762403987342e-24, nan 
-54.625, 56.375, 8.825144972317157e-24, nan 
-54.375, 56.375, 1.462578629878706e-23, nan 
-54.125, 56.375, 1.1438794395272643e-23, nan 
-53.875, 56.375, 1.3851153929988695e-23, nan 
-53.625, 56.375, 1.0620405035177483e-23, nan 
-53.375, 56.375, 1.0851341411390424e-23, nan 
-53.125, 56.375, 9.345567969247648e-24, nan 
-52.875, 56.375, 8.108065562284077e-24, nan 
-52.625, 56.375, 1.0687173462735253e-23, nan 
-52.375, 56.375, 8.904823466987408e-24, nan 
-52.125, 56.375, 7.275892027664833e-24, nan 
-51.875, 56.375, 8.719075493575696e-24, nan 
-51.625, 56.375, 9.373905408389662e-24, nan 
-51.375, 56.375, 1.0867159026860848e-23, nan 
-51.125, 56.375, 8.637689177265315e-24, nan 
-50.875, 56.375, 9.052830610160136e-24, nan 
-50.625, 56.375, 1.0022327096722627e-23, nan 
-50.375, 56.375, 1.8344913235695695e-23, nan 
-50.125, 56.375, 1.5348613403309602e-23, nan 
-49.875, 56.375, 7.132190767464085e-24, nan 
-49.625, 56.375, 5.160445893474101e-24, nan 
-49.375, 56.375, 6.5774304934799076e-24, nan 
-49.125, 56.375, 4.982981494063003e-24, nan 
-48.875, 56.375, 1.3730678067894234e-23, nan 
-48.625, 56.375, 1.8089920925020282e-23, nan 
-48.375, 56.375, 1.5800633767649075e-23, nan 
-48.125, 56.375, 2.750087133468489e-23, nan 
-47.875, 56.375, 4.4011002850016397e-23, nan 
-47.625, 56.375, 3.850924306555338e-23, nan 
-47.375, 56.375, 2.890531010997142e-23, nan 
-47.125, 56.375, 2.032812631899742e-23, nan 
-46.875, 56.375, 1.391577058288615e-23, nan 
-46.625, 56.375, 1.2531372236970334e-23, nan 
-46.375, 56.375, 1.0734311634648392e-23, nan 
-46.125, 56.375, 7.777426029066832e-24, nan 
-45.875, 56.375, 9.968122325047432e-24, nan 
-45.625, 56.375, 1.1739124609692527e-23, nan 
-45.375, 56.375, 1.1119309349229416e-23, nan 
-45.125, 56.375, 9.742483373372289e-24, nan 
-44.875, 56.375, 1.4645580581084383e-23, nan 
-44.625, 56.375, 1.5981138097702513e-23, nan 
-44.375, 56.375, 9.466867779060639e-24, nan 
-44.125, 56.375, 6.600767907288126e-24, nan 
-43.875, 56.375, 1.0067035838073785e-23, nan 
-43.625, 56.375, 6.2838928032171286e-24, nan 
-43.375, 56.375, 1.1529242410064537e-23, nan 
-43.125, 56.375, 1.327293373144894e-23, nan 
-42.875, 56.375, 1.119407761475596e-23, nan 
-42.625, 56.375, 8.357687937909692e-24, nan 
-42.375, 56.375, 7.944835494389622e-24, nan 
-42.125, 56.375, 6.667095279895509e-24, nan 
-41.875, 56.375, 8.149498450405564e-24, nan 
-41.625, 56.375, 1.0829129475595556e-23, nan 
-41.375, 56.375, 8.824913463219273e-24, nan 
-41.125, 56.375, 1.5199644201520213e-23, nan 
-40.875, 56.375, 1.8856451873477732e-23, nan 
-40.625, 56.375, 1.3761998717148528e-23, nan 
-40.375, 56.375, 9.798334375122284e-24, nan 
-40.125, 56.375, 1.4337056277290706e-23, nan 
-39.875, 56.375, 1.3510428338811997e-23, nan 
-39.625, 56.375, 1.1808898256231821e-23, nan 
-39.375, 56.375, 1.0486884007588213e-23, nan 
-39.125, 56.375, 9.620953968408245e-24, nan 
-38.875, 56.375, 1.1344118844166985e-23, nan 
-38.625, 56.375, 1.1501588370085203e-23, nan 
-38.375, 56.375, 7.82024746815679e-24, nan 
-38.125, 56.375, 1.6592128619990536e-23, nan 
-37.875, 56.375, 5.603793752504433e-23, nan 
-37.625, 56.375, 1.1627834684472407e-22, nan 
-37.375, 56.375, 3.947132639483603e-22, nan 
-37.125, 56.375, 6.245722817563076e-23, nan 
-36.875, 56.375, 4.4933331286880193e-23, nan 
-36.625, 56.375, 3.5401915821317876e-23, nan 
-36.375, 56.375, 3.8969700180799455e-23, nan 
-36.125, 56.375, 5.971265545267711e-23, nan 
-35.875, 56.375, 3.5542388139868e-23, nan 
-35.625, 56.375, 1.774676476391141e-23, nan 
-35.375, 56.375, 1.7646514211401452e-23, nan 
-35.125, 56.375, 2.890567075028378e-23, nan 
-34.875, 56.375, 3.849620155329157e-23, nan 
-34.625, 56.375, 3.6673172880557427e-23, nan 
-34.375, 56.375, 4.228218914633695e-23, nan 
-34.125, 56.375, 3.49197029960432e-23, nan 
-33.875, 56.375, 2.4597970229020698e-23, nan 
-33.625, 56.375, 2.9641818676908674e-23, nan 
-33.375, 56.375, 2.2532516461937813e-23, nan 
-33.125, 56.375, 2.47232466992417e-23, nan 
-32.875, 56.375, 2.3800235108879624e-23, nan 
-32.625, 56.375, 2.4625730820306287e-23, nan 
-32.375, 56.375, 2.0829041639800504e-23, nan 
-32.125, 56.375, 3.056196339119546e-23, nan 
-31.875, 56.375, 3.39532564216518e-23, nan 
-31.625, 56.375, 2.4678020605480825e-23, nan 
-31.375, 56.375, 2.2221970360959615e-23, nan 
-31.125, 56.375, 3.1072124658005896e-23, nan 
-30.875, 56.375, 2.672536173558319e-23, nan 
-30.625, 56.375, 9.428984610272952e-24, nan 
-30.375, 56.375, 1.3431648699908437e-23, nan 
-30.125, 56.375, 1.5564815237010798e-23, nan 
-29.875, 56.375, 3.9147360793508676e-23, nan 
-29.625, 56.375, 3.673457784919605e-23, nan 
-29.375, 56.375, 2.539354837948077e-23, nan 
-29.125, 56.375, 1.813931009588337e-23, nan 
-28.875, 56.375, 3.603965893850346e-23, nan 
-28.625, 56.375, 3.7031261608670726e-23, nan 
-28.375, 56.375, 3.289292579594034e-23, nan 
-28.125, 56.375, 2.5110073653383776e-23, nan 
-27.875, 56.375, 2.1719026036574104e-23, nan 
-27.625, 56.375, 2.203528396618441e-23, nan 
-27.375, 56.375, 2.2732572562609764e-23, nan 
-27.125, 56.375, 1.9634522876147357e-23, nan 
-26.875, 56.375, 2.2442192151955568e-23, nan 
-26.625, 56.375, 1.9180093013664936e-23, nan 
-26.375, 56.375, 1.6524296142088315e-23, nan 
-26.125, 56.375, 1.3250666385124522e-23, nan 
-25.875, 56.375, 2.9831464804581553e-23, nan 
-25.625, 56.375, 2.731484386989474e-23, nan 
-25.375, 56.375, 7.250451990294486e-24, nan 
-25.125, 56.375, 7.081840762944644e-24, nan 
-24.875, 56.375, 9.897319878193265e-24, nan 
-24.625, 56.375, 2.883232476814868e-23, nan 
-24.375, 56.375, 4.575792123759477e-23, nan 
-24.125, 56.375, 3.970060125390169e-23, nan 
-23.875, 56.375, 3.3470434060636736e-23, nan 
-23.625, 56.375, 3.222583112959526e-23, nan 
-23.375, 56.375, 2.939276317942916e-23, nan 
-23.125, 56.375, 3.222185244012981e-23, nan 
-22.875, 56.375, 3.373476956539437e-23, nan 
-22.625, 56.375, 1.621326610681626e-23, nan 
-22.375, 56.375, 5.973118939756396e-24, nan 
-22.125, 56.375, 7.24983658816302e-24, nan 
-21.875, 56.375, 1.333236182253004e-23, nan 
-21.625, 56.375, 1.8835203771240098e-23, nan 
-21.375, 56.375, 1.6555709666298486e-23, nan 
-21.125, 56.375, 7.810197960471611e-24, nan 
-20.875, 56.375, 5.9580601204305515e-24, nan 
-20.625, 56.375, 1.6994037567913047e-23, nan 
-20.375, 56.375, 1.585256814826664e-23, nan 
-20.125, 56.375, 2.6954723925568755e-23, nan 
-19.875, 56.375, 3.158819049260652e-23, nan 
-19.625, 56.375, 4.7277112105393845e-23, nan 
-19.375, 56.375, 4.7188236708498265e-23, nan 
-19.125, 56.375, 2.274076325809337e-23, nan 
-18.875, 56.375, 2.2297101103751444e-23, nan 
-18.625, 56.375, 1.3627803228276298e-23, nan 
-18.375, 56.375, 1.1646062707477533e-23, nan 
-18.125, 56.375, 3.624908095381882e-24, nan 
-17.875, 56.375, 9.631104906957342e-24, nan 
-17.625, 56.375, 1.0909792861022261e-23, nan 
-17.375, 56.375, 1.5546580077558422e-23, nan 
-17.125, 56.375, 1.759758075200597e-23, nan 
-16.875, 56.375, 2.0946748215880643e-23, nan 
-16.625, 56.375, 2.227058358690543e-23, nan 
-16.375, 56.375, 4.056357875682384e-23, nan 
-16.125, 56.375, 8.093272027277311e-23, nan 
-15.875, 56.375, 1.0991787113313789e-22, nan 
-15.625, 56.375, 9.025624178367584e-23, nan 
-15.375, 56.375, 1.3098713263678997e-22, nan 
-15.125, 56.375, 1.5475804560239103e-22, nan 
-14.875, 56.375, 8.991664535139589e-23, nan 
-14.625, 56.375, 2.1911344854218557e-23, nan 
-14.375, 56.375, 1.166943874420487e-23, nan 
-14.125, 56.375, 1.7017326343788404e-23, nan 
-13.875, 56.375, 2.0418335517303234e-23, nan 
-13.625, 56.375, 2.405607168017318e-23, nan 
-13.375, 56.375, 2.159857091423854e-23, nan 
-13.125, 56.375, 2.011053787394264e-23, nan 
-12.875, 56.375, 1.8436716856033948e-23, nan 
-12.625, 56.375, 1.56932183444099e-23, nan 
-12.375, 56.375, 1.8467105309966228e-23, nan 
-12.125, 56.375, 1.5189540341081098e-23, nan 
-11.875, 56.375, 1.6990588677300067e-23, nan 
-11.625, 56.375, 2.489624955926852e-23, nan 
-11.375, 56.375, 2.579459677321192e-22, nan 
-11.125, 56.375, 2.919585449410322e-22, nan 
-10.875, 56.375, 1.2839964327681229e-22, nan 
-10.625, 56.375, 2.2787702073811966e-22, nan 
-10.375, 56.375, 3.243032910758379e-22, nan 
-10.125, 56.375, 1.0188953098923557e-21, nan 
-9.875, 56.375, 8.414800037078421e-22, nan 
-9.625, 56.375, 6.039486154984774e-22, nan 
-9.375, 56.375, 6.921089945124667e-22, nan 
-9.125, 56.375, 8.19192251746285e-22, nan 
-8.875, 56.375, 5.973044003078973e-22, nan 
-8.625, 56.375, 3.361779731313387e-22, nan 
-8.375, 56.375, 1.2545949090973379e-22, nan 
-8.125, 56.375, 2.4261849449699103e-23, nan 
-7.875, 56.375, 2.5122773356577842e-23, nan 
-7.625, 56.375, 2.4885782210766573e-23, nan 
-7.375, 56.375, 4.258674998752722e-23, nan 
-7.125, 56.375, 3.5586333690670514e-23, nan 
-6.875, 56.375, 1.9402116482031748e-23, nan 
-6.625, 56.375, 1.0943959631596072e-23, nan 
-6.375, 56.375, 1.1342080955537725e-23, nan 
-6.125, 56.375, 1.1237010841792678e-23, nan 
-5.875, 56.375, 1.8351483621671932e-23, nan 
-5.625, 56.375, 2.0049011005466415e-23, nan 
-5.375, 56.375, 2.6426603930859194e-23, nan 
-5.125, 56.375, 2.7147560148632955e-23, nan 
-4.875, 56.375, 3.1220119332068625e-23, nan 
-4.625, 56.375, 2.753515761265703e-23, nan 
-4.375, 56.375, 9.862755807949115e-24, nan 
-4.125, 56.375, 1.6868138268357946e-23, nan 
-3.875, 56.375, 2.649102905944727e-23, nan 
-3.625, 56.375, 3.157852977151487e-23, nan 
-3.375, 56.375, 4.2513868701555746e-23, nan 
-3.125, 56.375, 2.972647677099096e-23, nan 
-2.875, 56.375, 1.6644307093218878e-23, nan 
-2.625, 56.375, 1.4111832503411436e-23, nan 
-2.375, 56.375, 1.0473608418201288e-23, nan 
-2.125, 56.375, 1.2653735953564032e-23, nan 
-1.875, 56.375, 1.7029931754740385e-23, nan 
-1.625, 56.375, 1.4207285743052533e-23, nan 
-1.375, 56.375, 1.2925508656054894e-23, nan 
-1.125, 56.375, 1.3179213840979772e-23, nan 
-0.875, 56.375, 1.5186665421001415e-23, nan 
-0.625, 56.375, 1.7807198982739172e-23, nan 
-0.375, 56.375, 3.3931658237726074e-23, nan 
-0.125, 56.375, 4.728078592654818e-23, nan 
0.125, 56.375, 5.2877523189013865e-23, nan 
0.375, 56.375, 4.5728320325390693e-23, nan 
0.625, 56.375, 3.438242926395944e-23, nan 
0.875, 56.375, 9.75706891383051e-24, nan 
1.125, 56.375, 8.4317952616151e-24, nan 
1.375, 56.375, 1.2500339762235676e-23, nan 
1.625, 56.375, 1.8450844536215337e-23, nan 
1.875, 56.375, 2.602100875956494e-23, nan 
2.125, 56.375, 3.026910093150652e-23, nan 
2.375, 56.375, 2.577870869038868e-23, nan 
2.625, 56.375, 2.987014925130852e-23, nan 
2.875, 56.375, 3.787259252627758e-23, nan 
3.125, 56.375, 2.8429840844832624e-23, nan 
3.375, 56.375, 2.593261614631579e-23, nan 
3.625, 56.375, 1.5903412007919562e-23, nan 
3.875, 56.375, 1.479972966104587e-23, nan 
4.125, 56.375, 1.8856055396952484e-23, nan 
4.375, 56.375, 1.0597839163385799e-23, nan 
4.625, 56.375, 1.122911955514162e-23, nan 
4.875, 56.375, 9.306372638986035e-24, nan 
5.125, 56.375, 1.2538356297503784e-23, nan 
5.375, 56.375, 8.560773919483104e-24, nan 
5.625, 56.375, 2.543595474154336e-23, nan 
5.875, 56.375, 2.736978440042523e-23, nan 
6.125, 56.375, 1.5980786399291978e-23, nan 
6.375, 56.375, 8.206196687712808e-24, nan 
6.625, 56.375, 8.245115150093878e-24, nan 
6.875, 56.375, 1.1386041517931321e-23, nan 
7.125, 56.375, 9.250878843384915e-24, nan 
7.375, 56.375, 1.0619456475839686e-23, nan 
7.625, 56.375, 1.5505523424712628e-23, nan 
7.875, 56.375, 1.0946871864279049e-23, nan 
8.125, 56.375, 9.802993717532758e-24, nan 
8.375, 56.375, 1.6315235544571126e-23, nan 
8.625, 56.375, 1.2983921378575734e-23, nan 
8.875, 56.375, 6.4913915853468265e-24, nan 
9.125, 56.375, 1.451026845286725e-23, nan 
9.375, 56.375, 1.1851336115637812e-23, nan 
9.625, 56.375, 4.1976252307701654e-23, nan 
9.875, 56.375, 4.586870386222144e-23, nan 
10.125, 56.375, 3.99612571050504e-23, nan 
10.375, 56.375, 3.061459195399137e-23, nan 
10.625, 56.375, 9.232187776525028e-24, nan 
10.875, 56.375, 8.40694248228158e-24, nan 
11.125, 56.375, 7.924848903352821e-24, nan 
11.375, 56.375, 1.05381567206442e-23, nan 
11.625, 56.375, 1.0608267490937184e-23, nan 
11.875, 56.375, 6.031067373977635e-24, nan 
12.125, 56.375, 8.262420974641678e-24, nan 
12.375, 56.375, 1.011539668719572e-23, nan 
12.625, 56.375, 1.3255217276006984e-23, nan 
12.875, 56.375, 1.6450755134898665e-23, nan 
13.125, 56.375, 1.0359807665553526e-23, nan 
13.375, 56.375, 2.3603473608742638e-23, nan 
13.625, 56.375, 2.71985474215543e-23, nan 
13.875, 56.375, 1.7812187573920326e-23, nan 
14.125, 56.375, 1.1020989139273788e-23, nan 
14.375, 56.375, 8.683813519603345e-24, nan 
14.625, 56.375, 8.752754456112474e-24, nan 
14.875, 56.375, 1.6927310168585603e-23, nan 
15.125, 56.375, 7.202174616785567e-23, nan 
15.375, 56.375, 9.365977321375246e-23, nan 
15.625, 56.375, 5.890513583647963e-23, nan 
15.875, 56.375, 3.782342945000246e-23, nan 
16.125, 56.375, 1.7637501021348167e-23, nan 
16.375, 56.375, 4.693678131382612e-23, nan 
16.625, 56.375, 3.49859332214562e-23, nan 
16.875, 56.375, 2.017746420206506e-24, nan 
17.125, 56.375, 5.641734691210946e-24, nan 
17.375, 56.375, 8.818348761198704e-24, nan 
17.625, 56.375, 7.258170680144967e-24, nan 
17.875, 56.375, 4.3645301057791806e-24, nan 
18.125, 56.375, 4.9912051121866156e-24, nan 
18.375, 56.375, 7.305902287243974e-24, nan 
18.625, 56.375, 9.053819091637756e-24, nan 
-87.875, 56.625, 1.5293737762621833e-23, nan 
-87.625, 56.625, 1.1545154144577374e-23, nan 
-87.375, 56.625, 1.494015548561054e-23, nan 
-87.125, 56.625, 1.4901801565256208e-23, nan 
-86.875, 56.625, 1.3165748331640246e-23, nan 
-86.625, 56.625, 1.7696026728721277e-23, nan 
-86.375, 56.625, 1.8578811384811986e-23, nan 
-86.125, 56.625, 1.3294679249169117e-23, nan 
-85.875, 56.625, 1.2718763221871443e-23, nan 
-85.625, 56.625, 1.85762824010633e-23, nan 
-85.375, 56.625, 2.79802108046078e-23, nan 
-85.125, 56.625, 2.4738204664602766e-23, nan 
-84.875, 56.625, 2.0678932472599737e-23, nan 
-84.625, 56.625, 2.2343846520852977e-23, nan 
-84.375, 56.625, 2.2706731568450193e-23, nan 
-84.125, 56.625, 2.6107634728732925e-23, nan 
-83.875, 56.625, 2.1706521768485203e-23, nan 
-83.625, 56.625, 1.3626592449304837e-23, nan 
-83.375, 56.625, 8.137644594009619e-24, nan 
-83.125, 56.625, 7.509306311720135e-24, nan 
-82.875, 56.625, 7.965309259585285e-24, nan 
-82.625, 56.625, 5.987173171917331e-24, nan 
-82.375, 56.625, 5.133358136165076e-24, nan 
-82.125, 56.625, 4.585928321163887e-24, nan 
-81.875, 56.625, 4.125276498875468e-24, nan 
-81.625, 56.625, 5.8267354208746325e-24, nan 
-81.375, 56.625, 5.527517504327848e-24, nan 
-81.125, 56.625, 7.12850099265672e-24, nan 
-80.875, 56.625, 8.104642611281877e-24, nan 
-80.625, 56.625, 5.1007500440237185e-24, nan 
-80.375, 56.625, 3.748477120109875e-24, nan 
-80.125, 56.625, 4.442087000976838e-24, nan 
-79.875, 56.625, 4.150868902610547e-24, nan 
-79.625, 56.625, 4.466460390227264e-24, nan 
-79.375, 56.625, 3.2933323757540276e-24, nan 
-79.125, 56.625, 5.3115091064269026e-24, nan 
-78.875, 56.625, 4.680063845064253e-24, nan 
-78.625, 56.625, 2.744700728134019e-24, nan 
-78.375, 56.625, 3.626317478805701e-24, nan 
-78.125, 56.625, 3.540748966276811e-24, nan 
-77.875, 56.625, 3.178477656312334e-24, nan 
-77.625, 56.625, 2.9297550979615917e-24, nan 
-77.375, 56.625, 3.388026703251016e-24, nan 
-77.125, 56.625, 5.437379270763584e-24, nan 
-76.875, 56.625, 5.655903359462506e-24, nan 
-76.625, 56.625, 4.4320155559084655e-24, nan 
-76.375, 56.625, 6.414202099621609e-24, nan 
-76.125, 56.625, 8.740197507508676e-24, nan 
-75.875, 56.625, 9.820427745537002e-24, nan 
-75.625, 56.625, 7.069549860042414e-24, nan 
-75.375, 56.625, 5.9828338084934784e-24, nan 
-75.125, 56.625, 7.640582699207571e-24, nan 
-74.875, 56.625, 7.992446481958231e-24, nan 
-74.625, 56.625, 8.98174218524937e-24, nan 
-74.375, 56.625, 8.22168007357195e-24, nan 
-74.125, 56.625, 1.0133866085111823e-23, nan 
-73.875, 56.625, 8.226754712898689e-24, nan 
-73.625, 56.625, 7.960680040487612e-24, nan 
-73.375, 56.625, 7.75599377729893e-24, nan 
-73.125, 56.625, 5.312225596413739e-24, nan 
-72.875, 56.625, 7.129385081566147e-24, nan 
-72.625, 56.625, 8.051077993679323e-24, nan 
-72.375, 56.625, 6.577501689646157e-24, nan 
-72.125, 56.625, 4.652124599360208e-24, nan 
-71.875, 56.625, 6.301935147552287e-24, nan 
-71.625, 56.625, 9.540712683005377e-24, nan 
-71.375, 56.625, 1.0651670597707647e-23, nan 
-71.125, 56.625, 8.479344682216634e-24, nan 
-70.875, 56.625, 6.2348895662964016e-24, nan 
-70.625, 56.625, 1.0330250422726347e-23, nan 
-70.375, 56.625, 1.081880127793741e-23, nan 
-70.125, 56.625, 7.704531097441511e-24, nan 
-69.875, 56.625, 8.523216469406452e-24, nan 
-69.625, 56.625, 7.675603698938154e-24, nan 
-69.375, 56.625, 4.9717039038732355e-24, nan 
-69.125, 56.625, 5.582376167320276e-24, nan 
-68.875, 56.625, 6.813271154671048e-24, nan 
-68.625, 56.625, 7.420404316424555e-24, nan 
-68.375, 56.625, 9.776794666035225e-24, nan 
-68.125, 56.625, 8.693768995784108e-24, nan 
-67.875, 56.625, 4.743104637692493e-24, nan 
-67.625, 56.625, 9.31063078724114e-24, nan 
-67.375, 56.625, 1.0340998750260569e-23, nan 
-67.125, 56.625, 6.992286511322686e-24, nan 
-66.875, 56.625, 4.9381981614826784e-24, nan 
-66.625, 56.625, 9.719813935465254e-24, nan 
-66.375, 56.625, 1.2453811515036489e-23, nan 
-66.125, 56.625, 9.679549991500596e-24, nan 
-65.875, 56.625, 1.823298208941806e-23, nan 
-65.625, 56.625, 1.8302374519848156e-23, nan 
-65.375, 56.625, 1.6041923894793247e-23, nan 
-65.125, 56.625, 1.4026820162293737e-23, nan 
-64.875, 56.625, 9.286331032350266e-24, nan 
-64.625, 56.625, 6.145241236417701e-24, nan 
-64.375, 56.625, 7.930119251780588e-24, nan 
-64.125, 56.625, 1.1792757111866415e-23, nan 
-63.875, 56.625, 1.2102945417819599e-23, nan 
-63.625, 56.625, 1.3024734459221954e-23, nan 
-63.375, 56.625, 1.3197966860006591e-23, nan 
-63.125, 56.625, 1.1182380405041253e-23, nan 
-62.875, 56.625, 6.893300232276216e-24, nan 
-62.625, 56.625, 1.1589570367854388e-23, nan 
-62.375, 56.625, 1.2558093729005688e-23, nan 
-62.125, 56.625, 1.2664675772571133e-23, nan 
-61.875, 56.625, 1.3889078709306233e-23, nan 
-61.625, 56.625, 1.3374518920837908e-23, nan 
-61.375, 56.625, 1.7438006513596788e-23, nan 
-61.125, 56.625, 1.6126294653406233e-23, nan 
-60.875, 56.625, 7.186088267437905e-24, nan 
-60.625, 56.625, 1.107435399758218e-23, nan 
-60.375, 56.625, 1.8262813130619096e-23, nan 
-60.125, 56.625, 1.8250384606897052e-23, nan 
-59.875, 56.625, 1.5806636223659044e-23, nan 
-59.625, 56.625, 8.070412321397946e-24, nan 
-59.375, 56.625, 1.3695912119580668e-23, nan 
-59.125, 56.625, 1.8291625727942233e-23, nan 
-58.875, 56.625, 1.8946279143499907e-23, nan 
-58.625, 56.625, 2.0913200033721461e-23, nan 
-58.375, 56.625, 1.7363260904287747e-23, nan 
-58.125, 56.625, 1.4217311504297513e-23, nan 
-57.875, 56.625, 1.3523797881659878e-23, nan 
-57.625, 56.625, 1.6878396868378966e-23, nan 
-57.375, 56.625, 1.6052913113977158e-23, nan 
-57.125, 56.625, 1.5548920118804826e-23, nan 
-56.875, 56.625, 1.6430776976323153e-23, nan 
-56.625, 56.625, 1.8450307114609593e-23, nan 
-56.375, 56.625, 1.3601036741826178e-23, nan 
-56.125, 56.625, 9.050796540415863e-24, nan 
-55.875, 56.625, 9.456766699741267e-24, nan 
-55.625, 56.625, 7.153942802891749e-24, nan 
-55.375, 56.625, 8.41285713099372e-24, nan 
-55.125, 56.625, 1.359855491194394e-23, nan 
-54.875, 56.625, 1.1461438770768084e-23, nan 
-54.625, 56.625, 1.5944332140060659e-23, nan 
-54.375, 56.625, 1.5966408875253724e-23, nan 
-54.125, 56.625, 1.419478696119299e-23, nan 
-53.875, 56.625, 1.589304936284695e-23, nan 
-53.625, 56.625, 1.5167872738692118e-23, nan 
-53.375, 56.625, 1.3497294434064563e-23, nan 
-53.125, 56.625, 1.2092973532069399e-23, nan 
-52.875, 56.625, 9.163781000031925e-24, nan 
-52.625, 56.625, 7.480599979997392e-24, nan 
-52.375, 56.625, 9.052567745104319e-24, nan 
-52.125, 56.625, 1.4706110345757915e-23, nan 
-51.875, 56.625, 1.6553785159557776e-23, nan 
-51.625, 56.625, 1.263370630941602e-23, nan 
-51.375, 56.625, 1.225210706046658e-23, nan 
-51.125, 56.625, 1.552943723506446e-23, nan 
-50.875, 56.625, 1.633881754727743e-23, nan 
-50.625, 56.625, 1.3759557249432177e-23, nan 
-50.375, 56.625, 1.533026610043713e-23, nan 
-50.125, 56.625, 1.0041097833098898e-23, nan 
-49.875, 56.625, 1.3751653386030913e-23, nan 
-49.625, 56.625, 1.7705277487450407e-23, nan 
-49.375, 56.625, 1.5659263604582545e-23, nan 
-49.125, 56.625, 1.6715608174978002e-23, nan 
-48.875, 56.625, 2.0031564030081404e-23, nan 
-48.625, 56.625, 1.4231178544216148e-23, nan 
-48.375, 56.625, 6.3783731273980264e-24, nan 
-48.125, 56.625, 1.2879682414169098e-23, nan 
-47.875, 56.625, 2.836059163427967e-23, nan 
-47.625, 56.625, 1.8043857294545665e-23, nan 
-47.375, 56.625, 1.0967792964540179e-23, nan 
-47.125, 56.625, 1.3724835321740258e-23, nan 
-46.875, 56.625, 1.7981925888598823e-23, nan 
-46.625, 56.625, 1.6704430846550438e-23, nan 
-46.375, 56.625, 1.1618212928335579e-23, nan 
-46.125, 56.625, 1.4632912064647862e-23, nan 
-45.875, 56.625, 1.3805054415915747e-23, nan 
-45.625, 56.625, 6.4188035003518636e-24, nan 
-45.375, 56.625, 5.751935829556064e-24, nan 
-45.125, 56.625, 1.3249388328565506e-23, nan 
-44.875, 56.625, 1.7008021320408537e-23, nan 
-44.625, 56.625, 1.3092071176723378e-23, nan 
-44.375, 56.625, 1.14891707456559e-23, nan 
-44.125, 56.625, 1.7545278417020846e-23, nan 
-43.875, 56.625, 1.4811747021936763e-23, nan 
-43.625, 56.625, 8.233498126154471e-24, nan 
-43.375, 56.625, 1.0998361813957567e-23, nan 
-43.125, 56.625, 1.0526989406710169e-23, nan 
-42.875, 56.625, 7.868442805921485e-24, nan 
-42.625, 56.625, 4.679450129596866e-24, nan 
-42.375, 56.625, 8.779160664989269e-24, nan 
-42.125, 56.625, 1.2478416197344258e-23, nan 
-41.875, 56.625, 1.550178954706394e-23, nan 
-41.625, 56.625, 1.333262094933928e-23, nan 
-41.375, 56.625, 1.2466119531205233e-23, nan 
-41.125, 56.625, 1.994901238864153e-23, nan 
-40.875, 56.625, 1.6935432168907572e-23, nan 
-40.625, 56.625, 6.782258695625026e-24, nan 
-40.375, 56.625, 1.1131907660399595e-23, nan 
-40.125, 56.625, 1.625526313336319e-23, nan 
-39.875, 56.625, 1.4928527606055568e-23, nan 
-39.625, 56.625, 1.860156410153347e-23, nan 
-39.375, 56.625, 1.7266892040142735e-23, nan 
-39.125, 56.625, 1.0866137189627982e-23, nan 
-38.875, 56.625, 1.4847733934547098e-23, nan 
-38.625, 56.625, 1.934761522431203e-23, nan 
-38.375, 56.625, 2.6465014493994168e-23, nan 
-38.125, 56.625, 7.81236920704966e-23, nan 
-37.875, 56.625, 2.770910820810871e-22, nan 
-37.625, 56.625, 6.360105063475445e-22, nan 
-37.375, 56.625, 1.0592367182246728e-21, nan 
-37.125, 56.625, 8.282829776926926e-22, nan 
-36.875, 56.625, 1.169329023323541e-22, nan 
-36.625, 56.625, 6.149857788757547e-23, nan 
-36.375, 56.625, 2.935001956569722e-23, nan 
-36.125, 56.625, 4.5068318574657706e-23, nan 
-35.875, 56.625, 2.794259613915769e-23, nan 
-35.625, 56.625, 2.3330250339686295e-23, nan 
-35.375, 56.625, 4.6466903503908396e-23, nan 
-35.125, 56.625, 5.357306223045789e-23, nan 
-34.875, 56.625, 4.0534323801162926e-23, nan 
-34.625, 56.625, 4.1893338374941796e-23, nan 
-34.375, 56.625, 4.4580358579272853e-23, nan 
-34.125, 56.625, 4.120047175327752e-23, nan 
-33.875, 56.625, 3.817806924496679e-23, nan 
-33.625, 56.625, 4.460573995549872e-23, nan 
-33.375, 56.625, 2.745046998787025e-23, nan 
-33.125, 56.625, 2.1778488766103152e-23, nan 
-32.875, 56.625, 2.1126548031744708e-23, nan 
-32.625, 56.625, 2.7832463966618433e-23, nan 
-32.375, 56.625, 3.1088690329920955e-23, nan 
-32.125, 56.625, 4.063970499817005e-23, nan 
-31.875, 56.625, 3.6664420366996464e-23, nan 
-31.625, 56.625, 3.292043084473833e-23, nan 
-31.375, 56.625, 2.3593277879355867e-23, nan 
-31.125, 56.625, 1.8200677614283268e-23, nan 
-30.875, 56.625, 1.907479225448791e-23, nan 
-30.625, 56.625, 1.6491656577895489e-23, nan 
-30.375, 56.625, 1.66633056676928e-23, nan 
-30.125, 56.625, 1.866249483247194e-23, nan 
-29.875, 56.625, 2.5588703103857295e-23, nan 
-29.625, 56.625, 1.2133124123927661e-23, nan 
-29.375, 56.625, 1.4948207187623716e-23, nan 
-29.125, 56.625, 2.7788283527319464e-23, nan 
-28.875, 56.625, 3.2162167709627294e-23, nan 
-28.625, 56.625, 1.0117807732196422e-23, nan 
-28.375, 56.625, 1.6103761669572103e-23, nan 
-28.125, 56.625, 7.51129548997904e-24, nan 
-27.875, 56.625, 2.3190648838215018e-23, nan 
-27.625, 56.625, 4.0591938458156326e-23, nan 
-27.375, 56.625, 2.7484331469096174e-23, nan 
-27.125, 56.625, 2.49490556533414e-23, nan 
-26.875, 56.625, 2.6380974992570483e-23, nan 
-26.625, 56.625, 1.4526686566904394e-23, nan 
-26.375, 56.625, 1.4702908485686058e-23, nan 
-26.125, 56.625, 2.958840110729921e-23, nan 
-25.875, 56.625, 3.2654087695602924e-23, nan 
-25.625, 56.625, 1.9575659273531154e-23, nan 
-25.375, 56.625, 9.4653501510952e-24, nan 
-25.125, 56.625, 6.785667014060703e-24, nan 
-24.875, 56.625, 7.875827616982236e-24, nan 
-24.625, 56.625, 1.3043251890910041e-23, nan 
-24.375, 56.625, 3.32963486786164e-23, nan 
-24.125, 56.625, 3.839833548851211e-23, nan 
-23.875, 56.625, 3.6418624656046713e-23, nan 
-23.625, 56.625, 2.9987516503705516e-23, nan 
-23.375, 56.625, 2.6382609461816544e-23, nan 
-23.125, 56.625, 2.695759058650326e-23, nan 
-22.875, 56.625, 2.6023167717965276e-23, nan 
-22.625, 56.625, 2.300685683513237e-23, nan 
-22.375, 56.625, 1.7862635871241752e-23, nan 
-22.125, 56.625, 8.853098318809968e-24, nan 
-21.875, 56.625, 1.506401253931373e-23, nan 
-21.625, 56.625, 2.7598643119180246e-23, nan 
-21.375, 56.625, 3.935380592740365e-23, nan 
-21.125, 56.625, 3.21464948091173e-23, nan 
-20.875, 56.625, 1.3615982883142236e-23, nan 
-20.625, 56.625, 1.3942422557644788e-23, nan 
-20.375, 56.625, 1.0319920288596208e-23, nan 
-20.125, 56.625, 2.6325117215989018e-23, nan 
-19.875, 56.625, 2.796252198478481e-23, nan 
-19.625, 56.625, 4.0820527460253806e-23, nan 
-19.375, 56.625, 4.381149433094639e-23, nan 
-19.125, 56.625, 3.2088523149664243e-23, nan 
-18.875, 56.625, 4.7557191632988355e-23, nan 
-18.625, 56.625, 3.2646396761060847e-23, nan 
-18.375, 56.625, 9.132115640607853e-24, nan 
-18.125, 56.625, 7.98298754338695e-24, nan 
-17.875, 56.625, 4.440029834865935e-24, nan 
-17.625, 56.625, 3.7614392861133547e-23, nan 
-17.375, 56.625, 6.455201015854856e-23, nan 
-17.125, 56.625, 6.542048324124128e-23, nan 
-16.875, 56.625, 6.402413944515303e-23, nan 
-16.625, 56.625, 5.494642480689573e-23, nan 
-16.375, 56.625, 1.8858752945766787e-23, nan 
-16.125, 56.625, 1.934427635634624e-23, nan 
-15.875, 56.625, 9.47680746075781e-23, nan 
-15.625, 56.625, 1.0589558659674125e-22, nan 
-15.375, 56.625, 1.3477426616959073e-22, nan 
-15.125, 56.625, 1.2030868695523785e-22, nan 
-14.875, 56.625, 2.2449058392913777e-23, nan 
-14.625, 56.625, 3.0581492584733113e-23, nan 
-14.375, 56.625, 2.450650662389267e-23, nan 
-14.125, 56.625, 9.907020889631561e-24, nan 
-13.875, 56.625, 2.0020399501815442e-23, nan 
-13.625, 56.625, 2.6303099829231767e-23, nan 
-13.375, 56.625, 2.1787975318543602e-23, nan 
-13.125, 56.625, 3.966408616537472e-23, nan 
-12.875, 56.625, 3.8301235008950083e-23, nan 
-12.625, 56.625, 1.8477263771313722e-23, nan 
-12.375, 56.625, 3.1639586905581095e-23, nan 
-12.125, 56.625, 2.4794070188009775e-23, nan 
-11.875, 56.625, 4.680983855403571e-23, nan 
-11.625, 56.625, 8.148912548408397e-23, nan 
-11.375, 56.625, 3.4708153872818424e-22, nan 
-11.125, 56.625, 3.5576529940700004e-22, nan 
-10.875, 56.625, 2.854274515300464e-22, nan 
-10.625, 56.625, 7.078657036143158e-22, nan 
-10.375, 56.625, 1.3394847679616655e-21, nan 
-10.125, 56.625, 1.3873843261017251e-21, nan 
-9.875, 56.625, 5.453433678018032e-22, nan 
-9.625, 56.625, 4.611634348666194e-22, nan 
-9.375, 56.625, 5.822264891857648e-22, nan 
-9.125, 56.625, 1.048173234511253e-21, nan 
-8.875, 56.625, 1.146994832590167e-21, nan 
-8.625, 56.625, 8.080016519678946e-22, nan 
-8.375, 56.625, 2.9801836172764414e-22, nan 
-8.125, 56.625, 8.293275910647871e-23, nan 
-7.875, 56.625, 1.6196160586957006e-23, nan 
-7.625, 56.625, 4.9380255655535436e-23, nan 
-7.375, 56.625, 5.711770988395858e-23, nan 
-7.125, 56.625, 2.891382081912232e-23, nan 
-6.875, 56.625, 1.5203691971623388e-23, nan 
-6.625, 56.625, 1.403183266089017e-23, nan 
-6.375, 56.625, 1.3508239681534845e-23, nan 
-6.125, 56.625, 6.442294433535573e-24, nan 
-5.875, 56.625, 9.756697296684225e-24, nan 
-5.625, 56.625, 1.353513862229541e-23, nan 
-5.375, 56.625, 1.0959864945158708e-23, nan 
-5.125, 56.625, 2.91300482613308e-23, nan 
-4.875, 56.625, 2.6099126842175716e-23, nan 
-4.625, 56.625, 2.606224970311329e-23, nan 
-4.375, 56.625, 2.486691111413383e-23, nan 
-4.125, 56.625, 3.5644776967902115e-23, nan 
-3.875, 56.625, 4.0812819158795813e-23, nan 
-3.625, 56.625, 2.3031997953935136e-23, nan 
-3.375, 56.625, 3.461277302118004e-23, nan 
-3.125, 56.625, 3.4897993428707204e-23, nan 
-2.875, 56.625, 1.6791167958506368e-23, nan 
-2.625, 56.625, 1.0509390960653388e-23, nan 
-2.375, 56.625, 1.0650355963538516e-23, nan 
-2.125, 56.625, 1.460769353063705e-23, nan 
-1.875, 56.625, 1.4471685932656798e-23, nan 
-1.625, 56.625, 9.259419701488607e-24, nan 
-1.375, 56.625, 1.4313262014368433e-23, nan 
-1.125, 56.625, 1.4382397817953007e-23, nan 
-0.875, 56.625, 1.3834856604271164e-23, nan 
-0.625, 56.625, 1.401298226601312e-23, nan 
-0.375, 56.625, 1.496399668438636e-23, nan 
-0.125, 56.625, 1.5494203212874026e-23, nan 
0.125, 56.625, 3.6323782154380935e-23, nan 
0.375, 56.625, 2.861244281012102e-23, nan 
0.625, 56.625, 9.203818455857567e-24, nan 
0.875, 56.625, 8.646479588434628e-24, nan 
1.125, 56.625, 1.5028039983292008e-23, nan 
1.375, 56.625, 1.769579103586435e-23, nan 
1.625, 56.625, 1.750072722863848e-23, nan 
1.875, 56.625, 2.0606748123924465e-23, nan 
2.125, 56.625, 1.9350301198414817e-23, nan 
2.375, 56.625, 2.02205129225192e-23, nan 
2.625, 56.625, 2.3039195584579895e-23, nan 
2.875, 56.625, 2.4876031081088948e-23, nan 
3.125, 56.625, 3.580458235494936e-23, nan 
3.375, 56.625, 3.241754488186543e-23, nan 
3.625, 56.625, 1.1201629330773453e-23, nan 
3.875, 56.625, 1.2051905130316377e-23, nan 
4.125, 56.625, 2.0342498725940328e-23, nan 
4.375, 56.625, 2.000620001617244e-23, nan 
4.625, 56.625, 2.310448077827917e-23, nan 
4.875, 56.625, 1.603278580285532e-23, nan 
5.125, 56.625, 2.033197391316456e-23, nan 
5.375, 56.625, 1.8811940941260964e-23, nan 
5.625, 56.625, 1.2261676063866697e-23, nan 
5.875, 56.625, 1.1598554547051692e-23, nan 
6.125, 56.625, 1.2691586130514667e-23, nan 
6.375, 56.625, 1.7270739006732224e-23, nan 
6.625, 56.625, 1.6684993013567724e-23, nan 
6.875, 56.625, 1.9035257836383614e-23, nan 
7.125, 56.625, 1.415851826073743e-23, nan 
7.375, 56.625, 7.361560505458988e-24, nan 
7.625, 56.625, 5.292427764287944e-24, nan 
7.875, 56.625, 1.1725669558720834e-23, nan 
8.125, 56.625, 1.6346016671940075e-23, nan 
8.375, 56.625, 4.800422690238109e-24, nan 
8.625, 56.625, 6.979501808262252e-24, nan 
8.875, 56.625, 4.753883655957932e-24, nan 
9.125, 56.625, 1.769502191843259e-23, nan 
9.375, 56.625, 2.3204929115936076e-23, nan 
9.625, 56.625, 5.700014345835879e-23, nan 
9.875, 56.625, 6.420770387050081e-23, nan 
10.125, 56.625, 3.3890709861825134e-23, nan 
10.375, 56.625, 2.040329903306315e-23, nan 
10.625, 56.625, 7.938904796436255e-24, nan 
10.875, 56.625, 1.2638706526387428e-23, nan 
11.125, 56.625, 1.5986300034025746e-23, nan 
11.375, 56.625, 2.0806780869207657e-23, nan 
11.625, 56.625, 2.0051712459847251e-23, nan 
11.875, 56.625, 1.7630774852806767e-23, nan 
12.125, 56.625, 5.047593228845335e-24, nan 
12.375, 56.625, 8.455878180692782e-24, nan 
12.625, 56.625, 9.515487499806239e-24, nan 
12.875, 56.625, 7.068246699493377e-24, nan 
13.125, 56.625, 8.542830703669658e-24, nan 
13.375, 56.625, 9.099379073761433e-24, nan 
13.625, 56.625, 1.683604959772518e-23, nan 
13.875, 56.625, 1.7800713268240187e-23, nan 
14.125, 56.625, 1.0340403442034558e-23, nan 
14.375, 56.625, 1.080044143850237e-23, nan 
14.625, 56.625, 2.189733822624206e-23, nan 
14.875, 56.625, 3.7211032526461665e-23, nan 
15.125, 56.625, 2.5714821554911675e-23, nan 
15.375, 56.625, 4.259200980071025e-23, nan 
15.625, 56.625, 3.457091006208031e-23, nan 
15.875, 56.625, 1.8552119967626007e-23, nan 
16.125, 56.625, 2.4195682080453425e-23, nan 
16.375, 56.625, 2.950102535262108e-23, nan 
16.625, 56.625, 6.901594155815625e-24, nan 
16.875, 56.625, 5.538368057347004e-24, nan 
17.125, 56.625, 9.963825767001219e-24, nan 
17.375, 56.625, 1.216457162755521e-23, nan 
17.625, 56.625, 8.656795625629265e-24, nan 
17.875, 56.625, 6.4220055378852914e-24, nan 
18.125, 56.625, 1.136417649466269e-23, nan 
18.375, 56.625, 1.743952485589358e-23, nan 
18.625, 56.625, 1.0994181736609274e-23, nan 
18.875, 56.625, 1.2958205054385053e-23, nan 
19.125, 56.625, 1.7274482482697142e-23, nan 
19.375, 56.625, 2.4427714798793167e-23, nan 
19.625, 56.625, 1.4555889533844106e-23, nan 
-89.125, 56.875, 1.7677425247332726e-23, nan 
-88.875, 56.875, 1.4617353045013327e-23, nan 
-88.625, 56.875, 1.8230681492638206e-23, nan 
-88.375, 56.875, 1.6929478767392004e-23, nan 
-88.125, 56.875, 1.5294554643823572e-23, nan 
-87.875, 56.875, 1.4256215121835174e-23, nan 
-87.625, 56.875, 1.2537044698266832e-23, nan 
-87.375, 56.875, 1.4281266357639304e-23, nan 
-87.125, 56.875, 1.598916914534805e-23, nan 
-86.875, 56.875, 1.8726116356325606e-23, nan 
-86.625, 56.875, 1.7903011963110133e-23, nan 
-86.375, 56.875, 1.4187027327088268e-23, nan 
-86.125, 56.875, 1.4301579906353845e-23, nan 
-85.875, 56.875, 1.5477248165308313e-23, nan 
-85.625, 56.875, 1.405160461355372e-23, nan 
-85.375, 56.875, 2.354201586665996e-23, nan 
-85.125, 56.875, 2.2544736821959377e-23, nan 
-84.875, 56.875, 2.661065717057112e-23, nan 
-84.625, 56.875, 2.771405226781205e-23, nan 
-84.375, 56.875, 2.66248423581378e-23, nan 
-84.125, 56.875, 2.5490836006942092e-23, nan 
-83.875, 56.875, 8.936184022492707e-24, nan 
-83.625, 56.875, 1.0464777295125202e-23, nan 
-83.375, 56.875, 1.00063204522824e-23, nan 
-83.125, 56.875, 5.4648754205618674e-24, nan 
-82.875, 56.875, 4.719576208434887e-24, nan 
-82.625, 56.875, 5.574062192040529e-24, nan 
-82.375, 56.875, 5.605878964617184e-24, nan 
-82.125, 56.875, 5.176587115269373e-24, nan 
-81.875, 56.875, 4.509759489980733e-24, nan 
-81.625, 56.875, 3.730420691952353e-24, nan 
-81.375, 56.875, 4.272648807166905e-24, nan 
-81.125, 56.875, 5.125414558194715e-24, nan 
-80.875, 56.875, 8.100814749509065e-24, nan 
-80.625, 56.875, 9.100723469310885e-24, nan 
-80.375, 56.875, 7.019222830090096e-24, nan 
-80.125, 56.875, 4.2571746127187536e-24, nan 
-79.875, 56.875, 4.125304145258859e-24, nan 
-79.625, 56.875, 4.522606920298834e-24, nan 
-79.375, 56.875, 3.8282082759469536e-24, nan 
-79.125, 56.875, 3.484186974566066e-24, nan 
-78.875, 56.875, 3.395596069338811e-24, nan 
-78.625, 56.875, 4.354241202876305e-24, nan 
-78.375, 56.875, 3.712918419339724e-24, nan 
-78.125, 56.875, 3.69850442267123e-24, nan 
-77.875, 56.875, 4.417753555999095e-24, nan 
-77.625, 56.875, 3.473664769485588e-24, nan 
-77.375, 56.875, 2.6971950971005038e-24, nan 
-77.125, 56.875, 3.736164238901534e-24, nan 
-76.875, 56.875, 3.653956374276263e-24, nan 
-76.625, 56.875, 3.739121359370836e-24, nan 
-76.375, 56.875, 5.511105045617122e-24, nan 
-76.125, 56.875, 4.4529463575953034e-24, nan 
-75.875, 56.875, 3.719160302332851e-24, nan 
-75.625, 56.875, 4.041058578786274e-24, nan 
-75.375, 56.875, 3.871307155987369e-24, nan 
-75.125, 56.875, 4.0337104494718855e-24, nan 
-74.875, 56.875, 4.268718061265258e-24, nan 
-74.625, 56.875, 5.6431786071667155e-24, nan 
-74.375, 56.875, 6.123095062138846e-24, nan 
-74.125, 56.875, 7.553405677540642e-24, nan 
-73.875, 56.875, 6.399013846566833e-24, nan 
-73.625, 56.875, 8.082159479822819e-24, nan 
-73.375, 56.875, 9.05822232198836e-24, nan 
-73.125, 56.875, 7.330784115020397e-24, nan 
-72.875, 56.875, 7.361805011163503e-24, nan 
-72.625, 56.875, 7.232576951881432e-24, nan 
-72.375, 56.875, 6.649515911529033e-24, nan 
-72.125, 56.875, 6.705921008553662e-24, nan 
-71.875, 56.875, 6.864873922134286e-24, nan 
-71.625, 56.875, 1.1007622383030488e-23, nan 
-71.375, 56.875, 1.1860983779984383e-23, nan 
-71.125, 56.875, 7.397919071714527e-24, nan 
-70.875, 56.875, 5.090141892156308e-24, nan 
-70.625, 56.875, 5.787911352715506e-24, nan 
-70.375, 56.875, 8.15599023792319e-24, nan 
-70.125, 56.875, 9.54572883000677e-24, nan 
-69.875, 56.875, 9.772662589974147e-24, nan 
-69.625, 56.875, 8.136755171646431e-24, nan 
-69.375, 56.875, 6.389485821620209e-24, nan 
-69.125, 56.875, 6.538006549215297e-24, nan 
-68.875, 56.875, 8.58391231921642e-24, nan 
-68.625, 56.875, 9.652533312856833e-24, nan 
-68.375, 56.875, 7.688167232277524e-24, nan 
-68.125, 56.875, 7.47226131964344e-24, nan 
-67.875, 56.875, 8.296356320388168e-24, nan 
-67.625, 56.875, 8.827744254836625e-24, nan 
-67.375, 56.875, 8.578628283018366e-24, nan 
-67.125, 56.875, 7.768724472866998e-24, nan 
-66.875, 56.875, 4.918896846286666e-24, nan 
-66.625, 56.875, 1.1973578707953542e-23, nan 
-66.375, 56.875, 1.2750606093971913e-23, nan 
-66.125, 56.875, 9.894163900590423e-24, nan 
-65.875, 56.875, 1.2846966116971409e-23, nan 
-65.625, 56.875, 1.3423057678956008e-23, nan 
-65.375, 56.875, 1.2959067992259028e-23, nan 
-65.125, 56.875, 1.164035137406692e-23, nan 
-64.875, 56.875, 1.0340774340351172e-23, nan 
-64.625, 56.875, 6.929847709244067e-24, nan 
-64.375, 56.875, 8.627854912800611e-24, nan 
-64.125, 56.875, 9.25544496057935e-24, nan 
-63.875, 56.875, 1.3891305963170786e-23, nan 
-63.625, 56.875, 1.3424681929797085e-23, nan 
-63.375, 56.875, 1.1373389381925206e-23, nan 
-63.125, 56.875, 9.484257592980458e-24, nan 
-62.875, 56.875, 1.6794871703978603e-23, nan 
-62.625, 56.875, 1.5655245225040182e-23, nan 
-62.375, 56.875, 1.4140418247387803e-23, nan 
-62.125, 56.875, 1.6369127084932906e-23, nan 
-61.875, 56.875, 1.5693011720510042e-23, nan 
-61.625, 56.875, 9.998528214957806e-24, nan 
-61.375, 56.875, 9.697272864610353e-24, nan 
-61.125, 56.875, 1.2325860715031336e-23, nan 
-60.875, 56.875, 1.7217182256886164e-23, nan 
-60.625, 56.875, 1.7635109490250618e-23, nan 
-60.375, 56.875, 1.2819376720906497e-23, nan 
-60.125, 56.875, 1.3016546441644072e-23, nan 
-59.875, 56.875, 3.442112345716692e-23, nan 
-59.625, 56.875, 3.3070658264478286e-23, nan 
-59.375, 56.875, 2.1985260297075935e-23, nan 
-59.125, 56.875, 1.5405677237975562e-23, nan 
-58.875, 56.875, 1.4917144512001847e-23, nan 
-58.625, 56.875, 1.8727338216032514e-23, nan 
-58.375, 56.875, 1.4434054747256033e-23, nan 
-58.125, 56.875, 1.3867307360578968e-23, nan 
-57.875, 56.875, 1.4057591547201736e-23, nan 
-57.625, 56.875, 1.6740475710934283e-23, nan 
-57.375, 56.875, 1.1953682406326345e-23, nan 
-57.125, 56.875, 1.137209531517505e-23, nan 
-56.875, 56.875, 1.3400924378744014e-23, nan 
-56.625, 56.875, 1.6311002485328212e-23, nan 
-56.375, 56.875, 1.6737863945813787e-23, nan 
-56.125, 56.875, 1.9801129118335834e-23, nan 
-55.875, 56.875, 1.401371941520173e-23, nan 
-55.625, 56.875, 8.866315099820162e-24, nan 
-55.375, 56.875, 6.35526254105236e-24, nan 
-55.125, 56.875, 5.4081569453596164e-24, nan 
-54.875, 56.875, 1.787251158368856e-23, nan 
-54.625, 56.875, 1.941509561884695e-23, nan 
-54.375, 56.875, 1.2087808905717784e-23, nan 
-54.125, 56.875, 1.2188779112176846e-23, nan 
-53.875, 56.875, 1.1450604697476371e-23, nan 
-53.625, 56.875, 1.4868998734666113e-23, nan 
-53.375, 56.875, 1.0010536506731808e-23, nan 
-53.125, 56.875, 1.011463658671538e-23, nan 
-52.875, 56.875, 1.3284897250823136e-23, nan 
-52.625, 56.875, 1.55285777166758e-23, nan 
-52.375, 56.875, 2.8326807339763247e-23, nan 
-52.125, 56.875, 3.078639488950506e-23, nan 
-51.875, 56.875, 2.5003525472583215e-23, nan 
-51.625, 56.875, 1.1320220731655578e-23, nan 
-51.375, 56.875, 9.587326408703863e-24, nan 
-51.125, 56.875, 1.5718467343822706e-23, nan 
-50.875, 56.875, 1.5895854400903443e-23, nan 
-50.625, 56.875, 1.0574883751927134e-23, nan 
-50.375, 56.875, 9.71811882787642e-24, nan 
-50.125, 56.875, 1.1530561284345634e-23, nan 
-49.875, 56.875, 1.3537975084254898e-23, nan 
-49.625, 56.875, 1.8104240883436576e-23, nan 
-49.375, 56.875, 1.6818395203631107e-23, nan 
-49.125, 56.875, 1.938576981089079e-23, nan 
-48.875, 56.875, 1.7578198295695887e-23, nan 
-48.625, 56.875, 9.65434211550774e-24, nan 
-48.375, 56.875, 2.1625988683415608e-23, nan 
-48.125, 56.875, 2.3748905438580172e-23, nan 
-47.875, 56.875, 1.6857744107267748e-23, nan 
-47.625, 56.875, 1.279673190936838e-23, nan 
-47.375, 56.875, 9.866351740234086e-24, nan 
-47.125, 56.875, 2.0076851928708985e-23, nan 
-46.875, 56.875, 2.629086766429214e-23, nan 
-46.625, 56.875, 1.817014365725437e-23, nan 
-46.375, 56.875, 5.360115254459387e-24, nan 
-46.125, 56.875, 9.5856660341467e-24, nan 
-45.875, 56.875, 7.692887482110697e-24, nan 
-45.625, 56.875, 9.59073790352804e-24, nan 
-45.375, 56.875, 1.1982881880410533e-23, nan 
-45.125, 56.875, 9.495185315537547e-24, nan 
-44.875, 56.875, 1.4366095339887913e-23, nan 
-44.625, 56.875, 1.488507379299171e-23, nan 
-44.375, 56.875, 8.615911256854138e-24, nan 
-44.125, 56.875, 7.74718046939335e-24, nan 
-43.875, 56.875, 9.900492132128719e-24, nan 
-43.625, 56.875, 1.362882712272029e-23, nan 
-43.375, 56.875, 1.2736413328830215e-23, nan 
-43.125, 56.875, 1.2883484410209252e-23, nan 
-42.875, 56.875, 9.792862765513103e-24, nan 
-42.625, 56.875, 9.957157068935568e-24, nan 
-42.375, 56.875, 1.4631735107268495e-23, nan 
-42.125, 56.875, 1.4717909005252954e-23, nan 
-41.875, 56.875, 9.562593195584445e-24, nan 
-41.625, 56.875, 1.1105712209207838e-23, nan 
-41.375, 56.875, 1.345753250151538e-23, nan 
-41.125, 56.875, 3.069460775207027e-23, nan 
-40.875, 56.875, 3.0400525369254077e-23, nan 
-40.625, 56.875, 8.587707764574981e-24, nan 
-40.375, 56.875, 1.4715498205932072e-23, nan 
-40.125, 56.875, 1.7164699983521152e-23, nan 
-39.875, 56.875, 2.0245107929194128e-23, nan 
-39.625, 56.875, 1.7287959240978824e-23, nan 
-39.375, 56.875, 1.9792320405921586e-23, nan 
-39.125, 56.875, 2.1911735209126544e-23, nan 
-38.875, 56.875, 2.218939925275379e-23, nan 
-38.625, 56.875, 1.052015925350118e-23, nan 
-38.375, 56.875, 3.915872394183967e-23, nan 
-38.125, 56.875, 7.000691571602624e-23, nan 
-37.875, 56.875, 4.280806539115693e-22, nan 
-37.625, 56.875, 7.04197418296255e-22, nan 
-37.375, 56.875, 9.667766054717513e-22, nan 
-37.125, 56.875, 7.15585370706194e-22, nan 
-36.875, 56.875, 1.4370099772315865e-22, nan 
-36.625, 56.875, 7.071852375136497e-23, nan 
-36.375, 56.875, 6.334210976964052e-23, nan 
-36.125, 56.875, 1.6104755316119932e-23, nan 
-35.875, 56.875, 1.7939913518388416e-23, nan 
-35.625, 56.875, 2.023938338407222e-23, nan 
-35.375, 56.875, 2.82994772716607e-23, nan 
-35.125, 56.875, 3.1855857759220274e-23, nan 
-34.875, 56.875, 3.580448045046992e-23, nan 
-34.625, 56.875, 2.486820063463174e-23, nan 
-34.375, 56.875, 3.783537603060409e-23, nan 
-34.125, 56.875, 3.994239288139538e-23, nan 
-33.875, 56.875, 2.342723622957757e-23, nan 
-33.625, 56.875, 3.783843102448602e-23, nan 
-33.375, 56.875, 3.3310914195056384e-23, nan 
-33.125, 56.875, 3.1511079557084956e-23, nan 
-32.875, 56.875, 4.1495534665217386e-23, nan 
-32.625, 56.875, 4.236059375233479e-23, nan 
-32.375, 56.875, 2.8307272313661514e-23, nan 
-32.125, 56.875, 3.0698444723138664e-23, nan 
-31.875, 56.875, 3.003806979290148e-23, nan 
-31.625, 56.875, 2.5674604457402498e-23, nan 
-31.375, 56.875, 2.802659274754074e-23, nan 
-31.125, 56.875, 2.4861498295251127e-23, nan 
-30.875, 56.875, 1.5873238786564276e-23, nan 
-30.625, 56.875, 2.2768047452165142e-23, nan 
-30.375, 56.875, 1.4957362942906366e-23, nan 
-30.125, 56.875, 2.4756139944700842e-23, nan 
-29.875, 56.875, 2.6193846019303265e-23, nan 
-29.625, 56.875, 2.153401128915427e-23, nan 
-29.375, 56.875, 2.0213696163193968e-23, nan 
-29.125, 56.875, 2.4234160216201687e-23, nan 
-28.875, 56.875, 3.28618405409504e-23, nan 
-28.625, 56.875, 3.013082669363919e-23, nan 
-28.375, 56.875, 2.2036276655681753e-23, nan 
-28.125, 56.875, 3.1375216103003194e-23, nan 
-27.875, 56.875, 4.3306994204029336e-23, nan 
-27.625, 56.875, 6.180515998983351e-23, nan 
-27.375, 56.875, 4.5189920689652105e-23, nan 
-27.125, 56.875, 1.854739262380274e-23, nan 
-26.875, 56.875, 1.1205224050451438e-23, nan 
-26.625, 56.875, 1.2729034573693413e-23, nan 
-26.375, 56.875, 1.5445510038172292e-23, nan 
-26.125, 56.875, 3.714997965728679e-23, nan 
-25.875, 56.875, 3.7770209030678074e-23, nan 
-25.625, 56.875, 1.9830306097874755e-23, nan 
-25.375, 56.875, 1.789654985792087e-23, nan 
-25.125, 56.875, 1.9796471845617068e-23, nan 
-24.875, 56.875, 1.8211673859756594e-23, nan 
-24.625, 56.875, 1.7049283084672276e-23, nan 
-24.375, 56.875, 1.7710028400661046e-23, nan 
-24.125, 56.875, 2.2481015360778966e-23, nan 
-23.875, 56.875, 2.511185435291316e-23, nan 
-23.625, 56.875, 1.2973099209700887e-23, nan 
-23.375, 56.875, 1.5281665194703115e-23, nan 
-23.125, 56.875, 1.2946103755105779e-23, nan 
-22.875, 56.875, 8.068999974055257e-24, nan 
-22.625, 56.875, 2.0101670229287423e-23, nan 
-22.375, 56.875, 2.2795895650981952e-23, nan 
-22.125, 56.875, 1.4494652353965037e-23, nan 
-21.875, 56.875, 1.6529550546923954e-23, nan 
-21.625, 56.875, 2.7672378135984874e-23, nan 
-21.375, 56.875, 2.5100826969549027e-23, nan 
-21.125, 56.875, 1.3678962539194624e-23, nan 
-20.875, 56.875, 1.6877026303079582e-23, nan 
-20.625, 56.875, 2.081612276729563e-23, nan 
-20.375, 56.875, 2.66239929476849e-23, nan 
-20.125, 56.875, 4.4368096372187213e-23, nan 
-19.875, 56.875, 6.679383321642235e-23, nan 
-19.625, 56.875, 6.431199822153612e-23, nan 
-19.375, 56.875, 6.340800320694334e-23, nan 
-19.125, 56.875, 5.0593637076773063e-23, nan 
-18.875, 56.875, 2.9792728125483566e-23, nan 
-18.625, 56.875, 3.5324788171503826e-23, nan 
-18.375, 56.875, 3.0099254268147774e-23, nan 
-18.125, 56.875, 1.6242074002937782e-23, nan 
-17.875, 56.875, 7.076315857328579e-23, nan 
-17.625, 56.875, 1.0057040881585852e-22, nan 
-17.375, 56.875, 9.283113186721032e-23, nan 
-17.125, 56.875, 7.315447336976617e-23, nan 
-16.875, 56.875, 7.377909148660708e-23, nan 
-16.625, 56.875, 9.634818403642906e-23, nan 
-16.375, 56.875, 8.034621647611916e-23, nan 
-16.125, 56.875, 3.129029453587264e-23, nan 
-15.875, 56.875, 1.4281562220949075e-23, nan 
-15.625, 56.875, 5.382257488877519e-23, nan 
-15.375, 56.875, 6.448227775290397e-23, nan 
-15.125, 56.875, 3.3377186842821155e-23, nan 
-14.875, 56.875, 2.864073580874401e-23, nan 
-14.625, 56.875, 1.386299236316767e-23, nan 
-14.375, 56.875, 1.707021492962618e-23, nan 
-14.125, 56.875, 1.6382950278175622e-23, nan 
-13.875, 56.875, 3.240674079728762e-23, nan 
-13.625, 56.875, 3.433634066878077e-23, nan 
-13.375, 56.875, 1.4574366347488643e-23, nan 
-13.125, 56.875, 1.3147900530660662e-23, nan 
-12.875, 56.875, 1.2263354926191652e-23, nan 
-12.625, 56.875, 2.6373735456011925e-23, nan 
-12.375, 56.875, 3.35797030645298e-23, nan 
-12.125, 56.875, 7.180897978596337e-23, nan 
-11.875, 56.875, 1.0225883382276473e-22, nan 
-11.625, 56.875, 1.6489204086497828e-22, nan 
-11.375, 56.875, 2.674919895802275e-22, nan 
-11.125, 56.875, 2.636182088030519e-22, nan 
-10.875, 56.875, 1.5462885124119112e-22, nan 
-10.625, 56.875, 9.369642063099803e-22, nan 
-10.375, 56.875, 1.4225780762201033e-21, nan 
-10.125, 56.875, 8.328410259859344e-22, nan 
-9.875, 56.875, 5.902931777373883e-22, nan 
-9.625, 56.875, 8.477511617799378e-22, nan 
-9.375, 56.875, 5.299472066798017e-22, nan 
-9.125, 56.875, 3.562637552956173e-22, nan 
-8.875, 56.875, 1.5079848067847475e-21, nan 
-8.625, 56.875, 1.349855789981825e-21, nan 
-8.375, 56.875, 2.870407390618202e-22, nan 
-8.125, 56.875, 2.3201462145885645e-22, nan 
-7.875, 56.875, 4.448138573924783e-23, nan 
-7.625, 56.875, 7.305167758121457e-23, nan 
-7.375, 56.875, 6.865654407038389e-23, nan 
-7.125, 56.875, 2.38857732663932e-23, nan 
-6.875, 56.875, 2.956613321077311e-23, nan 
-6.625, 56.875, 3.043020431770647e-23, nan 
-6.375, 56.875, 3.8034019090761973e-23, nan 
-6.125, 56.875, 1.7626622374222082e-23, nan 
-5.875, 56.875, 1.4990175017808576e-23, nan 
-5.625, 56.875, 1.2181415215435037e-23, nan 
-5.375, 56.875, 1.5894485743632236e-23, nan 
-5.125, 56.875, 2.250975607442649e-23, nan 
-4.875, 56.875, 1.1847473428426537e-23, nan 
-4.625, 56.875, 1.6367259393795447e-23, nan 
-4.375, 56.875, 2.1091581597533953e-23, nan 
-4.125, 56.875, 2.037041324067987e-23, nan 
-3.875, 56.875, 1.9270320996146912e-23, nan 
-3.625, 56.875, 1.79280174336062e-23, nan 
-3.375, 56.875, 1.993597876862387e-23, nan 
-3.125, 56.875, 2.4888566225829158e-23, nan 
-2.875, 56.875, 1.619281115386963e-23, nan 
-2.625, 56.875, 1.206264553471045e-23, nan 
-2.375, 56.875, 2.1364609127191445e-23, nan 
-2.125, 56.875, 2.1454637247954816e-23, nan 
-1.875, 56.875, 8.765195781846947e-24, nan 
-1.625, 56.875, 7.74675640529746e-24, nan 
-1.375, 56.875, 1.1355985691524406e-23, nan 
-1.125, 56.875, 8.764475098890235e-24, nan 
-0.875, 56.875, 6.410541884658336e-24, nan 
-0.625, 56.875, 5.790499573848098e-24, nan 
-0.375, 56.875, 9.952486843926717e-24, nan 
-0.125, 56.875, 8.321413199144986e-24, nan 
0.125, 56.875, 8.773210767414208e-24, nan 
0.375, 56.875, 4.93862173425347e-24, nan 
0.625, 56.875, 6.330568926099106e-24, nan 
0.875, 56.875, 1.180506446045989e-23, nan 
1.125, 56.875, 2.3872196777273004e-23, nan 
1.375, 56.875, 2.5586517441020679e-23, nan 
1.625, 56.875, 1.9469001227245637e-23, nan 
1.875, 56.875, 2.5503777008722876e-23, nan 
2.125, 56.875, 2.6712075398889116e-23, nan 
2.375, 56.875, 2.820718671752283e-23, nan 
2.625, 56.875, 2.3584893310031078e-23, nan 
2.875, 56.875, 1.2992175847100342e-23, nan 
3.125, 56.875, 2.130504054715716e-23, nan 
3.375, 56.875, 9.957356318489814e-24, nan 
3.625, 56.875, 1.0465337582463883e-23, nan 
3.875, 56.875, 1.2573749321037684e-23, nan 
4.125, 56.875, 2.390482901963196e-23, nan 
4.375, 56.875, 2.3943437693922242e-23, nan 
4.625, 56.875, 9.528674351709437e-24, nan 
4.875, 56.875, 1.205972514493499e-23, nan 
5.125, 56.875, 1.2492443878783792e-23, nan 
5.375, 56.875, 1.7566168813967964e-23, nan 
5.625, 56.875, 1.897590220836143e-23, nan 
5.875, 56.875, 1.6776290422500853e-23, nan 
6.125, 56.875, 1.435206126911084e-23, nan 
6.375, 56.875, 1.7682865339500255e-23, nan 
6.625, 56.875, 1.7853645565349896e-23, nan 
6.875, 56.875, 2.394488075039741e-23, nan 
7.125, 56.875, 2.479173225483135e-23, nan 
7.375, 56.875, 1.709135702990048e-23, nan 
7.625, 56.875, 1.878218818919394e-23, nan 
7.875, 56.875, 2.1232572386620694e-23, nan 
8.125, 56.875, 3.105440016599024e-23, nan 
8.375, 56.875, 2.5028789848176093e-23, nan 
8.625, 56.875, 1.0397277669470563e-23, nan 
8.875, 56.875, 1.3993490752664245e-23, nan 
9.125, 56.875, 1.61170436330703e-23, nan 
9.375, 56.875, 2.489233017075482e-23, nan 
9.625, 56.875, 2.417385406637341e-23, nan 
9.875, 56.875, 3.927506170478758e-23, nan 
10.125, 56.875, 3.822804908733838e-23, nan 
10.375, 56.875, 2.2391153684598773e-23, nan 
10.625, 56.875, 1.7724724794031267e-23, nan 
10.875, 56.875, 2.8649697544175e-23, nan 
11.125, 56.875, 2.2281837296393375e-23, nan 
11.375, 56.875, 1.402919231450878e-23, nan 
11.625, 56.875, 1.8200083122611812e-23, nan 
11.875, 56.875, 2.1756184409458517e-23, nan 
12.125, 56.875, 1.3785444714326013e-23, nan 
12.375, 56.875, 9.220733567152484e-24, nan 
12.625, 56.875, 1.4279930422387944e-23, nan 
12.875, 56.875, 1.3176902388805041e-23, nan 
13.125, 56.875, 7.208489945193948e-24, nan 
13.375, 56.875, 8.449419352204193e-24, nan 
13.625, 56.875, 1.0374534924371305e-23, nan 
13.875, 56.875, 1.6539572112096567e-23, nan 
14.125, 56.875, 1.5000973788348348e-23, nan 
14.375, 56.875, 4.907683440895226e-24, nan 
14.625, 56.875, 8.751698961617147e-24, nan 
14.875, 56.875, 1.9362433580160352e-23, nan 
15.125, 56.875, 7.407791507659884e-24, nan 
15.375, 56.875, 1.1842222202721423e-23, nan 
15.625, 56.875, 1.6985004486581168e-23, nan 
15.875, 56.875, 2.1116384899459968e-23, nan 
16.125, 56.875, 1.3025790113018254e-23, nan 
16.375, 56.875, 1.0256077166451973e-23, nan 
16.625, 56.875, 1.3175980873206702e-23, nan 
16.875, 56.875, 6.911200518897677e-24, nan 
17.125, 56.875, 7.01849901306663e-24, nan 
17.375, 56.875, 9.860105617462925e-24, nan 
17.625, 56.875, 1.2933096379091798e-23, nan 
17.875, 56.875, 1.535996758274636e-23, nan 
18.125, 56.875, 1.912250756369034e-23, nan 
18.375, 56.875, 1.8592160062297062e-23, nan 
18.625, 56.875, 1.4272444904981763e-23, nan 
18.875, 56.875, 2.526083447535223e-23, nan 
19.125, 56.875, 3.418415557529083e-23, nan 
19.375, 56.875, 3.50146425670203e-23, nan 
19.625, 56.875, 2.185164423898174e-23, nan 
19.875, 56.875, 1.4127630106495636e-23, nan 
20.125, 56.875, 8.572587917637537e-24, nan 
20.375, 56.875, 6.3454167428501934e-24, nan 
20.625, 56.875, 5.376518758738563e-24, nan 
-90.125, 57.125, 1.3616805100059803e-23, nan 
-89.875, 57.125, 2.1142600415785595e-23, nan 
-89.625, 57.125, 2.145573110395475e-23, nan 
-89.375, 57.125, 1.4626749699196198e-23, nan 
-89.125, 57.125, 1.4500688065127738e-23, nan 
-88.875, 57.125, 1.5411961570831827e-23, nan 
-88.625, 57.125, 1.2953154293553723e-23, nan 
-88.375, 57.125, 1.5322502575576758e-23, nan 
-88.125, 57.125, 1.9592759521134772e-23, nan 
-87.875, 57.125, 1.713040651108302e-23, nan 
-87.625, 57.125, 1.379330633012895e-23, nan 
-87.375, 57.125, 1.625934072007023e-23, nan 
-87.125, 57.125, 1.8427025378269915e-23, nan 
-86.875, 57.125, 1.9248390837696158e-23, nan 
-86.625, 57.125, 1.6524361954682755e-23, nan 
-86.375, 57.125, 1.7310914056136586e-23, nan 
-86.125, 57.125, 1.5848886559155034e-23, nan 
-85.875, 57.125, 2.101436706197778e-23, nan 
-85.625, 57.125, 2.4006508483096817e-23, nan 
-85.375, 57.125, 2.0861951777184032e-23, nan 
-85.125, 57.125, 2.0522204788080968e-23, nan 
-84.875, 57.125, 2.4400944175496067e-23, nan 
-84.625, 57.125, 2.0118192114171514e-23, nan 
-84.375, 57.125, 1.5801314886775777e-23, nan 
-84.125, 57.125, 1.2594641045661063e-23, nan 
-83.875, 57.125, 8.832696674246223e-24, nan 
-83.625, 57.125, 9.997510356312207e-24, nan 
-83.375, 57.125, 8.515497715056587e-24, nan 
-83.125, 57.125, 5.291321016998612e-24, nan 
-82.875, 57.125, 5.178379068327004e-24, nan 
-82.625, 57.125, 5.9772321547100526e-24, nan 
-82.375, 57.125, 4.6562572243994775e-24, nan 
-82.125, 57.125, 4.342633324750793e-24, nan 
-81.875, 57.125, 4.6575422350785905e-24, nan 
-81.625, 57.125, 5.4234023344468985e-24, nan 
-81.375, 57.125, 5.8829354415047296e-24, nan 
-81.125, 57.125, 7.754886542446283e-24, nan 
-80.875, 57.125, 1.095336019440488e-23, nan 
-80.625, 57.125, 1.074141967165289e-23, nan 
-80.375, 57.125, 5.547618432955797e-24, nan 
-80.125, 57.125, 4.729591131851553e-24, nan 
-79.875, 57.125, 5.575495399858659e-24, nan 
-79.625, 57.125, 4.413231604555348e-24, nan 
-79.375, 57.125, 3.299722022260911e-24, nan 
-79.125, 57.125, 2.9188106242681773e-24, nan 
-78.875, 57.125, 3.307264129591629e-24, nan 
-78.625, 57.125, 3.7894294807691655e-24, nan 
-78.375, 57.125, 3.8938210979389765e-24, nan 
-78.125, 57.125, 4.134452485763549e-24, nan 
-77.875, 57.125, 3.679630595752137e-24, nan 
-77.625, 57.125, 1.591128105732306e-24, nan 
-77.375, 57.125, 2.2197017067239423e-24, nan 
-77.125, 57.125, 4.537618867342386e-24, nan 
-76.875, 57.125, 4.6832238744638644e-24, nan 
-76.625, 57.125, 4.811921478233515e-24, nan 
-76.375, 57.125, 5.698612386516792e-24, nan 
-76.125, 57.125, 5.106065436846123e-24, nan 
-75.875, 57.125, 5.4026690646153414e-24, nan 
-75.625, 57.125, 5.33766054544572e-24, nan 
-75.375, 57.125, 4.9137810707877036e-24, nan 
-75.125, 57.125, 4.7413795405983224e-24, nan 
-74.875, 57.125, 6.480086095835786e-24, nan 
-74.625, 57.125, 7.310219258142527e-24, nan 
-74.375, 57.125, 8.362099995344906e-24, nan 
-74.125, 57.125, 8.434942831950148e-24, nan 
-73.875, 57.125, 6.697811095255793e-24, nan 
-73.625, 57.125, 9.145483967419965e-24, nan 
-73.375, 57.125, 9.089991057310872e-24, nan 
-73.125, 57.125, 7.73304749534113e-24, nan 
-72.875, 57.125, 7.604773028685915e-24, nan 
-72.625, 57.125, 8.830621757795616e-24, nan 
-72.375, 57.125, 7.88922101544872e-24, nan 
-72.125, 57.125, 6.777938093982011e-24, nan 
-71.875, 57.125, 6.103759604340409e-24, nan 
-71.625, 57.125, 1.145700579746829e-23, nan 
-71.375, 57.125, 1.1582313596670359e-23, nan 
-71.125, 57.125, 6.346258331006514e-24, nan 
-70.875, 57.125, 6.615360162452774e-24, nan 
-70.625, 57.125, 7.766901166441637e-24, nan 
-70.375, 57.125, 8.752506982131099e-24, nan 
-70.125, 57.125, 1.0008388989992104e-23, nan 
-69.875, 57.125, 9.557357005836852e-24, nan 
-69.625, 57.125, 7.651930812681587e-24, nan 
-69.375, 57.125, 9.007855564277534e-24, nan 
-69.125, 57.125, 9.246715558756324e-24, nan 
-68.875, 57.125, 8.815677445105835e-24, nan 
-68.625, 57.125, 7.554973845430836e-24, nan 
-68.375, 57.125, 9.41856641648739e-24, nan 
-68.125, 57.125, 1.0310612915944057e-23, nan 
-67.875, 57.125, 7.933608196775511e-24, nan 
-67.625, 57.125, 9.566218430902402e-24, nan 
-67.375, 57.125, 7.39676037303137e-24, nan 
-67.125, 57.125, 5.345985134445414e-24, nan 
-66.875, 57.125, 6.025553788790403e-24, nan 
-66.625, 57.125, 5.787888951508789e-24, nan 
-66.375, 57.125, 1.8761046908869933e-23, nan 
-66.125, 57.125, 2.0264776926768587e-23, nan 
-65.875, 57.125, 1.296717136943982e-23, nan 
-65.625, 57.125, 9.770914083090146e-24, nan 
-65.375, 57.125, 1.1402345778703386e-23, nan 
-65.125, 57.125, 1.269596234753253e-23, nan 
-64.875, 57.125, 8.998496055553484e-24, nan 
-64.625, 57.125, 4.1768496524246286e-24, nan 
-64.375, 57.125, 6.880152915453292e-24, nan 
-64.125, 57.125, 2.0210485217128018e-23, nan 
-63.875, 57.125, 2.2040259780839878e-23, nan 
-63.625, 57.125, 1.2205158805490662e-23, nan 
-63.375, 57.125, 1.1325201597336102e-23, nan 
-63.125, 57.125, 2.4620105758272654e-23, nan 
-62.875, 57.125, 2.7436410038927044e-23, nan 
-62.625, 57.125, 1.2407947680510589e-23, nan 
-62.375, 57.125, 1.332576199813682e-23, nan 
-62.125, 57.125, 1.3040800858152117e-23, nan 
-61.875, 57.125, 1.12283634320678e-23, nan 
-61.625, 57.125, 7.70091365582366e-24, nan 
-61.375, 57.125, 2.338448920060686e-23, nan 
-61.125, 57.125, 2.5714741815890043e-23, nan 
-60.875, 57.125, 2.2383157836945688e-23, nan 
-60.625, 57.125, 1.7122416329331166e-23, nan 
-60.375, 57.125, 1.9269835611174107e-23, nan 
-60.125, 57.125, 1.924325275164737e-23, nan 
-59.875, 57.125, 2.5825947658442282e-23, nan 
-59.625, 57.125, 2.4600052108665287e-23, nan 
-59.375, 57.125, 1.8730268795286815e-23, nan 
-59.125, 57.125, 1.4937732383980484e-23, nan 
-58.875, 57.125, 2.6377339468707963e-23, nan 
-58.625, 57.125, 2.5075170558454363e-23, nan 
-58.375, 57.125, 1.327768929425831e-23, nan 
-58.125, 57.125, 1.0237445986534498e-23, nan 
-57.875, 57.125, 1.600553891848188e-23, nan 
-57.625, 57.125, 1.713904505724202e-23, nan 
-57.375, 57.125, 1.1729115643127647e-23, nan 
-57.125, 57.125, 1.2700886018430836e-23, nan 
-56.875, 57.125, 1.186831300918837e-23, nan 
-56.625, 57.125, 1.1101176651110735e-23, nan 
-56.375, 57.125, 1.2697155110956981e-23, nan 
-56.125, 57.125, 1.7230419642750338e-23, nan 
-55.875, 57.125, 8.231308463703852e-24, nan 
-55.625, 57.125, 9.266273455203461e-24, nan 
-55.375, 57.125, 9.012435171148997e-24, nan 
-55.125, 57.125, 2.351859957244492e-23, nan 
-54.875, 57.125, 2.615616229519838e-23, nan 
-54.625, 57.125, 1.6313691072885056e-23, nan 
-54.375, 57.125, 9.731100328986194e-24, nan 
-54.125, 57.125, 9.60623520753141e-24, nan 
-53.875, 57.125, 1.0680635069138131e-23, nan 
-53.625, 57.125, 8.689194021746137e-24, nan 
-53.375, 57.125, 8.93575871335094e-24, nan 
-53.125, 57.125, 9.406354853401851e-24, nan 
-52.875, 57.125, 1.1936112918422736e-23, nan 
-52.625, 57.125, 1.9113849322772667e-23, nan 
-52.375, 57.125, 2.713442693022595e-23, nan 
-52.125, 57.125, 1.9680462301989102e-23, nan 
-51.875, 57.125, 9.906585718429055e-24, nan 
-51.625, 57.125, 1.5171998345530788e-23, nan 
-51.375, 57.125, 3.308823427281262e-23, nan 
-51.125, 57.125, 3.0322677309944e-23, nan 
-50.875, 57.125, 1.5836067811412537e-23, nan 
-50.625, 57.125, 9.185879644782554e-24, nan 
-50.375, 57.125, 1.2057860675895608e-23, nan 
-50.125, 57.125, 1.1412287841216708e-23, nan 
-49.875, 57.125, 1.6755064339077253e-23, nan 
-49.625, 57.125, 1.876558228235839e-23, nan 
-49.375, 57.125, 1.4137429046973882e-23, nan 
-49.125, 57.125, 2.4067490302080342e-23, nan 
-48.875, 57.125, 1.8858112453285922e-23, nan 
-48.625, 57.125, 1.5768720056647406e-23, nan 
-48.375, 57.125, 1.9198437884970745e-23, nan 
-48.125, 57.125, 1.668525564042528e-23, nan 
-47.875, 57.125, 8.516631755396829e-24, nan 
-47.625, 57.125, 6.607547546837797e-24, nan 
-47.375, 57.125, 1.1886498370770103e-23, nan 
-47.125, 57.125, 2.4224914129163498e-23, nan 
-46.875, 57.125, 2.0593716702437355e-23, nan 
-46.625, 57.125, 8.111425144732239e-24, nan 
-46.375, 57.125, 1.1289156113114063e-23, nan 
-46.125, 57.125, 1.2746458714845513e-23, nan 
-45.875, 57.125, 9.494085771845633e-24, nan 
-45.625, 57.125, 1.0896470188958156e-23, nan 
-45.375, 57.125, 1.1576669603857967e-23, nan 
-45.125, 57.125, 2.840301315867235e-23, nan 
-44.875, 57.125, 1.637373479304926e-23, nan 
-44.625, 57.125, 1.3658926791086333e-23, nan 
-44.375, 57.125, 1.325145332895005e-23, nan 
-44.125, 57.125, 1.6097770323830125e-23, nan 
-43.875, 57.125, 1.9937118245621285e-23, nan 
-43.625, 57.125, 7.388920897915063e-24, nan 
-43.375, 57.125, 1.0151397275235536e-23, nan 
-43.125, 57.125, 2.5131726282796757e-23, nan 
-42.875, 57.125, 2.616957854436319e-23, nan 
-42.625, 57.125, 1.8997699086545487e-23, nan 
-42.375, 57.125, 1.2660579979835216e-23, nan 
-42.125, 57.125, 1.563292405168796e-23, nan 
-41.875, 57.125, 1.8776438361704473e-23, nan 
-41.625, 57.125, 2.9193083630565753e-23, nan 
-41.375, 57.125, 2.902309761412454e-23, nan 
-41.125, 57.125, 1.3116392153081637e-23, nan 
-40.875, 57.125, 1.341406185929587e-23, nan 
-40.625, 57.125, 1.4817430930619293e-23, nan 
-40.375, 57.125, 1.5993837027660917e-23, nan 
-40.125, 57.125, 1.9364769718771415e-23, nan 
-39.875, 57.125, 2.1921748552883582e-23, nan 
-39.625, 57.125, 3.223516860064944e-23, nan 
-39.375, 57.125, 5.2739162804426493e-23, nan 
-39.125, 57.125, 4.0862053203719465e-23, nan 
-38.875, 57.125, 2.3933003792423793e-23, nan 
-38.625, 57.125, 2.1648563233480622e-23, nan 
-38.375, 57.125, 2.4844591373402424e-23, nan 
-38.125, 57.125, 2.9840414029505804e-23, nan 
-37.875, 57.125, 7.120979715560837e-23, nan 
-37.625, 57.125, 2.259058456692638e-22, nan 
-37.375, 57.125, 4.985645983998703e-22, nan 
-37.125, 57.125, 1.0875628977599947e-22, nan 
-36.875, 57.125, 7.723963386122922e-23, nan 
-36.625, 57.125, 5.772437478899855e-23, nan 
-36.375, 57.125, 1.611992046382435e-23, nan 
-36.125, 57.125, 3.574029535470739e-23, nan 
-35.875, 57.125, 1.5367088879916712e-23, nan 
-35.625, 57.125, 2.421718867522325e-23, nan 
-35.375, 57.125, 2.238245605497472e-23, nan 
-35.125, 57.125, 1.2705201502172062e-23, nan 
-34.875, 57.125, 2.2827801917374643e-23, nan 
-34.625, 57.125, 2.9262746482970185e-23, nan 
-34.375, 57.125, 3.9250234938201026e-23, nan 
-34.125, 57.125, 2.1846467945380406e-23, nan 
-33.875, 57.125, 3.719529476699433e-23, nan 
-33.625, 57.125, 5.04981700678992e-23, nan 
-33.375, 57.125, 4.4611771533075715e-23, nan 
-33.125, 57.125, 3.8301907276203406e-23, nan 
-32.875, 57.125, 4.3969188682876076e-23, nan 
-32.625, 57.125, 4.5438899704332177e-23, nan 
-32.375, 57.125, 3.9312392670967086e-23, nan 
-32.125, 57.125, 2.967789651591846e-23, nan 
-31.875, 57.125, 2.6459354595150128e-23, nan 
-31.625, 57.125, 2.582529001075494e-23, nan 
-31.375, 57.125, 2.207733519149517e-23, nan 
-31.125, 57.125, 2.1898375341073727e-23, nan 
-30.875, 57.125, 2.4594343814898427e-23, nan 
-30.625, 57.125, 2.420210533117241e-23, nan 
-30.375, 57.125, 1.5922003282358577e-23, nan 
-30.125, 57.125, 1.5152650433806324e-23, nan 
-29.875, 57.125, 1.5507422432051984e-23, nan 
-29.625, 57.125, 1.603807484348663e-23, nan 
-29.375, 57.125, 2.0530401583090128e-23, nan 
-29.125, 57.125, 2.698900314566756e-23, nan 
-28.875, 57.125, 1.872902385160893e-23, nan 
-28.625, 57.125, 1.2772429618997332e-23, nan 
-28.375, 57.125, 1.9523552677108203e-23, nan 
-28.125, 57.125, 4.688739738418247e-23, nan 
-27.875, 57.125, 4.514997068820094e-23, nan 
-27.625, 57.125, 2.9610850171847645e-23, nan 
-27.375, 57.125, 2.5774328197884611e-23, nan 
-27.125, 57.125, 1.3165563778968614e-23, nan 
-26.875, 57.125, 2.0361913768300002e-23, nan 
-26.625, 57.125, 2.6041969695708165e-23, nan 
-26.375, 57.125, 3.498866589970696e-23, nan 
-26.125, 57.125, 2.5675273949621732e-23, nan 
-25.875, 57.125, 1.5740999610678938e-23, nan 
-25.625, 57.125, 2.1633905911212637e-23, nan 
-25.375, 57.125, 1.822478403498408e-23, nan 
-25.125, 57.125, 4.1926942016811716e-23, nan 
-24.875, 57.125, 2.106194623962155e-23, nan 
-24.625, 57.125, 3.517321193478434e-23, nan 
-24.375, 57.125, 3.1701484495299793e-23, nan 
-24.125, 57.125, 1.8129030955435775e-23, nan 
-23.875, 57.125, 1.8217705210476442e-23, nan 
-23.625, 57.125, 2.4290453025350093e-23, nan 
-23.375, 57.125, 2.192775635629755e-23, nan 
-23.125, 57.125, 1.069486407380356e-23, nan 
-22.875, 57.125, 1.2279696342261618e-23, nan 
-22.625, 57.125, 1.7994568332734882e-23, nan 
-22.375, 57.125, 1.819662030407777e-23, nan 
-22.125, 57.125, 1.0986021598045738e-23, nan 
-21.875, 57.125, 9.616217866671074e-24, nan 
-21.625, 57.125, 1.6039098280979904e-23, nan 
-21.375, 57.125, 1.1306408373948041e-23, nan 
-21.125, 57.125, 4.746815738883463e-24, nan 
-20.875, 57.125, 6.1997798809721e-24, nan 
-20.625, 57.125, 1.6614788511025288e-23, nan 
-20.375, 57.125, 3.9066393928480447e-23, nan 
-20.125, 57.125, 5.656599870297933e-23, nan 
-19.875, 57.125, 5.321788073669007e-23, nan 
-19.625, 57.125, 4.1194148228411467e-23, nan 
-19.375, 57.125, 5.918960869536296e-23, nan 
-19.125, 57.125, 4.6996870770582875e-23, nan 
-18.875, 57.125, 3.7397137993670237e-23, nan 
-18.625, 57.125, 5.173607418135179e-23, nan 
-18.375, 57.125, 3.8816989283081056e-23, nan 
-18.125, 57.125, 4.808921158390223e-23, nan 
-17.875, 57.125, 2.304578465249644e-23, nan 
-17.625, 57.125, 5.172634376271326e-23, nan 
-17.375, 57.125, 6.966472177981105e-23, nan 
-17.125, 57.125, 4.951972565672417e-23, nan 
-16.875, 57.125, 4.162393717193407e-23, nan 
-16.625, 57.125, 6.184728221029609e-23, nan 
-16.375, 57.125, 6.319005102124802e-23, nan 
-16.125, 57.125, 4.5670059823277775e-23, nan 
-15.875, 57.125, 2.0658051884778098e-23, nan 
-15.625, 57.125, 1.4636350246557737e-23, nan 
-15.375, 57.125, 6.27743462555231e-23, nan 
-15.125, 57.125, 7.986255906961817e-23, nan 
-14.875, 57.125, 7.785149735897862e-23, nan 
-14.625, 57.125, 7.017993834543111e-23, nan 
-14.375, 57.125, 3.1099198950965627e-23, nan 
-14.125, 57.125, 9.536343687569027e-24, nan 
-13.875, 57.125, 9.799277118462982e-24, nan 
-13.625, 57.125, 1.367428258845129e-23, nan 
-13.375, 57.125, 2.710839234534131e-23, nan 
-13.125, 57.125, 2.046551146664771e-23, nan 
-12.875, 57.125, 1.6783241306793942e-23, nan 
-12.625, 57.125, 1.508705626516628e-23, nan 
-12.375, 57.125, 2.2453767475056556e-23, nan 
-12.125, 57.125, 2.896746410624609e-23, nan 
-11.875, 57.125, 9.466947050786051e-23, nan 
-11.625, 57.125, 1.0654297877335791e-22, nan 
-11.375, 57.125, 8.36832910526606e-23, nan 
-11.125, 57.125, 1.310838815143358e-22, nan 
-10.875, 57.125, 3.954114327826873e-22, nan 
-10.625, 57.125, 4.439303623082985e-22, nan 
-10.375, 57.125, 1.800945251562279e-21, nan 
-10.125, 57.125, 1.9623799603235063e-21, nan 
-9.875, 57.125, 1.0101568102617329e-21, nan 
-9.625, 57.125, 9.006980944604944e-22, nan 
-9.375, 57.125, 1.153452366647532e-21, nan 
-9.125, 57.125, 1.4375748633953609e-21, nan 
-8.875, 57.125, 1.3221936453512379e-21, nan 
-8.625, 57.125, 5.5760331017551e-22, nan 
-8.375, 57.125, 3.8274878765328533e-22, nan 
-8.125, 57.125, 1.2576134184557304e-22, nan 
-7.875, 57.125, 5.2131731133010747e-23, nan 
-7.625, 57.125, 3.879015650719779e-23, nan 
-7.375, 57.125, 1.7602426222888666e-23, nan 
-7.125, 57.125, 2.5265027420211027e-23, nan 
-6.875, 57.125, 4.006547723635139e-23, nan 
-6.625, 57.125, 5.936691656903488e-23, nan 
-6.375, 57.125, 6.888440688602972e-23, nan 
-6.125, 57.125, 3.575356329366278e-23, nan 
-5.875, 57.125, 1.5833254399513112e-23, nan 
-5.625, 57.125, 1.8134089105660032e-23, nan 
-5.375, 57.125, 1.4540753693364603e-23, nan 
-5.125, 57.125, 1.1875129183431349e-23, nan 
-4.875, 57.125, 1.8102373902027135e-23, nan 
-4.625, 57.125, 2.4449611979410493e-23, nan 
-4.375, 57.125, 2.4087481597880005e-23, nan 
-4.125, 57.125, 2.290300302338231e-23, nan 
-3.875, 57.125, 1.5447752940739278e-23, nan 
-3.625, 57.125, 1.332299439471844e-23, nan 
-3.375, 57.125, 1.5325032218677956e-23, nan 
-3.125, 57.125, 2.2721293676471092e-23, nan 
-2.875, 57.125, 2.1015470044191597e-23, nan 
-2.625, 57.125, 1.7440635306837684e-23, nan 
-2.375, 57.125, 1.7273006929114836e-23, nan 
-2.125, 57.125, 1.6694645689943768e-23, nan 
-1.875, 57.125, 9.985062136154834e-24, nan 
-1.625, 57.125, 7.895201582719926e-24, nan 
-1.375, 57.125, 1.2771986216434946e-23, nan 
-1.125, 57.125, 1.2758991998034434e-23, nan 
-0.875, 57.125, 8.324930349694453e-24, nan 
-0.625, 57.125, 6.450683584355906e-24, nan 
-0.375, 57.125, 6.0456498148535004e-24, nan 
-0.125, 57.125, 5.2148383556272735e-24, nan 
0.125, 57.125, 5.207919630961474e-24, nan 
0.375, 57.125, 1.725453339066365e-23, nan 
0.625, 57.125, 1.8366009615959407e-23, nan 
0.875, 57.125, 1.4848519582326826e-23, nan 
1.125, 57.125, 1.995640176212903e-23, nan 
1.375, 57.125, 1.6792990910948788e-23, nan 
1.625, 57.125, 1.3266965929921284e-23, nan 
1.875, 57.125, 1.2274861295165522e-23, nan 
2.125, 57.125, 2.9236756244929826e-23, nan 
2.375, 57.125, 3.8751239295883176e-23, nan 
2.625, 57.125, 1.735919371271826e-23, nan 
2.875, 57.125, 1.3111367029667833e-23, nan 
3.125, 57.125, 6.750647224754319e-24, nan 
3.375, 57.125, 9.525398566173526e-24, nan 
3.625, 57.125, 9.81906665129173e-24, nan 
3.875, 57.125, 9.852725061413416e-24, nan 
4.125, 57.125, 1.483454258695785e-23, nan 
4.375, 57.125, 2.6474310768813765e-23, nan 
4.625, 57.125, 2.3779044150727254e-23, nan 
4.875, 57.125, 1.4396213790888485e-23, nan 
5.125, 57.125, 2.1338547957171155e-23, nan 
5.375, 57.125, 1.3511274371231987e-23, nan 
5.625, 57.125, 1.599417767031029e-23, nan 
5.875, 57.125, 1.8682478334603786e-23, nan 
6.125, 57.125, 1.4397525714384077e-23, nan 
6.375, 57.125, 1.2410085374392782e-23, nan 
6.625, 57.125, 1.1388139636320561e-23, nan 
6.875, 57.125, 1.2536622173598944e-23, nan 
7.125, 57.125, 8.898932885211001e-24, nan 
7.375, 57.125, 1.163918586795477e-23, nan 
7.625, 57.125, 1.8056232099926875e-23, nan 
7.875, 57.125, 1.3344805536240033e-23, nan 
8.125, 57.125, 2.178879732373234e-23, nan 
8.375, 57.125, 2.0318643627118834e-23, nan 
8.625, 57.125, 1.577302271186751e-23, nan 
8.875, 57.125, 2.1974771859534324e-23, nan 
9.125, 57.125, 1.9976915654917434e-23, nan 
9.375, 57.125, 8.579383301854804e-24, nan 
9.625, 57.125, 2.0352681472988547e-23, nan 
9.875, 57.125, 2.3413091782876208e-23, nan 
10.125, 57.125, 3.565639781197947e-23, nan 
10.375, 57.125, 3.181082546523365e-23, nan 
10.625, 57.125, 1.8489882936283894e-23, nan 
10.875, 57.125, 2.423492387259173e-23, nan 
11.125, 57.125, 2.0570330959016307e-23, nan 
11.375, 57.125, 1.9704304794160088e-23, nan 
11.625, 57.125, 2.1719965061729654e-23, nan 
11.875, 57.125, 2.1450608004716615e-23, nan 
12.125, 57.125, 1.4962693493839073e-23, nan 
12.375, 57.125, 8.628866793404837e-24, nan 
12.625, 57.125, 1.717713575169622e-23, nan 
12.875, 57.125, 1.7072362429106088e-23, nan 
13.125, 57.125, 1.0582703203343692e-23, nan 
13.375, 57.125, 9.7157333476938e-24, nan 
13.625, 57.125, 1.2673774006199928e-23, nan 
13.875, 57.125, 1.1642502677042531e-23, nan 
14.125, 57.125, 6.17049364942107e-24, nan 
14.375, 57.125, 7.873890938917966e-24, nan 
14.625, 57.125, 1.0558462208828012e-23, nan 
14.875, 57.125, 1.1506326096818947e-23, nan 
15.125, 57.125, 7.895093516300869e-24, nan 
15.375, 57.125, 4.879739294481743e-24, nan 
15.625, 57.125, 1.0932821695143202e-23, nan 
15.875, 57.125, 1.4807662170352334e-23, nan 
16.125, 57.125, 1.625927548676217e-23, nan 
16.375, 57.125, 1.6337884434498606e-23, nan 
16.625, 57.125, 8.345110332765471e-24, nan 
16.875, 57.125, 6.790187195932962e-24, nan 
17.125, 57.125, 1.5746934041001877e-23, nan 
17.375, 57.125, 1.747202426327406e-23, nan 
17.625, 57.125, 9.566126446886223e-24, nan 
17.875, 57.125, 1.0971372002684189e-23, nan 
18.125, 57.125, 2.3186440302294628e-23, nan 
18.375, 57.125, 2.0055000651527345e-23, nan 
18.625, 57.125, 1.7302325099275768e-23, nan 
18.875, 57.125, 3.519443870722788e-23, nan 
19.125, 57.125, 3.0988092745770145e-23, nan 
19.375, 57.125, 1.6431449184714034e-23, nan 
19.625, 57.125, 1.810358968306382e-23, nan 
19.875, 57.125, 1.1389774719786171e-23, nan 
20.125, 57.125, 7.330536445693272e-24, nan 
20.375, 57.125, 9.416702417592752e-24, nan 
20.625, 57.125, 8.741883622017034e-24, nan 
20.875, 57.125, 6.245394868734616e-24, nan 
21.125, 57.125, 1.501913028113731e-23, nan 
21.375, 57.125, 2.0064837678781774e-23, nan 
21.625, 57.125, 1.1497585664021258e-23, nan 
-91.375, 57.375, 1.5683913295450535e-23, nan 
-91.125, 57.375, 1.761674191159674e-23, nan 
-90.875, 57.375, 1.8206423953322906e-23, nan 
-90.625, 57.375, 1.7027691104998228e-23, nan 
-90.375, 57.375, 1.578972732353326e-23, nan 
-90.125, 57.375, 1.3188610609832955e-23, nan 
-89.875, 57.375, 1.6774273198635517e-23, nan 
-89.625, 57.375, 1.921981784563029e-23, nan 
-89.375, 57.375, 1.8546860828769215e-23, nan 
-89.125, 57.375, 1.6291945591684956e-23, nan 
-88.875, 57.375, 1.6549041063086215e-23, nan 
-88.625, 57.375, 1.553920491199965e-23, nan 
-88.375, 57.375, 1.7322547211481273e-23, nan 
-88.125, 57.375, 1.857337938341319e-23, nan 
-87.875, 57.375, 1.6477587169498622e-23, nan 
-87.625, 57.375, 1.6325713995818414e-23, nan 
-87.375, 57.375, 1.8190493053789294e-23, nan 
-87.125, 57.375, 1.849905162906061e-23, nan 
-86.875, 57.375, 1.834152324090867e-23, nan 
-86.625, 57.375, 1.844451572124571e-23, nan 
-86.375, 57.375, 1.9233711321688854e-23, nan 
-86.125, 57.375, 2.49734757747123e-23, nan 
-85.875, 57.375, 3.727731471432036e-23, nan 
-85.625, 57.375, 3.117624972992784e-23, nan 
-85.375, 57.375, 1.979892095259307e-23, nan 
-85.125, 57.375, 1.9997255733617692e-23, nan 
-84.875, 57.375, 1.856326923875096e-23, nan 
-84.625, 57.375, 1.1787909332799383e-23, nan 
-84.375, 57.375, 1.2619964390666814e-23, nan 
-84.125, 57.375, 7.591525355588777e-24, nan 
-83.875, 57.375, 7.974872185056928e-24, nan 
-83.625, 57.375, 8.004698742649659e-24, nan 
-83.375, 57.375, 5.45192305547394e-24, nan 
-83.125, 57.375, 5.5763253093315664e-24, nan 
-82.875, 57.375, 6.759300439824154e-24, nan 
-82.625, 57.375, 4.937235390679273e-24, nan 
-82.375, 57.375, 4.59308503203564e-24, nan 
-82.125, 57.375, 6.765199644764713e-24, nan 
-81.875, 57.375, 7.645009855453207e-24, nan 
-81.625, 57.375, 7.728295295026378e-24, nan 
-81.375, 57.375, 1.1034932498368081e-23, nan 
-81.125, 57.375, 1.0613031103798111e-23, nan 
-80.875, 57.375, 1.2018219649326522e-23, nan 
-80.625, 57.375, 1.1808272032277785e-23, nan 
-80.375, 57.375, 6.098969346343765e-24, nan 
-80.125, 57.375, 4.362759985739541e-24, nan 
-79.875, 57.375, 4.752367029013126e-24, nan 
-79.625, 57.375, 5.542714759744404e-24, nan 
-79.375, 57.375, 4.121686242124485e-24, nan 
-79.125, 57.375, 4.5600598392780586e-24, nan 
-78.875, 57.375, 2.915444356077893e-24, nan 
-78.625, 57.375, 2.713323159015796e-24, nan 
-78.375, 57.375, 2.563822409276945e-24, nan 
-78.125, 57.375, 3.470944794383087e-24, nan 
-77.875, 57.375, 4.3615867331678304e-24, nan 
-77.625, 57.375, 3.348916781082053e-24, nan 
-77.375, 57.375, 2.5171735873976288e-24, nan 
-77.125, 57.375, 6.4591483783155474e-24, nan 
-76.875, 57.375, 6.418999160652873e-24, nan 
-76.625, 57.375, 4.884576918962883e-24, nan 
-76.375, 57.375, 6.2722012766967745e-24, nan 
-76.125, 57.375, 6.687320549420123e-24, nan 
-75.875, 57.375, 7.419811619617602e-24, nan 
-75.625, 57.375, 8.181806519381033e-24, nan 
-75.375, 57.375, 6.614505054211136e-24, nan 
-75.125, 57.375, 6.96821941256834e-24, nan 
-74.875, 57.375, 8.540597230300656e-24, nan 
-74.625, 57.375, 8.989151827104045e-24, nan 
-74.375, 57.375, 9.128969032383792e-24, nan 
-74.125, 57.375, 7.441711443741151e-24, nan 
-73.875, 57.375, 6.734129749148685e-24, nan 
-73.625, 57.375, 8.276362653578056e-24, nan 
-73.375, 57.375, 9.733696881978946e-24, nan 
-73.125, 57.375, 8.83142755420009e-24, nan 
-72.875, 57.375, 9.567829178701157e-24, nan 
-72.625, 57.375, 9.552365710125645e-24, nan 
-72.375, 57.375, 6.835928626247979e-24, nan 
-72.125, 57.375, 6.711323323209679e-24, nan 
-71.875, 57.375, 8.909652213093432e-24, nan 
-71.625, 57.375, 1.328207013403713e-23, nan 
-71.375, 57.375, 1.1349031169231085e-23, nan 
-71.125, 57.375, 7.02620092450593e-24, nan 
-70.875, 57.375, 9.062631753421283e-24, nan 
-70.625, 57.375, 8.434878062037894e-24, nan 
-70.375, 57.375, 8.489646322280205e-24, nan 
-70.125, 57.375, 9.451062126001125e-24, nan 
-69.875, 57.375, 8.899606551226116e-24, nan 
-69.625, 57.375, 9.932021315024701e-24, nan 
-69.375, 57.375, 9.840477400473332e-24, nan 
-69.125, 57.375, 5.9251210829277276e-24, nan 
-68.875, 57.375, 8.278289065040729e-24, nan 
-68.625, 57.375, 9.372042605267233e-24, nan 
-68.375, 57.375, 1.0688075431148735e-23, nan 
-68.125, 57.375, 8.987869460232001e-24, nan 
-67.875, 57.375, 1.1480663009796827e-23, nan 
-67.625, 57.375, 1.1622569868150064e-23, nan 
-67.375, 57.375, 5.1609047932493445e-24, nan 
-67.125, 57.375, 6.817738037804568e-24, nan 
-66.875, 57.375, 1.06525915116659e-23, nan 
-66.625, 57.375, 1.3003644166778619e-23, nan 
-66.375, 57.375, 1.6018325946918077e-23, nan 
-66.125, 57.375, 1.3156805071557629e-23, nan 
-65.875, 57.375, 9.222639142522898e-24, nan 
-65.625, 57.375, 9.617243704136329e-24, nan 
-65.375, 57.375, 8.125421799549567e-24, nan 
-65.125, 57.375, 6.706295093971499e-24, nan 
-64.875, 57.375, 6.251662587539936e-24, nan 
-64.625, 57.375, 1.5637844817383088e-23, nan 
-64.375, 57.375, 1.65227973388565e-23, nan 
-64.125, 57.375, 1.9958182647253487e-23, nan 
-63.875, 57.375, 1.907050215312863e-23, nan 
-63.625, 57.375, 8.115582671282976e-24, nan 
-63.375, 57.375, 9.947538369091373e-24, nan 
-63.125, 57.375, 1.0822097442451691e-23, nan 
-62.875, 57.375, 1.082387197767046e-23, nan 
-62.625, 57.375, 1.4479951709621654e-23, nan 
-62.375, 57.375, 1.5120387178261344e-23, nan 
-62.125, 57.375, 1.356377844174496e-23, nan 
-61.875, 57.375, 1.3074981618353773e-23, nan 
-61.625, 57.375, 1.4825924138354613e-23, nan 
-61.375, 57.375, 1.792610962458298e-23, nan 
-61.125, 57.375, 2.6127474270043488e-23, nan 
-60.875, 57.375, 2.9749780343341127e-23, nan 
-60.625, 57.375, 2.1471783240116254e-23, nan 
-60.375, 57.375, 2.0083813677205875e-23, nan 
-60.125, 57.375, 1.3888922227187216e-23, nan 
-59.875, 57.375, 1.3887207540974458e-23, nan 
-59.625, 57.375, 3.610075884265992e-23, nan 
-59.375, 57.375, 3.68280951252425e-23, nan 
-59.125, 57.375, 2.0455732094333647e-23, nan 
-58.875, 57.375, 2.108675354781256e-23, nan 
-58.625, 57.375, 1.5682112074909732e-23, nan 
-58.375, 57.375, 9.415781702837865e-24, nan 
-58.125, 57.375, 1.0923976753095637e-23, nan 
-57.875, 57.375, 1.6766603871009433e-23, nan 
-57.625, 57.375, 1.5681740716482208e-23, nan 
-57.375, 57.375, 1.44498835408661e-23, nan 
-57.125, 57.375, 1.2119855742630137e-23, nan 
-56.875, 57.375, 1.1246779722017995e-23, nan 
-56.625, 57.375, 9.666117087821606e-24, nan 
-56.375, 57.375, 1.1409387544574789e-23, nan 
-56.125, 57.375, 1.1277750569307783e-23, nan 
-55.875, 57.375, 1.1404178215384435e-23, nan 
-55.625, 57.375, 1.0884448156061076e-23, nan 
-55.375, 57.375, 1.9288223896361602e-23, nan 
-55.125, 57.375, 2.3964953279553492e-23, nan 
-54.875, 57.375, 1.4124966253650036e-23, nan 
-54.625, 57.375, 4.4640945583303746e-24, nan 
-54.375, 57.375, 8.648216881471141e-24, nan 
-54.125, 57.375, 1.1068650460676108e-23, nan 
-53.875, 57.375, 8.01903223342919e-24, nan 
-53.625, 57.375, 1.3337046275810925e-23, nan 
-53.375, 57.375, 1.2193398712569748e-23, nan 
-53.125, 57.375, 8.586796946017467e-24, nan 
-52.875, 57.375, 1.2165213350525974e-23, nan 
-52.625, 57.375, 1.41157451155307e-23, nan 
-52.375, 57.375, 1.8471187310784374e-23, nan 
-52.125, 57.375, 1.9109755116431562e-23, nan 
-51.875, 57.375, 8.604488166858715e-24, nan 
-51.625, 57.375, 7.894426599461796e-24, nan 
-51.375, 57.375, 1.8326403269067532e-23, nan 
-51.125, 57.375, 1.3328259552848866e-23, nan 
-50.875, 57.375, 8.754121006238224e-24, nan 
-50.625, 57.375, 1.3397456754023565e-23, nan 
-50.375, 57.375, 1.401719673249627e-23, nan 
-50.125, 57.375, 1.3662278592085648e-23, nan 
-49.875, 57.375, 1.8690338176281126e-23, nan 
-49.625, 57.375, 2.8563667988657583e-23, nan 
-49.375, 57.375, 4.077011960634314e-23, nan 
-49.125, 57.375, 4.7763645000864594e-23, nan 
-48.875, 57.375, 4.7214086606539787e-23, nan 
-48.625, 57.375, 4.146320585455451e-23, nan 
-48.375, 57.375, 2.0187763371387662e-23, nan 
-48.125, 57.375, 1.4087633407963972e-23, nan 
-47.875, 57.375, 7.055973599131227e-24, nan 
-47.625, 57.375, 1.2215885685252083e-23, nan 
-47.375, 57.375, 2.3872760533307508e-23, nan 
-47.125, 57.375, 2.4141204650352522e-23, nan 
-46.875, 57.375, 1.2063519555095909e-23, nan 
-46.625, 57.375, 1.1945486351618678e-23, nan 
-46.375, 57.375, 1.494371374087609e-23, nan 
-46.125, 57.375, 1.462809218661366e-23, nan 
-45.875, 57.375, 1.3378827257053565e-23, nan 
-45.625, 57.375, 1.6693108218741172e-23, nan 
-45.375, 57.375, 4.4163412121247315e-23, nan 
-45.125, 57.375, 5.838504993949489e-23, nan 
-44.875, 57.375, 2.9005491264306936e-23, nan 
-44.625, 57.375, 1.6617500455394532e-23, nan 
-44.375, 57.375, 1.6685742869061083e-23, nan 
-44.125, 57.375, 1.2756221556088575e-23, nan 
-43.875, 57.375, 2.407483155423879e-23, nan 
-43.625, 57.375, 2.3796120718612275e-23, nan 
-43.375, 57.375, 2.3687800265362336e-23, nan 
-43.125, 57.375, 2.4773600390181358e-23, nan 
-42.875, 57.375, 8.778186212510763e-24, nan 
-42.625, 57.375, 1.5553785095488733e-23, nan 
-42.375, 57.375, 2.3483344994125024e-23, nan 
-42.125, 57.375, 2.329974960562602e-23, nan 
-41.875, 57.375, 2.0453169128973976e-23, nan 
-41.625, 57.375, 2.9498949394184067e-23, nan 
-41.375, 57.375, 2.557760206433574e-23, nan 
-41.125, 57.375, 1.2616275357674812e-23, nan 
-40.875, 57.375, 8.713690237425744e-24, nan 
-40.625, 57.375, 4.65994724202182e-24, nan 
-40.375, 57.375, 1.1015806141131305e-23, nan 
-40.125, 57.375, 2.045111709785598e-23, nan 
-39.875, 57.375, 1.9052183563317684e-23, nan 
-39.625, 57.375, 1.3693279826172056e-23, nan 
-39.375, 57.375, 1.7148325704097165e-23, nan 
-39.125, 57.375, 2.6846609918027114e-23, nan 
-38.875, 57.375, 3.243414921843864e-23, nan 
-38.625, 57.375, 2.6128183582484012e-23, nan 
-38.375, 57.375, 1.4499642189217148e-23, nan 
-38.125, 57.375, 1.332333033557481e-23, nan 
-37.875, 57.375, 3.58175623271755e-23, nan 
-37.625, 57.375, 6.969332008131525e-23, nan 
-37.375, 57.375, 6.589297200563286e-23, nan 
-37.125, 57.375, 6.031978837995466e-23, nan 
-36.875, 57.375, 4.9979655902069126e-23, nan 
-36.625, 57.375, 3.928368688233701e-23, nan 
-36.375, 57.375, 5.0077552557502435e-23, nan 
-36.125, 57.375, 1.064422392606485e-22, nan 
-35.875, 57.375, 9.030206076091e-23, nan 
-35.625, 57.375, 2.6314955697599226e-23, nan 
-35.375, 57.375, 1.1269732877236502e-23, nan 
-35.125, 57.375, 1.387660523530853e-23, nan 
-34.875, 57.375, 1.699389009626677e-23, nan 
-34.625, 57.375, 2.9661718731228895e-23, nan 
-34.375, 57.375, 3.584063758891348e-23, nan 
-34.125, 57.375, 2.4746395074911663e-23, nan 
-33.875, 57.375, 2.7928167547295696e-23, nan 
-33.625, 57.375, 2.867548524695274e-23, nan 
-33.375, 57.375, 2.8414561360539175e-23, nan 
-33.125, 57.375, 2.1324400998588357e-23, nan 
-32.875, 57.375, 2.712839190361778e-23, nan 
-32.625, 57.375, 2.767302781391073e-23, nan 
-32.375, 57.375, 2.690715739323958e-23, nan 
-32.125, 57.375, 2.84778239582697e-23, nan 
-31.875, 57.375, 3.705796898928145e-23, nan 
-31.625, 57.375, 4.2296568873769153e-23, nan 
-31.375, 57.375, 2.302769074174451e-23, nan 
-31.125, 57.375, 2.11700315988811e-23, nan 
-30.875, 57.375, 3.168970335918543e-23, nan 
-30.625, 57.375, 3.928739189109328e-23, nan 
-30.375, 57.375, 2.679601309046605e-23, nan 
-30.125, 57.375, 2.3614136023542222e-23, nan 
-29.875, 57.375, 2.7030165830397367e-23, nan 
-29.625, 57.375, 4.348344461981857e-23, nan 
-29.375, 57.375, 4.501608759606513e-23, nan 
-29.125, 57.375, 3.00091146798311e-23, nan 
-28.875, 57.375, 1.70620320168828e-23, nan 
-28.625, 57.375, 2.0605244908397194e-23, nan 
-28.375, 57.375, 3.051679436470613e-23, nan 
-28.125, 57.375, 2.8026023585057314e-23, nan 
-27.875, 57.375, 1.108117292316337e-23, nan 
-27.625, 57.375, 1.3213754710632624e-23, nan 
-27.375, 57.375, 3.663224816048205e-23, nan 
-27.125, 57.375, 4.0582806459764326e-23, nan 
-26.875, 57.375, 2.3999693720577257e-23, nan 
-26.625, 57.375, 2.259461996672757e-23, nan 
-26.375, 57.375, 4.122706390142447e-23, nan 
-26.125, 57.375, 2.9017736584310256e-23, nan 
-25.875, 57.375, 3.6367530704204555e-23, nan 
-25.625, 57.375, 7.653970764372177e-23, nan 
-25.375, 57.375, 9.750995467114358e-23, nan 
-25.125, 57.375, 1.480122094958145e-22, nan 
-24.875, 57.375, 1.1379170367675561e-22, nan 
-24.625, 57.375, 4.0690441906287924e-23, nan 
-24.375, 57.375, 2.1970252846349482e-23, nan 
-24.125, 57.375, 1.6845617408729173e-23, nan 
-23.875, 57.375, 7.878151112785651e-24, nan 
-23.625, 57.375, 2.8194264995509373e-23, nan 
-23.375, 57.375, 3.2309690275583306e-23, nan 
-23.125, 57.375, 3.185949527723625e-23, nan 
-22.875, 57.375, 2.4292140137034453e-23, nan 
-22.625, 57.375, 2.623588632736247e-23, nan 
-22.375, 57.375, 2.782664033218628e-23, nan 
-22.125, 57.375, 1.4615050930109495e-23, nan 
-21.875, 57.375, 1.2762356468443078e-23, nan 
-21.625, 57.375, 1.8036286447575332e-23, nan 
-21.375, 57.375, 1.314765399135484e-23, nan 
-21.125, 57.375, 7.370841510492467e-24, nan 
-20.875, 57.375, 6.914493668253862e-24, nan 
-20.625, 57.375, 5.76922410812587e-23, nan 
-20.375, 57.375, 6.670533753527789e-23, nan 
-20.125, 57.375, 3.8919778705232303e-23, nan 
-19.875, 57.375, 3.4573584273670315e-23, nan 
-19.625, 57.375, 5.892574867288775e-23, nan 
-19.375, 57.375, 6.098092607701277e-23, nan 
-19.125, 57.375, 5.251162325227783e-23, nan 
-18.875, 57.375, 5.755419720295173e-23, nan 
-18.625, 57.375, 5.1056629959114807e-23, nan 
-18.375, 57.375, 6.388792523079288e-23, nan 
-18.125, 57.375, 1.0472589009030017e-22, nan 
-17.875, 57.375, 7.065308029953515e-23, nan 
-17.625, 57.375, 4.738610506607023e-23, nan 
-17.375, 57.375, 4.75607842965676e-23, nan 
-17.125, 57.375, 4.474773799070962e-23, nan 
-16.875, 57.375, 7.547641272353533e-23, nan 
-16.625, 57.375, 7.23078747730531e-23, nan 
-16.375, 57.375, 2.7437772240527504e-23, nan 
-16.125, 57.375, 9.32154095974255e-24, nan 
-15.875, 57.375, 2.0291019317461625e-23, nan 
-15.625, 57.375, 9.763562620955761e-24, nan 
-15.375, 57.375, 3.3220432323251626e-23, nan 
-15.125, 57.375, 3.9880738756941503e-23, nan 
-14.875, 57.375, 4.6224717737975195e-23, nan 
-14.625, 57.375, 4.3377739089476096e-23, nan 
-14.375, 57.375, 2.6393657350076424e-23, nan 
-14.125, 57.375, 1.3213932416507088e-23, nan 
-13.875, 57.375, 1.5787450289813757e-23, nan 
-13.625, 57.375, 2.5174593856845615e-23, nan 
-13.375, 57.375, 3.700207620066075e-23, nan 
-13.125, 57.375, 2.2404887976379942e-23, nan 
-12.875, 57.375, 4.335980148745502e-23, nan 
-12.625, 57.375, 2.897385799031242e-23, nan 
-12.375, 57.375, 2.539958073574426e-23, nan 
-12.125, 57.375, 4.320660388900686e-23, nan 
-11.875, 57.375, 9.32221278156042e-23, nan 
-11.625, 57.375, 1.269488442148322e-22, nan 
-11.375, 57.375, 1.1277797461593752e-22, nan 
-11.125, 57.375, 1.3340923439961433e-22, nan 
-10.875, 57.375, 1.0106646699600343e-22, nan 
-10.625, 57.375, 2.4016158974553866e-22, nan 
-10.375, 57.375, 1.5279835367324838e-22, nan 
-10.125, 57.375, 8.292500139481829e-22, nan 
-9.875, 57.375, 1.0122676736096171e-21, nan 
-9.625, 57.375, 9.487862032949412e-22, nan 
-9.375, 57.375, 1.1484001670812446e-21, nan 
-9.125, 57.375, 8.919320379454069e-22, nan 
-8.875, 57.375, 2.8664891646768335e-22, nan 
-8.625, 57.375, 2.8344461821155304e-22, nan 
-8.375, 57.375, 1.3487652290532273e-22, nan 
-8.125, 57.375, 9.047915687108648e-23, nan 
-7.875, 57.375, 3.248029289471909e-23, nan 
-7.625, 57.375, 2.1670564615060448e-23, nan 
-7.375, 57.375, 1.4945933578877778e-23, nan 
-7.125, 57.375, 3.1396946562113496e-23, nan 
-6.875, 57.375, 5.2286216809262975e-23, nan 
-6.625, 57.375, 6.781685347061561e-23, nan 
-6.375, 57.375, 7.155758072437451e-23, nan 
-6.125, 57.375, 4.4774891578607674e-23, nan 
-5.875, 57.375, 2.788606398090967e-23, nan 
-5.625, 57.375, 2.213144057000274e-23, nan 
-5.375, 57.375, 1.2392166664950262e-23, nan 
-5.125, 57.375, 2.2705577227643955e-23, nan 
-4.875, 57.375, 2.825114941015723e-23, nan 
-4.625, 57.375, 3.0561624105474666e-23, nan 
-4.375, 57.375, 2.891944600735983e-23, nan 
-4.125, 57.375, 2.3879044939019517e-23, nan 
-3.875, 57.375, 1.91600770246452e-23, nan 
-3.625, 57.375, 1.625169800339952e-23, nan 
-3.375, 57.375, 1.0570787645971533e-23, nan 
-3.125, 57.375, 9.963806938670342e-24, nan 
-2.875, 57.375, 2.1494809376051812e-23, nan 
-2.625, 57.375, 2.3314304728704528e-23, nan 
-2.375, 57.375, 1.0329975217786043e-23, nan 
-2.125, 57.375, 1.3256089947341826e-23, nan 
-1.875, 57.375, 1.0996954456166576e-23, nan 
-1.625, 57.375, 1.342011749188425e-23, nan 
-1.375, 57.375, 1.328401856903349e-23, nan 
-1.125, 57.375, 1.611928196285099e-23, nan 
-0.875, 57.375, 1.9388229012320515e-23, nan 
-0.625, 57.375, 1.333068530245248e-23, nan 
-0.375, 57.375, 5.509852787644307e-24, nan 
-0.125, 57.375, 1.1297855452738347e-23, nan 
0.125, 57.375, 1.1399108882561366e-23, nan 
0.375, 57.375, 9.30550425428066e-24, nan 
0.625, 57.375, 7.520616493211222e-24, nan 
0.875, 57.375, 2.1636704819610004e-23, nan 
1.125, 57.375, 3.060775129001891e-23, nan 
1.375, 57.375, 3.1939570504177907e-23, nan 
1.625, 57.375, 2.4791657060613386e-23, nan 
1.875, 57.375, 9.20140740462829e-24, nan 
2.125, 57.375, 6.618278966422859e-23, nan 
2.375, 57.375, 8.386051967597627e-23, nan 
2.625, 57.375, 3.798998200148118e-23, nan 
2.875, 57.375, 9.942460735465265e-24, nan 
3.125, 57.375, 8.484263219118945e-24, nan 
3.375, 57.375, 1.1747846486719417e-23, nan 
3.625, 57.375, 1.406512073817596e-23, nan 
3.875, 57.375, 9.817074321930038e-24, nan 
4.125, 57.375, 3.473390690435675e-23, nan 
4.375, 57.375, 3.631928950875949e-23, nan 
4.625, 57.375, 2.728226938870499e-23, nan 
4.875, 57.375, 3.617809533962176e-23, nan 
5.125, 57.375, 2.7713532727785964e-23, nan 
5.375, 57.375, 2.2158207422725774e-23, nan 
5.625, 57.375, 1.8485570998126716e-23, nan 
5.875, 57.375, 1.727199088432959e-23, nan 
6.125, 57.375, 1.2863541009895871e-23, nan 
6.375, 57.375, 1.841418868135631e-23, nan 
6.625, 57.375, 2.8417143100967395e-23, nan 
6.875, 57.375, 2.2632915805174078e-23, nan 
7.125, 57.375, 6.129404555568828e-24, nan 
7.375, 57.375, 2.0307834804159428e-23, nan 
7.625, 57.375, 2.4081920999861905e-23, nan 
7.875, 57.375, 1.3537798444679795e-23, nan 
8.125, 57.375, 2.597963716666406e-23, nan 
8.375, 57.375, 3.781553567303402e-23, nan 
8.625, 57.375, 4.1252133084631785e-23, nan 
8.875, 57.375, 2.960950677797969e-23, nan 
9.125, 57.375, 1.334714283604436e-23, nan 
9.375, 57.375, 1.700746461615241e-23, nan 
9.625, 57.375, 1.669126029799834e-23, nan 
9.875, 57.375, 4.1072202618548676e-23, nan 
10.125, 57.375, 4.266145804031262e-23, nan 
10.375, 57.375, 2.816538093810479e-23, nan 
10.625, 57.375, 2.1867481315659065e-23, nan 
10.875, 57.375, 2.212680774168217e-23, nan 
11.125, 57.375, 2.2482719853617165e-23, nan 
11.375, 57.375, 1.807748620191466e-23, nan 
11.625, 57.375, 2.402279741035002e-23, nan 
11.875, 57.375, 2.0703229884056743e-23, nan 
12.125, 57.375, 1.362303541800614e-23, nan 
12.375, 57.375, 1.126855937330291e-23, nan 
12.625, 57.375, 1.2774711526475315e-23, nan 
12.875, 57.375, 2.47830337790517e-23, nan 
13.125, 57.375, 2.4446287656053163e-23, nan 
13.375, 57.375, 1.3187638336612545e-23, nan 
13.625, 57.375, 1.2816184121910866e-23, nan 
13.875, 57.375, 1.3524408429508025e-23, nan 
14.125, 57.375, 1.2675752313105264e-23, nan 
14.375, 57.375, 1.2022772828836018e-23, nan 
14.625, 57.375, 9.612896307176551e-24, nan 
14.875, 57.375, 1.201665251023327e-23, nan 
15.125, 57.375, 1.1594147091392858e-23, nan 
15.375, 57.375, 1.0929310738906062e-23, nan 
15.625, 57.375, 1.313828631313081e-23, nan 
15.875, 57.375, 1.8124063069173797e-23, nan 
16.125, 57.375, 1.3648210336695867e-23, nan 
16.375, 57.375, 1.2793536186313986e-23, nan 
16.625, 57.375, 9.479333680002487e-24, nan 
16.875, 57.375, 6.4417465358735665e-24, nan 
17.125, 57.375, 1.0487428676316496e-23, nan 
17.375, 57.375, 1.454144945744664e-23, nan 
17.625, 57.375, 1.0858820538024333e-23, nan 
17.875, 57.375, 9.125515282164793e-24, nan 
18.125, 57.375, 1.3687019975076957e-23, nan 
18.375, 57.375, 1.7033457095638453e-23, nan 
18.625, 57.375, 2.900814558036839e-23, nan 
18.875, 57.375, 3.245062419743868e-23, nan 
19.125, 57.375, 1.8311782542859894e-23, nan 
19.375, 57.375, 2.0573116717410753e-23, nan 
19.625, 57.375, 2.0786933905600195e-23, nan 
19.875, 57.375, 1.2561870619105958e-23, nan 
20.125, 57.375, 6.410497676989506e-24, nan 
20.375, 57.375, 1.062415356596412e-23, nan 
20.625, 57.375, 1.1190585446292671e-23, nan 
20.875, 57.375, 6.17637445369142e-24, nan 
21.125, 57.375, 6.612196882031854e-24, nan 
21.375, 57.375, 1.253182534329875e-23, nan 
21.625, 57.375, 9.367669980171689e-24, nan 
21.875, 57.375, 8.067481153908345e-24, nan 
22.125, 57.375, 6.73678664003256e-24, nan 
22.375, 57.375, 4.8155561359189096e-24, nan 
-92.375, 57.625, 2.0033829109860854e-23, nan 
-92.125, 57.625, 1.9297477518155777e-23, nan 
-91.875, 57.625, 1.985868259152188e-23, nan 
-91.625, 57.625, 2.184891676435995e-23, nan 
-91.375, 57.625, 1.5299524735078832e-23, nan 
-91.125, 57.625, 1.79390269564193e-23, nan 
-90.875, 57.625, 1.7194635292390644e-23, nan 
-90.625, 57.625, 1.4896193181172194e-23, nan 
-90.375, 57.625, 1.435548200225482e-23, nan 
-90.125, 57.625, 1.6263248402903073e-23, nan 
-89.875, 57.625, 1.521879477379553e-23, nan 
-89.625, 57.625, 1.3255648647601728e-23, nan 
-89.375, 57.625, 2.727541547484667e-23, nan 
-89.125, 57.625, 2.8278412051996255e-23, nan 
-88.875, 57.625, 1.672079059637118e-23, nan 
-88.625, 57.625, 1.8797056040365277e-23, nan 
-88.375, 57.625, 1.8149122015159097e-23, nan 
-88.125, 57.625, 1.717198765351407e-23, nan 
-87.875, 57.625, 1.5967527451338827e-23, nan 
-87.625, 57.625, 1.6993682121298138e-23, nan 
-87.375, 57.625, 1.753372877256845e-23, nan 
-87.125, 57.625, 1.3516811483279966e-23, nan 
-86.875, 57.625, 1.872448803965512e-23, nan 
-86.625, 57.625, 2.1503634073716298e-23, nan 
-86.375, 57.625, 1.4752152597358475e-23, nan 
-86.125, 57.625, 1.1291604488635569e-23, nan 
-85.875, 57.625, 2.3517723409765923e-23, nan 
-85.625, 57.625, 2.3039076621486117e-23, nan 
-85.375, 57.625, 2.1502185397838022e-23, nan 
-85.125, 57.625, 1.6360177774479736e-23, nan 
-84.875, 57.625, 1.279887315822065e-23, nan 
-84.625, 57.625, 6.93712889197334e-24, nan 
-84.375, 57.625, 6.631315973000447e-24, nan 
-84.125, 57.625, 7.310030115665037e-24, nan 
-83.875, 57.625, 8.261528017493784e-24, nan 
-83.625, 57.625, 6.3559460274203096e-24, nan 
-83.375, 57.625, 4.497025989827181e-24, nan 
-83.125, 57.625, 6.493351510517503e-24, nan 
-82.875, 57.625, 7.455486392226438e-24, nan 
-82.625, 57.625, 6.685321426571663e-24, nan 
-82.375, 57.625, 7.385720304038049e-24, nan 
-82.125, 57.625, 8.39958528334408e-24, nan 
-81.875, 57.625, 7.696763555429031e-24, nan 
-81.625, 57.625, 7.43164249514339e-24, nan 
-81.375, 57.625, 1.0461247291376787e-23, nan 
-81.125, 57.625, 1.0175321413551129e-23, nan 
-80.875, 57.625, 9.233572473787033e-24, nan 
-80.625, 57.625, 6.4695894498503905e-24, nan 
-80.375, 57.625, 2.6423389018311346e-24, nan 
-80.125, 57.625, 3.672864363867944e-24, nan 
-79.875, 57.625, 4.472983007760548e-24, nan 
-79.625, 57.625, 5.8466150388859846e-24, nan 
-79.375, 57.625, 7.264389017067659e-24, nan 
-79.125, 57.625, 7.185258753710205e-24, nan 
-78.875, 57.625, 4.276646122492593e-24, nan 
-78.625, 57.625, 4.10879868973615e-24, nan 
-78.375, 57.625, 4.1728668552988135e-24, nan 
-78.125, 57.625, 4.751985986738158e-24, nan 
-77.875, 57.625, 5.295123570029364e-24, nan 
-77.625, 57.625, 4.661719799696189e-24, nan 
-77.375, 57.625, 4.181853620502143e-24, nan 
-77.125, 57.625, 4.537823597093126e-24, nan 
-76.875, 57.625, 4.968488143778589e-24, nan 
-76.625, 57.625, 6.873559942878021e-24, nan 
-76.375, 57.625, 8.105902885757332e-24, nan 
-76.125, 57.625, 8.529336116520923e-24, nan 
-75.875, 57.625, 9.018880365392586e-24, nan 
-75.625, 57.625, 8.935998938330821e-24, nan 
-75.375, 57.625, 9.11597270216102e-24, nan 
-75.125, 57.625, 8.95278443076076e-24, nan 
-74.875, 57.625, 8.168225609254368e-24, nan 
-74.625, 57.625, 8.54224576397022e-24, nan 
-74.375, 57.625, 7.595878530507503e-24, nan 
-74.125, 57.625, 6.9437052685247e-24, nan 
-73.875, 57.625, 8.889979044770697e-24, nan 
-73.625, 57.625, 9.589388814905921e-24, nan 
-73.375, 57.625, 8.744415870030262e-24, nan 
-73.125, 57.625, 8.479105082053201e-24, nan 
-72.875, 57.625, 1.0098434395084426e-23, nan 
-72.625, 57.625, 7.959394697993067e-24, nan 
-72.375, 57.625, 7.055512149786952e-24, nan 
-72.125, 57.625, 6.778508261932806e-24, nan 
-71.875, 57.625, 8.24922894774471e-24, nan 
-71.625, 57.625, 1.1128842184427108e-23, nan 
-71.375, 57.625, 1.021453069323902e-23, nan 
-71.125, 57.625, 9.143373664979538e-24, nan 
-70.875, 57.625, 7.36523184495308e-24, nan 
-70.625, 57.625, 6.300215752974098e-24, nan 
-70.375, 57.625, 9.332842846955737e-24, nan 
-70.125, 57.625, 9.031199807239584e-24, nan 
-69.875, 57.625, 8.406807498948399e-24, nan 
-69.625, 57.625, 8.945843099208272e-24, nan 
-69.375, 57.625, 7.520084134421966e-24, nan 
-69.125, 57.625, 6.739144629855662e-24, nan 
-68.875, 57.625, 7.750479214634813e-24, nan 
-68.625, 57.625, 7.147153453410711e-24, nan 
-68.375, 57.625, 2.2123721039814612e-23, nan 
-68.125, 57.625, 2.2476373760768652e-23, nan 
-67.875, 57.625, 1.203946390576922e-23, nan 
-67.625, 57.625, 1.1429653557150078e-23, nan 
-67.375, 57.625, 7.31925763069895e-24, nan 
-67.125, 57.625, 9.141262975319967e-24, nan 
-66.875, 57.625, 1.3354930967609096e-23, nan 
-66.625, 57.625, 1.4438718205949988e-23, nan 
-66.375, 57.625, 1.1636155076113929e-23, nan 
-66.125, 57.625, 9.019269404457275e-24, nan 
-65.875, 57.625, 1.331212428262816e-23, nan 
-65.625, 57.625, 1.2922063027855752e-23, nan 
-65.375, 57.625, 7.453628087737268e-24, nan 
-65.125, 57.625, 1.624963919011794e-23, nan 
-64.875, 57.625, 1.453346161345614e-23, nan 
-64.625, 57.625, 1.1970998603669944e-23, nan 
-64.375, 57.625, 2.0404632551214867e-23, nan 
-64.125, 57.625, 2.180220583621914e-23, nan 
-63.875, 57.625, 1.1238766399336786e-23, nan 
-63.625, 57.625, 6.768104145203012e-24, nan 
-63.375, 57.625, 8.004281190464272e-24, nan 
-63.125, 57.625, 1.5215968923490393e-23, nan 
-62.875, 57.625, 1.8485413117217126e-23, nan 
-62.625, 57.625, 2.2548764548321065e-23, nan 
-62.375, 57.625, 1.7279879826394804e-23, nan 
-62.125, 57.625, 1.3649816150978527e-23, nan 
-61.875, 57.625, 1.2652577396578321e-23, nan 
-61.625, 57.625, 1.3540638885523685e-23, nan 
-61.375, 57.625, 1.2351720120362343e-23, nan 
-61.125, 57.625, 2.3834024206049753e-23, nan 
-60.875, 57.625, 2.6243609428946878e-23, nan 
-60.625, 57.625, 2.260010699764684e-23, nan 
-60.375, 57.625, 1.9090637466423842e-23, nan 
-60.125, 57.625, 1.2174914682452573e-23, nan 
-59.875, 57.625, 1.013367558081055e-23, nan 
-59.625, 57.625, 1.4978401882346967e-23, nan 
-59.375, 57.625, 4.023065865891457e-23, nan 
-59.125, 57.625, 3.9893374051854675e-23, nan 
-58.875, 57.625, 1.1227578432733476e-23, nan 
-58.625, 57.625, 7.501791159895876e-24, nan 
-58.375, 57.625, 1.0433036445341068e-23, nan 
-58.125, 57.625, 1.2232129401815809e-23, nan 
-57.875, 57.625, 1.5788052336719536e-23, nan 
-57.625, 57.625, 1.527971351917336e-23, nan 
-57.375, 57.625, 1.310608073642722e-23, nan 
-57.125, 57.625, 8.970787452720456e-24, nan 
-56.875, 57.625, 1.0427113711482293e-23, nan 
-56.625, 57.625, 1.2142776500491677e-23, nan 
-56.375, 57.625, 1.485345958145754e-23, nan 
-56.125, 57.625, 1.3486501560487404e-23, nan 
-55.875, 57.625, 1.2106403455951404e-23, nan 
-55.625, 57.625, 2.2637223203260425e-23, nan 
-55.375, 57.625, 2.2736768027172568e-23, nan 
-55.125, 57.625, 1.3466897235364692e-23, nan 
-54.875, 57.625, 1.4712745845728892e-23, nan 
-54.625, 57.625, 1.9097830738957273e-23, nan 
-54.375, 57.625, 1.7529736777803312e-23, nan 
-54.125, 57.625, 1.3294478796242154e-23, nan 
-53.875, 57.625, 9.578002115548795e-24, nan 
-53.625, 57.625, 1.124634495393725e-23, nan 
-53.375, 57.625, 6.054735935367493e-24, nan 
-53.125, 57.625, 1.5867913867808195e-23, nan 
-52.875, 57.625, 2.0017905095180657e-23, nan 
-52.625, 57.625, 1.718992588704826e-23, nan 
-52.375, 57.625, 1.4111866556123926e-23, nan 
-52.125, 57.625, 8.185088708426609e-24, nan 
-51.875, 57.625, 1.2397583561704928e-23, nan 
-51.625, 57.625, 1.9029084345779088e-23, nan 
-51.375, 57.625, 1.674749538152329e-23, nan 
-51.125, 57.625, 2.325302284500437e-23, nan 
-50.875, 57.625, 2.4223695223254244e-23, nan 
-50.625, 57.625, 1.7046809365083557e-23, nan 
-50.375, 57.625, 1.529627247147384e-23, nan 
-50.125, 57.625, 1.8789323876591104e-23, nan 
-49.875, 57.625, 1.5872291162022714e-23, nan 
-49.625, 57.625, 1.2526608860900024e-23, nan 
-49.375, 57.625, 2.815671159168121e-23, nan 
-49.125, 57.625, 3.5557424719405665e-23, nan 
-48.875, 57.625, 3.118345816564519e-23, nan 
-48.625, 57.625, 2.3128484492628134e-23, nan 
-48.375, 57.625, 1.423546023991131e-23, nan 
-48.125, 57.625, 5.3468739237042066e-24, nan 
-47.875, 57.625, 1.5453766665301613e-23, nan 
-47.625, 57.625, 2.304126993085577e-23, nan 
-47.375, 57.625, 2.1384712366158368e-23, nan 
-47.125, 57.625, 1.6948468102525236e-23, nan 
-46.875, 57.625, 1.315254017548387e-23, nan 
-46.625, 57.625, 1.2801725341788435e-23, nan 
-46.375, 57.625, 1.300132993276132e-23, nan 
-46.125, 57.625, 1.035360705396963e-23, nan 
-45.875, 57.625, 1.4861722715409937e-23, nan 
-45.625, 57.625, 1.4636182906094923e-23, nan 
-45.375, 57.625, 1.9643845509282844e-23, nan 
-45.125, 57.625, 2.120231214868378e-23, nan 
-44.875, 57.625, 1.3228063167334517e-23, nan 
-44.625, 57.625, 1.6135997630941958e-23, nan 
-44.375, 57.625, 1.708314695887117e-23, nan 
-44.125, 57.625, 1.466525673210853e-23, nan 
-43.875, 57.625, 1.7408144887408934e-23, nan 
-43.625, 57.625, 2.1147819862705816e-23, nan 
-43.375, 57.625, 1.2834892467754648e-23, nan 
-43.125, 57.625, 7.974343632979993e-24, nan 
-42.875, 57.625, 1.9328901168472787e-23, nan 
-42.625, 57.625, 2.663743588287419e-23, nan 
-42.375, 57.625, 2.4183735895248202e-23, nan 
-42.125, 57.625, 1.7827323143291402e-23, nan 
-41.875, 57.625, 1.2267152732618991e-23, nan 
-41.625, 57.625, 1.98028406980315e-23, nan 
-41.375, 57.625, 1.0786678191244593e-23, nan 
-41.125, 57.625, 9.627126881863179e-24, nan 
-40.875, 57.625, 2.704039295191785e-23, nan 
-40.625, 57.625, 3.4156861924584755e-23, nan 
-40.375, 57.625, 2.4430420758465714e-23, nan 
-40.125, 57.625, 1.5567492987369716e-23, nan 
-39.875, 57.625, 1.2187997856498296e-23, nan 
-39.625, 57.625, 1.1324184143213433e-23, nan 
-39.375, 57.625, 2.5104339879447385e-23, nan 
-39.125, 57.625, 2.97724500878437e-23, nan 
-38.875, 57.625, 2.3991779892525695e-23, nan 
-38.625, 57.625, 1.548989360875869e-23, nan 
-38.375, 57.625, 1.0866446165628838e-23, nan 
-38.125, 57.625, 1.2417882756302806e-23, nan 
-37.875, 57.625, 2.44428168283489e-23, nan 
-37.625, 57.625, 3.2929790365201003e-23, nan 
-37.375, 57.625, 2.3913391107037496e-23, nan 
-37.125, 57.625, 1.8954527779516154e-23, nan 
-36.875, 57.625, 2.1181543913596838e-23, nan 
-36.625, 57.625, 1.8070945125902036e-23, nan 
-36.375, 57.625, 2.8056952543302415e-23, nan 
-36.125, 57.625, 4.625396542373449e-23, nan 
-35.875, 57.625, 1.6077380187093727e-23, nan 
-35.625, 57.625, 2.0008446760026965e-23, nan 
-35.375, 57.625, 2.13267701096719e-23, nan 
-35.125, 57.625, 1.6569423768853175e-23, nan 
-34.875, 57.625, 2.3925204983064857e-23, nan 
-34.625, 57.625, 3.0423709031456735e-23, nan 
-34.375, 57.625, 1.9641212766590293e-23, nan 
-34.125, 57.625, 2.610319081989755e-23, nan 
-33.875, 57.625, 2.45010091725371e-23, nan 
-33.625, 57.625, 1.5072630883073293e-23, nan 
-33.375, 57.625, 9.002640617143337e-24, nan 
-33.125, 57.625, 1.20317049014473e-23, nan 
-32.875, 57.625, 3.7722933967533455e-23, nan 
-32.625, 57.625, 4.951980281407339e-23, nan 
-32.375, 57.625, 4.0079613392285707e-23, nan 
-32.125, 57.625, 2.940060000149928e-23, nan 
-31.875, 57.625, 2.8165438578820086e-23, nan 
-31.625, 57.625, 3.6263296748518156e-23, nan 
-31.375, 57.625, 4.103820559497638e-23, nan 
-31.125, 57.625, 4.696341322035486e-23, nan 
-30.875, 57.625, 2.0694836919272207e-23, nan 
-30.625, 57.625, 2.8755243818445867e-23, nan 
-30.375, 57.625, 2.3375917698337795e-23, nan 
-30.125, 57.625, 4.1915468201991446e-23, nan 
-29.875, 57.625, 5.6690174594627e-23, nan 
-29.625, 57.625, 5.29328082128014e-23, nan 
-29.375, 57.625, 2.830686160406678e-23, nan 
-29.125, 57.625, 1.9506391486826937e-23, nan 
-28.875, 57.625, 1.676069549853961e-23, nan 
-28.625, 57.625, 3.7825603992998757e-23, nan 
-28.375, 57.625, 3.803041195959705e-23, nan 
-28.125, 57.625, 2.6765942371267256e-23, nan 
-27.875, 57.625, 5.1644655556974963e-23, nan 
-27.625, 57.625, 5.702032510631472e-23, nan 
-27.375, 57.625, 3.700138246052109e-23, nan 
-27.125, 57.625, 6.376297845013924e-23, nan 
-26.875, 57.625, 6.113807299063888e-23, nan 
-26.625, 57.625, 3.872442818105841e-23, nan 
-26.375, 57.625, 3.2931226641735684e-23, nan 
-26.125, 57.625, 3.5711819675267703e-23, nan 
-25.875, 57.625, 2.781625429347796e-23, nan 
-25.625, 57.625, 4.479238741426521e-23, nan 
-25.375, 57.625, 6.075253628497062e-23, nan 
-25.125, 57.625, 7.738410043797306e-23, nan 
-24.875, 57.625, 2.9098241919938554e-23, nan 
-24.625, 57.625, 6.381247942509041e-23, nan 
-24.375, 57.625, 1.4301391980114326e-22, nan 
-24.125, 57.625, 1.1860502958921597e-22, nan 
-23.875, 57.625, 8.376125265078533e-23, nan 
-23.625, 57.625, 3.712039474540654e-23, nan 
-23.375, 57.625, 3.9179182214040607e-23, nan 
-23.125, 57.625, 6.595657248466255e-23, nan 
-22.875, 57.625, 7.445317457228529e-23, nan 
-22.625, 57.625, 7.600307811052855e-23, nan 
-22.375, 57.625, 5.640322925619932e-23, nan 
-22.125, 57.625, 1.4317192965490343e-23, nan 
-21.875, 57.625, 2.592299897362809e-23, nan 
-21.625, 57.625, 3.173836944180084e-23, nan 
-21.375, 57.625, 1.8809244213283828e-23, nan 
-21.125, 57.625, 9.06672383491805e-24, nan 
-20.875, 57.625, 4.9951797550814155e-24, nan 
-20.625, 57.625, 3.4492178808593484e-23, nan 
-20.375, 57.625, 9.198104079930895e-23, nan 
-20.125, 57.625, 8.92453677649903e-23, nan 
-19.875, 57.625, 6.231617538342383e-23, nan 
-19.625, 57.625, 7.70149050407937e-23, nan 
-19.375, 57.625, 5.163894255556236e-23, nan 
-19.125, 57.625, 3.0962059436308647e-23, nan 
-18.875, 57.625, 3.467363748609164e-23, nan 
-18.625, 57.625, 4.568827281379191e-23, nan 
-18.375, 57.625, 3.655942425714223e-23, nan 
-18.125, 57.625, 3.9834733099223185e-23, nan 
-17.875, 57.625, 1.89288216480031e-23, nan 
-17.625, 57.625, 4.812147291945722e-23, nan 
-17.375, 57.625, 8.746061610663497e-23, nan 
-17.125, 57.625, 7.432739484800682e-23, nan 
-16.875, 57.625, 3.9737306484877885e-23, nan 
-16.625, 57.625, 1.1765871016119302e-23, nan 
-16.375, 57.625, 1.6146373398716617e-23, nan 
-16.125, 57.625, 4.554754088309175e-23, nan 
-15.875, 57.625, 5.658698707479147e-23, nan 
-15.625, 57.625, 7.217799319378269e-23, nan 
-15.375, 57.625, 9.636707626452266e-23, nan 
-15.125, 57.625, 7.035053980053808e-23, nan 
-14.875, 57.625, 5.696489948109732e-23, nan 
-14.625, 57.625, 6.689886162982805e-23, nan 
-14.375, 57.625, 4.04299625169401e-23, nan 
-14.125, 57.625, 3.123542869290623e-23, nan 
-13.875, 57.625, 2.5767072899187055e-23, nan 
-13.625, 57.625, 3.0597178941548223e-23, nan 
-13.375, 57.625, 4.103505917607521e-23, nan 
-13.125, 57.625, 5.528840238112201e-23, nan 
-12.875, 57.625, 6.270408826892884e-23, nan 
-12.625, 57.625, 2.960426061230463e-23, nan 
-12.375, 57.625, 3.142983538226074e-23, nan 
-12.125, 57.625, 5.061589864223635e-23, nan 
-11.875, 57.625, 7.100149944587755e-23, nan 
-11.625, 57.625, 1.2749924913779008e-22, nan 
-11.375, 57.625, 1.5925312975401107e-22, nan 
-11.125, 57.625, 2.2312627651066575e-22, nan 
-10.875, 57.625, 2.36328106470092e-22, nan 
-10.625, 57.625, 1.7556861115642094e-22, nan 
-10.375, 57.625, 1.7678157130973832e-22, nan 
-10.125, 57.625, 2.2619726325982365e-22, nan 
-9.875, 57.625, 1.5729369344229608e-22, nan 
-9.625, 57.625, 2.304721824532023e-22, nan 
-9.375, 57.625, 1.8546933077069234e-22, nan 
-9.125, 57.625, 2.714354396225743e-22, nan 
-8.875, 57.625, 2.356330541857477e-22, nan 
-8.625, 57.625, 1.0681405737073306e-22, nan 
-8.375, 57.625, 8.782848091600953e-23, nan 
-8.125, 57.625, 8.583732324612452e-23, nan 
-7.875, 57.625, 5.489410753125911e-23, nan 
-7.625, 57.625, 2.708138704431922e-23, nan 
-7.375, 57.625, 3.1084247081979456e-23, nan 
-7.125, 57.625, 3.701310769478287e-23, nan 
-6.875, 57.625, 3.4035886207620965e-23, nan 
-6.625, 57.625, 5.996247628725273e-23, nan 
-6.375, 57.625, 6.183767014903807e-23, nan 
-6.125, 57.625, 2.2207635278244523e-23, nan 
-5.875, 57.625, 2.919529611472148e-23, nan 
-5.625, 57.625, 2.1476923257611155e-23, nan 
-5.375, 57.625, 1.5093230122325148e-23, nan 
-5.125, 57.625, 1.92056245839519e-23, nan 
-4.875, 57.625, 1.123791646442653e-23, nan 
-4.625, 57.625, 1.709022113253163e-23, nan 
-4.375, 57.625, 2.653091548998944e-23, nan 
-4.125, 57.625, 3.106958418885129e-23, nan 
-3.875, 57.625, 3.5484139806184746e-23, nan 
-3.625, 57.625, 3.516590529604666e-23, nan 
-3.375, 57.625, 2.016997091289774e-23, nan 
-3.125, 57.625, 1.6946360774833797e-23, nan 
-2.875, 57.625, 6.514955057029467e-24, nan 
-2.625, 57.625, 1.7729368691505826e-23, nan 
-2.375, 57.625, 1.5099213378119202e-23, nan 
-2.125, 57.625, 1.4368230700509279e-23, nan 
-1.875, 57.625, 1.8189997497563155e-23, nan 
-1.625, 57.625, 1.4342850146060004e-23, nan 
-1.375, 57.625, 1.7341240899206506e-23, nan 
-1.125, 57.625, 1.719735271233104e-23, nan 
-0.875, 57.625, 2.0077545019350646e-23, nan 
-0.625, 57.625, 2.2350120359346157e-23, nan 
-0.375, 57.625, 1.2673065281594347e-23, nan 
-0.125, 57.625, 1.1239607017559417e-23, nan 
0.125, 57.625, 1.6505812411387828e-23, nan 
0.375, 57.625, 1.3782304137346474e-23, nan 
0.625, 57.625, 5.232606344402082e-24, nan 
0.875, 57.625, 1.978184599317333e-23, nan 
1.125, 57.625, 2.613934867512992e-23, nan 
1.375, 57.625, 2.758877800264485e-23, nan 
1.625, 57.625, 4.2688133048909423e-23, nan 
1.875, 57.625, 3.2576464748307236e-23, nan 
2.125, 57.625, 1.2506920898341863e-23, nan 
2.375, 57.625, 3.3770840724517467e-23, nan 
2.625, 57.625, 1.732425111024685e-23, nan 
2.875, 57.625, 1.8463580377152984e-23, nan 
3.125, 57.625, 1.4563296869513578e-23, nan 
3.375, 57.625, 7.23935281507184e-24, nan 
3.625, 57.625, 2.671082736485799e-23, nan 
3.875, 57.625, 2.5712643133379688e-23, nan 
4.125, 57.625, 2.099263599620711e-23, nan 
4.375, 57.625, 2.5458118218168143e-23, nan 
4.625, 57.625, 2.5055215363656883e-23, nan 
4.875, 57.625, 4.188096205668741e-23, nan 
5.125, 57.625, 3.0940631363934264e-23, nan 
5.375, 57.625, 2.01102956172781e-23, nan 
5.625, 57.625, 1.5073537680208102e-23, nan 
5.875, 57.625, 1.1718966306077317e-23, nan 
6.125, 57.625, 4.9372949628223525e-24, nan 
6.375, 57.625, 8.854056165332577e-24, nan 
6.625, 57.625, 3.026714535733605e-23, nan 
6.875, 57.625, 2.9111546206385274e-23, nan 
7.125, 57.625, 1.466166960883122e-23, nan 
7.375, 57.625, 1.2704535700499013e-23, nan 
7.625, 57.625, 7.851448695923347e-24, nan 
7.875, 57.625, 9.9807627341115e-24, nan 
8.125, 57.625, 1.1151799614402744e-23, nan 
8.375, 57.625, 1.63052878410156e-23, nan 
8.625, 57.625, 2.9523647117983374e-23, nan 
8.875, 57.625, 3.0961702507302166e-23, nan 
9.125, 57.625, 1.9707201045701268e-23, nan 
9.375, 57.625, 3.927604941043599e-23, nan 
9.625, 57.625, 4.0693759448152055e-23, nan 
9.875, 57.625, 2.687000773730634e-23, nan 
10.125, 57.625, 3.167056343295166e-23, nan 
10.375, 57.625, 4.033943980339079e-23, nan 
10.625, 57.625, 2.544095892700903e-23, nan 
10.875, 57.625, 1.7976515512736203e-23, nan 
11.125, 57.625, 1.26497692057105e-23, nan 
11.375, 57.625, 6.319988728407399e-24, nan 
11.625, 57.625, 9.656419131194564e-24, nan 
11.875, 57.625, 2.210703046445508e-23, nan 
12.125, 57.625, 1.833554072674189e-23, nan 
12.375, 57.625, 1.3326403915081962e-23, nan 
12.625, 57.625, 1.6628680415713868e-23, nan 
12.875, 57.625, 1.936472457516812e-23, nan 
13.125, 57.625, 2.1828354308775086e-23, nan 
13.375, 57.625, 1.6136150304779086e-23, nan 
13.625, 57.625, 1.550830854367808e-23, nan 
13.875, 57.625, 1.5069604572105816e-23, nan 
14.125, 57.625, 1.1900905420762967e-23, nan 
14.375, 57.625, 7.024951124051476e-24, nan 
14.625, 57.625, 7.083822668252413e-24, nan 
14.875, 57.625, 6.054345084450176e-24, nan 
15.125, 57.625, 8.858198604407726e-24, nan 
15.375, 57.625, 1.0043993178274032e-23, nan 
15.625, 57.625, 2.330487694508326e-23, nan 
15.875, 57.625, 2.4458717242375773e-23, nan 
16.125, 57.625, 1.4636196375625406e-23, nan 
16.375, 57.625, 1.5294775029584802e-23, nan 
16.625, 57.625, 1.0110852049772864e-23, nan 
16.875, 57.625, 5.702742664045734e-24, nan 
17.125, 57.625, 3.2283932118382624e-24, nan 
17.375, 57.625, 1.1673612646164033e-23, nan 
17.625, 57.625, 1.4505731432007943e-23, nan 
17.875, 57.625, 1.0560106711370949e-23, nan 
18.125, 57.625, 2.3667880899775985e-23, nan 
18.375, 57.625, 2.9226300134182904e-23, nan 
18.625, 57.625, 4.166253471774723e-23, nan 
18.875, 57.625, 5.322343439248836e-23, nan 
19.125, 57.625, 2.6496617726872587e-23, nan 
19.375, 57.625, 4.3037306784076665e-23, nan 
19.625, 57.625, 1.962357701169741e-22, nan 
19.875, 57.625, 1.408495622836637e-22, nan 
20.125, 57.625, 5.385390547460571e-23, nan 
20.375, 57.625, 1.1512063263239392e-23, nan 
20.625, 57.625, 1.1594894860462233e-23, nan 
20.875, 57.625, 1.2980781800080692e-23, nan 
21.125, 57.625, 1.2022006488419921e-23, nan 
21.375, 57.625, 4.840727511814585e-24, nan 
21.625, 57.625, 3.814770223265892e-24, nan 
21.875, 57.625, 2.902616688029547e-24, nan 
22.125, 57.625, 6.63943142033742e-24, nan 
22.375, 57.625, 7.769015125687839e-24, nan 
22.625, 57.625, 5.0827071842527874e-24, nan 
22.875, 57.625, 7.282722614637553e-24, nan 
23.125, 57.625, 9.402558242084275e-24, nan 
23.375, 57.625, 8.867077252529045e-24, nan 
-93.625, 57.875, 1.198822680443408e-23, nan 
-93.375, 57.875, 8.368376706047019e-24, nan 
-93.125, 57.875, 1.7323733781812603e-23, nan 
-92.875, 57.875, 1.577152604154265e-23, nan 
-92.625, 57.875, 1.9742456099869847e-23, nan 
-92.375, 57.875, 1.4748526973183974e-23, nan 
-92.125, 57.875, 1.354673507104418e-23, nan 
-91.875, 57.875, 2.4270031652087476e-23, nan 
-91.625, 57.875, 1.9266902990400402e-23, nan 
-91.375, 57.875, 1.2336673478376874e-23, nan 
-91.125, 57.875, 1.2767516112218471e-23, nan 
-90.875, 57.875, 1.4936856764741148e-23, nan 
-90.625, 57.875, 1.802580498356451e-23, nan 
-90.375, 57.875, 1.7127083547773675e-23, nan 
-90.125, 57.875, 1.4852015391891562e-23, nan 
-89.875, 57.875, 1.410931668335892e-23, nan 
-89.625, 57.875, 1.6222514679063394e-23, nan 
-89.375, 57.875, 2.0560809301439246e-23, nan 
-89.125, 57.875, 2.0978150619698857e-23, nan 
-88.875, 57.875, 1.780459885228396e-23, nan 
-88.625, 57.875, 1.608813123401566e-23, nan 
-88.375, 57.875, 1.4684811325601843e-23, nan 
-88.125, 57.875, 1.66626041268122e-23, nan 
-87.875, 57.875, 1.208641850240021e-23, nan 
-87.625, 57.875, 1.732495507098725e-23, nan 
-87.375, 57.875, 1.9791240092023366e-23, nan 
-87.125, 57.875, 1.6069918354510974e-23, nan 
-86.875, 57.875, 1.5634164934172866e-23, nan 
-86.625, 57.875, 1.2596264624429489e-23, nan 
-86.375, 57.875, 1.2264353707880602e-23, nan 
-86.125, 57.875, 1.6218490544317813e-23, nan 
-85.875, 57.875, 1.9579386889607846e-23, nan 
-85.625, 57.875, 1.862375991295232e-23, nan 
-85.375, 57.875, 1.4635040141474115e-23, nan 
-85.125, 57.875, 8.809619238122756e-24, nan 
-84.875, 57.875, 5.043065536582119e-24, nan 
-84.625, 57.875, 6.904024638393452e-24, nan 
-84.375, 57.875, 6.196289529558651e-24, nan 
-84.125, 57.875, 5.406956681863452e-24, nan 
-83.875, 57.875, 9.321351713361517e-24, nan 
-83.625, 57.875, 9.572774527992336e-24, nan 
-83.375, 57.875, 7.076195950771707e-24, nan 
-83.125, 57.875, 7.080166656815073e-24, nan 
-82.875, 57.875, 6.831084262404589e-24, nan 
-82.625, 57.875, 6.172945288731788e-24, nan 
-82.375, 57.875, 8.615783763934146e-24, nan 
-82.125, 57.875, 8.355148825541423e-24, nan 
-81.875, 57.875, 7.407692053971693e-24, nan 
-81.625, 57.875, 8.316063341580737e-24, nan 
-81.375, 57.875, 8.096706912292883e-24, nan 
-81.125, 57.875, 6.966344117207957e-24, nan 
-80.875, 57.875, 4.022315932957383e-24, nan 
-80.625, 57.875, 8.418666481811318e-24, nan 
-80.375, 57.875, 8.93940477670222e-24, nan 
-80.125, 57.875, 5.5641934845099774e-24, nan 
-79.875, 57.875, 5.116757403133972e-24, nan 
-79.625, 57.875, 4.778575436600868e-24, nan 
-79.375, 57.875, 3.718580961327592e-24, nan 
-79.125, 57.875, 4.4593768478238264e-24, nan 
-78.875, 57.875, 4.640617432819692e-24, nan 
-78.625, 57.875, 4.924530391130324e-24, nan 
-78.375, 57.875, 6.2197648036534396e-24, nan 
-78.125, 57.875, 4.682497456920018e-24, nan 
-77.875, 57.875, 4.170467509657475e-24, nan 
-77.625, 57.875, 6.636388911408813e-24, nan 
-77.375, 57.875, 6.911754279717225e-24, nan 
-77.125, 57.875, 4.48080848760422e-24, nan 
-76.875, 57.875, 9.240514866894379e-24, nan 
-76.625, 57.875, 1.0084118272044087e-23, nan 
-76.375, 57.875, 7.789151796938352e-24, nan 
-76.125, 57.875, 1.0598858107556187e-23, nan 
-75.875, 57.875, 1.0592658097084251e-23, nan 
-75.625, 57.875, 8.116407157909166e-24, nan 
-75.375, 57.875, 9.854903436916675e-24, nan 
-75.125, 57.875, 8.41605943847868e-24, nan 
-74.875, 57.875, 8.688980255523047e-24, nan 
-74.625, 57.875, 8.742243054066039e-24, nan 
-74.375, 57.875, 7.36989287588486e-24, nan 
-74.125, 57.875, 7.8584791891557e-24, nan 
-73.875, 57.875, 7.266048781473111e-24, nan 
-73.625, 57.875, 9.02546174630454e-24, nan 
-73.375, 57.875, 8.561181253595787e-24, nan 
-73.125, 57.875, 8.601727279331939e-24, nan 
-72.875, 57.875, 8.570085944463785e-24, nan 
-72.625, 57.875, 7.049183679778811e-24, nan 
-72.375, 57.875, 7.018921234461438e-24, nan 
-72.125, 57.875, 6.724359644464628e-24, nan 
-71.875, 57.875, 8.630095882010557e-24, nan 
-71.625, 57.875, 8.67852063853452e-24, nan 
-71.375, 57.875, 8.326661141315729e-24, nan 
-71.125, 57.875, 9.3038964900135e-24, nan 
-70.875, 57.875, 6.406708755641934e-24, nan 
-70.625, 57.875, 8.647844535925052e-24, nan 
-70.375, 57.875, 9.443489031171691e-24, nan 
-70.125, 57.875, 8.359864216111175e-24, nan 
-69.875, 57.875, 8.637914918811248e-24, nan 
-69.625, 57.875, 7.591123169336551e-24, nan 
-69.375, 57.875, 7.639875811613758e-24, nan 
-69.125, 57.875, 6.893255948132945e-24, nan 
-68.875, 57.875, 9.781535369086636e-24, nan 
-68.625, 57.875, 1.2913507042361412e-23, nan 
-68.375, 57.875, 1.678936808242127e-23, nan 
-68.125, 57.875, 2.4907615314179063e-23, nan 
-67.875, 57.875, 2.2126224162269825e-23, nan 
-67.625, 57.875, 1.0181482520082675e-23, nan 
-67.375, 57.875, 1.111416261894615e-23, nan 
-67.125, 57.875, 1.2058858842005288e-23, nan 
-66.875, 57.875, 1.3727625132117064e-23, nan 
-66.625, 57.875, 1.347105321808002e-23, nan 
-66.375, 57.875, 8.301573970635996e-24, nan 
-66.125, 57.875, 4.788746486738309e-24, nan 
-65.875, 57.875, 7.399613187673055e-24, nan 
-65.625, 57.875, 1.4013067095687173e-23, nan 
-65.375, 57.875, 1.9282946832639892e-23, nan 
-65.125, 57.875, 1.906619845961661e-23, nan 
-64.875, 57.875, 1.2205791406652329e-23, nan 
-64.625, 57.875, 1.484051043468864e-23, nan 
-64.375, 57.875, 1.850803598981566e-23, nan 
-64.125, 57.875, 1.743120441753984e-23, nan 
-63.875, 57.875, 9.824607560121129e-24, nan 
-63.625, 57.875, 8.83770809708629e-24, nan 
-63.375, 57.875, 1.5802373403660322e-23, nan 
-63.125, 57.875, 2.4223806171800023e-23, nan 
-62.875, 57.875, 3.1319549124155803e-23, nan 
-62.625, 57.875, 4.2396538614525194e-23, nan 
-62.375, 57.875, 3.781213947806143e-23, nan 
-62.125, 57.875, 1.6864071691644317e-23, nan 
-61.875, 57.875, 7.58322360507614e-24, nan 
-61.625, 57.875, 1.254890213175521e-23, nan 
-61.375, 57.875, 1.7841503884910157e-23, nan 
-61.125, 57.875, 2.1213777401301237e-23, nan 
-60.875, 57.875, 2.1524386613277652e-23, nan 
-60.625, 57.875, 2.6406725567541422e-23, nan 
-60.375, 57.875, 2.1537062815458282e-23, nan 
-60.125, 57.875, 1.0259916748384032e-23, nan 
-59.875, 57.875, 1.1793589806770216e-23, nan 
-59.625, 57.875, 1.3449198524958284e-23, nan 
-59.375, 57.875, 3.38309817803414e-23, nan 
-59.125, 57.875, 3.0116090636717736e-23, nan 
-58.875, 57.875, 8.989183743956444e-24, nan 
-58.625, 57.875, 9.837015513067426e-24, nan 
-58.375, 57.875, 1.1056723092888557e-23, nan 
-58.125, 57.875, 1.581767167304431e-23, nan 
-57.875, 57.875, 1.766360449935619e-23, nan 
-57.625, 57.875, 1.1641094995490768e-23, nan 
-57.375, 57.875, 1.0625791359810921e-23, nan 
-57.125, 57.875, 1.0613188152854485e-23, nan 
-56.875, 57.875, 9.23920083651823e-24, nan 
-56.625, 57.875, 1.4840802763399708e-23, nan 
-56.375, 57.875, 1.1760429563632719e-23, nan 
-56.125, 57.875, 9.666383391973333e-24, nan 
-55.875, 57.875, 3.265393688758101e-23, nan 
-55.625, 57.875, 3.3545669147857956e-23, nan 
-55.375, 57.875, 2.9286452701725276e-23, nan 
-55.125, 57.875, 2.767904363185877e-23, nan 
-54.875, 57.875, 2.1333300881753287e-23, nan 
-54.625, 57.875, 1.6593381374238108e-23, nan 
-54.375, 57.875, 1.3689536551578695e-23, nan 
-54.125, 57.875, 1.163395287813851e-23, nan 
-53.875, 57.875, 1.1855944074057999e-23, nan 
-53.625, 57.875, 9.870852564359748e-24, nan 
-53.375, 57.875, 1.779946877350564e-23, nan 
-53.125, 57.875, 2.2610109776108114e-23, nan 
-52.875, 57.875, 2.0706130750633342e-23, nan 
-52.625, 57.875, 1.553782481091697e-23, nan 
-52.375, 57.875, 8.768957524708395e-24, nan 
-52.125, 57.875, 1.0586161388209243e-23, nan 
-51.875, 57.875, 1.5866683450841722e-23, nan 
-51.625, 57.875, 2.034699524699948e-23, nan 
-51.375, 57.875, 2.0417677028032657e-23, nan 
-51.125, 57.875, 2.4098535000217106e-23, nan 
-50.875, 57.875, 2.161319021232802e-23, nan 
-50.625, 57.875, 1.4462807012376368e-23, nan 
-50.375, 57.875, 1.670374425440379e-23, nan 
-50.125, 57.875, 1.5340733404962482e-23, nan 
-49.875, 57.875, 1.0104336360198155e-23, nan 
-49.625, 57.875, 5.932258517664493e-24, nan 
-49.375, 57.875, 1.0748698482826805e-23, nan 
-49.125, 57.875, 1.7044010614134145e-23, nan 
-48.875, 57.875, 2.092119350538348e-23, nan 
-48.625, 57.875, 2.0372447166386685e-23, nan 
-48.375, 57.875, 1.8021938601731165e-23, nan 
-48.125, 57.875, 1.676038804575638e-23, nan 
-47.875, 57.875, 3.090021033746613e-23, nan 
-47.625, 57.875, 3.0913359063354563e-23, nan 
-47.375, 57.875, 2.2285554006346406e-23, nan 
-47.125, 57.875, 1.935202844019184e-23, nan 
-46.875, 57.875, 9.634089315376116e-24, nan 
-46.625, 57.875, 9.507345116778325e-24, nan 
-46.375, 57.875, 1.3279226468564952e-23, nan 
-46.125, 57.875, 1.379681026307865e-23, nan 
-45.875, 57.875, 1.383008366233219e-23, nan 
-45.625, 57.875, 3.011165862597058e-23, nan 
-45.375, 57.875, 3.0988601055752126e-23, nan 
-45.125, 57.875, 2.040325191939646e-23, nan 
-44.875, 57.875, 1.6623587760535463e-23, nan 
-44.625, 57.875, 2.3138183747733477e-23, nan 
-44.375, 57.875, 2.2801233167611317e-23, nan 
-44.125, 57.875, 1.2784978177715556e-23, nan 
-43.875, 57.875, 1.3141176940616164e-23, nan 
-43.625, 57.875, 1.3492041827261354e-23, nan 
-43.375, 57.875, 1.1530394341600216e-23, nan 
-43.125, 57.875, 2.355188328938829e-23, nan 
-42.875, 57.875, 3.4828155566681e-23, nan 
-42.625, 57.875, 3.44602767420433e-23, nan 
-42.375, 57.875, 1.2480487299460504e-23, nan 
-42.125, 57.875, 1.1092918783326705e-23, nan 
-41.875, 57.875, 9.07805877323211e-24, nan 
-41.625, 57.875, 9.353544076897401e-24, nan 
-41.375, 57.875, 1.7517929369841704e-23, nan 
-41.125, 57.875, 3.782737842144195e-23, nan 
-40.875, 57.875, 5.624561505640845e-23, nan 
-40.625, 57.875, 4.77690341952738e-23, nan 
-40.375, 57.875, 3.465551164727867e-23, nan 
-40.125, 57.875, 2.99780041518737e-23, nan 
-39.875, 57.875, 2.547040442749637e-23, nan 
-39.625, 57.875, 4.041976669405173e-23, nan 
-39.375, 57.875, 6.766245471815642e-23, nan 
-39.125, 57.875, 7.185835033149782e-23, nan 
-38.875, 57.875, 5.518732720696469e-23, nan 
-38.625, 57.875, 1.8764808954196447e-23, nan 
-38.375, 57.875, 1.828875496458138e-23, nan 
-38.125, 57.875, 2.163875515496012e-23, nan 
-37.875, 57.875, 2.4582041777305678e-23, nan 
-37.625, 57.875, 1.7406855919359091e-23, nan 
-37.375, 57.875, 1.2737055371017314e-23, nan 
-37.125, 57.875, 1.978444307401752e-23, nan 
-36.875, 57.875, 1.854923722050421e-23, nan 
-36.625, 57.875, 2.223559493586665e-23, nan 
-36.375, 57.875, 2.4972634727902604e-23, nan 
-36.125, 57.875, 2.991903621970338e-23, nan 
-35.875, 57.875, 2.3856783175183576e-23, nan 
-35.625, 57.875, 2.9249463330920534e-23, nan 
-35.375, 57.875, 4.978779780774539e-23, nan 
-35.125, 57.875, 3.772510967980599e-23, nan 
-34.875, 57.875, 2.420811046861221e-23, nan 
-34.625, 57.875, 3.3191700154638806e-23, nan 
-34.375, 57.875, 1.9418600928657263e-23, nan 
-34.125, 57.875, 2.688957908621323e-23, nan 
-33.875, 57.875, 1.3906235508544556e-23, nan 
-33.625, 57.875, 2.6219347854038678e-23, nan 
-33.375, 57.875, 2.7755739297566375e-23, nan 
-33.125, 57.875, 2.1680980105381627e-23, nan 
-32.875, 57.875, 1.169587327532729e-23, nan 
-32.625, 57.875, 3.9907007134849604e-23, nan 
-32.375, 57.875, 4.819527279148677e-23, nan 
-32.125, 57.875, 4.578336419078184e-23, nan 
-31.875, 57.875, 3.3592330223275863e-23, nan 
-31.625, 57.875, 1.3729807745378927e-23, nan 
-31.375, 57.875, 2.227510817599337e-23, nan 
-31.125, 57.875, 6.596598549902974e-23, nan 
-30.875, 57.875, 5.535530617062513e-23, nan 
-30.625, 57.875, 3.577120451206575e-23, nan 
-30.375, 57.875, 4.359862480546926e-23, nan 
-30.125, 57.875, 4.037366538076279e-23, nan 
-29.875, 57.875, 1.1705007601098482e-22, nan 
-29.625, 57.875, 1.5283039240770928e-22, nan 
-29.375, 57.875, 7.782493290275288e-23, nan 
-29.125, 57.875, 2.565195490463884e-23, nan 
-28.875, 57.875, 1.2599715563832985e-23, nan 
-28.625, 57.875, 4.1761157645359177e-23, nan 
-28.375, 57.875, 6.612598959358371e-23, nan 
-28.125, 57.875, 7.223069543552154e-23, nan 
-27.875, 57.875, 7.689949032137654e-23, nan 
-27.625, 57.875, 1.0475681159439983e-22, nan 
-27.375, 57.875, 9.62611892248443e-23, nan 
-27.125, 57.875, 6.308831891091881e-23, nan 
-26.875, 57.875, 3.829650911752156e-23, nan 
-26.625, 57.875, 4.6955435749244424e-23, nan 
-26.375, 57.875, 4.307536362165358e-23, nan 
-26.125, 57.875, 3.474638526776198e-23, nan 
-25.875, 57.875, 2.2914135327472836e-23, nan 
-25.625, 57.875, 6.178026725350768e-23, nan 
-25.375, 57.875, 7.08402323630071e-23, nan 
-25.125, 57.875, 4.2939029952056586e-23, nan 
-24.875, 57.875, 1.369618679115059e-22, nan 
-24.625, 57.875, 2.2530301829733847e-22, nan 
-24.375, 57.875, 2.6950046189777957e-22, nan 
-24.125, 57.875, 1.7583356233590118e-22, nan 
-23.875, 57.875, 1.7544615984472905e-22, nan 
-23.625, 57.875, 1.1494835046871995e-22, nan 
-23.375, 57.875, 8.204258997323833e-23, nan 
-23.125, 57.875, 1.060334542113688e-22, nan 
-22.875, 57.875, 9.072919543319285e-23, nan 
-22.625, 57.875, 9.406252811456063e-23, nan 
-22.375, 57.875, 1.0258103557756642e-22, nan 
-22.125, 57.875, 7.963015992404778e-23, nan 
-21.875, 57.875, 2.83559252328288e-23, nan 
-21.625, 57.875, 2.665278363400163e-23, nan 
-21.375, 57.875, 1.75152439863723e-23, nan 
-21.125, 57.875, 1.8036585075658678e-23, nan 
-20.875, 57.875, 2.478689573995414e-23, nan 
-20.625, 57.875, 4.027551753194143e-23, nan 
-20.375, 57.875, 1.0346281824648388e-22, nan 
-20.125, 57.875, 9.94811551498148e-23, nan 
-19.875, 57.875, 7.576088786615355e-23, nan 
-19.625, 57.875, 7.29595538953204e-23, nan 
-19.375, 57.875, 1.3128553055793995e-23, nan 
-19.125, 57.875, 2.323026277061737e-23, nan 
-18.875, 57.875, 5.902656997944006e-23, nan 
-18.625, 57.875, 4.727133480243754e-23, nan 
-18.375, 57.875, 1.427456612918612e-23, nan 
-18.125, 57.875, 1.967376590291811e-23, nan 
-17.875, 57.875, 1.5944474399643175e-23, nan 
-17.625, 57.875, 3.2581657233701186e-23, nan 
-17.375, 57.875, 6.074969587234582e-23, nan 
-17.125, 57.875, 2.614368513384927e-23, nan 
-16.875, 57.875, 1.0551585202669855e-23, nan 
-16.625, 57.875, 2.210784161897445e-23, nan 
-16.375, 57.875, 5.0163084579051916e-23, nan 
-16.125, 57.875, 5.501109177694923e-23, nan 
-15.875, 57.875, 5.2154914579142e-23, nan 
-15.625, 57.875, 5.1911214693036094e-23, nan 
-15.375, 57.875, 2.4148620517659847e-23, nan 
-15.125, 57.875, 3.439027340145193e-23, nan 
-14.875, 57.875, 3.830013978006181e-23, nan 
-14.625, 57.875, 1.999444401076144e-23, nan 
-14.375, 57.875, 2.7557485364992466e-23, nan 
-14.125, 57.875, 3.7898476927852397e-23, nan 
-13.875, 57.875, 4.956616574803614e-23, nan 
-13.625, 57.875, 4.0200672065670564e-23, nan 
-13.375, 57.875, 2.2614068406138876e-23, nan 
-13.125, 57.875, 4.320218783834503e-23, nan 
-12.875, 57.875, 3.693933116344423e-23, nan 
-12.625, 57.875, 1.0629541743531168e-23, nan 
-12.375, 57.875, 1.8572235517987564e-23, nan 
-12.125, 57.875, 3.0026485717314345e-23, nan 
-11.875, 57.875, 1.1653600224006825e-23, nan 
-11.625, 57.875, 4.4774700015403856e-23, nan 
-11.375, 57.875, 6.499407993597756e-23, nan 
-11.125, 57.875, 8.151465593154871e-23, nan 
-10.875, 57.875, 1.525134216630214e-22, nan 
-10.625, 57.875, 1.843619761426052e-22, nan 
-10.375, 57.875, 1.5362075184072676e-22, nan 
-10.125, 57.875, 2.374156726364348e-22, nan 
-9.875, 57.875, 2.4671930312179367e-22, nan 
-9.625, 57.875, 2.042805296362324e-22, nan 
-9.375, 57.875, 2.22301511960937e-22, nan 
-9.125, 57.875, 1.8415069004518459e-22, nan 
-8.875, 57.875, 1.0655619379281746e-22, nan 
-8.625, 57.875, 9.847830272577359e-23, nan 
-8.375, 57.875, 6.805775393332935e-23, nan 
-8.125, 57.875, 4.223096208241895e-23, nan 
-7.875, 57.875, 3.395221304411608e-23, nan 
-7.625, 57.875, 3.185396822495397e-23, nan 
-7.375, 57.875, 3.3276849109540627e-23, nan 
-7.125, 57.875, 2.5025946254459138e-23, nan 
-6.875, 57.875, 2.589744921019523e-23, nan 
-6.625, 57.875, 3.987853579147752e-23, nan 
-6.375, 57.875, 4.0423860468072295e-23, nan 
-6.125, 57.875, 2.69279749256924e-23, nan 
-5.875, 57.875, 2.4116289203451464e-23, nan 
-5.625, 57.875, 1.1315500301946831e-23, nan 
-5.375, 57.875, 8.303156512621303e-24, nan 
-5.125, 57.875, 2.5935957524285684e-23, nan 
-4.875, 57.875, 2.663220103011855e-23, nan 
-4.625, 57.875, 1.449776061853596e-23, nan 
-4.375, 57.875, 1.45086906279597e-23, nan 
-4.125, 57.875, 2.9330548566533776e-23, nan 
-3.875, 57.875, 5.692584701597325e-23, nan 
-3.625, 57.875, 6.448855975943091e-23, nan 
-3.375, 57.875, 4.8568309715412904e-23, nan 
-3.125, 57.875, 4.164609796112051e-23, nan 
-2.875, 57.875, 1.418009468803497e-23, nan 
-2.625, 57.875, 1.6762198334642665e-23, nan 
-2.375, 57.875, 1.0757062593679006e-23, nan 
-2.125, 57.875, 1.3864088052878612e-23, nan 
-1.875, 57.875, 2.105476608070362e-23, nan 
-1.625, 57.875, 2.1428553096129043e-23, nan 
-1.375, 57.875, 1.7396264158761998e-23, nan 
-1.125, 57.875, 1.061945098663943e-23, nan 
-0.875, 57.875, 1.2669835081714731e-23, nan 
-0.625, 57.875, 3.36826488160348e-23, nan 
-0.375, 57.875, 2.594196690514001e-23, nan 
-0.125, 57.875, 1.0899170154436553e-23, nan 
0.125, 57.875, 1.7402428630046595e-23, nan 
0.375, 57.875, 1.5465899114746395e-23, nan 
0.625, 57.875, 3.311581315242226e-23, nan 
0.875, 57.875, 4.8757235357105835e-23, nan 
1.125, 57.875, 4.3021146992989837e-23, nan 
1.375, 57.875, 4.3996074536996016e-23, nan 
1.625, 57.875, 4.524030559222926e-23, nan 
1.875, 57.875, 2.707678170887478e-23, nan 
2.125, 57.875, 1.730825712200843e-23, nan 
2.375, 57.875, 8.96679881500057e-24, nan 
2.625, 57.875, 3.281224601275562e-23, nan 
2.875, 57.875, 3.8699144162754045e-23, nan 
3.125, 57.875, 2.5014523749150824e-23, nan 
3.375, 57.875, 2.1509774664803486e-23, nan 
3.625, 57.875, 1.8960241473785995e-23, nan 
3.875, 57.875, 2.303255006461885e-23, nan 
4.125, 57.875, 1.856889812294532e-23, nan 
4.375, 57.875, 5.346544642294609e-24, nan 
4.625, 57.875, 1.3414003472707784e-23, nan 
4.875, 57.875, 1.6982450758342367e-23, nan 
5.125, 57.875, 1.746655809147932e-23, nan 
5.375, 57.875, 1.1581075447867105e-23, nan 
5.625, 57.875, 1.4175700461701707e-23, nan 
5.875, 57.875, 2.051152634641719e-23, nan 
6.125, 57.875, 1.8255283516745347e-23, nan 
6.375, 57.875, 7.567792981682165e-24, nan 
6.625, 57.875, 1.6291619168604444e-23, nan 
6.875, 57.875, 1.5213891260921224e-23, nan 
7.125, 57.875, 8.945763742102753e-24, nan 
7.375, 57.875, 1.26337043631866e-23, nan 
7.625, 57.875, 1.2382479590301758e-23, nan 
7.875, 57.875, 8.69302009002598e-24, nan 
8.125, 57.875, 4.151555639980442e-24, nan 
8.375, 57.875, 1.418309713060655e-23, nan 
8.625, 57.875, 1.6525736556184897e-23, nan 
8.875, 57.875, 2.2492268280335473e-23, nan 
9.125, 57.875, 1.854895627329015e-23, nan 
9.375, 57.875, 4.1684913156428406e-23, nan 
9.625, 57.875, 6.628325158514934e-23, nan 
9.875, 57.875, 5.121753468647425e-23, nan 
10.125, 57.875, 6.054300904821727e-23, nan 
10.375, 57.875, 7.886432610091074e-23, nan 
10.625, 57.875, 7.229508568750809e-23, nan 
10.875, 57.875, 2.2720117654237645e-23, nan 
11.125, 57.875, 1.371534447552351e-23, nan 
11.375, 57.875, 1.5945041080426884e-23, nan 
11.625, 57.875, 2.9582502403478815e-23, nan 
11.875, 57.875, 2.5017685387956164e-23, nan 
12.125, 57.875, 1.5847700979261446e-23, nan 
12.375, 57.875, 1.5857933941712436e-23, nan 
12.625, 57.875, 1.4273816644152587e-23, nan 
12.875, 57.875, 1.751608669823876e-23, nan 
13.125, 57.875, 2.3345014072811418e-23, nan 
13.375, 57.875, 1.6271023442157357e-23, nan 
13.625, 57.875, 2.1469166067827042e-23, nan 
13.875, 57.875, 2.3511377685085788e-23, nan 
14.125, 57.875, 2.1539563586900258e-23, nan 
14.375, 57.875, 1.4784299483981832e-23, nan 
14.625, 57.875, 3.1272446938519867e-24, nan 
14.875, 57.875, 4.776904091547578e-24, nan 
15.125, 57.875, 5.106881101848619e-24, nan 
15.375, 57.875, 5.379745139752031e-24, nan 
15.625, 57.875, 7.196279189013147e-24, nan 
15.875, 57.875, 2.8743299825749823e-23, nan 
16.125, 57.875, 3.2098793646306516e-23, nan 
16.375, 57.875, 1.5142608409977855e-23, nan 
16.625, 57.875, 1.5954473704045612e-23, nan 
16.875, 57.875, 1.384841956000074e-23, nan 
17.125, 57.875, 9.647237424000333e-24, nan 
17.375, 57.875, 1.0608754614607015e-23, nan 
17.625, 57.875, 1.1658024442024603e-23, nan 
17.875, 57.875, 2.617885566202096e-23, nan 
18.125, 57.875, 2.845542741481854e-23, nan 
18.375, 57.875, 2.4349116531372334e-23, nan 
18.625, 57.875, 3.441942974699175e-23, nan 
18.875, 57.875, 4.4381621166210447e-23, nan 
19.125, 57.875, 1.07249808990075e-22, nan 
19.375, 57.875, 4.902821349445597e-22, nan 
19.625, 57.875, 5.625541818418282e-22, nan 
19.875, 57.875, 4.369973863128226e-22, nan 
20.125, 57.875, 3.9316975032139874e-22, nan 
20.375, 57.875, 9.439431227116845e-23, nan 
20.625, 57.875, 1.5871981073170856e-23, nan 
20.875, 57.875, 1.639853711692273e-23, nan 
21.125, 57.875, 7.593932827104144e-24, nan 
21.375, 57.875, 1.073897343670958e-23, nan 
21.625, 57.875, 9.74392189300224e-24, nan 
21.875, 57.875, 1.3763774310095974e-23, nan 
22.125, 57.875, 1.546997064657587e-23, nan 
22.375, 57.875, 1.0606304253763942e-23, nan 
22.625, 57.875, 6.992619230567008e-24, nan 
22.875, 57.875, 5.6133960483307396e-24, nan 
23.125, 57.875, 6.056637455015548e-24, nan 
23.375, 57.875, 7.277562060593943e-24, nan 
23.625, 57.875, 7.13527383179502e-24, nan 
23.875, 57.875, 4.8167481068865435e-24, nan 
24.125, 57.875, 5.422485053564782e-24, nan 
24.375, 57.875, 4.8284210787761885e-24, nan 
-94.875, 58.125, 2.885807839251167e-23, nan 
-94.625, 58.125, 9.314880110478848e-24, nan 
-94.375, 58.125, 9.028588535379778e-24, nan 
-94.125, 58.125, 7.868528390415188e-24, nan 
-93.875, 58.125, 7.985647400671749e-24, nan 
-93.625, 58.125, 1.6849935833425847e-23, nan 
-93.375, 58.125, 2.6160532817685393e-23, nan 
-93.125, 58.125, 2.4372599270852445e-23, nan 
-92.875, 58.125, 1.7511527927461846e-23, nan 
-92.625, 58.125, 1.6748652435574807e-23, nan 
-92.375, 58.125, 1.9553906119573815e-23, nan 
-92.125, 58.125, 3.00941120288731e-23, nan 
-91.875, 58.125, 2.9665584371380556e-23, nan 
-91.625, 58.125, 1.344897152380495e-23, nan 
-91.375, 58.125, 1.044138448979168e-23, nan 
-91.125, 58.125, 1.488402980689637e-23, nan 
-90.875, 58.125, 1.896142191455378e-23, nan 
-90.625, 58.125, 1.72869239445332e-23, nan 
-90.375, 58.125, 1.5587997046446838e-23, nan 
-90.125, 58.125, 1.395578932167649e-23, nan 
-89.875, 58.125, 1.3579127277712164e-23, nan 
-89.625, 58.125, 1.2928472883690141e-23, nan 
-89.375, 58.125, 1.480158833216658e-23, nan 
-89.125, 58.125, 1.758558127685943e-23, nan 
-88.875, 58.125, 2.5104158676551246e-23, nan 
-88.625, 58.125, 2.1473860159863844e-23, nan 
-88.375, 58.125, 1.79704770142692e-23, nan 
-88.125, 58.125, 1.5728826814106816e-23, nan 
-87.875, 58.125, 1.321052595885595e-23, nan 
-87.625, 58.125, 1.7026311965228135e-23, nan 
-87.375, 58.125, 1.612176769462947e-23, nan 
-87.125, 58.125, 1.327966494730589e-23, nan 
-86.875, 58.125, 1.185307015945636e-23, nan 
-86.625, 58.125, 1.4728358081324524e-23, nan 
-86.375, 58.125, 1.590201327940714e-23, nan 
-86.125, 58.125, 1.5503821396264823e-23, nan 
-85.875, 58.125, 1.557225153115085e-23, nan 
-85.625, 58.125, 1.3831795841089556e-23, nan 
-85.375, 58.125, 8.084040218507501e-24, nan 
-85.125, 58.125, 5.134973621708446e-24, nan 
-84.875, 58.125, 6.4229316917847284e-24, nan 
-84.625, 58.125, 5.693240610730683e-24, nan 
-84.375, 58.125, 5.1228324772116976e-24, nan 
-84.125, 58.125, 6.663910578770746e-24, nan 
-83.875, 58.125, 7.866829592562516e-24, nan 
-83.625, 58.125, 1.304914178540717e-23, nan 
-83.375, 58.125, 1.2893441635965753e-23, nan 
-83.125, 58.125, 7.222842106186854e-24, nan 
-82.875, 58.125, 7.371580783207084e-24, nan 
-82.625, 58.125, 7.496042734010548e-24, nan 
-82.375, 58.125, 8.805177993192782e-24, nan 
-82.125, 58.125, 7.853081011062194e-24, nan 
-81.875, 58.125, 6.646087490137927e-24, nan 
-81.625, 58.125, 8.691283519493159e-24, nan 
-81.375, 58.125, 8.023798101245497e-24, nan 
-81.125, 58.125, 5.69784167866346e-24, nan 
-80.875, 58.125, 5.187447941631529e-24, nan 
-80.625, 58.125, 1.148909709894707e-23, nan 
-80.375, 58.125, 1.8992407851268987e-23, nan 
-80.125, 58.125, 1.6783109058272063e-23, nan 
-79.875, 58.125, 4.568769592318069e-24, nan 
-79.625, 58.125, 4.965229376494363e-24, nan 
-79.375, 58.125, 4.812830936463792e-24, nan 
-79.125, 58.125, 5.3236419983176635e-24, nan 
-78.875, 58.125, 5.57293522454049e-24, nan 
-78.625, 58.125, 7.862805786752907e-24, nan 
-78.375, 58.125, 8.189892459602913e-24, nan 
-78.125, 58.125, 5.913048074460185e-24, nan 
-77.875, 58.125, 6.269119542608828e-24, nan 
-77.625, 58.125, 9.111241995140894e-24, nan 
-77.375, 58.125, 8.372514220485947e-24, nan 
-77.125, 58.125, 6.53119837586876e-24, nan 
-76.875, 58.125, 9.462764609309179e-24, nan 
-76.625, 58.125, 9.122309906897391e-24, nan 
-76.375, 58.125, 6.756723372428049e-24, nan 
-76.125, 58.125, 6.558950847898909e-24, nan 
-75.875, 58.125, 1.0141616930533823e-23, nan 
-75.625, 58.125, 1.145228065397246e-23, nan 
-75.375, 58.125, 9.258402692643967e-24, nan 
-75.125, 58.125, 1.0074594430802909e-23, nan 
-74.875, 58.125, 1.0390594408457772e-23, nan 
-74.625, 58.125, 6.779937690358308e-24, nan 
-74.375, 58.125, 7.256077968674259e-24, nan 
-74.125, 58.125, 1.620400746252456e-23, nan 
-73.875, 58.125, 1.5309255260326813e-23, nan 
-73.625, 58.125, 9.932267578345821e-24, nan 
-73.375, 58.125, 8.311696492766231e-24, nan 
-73.125, 58.125, 9.442617035068492e-24, nan 
-72.875, 58.125, 7.035824288462837e-24, nan 
-72.625, 58.125, 6.463822930945555e-24, nan 
-72.375, 58.125, 8.252274026351721e-24, nan 
-72.125, 58.125, 7.629664300708026e-24, nan 
-71.875, 58.125, 7.369351775664421e-24, nan 
-71.625, 58.125, 7.848968440121058e-24, nan 
-71.375, 58.125, 1.536236495669795e-23, nan 
-71.125, 58.125, 1.5092822546829924e-23, nan 
-70.875, 58.125, 8.342467013501207e-24, nan 
-70.625, 58.125, 1.0209281008259498e-23, nan 
-70.375, 58.125, 9.84083686580256e-24, nan 
-70.125, 58.125, 9.478822432459713e-24, nan 
-69.875, 58.125, 9.122629360070732e-24, nan 
-69.625, 58.125, 6.168775801510799e-24, nan 
-69.375, 58.125, 5.215962023783207e-24, nan 
-69.125, 58.125, 1.8239255607403065e-23, nan 
-68.875, 58.125, 1.9681629031163745e-23, nan 
-68.625, 58.125, 1.5168913536327672e-23, nan 
-68.375, 58.125, 1.8241833705183194e-23, nan 
-68.125, 58.125, 1.81714871490466e-23, nan 
-67.875, 58.125, 1.3858043072847504e-23, nan 
-67.625, 58.125, 7.958809039179257e-24, nan 
-67.375, 58.125, 1.0307107032173266e-23, nan 
-67.125, 58.125, 1.0639279585222654e-23, nan 
-66.875, 58.125, 9.593630880620972e-24, nan 
-66.625, 58.125, 1.2968887281650555e-23, nan 
-66.375, 58.125, 1.2114279679737721e-23, nan 
-66.125, 58.125, 9.074452688231652e-24, nan 
-65.875, 58.125, 1.1309563241556658e-23, nan 
-65.625, 58.125, 8.971733710475675e-24, nan 
-65.375, 58.125, 7.086169014148519e-24, nan 
-65.125, 58.125, 1.919341678216333e-23, nan 
-64.875, 58.125, 2.4790388912994702e-23, nan 
-64.625, 58.125, 2.2132403989109183e-23, nan 
-64.375, 58.125, 1.493020506980937e-23, nan 
-64.125, 58.125, 9.172968836128642e-24, nan 
-63.875, 58.125, 1.1522987523931111e-23, nan 
-63.625, 58.125, 2.2417633380258506e-23, nan 
-63.375, 58.125, 2.5117948433121107e-23, nan 
-63.125, 58.125, 3.3972205893576175e-23, nan 
-62.875, 58.125, 3.466586809421758e-23, nan 
-62.625, 58.125, 2.7031369958022543e-23, nan 
-62.375, 58.125, 2.905114538722397e-23, nan 
-62.125, 58.125, 1.973210596206913e-23, nan 
-61.875, 58.125, 1.4634403543607922e-23, nan 
-61.625, 58.125, 1.8652760380532347e-23, nan 
-61.375, 58.125, 1.7980928874150772e-23, nan 
-61.125, 58.125, 1.7452226643972133e-23, nan 
-60.875, 58.125, 1.4883392190397617e-23, nan 
-60.625, 58.125, 1.6407559532940967e-23, nan 
-60.375, 58.125, 1.4651726747878893e-23, nan 
-60.125, 58.125, 1.4679110066172856e-23, nan 
-59.875, 58.125, 2.1281514706272527e-23, nan 
-59.625, 58.125, 3.3962843206931756e-23, nan 
-59.375, 58.125, 3.3643252869812744e-23, nan 
-59.125, 58.125, 1.857887393781813e-23, nan 
-58.875, 58.125, 1.4722819435927357e-23, nan 
-58.625, 58.125, 1.5592733282634852e-23, nan 
-58.375, 58.125, 1.731760321666945e-23, nan 
-58.125, 58.125, 2.0492349044579576e-23, nan 
-57.875, 58.125, 1.3393233731837564e-23, nan 
-57.625, 58.125, 7.910940224006418e-24, nan 
-57.375, 58.125, 1.0701406949194656e-23, nan 
-57.125, 58.125, 1.2080150597960484e-23, nan 
-56.875, 58.125, 1.835693606445925e-23, nan 
-56.625, 58.125, 2.149790247962859e-23, nan 
-56.375, 58.125, 1.3193018051433546e-23, nan 
-56.125, 58.125, 2.456185808944394e-23, nan 
-55.875, 58.125, 3.0824831555949405e-23, nan 
-55.625, 58.125, 1.5175987809233312e-23, nan 
-55.375, 58.125, 2.6076881812860642e-23, nan 
-55.125, 58.125, 1.879902131207973e-23, nan 
-54.875, 58.125, 1.6857264631467672e-23, nan 
-54.625, 58.125, 1.566243388100371e-23, nan 
-54.375, 58.125, 1.356571469701331e-23, nan 
-54.125, 58.125, 1.4841463106616024e-23, nan 
-53.875, 58.125, 1.822680984911226e-23, nan 
-53.625, 58.125, 2.666965861654662e-23, nan 
-53.375, 58.125, 2.6284099411823917e-23, nan 
-53.125, 58.125, 2.1070573605638743e-23, nan 
-52.875, 58.125, 1.7037275126480712e-23, nan 
-52.625, 58.125, 1.2554497712281496e-23, nan 
-52.375, 58.125, 7.606517372294316e-24, nan 
-52.125, 58.125, 1.2991313341512973e-23, nan 
-51.875, 58.125, 1.567149780516209e-23, nan 
-51.625, 58.125, 1.9802031229424618e-23, nan 
-51.375, 58.125, 1.9864104939266902e-23, nan 
-51.125, 58.125, 1.7901176068293687e-23, nan 
-50.875, 58.125, 1.495266127296025e-23, nan 
-50.625, 58.125, 1.9124021483019056e-23, nan 
-50.375, 58.125, 1.7141437329787404e-23, nan 
-50.125, 58.125, 1.2026512193274487e-23, nan 
-49.875, 58.125, 1.1311546556394793e-23, nan 
-49.625, 58.125, 1.104775584822802e-23, nan 
-49.375, 58.125, 1.2657633213624911e-23, nan 
-49.125, 58.125, 1.6746053726879885e-23, nan 
-48.875, 58.125, 1.569590885319015e-23, nan 
-48.625, 58.125, 2.6001520138231994e-23, nan 
-48.375, 58.125, 2.691634413609467e-23, nan 
-48.125, 58.125, 3.283042034315338e-23, nan 
-47.875, 58.125, 3.353855534573583e-23, nan 
-47.625, 58.125, 1.8218709407451471e-23, nan 
-47.375, 58.125, 1.4694952439978415e-23, nan 
-47.125, 58.125, 1.2020732763537943e-23, nan 
-46.875, 58.125, 2.130121335964854e-23, nan 
-46.625, 58.125, 2.6750852580645054e-23, nan 
-46.375, 58.125, 2.3877304358770666e-23, nan 
-46.125, 58.125, 1.5078459353112564e-23, nan 
-45.875, 58.125, 2.4722283563786097e-23, nan 
-45.625, 58.125, 2.8354080031845503e-23, nan 
-45.375, 58.125, 1.6172188204709532e-23, nan 
-45.125, 58.125, 1.6686767917411837e-23, nan 
-44.875, 58.125, 1.87283249226806e-23, nan 
-44.625, 58.125, 2.3148312700925303e-23, nan 
-44.375, 58.125, 2.3790115307459752e-23, nan 
-44.125, 58.125, 1.885929840377489e-23, nan 
-43.875, 58.125, 1.595752187105149e-23, nan 
-43.625, 58.125, 1.6976030645575788e-23, nan 
-43.375, 58.125, 1.5956870509930518e-23, nan 
-43.125, 58.125, 1.8494520795804272e-23, nan 
-42.875, 58.125, 2.163717918596633e-23, nan 
-42.625, 58.125, 4.209509336110013e-23, nan 
-42.375, 58.125, 4.5949646362794907e-23, nan 
-42.125, 58.125, 3.149968955171346e-23, nan 
-41.875, 58.125, 1.7895791990524148e-23, nan 
-41.625, 58.125, 1.9578692292930314e-23, nan 
-41.375, 58.125, 2.3365468731722255e-23, nan 
-41.125, 58.125, 2.4474248160870615e-23, nan 
-40.875, 58.125, 4.7584952339915296e-23, nan 
-40.625, 58.125, 5.79883616346439e-23, nan 
-40.375, 58.125, 5.838977434583991e-23, nan 
-40.125, 58.125, 5.0733919600655516e-23, nan 
-39.875, 58.125, 4.1029520061476135e-23, nan 
-39.625, 58.125, 3.947363105574311e-23, nan 
-39.375, 58.125, 5.885911541268483e-23, nan 
-39.125, 58.125, 4.202813953844777e-23, nan 
-38.875, 58.125, 2.3942614132009955e-23, nan 
-38.625, 58.125, 2.4667379818056408e-23, nan 
-38.375, 58.125, 1.74481734830506e-23, nan 
-38.125, 58.125, 1.4883349031190583e-23, nan 
-37.875, 58.125, 1.3048724571673244e-23, nan 
-37.625, 58.125, 2.6391585984624262e-23, nan 
-37.375, 58.125, 2.978194542200916e-23, nan 
-37.125, 58.125, 2.2376723449863258e-23, nan 
-36.875, 58.125, 1.7698348890364856e-23, nan 
-36.625, 58.125, 1.998424097615474e-23, nan 
-36.375, 58.125, 1.5467947405650043e-23, nan 
-36.125, 58.125, 1.3524578281685927e-23, nan 
-35.875, 58.125, 3.078544679576218e-23, nan 
-35.625, 58.125, 3.2436922853777e-23, nan 
-35.375, 58.125, 3.1094268731736954e-23, nan 
-35.125, 58.125, 2.3691011053273585e-23, nan 
-34.875, 58.125, 1.7408895193691632e-23, nan 
-34.625, 58.125, 7.548974192862903e-23, nan 
-34.375, 58.125, 7.295486772560275e-23, nan 
-34.125, 58.125, 4.949354743536161e-23, nan 
-33.875, 58.125, 3.6243466621921177e-23, nan 
-33.625, 58.125, 1.1399197689709867e-23, nan 
-33.375, 58.125, 1.389703861904873e-23, nan 
-33.125, 58.125, 1.1530412952141285e-23, nan 
-32.875, 58.125, 3.1686945757521725e-23, nan 
-32.625, 58.125, 4.681462123167241e-23, nan 
-32.375, 58.125, 5.312840359689238e-23, nan 
-32.125, 58.125, 4.503423943764014e-23, nan 
-31.875, 58.125, 4.338675384882074e-23, nan 
-31.625, 58.125, 3.712635028163293e-23, nan 
-31.375, 58.125, 2.5821406378203138e-23, nan 
-31.125, 58.125, 5.2693788448884493e-23, nan 
-30.875, 58.125, 4.141161692232394e-23, nan 
-30.625, 58.125, 3.4781894286234473e-23, nan 
-30.375, 58.125, 3.068277203151033e-23, nan 
-30.125, 58.125, 2.034600274796532e-23, nan 
-29.875, 58.125, 7.549456170347124e-23, nan 
-29.625, 58.125, 1.3176526782914799e-22, nan 
-29.375, 58.125, 1.0192293257086038e-22, nan 
-29.125, 58.125, 1.4058721074232006e-22, nan 
-28.875, 58.125, 5.0992683797937546e-23, nan 
-28.625, 58.125, 9.351780113412828e-23, nan 
-28.375, 58.125, 1.0959740274355692e-22, nan 
-28.125, 58.125, 6.205918051732333e-23, nan 
-27.875, 58.125, 4.573502438608135e-23, nan 
-27.625, 58.125, 7.873127441582435e-23, nan 
-27.375, 58.125, 6.716237894639005e-23, nan 
-27.125, 58.125, 3.7000872115548255e-23, nan 
-26.875, 58.125, 4.611255963824898e-23, nan 
-26.625, 58.125, 4.549022480926929e-23, nan 
-26.375, 58.125, 2.767163679881746e-23, nan 
-26.125, 58.125, 2.9724480246411343e-23, nan 
-25.875, 58.125, 3.2054377179735153e-23, nan 
-25.625, 58.125, 2.985729137013475e-23, nan 
-25.375, 58.125, 3.506705175724924e-23, nan 
-25.125, 58.125, 4.501457015050023e-23, nan 
-24.875, 58.125, 4.6071333421067946e-23, nan 
-24.625, 58.125, 5.402026819010275e-23, nan 
-24.375, 58.125, 1.7093207912264643e-22, nan 
-24.125, 58.125, 1.5693693125939974e-22, nan 
-23.875, 58.125, 1.2971880845848368e-22, nan 
-23.625, 58.125, 4.499568857711537e-23, nan 
-23.375, 58.125, 3.530182707857891e-23, nan 
-23.125, 58.125, 6.35393489132107e-23, nan 
-22.875, 58.125, 6.448399183876301e-23, nan 
-22.625, 58.125, 4.8423169558755033e-23, nan 
-22.375, 58.125, 3.983117487558564e-23, nan 
-22.125, 58.125, 4.6999750100338853e-23, nan 
-21.875, 58.125, 5.044285059446073e-23, nan 
-21.625, 58.125, 5.666300793451167e-23, nan 
-21.375, 58.125, 5.943061906624607e-23, nan 
-21.125, 58.125, 6.265183708551909e-23, nan 
-20.875, 58.125, 1.9793797264270367e-23, nan 
-20.625, 58.125, 3.4828625241311915e-23, nan 
-20.375, 58.125, 7.938578879818545e-23, nan 
-20.125, 58.125, 7.374267529591376e-23, nan 
-19.875, 58.125, 4.226872441906734e-23, nan 
-19.625, 58.125, 3.028648756890008e-23, nan 
-19.375, 58.125, 3.106094689367428e-23, nan 
-19.125, 58.125, 7.703026056371428e-23, nan 
-18.875, 58.125, 1.0918325938763125e-22, nan 
-18.625, 58.125, 1.139345501457389e-22, nan 
-18.375, 58.125, 9.42665120985379e-23, nan 
-18.125, 58.125, 3.429350494947892e-23, nan 
-17.875, 58.125, 2.1556240636591098e-23, nan 
-17.625, 58.125, 1.9399543095231178e-23, nan 
-17.375, 58.125, 2.254078465052185e-23, nan 
-17.125, 58.125, 1.8596213211507328e-23, nan 
-16.875, 58.125, 1.3442264860708166e-23, nan 
-16.625, 58.125, 3.8670907649754057e-23, nan 
-16.375, 58.125, 5.82456774660988e-23, nan 
-16.125, 58.125, 4.6602468005941556e-23, nan 
-15.875, 58.125, 6.049218564729299e-23, nan 
-15.625, 58.125, 5.900855352913674e-23, nan 
-15.375, 58.125, 1.4815180312738265e-23, nan 
-15.125, 58.125, 3.188592291372039e-23, nan 
-14.875, 58.125, 3.953135067848665e-23, nan 
-14.625, 58.125, 3.184775887833125e-23, nan 
-14.375, 58.125, 3.6096651880990345e-23, nan 
-14.125, 58.125, 2.978975014224913e-23, nan 
-13.875, 58.125, 3.1303083087542076e-23, nan 
-13.625, 58.125, 2.3884296683240693e-23, nan 
-13.375, 58.125, 3.871271439072223e-23, nan 
-13.125, 58.125, 3.9570632312391124e-23, nan 
-12.875, 58.125, 2.626365057299724e-23, nan 
-12.625, 58.125, 9.03173986364832e-24, nan 
-12.375, 58.125, 1.8374658695626476e-23, nan 
-12.125, 58.125, 2.060894016319536e-23, nan 
-11.875, 58.125, 4.2563766828620147e-23, nan 
-11.625, 58.125, 5.2919361575529143e-23, nan 
-11.375, 58.125, 3.025977907393348e-23, nan 
-11.125, 58.125, 2.701001257257648e-23, nan 
-10.875, 58.125, 6.571202828901995e-23, nan 
-10.625, 58.125, 8.743804590724261e-23, nan 
-10.375, 58.125, 1.1555049102021766e-22, nan 
-10.125, 58.125, 1.1164069179676474e-22, nan 
-9.875, 58.125, 1.8285095371712796e-22, nan 
-9.625, 58.125, 1.5605833741873715e-22, nan 
-9.375, 58.125, 1.216523250827534e-22, nan 
-9.125, 58.125, 8.405027605280921e-23, nan 
-8.875, 58.125, 8.246887658209278e-23, nan 
-8.625, 58.125, 4.662592905939708e-23, nan 
-8.375, 58.125, 1.6474003206674147e-23, nan 
-8.125, 58.125, 1.543760377404239e-23, nan 
-7.875, 58.125, 1.909988970921001e-23, nan 
-7.625, 58.125, 7.582181939410697e-24, nan 
-7.375, 58.125, 3.3183429300810103e-23, nan 
-7.125, 58.125, 2.9525831165207634e-23, nan 
-6.875, 58.125, 2.0324150534523555e-23, nan 
-6.625, 58.125, 2.6871848961507417e-23, nan 
-6.375, 58.125, 4.954075663893305e-23, nan 
-6.125, 58.125, 4.430858686602654e-23, nan 
-5.875, 58.125, 2.307842971921558e-23, nan 
-5.625, 58.125, 1.7045568446332454e-23, nan 
-5.375, 58.125, 2.781389217275399e-23, nan 
-5.125, 58.125, 3.480254715805069e-23, nan 
-4.875, 58.125, 2.5572952263164526e-23, nan 
-4.625, 58.125, 1.576815185596032e-23, nan 
-4.375, 58.125, 3.727181044981088e-23, nan 
-4.125, 58.125, 3.56488307420139e-23, nan 
-3.875, 58.125, 2.4645994073319165e-23, nan 
-3.625, 58.125, 3.6388503347280645e-23, nan 
-3.375, 58.125, 2.6336668635052743e-23, nan 
-3.125, 58.125, 1.5904477666585276e-23, nan 
-2.875, 58.125, 2.6548453450674156e-23, nan 
-2.625, 58.125, 3.4475095553600125e-23, nan 
-2.375, 58.125, 2.7694555332003877e-23, nan 
-2.125, 58.125, 1.1072559207658825e-23, nan 
-1.875, 58.125, 1.6502547384273816e-23, nan 
-1.625, 58.125, 1.5853465876553663e-23, nan 
-1.375, 58.125, 1.7218556426320717e-23, nan 
-1.125, 58.125, 1.9286214772673066e-23, nan 
-0.875, 58.125, 4.316038475271765e-23, nan 
-0.625, 58.125, 4.638802827254121e-23, nan 
-0.375, 58.125, 8.773017931588851e-24, nan 
-0.125, 58.125, 1.9544893025501978e-23, nan 
0.125, 58.125, 2.4912621302243766e-23, nan 
0.375, 58.125, 1.3404194787927549e-23, nan 
0.625, 58.125, 1.3148479273305935e-23, nan 
0.875, 58.125, 4.281290709447716e-23, nan 
1.125, 58.125, 7.610023991202741e-23, nan 
1.375, 58.125, 7.42684424367181e-23, nan 
1.625, 58.125, 4.636459696176496e-23, nan 
1.875, 58.125, 2.928258185840131e-23, nan 
2.125, 58.125, 2.1174578348630406e-23, nan 
2.375, 58.125, 7.12929458999515e-23, nan 
2.625, 58.125, 8.166526886726672e-23, nan 
2.875, 58.125, 6.329909275657603e-23, nan 
3.125, 58.125, 5.366912856798921e-23, nan 
3.375, 58.125, 3.000268554734731e-23, nan 
3.625, 58.125, 1.740172348032136e-23, nan 
3.875, 58.125, 2.032183002784394e-23, nan 
4.125, 58.125, 1.5903242911844532e-23, nan 
4.375, 58.125, 2.1700128134670012e-23, nan 
4.625, 58.125, 2.5988343610081936e-23, nan 
4.875, 58.125, 1.8729437884999687e-23, nan 
5.125, 58.125, 2.0336737609395684e-23, nan 
5.375, 58.125, 1.5757127842555024e-23, nan 
5.625, 58.125, 1.8114175630748817e-23, nan 
5.875, 58.125, 1.8583870696851757e-23, nan 
6.125, 58.125, 1.385355251617057e-23, nan 
6.375, 58.125, 1.2255522049812324e-23, nan 
6.625, 58.125, 2.843462209156605e-23, nan 
6.875, 58.125, 3.609561999793299e-23, nan 
7.125, 58.125, 2.1271717703103454e-23, nan 
7.375, 58.125, 1.857782338579809e-23, nan 
7.625, 58.125, 1.2499291290355597e-23, nan 
7.875, 58.125, 8.028233883978117e-24, nan 
8.125, 58.125, 6.360120479638794e-24, nan 
8.375, 58.125, 1.8987357789569298e-23, nan 
8.625, 58.125, 3.9291124537738086e-23, nan 
8.875, 58.125, 4.8655633450357253e-23, nan 
9.125, 58.125, 4.578476937499486e-23, nan 
9.375, 58.125, 1.1508716614716972e-22, nan 
9.625, 58.125, 1.1011504125620215e-22, nan 
9.875, 58.125, 6.63649112216828e-23, nan 
10.125, 58.125, 7.967795338924821e-23, nan 
10.375, 58.125, 8.509652405325729e-23, nan 
10.625, 58.125, 1.2302240119786795e-22, nan 
10.875, 58.125, 1.1847223444078746e-22, nan 
11.125, 58.125, 7.513208585982021e-23, nan 
11.375, 58.125, 6.776616635667537e-23, nan 
11.625, 58.125, 5.432536415421756e-23, nan 
11.875, 58.125, 2.635369599642182e-23, nan 
12.125, 58.125, 1.2631462883760384e-23, nan 
12.375, 58.125, 1.0180502254871284e-23, nan 
12.625, 58.125, 8.981425385794746e-24, nan 
12.875, 58.125, 1.4119866390148298e-23, nan 
13.125, 58.125, 1.6289637484943928e-23, nan 
13.375, 58.125, 2.0016703589615434e-23, nan 
13.625, 58.125, 1.6547828989759695e-23, nan 
13.875, 58.125, 7.345683552815812e-24, nan 
14.125, 58.125, 1.8619713152765686e-23, nan 
14.375, 58.125, 2.369506144193904e-23, nan 
14.625, 58.125, 1.6674457645667894e-23, nan 
14.875, 58.125, 5.723736355565522e-24, nan 
15.125, 58.125, 1.0361304848312233e-23, nan 
15.375, 58.125, 1.1642499062959503e-23, nan 
15.625, 58.125, 1.0280627144886742e-23, nan 
15.875, 58.125, 1.134455332134098e-23, nan 
16.125, 58.125, 1.7460823870570365e-23, nan 
16.375, 58.125, 1.6558367101021573e-23, nan 
16.625, 58.125, 1.4505832203560684e-23, nan 
16.875, 58.125, 8.24217235837656e-24, nan 
17.125, 58.125, 6.844950321636537e-24, nan 
17.375, 58.125, 1.2146590760355101e-23, nan 
17.625, 58.125, 1.4904886017058313e-23, nan 
17.875, 58.125, 3.0800544043890415e-23, nan 
18.125, 58.125, 2.941169863112615e-23, nan 
18.375, 58.125, 2.556748559220495e-23, nan 
18.625, 58.125, 4.048777104659841e-23, nan 
18.875, 58.125, 2.5085918198337977e-23, nan 
19.125, 58.125, 3.4024272487027843e-23, nan 
19.375, 58.125, 6.375924146167188e-23, nan 
19.625, 58.125, 2.1060761283629358e-22, nan 
19.875, 58.125, 1.4949586494669793e-22, nan 
20.125, 58.125, 6.115949900863286e-23, nan 
20.375, 58.125, 3.5774801277497035e-23, nan 
20.625, 58.125, 4.8991799662098374e-23, nan 
20.875, 58.125, 3.380016091207397e-23, nan 
21.125, 58.125, 2.8763208646248924e-23, nan 
21.375, 58.125, 2.1549485809430867e-23, nan 
21.625, 58.125, 2.319001708078843e-24, nan 
21.875, 58.125, 4.0777749477893874e-24, nan 
22.125, 58.125, 1.1002254795171822e-23, nan 
22.375, 58.125, 9.35773432972504e-24, nan 
22.625, 58.125, 5.597591202879837e-24, nan 
22.875, 58.125, 5.9403279692017966e-24, nan 
23.125, 58.125, 5.505474359053683e-24, nan 
23.375, 58.125, 8.292485057356998e-24, nan 
23.625, 58.125, 7.376616364049722e-24, nan 
23.875, 58.125, 1.620978357767828e-24, nan 
24.125, 58.125, 5.46754252370448e-24, nan 
24.375, 58.125, 7.038019606407542e-24, nan 
24.625, 58.125, 6.606354811388106e-24, nan 
24.875, 58.125, 7.383165216981692e-24, nan 
25.125, 58.125, 1.469695886668612e-23, nan 
-95.875, 58.375, 1.0169462168164361e-23, nan 
-95.625, 58.375, 1.280140278509211e-23, nan 
-95.375, 58.375, 1.1442629440327415e-23, nan 
-95.125, 58.375, 5.007920779210023e-23, nan 
-94.875, 58.375, 7.073126072571616e-23, nan 
-94.625, 58.375, 4.8460598050218657e-23, nan 
-94.375, 58.375, 1.8365721850440673e-23, nan 
-94.125, 58.375, 2.5120958072922567e-23, nan 
-93.875, 58.375, 3.1502947795205614e-23, nan 
-93.625, 58.375, 3.142506183709298e-23, nan 
-93.375, 58.375, 2.085745987259709e-23, nan 
-93.125, 58.375, 2.5554336076705914e-23, nan 
-92.875, 58.375, 2.597007264026927e-23, nan 
-92.625, 58.375, 1.7756278727970788e-23, nan 
-92.375, 58.375, 1.9533306262520124e-23, nan 
-92.125, 58.375, 2.28387465019136e-23, nan 
-91.875, 58.375, 1.5398518778084553e-23, nan 
-91.625, 58.375, 9.134391386166669e-24, nan 
-91.375, 58.375, 1.672605478309534e-23, nan 
-91.125, 58.375, 2.2129063289844962e-23, nan 
-90.875, 58.375, 1.9369843097339635e-23, nan 
-90.625, 58.375, 1.301909908611016e-23, nan 
-90.375, 58.375, 1.3629377909697618e-23, nan 
-90.125, 58.375, 1.3950811426150532e-23, nan 
-89.875, 58.375, 1.560297974073742e-23, nan 
-89.625, 58.375, 1.8915253671132307e-23, nan 
-89.375, 58.375, 1.9046970966962516e-23, nan 
-89.125, 58.375, 2.4904744552273034e-23, nan 
-88.875, 58.375, 2.4614832676600115e-23, nan 
-88.625, 58.375, 1.714689911496146e-23, nan 
-88.375, 58.375, 1.7352815318365225e-23, nan 
-88.125, 58.375, 1.5850282421785754e-23, nan 
-87.875, 58.375, 1.8485716691835426e-23, nan 
-87.625, 58.375, 1.6811571412024384e-23, nan 
-87.375, 58.375, 1.359798784904163e-23, nan 
-87.125, 58.375, 1.3072193611038325e-23, nan 
-86.875, 58.375, 1.5923532036480665e-23, nan 
-86.625, 58.375, 1.6323655836072027e-23, nan 
-86.375, 58.375, 1.3304304036739896e-23, nan 
-86.125, 58.375, 1.5962576155237156e-23, nan 
-85.875, 58.375, 1.8435908575352725e-23, nan 
-85.625, 58.375, 1.5040158995771347e-23, nan 
-85.375, 58.375, 6.0974461182188525e-24, nan 
-85.125, 58.375, 6.996755420199175e-24, nan 
-84.875, 58.375, 7.313988674776895e-24, nan 
-84.625, 58.375, 5.698865180641618e-24, nan 
-84.375, 58.375, 6.034031517548834e-24, nan 
-84.125, 58.375, 9.10829212573621e-24, nan 
-83.875, 58.375, 9.86216668968191e-24, nan 
-83.625, 58.375, 1.2885480110872471e-23, nan 
-83.375, 58.375, 1.2214394987288471e-23, nan 
-83.125, 58.375, 7.438644664825025e-24, nan 
-82.875, 58.375, 6.891973757134479e-24, nan 
-82.625, 58.375, 7.937376162750516e-24, nan 
-82.375, 58.375, 8.351876575737116e-24, nan 
-82.125, 58.375, 6.22055816668165e-24, nan 
-81.875, 58.375, 8.93778492093002e-24, nan 
-81.625, 58.375, 9.71848022453541e-24, nan 
-81.375, 58.375, 7.660593350924743e-24, nan 
-81.125, 58.375, 7.140886972315796e-24, nan 
-80.875, 58.375, 9.296887950596299e-24, nan 
-80.625, 58.375, 1.1784676997401924e-23, nan 
-80.375, 58.375, 9.9039712517285e-24, nan 
-80.125, 58.375, 6.965010279628212e-24, nan 
-79.875, 58.375, 3.9477730803221704e-24, nan 
-79.625, 58.375, 5.732210993867962e-24, nan 
-79.375, 58.375, 6.147976813732652e-24, nan 
-79.125, 58.375, 7.998694311211116e-24, nan 
-78.875, 58.375, 7.038849728980489e-24, nan 
-78.625, 58.375, 6.551537007518475e-24, nan 
-78.375, 58.375, 5.534622475487381e-24, nan 
-78.125, 58.375, 6.5336849951687665e-24, nan 
-77.875, 58.375, 9.852994804582198e-24, nan 
-77.625, 58.375, 1.1881676249430567e-23, nan 
-77.375, 58.375, 9.426650755637126e-24, nan 
-77.125, 58.375, 7.232858113147567e-24, nan 
-76.875, 58.375, 8.832878562039481e-24, nan 
-76.625, 58.375, 7.953444305146739e-24, nan 
-76.375, 58.375, 9.749082504271442e-24, nan 
-76.125, 58.375, 1.1202029873307647e-23, nan 
-75.875, 58.375, 1.0498770491939488e-23, nan 
-75.625, 58.375, 1.0098834148207462e-23, nan 
-75.375, 58.375, 1.1690280720969483e-23, nan 
-75.125, 58.375, 1.0003692471416461e-23, nan 
-74.875, 58.375, 7.985748799481295e-24, nan 
-74.625, 58.375, 7.352948974088563e-24, nan 
-74.375, 58.375, 5.8833745602011164e-24, nan 
-74.125, 58.375, 9.993598561921827e-24, nan 
-73.875, 58.375, 7.751667940642858e-24, nan 
-73.625, 58.375, 7.29419473999212e-24, nan 
-73.375, 58.375, 7.134484719387829e-24, nan 
-73.125, 58.375, 9.09391163841423e-24, nan 
-72.875, 58.375, 9.592605729450345e-24, nan 
-72.625, 58.375, 1.023893975045152e-23, nan 
-72.375, 58.375, 1.1413651264436803e-23, nan 
-72.125, 58.375, 1.0698294646513061e-23, nan 
-71.875, 58.375, 1.0729605048567576e-23, nan 
-71.625, 58.375, 1.2271585342833233e-23, nan 
-71.375, 58.375, 1.527073185571267e-23, nan 
-71.125, 58.375, 1.2444826376134043e-23, nan 
-70.875, 58.375, 8.305717791073806e-24, nan 
-70.625, 58.375, 9.37221394039458e-24, nan 
-70.375, 58.375, 7.806424793240573e-24, nan 
-70.125, 58.375, 7.442478713832062e-24, nan 
-69.875, 58.375, 7.743889661797522e-24, nan 
-69.625, 58.375, 9.043805932987405e-24, nan 
-69.375, 58.375, 1.270461167720062e-23, nan 
-69.125, 58.375, 1.9114093621557956e-23, nan 
-68.875, 58.375, 1.38639411640288e-23, nan 
-68.625, 58.375, 1.4394745938824123e-23, nan 
-68.375, 58.375, 1.520034197803622e-23, nan 
-68.125, 58.375, 9.17006406096238e-24, nan 
-67.875, 58.375, 8.310719309853101e-24, nan 
-67.625, 58.375, 8.539510205897403e-24, nan 
-67.375, 58.375, 8.881776467740032e-24, nan 
-67.125, 58.375, 1.4127808209206195e-23, nan 
-66.875, 58.375, 1.6192248952062665e-23, nan 
-66.625, 58.375, 1.3597198433657385e-23, nan 
-66.375, 58.375, 1.0461591195863841e-23, nan 
-66.125, 58.375, 9.20889541225995e-24, nan 
-65.875, 58.375, 1.146941883212054e-23, nan 
-65.625, 58.375, 9.40057510904491e-24, nan 
-65.375, 58.375, 1.2401472965430163e-23, nan 
-65.125, 58.375, 2.026279468278864e-23, nan 
-64.875, 58.375, 3.478921392743825e-23, nan 
-64.625, 58.375, 3.225521263562323e-23, nan 
-64.375, 58.375, 1.2912759656253111e-23, nan 
-64.125, 58.375, 1.433654824298726e-23, nan 
-63.875, 58.375, 1.660263962920524e-23, nan 
-63.625, 58.375, 2.122212129086084e-23, nan 
-63.375, 58.375, 2.2874226141423832e-23, nan 
-63.125, 58.375, 2.774283352063052e-23, nan 
-62.875, 58.375, 2.41815863543073e-23, nan 
-62.625, 58.375, 1.7011377900078315e-23, nan 
-62.375, 58.375, 1.3533677714113034e-23, nan 
-62.125, 58.375, 1.9550368992843973e-23, nan 
-61.875, 58.375, 2.3019674107413156e-23, nan 
-61.625, 58.375, 1.6179334981811347e-23, nan 
-61.375, 58.375, 1.4480118400073943e-23, nan 
-61.125, 58.375, 2.043710335570092e-23, nan 
-60.875, 58.375, 2.104293088963839e-23, nan 
-60.625, 58.375, 1.7373646853341875e-23, nan 
-60.375, 58.375, 1.0442878175659978e-23, nan 
-60.125, 58.375, 2.261724843045686e-23, nan 
-59.875, 58.375, 3.8002487473856584e-23, nan 
-59.625, 58.375, 3.6779576955399196e-23, nan 
-59.375, 58.375, 2.1901373123530266e-23, nan 
-59.125, 58.375, 1.0706238882585132e-23, nan 
-58.875, 58.375, 1.6466557390154834e-23, nan 
-58.625, 58.375, 1.3825582634079373e-23, nan 
-58.375, 58.375, 1.769170769161176e-23, nan 
-58.125, 58.375, 1.745516211202469e-23, nan 
-57.875, 58.375, 7.566761336283705e-24, nan 
-57.625, 58.375, 9.831929596756233e-24, nan 
-57.375, 58.375, 1.3129298549095868e-23, nan 
-57.125, 58.375, 1.8317525887097188e-23, nan 
-56.875, 58.375, 2.473400743461183e-23, nan 
-56.625, 58.375, 2.245643796715723e-23, nan 
-56.375, 58.375, 1.4828535942874515e-23, nan 
-56.125, 58.375, 3.2030323474902696e-23, nan 
-55.875, 58.375, 2.8378335348641127e-23, nan 
-55.625, 58.375, 2.4618024823835823e-23, nan 
-55.375, 58.375, 3.027437794087463e-23, nan 
-55.125, 58.375, 1.950256680313976e-23, nan 
-54.875, 58.375, 1.850912889050212e-23, nan 
-54.625, 58.375, 1.675435955851108e-23, nan 
-54.375, 58.375, 1.6781966632536096e-23, nan 
-54.125, 58.375, 1.7543817337794445e-23, nan 
-53.875, 58.375, 2.022444201494158e-23, nan 
-53.625, 58.375, 2.4016485937787485e-23, nan 
-53.375, 58.375, 1.5747309493245527e-23, nan 
-53.125, 58.375, 1.5690162792629432e-23, nan 
-52.875, 58.375, 1.6597278312778374e-23, nan 
-52.625, 58.375, 1.884968739904367e-23, nan 
-52.375, 58.375, 2.200799753925227e-23, nan 
-52.125, 58.375, 2.749381834986526e-23, nan 
-51.875, 58.375, 2.605564925192438e-23, nan 
-51.625, 58.375, 1.6317821742060317e-23, nan 
-51.375, 58.375, 9.592723716225618e-24, nan 
-51.125, 58.375, 1.5268986975010655e-23, nan 
-50.875, 58.375, 1.9371620444728745e-23, nan 
-50.625, 58.375, 2.3943557204119497e-23, nan 
-50.375, 58.375, 1.3378423087978043e-23, nan 
-50.125, 58.375, 1.1415853097346504e-23, nan 
-49.875, 58.375, 9.779952555943138e-24, nan 
-49.625, 58.375, 1.2359773186778622e-23, nan 
-49.375, 58.375, 1.3021141098527428e-23, nan 
-49.125, 58.375, 1.1585332086426612e-23, nan 
-48.875, 58.375, 1.1468638887119883e-23, nan 
-48.625, 58.375, 9.755698238497218e-24, nan 
-48.375, 58.375, 2.5887008515606366e-23, nan 
-48.125, 58.375, 3.4818246487052954e-23, nan 
-47.875, 58.375, 3.0130458514448503e-23, nan 
-47.625, 58.375, 2.2040467507646896e-23, nan 
-47.375, 58.375, 2.185602839441074e-23, nan 
-47.125, 58.375, 2.954345372885663e-23, nan 
-46.875, 58.375, 2.7240588658213985e-23, nan 
-46.625, 58.375, 1.8458820780342526e-23, nan 
-46.375, 58.375, 1.6075027049303132e-23, nan 
-46.125, 58.375, 3.018548625863475e-23, nan 
-45.875, 58.375, 2.6074600154708466e-23, nan 
-45.625, 58.375, 1.6128797078183703e-23, nan 
-45.375, 58.375, 2.0731408038194198e-23, nan 
-45.125, 58.375, 1.9933825060024917e-23, nan 
-44.875, 58.375, 1.568772825861173e-23, nan 
-44.625, 58.375, 1.354941998410132e-23, nan 
-44.375, 58.375, 1.1327765836914396e-23, nan 
-44.125, 58.375, 1.5394148116617735e-23, nan 
-43.875, 58.375, 2.621183635423737e-23, nan 
-43.625, 58.375, 2.0541417137070452e-23, nan 
-43.375, 58.375, 1.4888657697104432e-23, nan 
-43.125, 58.375, 1.4210875081737437e-23, nan 
-42.875, 58.375, 5.000834189050973e-23, nan 
-42.625, 58.375, 5.008115397912513e-23, nan 
-42.375, 58.375, 4.374281544470463e-23, nan 
-42.125, 58.375, 2.3074618100102556e-23, nan 
-41.875, 58.375, 2.398887218148896e-23, nan 
-41.625, 58.375, 1.5132886623429278e-23, nan 
-41.375, 58.375, 1.3236376203270595e-23, nan 
-41.125, 58.375, 2.1591470536685913e-23, nan 
-40.875, 58.375, 2.8003262715883785e-23, nan 
-40.625, 58.375, 3.821269664996462e-23, nan 
-40.375, 58.375, 4.3759079405423426e-23, nan 
-40.125, 58.375, 2.7797619825407094e-23, nan 
-39.875, 58.375, 4.4418826863863195e-23, nan 
-39.625, 58.375, 4.283672893795738e-23, nan 
-39.375, 58.375, 2.1287782232198205e-23, nan 
-39.125, 58.375, 2.4636751187290726e-23, nan 
-38.875, 58.375, 2.0264634114317446e-23, nan 
-38.625, 58.375, 1.0655771709340924e-23, nan 
-38.375, 58.375, 1.1292689699335791e-23, nan 
-38.125, 58.375, 1.5507194901249563e-23, nan 
-37.875, 58.375, 1.7233868519415642e-23, nan 
-37.625, 58.375, 1.2130191882101571e-23, nan 
-37.375, 58.375, 1.6374464109979402e-23, nan 
-37.125, 58.375, 2.2446906445056996e-23, nan 
-36.875, 58.375, 1.7511772231656734e-23, nan 
-36.625, 58.375, 1.87861521756347e-23, nan 
-36.375, 58.375, 2.039989681431683e-23, nan 
-36.125, 58.375, 1.946180790785638e-23, nan 
-35.875, 58.375, 2.605134739415478e-23, nan 
-35.625, 58.375, 3.6431506683391476e-23, nan 
-35.375, 58.375, 3.1066304594041136e-23, nan 
-35.125, 58.375, 1.2705730540882815e-23, nan 
-34.875, 58.375, 1.8346410190647834e-23, nan 
-34.625, 58.375, 2.657001099083375e-23, nan 
-34.375, 58.375, 2.3929877299322612e-23, nan 
-34.125, 58.375, 3.643075824830375e-23, nan 
-33.875, 58.375, 2.885019834766371e-23, nan 
-33.625, 58.375, 2.3977611269220482e-23, nan 
-33.375, 58.375, 3.828218709537317e-23, nan 
-33.125, 58.375, 2.789788938777081e-23, nan 
-32.875, 58.375, 2.3348256548579175e-23, nan 
-32.625, 58.375, 3.2820457871018506e-23, nan 
-32.375, 58.375, 4.6018515487204344e-23, nan 
-32.125, 58.375, 2.792753046221978e-23, nan 
-31.875, 58.375, 1.0447672109682883e-23, nan 
-31.625, 58.375, 1.8779768626240117e-23, nan 
-31.375, 58.375, 2.7861228792739324e-23, nan 
-31.125, 58.375, 5.2582579211481e-23, nan 
-30.875, 58.375, 4.102225345643327e-23, nan 
-30.625, 58.375, 2.559709980847302e-23, nan 
-30.375, 58.375, 1.643308175837059e-23, nan 
-30.125, 58.375, 1.6563267042310246e-22, nan 
-29.875, 58.375, 2.0911686613352736e-22, nan 
-29.625, 58.375, 2.019651128370586e-22, nan 
-29.375, 58.375, 1.2934860019345083e-22, nan 
-29.125, 58.375, 2.255655859096882e-22, nan 
-28.875, 58.375, 1.9427421418708672e-22, nan 
-28.625, 58.375, 1.671501935774416e-22, nan 
-28.375, 58.375, 1.1432944545251488e-22, nan 
-28.125, 58.375, 8.360377223296293e-23, nan 
-27.875, 58.375, 7.565670570979272e-23, nan 
-27.625, 58.375, 7.688508881220882e-23, nan 
-27.375, 58.375, 5.490880571089642e-23, nan 
-27.125, 58.375, 2.6775899326281493e-23, nan 
-26.875, 58.375, 4.5682683718174146e-23, nan 
-26.625, 58.375, 4.3422101622192396e-23, nan 
-26.375, 58.375, 3.762928866238154e-23, nan 
-26.125, 58.375, 6.110764702290598e-23, nan 
-25.875, 58.375, 4.8751885576373686e-23, nan 
-25.625, 58.375, 3.320519977303953e-23, nan 
-25.375, 58.375, 3.9994516230898734e-23, nan 
-25.125, 58.375, 3.692004849952733e-23, nan 
-24.875, 58.375, 2.562570221602101e-23, nan 
-24.625, 58.375, 3.074158706421333e-23, nan 
-24.375, 58.375, 6.275891990682034e-23, nan 
-24.125, 58.375, 9.868228666981433e-23, nan 
-23.875, 58.375, 8.380725492983451e-23, nan 
-23.625, 58.375, 7.514804866256804e-23, nan 
-23.375, 58.375, 5.442794730893313e-23, nan 
-23.125, 58.375, 4.815874599386658e-23, nan 
-22.875, 58.375, 3.7430181975663416e-23, nan 
-22.625, 58.375, 3.9157536579298836e-23, nan 
-22.375, 58.375, 5.1899476786060843e-23, nan 
-22.125, 58.375, 4.873836622037822e-23, nan 
-21.875, 58.375, 5.1625393856965456e-23, nan 
-21.625, 58.375, 5.675783011988422e-23, nan 
-21.375, 58.375, 7.222364861753134e-23, nan 
-21.125, 58.375, 1.3987970765107243e-22, nan 
-20.875, 58.375, 1.2018386025218488e-22, nan 
-20.625, 58.375, 5.801899318451875e-23, nan 
-20.375, 58.375, 5.639289012564109e-23, nan 
-20.125, 58.375, 3.779812661840885e-23, nan 
-19.875, 58.375, 3.114984729230919e-23, nan 
-19.625, 58.375, 2.6178754302712872e-23, nan 
-19.375, 58.375, 1.2780994720909815e-23, nan 
-19.125, 58.375, 2.3725491046370042e-23, nan 
-18.875, 58.375, 6.375373092814766e-23, nan 
-18.625, 58.375, 7.247998917528462e-23, nan 
-18.375, 58.375, 5.456710872321584e-23, nan 
-18.125, 58.375, 3.5976324884895307e-23, nan 
-17.875, 58.375, 3.121056932791834e-23, nan 
-17.625, 58.375, 3.24598978983983e-23, nan 
-17.375, 58.375, 2.4729061580558532e-23, nan 
-17.125, 58.375, 1.9277698670873726e-23, nan 
-16.875, 58.375, 5.421632565250317e-23, nan 
-16.625, 58.375, 6.972970150706741e-23, nan 
-16.375, 58.375, 5.605210510601876e-23, nan 
-16.125, 58.375, 3.7221324660150683e-23, nan 
-15.875, 58.375, 7.280414710816899e-23, nan 
-15.625, 58.375, 7.835978261551585e-23, nan 
-15.375, 58.375, 4.908288330720079e-23, nan 
-15.125, 58.375, 6.923143121206347e-23, nan 
-14.875, 58.375, 7.124934142693906e-23, nan 
-14.625, 58.375, 3.446070819137893e-23, nan 
-14.375, 58.375, 3.7732925909894594e-23, nan 
-14.125, 58.375, 3.0106397620916966e-23, nan 
-13.875, 58.375, 2.4844868393737897e-23, nan 
-13.625, 58.375, 3.107536692718894e-23, nan 
-13.375, 58.375, 3.3850333994762207e-23, nan 
-13.125, 58.375, 7.987471328978888e-24, nan 
-12.875, 58.375, 1.7150993314629126e-23, nan 
-12.625, 58.375, 2.5840958795047802e-23, nan 
-12.375, 58.375, 2.828247421588793e-23, nan 
-12.125, 58.375, 3.137266297200673e-23, nan 
-11.875, 58.375, 5.660920825474633e-23, nan 
-11.625, 58.375, 5.1788147955075717e-23, nan 
-11.375, 58.375, 2.725451324731281e-23, nan 
-11.125, 58.375, 3.224229740136805e-23, nan 
-10.875, 58.375, 2.447033705286366e-23, nan 
-10.625, 58.375, 2.912028304826872e-23, nan 
-10.375, 58.375, 4.179875966751451e-23, nan 
-10.125, 58.375, 4.7244703924989586e-23, nan 
-9.875, 58.375, 4.3869673990092216e-23, nan 
-9.625, 58.375, 3.688858829204531e-23, nan 
-9.375, 58.375, 3.5658489319633065e-23, nan 
-9.125, 58.375, 4.0320807848986254e-23, nan 
-8.875, 58.375, 6.44132614812052e-23, nan 
-8.625, 58.375, 3.4366482195411756e-23, nan 
-8.375, 58.375, 2.2271946066680085e-23, nan 
-8.125, 58.375, 3.5039224939987434e-23, nan 
-7.875, 58.375, 4.2081480147024446e-23, nan 
-7.625, 58.375, 3.584459823910001e-23, nan 
-7.375, 58.375, 2.290856991295446e-23, nan 
-7.125, 58.375, 1.70220562903901e-23, nan 
-6.875, 58.375, 1.6254242187566164e-23, nan 
-6.625, 58.375, 3.919151475591446e-23, nan 
-6.375, 58.375, 3.834639911923492e-23, nan 
-6.125, 58.375, 2.665340623387171e-23, nan 
-5.875, 58.375, 3.5322659253203295e-23, nan 
-5.625, 58.375, 2.3679125880968752e-23, nan 
-5.375, 58.375, 2.7368305190203694e-23, nan 
-5.125, 58.375, 2.1941607599948205e-23, nan 
-4.875, 58.375, 1.5190157059969117e-23, nan 
-4.625, 58.375, 5.424718563807086e-23, nan 
-4.375, 58.375, 6.682939303875908e-23, nan 
-4.125, 58.375, 4.7033150751649536e-23, nan 
-3.875, 58.375, 2.7039852701044396e-23, nan 
-3.625, 58.375, 2.104835900354078e-23, nan 
-3.375, 58.375, 2.8677609552492333e-23, nan 
-3.125, 58.375, 2.1681463247639684e-23, nan 
-2.875, 58.375, 1.7975606805782746e-23, nan 
-2.625, 58.375, 2.2312091064038453e-23, nan 
-2.375, 58.375, 2.695823844698309e-23, nan 
-2.125, 58.375, 1.564232624616497e-23, nan 
-1.875, 58.375, 4.204402023057059e-24, nan 
-1.625, 58.375, 1.601751879336526e-23, nan 
-1.375, 58.375, 1.605669119094377e-23, nan 
-1.125, 58.375, 4.002924531629545e-23, nan 
-0.875, 58.375, 4.100935310075833e-23, nan 
-0.625, 58.375, 3.015227177811258e-23, nan 
-0.375, 58.375, 1.366756307399736e-23, nan 
-0.125, 58.375, 3.5282853542096034e-23, nan 
0.125, 58.375, 3.702870659042575e-23, nan 
0.375, 58.375, 1.3037529535817116e-23, nan 
0.625, 58.375, 1.9824402209309343e-23, nan 
0.875, 58.375, 7.825846620187364e-23, nan 
1.125, 58.375, 1.0694988828433938e-22, nan 
1.375, 58.375, 7.455039729570903e-23, nan 
1.625, 58.375, 3.030735634992441e-23, nan 
1.875, 58.375, 2.6663324734111496e-23, nan 
2.125, 58.375, 2.4102032695607124e-23, nan 
2.375, 58.375, 2.4408028594815144e-23, nan 
2.625, 58.375, 3.892409411103901e-23, nan 
2.875, 58.375, 3.4675082891259973e-23, nan 
3.125, 58.375, 1.7320074178033118e-23, nan 
3.375, 58.375, 7.213269208831024e-24, nan 
3.625, 58.375, 1.2412900507245859e-23, nan 
3.875, 58.375, 1.130552760699427e-23, nan 
4.125, 58.375, 1.2312625403265643e-23, nan 
4.375, 58.375, 1.689720867661354e-23, nan 
4.625, 58.375, 1.920622197909882e-23, nan 
4.875, 58.375, 1.104783294859676e-23, nan 
5.125, 58.375, 1.4753756074088028e-23, nan 
5.375, 58.375, 1.625952951763442e-23, nan 
5.625, 58.375, 2.1246106022879295e-23, nan 
5.875, 58.375, 2.2656343791697583e-23, nan 
6.125, 58.375, 1.4146505798759013e-23, nan 
6.375, 58.375, 9.713199260532784e-24, nan 
6.625, 58.375, 1.0595320902064245e-23, nan 
6.875, 58.375, 2.2559357332093936e-23, nan 
7.125, 58.375, 1.5506370262561496e-23, nan 
7.375, 58.375, 1.727374452236094e-23, nan 
7.625, 58.375, 1.6799590974587824e-23, nan 
7.875, 58.375, 1.3147761219063366e-23, nan 
8.125, 58.375, 1.5397741205859024e-23, nan 
8.375, 58.375, 1.5965969913420328e-23, nan 
8.625, 58.375, 2.8321199755464865e-23, nan 
8.875, 58.375, 8.36487637435539e-23, nan 
9.125, 58.375, 1.6635729351984953e-22, nan 
9.375, 58.375, 1.5034989158232156e-22, nan 
9.625, 58.375, 5.316664872491157e-23, nan 
9.875, 58.375, 5.626452093073438e-23, nan 
10.125, 58.375, 7.907077595143551e-23, nan 
10.375, 58.375, 6.706796019079926e-23, nan 
10.625, 58.375, 3.3129386830363955e-23, nan 
10.875, 58.375, 7.121643561881045e-23, nan 
11.125, 58.375, 9.613867398006229e-23, nan 
11.375, 58.375, 8.356984262644007e-23, nan 
11.625, 58.375, 5.034393697646141e-23, nan 
11.875, 58.375, 4.3671596386737934e-23, nan 
12.125, 58.375, 3.789669518421556e-23, nan 
12.375, 58.375, 1.1527017430158412e-23, nan 
12.625, 58.375, 1.1583498879481057e-23, nan 
12.875, 58.375, 1.832416776661602e-23, nan 
13.125, 58.375, 1.538849026347562e-23, nan 
13.375, 58.375, 2.67498647038411e-23, nan 
13.625, 58.375, 2.2803497337953355e-23, nan 
13.875, 58.375, 1.356697456982726e-23, nan 
14.125, 58.375, 2.1346530069493535e-23, nan 
14.375, 58.375, 1.9614758309438814e-23, nan 
14.625, 58.375, 9.729301938682002e-24, nan 
14.875, 58.375, 9.843954105670145e-24, nan 
15.125, 58.375, 1.2728606521096645e-23, nan 
15.375, 58.375, 1.4075354946748808e-23, nan 
15.625, 58.375, 1.8387960469265192e-23, nan 
15.875, 58.375, 1.7636234615397544e-23, nan 
16.125, 58.375, 1.0932822506764562e-23, nan 
16.375, 58.375, 9.07841596654384e-24, nan 
16.625, 58.375, 1.2936006920099514e-23, nan 
16.875, 58.375, 1.4554791484052643e-23, nan 
17.125, 58.375, 1.0729112480726643e-23, nan 
17.375, 58.375, 1.2094324503071134e-23, nan 
17.625, 58.375, 1.6053436313534884e-23, nan 
17.875, 58.375, 1.8549167655395508e-23, nan 
18.125, 58.375, 2.719180528636922e-23, nan 
18.375, 58.375, 1.6430521411042157e-23, nan 
18.625, 58.375, 3.376890440544658e-23, nan 
18.875, 58.375, 2.2513299987585502e-23, nan 
19.125, 58.375, 1.0955670135352951e-23, nan 
19.375, 58.375, 1.6653955323760427e-23, nan 
19.625, 58.375, 2.3702652843126897e-23, nan 
19.875, 58.375, 2.1106955447914938e-23, nan 
20.125, 58.375, 1.5438875236269607e-23, nan 
20.375, 58.375, 1.0072901868620742e-23, nan 
20.625, 58.375, 2.470132999610735e-23, nan 
20.875, 58.375, 6.615466673732512e-24, nan 
21.125, 58.375, 1.3079163439090328e-23, nan 
21.375, 58.375, 3.625112632542059e-24, nan 
21.625, 58.375, 5.4850747790399824e-24, nan 
21.875, 58.375, 6.495005669792255e-24, nan 
22.125, 58.375, 7.757120283406122e-24, nan 
22.375, 58.375, 8.544845250411029e-24, nan 
22.625, 58.375, 9.086779604575245e-24, nan 
22.875, 58.375, 6.0859313063729815e-24, nan 
23.125, 58.375, 6.849505906579522e-24, nan 
23.375, 58.375, 8.483684625022104e-24, nan 
23.625, 58.375, 7.553663675102011e-24, nan 
23.875, 58.375, 5.7976313815580874e-24, nan 
24.125, 58.375, 6.913483006300801e-24, nan 
24.375, 58.375, 1.0515950566693803e-23, nan 
24.625, 58.375, 1.655554805514743e-23, nan 
24.875, 58.375, 1.3769868014057998e-23, nan 
25.125, 58.375, 1.5986773752356595e-23, nan 
25.375, 58.375, 3.395099541902362e-23, nan 
25.625, 58.375, 3.828342626513654e-23, nan 
25.875, 58.375, 2.978045806560363e-23, nan 
26.125, 58.375, 2.729064681757951e-23, nan 
-97.125, 58.625, 1.2117461254945738e-23, nan 
-96.875, 58.625, 1.2988703602268205e-23, nan 
-96.625, 58.625, 9.980041993134657e-24, nan 
-96.375, 58.625, 7.767058176784914e-24, nan 
-96.125, 58.625, 9.339244446624049e-24, nan 
-95.875, 58.625, 1.1441406487062435e-23, nan 
-95.625, 58.625, 1.6455199064395312e-23, nan 
-95.375, 58.625, 1.7329876262993682e-23, nan 
-95.125, 58.625, 2.0505335720677238e-23, nan 
-94.875, 58.625, 1.374167503158674e-23, nan 
-94.625, 58.625, 2.4181276000078922e-23, nan 
-94.375, 58.625, 2.243340782857117e-23, nan 
-94.125, 58.625, 2.2305671185723516e-23, nan 
-93.875, 58.625, 2.3117919672197038e-23, nan 
-93.625, 58.625, 1.9263734889269295e-23, nan 
-93.375, 58.625, 2.0533405877006082e-23, nan 
-93.125, 58.625, 2.1362454202102002e-23, nan 
-92.875, 58.625, 1.3528012218465917e-23, nan 
-92.625, 58.625, 1.7947473122548027e-23, nan 
-92.375, 58.625, 1.658814603595522e-23, nan 
-92.125, 58.625, 1.8591805879720652e-23, nan 
-91.875, 58.625, 1.8493880114470317e-23, nan 
-91.625, 58.625, 1.649363250469597e-23, nan 
-91.375, 58.625, 2.0151849189350405e-23, nan 
-91.125, 58.625, 1.729115995812637e-23, nan 
-90.875, 58.625, 1.3931996411245276e-23, nan 
-90.625, 58.625, 1.645149495172237e-23, nan 
-90.375, 58.625, 1.6997888101834783e-23, nan 
-90.125, 58.625, 1.788551859017794e-23, nan 
-89.875, 58.625, 2.230825547081133e-23, nan 
-89.625, 58.625, 2.2718995116992123e-23, nan 
-89.375, 58.625, 2.26440024483293e-23, nan 
-89.125, 58.625, 2.4304378339125458e-23, nan 
-88.875, 58.625, 1.9103032824260304e-23, nan 
-88.625, 58.625, 1.9883039105960414e-23, nan 
-88.375, 58.625, 2.5226909969473338e-23, nan 
-88.125, 58.625, 2.371288489833977e-23, nan 
-87.875, 58.625, 1.6128800979706418e-23, nan 
-87.625, 58.625, 1.2911444129457963e-23, nan 
-87.375, 58.625, 1.2115479554054662e-23, nan 
-87.125, 58.625, 1.304252322852697e-23, nan 
-86.875, 58.625, 1.2900977979331737e-23, nan 
-86.625, 58.625, 1.3953937163480098e-23, nan 
-86.375, 58.625, 1.2969165197340933e-23, nan 
-86.125, 58.625, 8.860886184758027e-24, nan 
-85.875, 58.625, 5.677725200473885e-24, nan 
-85.625, 58.625, 7.150183714311377e-24, nan 
-85.375, 58.625, 7.870144148309102e-24, nan 
-85.125, 58.625, 9.197529519958849e-24, nan 
-84.875, 58.625, 7.702899850671098e-24, nan 
-84.625, 58.625, 7.471224370100351e-24, nan 
-84.375, 58.625, 8.52517240015639e-24, nan 
-84.125, 58.625, 8.43029441901347e-24, nan 
-83.875, 58.625, 7.598078392525081e-24, nan 
-83.625, 58.625, 1.174842142553449e-23, nan 
-83.375, 58.625, 1.2728438002828267e-23, nan 
-83.125, 58.625, 9.497730826309884e-24, nan 
-82.875, 58.625, 6.887925390170593e-24, nan 
-82.625, 58.625, 8.119539259870294e-24, nan 
-82.375, 58.625, 7.696353590221152e-24, nan 
-82.125, 58.625, 7.356440516547187e-24, nan 
-81.875, 58.625, 8.281573574305524e-24, nan 
-81.625, 58.625, 7.138009708551084e-24, nan 
-81.375, 58.625, 7.311606273562539e-24, nan 
-81.125, 58.625, 7.421731947830366e-24, nan 
-80.875, 58.625, 7.181215699426882e-24, nan 
-80.625, 58.625, 3.2035570665866986e-24, nan 
-80.375, 58.625, 2.7565040804946435e-24, nan 
-80.125, 58.625, 6.627433120791428e-24, nan 
-79.875, 58.625, 9.228018751354894e-24, nan 
-79.625, 58.625, 1.1223051605709476e-23, nan 
-79.375, 58.625, 1.7294079075920488e-23, nan 
-79.125, 58.625, 1.7821782836988146e-23, nan 
-78.875, 58.625, 7.424002624830175e-24, nan 
-78.625, 58.625, 4.5204115519265025e-24, nan 
-78.375, 58.625, 6.382353536577547e-24, nan 
-78.125, 58.625, 8.714751126231452e-24, nan 
-77.875, 58.625, 1.1683861466269664e-23, nan 
-77.625, 58.625, 1.1184233972707114e-23, nan 
-77.375, 58.625, 1.0213956804118522e-23, nan 
-77.125, 58.625, 1.3870981915958085e-23, nan 
-76.875, 58.625, 1.1205703541456555e-23, nan 
-76.625, 58.625, 1.441527650189106e-23, nan 
-76.375, 58.625, 1.4174842423360588e-23, nan 
-76.125, 58.625, 1.0448161732099325e-23, nan 
-75.875, 58.625, 9.304656225009026e-24, nan 
-75.625, 58.625, 9.949489636210079e-24, nan 
-75.375, 58.625, 8.063587378989362e-24, nan 
-75.125, 58.625, 9.062128409846371e-24, nan 
-74.875, 58.625, 8.712120147661426e-24, nan 
-74.625, 58.625, 6.053218400470459e-24, nan 
-74.375, 58.625, 5.729644166398821e-24, nan 
-74.125, 58.625, 6.41592426726179e-24, nan 
-73.875, 58.625, 6.732790977307567e-24, nan 
-73.625, 58.625, 7.011586606539719e-24, nan 
-73.375, 58.625, 6.929725367512473e-24, nan 
-73.125, 58.625, 1.2686276163629199e-23, nan 
-72.875, 58.625, 1.4466992731659312e-23, nan 
-72.625, 58.625, 1.2715753745201248e-23, nan 
-72.375, 58.625, 1.3145130292853945e-23, nan 
-72.125, 58.625, 1.3057866012778696e-23, nan 
-71.875, 58.625, 1.2233815368236829e-23, nan 
-71.625, 58.625, 1.066506119170427e-23, nan 
-71.375, 58.625, 1.155345565063668e-23, nan 
-71.125, 58.625, 8.157077765409687e-24, nan 
-70.875, 58.625, 8.563592440593955e-24, nan 
-70.625, 58.625, 8.122465878220105e-24, nan 
-70.375, 58.625, 1.0768844928526797e-23, nan 
-70.125, 58.625, 1.502955197810886e-23, nan 
-69.875, 58.625, 1.3819283091244533e-23, nan 
-69.625, 58.625, 1.2675802771812324e-23, nan 
-69.375, 58.625, 1.789780996663746e-23, nan 
-69.125, 58.625, 1.7764175734180064e-23, nan 
-68.875, 58.625, 6.235853506446417e-24, nan 
-68.625, 58.625, 5.281755698020003e-24, nan 
-68.375, 58.625, 1.2299916310168243e-23, nan 
-68.125, 58.625, 1.4303939741771046e-23, nan 
-67.875, 58.625, 1.2520414495840495e-23, nan 
-67.625, 58.625, 1.2516874777295731e-23, nan 
-67.375, 58.625, 9.710251871805763e-24, nan 
-67.125, 58.625, 1.1253208373516211e-23, nan 
-66.875, 58.625, 1.0339834239083864e-23, nan 
-66.625, 58.625, 1.328399382664668e-23, nan 
-66.375, 58.625, 1.7880971193677835e-23, nan 
-66.125, 58.625, 1.8470986331233542e-23, nan 
-65.875, 58.625, 1.6565046647632153e-23, nan 
-65.625, 58.625, 1.3596003562622782e-23, nan 
-65.375, 58.625, 1.9796289257705334e-23, nan 
-65.125, 58.625, 2.0284100231603553e-23, nan 
-64.875, 58.625, 3.0223064541371795e-23, nan 
-64.625, 58.625, 2.9177701260789613e-23, nan 
-64.375, 58.625, 1.6648889911854183e-23, nan 
-64.125, 58.625, 1.5139747453374085e-23, nan 
-63.875, 58.625, 1.5342130074914168e-23, nan 
-63.625, 58.625, 9.011469884176664e-24, nan 
-63.375, 58.625, 1.6636570104615473e-23, nan 
-63.125, 58.625, 1.7899952634031395e-23, nan 
-62.875, 58.625, 2.27299721917968e-23, nan 
-62.625, 58.625, 2.529689941247411e-23, nan 
-62.375, 58.625, 1.7393062317235445e-23, nan 
-62.125, 58.625, 1.5470653800909016e-23, nan 
-61.875, 58.625, 2.185042311022167e-23, nan 
-61.625, 58.625, 2.0656606713206824e-23, nan 
-61.375, 58.625, 2.0045210257924858e-23, nan 
-61.125, 58.625, 1.782990127863449e-23, nan 
-60.875, 58.625, 2.108426237336004e-23, nan 
-60.625, 58.625, 2.5229266569358158e-23, nan 
-60.375, 58.625, 2.2812991750226594e-23, nan 
-60.125, 58.625, 3.7395112053715117e-23, nan 
-59.875, 58.625, 4.1283430124516494e-23, nan 
-59.625, 58.625, 1.5388683970289242e-23, nan 
-59.375, 58.625, 9.343433967450668e-24, nan 
-59.125, 58.625, 1.609573479096722e-23, nan 
-58.875, 58.625, 1.9480596752028576e-23, nan 
-58.625, 58.625, 2.0821576804593448e-23, nan 
-58.375, 58.625, 1.640272845492511e-23, nan 
-58.125, 58.625, 6.5732358290391995e-24, nan 
-57.875, 58.625, 1.1594973527216297e-23, nan 
-57.625, 58.625, 2.1130376854467525e-23, nan 
-57.375, 58.625, 2.0354127673184396e-23, nan 
-57.125, 58.625, 1.7439663496537214e-23, nan 
-56.875, 58.625, 1.816402497992967e-23, nan 
-56.625, 58.625, 2.162063737330716e-23, nan 
-56.375, 58.625, 4.028185257638496e-23, nan 
-56.125, 58.625, 3.707448980561875e-23, nan 
-55.875, 58.625, 1.3753771514402024e-23, nan 
-55.625, 58.625, 1.4951537881705732e-23, nan 
-55.375, 58.625, 2.9977775335892144e-23, nan 
-55.125, 58.625, 2.811851549616748e-23, nan 
-54.875, 58.625, 2.3304688741628947e-23, nan 
-54.625, 58.625, 2.193297913579052e-23, nan 
-54.375, 58.625, 1.79576300395878e-23, nan 
-54.125, 58.625, 1.4430062995261955e-23, nan 
-53.875, 58.625, 1.4636547751265245e-23, nan 
-53.625, 58.625, 1.522185317189031e-23, nan 
-53.375, 58.625, 1.0919677774899168e-23, nan 
-53.125, 58.625, 1.1915298058883266e-23, nan 
-52.875, 58.625, 8.498177697315593e-24, nan 
-52.625, 58.625, 1.1441812091815757e-23, nan 
-52.375, 58.625, 2.2653589923239915e-23, nan 
-52.125, 58.625, 2.5936351686401205e-23, nan 
-51.875, 58.625, 1.6216990895064778e-23, nan 
-51.625, 58.625, 1.2717537255243806e-23, nan 
-51.375, 58.625, 2.701600309499017e-23, nan 
-51.125, 58.625, 2.5218335094111213e-23, nan 
-50.875, 58.625, 2.5595866909892673e-23, nan 
-50.625, 58.625, 2.276661577831728e-23, nan 
-50.375, 58.625, 1.1520050082520592e-23, nan 
-50.125, 58.625, 8.8507270246028e-24, nan 
-49.875, 58.625, 1.0917244580998538e-23, nan 
-49.625, 58.625, 3.219417942111571e-23, nan 
-49.375, 58.625, 2.6806371619421775e-23, nan 
-49.125, 58.625, 1.433890191232092e-23, nan 
-48.875, 58.625, 2.0485172150651304e-23, nan 
-48.625, 58.625, 3.3256725459296267e-23, nan 
-48.375, 58.625, 3.4867085930160905e-23, nan 
-48.125, 58.625, 2.994323645424581e-23, nan 
-47.875, 58.625, 2.2220443827129e-23, nan 
-47.625, 58.625, 2.147624304004187e-23, nan 
-47.375, 58.625, 2.3570049628419886e-23, nan 
-47.125, 58.625, 2.2681356465988157e-23, nan 
-46.875, 58.625, 1.8763378720350936e-23, nan 
-46.625, 58.625, 2.3879964460868267e-23, nan 
-46.375, 58.625, 3.48097763290867e-23, nan 
-46.125, 58.625, 3.6650503545848437e-23, nan 
-45.875, 58.625, 1.971604314257357e-23, nan 
-45.625, 58.625, 1.8961921818311117e-23, nan 
-45.375, 58.625, 2.1649970838109878e-23, nan 
-45.125, 58.625, 1.979806530183763e-23, nan 
-44.875, 58.625, 1.9942732771705597e-23, nan 
-44.625, 58.625, 1.3134944843561186e-23, nan 
-44.375, 58.625, 2.8668893664245567e-23, nan 
-44.125, 58.625, 3.966581812032213e-23, nan 
-43.875, 58.625, 3.118089680557136e-23, nan 
-43.625, 58.625, 3.043858173075919e-23, nan 
-43.375, 58.625, 3.927784571524374e-23, nan 
-43.125, 58.625, 9.747279296147258e-23, nan 
-42.875, 58.625, 1.4856412372458908e-22, nan 
-42.625, 58.625, 1.3548614481848816e-22, nan 
-42.375, 58.625, 1.0227842206251558e-22, nan 
-42.125, 58.625, 3.347610989702604e-23, nan 
-41.875, 58.625, 2.663481438372585e-23, nan 
-41.625, 58.625, 2.0720850958057695e-23, nan 
-41.375, 58.625, 1.887763605018421e-23, nan 
-41.125, 58.625, 1.40319058335721e-23, nan 
-40.875, 58.625, 1.6840152609644317e-23, nan 
-40.625, 58.625, 1.6077486819400865e-23, nan 
-40.375, 58.625, 1.4383807484357654e-23, nan 
-40.125, 58.625, 2.894262891626463e-23, nan 
-39.875, 58.625, 2.971695415501456e-23, nan 
-39.625, 58.625, 2.0834199351951048e-23, nan 
-39.375, 58.625, 2.1707558369738638e-23, nan 
-39.125, 58.625, 1.089688348910486e-23, nan 
-38.875, 58.625, 2.5878322280029764e-23, nan 
-38.625, 58.625, 2.4127064433004528e-23, nan 
-38.375, 58.625, 1.3536713261400872e-23, nan 
-38.125, 58.625, 1.6494884122570718e-23, nan 
-37.875, 58.625, 1.798236974200098e-23, nan 
-37.625, 58.625, 1.806178233835743e-23, nan 
-37.375, 58.625, 2.0848853838666943e-23, nan 
-37.125, 58.625, 1.3159098728123722e-23, nan 
-36.875, 58.625, 6.56031676833023e-24, nan 
-36.625, 58.625, 2.81035504449719e-23, nan 
-36.375, 58.625, 3.4306200395888227e-23, nan 
-36.125, 58.625, 2.649723364058563e-23, nan 
-35.875, 58.625, 2.121461916208053e-23, nan 
-35.625, 58.625, 2.276598308228419e-23, nan 
-35.375, 58.625, 3.7709429146767183e-23, nan 
-35.125, 58.625, 3.7126032763320555e-23, nan 
-34.875, 58.625, 2.313057989087515e-23, nan 
-34.625, 58.625, 1.588105618828897e-23, nan 
-34.375, 58.625, 7.428001637388703e-24, nan 
-34.125, 58.625, 8.836946502771688e-24, nan 
-33.875, 58.625, 1.4043876063638236e-23, nan 
-33.625, 58.625, 6.6666799004057e-23, nan 
-33.375, 58.625, 7.822539159223594e-23, nan 
-33.125, 58.625, 3.9248977339291485e-23, nan 
-32.875, 58.625, 3.071015360079708e-23, nan 
-32.625, 58.625, 4.2863259271432067e-23, nan 
-32.375, 58.625, 2.86107971761682e-23, nan 
-32.125, 58.625, 1.3397304199394873e-23, nan 
-31.875, 58.625, 1.6949208418548736e-23, nan 
-31.625, 58.625, 1.7256293465377773e-23, nan 
-31.375, 58.625, 1.669659620589241e-23, nan 
-31.125, 58.625, 3.4500430934265145e-23, nan 
-30.875, 58.625, 5.400265824241605e-23, nan 
-30.625, 58.625, 3.7735919333138175e-23, nan 
-30.375, 58.625, 3.3024532860363506e-23, nan 
-30.125, 58.625, 3.9539113843254673e-23, nan 
-29.875, 58.625, 8.296965606530585e-23, nan 
-29.625, 58.625, 1.5718545442610274e-22, nan 
-29.375, 58.625, 9.211324268194459e-23, nan 
-29.125, 58.625, 8.648976828927166e-23, nan 
-28.875, 58.625, 1.4500799194267395e-22, nan 
-28.625, 58.625, 2.6035271662438097e-22, nan 
-28.375, 58.625, 2.387267658303127e-22, nan 
-28.125, 58.625, 1.7969145108897784e-22, nan 
-27.875, 58.625, 7.664883330721934e-23, nan 
-27.625, 58.625, 7.803853820918201e-23, nan 
-27.375, 58.625, 6.640517247206061e-23, nan 
-27.125, 58.625, 5.748053579697551e-23, nan 
-26.875, 58.625, 6.327524595114067e-23, nan 
-26.625, 58.625, 6.277502495261865e-23, nan 
-26.375, 58.625, 6.00936676459261e-23, nan 
-26.125, 58.625, 6.618566767824569e-23, nan 
-25.875, 58.625, 4.484156476647385e-23, nan 
-25.625, 58.625, 4.7308609323165015e-23, nan 
-25.375, 58.625, 4.483751232223298e-23, nan 
-25.125, 58.625, 3.543831517991448e-23, nan 
-24.875, 58.625, 2.4954952536862058e-23, nan 
-24.625, 58.625, 5.303619558870902e-23, nan 
-24.375, 58.625, 7.575079105476875e-23, nan 
-24.125, 58.625, 8.308613039277332e-23, nan 
-23.875, 58.625, 1.024048807521708e-22, nan 
-23.625, 58.625, 1.0091368587760492e-22, nan 
-23.375, 58.625, 5.904591441706429e-23, nan 
-23.125, 58.625, 4.5818388730875885e-23, nan 
-22.875, 58.625, 4.9067143410238326e-23, nan 
-22.625, 58.625, 4.068501319367758e-23, nan 
-22.375, 58.625, 5.505919775735019e-23, nan 
-22.125, 58.625, 5.602183084073812e-23, nan 
-21.875, 58.625, 5.406350675747103e-23, nan 
-21.625, 58.625, 6.032113372043653e-23, nan 
-21.375, 58.625, 9.525375882955688e-23, nan 
-21.125, 58.625, 2.1166084719906244e-22, nan 
-20.875, 58.625, 1.7066400279170386e-22, nan 
-20.625, 58.625, 3.912485892798035e-23, nan 
-20.375, 58.625, 2.457127277520413e-23, nan 
-20.125, 58.625, 3.259932414311496e-23, nan 
-19.875, 58.625, 1.630096768178735e-23, nan 
-19.625, 58.625, 1.8726489805924907e-23, nan 
-19.375, 58.625, 1.7757024372202562e-23, nan 
-19.125, 58.625, 1.8940627219494036e-23, nan 
-18.875, 58.625, 5.696953876254888e-23, nan 
-18.625, 58.625, 6.506830966169604e-23, nan 
-18.375, 58.625, 4.0232687313137745e-23, nan 
-18.125, 58.625, 2.6528843071735184e-23, nan 
-17.875, 58.625, 2.2681670827518535e-23, nan 
-17.625, 58.625, 1.8717642450422888e-23, nan 
-17.375, 58.625, 1.539026569015312e-23, nan 
-17.125, 58.625, 1.8275525579081546e-23, nan 
-16.875, 58.625, 4.563541311242726e-23, nan 
-16.625, 58.625, 4.1819235367606406e-23, nan 
-16.375, 58.625, 1.8418764024593392e-23, nan 
-16.125, 58.625, 2.54693786545839e-23, nan 
-15.875, 58.625, 4.3464508152588314e-23, nan 
-15.625, 58.625, 2.4970525740579203e-23, nan 
-15.375, 58.625, 3.621968719633706e-23, nan 
-15.125, 58.625, 6.111726842808156e-23, nan 
-14.875, 58.625, 5.887105048627539e-23, nan 
-14.625, 58.625, 3.2160194869616534e-23, nan 
-14.375, 58.625, 2.4118959399542275e-23, nan 
-14.125, 58.625, 3.2051952412629064e-23, nan 
-13.875, 58.625, 3.098802487328015e-23, nan 
-13.625, 58.625, 2.796499283412636e-23, nan 
-13.375, 58.625, 3.374175188046837e-23, nan 
-13.125, 58.625, 2.8152965599057575e-23, nan 
-12.875, 58.625, 1.3132039380611152e-23, nan 
-12.625, 58.625, 2.5992495983299898e-23, nan 
-12.375, 58.625, 5.652104754573771e-23, nan 
-12.125, 58.625, 6.08453985516981e-23, nan 
-11.875, 58.625, 4.3577988246924804e-23, nan 
-11.625, 58.625, 3.403800382128652e-23, nan 
-11.375, 58.625, 3.235260843156648e-23, nan 
-11.125, 58.625, 3.2355338182805613e-23, nan 
-10.875, 58.625, 4.698093128856318e-23, nan 
-10.625, 58.625, 4.3381820663512145e-23, nan 
-10.375, 58.625, 2.4415406329870362e-23, nan 
-10.125, 58.625, 1.1772320746431938e-23, nan 
-9.875, 58.625, 4.7921352531304886e-24, nan 
-9.625, 58.625, 9.350833802657692e-24, nan 
-9.375, 58.625, 4.3410972765428066e-23, nan 
-9.125, 58.625, 8.814531958890583e-23, nan 
-8.875, 58.625, 9.545172480343349e-23, nan 
-8.625, 58.625, 3.1738480813289814e-23, nan 
-8.375, 58.625, 2.1333614478299336e-23, nan 
-8.125, 58.625, 4.6061022269941984e-23, nan 
-7.875, 58.625, 4.402040158433344e-23, nan 
-7.625, 58.625, 5.149687702732022e-23, nan 
-7.375, 58.625, 4.678409254235691e-23, nan 
-7.125, 58.625, 1.4262395014863908e-23, nan 
-6.875, 58.625, 3.549282323669074e-23, nan 
-6.625, 58.625, 4.678731264117888e-23, nan 
-6.375, 58.625, 3.4200854749347574e-23, nan 
-6.125, 58.625, 1.8312498214877802e-23, nan 
-5.875, 58.625, 2.0101179042895267e-23, nan 
-5.625, 58.625, 2.936307132083745e-23, nan 
-5.375, 58.625, 2.610102935701817e-23, nan 
-5.125, 58.625, 1.0075021336248001e-23, nan 
-4.875, 58.625, 3.1693724087914137e-23, nan 
-4.625, 58.625, 3.3450613382066473e-23, nan 
-4.375, 58.625, 3.4224957547153567e-23, nan 
-4.125, 58.625, 3.658093000428628e-23, nan 
-3.875, 58.625, 2.2336294418030702e-23, nan 
-3.625, 58.625, 3.3099320512633325e-23, nan 
-3.375, 58.625, 3.7693826321006677e-23, nan 
-3.125, 58.625, 3.851627448377675e-23, nan 
-2.875, 58.625, 2.7125549892681826e-23, nan 
-2.625, 58.625, 8.153396168406738e-24, nan 
-2.375, 58.625, 1.4779389299256797e-23, nan 
-2.125, 58.625, 3.310953117711633e-23, nan 
-1.875, 58.625, 2.984553300976347e-23, nan 
-1.625, 58.625, 2.6574423674148284e-23, nan 
-1.375, 58.625, 2.784712102801669e-23, nan 
-1.125, 58.625, 5.2539588188424105e-23, nan 
-0.875, 58.625, 5.653416125494276e-23, nan 
-0.625, 58.625, 6.156435540649076e-23, nan 
-0.375, 58.625, 5.896464026493545e-23, nan 
-0.125, 58.625, 4.454150931877392e-23, nan 
0.125, 58.625, 2.83903643432451e-23, nan 
0.375, 58.625, 1.797562244874728e-23, nan 
0.625, 58.625, 2.4498221720118034e-23, nan 
0.875, 58.625, 1.1645021195978857e-22, nan 
1.125, 58.625, 1.1423699079716767e-22, nan 
1.375, 58.625, 3.784257419816101e-23, nan 
1.625, 58.625, 3.830040307734565e-23, nan 
1.875, 58.625, 3.5369173159750135e-23, nan 
2.125, 58.625, 2.654459770473688e-23, nan 
2.375, 58.625, 1.1256089662019892e-23, nan 
2.625, 58.625, 6.50633188285763e-24, nan 
2.875, 58.625, 1.1142050128136055e-23, nan 
3.125, 58.625, 4.82121196503413e-24, nan 
3.375, 58.625, 9.798303161401914e-24, nan 
3.625, 58.625, 5.5012606542045635e-24, nan 
3.875, 58.625, 1.4354450201961287e-23, nan 
4.125, 58.625, 5.9487422403898156e-24, nan 
4.375, 58.625, 8.471847787851165e-24, nan 
4.625, 58.625, 1.6959507537582042e-23, nan 
4.875, 58.625, 2.0128343346407364e-23, nan 
5.125, 58.625, 1.7402158750532893e-23, nan 
5.375, 58.625, 1.3268037274491815e-23, nan 
5.625, 58.625, 1.4725173776309067e-23, nan 
5.875, 58.625, 1.655191699234572e-23, nan 
6.125, 58.625, 1.3499607555309743e-23, nan 
6.375, 58.625, 1.4111369317758862e-23, nan 
6.625, 58.625, 8.38713088740859e-24, nan 
6.875, 58.625, 1.516890664173747e-23, nan 
7.125, 58.625, 2.9698445095718694e-23, nan 
7.375, 58.625, 3.757671692980433e-23, nan 
7.625, 58.625, 2.051048206587352e-23, nan 
7.875, 58.625, 3.436987442560864e-23, nan 
8.125, 58.625, 3.841481605081e-23, nan 
8.375, 58.625, 3.1357237427144197e-23, nan 
8.625, 58.625, 4.8253568249176594e-23, nan 
8.875, 58.625, 1.233803978761517e-22, nan 
9.125, 58.625, 1.4525718839866845e-22, nan 
9.375, 58.625, 3.857407516190187e-23, nan 
9.625, 58.625, 6.430548548726007e-23, nan 
9.875, 58.625, 9.095921494869452e-23, nan 
10.125, 58.625, 7.600208836940223e-23, nan 
10.375, 58.625, 3.92939667799805e-23, nan 
10.625, 58.625, 5.319073143891618e-23, nan 
10.875, 58.625, 6.672675497754407e-23, nan 
11.125, 58.625, 6.853102078151352e-23, nan 
11.375, 58.625, 5.275592409223656e-23, nan 
11.625, 58.625, 3.649032251168738e-23, nan 
11.875, 58.625, 3.274661712574984e-23, nan 
12.125, 58.625, 2.686603332339558e-23, nan 
12.375, 58.625, 1.8738004660487854e-23, nan 
12.625, 58.625, 2.0636973162412444e-23, nan 
12.875, 58.625, 2.6343368565624643e-23, nan 
13.125, 58.625, 1.7400207116148904e-23, nan 
13.375, 58.625, 2.4129125998749112e-23, nan 
13.625, 58.625, 4.312952750557254e-23, nan 
13.875, 58.625, 3.273287063160704e-23, nan 
14.125, 58.625, 2.247872932848459e-23, nan 
14.375, 58.625, 2.1042037039699506e-23, nan 
14.625, 58.625, 1.7056177729295475e-23, nan 
14.875, 58.625, 1.5531043237533137e-23, nan 
15.125, 58.625, 8.385815117195205e-24, nan 
15.375, 58.625, 2.218151787168342e-23, nan 
15.625, 58.625, 2.5136567376832384e-23, nan 
15.875, 58.625, 1.520067896109857e-23, nan 
16.125, 58.625, 6.572853454732731e-24, nan 
16.375, 58.625, 9.685555353642298e-24, nan 
16.625, 58.625, 1.6495995375639093e-23, nan 
16.875, 58.625, 1.6453391238471538e-23, nan 
17.125, 58.625, 1.3494276594737003e-23, nan 
17.375, 58.625, 1.1862586437973155e-23, nan 
17.625, 58.625, 1.0570259848733279e-23, nan 
17.875, 58.625, 2.3375189840504893e-23, nan 
18.125, 58.625, 3.1651638749156465e-23, nan 
18.375, 58.625, 3.197718024750046e-23, nan 
18.625, 58.625, 2.8957499113279274e-23, nan 
18.875, 58.625, 2.357633868809888e-23, nan 
19.125, 58.625, 2.766922826537816e-23, nan 
19.375, 58.625, 1.1290098127174812e-23, nan 
19.625, 58.625, 1.8444840930228678e-23, nan 
19.875, 58.625, 3.2946481854875523e-23, nan 
20.125, 58.625, 3.506865288013167e-23, nan 
20.375, 58.625, 1.4089188793808352e-23, nan 
20.625, 58.625, 7.330145575794662e-24, nan 
20.875, 58.625, 8.066484379675294e-24, nan 
21.125, 58.625, 2.6763575386709916e-24, nan 
21.375, 58.625, 4.675883745759513e-24, nan 
21.625, 58.625, 5.471690304455393e-24, nan 
21.875, 58.625, 4.889245469430108e-24, nan 
22.125, 58.625, 7.745715571779309e-24, nan 
22.375, 58.625, 7.748789924763015e-24, nan 
22.625, 58.625, 7.973260578010317e-24, nan 
22.875, 58.625, 7.641747009110526e-24, nan 
23.125, 58.625, 1.564340335418157e-23, nan 
23.375, 58.625, 1.4461151691707798e-23, nan 
23.625, 58.625, 4.4517482541543765e-24, nan 
23.875, 58.625, 9.176241551267562e-24, nan 
24.125, 58.625, 1.3463744214720175e-23, nan 
24.375, 58.625, 1.6521674027267792e-23, nan 
24.625, 58.625, 1.818720918826886e-23, nan 
24.875, 58.625, 1.3576154667455974e-23, nan 
25.125, 58.625, 1.532192079550918e-23, nan 
25.375, 58.625, 2.274417393297592e-23, nan 
25.625, 58.625, 3.010330069129495e-23, nan 
25.875, 58.625, 2.910306489742984e-23, nan 
26.125, 58.625, 2.4409925642911683e-23, nan 
26.375, 58.625, 1.8049554943844097e-23, nan 
26.625, 58.625, 1.3821372882983572e-23, nan 
26.875, 58.625, 9.878868934922164e-24, nan 
27.125, 58.625, 9.572930482325016e-24, nan 
-98.375, 58.875, 1.0185998877432448e-23, nan 
-98.125, 58.875, 1.0186841406131717e-23, nan 
-97.875, 58.875, 1.1770131602443328e-23, nan 
-97.625, 58.875, 1.0394144582678946e-23, nan 
-97.375, 58.875, 8.055940385763899e-24, nan 
-97.125, 58.875, 7.562829616590728e-24, nan 
-96.875, 58.875, 1.3212404751201662e-23, nan 
-96.625, 58.875, 1.5907375447051694e-23, nan 
-96.375, 58.875, 1.4054927912188468e-23, nan 
-96.125, 58.875, 1.159014003508651e-23, nan 
-95.875, 58.875, 1.1382215909400507e-23, nan 
-95.625, 58.875, 1.1294218780673288e-23, nan 
-95.375, 58.875, 1.5487090691400816e-23, nan 
-95.125, 58.875, 1.349088789765156e-23, nan 
-94.875, 58.875, 9.993605100446543e-24, nan 
-94.625, 58.875, 1.1966280927939594e-23, nan 
-94.375, 58.875, 1.771961951978082e-23, nan 
-94.125, 58.875, 1.8131828322779024e-23, nan 
-93.875, 58.875, 1.8342947812963322e-23, nan 
-93.625, 58.875, 1.8458354045957835e-23, nan 
-93.375, 58.875, 1.8854453542169054e-23, nan 
-93.125, 58.875, 1.741436857095416e-23, nan 
-92.875, 58.875, 1.2823800279069519e-23, nan 
-92.625, 58.875, 1.6912965347681824e-23, nan 
-92.375, 58.875, 1.7031596584337246e-23, nan 
-92.125, 58.875, 1.8925521142312528e-23, nan 
-91.875, 58.875, 1.9705607693498416e-23, nan 
-91.625, 58.875, 2.1122226044088528e-23, nan 
-91.375, 58.875, 1.7552023610899697e-23, nan 
-91.125, 58.875, 1.704278537616579e-23, nan 
-90.875, 58.875, 1.6787679285201618e-23, nan 
-90.625, 58.875, 1.7368834880206266e-23, nan 
-90.375, 58.875, 2.0278574327939147e-23, nan 
-90.125, 58.875, 2.277765389093295e-23, nan 
-89.875, 58.875, 2.1837159997807087e-23, nan 
-89.625, 58.875, 1.8304596118061062e-23, nan 
-89.375, 58.875, 1.779928825832852e-23, nan 
-89.125, 58.875, 1.6995507705423305e-23, nan 
-88.875, 58.875, 1.9049709669534976e-23, nan 
-88.625, 58.875, 2.077708048896289e-23, nan 
-88.375, 58.875, 1.6732931167348972e-23, nan 
-88.125, 58.875, 9.414795702023989e-24, nan 
-87.875, 58.875, 9.31818700366781e-24, nan 
-87.625, 58.875, 9.167571692082043e-24, nan 
-87.375, 58.875, 8.736536821416449e-24, nan 
-87.125, 58.875, 1.0194926053887988e-23, nan 
-86.875, 58.875, 1.0490486553722788e-23, nan 
-86.625, 58.875, 8.256299388334131e-24, nan 
-86.375, 58.875, 7.958376066854394e-24, nan 
-86.125, 58.875, 6.861691286477503e-24, nan 
-85.875, 58.875, 4.634666558132037e-24, nan 
-85.625, 58.875, 6.70241364227178e-24, nan 
-85.375, 58.875, 1.0041811740761961e-23, nan 
-85.125, 58.875, 1.0435299632253013e-23, nan 
-84.875, 58.875, 1.053500859161361e-23, nan 
-84.625, 58.875, 1.0753471656825077e-23, nan 
-84.375, 58.875, 7.778620057768055e-24, nan 
-84.125, 58.875, 7.167658018808568e-24, nan 
-83.875, 58.875, 9.725377326126667e-24, nan 
-83.625, 58.875, 1.1067482541774741e-23, nan 
-83.375, 58.875, 1.230872152828821e-23, nan 
-83.125, 58.875, 1.1389909549536912e-23, nan 
-82.875, 58.875, 9.71768604266261e-24, nan 
-82.625, 58.875, 9.236621267745347e-24, nan 
-82.375, 58.875, 8.140986358132032e-24, nan 
-82.125, 58.875, 8.118600149625636e-24, nan 
-81.875, 58.875, 7.300617820067907e-24, nan 
-81.625, 58.875, 6.275209061413308e-24, nan 
-81.375, 58.875, 4.599231399373062e-24, nan 
-81.125, 58.875, 4.813478777852444e-24, nan 
-80.875, 58.875, 4.755149603478392e-24, nan 
-80.625, 58.875, 3.481467632288237e-24, nan 
-80.375, 58.875, 3.923919756488722e-24, nan 
-80.125, 58.875, 7.133242107442432e-24, nan 
-79.875, 58.875, 9.39890958121653e-24, nan 
-79.625, 58.875, 9.34781629731016e-24, nan 
-79.375, 58.875, 1.1155528332418746e-23, nan 
-79.125, 58.875, 1.1798001620139727e-23, nan 
-78.875, 58.875, 1.2892639059748558e-23, nan 
-78.625, 58.875, 1.055317855571923e-23, nan 
-78.375, 58.875, 1.7897655556703763e-23, nan 
-78.125, 58.875, 1.7244327642663168e-23, nan 
-77.875, 58.875, 7.52514225078812e-24, nan 
-77.625, 58.875, 1.1490854726535284e-23, nan 
-77.375, 58.875, 1.5083698848570095e-23, nan 
-77.125, 58.875, 1.5218232506677376e-23, nan 
-76.875, 58.875, 1.5743919027019142e-23, nan 
-76.625, 58.875, 1.4387391537822106e-23, nan 
-76.375, 58.875, 1.0187367548201315e-23, nan 
-76.125, 58.875, 1.0022684164351009e-23, nan 
-75.875, 58.875, 9.67895469250807e-24, nan 
-75.625, 58.875, 1.7636852437897585e-23, nan 
-75.375, 58.875, 1.6936546657752476e-23, nan 
-75.125, 58.875, 8.475528365433666e-24, nan 
-74.875, 58.875, 6.148160951591772e-24, nan 
-74.625, 58.875, 6.887754440869188e-24, nan 
-74.375, 58.875, 6.391559242760064e-24, nan 
-74.125, 58.875, 6.5565073478553336e-24, nan 
-73.875, 58.875, 8.556240026624765e-24, nan 
-73.625, 58.875, 7.605962466600127e-24, nan 
-73.375, 58.875, 1.1774380223559752e-23, nan 
-73.125, 58.875, 1.529302977961071e-23, nan 
-72.875, 58.875, 1.416778853673884e-23, nan 
-72.625, 58.875, 1.5833364052871218e-23, nan 
-72.375, 58.875, 1.6876110036060412e-23, nan 
-72.125, 58.875, 1.3085497195523162e-23, nan 
-71.875, 58.875, 1.234021808342563e-23, nan 
-71.625, 58.875, 1.0718779181432073e-23, nan 
-71.375, 58.875, 1.0363725416108057e-23, nan 
-71.125, 58.875, 1.0664530490845506e-23, nan 
-70.875, 58.875, 1.1788058334274213e-23, nan 
-70.625, 58.875, 1.59991507380236e-23, nan 
-70.375, 58.875, 1.860143278003224e-23, nan 
-70.125, 58.875, 1.5931002755847083e-23, nan 
-69.875, 58.875, 1.1136040513035548e-23, nan 
-69.625, 58.875, 1.0065880088731759e-23, nan 
-69.375, 58.875, 8.265480048088219e-24, nan 
-69.125, 58.875, 3.472762471430357e-24, nan 
-68.875, 58.875, 6.74015098989642e-24, nan 
-68.625, 58.875, 1.3277167572638797e-23, nan 
-68.375, 58.875, 2.0141595244375165e-23, nan 
-68.125, 58.875, 2.015339740310526e-23, nan 
-67.875, 58.875, 1.5959352589473612e-23, nan 
-67.625, 58.875, 1.301315688873018e-23, nan 
-67.375, 58.875, 1.0745342010355514e-23, nan 
-67.125, 58.875, 1.8576527780594814e-23, nan 
-66.875, 58.875, 1.8335793644914122e-23, nan 
-66.625, 58.875, 1.9965529724082075e-23, nan 
-66.375, 58.875, 1.9100369204546486e-23, nan 
-66.125, 58.875, 1.683700157078512e-23, nan 
-65.875, 58.875, 1.5546935494189156e-23, nan 
-65.625, 58.875, 1.9655693602008053e-23, nan 
-65.375, 58.875, 2.10506286279636e-23, nan 
-65.125, 58.875, 1.7795702954293352e-23, nan 
-64.875, 58.875, 1.7583652411685433e-23, nan 
-64.625, 58.875, 3.889508091168074e-24, nan 
-64.375, 58.875, 1.5350025908345576e-23, nan 
-64.125, 58.875, 1.7472287945946144e-23, nan 
-63.875, 58.875, 2.5687803420993578e-23, nan 
-63.625, 58.875, 2.5702183946200918e-23, nan 
-63.375, 58.875, 1.4824190343533552e-23, nan 
-63.125, 58.875, 1.0473586788544407e-23, nan 
-62.875, 58.875, 1.5539071222993023e-23, nan 
-62.625, 58.875, 1.0541900375130057e-23, nan 
-62.375, 58.875, 2.3281719316141666e-23, nan 
-62.125, 58.875, 2.4348000050608168e-23, nan 
-61.875, 58.875, 2.0140786457303383e-23, nan 
-61.625, 58.875, 2.4369053411192725e-23, nan 
-61.375, 58.875, 2.2062150365965705e-23, nan 
-61.125, 58.875, 1.4956194348445586e-23, nan 
-60.875, 58.875, 2.6820110413072e-23, nan 
-60.625, 58.875, 2.95951473056208e-23, nan 
-60.375, 58.875, 1.807269878254195e-23, nan 
-60.125, 58.875, 6.238787602835235e-24, nan 
-59.875, 58.875, 3.410636101117629e-23, nan 
-59.625, 58.875, 3.1352406877508194e-23, nan 
-59.375, 58.875, 2.2503684478038637e-23, nan 
-59.125, 58.875, 2.593244409709539e-23, nan 
-58.875, 58.875, 1.778534865750569e-23, nan 
-58.625, 58.875, 1.373383916191494e-23, nan 
-58.375, 58.875, 1.68021311617396e-23, nan 
-58.125, 58.875, 3.0859446636466183e-23, nan 
-57.875, 58.875, 3.252774494627364e-23, nan 
-57.625, 58.875, 3.1025993656811764e-23, nan 
-57.375, 58.875, 3.8904144837003075e-23, nan 
-57.125, 58.875, 3.811678667005966e-23, nan 
-56.875, 58.875, 2.523389533355604e-23, nan 
-56.625, 58.875, 2.1529138023942468e-23, nan 
-56.375, 58.875, 2.5177706866580825e-23, nan 
-56.125, 58.875, 1.8526768740110532e-23, nan 
-55.875, 58.875, 2.2129082031047163e-23, nan 
-55.625, 58.875, 1.983189212961044e-23, nan 
-55.375, 58.875, 2.7023646522213057e-23, nan 
-55.125, 58.875, 2.11611830665161e-23, nan 
-54.875, 58.875, 2.1579004056343423e-23, nan 
-54.625, 58.875, 1.5926313306904324e-23, nan 
-54.375, 58.875, 1.817453499374167e-23, nan 
-54.125, 58.875, 2.5140566630571004e-23, nan 
-53.875, 58.875, 3.4993491452020795e-23, nan 
-53.625, 58.875, 3.065292160563129e-23, nan 
-53.375, 58.875, 2.6277609243060435e-23, nan 
-53.125, 58.875, 2.922589363515921e-23, nan 
-52.875, 58.875, 2.628657732604249e-23, nan 
-52.625, 58.875, 1.9962594588445688e-23, nan 
-52.375, 58.875, 1.43759760701257e-23, nan 
-52.125, 58.875, 1.3906316066370438e-23, nan 
-51.875, 58.875, 1.1834489866838084e-23, nan 
-51.625, 58.875, 2.0569296295212403e-23, nan 
-51.375, 58.875, 2.3296924783961214e-23, nan 
-51.125, 58.875, 1.5711270910438933e-23, nan 
-50.875, 58.875, 2.1485097846990005e-23, nan 
-50.625, 58.875, 1.5877897904557917e-23, nan 
-50.375, 58.875, 9.340735016238018e-24, nan 
-50.125, 58.875, 5.519210011793014e-24, nan 
-49.875, 58.875, 1.652606585454544e-23, nan 
-49.625, 58.875, 2.2776006163418062e-23, nan 
-49.375, 58.875, 1.196082272140444e-23, nan 
-49.125, 58.875, 1.364859114318426e-23, nan 
-48.875, 58.875, 3.8210632431119316e-23, nan 
-48.625, 58.875, 4.1246253088488385e-23, nan 
-48.375, 58.875, 2.3623161685537845e-23, nan 
-48.125, 58.875, 1.7673630309858017e-23, nan 
-47.875, 58.875, 1.6173356244818332e-23, nan 
-47.625, 58.875, 1.5696943394018334e-23, nan 
-47.375, 58.875, 1.599709505096016e-23, nan 
-47.125, 58.875, 7.68382820867353e-24, nan 
-46.875, 58.875, 2.4063823006574557e-23, nan 
-46.625, 58.875, 2.8560454067775423e-23, nan 
-46.375, 58.875, 2.625100742131739e-23, nan 
-46.125, 58.875, 1.7954837860679622e-23, nan 
-45.875, 58.875, 1.774709834544915e-23, nan 
-45.625, 58.875, 1.998922110094712e-23, nan 
-45.375, 58.875, 1.9830174787083772e-23, nan 
-45.125, 58.875, 2.4781782176178776e-23, nan 
-44.875, 58.875, 1.960260777132896e-23, nan 
-44.625, 58.875, 1.950071118291682e-23, nan 
-44.375, 58.875, 4.935642665248273e-23, nan 
-44.125, 58.875, 4.502179964665066e-23, nan 
-43.875, 58.875, 3.798898685342289e-23, nan 
-43.625, 58.875, 4.2874107389438257e-23, nan 
-43.375, 58.875, 2.744146957367217e-23, nan 
-43.125, 58.875, 4.324310806340311e-23, nan 
-42.875, 58.875, 9.713273456008655e-23, nan 
-42.625, 58.875, 7.449500543881498e-23, nan 
-42.375, 58.875, 3.602379056883326e-23, nan 
-42.125, 58.875, 3.27555684654778e-23, nan 
-41.875, 58.875, 3.307432325675522e-23, nan 
-41.625, 58.875, 2.5805539343955556e-23, nan 
-41.375, 58.875, 2.454185127744996e-23, nan 
-41.125, 58.875, 2.710154199375912e-23, nan 
-40.875, 58.875, 2.550412272657212e-23, nan 
-40.625, 58.875, 1.4809720875337382e-23, nan 
-40.375, 58.875, 1.7215498491430832e-23, nan 
-40.125, 58.875, 2.294532074503458e-23, nan 
-39.875, 58.875, 1.6333936585022756e-23, nan 
-39.625, 58.875, 1.3828775759462277e-23, nan 
-39.375, 58.875, 1.3816176186409298e-23, nan 
-39.125, 58.875, 3.1046874114265526e-23, nan 
-38.875, 58.875, 3.0105257351104513e-23, nan 
-38.625, 58.875, 2.0242057981167197e-23, nan 
-38.375, 58.875, 3.4121404587920234e-23, nan 
-38.125, 58.875, 2.3462325930658692e-23, nan 
-37.875, 58.875, 1.360121560929902e-23, nan 
-37.625, 58.875, 1.2903124626121344e-23, nan 
-37.375, 58.875, 1.591304166526243e-23, nan 
-37.125, 58.875, 2.1485813985775312e-23, nan 
-36.875, 58.875, 2.577120773774862e-23, nan 
-36.625, 58.875, 2.397688980928533e-23, nan 
-36.375, 58.875, 1.5990675690307627e-23, nan 
-36.125, 58.875, 2.143305362156217e-23, nan 
-35.875, 58.875, 2.7145984630357274e-23, nan 
-35.625, 58.875, 5.223670036475725e-23, nan 
-35.375, 58.875, 5.120567827607297e-23, nan 
-35.125, 58.875, 2.6758763892622726e-23, nan 
-34.875, 58.875, 1.4003196427858944e-23, nan 
-34.625, 58.875, 2.0192723213620974e-23, nan 
-34.375, 58.875, 2.548869974513793e-23, nan 
-34.125, 58.875, 2.0613186238505298e-23, nan 
-33.875, 58.875, 2.1915808856915323e-23, nan 
-33.625, 58.875, 2.4712439733164482e-23, nan 
-33.375, 58.875, 3.856780169390145e-23, nan 
-33.125, 58.875, 4.041998730153666e-23, nan 
-32.875, 58.875, 5.76764244061385e-23, nan 
-32.625, 58.875, 7.131081970175197e-23, nan 
-32.375, 58.875, 6.181986114840385e-23, nan 
-32.125, 58.875, 5.2570303166709614e-23, nan 
-31.875, 58.875, 4.200895152788201e-23, nan 
-31.625, 58.875, 3.698905931427625e-23, nan 
-31.375, 58.875, 3.0738929960187585e-23, nan 
-31.125, 58.875, 6.588797941421682e-23, nan 
-30.875, 58.875, 6.719476893249481e-23, nan 
-30.625, 58.875, 2.4362983108109366e-23, nan 
-30.375, 58.875, 3.189837045241639e-23, nan 
-30.125, 58.875, 3.1812860082776654e-23, nan 
-29.875, 58.875, 1.80416474135011e-23, nan 
-29.625, 58.875, 1.5989423838432975e-23, nan 
-29.375, 58.875, 2.876354771173932e-23, nan 
-29.125, 58.875, 3.3616565431953397e-23, nan 
-28.875, 58.875, 9.273834935699515e-23, nan 
-28.625, 58.875, 1.679227002926191e-22, nan 
-28.375, 58.875, 1.0268987136374219e-22, nan 
-28.125, 58.875, 2.1874147106855216e-23, nan 
-27.875, 58.875, 2.6677625241166734e-23, nan 
-27.625, 58.875, 4.79460497981009e-23, nan 
-27.375, 58.875, 7.297348529312173e-23, nan 
-27.125, 58.875, 7.089103775536041e-23, nan 
-26.875, 58.875, 4.952173715670045e-23, nan 
-26.625, 58.875, 4.491437230133323e-23, nan 
-26.375, 58.875, 3.054119146847717e-23, nan 
-26.125, 58.875, 2.3289211117626018e-23, nan 
-25.875, 58.875, 4.7786372331597535e-23, nan 
-25.625, 58.875, 5.225587123912105e-23, nan 
-25.375, 58.875, 4.795222783061575e-23, nan 
-25.125, 58.875, 4.966989995012542e-23, nan 
-24.875, 58.875, 6.96461357564652e-23, nan 
-24.625, 58.875, 7.620884927038028e-23, nan 
-24.375, 58.875, 5.161712563711085e-23, nan 
-24.125, 58.875, 8.941765260135297e-23, nan 
-23.875, 58.875, 1.0052746319243245e-22, nan 
-23.625, 58.875, 7.020857829825464e-23, nan 
-23.375, 58.875, 6.429031489252873e-23, nan 
-23.125, 58.875, 6.365314086653535e-23, nan 
-22.875, 58.875, 5.328723413046171e-23, nan 
-22.625, 58.875, 8.997255268178605e-23, nan 
-22.375, 58.875, 8.697080047557628e-23, nan 
-22.125, 58.875, 5.1552667966013676e-23, nan 
-21.875, 58.875, 5.66795891708515e-23, nan 
-21.625, 58.875, 5.2258373440097886e-23, nan 
-21.375, 58.875, 1.105457501851736e-22, nan 
-21.125, 58.875, 1.710651763003002e-22, nan 
-20.875, 58.875, 5.800783288232527e-23, nan 
-20.625, 58.875, 5.199409175326705e-23, nan 
-20.375, 58.875, 3.015687953858262e-23, nan 
-20.125, 58.875, 2.895930737645061e-23, nan 
-19.875, 58.875, 2.9535943938013494e-23, nan 
-19.625, 58.875, 2.8185182749411073e-23, nan 
-19.375, 58.875, 4.041445572649471e-23, nan 
-19.125, 58.875, 3.3422975902238137e-23, nan 
-18.875, 58.875, 6.953530545993511e-23, nan 
-18.625, 58.875, 7.526426487527294e-23, nan 
-18.375, 58.875, 3.2407729866468593e-23, nan 
-18.125, 58.875, 2.6093814847221837e-23, nan 
-17.875, 58.875, 2.7738171166408456e-23, nan 
-17.625, 58.875, 3.691412078342094e-23, nan 
-17.375, 58.875, 3.5377656275037354e-23, nan 
-17.125, 58.875, 4.9595220917610833e-23, nan 
-16.875, 58.875, 6.04867449126658e-23, nan 
-16.625, 58.875, 4.639320750513382e-23, nan 
-16.375, 58.875, 3.9449474178050584e-23, nan 
-16.125, 58.875, 5.224593856273204e-23, nan 
-15.875, 58.875, 3.42504442849125e-23, nan 
-15.625, 58.875, 1.3624834255582442e-23, nan 
-15.375, 58.875, 3.23662045497782e-23, nan 
-15.125, 58.875, 2.6388685871778096e-23, nan 
-14.875, 58.875, 2.2223148308433538e-23, nan 
-14.625, 58.875, 1.4197360146352462e-23, nan 
-14.375, 58.875, 1.8158808338467078e-23, nan 
-14.125, 58.875, 2.505824959304011e-23, nan 
-13.875, 58.875, 2.1031712799825154e-23, nan 
-13.625, 58.875, 1.9821573913578722e-23, nan 
-13.375, 58.875, 1.8567991816670262e-23, nan 
-13.125, 58.875, 2.1302655028681714e-23, nan 
-12.875, 58.875, 3.850875834544058e-23, nan 
-12.625, 58.875, 4.398722426980767e-23, nan 
-12.375, 58.875, 4.124637142144556e-23, nan 
-12.125, 58.875, 3.781668916715676e-23, nan 
-11.875, 58.875, 4.7494177665083776e-23, nan 
-11.625, 58.875, 5.291806419931767e-23, nan 
-11.375, 58.875, 4.138390891857576e-23, nan 
-11.125, 58.875, 3.1159439545737265e-23, nan 
-10.875, 58.875, 3.963224325674048e-23, nan 
-10.625, 58.875, 2.6433871687200417e-23, nan 
-10.375, 58.875, 1.9335850184139683e-23, nan 
-10.125, 58.875, 1.937088652731074e-23, nan 
-9.875, 58.875, 1.4539538880257246e-23, nan 
-9.625, 58.875, 2.5693904338174586e-23, nan 
-9.375, 58.875, 4.341303838457731e-23, nan 
-9.125, 58.875, 4.3175266741071914e-23, nan 
-8.875, 58.875, 4.7595549990917206e-23, nan 
-8.625, 58.875, 1.9689240619372136e-23, nan 
-8.375, 58.875, 1.562478450855253e-23, nan 
-8.125, 58.875, 2.798442164743543e-23, nan 
-7.875, 58.875, 2.9439716267613377e-23, nan 
-7.625, 58.875, 2.073838229164769e-23, nan 
-7.375, 58.875, 1.621118730795753e-23, nan 
-7.125, 58.875, 1.6965603021922748e-23, nan 
-6.875, 58.875, 4.2264422882374056e-23, nan 
-6.625, 58.875, 4.868492306130104e-23, nan 
-6.375, 58.875, 3.2151271073207954e-23, nan 
-6.125, 58.875, 2.6503778596285424e-23, nan 
-5.875, 58.875, 1.3345598489145823e-23, nan 
-5.625, 58.875, 1.9334924233804245e-23, nan 
-5.375, 58.875, 1.770003781675137e-23, nan 
-5.125, 58.875, 1.2620134061152267e-23, nan 
-4.875, 58.875, 8.601756401645348e-24, nan 
-4.625, 58.875, 1.636130812489099e-23, nan 
-4.375, 58.875, 2.3410877358401765e-23, nan 
-4.125, 58.875, 2.841378340033672e-23, nan 
-3.875, 58.875, 2.474847567204141e-23, nan 
-3.625, 58.875, 6.944774048563216e-24, nan 
-3.375, 58.875, 2.646128148334723e-23, nan 
-3.125, 58.875, 3.4195358227214834e-23, nan 
-2.875, 58.875, 1.3579182291362464e-23, nan 
-2.625, 58.875, 1.254557273316295e-23, nan 
-2.375, 58.875, 3.267215836723592e-23, nan 
-2.125, 58.875, 3.7090128162559815e-23, nan 
-1.875, 58.875, 3.750788667346561e-23, nan 
-1.625, 58.875, 4.276772079769468e-23, nan 
-1.375, 58.875, 3.524409090945867e-23, nan 
-1.125, 58.875, 4.0297009598273147e-23, nan 
-0.875, 58.875, 4.2048044216223995e-23, nan 
-0.625, 58.875, 3.8454748264374056e-23, nan 
-0.375, 58.875, 3.485357946126958e-23, nan 
-0.125, 58.875, 4.733130046430028e-23, nan 
0.125, 58.875, 4.698505637535449e-23, nan 
0.375, 58.875, 4.300132276794696e-23, nan 
0.625, 58.875, 6.091823458880789e-23, nan 
0.875, 58.875, 6.10334076369222e-23, nan 
1.125, 58.875, 3.4475876237507704e-23, nan 
1.375, 58.875, 4.061057184923747e-23, nan 
1.625, 58.875, 2.8679774299356966e-23, nan 
1.875, 58.875, 2.097675411121314e-23, nan 
2.125, 58.875, 1.614990279161608e-23, nan 
2.375, 58.875, 1.710779079657298e-23, nan 
2.625, 58.875, 1.672799560640301e-23, nan 
2.875, 58.875, 2.2502192572255015e-23, nan 
3.125, 58.875, 2.743355094336657e-23, nan 
3.375, 58.875, 2.983735722378708e-23, nan 
3.625, 58.875, 2.796456464105719e-23, nan 
3.875, 58.875, 4.279198205603555e-23, nan 
4.125, 58.875, 3.6650626588577077e-23, nan 
4.375, 58.875, 2.0343854200308403e-23, nan 
4.625, 58.875, 2.3250142010312256e-23, nan 
4.875, 58.875, 2.988896680655395e-23, nan 
5.125, 58.875, 2.4198666704426215e-23, nan 
5.375, 58.875, 2.4292147393050806e-23, nan 
5.625, 58.875, 1.483735724403434e-23, nan 
5.875, 58.875, 1.5922303094079303e-23, nan 
6.125, 58.875, 1.190748084427656e-23, nan 
6.375, 58.875, 1.1182121229627698e-23, nan 
6.625, 58.875, 2.0610775903235896e-23, nan 
6.875, 58.875, 2.651841419363672e-23, nan 
7.125, 58.875, 2.272570424473245e-23, nan 
7.375, 58.875, 3.3767278312324855e-23, nan 
7.625, 58.875, 2.1967688132552602e-23, nan 
7.875, 58.875, 2.4202052308925077e-23, nan 
8.125, 58.875, 3.004938063944081e-23, nan 
8.375, 58.875, 6.23036782731793e-23, nan 
8.625, 58.875, 5.934683511957002e-23, nan 
8.875, 58.875, 1.4218297229677415e-23, nan 
9.125, 58.875, 1.1112274429458774e-22, nan 
9.375, 58.875, 1.2367906261589894e-22, nan 
9.625, 58.875, 9.244773356147206e-23, nan 
9.875, 58.875, 7.814096647483813e-23, nan 
10.125, 58.875, 8.396090906728099e-23, nan 
10.375, 58.875, 1.1153084708480536e-22, nan 
10.625, 58.875, 1.3133170818078977e-22, nan 
10.875, 58.875, 8.015315954996763e-23, nan 
11.125, 58.875, 5.099373924503637e-23, nan 
11.375, 58.875, 4.725067665488837e-23, nan 
11.625, 58.875, 2.6418837026093514e-23, nan 
11.875, 58.875, 3.0883375424329316e-23, nan 
12.125, 58.875, 2.709937826011089e-23, nan 
12.375, 58.875, 1.3278001543725674e-23, nan 
12.625, 58.875, 1.3190450814728752e-23, nan 
12.875, 58.875, 2.089445713091807e-23, nan 
13.125, 58.875, 2.0698769294233017e-23, nan 
13.375, 58.875, 8.956075573378496e-23, nan 
13.625, 58.875, 1.0009085287027317e-22, nan 
13.875, 58.875, 5.375082603503122e-23, nan 
14.125, 58.875, 3.9497270411000306e-23, nan 
14.375, 58.875, 2.7540296750616673e-23, nan 
14.625, 58.875, 2.5127481558856752e-23, nan 
14.875, 58.875, 1.9223772424627374e-23, nan 
15.125, 58.875, 1.7853559525977727e-23, nan 
15.375, 58.875, 2.922740289169192e-23, nan 
15.625, 58.875, 2.9819403825057306e-23, nan 
15.875, 58.875, 2.43610663023939e-23, nan 
16.125, 58.875, 2.183907076704051e-23, nan 
16.375, 58.875, 3.049857513117476e-23, nan 
16.625, 58.875, 2.719954552772726e-23, nan 
16.875, 58.875, 9.269301783852019e-24, nan 
17.125, 58.875, 2.0566281998723657e-23, nan 
17.375, 58.875, 2.119391151764467e-23, nan 
17.625, 58.875, 2.4125371866938248e-23, nan 
17.875, 58.875, 2.754856260006325e-23, nan 
18.125, 58.875, 2.66903945550519e-23, nan 
18.375, 58.875, 2.928968748859406e-23, nan 
18.625, 58.875, 2.1939612483814944e-23, nan 
18.875, 58.875, 1.7160089834813492e-23, nan 
19.125, 58.875, 2.24556241193869e-23, nan 
19.375, 58.875, 2.4817090192724048e-23, nan 
19.625, 58.875, 2.1277634071084575e-23, nan 
19.875, 58.875, 1.1462485134589593e-23, nan 
20.125, 58.875, 2.893899507684943e-23, nan 
20.375, 58.875, 3.2601987785330555e-23, nan 
20.625, 58.875, 2.8448040993916343e-23, nan 
20.875, 58.875, 1.8789660018241305e-23, nan 
21.125, 58.875, 9.308096675794075e-24, nan 
21.375, 58.875, 6.321275069854593e-24, nan 
21.625, 58.875, 6.688358259535295e-24, nan 
21.875, 58.875, 5.598578920001713e-24, nan 
22.125, 58.875, 6.686028575413966e-24, nan 
22.375, 58.875, 7.132302052251246e-24, nan 
22.625, 58.875, 5.9346377351642535e-24, nan 
22.875, 58.875, 4.253139801232115e-24, nan 
23.125, 58.875, 1.7545772521384897e-23, nan 
23.375, 58.875, 1.778090520348272e-23, nan 
23.625, 58.875, 6.49199924377378e-24, nan 
23.875, 58.875, 7.448069050358542e-24, nan 
24.125, 58.875, 1.3887954264453935e-23, nan 
24.375, 58.875, 1.470108057341018e-23, nan 
24.625, 58.875, 1.108862367608372e-23, nan 
24.875, 58.875, 9.665655612790473e-24, nan 
25.125, 58.875, 6.903776055302225e-24, nan 
25.375, 58.875, 3.1436124842012405e-24, nan 
25.625, 58.875, 7.580185650102171e-24, nan 
25.875, 58.875, 8.050982709658538e-24, nan 
26.125, 58.875, 1.237032736152129e-23, nan 
26.375, 58.875, 2.3023122977962974e-23, nan 
26.625, 58.875, 2.1515326691865026e-23, nan 
26.875, 58.875, 8.393106934529778e-24, nan 
27.125, 58.875, 8.646225335900154e-24, nan 
27.375, 58.875, 1.1159883247824052e-23, nan 
27.625, 58.875, 9.830936348853746e-24, nan 
27.875, 58.875, 8.443278325775642e-24, nan 
-99.625, 59.125, 1.1156198472046836e-23, nan 
-99.375, 59.125, 1.2331923208215058e-23, nan 
-99.125, 59.125, 1.1297098802828067e-23, nan 
-98.875, 59.125, 1.2769178663362912e-23, nan 
-98.625, 59.125, 1.258953264905143e-23, nan 
-98.375, 59.125, 1.2786623286060524e-23, nan 
-98.125, 59.125, 8.80516708357515e-24, nan 
-97.875, 59.125, 1.1168066401284278e-23, nan 
-97.625, 59.125, 1.166838031555309e-23, nan 
-97.375, 59.125, 9.622229930726833e-24, nan 
-97.125, 59.125, 5.997509525150792e-24, nan 
-96.875, 59.125, 7.233124014063783e-24, nan 
-96.625, 59.125, 1.2266153351178254e-23, nan 
-96.375, 59.125, 1.2355173835108083e-23, nan 
-96.125, 59.125, 7.402085558587752e-24, nan 
-95.875, 59.125, 8.276784787485187e-24, nan 
-95.625, 59.125, 1.115580300333873e-23, nan 
-95.375, 59.125, 1.207820451310054e-23, nan 
-95.125, 59.125, 1.4030769721676848e-23, nan 
-94.875, 59.125, 1.4509024454835683e-23, nan 
-94.625, 59.125, 1.507927443242125e-23, nan 
-94.375, 59.125, 1.6882328344026133e-23, nan 
-94.125, 59.125, 1.9455523838505016e-23, nan 
-93.875, 59.125, 2.3843272032833446e-23, nan 
-93.625, 59.125, 2.4644139014718972e-23, nan 
-93.375, 59.125, 2.135983634815685e-23, nan 
-93.125, 59.125, 2.119131890394197e-23, nan 
-92.875, 59.125, 1.537406699298025e-23, nan 
-92.625, 59.125, 1.6233373931221342e-23, nan 
-92.375, 59.125, 1.6327592263958933e-23, nan 
-92.125, 59.125, 1.3250524130778445e-23, nan 
-91.875, 59.125, 1.4209043018077313e-23, nan 
-91.625, 59.125, 1.8114824714387892e-23, nan 
-91.375, 59.125, 1.8453383913758522e-23, nan 
-91.125, 59.125, 1.8498661866195214e-23, nan 
-90.875, 59.125, 1.8870493104282994e-23, nan 
-90.625, 59.125, 2.0285810986548893e-23, nan 
-90.375, 59.125, 2.3339568885319092e-23, nan 
-90.125, 59.125, 2.1646468535357158e-23, nan 
-89.875, 59.125, 2.0364448970519244e-23, nan 
-89.625, 59.125, 1.493315586922172e-23, nan 
-89.375, 59.125, 1.2439494497124836e-23, nan 
-89.125, 59.125, 1.639135752836425e-23, nan 
-88.875, 59.125, 1.6296381536195262e-23, nan 
-88.625, 59.125, 1.1289510196119767e-23, nan 
-88.375, 59.125, 6.383339711963745e-24, nan 
-88.125, 59.125, 6.329287567981356e-24, nan 
-87.875, 59.125, 8.064549181984194e-24, nan 
-87.625, 59.125, 8.105091587244303e-24, nan 
-87.375, 59.125, 6.532803440369722e-24, nan 
-87.125, 59.125, 6.1475709480183355e-24, nan 
-86.875, 59.125, 6.690653483137662e-24, nan 
-86.625, 59.125, 6.730743658749693e-24, nan 
-86.375, 59.125, 4.88775964049305e-24, nan 
-86.125, 59.125, 5.24128821557647e-24, nan 
-85.875, 59.125, 8.972418359884421e-24, nan 
-85.625, 59.125, 9.6306743463135e-24, nan 
-85.375, 59.125, 9.328747352914154e-24, nan 
-85.125, 59.125, 8.33539667917145e-24, nan 
-84.875, 59.125, 1.0798580498122315e-23, nan 
-84.625, 59.125, 1.2170805376691022e-23, nan 
-84.375, 59.125, 1.0235795080019849e-23, nan 
-84.125, 59.125, 1.054416210828522e-23, nan 
-83.875, 59.125, 1.1264536038501679e-23, nan 
-83.625, 59.125, 1.1000114777029989e-23, nan 
-83.375, 59.125, 1.2723075726798149e-23, nan 
-83.125, 59.125, 9.35700404143153e-24, nan 
-82.875, 59.125, 8.413751558463212e-24, nan 
-82.625, 59.125, 1.0671480758300965e-23, nan 
-82.375, 59.125, 1.0494677891054094e-23, nan 
-82.125, 59.125, 6.834466204859708e-24, nan 
-81.875, 59.125, 6.700813882720399e-24, nan 
-81.625, 59.125, 5.8175440813060385e-24, nan 
-81.375, 59.125, 4.333815857280023e-24, nan 
-81.125, 59.125, 6.131879735168163e-24, nan 
-80.875, 59.125, 6.040404106810351e-24, nan 
-80.625, 59.125, 5.319064727956911e-24, nan 
-80.375, 59.125, 6.469170579432628e-24, nan 
-80.125, 59.125, 1.2701033404725778e-23, nan 
-79.875, 59.125, 1.3857896505992485e-23, nan 
-79.625, 59.125, 8.425093925109347e-24, nan 
-79.375, 59.125, 1.0344396738689037e-23, nan 
-79.125, 59.125, 1.6958422247256808e-23, nan 
-78.875, 59.125, 1.711352403283617e-23, nan 
-78.625, 59.125, 1.1521347970806166e-23, nan 
-78.375, 59.125, 1.4329205999087055e-23, nan 
-78.125, 59.125, 1.8260359930662126e-23, nan 
-77.875, 59.125, 1.4345028465283075e-23, nan 
-77.625, 59.125, 1.757796105798949e-23, nan 
-77.375, 59.125, 1.673572169518389e-23, nan 
-77.125, 59.125, 1.3137175749313896e-23, nan 
-76.875, 59.125, 1.580395507757848e-23, nan 
-76.625, 59.125, 1.1694153354486659e-23, nan 
-76.375, 59.125, 1.1812468031719561e-23, nan 
-76.125, 59.125, 8.800351379885553e-24, nan 
-75.875, 59.125, 1.0302558098341458e-23, nan 
-75.625, 59.125, 1.2181305601737144e-23, nan 
-75.375, 59.125, 7.473992035682941e-24, nan 
-75.125, 59.125, 9.228687997548948e-24, nan 
-74.875, 59.125, 9.60683374164927e-24, nan 
-74.625, 59.125, 7.790842066008004e-24, nan 
-74.375, 59.125, 6.402855327305139e-24, nan 
-74.125, 59.125, 7.852044547483882e-24, nan 
-73.875, 59.125, 1.0026493656812306e-23, nan 
-73.625, 59.125, 1.0786087624371038e-23, nan 
-73.375, 59.125, 1.2487713341688013e-23, nan 
-73.125, 59.125, 1.1325332939893091e-23, nan 
-72.875, 59.125, 2.7238756304141807e-23, nan 
-72.625, 59.125, 2.6004277475176212e-23, nan 
-72.375, 59.125, 1.4822300846832225e-23, nan 
-72.125, 59.125, 1.5720392633799624e-23, nan 
-71.875, 59.125, 1.501282064256636e-23, nan 
-71.625, 59.125, 9.637531733231017e-24, nan 
-71.375, 59.125, 1.0022479476868496e-23, nan 
-71.125, 59.125, 1.597799916837518e-23, nan 
-70.875, 59.125, 1.6274263770987273e-23, nan 
-70.625, 59.125, 1.4350517814683424e-23, nan 
-70.375, 59.125, 1.1866363013158902e-23, nan 
-70.125, 59.125, 9.682081234988075e-24, nan 
-69.875, 59.125, 6.056780617705603e-24, nan 
-69.625, 59.125, 3.9916270654923156e-24, nan 
-69.375, 59.125, 7.75360739409895e-24, nan 
-69.125, 59.125, 1.905762647561318e-23, nan 
-68.875, 59.125, 2.4145074141202235e-23, nan 
-68.625, 59.125, 2.3707055058801628e-23, nan 
-68.375, 59.125, 1.8000031511994147e-23, nan 
-68.125, 59.125, 1.5904068802664104e-23, nan 
-67.875, 59.125, 1.651911575574377e-23, nan 
-67.625, 59.125, 1.2965792910928757e-23, nan 
-67.375, 59.125, 1.597014606038315e-23, nan 
-67.125, 59.125, 1.913400869330336e-23, nan 
-66.875, 59.125, 1.63254675426082e-23, nan 
-66.625, 59.125, 1.9198602567313151e-23, nan 
-66.375, 59.125, 1.680898565926527e-23, nan 
-66.125, 59.125, 1.6020696188190297e-23, nan 
-65.875, 59.125, 1.9028382779431742e-23, nan 
-65.625, 59.125, 2.1724341770432938e-23, nan 
-65.375, 59.125, 1.7051529036620725e-23, nan 
-65.125, 59.125, 1.1680230273715883e-23, nan 
-64.875, 59.125, 1.375807680294601e-23, nan 
-64.625, 59.125, 1.837729833181653e-23, nan 
-64.375, 59.125, 3.950856235457882e-23, nan 
-64.125, 59.125, 3.797795388071632e-23, nan 
-63.875, 59.125, 2.7402759238870036e-23, nan 
-63.625, 59.125, 1.8200231332836847e-23, nan 
-63.375, 59.125, 1.4346354398912124e-23, nan 
-63.125, 59.125, 1.4038602290041936e-23, nan 
-62.875, 59.125, 1.351592655869703e-23, nan 
-62.625, 59.125, 1.2913368339892633e-23, nan 
-62.375, 59.125, 1.046919187041493e-23, nan 
-62.125, 59.125, 2.86086913834896e-23, nan 
-61.875, 59.125, 3.134800592978937e-23, nan 
-61.625, 59.125, 1.7787893870349095e-23, nan 
-61.375, 59.125, 1.631289913096471e-23, nan 
-61.125, 59.125, 2.403718328176637e-23, nan 
-60.875, 59.125, 2.4985668953474e-23, nan 
-60.625, 59.125, 1.672511233527159e-23, nan 
-60.375, 59.125, 2.0592320390030684e-23, nan 
-60.125, 59.125, 1.631188254470761e-23, nan 
-59.875, 59.125, 2.943548968206679e-23, nan 
-59.625, 59.125, 3.1912316005412666e-23, nan 
-59.375, 59.125, 1.6450375676695722e-23, nan 
-59.125, 59.125, 2.694694318734183e-23, nan 
-58.875, 59.125, 2.725021949282636e-23, nan 
-58.625, 59.125, 2.1257455120817213e-23, nan 
-58.375, 59.125, 3.2770881217195425e-23, nan 
-58.125, 59.125, 2.9670864240120053e-23, nan 
-57.875, 59.125, 4.977749819698612e-23, nan 
-57.625, 59.125, 4.925300243696849e-22, nan 
-57.375, 59.125, 5.238943355415544e-22, nan 
-57.125, 59.125, 9.124188500991985e-23, nan 
-56.875, 59.125, 2.8932938547889514e-23, nan 
-56.625, 59.125, 5.360764590854068e-23, nan 
-56.375, 59.125, 4.649532765202519e-23, nan 
-56.125, 59.125, 1.196960948120299e-23, nan 
-55.875, 59.125, 1.9957266228766482e-23, nan 
-55.625, 59.125, 2.4304875221842626e-23, nan 
-55.375, 59.125, 2.3363755714680336e-23, nan 
-55.125, 59.125, 1.5441972091119752e-23, nan 
-54.875, 59.125, 1.7305284003403962e-23, nan 
-54.625, 59.125, 2.4150556597024315e-23, nan 
-54.375, 59.125, 3.6231954632532346e-23, nan 
-54.125, 59.125, 4.2234318065900647e-23, nan 
-53.875, 59.125, 5.355656265140845e-23, nan 
-53.625, 59.125, 4.7614408808552717e-23, nan 
-53.375, 59.125, 3.2481509198595e-23, nan 
-53.125, 59.125, 3.075898214042807e-23, nan 
-52.875, 59.125, 3.983291368388304e-23, nan 
-52.625, 59.125, 4.215791840061588e-23, nan 
-52.375, 59.125, 2.1921337132969598e-23, nan 
-52.125, 59.125, 1.507545793052639e-23, nan 
-51.875, 59.125, 2.021907094440672e-23, nan 
-51.625, 59.125, 1.8999709872491025e-23, nan 
-51.375, 59.125, 1.714263692283174e-23, nan 
-51.125, 59.125, 3.0053000169853204e-23, nan 
-50.875, 59.125, 2.234295585575274e-23, nan 
-50.625, 59.125, 2.050330982810579e-23, nan 
-50.375, 59.125, 2.0949719034644992e-23, nan 
-50.125, 59.125, 2.6153392940459188e-23, nan 
-49.875, 59.125, 2.4813542605549778e-23, nan 
-49.625, 59.125, 1.993503051320549e-23, nan 
-49.375, 59.125, 2.2926370736020815e-23, nan 
-49.125, 59.125, 3.435503788404089e-23, nan 
-48.875, 59.125, 3.628651529672654e-23, nan 
-48.625, 59.125, 2.1425369340137212e-23, nan 
-48.375, 59.125, 1.1477841078298137e-23, nan 
-48.125, 59.125, 3.245657477878888e-23, nan 
-47.875, 59.125, 6.734418591794354e-23, nan 
-47.625, 59.125, 5.465729317419937e-23, nan 
-47.375, 59.125, 2.1003115200421932e-23, nan 
-47.125, 59.125, 1.5688376660271768e-23, nan 
-46.875, 59.125, 2.313575166835311e-23, nan 
-46.625, 59.125, 2.4953377745264072e-23, nan 
-46.375, 59.125, 1.718701021312135e-23, nan 
-46.125, 59.125, 1.5842041376610382e-23, nan 
-45.875, 59.125, 1.991892271094431e-23, nan 
-45.625, 59.125, 1.753592296399676e-23, nan 
-45.375, 59.125, 1.853535015556036e-23, nan 
-45.125, 59.125, 2.3808312853710033e-23, nan 
-44.875, 59.125, 2.579565588294081e-23, nan 
-44.625, 59.125, 5.293293362388717e-23, nan 
-44.375, 59.125, 4.793265562467725e-23, nan 
-44.125, 59.125, 2.5421226627018032e-23, nan 
-43.875, 59.125, 3.930988728732613e-23, nan 
-43.625, 59.125, 5.41763359898117e-23, nan 
-43.375, 59.125, 4.7602023368560496e-23, nan 
-43.125, 59.125, 4.222925353751457e-23, nan 
-42.875, 59.125, 4.6369109064801877e-23, nan 
-42.625, 59.125, 3.449950861413836e-23, nan 
-42.375, 59.125, 2.922435064654193e-23, nan 
-42.125, 59.125, 2.8088208789769424e-23, nan 
-41.875, 59.125, 1.3272148621841788e-23, nan 
-41.625, 59.125, 4.707849425808844e-23, nan 
-41.375, 59.125, 5.936358026649375e-23, nan 
-41.125, 59.125, 4.677398816857423e-23, nan 
-40.875, 59.125, 4.2326031497429454e-23, nan 
-40.625, 59.125, 4.6022736757123716e-23, nan 
-40.375, 59.125, 3.2368950498206147e-23, nan 
-40.125, 59.125, 2.586014358683037e-23, nan 
-39.875, 59.125, 2.3593779028796154e-23, nan 
-39.625, 59.125, 2.1805608186588196e-23, nan 
-39.375, 59.125, 2.834789944971561e-23, nan 
-39.125, 59.125, 3.7607588489747745e-23, nan 
-38.875, 59.125, 2.5078346749437698e-23, nan 
-38.625, 59.125, 2.2609788030497873e-23, nan 
-38.375, 59.125, 3.041835138023333e-23, nan 
-38.125, 59.125, 2.836885245260245e-23, nan 
-37.875, 59.125, 2.7583542246361226e-23, nan 
-37.625, 59.125, 1.6195769663589728e-23, nan 
-37.375, 59.125, 1.6916529724616515e-23, nan 
-37.125, 59.125, 1.9762229281220197e-23, nan 
-36.875, 59.125, 1.2122826729473089e-23, nan 
-36.625, 59.125, 1.5036384066708463e-23, nan 
-36.375, 59.125, 2.4168057957785076e-23, nan 
-36.125, 59.125, 4.2042441609606266e-23, nan 
-35.875, 59.125, 4.2718080209688823e-23, nan 
-35.625, 59.125, 3.761547491585315e-23, nan 
-35.375, 59.125, 3.349552446546875e-23, nan 
-35.125, 59.125, 3.6171372162590947e-23, nan 
-34.875, 59.125, 3.459738973255249e-23, nan 
-34.625, 59.125, 2.945963907594931e-23, nan 
-34.375, 59.125, 1.8687582355600727e-23, nan 
-34.125, 59.125, 1.8544692900993533e-23, nan 
-33.875, 59.125, 4.8098535096842036e-23, nan 
-33.625, 59.125, 3.6771929359050977e-23, nan 
-33.375, 59.125, 3.852903447951198e-23, nan 
-33.125, 59.125, 4.280201806935832e-23, nan 
-32.875, 59.125, 3.090694235314545e-23, nan 
-32.625, 59.125, 2.2516073150985365e-23, nan 
-32.375, 59.125, 2.687055731568724e-23, nan 
-32.125, 59.125, 4.0287870208192254e-23, nan 
-31.875, 59.125, 4.744093576238026e-23, nan 
-31.625, 59.125, 4.20542494679567e-23, nan 
-31.375, 59.125, 4.6906955961588706e-23, nan 
-31.125, 59.125, 5.118762756456591e-23, nan 
-30.875, 59.125, 2.9556850657191726e-23, nan 
-30.625, 59.125, 2.3928868145367118e-23, nan 
-30.375, 59.125, 2.1906516207160895e-23, nan 
-30.125, 59.125, 4.37578488376417e-23, nan 
-29.875, 59.125, 3.7448919451793713e-23, nan 
-29.625, 59.125, 2.93402232216466e-23, nan 
-29.375, 59.125, 2.2172336706577505e-23, nan 
-29.125, 59.125, 7.45627995246062e-23, nan 
-28.875, 59.125, 8.093602420191203e-23, nan 
-28.625, 59.125, 3.197218137196341e-23, nan 
-28.375, 59.125, 3.253974322562974e-23, nan 
-28.125, 59.125, 5.4714681705981e-23, nan 
-27.875, 59.125, 6.03240370629487e-23, nan 
-27.625, 59.125, 5.697408294847008e-23, nan 
-27.375, 59.125, 2.0572853085745993e-23, nan 
-27.125, 59.125, 6.11158408396353e-23, nan 
-26.875, 59.125, 6.21006817726583e-23, nan 
-26.625, 59.125, 9.808251770062738e-23, nan 
-26.375, 59.125, 1.3733915993655823e-22, nan 
-26.125, 59.125, 9.106898038982282e-23, nan 
-25.875, 59.125, 6.808616749154793e-23, nan 
-25.625, 59.125, 4.8309683683305576e-23, nan 
-25.375, 59.125, 9.212645766678474e-23, nan 
-25.125, 59.125, 7.595705764495972e-23, nan 
-24.875, 59.125, 6.808113503392691e-23, nan 
-24.625, 59.125, 5.740857387040524e-23, nan 
-24.375, 59.125, 5.593550695030588e-23, nan 
-24.125, 59.125, 5.389210617832234e-23, nan 
-23.875, 59.125, 7.22290447873898e-23, nan 
-23.625, 59.125, 6.560603102432319e-23, nan 
-23.375, 59.125, 4.6879080477114796e-23, nan 
-23.125, 59.125, 1.1091725800173932e-22, nan 
-22.875, 59.125, 1.218553013922146e-22, nan 
-22.625, 59.125, 1.1024335500818625e-22, nan 
-22.375, 59.125, 1.1967423155351592e-22, nan 
-22.125, 59.125, 1.0990526223605223e-22, nan 
-21.875, 59.125, 7.128421508705278e-23, nan 
-21.625, 59.125, 6.337471422663209e-23, nan 
-21.375, 59.125, 6.982287049739053e-23, nan 
-21.125, 59.125, 9.83326353562431e-23, nan 
-20.875, 59.125, 6.854934947786471e-23, nan 
-20.625, 59.125, 6.68643664115693e-23, nan 
-20.375, 59.125, 5.245338476518171e-23, nan 
-20.125, 59.125, 3.4421639989640027e-23, nan 
-19.875, 59.125, 3.310664566327794e-23, nan 
-19.625, 59.125, 3.131938570705343e-23, nan 
-19.375, 59.125, 5.139084510119859e-23, nan 
-19.125, 59.125, 6.751527754772933e-23, nan 
-18.875, 59.125, 6.225099533064626e-23, nan 
-18.625, 59.125, 4.845880282764635e-23, nan 
-18.375, 59.125, 3.305540108245294e-23, nan 
-18.125, 59.125, 2.971106015955336e-23, nan 
-17.875, 59.125, 4.954601278960622e-23, nan 
-17.625, 59.125, 4.7332343629090154e-23, nan 
-17.375, 59.125, 2.2621150143910936e-23, nan 
-17.125, 59.125, 3.8248871693998257e-23, nan 
-16.875, 59.125, 3.850883902091815e-23, nan 
-16.625, 59.125, 3.5556379458395845e-23, nan 
-16.375, 59.125, 3.5436453730864234e-23, nan 
-16.125, 59.125, 6.38282231116255e-23, nan 
-15.875, 59.125, 6.120280876746499e-23, nan 
-15.625, 59.125, 3.475894451918412e-23, nan 
-15.375, 59.125, 2.896458198101282e-23, nan 
-15.125, 59.125, 3.223426990516159e-23, nan 
-14.875, 59.125, 3.1707213706778045e-23, nan 
-14.625, 59.125, 1.6137692145325105e-23, nan 
-14.375, 59.125, 6.782127733334684e-24, nan 
-14.125, 59.125, 1.9924455676560817e-23, nan 
-13.875, 59.125, 2.0980294981512405e-23, nan 
-13.625, 59.125, 1.7650469532927295e-23, nan 
-13.375, 59.125, 3.854299522811758e-23, nan 
-13.125, 59.125, 5.229935495767367e-23, nan 
-12.875, 59.125, 4.721381464922849e-23, nan 
-12.625, 59.125, 2.356708372683531e-23, nan 
-12.375, 59.125, 1.606837048965126e-23, nan 
-12.125, 59.125, 4.208087828855506e-23, nan 
-11.875, 59.125, 5.733472844630256e-23, nan 
-11.625, 59.125, 3.947869075603519e-23, nan 
-11.375, 59.125, 1.0403075379644027e-23, nan 
-11.125, 59.125, 1.0505654906135428e-23, nan 
-10.875, 59.125, 2.1995642969888194e-23, nan 
-10.625, 59.125, 2.2716847385079638e-23, nan 
-10.375, 59.125, 2.6287819025816035e-23, nan 
-10.125, 59.125, 2.8581133254244856e-23, nan 
-9.875, 59.125, 2.5250760104412357e-23, nan 
-9.625, 59.125, 2.4211040103872808e-23, nan 
-9.375, 59.125, 6.635860551271592e-23, nan 
-9.125, 59.125, 6.625869359144594e-23, nan 
-8.875, 59.125, 4.17073146062127e-23, nan 
-8.625, 59.125, 6.058227728483907e-23, nan 
-8.375, 59.125, 6.629320124222796e-23, nan 
-8.125, 59.125, 5.447890106080104e-23, nan 
-7.875, 59.125, 4.4753700571759166e-23, nan 
-7.625, 59.125, 1.3794868361461573e-23, nan 
-7.375, 59.125, 2.4445504489177422e-23, nan 
-7.125, 59.125, 3.901883113072833e-23, nan 
-6.875, 59.125, 3.6810397914180104e-23, nan 
-6.625, 59.125, 3.531856511106691e-23, nan 
-6.375, 59.125, 6.655312912118835e-23, nan 
-6.125, 59.125, 5.310505231314103e-23, nan 
-5.875, 59.125, 2.470038629197977e-23, nan 
-5.625, 59.125, 2.4211780312478315e-23, nan 
-5.375, 59.125, 2.6014561662706458e-23, nan 
-5.125, 59.125, 2.2597100150232776e-23, nan 
-4.875, 59.125, 1.619867753991909e-23, nan 
-4.625, 59.125, 2.5006393327286917e-23, nan 
-4.375, 59.125, 2.7077225158245725e-23, nan 
-4.125, 59.125, 3.824222110459064e-23, nan 
-3.875, 59.125, 3.4660039075476285e-23, nan 
-3.625, 59.125, 2.1734623118918527e-23, nan 
-3.375, 59.125, 2.2465311222441694e-23, nan 
-3.125, 59.125, 2.242026387449607e-23, nan 
-2.875, 59.125, 1.7342126366007047e-23, nan 
-2.625, 59.125, 1.6369983689088057e-23, nan 
-2.375, 59.125, 3.34954718726475e-23, nan 
-2.125, 59.125, 3.8447628832795896e-23, nan 
-1.875, 59.125, 2.2629843058511948e-23, nan 
-1.625, 59.125, 2.4778160760699947e-23, nan 
-1.375, 59.125, 4.650484529453208e-23, nan 
-1.125, 59.125, 5.521656536656754e-23, nan 
-0.875, 59.125, 5.587890579927066e-23, nan 
-0.625, 59.125, 6.414935736969311e-23, nan 
-0.375, 59.125, 4.863784702460763e-23, nan 
-0.125, 59.125, 3.9584661370880896e-23, nan 
0.125, 59.125, 3.430005611596177e-23, nan 
0.375, 59.125, 7.578215117211387e-23, nan 
0.625, 59.125, 8.250058975310842e-23, nan 
0.875, 59.125, 2.6358556556713387e-23, nan 
1.125, 59.125, 4.004839689745995e-23, nan 
1.375, 59.125, 4.171360478116469e-23, nan 
1.625, 59.125, 4.093207740908076e-23, nan 
1.875, 59.125, 3.284099435638772e-23, nan 
2.125, 59.125, 2.3434211359871115e-23, nan 
2.375, 59.125, 2.173302895727643e-23, nan 
2.625, 59.125, 1.9324317549311482e-23, nan 
2.875, 59.125, 3.252798994172459e-23, nan 
3.125, 59.125, 3.721789895420333e-23, nan 
3.375, 59.125, 3.162734414705055e-23, nan 
3.625, 59.125, 1.756919330283404e-23, nan 
3.875, 59.125, 2.9877149705291645e-23, nan 
4.125, 59.125, 5.064136177190739e-23, nan 
4.375, 59.125, 5.0537028873892344e-23, nan 
4.625, 59.125, 3.1492795315424125e-23, nan 
4.875, 59.125, 3.7631070732982495e-23, nan 
5.125, 59.125, 3.402278377042359e-23, nan 
5.375, 59.125, 4.441093830186456e-23, nan 
5.625, 59.125, 2.6246960369324565e-23, nan 
5.875, 59.125, 1.803404040367053e-23, nan 
6.125, 59.125, 1.9793190547220912e-23, nan 
6.375, 59.125, 1.8028918246929033e-23, nan 
6.625, 59.125, 3.0016259030750505e-23, nan 
6.875, 59.125, 3.096187993333163e-23, nan 
7.125, 59.125, 1.4118286032219872e-23, nan 
7.375, 59.125, 1.8009446227862666e-23, nan 
7.625, 59.125, 1.7025261416603986e-23, nan 
7.875, 59.125, 2.659189147535491e-23, nan 
8.125, 59.125, 4.533474986015035e-23, nan 
8.375, 59.125, 4.5110125819163935e-23, nan 
8.625, 59.125, 3.2724254117007485e-23, nan 
8.875, 59.125, 2.4448206592635627e-23, nan 
9.125, 59.125, 1.1630869153244548e-23, nan 
9.375, 59.125, 8.168757601369944e-23, nan 
9.625, 59.125, 1.6573787830611321e-22, nan 
9.875, 59.125, 1.7477241350917451e-22, nan 
10.125, 59.125, 1.2349411036617234e-22, nan 
10.375, 59.125, 1.7917245551787986e-22, nan 
10.625, 59.125, 1.5916565951011042e-22, nan 
10.875, 59.125, 4.611894424536039e-23, nan 
11.125, 59.125, 4.417768264547857e-23, nan 
11.375, 59.125, 2.9807330172560294e-23, nan 
11.625, 59.125, 2.6716788288641093e-23, nan 
11.875, 59.125, 1.6402130696644357e-23, nan 
12.125, 59.125, 1.5921866816165923e-23, nan 
12.375, 59.125, 1.625365843310817e-23, nan 
12.625, 59.125, 1.6921564622721197e-23, nan 
12.875, 59.125, 1.9085698378098356e-23, nan 
13.125, 59.125, 3.1574053952702936e-23, nan 
13.375, 59.125, 3.1982534041053465e-23, nan 
13.625, 59.125, 4.1486192268803644e-23, nan 
13.875, 59.125, 4.0034851126958473e-23, nan 
14.125, 59.125, 2.5354064849429252e-23, nan 
14.375, 59.125, 2.9338533867050894e-23, nan 
14.625, 59.125, 2.3602290411359565e-23, nan 
14.875, 59.125, 1.8285182148767478e-23, nan 
15.125, 59.125, 2.4094698284619414e-23, nan 
15.375, 59.125, 3.968462705112189e-23, nan 
15.625, 59.125, 3.4037882306181105e-23, nan 
15.875, 59.125, 1.0343707038192859e-23, nan 
16.125, 59.125, 2.4768564253401928e-23, nan 
16.375, 59.125, 2.7673764360874034e-23, nan 
16.625, 59.125, 2.2037759791159173e-23, nan 
16.875, 59.125, 2.697700940086666e-23, nan 
17.125, 59.125, 2.5760486935110633e-23, nan 
17.375, 59.125, 1.639235697740296e-23, nan 
17.625, 59.125, 1.7944554493255603e-23, nan 
17.875, 59.125, 1.560399208686028e-23, nan 
18.125, 59.125, 2.539524120466196e-23, nan 
18.375, 59.125, 3.2647892256799314e-23, nan 
18.625, 59.125, 2.7214973957644234e-23, nan 
18.875, 59.125, 3.110306668834047e-23, nan 
19.125, 59.125, 3.1525705210905215e-23, nan 
19.375, 59.125, 2.080262807748371e-23, nan 
19.625, 59.125, 1.532137776702179e-23, nan 
19.875, 59.125, 1.703769327045017e-23, nan 
20.125, 59.125, 2.0887904974761125e-23, nan 
20.375, 59.125, 2.052922907281901e-23, nan 
20.625, 59.125, 2.0836547809849235e-23, nan 
20.875, 59.125, 1.6960036259788867e-23, nan 
21.125, 59.125, 1.1870074228793945e-23, nan 
21.375, 59.125, 1.2550532771954259e-23, nan 
21.625, 59.125, 7.046903288141567e-24, nan 
21.875, 59.125, 6.859071314043584e-24, nan 
22.125, 59.125, 5.987209085751835e-24, nan 
22.375, 59.125, 7.085938536998305e-24, nan 
22.625, 59.125, 7.086649389499587e-24, nan 
22.875, 59.125, 1.0048841888564918e-23, nan 
23.125, 59.125, 9.46597336594799e-24, nan 
23.375, 59.125, 7.052123998543343e-24, nan 
23.625, 59.125, 6.898495999769927e-24, nan 
23.875, 59.125, 6.833184728688515e-24, nan 
24.125, 59.125, 8.658599663700002e-24, nan 
24.375, 59.125, 1.0182352354401696e-23, nan 
24.625, 59.125, 9.687475286419053e-24, nan 
24.875, 59.125, 1.7386751495909076e-23, nan 
25.125, 59.125, 2.2500378590379094e-23, nan 
25.375, 59.125, 1.4763162128018915e-23, nan 
25.625, 59.125, 5.224352015546818e-24, nan 
25.875, 59.125, 5.845758557034161e-24, nan 
26.125, 59.125, 1.1174162873128502e-23, nan 
26.375, 59.125, 1.0787649314813755e-23, nan 
26.625, 59.125, 1.225584394535406e-23, nan 
26.875, 59.125, 1.0862626575605225e-23, nan 
27.125, 59.125, 1.1798982790353519e-23, nan 
27.375, 59.125, 1.1047370946486386e-23, nan 
27.625, 59.125, 5.74414551641556e-24, nan 
27.875, 59.125, 6.07152211363958e-24, nan 
28.125, 59.125, 6.378668238641035e-24, nan 
28.375, 59.125, 3.0225638541827537e-24, nan 
28.625, 59.125, 3.361699887371354e-24, nan 
28.875, 59.125, 8.033049324470438e-24, nan 
-100.875, 59.375, 1.2639283389334228e-23, nan 
-100.625, 59.375, 1.191870222912245e-23, nan 
-100.375, 59.375, 1.3888089323187392e-23, nan 
-100.125, 59.375, 1.3542286195785849e-23, nan 
-99.875, 59.375, 1.0363002334375141e-23, nan 
-99.625, 59.375, 8.638464114044479e-24, nan 
-99.375, 59.375, 1.1942660704586349e-23, nan 
-99.125, 59.375, 1.2230650919697896e-23, nan 
-98.875, 59.375, 1.4218601135318136e-23, nan 
-98.625, 59.375, 1.5259884525538742e-23, nan 
-98.375, 59.375, 1.8093872932187016e-23, nan 
-98.125, 59.375, 1.384707312905557e-23, nan 
-97.875, 59.375, 1.0619024902151906e-23, nan 
-97.625, 59.375, 1.3140609661201161e-23, nan 
-97.375, 59.375, 1.370696820811072e-23, nan 
-97.125, 59.375, 9.750691841775838e-24, nan 
-96.875, 59.375, 6.63475270108653e-24, nan 
-96.625, 59.375, 9.608180716098952e-24, nan 
-96.375, 59.375, 1.4189090941378565e-23, nan 
-96.125, 59.375, 1.5950921501907727e-23, nan 
-95.875, 59.375, 1.8046891807774835e-23, nan 
-95.625, 59.375, 1.6251573156888233e-23, nan 
-95.375, 59.375, 1.2938976586134601e-23, nan 
-95.125, 59.375, 1.436551275649575e-23, nan 
-94.875, 59.375, 1.6437392791252852e-23, nan 
-94.625, 59.375, 1.526475566802514e-23, nan 
-94.375, 59.375, 1.542831124182205e-23, nan 
-94.125, 59.375, 1.9189633420281133e-23, nan 
-93.875, 59.375, 1.793851975344865e-23, nan 
-93.625, 59.375, 1.9527499628835053e-23, nan 
-93.375, 59.375, 2.296289548758953e-23, nan 
-93.125, 59.375, 1.859961687402572e-23, nan 
-92.875, 59.375, 2.178040372015592e-23, nan 
-92.625, 59.375, 1.9088447568192786e-23, nan 
-92.375, 59.375, 1.5164390030637717e-23, nan 
-92.125, 59.375, 1.3227587926125381e-23, nan 
-91.875, 59.375, 1.5246314138065047e-23, nan 
-91.625, 59.375, 1.6598637557763602e-23, nan 
-91.375, 59.375, 1.9412950209741652e-23, nan 
-91.125, 59.375, 1.7814333662205487e-23, nan 
-90.875, 59.375, 2.056960638425184e-23, nan 
-90.625, 59.375, 2.2777557093995883e-23, nan 
-90.375, 59.375, 2.372587484982993e-23, nan 
-90.125, 59.375, 2.4356795833300336e-23, nan 
-89.875, 59.375, 2.0527162669892457e-23, nan 
-89.625, 59.375, 1.467371252386655e-23, nan 
-89.375, 59.375, 1.1135683796775599e-23, nan 
-89.125, 59.375, 1.192612752506021e-23, nan 
-88.875, 59.375, 1.118920746800397e-23, nan 
-88.625, 59.375, 8.76522845014711e-24, nan 
-88.375, 59.375, 5.178434366676228e-24, nan 
-88.125, 59.375, 4.8401392636610894e-24, nan 
-87.875, 59.375, 4.56111384266343e-24, nan 
-87.625, 59.375, 6.210936973978957e-24, nan 
-87.375, 59.375, 6.659695062610555e-24, nan 
-87.125, 59.375, 5.9629216537684415e-24, nan 
-86.875, 59.375, 5.428967908679421e-24, nan 
-86.625, 59.375, 5.136432216917038e-24, nan 
-86.375, 59.375, 8.519904453441792e-24, nan 
-86.125, 59.375, 9.895007786608548e-24, nan 
-85.875, 59.375, 1.0561117209380853e-23, nan 
-85.625, 59.375, 1.031862133680314e-23, nan 
-85.375, 59.375, 1.0556386587714021e-23, nan 
-85.125, 59.375, 9.483515867355385e-24, nan 
-84.875, 59.375, 1.1713755936748311e-23, nan 
-84.625, 59.375, 1.2540202851608769e-23, nan 
-84.375, 59.375, 1.1728609465736545e-23, nan 
-84.125, 59.375, 1.1931729090750588e-23, nan 
-83.875, 59.375, 1.0555801247586603e-23, nan 
-83.625, 59.375, 1.1192936604562877e-23, nan 
-83.375, 59.375, 1.1818604851830805e-23, nan 
-83.125, 59.375, 8.491505196858903e-24, nan 
-82.875, 59.375, 7.958182117465978e-24, nan 
-82.625, 59.375, 8.92590267440136e-24, nan 
-82.375, 59.375, 9.594753705005949e-24, nan 
-82.125, 59.375, 8.515470594227454e-24, nan 
-81.875, 59.375, 5.651043120882484e-24, nan 
-81.625, 59.375, 4.8855841507370526e-24, nan 
-81.375, 59.375, 8.359396520057708e-24, nan 
-81.125, 59.375, 7.55950514952847e-24, nan 
-80.875, 59.375, 6.094018202890493e-24, nan 
-80.625, 59.375, 6.1704506070792644e-24, nan 
-80.375, 59.375, 5.918876002454936e-24, nan 
-80.125, 59.375, 1.1588312845106305e-23, nan 
-79.875, 59.375, 1.418825702623844e-23, nan 
-79.625, 59.375, 5.6033303479883066e-24, nan 
-79.375, 59.375, 1.4823567611485376e-23, nan 
-79.125, 59.375, 1.7677800417140192e-23, nan 
-78.875, 59.375, 7.66166928330207e-24, nan 
-78.625, 59.375, 1.3073630822882744e-23, nan 
-78.375, 59.375, 1.6883597581177264e-23, nan 
-78.125, 59.375, 2.03865086231481e-23, nan 
-77.875, 59.375, 1.7948706891865347e-23, nan 
-77.625, 59.375, 3.3414990065864754e-23, nan 
-77.375, 59.375, 3.353806464574262e-23, nan 
-77.125, 59.375, 1.0654100292572745e-23, nan 
-76.875, 59.375, 1.1010519444990567e-23, nan 
-76.625, 59.375, 1.1313632968391801e-23, nan 
-76.375, 59.375, 1.1426138107080976e-23, nan 
-76.125, 59.375, 1.1065619304219663e-23, nan 
-75.875, 59.375, 9.68950769891588e-24, nan 
-75.625, 59.375, 1.0972940665527415e-23, nan 
-75.375, 59.375, 1.0172368405867654e-23, nan 
-75.125, 59.375, 9.9676726674193e-24, nan 
-74.875, 59.375, 9.398663976537109e-24, nan 
-74.625, 59.375, 8.945201447075828e-24, nan 
-74.375, 59.375, 6.224865930825425e-24, nan 
-74.125, 59.375, 1.2217833598532267e-23, nan 
-73.875, 59.375, 1.3881624411331727e-23, nan 
-73.625, 59.375, 1.4851796205066056e-23, nan 
-73.375, 59.375, 1.6308961660415406e-23, nan 
-73.125, 59.375, 1.5724705463206145e-23, nan 
-72.875, 59.375, 1.652081156419023e-23, nan 
-72.625, 59.375, 1.5147361204480947e-23, nan 
-72.375, 59.375, 1.574243505352097e-23, nan 
-72.125, 59.375, 1.0968430963139086e-23, nan 
-71.875, 59.375, 1.1461483915792858e-23, nan 
-71.625, 59.375, 1.0659054770652304e-23, nan 
-71.375, 59.375, 1.9382193307373576e-23, nan 
-71.125, 59.375, 1.8885701084009615e-23, nan 
-70.875, 59.375, 1.4065880244346288e-23, nan 
-70.625, 59.375, 1.2323735616356078e-23, nan 
-70.375, 59.375, 1.149213328420655e-23, nan 
-70.125, 59.375, 1.1303942940835642e-23, nan 
-69.875, 59.375, 1.6207815655490894e-23, nan 
-69.625, 59.375, 2.067841792383431e-23, nan 
-69.375, 59.375, 2.3093763158150015e-23, nan 
-69.125, 59.375, 2.424276485300451e-23, nan 
-68.875, 59.375, 2.2638467567126977e-23, nan 
-68.625, 59.375, 1.7055581264076083e-23, nan 
-68.375, 59.375, 1.199514420125511e-23, nan 
-68.125, 59.375, 1.7306799575733715e-23, nan 
-67.875, 59.375, 1.404478483619403e-23, nan 
-67.625, 59.375, 1.0397846270871803e-23, nan 
-67.375, 59.375, 1.5363635526559196e-23, nan 
-67.125, 59.375, 2.161264849746022e-23, nan 
-66.875, 59.375, 2.2038602778399613e-23, nan 
-66.625, 59.375, 2.1334961776923674e-23, nan 
-66.375, 59.375, 1.8621337706380162e-23, nan 
-66.125, 59.375, 1.4352661013105973e-23, nan 
-65.875, 59.375, 2.1681818924639648e-23, nan 
-65.625, 59.375, 2.4146936728668547e-23, nan 
-65.375, 59.375, 1.7308151680349905e-23, nan 
-65.125, 59.375, 1.3221964484335053e-23, nan 
-64.875, 59.375, 1.6531779080371275e-23, nan 
-64.625, 59.375, 2.3493678974662576e-23, nan 
-64.375, 59.375, 3.342840493439751e-23, nan 
-64.125, 59.375, 2.0547618802985875e-23, nan 
-63.875, 59.375, 1.2499540834289037e-23, nan 
-63.625, 59.375, 1.5834900938908244e-23, nan 
-63.375, 59.375, 1.5884128623804038e-23, nan 
-63.125, 59.375, 2.5117782300142906e-23, nan 
-62.875, 59.375, 2.6389729886689235e-23, nan 
-62.625, 59.375, 1.5314021563164756e-23, nan 
-62.375, 59.375, 6.853072611489907e-24, nan 
-62.125, 59.375, 3.2779639770850385e-23, nan 
-61.875, 59.375, 3.291613111749772e-23, nan 
-61.625, 59.375, 1.494877404165784e-23, nan 
-61.375, 59.375, 2.0123348859610415e-23, nan 
-61.125, 59.375, 2.840580020405321e-23, nan 
-60.875, 59.375, 2.5226124031542766e-23, nan 
-60.625, 59.375, 1.2482539506895271e-23, nan 
-60.375, 59.375, 2.5539226430588352e-23, nan 
-60.125, 59.375, 2.719717871509314e-23, nan 
-59.875, 59.375, 1.7658551281156e-23, nan 
-59.625, 59.375, 3.280679079882992e-23, nan 
-59.375, 59.375, 3.514353671321091e-23, nan 
-59.125, 59.375, 2.238740890041635e-23, nan 
-58.875, 59.375, 2.1107240474506112e-23, nan 
-58.625, 59.375, 1.9593277099965088e-23, nan 
-58.375, 59.375, 2.274868128204466e-23, nan 
-58.125, 59.375, 7.195912422004884e-23, nan 
-57.875, 59.375, 1.1026307542746025e-21, nan 
-57.625, 59.375, 1.3720337448010083e-21, nan 
-57.375, 59.375, 1.395331987031887e-21, nan 
-57.125, 59.375, 1.2162330995931758e-21, nan 
-56.875, 59.375, 2.1276178077025357e-22, nan 
-56.625, 59.375, 4.54801101281396e-23, nan 
-56.375, 59.375, 3.3677934307476723e-23, nan 
-56.125, 59.375, 3.3878584241493627e-23, nan 
-55.875, 59.375, 1.2332052644934182e-23, nan 
-55.625, 59.375, 1.6008704086277388e-23, nan 
-55.375, 59.375, 2.7684578127406323e-23, nan 
-55.125, 59.375, 2.9105888068143655e-23, nan 
-54.875, 59.375, 2.262227643079781e-23, nan 
-54.625, 59.375, 2.6372602807879635e-23, nan 
-54.375, 59.375, 2.9189993757520177e-23, nan 
-54.125, 59.375, 2.3700626972637204e-23, nan 
-53.875, 59.375, 1.3847664844113923e-23, nan 
-53.625, 59.375, 2.779661714384363e-23, nan 
-53.375, 59.375, 3.592769415964472e-23, nan 
-53.125, 59.375, 3.6106236033822953e-23, nan 
-52.875, 59.375, 2.4242926705739578e-23, nan 
-52.625, 59.375, 1.3393303223065978e-23, nan 
-52.375, 59.375, 1.4485628947258848e-23, nan 
-52.125, 59.375, 2.354047367355637e-23, nan 
-51.875, 59.375, 2.802888219616235e-23, nan 
-51.625, 59.375, 4.541919909855699e-23, nan 
-51.375, 59.375, 4.979196182092407e-23, nan 
-51.125, 59.375, 3.521694207923548e-23, nan 
-50.875, 59.375, 3.211311334924889e-23, nan 
-50.625, 59.375, 4.274873673823658e-23, nan 
-50.375, 59.375, 3.2581390103121443e-23, nan 
-50.125, 59.375, 2.94075177338962e-23, nan 
-49.875, 59.375, 2.910542014917817e-23, nan 
-49.625, 59.375, 3.3228612678295726e-23, nan 
-49.375, 59.375, 4.784750066398463e-23, nan 
-49.125, 59.375, 4.68057264025645e-23, nan 
-48.875, 59.375, 2.172057966911905e-23, nan 
-48.625, 59.375, 2.1015388216865824e-23, nan 
-48.375, 59.375, 2.002588666672001e-23, nan 
-48.125, 59.375, 2.782497998447302e-23, nan 
-47.875, 59.375, 4.1661598050995713e-23, nan 
-47.625, 59.375, 2.915323815239444e-23, nan 
-47.375, 59.375, 1.5288624747514335e-23, nan 
-47.125, 59.375, 2.1695923445318893e-23, nan 
-46.875, 59.375, 1.837846926111712e-23, nan 
-46.625, 59.375, 1.477059281162261e-23, nan 
-46.375, 59.375, 1.415338715675316e-23, nan 
-46.125, 59.375, 1.0142230368256023e-23, nan 
-45.875, 59.375, 3.5702741060646465e-23, nan 
-45.625, 59.375, 3.628473008571374e-23, nan 
-45.375, 59.375, 1.494527686529918e-23, nan 
-45.125, 59.375, 2.2905662143485924e-23, nan 
-44.875, 59.375, 5.2183165531018036e-23, nan 
-44.625, 59.375, 5.554679344193099e-23, nan 
-44.375, 59.375, 4.2091280904725937e-23, nan 
-44.125, 59.375, 4.9562651722002784e-23, nan 
-43.875, 59.375, 5.605712368764647e-23, nan 
-43.625, 59.375, 4.942716673103025e-23, nan 
-43.375, 59.375, 2.1202130292564642e-23, nan 
-43.125, 59.375, 3.547639349893415e-23, nan 
-42.875, 59.375, 4.8636363610752336e-23, nan 
-42.625, 59.375, 4.3652866344718487e-23, nan 
-42.375, 59.375, 3.389860323010872e-23, nan 
-42.125, 59.375, 3.137361436362677e-23, nan 
-41.875, 59.375, 5.900897171383198e-23, nan 
-41.625, 59.375, 5.88325211311515e-23, nan 
-41.375, 59.375, 4.640497017269747e-23, nan 
-41.125, 59.375, 6.081159299229729e-23, nan 
-40.875, 59.375, 7.888431008363332e-23, nan 
-40.625, 59.375, 7.015493470854288e-23, nan 
-40.375, 59.375, 3.1618131533220727e-23, nan 
-40.125, 59.375, 2.921668553939692e-23, nan 
-39.875, 59.375, 2.266516399823256e-23, nan 
-39.625, 59.375, 2.2174828578040202e-23, nan 
-39.375, 59.375, 3.8425418232238377e-23, nan 
-39.125, 59.375, 4.326025677770531e-23, nan 
-38.875, 59.375, 3.6141226566253046e-23, nan 
-38.625, 59.375, 2.9736646620252806e-23, nan 
-38.375, 59.375, 2.388047292341814e-23, nan 
-38.125, 59.375, 3.321931711256707e-23, nan 
-37.875, 59.375, 3.496612037684322e-23, nan 
-37.625, 59.375, 3.34571886739229e-23, nan 
-37.375, 59.375, 3.085056880608621e-23, nan 
-37.125, 59.375, 2.4735248326777425e-23, nan 
-36.875, 59.375, 1.840952300673945e-23, nan 
-36.625, 59.375, 1.9916775124022144e-23, nan 
-36.375, 59.375, 4.824801212140816e-23, nan 
-36.125, 59.375, 4.67723608299716e-23, nan 
-35.875, 59.375, 2.805939905887671e-23, nan 
-35.625, 59.375, 1.936656289837745e-23, nan 
-35.375, 59.375, 3.168114973808046e-23, nan 
-35.125, 59.375, 3.305582115880281e-23, nan 
-34.875, 59.375, 2.3853278489195098e-23, nan 
-34.625, 59.375, 1.6304774375224152e-23, nan 
-34.375, 59.375, 1.43319777457322e-23, nan 
-34.125, 59.375, 7.304127823736928e-23, nan 
-33.875, 59.375, 7.401420989287232e-23, nan 
-33.625, 59.375, 3.0635318128954173e-23, nan 
-33.375, 59.375, 3.3742236156813806e-23, nan 
-33.125, 59.375, 1.9027080865267777e-23, nan 
-32.875, 59.375, 1.3126049944988049e-23, nan 
-32.625, 59.375, 1.75550243743474e-23, nan 
-32.375, 59.375, 3.46739125075307e-23, nan 
-32.125, 59.375, 3.138944520653857e-23, nan 
-31.875, 59.375, 3.6149450227169635e-23, nan 
-31.625, 59.375, 7.019361846285169e-23, nan 
-31.375, 59.375, 9.062929000947712e-23, nan 
-31.125, 59.375, 4.821064211358503e-23, nan 
-30.875, 59.375, 6.206505715151057e-23, nan 
-30.625, 59.375, 6.418865508769694e-23, nan 
-30.375, 59.375, 4.852187279141894e-23, nan 
-30.125, 59.375, 5.370592849264628e-23, nan 
-29.875, 59.375, 3.3458176706174266e-23, nan 
-29.625, 59.375, 1.735471894296178e-23, nan 
-29.375, 59.375, 6.463623656783204e-24, nan 
-29.125, 59.375, 5.54655825446622e-23, nan 
-28.875, 59.375, 5.671808803242488e-23, nan 
-28.625, 59.375, 3.317155976395987e-23, nan 
-28.375, 59.375, 8.624024671156287e-23, nan 
-28.125, 59.375, 1.055704652857494e-22, nan 
-27.875, 59.375, 6.872558853638506e-23, nan 
-27.625, 59.375, 1.0273668264233945e-22, nan 
-27.375, 59.375, 8.367470553276304e-23, nan 
-27.125, 59.375, 8.839231374679649e-24, nan 
-26.875, 59.375, 4.197094876096926e-23, nan 
-26.625, 59.375, 4.512867586460282e-23, nan 
-26.375, 59.375, 9.539731835836548e-23, nan 
-26.125, 59.375, 5.323117009406601e-23, nan 
-25.875, 59.375, 3.9085091346706423e-23, nan 
-25.625, 59.375, 9.607015926387918e-23, nan 
-25.375, 59.375, 1.5591843403780425e-22, nan 
-25.125, 59.375, 1.0704232472258223e-22, nan 
-24.875, 59.375, 1.4424074440823414e-22, nan 
-24.625, 59.375, 1.2760772092345982e-22, nan 
-24.375, 59.375, 6.038380623951942e-23, nan 
-24.125, 59.375, 1.0025426234809499e-22, nan 
-23.875, 59.375, 1.1569931026114899e-22, nan 
-23.625, 59.375, 9.310093960531172e-23, nan 
-23.375, 59.375, 8.473172600040005e-23, nan 
-23.125, 59.375, 5.295878856132929e-23, nan 
-22.875, 59.375, 5.315751042348096e-23, nan 
-22.625, 59.375, 9.062799029419633e-23, nan 
-22.375, 59.375, 8.468144164634669e-23, nan 
-22.125, 59.375, 6.680498546620585e-23, nan 
-21.875, 59.375, 4.3310418713012256e-23, nan 
-21.625, 59.375, 6.261188716388446e-23, nan 
-21.375, 59.375, 7.341800752325979e-23, nan 
-21.125, 59.375, 6.056147234278897e-23, nan 
-20.875, 59.375, 8.468506072326854e-23, nan 
-20.625, 59.375, 8.132866572393859e-23, nan 
-20.375, 59.375, 6.82734778825107e-23, nan 
-20.125, 59.375, 5.045432324502589e-23, nan 
-19.875, 59.375, 3.2187683037422705e-23, nan 
-19.625, 59.375, 4.649204492180648e-23, nan 
-19.375, 59.375, 3.609122263396415e-23, nan 
-19.125, 59.375, 7.212379714784222e-23, nan 
-18.875, 59.375, 8.453945821621671e-23, nan 
-18.625, 59.375, 5.899860594020119e-23, nan 
-18.375, 59.375, 4.2237015710746526e-23, nan 
-18.125, 59.375, 4.085830851323212e-23, nan 
-17.875, 59.375, 3.7737459858127717e-23, nan 
-17.625, 59.375, 2.4524759947642048e-23, nan 
-17.375, 59.375, 2.529566236103542e-23, nan 
-17.125, 59.375, 3.02541617012383e-23, nan 
-16.875, 59.375, 3.9560759109686587e-23, nan 
-16.625, 59.375, 3.7311401934866225e-23, nan 
-16.375, 59.375, 4.7954004081920687e-23, nan 
-16.125, 59.375, 5.767590616789031e-23, nan 
-15.875, 59.375, 5.714919808462732e-23, nan 
-15.625, 59.375, 2.9385177708798044e-23, nan 
-15.375, 59.375, 4.3560328486147255e-23, nan 
-15.125, 59.375, 5.1211484980269914e-23, nan 
-14.875, 59.375, 5.168354420876165e-23, nan 
-14.625, 59.375, 4.140220193259633e-23, nan 
-14.375, 59.375, 1.1670470669138859e-23, nan 
-14.125, 59.375, 1.5081222568197542e-23, nan 
-13.875, 59.375, 1.51733340947089e-23, nan 
-13.625, 59.375, 2.2895785730686583e-23, nan 
-13.375, 59.375, 3.005525722976101e-23, nan 
-13.125, 59.375, 3.8396858232416876e-23, nan 
-12.875, 59.375, 4.950372543004639e-23, nan 
-12.625, 59.375, 5.385131869326557e-23, nan 
-12.375, 59.375, 8.01069428797474e-23, nan 
-12.125, 59.375, 7.941031413468714e-23, nan 
-11.875, 59.375, 5.724631935412569e-23, nan 
-11.625, 59.375, 2.5428824302509836e-23, nan 
-11.375, 59.375, 8.842691124045388e-24, nan 
-11.125, 59.375, 1.9973698468771346e-23, nan 
-10.875, 59.375, 2.5670059322670873e-23, nan 
-10.625, 59.375, 3.2795321518198004e-23, nan 
-10.375, 59.375, 3.082530049919517e-23, nan 
-10.125, 59.375, 2.918116165287475e-23, nan 
-9.875, 59.375, 3.725904088154545e-23, nan 
-9.625, 59.375, 2.4483893204379477e-23, nan 
-9.375, 59.375, 4.026715415310736e-23, nan 
-9.125, 59.375, 3.9822061852783484e-23, nan 
-8.875, 59.375, 4.132381613834561e-23, nan 
-8.625, 59.375, 3.201156718497092e-23, nan 
-8.375, 59.375, 3.7552722123994723e-23, nan 
-8.125, 59.375, 3.198868783915807e-23, nan 
-7.875, 59.375, 1.2196412420354364e-23, nan 
-7.625, 59.375, 1.926253094613284e-23, nan 
-7.375, 59.375, 2.5620852242472908e-23, nan 
-7.125, 59.375, 5.877538177155201e-23, nan 
-6.875, 59.375, 6.538102001686753e-23, nan 
-6.625, 59.375, 8.15094042896071e-23, nan 
-6.375, 59.375, 6.829584229061909e-23, nan 
-6.125, 59.375, 3.362886860083762e-23, nan 
-5.875, 59.375, 3.4087697234845236e-23, nan 
-5.625, 59.375, 3.933591362678782e-23, nan 
-5.375, 59.375, 3.2436912833327036e-23, nan 
-5.125, 59.375, 4.337898642747828e-23, nan 
-4.875, 59.375, 3.256034920448986e-23, nan 
-4.625, 59.375, 2.4344875351982424e-23, nan 
-4.375, 59.375, 2.1416785094845887e-23, nan 
-4.125, 59.375, 2.5056190180717604e-23, nan 
-3.875, 59.375, 1.5120673235758495e-23, nan 
-3.625, 59.375, 2.245396305746555e-23, nan 
-3.375, 59.375, 2.733930194283606e-23, nan 
-3.125, 59.375, 2.4663542411044036e-23, nan 
-2.875, 59.375, 2.2340465032016115e-23, nan 
-2.625, 59.375, 2.2052534989639035e-23, nan 
-2.375, 59.375, 2.1132368176531523e-23, nan 
-2.125, 59.375, 2.617921206061741e-23, nan 
-1.875, 59.375, 3.525316230748296e-23, nan 
-1.625, 59.375, 3.375419182566575e-23, nan 
-1.375, 59.375, 3.035123735043973e-23, nan 
-1.125, 59.375, 4.51302646737065e-23, nan 
-0.875, 59.375, 5.480049123437077e-23, nan 
-0.625, 59.375, 6.425961828395994e-23, nan 
-0.375, 59.375, 5.786669032319578e-23, nan 
-0.125, 59.375, 3.616744944652658e-23, nan 
0.125, 59.375, 5.469485803604392e-23, nan 
0.375, 59.375, 9.301489398670828e-23, nan 
0.625, 59.375, 8.142692591795073e-23, nan 
0.875, 59.375, 3.3574502286741933e-23, nan 
1.125, 59.375, 4.0373522635312563e-23, nan 
1.375, 59.375, 4.1860985218268715e-23, nan 
1.625, 59.375, 5.047777598822928e-23, nan 
1.875, 59.375, 4.3704475908663216e-23, nan 
2.125, 59.375, 3.070746448948356e-23, nan 
2.375, 59.375, 1.2385168204142912e-23, nan 
2.625, 59.375, 9.592552751156524e-24, nan 
2.875, 59.375, 1.6485348002226515e-23, nan 
3.125, 59.375, 2.4498039024287414e-23, nan 
3.375, 59.375, 2.3676911462531554e-23, nan 
3.625, 59.375, 1.511983261239026e-23, nan 
3.875, 59.375, 1.291912320520838e-23, nan 
4.125, 59.375, 1.7822237984481998e-23, nan 
4.375, 59.375, 3.417339128781891e-23, nan 
4.625, 59.375, 4.1297208586085487e-23, nan 
4.875, 59.375, 3.728406586410094e-23, nan 
5.125, 59.375, 4.321878382513821e-23, nan 
5.375, 59.375, 6.571556948641861e-23, nan 
5.625, 59.375, 2.99419119536714e-23, nan 
5.875, 59.375, 1.1322367263520683e-23, nan 
6.125, 59.375, 1.105013744325407e-23, nan 
6.375, 59.375, 9.122188229621928e-24, nan 
6.625, 59.375, 1.9834499783211526e-23, nan 
6.875, 59.375, 2.443436679237327e-23, nan 
7.125, 59.375, 1.665991004640528e-23, nan 
7.375, 59.375, 2.2025072588091945e-23, nan 
7.625, 59.375, 4.753448030440842e-23, nan 
7.875, 59.375, 4.8509061688500577e-23, nan 
8.125, 59.375, 3.1704774703928994e-23, nan 
8.375, 59.375, 1.7152056499634132e-23, nan 
8.625, 59.375, 2.255976474655213e-23, nan 
8.875, 59.375, 4.042354629675811e-23, nan 
9.125, 59.375, 4.481356525203394e-23, nan 
9.375, 59.375, 3.956707951946963e-23, nan 
9.625, 59.375, 5.691035466304185e-23, nan 
9.875, 59.375, 1.2382139484055275e-22, nan 
10.125, 59.375, 1.206738746864582e-22, nan 
10.375, 59.375, 1.0710584090239974e-22, nan 
10.625, 59.375, 7.327398716168368e-23, nan 
10.875, 59.375, 2.838359420344891e-23, nan 
11.125, 59.375, 2.4207361633224313e-23, nan 
11.375, 59.375, 3.1081311836651637e-23, nan 
11.625, 59.375, 2.529819706476466e-23, nan 
11.875, 59.375, 1.567249569619098e-23, nan 
12.125, 59.375, 1.472036272699058e-23, nan 
12.375, 59.375, 2.4084361116547625e-23, nan 
12.625, 59.375, 2.489593619487287e-23, nan 
12.875, 59.375, 1.2992019046134602e-23, nan 
13.125, 59.375, 1.3335833947701018e-23, nan 
13.375, 59.375, 1.3442009730988376e-23, nan 
13.625, 59.375, 1.740409064533354e-23, nan 
13.875, 59.375, 1.4441700961691036e-23, nan 
14.125, 59.375, 8.37864004749029e-24, nan 
14.375, 59.375, 1.9791872750224083e-23, nan 
14.625, 59.375, 2.4380322076188164e-23, nan 
14.875, 59.375, 2.657900772266332e-23, nan 
15.125, 59.375, 3.280210894056425e-23, nan 
15.375, 59.375, 2.787849222717994e-23, nan 
15.625, 59.375, 9.13182024548323e-24, nan 
15.875, 59.375, 1.2186884963577187e-23, nan 
16.125, 59.375, 2.528935889681256e-23, nan 
16.375, 59.375, 2.77117331354342e-23, nan 
16.625, 59.375, 2.4973217632978658e-23, nan 
16.875, 59.375, 1.9855555892778325e-23, nan 
17.125, 59.375, 1.4384160922563e-23, nan 
17.375, 59.375, 2.4288487236610815e-23, nan 
17.625, 59.375, 2.113584918971989e-23, nan 
17.875, 59.375, 1.1941263659557234e-23, nan 
18.125, 59.375, 1.9137300065790856e-23, nan 
18.375, 59.375, 2.171604784613475e-23, nan 
18.625, 59.375, 2.1248685263603405e-23, nan 
18.875, 59.375, 3.053879046015381e-23, nan 
19.125, 59.375, 3.2514249599250773e-23, nan 
19.375, 59.375, 2.5056255918536243e-23, nan 
19.625, 59.375, 1.8515562017966328e-23, nan 
19.875, 59.375, 1.3069969899006176e-23, nan 
20.125, 59.375, 1.0272270089046558e-23, nan 
20.375, 59.375, 1.0425115019893566e-23, nan 
20.625, 59.375, 2.207356493681486e-23, nan 
20.875, 59.375, 2.0472222839049684e-23, nan 
21.125, 59.375, 1.1168659716368521e-23, nan 
21.375, 59.375, 6.4491198284897725e-24, nan 
21.625, 59.375, 9.099755223220785e-24, nan 
21.875, 59.375, 9.30160210542903e-24, nan 
22.125, 59.375, 1.076838256959872e-23, nan 
22.375, 59.375, 1.5812494134831007e-23, nan 
22.625, 59.375, 1.164423314271491e-23, nan 
22.875, 59.375, 5.449709278124967e-24, nan 
23.125, 59.375, 6.502313101465137e-24, nan 
23.375, 59.375, 8.202505440156124e-24, nan 
23.625, 59.375, 5.5951163309698934e-24, nan 
23.875, 59.375, 7.831220213461873e-24, nan 
24.125, 59.375, 8.953562478024493e-24, nan 
24.375, 59.375, 9.789238671202141e-24, nan 
24.625, 59.375, 1.6086524984909786e-23, nan 
24.875, 59.375, 2.4309524786091142e-23, nan 
25.125, 59.375, 2.7178587350781925e-23, nan 
25.375, 59.375, 1.8745492721892138e-23, nan 
25.625, 59.375, 7.3841429774508e-24, nan 
25.875, 59.375, 9.085670842799031e-24, nan 
26.125, 59.375, 8.245454862055646e-24, nan 
26.375, 59.375, 9.451626728903942e-24, nan 
26.625, 59.375, 1.0786521302650629e-23, nan 
26.875, 59.375, 1.0355849004238663e-23, nan 
27.125, 59.375, 1.5442457592112672e-23, nan 
27.375, 59.375, 1.4811676389754826e-23, nan 
27.625, 59.375, 7.336755894147497e-24, nan 
27.875, 59.375, 6.810010589734407e-24, nan 
28.125, 59.375, 7.155037915366716e-24, nan 
28.375, 59.375, 5.5135281335471704e-24, nan 
28.625, 59.375, 8.175457531519152e-24, nan 
28.875, 59.375, 9.236615620054183e-24, nan 
29.125, 59.375, 6.172104099976879e-24, nan 
29.375, 59.375, 1.177085953402366e-23, nan 
29.625, 59.375, 1.0724712609656742e-23, nan 
-101.875, 59.625, 1.1203979982569862e-23, nan 
-101.625, 59.625, 1.2519984378317229e-23, nan 
-101.375, 59.625, 1.362234396863591e-23, nan 
-101.125, 59.625, 1.3515859021217437e-23, nan 
-100.875, 59.625, 1.1749405281649294e-23, nan 
-100.625, 59.625, 9.912401871414031e-24, nan 
-100.375, 59.625, 1.1437683895114537e-23, nan 
-100.125, 59.625, 1.324022250887078e-23, nan 
-99.875, 59.625, 1.1229572867986446e-23, nan 
-99.625, 59.625, 1.03957748085948e-23, nan 
-99.375, 59.625, 1.3516646478475997e-23, nan 
-99.125, 59.625, 1.2174622716401676e-23, nan 
-98.875, 59.625, 1.405018759222673e-23, nan 
-98.625, 59.625, 1.6224784312343473e-23, nan 
-98.375, 59.625, 2.2002259824508222e-23, nan 
-98.125, 59.625, 2.133173941656358e-23, nan 
-97.875, 59.625, 1.3854673418341955e-23, nan 
-97.625, 59.625, 1.3534734989893552e-23, nan 
-97.375, 59.625, 2.135605234233944e-23, nan 
-97.125, 59.625, 2.172152224095157e-23, nan 
-96.875, 59.625, 1.5440883693227625e-23, nan 
-96.625, 59.625, 1.7240645773189702e-23, nan 
-96.375, 59.625, 1.4637287586833574e-23, nan 
-96.125, 59.625, 1.9396908476422454e-23, nan 
-95.875, 59.625, 1.9134768505455527e-23, nan 
-95.625, 59.625, 1.6378026920383388e-23, nan 
-95.375, 59.625, 1.371213443038023e-23, nan 
-95.125, 59.625, 1.33531090945733e-23, nan 
-94.875, 59.625, 1.5290475501703074e-23, nan 
-94.625, 59.625, 1.3858221765975018e-23, nan 
-94.375, 59.625, 1.6204025851968654e-23, nan 
-94.125, 59.625, 1.5583430716093056e-23, nan 
-93.875, 59.625, 1.859425935127806e-23, nan 
-93.625, 59.625, 1.9661243631883544e-23, nan 
-93.375, 59.625, 1.923355611394524e-23, nan 
-93.125, 59.625, 2.4632269658279816e-23, nan 
-92.875, 59.625, 2.6131018306432289e-23, nan 
-92.625, 59.625, 1.9724848234819463e-23, nan 
-92.375, 59.625, 1.886842603008371e-23, nan 
-92.125, 59.625, 1.814979843838085e-23, nan 
-91.875, 59.625, 1.7214813796287292e-23, nan 
-91.625, 59.625, 1.6072271692089974e-23, nan 
-91.375, 59.625, 1.6010478186526224e-23, nan 
-91.125, 59.625, 1.6878385554693212e-23, nan 
-90.875, 59.625, 2.000292941242008e-23, nan 
-90.625, 59.625, 1.909144629317191e-23, nan 
-90.375, 59.625, 1.8588787451693202e-23, nan 
-90.125, 59.625, 2.1421829493364773e-23, nan 
-89.875, 59.625, 1.2168967072614336e-23, nan 
-89.625, 59.625, 9.282194260308516e-24, nan 
-89.375, 59.625, 1.0306169762861462e-23, nan 
-89.125, 59.625, 8.223778353698949e-24, nan 
-88.875, 59.625, 7.614073724275998e-24, nan 
-88.625, 59.625, 6.757879788443922e-24, nan 
-88.375, 59.625, 4.023484464171888e-24, nan 
-88.125, 59.625, 3.6912095060977974e-24, nan 
-87.875, 59.625, 4.578166326348558e-24, nan 
-87.625, 59.625, 6.566625481066423e-24, nan 
-87.375, 59.625, 7.215125771989265e-24, nan 
-87.125, 59.625, 8.48686358225093e-24, nan 
-86.875, 59.625, 7.944613180623136e-24, nan 
-86.625, 59.625, 1.067103009097422e-23, nan 
-86.375, 59.625, 1.1799050127658265e-23, nan 
-86.125, 59.625, 1.1193056105272703e-23, nan 
-85.875, 59.625, 1.005344939959518e-23, nan 
-85.625, 59.625, 1.3601641039645782e-23, nan 
-85.375, 59.625, 1.3891217890009482e-23, nan 
-85.125, 59.625, 1.1657785636883206e-23, nan 
-84.875, 59.625, 1.2114994706072982e-23, nan 
-84.625, 59.625, 1.029335424291285e-23, nan 
-84.375, 59.625, 9.629810125192632e-24, nan 
-84.125, 59.625, 1.0549748951864028e-23, nan 
-83.875, 59.625, 9.792399406687205e-24, nan 
-83.625, 59.625, 1.2570362588984742e-23, nan 
-83.375, 59.625, 1.2462344885051424e-23, nan 
-83.125, 59.625, 6.743614821257355e-24, nan 
-82.875, 59.625, 5.253302489842605e-24, nan 
-82.625, 59.625, 5.5323562469839896e-24, nan 
-82.375, 59.625, 4.5305091852473604e-24, nan 
-82.125, 59.625, 7.649234717283978e-24, nan 
-81.875, 59.625, 1.027583860728317e-23, nan 
-81.625, 59.625, 1.3701173741104836e-23, nan 
-81.375, 59.625, 1.2867504232008453e-23, nan 
-81.125, 59.625, 5.14237400776071e-24, nan 
-80.875, 59.625, 5.203053281442292e-24, nan 
-80.625, 59.625, 4.275522335972548e-24, nan 
-80.375, 59.625, 2.312194736428065e-24, nan 
-80.125, 59.625, 7.665362990990635e-24, nan 
-79.875, 59.625, 2.3770149359159658e-23, nan 
-79.625, 59.625, 2.800251740145513e-23, nan 
-79.375, 59.625, 2.3981127011875128e-23, nan 
-79.125, 59.625, 3.022628999329662e-23, nan 
-78.875, 59.625, 3.449109336231743e-23, nan 
-78.625, 59.625, 1.7199673102015085e-23, nan 
-78.375, 59.625, 1.346033126660684e-23, nan 
-78.125, 59.625, 7.62715141590195e-24, nan 
-77.875, 59.625, 1.712653214978183e-23, nan 
-77.625, 59.625, 1.5825698690581843e-23, nan 
-77.375, 59.625, 3.217108561440963e-23, nan 
-77.125, 59.625, 3.204439156162819e-23, nan 
-76.875, 59.625, 9.364813007803409e-24, nan 
-76.625, 59.625, 7.057307517726064e-24, nan 
-76.375, 59.625, 5.357400051876427e-24, nan 
-76.125, 59.625, 1.2119188154136823e-23, nan 
-75.875, 59.625, 1.318908314609095e-23, nan 
-75.625, 59.625, 1.1732953901347414e-23, nan 
-75.375, 59.625, 1.033558782483032e-23, nan 
-75.125, 59.625, 1.0315714579606597e-23, nan 
-74.875, 59.625, 1.0740987401516842e-23, nan 
-74.625, 59.625, 1.0793583320803808e-23, nan 
-74.375, 59.625, 1.5058916525704548e-23, nan 
-74.125, 59.625, 1.47378005445774e-23, nan 
-73.875, 59.625, 1.301633052874323e-23, nan 
-73.625, 59.625, 1.480441201603879e-23, nan 
-73.375, 59.625, 1.4185211418893347e-23, nan 
-73.125, 59.625, 1.177942138892274e-23, nan 
-72.875, 59.625, 1.4510592904448187e-23, nan 
-72.625, 59.625, 1.861775836391445e-23, nan 
-72.375, 59.625, 1.4406808646727135e-23, nan 
-72.125, 59.625, 1.5319251345345777e-23, nan 
-71.875, 59.625, 1.5144654243810928e-23, nan 
-71.625, 59.625, 1.899027401326726e-23, nan 
-71.375, 59.625, 1.8819036054514167e-23, nan 
-71.125, 59.625, 1.4705929659661585e-23, nan 
-70.875, 59.625, 1.6637833706809294e-23, nan 
-70.625, 59.625, 1.4981173281999897e-23, nan 
-70.375, 59.625, 1.5602649616953133e-23, nan 
-70.125, 59.625, 1.810811499189238e-23, nan 
-69.875, 59.625, 2.5240751141869965e-23, nan 
-69.625, 59.625, 2.5848628978399314e-23, nan 
-69.375, 59.625, 1.9381673179501387e-23, nan 
-69.125, 59.625, 1.7470942766684283e-23, nan 
-68.875, 59.625, 1.7552002611292393e-23, nan 
-68.625, 59.625, 1.0899969963031672e-23, nan 
-68.375, 59.625, 2.3752849365681034e-23, nan 
-68.125, 59.625, 2.323023887626032e-23, nan 
-67.875, 59.625, 1.5664779268325192e-23, nan 
-67.625, 59.625, 1.8634673624322264e-23, nan 
-67.375, 59.625, 3.921087535356346e-23, nan 
-67.125, 59.625, 3.699133675195497e-23, nan 
-66.875, 59.625, 1.9730112143247387e-23, nan 
-66.625, 59.625, 1.469755192534455e-23, nan 
-66.375, 59.625, 1.2204565609104111e-23, nan 
-66.125, 59.625, 2.0029509275214853e-23, nan 
-65.875, 59.625, 2.7140805489084686e-23, nan 
-65.625, 59.625, 2.1040210476916347e-23, nan 
-65.375, 59.625, 1.752028658297923e-23, nan 
-65.125, 59.625, 2.268499888717263e-23, nan 
-64.875, 59.625, 1.9603193954902714e-23, nan 
-64.625, 59.625, 1.5431698633200459e-23, nan 
-64.375, 59.625, 2.0026057234238396e-23, nan 
-64.125, 59.625, 1.9514985719190768e-23, nan 
-63.875, 59.625, 1.65504925906802e-23, nan 
-63.625, 59.625, 2.4513997843864065e-23, nan 
-63.375, 59.625, 1.8937144953758082e-23, nan 
-63.125, 59.625, 1.6017441171588046e-23, nan 
-62.875, 59.625, 1.1177677303107012e-23, nan 
-62.625, 59.625, 1.4979568680563497e-23, nan 
-62.375, 59.625, 2.3821893176242437e-23, nan 
-62.125, 59.625, 4.743464867687789e-23, nan 
-61.875, 59.625, 4.044673072194814e-23, nan 
-61.625, 59.625, 2.021875129314502e-23, nan 
-61.375, 59.625, 2.4929993561168565e-23, nan 
-61.125, 59.625, 2.391915817101888e-23, nan 
-60.875, 59.625, 1.7951416398833262e-23, nan 
-60.625, 59.625, 1.6787143898399168e-23, nan 
-60.375, 59.625, 1.8183731830920163e-23, nan 
-60.125, 59.625, 2.3795635701459346e-23, nan 
-59.875, 59.625, 2.1250779916932717e-23, nan 
-59.625, 59.625, 1.658569169754129e-23, nan 
-59.375, 59.625, 3.245638933286833e-23, nan 
-59.125, 59.625, 3.7466885586668467e-23, nan 
-58.875, 59.625, 3.886540493245891e-23, nan 
-58.625, 59.625, 3.4488495009743045e-23, nan 
-58.375, 59.625, 2.2862945336236128e-23, nan 
-58.125, 59.625, 4.291997205680112e-23, nan 
-57.875, 59.625, 5.857442697944644e-23, nan 
-57.625, 59.625, 5.803576343852913e-22, nan 
-57.375, 59.625, 5.893748614887006e-22, nan 
-57.125, 59.625, 1.2384470852918738e-22, nan 
-56.875, 59.625, 3.9213460412908014e-23, nan 
-56.625, 59.625, 2.4833367117489374e-23, nan 
-56.375, 59.625, 4.945372107350942e-23, nan 
-56.125, 59.625, 4.3644187034036e-23, nan 
-55.875, 59.625, 1.7854927427209447e-23, nan 
-55.625, 59.625, 3.851823098103771e-23, nan 
-55.375, 59.625, 3.9462392657005426e-23, nan 
-55.125, 59.625, 2.110705590780612e-23, nan 
-54.875, 59.625, 1.3719939705050425e-23, nan 
-54.625, 59.625, 1.6458059220848415e-23, nan 
-54.375, 59.625, 3.199498582540747e-23, nan 
-54.125, 59.625, 2.876188124252013e-23, nan 
-53.875, 59.625, 2.1613378633217906e-23, nan 
-53.625, 59.625, 2.9981336504658775e-23, nan 
-53.375, 59.625, 2.654457073223198e-23, nan 
-53.125, 59.625, 3.4012499651151223e-23, nan 
-52.875, 59.625, 4.315828786611896e-23, nan 
-52.625, 59.625, 3.4637524234246754e-23, nan 
-52.375, 59.625, 1.7201235070419268e-23, nan 
-52.125, 59.625, 2.825775168994971e-23, nan 
-51.875, 59.625, 3.125842472846642e-23, nan 
-51.625, 59.625, 9.037174114911466e-23, nan 
-51.375, 59.625, 1.0066980162001322e-22, nan 
-51.125, 59.625, 5.060171713308094e-23, nan 
-50.875, 59.625, 1.049762474112527e-22, nan 
-50.625, 59.625, 9.506346689500134e-23, nan 
-50.375, 59.625, 3.27293514777958e-23, nan 
-50.125, 59.625, 3.3804859596024875e-23, nan 
-49.875, 59.625, 3.57865660652987e-23, nan 
-49.625, 59.625, 3.666930044242146e-23, nan 
-49.375, 59.625, 3.375994854549148e-23, nan 
-49.125, 59.625, 2.4312749472456336e-23, nan 
-48.875, 59.625, 1.9610130869563835e-23, nan 
-48.625, 59.625, 2.5646448362765305e-23, nan 
-48.375, 59.625, 2.2299428173808245e-23, nan 
-48.125, 59.625, 3.1591264985782563e-23, nan 
-47.875, 59.625, 2.148406163497308e-23, nan 
-47.625, 59.625, 1.6448684647514975e-23, nan 
-47.375, 59.625, 1.208998070654784e-23, nan 
-47.125, 59.625, 1.8330058373411643e-23, nan 
-46.875, 59.625, 1.554754671413733e-23, nan 
-46.625, 59.625, 1.3470229724644783e-23, nan 
-46.375, 59.625, 1.4109826376774138e-23, nan 
-46.125, 59.625, 3.0697075524864954e-23, nan 
-45.875, 59.625, 4.4281688170287555e-23, nan 
-45.625, 59.625, 3.227302986725042e-23, nan 
-45.375, 59.625, 1.0966120710979952e-23, nan 
-45.125, 59.625, 2.706648491826225e-23, nan 
-44.875, 59.625, 3.58136753960524e-23, nan 
-44.625, 59.625, 3.637448944883946e-23, nan 
-44.375, 59.625, 4.604025398109235e-23, nan 
-44.125, 59.625, 4.229179602515396e-23, nan 
-43.875, 59.625, 3.7359009348989343e-23, nan 
-43.625, 59.625, 2.847203293883019e-23, nan 
-43.375, 59.625, 3.3127715894671334e-23, nan 
-43.125, 59.625, 4.067419558338499e-23, nan 
-42.875, 59.625, 6.521597241497533e-23, nan 
-42.625, 59.625, 5.587982721856325e-23, nan 
-42.375, 59.625, 3.733636299790225e-23, nan 
-42.125, 59.625, 3.0834748819276806e-23, nan 
-41.875, 59.625, 3.6753915603245063e-23, nan 
-41.625, 59.625, 1.9139003845334275e-23, nan 
-41.375, 59.625, 5.0738706878379667e-23, nan 
-41.125, 59.625, 7.966509864490506e-23, nan 
-40.875, 59.625, 6.871664786849418e-23, nan 
-40.625, 59.625, 3.5733471460026147e-23, nan 
-40.375, 59.625, 2.677588932815225e-23, nan 
-40.125, 59.625, 3.506174482381042e-23, nan 
-39.875, 59.625, 4.325897231188192e-23, nan 
-39.625, 59.625, 4.0447035137347845e-23, nan 
-39.375, 59.625, 3.150049512935458e-23, nan 
-39.125, 59.625, 2.860969334141872e-23, nan 
-38.875, 59.625, 4.068511977843693e-23, nan 
-38.625, 59.625, 3.6643840729190744e-23, nan 
-38.375, 59.625, 2.829777906527757e-23, nan 
-38.125, 59.625, 2.4801504744961995e-23, nan 
-37.875, 59.625, 1.1391892025023035e-23, nan 
-37.625, 59.625, 2.0632284296530381e-23, nan 
-37.375, 59.625, 2.893303124621664e-23, nan 
-37.125, 59.625, 3.089994899709617e-23, nan 
-36.875, 59.625, 3.2083569348705154e-23, nan 
-36.625, 59.625, 6.819320244644174e-23, nan 
-36.375, 59.625, 6.035155588821439e-23, nan 
-36.125, 59.625, 1.8050684843490338e-23, nan 
-35.875, 59.625, 9.994846271604718e-24, nan 
-35.625, 59.625, 1.7713105962994863e-23, nan 
-35.375, 59.625, 2.8339504073931215e-23, nan 
-35.125, 59.625, 2.656240029102892e-23, nan 
-34.875, 59.625, 2.410407128635804e-23, nan 
-34.625, 59.625, 2.5445454693281174e-23, nan 
-34.375, 59.625, 7.039904363860326e-23, nan 
-34.125, 59.625, 7.616950829013254e-23, nan 
-33.875, 59.625, 2.0118732208935965e-23, nan 
-33.625, 59.625, 2.939723990878123e-23, nan 
-33.375, 59.625, 2.620649976363872e-23, nan 
-33.125, 59.625, 2.1079649762090172e-23, nan 
-32.875, 59.625, 2.515316790299549e-23, nan 
-32.625, 59.625, 5.221644306643873e-23, nan 
-32.375, 59.625, 5.665586535142662e-23, nan 
-32.125, 59.625, 3.525201308276971e-23, nan 
-31.875, 59.625, 9.35123167642137e-23, nan 
-31.625, 59.625, 1.1376246232323909e-22, nan 
-31.375, 59.625, 1.2780766670804971e-22, nan 
-31.125, 59.625, 1.288276773221445e-22, nan 
-30.875, 59.625, 1.0171982088960504e-22, nan 
-30.625, 59.625, 8.847498998361674e-23, nan 
-30.375, 59.625, 6.570528498558701e-23, nan 
-30.125, 59.625, 3.480803422041292e-23, nan 
-29.875, 59.625, 5.777002667917011e-23, nan 
-29.625, 59.625, 5.037882060115696e-23, nan 
-29.375, 59.625, 2.904479630702494e-23, nan 
-29.125, 59.625, 3.638203332556328e-23, nan 
-28.875, 59.625, 3.0142369775308105e-23, nan 
-28.625, 59.625, 1.6669245716479256e-23, nan 
-28.375, 59.625, 1.630151609910155e-23, nan 
-28.125, 59.625, 6.173689834686399e-23, nan 
-27.875, 59.625, 4.976839504469166e-23, nan 
-27.625, 59.625, 4.13349566980568e-23, nan 
-27.375, 59.625, 5.607365591218291e-23, nan 
-27.125, 59.625, 4.8359967079484413e-23, nan 
-26.875, 59.625, 4.126831812670586e-23, nan 
-26.625, 59.625, 3.346510423565044e-23, nan 
-26.375, 59.625, 2.938346941819685e-23, nan 
-26.125, 59.625, 1.6159986294523825e-23, nan 
-25.875, 59.625, 2.102819424978327e-23, nan 
-25.625, 59.625, 2.4251684599128145e-23, nan 
-25.375, 59.625, 7.15988574677804e-23, nan 
-25.125, 59.625, 4.5938347594810795e-23, nan 
-24.875, 59.625, 7.105880394837682e-23, nan 
-24.625, 59.625, 6.602882723797802e-23, nan 
-24.375, 59.625, 6.181423916837341e-23, nan 
-24.125, 59.625, 1.460708854651974e-22, nan 
-23.875, 59.625, 1.570655440717622e-22, nan 
-23.625, 59.625, 1.1240115644167184e-22, nan 
-23.375, 59.625, 1.3660857585791524e-22, nan 
-23.125, 59.625, 1.2431967279348713e-22, nan 
-22.875, 59.625, 5.991272987226093e-23, nan 
-22.625, 59.625, 5.42421367005094e-23, nan 
-22.375, 59.625, 5.661891577807741e-23, nan 
-22.125, 59.625, 3.2938298557396724e-23, nan 
-21.875, 59.625, 3.1601599096113925e-23, nan 
-21.625, 59.625, 4.272789564744275e-23, nan 
-21.375, 59.625, 4.7263119852955245e-23, nan 
-21.125, 59.625, 5.442010182044118e-23, nan 
-20.875, 59.625, 5.036915121892737e-23, nan 
-20.625, 59.625, 3.3861597391427355e-23, nan 
-20.375, 59.625, 8.79835876276033e-23, nan 
-20.125, 59.625, 9.181816922696303e-23, nan 
-19.875, 59.625, 6.639699456443567e-23, nan 
-19.625, 59.625, 1.3456314348854323e-22, nan 
-19.375, 59.625, 1.4084006395087167e-22, nan 
-19.125, 59.625, 8.525861071474806e-23, nan 
-18.875, 59.625, 7.020101188348898e-23, nan 
-18.625, 59.625, 8.59050916288521e-23, nan 
-18.375, 59.625, 6.253288934122885e-23, nan 
-18.125, 59.625, 3.8263029736788524e-23, nan 
-17.875, 59.625, 2.978082800961545e-23, nan 
-17.625, 59.625, 3.627818808574391e-23, nan 
-17.375, 59.625, 3.8143983530820344e-23, nan 
-17.125, 59.625, 3.277095146415182e-23, nan 
-16.875, 59.625, 4.1182885172580136e-23, nan 
-16.625, 59.625, 5.597811702478838e-23, nan 
-16.375, 59.625, 6.614460707181152e-23, nan 
-16.125, 59.625, 6.531262636752674e-23, nan 
-15.875, 59.625, 7.429084793397857e-23, nan 
-15.625, 59.625, 4.8101850546710233e-23, nan 
-15.375, 59.625, 3.0139934893038426e-23, nan 
-15.125, 59.625, 1.3734412449090954e-23, nan 
-14.875, 59.625, 3.201808781035604e-23, nan 
-14.625, 59.625, 4.1037621276758115e-23, nan 
-14.375, 59.625, 3.7820273779569545e-23, nan 
-14.125, 59.625, 3.8249596648625945e-23, nan 
-13.875, 59.625, 2.57854033517485e-23, nan 
-13.625, 59.625, 2.994308879301778e-23, nan 
-13.375, 59.625, 5.351410308176291e-23, nan 
-13.125, 59.625, 7.678188560406408e-23, nan 
-12.875, 59.625, 6.35739511509301e-23, nan 
-12.625, 59.625, 2.468548093955602e-23, nan 
-12.375, 59.625, 4.295881276877451e-23, nan 
-12.125, 59.625, 2.3352118647303465e-23, nan 
-11.875, 59.625, 2.0866103072043454e-23, nan 
-11.625, 59.625, 2.4397771992545057e-23, nan 
-11.375, 59.625, 1.881283145291938e-23, nan 
-11.125, 59.625, 9.199844767991826e-24, nan 
-10.875, 59.625, 6.854184543562749e-23, nan 
-10.625, 59.625, 3.205414246220218e-23, nan 
-10.375, 59.625, 1.1784947812113209e-23, nan 
-10.125, 59.625, 1.2181821153731045e-23, nan 
-9.875, 59.625, 2.752401093540559e-23, nan 
-9.625, 59.625, 4.147961317598385e-23, nan 
-9.375, 59.625, 5.567130788489095e-23, nan 
-9.125, 59.625, 5.231399924467863e-23, nan 
-8.875, 59.625, 6.905545523628845e-23, nan 
-8.625, 59.625, 6.405328728264512e-23, nan 
-8.375, 59.625, 3.4936145566033386e-23, nan 
-8.125, 59.625, 3.785475564458061e-23, nan 
-7.875, 59.625, 4.6042488458468986e-23, nan 
-7.625, 59.625, 6.022978435813312e-23, nan 
-7.375, 59.625, 1.1456396397060323e-22, nan 
-7.125, 59.625, 1.129705528861155e-22, nan 
-6.875, 59.625, 4.353659357261037e-23, nan 
-6.625, 59.625, 6.845890776676742e-23, nan 
-6.375, 59.625, 8.358486095890823e-23, nan 
-6.125, 59.625, 1.0079581342045757e-22, nan 
-5.875, 59.625, 7.589885231310152e-23, nan 
-5.625, 59.625, 4.0277757033028e-23, nan 
-5.375, 59.625, 7.733019808994425e-23, nan 
-5.125, 59.625, 8.366847411758182e-23, nan 
-4.875, 59.625, 3.103927151996996e-23, nan 
-4.625, 59.625, 3.554568831377778e-23, nan 
-4.375, 59.625, 5.299843177919741e-23, nan 
-4.125, 59.625, 6.430348647560587e-23, nan 
-3.875, 59.625, 1.2952993106278897e-23, nan 
-3.625, 59.625, 1.978637587569373e-23, nan 
-3.375, 59.625, 2.0667979070637428e-23, nan 
-3.125, 59.625, 2.1853710723384145e-23, nan 
-2.875, 59.625, 1.660067889705374e-23, nan 
-2.625, 59.625, 2.7796331283667886e-23, nan 
-2.375, 59.625, 5.098241994276107e-23, nan 
-2.125, 59.625, 6.288087298930646e-23, nan 
-1.875, 59.625, 1.9074655535377155e-23, nan 
-1.625, 59.625, 2.0500800206658668e-23, nan 
-1.375, 59.625, 2.3524650426008145e-23, nan 
-1.125, 59.625, 3.748624480979125e-23, nan 
-0.875, 59.625, 5.562082230522251e-23, nan 
-0.625, 59.625, 4.5171630277368696e-23, nan 
-0.375, 59.625, 6.97063535633179e-23, nan 
-0.125, 59.625, 5.815113415663166e-23, nan 
0.125, 59.625, 7.594773532862972e-23, nan 
0.375, 59.625, 9.282591743503304e-23, nan 
0.625, 59.625, 5.914698736275584e-23, nan 
0.875, 59.625, 4.8782689271277175e-23, nan 
1.125, 59.625, 5.1490005951904164e-23, nan 
1.375, 59.625, 3.164193660757357e-23, nan 
1.625, 59.625, 2.3700532911430237e-23, nan 
1.875, 59.625, 2.6513654657353175e-23, nan 
2.125, 59.625, 2.031108886196454e-23, nan 
2.375, 59.625, 1.1046796048714768e-23, nan 
2.625, 59.625, 4.4995057296421817e-23, nan 
2.875, 59.625, 4.0379174119991747e-23, nan 
3.125, 59.625, 5.274111174612065e-23, nan 
3.375, 59.625, 4.007606478819908e-23, nan 
3.625, 59.625, 1.4320003837337506e-23, nan 
3.875, 59.625, 2.0650734689594386e-23, nan 
4.125, 59.625, 2.1660832408090378e-23, nan 
4.375, 59.625, 4.0688216975258336e-23, nan 
4.625, 59.625, 3.717934328006877e-23, nan 
4.875, 59.625, 2.1784466468059314e-23, nan 
5.125, 59.625, 1.9745305525718293e-23, nan 
5.375, 59.625, 4.098513911294875e-23, nan 
5.625, 59.625, 2.323896835562565e-23, nan 
5.875, 59.625, 1.012566529726761e-23, nan 
6.125, 59.625, 9.525513900317929e-24, nan 
6.375, 59.625, 1.5778910596314328e-23, nan 
6.625, 59.625, 3.493659319766881e-23, nan 
6.875, 59.625, 3.2836100921017475e-23, nan 
7.125, 59.625, 1.456400712619279e-23, nan 
7.375, 59.625, 1.7871056578771662e-23, nan 
7.625, 59.625, 1.6540903920803793e-23, nan 
7.875, 59.625, 1.6606036830195826e-23, nan 
8.125, 59.625, 1.9411651407849858e-23, nan 
8.375, 59.625, 1.6172615213291266e-23, nan 
8.625, 59.625, 2.6337479386712032e-23, nan 
8.875, 59.625, 4.6216807594847546e-23, nan 
9.125, 59.625, 4.354501822152216e-23, nan 
9.375, 59.625, 4.6350877805923954e-23, nan 
9.625, 59.625, 4.5292564109683296e-23, nan 
9.875, 59.625, 4.396546967493059e-23, nan 
10.125, 59.625, 5.937953723123818e-23, nan 
10.375, 59.625, 4.2866795956149643e-23, nan 
10.625, 59.625, 9.673531753689079e-24, nan 
10.875, 59.625, 3.404587924365136e-23, nan 
11.125, 59.625, 2.200668648236345e-23, nan 
11.375, 59.625, 1.3885247072572547e-23, nan 
11.625, 59.625, 1.3764337820981778e-23, nan 
11.875, 59.625, 1.2358914271803657e-23, nan 
12.125, 59.625, 1.471056200463339e-23, nan 
12.375, 59.625, 1.39304882921565e-23, nan 
12.625, 59.625, 2.713587064557202e-23, nan 
12.875, 59.625, 3.2395685039936074e-23, nan 
13.125, 59.625, 2.9829561706678945e-23, nan 
13.375, 59.625, 9.008521914281916e-24, nan 
13.625, 59.625, 1.5951833419155335e-23, nan 
13.875, 59.625, 8.513949866772487e-24, nan 
14.125, 59.625, 2.76880173729701e-23, nan 
14.375, 59.625, 3.566732966924208e-23, nan 
14.625, 59.625, 2.5047310647278643e-23, nan 
14.875, 59.625, 1.2949547536018036e-23, nan 
15.125, 59.625, 2.3921476186623942e-23, nan 
15.375, 59.625, 2.882504730132016e-23, nan 
15.625, 59.625, 1.6752219766812908e-23, nan 
15.875, 59.625, 1.891938336908021e-23, nan 
16.125, 59.625, 2.0044762527475485e-23, nan 
16.375, 59.625, 2.6180127824003978e-23, nan 
16.625, 59.625, 2.2498159353740334e-23, nan 
16.875, 59.625, 2.0677622644067392e-23, nan 
17.125, 59.625, 2.762127048553195e-23, nan 
17.375, 59.625, 3.3486250730641363e-23, nan 
17.625, 59.625, 3.0310592261251315e-23, nan 
17.875, 59.625, 1.621314044989998e-23, nan 
18.125, 59.625, 8.033069981787378e-24, nan 
18.375, 59.625, 7.108375239274614e-24, nan 
18.625, 59.625, 2.3014779565475048e-23, nan 
18.875, 59.625, 3.039869513433463e-23, nan 
19.125, 59.625, 4.3405498557033505e-23, nan 
19.375, 59.625, 3.799622162068071e-23, nan 
19.625, 59.625, 3.010404118088792e-23, nan 
19.875, 59.625, 2.4329235277037078e-23, nan 
20.125, 59.625, 1.1256377692104287e-23, nan 
20.375, 59.625, 3.1810574121105143e-23, nan 
20.625, 59.625, 3.5025171589320824e-23, nan 
20.875, 59.625, 1.990909990208738e-23, nan 
21.125, 59.625, 1.666879664193744e-23, nan 
21.375, 59.625, 1.2729332862632706e-23, nan 
21.625, 59.625, 1.570773598128749e-23, nan 
21.875, 59.625, 1.7073714159927444e-23, nan 
22.125, 59.625, 1.95634342761254e-23, nan 
22.375, 59.625, 1.9901566551415218e-23, nan 
22.625, 59.625, 2.2482752409595555e-23, nan 
22.875, 59.625, 2.1812265112390832e-23, nan 
23.125, 59.625, 1.28466004867452e-23, nan 
23.375, 59.625, 5.625684801620385e-24, nan 
23.625, 59.625, 4.1735347850097646e-24, nan 
23.875, 59.625, 3.468899744424225e-24, nan 
24.125, 59.625, 1.9264843463296474e-24, nan 
24.375, 59.625, 6.711173177974118e-24, nan 
24.625, 59.625, 8.655529329828094e-24, nan 
24.875, 59.625, 1.7886714399041888e-23, nan 
25.125, 59.625, 1.659055893884811e-23, nan 
25.375, 59.625, 1.0284865026515302e-23, nan 
25.625, 59.625, 1.1392202997112074e-23, nan 
25.875, 59.625, 7.468699560626813e-24, nan 
26.125, 59.625, 5.357090034198215e-24, nan 
26.375, 59.625, 7.99357142740004e-24, nan 
26.625, 59.625, 2.618256985857163e-24, nan 
26.875, 59.625, 4.9350984417393606e-24, nan 
27.125, 59.625, 6.218327076392566e-24, nan 
27.375, 59.625, 7.546272953531618e-24, nan 
27.625, 59.625, 7.094231086015013e-24, nan 
27.875, 59.625, 5.7360429627363144e-24, nan 
28.125, 59.625, 7.920498581500413e-24, nan 
28.375, 59.625, 7.047177637556097e-24, nan 
28.625, 59.625, 7.074407716975652e-24, nan 
28.875, 59.625, 5.818392812656713e-24, nan 
29.125, 59.625, 4.902491026548258e-24, nan 
29.375, 59.625, 4.914824906571967e-24, nan 
29.625, 59.625, 9.81840824485385e-24, nan 
29.875, 59.625, 1.1667010334759991e-23, nan 
30.125, 59.625, 6.932788362754932e-24, nan 
30.375, 59.625, 3.3240594704107956e-24, nan 
30.625, 59.625, 4.5152728126153754e-24, nan 
-103.125, 59.875, 1.799647003620377e-23, nan 
-102.875, 59.875, 1.8271756534002008e-23, nan 
-102.625, 59.875, 1.2966620016544698e-23, nan 
-102.375, 59.875, 1.2452157738507635e-23, nan 
-102.125, 59.875, 1.0592224147856634e-23, nan 
-101.875, 59.875, 1.0141884137626861e-23, nan 
-101.625, 59.875, 1.2025547549654365e-23, nan 
-101.375, 59.875, 1.243533475959179e-23, nan 
-101.125, 59.875, 1.143700100629433e-23, nan 
-100.875, 59.875, 1.1392996019894934e-23, nan 
-100.625, 59.875, 8.270630668729512e-24, nan 
-100.375, 59.875, 9.389153361948365e-24, nan 
-100.125, 59.875, 7.848119922653615e-24, nan 
-99.875, 59.875, 8.283402569963605e-24, nan 
-99.625, 59.875, 1.2179001696350423e-23, nan 
-99.375, 59.875, 1.4356765771868185e-23, nan 
-99.125, 59.875, 1.3171938021879348e-23, nan 
-98.875, 59.875, 1.3978272463227534e-23, nan 
-98.625, 59.875, 1.4356878360499634e-23, nan 
-98.375, 59.875, 1.3002418073935577e-23, nan 
-98.125, 59.875, 1.582659476318834e-23, nan 
-97.875, 59.875, 1.5122359900043763e-23, nan 
-97.625, 59.875, 1.2995547898300406e-23, nan 
-97.375, 59.875, 1.5099884557486404e-23, nan 
-97.125, 59.875, 1.851050138644378e-23, nan 
-96.875, 59.875, 2.7633976427893634e-23, nan 
-96.625, 59.875, 1.7051319508511164e-23, nan 
-96.375, 59.875, 1.4139685446768887e-23, nan 
-96.125, 59.875, 1.8757504999750852e-23, nan 
-95.875, 59.875, 1.831603070573542e-23, nan 
-95.625, 59.875, 1.6365342886704403e-23, nan 
-95.375, 59.875, 1.4133337709190842e-23, nan 
-95.125, 59.875, 1.4023854696364644e-23, nan 
-94.875, 59.875, 1.356932066252584e-23, nan 
-94.625, 59.875, 1.5326634083347331e-23, nan 
-94.375, 59.875, 1.3401219950655386e-23, nan 
-94.125, 59.875, 1.1216275057956187e-23, nan 
-93.875, 59.875, 1.6989655052079326e-23, nan 
-93.625, 59.875, 1.5648072168070997e-23, nan 
-93.375, 59.875, 1.823511872440397e-23, nan 
-93.125, 59.875, 3.1429152139515366e-23, nan 
-92.875, 59.875, 2.842530857353345e-23, nan 
-92.625, 59.875, 1.3281274963460775e-23, nan 
-92.375, 59.875, 1.699337102983953e-23, nan 
-92.125, 59.875, 1.7942248468253005e-23, nan 
-91.875, 59.875, 1.7635424618148547e-23, nan 
-91.625, 59.875, 1.7602949181507822e-23, nan 
-91.375, 59.875, 1.9349571742647552e-23, nan 
-91.125, 59.875, 2.2739784513978385e-23, nan 
-90.875, 59.875, 2.2788078334567605e-23, nan 
-90.625, 59.875, 1.3823067817736853e-23, nan 
-90.375, 59.875, 1.19657575295855e-23, nan 
-90.125, 59.875, 9.080529160425529e-24, nan 
-89.875, 59.875, 8.335467961904038e-24, nan 
-89.625, 59.875, 8.565927163757377e-24, nan 
-89.375, 59.875, 7.870470812842874e-24, nan 
-89.125, 59.875, 7.458600599445303e-24, nan 
-88.875, 59.875, 3.6932874621536714e-24, nan 
-88.625, 59.875, 3.0304069306720876e-24, nan 
-88.375, 59.875, 6.2783247325345424e-24, nan 
-88.125, 59.875, 5.028295542605329e-24, nan 
-87.875, 59.875, 7.862186744489768e-24, nan 
-87.625, 59.875, 8.62572425861498e-24, nan 
-87.375, 59.875, 8.285315859931315e-24, nan 
-87.125, 59.875, 9.657710240431058e-24, nan 
-86.875, 59.875, 1.1612743495863795e-23, nan 
-86.625, 59.875, 1.171287334303781e-23, nan 
-86.375, 59.875, 1.2675800291702803e-23, nan 
-86.125, 59.875, 1.2823794306456327e-23, nan 
-85.875, 59.875, 1.0846028217719655e-23, nan 
-85.625, 59.875, 1.2443713012228847e-23, nan 
-85.375, 59.875, 9.609172163642123e-24, nan 
-85.125, 59.875, 9.660483625364288e-24, nan 
-84.875, 59.875, 1.0134809302462293e-23, nan 
-84.625, 59.875, 9.104674636414502e-24, nan 
-84.375, 59.875, 8.960042206795566e-24, nan 
-84.125, 59.875, 9.374624556245408e-24, nan 
-83.875, 59.875, 7.8542672286537e-24, nan 
-83.625, 59.875, 9.555127424918634e-24, nan 
-83.375, 59.875, 1.137206667426124e-23, nan 
-83.125, 59.875, 8.507291755875959e-24, nan 
-82.875, 59.875, 7.543300396154736e-24, nan 
-82.625, 59.875, 8.394771845099814e-24, nan 
-82.375, 59.875, 7.313820278520566e-24, nan 
-82.125, 59.875, 8.627798034311469e-24, nan 
-81.875, 59.875, 8.189375944497774e-24, nan 
-81.625, 59.875, 1.2458098222671758e-23, nan 
-81.375, 59.875, 1.2051006558258401e-23, nan 
-81.125, 59.875, 5.886585055248293e-24, nan 
-80.875, 59.875, 6.693482018369215e-24, nan 
-80.625, 59.875, 4.088232633819295e-24, nan 
-80.375, 59.875, 1.4174185516428352e-23, nan 
-80.125, 59.875, 1.3854854070874307e-23, nan 
-79.875, 59.875, 1.79201811607706e-23, nan 
-79.625, 59.875, 9.957961091543933e-23, nan 
-79.375, 59.875, 2.392902258448948e-22, nan 
-79.125, 59.875, 2.6544116142539073e-22, nan 
-78.875, 59.875, 1.2839543294856088e-22, nan 
-78.625, 59.875, 7.136019737664399e-23, nan 
-78.375, 59.875, 2.5063364475224572e-23, nan 
-78.125, 59.875, 6.5860945687601754e-24, nan 
-77.875, 59.875, 6.19663363368978e-24, nan 
-77.625, 59.875, 9.750855381303437e-24, nan 
-77.375, 59.875, 2.68365164639445e-23, nan 
-77.125, 59.875, 2.6784452394900403e-23, nan 
-76.875, 59.875, 7.152825730676003e-24, nan 
-76.625, 59.875, 7.00289241862552e-24, nan 
-76.375, 59.875, 3.4672782315689033e-23, nan 
-76.125, 59.875, 2.3291520754473406e-23, nan 
-75.875, 59.875, 1.0822475094888442e-23, nan 
-75.625, 59.875, 1.0052964579188364e-23, nan 
-75.375, 59.875, 1.1468306821623214e-23, nan 
-75.125, 59.875, 1.3406229730242687e-23, nan 
-74.875, 59.875, 1.5170276277909776e-23, nan 
-74.625, 59.875, 1.3120805484247706e-23, nan 
-74.375, 59.875, 1.3929675343746453e-23, nan 
-74.125, 59.875, 1.2920016552562645e-23, nan 
-73.875, 59.875, 1.6164012119814415e-23, nan 
-73.625, 59.875, 1.7936080699448838e-23, nan 
-73.375, 59.875, 1.619993222526688e-23, nan 
-73.125, 59.875, 1.048246603999209e-23, nan 
-72.875, 59.875, 1.9806926940713966e-23, nan 
-72.625, 59.875, 2.2026030497635808e-23, nan 
-72.375, 59.875, 1.6678973757366888e-23, nan 
-72.125, 59.875, 1.504863899615804e-23, nan 
-71.875, 59.875, 1.9529535370337312e-23, nan 
-71.625, 59.875, 1.8767972736772452e-23, nan 
-71.375, 59.875, 1.865534638439881e-23, nan 
-71.125, 59.875, 2.1339130036711948e-23, nan 
-70.875, 59.875, 1.5377673528632636e-23, nan 
-70.625, 59.875, 1.5523399279933214e-23, nan 
-70.375, 59.875, 1.6778789992700912e-23, nan 
-70.125, 59.875, 1.8047739817228408e-23, nan 
-69.875, 59.875, 2.192994287125486e-23, nan 
-69.625, 59.875, 1.8098072401777032e-23, nan 
-69.375, 59.875, 1.3824775234665694e-23, nan 
-69.125, 59.875, 1.47934242674402e-23, nan 
-68.875, 59.875, 1.4847939890858855e-23, nan 
-68.625, 59.875, 1.5197051284747805e-23, nan 
-68.375, 59.875, 1.30000302380671e-23, nan 
-68.125, 59.875, 2.4300778928088498e-23, nan 
-67.875, 59.875, 2.686385915273879e-23, nan 
-67.625, 59.875, 1.8921751434195283e-23, nan 
-67.375, 59.875, 2.6177181822856558e-23, nan 
-67.125, 59.875, 1.8805935470015906e-23, nan 
-66.875, 59.875, 1.9249853108028325e-23, nan 
-66.625, 59.875, 1.6442278517402e-23, nan 
-66.375, 59.875, 1.1662948943755959e-23, nan 
-66.125, 59.875, 2.403543062458152e-23, nan 
-65.875, 59.875, 3.393491221655062e-23, nan 
-65.625, 59.875, 2.5866854111647737e-23, nan 
-65.375, 59.875, 1.7684564566757698e-23, nan 
-65.125, 59.875, 1.748225745141838e-23, nan 
-64.875, 59.875, 1.3241878807210678e-23, nan 
-64.625, 59.875, 1.8594067559356058e-23, nan 
-64.375, 59.875, 2.0957044457676113e-23, nan 
-64.125, 59.875, 2.1285755477625106e-23, nan 
-63.875, 59.875, 2.974478166422963e-23, nan 
-63.625, 59.875, 2.9108560296729244e-23, nan 
-63.375, 59.875, 1.4868472956668925e-23, nan 
-63.125, 59.875, 1.6356532682984275e-23, nan 
-62.875, 59.875, 2.0650777004892105e-23, nan 
-62.625, 59.875, 2.5859655327968278e-23, nan 
-62.375, 59.875, 2.0253303320680047e-23, nan 
-62.125, 59.875, 2.7454177019934434e-23, nan 
-61.875, 59.875, 1.7615059382735253e-23, nan 
-61.625, 59.875, 5.209187567367779e-23, nan 
-61.375, 59.875, 4.8261334617489514e-23, nan 
-61.125, 59.875, 1.8950488417831062e-23, nan 
-60.875, 59.875, 2.5384187373895368e-23, nan 
-60.625, 59.875, 2.0767861977971727e-23, nan 
-60.375, 59.875, 9.204878515756495e-24, nan 
-60.125, 59.875, 2.7246125566156364e-23, nan 
-59.875, 59.875, 2.67847308830958e-23, nan 
-59.625, 59.875, 1.474410432489555e-23, nan 
-59.375, 59.875, 1.6912463325992167e-23, nan 
-59.125, 59.875, 3.92941207579013e-23, nan 
-58.875, 59.875, 6.483329647483156e-23, nan 
-58.625, 59.875, 5.253900737127007e-23, nan 
-58.375, 59.875, 4.682350801532036e-24, nan 
-58.125, 59.875, 2.730147652631776e-23, nan 
-57.875, 59.875, 5.2069686300824025e-23, nan 
-57.625, 59.875, 6.775531315547023e-23, nan 
-57.375, 59.875, 4.9594544364189564e-23, nan 
-57.125, 59.875, 7.347814091870729e-23, nan 
-56.875, 59.875, 8.782407664837309e-23, nan 
-56.625, 59.875, 7.383730862194208e-23, nan 
-56.375, 59.875, 3.8181115174664503e-23, nan 
-56.125, 59.875, 1.2973941588436988e-23, nan 
-55.875, 59.875, 4.069561939727719e-23, nan 
-55.625, 59.875, 5.0540823375442804e-23, nan 
-55.375, 59.875, 2.9919146588979604e-23, nan 
-55.125, 59.875, 2.3577240773863786e-23, nan 
-54.875, 59.875, 2.383180548918261e-23, nan 
-54.625, 59.875, 2.702054146379274e-23, nan 
-54.375, 59.875, 2.890391845693771e-23, nan 
-54.125, 59.875, 1.9739281854692362e-23, nan 
-53.875, 59.875, 2.0521031258457395e-23, nan 
-53.625, 59.875, 2.153396119270662e-23, nan 
-53.375, 59.875, 1.9970827738087276e-23, nan 
-53.125, 59.875, 3.215127123087044e-23, nan 
-52.875, 59.875, 3.8989384007829905e-23, nan 
-52.625, 59.875, 2.9750089255429447e-23, nan 
-52.375, 59.875, 3.702385347269998e-23, nan 
-52.125, 59.875, 4.536757911942646e-23, nan 
-51.875, 59.875, 3.7871188847014775e-23, nan 
-51.625, 59.875, 2.159343272802797e-23, nan 
-51.375, 59.875, 5.181665516683343e-23, nan 
-51.125, 59.875, 6.539184614300348e-23, nan 
-50.875, 59.875, 6.92956429433606e-23, nan 
-50.625, 59.875, 4.300314649893344e-23, nan 
-50.375, 59.875, 3.9541221569092635e-23, nan 
-50.125, 59.875, 3.9448545738388627e-23, nan 
-49.875, 59.875, 3.583606223270122e-23, nan 
-49.625, 59.875, 2.734833800093346e-23, nan 
-49.375, 59.875, 2.88339098492281e-23, nan 
-49.125, 59.875, 4.4525406080856405e-23, nan 
-48.875, 59.875, 4.102924801663126e-23, nan 
-48.625, 59.875, 2.6211220523635106e-23, nan 
-48.375, 59.875, 2.510153473286128e-23, nan 
-48.125, 59.875, 3.2225441178333824e-23, nan 
-47.875, 59.875, 4.004392973997201e-23, nan 
-47.625, 59.875, 3.226506744841649e-23, nan 
-47.375, 59.875, 1.8203253275247648e-23, nan 
-47.125, 59.875, 2.4672572194782883e-23, nan 
-46.875, 59.875, 3.213174841450111e-23, nan 
-46.625, 59.875, 1.6751773198350198e-23, nan 
-46.375, 59.875, 2.5825177989063998e-23, nan 
-46.125, 59.875, 4.121208489477032e-23, nan 
-45.875, 59.875, 3.550902997768899e-23, nan 
-45.625, 59.875, 1.9355318804349607e-23, nan 
-45.375, 59.875, 6.01969636031948e-23, nan 
-45.125, 59.875, 8.035390036335314e-23, nan 
-44.875, 59.875, 1.0604642216799478e-22, nan 
-44.625, 59.875, 9.52959584604538e-23, nan 
-44.375, 59.875, 4.745790631864183e-23, nan 
-44.125, 59.875, 4.146683839338818e-23, nan 
-43.875, 59.875, 3.5659486464188777e-23, nan 
-43.625, 59.875, 3.931885608345828e-23, nan 
-43.375, 59.875, 4.114198406454259e-23, nan 
-43.125, 59.875, 5.98107238174334e-23, nan 
-42.875, 59.875, 5.953808917337877e-23, nan 
-42.625, 59.875, 7.710460861775245e-23, nan 
-42.375, 59.875, 9.761011530359261e-23, nan 
-42.125, 59.875, 5.802471282769037e-23, nan 
-41.875, 59.875, 6.949066851867337e-23, nan 
-41.625, 59.875, 7.880996989026868e-23, nan 
-41.375, 59.875, 9.372791317496744e-23, nan 
-41.125, 59.875, 7.867879237746762e-23, nan 
-40.875, 59.875, 2.847550263501657e-23, nan 
-40.625, 59.875, 2.507799753678383e-23, nan 
-40.375, 59.875, 4.7162101715528246e-23, nan 
-40.125, 59.875, 4.904003625999604e-23, nan 
-39.875, 59.875, 4.6766066618345173e-23, nan 
-39.625, 59.875, 3.7783337959581816e-23, nan 
-39.375, 59.875, 2.894525621596521e-23, nan 
-39.125, 59.875, 3.4145623314793515e-23, nan 
-38.875, 59.875, 4.0491044958284037e-23, nan 
-38.625, 59.875, 3.772111514380778e-23, nan 
-38.375, 59.875, 2.743189532276346e-23, nan 
-38.125, 59.875, 2.6389484458984483e-23, nan 
-37.875, 59.875, 2.006541233543451e-23, nan 
-37.625, 59.875, 2.3672936384389626e-23, nan 
-37.375, 59.875, 3.0237241858099485e-23, nan 
-37.125, 59.875, 2.4565301141054184e-23, nan 
-36.875, 59.875, 6.427834425648322e-23, nan 
-36.625, 59.875, 6.555037759186191e-23, nan 
-36.375, 59.875, 3.560485626007544e-23, nan 
-36.125, 59.875, 3.9474460420851697e-23, nan 
-35.875, 59.875, 3.783318927087734e-23, nan 
-35.625, 59.875, 2.3910079693695603e-23, nan 
-35.375, 59.875, 2.828990554797733e-23, nan 
-35.125, 59.875, 2.4581746358956356e-23, nan 
-34.875, 59.875, 8.10251540672822e-24, nan 
-34.625, 59.875, 3.314684303396925e-23, nan 
-34.375, 59.875, 5.519434093720865e-23, nan 
-34.125, 59.875, 4.517352390258869e-23, nan 
-33.875, 59.875, 2.7332419055069824e-23, nan 
-33.625, 59.875, 2.3874527367080813e-23, nan 
-33.375, 59.875, 4.2319930243675596e-23, nan 
-33.125, 59.875, 4.4529799561663624e-23, nan 
-32.875, 59.875, 3.591508079919156e-23, nan 
-32.625, 59.875, 3.727182547184037e-23, nan 
-32.375, 59.875, 4.076835789233149e-23, nan 
-32.125, 59.875, 9.665174407931769e-23, nan 
-31.875, 59.875, 1.285894899090312e-22, nan 
-31.625, 59.875, 9.478546552355772e-23, nan 
-31.375, 59.875, 8.495787618118053e-23, nan 
-31.125, 59.875, 1.4420002493083555e-22, nan 
-30.875, 59.875, 1.4425616889502601e-22, nan 
-30.625, 59.875, 9.91208797566588e-23, nan 
-30.375, 59.875, 3.591343333499729e-23, nan 
-30.125, 59.875, 2.4792699829069477e-23, nan 
-29.875, 59.875, 5.077927052087714e-23, nan 
-29.625, 59.875, 5.695739799507618e-23, nan 
-29.375, 59.875, 4.482624300829231e-23, nan 
-29.125, 59.875, 8.177790128106977e-23, nan 
-28.875, 59.875, 9.863796677092435e-23, nan 
-28.625, 59.875, 6.017236342587205e-23, nan 
-28.375, 59.875, 9.976543363756284e-23, nan 
-28.125, 59.875, 1.0751432246713932e-22, nan 
-27.875, 59.875, 9.553189726966848e-23, nan 
-27.625, 59.875, 1.0622181894489992e-22, nan 
-27.375, 59.875, 7.939689385053353e-23, nan 
-27.125, 59.875, 7.739738606498699e-23, nan 
-26.875, 59.875, 5.388609035172341e-23, nan 
-26.625, 59.875, 3.536072789588895e-23, nan 
-26.375, 59.875, 4.923854306064406e-23, nan 
-26.125, 59.875, 6.473596853804095e-23, nan 
-25.875, 59.875, 5.644208577442893e-23, nan 
-25.625, 59.875, 2.596923605238326e-23, nan 
-25.375, 59.875, 4.926695707315959e-23, nan 
-25.125, 59.875, 5.969039598515918e-23, nan 
-24.875, 59.875, 4.6496970404365625e-23, nan 
-24.625, 59.875, 5.52859419579365e-23, nan 
-24.375, 59.875, 5.604253008737691e-23, nan 
-24.125, 59.875, 1.0368424306416257e-22, nan 
-23.875, 59.875, 1.2130887745834617e-22, nan 
-23.625, 59.875, 9.633832040768348e-23, nan 
-23.375, 59.875, 1.3259905276705469e-22, nan 
-23.125, 59.875, 1.1397606589813997e-22, nan 
-22.875, 59.875, 4.639512213902909e-23, nan 
-22.625, 59.875, 5.603215271169499e-23, nan 
-22.375, 59.875, 7.249615770443925e-23, nan 
-22.125, 59.875, 8.909845967074637e-23, nan 
-21.875, 59.875, 1.0011402986929551e-22, nan 
-21.625, 59.875, 9.547477786230651e-23, nan 
-21.375, 59.875, 4.711928491830743e-23, nan 
-21.125, 59.875, 4.940905264190738e-23, nan 
-20.875, 59.875, 8.503195285283018e-23, nan 
-20.625, 59.875, 6.685204100510218e-23, nan 
-20.375, 59.875, 8.56201635393485e-23, nan 
-20.125, 59.875, 1.0860885887548236e-22, nan 
-19.875, 59.875, 1.442457166475056e-22, nan 
-19.625, 59.875, 1.7150488062892719e-22, nan 
-19.375, 59.875, 2.0546564484097246e-22, nan 
-19.125, 59.875, 1.6959873981255183e-22, nan 
-18.875, 59.875, 7.721341389041889e-23, nan 
-18.625, 59.875, 7.683200517564168e-23, nan 
-18.375, 59.875, 5.578082451199447e-23, nan 
-18.125, 59.875, 3.907879843367921e-23, nan 
-17.875, 59.875, 3.808557344071614e-23, nan 
-17.625, 59.875, 3.898392721955133e-23, nan 
-17.375, 59.875, 2.677031914453865e-23, nan 
-17.125, 59.875, 1.4928695058035662e-23, nan 
-16.875, 59.875, 1.5687222503017836e-23, nan 
-16.625, 59.875, 2.253398251260171e-23, nan 
-16.375, 59.875, 3.010898827451954e-23, nan 
-16.125, 59.875, 3.59817162253088e-23, nan 
-15.875, 59.875, 4.945859604341646e-23, nan 
-15.625, 59.875, 4.52359340516792e-23, nan 
-15.375, 59.875, 6.085929522787114e-23, nan 
-15.125, 59.875, 6.172865444439372e-23, nan 
-14.875, 59.875, 2.563477625730416e-23, nan 
-14.625, 59.875, 3.060211902631546e-23, nan 
-14.375, 59.875, 4.0891761053251876e-23, nan 
-14.125, 59.875, 4.0595643792499116e-23, nan 
-13.875, 59.875, 2.0198456706006562e-23, nan 
-13.625, 59.875, 1.6346701156590213e-23, nan 
-13.375, 59.875, 5.588521192597935e-23, nan 
-13.125, 59.875, 5.885144096944504e-23, nan 
-12.875, 59.875, 4.755270979652424e-23, nan 
-12.625, 59.875, 3.541748414664544e-23, nan 
-12.375, 59.875, 6.405007112299843e-23, nan 
-12.125, 59.875, 4.76939040204187e-23, nan 
-11.875, 59.875, 3.202638579280754e-23, nan 
-11.625, 59.875, 3.7798544165498575e-23, nan 
-11.375, 59.875, 2.931077487868555e-23, nan 
-11.125, 59.875, 1.2969303432751385e-22, nan 
-10.875, 59.875, 1.741557315814352e-22, nan 
-10.625, 59.875, 1.0483592744150965e-22, nan 
-10.375, 59.875, 5.90947312439404e-23, nan 
-10.125, 59.875, 4.342564216064345e-23, nan 
-9.875, 59.875, 6.5259649870885e-23, nan 
-9.625, 59.875, 8.780267167402965e-23, nan 
-9.375, 59.875, 3.244441883594792e-23, nan 
-9.125, 59.875, 3.0659832459443064e-23, nan 
-8.875, 59.875, 2.8637473010076666e-23, nan 
-8.625, 59.875, 5.0548586124219675e-23, nan 
-8.375, 59.875, 5.790670840859433e-23, nan 
-8.125, 59.875, 5.024333425419101e-23, nan 
-7.875, 59.875, 4.323810755129002e-23, nan 
-7.625, 59.875, 4.8742504159703795e-23, nan 
-7.375, 59.875, 4.1450593561375514e-23, nan 
-7.125, 59.875, 4.459627097795956e-23, nan 
-6.875, 59.875, 3.1259404303797295e-23, nan 
-6.625, 59.875, 3.022904954642208e-23, nan 
-6.375, 59.875, 7.632586499780285e-23, nan 
-6.125, 59.875, 8.154657875113545e-23, nan 
-5.875, 59.875, 6.524046574077778e-23, nan 
-5.625, 59.875, 6.785152433963e-23, nan 
-5.375, 59.875, 1.0816369094354222e-22, nan 
-5.125, 59.875, 1.0021650289962481e-22, nan 
-4.875, 59.875, 6.861689151738132e-23, nan 
-4.625, 59.875, 9.627895949702054e-23, nan 
-4.375, 59.875, 1.4798072697934054e-22, nan 
-4.125, 59.875, 2.131637781937815e-22, nan 
-3.875, 59.875, 1.5232072700727101e-22, nan 
-3.625, 59.875, 6.287111888647293e-23, nan 
-3.375, 59.875, 4.6448866924327415e-23, nan 
-3.125, 59.875, 2.6092595570963913e-23, nan 
-2.875, 59.875, 2.1475072824031235e-23, nan 
-2.625, 59.875, 4.9270739442666914e-23, nan 
-2.375, 59.875, 4.6235578406264495e-23, nan 
-2.125, 59.875, 6.177302997267505e-23, nan 
-1.875, 59.875, 5.1021566483033426e-23, nan 
-1.625, 59.875, 2.8863824639301655e-23, nan 
-1.375, 59.875, 2.9657738496008994e-23, nan 
-1.125, 59.875, 3.0440845188611633e-23, nan 
-0.875, 59.875, 2.6204683299657304e-23, nan 
-0.625, 59.875, 2.9248455896107005e-23, nan 
-0.375, 59.875, 4.902778855096769e-23, nan 
-0.125, 59.875, 5.842837604197076e-23, nan 
0.125, 59.875, 6.358861499748873e-23, nan 
0.375, 59.875, 5.1571741075570957e-23, nan 
0.625, 59.875, 3.4200575435234357e-23, nan 
0.875, 59.875, 3.948962531766444e-23, nan 
1.125, 59.875, 4.683725004789474e-23, nan 
1.375, 59.875, 2.6629187873508334e-23, nan 
1.625, 59.875, 3.5528796218017595e-23, nan 
1.875, 59.875, 3.794431826313062e-23, nan 
2.125, 59.875, 3.811006426990537e-23, nan 
2.375, 59.875, 7.448936940713423e-23, nan 
2.625, 59.875, 8.80804587397399e-23, nan 
2.875, 59.875, 5.087776845667768e-23, nan 
3.125, 59.875, 3.2961586169754096e-23, nan 
3.375, 59.875, 1.2887785229713725e-23, nan 
3.625, 59.875, 1.0521941956537602e-23, nan 
3.875, 59.875, 3.7681259736281405e-23, nan 
4.125, 59.875, 3.483233485524829e-23, nan 
4.375, 59.875, 2.6430870134871873e-23, nan 
4.625, 59.875, 3.6556398170610965e-23, nan 
4.875, 59.875, 3.792689774617831e-23, nan 
5.125, 59.875, 2.625714558901466e-23, nan 
5.375, 59.875, 2.112556277897969e-23, nan 
5.625, 59.875, 2.133502606899371e-23, nan 
5.875, 59.875, 1.332637965267955e-23, nan 
6.125, 59.875, 1.898155444654196e-23, nan 
6.375, 59.875, 2.6993833449878453e-23, nan 
6.625, 59.875, 2.953316563833247e-23, nan 
6.875, 59.875, 2.4088436599256178e-23, nan 
7.125, 59.875, 9.624886852382515e-24, nan 
7.375, 59.875, 7.271561595616107e-24, nan 
7.625, 59.875, 1.389781776241331e-23, nan 
7.875, 59.875, 1.3976188472699612e-23, nan 
8.125, 59.875, 1.3901930031492863e-23, nan 
8.375, 59.875, 3.610614028787257e-23, nan 
8.625, 59.875, 6.095362316831053e-23, nan 
8.875, 59.875, 7.180063470172481e-23, nan 
9.125, 59.875, 3.553153261840782e-23, nan 
9.375, 59.875, 1.92567555550302e-23, nan 
9.625, 59.875, 1.7100988747323088e-23, nan 
9.875, 59.875, 2.5504778334365915e-23, nan 
10.125, 59.875, 3.987170461456003e-23, nan 
10.375, 59.875, 5.301828004582246e-23, nan 
10.625, 59.875, 8.778228562197228e-23, nan 
10.875, 59.875, 1.0877743029643961e-22, nan 
11.125, 59.875, 5.78182456138023e-23, nan 
11.375, 59.875, 4.08611412307059e-23, nan 
11.625, 59.875, 2.6039888978644355e-23, nan 
11.875, 59.875, 9.864287444096172e-24, nan 
12.125, 59.875, 1.4327398729812536e-23, nan 
12.375, 59.875, 1.638497439816365e-23, nan 
12.625, 59.875, 3.770017139418671e-23, nan 
12.875, 59.875, 4.030231044505945e-23, nan 
13.125, 59.875, 3.072293558581222e-23, nan 
13.375, 59.875, 4.3062194204372486e-23, nan 
13.625, 59.875, 4.9387718863510976e-23, nan 
13.875, 59.875, 2.32596022810434e-23, nan 
14.125, 59.875, 4.0833894392845605e-23, nan 
14.375, 59.875, 3.834623059127153e-23, nan 
14.625, 59.875, 2.0616248448513217e-23, nan 
14.875, 59.875, 1.691417665817389e-23, nan 
15.125, 59.875, 1.6991894700990584e-23, nan 
15.375, 59.875, 2.654198449159256e-23, nan 
15.625, 59.875, 2.295549077557641e-23, nan 
15.875, 59.875, 1.976283543905501e-23, nan 
16.125, 59.875, 1.4989605868474114e-23, nan 
16.375, 59.875, 2.3712597932393386e-23, nan 
16.625, 59.875, 2.828850056234003e-23, nan 
16.875, 59.875, 3.676403679841582e-23, nan 
17.125, 59.875, 4.2191494855485175e-23, nan 
17.375, 59.875, 4.8995448737776646e-23, nan 
17.625, 59.875, 4.3876264514660917e-23, nan 
17.875, 59.875, 1.9299156457597358e-23, nan 
18.125, 59.875, 1.391644993375866e-23, nan 
18.375, 59.875, 1.5413403437716766e-23, nan 
18.625, 59.875, 2.0603934089102962e-23, nan 
18.875, 59.875, 4.2686966750791537e-23, nan 
19.125, 59.875, 4.678800593663352e-23, nan 
19.375, 59.875, 3.474984520310788e-23, nan 
19.625, 59.875, 2.857261031971884e-23, nan 
19.875, 59.875, 1.3112957213358982e-23, nan 
20.125, 59.875, 2.0460102525878046e-23, nan 
20.375, 59.875, 1.506818131986976e-23, nan 
20.625, 59.875, 1.4866756488221753e-23, nan 
20.875, 59.875, 1.9554581866337365e-23, nan 
21.125, 59.875, 1.6202679248196554e-23, nan 
21.375, 59.875, 1.6569338650819416e-23, nan 
21.625, 59.875, 1.720478357524816e-23, nan 
21.875, 59.875, 1.4154717875709568e-23, nan 
22.125, 59.875, 1.8524478612401017e-23, nan 
22.375, 59.875, 1.988539920480725e-23, nan 
22.625, 59.875, 2.013159204764241e-23, nan 
22.875, 59.875, 2.458786292256076e-23, nan 
23.125, 59.875, 2.6802161953393036e-23, nan 
23.375, 59.875, 2.1468725964091658e-23, nan 
23.625, 59.875, 1.506846196317926e-23, nan 
23.875, 59.875, 8.423916024176321e-24, nan 
24.125, 59.875, 4.048927985531712e-24, nan 
24.375, 59.875, 3.933240493029656e-24, nan 
24.625, 59.875, 1.3167360856799918e-23, nan 
24.875, 59.875, 1.6425864124568856e-23, nan 
25.125, 59.875, 1.0071761995872476e-23, nan 
25.375, 59.875, 8.41718946266855e-24, nan 
25.625, 59.875, 5.392933453556724e-24, nan 
25.875, 59.875, 5.822765265849824e-24, nan 
26.125, 59.875, 8.102254950736593e-24, nan 
26.375, 59.875, 1.2936494129794207e-23, nan 
26.625, 59.875, 1.0704145996895507e-23, nan 
26.875, 59.875, 8.139188303368052e-24, nan 
27.125, 59.875, 8.268555845241033e-24, nan 
27.375, 59.875, 7.573854218200105e-24, nan 
27.625, 59.875, 6.531274309443643e-24, nan 
27.875, 59.875, 5.433445938791754e-24, nan 
28.125, 59.875, 6.536130800264777e-24, nan 
28.375, 59.875, 6.559264445615139e-24, nan 
28.625, 59.875, 4.213559946998784e-24, nan 
28.875, 59.875, 2.3322893018573587e-24, nan 
29.125, 59.875, 3.080849509186515e-24, nan 
29.375, 59.875, 4.805131452361135e-24, nan 
29.625, 59.875, 1.2930696467972673e-23, nan 
29.875, 59.875, 1.3510967429976755e-23, nan 
30.125, 59.875, 4.294278286023795e-24, nan 
30.375, 59.875, 3.994016544072539e-24, nan 
30.625, 59.875, 1.0207324414261359e-23, nan 
30.875, 59.875, 1.078003030280889e-23, nan 
31.125, 59.875, 8.517693394139415e-24, nan 
31.375, 59.875, 9.811755219354025e-24, nan 
-104.375, 60.125, 4.360255603619058e-24, nan 
-104.125, 60.125, 4.912978478059627e-24, nan 
-103.875, 60.125, 5.376631624676361e-24, nan 
-103.625, 60.125, 5.970908794651896e-24, nan 
-103.375, 60.125, 6.742414044115118e-24, nan 
-103.125, 60.125, 7.392981628544198e-24, nan 
-102.875, 60.125, 4.491158297228678e-24, nan 
-102.625, 60.125, 6.379985490288401e-24, nan 
-102.375, 60.125, 5.9136738703065325e-24, nan 
-102.125, 60.125, 5.8261948832953675e-24, nan 
-101.875, 60.125, 6.701651869706287e-24, nan 
-101.625, 60.125, 6.834021655073223e-24, nan 
-101.375, 60.125, 6.755081974738076e-24, nan 
-101.125, 60.125, 6.210211602042511e-24, nan 
-100.875, 60.125, 9.939284562194946e-24, nan 
-100.625, 60.125, 7.95084600623787e-24, nan 
-100.375, 60.125, 7.408851100526204e-24, nan 
-100.125, 60.125, 5.626110101672719e-24, nan 
-99.875, 60.125, 6.319779930928502e-24, nan 
-99.625, 60.125, 5.834228105156552e-24, nan 
-99.375, 60.125, 5.934741814092981e-24, nan 
-99.125, 60.125, 8.04666847676013e-24, nan 
-98.875, 60.125, 6.809112370357813e-24, nan 
-98.625, 60.125, 6.427714579757084e-24, nan 
-98.375, 60.125, 6.963464026609938e-24, nan 
-98.125, 60.125, 8.156982432070556e-24, nan 
-97.875, 60.125, 7.92275732399141e-24, nan 
-97.625, 60.125, 9.04897762586052e-24, nan 
-97.375, 60.125, 8.090806238305637e-24, nan 
-97.125, 60.125, 9.182834208242678e-24, nan 
-96.875, 60.125, 1.4502652939327535e-23, nan 
-96.625, 60.125, 7.616936082437187e-24, nan 
-96.375, 60.125, 1.0536764017837934e-23, nan 
-96.125, 60.125, 1.0259036945001591e-23, nan 
-95.875, 60.125, 8.646166838666403e-24, nan 
-95.625, 60.125, 8.430274997796258e-24, nan 
-95.375, 60.125, 9.09752028432582e-24, nan 
-95.125, 60.125, 7.720732240765393e-24, nan 
-94.875, 60.125, 7.543162675608973e-24, nan 
-94.625, 60.125, 8.05813195669476e-24, nan 
-94.375, 60.125, 1.2043520822676209e-23, nan 
-94.125, 60.125, 1.0433978558072775e-23, nan 
-93.875, 60.125, 8.92347918193258e-24, nan 
-93.625, 60.125, 1.1312018585448886e-23, nan 
-93.375, 60.125, 1.3924815192892526e-23, nan 
-93.125, 60.125, 1.0768963578785097e-23, nan 
-92.875, 60.125, 6.099601212708947e-24, nan 
-92.625, 60.125, 7.16904202747477e-24, nan 
-92.375, 60.125, 8.767496654148003e-24, nan 
-92.125, 60.125, 7.070726283861547e-24, nan 
-91.875, 60.125, 7.416328264187272e-24, nan 
-91.625, 60.125, 8.992121005030579e-24, nan 
-91.375, 60.125, 9.124139012398687e-24, nan 
-91.125, 60.125, 6.5268933620452664e-24, nan 
-90.875, 60.125, 3.93770086051983e-24, nan 
-90.625, 60.125, 5.714187510751653e-24, nan 
-90.375, 60.125, 5.004970287376577e-24, nan 
-90.125, 60.125, 2.63034558965541e-24, nan 
-89.875, 60.125, 2.4724626911949494e-24, nan 
-89.625, 60.125, 3.694320009007471e-24, nan 
-89.375, 60.125, 3.85764135862407e-24, nan 
-89.125, 60.125, 3.286717128443896e-24, nan 
-88.875, 60.125, 1.843780283765134e-24, nan 
-88.625, 60.125, 3.8101241335579556e-24, nan 
-88.375, 60.125, 2.336463963832148e-23, nan 
-88.125, 60.125, 4.094459216675365e-24, nan 
-87.875, 60.125, 4.9150538984831205e-24, nan 
-87.625, 60.125, 7.939537461513401e-24, nan 
-87.375, 60.125, 6.3948059491287766e-24, nan 
-87.125, 60.125, 6.2390710785226e-24, nan 
-86.875, 60.125, 5.878963080704647e-24, nan 
-86.625, 60.125, 5.810159354154936e-24, nan 
-86.375, 60.125, 5.733309030596495e-24, nan 
-86.125, 60.125, 5.095136315894149e-24, nan 
-85.875, 60.125, 5.998059120022942e-24, nan 
-85.625, 60.125, 5.835736766277487e-24, nan 
-85.375, 60.125, 5.781248806864256e-24, nan 
-85.125, 60.125, 5.549657620649862e-24, nan 
-84.875, 60.125, 5.408215225525785e-24, nan 
-84.625, 60.125, 5.8085929811585926e-24, nan 
-84.375, 60.125, 4.753854574536305e-24, nan 
-84.125, 60.125, 5.217744096485796e-24, nan 
-83.875, 60.125, 5.499794463711599e-24, nan 
-83.625, 60.125, 5.5742769810410185e-24, nan 
-83.375, 60.125, 5.812455533294528e-24, nan 
-83.125, 60.125, 5.8181706962458395e-24, nan 
-82.875, 60.125, 5.929503260055163e-24, nan 
-82.625, 60.125, 4.9281125255973825e-24, nan 
-82.375, 60.125, 4.5058752702476556e-24, nan 
-82.125, 60.125, 3.9702914639404614e-24, nan 
-81.875, 60.125, 5.0625185390579076e-24, nan 
-81.625, 60.125, 6.0121373032084956e-24, nan 
-81.375, 60.125, 4.773682952925196e-24, nan 
-81.125, 60.125, 6.256496110855956e-24, nan 
-80.875, 60.125, 5.773673225587877e-24, nan 
-80.625, 60.125, 8.720128226496596e-24, nan 
-80.375, 60.125, 3.5446898078165796e-23, nan 
-80.125, 60.125, 8.692155230157488e-23, nan 
-79.875, 60.125, 1.0420609301883923e-22, nan 
-79.625, 60.125, 7.317130484073034e-23, nan 
-79.375, 60.125, 1.8412038576387759e-22, nan 
-79.125, 60.125, 2.0480281122154101e-22, nan 
-78.875, 60.125, 6.598378531293309e-23, nan 
-78.625, 60.125, 8.807650381031465e-23, nan 
-78.375, 60.125, 8.962222328236977e-23, nan 
-78.125, 60.125, 2.2757600205956287e-23, nan 
-77.875, 60.125, 1.352231172693236e-23, nan 
-77.625, 60.125, 7.214134117538187e-24, nan 
-77.375, 60.125, 6.4074688833090405e-24, nan 
-77.125, 60.125, 1.2732122684902066e-23, nan 
-76.875, 60.125, 6.707651938272835e-24, nan 
-76.625, 60.125, 1.546559066575384e-23, nan 
-76.375, 60.125, 2.9699176800509785e-23, nan 
-76.125, 60.125, 6.923840194202271e-24, nan 
-75.875, 60.125, 7.216674156513339e-24, nan 
-75.625, 60.125, 7.965523212021418e-24, nan 
-75.375, 60.125, 9.070939582993811e-24, nan 
-75.125, 60.125, 9.362678866175968e-24, nan 
-74.875, 60.125, 8.338194904910328e-24, nan 
-74.625, 60.125, 8.142677828822396e-24, nan 
-74.375, 60.125, 7.15580159481572e-24, nan 
-74.125, 60.125, 8.156082019419203e-24, nan 
-73.875, 60.125, 7.933195637659556e-24, nan 
-73.625, 60.125, 7.371046002266505e-24, nan 
-73.375, 60.125, 7.314543961756884e-24, nan 
-73.125, 60.125, 8.434456694817744e-24, nan 
-72.875, 60.125, 9.844623960061281e-24, nan 
-72.625, 60.125, 1.0073870018193112e-23, nan 
-72.375, 60.125, 9.814763167647589e-24, nan 
-72.125, 60.125, 7.521160864824273e-24, nan 
-71.875, 60.125, 1.2358132825374601e-23, nan 
-71.625, 60.125, 1.3228914269037444e-23, nan 
-71.375, 60.125, 8.62074827735672e-24, nan 
-71.125, 60.125, 8.564089601708758e-24, nan 
-70.875, 60.125, 8.471353932052275e-24, nan 
-70.625, 60.125, 8.750807018176341e-24, nan 
-70.375, 60.125, 8.379250479295611e-24, nan 
-70.125, 60.125, 8.060036407785402e-24, nan 
-69.875, 60.125, 8.514293196939097e-24, nan 
-69.625, 60.125, 6.309904052479207e-24, nan 
-69.375, 60.125, 7.879347874863783e-24, nan 
-69.125, 60.125, 8.245956486313506e-24, nan 
-68.875, 60.125, 7.166177560865857e-24, nan 
-68.625, 60.125, 7.635987742250097e-24, nan 
-68.375, 60.125, 9.064301306187145e-24, nan 
-68.125, 60.125, 8.966289641437695e-24, nan 
-67.875, 60.125, 9.069366781904296e-24, nan 
-67.625, 60.125, 1.1068196762915604e-23, nan 
-67.375, 60.125, 1.0604190558988321e-23, nan 
-67.125, 60.125, 1.002661543457271e-23, nan 
-66.875, 60.125, 9.01108819275704e-24, nan 
-66.625, 60.125, 1.0177242154637162e-23, nan 
-66.375, 60.125, 1.4728361999789566e-23, nan 
-66.125, 60.125, 1.564280832510018e-23, nan 
-65.875, 60.125, 9.023879866679276e-24, nan 
-65.625, 60.125, 1.274624650548786e-23, nan 
-65.375, 60.125, 1.3480437872003227e-23, nan 
-65.125, 60.125, 8.610392348821878e-24, nan 
-64.875, 60.125, 1.0109168979097712e-23, nan 
-64.625, 60.125, 1.0872517497461604e-23, nan 
-64.375, 60.125, 1.0170198024053067e-23, nan 
-64.125, 60.125, 1.2643711617379095e-23, nan 
-63.875, 60.125, 1.3023639418023992e-23, nan 
-63.625, 60.125, 5.575845812349743e-24, nan 
-63.375, 60.125, 8.579890767833146e-24, nan 
-63.125, 60.125, 1.1127476612902304e-23, nan 
-62.875, 60.125, 1.1841713779758457e-23, nan 
-62.625, 60.125, 1.0695234042329692e-23, nan 
-62.375, 60.125, 9.10424212327665e-24, nan 
-62.125, 60.125, 1.0773050995778694e-23, nan 
-61.875, 60.125, 1.0547312659093235e-23, nan 
-61.625, 60.125, 1.4863210457066587e-23, nan 
-61.375, 60.125, 8.915376285050159e-24, nan 
-61.125, 60.125, 1.1976254994161846e-23, nan 
-60.875, 60.125, 1.1916125436413401e-23, nan 
-60.625, 60.125, 9.179599610214735e-24, nan 
-60.375, 60.125, 7.649494249549267e-24, nan 
-60.125, 60.125, 6.060461088560907e-24, nan 
-59.875, 60.125, 4.9288080300332235e-24, nan 
-59.625, 60.125, 6.936428683337505e-24, nan 
-59.375, 60.125, 2.186244163684598e-23, nan 
-59.125, 60.125, 1.9330467759507643e-23, nan 
-58.875, 60.125, 2.0057654405744953e-23, nan 
-58.625, 60.125, 2.1840287392047407e-23, nan 
-58.375, 60.125, 2.1310247116798981e-23, nan 
-58.125, 60.125, 2.0935268810052266e-23, nan 
-57.875, 60.125, 1.8044112684131838e-23, nan 
-57.625, 60.125, 1.844127009509936e-23, nan 
-57.375, 60.125, 2.4915522045194406e-23, nan 
-57.125, 60.125, 3.546267606056568e-23, nan 
-56.875, 60.125, 2.861941523624272e-23, nan 
-56.625, 60.125, 1.9206283904057566e-23, nan 
-56.375, 60.125, 1.8998124182797788e-23, nan 
-56.125, 60.125, 1.8362552370639033e-23, nan 
-55.875, 60.125, 1.751435692911455e-23, nan 
-55.625, 60.125, 1.4127559766986655e-23, nan 
-55.375, 60.125, 1.2045402543957673e-23, nan 
-55.125, 60.125, 7.502567569449567e-24, nan 
-54.875, 60.125, 7.759229442228577e-24, nan 
-54.625, 60.125, 7.171245953468567e-24, nan 
-54.375, 60.125, 5.691183612461546e-24, nan 
-54.125, 60.125, 6.527965454865244e-24, nan 
-53.875, 60.125, 9.168758549339598e-24, nan 
-53.625, 60.125, 1.2157627615930946e-23, nan 
-53.375, 60.125, 1.3636267472042685e-23, nan 
-53.125, 60.125, 6.77936524912724e-24, nan 
-52.875, 60.125, 1.6765207689805085e-23, nan 
-52.625, 60.125, 2.071238947633012e-23, nan 
-52.375, 60.125, 1.8335115458750877e-23, nan 
-52.125, 60.125, 1.8244493477280904e-23, nan 
-51.875, 60.125, 1.59344968117062e-23, nan 
-51.625, 60.125, 1.9348273843134006e-23, nan 
-51.375, 60.125, 2.1957824448688075e-23, nan 
-51.125, 60.125, 2.148710293503679e-23, nan 
-50.875, 60.125, 2.2824557605801e-23, nan 
-50.625, 60.125, 2.515883585988682e-23, nan 
-50.375, 60.125, 1.874198804771139e-23, nan 
-50.125, 60.125, 1.6540287614089814e-23, nan 
-49.875, 60.125, 1.0035707518238086e-23, nan 
-49.625, 60.125, 7.228195505726886e-24, nan 
-49.375, 60.125, 1.685438046233908e-23, nan 
-49.125, 60.125, 2.057866180335237e-23, nan 
-48.875, 60.125, 6.60386518195136e-24, nan 
-48.625, 60.125, 1.2986860536503327e-23, nan 
-48.375, 60.125, 1.5163236415981566e-23, nan 
-48.125, 60.125, 1.7970591918533826e-23, nan 
-47.875, 60.125, 1.8544665471447546e-23, nan 
-47.625, 60.125, 2.492554531341901e-23, nan 
-47.375, 60.125, 1.3157927186913257e-23, nan 
-47.125, 60.125, 4.861830333495332e-24, nan 
-46.875, 60.125, 1.389963458242292e-23, nan 
-46.625, 60.125, 2.2204075148186245e-23, nan 
-46.375, 60.125, 1.6574461129269708e-23, nan 
-46.125, 60.125, 1.6432915409783107e-23, nan 
-45.875, 60.125, 1.5163559924175537e-23, nan 
-45.625, 60.125, 1.6446642030265097e-23, nan 
-45.375, 60.125, 1.3575965855979116e-23, nan 
-45.125, 60.125, 2.4898113397853066e-23, nan 
-44.875, 60.125, 3.106284551670168e-23, nan 
-44.625, 60.125, 2.2362377975996426e-23, nan 
-44.375, 60.125, 1.9336131818868564e-23, nan 
-44.125, 60.125, 2.2021179161200005e-23, nan 
-43.875, 60.125, 1.5794140901517533e-23, nan 
-43.625, 60.125, 1.6389460819837823e-23, nan 
-43.375, 60.125, 1.8923070200437433e-23, nan 
-43.125, 60.125, 1.9049808272381384e-23, nan 
-42.875, 60.125, 1.2158397036875342e-23, nan 
-42.625, 60.125, 1.3952506004715236e-23, nan 
-42.375, 60.125, 3.057297656241102e-23, nan 
-42.125, 60.125, 2.46201962350485e-23, nan 
-41.875, 60.125, 3.1392881362561145e-23, nan 
-41.625, 60.125, 3.0993123236466355e-23, nan 
-41.375, 60.125, 2.0900664368306485e-23, nan 
-41.125, 60.125, 1.1993508458854357e-23, nan 
-40.875, 60.125, 6.74776032151447e-24, nan 
-40.625, 60.125, 1.0196214371160564e-23, nan 
-40.375, 60.125, 1.3782813230829555e-23, nan 
-40.125, 60.125, 7.614896791267218e-24, nan 
-39.875, 60.125, 1.3466766938912413e-23, nan 
-39.625, 60.125, 1.1577829962569733e-23, nan 
-39.375, 60.125, 8.491845555564745e-24, nan 
-39.125, 60.125, 1.1245673016780053e-23, nan 
-38.875, 60.125, 1.1963192211080158e-23, nan 
-38.625, 60.125, 1.7558984193817684e-23, nan 
-38.375, 60.125, 1.458176778823846e-23, nan 
-38.125, 60.125, 1.077975289769487e-23, nan 
-37.875, 60.125, 1.623648780689025e-23, nan 
-37.625, 60.125, 1.8285622458182858e-23, nan 
-37.375, 60.125, 1.7858707496300315e-23, nan 
-37.125, 60.125, 2.0590109883613986e-23, nan 
-36.875, 60.125, 2.77628019905644e-23, nan 
-36.625, 60.125, 1.1090540464668543e-23, nan 
-36.375, 60.125, 1.04712862307761e-23, nan 
-36.125, 60.125, 1.726412729981984e-23, nan 
-35.875, 60.125, 1.541882254954521e-23, nan 
-35.625, 60.125, 1.8446572432238064e-23, nan 
-35.375, 60.125, 2.69824317477142e-23, nan 
-35.125, 60.125, 2.0175634122139828e-23, nan 
-34.875, 60.125, 1.3404561725786635e-23, nan 
-34.625, 60.125, 1.3026583395771854e-23, nan 
-34.375, 60.125, 1.628954251747931e-23, nan 
-34.125, 60.125, 1.7215131616575642e-23, nan 
-33.875, 60.125, 2.775255754395e-23, nan 
-33.625, 60.125, 3.2237661352005404e-23, nan 
-33.375, 60.125, 2.4780348935145022e-23, nan 
-33.125, 60.125, 2.82288968041326e-23, nan 
-32.875, 60.125, 2.5416757991165005e-23, nan 
-32.625, 60.125, 1.869611947043198e-23, nan 
-32.375, 60.125, 1.3586230505908607e-23, nan 
-32.125, 60.125, 1.219019658129661e-23, nan 
-31.875, 60.125, 3.0396753912270406e-23, nan 
-31.625, 60.125, 3.097470063364646e-23, nan 
-31.375, 60.125, 3.48278011849233e-23, nan 
-31.125, 60.125, 3.9982251947046484e-23, nan 
-30.875, 60.125, 2.2316799404435492e-23, nan 
-30.625, 60.125, 2.0218835904049002e-23, nan 
-30.375, 60.125, 1.8529360600220107e-23, nan 
-30.125, 60.125, 1.2269011615682384e-23, nan 
-29.875, 60.125, 1.2434339518742695e-23, nan 
-29.625, 60.125, 2.3009377499125533e-23, nan 
-29.375, 60.125, 1.9218103108119572e-23, nan 
-29.125, 60.125, 2.0930394417765582e-23, nan 
-28.875, 60.125, 3.7617289696535744e-23, nan 
-28.625, 60.125, 3.04781535707531e-23, nan 
-28.375, 60.125, 3.00423127713556e-23, nan 
-28.125, 60.125, 3.255818195651376e-23, nan 
-27.875, 60.125, 4.47140405525073e-23, nan 
-27.625, 60.125, 5.2032177144334064e-23, nan 
-27.375, 60.125, 3.9410107840620686e-23, nan 
-27.125, 60.125, 4.2011881939467395e-23, nan 
-26.875, 60.125, 3.766860774062738e-23, nan 
-26.625, 60.125, 3.1523241495389927e-23, nan 
-26.375, 60.125, 3.599878717142592e-23, nan 
-26.125, 60.125, 4.193892326681287e-23, nan 
-25.875, 60.125, 4.6397504761951406e-23, nan 
-25.625, 60.125, 3.4415387427034294e-23, nan 
-25.375, 60.125, 2.444283658051992e-23, nan 
-25.125, 60.125, 2.3059150571738829e-23, nan 
-24.875, 60.125, 1.9688775412257344e-23, nan 
-24.625, 60.125, 1.681596025608684e-23, nan 
-24.375, 60.125, 1.5398923525022895e-23, nan 
-24.125, 60.125, 2.4704177733563603e-23, nan 
-23.875, 60.125, 3.588950465675719e-23, nan 
-23.625, 60.125, 3.657322193610932e-23, nan 
-23.375, 60.125, 4.819954320186387e-23, nan 
-23.125, 60.125, 3.480142030729933e-23, nan 
-22.875, 60.125, 1.467078886473439e-23, nan 
-22.625, 60.125, 6.602580678398703e-23, nan 
-22.375, 60.125, 7.317846685214722e-23, nan 
-22.125, 60.125, 4.9374583005516194e-23, nan 
-21.875, 60.125, 4.304293511757846e-23, nan 
-21.625, 60.125, 5.9800194201807e-23, nan 
-21.375, 60.125, 6.297465782135292e-23, nan 
-21.125, 60.125, 5.575585131068966e-23, nan 
-20.875, 60.125, 6.461601645723085e-23, nan 
-20.625, 60.125, 4.9720079978766675e-23, nan 
-20.375, 60.125, 6.970379213602623e-23, nan 
-20.125, 60.125, 7.183577941291507e-23, nan 
-19.875, 60.125, 5.475723688644852e-23, nan 
-19.625, 60.125, 9.340278627256046e-23, nan 
-19.375, 60.125, 8.384526864994076e-23, nan 
-19.125, 60.125, 3.7346249818100436e-23, nan 
-18.875, 60.125, 7.032661691901175e-23, nan 
-18.625, 60.125, 6.090055919449092e-23, nan 
-18.375, 60.125, 3.4150565944831165e-23, nan 
-18.125, 60.125, 2.899061723741637e-23, nan 
-17.875, 60.125, 1.9710388179314195e-23, nan 
-17.625, 60.125, 1.8266196896847813e-23, nan 
-17.375, 60.125, 1.1467395416847326e-23, nan 
-17.125, 60.125, 1.3606177035443104e-23, nan 
-16.875, 60.125, 1.7438223210183426e-23, nan 
-16.625, 60.125, 1.2337370744277364e-23, nan 
-16.375, 60.125, 1.715983957963095e-23, nan 
-16.125, 60.125, 1.5576749304136143e-23, nan 
-15.875, 60.125, 1.4849182277266172e-23, nan 
-15.625, 60.125, 6.2107470253505744e-24, nan 
-15.375, 60.125, 1.2797809815953668e-23, nan 
-15.125, 60.125, 2.274849126827552e-23, nan 
-14.875, 60.125, 2.2788746446538167e-23, nan 
-14.625, 60.125, 1.8683231110071466e-23, nan 
-14.375, 60.125, 1.5159543644976352e-23, nan 
-14.125, 60.125, 2.632173785850028e-23, nan 
-13.875, 60.125, 2.6199522704956483e-23, nan 
-13.625, 60.125, 2.8336172908579884e-23, nan 
-13.375, 60.125, 2.4548359353755924e-23, nan 
-13.125, 60.125, 2.673719500990171e-23, nan 
-12.875, 60.125, 4.089266261773351e-23, nan 
-12.625, 60.125, 3.8302277095120403e-23, nan 
-12.375, 60.125, 3.676703410495774e-23, nan 
-12.125, 60.125, 3.349015049251207e-23, nan 
-11.875, 60.125, 2.3342706951840276e-23, nan 
-11.625, 60.125, 2.1543197515538827e-23, nan 
-11.375, 60.125, 1.5497664646852962e-23, nan 
-11.125, 60.125, 1.4812188060992368e-23, nan 
-10.875, 60.125, 4.299337575361857e-23, nan 
-10.625, 60.125, 2.856219515398015e-23, nan 
-10.375, 60.125, 4.950698470996124e-23, nan 
-10.125, 60.125, 1.937111136734843e-23, nan 
-9.875, 60.125, 3.7923654310201817e-23, nan 
-9.625, 60.125, 8.519149691993181e-23, nan 
-9.375, 60.125, 1.9987183218103454e-23, nan 
-9.125, 60.125, 2.495021435750342e-23, nan 
-8.875, 60.125, 4.095361446260253e-23, nan 
-8.625, 60.125, 5.315187646564974e-23, nan 
-8.375, 60.125, 4.870464083027849e-23, nan 
-8.125, 60.125, 8.852161471756167e-24, nan 
-7.875, 60.125, 2.3557077856000422e-23, nan 
-7.625, 60.125, 2.426087297661387e-23, nan 
-7.375, 60.125, 1.053340753432122e-23, nan 
-7.125, 60.125, 2.020765607449184e-23, nan 
-6.875, 60.125, 3.4691809469782146e-23, nan 
-6.625, 60.125, 3.7720794013262756e-23, nan 
-6.375, 60.125, 3.5786533216642325e-23, nan 
-6.125, 60.125, 3.721719974539039e-23, nan 
-5.875, 60.125, 3.87090354676739e-23, nan 
-5.625, 60.125, 4.133275972281775e-23, nan 
-5.375, 60.125, 4.0404569868600565e-23, nan 
-5.125, 60.125, 4.743805174054029e-23, nan 
-4.875, 60.125, 4.247131100491555e-23, nan 
-4.625, 60.125, 5.398571477293969e-23, nan 
-4.375, 60.125, 7.499837789204612e-23, nan 
-4.125, 60.125, 8.044515891548502e-23, nan 
-3.875, 60.125, 3.651848064696232e-23, nan 
-3.625, 60.125, 5.2769208436265417e-23, nan 
-3.375, 60.125, 3.661869796232114e-23, nan 
-3.125, 60.125, 2.3108235566834122e-23, nan 
-2.875, 60.125, 3.841477605154574e-23, nan 
-2.625, 60.125, 1.8411953771779654e-23, nan 
-2.375, 60.125, 8.152624336818177e-24, nan 
-2.125, 60.125, 1.6981423115432885e-23, nan 
-1.875, 60.125, 9.861063624959654e-24, nan 
-1.625, 60.125, 1.8136795491637476e-23, nan 
-1.375, 60.125, 2.436695832748515e-23, nan 
-1.125, 60.125, 2.1454185958520175e-23, nan 
-0.875, 60.125, 2.2051355229340303e-23, nan 
-0.625, 60.125, 2.9068533872961e-23, nan 
-0.375, 60.125, 3.0908377545964037e-23, nan 
-0.125, 60.125, 2.622601221875331e-23, nan 
0.125, 60.125, 2.2817197586804816e-23, nan 
0.375, 60.125, 2.2690234633699512e-23, nan 
0.625, 60.125, 2.275187328307611e-23, nan 
0.875, 60.125, 2.1978329969334372e-23, nan 
1.125, 60.125, 2.2513952019468195e-23, nan 
1.375, 60.125, 1.8182360021948226e-23, nan 
1.625, 60.125, 1.9677149002975875e-23, nan 
1.875, 60.125, 1.4474543211570112e-23, nan 
2.125, 60.125, 2.1661692118524824e-23, nan 
2.375, 60.125, 2.5762913309696055e-23, nan 
2.625, 60.125, 1.806051149432296e-23, nan 
2.875, 60.125, 1.4263669793862027e-23, nan 
3.125, 60.125, 1.1235209704571274e-23, nan 
3.375, 60.125, 6.67836641196005e-24, nan 
3.625, 60.125, 6.717631210456615e-24, nan 
3.875, 60.125, 1.498526962883103e-23, nan 
4.125, 60.125, 2.4780938014028238e-23, nan 
4.375, 60.125, 4.253599020598623e-24, nan 
4.625, 60.125, 1.3101176819056938e-23, nan 
4.875, 60.125, 1.9988809323187451e-23, nan 
5.125, 60.125, 1.639012600456957e-23, nan 
5.375, 60.125, 9.893363334209632e-24, nan 
5.625, 60.125, 1.1690599738956213e-23, nan 
5.875, 60.125, 1.1079530962360921e-23, nan 
6.125, 60.125, 9.63399762500882e-24, nan 
6.375, 60.125, 1.6859438500655384e-23, nan 
6.625, 60.125, 1.508661568658526e-23, nan 
6.875, 60.125, 1.6020456737257e-23, nan 
7.125, 60.125, 1.385315053164023e-23, nan 
7.375, 60.125, 1.3809733689804564e-23, nan 
7.625, 60.125, 1.6064618460177772e-23, nan 
7.875, 60.125, 1.6403691264620703e-23, nan 
8.125, 60.125, 3.1204149457822303e-23, nan 
8.375, 60.125, 1.5893284401871953e-23, nan 
8.625, 60.125, 1.4645216399580224e-23, nan 
8.875, 60.125, 1.6171799115797276e-23, nan 
9.125, 60.125, 3.877946166143239e-23, nan 
9.375, 60.125, 1.9990840802242123e-23, nan 
9.625, 60.125, 7.234138897589531e-24, nan 
9.875, 60.125, 1.1306966367121331e-23, nan 
10.125, 60.125, 1.420224481967139e-23, nan 
10.375, 60.125, 1.7283153788489612e-23, nan 
10.625, 60.125, 2.2279535566455362e-23, nan 
10.875, 60.125, 4.0424132447043235e-23, nan 
11.125, 60.125, 3.3868252911877424e-23, nan 
11.375, 60.125, 2.5953488418080928e-23, nan 
11.625, 60.125, 2.12482789268118e-23, nan 
11.875, 60.125, 2.5037009843472863e-23, nan 
12.125, 60.125, 1.4437195047191087e-23, nan 
12.375, 60.125, 1.4847065079094062e-23, nan 
12.625, 60.125, 1.4422246539473493e-23, nan 
12.875, 60.125, 1.106632051032892e-23, nan 
13.125, 60.125, 1.5119274651088448e-23, nan 
13.375, 60.125, 2.2440262311584384e-23, nan 
13.625, 60.125, 3.628357008062199e-23, nan 
13.875, 60.125, 1.8511720651106256e-23, nan 
14.125, 60.125, 2.086618015952876e-23, nan 
14.375, 60.125, 1.8024818994888295e-23, nan 
14.625, 60.125, 9.00136733597897e-24, nan 
14.875, 60.125, 7.959413238491927e-24, nan 
15.125, 60.125, 5.660860729165399e-24, nan 
15.375, 60.125, 5.680587939143932e-24, nan 
15.625, 60.125, 7.188431885951136e-24, nan 
15.875, 60.125, 8.807764137386939e-24, nan 
16.125, 60.125, 9.177430192749423e-24, nan 
16.375, 60.125, 5.353462708556013e-24, nan 
16.625, 60.125, 8.606835779620421e-24, nan 
16.875, 60.125, 1.069100187689473e-23, nan 
17.125, 60.125, 1.6255341543073762e-23, nan 
17.375, 60.125, 1.6130104891882775e-23, nan 
17.625, 60.125, 5.78934359208833e-24, nan 
17.875, 60.125, 1.091338032157857e-23, nan 
18.125, 60.125, 1.0625872400763432e-23, nan 
18.375, 60.125, 1.3474562934845133e-23, nan 
18.625, 60.125, 1.6135186705292178e-23, nan 
18.875, 60.125, 1.4293941364822324e-23, nan 
19.125, 60.125, 1.6161361253104008e-23, nan 
19.375, 60.125, 1.674953673373769e-23, nan 
19.625, 60.125, 1.2452269865227097e-23, nan 
19.875, 60.125, 6.89683650136835e-24, nan 
20.125, 60.125, 6.987014624687181e-24, nan 
20.375, 60.125, 6.602134382301327e-24, nan 
20.625, 60.125, 4.860650889712325e-24, nan 
20.875, 60.125, 7.318647621643888e-24, nan 
21.125, 60.125, 7.468739914658664e-24, nan 
21.375, 60.125, 1.0303723002398049e-23, nan 
21.625, 60.125, 5.127798625802045e-24, nan 
21.875, 60.125, 6.273229661075834e-24, nan 
22.125, 60.125, 5.342971698717979e-24, nan 
22.375, 60.125, 5.356008431884531e-24, nan 
22.625, 60.125, 8.373294505526118e-24, nan 
22.875, 60.125, 9.7576380604329e-24, nan 
23.125, 60.125, 8.509132188029019e-24, nan 
23.375, 60.125, 9.449823684276122e-24, nan 
23.625, 60.125, 9.814378175102959e-24, nan 
23.875, 60.125, 7.23854448951913e-24, nan 
24.125, 60.125, 5.995213747357299e-24, nan 
24.375, 60.125, 3.6197305920310175e-24, nan 
24.625, 60.125, 2.924053454407212e-24, nan 
24.875, 60.125, 3.8687191640823564e-24, nan 
25.125, 60.125, 3.784193463492625e-24, nan 
25.375, 60.125, 2.084110582842724e-24, nan 
25.625, 60.125, 3.4376917442080556e-24, nan 
25.875, 60.125, 6.389304440195137e-24, nan 
26.125, 60.125, 3.714731048122648e-24, nan 
26.375, 60.125, 2.0355903590802544e-24, nan 
26.625, 60.125, 3.005346451289388e-24, nan 
26.875, 60.125, 4.3894975456087295e-24, nan 
27.125, 60.125, 5.2475398052890184e-24, nan 
27.375, 60.125, 4.530678847295892e-24, nan 
27.625, 60.125, 4.636531595152036e-24, nan 
27.875, 60.125, 5.542190842623084e-24, nan 
28.125, 60.125, 6.191234458403845e-24, nan 
28.375, 60.125, 5.661969318956194e-24, nan 
28.625, 60.125, 5.4015864534474445e-24, nan 
28.875, 60.125, 4.1742663818451535e-24, nan 
29.125, 60.125, 5.929341034915322e-24, nan 
29.375, 60.125, 5.383358433661229e-24, nan 
29.625, 60.125, 4.157678937400716e-24, nan 
29.875, 60.125, 5.424455521378802e-24, nan 
30.125, 60.125, 2.9277894845972203e-24, nan 
30.375, 60.125, 3.766943510368457e-24, nan 
30.625, 60.125, 4.979070463842386e-24, nan 
30.875, 60.125, 3.9772152833187056e-24, nan 
31.125, 60.125, 7.650163829131403e-24, nan 
31.375, 60.125, 4.6443528010365504e-24, nan 
31.625, 60.125, 2.738588966686667e-24, nan 
31.875, 60.125, 2.5855947368347813e-24, nan 
32.125, 60.125, 6.041177915013395e-24, nan 
32.375, 60.125, 7.215216513930427e-24, nan 
-105.625, 60.375, 4.127223561422381e-24, nan 
-105.375, 60.375, 4.976660818348887e-24, nan 
-105.125, 60.375, 4.30885509698727e-24, nan 
-104.875, 60.375, 4.26695820029055e-24, nan 
-104.625, 60.375, 3.2909635408900467e-24, nan 
-104.375, 60.375, 4.119903559826727e-24, nan 
-104.125, 60.375, 4.59629602648668e-24, nan 
-103.875, 60.375, 4.3823309026742445e-24, nan 
-103.625, 60.375, 5.725682510469788e-24, nan 
-103.375, 60.375, 6.0733895727192955e-24, nan 
-103.125, 60.375, 6.108743161336213e-24, nan 
-102.875, 60.375, 4.4487083083432596e-24, nan 
-102.625, 60.375, 4.751333504414997e-24, nan 
-102.375, 60.375, 4.6963303343710125e-24, nan 
-102.125, 60.375, 4.896430075024102e-24, nan 
-101.875, 60.375, 5.498253216391775e-24, nan 
-101.625, 60.375, 3.023352327748603e-23, nan 
-101.375, 60.375, 6.568182068938643e-23, nan 
-101.125, 60.375, 6.056403907945441e-24, nan 
-100.875, 60.375, 9.510078885624946e-24, nan 
-100.625, 60.375, 9.094140057901004e-24, nan 
-100.375, 60.375, 6.664909669551058e-24, nan 
-100.125, 60.375, 7.840113475340351e-24, nan 
-99.875, 60.375, 7.67038284877742e-24, nan 
-99.625, 60.375, 6.795238247135826e-24, nan 
-99.375, 60.375, 6.977310675773103e-24, nan 
-99.125, 60.375, 7.791915485557785e-24, nan 
-98.875, 60.375, 7.341378324414759e-24, nan 
-98.625, 60.375, 6.890977998201161e-24, nan 
-98.375, 60.375, 6.4746440305917866e-24, nan 
-98.125, 60.375, 9.259294939683006e-24, nan 
-97.875, 60.375, 9.174189853788751e-24, nan 
-97.625, 60.375, 1.0226869659759731e-23, nan 
-97.375, 60.375, 1.074894199175309e-23, nan 
-97.125, 60.375, 1.1870137787109309e-23, nan 
-96.875, 60.375, 1.102010094100356e-23, nan 
-96.625, 60.375, 1.0761985089838734e-23, nan 
-96.375, 60.375, 1.0784943878794816e-23, nan 
-96.125, 60.375, 1.0965175691084362e-23, nan 
-95.875, 60.375, 9.908811761205518e-24, nan 
-95.625, 60.375, 8.975378775984886e-24, nan 
-95.375, 60.375, 9.82697513613799e-24, nan 
-95.125, 60.375, 9.478398039437995e-24, nan 
-94.875, 60.375, 8.075475980048326e-24, nan 
-94.625, 60.375, 8.623171676557e-24, nan 
-94.375, 60.375, 1.2676093576922344e-23, nan 
-94.125, 60.375, 1.2788232659865688e-23, nan 
-93.875, 60.375, 9.596637553950915e-24, nan 
-93.625, 60.375, 9.156649551909989e-24, nan 
-93.375, 60.375, 1.0461117368374595e-23, nan 
-93.125, 60.375, 7.913121687838426e-24, nan 
-92.875, 60.375, 5.291541669169814e-24, nan 
-92.625, 60.375, 6.040448773989882e-24, nan 
-92.375, 60.375, 7.248477401721319e-24, nan 
-92.125, 60.375, 6.612389729424248e-24, nan 
-91.875, 60.375, 5.244325528391739e-24, nan 
-91.625, 60.375, 4.4578868078448e-24, nan 
-91.375, 60.375, 3.789452307182225e-24, nan 
-91.125, 60.375, 4.220382156384937e-24, nan 
-90.875, 60.375, 2.6420810623267734e-24, nan 
-90.625, 60.375, 2.021835665155286e-24, nan 
-90.375, 60.375, 3.597377833800578e-24, nan 
-90.125, 60.375, 3.894738879611094e-24, nan 
-89.875, 60.375, 3.9777896699535475e-24, nan 
-89.625, 60.375, 3.1803413912310046e-24, nan 
-89.375, 60.375, 5.41956096720875e-24, nan 
-89.125, 60.375, 1.2365185194022203e-23, nan 
-88.875, 60.375, 5.326270877765868e-24, nan 
-88.625, 60.375, 6.1992343681847736e-24, nan 
-88.375, 60.375, 3.025172522325289e-23, nan 
-88.125, 60.375, 6.777942046804156e-24, nan 
-87.875, 60.375, 6.937176439595146e-24, nan 
-87.625, 60.375, 8.824493447134084e-24, nan 
-87.375, 60.375, 7.02862180394461e-24, nan 
-87.125, 60.375, 6.887328249070917e-24, nan 
-86.875, 60.375, 5.6915534010918834e-24, nan 
-86.625, 60.375, 5.9157330553482755e-24, nan 
-86.375, 60.375, 5.7882635245892686e-24, nan 
-86.125, 60.375, 5.398740408131423e-24, nan 
-85.875, 60.375, 5.641163500751012e-24, nan 
-85.625, 60.375, 6.067974567240352e-24, nan 
-85.375, 60.375, 6.268764694099686e-24, nan 
-85.125, 60.375, 5.4874321649005694e-24, nan 
-84.875, 60.375, 4.890593857790687e-24, nan 
-84.625, 60.375, 5.532118157658641e-24, nan 
-84.375, 60.375, 5.356771774589061e-24, nan 
-84.125, 60.375, 5.4119114533449504e-24, nan 
-83.875, 60.375, 5.7402196854682874e-24, nan 
-83.625, 60.375, 6.649829191758296e-24, nan 
-83.375, 60.375, 6.029259997729641e-24, nan 
-83.125, 60.375, 5.7807660054143806e-24, nan 
-82.875, 60.375, 6.161522359059938e-24, nan 
-82.625, 60.375, 5.2347196809586154e-24, nan 
-82.375, 60.375, 5.451774125004728e-24, nan 
-82.125, 60.375, 6.338462131966955e-24, nan 
-81.875, 60.375, 4.871346704119397e-24, nan 
-81.625, 60.375, 5.207951334618924e-24, nan 
-81.375, 60.375, 7.710814859918006e-24, nan 
-81.125, 60.375, 5.9210730247799415e-24, nan 
-80.875, 60.375, 5.182295376447489e-24, nan 
-80.625, 60.375, 1.0674622880618719e-23, nan 
-80.375, 60.375, 5.408778838572106e-23, nan 
-80.125, 60.375, 9.508309954433032e-23, nan 
-79.875, 60.375, 1.0741195273586563e-22, nan 
-79.625, 60.375, 1.0444936769261621e-22, nan 
-79.375, 60.375, 1.9430182020142349e-22, nan 
-79.125, 60.375, 2.0843648127900101e-22, nan 
-78.875, 60.375, 7.338541160221544e-23, nan 
-78.625, 60.375, 9.235783042945079e-23, nan 
-78.375, 60.375, 9.169094875720982e-23, nan 
-78.125, 60.375, 3.173116800519841e-23, nan 
-77.875, 60.375, 1.095418672919522e-23, nan 
-77.625, 60.375, 5.413955730907326e-24, nan 
-77.375, 60.375, 1.220444381326796e-23, nan 
-77.125, 60.375, 1.2224366572037481e-23, nan 
-76.875, 60.375, 1.672201545170027e-23, nan 
-76.625, 60.375, 3.634453106645665e-23, nan 
-76.375, 60.375, 3.236988107670285e-23, nan 
-76.125, 60.375, 1.7396614783759242e-23, nan 
-75.875, 60.375, 2.0570412610424502e-23, nan 
-75.625, 60.375, 1.5996852835727764e-23, nan 
-75.375, 60.375, 1.2467382984352088e-23, nan 
-75.125, 60.375, 9.848239751932415e-24, nan 
-74.875, 60.375, 6.72259580883918e-24, nan 
-74.625, 60.375, 8.878456719743157e-24, nan 
-74.375, 60.375, 1.0883941613736621e-23, nan 
-74.125, 60.375, 1.0999569256904512e-23, nan 
-73.875, 60.375, 8.845866889080166e-24, nan 
-73.625, 60.375, 9.41917043291286e-24, nan 
-73.375, 60.375, 9.798840454023998e-24, nan 
-73.125, 60.375, 8.271640211175475e-24, nan 
-72.875, 60.375, 9.924766647151798e-24, nan 
-72.625, 60.375, 8.441889791292091e-24, nan 
-72.375, 60.375, 8.873967737602416e-24, nan 
-72.125, 60.375, 9.654412029589306e-24, nan 
-71.875, 60.375, 1.7383545121503577e-23, nan 
-71.625, 60.375, 2.1764456283763118e-23, nan 
-71.375, 60.375, 1.0649529947702514e-23, nan 
-71.125, 60.375, 1.372954465379802e-23, nan 
-70.875, 60.375, 1.6761084405062223e-23, nan 
-70.625, 60.375, 1.0236420639643078e-23, nan 
-70.375, 60.375, 7.47784419416444e-24, nan 
-70.125, 60.375, 8.707408274842924e-24, nan 
-69.875, 60.375, 1.0778508043515506e-23, nan 
-69.625, 60.375, 9.541265343452948e-24, nan 
-69.375, 60.375, 8.94992645966454e-24, nan 
-69.125, 60.375, 9.101520243572974e-24, nan 
-68.875, 60.375, 7.535522358589668e-24, nan 
-68.625, 60.375, 8.484237460147385e-24, nan 
-68.375, 60.375, 1.2188325772925358e-23, nan 
-68.125, 60.375, 1.0099817500262922e-23, nan 
-67.875, 60.375, 1.0462133212498317e-23, nan 
-67.625, 60.375, 9.599363767671987e-24, nan 
-67.375, 60.375, 1.0662736295414258e-23, nan 
-67.125, 60.375, 8.981230340437061e-24, nan 
-66.875, 60.375, 8.693003207754862e-24, nan 
-66.625, 60.375, 8.660628997376993e-24, nan 
-66.375, 60.375, 1.4267826126757065e-23, nan 
-66.125, 60.375, 1.6360413629060155e-23, nan 
-65.875, 60.375, 1.1579444942566463e-23, nan 
-65.625, 60.375, 9.334071996937079e-24, nan 
-65.375, 60.375, 1.0038475587706141e-23, nan 
-65.125, 60.375, 8.918920556955289e-24, nan 
-64.875, 60.375, 1.1883565375293303e-23, nan 
-64.625, 60.375, 1.0662141632100716e-23, nan 
-64.375, 60.375, 8.222789705005525e-24, nan 
-64.125, 60.375, 1.1282879243722353e-23, nan 
-63.875, 60.375, 1.3570448650628904e-23, nan 
-63.625, 60.375, 1.1475443725645404e-23, nan 
-63.375, 60.375, 1.1473138483167727e-23, nan 
-63.125, 60.375, 1.328261203650854e-23, nan 
-62.875, 60.375, 1.2592009654423967e-23, nan 
-62.625, 60.375, 9.162997076798117e-24, nan 
-62.375, 60.375, 1.0127810027057225e-23, nan 
-62.125, 60.375, 7.279935027946136e-24, nan 
-61.875, 60.375, 1.2016155824094121e-23, nan 
-61.625, 60.375, 1.102857677764115e-23, nan 
-61.375, 60.375, 9.470212188765827e-24, nan 
-61.125, 60.375, 1.1171985066755839e-23, nan 
-60.875, 60.375, 1.1156204539152511e-23, nan 
-60.625, 60.375, 8.533639439719429e-24, nan 
-60.375, 60.375, 6.70218133204817e-24, nan 
-60.125, 60.375, 6.86492322400356e-24, nan 
-59.875, 60.375, 7.328099316015284e-24, nan 
-59.625, 60.375, 1.1027051920805434e-23, nan 
-59.375, 60.375, 2.78544980353957e-23, nan 
-59.125, 60.375, 2.6487227471730914e-23, nan 
-58.875, 60.375, 2.7880021876718377e-23, nan 
-58.625, 60.375, 2.902382236873636e-23, nan 
-58.375, 60.375, 2.4438050569388504e-23, nan 
-58.125, 60.375, 2.6688346408598203e-23, nan 
-57.875, 60.375, 2.563066429481177e-23, nan 
-57.625, 60.375, 2.2987123719645653e-23, nan 
-57.375, 60.375, 2.3194089962247842e-23, nan 
-57.125, 60.375, 2.583300513321504e-23, nan 
-56.875, 60.375, 2.0251159232608264e-23, nan 
-56.625, 60.375, 1.5005945103458923e-23, nan 
-56.375, 60.375, 1.462920617152944e-23, nan 
-56.125, 60.375, 1.7893585946192206e-23, nan 
-55.875, 60.375, 1.910415882260818e-23, nan 
-55.625, 60.375, 1.0962478826050557e-23, nan 
-55.375, 60.375, 1.0244334698362344e-23, nan 
-55.125, 60.375, 4.619560563666731e-24, nan 
-54.875, 60.375, 8.755641191215349e-24, nan 
-54.625, 60.375, 1.3556993951097554e-23, nan 
-54.375, 60.375, 9.175151573580123e-24, nan 
-54.125, 60.375, 1.0787247416182289e-23, nan 
-53.875, 60.375, 1.8454869727973546e-23, nan 
-53.625, 60.375, 1.0728039932933994e-23, nan 
-53.375, 60.375, 1.3932570030807434e-23, nan 
-53.125, 60.375, 1.9024793878056198e-23, nan 
-52.875, 60.375, 1.8109123588233642e-23, nan 
-52.625, 60.375, 1.7075454430758152e-23, nan 
-52.375, 60.375, 1.81831724999461e-23, nan 
-52.125, 60.375, 1.3221214554178147e-23, nan 
-51.875, 60.375, 1.2641036536166956e-23, nan 
-51.625, 60.375, 2.0756258224117565e-23, nan 
-51.375, 60.375, 2.4029980747310583e-23, nan 
-51.125, 60.375, 1.9293577897340828e-23, nan 
-50.875, 60.375, 1.8471377405381583e-23, nan 
-50.625, 60.375, 2.0227005287811138e-23, nan 
-50.375, 60.375, 1.6098004602977224e-23, nan 
-50.125, 60.375, 9.478522770568848e-24, nan 
-49.875, 60.375, 1.38377143285264e-23, nan 
-49.625, 60.375, 1.1706952301903887e-23, nan 
-49.375, 60.375, 3.572732426679204e-23, nan 
-49.125, 60.375, 4.2493610094375017e-23, nan 
-48.875, 60.375, 2.024068206461937e-23, nan 
-48.625, 60.375, 2.0632614499090143e-23, nan 
-48.375, 60.375, 3.094424109345962e-23, nan 
-48.125, 60.375, 2.804456248930133e-23, nan 
-47.875, 60.375, 1.6163306959039843e-23, nan 
-47.625, 60.375, 3.572630316074511e-23, nan 
-47.375, 60.375, 3.4778627046271974e-23, nan 
-47.125, 60.375, 4.206215765441821e-23, nan 
-46.875, 60.375, 1.8430942548314636e-22, nan 
-46.625, 60.375, 3.6124092307609986e-23, nan 
-46.375, 60.375, 2.3681470124578616e-23, nan 
-46.125, 60.375, 2.4339113953326643e-23, nan 
-45.875, 60.375, 2.8810958666279704e-23, nan 
-45.625, 60.375, 2.291505276621719e-23, nan 
-45.375, 60.375, 2.068125135603715e-23, nan 
-45.125, 60.375, 2.494457110270475e-23, nan 
-44.875, 60.375, 3.3746331854189944e-23, nan 
-44.625, 60.375, 2.4326553162354042e-23, nan 
-44.375, 60.375, 2.1933657316164e-23, nan 
-44.125, 60.375, 2.1667583396313193e-23, nan 
-43.875, 60.375, 1.473513525795059e-23, nan 
-43.625, 60.375, 1.2693710897835938e-23, nan 
-43.375, 60.375, 1.4390040382093527e-23, nan 
-43.125, 60.375, 1.5694280943870873e-23, nan 
-42.875, 60.375, 1.2076185497513563e-23, nan 
-42.625, 60.375, 1.3242439791249438e-23, nan 
-42.375, 60.375, 1.5215788833535825e-23, nan 
-42.125, 60.375, 1.2497187409551125e-23, nan 
-41.875, 60.375, 1.5601351669708186e-23, nan 
-41.625, 60.375, 6.2292998435157155e-24, nan 
-41.375, 60.375, 2.726138218792788e-24, nan 
-41.125, 60.375, 7.517817680262957e-24, nan 
-40.875, 60.375, 8.171884377073778e-24, nan 
-40.625, 60.375, 1.2006505402530275e-23, nan 
-40.375, 60.375, 1.2506095698709074e-23, nan 
-40.125, 60.375, 1.2123243141324539e-23, nan 
-39.875, 60.375, 1.4703763156847243e-23, nan 
-39.625, 60.375, 1.4592634530488334e-23, nan 
-39.375, 60.375, 1.2443475129943573e-23, nan 
-39.125, 60.375, 1.8564381768788718e-23, nan 
-38.875, 60.375, 2.2504884537137705e-23, nan 
-38.625, 60.375, 2.2572075882871997e-23, nan 
-38.375, 60.375, 2.0818726023128737e-23, nan 
-38.125, 60.375, 2.7729333934419164e-23, nan 
-37.875, 60.375, 2.1085525404675632e-23, nan 
-37.625, 60.375, 2.6180616295032322e-23, nan 
-37.375, 60.375, 2.1010421966957783e-23, nan 
-37.125, 60.375, 2.382752890047469e-23, nan 
-36.875, 60.375, 1.301517805296706e-23, nan 
-36.625, 60.375, 1.2597506770771398e-23, nan 
-36.375, 60.375, 1.5680080304184246e-23, nan 
-36.125, 60.375, 2.2157141066665666e-23, nan 
-35.875, 60.375, 2.2454863137937626e-23, nan 
-35.625, 60.375, 2.0640325079538026e-23, nan 
-35.375, 60.375, 3.978637895289007e-23, nan 
-35.125, 60.375, 2.2631573692895333e-23, nan 
-34.875, 60.375, 1.7847960600166576e-23, nan 
-34.625, 60.375, 3.018379314529746e-23, nan 
-34.375, 60.375, 2.2421330379127902e-23, nan 
-34.125, 60.375, 3.1516855964069625e-23, nan 
-33.875, 60.375, 4.08055629787583e-23, nan 
-33.625, 60.375, 4.4393602189072895e-23, nan 
-33.375, 60.375, 2.798786390799546e-23, nan 
-33.125, 60.375, 2.765677798020265e-23, nan 
-32.875, 60.375, 2.542057484727227e-23, nan 
-32.625, 60.375, 1.5468766718874215e-23, nan 
-32.375, 60.375, 1.452260392428476e-23, nan 
-32.125, 60.375, 2.065894643063682e-23, nan 
-31.875, 60.375, 1.8196045460349858e-23, nan 
-31.625, 60.375, 1.9837380691713834e-23, nan 
-31.375, 60.375, 1.803470506048179e-23, nan 
-31.125, 60.375, 2.3953488759377977e-23, nan 
-30.875, 60.375, 2.849524216947878e-23, nan 
-30.625, 60.375, 2.666220088971112e-23, nan 
-30.375, 60.375, 2.925781386180517e-23, nan 
-30.125, 60.375, 2.2530814675043638e-23, nan 
-29.875, 60.375, 2.903822872702963e-23, nan 
-29.625, 60.375, 3.176552315160288e-23, nan 
-29.375, 60.375, 2.0786425745370214e-23, nan 
-29.125, 60.375, 3.518638877824981e-23, nan 
-28.875, 60.375, 3.5456560291079115e-23, nan 
-28.625, 60.375, 4.1816314510106e-23, nan 
-28.375, 60.375, 3.108326289864897e-23, nan 
-28.125, 60.375, 2.2622307193898476e-23, nan 
-27.875, 60.375, 3.0777798916539887e-23, nan 
-27.625, 60.375, 3.795999947152801e-23, nan 
-27.375, 60.375, 3.372641277325016e-23, nan 
-27.125, 60.375, 2.3423577848941274e-23, nan 
-26.875, 60.375, 2.8292192156439796e-23, nan 
-26.625, 60.375, 7.025081533076829e-23, nan 
-26.375, 60.375, 9.192119044551148e-23, nan 
-26.125, 60.375, 8.830819119640845e-23, nan 
-25.875, 60.375, 7.145416590963624e-23, nan 
-25.625, 60.375, 6.823963545667964e-23, nan 
-25.375, 60.375, 6.668463707765636e-23, nan 
-25.125, 60.375, 4.544828482067385e-23, nan 
-24.875, 60.375, 1.5458739085238926e-23, nan 
-24.625, 60.375, 1.5461157160040578e-23, nan 
-24.375, 60.375, 1.700502229975143e-23, nan 
-24.125, 60.375, 1.6951612475781584e-23, nan 
-23.875, 60.375, 1.128505944021968e-23, nan 
-23.625, 60.375, 1.2809773393158049e-23, nan 
-23.375, 60.375, 1.5600692905508547e-23, nan 
-23.125, 60.375, 1.2847592907959207e-23, nan 
-22.875, 60.375, 1.363095449248226e-23, nan 
-22.625, 60.375, 5.0795489272906267e-23, nan 
-22.375, 60.375, 5.2065974456520705e-23, nan 
-22.125, 60.375, 3.7580057377416536e-23, nan 
-21.875, 60.375, 4.408737860794794e-23, nan 
-21.625, 60.375, 5.199393359316236e-23, nan 
-21.375, 60.375, 5.552482580548296e-23, nan 
-21.125, 60.375, 6.576680141863753e-23, nan 
-20.875, 60.375, 6.707460839756624e-23, nan 
-20.625, 60.375, 4.896655602108691e-23, nan 
-20.375, 60.375, 5.1587244142480985e-23, nan 
-20.125, 60.375, 7.260652323921779e-23, nan 
-19.875, 60.375, 9.329543939480299e-23, nan 
-19.625, 60.375, 9.682677538928225e-23, nan 
-19.375, 60.375, 7.073605635694311e-23, nan 
-19.125, 60.375, 6.14409726501204e-23, nan 
-18.875, 60.375, 7.512609072872186e-23, nan 
-18.625, 60.375, 4.557013854799014e-23, nan 
-18.375, 60.375, 2.3252509456769957e-23, nan 
-18.125, 60.375, 3.1530282305969044e-23, nan 
-17.875, 60.375, 1.6704064722820483e-23, nan 
-17.625, 60.375, 1.9660968608938836e-23, nan 
-17.375, 60.375, 3.406921946525833e-23, nan 
-17.125, 60.375, 2.301633102505725e-23, nan 
-16.875, 60.375, 1.627809128515202e-23, nan 
-16.625, 60.375, 1.3589073049618683e-23, nan 
-16.375, 60.375, 2.3470543426157057e-23, nan 
-16.125, 60.375, 6.694189904254533e-24, nan 
-15.875, 60.375, 1.205726942082369e-23, nan 
-15.625, 60.375, 1.810312559180947e-23, nan 
-15.375, 60.375, 1.1925162922360212e-23, nan 
-15.125, 60.375, 1.3256365691961125e-23, nan 
-14.875, 60.375, 2.1534707648544363e-23, nan 
-14.625, 60.375, 1.8867008456906824e-23, nan 
-14.375, 60.375, 1.7336778830100134e-23, nan 
-14.125, 60.375, 3.458768401133425e-23, nan 
-13.875, 60.375, 3.4403132862040925e-23, nan 
-13.625, 60.375, 2.50490745390577e-23, nan 
-13.375, 60.375, 3.158405561035945e-23, nan 
-13.125, 60.375, 3.450145605199271e-23, nan 
-12.875, 60.375, 3.942990499570806e-23, nan 
-12.625, 60.375, 4.3489509597771986e-23, nan 
-12.375, 60.375, 3.067626620162395e-23, nan 
-12.125, 60.375, 3.660661903170129e-23, nan 
-11.875, 60.375, 2.0539850506849375e-23, nan 
-11.625, 60.375, 2.4700795506998e-23, nan 
-11.375, 60.375, 2.6061371795595245e-23, nan 
-11.125, 60.375, 1.587026790926822e-23, nan 
-10.875, 60.375, 3.1046461517205753e-23, nan 
-10.625, 60.375, 2.933449724749189e-23, nan 
-10.375, 60.375, 2.9550132824995134e-23, nan 
-10.125, 60.375, 3.435036673863157e-23, nan 
-9.875, 60.375, 4.2241839125681616e-23, nan 
-9.625, 60.375, 7.024948902740221e-23, nan 
-9.375, 60.375, 3.869842548541432e-23, nan 
-9.125, 60.375, 1.752434242580049e-23, nan 
-8.875, 60.375, 3.3771306158889636e-23, nan 
-8.625, 60.375, 4.3852444364476463e-23, nan 
-8.375, 60.375, 4.213999316917448e-23, nan 
-8.125, 60.375, 1.9156960236090825e-23, nan 
-7.875, 60.375, 1.451600894329708e-23, nan 
-7.625, 60.375, 1.3986782206221992e-23, nan 
-7.375, 60.375, 1.8422263085261536e-23, nan 
-7.125, 60.375, 1.5298105489961658e-23, nan 
-6.875, 60.375, 2.707949607035468e-23, nan 
-6.625, 60.375, 3.032808092376462e-23, nan 
-6.375, 60.375, 3.8546817240960724e-23, nan 
-6.125, 60.375, 4.2425305106331854e-23, nan 
-5.875, 60.375, 3.0169632150958223e-23, nan 
-5.625, 60.375, 7.424445302645907e-23, nan 
-5.375, 60.375, 5.504088431884337e-23, nan 
-5.125, 60.375, 4.4032697629581925e-23, nan 
-4.875, 60.375, 3.515995412611343e-23, nan 
-4.625, 60.375, 5.211913693437075e-23, nan 
-4.375, 60.375, 3.2054400068842233e-23, nan 
-4.125, 60.375, 3.224686232323019e-23, nan 
-3.875, 60.375, 3.7281094323765247e-23, nan 
-3.625, 60.375, 3.566203532538298e-23, nan 
-3.375, 60.375, 2.78075783818864e-23, nan 
-3.125, 60.375, 2.0963739213213065e-23, nan 
-2.875, 60.375, 2.5453821309224178e-23, nan 
-2.625, 60.375, 1.7327066845505273e-23, nan 
-2.375, 60.375, 4.925168550010024e-24, nan 
-2.125, 60.375, 1.2596913811827954e-23, nan 
-1.875, 60.375, 1.3909645484873284e-23, nan 
-1.625, 60.375, 1.6492814461424357e-23, nan 
-1.375, 60.375, 2.643008135753037e-23, nan 
-1.125, 60.375, 2.570442672427785e-23, nan 
-0.875, 60.375, 2.6237091569924935e-23, nan 
-0.625, 60.375, 2.8082694641529965e-23, nan 
-0.375, 60.375, 3.0695857787429696e-23, nan 
-0.125, 60.375, 2.827354460185145e-23, nan 
0.125, 60.375, 2.3500014851413698e-23, nan 
0.375, 60.375, 3.070436770127891e-23, nan 
0.625, 60.375, 2.748245867960503e-23, nan 
0.875, 60.375, 2.60287886586064e-23, nan 
1.125, 60.375, 3.610284022038895e-23, nan 
1.375, 60.375, 5.975036331313994e-23, nan 
1.625, 60.375, 4.430681397212746e-23, nan 
1.875, 60.375, 4.660027806173836e-23, nan 
2.125, 60.375, 3.915327431280868e-23, nan 
2.375, 60.375, 2.1259944513643438e-23, nan 
2.625, 60.375, 1.6936883569169545e-23, nan 
2.875, 60.375, 1.423151144921499e-23, nan 
3.125, 60.375, 7.711050459690008e-24, nan 
3.375, 60.375, 2.4192586284633515e-23, nan 
3.625, 60.375, 1.3396019343992158e-23, nan 
3.875, 60.375, 1.60445613711906e-23, nan 
4.125, 60.375, 5.130189257836583e-23, nan 
4.375, 60.375, 1.4238307826024354e-23, nan 
4.625, 60.375, 7.428840180477725e-24, nan 
4.875, 60.375, 1.6239013627276736e-23, nan 
5.125, 60.375, 1.1969565408297357e-23, nan 
5.375, 60.375, 9.378546065062017e-24, nan 
5.625, 60.375, 1.4423027950606398e-24, nan 
5.875, 60.375, 4.010505825302269e-24, nan 
6.125, 60.375, 8.370160454570026e-24, nan 
6.375, 60.375, 1.5655105533442036e-23, nan 
6.625, 60.375, 1.3273242679635536e-23, nan 
6.875, 60.375, 1.255597841460932e-23, nan 
7.125, 60.375, 1.6863777197038174e-23, nan 
7.375, 60.375, 2.1070696256405248e-23, nan 
7.625, 60.375, 1.6283373492319758e-23, nan 
7.875, 60.375, 1.67553244652668e-23, nan 
8.125, 60.375, 4.0641848784243525e-23, nan 
8.375, 60.375, 3.6703453883595965e-23, nan 
8.625, 60.375, 3.1905113523821736e-23, nan 
8.875, 60.375, 7.559326511492394e-23, nan 
9.125, 60.375, 7.259486810394379e-23, nan 
9.375, 60.375, 3.6825832017114795e-23, nan 
9.625, 60.375, 7.8612743406883e-24, nan 
9.875, 60.375, 4.157504111866512e-23, nan 
10.125, 60.375, 3.0794362429486896e-23, nan 
10.375, 60.375, 3.4970910656488874e-23, nan 
10.625, 60.375, 4.7059536545221314e-23, nan 
10.875, 60.375, 3.3556018730419506e-23, nan 
11.125, 60.375, 2.145252910202927e-23, nan 
11.375, 60.375, 9.581862570462836e-24, nan 
11.625, 60.375, 1.6155638033165614e-23, nan 
11.875, 60.375, 2.261882411242203e-23, nan 
12.125, 60.375, 3.2467587647680255e-23, nan 
12.375, 60.375, 5.441415654352121e-23, nan 
12.625, 60.375, 3.99498619369342e-23, nan 
12.875, 60.375, 3.5161590758683283e-23, nan 
13.125, 60.375, 2.709885770614161e-23, nan 
13.375, 60.375, 2.5327547173756784e-23, nan 
13.625, 60.375, 5.55411456527251e-23, nan 
13.875, 60.375, 2.831893959225885e-23, nan 
14.125, 60.375, 7.48573236944875e-24, nan 
14.375, 60.375, 1.9903560094268346e-23, nan 
14.625, 60.375, 1.3571508615996656e-23, nan 
14.875, 60.375, 1.4345714445999905e-23, nan 
15.125, 60.375, 2.9989646907028094e-24, nan 
15.375, 60.375, 7.895430070305457e-24, nan 
15.625, 60.375, 7.287746333107423e-24, nan 
15.875, 60.375, 4.5885314503981934e-24, nan 
16.125, 60.375, 4.446939986258268e-24, nan 
16.375, 60.375, 4.295690550363913e-24, nan 
16.625, 60.375, 7.477069208781884e-24, nan 
16.875, 60.375, 1.0241840987297447e-23, nan 
17.125, 60.375, 6.915725199210397e-24, nan 
17.375, 60.375, 9.493206427506777e-24, nan 
17.625, 60.375, 6.030349465980828e-24, nan 
17.875, 60.375, 4.7080389341590305e-24, nan 
18.125, 60.375, 5.5780526047642594e-24, nan 
18.375, 60.375, 8.115305432148162e-24, nan 
18.625, 60.375, 1.2618228772960513e-23, nan 
18.875, 60.375, 1.0188871836203797e-23, nan 
19.125, 60.375, 1.1521745500280277e-23, nan 
19.375, 60.375, 1.5895240633713854e-23, nan 
19.625, 60.375, 1.5524138255559205e-23, nan 
19.875, 60.375, 1.1364408044802297e-23, nan 
20.125, 60.375, 6.223387864398326e-24, nan 
20.375, 60.375, 1.3499180980978653e-23, nan 
20.625, 60.375, 7.745182338456234e-24, nan 
20.875, 60.375, 3.9785648727225196e-24, nan 
21.125, 60.375, 7.901164207315177e-24, nan 
21.375, 60.375, 9.254720722641006e-24, nan 
21.625, 60.375, 3.8161614267575664e-24, nan 
21.875, 60.375, 4.009471363033039e-24, nan 
22.125, 60.375, 8.223571095245764e-24, nan 
22.375, 60.375, 6.624638623334663e-24, nan 
22.625, 60.375, 6.845574237033001e-24, nan 
22.875, 60.375, 8.810927896878177e-24, nan 
23.125, 60.375, 5.437704999750038e-24, nan 
23.375, 60.375, 7.387377618231739e-24, nan 
23.625, 60.375, 5.9160822953295985e-24, nan 
23.875, 60.375, 6.09508372314077e-24, nan 
24.125, 60.375, 5.7499588317587136e-24, nan 
24.375, 60.375, 8.281015791124636e-24, nan 
24.625, 60.375, 5.297755176828122e-24, nan 
24.875, 60.375, 3.156896604111969e-24, nan 
25.125, 60.375, 5.26336283563606e-24, nan 
25.375, 60.375, 6.727889145665403e-24, nan 
25.625, 60.375, 7.251563283591491e-24, nan 
25.875, 60.375, 8.64782006696834e-24, nan 
26.125, 60.375, 7.708683192685826e-24, nan 
26.375, 60.375, 6.22070587727631e-24, nan 
26.625, 60.375, 6.3490937600324324e-24, nan 
26.875, 60.375, 2.946664837704203e-24, nan 
27.125, 60.375, 3.886504075158182e-24, nan 
27.375, 60.375, 2.378659313858245e-24, nan 
27.625, 60.375, 3.896204113739763e-24, nan 
27.875, 60.375, 6.3598438294482954e-24, nan 
28.125, 60.375, 7.004706065915634e-24, nan 
28.375, 60.375, 6.192315903825739e-24, nan 
28.625, 60.375, 5.260817286336668e-24, nan 
28.875, 60.375, 4.847870972054159e-24, nan 
29.125, 60.375, 5.839116567436618e-24, nan 
29.375, 60.375, 5.40345309620338e-24, nan 
29.625, 60.375, 4.856005930950344e-24, nan 
29.875, 60.375, 5.3048484195768325e-24, nan 
30.125, 60.375, 2.349618651650607e-24, nan 
30.375, 60.375, 6.937289298383819e-24, nan 
30.625, 60.375, 6.129931111383869e-24, nan 
30.875, 60.375, 2.6233501624778774e-24, nan 
31.125, 60.375, 1.1451323785476987e-23, nan 
31.375, 60.375, 7.912504721621224e-24, nan 
31.625, 60.375, 3.9043929721472236e-24, nan 
31.875, 60.375, 3.8027245677380096e-24, nan 
32.125, 60.375, 3.636836595447769e-24, nan 
32.375, 60.375, 3.817937753372845e-24, nan 
32.625, 60.375, 3.459268329861133e-24, nan 
32.875, 60.375, 4.1172743390971535e-24, nan 
33.125, 60.375, 4.0562216972126486e-24, nan 
33.375, 60.375, 3.361193924321116e-24, nan 
-106.625, 60.625, 3.656766688588161e-24, nan 
-106.375, 60.625, 3.353732151266212e-24, nan 
-106.125, 60.625, 3.4575989631499385e-24, nan 
-105.875, 60.625, 3.0674490944751693e-24, nan 
-105.625, 60.625, 2.6545978192103316e-24, nan 
-105.375, 60.625, 4.667276438554718e-24, nan 
-105.125, 60.625, 4.6031639197638456e-24, nan 
-104.875, 60.625, 3.473074936043442e-24, nan 
-104.625, 60.625, 4.648175749852652e-24, nan 
-104.375, 60.625, 4.5246734343809824e-24, nan 
-104.125, 60.625, 4.779098706048246e-24, nan 
-103.875, 60.625, 4.986604532847822e-24, nan 
-103.625, 60.625, 4.8889396086359364e-24, nan 
-103.375, 60.625, 4.890375617828223e-24, nan 
-103.125, 60.625, 3.9769573790246744e-24, nan 
-102.875, 60.625, 4.0968643656511245e-24, nan 
-102.625, 60.625, 3.658878922576327e-24, nan 
-102.375, 60.625, 1.7278392590285327e-23, nan 
-102.125, 60.625, 4.205330163826026e-23, nan 
-101.875, 60.625, 4.661139219141384e-24, nan 
-101.625, 60.625, 4.6957847519731275e-23, nan 
-101.375, 60.625, 1.088207416455937e-22, nan 
-101.125, 60.625, 4.34368060043654e-24, nan 
-100.875, 60.625, 2.1436916856376862e-23, nan 
-100.625, 60.625, 4.562977561544711e-23, nan 
-100.375, 60.625, 5.571828155049269e-24, nan 
-100.125, 60.625, 7.758909762315287e-24, nan 
-99.875, 60.625, 7.160223735115564e-24, nan 
-99.625, 60.625, 6.876131176694548e-24, nan 
-99.375, 60.625, 7.280990937669149e-24, nan 
-99.125, 60.625, 5.4697348913625126e-24, nan 
-98.875, 60.625, 1.2326129903518091e-23, nan 
-98.625, 60.625, 7.013757452981369e-24, nan 
-98.375, 60.625, 7.446391962730248e-24, nan 
-98.125, 60.625, 7.232007366797627e-24, nan 
-97.875, 60.625, 8.200199175224195e-24, nan 
-97.625, 60.625, 8.4444722673373e-24, nan 
-97.375, 60.625, 9.165446695186153e-24, nan 
-97.125, 60.625, 1.0214833188707304e-23, nan 
-96.875, 60.625, 1.224699471437408e-23, nan 
-96.625, 60.625, 1.0861275483877203e-23, nan 
-96.375, 60.625, 8.310254305171656e-24, nan 
-96.125, 60.625, 9.704717788444311e-24, nan 
-95.875, 60.625, 9.53025853705272e-24, nan 
-95.625, 60.625, 8.315152783265977e-24, nan 
-95.375, 60.625, 8.848807020620105e-24, nan 
-95.125, 60.625, 9.427890477610314e-24, nan 
-94.875, 60.625, 9.390978319147814e-24, nan 
-94.625, 60.625, 9.93621419091023e-24, nan 
-94.375, 60.625, 9.483215592333373e-24, nan 
-94.125, 60.625, 1.1195436471594279e-23, nan 
-93.875, 60.625, 8.802972065929806e-24, nan 
-93.625, 60.625, 8.457971618792696e-24, nan 
-93.375, 60.625, 6.875665238291124e-24, nan 
-93.125, 60.625, 5.4635908234592586e-24, nan 
-92.875, 60.625, 5.741177453165565e-24, nan 
-92.625, 60.625, 6.1940900593428186e-24, nan 
-92.375, 60.625, 2.6842796717879688e-24, nan 
-92.125, 60.625, 4.319573685374372e-24, nan 
-91.875, 60.625, 3.8536422549013894e-24, nan 
-91.625, 60.625, 4.148684140239249e-24, nan 
-91.375, 60.625, 3.7079951459725124e-24, nan 
-91.125, 60.625, 4.2236565782974534e-24, nan 
-90.875, 60.625, 4.121606136445299e-24, nan 
-90.625, 60.625, 4.0471132301402044e-24, nan 
-90.375, 60.625, 2.703230730553665e-24, nan 
-90.125, 60.625, 4.485993569959407e-24, nan 
-89.875, 60.625, 5.2335224953704076e-24, nan 
-89.625, 60.625, 4.745713778162991e-24, nan 
-89.375, 60.625, 5.347827007810372e-24, nan 
-89.125, 60.625, 6.814781547327932e-24, nan 
-88.875, 60.625, 7.761786086352115e-24, nan 
-88.625, 60.625, 7.959586509416668e-24, nan 
-88.375, 60.625, 1.6089524373206195e-23, nan 
-88.125, 60.625, 8.229904335738025e-24, nan 
-87.875, 60.625, 7.842842552190291e-24, nan 
-87.625, 60.625, 5.97391489227878e-24, nan 
-87.375, 60.625, 5.791373530119328e-24, nan 
-87.125, 60.625, 5.880600568987327e-24, nan 
-86.875, 60.625, 6.0357606523201664e-24, nan 
-86.625, 60.625, 5.679035464581254e-24, nan 
-86.375, 60.625, 5.995931495992748e-24, nan 
-86.125, 60.625, 5.589439226388926e-24, nan 
-85.875, 60.625, 5.8538621774986355e-24, nan 
-85.625, 60.625, 5.501123720521717e-24, nan 
-85.375, 60.625, 6.148463071355346e-24, nan 
-85.125, 60.625, 5.6822217689450044e-24, nan 
-84.875, 60.625, 4.8397920802064706e-24, nan 
-84.625, 60.625, 4.983819414671757e-24, nan 
-84.375, 60.625, 5.180490627527179e-24, nan 
-84.125, 60.625, 5.9579769063396115e-24, nan 
-83.875, 60.625, 6.3945957324370434e-24, nan 
-83.625, 60.625, 6.3363439447365336e-24, nan 
-83.375, 60.625, 6.605847661853767e-24, nan 
-83.125, 60.625, 6.741693170874416e-24, nan 
-82.875, 60.625, 6.059139310077199e-24, nan 
-82.625, 60.625, 6.2777817205830175e-24, nan 
-82.375, 60.625, 7.316074568073595e-24, nan 
-82.125, 60.625, 1.1166000687581939e-23, nan 
-81.875, 60.625, 1.2777644992749483e-23, nan 
-81.625, 60.625, 5.032677524057358e-24, nan 
-81.375, 60.625, 6.398453858766477e-24, nan 
-81.125, 60.625, 6.750498427455706e-24, nan 
-80.875, 60.625, 7.492777177976582e-24, nan 
-80.625, 60.625, 9.952756820220205e-24, nan 
-80.375, 60.625, 1.1440367645472855e-23, nan 
-80.125, 60.625, 1.1524583465024771e-23, nan 
-79.875, 60.625, 1.9132369649973825e-23, nan 
-79.625, 60.625, 8.650813391117018e-23, nan 
-79.375, 60.625, 1.4797399761759335e-22, nan 
-79.125, 60.625, 1.5949236549371098e-22, nan 
-78.875, 60.625, 7.206598315261342e-23, nan 
-78.625, 60.625, 1.9736297618266938e-23, nan 
-78.375, 60.625, 1.7113824514279602e-23, nan 
-78.125, 60.625, 1.61332960489342e-23, nan 
-77.875, 60.625, 1.222239294992422e-23, nan 
-77.625, 60.625, 1.1610054109877852e-23, nan 
-77.375, 60.625, 1.315031053771904e-23, nan 
-77.125, 60.625, 1.6006758388577833e-23, nan 
-76.875, 60.625, 1.7610551743128865e-23, nan 
-76.625, 60.625, 2.9269986890793775e-23, nan 
-76.375, 60.625, 2.0835756559357787e-23, nan 
-76.125, 60.625, 1.5216476449364322e-23, nan 
-75.875, 60.625, 1.2293201564332175e-23, nan 
-75.625, 60.625, 7.447428656725778e-24, nan 
-75.375, 60.625, 8.02021452609753e-24, nan 
-75.125, 60.625, 9.009953941468555e-24, nan 
-74.875, 60.625, 8.74866211461029e-24, nan 
-74.625, 60.625, 8.637201103439047e-24, nan 
-74.375, 60.625, 1.1137716879869904e-23, nan 
-74.125, 60.625, 1.1926094235503614e-23, nan 
-73.875, 60.625, 1.2167966332010352e-23, nan 
-73.625, 60.625, 1.410860739706049e-23, nan 
-73.375, 60.625, 1.1123730146864494e-23, nan 
-73.125, 60.625, 1.1033920705868067e-23, nan 
-72.875, 60.625, 1.0653803976579134e-23, nan 
-72.625, 60.625, 7.834741230567857e-24, nan 
-72.375, 60.625, 1.0328566097475116e-23, nan 
-72.125, 60.625, 1.0197865409114174e-23, nan 
-71.875, 60.625, 1.6311405295035795e-23, nan 
-71.625, 60.625, 1.811983586181783e-23, nan 
-71.375, 60.625, 1.300100379052898e-23, nan 
-71.125, 60.625, 1.2939395682680597e-23, nan 
-70.875, 60.625, 1.1823783001599605e-23, nan 
-70.625, 60.625, 9.834168644429093e-24, nan 
-70.375, 60.625, 9.698828610782353e-24, nan 
-70.125, 60.625, 9.393330166552564e-24, nan 
-69.875, 60.625, 1.0298065974245622e-23, nan 
-69.625, 60.625, 9.578088413328718e-24, nan 
-69.375, 60.625, 7.698336387436222e-24, nan 
-69.125, 60.625, 1.0210905855777663e-23, nan 
-68.875, 60.625, 8.359566630148615e-24, nan 
-68.625, 60.625, 1.0162960566569683e-23, nan 
-68.375, 60.625, 1.1807045777113598e-23, nan 
-68.125, 60.625, 1.3679088832806696e-23, nan 
-67.875, 60.625, 1.1108128661800217e-23, nan 
-67.625, 60.625, 9.618277191692503e-24, nan 
-67.375, 60.625, 1.1865374278593984e-23, nan 
-67.125, 60.625, 1.2543124171437313e-23, nan 
-66.875, 60.625, 1.1964628426836708e-23, nan 
-66.625, 60.625, 1.2992375032574452e-23, nan 
-66.375, 60.625, 1.2367293056755583e-23, nan 
-66.125, 60.625, 1.2284119946163399e-23, nan 
-65.875, 60.625, 1.3506048871696734e-23, nan 
-65.625, 60.625, 1.1069080518003127e-23, nan 
-65.375, 60.625, 1.1275727540985963e-23, nan 
-65.125, 60.625, 9.480182305580254e-24, nan 
-64.875, 60.625, 1.1479288066269134e-23, nan 
-64.625, 60.625, 1.2640023252793292e-23, nan 
-64.375, 60.625, 1.2676362755673919e-23, nan 
-64.125, 60.625, 1.0706375247227819e-23, nan 
-63.875, 60.625, 1.1288887855813666e-23, nan 
-63.625, 60.625, 1.345594607384857e-23, nan 
-63.375, 60.625, 1.1709779552950051e-23, nan 
-63.125, 60.625, 1.3264809772718515e-23, nan 
-62.875, 60.625, 1.2958587977115994e-23, nan 
-62.625, 60.625, 9.643841838833851e-24, nan 
-62.375, 60.625, 1.3192911044984161e-23, nan 
-62.125, 60.625, 1.443497165698663e-23, nan 
-61.875, 60.625, 1.1560281948263889e-23, nan 
-61.625, 60.625, 1.2778404979131251e-23, nan 
-61.375, 60.625, 1.0599488263887648e-23, nan 
-61.125, 60.625, 1.1236029585913799e-23, nan 
-60.875, 60.625, 1.3749949147385348e-23, nan 
-60.625, 60.625, 1.214976241505902e-23, nan 
-60.375, 60.625, 1.0338148357911637e-23, nan 
-60.125, 60.625, 9.445521426706165e-24, nan 
-59.875, 60.625, 1.6487365640595495e-23, nan 
-59.625, 60.625, 2.700589083109596e-23, nan 
-59.375, 60.625, 3.393858442951071e-23, nan 
-59.125, 60.625, 3.129291502571443e-23, nan 
-58.875, 60.625, 3.21334838917959e-23, nan 
-58.625, 60.625, 2.7258812520140803e-23, nan 
-58.375, 60.625, 2.3056243385897945e-23, nan 
-58.125, 60.625, 2.1428295056863734e-23, nan 
-57.875, 60.625, 1.9789606817986795e-23, nan 
-57.625, 60.625, 2.092885391371759e-23, nan 
-57.375, 60.625, 1.6556134450153835e-23, nan 
-57.125, 60.625, 1.3837346901967668e-23, nan 
-56.875, 60.625, 1.683234284576542e-23, nan 
-56.625, 60.625, 1.4345302566779097e-23, nan 
-56.375, 60.625, 1.3282593502033693e-23, nan 
-56.125, 60.625, 1.5600866961507114e-23, nan 
-55.875, 60.625, 1.5262301360807423e-23, nan 
-55.625, 60.625, 1.4081559627590444e-23, nan 
-55.375, 60.625, 1.0550657995117929e-23, nan 
-55.125, 60.625, 1.3610486396384503e-23, nan 
-54.875, 60.625, 1.3204692522941497e-23, nan 
-54.625, 60.625, 1.0180229820127067e-23, nan 
-54.375, 60.625, 1.5019838249494325e-23, nan 
-54.125, 60.625, 2.086310331207234e-23, nan 
-53.875, 60.625, 1.7111296291706906e-23, nan 
-53.625, 60.625, 1.657318490714917e-23, nan 
-53.375, 60.625, 1.9042933956595875e-23, nan 
-53.125, 60.625, 1.761119364726642e-23, nan 
-52.875, 60.625, 1.89830858098976e-23, nan 
-52.625, 60.625, 1.8864307436191512e-23, nan 
-52.375, 60.625, 1.6206381930934266e-23, nan 
-52.125, 60.625, 1.2102145161200638e-23, nan 
-51.875, 60.625, 1.7944058828473286e-23, nan 
-51.625, 60.625, 2.0191560552252982e-23, nan 
-51.375, 60.625, 1.6940938309195832e-23, nan 
-51.125, 60.625, 1.585662544783156e-23, nan 
-50.875, 60.625, 1.6049394253484162e-23, nan 
-50.625, 60.625, 1.1994775587871544e-23, nan 
-50.375, 60.625, 1.0738294202740748e-23, nan 
-50.125, 60.625, 1.5793882380456207e-23, nan 
-49.875, 60.625, 1.1710008058564898e-23, nan 
-49.625, 60.625, 1.2646250075904834e-23, nan 
-49.375, 60.625, 3.362595916093564e-23, nan 
-49.125, 60.625, 4.5536669473232967e-23, nan 
-48.875, 60.625, 3.2252546391604746e-23, nan 
-48.625, 60.625, 3.206506285407357e-23, nan 
-48.375, 60.625, 4.129062931934433e-23, nan 
-48.125, 60.625, 6.004592240129795e-23, nan 
-47.875, 60.625, 5.296669781747594e-23, nan 
-47.625, 60.625, 1.3841656460879075e-22, nan 
-47.375, 60.625, 7.970891388547302e-23, nan 
-47.125, 60.625, 7.507095592510708e-23, nan 
-46.875, 60.625, 3.6013588224581165e-22, nan 
-46.625, 60.625, 4.08230033173554e-23, nan 
-46.375, 60.625, 4.7356506208547627e-23, nan 
-46.125, 60.625, 1.3488426731216896e-22, nan 
-45.875, 60.625, 2.9654194224516377e-23, nan 
-45.625, 60.625, 3.0116302959169216e-23, nan 
-45.375, 60.625, 3.837218860284086e-23, nan 
-45.125, 60.625, 2.933536838687597e-23, nan 
-44.875, 60.625, 3.523146310591978e-23, nan 
-44.625, 60.625, 2.231436632384789e-23, nan 
-44.375, 60.625, 2.3669630747530046e-23, nan 
-44.125, 60.625, 1.2416145485893868e-23, nan 
-43.875, 60.625, 1.2781058207401086e-23, nan 
-43.625, 60.625, 1.4565284409135007e-23, nan 
-43.375, 60.625, 9.142295325728152e-24, nan 
-43.125, 60.625, 1.5677710303099246e-23, nan 
-42.875, 60.625, 1.728528787252269e-23, nan 
-42.625, 60.625, 2.1441217514114326e-23, nan 
-42.375, 60.625, 1.0981465954822367e-23, nan 
-42.125, 60.625, 1.3428255534016708e-23, nan 
-41.875, 60.625, 1.6815951026510495e-23, nan 
-41.625, 60.625, 3.5185618702702325e-24, nan 
-41.375, 60.625, 8.388587360860496e-24, nan 
-41.125, 60.625, 9.377322612242939e-24, nan 
-40.875, 60.625, 1.1343887300664008e-23, nan 
-40.625, 60.625, 1.4060915758235567e-23, nan 
-40.375, 60.625, 1.4580991561772543e-23, nan 
-40.125, 60.625, 1.6234660420209614e-23, nan 
-39.875, 60.625, 2.1878103235100153e-23, nan 
-39.625, 60.625, 2.002471128111091e-23, nan 
-39.375, 60.625, 1.8217757117208356e-23, nan 
-39.125, 60.625, 2.6884578345225705e-23, nan 
-38.875, 60.625, 2.842597241075376e-23, nan 
-38.625, 60.625, 2.1647362642239907e-23, nan 
-38.375, 60.625, 1.9074903547600617e-23, nan 
-38.125, 60.625, 3.2082030104694407e-23, nan 
-37.875, 60.625, 2.3452990026416413e-23, nan 
-37.625, 60.625, 3.1425169388174616e-23, nan 
-37.375, 60.625, 2.5123379403897114e-23, nan 
-37.125, 60.625, 2.3559605600654743e-23, nan 
-36.875, 60.625, 2.480631834464696e-23, nan 
-36.625, 60.625, 2.8624572496160087e-23, nan 
-36.375, 60.625, 2.9413462750781364e-23, nan 
-36.125, 60.625, 1.4544486428541584e-23, nan 
-35.875, 60.625, 2.2899367474137804e-23, nan 
-35.625, 60.625, 1.9557766630489108e-23, nan 
-35.375, 60.625, 2.1048190213331196e-23, nan 
-35.125, 60.625, 1.9716927483979197e-23, nan 
-34.875, 60.625, 3.2186618099531774e-23, nan 
-34.625, 60.625, 3.975828177253193e-23, nan 
-34.375, 60.625, 5.653187542638484e-23, nan 
-34.125, 60.625, 3.9464791849760864e-23, nan 
-33.875, 60.625, 3.96090950849323e-23, nan 
-33.625, 60.625, 4.9615809783225777e-23, nan 
-33.375, 60.625, 2.2011301134120315e-23, nan 
-33.125, 60.625, 2.5530372549689336e-23, nan 
-32.875, 60.625, 2.273987256035824e-23, nan 
-32.625, 60.625, 2.84553870898344e-23, nan 
-32.375, 60.625, 2.0756866275023498e-23, nan 
-32.125, 60.625, 2.3831645940217383e-23, nan 
-31.875, 60.625, 2.7235175201349786e-23, nan 
-31.625, 60.625, 2.3752976779089558e-23, nan 
-31.375, 60.625, 1.9404647922573065e-23, nan 
-31.125, 60.625, 2.9645054303661387e-23, nan 
-30.875, 60.625, 1.9093281059949422e-23, nan 
-30.625, 60.625, 3.5347157631700236e-23, nan 
-30.375, 60.625, 2.696505448400655e-23, nan 
-30.125, 60.625, 2.871260157018636e-23, nan 
-29.875, 60.625, 3.645801438281794e-23, nan 
-29.625, 60.625, 6.79659919979921e-23, nan 
-29.375, 60.625, 5.0062577468313403e-23, nan 
-29.125, 60.625, 4.0358817757800357e-23, nan 
-28.875, 60.625, 3.293345706707011e-23, nan 
-28.625, 60.625, 3.910059776451449e-23, nan 
-28.375, 60.625, 2.7135455884417475e-23, nan 
-28.125, 60.625, 1.0524543143537783e-23, nan 
-27.875, 60.625, 1.1537597382396093e-23, nan 
-27.625, 60.625, 2.762403123034945e-23, nan 
-27.375, 60.625, 2.5588972604710213e-23, nan 
-27.125, 60.625, 5.148011772143873e-23, nan 
-26.875, 60.625, 7.166507713767335e-23, nan 
-26.625, 60.625, 7.186945257675409e-23, nan 
-26.375, 60.625, 1.0760258757438913e-22, nan 
-26.125, 60.625, 1.0382472162162501e-22, nan 
-25.875, 60.625, 6.362637563907187e-23, nan 
-25.625, 60.625, 7.674930230865221e-23, nan 
-25.375, 60.625, 8.168771614061602e-23, nan 
-25.125, 60.625, 6.685663741483605e-23, nan 
-24.875, 60.625, 5.689684096008248e-23, nan 
-24.625, 60.625, 4.7694405206286234e-23, nan 
-24.375, 60.625, 2.867543298004807e-23, nan 
-24.125, 60.625, 1.5841801424873832e-23, nan 
-23.875, 60.625, 6.487164967523052e-24, nan 
-23.625, 60.625, 7.531454554604096e-24, nan 
-23.375, 60.625, 6.651062144188703e-24, nan 
-23.125, 60.625, 7.846154632454761e-24, nan 
-22.875, 60.625, 1.3349651807938197e-23, nan 
-22.625, 60.625, 1.2107366051314025e-23, nan 
-22.375, 60.625, 1.0437628973438969e-23, nan 
-22.125, 60.625, 1.7806940159329734e-23, nan 
-21.875, 60.625, 2.9870062583842057e-23, nan 
-21.625, 60.625, 2.8003579671735327e-23, nan 
-21.375, 60.625, 3.186212845831914e-23, nan 
-21.125, 60.625, 4.006494951369691e-23, nan 
-20.875, 60.625, 4.336281849571676e-23, nan 
-20.625, 60.625, 2.9268494953051764e-23, nan 
-20.375, 60.625, 2.657163699822931e-23, nan 
-20.125, 60.625, 5.0159009347008705e-23, nan 
-19.875, 60.625, 7.647638776753406e-23, nan 
-19.625, 60.625, 8.038157039935204e-23, nan 
-19.375, 60.625, 5.842689804075196e-23, nan 
-19.125, 60.625, 4.3614187200489894e-23, nan 
-18.875, 60.625, 4.4272385664135035e-23, nan 
-18.625, 60.625, 1.4548558171934837e-23, nan 
-18.375, 60.625, 2.4419480167918767e-23, nan 
-18.125, 60.625, 2.5068209690939725e-23, nan 
-17.875, 60.625, 1.0317326318804821e-23, nan 
-17.625, 60.625, 2.265822927863422e-23, nan 
-17.375, 60.625, 2.8898667496290964e-23, nan 
-17.125, 60.625, 2.046433848257192e-23, nan 
-16.875, 60.625, 1.1471240747170231e-23, nan 
-16.625, 60.625, 9.689817213173969e-24, nan 
-16.375, 60.625, 7.277404402403247e-24, nan 
-16.125, 60.625, 1.1239218700764321e-23, nan 
-15.875, 60.625, 1.1505942434260467e-23, nan 
-15.625, 60.625, 2.5719734216210994e-23, nan 
-15.375, 60.625, 1.9843670454412544e-23, nan 
-15.125, 60.625, 1.5709303734789945e-23, nan 
-14.875, 60.625, 2.9686291625896236e-23, nan 
-14.625, 60.625, 3.2226342023537764e-23, nan 
-14.375, 60.625, 3.3516149669673816e-23, nan 
-14.125, 60.625, 2.849488210748013e-23, nan 
-13.875, 60.625, 4.158214294575355e-23, nan 
-13.625, 60.625, 6.250038186524686e-23, nan 
-13.375, 60.625, 6.468948570473556e-23, nan 
-13.125, 60.625, 3.902580533936386e-23, nan 
-12.875, 60.625, 2.9303022109497304e-23, nan 
-12.625, 60.625, 2.2731955988103737e-23, nan 
-12.375, 60.625, 2.5315853523692517e-23, nan 
-12.125, 60.625, 1.606571521263172e-23, nan 
-11.875, 60.625, 1.7405320896514865e-23, nan 
-11.625, 60.625, 2.3111730989560352e-23, nan 
-11.375, 60.625, 2.194695592149861e-23, nan 
-11.125, 60.625, 1.465442656729912e-23, nan 
-10.875, 60.625, 2.77202308300643e-23, nan 
-10.625, 60.625, 5.574107164921513e-23, nan 
-10.375, 60.625, 3.388332564915743e-23, nan 
-10.125, 60.625, 4.3266491702530273e-23, nan 
-9.875, 60.625, 3.824666203779362e-23, nan 
-9.625, 60.625, 5.026537563710334e-23, nan 
-9.375, 60.625, 3.9078979855136555e-23, nan 
-9.125, 60.625, 2.2426570116296902e-23, nan 
-8.875, 60.625, 7.74182077821161e-24, nan 
-8.625, 60.625, 1.6820390941568056e-23, nan 
-8.375, 60.625, 3.807240112302098e-23, nan 
-8.125, 60.625, 2.4901390589856886e-23, nan 
-7.875, 60.625, 2.3229132917794048e-23, nan 
-7.625, 60.625, 3.445893327586719e-23, nan 
-7.375, 60.625, 2.3402660657841995e-23, nan 
-7.125, 60.625, 8.400492750099212e-24, nan 
-6.875, 60.625, 1.542055187263339e-23, nan 
-6.625, 60.625, 2.4171361821144726e-23, nan 
-6.375, 60.625, 1.78229829947177e-23, nan 
-6.125, 60.625, 2.8237934083375947e-23, nan 
-5.875, 60.625, 1.8631439900017277e-23, nan 
-5.625, 60.625, 5.055861060943951e-23, nan 
-5.375, 60.625, 4.5156371010229684e-23, nan 
-5.125, 60.625, 5.9927110514235e-23, nan 
-4.875, 60.625, 4.5631120827378095e-23, nan 
-4.625, 60.625, 5.046321673470856e-23, nan 
-4.375, 60.625, 5.1562548216571934e-23, nan 
-4.125, 60.625, 3.677696312589778e-23, nan 
-3.875, 60.625, 2.8126872237183373e-23, nan 
-3.625, 60.625, 2.3779289349061282e-23, nan 
-3.375, 60.625, 7.867111769353237e-24, nan 
-3.125, 60.625, 7.855815253757214e-24, nan 
-2.875, 60.625, 1.5022370972923407e-23, nan 
-2.625, 60.625, 2.0125279605076773e-23, nan 
-2.375, 60.625, 3.886450466035041e-24, nan 
-2.125, 60.625, 1.8561829212082716e-23, nan 
-1.875, 60.625, 2.496059072633228e-23, nan 
-1.625, 60.625, 1.908706391235097e-23, nan 
-1.375, 60.625, 2.2276418802333187e-23, nan 
-1.125, 60.625, 2.388929061452411e-23, nan 
-0.875, 60.625, 2.1589997713162473e-23, nan 
-0.625, 60.625, 2.27604237553514e-23, nan 
-0.375, 60.625, 2.1741255665402154e-23, nan 
-0.125, 60.625, 3.211358191348035e-23, nan 
0.125, 60.625, 3.35881135850978e-23, nan 
0.375, 60.625, 2.666461984739457e-23, nan 
0.625, 60.625, 3.006075593067647e-23, nan 
0.875, 60.625, 3.6985697263160515e-23, nan 
1.125, 60.625, 4.794275496893524e-23, nan 
1.375, 60.625, 6.48095291507648e-23, nan 
1.625, 60.625, 5.923613159878741e-23, nan 
1.875, 60.625, 6.047494848978007e-23, nan 
2.125, 60.625, 4.1559656879202225e-23, nan 
2.375, 60.625, 2.739733346353682e-23, nan 
2.625, 60.625, 2.864624216581572e-23, nan 
2.875, 60.625, 2.1351421675288474e-23, nan 
3.125, 60.625, 1.4602965623130633e-23, nan 
3.375, 60.625, 1.6988367591980658e-23, nan 
3.625, 60.625, 1.4539447579552778e-23, nan 
3.875, 60.625, 1.7851385705903988e-23, nan 
4.125, 60.625, 4.336430121927675e-23, nan 
4.375, 60.625, 2.2555483935638776e-23, nan 
4.625, 60.625, 1.696981889837929e-23, nan 
4.875, 60.625, 1.5957311592569787e-23, nan 
5.125, 60.625, 1.8060191263959864e-23, nan 
5.375, 60.625, 1.5157004151790196e-23, nan 
5.625, 60.625, 5.809645434491557e-24, nan 
5.875, 60.625, 6.106664067638494e-24, nan 
6.125, 60.625, 3.2687547601943878e-24, nan 
6.375, 60.625, 2.8866976692002836e-24, nan 
6.625, 60.625, 1.1420977493530521e-23, nan 
6.875, 60.625, 8.483832033417433e-24, nan 
7.125, 60.625, 1.4832871919737894e-23, nan 
7.375, 60.625, 9.942835757199236e-24, nan 
7.625, 60.625, 9.570673788542837e-24, nan 
7.875, 60.625, 1.8386806456641152e-23, nan 
8.125, 60.625, 5.903211684164047e-23, nan 
8.375, 60.625, 6.000430052280304e-23, nan 
8.625, 60.625, 3.331168705768005e-23, nan 
8.875, 60.625, 1.3628568187475358e-22, nan 
9.125, 60.625, 1.2579898292480968e-22, nan 
9.375, 60.625, 5.897371209684542e-23, nan 
9.625, 60.625, 5.732516815235382e-23, nan 
9.875, 60.625, 7.158232646729072e-23, nan 
10.125, 60.625, 4.837925897662345e-23, nan 
10.375, 60.625, 5.1789259871521913e-23, nan 
10.625, 60.625, 8.115388523238732e-23, nan 
10.875, 60.625, 6.251302064054638e-23, nan 
11.125, 60.625, 3.605325700980702e-23, nan 
11.375, 60.625, 3.758728450459799e-23, nan 
11.625, 60.625, 5.34587999549279e-23, nan 
11.875, 60.625, 3.9505439018102606e-23, nan 
12.125, 60.625, 5.598271522136164e-23, nan 
12.375, 60.625, 9.436624773180405e-23, nan 
12.625, 60.625, 6.167870563261446e-23, nan 
12.875, 60.625, 1.3103657415942924e-23, nan 
13.125, 60.625, 3.1257292692542166e-23, nan 
13.375, 60.625, 2.4902262889249293e-23, nan 
13.625, 60.625, 3.075958638720937e-23, nan 
13.875, 60.625, 2.1269782953970708e-23, nan 
14.125, 60.625, 1.6541482660952035e-23, nan 
14.375, 60.625, 1.149475474792196e-23, nan 
14.625, 60.625, 5.824360504542919e-24, nan 
14.875, 60.625, 2.1343473784550684e-23, nan 
15.125, 60.625, 6.008401236850042e-24, nan 
15.375, 60.625, 7.438252816038416e-24, nan 
15.625, 60.625, 1.1226145394448325e-23, nan 
15.875, 60.625, 5.274800035997608e-24, nan 
16.125, 60.625, 7.561781925387565e-24, nan 
16.375, 60.625, 6.230292821173701e-24, nan 
16.625, 60.625, 5.8137220252691636e-24, nan 
16.875, 60.625, 9.778681278362589e-24, nan 
17.125, 60.625, 8.626274111142632e-24, nan 
17.375, 60.625, 7.52460514695317e-24, nan 
17.625, 60.625, 7.546968653656175e-24, nan 
17.875, 60.625, 9.32654133843967e-24, nan 
18.125, 60.625, 7.970851831308296e-24, nan 
18.375, 60.625, 7.090508208507408e-24, nan 
18.625, 60.625, 7.893402997555347e-24, nan 
18.875, 60.625, 6.1760081976053595e-24, nan 
19.125, 60.625, 8.36929495206776e-24, nan 
19.375, 60.625, 1.2688487228379617e-23, nan 
19.625, 60.625, 1.2216719756581258e-23, nan 
19.875, 60.625, 1.0873221425973207e-23, nan 
20.125, 60.625, 1.0202002617263086e-23, nan 
20.375, 60.625, 1.2944954643595054e-23, nan 
20.625, 60.625, 8.236007279514405e-24, nan 
20.875, 60.625, 5.8357590420928366e-24, nan 
21.125, 60.625, 2.625944007048965e-24, nan 
21.375, 60.625, 4.916020180442964e-24, nan 
21.625, 60.625, 7.382777150827978e-24, nan 
21.875, 60.625, 4.795675467946165e-24, nan 
22.125, 60.625, 3.812315888292586e-24, nan 
22.375, 60.625, 7.643393787596072e-24, nan 
22.625, 60.625, 4.7848184067284115e-24, nan 
22.875, 60.625, 6.060820188674915e-24, nan 
23.125, 60.625, 6.4112701122617694e-24, nan 
23.375, 60.625, 1.036589258265183e-23, nan 
23.625, 60.625, 1.2223480369557232e-23, nan 
23.875, 60.625, 8.296238560085527e-24, nan 
24.125, 60.625, 6.794682289492538e-24, nan 
24.375, 60.625, 1.3809082652574817e-23, nan 
24.625, 60.625, 8.92650525658055e-24, nan 
24.875, 60.625, 6.0219818092480704e-24, nan 
25.125, 60.625, 8.065409070212775e-24, nan 
25.375, 60.625, 9.426811824871483e-24, nan 
25.625, 60.625, 8.732660985968985e-24, nan 
25.875, 60.625, 7.278164967715872e-24, nan 
26.125, 60.625, 9.878922946502175e-24, nan 
26.375, 60.625, 8.228331914209006e-24, nan 
26.625, 60.625, 7.829055396412867e-24, nan 
26.875, 60.625, 9.322437406452706e-24, nan 
27.125, 60.625, 7.202774178207554e-24, nan 
27.375, 60.625, 4.46507583478224e-24, nan 
27.625, 60.625, 3.8075771558080944e-24, nan 
27.875, 60.625, 1.0758709140652756e-23, nan 
28.125, 60.625, 7.093058688781988e-24, nan 
28.375, 60.625, 5.3399425362871e-24, nan 
28.625, 60.625, 4.83087571246579e-24, nan 
28.875, 60.625, 4.2689915044744304e-24, nan 
29.125, 60.625, 3.75605711098775e-24, nan 
29.375, 60.625, 3.60505154766777e-24, nan 
29.625, 60.625, 2.61926737594966e-24, nan 
29.875, 60.625, 1.5197723372043187e-24, nan 
30.125, 60.625, 3.911440781049212e-24, nan 
30.375, 60.625, 4.0533087814711394e-24, nan 
30.625, 60.625, 3.286869902131915e-24, nan 
30.875, 60.625, 3.8014471598369745e-24, nan 
31.125, 60.625, 8.26930278162431e-24, nan 
31.375, 60.625, 5.834803527228402e-24, nan 
31.625, 60.625, 3.909965233560921e-24, nan 
31.875, 60.625, 3.573518779835351e-24, nan 
32.125, 60.625, 5.551270486975311e-24, nan 
32.375, 60.625, 5.984668024660441e-24, nan 
32.625, 60.625, 4.004730218965899e-24, nan 
32.875, 60.625, 5.942697731051484e-24, nan 
33.125, 60.625, 7.933648222799314e-24, nan 
33.375, 60.625, 4.629538517498261e-24, nan 
33.625, 60.625, 4.351237758100121e-24, nan 
33.875, 60.625, 9.220762252584625e-24, nan 
34.125, 60.625, 6.617202246382254e-24, nan 
-107.375, 60.875, 3.2331616298602984e-24, nan 
-107.125, 60.875, 3.8862331699398784e-24, nan 
-106.875, 60.875, 3.282941965489195e-24, nan 
-106.625, 60.875, 3.1009649551584275e-24, nan 
-106.375, 60.875, 4.523689362533202e-24, nan 
-106.125, 60.875, 4.317982487234982e-24, nan 
-105.875, 60.875, 4.373666254311063e-24, nan 
-105.625, 60.875, 4.1180780673348065e-24, nan 
-105.375, 60.875, 3.2689065304270744e-24, nan 
-105.125, 60.875, 3.0467761571277044e-24, nan 
-104.875, 60.875, 3.94663741591303e-24, nan 
-104.625, 60.875, 4.819423695026885e-24, nan 
-104.375, 60.875, 4.1190995292648424e-24, nan 
-104.125, 60.875, 4.9487836061202164e-24, nan 
-103.875, 60.875, 5.8524358131546516e-24, nan 
-103.625, 60.875, 4.2854322778634614e-24, nan 
-103.375, 60.875, 4.733943270293675e-24, nan 
-103.125, 60.875, 5.238873412200671e-24, nan 
-102.875, 60.875, 5.2684647187405634e-24, nan 
-102.625, 60.875, 4.670595937093581e-24, nan 
-102.375, 60.875, 5.265148338067012e-24, nan 
-102.125, 60.875, 4.569526888960048e-24, nan 
-101.875, 60.875, 4.771038432295165e-24, nan 
-101.625, 60.875, 2.4402278554358965e-23, nan 
-101.375, 60.875, 6.129853080929444e-23, nan 
-101.125, 60.875, 5.8513293922155165e-24, nan 
-100.875, 60.875, 6.873710899142305e-24, nan 
-100.625, 60.875, 6.141911694836804e-24, nan 
-100.375, 60.875, 6.892613704796076e-24, nan 
-100.125, 60.875, 6.743875723516873e-24, nan 
-99.875, 60.875, 7.13832253185063e-24, nan 
-99.625, 60.875, 8.350752164719886e-24, nan 
-99.375, 60.875, 5.508816064758234e-24, nan 
-99.125, 60.875, 6.750193834304315e-24, nan 
-98.875, 60.875, 1.3528212555376842e-23, nan 
-98.625, 60.875, 9.583299487249653e-24, nan 
-98.375, 60.875, 7.50548098067759e-24, nan 
-98.125, 60.875, 7.82716460132927e-24, nan 
-97.875, 60.875, 7.297901517737793e-24, nan 
-97.625, 60.875, 7.042877071011954e-24, nan 
-97.375, 60.875, 6.876256323335299e-24, nan 
-97.125, 60.875, 6.59711993686897e-24, nan 
-96.875, 60.875, 6.888744549011673e-24, nan 
-96.625, 60.875, 7.277771620983581e-24, nan 
-96.375, 60.875, 7.320486426860834e-24, nan 
-96.125, 60.875, 6.418688446151881e-24, nan 
-95.875, 60.875, 7.364359180001308e-24, nan 
-95.625, 60.875, 6.964095896922126e-24, nan 
-95.375, 60.875, 7.383765865292053e-24, nan 
-95.125, 60.875, 7.851785742862683e-24, nan 
-94.875, 60.875, 8.50090738903608e-24, nan 
-94.625, 60.875, 8.331784337607191e-24, nan 
-94.375, 60.875, 7.409194395706604e-24, nan 
-94.125, 60.875, 7.440010188395194e-24, nan 
-93.875, 60.875, 5.800976877732088e-24, nan 
-93.625, 60.875, 4.855221392985305e-24, nan 
-93.375, 60.875, 3.777175480441016e-24, nan 
-93.125, 60.875, 5.871246919505099e-24, nan 
-92.875, 60.875, 5.751189569804078e-24, nan 
-92.625, 60.875, 3.367568862346521e-24, nan 
-92.375, 60.875, 4.510496952380327e-24, nan 
-92.125, 60.875, 4.1396775574176204e-24, nan 
-91.875, 60.875, 4.586194852398711e-24, nan 
-91.625, 60.875, 5.22583600854722e-24, nan 
-91.375, 60.875, 5.620494452257042e-24, nan 
-91.125, 60.875, 5.314709680172621e-24, nan 
-90.875, 60.875, 4.599802259216821e-24, nan 
-90.625, 60.875, 4.1981510162571016e-24, nan 
-90.375, 60.875, 4.379134543119992e-24, nan 
-90.125, 60.875, 3.953521521170209e-24, nan 
-89.875, 60.875, 4.284237016631917e-24, nan 
-89.625, 60.875, 5.996374678129973e-24, nan 
-89.375, 60.875, 5.568443577638939e-24, nan 
-89.125, 60.875, 7.629939204997805e-24, nan 
-88.875, 60.875, 7.425212704363862e-24, nan 
-88.625, 60.875, 6.907398106072819e-24, nan 
-88.375, 60.875, 7.581474691979119e-24, nan 
-88.125, 60.875, 6.83206005574631e-24, nan 
-87.875, 60.875, 5.842818001521349e-24, nan 
-87.625, 60.875, 4.977513941852718e-24, nan 
-87.375, 60.875, 5.207269839553912e-24, nan 
-87.125, 60.875, 4.662390929190508e-24, nan 
-86.875, 60.875, 5.838189424616267e-24, nan 
-86.625, 60.875, 5.581892559249214e-24, nan 
-86.375, 60.875, 5.105524566292668e-24, nan 
-86.125, 60.875, 5.149317988414096e-24, nan 
-85.875, 60.875, 5.065400935819423e-24, nan 
-85.625, 60.875, 4.495407099576549e-24, nan 
-85.375, 60.875, 5.408323770047063e-24, nan 
-85.125, 60.875, 4.611954874333203e-24, nan 
-84.875, 60.875, 5.6136118518585046e-24, nan 
-84.625, 60.875, 5.772254325763984e-24, nan 
-84.375, 60.875, 5.88991784865031e-24, nan 
-84.125, 60.875, 6.600309070443125e-24, nan 
-83.875, 60.875, 7.084631990629539e-24, nan 
-83.625, 60.875, 7.965283576637417e-24, nan 
-83.375, 60.875, 7.814013842792987e-24, nan 
-83.125, 60.875, 7.755374507084085e-24, nan 
-82.875, 60.875, 7.606794387477487e-24, nan 
-82.625, 60.875, 8.418247215139147e-24, nan 
-82.375, 60.875, 7.724196193439833e-24, nan 
-82.125, 60.875, 1.1031530068377994e-23, nan 
-81.875, 60.875, 1.3059571149477414e-23, nan 
-81.625, 60.875, 8.928553599837207e-24, nan 
-81.375, 60.875, 1.0661545845809807e-23, nan 
-81.125, 60.875, 6.770932914543761e-24, nan 
-80.875, 60.875, 7.933774648665905e-24, nan 
-80.625, 60.875, 9.75467375561914e-24, nan 
-80.375, 60.875, 1.325754423071779e-23, nan 
-80.125, 60.875, 1.0542011823700244e-23, nan 
-79.875, 60.875, 1.2798232337085347e-23, nan 
-79.625, 60.875, 1.9064441266544055e-23, nan 
-79.375, 60.875, 1.926695145914393e-23, nan 
-79.125, 60.875, 2.475127373047543e-23, nan 
-78.875, 60.875, 2.837105184851456e-23, nan 
-78.625, 60.875, 1.9761126213052465e-23, nan 
-78.375, 60.875, 1.3956357393018417e-23, nan 
-78.125, 60.875, 2.825000383578764e-23, nan 
-77.875, 60.875, 1.2758136706248492e-23, nan 
-77.625, 60.875, 1.2491421064413699e-23, nan 
-77.375, 60.875, 1.9853366619728635e-23, nan 
-77.125, 60.875, 1.148131291261277e-23, nan 
-76.875, 60.875, 8.820972850212264e-24, nan 
-76.625, 60.875, 7.880924811067376e-24, nan 
-76.375, 60.875, 8.075092513957081e-24, nan 
-76.125, 60.875, 9.028624732307253e-24, nan 
-75.875, 60.875, 8.189543998311787e-24, nan 
-75.625, 60.875, 7.677131046987578e-24, nan 
-75.375, 60.875, 8.434883588025453e-24, nan 
-75.125, 60.875, 8.773952266489092e-24, nan 
-74.875, 60.875, 9.535671487209231e-24, nan 
-74.625, 60.875, 9.137990092874228e-24, nan 
-74.375, 60.875, 8.489705220786001e-24, nan 
-74.125, 60.875, 8.14995984820954e-24, nan 
-73.875, 60.875, 1.0763488319903144e-23, nan 
-73.625, 60.875, 1.2575583389414639e-23, nan 
-73.375, 60.875, 8.819187160028759e-24, nan 
-73.125, 60.875, 1.0161907286168093e-23, nan 
-72.875, 60.875, 7.59688853234479e-24, nan 
-72.625, 60.875, 9.174879878789456e-24, nan 
-72.375, 60.875, 8.583302902118286e-24, nan 
-72.125, 60.875, 1.1141639118550595e-23, nan 
-71.875, 60.875, 1.4115083525121483e-23, nan 
-71.625, 60.875, 1.4134030470645366e-23, nan 
-71.375, 60.875, 1.4279920294064442e-23, nan 
-71.125, 60.875, 1.2007170704737997e-23, nan 
-70.875, 60.875, 9.232356107351148e-24, nan 
-70.625, 60.875, 9.005596321889956e-24, nan 
-70.375, 60.875, 6.4910708658474655e-24, nan 
-70.125, 60.875, 6.912586937129714e-24, nan 
-69.875, 60.875, 9.701382274495313e-24, nan 
-69.625, 60.875, 1.033894294186008e-23, nan 
-69.375, 60.875, 1.025931191635548e-23, nan 
-69.125, 60.875, 1.0218284280955108e-23, nan 
-68.875, 60.875, 1.1766381649499497e-23, nan 
-68.625, 60.875, 1.126901933178113e-23, nan 
-68.375, 60.875, 8.941397567090642e-24, nan 
-68.125, 60.875, 1.401149353820377e-23, nan 
-67.875, 60.875, 1.2100098066242881e-23, nan 
-67.625, 60.875, 1.1563434700426632e-23, nan 
-67.375, 60.875, 1.1618025045682621e-23, nan 
-67.125, 60.875, 1.2483319972084335e-23, nan 
-66.875, 60.875, 1.4239955657274107e-23, nan 
-66.625, 60.875, 1.397487089777906e-23, nan 
-66.375, 60.875, 1.313284943463578e-23, nan 
-66.125, 60.875, 1.2889898331043536e-23, nan 
-65.875, 60.875, 1.1319846630121166e-23, nan 
-65.625, 60.875, 1.2082667337091862e-23, nan 
-65.375, 60.875, 1.2865892097395916e-23, nan 
-65.125, 60.875, 1.2893066132284623e-23, nan 
-64.875, 60.875, 1.2673756451436043e-23, nan 
-64.625, 60.875, 1.335897335605459e-23, nan 
-64.375, 60.875, 1.6133458477506203e-23, nan 
-64.125, 60.875, 1.3562793329723645e-23, nan 
-63.875, 60.875, 1.2728530570223323e-23, nan 
-63.625, 60.875, 1.3456033675464735e-23, nan 
-63.375, 60.875, 1.1689054950337987e-23, nan 
-63.125, 60.875, 1.2375090828054766e-23, nan 
-62.875, 60.875, 1.3755326958775382e-23, nan 
-62.625, 60.875, 1.128214084405173e-23, nan 
-62.375, 60.875, 1.274281319065772e-23, nan 
-62.125, 60.875, 1.4612488899247083e-23, nan 
-61.875, 60.875, 1.0304598853357215e-23, nan 
-61.625, 60.875, 1.344868586613388e-23, nan 
-61.375, 60.875, 1.4886386369527077e-23, nan 
-61.125, 60.875, 1.3189586993602302e-23, nan 
-60.875, 60.875, 1.3180974138097832e-23, nan 
-60.625, 60.875, 1.4346588991343235e-23, nan 
-60.375, 60.875, 1.937137530675683e-23, nan 
-60.125, 60.875, 3.51406373152254e-23, nan 
-59.875, 60.875, 2.62161063106486e-23, nan 
-59.625, 60.875, 2.878033105598572e-23, nan 
-59.375, 60.875, 3.470515145876923e-23, nan 
-59.125, 60.875, 2.8651780431370973e-23, nan 
-58.875, 60.875, 2.118571247215082e-23, nan 
-58.625, 60.875, 1.633660276273403e-23, nan 
-58.375, 60.875, 1.3817642948045945e-23, nan 
-58.125, 60.875, 1.4591383925451833e-23, nan 
-57.875, 60.875, 1.489068610153397e-23, nan 
-57.625, 60.875, 1.6055135346473697e-23, nan 
-57.375, 60.875, 1.510180778699512e-23, nan 
-57.125, 60.875, 1.593560594788621e-23, nan 
-56.875, 60.875, 1.791092459031655e-23, nan 
-56.625, 60.875, 1.3315346224265954e-23, nan 
-56.375, 60.875, 9.74251035113896e-24, nan 
-56.125, 60.875, 1.0992203166876687e-23, nan 
-55.875, 60.875, 1.3153076778895143e-23, nan 
-55.625, 60.875, 1.0235466249276539e-23, nan 
-55.375, 60.875, 7.949807049856048e-24, nan 
-55.125, 60.875, 1.1488830563734164e-23, nan 
-54.875, 60.875, 1.2505209124316095e-23, nan 
-54.625, 60.875, 1.2666135788852173e-23, nan 
-54.375, 60.875, 1.334407249406204e-23, nan 
-54.125, 60.875, 1.694419959674599e-23, nan 
-53.875, 60.875, 2.242637694404643e-23, nan 
-53.625, 60.875, 2.6501083923738024e-23, nan 
-53.375, 60.875, 3.3155184862432416e-23, nan 
-53.125, 60.875, 2.0067995721862625e-23, nan 
-52.875, 60.875, 2.1814497488105658e-23, nan 
-52.625, 60.875, 2.722353298482699e-23, nan 
-52.375, 60.875, 1.8134845629766886e-23, nan 
-52.125, 60.875, 1.1657342245376765e-23, nan 
-51.875, 60.875, 1.54422613530566e-23, nan 
-51.625, 60.875, 1.7020692507474862e-23, nan 
-51.375, 60.875, 1.45316214340865e-23, nan 
-51.125, 60.875, 1.5139187364459004e-23, nan 
-50.875, 60.875, 6.908337703053088e-24, nan 
-50.625, 60.875, 1.2632697819881256e-23, nan 
-50.375, 60.875, 1.5363410664634976e-23, nan 
-50.125, 60.875, 1.8434916033030624e-23, nan 
-49.875, 60.875, 2.021429160447066e-23, nan 
-49.625, 60.875, 1.726356725609595e-23, nan 
-49.375, 60.875, 1.7897398925801274e-23, nan 
-49.125, 60.875, 3.4049084725230294e-23, nan 
-48.875, 60.875, 3.20483394696315e-23, nan 
-48.625, 60.875, 3.604828444427628e-23, nan 
-48.375, 60.875, 3.261988526809317e-23, nan 
-48.125, 60.875, 4.688382748275485e-23, nan 
-47.875, 60.875, 3.7871070945721125e-23, nan 
-47.625, 60.875, 5.377955834616273e-23, nan 
-47.375, 60.875, 6.1012376599052e-23, nan 
-47.125, 60.875, 7.56565640418367e-23, nan 
-46.875, 60.875, 2.731984110006586e-22, nan 
-46.625, 60.875, 3.895576931606463e-23, nan 
-46.375, 60.875, 4.7455984956252885e-23, nan 
-46.125, 60.875, 6.869774303200474e-23, nan 
-45.875, 60.875, 4.827994387100858e-23, nan 
-45.625, 60.875, 3.6723816734415625e-23, nan 
-45.375, 60.875, 3.8316323640342126e-23, nan 
-45.125, 60.875, 2.934412839516729e-23, nan 
-44.875, 60.875, 2.3417753399889767e-23, nan 
-44.625, 60.875, 1.0257309213917976e-23, nan 
-44.375, 60.875, 1.5250534102420857e-23, nan 
-44.125, 60.875, 1.630005474609318e-23, nan 
-43.875, 60.875, 2.0620187575612872e-23, nan 
-43.625, 60.875, 1.879153724260439e-23, nan 
-43.375, 60.875, 2.791475716543024e-23, nan 
-43.125, 60.875, 1.3407122406147547e-23, nan 
-42.875, 60.875, 1.7981459739360702e-23, nan 
-42.625, 60.875, 3.0191057761051995e-23, nan 
-42.375, 60.875, 1.464314696280299e-23, nan 
-42.125, 60.875, 1.2279861786887606e-23, nan 
-41.875, 60.875, 8.949565415996051e-24, nan 
-41.625, 60.875, 1.1098976859829017e-23, nan 
-41.375, 60.875, 1.3907330533739e-23, nan 
-41.125, 60.875, 9.908812660677131e-24, nan 
-40.875, 60.875, 1.5231474489594487e-23, nan 
-40.625, 60.875, 1.7487144995606735e-23, nan 
-40.375, 60.875, 1.8888201930839638e-23, nan 
-40.125, 60.875, 1.8002518207846658e-23, nan 
-39.875, 60.875, 2.5597805067837902e-23, nan 
-39.625, 60.875, 2.53279811175178e-23, nan 
-39.375, 60.875, 2.8395031746798343e-23, nan 
-39.125, 60.875, 2.244885659310417e-23, nan 
-38.875, 60.875, 2.0150337103124367e-23, nan 
-38.625, 60.875, 1.89430222055142e-23, nan 
-38.375, 60.875, 1.2114345916603198e-23, nan 
-38.125, 60.875, 1.9126907094818656e-23, nan 
-37.875, 60.875, 2.8868183675687777e-23, nan 
-37.625, 60.875, 2.4143805563139334e-23, nan 
-37.375, 60.875, 2.450595282567554e-23, nan 
-37.125, 60.875, 3.94718889692698e-23, nan 
-36.875, 60.875, 2.543452998659965e-23, nan 
-36.625, 60.875, 2.487175024947037e-23, nan 
-36.375, 60.875, 2.2713121256708574e-23, nan 
-36.125, 60.875, 1.7806311235859913e-23, nan 
-35.875, 60.875, 2.193645782850976e-23, nan 
-35.625, 60.875, 1.359099530639577e-23, nan 
-35.375, 60.875, 1.6871873735669836e-23, nan 
-35.125, 60.875, 3.4370794499350305e-23, nan 
-34.875, 60.875, 4.2734059963446435e-23, nan 
-34.625, 60.875, 4.1200999299481963e-23, nan 
-34.375, 60.875, 5.187112643929465e-23, nan 
-34.125, 60.875, 3.7476606390826687e-23, nan 
-33.875, 60.875, 3.554995506046507e-23, nan 
-33.625, 60.875, 3.2688745384535757e-23, nan 
-33.375, 60.875, 2.6089717698040128e-23, nan 
-33.125, 60.875, 3.295051801786746e-23, nan 
-32.875, 60.875, 3.2136012766505285e-23, nan 
-32.625, 60.875, 5.1361506052788406e-23, nan 
-32.375, 60.875, 1.465940301361088e-23, nan 
-32.125, 60.875, 2.3277345626964622e-23, nan 
-31.875, 60.875, 4.916703903710736e-23, nan 
-31.625, 60.875, 2.5187183622106145e-23, nan 
-31.375, 60.875, 2.561163383173329e-23, nan 
-31.125, 60.875, 3.671530180040203e-23, nan 
-30.875, 60.875, 5.246301263370913e-23, nan 
-30.625, 60.875, 5.514839308188291e-23, nan 
-30.375, 60.875, 3.9793808186752943e-23, nan 
-30.125, 60.875, 3.1018815139290327e-23, nan 
-29.875, 60.875, 3.6848226495764605e-23, nan 
-29.625, 60.875, 7.95323299432777e-23, nan 
-29.375, 60.875, 6.623434813870279e-23, nan 
-29.125, 60.875, 4.741388546917258e-23, nan 
-28.875, 60.875, 4.7524941887060045e-23, nan 
-28.625, 60.875, 2.8499882408906943e-23, nan 
-28.375, 60.875, 3.0917097292077574e-23, nan 
-28.125, 60.875, 1.556986949089738e-23, nan 
-27.875, 60.875, 2.6053712962946113e-23, nan 
-27.625, 60.875, 4.9347163982702126e-23, nan 
-27.375, 60.875, 4.2511599682657616e-23, nan 
-27.125, 60.875, 4.005872576299184e-23, nan 
-26.875, 60.875, 7.03388604619457e-23, nan 
-26.625, 60.875, 7.702701186235585e-23, nan 
-26.375, 60.875, 3.383203771045023e-23, nan 
-26.125, 60.875, 3.40853694185207e-23, nan 
-25.875, 60.875, 3.478729188110705e-23, nan 
-25.625, 60.875, 5.239613257948839e-23, nan 
-25.375, 60.875, 5.2366880507389265e-23, nan 
-25.125, 60.875, 5.463155998601404e-23, nan 
-24.875, 60.875, 5.470558790004332e-23, nan 
-24.625, 60.875, 4.8352221939017313e-23, nan 
-24.375, 60.875, 4.0495946529690414e-23, nan 
-24.125, 60.875, 3.022984449242594e-23, nan 
-23.875, 60.875, 2.36445515266278e-23, nan 
-23.625, 60.875, 1.4920123699320673e-23, nan 
-23.375, 60.875, 1.5485943394935355e-23, nan 
-23.125, 60.875, 1.367681050693837e-23, nan 
-22.875, 60.875, 2.143852543282143e-23, nan 
-22.625, 60.875, 1.1047428957391963e-23, nan 
-22.375, 60.875, 8.60817668166322e-24, nan 
-22.125, 60.875, 1.0160606457441745e-23, nan 
-21.875, 60.875, 2.0680884545470364e-23, nan 
-21.625, 60.875, 2.68586194636268e-23, nan 
-21.375, 60.875, 3.7588560356895547e-23, nan 
-21.125, 60.875, 3.461994801703824e-23, nan 
-20.875, 60.875, 2.9136531397269154e-23, nan 
-20.625, 60.875, 2.720053197795508e-23, nan 
-20.375, 60.875, 2.2032179364961767e-23, nan 
-20.125, 60.875, 3.1536750354770637e-23, nan 
-19.875, 60.875, 5.439377603893283e-23, nan 
-19.625, 60.875, 4.9033392155206477e-23, nan 
-19.375, 60.875, 2.278738401646553e-23, nan 
-19.125, 60.875, 2.3075041342315276e-23, nan 
-18.875, 60.875, 1.963606337971319e-23, nan 
-18.625, 60.875, 6.77417685104816e-24, nan 
-18.375, 60.875, 1.7523410852761312e-23, nan 
-18.125, 60.875, 2.4173989601382395e-23, nan 
-17.875, 60.875, 6.391836626152093e-24, nan 
-17.625, 60.875, 1.1705575561929118e-23, nan 
-17.375, 60.875, 4.080436121406223e-23, nan 
-17.125, 60.875, 4.584390446655567e-23, nan 
-16.875, 60.875, 1.216031264317042e-23, nan 
-16.625, 60.875, 6.817312857751365e-24, nan 
-16.375, 60.875, 6.603842558161654e-24, nan 
-16.125, 60.875, 1.2287885607422045e-23, nan 
-15.875, 60.875, 1.1280048637570114e-23, nan 
-15.625, 60.875, 2.2922715391175853e-23, nan 
-15.375, 60.875, 3.358865425040154e-23, nan 
-15.125, 60.875, 4.278044972222988e-23, nan 
-14.875, 60.875, 2.3137740453034075e-23, nan 
-14.625, 60.875, 1.8497498097456877e-23, nan 
-14.375, 60.875, 3.0816714239275533e-23, nan 
-14.125, 60.875, 2.4601653851767684e-23, nan 
-13.875, 60.875, 3.052081040965605e-23, nan 
-13.625, 60.875, 5.835109128465748e-23, nan 
-13.375, 60.875, 7.059708751226699e-23, nan 
-13.125, 60.875, 4.4627346798966244e-23, nan 
-12.875, 60.875, 3.6928524163863207e-23, nan 
-12.625, 60.875, 2.6378556206294466e-23, nan 
-12.375, 60.875, 3.4918221022671305e-23, nan 
-12.125, 60.875, 1.90562877087792e-23, nan 
-11.875, 60.875, 1.9236409906229458e-23, nan 
-11.625, 60.875, 2.5630511889570618e-23, nan 
-11.375, 60.875, 3.458843939021473e-23, nan 
-11.125, 60.875, 2.8003902888898964e-23, nan 
-10.875, 60.875, 3.083361346809923e-23, nan 
-10.625, 60.875, 6.981167927825663e-23, nan 
-10.375, 60.875, 4.5519795512378216e-23, nan 
-10.125, 60.875, 4.359759126250907e-23, nan 
-9.875, 60.875, 4.331970596150241e-23, nan 
-9.625, 60.875, 3.5451017188505e-23, nan 
-9.375, 60.875, 1.9931098423634435e-23, nan 
-9.125, 60.875, 2.2485462593879236e-23, nan 
-8.875, 60.875, 1.6867425684609416e-23, nan 
-8.625, 60.875, 1.1974296471174293e-23, nan 
-8.375, 60.875, 1.5220328984106125e-23, nan 
-8.125, 60.875, 2.033472324792729e-23, nan 
-7.875, 60.875, 2.975278539000149e-23, nan 
-7.625, 60.875, 2.9152842906941765e-23, nan 
-7.375, 60.875, 3.114915445314078e-23, nan 
-7.125, 60.875, 2.3764669046650493e-23, nan 
-6.875, 60.875, 2.1864086762502681e-23, nan 
-6.625, 60.875, 4.043283188755403e-23, nan 
-6.375, 60.875, 3.166801964968269e-23, nan 
-6.125, 60.875, 2.8308228531456307e-23, nan 
-5.875, 60.875, 7.59767395098343e-23, nan 
-5.625, 60.875, 5.1324952433772796e-23, nan 
-5.375, 60.875, 4.448368679945127e-23, nan 
-5.125, 60.875, 6.155898893628187e-23, nan 
-4.875, 60.875, 4.5800853978753216e-23, nan 
-4.625, 60.875, 3.3869857982366495e-23, nan 
-4.375, 60.875, 3.4768112321707314e-23, nan 
-4.125, 60.875, 3.080760562828884e-23, nan 
-3.875, 60.875, 1.2996491599805713e-23, nan 
-3.625, 60.875, 1.3251166131488058e-23, nan 
-3.375, 60.875, 1.4079619505952156e-23, nan 
-3.125, 60.875, 4.741654635448701e-24, nan 
-2.875, 60.875, 2.0372824459458112e-23, nan 
-2.625, 60.875, 2.977759097727881e-23, nan 
-2.375, 60.875, 1.7900466788598042e-23, nan 
-2.125, 60.875, 4.5149683437684267e-23, nan 
-1.875, 60.875, 4.209838698251951e-23, nan 
-1.625, 60.875, 4.1308787150622025e-23, nan 
-1.375, 60.875, 2.2315273757072128e-23, nan 
-1.125, 60.875, 1.9955813802881262e-23, nan 
-0.875, 60.875, 2.714369790403139e-23, nan 
-0.625, 60.875, 1.4898292841695826e-23, nan 
-0.375, 60.875, 2.1082172620397245e-23, nan 
-0.125, 60.875, 3.7304907382450996e-23, nan 
0.125, 60.875, 4.654944421457561e-23, nan 
0.375, 60.875, 2.6895099118970763e-23, nan 
0.625, 60.875, 4.472865750631427e-23, nan 
0.875, 60.875, 3.9850138027888666e-23, nan 
1.125, 60.875, 4.366292265506146e-23, nan 
1.375, 60.875, 6.049226139422596e-23, nan 
1.625, 60.875, 6.723107355968963e-23, nan 
1.875, 60.875, 6.202371469318688e-23, nan 
2.125, 60.875, 3.990352639029906e-23, nan 
2.375, 60.875, 2.963230067306101e-23, nan 
2.625, 60.875, 3.4428258871062446e-23, nan 
2.875, 60.875, 2.395394823116903e-23, nan 
3.125, 60.875, 1.787751462758353e-23, nan 
3.375, 60.875, 2.184896744373495e-23, nan 
3.625, 60.875, 1.2447527539211591e-23, nan 
3.875, 60.875, 1.8979989231155298e-23, nan 
4.125, 60.875, 2.4312406088710163e-23, nan 
4.375, 60.875, 1.6438954229956132e-23, nan 
4.625, 60.875, 1.5719535636680212e-23, nan 
4.875, 60.875, 1.5440899797478302e-23, nan 
5.125, 60.875, 1.2400539681978782e-23, nan 
5.375, 60.875, 9.139786810383106e-24, nan 
5.625, 60.875, 1.392865176081803e-23, nan 
5.875, 60.875, 1.1419509111121921e-23, nan 
6.125, 60.875, 5.269460937364947e-24, nan 
6.375, 60.875, 1.0817953731461851e-23, nan 
6.625, 60.875, 1.3990501379351024e-23, nan 
6.875, 60.875, 8.048374371291168e-24, nan 
7.125, 60.875, 1.5123630211257777e-23, nan 
7.375, 60.875, 1.5386443663370488e-23, nan 
7.625, 60.875, 1.9678121793265087e-23, nan 
7.875, 60.875, 1.7773695446057473e-23, nan 
8.125, 60.875, 1.570004327596383e-23, nan 
8.375, 60.875, 1.0149123314979822e-23, nan 
8.625, 60.875, 2.7603886085936723e-23, nan 
8.875, 60.875, 8.858604128739074e-23, nan 
9.125, 60.875, 9.342262700909728e-23, nan 
9.375, 60.875, 5.630223679457045e-23, nan 
9.625, 60.875, 3.015553450887018e-23, nan 
9.875, 60.875, 1.926258507961284e-23, nan 
10.125, 60.875, 3.684641590369458e-23, nan 
10.375, 60.875, 4.898841630404522e-23, nan 
10.625, 60.875, 5.1713967178583737e-23, nan 
10.875, 60.875, 4.219680669219762e-23, nan 
11.125, 60.875, 3.664404654473471e-23, nan 
11.375, 60.875, 9.722254228178267e-24, nan 
11.625, 60.875, 1.3896345453440702e-23, nan 
11.875, 60.875, 2.172246777169233e-23, nan 
12.125, 60.875, 5.22141721452011e-23, nan 
12.375, 60.875, 6.544026437181528e-23, nan 
12.625, 60.875, 3.868294273906271e-23, nan 
12.875, 60.875, 3.407252217217291e-23, nan 
13.125, 60.875, 2.883257036614251e-23, nan 
13.375, 60.875, 2.2015109088591153e-23, nan 
13.625, 60.875, 1.6836945972225146e-23, nan 
13.875, 60.875, 1.8182342692424527e-23, nan 
14.125, 60.875, 2.0860240659456732e-23, nan 
14.375, 60.875, 1.841373002226412e-23, nan 
14.625, 60.875, 9.450101150415547e-24, nan 
14.875, 60.875, 1.4777491475547128e-23, nan 
15.125, 60.875, 1.0671641405116122e-23, nan 
15.375, 60.875, 7.181552992052107e-24, nan 
15.625, 60.875, 6.220105316661642e-24, nan 
15.875, 60.875, 8.723147898294568e-24, nan 
16.125, 60.875, 1.1366921863822076e-23, nan 
16.375, 60.875, 8.009990532070682e-24, nan 
16.625, 60.875, 1.0881242579110228e-23, nan 
16.875, 60.875, 1.2560197269038038e-23, nan 
17.125, 60.875, 1.1423815126001623e-23, nan 
17.375, 60.875, 7.650818043243107e-24, nan 
17.625, 60.875, 8.373587790684861e-24, nan 
17.875, 60.875, 1.1898792418380717e-23, nan 
18.125, 60.875, 6.589920840708805e-24, nan 
18.375, 60.875, 7.05869963113405e-24, nan 
18.625, 60.875, 9.171745997178554e-24, nan 
18.875, 60.875, 3.891811161296926e-24, nan 
19.125, 60.875, 6.64992125590708e-24, nan 
19.375, 60.875, 1.4782450660241796e-23, nan 
19.625, 60.875, 1.5046708500307387e-23, nan 
19.875, 60.875, 9.007338665239789e-24, nan 
20.125, 60.875, 2.149310292807241e-23, nan 
20.375, 60.875, 2.287743560778359e-23, nan 
20.625, 60.875, 9.565645783693191e-24, nan 
20.875, 60.875, 7.662354200853716e-24, nan 
21.125, 60.875, 6.704389001145745e-24, nan 
21.375, 60.875, 4.833210623764752e-24, nan 
21.625, 60.875, 1.0449064411663594e-23, nan 
21.875, 60.875, 1.1743358658208637e-23, nan 
22.125, 60.875, 4.960092739712814e-24, nan 
22.375, 60.875, 9.103423636319759e-24, nan 
22.625, 60.875, 1.1166139368330736e-23, nan 
22.875, 60.875, 1.215020538580646e-23, nan 
23.125, 60.875, 9.446710564606471e-24, nan 
23.375, 60.875, 1.0187874750377452e-23, nan 
23.625, 60.875, 1.332456919984417e-23, nan 
23.875, 60.875, 8.723725312567382e-24, nan 
24.125, 60.875, 5.831793264926833e-24, nan 
24.375, 60.875, 7.351776478621594e-24, nan 
24.625, 60.875, 9.277913707925236e-24, nan 
24.875, 60.875, 5.341651808958934e-24, nan 
25.125, 60.875, 3.462797320074747e-24, nan 
25.375, 60.875, 1.036374040222227e-23, nan 
25.625, 60.875, 8.770580480123953e-24, nan 
25.875, 60.875, 3.3266590986764796e-24, nan 
26.125, 60.875, 6.395110110202282e-24, nan 
26.375, 60.875, 6.827948508649154e-24, nan 
26.625, 60.875, 7.57791409561078e-24, nan 
26.875, 60.875, 8.878281462298834e-24, nan 
27.125, 60.875, 7.474419067775284e-24, nan 
27.375, 60.875, 6.12204895136191e-24, nan 
27.625, 60.875, 5.96673260002333e-24, nan 
27.875, 60.875, 9.96279879885818e-24, nan 
28.125, 60.875, 6.283010364101178e-24, nan 
28.375, 60.875, 3.494875295903951e-24, nan 
28.625, 60.875, 3.99447297410425e-24, nan 
28.875, 60.875, 2.0670883906768094e-24, nan 
29.125, 60.875, 5.452032433193311e-24, nan 
29.375, 60.875, 5.6326824929549076e-24, nan 
29.625, 60.875, 2.2210730401017993e-24, nan 
29.875, 60.875, 3.125230256434613e-24, nan 
30.125, 60.875, 5.475454440628637e-24, nan 
30.375, 60.875, 6.4238130192377755e-24, nan 
30.625, 60.875, 3.0819536917489005e-24, nan 
30.875, 60.875, 9.059437220192002e-24, nan 
31.125, 60.875, 1.3380909453319097e-23, nan 
31.375, 60.875, 4.271944479388522e-24, nan 
31.625, 60.875, 4.272465451117246e-24, nan 
31.875, 60.875, 5.3531143786498374e-24, nan 
32.125, 60.875, 6.420254610714161e-24, nan 
32.375, 60.875, 8.95107787576013e-24, nan 
32.625, 60.875, 5.673569258382218e-24, nan 
32.875, 60.875, 8.891154208521512e-24, nan 
33.125, 60.875, 1.4610106813814424e-23, nan 
33.375, 60.875, 9.328543626463472e-24, nan 
33.625, 60.875, 4.7408313206377916e-24, nan 
33.875, 60.875, 7.3801751472865e-24, nan 
34.125, 60.875, 6.756672491772732e-24, nan 
34.375, 60.875, 7.870002128335983e-24, nan 
34.625, 60.875, 1.014859357743627e-23, nan 
34.875, 60.875, 1.4786186039285276e-23, nan 
35.125, 60.875, 1.3487677385791852e-23, nan 
-108.375, 61.125, 2.74679575626559e-24, nan 
-108.125, 61.125, 2.724974904758379e-24, nan 
-107.875, 61.125, 2.7137706590799036e-24, nan 
-107.625, 61.125, 2.659321703323904e-24, nan 
-107.375, 61.125, 2.9460065445641187e-24, nan 
-107.125, 61.125, 2.4829509578877122e-24, nan 
-106.875, 61.125, 2.7221428420745275e-24, nan 
-106.625, 61.125, 3.312273298760757e-24, nan 
-106.375, 61.125, 4.460352904532218e-24, nan 
-106.125, 61.125, 4.717278670331828e-24, nan 
-105.875, 61.125, 4.6159207267668524e-24, nan 
-105.625, 61.125, 4.364557662899908e-24, nan 
-105.375, 61.125, 3.418625635964214e-24, nan 
-105.125, 61.125, 3.686267173591381e-24, nan 
-104.875, 61.125, 3.455190517263871e-24, nan 
-104.625, 61.125, 4.20059938730706e-24, nan 
-104.375, 61.125, 3.737305904770236e-24, nan 
-104.125, 61.125, 4.004277097700008e-24, nan 
-103.875, 61.125, 4.503284579196468e-24, nan 
-103.625, 61.125, 4.4880607194365885e-24, nan 
-103.375, 61.125, 4.469826740050461e-24, nan 
-103.125, 61.125, 4.9969164569108084e-24, nan 
-102.875, 61.125, 5.220397997292634e-24, nan 
-102.625, 61.125, 6.0649062165118155e-24, nan 
-102.375, 61.125, 5.609679628558841e-24, nan 
-102.125, 61.125, 5.2099953907826834e-24, nan 
-101.875, 61.125, 5.9091334320677206e-24, nan 
-101.625, 61.125, 5.942094378359931e-24, nan 
-101.375, 61.125, 5.799496708346605e-24, nan 
-101.125, 61.125, 7.320204322089498e-24, nan 
-100.875, 61.125, 7.539570373344232e-24, nan 
-100.625, 61.125, 7.347154942842818e-24, nan 
-100.375, 61.125, 7.266270033727722e-24, nan 
-100.125, 61.125, 6.525471107024534e-24, nan 
-99.875, 61.125, 6.363924387236758e-24, nan 
-99.625, 61.125, 6.778451731276059e-24, nan 
-99.375, 61.125, 6.48842499056446e-24, nan 
-99.125, 61.125, 6.794482108085426e-24, nan 
-98.875, 61.125, 3.494145329468546e-24, nan 
-98.625, 61.125, 9.9951607439207e-24, nan 
-98.375, 61.125, 4.766953112593824e-24, nan 
-98.125, 61.125, 5.61099826474639e-24, nan 
-97.875, 61.125, 7.084077752090847e-24, nan 
-97.625, 61.125, 6.2607435437699965e-24, nan 
-97.375, 61.125, 6.524923621797968e-24, nan 
-97.125, 61.125, 6.3945600700804855e-24, nan 
-96.875, 61.125, 4.488275455884205e-24, nan 
-96.625, 61.125, 5.404562089221743e-24, nan 
-96.375, 61.125, 6.73529280982292e-24, nan 
-96.125, 61.125, 6.2946432156545814e-24, nan 
-95.875, 61.125, 5.564017359396083e-24, nan 
-95.625, 61.125, 6.507693344395065e-24, nan 
-95.375, 61.125, 5.649860684982703e-24, nan 
-95.125, 61.125, 5.302405404700052e-24, nan 
-94.875, 61.125, 5.5928503743081355e-24, nan 
-94.625, 61.125, 5.219456787827348e-24, nan 
-94.375, 61.125, 4.885270074928426e-24, nan 
-94.125, 61.125, 3.352345021429597e-24, nan 
-93.875, 61.125, 4.281420358987388e-24, nan 
-93.625, 61.125, 2.772255629981269e-24, nan 
-93.375, 61.125, 1.5581250962664382e-24, nan 
-93.125, 61.125, 5.6059812996185026e-24, nan 
-92.875, 61.125, 5.314321422667317e-24, nan 
-92.625, 61.125, 3.51099190340303e-24, nan 
-92.375, 61.125, 4.3133003177164794e-24, nan 
-92.125, 61.125, 4.644200436340018e-24, nan 
-91.875, 61.125, 4.581442258947026e-24, nan 
-91.625, 61.125, 4.688356057353694e-24, nan 
-91.375, 61.125, 5.573866317865587e-24, nan 
-91.125, 61.125, 5.09289044883625e-24, nan 
-90.875, 61.125, 3.661735973921831e-24, nan 
-90.625, 61.125, 3.704129666922803e-24, nan 
-90.375, 61.125, 4.342518055020407e-24, nan 
-90.125, 61.125, 4.0345819921802325e-24, nan 
-89.875, 61.125, 4.026114537737715e-24, nan 
-89.625, 61.125, 4.974070991274808e-24, nan 
-89.375, 61.125, 5.585379408780571e-24, nan 
-89.125, 61.125, 5.479623755797402e-24, nan 
-88.875, 61.125, 5.101097674982627e-24, nan 
-88.625, 61.125, 4.7634595500898925e-24, nan 
-88.375, 61.125, 3.8735988026805946e-24, nan 
-88.125, 61.125, 4.2875705446856255e-24, nan 
-87.875, 61.125, 4.182081423632296e-24, nan 
-87.625, 61.125, 5.010612851487403e-24, nan 
-87.375, 61.125, 5.4187667492794095e-24, nan 
-87.125, 61.125, 4.8015950672039384e-24, nan 
-86.875, 61.125, 4.65353576462491e-24, nan 
-86.625, 61.125, 4.918381222987487e-24, nan 
-86.375, 61.125, 6.035236566348252e-24, nan 
-86.125, 61.125, 5.3734366974278825e-24, nan 
-85.875, 61.125, 5.366492390341433e-24, nan 
-85.625, 61.125, 6.222388959837926e-24, nan 
-85.375, 61.125, 6.336048714586977e-24, nan 
-85.125, 61.125, 6.782847411310995e-24, nan 
-84.875, 61.125, 6.778276106204088e-24, nan 
-84.625, 61.125, 7.277058184196821e-24, nan 
-84.375, 61.125, 7.673774573936495e-24, nan 
-84.125, 61.125, 7.187296627803775e-24, nan 
-83.875, 61.125, 7.178674070170395e-24, nan 
-83.625, 61.125, 7.665506578678597e-24, nan 
-83.375, 61.125, 8.502048182949441e-24, nan 
-83.125, 61.125, 8.074102506724558e-24, nan 
-82.875, 61.125, 7.118457550543993e-24, nan 
-82.625, 61.125, 6.692157820750554e-24, nan 
-82.375, 61.125, 7.293040884603182e-24, nan 
-82.125, 61.125, 6.285983837291406e-24, nan 
-81.875, 61.125, 4.198048667484089e-24, nan 
-81.625, 61.125, 8.547241275983365e-24, nan 
-81.375, 61.125, 1.143905693075277e-23, nan 
-81.125, 61.125, 1.0384069085485744e-23, nan 
-80.875, 61.125, 5.9268918441300065e-24, nan 
-80.625, 61.125, 7.91690411561958e-24, nan 
-80.375, 61.125, 9.159031961272895e-24, nan 
-80.125, 61.125, 1.1460005872401676e-23, nan 
-79.875, 61.125, 8.636802164975464e-24, nan 
-79.625, 61.125, 1.0442560537735004e-23, nan 
-79.375, 61.125, 1.1240696102771434e-23, nan 
-79.125, 61.125, 2.0967132878584357e-23, nan 
-78.875, 61.125, 1.335569632253287e-23, nan 
-78.625, 61.125, 8.846468686916332e-24, nan 
-78.375, 61.125, 1.2172871398816072e-23, nan 
-78.125, 61.125, 2.2102838893969256e-23, nan 
-77.875, 61.125, 1.0672654602156254e-23, nan 
-77.625, 61.125, 1.3702160552355943e-23, nan 
-77.375, 61.125, 1.121623347523707e-23, nan 
-77.125, 61.125, 7.429662871286653e-24, nan 
-76.875, 61.125, 7.622480869044175e-24, nan 
-76.625, 61.125, 6.818925793871565e-24, nan 
-76.375, 61.125, 7.441831116083601e-24, nan 
-76.125, 61.125, 8.854263066428203e-24, nan 
-75.875, 61.125, 8.27095933614447e-24, nan 
-75.625, 61.125, 8.308580146988675e-24, nan 
-75.375, 61.125, 7.441142581999343e-24, nan 
-75.125, 61.125, 8.053186086155811e-24, nan 
-74.875, 61.125, 8.485086595402235e-24, nan 
-74.625, 61.125, 7.211796765519892e-24, nan 
-74.375, 61.125, 7.471234743172046e-24, nan 
-74.125, 61.125, 8.92109578829931e-24, nan 
-73.875, 61.125, 8.618124785107883e-24, nan 
-73.625, 61.125, 5.785875528234907e-24, nan 
-73.375, 61.125, 6.726535553049347e-24, nan 
-73.125, 61.125, 1.0416667545431619e-23, nan 
-72.875, 61.125, 1.0800677618936564e-23, nan 
-72.625, 61.125, 1.0882684223221436e-23, nan 
-72.375, 61.125, 1.1007270499505404e-23, nan 
-72.125, 61.125, 1.2873682571278243e-23, nan 
-71.875, 61.125, 1.0366545138162108e-23, nan 
-71.625, 61.125, 8.6008971661512e-24, nan 
-71.375, 61.125, 1.0552103071105783e-23, nan 
-71.125, 61.125, 7.881485492129947e-24, nan 
-70.875, 61.125, 8.32450117058614e-24, nan 
-70.625, 61.125, 1.0191520961657368e-23, nan 
-70.375, 61.125, 9.422784219031455e-24, nan 
-70.125, 61.125, 1.0659576977302925e-23, nan 
-69.875, 61.125, 9.839475134256886e-24, nan 
-69.625, 61.125, 1.2598090604138052e-23, nan 
-69.375, 61.125, 1.291301713529879e-23, nan 
-69.125, 61.125, 9.329589249930071e-24, nan 
-68.875, 61.125, 1.1127732140910514e-23, nan 
-68.625, 61.125, 1.1244579237689934e-23, nan 
-68.375, 61.125, 1.1565374765880845e-23, nan 
-68.125, 61.125, 1.1858644812704063e-23, nan 
-67.875, 61.125, 1.0979216308127095e-23, nan 
-67.625, 61.125, 1.302866615814226e-23, nan 
-67.375, 61.125, 1.351232743307761e-23, nan 
-67.125, 61.125, 1.3624748626244808e-23, nan 
-66.875, 61.125, 1.6318049495162578e-23, nan 
-66.625, 61.125, 1.5213970565931857e-23, nan 
-66.375, 61.125, 1.327939773201346e-23, nan 
-66.125, 61.125, 1.0318247650287308e-23, nan 
-65.875, 61.125, 1.0497977844646913e-23, nan 
-65.625, 61.125, 1.045364534247819e-23, nan 
-65.375, 61.125, 1.1843626073657826e-23, nan 
-65.125, 61.125, 1.5689736644657478e-23, nan 
-64.875, 61.125, 1.4795250073113404e-23, nan 
-64.625, 61.125, 1.3794150519286663e-23, nan 
-64.375, 61.125, 1.5906808197024102e-23, nan 
-64.125, 61.125, 1.2991051356457534e-23, nan 
-63.875, 61.125, 1.3110256996893748e-23, nan 
-63.625, 61.125, 1.315789527731094e-23, nan 
-63.375, 61.125, 1.418036461977368e-23, nan 
-63.125, 61.125, 1.1476313735191412e-23, nan 
-62.875, 61.125, 1.0749570132425362e-23, nan 
-62.625, 61.125, 9.495086509447306e-24, nan 
-62.375, 61.125, 5.150221160574694e-24, nan 
-62.125, 61.125, 1.23706806549444e-23, nan 
-61.875, 61.125, 1.6979173241437164e-23, nan 
-61.625, 61.125, 1.5442890388575473e-23, nan 
-61.375, 61.125, 1.7361089146759895e-23, nan 
-61.125, 61.125, 1.7068439382415713e-23, nan 
-60.875, 61.125, 1.7161655721122508e-23, nan 
-60.625, 61.125, 1.9450725119781752e-23, nan 
-60.375, 61.125, 1.9956140953688888e-23, nan 
-60.125, 61.125, 3.181676537072423e-23, nan 
-59.875, 61.125, 2.4605538817595693e-23, nan 
-59.625, 61.125, 1.8151433492885993e-23, nan 
-59.375, 61.125, 1.7551204744553426e-23, nan 
-59.125, 61.125, 1.7343676016070182e-23, nan 
-58.875, 61.125, 1.5427616662793818e-23, nan 
-58.625, 61.125, 1.2978624153866226e-23, nan 
-58.375, 61.125, 1.0509484227310662e-23, nan 
-58.125, 61.125, 1.753512173908472e-23, nan 
-57.875, 61.125, 1.780080781598929e-23, nan 
-57.625, 61.125, 2.3066348432017728e-23, nan 
-57.375, 61.125, 1.9007939078304774e-23, nan 
-57.125, 61.125, 1.8538062480270345e-23, nan 
-56.875, 61.125, 1.9148059783319072e-23, nan 
-56.625, 61.125, 1.347788028829275e-23, nan 
-56.375, 61.125, 7.700066556629943e-24, nan 
-56.125, 61.125, 2.0144800230547438e-23, nan 
-55.875, 61.125, 1.627932789229408e-23, nan 
-55.625, 61.125, 1.209935633254154e-23, nan 
-55.375, 61.125, 9.483266738371716e-24, nan 
-55.125, 61.125, 1.6728245849473734e-23, nan 
-54.875, 61.125, 1.6641519282717003e-23, nan 
-54.625, 61.125, 5.771649067621796e-24, nan 
-54.375, 61.125, 1.2691673615488146e-23, nan 
-54.125, 61.125, 1.3873111932436944e-23, nan 
-53.875, 61.125, 1.6007721146321352e-23, nan 
-53.625, 61.125, 2.5557755243234788e-23, nan 
-53.375, 61.125, 3.050282819616025e-23, nan 
-53.125, 61.125, 1.6381870110089897e-23, nan 
-52.875, 61.125, 1.6274212191235805e-23, nan 
-52.625, 61.125, 1.8934537984978545e-23, nan 
-52.375, 61.125, 1.807528873532724e-23, nan 
-52.125, 61.125, 1.2055746305920738e-23, nan 
-51.875, 61.125, 1.9168383864207083e-23, nan 
-51.625, 61.125, 2.1345535773860883e-23, nan 
-51.375, 61.125, 1.4771607632078932e-23, nan 
-51.125, 61.125, 1.62511746872574e-23, nan 
-50.875, 61.125, 1.1149247623828963e-23, nan 
-50.625, 61.125, 1.5784428127056317e-23, nan 
-50.375, 61.125, 1.760068158249654e-23, nan 
-50.125, 61.125, 1.5253795407024171e-23, nan 
-49.875, 61.125, 2.2543545021284198e-23, nan 
-49.625, 61.125, 2.5616888379053043e-23, nan 
-49.375, 61.125, 1.6256831609880444e-23, nan 
-49.125, 61.125, 2.786402191709691e-23, nan 
-48.875, 61.125, 3.2116680711558724e-22, nan 
-48.625, 61.125, 6.763953904803807e-22, nan 
-48.375, 61.125, 7.183212133195849e-22, nan 
-48.125, 61.125, 1.6399671293341182e-22, nan 
-47.875, 61.125, 4.171358163604196e-23, nan 
-47.625, 61.125, 3.016676118579443e-23, nan 
-47.375, 61.125, 5.184225203030297e-23, nan 
-47.125, 61.125, 8.353966534385624e-23, nan 
-46.875, 61.125, 8.256136591185824e-23, nan 
-46.625, 61.125, 8.146357708707412e-23, nan 
-46.375, 61.125, 1.0570532891293798e-22, nan 
-46.125, 61.125, 4.924557292661623e-23, nan 
-45.875, 61.125, 6.593761143702945e-23, nan 
-45.625, 61.125, 6.713411184907807e-23, nan 
-45.375, 61.125, 3.439187960420291e-23, nan 
-45.125, 61.125, 2.76115602178386e-23, nan 
-44.875, 61.125, 2.782378654945756e-23, nan 
-44.625, 61.125, 3.497764151131464e-23, nan 
-44.375, 61.125, 2.6147016498101238e-23, nan 
-44.125, 61.125, 2.0100315362783523e-23, nan 
-43.875, 61.125, 2.4068421851137536e-23, nan 
-43.625, 61.125, 1.581903840332594e-23, nan 
-43.375, 61.125, 2.509841391816039e-23, nan 
-43.125, 61.125, 7.627469433123395e-24, nan 
-42.875, 61.125, 2.0849780802373559e-23, nan 
-42.625, 61.125, 1.716689363199676e-23, nan 
-42.375, 61.125, 1.8640482733658292e-23, nan 
-42.125, 61.125, 1.5949256885124708e-23, nan 
-41.875, 61.125, 5.260290519556344e-24, nan 
-41.625, 61.125, 2.4559038356395476e-23, nan 
-41.375, 61.125, 2.090886336889618e-23, nan 
-41.125, 61.125, 2.4910277629860056e-23, nan 
-40.875, 61.125, 2.6658924103831967e-23, nan 
-40.625, 61.125, 2.2396512647588392e-23, nan 
-40.375, 61.125, 2.748537243152049e-23, nan 
-40.125, 61.125, 2.45331126614338e-23, nan 
-39.875, 61.125, 2.0378832328107342e-23, nan 
-39.625, 61.125, 2.4968611789763196e-23, nan 
-39.375, 61.125, 3.060737553192287e-23, nan 
-39.125, 61.125, 1.723561912017831e-23, nan 
-38.875, 61.125, 1.8022021780413317e-23, nan 
-38.625, 61.125, 2.327537575777171e-23, nan 
-38.375, 61.125, 1.3715775688280608e-23, nan 
-38.125, 61.125, 2.3601037379376985e-23, nan 
-37.875, 61.125, 5.508183540066469e-23, nan 
-37.625, 61.125, 3.224223077215124e-23, nan 
-37.375, 61.125, 2.9246930303479755e-23, nan 
-37.125, 61.125, 8.073996209685175e-23, nan 
-36.875, 61.125, 3.863942911027811e-23, nan 
-36.625, 61.125, 1.7613704221737736e-23, nan 
-36.375, 61.125, 3.3782574561597076e-23, nan 
-36.125, 61.125, 2.3287797007233607e-23, nan 
-35.875, 61.125, 2.8899266308447985e-23, nan 
-35.625, 61.125, 3.9094567708442544e-23, nan 
-35.375, 61.125, 4.091280733996237e-23, nan 
-35.125, 61.125, 3.70179162018097e-23, nan 
-34.875, 61.125, 3.9532790575454364e-23, nan 
-34.625, 61.125, 3.4150751596404003e-23, nan 
-34.375, 61.125, 1.9664780262748953e-23, nan 
-34.125, 61.125, 1.7714261798015928e-23, nan 
-33.875, 61.125, 2.8692544279962384e-23, nan 
-33.625, 61.125, 5.181990577657178e-23, nan 
-33.375, 61.125, 5.082016519069302e-23, nan 
-33.125, 61.125, 4.4361791558823033e-23, nan 
-32.875, 61.125, 8.349967694310949e-23, nan 
-32.625, 61.125, 9.131669968641834e-23, nan 
-32.375, 61.125, 1.062060887271221e-23, nan 
-32.125, 61.125, 4.3765844169250894e-23, nan 
-31.875, 61.125, 4.970139905449655e-23, nan 
-31.625, 61.125, 4.7280201815131894e-23, nan 
-31.375, 61.125, 5.603724465398929e-23, nan 
-31.125, 61.125, 3.2775764503228374e-23, nan 
-30.875, 61.125, 7.097223389727422e-23, nan 
-30.625, 61.125, 7.303672435762582e-23, nan 
-30.375, 61.125, 3.559938590341834e-23, nan 
-30.125, 61.125, 4.241678492899285e-23, nan 
-29.875, 61.125, 4.236655485942252e-23, nan 
-29.625, 61.125, 4.738645295836975e-23, nan 
-29.375, 61.125, 6.381921590525926e-23, nan 
-29.125, 61.125, 5.949404732638585e-23, nan 
-28.875, 61.125, 3.8705750375862996e-23, nan 
-28.625, 61.125, 5.037368276055329e-23, nan 
-28.375, 61.125, 2.9880941531951496e-23, nan 
-28.125, 61.125, 1.7979845437216543e-23, nan 
-27.875, 61.125, 4.564446354011678e-23, nan 
-27.625, 61.125, 3.8001698549190387e-23, nan 
-27.375, 61.125, 4.785894952303764e-23, nan 
-27.125, 61.125, 5.831818979357084e-23, nan 
-26.875, 61.125, 8.33033447933579e-23, nan 
-26.625, 61.125, 1.5701645616023282e-22, nan 
-26.375, 61.125, 5.2105764665715605e-23, nan 
-26.125, 61.125, 7.322661706671085e-23, nan 
-25.875, 61.125, 9.529259240821601e-23, nan 
-25.625, 61.125, 8.776916916951685e-23, nan 
-25.375, 61.125, 1.0243109459308449e-22, nan 
-25.125, 61.125, 5.2926498051752856e-23, nan 
-24.875, 61.125, 5.0987027402761727e-23, nan 
-24.625, 61.125, 6.289428446073287e-23, nan 
-24.375, 61.125, 4.589497568817651e-23, nan 
-24.125, 61.125, 2.743588984436519e-23, nan 
-23.875, 61.125, 1.876741910385423e-23, nan 
-23.625, 61.125, 1.469216862463834e-23, nan 
-23.375, 61.125, 1.9130690120721811e-23, nan 
-23.125, 61.125, 1.728208320377348e-23, nan 
-22.875, 61.125, 2.3183181379735806e-23, nan 
-22.625, 61.125, 2.087739386922873e-23, nan 
-22.375, 61.125, 1.970618708303767e-23, nan 
-22.125, 61.125, 1.2947306298047199e-23, nan 
-21.875, 61.125, 1.5949018994398364e-23, nan 
-21.625, 61.125, 1.7745960406384416e-23, nan 
-21.375, 61.125, 2.396590248849471e-23, nan 
-21.125, 61.125, 1.886265680613801e-23, nan 
-20.875, 61.125, 1.8379883908034767e-23, nan 
-20.625, 61.125, 2.865967330093559e-23, nan 
-20.375, 61.125, 3.8818273372008983e-23, nan 
-20.125, 61.125, 1.672797149818418e-23, nan 
-19.875, 61.125, 2.7610866866575316e-23, nan 
-19.625, 61.125, 2.4173116066997452e-23, nan 
-19.375, 61.125, 1.2244921133731766e-23, nan 
-19.125, 61.125, 1.654564088775438e-23, nan 
-18.875, 61.125, 1.364837690823017e-23, nan 
-18.625, 61.125, 1.1157737874992003e-23, nan 
-18.375, 61.125, 1.2124163134795715e-23, nan 
-18.125, 61.125, 2.4869039422655105e-23, nan 
-17.875, 61.125, 3.0035854822414994e-23, nan 
-17.625, 61.125, 1.5938719954452884e-23, nan 
-17.375, 61.125, 6.452323410576004e-23, nan 
-17.125, 61.125, 7.660623413767335e-23, nan 
-16.875, 61.125, 1.747392156866235e-23, nan 
-16.625, 61.125, 2.3128499101108826e-23, nan 
-16.375, 61.125, 3.101153565315727e-23, nan 
-16.125, 61.125, 2.823379743594833e-23, nan 
-15.875, 61.125, 3.871714017595207e-23, nan 
-15.625, 61.125, 2.209434344971236e-23, nan 
-15.375, 61.125, 4.3284013737534095e-23, nan 
-15.125, 61.125, 5.442366403767718e-23, nan 
-14.875, 61.125, 2.362518622936974e-23, nan 
-14.625, 61.125, 6.65086952676178e-24, nan 
-14.375, 61.125, 2.9905233301344644e-23, nan 
-14.125, 61.125, 3.044988311342724e-23, nan 
-13.875, 61.125, 2.5521474838019435e-23, nan 
-13.625, 61.125, 2.489352841378225e-23, nan 
-13.375, 61.125, 2.5945239599240922e-23, nan 
-13.125, 61.125, 4.384017832590812e-23, nan 
-12.875, 61.125, 3.77807394725088e-23, nan 
-12.625, 61.125, 2.279162319863867e-23, nan 
-12.375, 61.125, 4.567849491725959e-23, nan 
-12.125, 61.125, 2.2051258594361616e-23, nan 
-11.875, 61.125, 1.668910037678344e-23, nan 
-11.625, 61.125, 2.051477308273028e-23, nan 
-11.375, 61.125, 3.87869383412556e-23, nan 
-11.125, 61.125, 2.4423142973914376e-23, nan 
-10.875, 61.125, 3.6305562254769203e-23, nan 
-10.625, 61.125, 7.143749587504633e-23, nan 
-10.375, 61.125, 4.879831976001847e-23, nan 
-10.125, 61.125, 3.0465699701869433e-23, nan 
-9.875, 61.125, 4.6127994927078305e-23, nan 
-9.625, 61.125, 3.8371231070571266e-23, nan 
-9.375, 61.125, 1.4316303641669373e-23, nan 
-9.125, 61.125, 2.5149940561122046e-23, nan 
-8.875, 61.125, 2.4073141949948205e-23, nan 
-8.625, 61.125, 1.4002542945166537e-23, nan 
-8.375, 61.125, 1.4817638027794767e-23, nan 
-8.125, 61.125, 1.670121245878334e-23, nan 
-7.875, 61.125, 3.473911265471309e-23, nan 
-7.625, 61.125, 2.508552739004097e-23, nan 
-7.375, 61.125, 4.151223015379421e-23, nan 
-7.125, 61.125, 4.390636201301129e-23, nan 
-6.875, 61.125, 3.199418284779019e-23, nan 
-6.625, 61.125, 3.931063217622246e-23, nan 
-6.375, 61.125, 4.2261018909184063e-23, nan 
-6.125, 61.125, 3.7125768826181394e-23, nan 
-5.875, 61.125, 7.445148803644652e-23, nan 
-5.625, 61.125, 5.2803969060022546e-23, nan 
-5.375, 61.125, 1.1748196489479436e-23, nan 
-5.125, 61.125, 2.7397131254853424e-23, nan 
-4.875, 61.125, 1.7951790020037947e-23, nan 
-4.625, 61.125, 2.1954948561956047e-23, nan 
-4.375, 61.125, 2.068490241160554e-23, nan 
-4.125, 61.125, 2.3298993699504474e-23, nan 
-3.875, 61.125, 1.6009935916282836e-23, nan 
-3.625, 61.125, 9.706796255628615e-24, nan 
-3.375, 61.125, 8.797402057472993e-24, nan 
-3.125, 61.125, 1.1746541803353546e-23, nan 
-2.875, 61.125, 4.4181183584759337e-23, nan 
-2.625, 61.125, 4.2806734876177937e-23, nan 
-2.375, 61.125, 4.105920471834732e-23, nan 
-2.125, 61.125, 5.83920286147262e-23, nan 
-1.875, 61.125, 4.786469440401691e-23, nan 
-1.625, 61.125, 5.310651076108721e-23, nan 
-1.375, 61.125, 1.9937494085719296e-23, nan 
-1.125, 61.125, 1.9746735755023073e-23, nan 
-0.875, 61.125, 3.430328208727229e-23, nan 
-0.625, 61.125, 2.151395914653735e-23, nan 
-0.375, 61.125, 3.103382188860078e-23, nan 
-0.125, 61.125, 4.089720523768467e-23, nan 
0.125, 61.125, 3.518300050002606e-23, nan 
0.375, 61.125, 3.403651354438677e-23, nan 
0.625, 61.125, 4.781278822834949e-23, nan 
0.875, 61.125, 1.5949410753777906e-23, nan 
1.125, 61.125, 3.4800262932309473e-23, nan 
1.375, 61.125, 5.465877679862366e-23, nan 
1.625, 61.125, 5.796226361534722e-23, nan 
1.875, 61.125, 5.410880061065808e-23, nan 
2.125, 61.125, 3.427971887705197e-23, nan 
2.375, 61.125, 2.0333723172648154e-23, nan 
2.625, 61.125, 9.53234362457878e-24, nan 
2.875, 61.125, 8.831965485493542e-24, nan 
3.125, 61.125, 1.4418931610663005e-23, nan 
3.375, 61.125, 1.8808285810820177e-23, nan 
3.625, 61.125, 1.818968474725589e-23, nan 
3.875, 61.125, 2.3955311416114285e-23, nan 
4.125, 61.125, 2.720596048604694e-23, nan 
4.375, 61.125, 1.7109820163789514e-23, nan 
4.625, 61.125, 1.755035051050652e-23, nan 
4.875, 61.125, 3.0399966952072454e-23, nan 
5.125, 61.125, 1.398426992467998e-23, nan 
5.375, 61.125, 8.488525350869203e-24, nan 
5.625, 61.125, 1.8714911753250017e-23, nan 
5.875, 61.125, 1.3708140902983996e-23, nan 
6.125, 61.125, 2.40250206916272e-23, nan 
6.375, 61.125, 2.4545034131003e-23, nan 
6.625, 61.125, 1.2747193681172383e-23, nan 
6.875, 61.125, 1.765890532684708e-23, nan 
7.125, 61.125, 1.4041454240912e-23, nan 
7.375, 61.125, 2.5444808415099363e-23, nan 
7.625, 61.125, 4.938286183321779e-23, nan 
7.875, 61.125, 4.249540846889112e-23, nan 
8.125, 61.125, 3.28501949305754e-23, nan 
8.375, 61.125, 3.123721224856e-23, nan 
8.625, 61.125, 3.979448058387651e-23, nan 
8.875, 61.125, 3.8189801924866e-23, nan 
9.125, 61.125, 3.883802429071084e-23, nan 
9.375, 61.125, 2.472643280810807e-23, nan 
9.625, 61.125, 2.733479333153018e-23, nan 
9.875, 61.125, 1.8147153651563544e-23, nan 
10.125, 61.125, 3.455608099943482e-23, nan 
10.375, 61.125, 5.666726303052564e-23, nan 
10.625, 61.125, 2.2535389922796078e-23, nan 
10.875, 61.125, 2.012132412635787e-23, nan 
11.125, 61.125, 2.4198514208309576e-23, nan 
11.375, 61.125, 1.3026676119638215e-23, nan 
11.625, 61.125, 1.9173712989040508e-23, nan 
11.875, 61.125, 2.2158893827345815e-23, nan 
12.125, 61.125, 2.952667935195873e-23, nan 
12.375, 61.125, 2.46814773245062e-23, nan 
12.625, 61.125, 2.0371180518114548e-23, nan 
12.875, 61.125, 3.732683837684573e-23, nan 
13.125, 61.125, 3.3995113348581615e-23, nan 
13.375, 61.125, 2.4750388588975017e-23, nan 
13.625, 61.125, 3.209765988947197e-23, nan 
13.875, 61.125, 3.5400239339726996e-23, nan 
14.125, 61.125, 3.6886228561898495e-23, nan 
14.375, 61.125, 3.3381914804940414e-23, nan 
14.625, 61.125, 1.646211199083546e-23, nan 
14.875, 61.125, 9.123738951208562e-24, nan 
15.125, 61.125, 7.903461037120686e-24, nan 
15.375, 61.125, 1.0054333030483197e-23, nan 
15.625, 61.125, 7.704267417670341e-24, nan 
15.875, 61.125, 7.446597655210405e-24, nan 
16.125, 61.125, 9.892021496032075e-24, nan 
16.375, 61.125, 9.641948984145603e-24, nan 
16.625, 61.125, 1.4641062618791872e-23, nan 
16.875, 61.125, 1.2587727923819188e-23, nan 
17.125, 61.125, 1.0076199067570847e-23, nan 
17.375, 61.125, 1.2433393088651523e-23, nan 
17.625, 61.125, 1.1873919073377077e-23, nan 
17.875, 61.125, 1.1660330184035206e-23, nan 
18.125, 61.125, 8.951236728773244e-24, nan 
18.375, 61.125, 7.819099926716297e-24, nan 
18.625, 61.125, 6.0225488669956045e-24, nan 
18.875, 61.125, 1.1563826051893088e-23, nan 
19.125, 61.125, 5.9876343407766096e-24, nan 
19.375, 61.125, 8.022555190066546e-24, nan 
19.625, 61.125, 4.5430197739174254e-24, nan 
19.875, 61.125, 7.132732188817625e-24, nan 
20.125, 61.125, 1.7922029831450882e-23, nan 
20.375, 61.125, 1.8471897659214888e-23, nan 
20.625, 61.125, 8.363422311188831e-24, nan 
20.875, 61.125, 1.118528282737142e-23, nan 
21.125, 61.125, 1.1005357851014937e-23, nan 
21.375, 61.125, 1.1601394749209581e-23, nan 
21.625, 61.125, 1.7777758894243935e-23, nan 
21.875, 61.125, 2.044608807855466e-23, nan 
22.125, 61.125, 1.7113523982103376e-23, nan 
22.375, 61.125, 6.268748817125439e-24, nan 
22.625, 61.125, 1.7512036612457582e-23, nan 
22.875, 61.125, 2.0817150148988654e-23, nan 
23.125, 61.125, 1.0474108031289792e-23, nan 
23.375, 61.125, 1.4669030513428787e-23, nan 
23.625, 61.125, 1.7989907782636456e-23, nan 
23.875, 61.125, 9.829402132540465e-24, nan 
24.125, 61.125, 1.1425109477914578e-23, nan 
24.375, 61.125, 1.2568498534945572e-23, nan 
24.625, 61.125, 1.5953594963104873e-23, nan 
24.875, 61.125, 1.198556750009515e-23, nan 
25.125, 61.125, 8.620200986212927e-24, nan 
25.375, 61.125, 9.076051751260785e-24, nan 
25.625, 61.125, 1.1914095257894817e-23, nan 
25.875, 61.125, 3.82156124879453e-24, nan 
26.125, 61.125, 6.047977526788893e-24, nan 
26.375, 61.125, 5.986757082004179e-24, nan 
26.625, 61.125, 5.696223659826266e-24, nan 
26.875, 61.125, 4.3613349179033e-24, nan 
27.125, 61.125, 5.715023182459204e-24, nan 
27.375, 61.125, 6.445061652191766e-24, nan 
27.625, 61.125, 4.787564520147344e-24, nan 
27.875, 61.125, 7.490319947315297e-24, nan 
28.125, 61.125, 7.363037091941138e-24, nan 
28.375, 61.125, 4.450917150020415e-24, nan 
28.625, 61.125, 5.1023969427675416e-24, nan 
28.875, 61.125, 4.199800768084893e-24, nan 
29.125, 61.125, 7.418577331545217e-24, nan 
29.375, 61.125, 7.357338055108715e-24, nan 
29.625, 61.125, 3.863666122073275e-24, nan 
29.875, 61.125, 6.008556421926334e-24, nan 
30.125, 61.125, 6.5523866830281754e-24, nan 
30.375, 61.125, 4.019416052566632e-24, nan 
30.625, 61.125, 5.0338252659147e-24, nan 
30.875, 61.125, 1.017267732434935e-23, nan 
31.125, 61.125, 1.3528492284911158e-23, nan 
31.375, 61.125, 7.381913316491016e-24, nan 
31.625, 61.125, 4.780800991912686e-24, nan 
31.875, 61.125, 8.682570772711647e-24, nan 
32.125, 61.125, 5.000016932469925e-24, nan 
32.375, 61.125, 3.652143292605615e-24, nan 
32.625, 61.125, 4.123179386109433e-24, nan 
32.875, 61.125, 7.514083114890038e-24, nan 
33.125, 61.125, 1.0245863945728924e-23, nan 
33.375, 61.125, 7.780665928851864e-24, nan 
33.625, 61.125, 4.8655036575127685e-24, nan 
33.875, 61.125, 5.3945140453823635e-24, nan 
34.125, 61.125, 6.612600079223843e-24, nan 
34.375, 61.125, 5.758177031295571e-24, nan 
34.625, 61.125, 6.5071139712959845e-24, nan 
34.875, 61.125, 6.156201564804372e-24, nan 
35.125, 61.125, 5.7127121734483624e-24, nan 
35.375, 61.125, 7.210197113705572e-24, nan 
35.625, 61.125, 4.9192314089668456e-24, nan 
35.875, 61.125, 4.781825992038777e-24, nan 
-109.125, 61.375, 2.4820520471377554e-24, nan 
-108.875, 61.375, 2.2541496081709467e-24, nan 
-108.625, 61.375, 2.2710848364837527e-24, nan 
-108.375, 61.375, 1.4425560770611746e-24, nan 
-108.125, 61.375, 2.2383299509026644e-24, nan 
-107.875, 61.375, 2.0551247121298874e-24, nan 
-107.625, 61.375, 2.243555922592327e-24, nan 
-107.375, 61.375, 2.3297091920992714e-24, nan 
-107.125, 61.375, 1.971429963475446e-24, nan 
-106.875, 61.375, 3.011216508011803e-24, nan 
-106.625, 61.375, 3.2189657109654473e-24, nan 
-106.375, 61.375, 3.2428740504445878e-24, nan 
-106.125, 61.375, 3.334376272863921e-24, nan 
-105.875, 61.375, 2.973788470308751e-24, nan 
-105.625, 61.375, 2.971702447469808e-24, nan 
-105.375, 61.375, 3.0355203463524894e-24, nan 
-105.125, 61.375, 3.424760183689085e-24, nan 
-104.875, 61.375, 3.0011430774022287e-24, nan 
-104.625, 61.375, 2.9911981282372643e-24, nan 
-104.375, 61.375, 3.778383417864316e-24, nan 
-104.125, 61.375, 3.611866866190663e-24, nan 
-103.875, 61.375, 3.286121851150958e-24, nan 
-103.625, 61.375, 4.5374719327485495e-24, nan 
-103.375, 61.375, 3.999301132462262e-24, nan 
-103.125, 61.375, 3.7759462577710054e-24, nan 
-102.875, 61.375, 3.872839828803794e-24, nan 
-102.625, 61.375, 5.442443647575918e-24, nan 
-102.375, 61.375, 5.8150754324517396e-24, nan 
-102.125, 61.375, 5.890212221495985e-24, nan 
-101.875, 61.375, 6.360091299215406e-24, nan 
-101.625, 61.375, 6.90124047667069e-24, nan 
-101.375, 61.375, 6.70096748190281e-24, nan 
-101.125, 61.375, 6.703619256964534e-24, nan 
-100.875, 61.375, 5.734110203161986e-24, nan 
-100.625, 61.375, 5.615991342975098e-24, nan 
-100.375, 61.375, 5.242760014399839e-24, nan 
-100.125, 61.375, 4.882698152802898e-24, nan 
-99.875, 61.375, 4.699057815077523e-24, nan 
-99.625, 61.375, 5.395932752824308e-24, nan 
-99.375, 61.375, 4.7740183021552296e-24, nan 
-99.125, 61.375, 4.1993673114001494e-24, nan 
-98.875, 61.375, 3.2920753639465406e-24, nan 
-98.625, 61.375, 2.2348884571221706e-24, nan 
-98.375, 61.375, 3.868541300510759e-24, nan 
-98.125, 61.375, 3.9006258885714e-24, nan 
-97.875, 61.375, 4.076917705878013e-24, nan 
-97.625, 61.375, 4.4665357501102266e-24, nan 
-97.375, 61.375, 5.034909161950335e-24, nan 
-97.125, 61.375, 5.084910134880008e-24, nan 
-96.875, 61.375, 3.694921692234106e-24, nan 
-96.625, 61.375, 4.2165015363313215e-24, nan 
-96.375, 61.375, 4.5042457468198825e-24, nan 
-96.125, 61.375, 4.6940240929700855e-24, nan 
-95.875, 61.375, 3.729711586178947e-24, nan 
-95.625, 61.375, 4.584962701318502e-24, nan 
-95.375, 61.375, 3.8305452789179495e-24, nan 
-95.125, 61.375, 3.6313508593238815e-24, nan 
-94.875, 61.375, 3.490583604667369e-24, nan 
-94.625, 61.375, 3.331754158964721e-24, nan 
-94.375, 61.375, 3.1051410913988848e-24, nan 
-94.125, 61.375, 3.3560763889421335e-24, nan 
-93.875, 61.375, 2.7482907152369648e-24, nan 
-93.625, 61.375, 2.9949143441211612e-24, nan 
-93.375, 61.375, 4.9363396050028074e-24, nan 
-93.125, 61.375, 2.5403103901121005e-24, nan 
-92.875, 61.375, 4.7905194489905565e-24, nan 
-92.625, 61.375, 5.047135483760143e-24, nan 
-92.375, 61.375, 3.690230774925534e-24, nan 
-92.125, 61.375, 5.583712094731051e-24, nan 
-91.875, 61.375, 4.4487170032608776e-24, nan 
-91.625, 61.375, 4.558974431607895e-24, nan 
-91.375, 61.375, 6.399514583172846e-24, nan 
-91.125, 61.375, 5.477314676339991e-24, nan 
-90.875, 61.375, 6.11452892979702e-24, nan 
-90.625, 61.375, 1.1239607266339624e-23, nan 
-90.375, 61.375, 8.227051731938394e-24, nan 
-90.125, 61.375, 7.581247495179293e-24, nan 
-89.875, 61.375, 9.320415632852039e-24, nan 
-89.625, 61.375, 8.520642514487442e-24, nan 
-89.375, 61.375, 6.825413125619394e-24, nan 
-89.125, 61.375, 6.763150016557085e-24, nan 
-88.875, 61.375, 5.1151263618503255e-24, nan 
-88.625, 61.375, 4.50059102054203e-24, nan 
-88.375, 61.375, 4.748501171701158e-24, nan 
-88.125, 61.375, 4.995143410146394e-24, nan 
-87.875, 61.375, 6.1158302549733665e-24, nan 
-87.625, 61.375, 6.1907779316318576e-24, nan 
-87.375, 61.375, 5.954546421303587e-24, nan 
-87.125, 61.375, 6.788484019099491e-24, nan 
-86.875, 61.375, 6.257503261334211e-24, nan 
-86.625, 61.375, 6.595900956494103e-24, nan 
-86.375, 61.375, 8.086015912342022e-24, nan 
-86.125, 61.375, 7.430244593915094e-24, nan 
-85.875, 61.375, 6.986665217934666e-24, nan 
-85.625, 61.375, 6.369910664240163e-24, nan 
-85.375, 61.375, 7.462121315382878e-24, nan 
-85.125, 61.375, 7.355667386990659e-24, nan 
-84.875, 61.375, 6.613361228777577e-24, nan 
-84.625, 61.375, 6.88271385443166e-24, nan 
-84.375, 61.375, 7.113718336923535e-24, nan 
-84.125, 61.375, 8.022979018771277e-24, nan 
-83.875, 61.375, 7.410812380933702e-24, nan 
-83.625, 61.375, 7.461006816624674e-24, nan 
-83.375, 61.375, 8.086672171133968e-24, nan 
-83.125, 61.375, 8.161601845945398e-24, nan 
-82.875, 61.375, 7.706707917669765e-24, nan 
-82.625, 61.375, 6.456974103730966e-24, nan 
-82.375, 61.375, 7.677133179461006e-24, nan 
-82.125, 61.375, 7.763981838067925e-24, nan 
-81.875, 61.375, 7.252305955509759e-24, nan 
-81.625, 61.375, 6.581842445187731e-24, nan 
-81.375, 61.375, 8.377735182898799e-24, nan 
-81.125, 61.375, 9.819124290924503e-24, nan 
-80.875, 61.375, 9.980446464661292e-24, nan 
-80.625, 61.375, 8.374533304653254e-24, nan 
-80.375, 61.375, 1.377728260085464e-23, nan 
-80.125, 61.375, 2.4353925132202374e-23, nan 
-79.875, 61.375, 1.3471815922621134e-23, nan 
-79.625, 61.375, 1.619827500878688e-23, nan 
-79.375, 61.375, 1.8177239899827632e-23, nan 
-79.125, 61.375, 1.2219231395664564e-23, nan 
-78.875, 61.375, 1.1533404664601515e-23, nan 
-78.625, 61.375, 1.0907132024357645e-23, nan 
-78.375, 61.375, 1.5539514958032527e-23, nan 
-78.125, 61.375, 1.1677632285895891e-23, nan 
-77.875, 61.375, 7.803355197102024e-24, nan 
-77.625, 61.375, 1.03357895484499e-23, nan 
-77.375, 61.375, 8.870238310538723e-24, nan 
-77.125, 61.375, 7.06892261530367e-24, nan 
-76.875, 61.375, 7.744863965388703e-24, nan 
-76.625, 61.375, 7.273645353909577e-24, nan 
-76.375, 61.375, 7.780487794415913e-24, nan 
-76.125, 61.375, 8.470768306043116e-24, nan 
-75.875, 61.375, 9.204165361683518e-24, nan 
-75.625, 61.375, 7.183217137549718e-24, nan 
-75.375, 61.375, 7.084850635948908e-24, nan 
-75.125, 61.375, 7.051742614684798e-24, nan 
-74.875, 61.375, 9.083144984626242e-24, nan 
-74.625, 61.375, 8.75961324059327e-24, nan 
-74.375, 61.375, 7.258677545459955e-24, nan 
-74.125, 61.375, 1.0490777377861407e-23, nan 
-73.875, 61.375, 1.109021210667237e-23, nan 
-73.625, 61.375, 9.844107999785717e-24, nan 
-73.375, 61.375, 9.557625084535171e-24, nan 
-73.125, 61.375, 1.0102693342980005e-23, nan 
-72.875, 61.375, 1.1565491688763515e-23, nan 
-72.625, 61.375, 1.3797228451521157e-23, nan 
-72.375, 61.375, 1.2020790595055271e-23, nan 
-72.125, 61.375, 1.1496548361664484e-23, nan 
-71.875, 61.375, 1.0183057555538078e-23, nan 
-71.625, 61.375, 8.241265172619202e-24, nan 
-71.375, 61.375, 7.960117698028736e-24, nan 
-71.125, 61.375, 8.526276377955006e-24, nan 
-70.875, 61.375, 1.2990085093288186e-23, nan 
-70.625, 61.375, 1.2034310943993309e-23, nan 
-70.375, 61.375, 1.404158274009543e-23, nan 
-70.125, 61.375, 1.2843743685537191e-23, nan 
-69.875, 61.375, 1.2874847476622073e-23, nan 
-69.625, 61.375, 1.237236696160398e-23, nan 
-69.375, 61.375, 1.2305903081526307e-23, nan 
-69.125, 61.375, 1.2672531891776256e-23, nan 
-68.875, 61.375, 1.3897426994189105e-23, nan 
-68.625, 61.375, 1.234108156094669e-23, nan 
-68.375, 61.375, 1.3087149961315484e-23, nan 
-68.125, 61.375, 1.4005925922349338e-23, nan 
-67.875, 61.375, 1.2104555980307422e-23, nan 
-67.625, 61.375, 1.431374937304667e-23, nan 
-67.375, 61.375, 1.5486209969210998e-23, nan 
-67.125, 61.375, 1.4404149293432152e-23, nan 
-66.875, 61.375, 1.4089255892647565e-23, nan 
-66.625, 61.375, 1.1992810347117166e-23, nan 
-66.375, 61.375, 9.867722497736074e-24, nan 
-66.125, 61.375, 1.1440381222853403e-23, nan 
-65.875, 61.375, 1.1862023788779815e-23, nan 
-65.625, 61.375, 1.316985117081136e-23, nan 
-65.375, 61.375, 1.2883357148029987e-23, nan 
-65.125, 61.375, 1.2929129214685051e-23, nan 
-64.875, 61.375, 1.3657106176750048e-23, nan 
-64.625, 61.375, 1.2908338504130545e-23, nan 
-64.375, 61.375, 1.4078187946557563e-23, nan 
-64.125, 61.375, 1.303070739170562e-23, nan 
-63.875, 61.375, 1.2341416291862544e-23, nan 
-63.625, 61.375, 1.3881872819724885e-23, nan 
-63.375, 61.375, 1.378774414078763e-23, nan 
-63.125, 61.375, 1.1419546384497078e-23, nan 
-62.875, 61.375, 9.03175408325466e-24, nan 
-62.625, 61.375, 1.8446379926681144e-23, nan 
-62.375, 61.375, 2.542468254624787e-23, nan 
-62.125, 61.375, 1.8106103067078843e-23, nan 
-61.875, 61.375, 2.0379284414492155e-23, nan 
-61.625, 61.375, 2.0670887173145745e-23, nan 
-61.375, 61.375, 1.8566582040023598e-23, nan 
-61.125, 61.375, 1.7790252512500634e-23, nan 
-60.875, 61.375, 1.5342856388070287e-23, nan 
-60.625, 61.375, 1.8529058415850857e-23, nan 
-60.375, 61.375, 1.4154495429121178e-23, nan 
-60.125, 61.375, 1.4178004477064143e-23, nan 
-59.875, 61.375, 1.7651428173456722e-23, nan 
-59.625, 61.375, 1.9568038019033158e-23, nan 
-59.375, 61.375, 1.9330836070257157e-23, nan 
-59.125, 61.375, 1.941870135542639e-23, nan 
-58.875, 61.375, 1.75168105153333e-23, nan 
-58.625, 61.375, 1.5758127151394562e-23, nan 
-58.375, 61.375, 1.58924805117335e-23, nan 
-58.125, 61.375, 1.8180421746161038e-23, nan 
-57.875, 61.375, 2.024141945395362e-23, nan 
-57.625, 61.375, 2.3889638831496886e-23, nan 
-57.375, 61.375, 2.0453226328398023e-23, nan 
-57.125, 61.375, 1.7427457018827668e-23, nan 
-56.875, 61.375, 1.7720347255404706e-23, nan 
-56.625, 61.375, 1.762487967561354e-23, nan 
-56.375, 61.375, 6.580593346914696e-24, nan 
-56.125, 61.375, 3.362213266148079e-23, nan 
-55.875, 61.375, 2.5074294953561906e-23, nan 
-55.625, 61.375, 1.7492899905038484e-23, nan 
-55.375, 61.375, 2.5825342733115193e-23, nan 
-55.125, 61.375, 2.043242579344971e-23, nan 
-54.875, 61.375, 1.4336758924716737e-23, nan 
-54.625, 61.375, 5.429868006223057e-24, nan 
-54.375, 61.375, 1.6190733113853535e-23, nan 
-54.125, 61.375, 1.764977924688323e-23, nan 
-53.875, 61.375, 1.6527050560362683e-23, nan 
-53.625, 61.375, 2.1979053950232478e-23, nan 
-53.375, 61.375, 2.785032211853097e-23, nan 
-53.125, 61.375, 2.3809599894791573e-23, nan 
-52.875, 61.375, 7.490647647766803e-24, nan 
-52.625, 61.375, 1.7871135862562533e-23, nan 
-52.375, 61.375, 1.1404332944952925e-23, nan 
-52.125, 61.375, 3.4553476969371004e-22, nan 
-51.875, 61.375, 3.9203611441435114e-22, nan 
-51.625, 61.375, 2.5603597889346943e-23, nan 
-51.375, 61.375, 1.59521219694209e-23, nan 
-51.125, 61.375, 2.0174644053856268e-23, nan 
-50.875, 61.375, 2.810155446769976e-23, nan 
-50.625, 61.375, 3.017291137953668e-23, nan 
-50.375, 61.375, 7.172753068661651e-23, nan 
-50.125, 61.375, 4.226851058851275e-23, nan 
-49.875, 61.375, 2.6135556453303912e-23, nan 
-49.625, 61.375, 2.1182463455787506e-22, nan 
-49.375, 61.375, 5.082478833707652e-22, nan 
-49.125, 61.375, 5.32969499735152e-22, nan 
-48.875, 61.375, 5.815897822495393e-22, nan 
-48.625, 61.375, 1.3033971323803981e-21, nan 
-48.375, 61.375, 1.3556087649653238e-21, nan 
-48.125, 61.375, 2.9131783425711695e-22, nan 
-47.875, 61.375, 5.531039713541112e-22, nan 
-47.625, 61.375, 5.6272703821625085e-22, nan 
-47.375, 61.375, 7.00840126319587e-23, nan 
-47.125, 61.375, 5.638945383804945e-23, nan 
-46.875, 61.375, 1.0898014361376693e-22, nan 
-46.625, 61.375, 7.410078117520146e-23, nan 
-46.375, 61.375, 9.125666760530485e-23, nan 
-46.125, 61.375, 7.013460942470545e-23, nan 
-45.875, 61.375, 3.8900892551850994e-23, nan 
-45.625, 61.375, 2.8729536518717255e-23, nan 
-45.375, 61.375, 2.531510461357853e-23, nan 
-45.125, 61.375, 2.311525606988214e-23, nan 
-44.875, 61.375, 2.3264974620064976e-23, nan 
-44.625, 61.375, 3.818658580736258e-23, nan 
-44.375, 61.375, 3.2131512135307883e-23, nan 
-44.125, 61.375, 1.863332081384145e-23, nan 
-43.875, 61.375, 1.3486773385749674e-23, nan 
-43.625, 61.375, 1.746549002335639e-23, nan 
-43.375, 61.375, 4.643644162479969e-24, nan 
-43.125, 61.375, 1.571632533780074e-23, nan 
-42.875, 61.375, 2.1998574825043912e-23, nan 
-42.625, 61.375, 2.547560714203449e-23, nan 
-42.375, 61.375, 2.2119105602823403e-23, nan 
-42.125, 61.375, 1.0084823621739387e-23, nan 
-41.875, 61.375, 1.0627437023285304e-23, nan 
-41.625, 61.375, 3.101312763991266e-23, nan 
-41.375, 61.375, 2.3015358022890027e-23, nan 
-41.125, 61.375, 2.756603154550869e-23, nan 
-40.875, 61.375, 2.7989278915875225e-23, nan 
-40.625, 61.375, 2.6049419717977947e-23, nan 
-40.375, 61.375, 2.8998109083470155e-23, nan 
-40.125, 61.375, 3.6165032936788797e-23, nan 
-39.875, 61.375, 4.0755434813066283e-23, nan 
-39.625, 61.375, 2.746406765350316e-23, nan 
-39.375, 61.375, 2.7902267433235246e-23, nan 
-39.125, 61.375, 2.8696856287028765e-23, nan 
-38.875, 61.375, 1.6003533440331923e-23, nan 
-38.625, 61.375, 2.780245824389406e-23, nan 
-38.375, 61.375, 1.715659833805624e-23, nan 
-38.125, 61.375, 1.7764746190766717e-23, nan 
-37.875, 61.375, 3.116637968338414e-23, nan 
-37.625, 61.375, 2.7001823045220846e-23, nan 
-37.375, 61.375, 2.667431481040014e-23, nan 
-37.125, 61.375, 5.421082198347275e-23, nan 
-36.875, 61.375, 3.565814752908805e-23, nan 
-36.625, 61.375, 3.4349251649107873e-23, nan 
-36.375, 61.375, 3.625394837714038e-23, nan 
-36.125, 61.375, 3.509432164196898e-23, nan 
-35.875, 61.375, 3.603141563490755e-23, nan 
-35.625, 61.375, 4.15931222960898e-23, nan 
-35.375, 61.375, 4.240414062874786e-23, nan 
-35.125, 61.375, 3.5025896621291074e-23, nan 
-34.875, 61.375, 2.2986699626854664e-23, nan 
-34.625, 61.375, 1.517761598464307e-23, nan 
-34.375, 61.375, 8.713909690303637e-24, nan 
-34.125, 61.375, 4.789512175616524e-24, nan 
-33.875, 61.375, 1.1040214502474734e-23, nan 
-33.625, 61.375, 9.836931010039412e-24, nan 
-33.375, 61.375, 1.6215556898681932e-23, nan 
-33.125, 61.375, 4.991305098027723e-23, nan 
-32.875, 61.375, 6.462772198659919e-23, nan 
-32.625, 61.375, 7.199984256340263e-23, nan 
-32.375, 61.375, 4.388930425923015e-23, nan 
-32.125, 61.375, 3.5215980296559773e-23, nan 
-31.875, 61.375, 3.3942574887744766e-23, nan 
-31.625, 61.375, 4.3850881005659156e-23, nan 
-31.375, 61.375, 5.326512209560925e-23, nan 
-31.125, 61.375, 3.3932640848218076e-23, nan 
-30.875, 61.375, 7.48040601203265e-23, nan 
-30.625, 61.375, 7.870306811247456e-23, nan 
-30.375, 61.375, 5.555392058456232e-23, nan 
-30.125, 61.375, 7.839648604255613e-23, nan 
-29.875, 61.375, 9.09929299520484e-23, nan 
-29.625, 61.375, 8.121577627608728e-23, nan 
-29.375, 61.375, 5.568586470563187e-23, nan 
-29.125, 61.375, 9.132160857771606e-23, nan 
-28.875, 61.375, 3.7738372344215443e-23, nan 
-28.625, 61.375, 4.61449753315002e-23, nan 
-28.375, 61.375, 5.966766265686877e-23, nan 
-28.125, 61.375, 4.197768401896295e-23, nan 
-27.875, 61.375, 5.089479712031144e-23, nan 
-27.625, 61.375, 4.901954484043871e-23, nan 
-27.375, 61.375, 3.662585011142455e-23, nan 
-27.125, 61.375, 4.8254669888447527e-23, nan 
-26.875, 61.375, 6.08812760015764e-23, nan 
-26.625, 61.375, 1.2224931960099688e-22, nan 
-26.375, 61.375, 3.672834880828207e-23, nan 
-26.125, 61.375, 4.2261629037345357e-23, nan 
-25.875, 61.375, 4.169277446773576e-23, nan 
-25.625, 61.375, 6.021087751481765e-23, nan 
-25.375, 61.375, 8.185779141083252e-23, nan 
-25.125, 61.375, 4.039936652534833e-23, nan 
-24.875, 61.375, 2.56118027099539e-23, nan 
-24.625, 61.375, 2.588887048325122e-23, nan 
-24.375, 61.375, 2.798409132617556e-23, nan 
-24.125, 61.375, 1.6678434446633727e-23, nan 
-23.875, 61.375, 1.1670804486902259e-23, nan 
-23.625, 61.375, 1.772710845761572e-23, nan 
-23.375, 61.375, 2.495653352793437e-23, nan 
-23.125, 61.375, 2.8460790265588666e-23, nan 
-22.875, 61.375, 1.6721412462245858e-23, nan 
-22.625, 61.375, 2.932614466172422e-23, nan 
-22.375, 61.375, 3.485149290593922e-23, nan 
-22.125, 61.375, 1.937462535209296e-23, nan 
-21.875, 61.375, 2.7659702272110193e-23, nan 
-21.625, 61.375, 2.3508426129868102e-23, nan 
-21.375, 61.375, 3.355313094177299e-23, nan 
-21.125, 61.375, 3.6797454394068904e-23, nan 
-20.875, 61.375, 2.103371705894036e-23, nan 
-20.625, 61.375, 4.002609951628381e-23, nan 
-20.375, 61.375, 7.852502202250037e-23, nan 
-20.125, 61.375, 3.248337190448025e-23, nan 
-19.875, 61.375, 4.325968454836943e-23, nan 
-19.625, 61.375, 3.8285221629991155e-23, nan 
-19.375, 61.375, 2.197308506261475e-23, nan 
-19.125, 61.375, 2.1680776047547746e-23, nan 
-18.875, 61.375, 1.9834127739631145e-23, nan 
-18.625, 61.375, 1.2492238783950572e-23, nan 
-18.375, 61.375, 1.0401925657355695e-23, nan 
-18.125, 61.375, 1.0529457662902256e-23, nan 
-17.875, 61.375, 3.954979649652502e-24, nan 
-17.625, 61.375, 1.949575051841896e-23, nan 
-17.375, 61.375, 4.392606854207437e-23, nan 
-17.125, 61.375, 4.856168957707949e-23, nan 
-16.875, 61.375, 1.6621975505320997e-23, nan 
-16.625, 61.375, 1.176620177582331e-23, nan 
-16.375, 61.375, 1.3216525670333978e-23, nan 
-16.125, 61.375, 1.8878388232058775e-23, nan 
-15.875, 61.375, 2.446217777421738e-23, nan 
-15.625, 61.375, 2.6638283577948897e-23, nan 
-15.375, 61.375, 2.5095596771150518e-23, nan 
-15.125, 61.375, 2.8083923712590644e-23, nan 
-14.875, 61.375, 2.760950745224135e-23, nan 
-14.625, 61.375, 1.7120077880074943e-23, nan 
-14.375, 61.375, 2.5097657914343138e-23, nan 
-14.125, 61.375, 2.923969436634638e-23, nan 
-13.875, 61.375, 1.888154635177386e-23, nan 
-13.625, 61.375, 1.51118390133561e-23, nan 
-13.375, 61.375, 3.226451372770861e-23, nan 
-13.125, 61.375, 3.304637155435014e-23, nan 
-12.875, 61.375, 2.459426013180637e-23, nan 
-12.625, 61.375, 2.983151719869848e-23, nan 
-12.375, 61.375, 5.84011858198255e-23, nan 
-12.125, 61.375, 3.705595672398627e-23, nan 
-11.875, 61.375, 2.1966009681069162e-23, nan 
-11.625, 61.375, 2.1729664464059155e-23, nan 
-11.375, 61.375, 3.1020055702914654e-23, nan 
-11.125, 61.375, 1.2243486712416093e-23, nan 
-10.875, 61.375, 3.353853966810614e-23, nan 
-10.625, 61.375, 5.733496675142836e-23, nan 
-10.375, 61.375, 3.945961118317357e-23, nan 
-10.125, 61.375, 1.4525342277622422e-23, nan 
-9.875, 61.375, 1.833486686425789e-23, nan 
-9.625, 61.375, 2.6242903090099395e-23, nan 
-9.375, 61.375, 1.953013580562802e-23, nan 
-9.125, 61.375, 2.2820519229022588e-23, nan 
-8.875, 61.375, 3.0518432276446e-23, nan 
-8.625, 61.375, 1.8419080520391028e-23, nan 
-8.375, 61.375, 1.941994102200353e-23, nan 
-8.125, 61.375, 3.144589667360044e-23, nan 
-7.875, 61.375, 4.197619707484729e-23, nan 
-7.625, 61.375, 4.297338002084634e-23, nan 
-7.375, 61.375, 4.440379178816234e-23, nan 
-7.125, 61.375, 4.935325963406402e-23, nan 
-6.875, 61.375, 4.818705351189572e-23, nan 
-6.625, 61.375, 3.5162656816384246e-23, nan 
-6.375, 61.375, 3.703351223810827e-23, nan 
-6.125, 61.375, 3.7765661183979684e-23, nan 
-5.875, 61.375, 2.5110917373092243e-23, nan 
-5.625, 61.375, 2.847037163834876e-23, nan 
-5.375, 61.375, 2.116613523592191e-23, nan 
-5.125, 61.375, 2.3168096250429216e-23, nan 
-4.875, 61.375, 1.7021169706554345e-23, nan 
-4.625, 61.375, 1.7517825181182988e-23, nan 
-4.375, 61.375, 1.8502963245669993e-23, nan 
-4.125, 61.375, 2.2964290453897942e-23, nan 
-3.875, 61.375, 1.9428995885816368e-23, nan 
-3.625, 61.375, 2.0316261001900988e-23, nan 
-3.375, 61.375, 1.817933642894858e-23, nan 
-3.125, 61.375, 2.1970824288583896e-23, nan 
-2.875, 61.375, 3.028333625005022e-23, nan 
-2.625, 61.375, 4.065176239345334e-23, nan 
-2.375, 61.375, 3.294691116712609e-23, nan 
-2.125, 61.375, 2.0574319635000036e-23, nan 
-1.875, 61.375, 2.0676509934245487e-23, nan 
-1.625, 61.375, 2.6368230672411556e-23, nan 
-1.375, 61.375, 1.3580432848171022e-23, nan 
-1.125, 61.375, 1.7959621638607887e-23, nan 
-0.875, 61.375, 1.9790731214341928e-23, nan 
-0.625, 61.375, 2.8980226786216146e-23, nan 
-0.375, 61.375, 3.1821274745930755e-23, nan 
-0.125, 61.375, 2.715713144049578e-23, nan 
0.125, 61.375, 3.783861226226106e-23, nan 
0.375, 61.375, 4.4489384590148766e-23, nan 
0.625, 61.375, 4.4545042365296546e-23, nan 
0.875, 61.375, 3.513467233752195e-23, nan 
1.125, 61.375, 2.490087711477033e-23, nan 
1.375, 61.375, 2.52733504738729e-23, nan 
1.625, 61.375, 1.9843183334440258e-23, nan 
1.875, 61.375, 1.3463871939954266e-23, nan 
2.125, 61.375, 1.640158235019496e-23, nan 
2.375, 61.375, 1.9326787544569997e-23, nan 
2.625, 61.375, 1.578930809498927e-23, nan 
2.875, 61.375, 1.971393417000059e-23, nan 
3.125, 61.375, 2.010726637262105e-23, nan 
3.375, 61.375, 2.1612344474620817e-23, nan 
3.625, 61.375, 2.7292901290489156e-23, nan 
3.875, 61.375, 2.7646249388219887e-23, nan 
4.125, 61.375, 3.2158919782572006e-23, nan 
4.375, 61.375, 9.781336741210154e-24, nan 
4.625, 61.375, 2.41224043201622e-23, nan 
4.875, 61.375, 4.6875724938291953e-23, nan 
5.125, 61.375, 2.0980453116317402e-23, nan 
5.375, 61.375, 2.9148627502417994e-23, nan 
5.625, 61.375, 3.0901676230722375e-23, nan 
5.875, 61.375, 2.375941083363654e-23, nan 
6.125, 61.375, 3.6525920039698023e-23, nan 
6.375, 61.375, 4.0959993888457994e-23, nan 
6.625, 61.375, 2.88234783222607e-23, nan 
6.875, 61.375, 5.936175749050777e-23, nan 
7.125, 61.375, 1.0277983030999078e-22, nan 
7.375, 61.375, 7.218038394333948e-23, nan 
7.625, 61.375, 5.250702187110752e-23, nan 
7.875, 61.375, 4.825513399810866e-23, nan 
8.125, 61.375, 3.7195706165678646e-23, nan 
8.375, 61.375, 3.631107922780143e-23, nan 
8.625, 61.375, 5.45972064751648e-23, nan 
8.875, 61.375, 4.362673408210524e-23, nan 
9.125, 61.375, 4.9580656253096214e-23, nan 
9.375, 61.375, 3.5375879781990406e-23, nan 
9.625, 61.375, 3.047462440976313e-23, nan 
9.875, 61.375, 3.452517003770763e-23, nan 
10.125, 61.375, 3.6400552573587645e-23, nan 
10.375, 61.375, 8.978956760059251e-23, nan 
10.625, 61.375, 6.244647525194863e-23, nan 
10.875, 61.375, 3.2972509561615126e-23, nan 
11.125, 61.375, 2.6820184254237796e-23, nan 
11.375, 61.375, 3.152241394869379e-23, nan 
11.625, 61.375, 2.9037107508211074e-23, nan 
11.875, 61.375, 2.194969218574253e-23, nan 
12.125, 61.375, 3.4423649777898285e-23, nan 
12.375, 61.375, 3.066669817249244e-23, nan 
12.625, 61.375, 2.8387863466367137e-23, nan 
12.875, 61.375, 3.864966745050765e-23, nan 
13.125, 61.375, 4.3088053452059994e-23, nan 
13.375, 61.375, 4.0051189212149934e-23, nan 
13.625, 61.375, 3.635192542356074e-23, nan 
13.875, 61.375, 4.8665180120095426e-23, nan 
14.125, 61.375, 5.860910550481978e-23, nan 
14.375, 61.375, 4.4237227385120914e-23, nan 
14.625, 61.375, 2.4364303532277978e-23, nan 
14.875, 61.375, 3.476900032905575e-23, nan 
15.125, 61.375, 2.742731633782674e-23, nan 
15.375, 61.375, 1.2854267104371909e-23, nan 
15.625, 61.375, 8.214791936345656e-24, nan 
15.875, 61.375, 7.93436398027674e-24, nan 
16.125, 61.375, 8.787928985455813e-24, nan 
16.375, 61.375, 9.512310764296148e-24, nan 
16.625, 61.375, 1.470332552762716e-23, nan 
16.875, 61.375, 1.2278023164138195e-23, nan 
17.125, 61.375, 1.2527119658781581e-23, nan 
17.375, 61.375, 1.4038368936407992e-23, nan 
17.625, 61.375, 1.2122216986014286e-23, nan 
17.875, 61.375, 1.3445311439733517e-23, nan 
18.125, 61.375, 1.463890560260075e-23, nan 
18.375, 61.375, 1.513156767846682e-23, nan 
18.625, 61.375, 1.020474678696111e-23, nan 
18.875, 61.375, 1.7647812322905827e-23, nan 
19.125, 61.375, 4.659617092120122e-24, nan 
19.375, 61.375, 6.528617252910287e-24, nan 
19.625, 61.375, 9.076071637418539e-24, nan 
19.875, 61.375, 6.136045107857633e-24, nan 
20.125, 61.375, 5.766656309923771e-24, nan 
20.375, 61.375, 1.1779359765357007e-23, nan 
20.625, 61.375, 1.1552953420015608e-23, nan 
20.875, 61.375, 2.5896250864276207e-23, nan 
21.125, 61.375, 1.939860722144742e-23, nan 
21.375, 61.375, 2.0013148660323088e-23, nan 
21.625, 61.375, 2.732983567300186e-23, nan 
21.875, 61.375, 2.599736984228011e-23, nan 
22.125, 61.375, 2.2414839589647852e-23, nan 
22.375, 61.375, 1.0079815738307415e-23, nan 
22.625, 61.375, 2.144357315808163e-23, nan 
22.875, 61.375, 2.294606741624132e-23, nan 
23.125, 61.375, 8.756322246431856e-24, nan 
23.375, 61.375, 1.3699658797792908e-23, nan 
23.625, 61.375, 1.936113090057773e-23, nan 
23.875, 61.375, 1.4163794291179094e-23, nan 
24.125, 61.375, 1.0715389779030305e-23, nan 
24.375, 61.375, 1.3575394427847278e-23, nan 
24.625, 61.375, 2.5409769637060087e-23, nan 
24.875, 61.375, 2.375485773404622e-23, nan 
25.125, 61.375, 2.358959332096373e-23, nan 
25.375, 61.375, 1.8308241530999473e-23, nan 
25.625, 61.375, 9.837632062435356e-24, nan 
25.875, 61.375, 5.3927363751657914e-24, nan 
26.125, 61.375, 5.546604853032357e-24, nan 
26.375, 61.375, 5.151578658229925e-24, nan 
26.625, 61.375, 3.783290162783709e-24, nan 
26.875, 61.375, 5.659017828414505e-24, nan 
27.125, 61.375, 4.382278446939679e-24, nan 
27.375, 61.375, 4.749313936936079e-24, nan 
27.625, 61.375, 4.8174656510030646e-24, nan 
27.875, 61.375, 5.8701457250727114e-24, nan 
28.125, 61.375, 4.592257723328863e-24, nan 
28.375, 61.375, 6.588720491650141e-24, nan 
28.625, 61.375, 4.5915884419668535e-24, nan 
28.875, 61.375, 2.5998220815949348e-24, nan 
29.125, 61.375, 7.302522960902178e-24, nan 
29.375, 61.375, 4.4896535810640334e-24, nan 
29.625, 61.375, 4.6517308710446205e-24, nan 
29.875, 61.375, 4.739204961599419e-24, nan 
30.125, 61.375, 4.654434856804189e-24, nan 
30.375, 61.375, 1.5964562179402969e-24, nan 
30.625, 61.375, 1.0248924926948223e-23, nan 
30.875, 61.375, 1.359441511432984e-23, nan 
31.125, 61.375, 1.32284675928881e-23, nan 
31.375, 61.375, 1.2314641839919127e-23, nan 
31.625, 61.375, 1.0749981588317339e-23, nan 
31.875, 61.375, 1.9327838795923248e-23, nan 
32.125, 61.375, 1.2749943495423821e-23, nan 
32.375, 61.375, 4.711228004909322e-24, nan 
32.625, 61.375, 6.320099141993346e-24, nan 
32.875, 61.375, 7.280809911241005e-24, nan 
33.125, 61.375, 5.742344676273057e-24, nan 
33.375, 61.375, 7.145055297151602e-24, nan 
33.625, 61.375, 7.20940366803456e-24, nan 
33.875, 61.375, 5.264782405690755e-24, nan 
34.125, 61.375, 6.128680797356109e-24, nan 
34.375, 61.375, 5.0648708099947e-24, nan 
34.625, 61.375, 5.413899588820818e-24, nan 
34.875, 61.375, 3.5658836136368425e-24, nan 
35.125, 61.375, 3.406896871548049e-24, nan 
35.375, 61.375, 3.5043683729676485e-24, nan 
35.625, 61.375, 3.676370093003117e-24, nan 
35.875, 61.375, 2.921054669778068e-24, nan 
36.125, 61.375, 3.50250034730689e-24, nan 
36.375, 61.375, 3.4430300461402045e-24, nan 
36.625, 61.375, 5.3599905856068516e-24, nan 
36.875, 61.375, 2.851932984983234e-24, nan 
-110.125, 61.625, 1.5684226490525368e-24, nan 
-109.875, 61.625, 1.4756380615561593e-24, nan 
-109.625, 61.625, 1.486141947402945e-24, nan 
-109.375, 61.625, 1.5625570996755813e-24, nan 
-109.125, 61.625, 1.867950058888817e-24, nan 
-108.875, 61.625, 1.5725771091781478e-24, nan 
-108.625, 61.625, 1.5561815154991982e-24, nan 
-108.375, 61.625, 1.3919686404503923e-24, nan 
-108.125, 61.625, 1.2139556811536728e-24, nan 
-107.875, 61.625, 1.4096959430414623e-24, nan 
-107.625, 61.625, 1.6834619578172246e-24, nan 
-107.375, 61.625, 1.5712228952518198e-24, nan 
-107.125, 61.625, 2.349995096875759e-24, nan 
-106.875, 61.625, 2.639788282691046e-24, nan 
-106.625, 61.625, 2.6539585863995358e-24, nan 
-106.375, 61.625, 3.1280700876082036e-24, nan 
-106.125, 61.625, 2.2564108900320126e-24, nan 
-105.875, 61.625, 2.253981524908492e-24, nan 
-105.625, 61.625, 2.579021881522809e-24, nan 
-105.375, 61.625, 2.7449793503570805e-24, nan 
-105.125, 61.625, 2.475538800667053e-24, nan 
-104.875, 61.625, 2.477494238065913e-24, nan 
-104.625, 61.625, 3.0183954917996452e-24, nan 
-104.375, 61.625, 3.261397143011435e-24, nan 
-104.125, 61.625, 3.388622907976757e-24, nan 
-103.875, 61.625, 3.097866292831708e-24, nan 
-103.625, 61.625, 3.452548748316243e-24, nan 
-103.375, 61.625, 3.391491620557591e-24, nan 
-103.125, 61.625, 3.273617202455953e-24, nan 
-102.875, 61.625, 3.391441397660702e-24, nan 
-102.625, 61.625, 3.7184833723886184e-24, nan 
-102.375, 61.625, 4.456431768091172e-24, nan 
-102.125, 61.625, 5.183324880534067e-24, nan 
-101.875, 61.625, 5.334496627433233e-24, nan 
-101.625, 61.625, 5.299394375037838e-24, nan 
-101.375, 61.625, 4.5242285021152924e-24, nan 
-101.125, 61.625, 4.1727842684000204e-24, nan 
-100.875, 61.625, 3.5088547432773175e-24, nan 
-100.625, 61.625, 2.5276184780090876e-24, nan 
-100.375, 61.625, 2.5145274437453114e-24, nan 
-100.125, 61.625, 2.7551606476577054e-24, nan 
-99.875, 61.625, 3.1095429405070054e-24, nan 
-99.625, 61.625, 3.2714807137023344e-24, nan 
-99.375, 61.625, 3.274973711214775e-24, nan 
-99.125, 61.625, 2.425775057560275e-24, nan 
-98.875, 61.625, 2.7066684082498598e-24, nan 
-98.625, 61.625, 2.2130813329383744e-24, nan 
-98.375, 61.625, 3.253006910598713e-24, nan 
-98.125, 61.625, 2.8816841536486675e-24, nan 
-97.875, 61.625, 2.883414157930111e-24, nan 
-97.625, 61.625, 3.768716533486993e-24, nan 
-97.375, 61.625, 3.2648094358670346e-24, nan 
-97.125, 61.625, 3.2835847559464645e-24, nan 
-96.875, 61.625, 3.32122621505151e-24, nan 
-96.625, 61.625, 3.3818153133624825e-24, nan 
-96.375, 61.625, 3.1003979560183913e-24, nan 
-96.125, 61.625, 2.6796871244969385e-24, nan 
-95.875, 61.625, 2.7179312455867687e-24, nan 
-95.625, 61.625, 3.123191496826647e-24, nan 
-95.375, 61.625, 3.0452886579475064e-24, nan 
-95.125, 61.625, 2.9778831909509673e-24, nan 
-94.875, 61.625, 2.643255036406348e-24, nan 
-94.625, 61.625, 2.857969306155298e-24, nan 
-94.375, 61.625, 2.5943385996487485e-24, nan 
-94.125, 61.625, 2.5763087309793944e-24, nan 
-93.875, 61.625, 2.8846145048436173e-24, nan 
-93.625, 61.625, 4.2293146672038346e-24, nan 
-93.375, 61.625, 5.605841736888121e-24, nan 
-93.125, 61.625, 4.307540854728957e-24, nan 
-92.875, 61.625, 5.215223688046892e-24, nan 
-92.625, 61.625, 5.9453170088663524e-24, nan 
-92.375, 61.625, 6.005821802958105e-24, nan 
-92.125, 61.625, 6.026113316930934e-24, nan 
-91.875, 61.625, 5.347702968422263e-24, nan 
-91.625, 61.625, 5.0679488639899884e-24, nan 
-91.375, 61.625, 4.9952546626316535e-24, nan 
-91.125, 61.625, 4.840910038028068e-24, nan 
-90.875, 61.625, 6.846138164354932e-24, nan 
-90.625, 61.625, 1.0784936938793313e-23, nan 
-90.375, 61.625, 8.619465743657284e-24, nan 
-90.125, 61.625, 8.10085133324097e-24, nan 
-89.875, 61.625, 8.563467688880661e-24, nan 
-89.625, 61.625, 8.14383136786441e-24, nan 
-89.375, 61.625, 5.3449174250831696e-24, nan 
-89.125, 61.625, 4.4840284063732405e-24, nan 
-88.875, 61.625, 5.17837498458528e-24, nan 
-88.625, 61.625, 4.836071492109384e-24, nan 
-88.375, 61.625, 6.648735058076135e-24, nan 
-88.125, 61.625, 6.707192821041065e-24, nan 
-87.875, 61.625, 6.949471747507654e-24, nan 
-87.625, 61.625, 6.924676696853026e-24, nan 
-87.375, 61.625, 6.654225936372082e-24, nan 
-87.125, 61.625, 7.078306333445442e-24, nan 
-86.875, 61.625, 6.567371143297479e-24, nan 
-86.625, 61.625, 6.691169503567264e-24, nan 
-86.375, 61.625, 6.84010579471301e-24, nan 
-86.125, 61.625, 7.563377367689516e-24, nan 
-85.875, 61.625, 7.036320630340545e-24, nan 
-85.625, 61.625, 6.883164117856774e-24, nan 
-85.375, 61.625, 7.363763214189747e-24, nan 
-85.125, 61.625, 7.062994736937379e-24, nan 
-84.875, 61.625, 7.15596853642906e-24, nan 
-84.625, 61.625, 7.017797853890826e-24, nan 
-84.375, 61.625, 7.608009022556697e-24, nan 
-84.125, 61.625, 8.370564230954577e-24, nan 
-83.875, 61.625, 8.028220745348299e-24, nan 
-83.625, 61.625, 8.007970683916196e-24, nan 
-83.375, 61.625, 7.569210820470693e-24, nan 
-83.125, 61.625, 8.443082185992347e-24, nan 
-82.875, 61.625, 7.957958848890429e-24, nan 
-82.625, 61.625, 7.325616873402349e-24, nan 
-82.375, 61.625, 7.976530501147823e-24, nan 
-82.125, 61.625, 7.578032657745073e-24, nan 
-81.875, 61.625, 6.999926778650546e-24, nan 
-81.625, 61.625, 7.491008123529205e-24, nan 
-81.375, 61.625, 7.262228769288164e-24, nan 
-81.125, 61.625, 6.605619787229936e-24, nan 
-80.875, 61.625, 9.572483153524844e-24, nan 
-80.625, 61.625, 9.48440874786675e-24, nan 
-80.375, 61.625, 1.5501429294802657e-23, nan 
-80.125, 61.625, 2.225622508633254e-23, nan 
-79.875, 61.625, 1.5544060069531544e-23, nan 
-79.625, 61.625, 1.5971554090091238e-23, nan 
-79.375, 61.625, 1.6195626928030512e-23, nan 
-79.125, 61.625, 1.207054450324209e-23, nan 
-78.875, 61.625, 9.829578838385457e-24, nan 
-78.625, 61.625, 8.416741894057818e-24, nan 
-78.375, 61.625, 1.2928561404833247e-23, nan 
-78.125, 61.625, 1.0198527094119823e-23, nan 
-77.875, 61.625, 7.609909313776794e-24, nan 
-77.625, 61.625, 5.135720200102412e-24, nan 
-77.375, 61.625, 7.117498806231908e-24, nan 
-77.125, 61.625, 6.814728345346093e-24, nan 
-76.875, 61.625, 7.5400826179035e-24, nan 
-76.625, 61.625, 8.812985845215818e-24, nan 
-76.375, 61.625, 6.990317668361381e-24, nan 
-76.125, 61.625, 8.903583250177275e-24, nan 
-75.875, 61.625, 9.279859801016789e-24, nan 
-75.625, 61.625, 7.897415579638961e-24, nan 
-75.375, 61.625, 7.930585702858834e-24, nan 
-75.125, 61.625, 8.980688290184474e-24, nan 
-74.875, 61.625, 1.1691056100693303e-23, nan 
-74.625, 61.625, 1.0894574686576076e-23, nan 
-74.375, 61.625, 1.0891915276739929e-23, nan 
-74.125, 61.625, 1.002657361152068e-23, nan 
-73.875, 61.625, 9.550420011758396e-24, nan 
-73.625, 61.625, 1.0804204791345287e-23, nan 
-73.375, 61.625, 1.1707436731915355e-23, nan 
-73.125, 61.625, 8.433649446949015e-24, nan 
-72.875, 61.625, 8.73708118181131e-24, nan 
-72.625, 61.625, 1.3560744439715774e-23, nan 
-72.375, 61.625, 1.4526349798091693e-23, nan 
-72.125, 61.625, 1.398992894623719e-23, nan 
-71.875, 61.625, 2.6553447430145766e-23, nan 
-71.625, 61.625, 2.5963716743289773e-23, nan 
-71.375, 61.625, 1.877410137576012e-23, nan 
-71.125, 61.625, 1.650244995306215e-23, nan 
-70.875, 61.625, 1.9313442221432915e-23, nan 
-70.625, 61.625, 1.768525777074219e-23, nan 
-70.375, 61.625, 1.601986453973112e-23, nan 
-70.125, 61.625, 1.4228889489590813e-23, nan 
-69.875, 61.625, 1.439198748842195e-23, nan 
-69.625, 61.625, 1.2409366420851236e-23, nan 
-69.375, 61.625, 1.3706964398226984e-23, nan 
-69.125, 61.625, 1.1668933334494828e-23, nan 
-68.875, 61.625, 1.3745208122070978e-23, nan 
-68.625, 61.625, 1.2683298981795711e-23, nan 
-68.375, 61.625, 1.232964321105362e-23, nan 
-68.125, 61.625, 1.1663466272099339e-23, nan 
-67.875, 61.625, 1.2754035469364741e-23, nan 
-67.625, 61.625, 1.2726225542680923e-23, nan 
-67.375, 61.625, 1.1784091088459116e-23, nan 
-67.125, 61.625, 1.2069374791448926e-23, nan 
-66.875, 61.625, 1.0227286926243523e-23, nan 
-66.625, 61.625, 9.06152806726043e-24, nan 
-66.375, 61.625, 1.3444711429648068e-23, nan 
-66.125, 61.625, 1.2780809476533759e-23, nan 
-65.875, 61.625, 1.4126519368757392e-23, nan 
-65.625, 61.625, 1.4873782559654415e-23, nan 
-65.375, 61.625, 1.3379491254341407e-23, nan 
-65.125, 61.625, 1.230801075448683e-23, nan 
-64.875, 61.625, 1.2760025641719028e-23, nan 
-64.625, 61.625, 1.6349100880398037e-23, nan 
-64.375, 61.625, 1.5132681820720546e-23, nan 
-64.125, 61.625, 1.2570802694075309e-23, nan 
-63.875, 61.625, 1.2120414906684253e-23, nan 
-63.625, 61.625, 1.07733033093338e-23, nan 
-63.375, 61.625, 9.73707790836153e-24, nan 
-63.125, 61.625, 1.2168763954813472e-23, nan 
-62.875, 61.625, 1.309971400407741e-23, nan 
-62.625, 61.625, 1.9616468058960237e-23, nan 
-62.375, 61.625, 2.3247202351538308e-23, nan 
-62.125, 61.625, 1.811476167302185e-23, nan 
-61.875, 61.625, 1.563121207315615e-23, nan 
-61.625, 61.625, 1.6000364878921518e-23, nan 
-61.375, 61.625, 1.6585225643974815e-23, nan 
-61.125, 61.625, 1.6412167459257876e-23, nan 
-60.875, 61.625, 1.5397259355031923e-23, nan 
-60.625, 61.625, 1.1408364472369821e-23, nan 
-60.375, 61.625, 9.85199614522691e-24, nan 
-60.125, 61.625, 1.0725285563254759e-23, nan 
-59.875, 61.625, 1.7549676062646036e-23, nan 
-59.625, 61.625, 2.6648650670047606e-23, nan 
-59.375, 61.625, 2.2848122435431124e-23, nan 
-59.125, 61.625, 2.086526090200723e-23, nan 
-58.875, 61.625, 2.5994480682270858e-23, nan 
-58.625, 61.625, 2.5703623595705384e-23, nan 
-58.375, 61.625, 2.0505789295129622e-23, nan 
-58.125, 61.625, 2.0631024542233396e-23, nan 
-57.875, 61.625, 2.4476364774811843e-23, nan 
-57.625, 61.625, 2.1623344778650608e-23, nan 
-57.375, 61.625, 2.0621108538452736e-23, nan 
-57.125, 61.625, 1.7598336554099098e-23, nan 
-56.875, 61.625, 1.6867516538174944e-23, nan 
-56.625, 61.625, 8.156508722435877e-24, nan 
-56.375, 61.625, 1.2674661406631636e-23, nan 
-56.125, 61.625, 3.475593012958189e-23, nan 
-55.875, 61.625, 2.177657902116216e-23, nan 
-55.625, 61.625, 1.8641823414251968e-23, nan 
-55.375, 61.625, 2.242066933764494e-23, nan 
-55.125, 61.625, 1.456926756862123e-23, nan 
-54.875, 61.625, 1.1517517541786543e-23, nan 
-54.625, 61.625, 1.7806099308457824e-23, nan 
-54.375, 61.625, 2.2947681530638183e-23, nan 
-54.125, 61.625, 3.4799409248943965e-23, nan 
-53.875, 61.625, 3.462653712807554e-23, nan 
-53.625, 61.625, 2.700584648300702e-23, nan 
-53.375, 61.625, 3.526342428298563e-23, nan 
-53.125, 61.625, 3.536880303997011e-23, nan 
-52.875, 61.625, 2.5671541677413714e-22, nan 
-52.625, 61.625, 2.833281885952589e-22, nan 
-52.375, 61.625, 3.4952728877722566e-23, nan 
-52.125, 61.625, 6.292876452292736e-22, nan 
-51.875, 61.625, 7.046946111715816e-22, nan 
-51.625, 61.625, 4.028774331090989e-23, nan 
-51.375, 61.625, 2.5251410907426747e-22, nan 
-51.125, 61.625, 2.88355678364145e-22, nan 
-50.875, 61.625, 5.362501572963269e-23, nan 
-50.625, 61.625, 3.2472576857113204e-23, nan 
-50.375, 61.625, 1.333499355160563e-22, nan 
-50.125, 61.625, 6.434981977658474e-23, nan 
-49.875, 61.625, 7.726083480072453e-23, nan 
-49.625, 61.625, 6.87196773781952e-23, nan 
-49.375, 61.625, 6.913523274497787e-23, nan 
-49.125, 61.625, 6.871495418534474e-23, nan 
-48.875, 61.625, 4.2137585526023803e-22, nan 
-48.625, 61.625, 8.491496117125573e-22, nan 
-48.375, 61.625, 8.705059558637966e-22, nan 
-48.125, 61.625, 2.124732358298984e-22, nan 
-47.875, 61.625, 8.47514187547859e-23, nan 
-47.625, 61.625, 7.438337416882259e-23, nan 
-47.375, 61.625, 7.386340627373929e-23, nan 
-47.125, 61.625, 8.011027675459878e-23, nan 
-46.875, 61.625, 1.0705877059803534e-22, nan 
-46.625, 61.625, 4.487425872173002e-23, nan 
-46.375, 61.625, 2.4911626332787656e-23, nan 
-46.125, 61.625, 2.8694774400343615e-23, nan 
-45.875, 61.625, 2.262960800084674e-23, nan 
-45.625, 61.625, 2.1129249377585595e-23, nan 
-45.375, 61.625, 2.1102717266466426e-23, nan 
-45.125, 61.625, 2.2974020439521994e-23, nan 
-44.875, 61.625, 1.9672595017201052e-23, nan 
-44.625, 61.625, 1.945404641943465e-23, nan 
-44.375, 61.625, 2.7071673450689786e-23, nan 
-44.125, 61.625, 2.967679150033984e-23, nan 
-43.875, 61.625, 1.597802077981511e-23, nan 
-43.625, 61.625, 2.7784126199829454e-23, nan 
-43.375, 61.625, 1.7670004830233163e-23, nan 
-43.125, 61.625, 1.8850568949079033e-23, nan 
-42.875, 61.625, 2.7372744096031104e-23, nan 
-42.625, 61.625, 3.7770950529740536e-23, nan 
-42.375, 61.625, 1.363906977909601e-23, nan 
-42.125, 61.625, 3.3832171123645615e-23, nan 
-41.875, 61.625, 4.376310926544108e-23, nan 
-41.625, 61.625, 2.822877502827511e-23, nan 
-41.375, 61.625, 3.643662319060653e-23, nan 
-41.125, 61.625, 3.288023116821233e-23, nan 
-40.875, 61.625, 2.830951971156546e-23, nan 
-40.625, 61.625, 3.088145056092843e-23, nan 
-40.375, 61.625, 3.1915793756962363e-23, nan 
-40.125, 61.625, 3.798118563997545e-23, nan 
-39.875, 61.625, 4.099450570378331e-23, nan 
-39.625, 61.625, 2.4662340017361756e-23, nan 
-39.375, 61.625, 2.3076563876652755e-23, nan 
-39.125, 61.625, 3.233437344679258e-23, nan 
-38.875, 61.625, 2.4031598307698556e-23, nan 
-38.625, 61.625, 2.1739257880845157e-23, nan 
-38.375, 61.625, 1.6035670537356876e-23, nan 
-38.125, 61.625, 1.2579958446745553e-23, nan 
-37.875, 61.625, 3.155961164427125e-23, nan 
-37.625, 61.625, 2.1934147751522868e-23, nan 
-37.375, 61.625, 2.0410276256668923e-23, nan 
-37.125, 61.625, 2.2999364788284766e-23, nan 
-36.875, 61.625, 3.2678600708768305e-23, nan 
-36.625, 61.625, 3.308086347078146e-23, nan 
-36.375, 61.625, 3.4804064740443665e-23, nan 
-36.125, 61.625, 3.654099183970005e-23, nan 
-35.875, 61.625, 2.7950695330413776e-23, nan 
-35.625, 61.625, 1.4795110998372593e-23, nan 
-35.375, 61.625, 2.314483364372975e-23, nan 
-35.125, 61.625, 1.540600252551613e-23, nan 
-34.875, 61.625, 1.7166719439524012e-23, nan 
-34.625, 61.625, 1.2441595110212723e-23, nan 
-34.375, 61.625, 1.5827012032781078e-23, nan 
-34.125, 61.625, 1.4632651025412936e-23, nan 
-33.875, 61.625, 9.946047106343148e-24, nan 
-33.625, 61.625, 1.230766790874987e-23, nan 
-33.375, 61.625, 1.3809724363433636e-23, nan 
-33.125, 61.625, 2.1225310428571377e-23, nan 
-32.875, 61.625, 3.162386456489283e-23, nan 
-32.625, 61.625, 4.144196957992089e-23, nan 
-32.375, 61.625, 5.380399355692382e-23, nan 
-32.125, 61.625, 4.5331445699553576e-23, nan 
-31.875, 61.625, 4.632686090477751e-23, nan 
-31.625, 61.625, 6.698567937045804e-23, nan 
-31.375, 61.625, 5.827477755334641e-23, nan 
-31.125, 61.625, 4.306721112406447e-23, nan 
-30.875, 61.625, 7.200146680591626e-23, nan 
-30.625, 61.625, 4.131625301639468e-23, nan 
-30.375, 61.625, 2.87801900071444e-23, nan 
-30.125, 61.625, 6.432282704200533e-23, nan 
-29.875, 61.625, 5.928205241284687e-23, nan 
-29.625, 61.625, 5.73566992792424e-23, nan 
-29.375, 61.625, 3.72009348418811e-23, nan 
-29.125, 61.625, 4.810769669818969e-23, nan 
-28.875, 61.625, 3.7025866142397017e-23, nan 
-28.625, 61.625, 4.7384336953546907e-23, nan 
-28.375, 61.625, 3.8524023913768916e-23, nan 
-28.125, 61.625, 3.790224587640185e-23, nan 
-27.875, 61.625, 4.167602752963613e-23, nan 
-27.625, 61.625, 4.0274727007101434e-23, nan 
-27.375, 61.625, 2.057165356134061e-23, nan 
-27.125, 61.625, 2.7938569940284905e-23, nan 
-26.875, 61.625, 3.276592141892521e-23, nan 
-26.625, 61.625, 3.532870147288023e-23, nan 
-26.375, 61.625, 3.5696799599360145e-23, nan 
-26.125, 61.625, 3.021706199238359e-23, nan 
-25.875, 61.625, 1.7255787471463592e-23, nan 
-25.625, 61.625, 1.5750646613477966e-23, nan 
-25.375, 61.625, 2.1143785445573412e-23, nan 
-25.125, 61.625, 2.186777918990917e-23, nan 
-24.875, 61.625, 2.6197870538857918e-23, nan 
-24.625, 61.625, 3.841617157258438e-23, nan 
-24.375, 61.625, 2.2215619628346772e-23, nan 
-24.125, 61.625, 1.4870788149121366e-23, nan 
-23.875, 61.625, 2.4971482236343024e-23, nan 
-23.625, 61.625, 2.1506664250838777e-23, nan 
-23.375, 61.625, 3.109326278086718e-23, nan 
-23.125, 61.625, 2.4945031605570513e-23, nan 
-22.875, 61.625, 2.3123739240671314e-23, nan 
-22.625, 61.625, 3.1400297113853953e-23, nan 
-22.375, 61.625, 2.4606074634494132e-23, nan 
-22.125, 61.625, 2.4741895243220652e-23, nan 
-21.875, 61.625, 3.944614461145596e-23, nan 
-21.625, 61.625, 3.2776571096175436e-23, nan 
-21.375, 61.625, 3.19097990726899e-23, nan 
-21.125, 61.625, 3.03821209046334e-23, nan 
-20.875, 61.625, 3.280360294856686e-23, nan 
-20.625, 61.625, 4.835709605422799e-23, nan 
-20.375, 61.625, 5.467170177669954e-23, nan 
-20.125, 61.625, 3.173310698716469e-23, nan 
-19.875, 61.625, 5.799308744660643e-23, nan 
-19.625, 61.625, 8.817962566980468e-24, nan 
-19.375, 61.625, 2.1401810358784045e-23, nan 
-19.125, 61.625, 2.6152005848092598e-23, nan 
-18.875, 61.625, 3.093050716987881e-23, nan 
-18.625, 61.625, 2.3144529923592562e-23, nan 
-18.375, 61.625, 1.5856296890306576e-23, nan 
-18.125, 61.625, 1.5580841958886484e-23, nan 
-17.875, 61.625, 2.5252918186879888e-23, nan 
-17.625, 61.625, 2.8599890463956604e-23, nan 
-17.375, 61.625, 2.449854812481343e-23, nan 
-17.125, 61.625, 1.2201028308079499e-23, nan 
-16.875, 61.625, 1.9616940356292495e-23, nan 
-16.625, 61.625, 1.5109232179321884e-23, nan 
-16.375, 61.625, 1.789691025718853e-23, nan 
-16.125, 61.625, 2.3481498372038485e-23, nan 
-15.875, 61.625, 3.922637749397367e-23, nan 
-15.625, 61.625, 3.876345012151732e-23, nan 
-15.375, 61.625, 2.1981334671900575e-23, nan 
-15.125, 61.625, 3.8849398284909735e-23, nan 
-14.875, 61.625, 5.366859715404861e-23, nan 
-14.625, 61.625, 5.786565031353352e-23, nan 
-14.375, 61.625, 3.084180177810315e-23, nan 
-14.125, 61.625, 3.2187338185105255e-23, nan 
-13.875, 61.625, 2.3469054588791924e-23, nan 
-13.625, 61.625, 2.1837395729458397e-23, nan 
-13.375, 61.625, 3.091640177890688e-23, nan 
-13.125, 61.625, 4.2471924979133343e-23, nan 
-12.875, 61.625, 3.535226491316953e-23, nan 
-12.625, 61.625, 3.201218850328881e-23, nan 
-12.375, 61.625, 6.604560302901056e-23, nan 
-12.125, 61.625, 4.310394955411738e-23, nan 
-11.875, 61.625, 2.198248576907658e-23, nan 
-11.625, 61.625, 2.3285060792299954e-23, nan 
-11.375, 61.625, 2.4089079920162362e-23, nan 
-11.125, 61.625, 1.3265113683215173e-23, nan 
-10.875, 61.625, 1.604713219695779e-23, nan 
-10.625, 61.625, 1.8900989142586992e-23, nan 
-10.375, 61.625, 1.5837560937553446e-23, nan 
-10.125, 61.625, 1.6261446586804555e-23, nan 
-9.875, 61.625, 1.9502141712275504e-23, nan 
-9.625, 61.625, 3.7992138845781553e-23, nan 
-9.375, 61.625, 3.249325792176558e-23, nan 
-9.125, 61.625, 3.293806415332474e-23, nan 
-8.875, 61.625, 4.7227084812343755e-23, nan 
-8.625, 61.625, 3.989168496095819e-23, nan 
-8.375, 61.625, 5.465839863468762e-23, nan 
-8.125, 61.625, 7.905879566545531e-23, nan 
-7.875, 61.625, 4.426389963252022e-23, nan 
-7.625, 61.625, 4.250763184375114e-23, nan 
-7.375, 61.625, 4.2200265259579706e-23, nan 
-7.125, 61.625, 5.224858980778093e-23, nan 
-6.875, 61.625, 6.141721497884956e-23, nan 
-6.625, 61.625, 3.971300389976487e-23, nan 
-6.375, 61.625, 5.884233191365617e-23, nan 
-6.125, 61.625, 6.537613855512426e-23, nan 
-5.875, 61.625, 4.096544015338154e-23, nan 
-5.625, 61.625, 4.021243252957463e-23, nan 
-5.375, 61.625, 3.8651800284004104e-23, nan 
-5.125, 61.625, 2.2674747161766235e-23, nan 
-4.875, 61.625, 1.3989814078218473e-23, nan 
-4.625, 61.625, 9.32858789024532e-24, nan 
-4.375, 61.625, 2.031642324097372e-23, nan 
-4.125, 61.625, 1.703414650608925e-23, nan 
-3.875, 61.625, 2.895395083291557e-23, nan 
-3.625, 61.625, 2.4115282088758787e-23, nan 
-3.375, 61.625, 3.754068266660782e-23, nan 
-3.125, 61.625, 3.3565701856847075e-23, nan 
-2.875, 61.625, 2.663263390815894e-23, nan 
-2.625, 61.625, 5.483138017041727e-23, nan 
-2.375, 61.625, 2.886204122931662e-23, nan 
-2.125, 61.625, 2.384797714837663e-23, nan 
-1.875, 61.625, 2.8322663560931105e-23, nan 
-1.625, 61.625, 1.5053413604338776e-23, nan 
-1.375, 61.625, 1.8625721371603143e-23, nan 
-1.125, 61.625, 1.8531436515406544e-23, nan 
-0.875, 61.625, 6.4195725404518184e-24, nan 
-0.625, 61.625, 1.6685789166655054e-23, nan 
-0.375, 61.625, 1.436141600702954e-23, nan 
-0.125, 61.625, 2.1324090809065653e-23, nan 
0.125, 61.625, 3.224885238340755e-23, nan 
0.375, 61.625, 3.8863803778782995e-23, nan 
0.625, 61.625, 3.407302639100496e-23, nan 
0.875, 61.625, 3.73643498334918e-23, nan 
1.125, 61.625, 3.689231088321369e-23, nan 
1.375, 61.625, 2.713167447612871e-23, nan 
1.625, 61.625, 1.8275176201932916e-23, nan 
1.875, 61.625, 2.3686203644995219e-23, nan 
2.125, 61.625, 1.1401318262774504e-23, nan 
2.375, 61.625, 1.5424606134314847e-23, nan 
2.625, 61.625, 2.1541937895219715e-23, nan 
2.875, 61.625, 1.7540224360253413e-23, nan 
3.125, 61.625, 2.1903545035158674e-23, nan 
3.375, 61.625, 2.841595330425003e-23, nan 
3.625, 61.625, 2.89984204158879e-23, nan 
3.875, 61.625, 2.0566491587476025e-23, nan 
4.125, 61.625, 2.7598728437099034e-23, nan 
4.375, 61.625, 1.8959583713681576e-23, nan 
4.625, 61.625, 2.2647763083722178e-23, nan 
4.875, 61.625, 3.295679148517829e-23, nan 
5.125, 61.625, 2.3305742857794953e-23, nan 
5.375, 61.625, 3.0543914632519e-23, nan 
5.625, 61.625, 3.695444780964053e-23, nan 
5.875, 61.625, 2.712759885398197e-23, nan 
6.125, 61.625, 4.104259927400552e-23, nan 
6.375, 61.625, 3.92063797317333e-22, nan 
6.625, 61.625, 4.740871682486188e-22, nan 
6.875, 61.625, 2.409687251653342e-22, nan 
7.125, 61.625, 1.3820590813739302e-22, nan 
7.375, 61.625, 1.087971886529889e-22, nan 
7.625, 61.625, 4.4975661216229793e-23, nan 
7.875, 61.625, 6.144972026811331e-23, nan 
8.125, 61.625, 5.847066306097156e-23, nan 
8.375, 61.625, 4.215902567905541e-23, nan 
8.625, 61.625, 3.6186925239979543e-23, nan 
8.875, 61.625, 3.923029066845488e-23, nan 
9.125, 61.625, 4.7679808587976476e-23, nan 
9.375, 61.625, 1.8796828575040693e-23, nan 
9.625, 61.625, 4.666512706413124e-23, nan 
9.875, 61.625, 3.799052576760928e-23, nan 
10.125, 61.625, 3.388271564560919e-23, nan 
10.375, 61.625, 9.576872937398765e-23, nan 
10.625, 61.625, 6.791475486054162e-23, nan 
10.875, 61.625, 3.378032334649014e-23, nan 
11.125, 61.625, 4.213717422202081e-23, nan 
11.375, 61.625, 3.950232137446822e-23, nan 
11.625, 61.625, 3.459744655121668e-23, nan 
11.875, 61.625, 2.608310517000184e-23, nan 
12.125, 61.625, 3.291878675868943e-23, nan 
12.375, 61.625, 3.2644778998878465e-23, nan 
12.625, 61.625, 3.0250372322592604e-23, nan 
12.875, 61.625, 3.066504432550864e-23, nan 
13.125, 61.625, 4.021332063588933e-23, nan 
13.375, 61.625, 2.963930005363682e-23, nan 
13.625, 61.625, 2.1980511205414182e-23, nan 
13.875, 61.625, 3.6584005959970655e-23, nan 
14.125, 61.625, 5.0984491519921284e-23, nan 
14.375, 61.625, 2.9436064108838036e-23, nan 
14.625, 61.625, 2.6271575856107922e-23, nan 
14.875, 61.625, 3.627989955986812e-23, nan 
15.125, 61.625, 2.5111737463703476e-23, nan 
15.375, 61.625, 1.4463805413208274e-23, nan 
15.625, 61.625, 1.124446890776928e-23, nan 
15.875, 61.625, 1.758163485947368e-23, nan 
16.125, 61.625, 2.3267933507345917e-23, nan 
16.375, 61.625, 2.7901781509724545e-23, nan 
16.625, 61.625, 1.9714343222379073e-23, nan 
16.875, 61.625, 1.695303737004868e-23, nan 
17.125, 61.625, 1.5020792287318138e-23, nan 
17.375, 61.625, 9.359808107698017e-24, nan 
17.625, 61.625, 6.365292857910462e-24, nan 
17.875, 61.625, 9.303946944573249e-24, nan 
18.125, 61.625, 1.8695267093405138e-23, nan 
18.375, 61.625, 1.384864646580076e-23, nan 
18.625, 61.625, 1.489819665713642e-23, nan 
18.875, 61.625, 2.1391152165839202e-23, nan 
19.125, 61.625, 6.673351589724268e-24, nan 
19.375, 61.625, 1.2256696360736412e-23, nan 
19.625, 61.625, 1.0627270074783819e-23, nan 
19.875, 61.625, 7.639194986685878e-24, nan 
20.125, 61.625, 1.0589654129657448e-23, nan 
20.375, 61.625, 1.1828809861547689e-23, nan 
20.625, 61.625, 1.8734513326992437e-23, nan 
20.875, 61.625, 2.680530578250947e-23, nan 
21.125, 61.625, 1.8532840139960096e-23, nan 
21.375, 61.625, 2.3653824223927876e-23, nan 
21.625, 61.625, 3.4389736717409426e-23, nan 
21.875, 61.625, 2.0012600415417235e-23, nan 
22.125, 61.625, 1.7184450597693007e-23, nan 
22.375, 61.625, 2.0263745870166757e-23, nan 
22.625, 61.625, 1.6008741416159776e-23, nan 
22.875, 61.625, 2.156526103224616e-23, nan 
23.125, 61.625, 1.684174283389225e-23, nan 
23.375, 61.625, 2.5599476109275965e-23, nan 
23.625, 61.625, 1.7751330194176266e-23, nan 
23.875, 61.625, 2.750421444119106e-23, nan 
24.125, 61.625, 2.6968377253311745e-23, nan 
24.375, 61.625, 2.698514886427833e-23, nan 
24.625, 61.625, 2.900307420626654e-23, nan 
24.875, 61.625, 3.495606940646173e-23, nan 
25.125, 61.625, 3.782541322738231e-23, nan 
25.375, 61.625, 2.3651374197366783e-23, nan 
25.625, 61.625, 1.7403557222581166e-23, nan 
25.875, 61.625, 1.84002844039527e-23, nan 
26.125, 61.625, 1.6253583712415813e-23, nan 
26.375, 61.625, 6.824577316933563e-24, nan 
26.625, 61.625, 7.673951427348144e-24, nan 
26.875, 61.625, 6.761582403495369e-24, nan 
27.125, 61.625, 5.4537894297418854e-24, nan 
27.375, 61.625, 4.4365713850701266e-24, nan 
27.625, 61.625, 4.128942089747791e-24, nan 
27.875, 61.625, 3.748118793788099e-24, nan 
28.125, 61.625, 4.301373354665224e-24, nan 
28.375, 61.625, 4.190301649121586e-24, nan 
28.625, 61.625, 6.250743225847479e-24, nan 
28.875, 61.625, 7.792668337149851e-24, nan 
29.125, 61.625, 9.010417390527317e-24, nan 
29.375, 61.625, 6.503202594099432e-24, nan 
29.625, 61.625, 6.962255018293737e-24, nan 
29.875, 61.625, 8.672019795119101e-24, nan 
30.125, 61.625, 6.140993618284985e-24, nan 
30.375, 61.625, 6.690681348070833e-24, nan 
30.625, 61.625, 1.8358506231103346e-23, nan 
30.875, 61.625, 1.8358407411099897e-23, nan 
31.125, 61.625, 1.1241543825430097e-23, nan 
31.375, 61.625, 7.197187045827494e-24, nan 
31.625, 61.625, 7.815100326371854e-24, nan 
31.875, 61.625, 1.525284243884428e-23, nan 
32.125, 61.625, 9.992325522699172e-24, nan 
32.375, 61.625, 6.71350593606984e-24, nan 
32.625, 61.625, 1.0519897534966892e-23, nan 
32.875, 61.625, 6.629145304635895e-24, nan 
33.125, 61.625, 6.511337114047555e-24, nan 
33.375, 61.625, 7.005893300163275e-24, nan 
33.625, 61.625, 6.811308784316006e-24, nan 
33.875, 61.625, 6.859671241526338e-24, nan 
34.125, 61.625, 7.279916938321154e-24, nan 
34.375, 61.625, 3.1669974789086443e-24, nan 
34.625, 61.625, 5.4866796794311835e-24, nan 
34.875, 61.625, 6.831187415794294e-24, nan 
35.125, 61.625, 4.997964395099494e-24, nan 
35.375, 61.625, 2.1186323829024917e-24, nan 
35.625, 61.625, 3.5548513754432815e-24, nan 
35.875, 61.625, 3.1884277849263638e-24, nan 
36.125, 61.625, 5.164330642048809e-24, nan 
36.375, 61.625, 6.3854830256121e-24, nan 
36.625, 61.625, 8.49714930108326e-24, nan 
36.875, 61.625, 9.207420367105627e-24, nan 
37.125, 61.625, 5.817837651498994e-24, nan 
37.375, 61.625, 1.4865075637642822e-23, nan 
37.625, 61.625, 1.4247521412541652e-23, nan 
-111.125, 61.875, 1.6453870184776484e-24, nan 
-110.875, 61.875, 1.6836196065945732e-24, nan 
-110.625, 61.875, 1.6453176737745418e-24, nan 
-110.375, 61.875, 1.8013073265400085e-24, nan 
-110.125, 61.875, 1.6810875283626182e-24, nan 
-109.875, 61.875, 1.2477204466294003e-24, nan 
-109.625, 61.875, 1.4102575739512959e-24, nan 
-109.375, 61.875, 1.3803693386441627e-24, nan 
-109.125, 61.875, 1.5464018008542244e-24, nan 
-108.875, 61.875, 1.456328471361263e-24, nan 
-108.625, 61.875, 1.5630592153085389e-24, nan 
-108.375, 61.875, 1.454530800140682e-24, nan 
-108.125, 61.875, 1.5429942295657563e-24, nan 
-107.875, 61.875, 1.4471239022681929e-24, nan 
-107.625, 61.875, 1.702647341883184e-24, nan 
-107.375, 61.875, 1.8059117772125955e-24, nan 
-107.125, 61.875, 2.0825247329099038e-24, nan 
-106.875, 61.875, 1.720024533547246e-24, nan 
-106.625, 61.875, 2.0291857480607948e-24, nan 
-106.375, 61.875, 1.7382452110264116e-24, nan 
-106.125, 61.875, 1.6555163053192906e-24, nan 
-105.875, 61.875, 1.7588462195860915e-24, nan 
-105.625, 61.875, 1.8544241796093886e-24, nan 
-105.375, 61.875, 1.5395902064581839e-24, nan 
-105.125, 61.875, 1.822000109417713e-24, nan 
-104.875, 61.875, 2.052438037780498e-24, nan 
-104.625, 61.875, 1.9715397410002274e-24, nan 
-104.375, 61.875, 2.3403542704693177e-24, nan 
-104.125, 61.875, 2.0500757332065303e-24, nan 
-103.875, 61.875, 2.231074646913519e-24, nan 
-103.625, 61.875, 1.8128968572888433e-24, nan 
-103.375, 61.875, 2.389368470345788e-24, nan 
-103.125, 61.875, 2.171816290952061e-24, nan 
-102.875, 61.875, 1.8050707375592012e-24, nan 
-102.625, 61.875, 1.5674246815087586e-24, nan 
-102.375, 61.875, 2.2323529210159206e-24, nan 
-102.125, 61.875, 2.507152909338092e-24, nan 
-101.875, 61.875, 3.670125791864298e-24, nan 
-101.625, 61.875, 3.2891632399740263e-24, nan 
-101.375, 61.875, 2.9506706301778838e-24, nan 
-101.125, 61.875, 3.0547176425308677e-24, nan 
-100.875, 61.875, 2.702938363356114e-24, nan 
-100.625, 61.875, 2.3005221724294057e-24, nan 
-100.375, 61.875, 2.4631437966747233e-24, nan 
-100.125, 61.875, 2.3743374005840843e-24, nan 
-99.875, 61.875, 2.5268824873405623e-24, nan 
-99.625, 61.875, 2.539847166098902e-24, nan 
-99.375, 61.875, 2.8222738980029586e-24, nan 
-99.125, 61.875, 2.53110163960376e-24, nan 
-98.875, 61.875, 2.099188404562166e-24, nan 
-98.625, 61.875, 1.9568857515904626e-24, nan 
-98.375, 61.875, 3.2277165473744665e-24, nan 
-98.125, 61.875, 2.0519317597333834e-24, nan 
-97.875, 61.875, 2.0892648867415994e-24, nan 
-97.625, 61.875, 3.171603964597543e-24, nan 
-97.375, 61.875, 3.053864413654596e-24, nan 
-97.125, 61.875, 2.988213558116627e-24, nan 
-96.875, 61.875, 3.316455756224881e-24, nan 
-96.625, 61.875, 3.1413808245315085e-24, nan 
-96.375, 61.875, 3.0158671606129207e-24, nan 
-96.125, 61.875, 2.910522047737441e-24, nan 
-95.875, 61.875, 2.802552527758343e-24, nan 
-95.625, 61.875, 3.451673728204328e-24, nan 
-95.375, 61.875, 4.417727066381527e-24, nan 
-95.125, 61.875, 3.4867547148592295e-24, nan 
-94.875, 61.875, 3.195863140017471e-24, nan 
-94.625, 61.875, 2.7577813718177353e-24, nan 
-94.375, 61.875, 3.6617069524352225e-24, nan 
-94.125, 61.875, 2.889678155868418e-24, nan 
-93.875, 61.875, 3.1279286711847494e-24, nan 
-93.625, 61.875, 4.1585263410578074e-24, nan 
-93.375, 61.875, 5.270982935235652e-24, nan 
-93.125, 61.875, 5.59655601063386e-24, nan 
-92.875, 61.875, 5.0124317246555595e-24, nan 
-92.625, 61.875, 5.862022434145174e-24, nan 
-92.375, 61.875, 6.039997212524586e-24, nan 
-92.125, 61.875, 4.277303727341309e-24, nan 
-91.875, 61.875, 4.7136395527448204e-24, nan 
-91.625, 61.875, 4.234785195140561e-24, nan 
-91.375, 61.875, 3.336303302830508e-24, nan 
-91.125, 61.875, 4.8796836657910246e-24, nan 
-90.875, 61.875, 4.782514727359186e-24, nan 
-90.625, 61.875, 5.2938204879714494e-24, nan 
-90.375, 61.875, 5.462383653065993e-24, nan 
-90.125, 61.875, 5.506107544473505e-24, nan 
-89.875, 61.875, 4.902827014336797e-24, nan 
-89.625, 61.875, 3.438308466245636e-24, nan 
-89.375, 61.875, 4.11699384326684e-24, nan 
-89.125, 61.875, 5.118093561142981e-24, nan 
-88.875, 61.875, 6.745251637580236e-24, nan 
-88.625, 61.875, 5.976635863874921e-24, nan 
-88.375, 61.875, 6.532789709963126e-24, nan 
-88.125, 61.875, 7.198966051575688e-24, nan 
-87.875, 61.875, 6.3099746823251704e-24, nan 
-87.625, 61.875, 7.316384810943808e-24, nan 
-87.375, 61.875, 7.608215316611474e-24, nan 
-87.125, 61.875, 6.89752423617944e-24, nan 
-86.875, 61.875, 6.748615795922794e-24, nan 
-86.625, 61.875, 6.2380076007354106e-24, nan 
-86.375, 61.875, 5.55413283187522e-24, nan 
-86.125, 61.875, 7.01242143425181e-24, nan 
-85.875, 61.875, 6.96690969154435e-24, nan 
-85.625, 61.875, 7.959413492884753e-24, nan 
-85.375, 61.875, 6.644774991919395e-24, nan 
-85.125, 61.875, 6.4946619968418756e-24, nan 
-84.875, 61.875, 7.006732151577897e-24, nan 
-84.625, 61.875, 6.236269460079525e-24, nan 
-84.375, 61.875, 6.7144263833888e-24, nan 
-84.125, 61.875, 8.400372087171609e-24, nan 
-83.875, 61.875, 1.022692589055555e-23, nan 
-83.625, 61.875, 7.516472029097993e-24, nan 
-83.375, 61.875, 7.25672463714542e-24, nan 
-83.125, 61.875, 8.427689667990503e-24, nan 
-82.875, 61.875, 6.762493797882537e-24, nan 
-82.625, 61.875, 6.531090124433759e-24, nan 
-82.375, 61.875, 5.87097459044455e-24, nan 
-82.125, 61.875, 6.107079341173442e-24, nan 
-81.875, 61.875, 6.714259012693835e-24, nan 
-81.625, 61.875, 6.859654489494648e-24, nan 
-81.375, 61.875, 8.829792925820454e-24, nan 
-81.125, 61.875, 9.827434990315584e-24, nan 
-80.875, 61.875, 8.863236578486578e-24, nan 
-80.625, 61.875, 8.64866861978362e-24, nan 
-80.375, 61.875, 1.0322320012648635e-23, nan 
-80.125, 61.875, 9.438008250541223e-24, nan 
-79.875, 61.875, 1.074985732363011e-23, nan 
-79.625, 61.875, 5.87241144353255e-24, nan 
-79.375, 61.875, 7.055662283350362e-24, nan 
-79.125, 61.875, 6.818102347338698e-24, nan 
-78.875, 61.875, 6.795779011236388e-24, nan 
-78.625, 61.875, 6.75818715859745e-24, nan 
-78.375, 61.875, 6.134915600290339e-24, nan 
-78.125, 61.875, 8.939707173379616e-24, nan 
-77.875, 61.875, 7.66791794711439e-24, nan 
-77.625, 61.875, 5.209480274186991e-24, nan 
-77.375, 61.875, 7.56694995796013e-24, nan 
-77.125, 61.875, 9.834527478471111e-24, nan 
-76.875, 61.875, 1.574379380485834e-23, nan 
-76.625, 61.875, 1.3105058999394992e-23, nan 
-76.375, 61.875, 1.2390222715696218e-23, nan 
-76.125, 61.875, 1.2990993121270098e-23, nan 
-75.875, 61.875, 1.1847123866437741e-23, nan 
-75.625, 61.875, 1.1997117186364125e-23, nan 
-75.375, 61.875, 9.356757207327133e-24, nan 
-75.125, 61.875, 1.002414014716959e-23, nan 
-74.875, 61.875, 1.2076485660409978e-23, nan 
-74.625, 61.875, 1.0893615222438235e-23, nan 
-74.375, 61.875, 1.009118810512605e-23, nan 
-74.125, 61.875, 9.500427979559809e-24, nan 
-73.875, 61.875, 9.506943578483701e-24, nan 
-73.625, 61.875, 1.0371082932810502e-23, nan 
-73.375, 61.875, 1.1241897314887826e-23, nan 
-73.125, 61.875, 1.3767359931654765e-23, nan 
-72.875, 61.875, 1.3176222715138578e-23, nan 
-72.625, 61.875, 1.0477943617358405e-23, nan 
-72.375, 61.875, 1.4623754241398675e-23, nan 
-72.125, 61.875, 1.6049258783637167e-23, nan 
-71.875, 61.875, 2.5284766006747627e-23, nan 
-71.625, 61.875, 2.4566328289431535e-23, nan 
-71.375, 61.875, 2.2405582090538243e-23, nan 
-71.125, 61.875, 1.568590852168756e-23, nan 
-70.875, 61.875, 1.3662979455197563e-23, nan 
-70.625, 61.875, 1.4004681797385474e-23, nan 
-70.375, 61.875, 1.2387654852205038e-23, nan 
-70.125, 61.875, 1.433920586456323e-23, nan 
-69.875, 61.875, 1.2206715584808774e-23, nan 
-69.625, 61.875, 1.173310490351138e-23, nan 
-69.375, 61.875, 1.230028673742386e-23, nan 
-69.125, 61.875, 1.3560762471897457e-23, nan 
-68.875, 61.875, 1.3272095292758282e-23, nan 
-68.625, 61.875, 1.1811731563693361e-23, nan 
-68.375, 61.875, 1.509563785085926e-23, nan 
-68.125, 61.875, 1.2815877799582693e-23, nan 
-67.875, 61.875, 1.1963868727009248e-23, nan 
-67.625, 61.875, 1.2158469546899786e-23, nan 
-67.375, 61.875, 1.5340268495023506e-23, nan 
-67.125, 61.875, 1.2857716843665484e-23, nan 
-66.875, 61.875, 1.2212241223682159e-23, nan 
-66.625, 61.875, 1.5690249200489158e-23, nan 
-66.375, 61.875, 1.5008583247987474e-23, nan 
-66.125, 61.875, 1.3553204014538732e-23, nan 
-65.875, 61.875, 1.550113031032457e-23, nan 
-65.625, 61.875, 1.4200020348997574e-23, nan 
-65.375, 61.875, 1.6121486385762253e-23, nan 
-65.125, 61.875, 1.3111831691180028e-23, nan 
-64.875, 61.875, 1.402158090491659e-23, nan 
-64.625, 61.875, 1.5966850284634163e-23, nan 
-64.375, 61.875, 1.3038117077674617e-23, nan 
-64.125, 61.875, 1.0742612976334718e-23, nan 
-63.875, 61.875, 1.3846724127790237e-23, nan 
-63.625, 61.875, 1.4692087527265722e-23, nan 
-63.375, 61.875, 1.6429002862181323e-23, nan 
-63.125, 61.875, 1.4256127800506505e-23, nan 
-62.875, 61.875, 1.5757145702377958e-23, nan 
-62.625, 61.875, 1.5460880587820065e-23, nan 
-62.375, 61.875, 1.7270802854203768e-23, nan 
-62.125, 61.875, 1.5976638129428865e-23, nan 
-61.875, 61.875, 1.1715924694071286e-23, nan 
-61.625, 61.875, 1.6462904636117473e-23, nan 
-61.375, 61.875, 1.5538240458077442e-23, nan 
-61.125, 61.875, 1.6737895981171454e-23, nan 
-60.875, 61.875, 1.3390173102150887e-23, nan 
-60.625, 61.875, 1.4250483834194406e-23, nan 
-60.375, 61.875, 1.4048474897124746e-23, nan 
-60.125, 61.875, 1.431429951348091e-23, nan 
-59.875, 61.875, 2.3513698352143672e-23, nan 
-59.625, 61.875, 2.841136024094514e-23, nan 
-59.375, 61.875, 2.4444910400161035e-23, nan 
-59.125, 61.875, 1.9809157620707124e-23, nan 
-58.875, 61.875, 2.3921950541800516e-23, nan 
-58.625, 61.875, 2.8202599229166155e-23, nan 
-58.375, 61.875, 2.5004567994407913e-23, nan 
-58.125, 61.875, 2.3219965245853307e-23, nan 
-57.875, 61.875, 2.4414782772805122e-23, nan 
-57.625, 61.875, 2.160894868942799e-23, nan 
-57.375, 61.875, 2.0196464446307982e-23, nan 
-57.125, 61.875, 1.0838887418538959e-23, nan 
-56.875, 61.875, 1.6566786415785116e-23, nan 
-56.625, 61.875, 1.5986784870768516e-23, nan 
-56.375, 61.875, 1.7424573914282936e-23, nan 
-56.125, 61.875, 3.1407207193674035e-23, nan 
-55.875, 61.875, 2.0866421573133895e-23, nan 
-55.625, 61.875, 2.3875060472042294e-23, nan 
-55.375, 61.875, 2.0834763279769696e-23, nan 
-55.125, 61.875, 2.8038251147159057e-23, nan 
-54.875, 61.875, 3.055556219032975e-23, nan 
-54.625, 61.875, 3.500524476090419e-23, nan 
-54.375, 61.875, 3.568697667479103e-23, nan 
-54.125, 61.875, 3.6534170676079715e-23, nan 
-53.875, 61.875, 3.6966051985316797e-23, nan 
-53.625, 61.875, 3.1578822485943646e-23, nan 
-53.375, 61.875, 2.3695847997291803e-23, nan 
-53.125, 61.875, 2.505617070500725e-23, nan 
-52.875, 61.875, 3.232912317921031e-23, nan 
-52.625, 61.875, 2.814647704662417e-23, nan 
-52.375, 61.875, 4.0735826025494465e-23, nan 
-52.125, 61.875, 3.8740362804662016e-22, nan 
-51.875, 61.875, 4.320096894549217e-22, nan 
-51.625, 61.875, 3.9121856135483694e-23, nan 
-51.375, 61.875, 3.3375468553046294e-23, nan 
-51.125, 61.875, 5.055266367775279e-23, nan 
-50.875, 61.875, 6.21711663735747e-23, nan 
-50.625, 61.875, 5.777385561915673e-23, nan 
-50.375, 61.875, 9.900555925851855e-23, nan 
-50.125, 61.875, 1.0576827334239387e-22, nan 
-49.875, 61.875, 1.1892635310053469e-22, nan 
-49.625, 61.875, 8.573540541203109e-23, nan 
-49.375, 61.875, 8.292456757771381e-23, nan 
-49.125, 61.875, 1.4123868159151951e-22, nan 
-48.875, 61.875, 1.6439783788984214e-22, nan 
-48.625, 61.875, 8.425540139047686e-23, nan 
-48.375, 61.875, 8.968702354905851e-23, nan 
-48.125, 61.875, 1.1403965328091953e-22, nan 
-47.875, 61.875, 1.0327123793544038e-22, nan 
-47.625, 61.875, 7.740941486906985e-23, nan 
-47.375, 61.875, 5.827017263009727e-23, nan 
-47.125, 61.875, 6.890646486072229e-23, nan 
-46.875, 61.875, 4.884799821137289e-23, nan 
-46.625, 61.875, 4.0183346928694907e-23, nan 
-46.375, 61.875, 4.068610600365513e-23, nan 
-46.125, 61.875, 5.0907713047969506e-23, nan 
-45.875, 61.875, 3.053063995264739e-23, nan 
-45.625, 61.875, 2.906973289891299e-23, nan 
-45.375, 61.875, 3.2897335537279814e-23, nan 
-45.125, 61.875, 2.129834124397571e-23, nan 
-44.875, 61.875, 2.8083904028864595e-23, nan 
-44.625, 61.875, 2.63930256005589e-23, nan 
-44.375, 61.875, 2.0667477532920154e-23, nan 
-44.125, 61.875, 3.3260895158999354e-23, nan 
-43.875, 61.875, 2.3227199331944285e-23, nan 
-43.625, 61.875, 1.975170914722815e-23, nan 
-43.375, 61.875, 2.8685915025542157e-23, nan 
-43.125, 61.875, 2.929130376572313e-23, nan 
-42.875, 61.875, 1.892523517547628e-23, nan 
-42.625, 61.875, 3.2381589308470757e-23, nan 
-42.375, 61.875, 2.6096471939239465e-23, nan 
-42.125, 61.875, 4.5813229735018337e-23, nan 
-41.875, 61.875, 4.6593564471125654e-23, nan 
-41.625, 61.875, 3.437007112883308e-23, nan 
-41.375, 61.875, 3.7700381366595954e-23, nan 
-41.125, 61.875, 4.56937001993625e-23, nan 
-40.875, 61.875, 2.313814823660981e-23, nan 
-40.625, 61.875, 1.68223947215832e-23, nan 
-40.375, 61.875, 3.377715557369185e-23, nan 
-40.125, 61.875, 2.57686375197617e-23, nan 
-39.875, 61.875, 3.12254161732201e-23, nan 
-39.625, 61.875, 2.6089411722283294e-23, nan 
-39.375, 61.875, 3.025991906710834e-23, nan 
-39.125, 61.875, 4.7607783174129527e-23, nan 
-38.875, 61.875, 3.235160557184182e-23, nan 
-38.625, 61.875, 2.2333100241630846e-23, nan 
-38.375, 61.875, 3.0798935141548787e-23, nan 
-38.125, 61.875, 3.155218192635114e-23, nan 
-37.875, 61.875, 2.799093109992633e-23, nan 
-37.625, 61.875, 2.816500350724269e-23, nan 
-37.375, 61.875, 3.52178363807176e-23, nan 
-37.125, 61.875, 2.977355102583034e-23, nan 
-36.875, 61.875, 3.004199842311936e-23, nan 
-36.625, 61.875, 3.3578997003432003e-23, nan 
-36.375, 61.875, 3.061046602452736e-23, nan 
-36.125, 61.875, 2.4251709542955226e-23, nan 
-35.875, 61.875, 2.7679811642527085e-23, nan 
-35.625, 61.875, 2.6240923637616038e-23, nan 
-35.375, 61.875, 2.757803752923656e-23, nan 
-35.125, 61.875, 2.206362399325365e-23, nan 
-34.875, 61.875, 2.217778064658164e-23, nan 
-34.625, 61.875, 2.550703889325289e-23, nan 
-34.375, 61.875, 1.451790484527418e-23, nan 
-34.125, 61.875, 2.2550168834463964e-23, nan 
-33.875, 61.875, 1.745665984693635e-23, nan 
-33.625, 61.875, 1.68443110169046e-23, nan 
-33.375, 61.875, 1.495590173188048e-23, nan 
-33.125, 61.875, 1.8397249034150873e-23, nan 
-32.875, 61.875, 3.122904074680755e-23, nan 
-32.625, 61.875, 6.659183851277646e-23, nan 
-32.375, 61.875, 1.000624370059232e-22, nan 
-32.125, 61.875, 8.598322601309047e-23, nan 
-31.875, 61.875, 7.049816518623908e-23, nan 
-31.625, 61.875, 1.2956331301085083e-22, nan 
-31.375, 61.875, 1.3626119601383387e-22, nan 
-31.125, 61.875, 4.609046120845698e-23, nan 
-30.875, 61.875, 5.755549158146101e-23, nan 
-30.625, 61.875, 4.06557482313565e-23, nan 
-30.375, 61.875, 8.723182094841287e-24, nan 
-30.125, 61.875, 2.4057858864820037e-23, nan 
-29.875, 61.875, 3.113941622348361e-23, nan 
-29.625, 61.875, 5.193331934410304e-23, nan 
-29.375, 61.875, 5.997754316019184e-23, nan 
-29.125, 61.875, 5.103756078000546e-23, nan 
-28.875, 61.875, 8.100641393544127e-23, nan 
-28.625, 61.875, 9.673250577489869e-23, nan 
-28.375, 61.875, 5.677009810788805e-23, nan 
-28.125, 61.875, 3.372986049953212e-23, nan 
-27.875, 61.875, 5.0299640644987405e-23, nan 
-27.625, 61.875, 4.322019616499823e-23, nan 
-27.375, 61.875, 2.4435441670607647e-23, nan 
-27.125, 61.875, 3.301993765225077e-23, nan 
-26.875, 61.875, 3.917578668054204e-23, nan 
-26.625, 61.875, 2.4512266388515883e-23, nan 
-26.375, 61.875, 3.746133778328455e-23, nan 
-26.125, 61.875, 2.851938568706749e-23, nan 
-25.875, 61.875, 1.209331721756477e-23, nan 
-25.625, 61.875, 1.741568930377578e-23, nan 
-25.375, 61.875, 1.9492272858372756e-23, nan 
-25.125, 61.875, 1.4620986924056126e-23, nan 
-24.875, 61.875, 3.2357709578706246e-23, nan 
-24.625, 61.875, 5.73982896828147e-23, nan 
-24.375, 61.875, 3.480464669557541e-23, nan 
-24.125, 61.875, 3.9165834986915596e-23, nan 
-23.875, 61.875, 4.113643747161743e-23, nan 
-23.625, 61.875, 2.7979411519884494e-23, nan 
-23.375, 61.875, 3.133448848477271e-23, nan 
-23.125, 61.875, 3.290007513218668e-23, nan 
-22.875, 61.875, 3.139194395891748e-23, nan 
-22.625, 61.875, 4.5037568066225604e-23, nan 
-22.375, 61.875, 6.037646713085126e-23, nan 
-22.125, 61.875, 6.018947257312329e-23, nan 
-21.875, 61.875, 3.009101254642056e-23, nan 
-21.625, 61.875, 5.387044383408909e-23, nan 
-21.375, 61.875, 3.883605906999189e-23, nan 
-21.125, 61.875, 1.8794707564515353e-23, nan 
-20.875, 61.875, 3.246420697887382e-23, nan 
-20.625, 61.875, 3.3877379786396136e-23, nan 
-20.375, 61.875, 1.2315752833113774e-23, nan 
-20.125, 61.875, 1.5403885930533115e-23, nan 
-19.875, 61.875, 3.6791416646778e-23, nan 
-19.625, 61.875, 1.475991808642002e-23, nan 
-19.375, 61.875, 1.5957982121750947e-23, nan 
-19.125, 61.875, 3.521135991406267e-23, nan 
-18.875, 61.875, 3.48709223701965e-23, nan 
-18.625, 61.875, 1.975969583528576e-23, nan 
-18.375, 61.875, 2.1652871149561912e-23, nan 
-18.125, 61.875, 2.3979070096539534e-23, nan 
-17.875, 61.875, 3.6406716954209775e-23, nan 
-17.625, 61.875, 4.1018696181029807e-23, nan 
-17.375, 61.875, 2.3364477774803566e-23, nan 
-17.125, 61.875, 2.0826150522868652e-23, nan 
-16.875, 61.875, 3.007595951011424e-23, nan 
-16.625, 61.875, 3.0817486006149657e-23, nan 
-16.375, 61.875, 4.1825739837230823e-23, nan 
-16.125, 61.875, 4.4393299028792134e-23, nan 
-15.875, 61.875, 6.690117011533767e-23, nan 
-15.625, 61.875, 4.334361962500406e-23, nan 
-15.375, 61.875, 4.1996052608225164e-23, nan 
-15.125, 61.875, 4.655235846323688e-23, nan 
-14.875, 61.875, 5.393626401633426e-23, nan 
-14.625, 61.875, 7.053563508606309e-23, nan 
-14.375, 61.875, 5.461594437994443e-23, nan 
-14.125, 61.875, 4.311869958620438e-23, nan 
-13.875, 61.875, 3.0589099621978277e-23, nan 
-13.625, 61.875, 2.385314002585786e-23, nan 
-13.375, 61.875, 2.742185694929045e-23, nan 
-13.125, 61.875, 2.275144511099547e-23, nan 
-12.875, 61.875, 2.0348830407780142e-23, nan 
-12.625, 61.875, 1.9424658665527766e-23, nan 
-12.375, 61.875, 3.1454520843347216e-23, nan 
-12.125, 61.875, 1.869970181565956e-23, nan 
-11.875, 61.875, 1.0534847179644552e-23, nan 
-11.625, 61.875, 1.8092001298647468e-23, nan 
-11.375, 61.875, 1.491196558469812e-23, nan 
-11.125, 61.875, 9.965703099962462e-24, nan 
-10.875, 61.875, 1.7181159880111075e-23, nan 
-10.625, 61.875, 1.6494218923889307e-23, nan 
-10.375, 61.875, 2.658471600818976e-23, nan 
-10.125, 61.875, 3.364673086430077e-23, nan 
-9.875, 61.875, 3.720405132203469e-23, nan 
-9.625, 61.875, 3.1811644106453067e-23, nan 
-9.375, 61.875, 4.826612543236625e-23, nan 
-9.125, 61.875, 5.752208229482676e-23, nan 
-8.875, 61.875, 7.462370088918275e-23, nan 
-8.625, 61.875, 4.997436340751163e-23, nan 
-8.375, 61.875, 7.583127597348497e-23, nan 
-8.125, 61.875, 1.1280176765434493e-22, nan 
-7.875, 61.875, 6.230188212034388e-23, nan 
-7.625, 61.875, 5.53049316665929e-23, nan 
-7.375, 61.875, 5.955563910611174e-23, nan 
-7.125, 61.875, 3.4460430283826163e-23, nan 
-6.875, 61.875, 6.150336123648322e-23, nan 
-6.625, 61.875, 7.048934293323995e-23, nan 
-6.375, 61.875, 5.254496454472076e-23, nan 
-6.125, 61.875, 5.696239971644712e-23, nan 
-5.875, 61.875, 4.6623776653383986e-23, nan 
-5.625, 61.875, 2.906862964663031e-23, nan 
-5.375, 61.875, 2.5621328384064545e-23, nan 
-5.125, 61.875, 2.328343491157623e-23, nan 
-4.875, 61.875, 2.464869506605078e-23, nan 
-4.625, 61.875, 2.8848819530206236e-23, nan 
-4.375, 61.875, 2.614544051764258e-23, nan 
-4.125, 61.875, 3.0959509628728145e-23, nan 
-3.875, 61.875, 3.03183246967019e-23, nan 
-3.625, 61.875, 2.5120204449357774e-23, nan 
-3.375, 61.875, 4.223904930346034e-23, nan 
-3.125, 61.875, 3.7387923492081224e-23, nan 
-2.875, 61.875, 2.9612863715912804e-23, nan 
-2.625, 61.875, 4.132680583334009e-23, nan 
-2.375, 61.875, 2.6139618586380614e-23, nan 
-2.125, 61.875, 4.345530911118514e-23, nan 
-1.875, 61.875, 3.528214835745853e-23, nan 
-1.625, 61.875, 1.4881729897189714e-23, nan 
-1.375, 61.875, 3.8150165897848714e-23, nan 
-1.125, 61.875, 2.690920045036653e-23, nan 
-0.875, 61.875, 2.1862114653479874e-23, nan 
-0.625, 61.875, 3.445233722743355e-23, nan 
-0.375, 61.875, 3.1340277556751216e-23, nan 
-0.125, 61.875, 3.318280378658416e-23, nan 
0.125, 61.875, 1.1136250636772431e-23, nan 
0.375, 61.875, 1.3086991285954381e-23, nan 
0.625, 61.875, 2.4417027833059906e-23, nan 
0.875, 61.875, 1.597730293826669e-23, nan 
1.125, 61.875, 2.6196116036016724e-23, nan 
1.375, 61.875, 9.553575445480843e-24, nan 
1.625, 61.875, 2.165484566880094e-23, nan 
1.875, 61.875, 2.2121693188916142e-23, nan 
2.125, 61.875, 1.3440725879493355e-23, nan 
2.375, 61.875, 1.3230980420846491e-23, nan 
2.625, 61.875, 1.8843426856287567e-23, nan 
2.875, 61.875, 2.686989739139085e-23, nan 
3.125, 61.875, 2.6835375971459e-23, nan 
3.375, 61.875, 2.691508930681978e-23, nan 
3.625, 61.875, 2.9734731193095614e-23, nan 
3.875, 61.875, 2.558345586518149e-23, nan 
4.125, 61.875, 2.4127396389564614e-23, nan 
4.375, 61.875, 1.44440107778179e-23, nan 
4.625, 61.875, 1.105871625994637e-23, nan 
4.875, 61.875, 1.1083820717437057e-23, nan 
5.125, 61.875, 2.074036569178547e-23, nan 
5.375, 61.875, 3.336346361637002e-23, nan 
5.625, 61.875, 2.691405884589329e-22, nan 
5.875, 61.875, 3.578563211250766e-22, nan 
6.125, 61.875, 1.595263236242513e-22, nan 
6.375, 61.875, 7.370723132453203e-22, nan 
6.625, 61.875, 7.421238463560209e-22, nan 
6.875, 61.875, 4.101782179402613e-22, nan 
7.125, 61.875, 3.2435023918957125e-22, nan 
7.375, 61.875, 3.557907364715694e-22, nan 
7.625, 61.875, 1.4844011067276531e-22, nan 
7.875, 61.875, 5.142285514484503e-23, nan 
8.125, 61.875, 4.748776935546497e-23, nan 
8.375, 61.875, 4.326451401273638e-23, nan 
8.625, 61.875, 5.882077867645674e-23, nan 
8.875, 61.875, 3.725465536118403e-23, nan 
9.125, 61.875, 4.309094021481793e-23, nan 
9.375, 61.875, 3.641745687427048e-23, nan 
9.625, 61.875, 3.3052238229543116e-23, nan 
9.875, 61.875, 3.5845886946918184e-23, nan 
10.125, 61.875, 3.2632067980150454e-23, nan 
10.375, 61.875, 4.09445799592339e-23, nan 
10.625, 61.875, 4.4201057795862915e-23, nan 
10.875, 61.875, 2.5207683047968495e-23, nan 
11.125, 61.875, 2.6731506018488845e-23, nan 
11.375, 61.875, 3.5113629017232655e-23, nan 
11.625, 61.875, 2.928854933396805e-23, nan 
11.875, 61.875, 2.230338124418165e-23, nan 
12.125, 61.875, 3.2752071622778294e-23, nan 
12.375, 61.875, 4.2183718093930414e-23, nan 
12.625, 61.875, 3.2052054840279487e-23, nan 
12.875, 61.875, 4.2341504928729294e-23, nan 
13.125, 61.875, 5.425903388324451e-23, nan 
13.375, 61.875, 3.3080737186368196e-23, nan 
13.625, 61.875, 4.2029688323032236e-23, nan 
13.875, 61.875, 5.322288427906534e-23, nan 
14.125, 61.875, 6.378717357139198e-23, nan 
14.375, 61.875, 2.5099153592785387e-23, nan 
14.625, 61.875, 3.9383166449645637e-23, nan 
14.875, 61.875, 2.9533738429566245e-23, nan 
15.125, 61.875, 2.4664188372228655e-23, nan 
15.375, 61.875, 3.255706505321646e-23, nan 
15.625, 61.875, 2.7783011675800356e-23, nan 
15.875, 61.875, 2.2158156872341713e-23, nan 
16.125, 61.875, 2.771299268128765e-23, nan 
16.375, 61.875, 4.090284434191912e-23, nan 
16.625, 61.875, 2.0132661720078408e-23, nan 
16.875, 61.875, 1.410463818950154e-23, nan 
17.125, 61.875, 1.6546004656385085e-23, nan 
17.375, 61.875, 6.565481537504144e-24, nan 
17.625, 61.875, 4.963640775977195e-24, nan 
17.875, 61.875, 1.4194048483418717e-23, nan 
18.125, 61.875, 2.282736821301902e-23, nan 
18.375, 61.875, 1.10793172538101e-23, nan 
18.625, 61.875, 1.0663804021397956e-23, nan 
18.875, 61.875, 3.2799831787154846e-23, nan 
19.125, 61.875, 1.326709508476998e-23, nan 
19.375, 61.875, 1.4268306013798803e-23, nan 
19.625, 61.875, 8.760418887493736e-24, nan 
19.875, 61.875, 1.0921834687357642e-23, nan 
20.125, 61.875, 1.0780700317613712e-23, nan 
20.375, 61.875, 6.648092465799124e-24, nan 
20.625, 61.875, 1.4733720161187255e-23, nan 
20.875, 61.875, 1.504692063647486e-23, nan 
21.125, 61.875, 1.465255582179121e-23, nan 
21.375, 61.875, 1.8699204575942217e-23, nan 
21.625, 61.875, 2.891919348974741e-23, nan 
21.875, 61.875, 1.804435139378908e-23, nan 
22.125, 61.875, 2.167502016734213e-23, nan 
22.375, 61.875, 2.0119850790191713e-23, nan 
22.625, 61.875, 1.2059650878178511e-23, nan 
22.875, 61.875, 2.135082334980114e-23, nan 
23.125, 61.875, 1.8541292379365317e-23, nan 
23.375, 61.875, 2.6987826464268885e-23, nan 
23.625, 61.875, 1.9261984335687268e-23, nan 
23.875, 61.875, 1.818768625102306e-23, nan 
24.125, 61.875, 2.238428073831337e-23, nan 
24.375, 61.875, 2.151486937106418e-23, nan 
24.625, 61.875, 1.8633746036792023e-23, nan 
24.875, 61.875, 3.8650637246506866e-23, nan 
25.125, 61.875, 3.878228588529222e-23, nan 
25.375, 61.875, 1.5672867525626204e-23, nan 
25.625, 61.875, 1.3782819669070246e-23, nan 
25.875, 61.875, 1.5674462737748421e-23, nan 
26.125, 61.875, 1.2973612279742493e-23, nan 
26.375, 61.875, 1.224931475321092e-23, nan 
26.625, 61.875, 1.414932872924895e-23, nan 
26.875, 61.875, 1.348645344181557e-23, nan 
27.125, 61.875, 2.6340916448000238e-23, nan 
27.375, 61.875, 2.2036427167011468e-23, nan 
27.625, 61.875, 1.1090163316809567e-23, nan 
27.875, 61.875, 5.0838207448019674e-24, nan 
28.125, 61.875, 4.548879804430616e-24, nan 
28.375, 61.875, 4.581090610414704e-24, nan 
28.625, 61.875, 6.936496413217687e-24, nan 
28.875, 61.875, 7.135958000080762e-24, nan 
29.125, 61.875, 9.061119577780958e-24, nan 
29.375, 61.875, 1.1161578310678414e-23, nan 
29.625, 61.875, 1.8685535729734433e-23, nan 
29.875, 61.875, 8.342750043887681e-24, nan 
30.125, 61.875, 5.2576293831766634e-24, nan 
30.375, 61.875, 5.8506496084292184e-24, nan 
30.625, 61.875, 1.5964487683556618e-23, nan 
30.875, 61.875, 1.8485553824154013e-23, nan 
31.125, 61.875, 1.0401776090811386e-23, nan 
31.375, 61.875, 1.3864560283844906e-23, nan 
31.625, 61.875, 1.7655796513543628e-23, nan 
31.875, 61.875, 9.287302685779351e-24, nan 
32.125, 61.875, 7.777741607783305e-24, nan 
32.375, 61.875, 9.480217251344718e-24, nan 
32.625, 61.875, 1.0766937386209715e-23, nan 
32.875, 61.875, 6.049370465238657e-24, nan 
33.125, 61.875, 6.22800552884573e-24, nan 
33.375, 61.875, 4.857095207702475e-24, nan 
33.625, 61.875, 4.583314355216915e-24, nan 
33.875, 61.875, 8.101535129012435e-24, nan 
34.125, 61.875, 3.9726629965767734e-24, nan 
34.375, 61.875, 3.311907769837859e-24, nan 
34.625, 61.875, 6.015386900144193e-24, nan 
34.875, 61.875, 6.260585244059257e-24, nan 
35.125, 61.875, 6.095710912916863e-24, nan 
35.375, 61.875, 1.633764319047802e-24, nan 
35.625, 61.875, 3.3828964322661744e-24, nan 
35.875, 61.875, 3.7603742256899025e-24, nan 
36.125, 61.875, 2.212586246133673e-24, nan 
36.375, 61.875, 5.6240081059107376e-24, nan 
36.625, 61.875, 3.595877955583906e-24, nan 
36.875, 61.875, 7.490721985335731e-24, nan 
37.125, 61.875, 7.600678240108613e-24, nan 
37.375, 61.875, 1.2917529778547656e-23, nan 
37.625, 61.875, 1.0913005730087012e-23, nan 
37.875, 61.875, 5.631202792925927e-24, nan 
38.125, 61.875, 6.013471364779691e-24, nan 
38.375, 61.875, 6.1599074260210205e-24, nan 
38.625, 61.875, 5.3273238611348995e-24, nan 
-111.875, 62.125, 1.7444028609351974e-24, nan 
-111.625, 62.125, 1.5463381055618933e-24, nan 
-111.375, 62.125, 1.787102079828841e-24, nan 
-111.125, 62.125, 1.668410110248286e-24, nan 
-110.875, 62.125, 1.7740421197999586e-24, nan 
-110.625, 62.125, 1.9009499902659224e-24, nan 
-110.375, 62.125, 1.9559007092516772e-24, nan 
-110.125, 62.125, 1.937685886810665e-24, nan 
-109.875, 62.125, 1.9951634487831122e-24, nan 
-109.625, 62.125, 2.219688282072742e-24, nan 
-109.375, 62.125, 1.6367696269580947e-24, nan 
-109.125, 62.125, 1.5880046171452574e-24, nan 
-108.875, 62.125, 1.4160671792832488e-24, nan 
-108.625, 62.125, 1.4189058109318279e-24, nan 
-108.375, 62.125, 1.4445008207283646e-24, nan 
-108.125, 62.125, 1.4939785323043294e-24, nan 
-107.875, 62.125, 1.472370146998169e-24, nan 
-107.625, 62.125, 1.4912412128855624e-24, nan 
-107.375, 62.125, 1.6737327889938792e-24, nan 
-107.125, 62.125, 1.54663266721256e-24, nan 
-106.875, 62.125, 1.4215084629315149e-24, nan 
-106.625, 62.125, 1.9348547180663543e-24, nan 
-106.375, 62.125, 1.8555736513958656e-24, nan 
-106.125, 62.125, 1.7575551526365698e-24, nan 
-105.875, 62.125, 1.7639420811656723e-24, nan 
-105.625, 62.125, 1.4946291330098785e-24, nan 
-105.375, 62.125, 1.4145655968786703e-24, nan 
-105.125, 62.125, 1.7175280353561493e-24, nan 
-104.875, 62.125, 1.622537854138067e-24, nan 
-104.625, 62.125, 1.4593812577390615e-24, nan 
-104.375, 62.125, 1.4999754791207725e-24, nan 
-104.125, 62.125, 1.6693526631516285e-24, nan 
-103.875, 62.125, 1.3631406867147709e-24, nan 
-103.625, 62.125, 1.709426712376432e-24, nan 
-103.375, 62.125, 1.5308298023806427e-24, nan 
-103.125, 62.125, 1.6495799953388062e-24, nan 
-102.875, 62.125, 1.3753418927212707e-24, nan 
-102.625, 62.125, 1.45727029242707e-24, nan 
-102.375, 62.125, 1.7022271431723487e-24, nan 
-102.125, 62.125, 1.6852890103116955e-24, nan 
-101.875, 62.125, 2.284437994859529e-24, nan 
-101.625, 62.125, 2.6023807089367783e-24, nan 
-101.375, 62.125, 2.5188784581804536e-24, nan 
-101.125, 62.125, 1.9547885213415145e-24, nan 
-100.875, 62.125, 1.919246132470013e-24, nan 
-100.625, 62.125, 1.9691460908483445e-24, nan 
-100.375, 62.125, 2.075478902386692e-24, nan 
-100.125, 62.125, 2.121559790328393e-24, nan 
-99.875, 62.125, 2.241162329515949e-24, nan 
-99.625, 62.125, 2.1023537676561123e-24, nan 
-99.375, 62.125, 2.349452379831545e-24, nan 
-99.125, 62.125, 2.282277922202038e-24, nan 
-98.875, 62.125, 1.9161810046722314e-24, nan 
-98.625, 62.125, 2.2182687708867162e-24, nan 
-98.375, 62.125, 1.8829767644109206e-24, nan 
-98.125, 62.125, 3.055283802093917e-24, nan 
-97.875, 62.125, 2.5417183042391605e-24, nan 
-97.625, 62.125, 2.863311583166638e-24, nan 
-97.375, 62.125, 3.5499671159307716e-24, nan 
-97.125, 62.125, 3.646375918410805e-24, nan 
-96.875, 62.125, 3.977358015762531e-24, nan 
-96.625, 62.125, 3.843149027963372e-24, nan 
-96.375, 62.125, 3.7541557403921544e-24, nan 
-96.125, 62.125, 3.880150904885573e-24, nan 
-95.875, 62.125, 4.392434130699051e-24, nan 
-95.625, 62.125, 4.169971922243211e-24, nan 
-95.375, 62.125, 5.308063159766945e-24, nan 
-95.125, 62.125, 5.008031990696312e-24, nan 
-94.875, 62.125, 4.939739821884735e-24, nan 
-94.625, 62.125, 4.713307699614762e-24, nan 
-94.375, 62.125, 3.8842314044794615e-24, nan 
-94.125, 62.125, 3.2752506478290046e-24, nan 
-93.875, 62.125, 3.098341812109279e-24, nan 
-93.625, 62.125, 3.466999567714294e-24, nan 
-93.375, 62.125, 4.3260156807210575e-24, nan 
-93.125, 62.125, 5.814872980146289e-24, nan 
-92.875, 62.125, 5.3412938322590666e-24, nan 
-92.625, 62.125, 4.4832711459864186e-24, nan 
-92.375, 62.125, 4.6444334429817944e-24, nan 
-92.125, 62.125, 3.994072872151399e-24, nan 
-91.875, 62.125, 4.238346761225175e-24, nan 
-91.625, 62.125, 4.7317015734245726e-24, nan 
-91.375, 62.125, 5.059797145859039e-24, nan 
-91.125, 62.125, 5.025718173929903e-24, nan 
-90.875, 62.125, 4.624854852582425e-24, nan 
-90.625, 62.125, 5.318478408667536e-24, nan 
-90.375, 62.125, 5.801626710226492e-24, nan 
-90.125, 62.125, 5.1714954277893376e-24, nan 
-89.875, 62.125, 5.099952250351236e-24, nan 
-89.625, 62.125, 5.977681407627284e-24, nan 
-89.375, 62.125, 5.040567573264216e-24, nan 
-89.125, 62.125, 5.5697875443138866e-24, nan 
-88.875, 62.125, 6.545748113268686e-24, nan 
-88.625, 62.125, 7.789485099947461e-24, nan 
-88.375, 62.125, 7.364446889683105e-24, nan 
-88.125, 62.125, 7.777979521067364e-24, nan 
-87.875, 62.125, 8.064232932166027e-24, nan 
-87.625, 62.125, 7.887678188019664e-24, nan 
-87.375, 62.125, 7.479973122002263e-24, nan 
-87.125, 62.125, 7.491148401301012e-24, nan 
-86.875, 62.125, 6.796615889095446e-24, nan 
-86.625, 62.125, 7.062957823330534e-24, nan 
-86.375, 62.125, 7.399372965986377e-24, nan 
-86.125, 62.125, 5.7350207712187304e-24, nan 
-85.875, 62.125, 5.559065323179938e-24, nan 
-85.625, 62.125, 6.831249896275762e-24, nan 
-85.375, 62.125, 7.088169637748926e-24, nan 
-85.125, 62.125, 8.171289932064185e-24, nan 
-84.875, 62.125, 8.784854644806278e-24, nan 
-84.625, 62.125, 9.547392847846033e-24, nan 
-84.375, 62.125, 8.901974552918623e-24, nan 
-84.125, 62.125, 8.302082772827736e-24, nan 
-83.875, 62.125, 1.0812681779346139e-23, nan 
-83.625, 62.125, 8.348188290345228e-24, nan 
-83.375, 62.125, 6.930355476369643e-24, nan 
-83.125, 62.125, 5.647333448864514e-24, nan 
-82.875, 62.125, 6.816023699830188e-24, nan 
-82.625, 62.125, 7.318004941003566e-24, nan 
-82.375, 62.125, 6.687027733256172e-24, nan 
-82.125, 62.125, 7.923428407065043e-24, nan 
-81.875, 62.125, 9.169004640454777e-24, nan 
-81.625, 62.125, 9.115903076124934e-24, nan 
-81.375, 62.125, 9.904509010195832e-24, nan 
-81.125, 62.125, 1.2084123938160796e-23, nan 
-80.875, 62.125, 1.0692279230135874e-23, nan 
-80.625, 62.125, 8.95293383662808e-24, nan 
-80.375, 62.125, 7.961069972140496e-24, nan 
-80.125, 62.125, 8.037084067751276e-24, nan 
-79.875, 62.125, 7.881761631734936e-24, nan 
-79.625, 62.125, 6.909869697607696e-24, nan 
-79.375, 62.125, 8.381773889250908e-24, nan 
-79.125, 62.125, 8.504910655594769e-24, nan 
-78.875, 62.125, 9.840175803089832e-24, nan 
-78.625, 62.125, 9.241508569170492e-24, nan 
-78.375, 62.125, 9.134160054728335e-24, nan 
-78.125, 62.125, 8.812857114075051e-24, nan 
-77.875, 62.125, 8.706340756738195e-24, nan 
-77.625, 62.125, 9.75977764100116e-24, nan 
-77.375, 62.125, 8.646094420824089e-24, nan 
-77.125, 62.125, 1.146693773082115e-23, nan 
-76.875, 62.125, 1.527564651940841e-23, nan 
-76.625, 62.125, 1.2600202573533332e-23, nan 
-76.375, 62.125, 1.1430788172641006e-23, nan 
-76.125, 62.125, 8.984972391817476e-24, nan 
-75.875, 62.125, 9.098648863973647e-24, nan 
-75.625, 62.125, 1.058882727016135e-23, nan 
-75.375, 62.125, 1.1100840314845925e-23, nan 
-75.125, 62.125, 8.956306671669991e-24, nan 
-74.875, 62.125, 1.007958310532089e-23, nan 
-74.625, 62.125, 1.2576227479301293e-23, nan 
-74.375, 62.125, 1.0958977999297247e-23, nan 
-74.125, 62.125, 1.0815770427038454e-23, nan 
-73.875, 62.125, 1.1245788121874651e-23, nan 
-73.625, 62.125, 1.207359396062471e-23, nan 
-73.375, 62.125, 1.1080578527428552e-23, nan 
-73.125, 62.125, 1.2525170929952135e-23, nan 
-72.875, 62.125, 1.2455508574311978e-23, nan 
-72.625, 62.125, 1.3990817538373184e-23, nan 
-72.375, 62.125, 1.3500422298591273e-23, nan 
-72.125, 62.125, 1.1613447869287609e-23, nan 
-71.875, 62.125, 1.2626256775874964e-23, nan 
-71.625, 62.125, 1.7363345696415097e-23, nan 
-71.375, 62.125, 1.9360162439064814e-23, nan 
-71.125, 62.125, 1.5708365224643622e-23, nan 
-70.875, 62.125, 1.6487698976468683e-23, nan 
-70.625, 62.125, 1.2427530285808683e-23, nan 
-70.375, 62.125, 1.0751335138348859e-23, nan 
-70.125, 62.125, 1.3599293098362426e-23, nan 
-69.875, 62.125, 1.3284476416738747e-23, nan 
-69.625, 62.125, 1.4442929284601204e-23, nan 
-69.375, 62.125, 1.3307803047714733e-23, nan 
-69.125, 62.125, 1.7609650253537436e-23, nan 
-68.875, 62.125, 1.5680091388248096e-23, nan 
-68.625, 62.125, 1.4016473563875788e-23, nan 
-68.375, 62.125, 1.485307846833351e-23, nan 
-68.125, 62.125, 1.621958497834302e-23, nan 
-67.875, 62.125, 1.4880514057728546e-23, nan 
-67.625, 62.125, 1.1400047872159266e-23, nan 
-67.375, 62.125, 1.6968675814443355e-23, nan 
-67.125, 62.125, 1.3884228867679604e-23, nan 
-66.875, 62.125, 1.2930416106495017e-23, nan 
-66.625, 62.125, 1.499779147404637e-23, nan 
-66.375, 62.125, 1.2716283326388848e-23, nan 
-66.125, 62.125, 1.4793997370345837e-23, nan 
-65.875, 62.125, 1.445142826030022e-23, nan 
-65.625, 62.125, 1.4022305473905596e-23, nan 
-65.375, 62.125, 1.3835375450559165e-23, nan 
-65.125, 62.125, 9.786955930003584e-24, nan 
-64.875, 62.125, 1.1861448096542094e-23, nan 
-64.625, 62.125, 1.328305552712951e-23, nan 
-64.375, 62.125, 1.8943626027791305e-23, nan 
-64.125, 62.125, 1.953840009375672e-23, nan 
-63.875, 62.125, 1.6161116355852155e-23, nan 
-63.625, 62.125, 1.9054098242961444e-23, nan 
-63.375, 62.125, 2.1663963342164962e-23, nan 
-63.125, 62.125, 1.5747543382229644e-23, nan 
-62.875, 62.125, 1.479599512989762e-23, nan 
-62.625, 62.125, 1.4482544313615937e-23, nan 
-62.375, 62.125, 1.9042393016181226e-23, nan 
-62.125, 62.125, 1.8830456424006137e-23, nan 
-61.875, 62.125, 2.7317518933034867e-23, nan 
-61.625, 62.125, 1.6280999048176718e-23, nan 
-61.375, 62.125, 2.1766388385545605e-23, nan 
-61.125, 62.125, 2.4974971435815005e-23, nan 
-60.875, 62.125, 2.0885624394381095e-23, nan 
-60.625, 62.125, 2.1207401225423208e-23, nan 
-60.375, 62.125, 2.0350871372483403e-23, nan 
-60.125, 62.125, 1.9619127302992883e-23, nan 
-59.875, 62.125, 2.4388148847852932e-23, nan 
-59.625, 62.125, 2.2961032887913744e-23, nan 
-59.375, 62.125, 2.166435955856317e-23, nan 
-59.125, 62.125, 2.3706336046883847e-23, nan 
-58.875, 62.125, 1.8302390427277947e-23, nan 
-58.625, 62.125, 3.0196511588801616e-23, nan 
-58.375, 62.125, 2.858343102736006e-23, nan 
-58.125, 62.125, 2.8583706026360313e-23, nan 
-57.875, 62.125, 2.716365464143974e-23, nan 
-57.625, 62.125, 2.3400122034217546e-23, nan 
-57.375, 62.125, 2.2750824548130888e-23, nan 
-57.125, 62.125, 1.2354252596227855e-23, nan 
-56.875, 62.125, 1.763533004949762e-23, nan 
-56.625, 62.125, 1.773750881773034e-23, nan 
-56.375, 62.125, 2.2148842554576775e-23, nan 
-56.125, 62.125, 1.784421421376525e-23, nan 
-55.875, 62.125, 2.963630013876372e-23, nan 
-55.625, 62.125, 3.1812595518518456e-23, nan 
-55.375, 62.125, 2.848710900776198e-23, nan 
-55.125, 62.125, 3.42422605603303e-23, nan 
-54.875, 62.125, 2.7297115507379276e-23, nan 
-54.625, 62.125, 3.283310478514721e-23, nan 
-54.375, 62.125, 3.118517403200847e-23, nan 
-54.125, 62.125, 2.9963938033044906e-23, nan 
-53.875, 62.125, 2.236061853527888e-23, nan 
-53.625, 62.125, 2.0580964859885293e-23, nan 
-53.375, 62.125, 2.1564384676770775e-23, nan 
-53.125, 62.125, 1.683585592330809e-23, nan 
-52.875, 62.125, 2.8493641364473056e-23, nan 
-52.625, 62.125, 2.653077646675972e-23, nan 
-52.375, 62.125, 3.106945111869661e-23, nan 
-52.125, 62.125, 3.435827437786122e-23, nan 
-51.875, 62.125, 3.1334635417772483e-23, nan 
-51.625, 62.125, 2.7939995621892006e-23, nan 
-51.375, 62.125, 2.9729222493396157e-23, nan 
-51.125, 62.125, 1.1325427810413966e-23, nan 
-50.875, 62.125, 1.0734602684337148e-23, nan 
-50.625, 62.125, 1.5245305129476254e-23, nan 
-50.375, 62.125, 4.0135276304545427e-23, nan 
-50.125, 62.125, 9.406534098593842e-23, nan 
-49.875, 62.125, 8.914234855002703e-23, nan 
-49.625, 62.125, 3.914536733201134e-23, nan 
-49.375, 62.125, 9.226473950039725e-23, nan 
-49.125, 62.125, 1.35280804316526e-22, nan 
-48.875, 62.125, 1.4001388067333878e-22, nan 
-48.625, 62.125, 8.867670191763367e-23, nan 
-48.375, 62.125, 6.116342805122367e-23, nan 
-48.125, 62.125, 6.928021033958655e-23, nan 
-47.875, 62.125, 7.261327573400416e-23, nan 
-47.625, 62.125, 7.105805331278119e-23, nan 
-47.375, 62.125, 5.774036236834914e-23, nan 
-47.125, 62.125, 5.313370016812707e-23, nan 
-46.875, 62.125, 3.4555489855829486e-23, nan 
-46.625, 62.125, 4.016598904044272e-23, nan 
-46.375, 62.125, 5.064196141533877e-23, nan 
-46.125, 62.125, 4.896181043351541e-23, nan 
-45.875, 62.125, 2.7023206685410597e-23, nan 
-45.625, 62.125, 2.133664630173291e-23, nan 
-45.375, 62.125, 2.5185201522943094e-23, nan 
-45.125, 62.125, 3.0913104675554157e-23, nan 
-44.875, 62.125, 4.539912369082308e-23, nan 
-44.625, 62.125, 3.440897549127519e-23, nan 
-44.375, 62.125, 2.726341928905186e-23, nan 
-44.125, 62.125, 4.152819442008721e-23, nan 
-43.875, 62.125, 2.658914820440084e-23, nan 
-43.625, 62.125, 2.1449966622074712e-23, nan 
-43.375, 62.125, 2.409128740391436e-23, nan 
-43.125, 62.125, 3.2392785078172256e-23, nan 
-42.875, 62.125, 2.38701958765994e-23, nan 
-42.625, 62.125, 2.6795051989954666e-23, nan 
-42.375, 62.125, 2.956520678337164e-23, nan 
-42.125, 62.125, 4.154999083626193e-23, nan 
-41.875, 62.125, 3.873906432857093e-23, nan 
-41.625, 62.125, 3.295516506295199e-23, nan 
-41.375, 62.125, 2.805692778009019e-23, nan 
-41.125, 62.125, 4.0958400339615276e-23, nan 
-40.875, 62.125, 1.9826293262707563e-23, nan 
-40.625, 62.125, 2.0639623801802934e-23, nan 
-40.375, 62.125, 2.6417118266990252e-23, nan 
-40.125, 62.125, 2.050764216351449e-23, nan 
-39.875, 62.125, 3.4265676228436124e-23, nan 
-39.625, 62.125, 3.011909221917073e-23, nan 
-39.375, 62.125, 2.7908255551723776e-23, nan 
-39.125, 62.125, 2.8679856163400537e-23, nan 
-38.875, 62.125, 2.659555711933953e-23, nan 
-38.625, 62.125, 2.548507586788815e-23, nan 
-38.375, 62.125, 3.6673387591325437e-23, nan 
-38.125, 62.125, 4.175978973522934e-23, nan 
-37.875, 62.125, 2.949156048726024e-23, nan 
-37.625, 62.125, 4.902772735325222e-23, nan 
-37.375, 62.125, 5.098573173598663e-23, nan 
-37.125, 62.125, 1.9806880021809233e-23, nan 
-36.875, 62.125, 5.1728721482918456e-23, nan 
-36.625, 62.125, 7.591248004010271e-23, nan 
-36.375, 62.125, 3.9491921272497555e-23, nan 
-36.125, 62.125, 4.1955636247714467e-23, nan 
-35.875, 62.125, 6.176367003572444e-23, nan 
-35.625, 62.125, 4.945119856098509e-23, nan 
-35.375, 62.125, 4.613204927135569e-23, nan 
-35.125, 62.125, 3.003840977243949e-23, nan 
-34.875, 62.125, 3.0231403731767756e-23, nan 
-34.625, 62.125, 3.0554212583484894e-23, nan 
-34.375, 62.125, 1.4405790462012358e-23, nan 
-34.125, 62.125, 2.3717707005906487e-23, nan 
-33.875, 62.125, 1.6479553252174515e-23, nan 
-33.625, 62.125, 1.8539926883044713e-23, nan 
-33.375, 62.125, 1.6105708982477444e-23, nan 
-33.125, 62.125, 2.7175506065808627e-23, nan 
-32.875, 62.125, 5.892638267181448e-23, nan 
-32.625, 62.125, 7.756967193511026e-23, nan 
-32.375, 62.125, 5.957900579370498e-23, nan 
-32.125, 62.125, 6.432362931907118e-23, nan 
-31.875, 62.125, 9.796961196118137e-23, nan 
-31.625, 62.125, 1.0235936928248459e-22, nan 
-31.375, 62.125, 1.1532575463795518e-22, nan 
-31.125, 62.125, 3.22624687681039e-23, nan 
-30.875, 62.125, 6.602447098649974e-23, nan 
-30.625, 62.125, 6.049446675637492e-23, nan 
-30.375, 62.125, 3.742899512078852e-23, nan 
-30.125, 62.125, 1.7768779662014685e-23, nan 
-29.875, 62.125, 2.310628366282433e-23, nan 
-29.625, 62.125, 4.2796722008133024e-23, nan 
-29.375, 62.125, 3.1918593682765687e-23, nan 
-29.125, 62.125, 7.520567278263917e-23, nan 
-28.875, 62.125, 7.599004569409865e-23, nan 
-28.625, 62.125, 7.656336865745387e-23, nan 
-28.375, 62.125, 5.592427718157087e-23, nan 
-28.125, 62.125, 3.3741232158301895e-23, nan 
-27.875, 62.125, 3.1375631717949016e-23, nan 
-27.625, 62.125, 3.8338616324216053e-23, nan 
-27.375, 62.125, 2.728537228569482e-23, nan 
-27.125, 62.125, 3.933540328154748e-23, nan 
-26.875, 62.125, 2.54792548875115e-23, nan 
-26.625, 62.125, 5.911262835074512e-23, nan 
-26.375, 62.125, 7.770193150115586e-23, nan 
-26.125, 62.125, 2.8649713503621133e-23, nan 
-25.875, 62.125, 2.853014951969469e-23, nan 
-25.625, 62.125, 5.097955250468654e-23, nan 
-25.375, 62.125, 4.480443388100675e-23, nan 
-25.125, 62.125, 3.086951704828961e-23, nan 
-24.875, 62.125, 5.109151221173273e-23, nan 
-24.625, 62.125, 6.038409468134211e-23, nan 
-24.375, 62.125, 4.5873692370764685e-23, nan 
-24.125, 62.125, 5.173978694297748e-23, nan 
-23.875, 62.125, 5.0992626946297665e-23, nan 
-23.625, 62.125, 5.0626346219093306e-23, nan 
-23.375, 62.125, 7.141450953689793e-23, nan 
-23.125, 62.125, 2.4093791978650825e-23, nan 
-22.875, 62.125, 2.715666903499843e-23, nan 
-22.625, 62.125, 5.751347262887297e-23, nan 
-22.375, 62.125, 5.971590697033537e-23, nan 
-22.125, 62.125, 5.740599674797215e-23, nan 
-21.875, 62.125, 3.6085181796252034e-23, nan 
-21.625, 62.125, 4.860075559727044e-23, nan 
-21.375, 62.125, 3.502929577571357e-23, nan 
-21.125, 62.125, 2.255701630225772e-23, nan 
-20.875, 62.125, 3.114456362844959e-23, nan 
-20.625, 62.125, 2.8282155649110836e-23, nan 
-20.375, 62.125, 1.0273294558134881e-23, nan 
-20.125, 62.125, 1.0710995131697529e-23, nan 
-19.875, 62.125, 1.850091068752902e-23, nan 
-19.625, 62.125, 1.844953500847204e-23, nan 
-19.375, 62.125, 1.0226135323963561e-23, nan 
-19.125, 62.125, 3.3516359505467795e-23, nan 
-18.875, 62.125, 2.4030770443589804e-23, nan 
-18.625, 62.125, 2.7054052622880677e-23, nan 
-18.375, 62.125, 2.9776708984068294e-23, nan 
-18.125, 62.125, 2.5531636669561933e-23, nan 
-17.875, 62.125, 3.4770953572438336e-23, nan 
-17.625, 62.125, 2.9292645962555167e-23, nan 
-17.375, 62.125, 2.481063679580822e-23, nan 
-17.125, 62.125, 3.5450039149855604e-23, nan 
-16.875, 62.125, 5.072236667732981e-23, nan 
-16.625, 62.125, 7.757903352001373e-23, nan 
-16.375, 62.125, 5.330440800214844e-23, nan 
-16.125, 62.125, 6.491125210550567e-23, nan 
-15.875, 62.125, 1.2123882775215923e-22, nan 
-15.625, 62.125, 5.537436091228153e-23, nan 
-15.375, 62.125, 5.463791907835967e-23, nan 
-15.125, 62.125, 7.397343124165276e-23, nan 
-14.875, 62.125, 5.375683435701818e-23, nan 
-14.625, 62.125, 6.282496912575706e-23, nan 
-14.375, 62.125, 6.703010054884053e-23, nan 
-14.125, 62.125, 4.447749295461444e-23, nan 
-13.875, 62.125, 4.00060592354358e-23, nan 
-13.625, 62.125, 4.622190166494093e-23, nan 
-13.375, 62.125, 4.531021751156222e-23, nan 
-13.125, 62.125, 4.6435435483429686e-23, nan 
-12.875, 62.125, 3.7898068724398233e-23, nan 
-12.625, 62.125, 2.3429234634603263e-23, nan 
-12.375, 62.125, 2.2274023935206577e-23, nan 
-12.125, 62.125, 1.9399176384530864e-23, nan 
-11.875, 62.125, 1.5804129714903258e-23, nan 
-11.625, 62.125, 2.8280063506470534e-23, nan 
-11.375, 62.125, 4.3893490774922336e-23, nan 
-11.125, 62.125, 9.307011842515735e-24, nan 
-10.875, 62.125, 1.4356813394237882e-23, nan 
-10.625, 62.125, 2.0607753555947716e-23, nan 
-10.375, 62.125, 4.3113202806189884e-23, nan 
-10.125, 62.125, 7.323952745066061e-23, nan 
-9.875, 62.125, 3.2559498439485664e-23, nan 
-9.625, 62.125, 3.270297259685329e-23, nan 
-9.375, 62.125, 5.89611731569892e-23, nan 
-9.125, 62.125, 1.019123560967345e-22, nan 
-8.875, 62.125, 9.450016353728626e-23, nan 
-8.625, 62.125, 7.031606608508845e-23, nan 
-8.375, 62.125, 1.066994397689124e-22, nan 
-8.125, 62.125, 1.0902586636520109e-22, nan 
-7.875, 62.125, 7.203529711207819e-23, nan 
-7.625, 62.125, 3.303823503458941e-23, nan 
-7.375, 62.125, 4.2862374658919054e-23, nan 
-7.125, 62.125, 3.327058040848424e-23, nan 
-6.875, 62.125, 5.603864685737646e-23, nan 
-6.625, 62.125, 5.63478864651233e-23, nan 
-6.375, 62.125, 4.326754290082518e-23, nan 
-6.125, 62.125, 4.6750128993419477e-23, nan 
-5.875, 62.125, 1.8288105917649793e-23, nan 
-5.625, 62.125, 1.540744330808396e-23, nan 
-5.375, 62.125, 2.5872319763834608e-23, nan 
-5.125, 62.125, 2.2763156379824098e-23, nan 
-4.875, 62.125, 2.3531901303646114e-23, nan 
-4.625, 62.125, 3.2149192149732997e-23, nan 
-4.375, 62.125, 1.8471605238653082e-23, nan 
-4.125, 62.125, 1.560749561552945e-23, nan 
-3.875, 62.125, 2.0284548820513957e-23, nan 
-3.625, 62.125, 1.9158951784661464e-23, nan 
-3.375, 62.125, 4.324945849653008e-23, nan 
-3.125, 62.125, 5.397298140632595e-23, nan 
-2.875, 62.125, 6.010494179262531e-23, nan 
-2.625, 62.125, 4.272686573929852e-23, nan 
-2.375, 62.125, 4.956513348966595e-23, nan 
-2.125, 62.125, 8.134481336454844e-23, nan 
-1.875, 62.125, 4.126746889035946e-23, nan 
-1.625, 62.125, 1.243065926588649e-23, nan 
-1.375, 62.125, 4.283661634242609e-23, nan 
-1.125, 62.125, 3.6727804785778014e-23, nan 
-0.875, 62.125, 2.9023739520256456e-23, nan 
-0.625, 62.125, 4.367385317331768e-23, nan 
-0.375, 62.125, 4.842566247454109e-23, nan 
-0.125, 62.125, 3.0867039674689055e-23, nan 
0.125, 62.125, 1.5420931525665147e-23, nan 
0.375, 62.125, 2.0534372525240616e-23, nan 
0.625, 62.125, 1.8561890136158197e-23, nan 
0.875, 62.125, 1.9759543922319713e-23, nan 
1.125, 62.125, 1.6662020913138047e-23, nan 
1.375, 62.125, 2.375679771684268e-23, nan 
1.625, 62.125, 3.0071495081610487e-23, nan 
1.875, 62.125, 1.4688014343830393e-23, nan 
2.125, 62.125, 2.141042525713441e-23, nan 
2.375, 62.125, 4.0655257379085943e-23, nan 
2.625, 62.125, 3.1127816012512194e-23, nan 
2.875, 62.125, 3.578219467039769e-23, nan 
3.125, 62.125, 2.4868547242600583e-23, nan 
3.375, 62.125, 2.4293114515110532e-23, nan 
3.625, 62.125, 2.8047122610551944e-23, nan 
3.875, 62.125, 2.3907010702558957e-23, nan 
4.125, 62.125, 1.8487382348619177e-23, nan 
4.375, 62.125, 1.4478061456148072e-23, nan 
4.625, 62.125, 1.6184122087815172e-23, nan 
4.875, 62.125, 2.309100364987501e-23, nan 
5.125, 62.125, 2.6010079144431136e-23, nan 
5.375, 62.125, 5.528601429453924e-23, nan 
5.625, 62.125, 6.373096014196024e-23, nan 
5.875, 62.125, 2.1828306673339524e-22, nan 
6.125, 62.125, 7.107545912675301e-23, nan 
6.375, 62.125, 4.818871656122213e-22, nan 
6.625, 62.125, 5.153516162984101e-22, nan 
6.875, 62.125, 2.674526716666839e-22, nan 
7.125, 62.125, 5.90917280096167e-23, nan 
7.375, 62.125, 2.159482596714253e-22, nan 
7.625, 62.125, 2.691586468349494e-23, nan 
7.875, 62.125, 1.5133722827034644e-23, nan 
8.125, 62.125, 5.679181979871142e-23, nan 
8.375, 62.125, 7.832457441940454e-23, nan 
8.625, 62.125, 8.946545061568265e-23, nan 
8.875, 62.125, 4.297355483856154e-23, nan 
9.125, 62.125, 5.62619200228386e-23, nan 
9.375, 62.125, 7.068510228035943e-23, nan 
9.625, 62.125, 2.8194889465491573e-23, nan 
9.875, 62.125, 2.189115755770107e-23, nan 
10.125, 62.125, 3.741808108045521e-23, nan 
10.375, 62.125, 4.3155468736052914e-23, nan 
10.625, 62.125, 3.87423558232824e-23, nan 
10.875, 62.125, 2.6442348152601535e-23, nan 
11.125, 62.125, 1.9328315986266562e-23, nan 
11.375, 62.125, 3.097755617593973e-23, nan 
11.625, 62.125, 2.5338755619320442e-23, nan 
11.875, 62.125, 2.417852952996002e-23, nan 
12.125, 62.125, 4.695647838888221e-23, nan 
12.375, 62.125, 5.280291035939932e-23, nan 
12.625, 62.125, 4.423802748699078e-23, nan 
12.875, 62.125, 5.993714821342376e-23, nan 
13.125, 62.125, 5.223743825430981e-23, nan 
13.375, 62.125, 4.291388140672769e-23, nan 
13.625, 62.125, 6.30876632169546e-23, nan 
13.875, 62.125, 4.3778090059716203e-23, nan 
14.125, 62.125, 8.528869770820289e-23, nan 
14.375, 62.125, 4.228327099882876e-23, nan 
14.625, 62.125, 4.609359758807497e-23, nan 
14.875, 62.125, 6.256683791797261e-23, nan 
15.125, 62.125, 3.59877221791486e-23, nan 
15.375, 62.125, 3.0832004195314745e-23, nan 
15.625, 62.125, 2.153872585861901e-23, nan 
15.875, 62.125, 2.805630818901451e-23, nan 
16.125, 62.125, 2.856855995516372e-23, nan 
16.375, 62.125, 2.568167741964699e-23, nan 
16.625, 62.125, 2.926600173160952e-23, nan 
16.875, 62.125, 2.890173174711069e-23, nan 
17.125, 62.125, 1.3314041914117168e-23, nan 
17.375, 62.125, 1.221689308239126e-23, nan 
17.625, 62.125, 1.3413731737057607e-23, nan 
17.875, 62.125, 2.0577583557318168e-23, nan 
18.125, 62.125, 8.983835277500119e-24, nan 
18.375, 62.125, 1.0725747757920034e-23, nan 
18.625, 62.125, 1.3834516460485415e-23, nan 
18.875, 62.125, 2.6541572148321807e-23, nan 
19.125, 62.125, 1.34931630273165e-23, nan 
19.375, 62.125, 1.338356487533765e-23, nan 
19.625, 62.125, 1.1176218295930828e-23, nan 
19.875, 62.125, 7.75789071844659e-24, nan 
20.125, 62.125, 9.012183636945047e-24, nan 
20.375, 62.125, 8.965281687397794e-24, nan 
20.625, 62.125, 1.2017056503692405e-23, nan 
20.875, 62.125, 1.3681695060052077e-23, nan 
21.125, 62.125, 1.0359232315723219e-23, nan 
21.375, 62.125, 1.4230465948744698e-23, nan 
21.625, 62.125, 1.366557320136057e-23, nan 
21.875, 62.125, 1.3870960134842492e-23, nan 
22.125, 62.125, 1.482493072931809e-23, nan 
22.375, 62.125, 1.1961214190037512e-23, nan 
22.625, 62.125, 1.0146765232544548e-23, nan 
22.875, 62.125, 5.3279684577542924e-24, nan 
23.125, 62.125, 1.156387781134887e-23, nan 
23.375, 62.125, 1.1118127931186009e-23, nan 
23.625, 62.125, 1.456992698815545e-23, nan 
23.875, 62.125, 1.3343195200215742e-23, nan 
24.125, 62.125, 1.6330854749642362e-23, nan 
24.375, 62.125, 1.1743220499736203e-23, nan 
24.625, 62.125, 1.8430051817893106e-23, nan 
24.875, 62.125, 3.846614843611059e-23, nan 
25.125, 62.125, 3.78545653092854e-23, nan 
25.375, 62.125, 1.9296341080764465e-23, nan 
25.625, 62.125, 1.293302684202742e-23, nan 
25.875, 62.125, 1.8408618918564057e-23, nan 
26.125, 62.125, 9.519197436066681e-24, nan 
26.375, 62.125, 1.9830069716557896e-23, nan 
26.625, 62.125, 2.0065452156330952e-23, nan 
26.875, 62.125, 2.2317883038592958e-23, nan 
27.125, 62.125, 3.157874741328295e-23, nan 
27.375, 62.125, 2.254569219982971e-23, nan 
27.625, 62.125, 1.687173438081042e-23, nan 
27.875, 62.125, 1.6146994342354255e-23, nan 
28.125, 62.125, 1.4022774102456752e-23, nan 
28.375, 62.125, 1.2442446656201211e-23, nan 
28.625, 62.125, 1.6561786246632204e-23, nan 
28.875, 62.125, 1.6307858840592867e-23, nan 
29.125, 62.125, 6.705788450800305e-24, nan 
29.375, 62.125, 1.7731658009213475e-23, nan 
29.625, 62.125, 3.0103771039011805e-23, nan 
29.875, 62.125, 6.93580339973614e-24, nan 
30.125, 62.125, 1.7994578020458066e-23, nan 
30.375, 62.125, 1.456064373033017e-23, nan 
30.625, 62.125, 6.063442316593327e-24, nan 
30.875, 62.125, 5.4344162252237215e-24, nan 
31.125, 62.125, 6.025350467174801e-24, nan 
31.375, 62.125, 1.3307841023151295e-23, nan 
31.625, 62.125, 1.489796675190629e-23, nan 
31.875, 62.125, 1.0064750656415657e-23, nan 
32.125, 62.125, 8.67944544797629e-24, nan 
32.375, 62.125, 7.096312677708458e-24, nan 
32.625, 62.125, 5.9517023484956994e-24, nan 
32.875, 62.125, 5.50044559356515e-24, nan 
33.125, 62.125, 5.441585753282481e-24, nan 
33.375, 62.125, 7.709497051722277e-24, nan 
33.625, 62.125, 8.183671381498221e-24, nan 
33.875, 62.125, 8.104288257879197e-24, nan 
34.125, 62.125, 6.006685094683685e-24, nan 
34.375, 62.125, 8.167692453889315e-24, nan 
34.625, 62.125, 9.853145492737713e-24, nan 
34.875, 62.125, 1.2549945606820007e-23, nan 
35.125, 62.125, 6.652303928404751e-24, nan 
35.375, 62.125, 4.830324821073067e-24, nan 
35.625, 62.125, 6.983113719351854e-24, nan 
35.875, 62.125, 3.2145283225183063e-24, nan 
36.125, 62.125, 6.375911132953637e-24, nan 
36.375, 62.125, 1.933979400480109e-24, nan 
36.625, 62.125, 1.5061898020750705e-24, nan 
36.875, 62.125, 7.74903620375776e-24, nan 
37.125, 62.125, 7.078654875335284e-24, nan 
37.375, 62.125, 4.047287975127188e-24, nan 
37.625, 62.125, 9.860693879911198e-24, nan 
37.875, 62.125, 9.209825685104308e-24, nan 
38.125, 62.125, 6.501333609453731e-24, nan 
38.375, 62.125, 7.757054474216973e-24, nan 
38.625, 62.125, 6.764649765351881e-24, nan 
38.875, 62.125, 5.518553931432465e-24, nan 
39.125, 62.125, 4.317588367512888e-24, nan 
39.375, 62.125, 4.839796779185557e-24, nan 
39.625, 62.125, 4.0708976821549665e-24, nan 
-112.875, 62.375, 1.8061001104838535e-24, nan 
-112.625, 62.375, 1.4335722928616798e-24, nan 
-112.375, 62.375, 1.6108830994373588e-24, nan 
-112.125, 62.375, 1.781599134639213e-24, nan 
-111.875, 62.375, 1.739960021674036e-24, nan 
-111.625, 62.375, 1.5654505024507479e-24, nan 
-111.375, 62.375, 1.4048532605552244e-24, nan 
-111.125, 62.375, 1.4797952419869157e-24, nan 
-110.875, 62.375, 1.605771962358649e-24, nan 
-110.625, 62.375, 1.6589161917776938e-24, nan 
-110.375, 62.375, 1.5775446906643687e-24, nan 
-110.125, 62.375, 1.955818890961661e-24, nan 
-109.875, 62.375, 2.04602840368836e-24, nan 
-109.625, 62.375, 2.2764251012507083e-24, nan 
-109.375, 62.375, 2.1499819886965797e-24, nan 
-109.125, 62.375, 2.1625385660855614e-24, nan 
-108.875, 62.375, 2.0338690654891785e-24, nan 
-108.625, 62.375, 1.8288003973236384e-24, nan 
-108.375, 62.375, 1.736750212897058e-24, nan 
-108.125, 62.375, 1.713091439919964e-24, nan 
-107.875, 62.375, 1.6653015432792494e-24, nan 
-107.625, 62.375, 1.1564800839714578e-24, nan 
-107.375, 62.375, 1.4038298621319794e-24, nan 
-107.125, 62.375, 1.6186647309168225e-24, nan 
-106.875, 62.375, 1.6671460429594567e-24, nan 
-106.625, 62.375, 1.4319766702920994e-24, nan 
-106.375, 62.375, 1.6042481599003566e-24, nan 
-106.125, 62.375, 1.7756471227833222e-24, nan 
-105.875, 62.375, 1.5981237467610195e-24, nan 
-105.625, 62.375, 1.721427681533148e-24, nan 
-105.375, 62.375, 1.6325168471078395e-24, nan 
-105.125, 62.375, 1.384871519569467e-24, nan 
-104.875, 62.375, 1.4690349872932171e-24, nan 
-104.625, 62.375, 1.4669528385273044e-24, nan 
-104.375, 62.375, 1.2941765777373788e-24, nan 
-104.125, 62.375, 1.660885405996291e-24, nan 
-103.875, 62.375, 1.7663773631425777e-24, nan 
-103.625, 62.375, 1.8496964818538473e-24, nan 
-103.375, 62.375, 1.6531854665315952e-24, nan 
-103.125, 62.375, 1.9005826921299914e-24, nan 
-102.875, 62.375, 1.6322923212842247e-24, nan 
-102.625, 62.375, 1.4831842669250364e-24, nan 
-102.375, 62.375, 1.1658278419699667e-24, nan 
-102.125, 62.375, 1.689323946413873e-24, nan 
-101.875, 62.375, 2.6340066653778904e-24, nan 
-101.625, 62.375, 2.4894445259660948e-24, nan 
-101.375, 62.375, 1.995153134020483e-24, nan 
-101.125, 62.375, 2.2158868421905698e-24, nan 
-100.875, 62.375, 2.324838417391294e-24, nan 
-100.625, 62.375, 2.2512090612595834e-24, nan 
-100.375, 62.375, 1.9546275748846365e-24, nan 
-100.125, 62.375, 2.18014221418476e-24, nan 
-99.875, 62.375, 1.9354569532664436e-24, nan 
-99.625, 62.375, 2.008763779487579e-24, nan 
-99.375, 62.375, 1.895242046626577e-24, nan 
-99.125, 62.375, 2.125320643765511e-24, nan 
-98.875, 62.375, 2.5270494111645422e-24, nan 
-98.625, 62.375, 2.3182918171879964e-24, nan 
-98.375, 62.375, 2.50607770889714e-24, nan 
-98.125, 62.375, 3.0603309894725308e-24, nan 
-97.875, 62.375, 3.050214598794326e-24, nan 
-97.625, 62.375, 2.8682799367804635e-24, nan 
-97.375, 62.375, 3.8185361842165365e-24, nan 
-97.125, 62.375, 4.193294130283166e-24, nan 
-96.875, 62.375, 4.2891782147405944e-24, nan 
-96.625, 62.375, 4.716051595069863e-24, nan 
-96.375, 62.375, 4.914781260765399e-24, nan 
-96.125, 62.375, 4.638358719945987e-24, nan 
-95.875, 62.375, 5.0114703825084795e-24, nan 
-95.625, 62.375, 4.4071980044187445e-24, nan 
-95.375, 62.375, 4.617840064826299e-24, nan 
-95.125, 62.375, 5.5646205174155224e-24, nan 
-94.875, 62.375, 5.796597895957872e-24, nan 
-94.625, 62.375, 6.046816647457703e-24, nan 
-94.375, 62.375, 5.229932829600694e-24, nan 
-94.125, 62.375, 7.778783900879274e-24, nan 
-93.875, 62.375, 8.805362812562e-24, nan 
-93.625, 62.375, 7.588599727807312e-24, nan 
-93.375, 62.375, 6.1926152287627805e-24, nan 
-93.125, 62.375, 7.853559394746444e-24, nan 
-92.875, 62.375, 6.97693832048138e-24, nan 
-92.625, 62.375, 6.409191240996273e-24, nan 
-92.375, 62.375, 5.976154978645429e-24, nan 
-92.125, 62.375, 5.971656861743114e-24, nan 
-91.875, 62.375, 5.953615741580254e-24, nan 
-91.625, 62.375, 5.0372259734645406e-24, nan 
-91.375, 62.375, 6.483660856231637e-24, nan 
-91.125, 62.375, 5.497555265039947e-24, nan 
-90.875, 62.375, 7.025682724596993e-24, nan 
-90.625, 62.375, 6.941827175624938e-24, nan 
-90.375, 62.375, 7.169641002069601e-24, nan 
-90.125, 62.375, 7.132595425021769e-24, nan 
-89.875, 62.375, 6.384921866353885e-24, nan 
-89.625, 62.375, 6.654357896468589e-24, nan 
-89.375, 62.375, 7.521397968827685e-24, nan 
-89.125, 62.375, 7.634978572198887e-24, nan 
-88.875, 62.375, 7.74357598238295e-24, nan 
-88.625, 62.375, 8.981267608784803e-24, nan 
-88.375, 62.375, 8.791243500020222e-24, nan 
-88.125, 62.375, 7.900524894938751e-24, nan 
-87.875, 62.375, 8.865913998752951e-24, nan 
-87.625, 62.375, 6.757983046377891e-24, nan 
-87.375, 62.375, 5.7440681650556826e-24, nan 
-87.125, 62.375, 5.914663261686932e-24, nan 
-86.875, 62.375, 6.86556096910482e-24, nan 
-86.625, 62.375, 6.91465276213586e-24, nan 
-86.375, 62.375, 7.070312758683005e-24, nan 
-86.125, 62.375, 7.258369777180127e-24, nan 
-85.875, 62.375, 7.822555922950668e-24, nan 
-85.625, 62.375, 7.130307318738254e-24, nan 
-85.375, 62.375, 8.315995151525505e-24, nan 
-85.125, 62.375, 9.534787136411601e-24, nan 
-84.875, 62.375, 8.949431939347437e-24, nan 
-84.625, 62.375, 7.947917454929518e-24, nan 
-84.375, 62.375, 8.111802626289937e-24, nan 
-84.125, 62.375, 6.17944955657199e-24, nan 
-83.875, 62.375, 5.505561611633824e-24, nan 
-83.625, 62.375, 6.584370073426685e-24, nan 
-83.375, 62.375, 7.975325021297126e-24, nan 
-83.125, 62.375, 7.966488587465642e-24, nan 
-82.875, 62.375, 7.660360702612186e-24, nan 
-82.625, 62.375, 8.066035511198747e-24, nan 
-82.375, 62.375, 9.239362661257792e-24, nan 
-82.125, 62.375, 9.461163139147491e-24, nan 
-81.875, 62.375, 1.074488092823039e-23, nan 
-81.625, 62.375, 1.1012980042548865e-23, nan 
-81.375, 62.375, 1.0079606417469553e-23, nan 
-81.125, 62.375, 1.182729233992757e-23, nan 
-80.875, 62.375, 1.0953499621592019e-23, nan 
-80.625, 62.375, 9.506678648122196e-24, nan 
-80.375, 62.375, 7.076854828672537e-24, nan 
-80.125, 62.375, 8.397487892563469e-24, nan 
-79.875, 62.375, 8.435249616550236e-24, nan 
-79.625, 62.375, 7.753971151106084e-24, nan 
-79.375, 62.375, 8.637284905343585e-24, nan 
-79.125, 62.375, 8.950158839836119e-24, nan 
-78.875, 62.375, 1.0330209972481048e-23, nan 
-78.625, 62.375, 9.60354965315718e-24, nan 
-78.375, 62.375, 9.709112503403042e-24, nan 
-78.125, 62.375, 9.858397307645744e-24, nan 
-77.875, 62.375, 8.471667732684597e-24, nan 
-77.625, 62.375, 8.26947752342413e-24, nan 
-77.375, 62.375, 7.665978460159558e-24, nan 
-77.125, 62.375, 6.880119116062037e-24, nan 
-76.875, 62.375, 8.02163513364092e-24, nan 
-76.625, 62.375, 9.320813356277638e-24, nan 
-76.375, 62.375, 9.209463049831659e-24, nan 
-76.125, 62.375, 9.621567122295e-24, nan 
-75.875, 62.375, 8.94434027436136e-24, nan 
-75.625, 62.375, 1.1171257394889194e-23, nan 
-75.375, 62.375, 1.3415498319929742e-23, nan 
-75.125, 62.375, 1.0918138652994126e-23, nan 
-74.875, 62.375, 9.91571835321957e-24, nan 
-74.625, 62.375, 1.2901932049747327e-23, nan 
-74.375, 62.375, 1.5533216285981404e-23, nan 
-74.125, 62.375, 1.2710089914476183e-23, nan 
-73.875, 62.375, 1.1715938073688886e-23, nan 
-73.625, 62.375, 1.2321049922059891e-23, nan 
-73.375, 62.375, 1.2190346933287401e-23, nan 
-73.125, 62.375, 1.4116738600106388e-23, nan 
-72.875, 62.375, 1.563967957230786e-23, nan 
-72.625, 62.375, 1.6047638648850967e-23, nan 
-72.375, 62.375, 1.913971885284817e-23, nan 
-72.125, 62.375, 1.6249262080011318e-23, nan 
-71.875, 62.375, 1.458723016263434e-23, nan 
-71.625, 62.375, 1.7015146925790547e-23, nan 
-71.375, 62.375, 1.4614024926343445e-23, nan 
-71.125, 62.375, 1.604146308147853e-23, nan 
-70.875, 62.375, 1.8483068226515736e-23, nan 
-70.625, 62.375, 2.0646666383373474e-23, nan 
-70.375, 62.375, 1.754308452201242e-23, nan 
-70.125, 62.375, 1.4689610548968422e-23, nan 
-69.875, 62.375, 1.449332923601062e-23, nan 
-69.625, 62.375, 1.5668724848730065e-23, nan 
-69.375, 62.375, 1.489091881520283e-23, nan 
-69.125, 62.375, 1.5585727862558425e-23, nan 
-68.875, 62.375, 1.4449501812470656e-23, nan 
-68.625, 62.375, 1.4305200766673632e-23, nan 
-68.375, 62.375, 1.1282110290195815e-23, nan 
-68.125, 62.375, 1.2012960469315141e-23, nan 
-67.875, 62.375, 1.3086191252294138e-23, nan 
-67.625, 62.375, 1.1491241313363828e-23, nan 
-67.375, 62.375, 1.4215514178791114e-23, nan 
-67.125, 62.375, 1.2094793954382303e-23, nan 
-66.875, 62.375, 1.4795166895070736e-23, nan 
-66.625, 62.375, 1.6836080717914632e-23, nan 
-66.375, 62.375, 1.4550900989388376e-23, nan 
-66.125, 62.375, 1.5428911944669177e-23, nan 
-65.875, 62.375, 1.1964035714220997e-23, nan 
-65.625, 62.375, 1.1871873922559248e-23, nan 
-65.375, 62.375, 1.5334709870418627e-23, nan 
-65.125, 62.375, 1.4566935310599865e-23, nan 
-64.875, 62.375, 1.5143615159548263e-23, nan 
-64.625, 62.375, 1.5139804223773276e-23, nan 
-64.375, 62.375, 2.1513116222708155e-23, nan 
-64.125, 62.375, 2.3185590533651805e-23, nan 
-63.875, 62.375, 1.6797692377377604e-23, nan 
-63.625, 62.375, 1.7123852004517598e-23, nan 
-63.375, 62.375, 1.7112314413949718e-23, nan 
-63.125, 62.375, 1.7360917913067743e-23, nan 
-62.875, 62.375, 1.732535265754582e-23, nan 
-62.625, 62.375, 1.9165066081578252e-23, nan 
-62.375, 62.375, 1.7563984028361242e-23, nan 
-62.125, 62.375, 2.0337837082719525e-23, nan 
-61.875, 62.375, 2.618202520658952e-23, nan 
-61.625, 62.375, 1.8697184759831796e-23, nan 
-61.375, 62.375, 2.302578551183267e-23, nan 
-61.125, 62.375, 1.9186763692521132e-23, nan 
-60.875, 62.375, 2.3331247312613854e-23, nan 
-60.625, 62.375, 1.849323417476094e-23, nan 
-60.375, 62.375, 1.9679752255394604e-23, nan 
-60.125, 62.375, 1.5817642655828112e-23, nan 
-59.875, 62.375, 1.67067247360513e-23, nan 
-59.625, 62.375, 9.213372258519647e-24, nan 
-59.375, 62.375, 1.9849933630418118e-23, nan 
-59.125, 62.375, 2.133039338565601e-23, nan 
-58.875, 62.375, 2.6316150117827158e-23, nan 
-58.625, 62.375, 2.8866368743290925e-23, nan 
-58.375, 62.375, 2.8747097656907417e-23, nan 
-58.125, 62.375, 3.333153399069974e-23, nan 
-57.875, 62.375, 2.567382167367795e-23, nan 
-57.625, 62.375, 2.8179319470464276e-23, nan 
-57.375, 62.375, 2.2554063465638735e-23, nan 
-57.125, 62.375, 1.6274776188908125e-23, nan 
-56.875, 62.375, 1.219681984215948e-23, nan 
-56.625, 62.375, 2.2788610865035436e-23, nan 
-56.375, 62.375, 3.5184931055632085e-23, nan 
-56.125, 62.375, 3.114752138122416e-23, nan 
-55.875, 62.375, 3.1358022960312626e-23, nan 
-55.625, 62.375, 3.1727067592582664e-23, nan 
-55.375, 62.375, 3.0484204597635475e-23, nan 
-55.125, 62.375, 2.242699380310334e-23, nan 
-54.875, 62.375, 2.2802841687331885e-23, nan 
-54.625, 62.375, 2.4567813286397567e-23, nan 
-54.375, 62.375, 2.5902582710043712e-23, nan 
-54.125, 62.375, 3.247743408477466e-23, nan 
-53.875, 62.375, 1.9692931760551764e-23, nan 
-53.625, 62.375, 1.4478379363237537e-23, nan 
-53.375, 62.375, 1.360568284551801e-23, nan 
-53.125, 62.375, 2.1211082722055183e-23, nan 
-52.875, 62.375, 1.7050677360078284e-23, nan 
-52.625, 62.375, 1.5903799976597397e-23, nan 
-52.375, 62.375, 2.262851962841334e-23, nan 
-52.125, 62.375, 1.892207635865768e-23, nan 
-51.875, 62.375, 1.544654785015776e-23, nan 
-51.625, 62.375, 1.6869145037329823e-23, nan 
-51.375, 62.375, 1.326324739153247e-23, nan 
-51.125, 62.375, 1.1427728804321003e-23, nan 
-50.875, 62.375, 5.264797576851268e-24, nan 
-50.625, 62.375, 1.2253783305841162e-23, nan 
-50.375, 62.375, 1.685092483244401e-23, nan 
-50.125, 62.375, 1.1065073742483697e-23, nan 
-49.875, 62.375, 1.470702637372048e-23, nan 
-49.625, 62.375, 2.0456194026577975e-23, nan 
-49.375, 62.375, 2.5592653797214575e-23, nan 
-49.125, 62.375, 2.1669077666623483e-23, nan 
-48.875, 62.375, 4.0277784997259936e-23, nan 
-48.625, 62.375, 3.5432081119183736e-23, nan 
-48.375, 62.375, 7.473532976631793e-23, nan 
-48.125, 62.375, 6.880769200941575e-23, nan 
-47.875, 62.375, 5.838125272009827e-23, nan 
-47.625, 62.375, 6.968784070927053e-23, nan 
-47.375, 62.375, 6.202959059021754e-23, nan 
-47.125, 62.375, 5.91061501512412e-23, nan 
-46.875, 62.375, 4.1959170912233435e-23, nan 
-46.625, 62.375, 3.558562590026989e-23, nan 
-46.375, 62.375, 2.2569104496239686e-23, nan 
-46.125, 62.375, 2.682010512226829e-23, nan 
-45.875, 62.375, 2.5395265045909516e-23, nan 
-45.625, 62.375, 3.256941565010357e-23, nan 
-45.375, 62.375, 5.610429069154821e-23, nan 
-45.125, 62.375, 4.062933565802772e-23, nan 
-44.875, 62.375, 3.641332296275134e-23, nan 
-44.625, 62.375, 3.946170735597244e-23, nan 
-44.375, 62.375, 1.459334033177695e-23, nan 
-44.125, 62.375, 3.3707349969952504e-23, nan 
-43.875, 62.375, 3.46695983352449e-23, nan 
-43.625, 62.375, 2.5872303926346487e-23, nan 
-43.375, 62.375, 1.8081130046461293e-23, nan 
-43.125, 62.375, 2.464447844834965e-23, nan 
-42.875, 62.375, 1.8951990186355964e-23, nan 
-42.625, 62.375, 1.9295801611624383e-23, nan 
-42.375, 62.375, 2.0003727465288807e-23, nan 
-42.125, 62.375, 1.4702968366139578e-23, nan 
-41.875, 62.375, 3.8532189771687236e-23, nan 
-41.625, 62.375, 6.375536127235084e-23, nan 
-41.375, 62.375, 3.52477115932597e-23, nan 
-41.125, 62.375, 3.069296152030436e-23, nan 
-40.875, 62.375, 2.5702845713503975e-23, nan 
-40.625, 62.375, 4.114775838223915e-23, nan 
-40.375, 62.375, 4.2658181651363273e-23, nan 
-40.125, 62.375, 4.238669805496684e-23, nan 
-39.875, 62.375, 4.770633483056764e-23, nan 
-39.625, 62.375, 4.038679450169144e-23, nan 
-39.375, 62.375, 5.068560469442419e-23, nan 
-39.125, 62.375, 1.879706145031022e-23, nan 
-38.875, 62.375, 3.454698870726599e-23, nan 
-38.625, 62.375, 2.9953519619920004e-23, nan 
-38.375, 62.375, 2.0821883254210836e-23, nan 
-38.125, 62.375, 2.3245101159436017e-23, nan 
-37.875, 62.375, 3.0843850539885566e-23, nan 
-37.625, 62.375, 4.255065175899989e-23, nan 
-37.375, 62.375, 4.8962680189027646e-23, nan 
-37.125, 62.375, 3.5200861200737363e-23, nan 
-36.875, 62.375, 5.535037212384717e-23, nan 
-36.625, 62.375, 6.161347984936892e-23, nan 
-36.375, 62.375, 2.8454811388807476e-23, nan 
-36.125, 62.375, 1.5376916806296092e-23, nan 
-35.875, 62.375, 3.046209837165925e-23, nan 
-35.625, 62.375, 3.5384682620092493e-23, nan 
-35.375, 62.375, 4.3848526154462367e-23, nan 
-35.125, 62.375, 7.03352519624189e-23, nan 
-34.875, 62.375, 9.228180203095804e-23, nan 
-34.625, 62.375, 4.341220887849475e-23, nan 
-34.375, 62.375, 4.315571813466427e-23, nan 
-34.125, 62.375, 3.3568046142237735e-23, nan 
-33.875, 62.375, 1.9353755571966016e-23, nan 
-33.625, 62.375, 1.4927990825721328e-23, nan 
-33.375, 62.375, 3.842472304540462e-23, nan 
-33.125, 62.375, 3.575658996808445e-23, nan 
-32.875, 62.375, 3.5299892459356696e-23, nan 
-32.625, 62.375, 3.395432191178801e-23, nan 
-32.375, 62.375, 2.8681847627341063e-23, nan 
-32.125, 62.375, 5.351390674573661e-23, nan 
-31.875, 62.375, 8.388050276116389e-23, nan 
-31.625, 62.375, 7.696755790267131e-23, nan 
-31.375, 62.375, 6.522827406947533e-23, nan 
-31.125, 62.375, 7.525660703973524e-23, nan 
-30.875, 62.375, 9.477955629200597e-23, nan 
-30.625, 62.375, 1.1000577650113079e-22, nan 
-30.375, 62.375, 1.483764583056145e-22, nan 
-30.125, 62.375, 8.045523652005852e-23, nan 
-29.875, 62.375, 6.800452744772441e-23, nan 
-29.625, 62.375, 7.344389197975133e-23, nan 
-29.375, 62.375, 6.640209389796778e-23, nan 
-29.125, 62.375, 1.4014283206724468e-22, nan 
-28.875, 62.375, 7.832137231548094e-23, nan 
-28.625, 62.375, 5.386797719786047e-23, nan 
-28.375, 62.375, 8.318603984548638e-23, nan 
-28.125, 62.375, 4.724955214090194e-23, nan 
-27.875, 62.375, 3.913274321495941e-23, nan 
-27.625, 62.375, 3.468556578620142e-23, nan 
-27.375, 62.375, 1.617404502532573e-23, nan 
-27.125, 62.375, 2.6989504585261074e-23, nan 
-26.875, 62.375, 3.6761021993865e-23, nan 
-26.625, 62.375, 4.9395562008941853e-23, nan 
-26.375, 62.375, 6.376250595273946e-23, nan 
-26.125, 62.375, 3.1584807481752304e-23, nan 
-25.875, 62.375, 2.171782782105018e-23, nan 
-25.625, 62.375, 4.835443801016067e-23, nan 
-25.375, 62.375, 7.416735400934278e-23, nan 
-25.125, 62.375, 6.885282996148595e-23, nan 
-24.875, 62.375, 5.085523714124839e-23, nan 
-24.625, 62.375, 7.241020957569574e-23, nan 
-24.375, 62.375, 6.659784133253288e-23, nan 
-24.125, 62.375, 7.223089157918086e-23, nan 
-23.875, 62.375, 1.0975392556493301e-22, nan 
-23.625, 62.375, 1.0727289102246246e-22, nan 
-23.375, 62.375, 1.714013870802585e-22, nan 
-23.125, 62.375, 5.513901084345163e-23, nan 
-22.875, 62.375, 6.801957548566537e-23, nan 
-22.625, 62.375, 1.085477506201251e-22, nan 
-22.375, 62.375, 2.1716912078271007e-23, nan 
-22.125, 62.375, 2.688863287469358e-23, nan 
-21.875, 62.375, 6.291584526835723e-23, nan 
-21.625, 62.375, 5.851056133302216e-23, nan 
-21.375, 62.375, 3.949326325826607e-23, nan 
-21.125, 62.375, 4.8332909001655375e-23, nan 
-20.875, 62.375, 5.476452740652681e-23, nan 
-20.625, 62.375, 3.297080076068158e-23, nan 
-20.375, 62.375, 2.5054281135388602e-23, nan 
-20.125, 62.375, 3.119337133096305e-23, nan 
-19.875, 62.375, 2.5678532544890545e-23, nan 
-19.625, 62.375, 2.47338448528817e-23, nan 
-19.375, 62.375, 2.0964032465026916e-23, nan 
-19.125, 62.375, 1.5750874892345137e-23, nan 
-18.875, 62.375, 2.8126199048448445e-23, nan 
-18.625, 62.375, 3.457021170686605e-23, nan 
-18.375, 62.375, 2.925107428735138e-23, nan 
-18.125, 62.375, 3.348549961294903e-23, nan 
-17.875, 62.375, 5.611016748969329e-23, nan 
-17.625, 62.375, 5.1582642394486697e-23, nan 
-17.375, 62.375, 4.2153922215093796e-23, nan 
-17.125, 62.375, 4.363495970962639e-23, nan 
-16.875, 62.375, 6.981412732460646e-23, nan 
-16.625, 62.375, 4.8663867826884483e-23, nan 
-16.375, 62.375, 4.7517726425625364e-23, nan 
-16.125, 62.375, 4.4775515723539824e-23, nan 
-15.875, 62.375, 7.734192059144222e-23, nan 
-15.625, 62.375, 5.417071672691462e-23, nan 
-15.375, 62.375, 5.81034603739798e-23, nan 
-15.125, 62.375, 3.978759798121868e-23, nan 
-14.875, 62.375, 4.2560423700890715e-23, nan 
-14.625, 62.375, 3.566548104415507e-23, nan 
-14.375, 62.375, 3.909452761515281e-23, nan 
-14.125, 62.375, 3.7671155129825494e-23, nan 
-13.875, 62.375, 2.89495292937051e-23, nan 
-13.625, 62.375, 3.3940401466830793e-23, nan 
-13.375, 62.375, 4.7960375920286675e-23, nan 
-13.125, 62.375, 5.366734686424927e-23, nan 
-12.875, 62.375, 4.392871194923872e-23, nan 
-12.625, 62.375, 4.253817461218334e-23, nan 
-12.375, 62.375, 3.555510989170284e-23, nan 
-12.125, 62.375, 3.1317220862181153e-23, nan 
-11.875, 62.375, 2.5192838250228554e-23, nan 
-11.625, 62.375, 2.4678214285956026e-23, nan 
-11.375, 62.375, 4.594242754893586e-23, nan 
-11.125, 62.375, 3.9686906649448926e-23, nan 
-10.875, 62.375, 6.021708305182448e-23, nan 
-10.625, 62.375, 4.1754071106638626e-23, nan 
-10.375, 62.375, 5.736793357130025e-23, nan 
-10.125, 62.375, 9.756701374241624e-23, nan 
-9.875, 62.375, 6.459763095312876e-23, nan 
-9.625, 62.375, 5.444869627042336e-23, nan 
-9.375, 62.375, 5.355488862321312e-23, nan 
-9.125, 62.375, 6.427985620890886e-23, nan 
-8.875, 62.375, 5.800113619061043e-23, nan 
-8.625, 62.375, 9.049266444054471e-23, nan 
-8.375, 62.375, 6.01721745588921e-23, nan 
-8.125, 62.375, 7.864452183732257e-23, nan 
-7.875, 62.375, 8.904547863373199e-23, nan 
-7.625, 62.375, 6.287655035480334e-23, nan 
-7.375, 62.375, 5.404977551426879e-23, nan 
-7.125, 62.375, 4.5157986560461447e-23, nan 
-6.875, 62.375, 6.342514105098444e-23, nan 
-6.625, 62.375, 3.736541560035073e-23, nan 
-6.375, 62.375, 3.122791347242053e-23, nan 
-6.125, 62.375, 3.0397371613243853e-23, nan 
-5.875, 62.375, 3.4869171088691105e-23, nan 
-5.625, 62.375, 2.762573242600052e-23, nan 
-5.375, 62.375, 3.016605465539344e-23, nan 
-5.125, 62.375, 3.691036559901907e-23, nan 
-4.875, 62.375, 5.248246695985849e-23, nan 
-4.625, 62.375, 3.372479546600769e-23, nan 
-4.375, 62.375, 1.7483576364174208e-23, nan 
-4.125, 62.375, 2.4349892951439435e-23, nan 
-3.875, 62.375, 2.4291867213749963e-23, nan 
-3.625, 62.375, 2.3956199426677492e-23, nan 
-3.375, 62.375, 1.626509604585172e-23, nan 
-3.125, 62.375, 3.918156346914897e-23, nan 
-2.875, 62.375, 3.853488225228626e-23, nan 
-2.625, 62.375, 3.4141383048028264e-23, nan 
-2.375, 62.375, 3.9831085304102557e-23, nan 
-2.125, 62.375, 5.691913700510376e-23, nan 
-1.875, 62.375, 3.477696725531472e-23, nan 
-1.625, 62.375, 1.661443432182423e-23, nan 
-1.375, 62.375, 1.7334543465592543e-23, nan 
-1.125, 62.375, 2.5904646853988682e-23, nan 
-0.875, 62.375, 3.3639085993774164e-23, nan 
-0.625, 62.375, 3.4133251625679897e-23, nan 
-0.375, 62.375, 4.0589501967449916e-23, nan 
-0.125, 62.375, 3.8815208983662307e-23, nan 
0.125, 62.375, 2.32724843648324e-23, nan 
0.375, 62.375, 1.6165059365705945e-23, nan 
0.625, 62.375, 3.989053563811916e-23, nan 
0.875, 62.375, 4.313211374377677e-23, nan 
1.125, 62.375, 1.7707851302557875e-23, nan 
1.375, 62.375, 3.5860684778894567e-23, nan 
1.625, 62.375, 1.8393045009399915e-23, nan 
1.875, 62.375, 9.114295419653752e-24, nan 
2.125, 62.375, 1.6427994836837457e-23, nan 
2.375, 62.375, 5.357583375551224e-23, nan 
2.625, 62.375, 3.584379667850054e-23, nan 
2.875, 62.375, 3.564486777172658e-23, nan 
3.125, 62.375, 3.9135261359146764e-23, nan 
3.375, 62.375, 3.226292635282799e-23, nan 
3.625, 62.375, 3.5236283204434706e-23, nan 
3.875, 62.375, 2.6810172277118424e-23, nan 
4.125, 62.375, 2.4743963220937806e-23, nan 
4.375, 62.375, 2.5040640451597092e-23, nan 
4.625, 62.375, 2.411180352358846e-23, nan 
4.875, 62.375, 3.5803897811891156e-23, nan 
5.125, 62.375, 3.203395088892739e-23, nan 
5.375, 62.375, 3.702596713138866e-23, nan 
5.625, 62.375, 5.913774815590975e-23, nan 
5.875, 62.375, 5.53230431758058e-23, nan 
6.125, 62.375, 6.645875559669264e-23, nan 
6.375, 62.375, 7.575264079224748e-23, nan 
6.625, 62.375, 3.882285636000547e-22, nan 
6.875, 62.375, 9.11195873637049e-23, nan 
7.125, 62.375, 4.142339821450251e-23, nan 
7.375, 62.375, 4.6617701229811414e-23, nan 
7.625, 62.375, 6.616323025373847e-23, nan 
7.875, 62.375, 4.329175744244026e-23, nan 
8.125, 62.375, 4.881842750335689e-23, nan 
8.375, 62.375, 6.112581711296408e-23, nan 
8.625, 62.375, 6.372938434572692e-23, nan 
8.875, 62.375, 3.878337591445476e-23, nan 
9.125, 62.375, 2.5971945556446984e-23, nan 
9.375, 62.375, 3.846721756851789e-23, nan 
9.625, 62.375, 1.5079622582667488e-23, nan 
9.875, 62.375, 2.300626615531315e-23, nan 
10.125, 62.375, 3.967367806920853e-23, nan 
10.375, 62.375, 5.2487363485521263e-23, nan 
10.625, 62.375, 3.3686358250092616e-23, nan 
10.875, 62.375, 4.1028257830950915e-23, nan 
11.125, 62.375, 3.5189200950270803e-23, nan 
11.375, 62.375, 3.2022515409979616e-23, nan 
11.625, 62.375, 3.144540169958431e-23, nan 
11.875, 62.375, 4.138465470109606e-23, nan 
12.125, 62.375, 6.941217431404596e-23, nan 
12.375, 62.375, 5.031614960859461e-23, nan 
12.625, 62.375, 4.663088318593177e-23, nan 
12.875, 62.375, 8.671964170812006e-23, nan 
13.125, 62.375, 5.2135023127344095e-23, nan 
13.375, 62.375, 2.4988391129561658e-23, nan 
13.625, 62.375, 5.37722037787099e-23, nan 
13.875, 62.375, 5.052078726582176e-23, nan 
14.125, 62.375, 6.228482204037559e-23, nan 
14.375, 62.375, 3.537445262967427e-23, nan 
14.625, 62.375, 5.386989149257219e-23, nan 
14.875, 62.375, 4.017433941145566e-23, nan 
15.125, 62.375, 2.5340841981262226e-23, nan 
15.375, 62.375, 2.0462811951505934e-23, nan 
15.625, 62.375, 2.374003558825597e-23, nan 
15.875, 62.375, 2.1876893489337967e-23, nan 
16.125, 62.375, 2.113754898768304e-23, nan 
16.375, 62.375, 2.073440813848669e-23, nan 
16.625, 62.375, 2.3585577253143643e-23, nan 
16.875, 62.375, 2.2381842405421506e-23, nan 
17.125, 62.375, 1.3327117752181462e-23, nan 
17.375, 62.375, 6.478053430135306e-24, nan 
17.625, 62.375, 1.1420734914572204e-23, nan 
17.875, 62.375, 1.696223708240794e-23, nan 
18.125, 62.375, 9.37073380359299e-24, nan 
18.375, 62.375, 1.1707611083413795e-23, nan 
18.625, 62.375, 9.23919986284305e-24, nan 
18.875, 62.375, 9.734976017490413e-24, nan 
19.125, 62.375, 7.362263342308949e-24, nan 
19.375, 62.375, 5.356768177999202e-24, nan 
19.625, 62.375, 5.181244990953631e-24, nan 
19.875, 62.375, 8.159384332084354e-24, nan 
20.125, 62.375, 8.428350854904023e-24, nan 
20.375, 62.375, 9.693281712695077e-24, nan 
20.625, 62.375, 1.0299442160850619e-23, nan 
20.875, 62.375, 1.1436219456262324e-23, nan 
21.125, 62.375, 1.0107380051904788e-23, nan 
21.375, 62.375, 1.1423110854179298e-23, nan 
21.625, 62.375, 1.2458415844755869e-23, nan 
21.875, 62.375, 1.1452493517164496e-23, nan 
22.125, 62.375, 7.946113962074491e-24, nan 
22.375, 62.375, 8.760590235275026e-24, nan 
22.625, 62.375, 8.023899626124585e-24, nan 
22.875, 62.375, 4.378514048331758e-24, nan 
23.125, 62.375, 1.3294549428681015e-23, nan 
23.375, 62.375, 9.860903177265574e-24, nan 
23.625, 62.375, 1.5667332990273544e-23, nan 
23.875, 62.375, 1.864963328908504e-23, nan 
24.125, 62.375, 1.7834094322961442e-23, nan 
24.375, 62.375, 2.4984061230325867e-23, nan 
24.625, 62.375, 2.174681992487484e-23, nan 
24.875, 62.375, 1.9824716334343612e-23, nan 
25.125, 62.375, 2.820583342749055e-23, nan 
25.375, 62.375, 2.1155131150794643e-23, nan 
25.625, 62.375, 1.4450539136409862e-23, nan 
25.875, 62.375, 1.8898524339645943e-23, nan 
26.125, 62.375, 1.2720287112952148e-23, nan 
26.375, 62.375, 3.1400480708516754e-23, nan 
26.625, 62.375, 2.6256017517648783e-23, nan 
26.875, 62.375, 2.1842054017338387e-23, nan 
27.125, 62.375, 1.8254736935506713e-23, nan 
27.375, 62.375, 1.3810653748769097e-23, nan 
27.625, 62.375, 1.9522952350827734e-23, nan 
27.875, 62.375, 1.5216230084790484e-23, nan 
28.125, 62.375, 1.4928547623585018e-23, nan 
28.375, 62.375, 1.2959812449323615e-23, nan 
28.625, 62.375, 1.2787078890373268e-23, nan 
28.875, 62.375, 9.011371754819338e-24, nan 
29.125, 62.375, 4.317133164379032e-24, nan 
29.375, 62.375, 8.239327456258588e-24, nan 
29.625, 62.375, 1.4531473095046334e-23, nan 
29.875, 62.375, 5.833827077101659e-24, nan 
30.125, 62.375, 1.7192684305618407e-23, nan 
30.375, 62.375, 8.924949572444858e-24, nan 
30.625, 62.375, 6.763891121554902e-24, nan 
30.875, 62.375, 1.409745924407502e-23, nan 
31.125, 62.375, 5.527780721665578e-24, nan 
31.375, 62.375, 2.8832963238380784e-24, nan 
31.625, 62.375, 7.526411572369107e-24, nan 
31.875, 62.375, 6.194900001820949e-24, nan 
32.125, 62.375, 7.862317813697638e-24, nan 
32.375, 62.375, 5.0090444900875535e-24, nan 
32.625, 62.375, 4.840184137174539e-24, nan 
32.875, 62.375, 7.75315990139519e-24, nan 
33.125, 62.375, 4.211096527596665e-24, nan 
33.375, 62.375, 7.62828411728402e-24, nan 
33.625, 62.375, 9.298288755655135e-24, nan 
33.875, 62.375, 4.8319072776313304e-24, nan 
34.125, 62.375, 8.125048704305714e-24, nan 
34.375, 62.375, 8.212391785093402e-24, nan 
34.625, 62.375, 6.973870598609143e-24, nan 
34.875, 62.375, 1.1284277494609298e-23, nan 
35.125, 62.375, 5.062695165779242e-24, nan 
35.375, 62.375, 4.649853391889632e-24, nan 
35.625, 62.375, 5.74797481299954e-24, nan 
35.875, 62.375, 3.3011691691787206e-24, nan 
36.125, 62.375, 5.557412026060381e-24, nan 
36.375, 62.375, 6.99034431369739e-24, nan 
36.625, 62.375, 2.4737577537655818e-24, nan 
36.875, 62.375, 1.880016371852135e-24, nan 
37.125, 62.375, 2.249739652010779e-24, nan 
37.375, 62.375, 1.818434268994921e-24, nan 
37.625, 62.375, 6.666232561338884e-24, nan 
37.875, 62.375, 7.108376377940742e-24, nan 
38.125, 62.375, 6.0018589539227225e-24, nan 
38.375, 62.375, 4.7457134636590585e-24, nan 
38.625, 62.375, 4.207421183729002e-24, nan 
38.875, 62.375, 4.594253648367618e-24, nan 
39.125, 62.375, 2.858731099457198e-24, nan 
39.375, 62.375, 3.1423631253795026e-24, nan 
39.625, 62.375, 5.477563630412521e-24, nan 
39.875, 62.375, 3.714988608840986e-24, nan 
40.125, 62.375, 3.1784221869810273e-24, nan 
40.375, 62.375, 5.3639729220115884e-24, nan 
-113.625, 62.625, 2.0557707965679709e-23, nan 
-113.375, 62.625, 4.1594702072765986e-24, nan 
-113.125, 62.625, 2.6383769027099992e-24, nan 
-112.875, 62.625, 1.882534259121965e-24, nan 
-112.625, 62.625, 1.7217906803138536e-24, nan 
-112.375, 62.625, 1.8681242869709703e-24, nan 
-112.125, 62.625, 1.898757445506846e-24, nan 
-111.875, 62.625, 1.757814365519227e-24, nan 
-111.625, 62.625, 1.6967981665394984e-24, nan 
-111.375, 62.625, 1.6253892612889172e-24, nan 
-111.125, 62.625, 1.6472088777060383e-24, nan 
-110.875, 62.625, 1.3915364565683485e-24, nan 
-110.625, 62.625, 1.4570855353228367e-24, nan 
-110.375, 62.625, 1.4471781013013942e-24, nan 
-110.125, 62.625, 1.4911251560330267e-24, nan 
-109.875, 62.625, 1.3984545957027724e-24, nan 
-109.625, 62.625, 1.5344934231204778e-24, nan 
-109.375, 62.625, 2.0616397373067344e-24, nan 
-109.125, 62.625, 1.8930200463736847e-24, nan 
-108.875, 62.625, 2.016995545361397e-24, nan 
-108.625, 62.625, 2.175801371171072e-24, nan 
-108.375, 62.625, 2.30520865688324e-24, nan 
-108.125, 62.625, 2.152324883968905e-24, nan 
-107.875, 62.625, 2.033688324470222e-24, nan 
-107.625, 62.625, 2.0770639607520833e-24, nan 
-107.375, 62.625, 2.0447631082650993e-24, nan 
-107.125, 62.625, 1.7633920247947126e-24, nan 
-106.875, 62.625, 2.209441805770274e-24, nan 
-106.625, 62.625, 1.8469456140383715e-24, nan 
-106.375, 62.625, 1.4683528017095356e-24, nan 
-106.125, 62.625, 1.4217581842030754e-24, nan 
-105.875, 62.625, 1.2571369182741564e-24, nan 
-105.625, 62.625, 1.7760676254959653e-24, nan 
-105.375, 62.625, 1.820651118296523e-24, nan 
-105.125, 62.625, 1.3589553431453129e-24, nan 
-104.875, 62.625, 1.3440868940771766e-24, nan 
-104.625, 62.625, 1.6055116111629427e-24, nan 
-104.375, 62.625, 2.066411418711608e-24, nan 
-104.125, 62.625, 1.837058198088097e-24, nan 
-103.875, 62.625, 1.8325846826095204e-24, nan 
-103.625, 62.625, 1.7710703126502873e-24, nan 
-103.375, 62.625, 1.823609995333906e-24, nan 
-103.125, 62.625, 1.791303942523896e-24, nan 
-102.875, 62.625, 1.721040625227744e-24, nan 
-102.625, 62.625, 1.4002633839983063e-24, nan 
-102.375, 62.625, 1.4650791131109724e-24, nan 
-102.125, 62.625, 2.4366841491720885e-24, nan 
-101.875, 62.625, 2.8297846008444e-24, nan 
-101.625, 62.625, 3.1232462521925538e-24, nan 
-101.375, 62.625, 3.0396896174983147e-24, nan 
-101.125, 62.625, 3.2654348384035964e-24, nan 
-100.875, 62.625, 3.0572564141899274e-24, nan 
-100.625, 62.625, 2.5172106532379297e-24, nan 
-100.375, 62.625, 2.2308511511855517e-24, nan 
-100.125, 62.625, 2.6151134060401674e-24, nan 
-99.875, 62.625, 2.2274185139408124e-24, nan 
-99.625, 62.625, 2.260416255734995e-24, nan 
-99.375, 62.625, 2.6530167812456907e-24, nan 
-99.125, 62.625, 2.8929856923776593e-24, nan 
-98.875, 62.625, 2.975013115315656e-24, nan 
-98.625, 62.625, 2.8586638050902465e-24, nan 
-98.375, 62.625, 3.302907550580206e-24, nan 
-98.125, 62.625, 3.3076405075744356e-24, nan 
-97.875, 62.625, 5.645280719057018e-24, nan 
-97.625, 62.625, 3.455556811574672e-24, nan 
-97.375, 62.625, 3.992990906853828e-24, nan 
-97.125, 62.625, 4.314136629735194e-24, nan 
-96.875, 62.625, 4.3683343907326426e-24, nan 
-96.625, 62.625, 5.0929643527435484e-24, nan 
-96.375, 62.625, 5.442765767110339e-24, nan 
-96.125, 62.625, 4.4165190888505436e-24, nan 
-95.875, 62.625, 4.1818299501607246e-24, nan 
-95.625, 62.625, 4.137606809423513e-24, nan 
-95.375, 62.625, 3.841081256054379e-24, nan 
-95.125, 62.625, 4.778600662974914e-24, nan 
-94.875, 62.625, 4.620474174682336e-24, nan 
-94.625, 62.625, 5.526029176446311e-24, nan 
-94.375, 62.625, 6.356967531556794e-24, nan 
-94.125, 62.625, 8.21525823675837e-24, nan 
-93.875, 62.625, 9.852408319806859e-24, nan 
-93.625, 62.625, 8.531779222944345e-24, nan 
-93.375, 62.625, 7.841580047208321e-24, nan 
-93.125, 62.625, 7.027712887332307e-24, nan 
-92.875, 62.625, 6.334255130446584e-24, nan 
-92.625, 62.625, 6.551441550994514e-24, nan 
-92.375, 62.625, 5.98320226658443e-24, nan 
-92.125, 62.625, 6.4668701840274806e-24, nan 
-91.875, 62.625, 6.599402189687379e-24, nan 
-91.625, 62.625, 6.464106383385011e-24, nan 
-91.375, 62.625, 6.343234061334109e-24, nan 
-91.125, 62.625, 6.622850690411664e-24, nan 
-90.875, 62.625, 7.765508576873698e-24, nan 
-90.625, 62.625, 8.420884252707758e-24, nan 
-90.375, 62.625, 8.819874354328311e-24, nan 
-90.125, 62.625, 6.965159952855674e-24, nan 
-89.875, 62.625, 6.061322860494751e-24, nan 
-89.625, 62.625, 6.378324129065378e-24, nan 
-89.375, 62.625, 7.247580220664488e-24, nan 
-89.125, 62.625, 7.525935694549011e-24, nan 
-88.875, 62.625, 9.172191938421995e-24, nan 
-88.625, 62.625, 8.864672804718991e-24, nan 
-88.375, 62.625, 8.177186242073263e-24, nan 
-88.125, 62.625, 6.5984707249816194e-24, nan 
-87.875, 62.625, 7.414649774509511e-24, nan 
-87.625, 62.625, 7.345672803499381e-24, nan 
-87.375, 62.625, 7.057511082493487e-24, nan 
-87.125, 62.625, 6.05026497365429e-24, nan 
-86.875, 62.625, 8.921886745390459e-24, nan 
-86.625, 62.625, 5.769945492935618e-24, nan 
-86.375, 62.625, 7.077197718715302e-24, nan 
-86.125, 62.625, 7.40996299822173e-24, nan 
-85.875, 62.625, 8.327425579458164e-24, nan 
-85.625, 62.625, 7.806103045820213e-24, nan 
-85.375, 62.625, 7.050945168394693e-24, nan 
-85.125, 62.625, 7.37541126429747e-24, nan 
-84.875, 62.625, 4.934706364850768e-24, nan 
-84.625, 62.625, 5.590133721993476e-24, nan 
-84.375, 62.625, 5.2987474902642534e-24, nan 
-84.125, 62.625, 6.532677720813213e-24, nan 
-83.875, 62.625, 8.44946161697833e-24, nan 
-83.625, 62.625, 9.028095781059404e-24, nan 
-83.375, 62.625, 9.276981196945563e-24, nan 
-83.125, 62.625, 9.895208150651886e-24, nan 
-82.875, 62.625, 9.369406138536024e-24, nan 
-82.625, 62.625, 9.1256996111854e-24, nan 
-82.375, 62.625, 9.44217596359567e-24, nan 
-82.125, 62.625, 1.0349224260150475e-23, nan 
-81.875, 62.625, 1.0433119746822647e-23, nan 
-81.625, 62.625, 9.721543095081335e-24, nan 
-81.375, 62.625, 9.446772859187024e-24, nan 
-81.125, 62.625, 8.377184679774205e-24, nan 
-80.875, 62.625, 7.76533507551671e-24, nan 
-80.625, 62.625, 9.26103739986195e-24, nan 
-80.375, 62.625, 8.136499163488069e-24, nan 
-80.125, 62.625, 7.747675979428322e-24, nan 
-79.875, 62.625, 8.873750922578032e-24, nan 
-79.625, 62.625, 8.973253863761391e-24, nan 
-79.375, 62.625, 9.229924012621544e-24, nan 
-79.125, 62.625, 8.934021392471729e-24, nan 
-78.875, 62.625, 9.89337434332412e-24, nan 
-78.625, 62.625, 8.452952136806726e-24, nan 
-78.375, 62.625, 7.345392531016753e-24, nan 
-78.125, 62.625, 9.261998280977215e-24, nan 
-77.875, 62.625, 8.190770702045867e-24, nan 
-77.625, 62.625, 9.401287223913635e-24, nan 
-77.375, 62.625, 9.839390130201229e-24, nan 
-77.125, 62.625, 9.365151418923405e-24, nan 
-76.875, 62.625, 8.310482115596433e-24, nan 
-76.625, 62.625, 8.860180966372066e-24, nan 
-76.375, 62.625, 1.1521509258637184e-23, nan 
-76.125, 62.625, 1.2256854960698342e-23, nan 
-75.875, 62.625, 1.2690855535685891e-23, nan 
-75.625, 62.625, 1.2651331553810532e-23, nan 
-75.375, 62.625, 1.4103224825341304e-23, nan 
-75.125, 62.625, 1.5565711326332313e-23, nan 
-74.875, 62.625, 1.2425250199209794e-23, nan 
-74.625, 62.625, 1.1935760314004316e-23, nan 
-74.375, 62.625, 1.615591485639825e-23, nan 
-74.125, 62.625, 1.424678028708654e-23, nan 
-73.875, 62.625, 1.2959070266402908e-23, nan 
-73.625, 62.625, 1.615979718872654e-23, nan 
-73.375, 62.625, 1.4133174854845927e-23, nan 
-73.125, 62.625, 1.6942860187048824e-23, nan 
-72.875, 62.625, 1.690503881647473e-23, nan 
-72.625, 62.625, 1.500646453554208e-23, nan 
-72.375, 62.625, 1.957923119364142e-23, nan 
-72.125, 62.625, 1.672338458606267e-23, nan 
-71.875, 62.625, 1.607942197656355e-23, nan 
-71.625, 62.625, 1.508776635877346e-23, nan 
-71.375, 62.625, 1.7533455093313283e-23, nan 
-71.125, 62.625, 1.6579278566558502e-23, nan 
-70.875, 62.625, 1.2546644192038514e-23, nan 
-70.625, 62.625, 2.255578500976588e-23, nan 
-70.375, 62.625, 1.6879845080675193e-23, nan 
-70.125, 62.625, 1.606816535307511e-23, nan 
-69.875, 62.625, 1.7055955646402357e-23, nan 
-69.625, 62.625, 1.609822138224446e-23, nan 
-69.375, 62.625, 1.3207044071370077e-23, nan 
-69.125, 62.625, 1.0673469991223198e-23, nan 
-68.875, 62.625, 1.1347658583335418e-23, nan 
-68.625, 62.625, 1.2105578036641396e-23, nan 
-68.375, 62.625, 1.147469493090968e-23, nan 
-68.125, 62.625, 1.2952686372079958e-23, nan 
-67.875, 62.625, 1.3390085333232805e-23, nan 
-67.625, 62.625, 1.2631847944738436e-23, nan 
-67.375, 62.625, 1.3852875026315997e-23, nan 
-67.125, 62.625, 1.4719925277911802e-23, nan 
-66.875, 62.625, 1.771023513318592e-23, nan 
-66.625, 62.625, 1.72931253273303e-23, nan 
-66.375, 62.625, 1.780242063065677e-23, nan 
-66.125, 62.625, 1.781245878069027e-23, nan 
-65.875, 62.625, 1.9261639899307436e-23, nan 
-65.625, 62.625, 1.626041493232575e-23, nan 
-65.375, 62.625, 1.5209678096328078e-23, nan 
-65.125, 62.625, 2.1093103214991237e-23, nan 
-64.875, 62.625, 2.1458641903636644e-23, nan 
-64.625, 62.625, 1.9684724916613086e-23, nan 
-64.375, 62.625, 2.07204244855715e-23, nan 
-64.125, 62.625, 1.7975890349535947e-23, nan 
-63.875, 62.625, 2.1167669793232347e-23, nan 
-63.625, 62.625, 2.2704605505330742e-23, nan 
-63.375, 62.625, 2.281194503234197e-23, nan 
-63.125, 62.625, 2.3336592980872923e-23, nan 
-62.875, 62.625, 2.351685122653694e-23, nan 
-62.625, 62.625, 1.959251353277257e-23, nan 
-62.375, 62.625, 1.8132577785401908e-23, nan 
-62.125, 62.625, 2.1248807569806026e-23, nan 
-61.875, 62.625, 2.234772518341384e-23, nan 
-61.625, 62.625, 2.6918302678939436e-23, nan 
-61.375, 62.625, 1.2940084783701612e-23, nan 
-61.125, 62.625, 1.5448165604669268e-23, nan 
-60.875, 62.625, 2.003233408519089e-23, nan 
-60.625, 62.625, 8.085575873865915e-24, nan 
-60.375, 62.625, 1.1884508825093028e-23, nan 
-60.125, 62.625, 1.1004824394053515e-23, nan 
-59.875, 62.625, 1.2094562820295378e-23, nan 
-59.625, 62.625, 2.4958832946802312e-23, nan 
-59.375, 62.625, 3.083094471265776e-23, nan 
-59.125, 62.625, 1.9955831658651762e-23, nan 
-58.875, 62.625, 3.677005541955133e-23, nan 
-58.625, 62.625, 4.1494825388616157e-23, nan 
-58.375, 62.625, 3.375297998338189e-23, nan 
-58.125, 62.625, 3.237533775222217e-23, nan 
-57.875, 62.625, 3.278940536996578e-23, nan 
-57.625, 62.625, 2.8843123759923704e-23, nan 
-57.375, 62.625, 2.0005281404475182e-23, nan 
-57.125, 62.625, 1.8148034037926295e-23, nan 
-56.875, 62.625, 2.47103068586827e-23, nan 
-56.625, 62.625, 2.5415997334574427e-23, nan 
-56.375, 62.625, 3.281137384058552e-23, nan 
-56.125, 62.625, 3.5382149023494394e-23, nan 
-55.875, 62.625, 2.6093362275449622e-23, nan 
-55.625, 62.625, 1.728322897582883e-23, nan 
-55.375, 62.625, 1.5580046324234865e-23, nan 
-55.125, 62.625, 2.4140097807896623e-23, nan 
-54.875, 62.625, 2.474297601688385e-23, nan 
-54.625, 62.625, 2.2917942771471822e-23, nan 
-54.375, 62.625, 2.2082405542401916e-23, nan 
-54.125, 62.625, 2.5511247208104748e-23, nan 
-53.875, 62.625, 2.802649635199525e-23, nan 
-53.625, 62.625, 2.67072355521424e-23, nan 
-53.375, 62.625, 2.0108148861304404e-23, nan 
-53.125, 62.625, 2.682313962941505e-23, nan 
-52.875, 62.625, 2.744647812802574e-23, nan 
-52.625, 62.625, 1.506064568084646e-23, nan 
-52.375, 62.625, 2.273016675283823e-23, nan 
-52.125, 62.625, 1.460258475386567e-23, nan 
-51.875, 62.625, 9.442453792655866e-24, nan 
-51.625, 62.625, 1.3679754345610516e-23, nan 
-51.375, 62.625, 1.2562839332700172e-23, nan 
-51.125, 62.625, 1.595758263601777e-23, nan 
-50.875, 62.625, 1.3969290183782892e-23, nan 
-50.625, 62.625, 1.0424680940938955e-23, nan 
-50.375, 62.625, 1.3382982301019888e-23, nan 
-50.125, 62.625, 1.38768594382432e-23, nan 
-49.875, 62.625, 1.367843472618076e-23, nan 
-49.625, 62.625, 7.162825036543311e-24, nan 
-49.375, 62.625, 6.064444241698554e-24, nan 
-49.125, 62.625, 1.8968071043816487e-23, nan 
-48.875, 62.625, 3.30059131939173e-23, nan 
-48.625, 62.625, 5.2466061379088824e-23, nan 
-48.375, 62.625, 7.44694856634609e-23, nan 
-48.125, 62.625, 7.161747038625152e-23, nan 
-47.875, 62.625, 6.427446358074321e-23, nan 
-47.625, 62.625, 4.9478298080654835e-23, nan 
-47.375, 62.625, 3.808334730327581e-23, nan 
-47.125, 62.625, 3.9024770108031105e-23, nan 
-46.875, 62.625, 3.6644245356296203e-23, nan 
-46.625, 62.625, 4.02842028471172e-23, nan 
-46.375, 62.625, 1.7403451100299968e-23, nan 
-46.125, 62.625, 1.8006215950462538e-23, nan 
-45.875, 62.625, 2.854457573721511e-23, nan 
-45.625, 62.625, 5.122381567772789e-23, nan 
-45.375, 62.625, 6.980301682312577e-23, nan 
-45.125, 62.625, 4.589220582821852e-23, nan 
-44.875, 62.625, 6.745802807542028e-23, nan 
-44.625, 62.625, 1.0047465922755843e-22, nan 
-44.375, 62.625, 5.250414874866951e-23, nan 
-44.125, 62.625, 3.2396575271817705e-23, nan 
-43.875, 62.625, 6.168242482021945e-23, nan 
-43.625, 62.625, 3.901410406835608e-23, nan 
-43.375, 62.625, 1.8713898701915555e-23, nan 
-43.125, 62.625, 1.9802451664505547e-23, nan 
-42.875, 62.625, 1.0259811658398313e-23, nan 
-42.625, 62.625, 2.1004870477492224e-23, nan 
-42.375, 62.625, 5.459363924454806e-23, nan 
-42.125, 62.625, 2.4942853405797775e-23, nan 
-41.875, 62.625, 4.890869145778194e-23, nan 
-41.625, 62.625, 9.799449288818745e-23, nan 
-41.375, 62.625, 5.10581803011611e-23, nan 
-41.125, 62.625, 4.089937807321623e-23, nan 
-40.875, 62.625, 4.713965042212509e-23, nan 
-40.625, 62.625, 5.892768487169594e-23, nan 
-40.375, 62.625, 6.60033703373819e-23, nan 
-40.125, 62.625, 7.340935009246407e-23, nan 
-39.875, 62.625, 7.392317662002542e-23, nan 
-39.625, 62.625, 9.753578849967995e-23, nan 
-39.375, 62.625, 5.960642695199382e-23, nan 
-39.125, 62.625, 7.371651812163828e-23, nan 
-38.875, 62.625, 4.3047273273346255e-23, nan 
-38.625, 62.625, 2.1120197928218288e-23, nan 
-38.375, 62.625, 2.9869953344901343e-23, nan 
-38.125, 62.625, 3.3930175850592375e-23, nan 
-37.875, 62.625, 2.743866391723865e-23, nan 
-37.625, 62.625, 2.740537963654021e-23, nan 
-37.375, 62.625, 3.427724772472472e-23, nan 
-37.125, 62.625, 3.9229016915968985e-23, nan 
-36.875, 62.625, 5.369534330152404e-23, nan 
-36.625, 62.625, 5.401243525101506e-23, nan 
-36.375, 62.625, 3.195160604529859e-23, nan 
-36.125, 62.625, 3.0949096539692023e-23, nan 
-35.875, 62.625, 5.827615205474078e-23, nan 
-35.625, 62.625, 6.724763039784766e-23, nan 
-35.375, 62.625, 5.223408102526767e-23, nan 
-35.125, 62.625, 8.327925024131338e-23, nan 
-34.875, 62.625, 1.181234535996673e-22, nan 
-34.625, 62.625, 5.263453879743352e-23, nan 
-34.375, 62.625, 3.8848218778856554e-23, nan 
-34.125, 62.625, 3.4260090101217097e-23, nan 
-33.875, 62.625, 3.2460673409884505e-23, nan 
-33.625, 62.625, 4.0006376108677866e-23, nan 
-33.375, 62.625, 4.1611320170207594e-23, nan 
-33.125, 62.625, 4.097544077638671e-23, nan 
-32.875, 62.625, 3.111875948871007e-23, nan 
-32.625, 62.625, 9.84203295687306e-24, nan 
-32.375, 62.625, 3.329937521635369e-23, nan 
-32.125, 62.625, 4.8443365471147575e-23, nan 
-31.875, 62.625, 4.730451992309083e-23, nan 
-31.625, 62.625, 3.295688012723469e-23, nan 
-31.375, 62.625, 5.025689307225988e-23, nan 
-31.125, 62.625, 6.199119683441009e-23, nan 
-30.875, 62.625, 7.99651483379854e-23, nan 
-30.625, 62.625, 1.1307768572047313e-22, nan 
-30.375, 62.625, 1.5934290767879641e-22, nan 
-30.125, 62.625, 1.1148430369075807e-22, nan 
-29.875, 62.625, 8.420693817863031e-23, nan 
-29.625, 62.625, 7.872256339599005e-23, nan 
-29.375, 62.625, 7.869755769840655e-23, nan 
-29.125, 62.625, 8.812182073990934e-23, nan 
-28.875, 62.625, 5.068190602945631e-23, nan 
-28.625, 62.625, 3.373914506672526e-23, nan 
-28.375, 62.625, 2.6970968727942345e-23, nan 
-28.125, 62.625, 1.872522663314796e-23, nan 
-27.875, 62.625, 2.8709566145532173e-23, nan 
-27.625, 62.625, 2.942323124990771e-23, nan 
-27.375, 62.625, 1.3447943817072755e-23, nan 
-27.125, 62.625, 2.546718099133808e-23, nan 
-26.875, 62.625, 3.6791306775894483e-23, nan 
-26.625, 62.625, 8.476451710578901e-24, nan 
-26.375, 62.625, 3.789059760847927e-23, nan 
-26.125, 62.625, 5.734530566940469e-23, nan 
-25.875, 62.625, 7.38820012543412e-23, nan 
-25.625, 62.625, 6.802964859643196e-23, nan 
-25.375, 62.625, 8.281320042294919e-23, nan 
-25.125, 62.625, 8.54171192398685e-23, nan 
-24.875, 62.625, 4.462319042344793e-23, nan 
-24.625, 62.625, 1.9799735619626713e-23, nan 
-24.375, 62.625, 2.4789176321921116e-23, nan 
-24.125, 62.625, 2.3430114264866504e-23, nan 
-23.875, 62.625, 8.82954817031251e-23, nan 
-23.625, 62.625, 8.522449713033096e-23, nan 
-23.375, 62.625, 1.228223412454204e-22, nan 
-23.125, 62.625, 8.565802633750899e-23, nan 
-22.875, 62.625, 4.380093227767154e-23, nan 
-22.625, 62.625, 6.509094283176049e-23, nan 
-22.375, 62.625, 5.870241638416425e-23, nan 
-22.125, 62.625, 4.130765505841319e-23, nan 
-21.875, 62.625, 7.279265910736845e-23, nan 
-21.625, 62.625, 7.540761019427537e-23, nan 
-21.375, 62.625, 5.98024887522798e-23, nan 
-21.125, 62.625, 5.667899294371877e-23, nan 
-20.875, 62.625, 5.737258525664776e-23, nan 
-20.625, 62.625, 4.3853695065282723e-23, nan 
-20.375, 62.625, 4.203386119916671e-23, nan 
-20.125, 62.625, 5.1968430346640577e-23, nan 
-19.875, 62.625, 4.09612617713975e-23, nan 
-19.625, 62.625, 3.132081205818374e-23, nan 
-19.375, 62.625, 5.658373602931299e-23, nan 
-19.125, 62.625, 1.5748740715852128e-23, nan 
-18.875, 62.625, 2.4022181088184262e-23, nan 
-18.625, 62.625, 3.410132410364182e-23, nan 
-18.375, 62.625, 1.388396861109682e-23, nan 
-18.125, 62.625, 3.472933334092543e-23, nan 
-17.875, 62.625, 6.141258543761409e-23, nan 
-17.625, 62.625, 3.4833258828247286e-23, nan 
-17.375, 62.625, 5.810846257857432e-23, nan 
-17.125, 62.625, 6.618539942472967e-23, nan 
-16.875, 62.625, 7.155102836550998e-23, nan 
-16.625, 62.625, 8.135286603557081e-23, nan 
-16.375, 62.625, 8.143574476838733e-23, nan 
-16.125, 62.625, 8.107992845812459e-23, nan 
-15.875, 62.625, 5.0819094866998465e-23, nan 
-15.625, 62.625, 1.2527991990993428e-22, nan 
-15.375, 62.625, 1.308046249793648e-22, nan 
-15.125, 62.625, 4.910236156245701e-23, nan 
-14.875, 62.625, 4.4386882575505134e-23, nan 
-14.625, 62.625, 6.131844481474104e-23, nan 
-14.375, 62.625, 2.8454606576383633e-23, nan 
-14.125, 62.625, 5.0093750365117135e-23, nan 
-13.875, 62.625, 3.9491788448291726e-23, nan 
-13.625, 62.625, 6.318341085444617e-23, nan 
-13.375, 62.625, 8.789308210861172e-23, nan 
-13.125, 62.625, 5.455721826624125e-23, nan 
-12.875, 62.625, 4.0966308634638125e-23, nan 
-12.625, 62.625, 5.370698717380366e-23, nan 
-12.375, 62.625, 4.25471661556984e-23, nan 
-12.125, 62.625, 3.998789015357103e-23, nan 
-11.875, 62.625, 4.305140081610947e-23, nan 
-11.625, 62.625, 2.5611065805975113e-23, nan 
-11.375, 62.625, 8.893529991977831e-23, nan 
-11.125, 62.625, 6.396157616855673e-23, nan 
-10.875, 62.625, 7.002911146058851e-23, nan 
-10.625, 62.625, 7.090415049442253e-23, nan 
-10.375, 62.625, 6.084112589191923e-23, nan 
-10.125, 62.625, 6.493768753366345e-23, nan 
-9.875, 62.625, 1.0662089924559258e-22, nan 
-9.625, 62.625, 1.2547097136361873e-22, nan 
-9.375, 62.625, 8.338040363286624e-23, nan 
-9.125, 62.625, 4.6036574310141696e-23, nan 
-8.875, 62.625, 6.701600762073668e-23, nan 
-8.625, 62.625, 8.672877441293657e-23, nan 
-8.375, 62.625, 1.047686315307944e-22, nan 
-8.125, 62.625, 7.656631888963242e-23, nan 
-7.875, 62.625, 7.164783166784457e-23, nan 
-7.625, 62.625, 1.0959800433498295e-22, nan 
-7.375, 62.625, 9.000890414072591e-23, nan 
-7.125, 62.625, 4.176087593236781e-23, nan 
-6.875, 62.625, 5.712662014072173e-23, nan 
-6.625, 62.625, 5.372763339052152e-23, nan 
-6.375, 62.625, 2.3352541945064852e-23, nan 
-6.125, 62.625, 2.9742939742012476e-23, nan 
-5.875, 62.625, 7.394489814743013e-23, nan 
-5.625, 62.625, 8.322434290774764e-23, nan 
-5.375, 62.625, 4.319877677244592e-23, nan 
-5.125, 62.625, 5.624880119876611e-23, nan 
-4.875, 62.625, 9.325619647210966e-23, nan 
-4.625, 62.625, 5.401944540384089e-23, nan 
-4.375, 62.625, 1.5067751206955644e-23, nan 
-4.125, 62.625, 2.941830728670929e-23, nan 
-3.875, 62.625, 2.217088340861317e-23, nan 
-3.625, 62.625, 4.3653807162081646e-23, nan 
-3.375, 62.625, 1.6544709060431386e-23, nan 
-3.125, 62.625, 3.0098975482996006e-23, nan 
-2.875, 62.625, 3.078495417670364e-23, nan 
-2.625, 62.625, 3.17350275021757e-23, nan 
-2.375, 62.625, 2.915076093207848e-23, nan 
-2.125, 62.625, 2.688182202555065e-23, nan 
-1.875, 62.625, 2.924683597988693e-23, nan 
-1.625, 62.625, 2.1288045310983577e-23, nan 
-1.375, 62.625, 2.5592948585671922e-23, nan 
-1.125, 62.625, 1.7002175412300341e-23, nan 
-0.875, 62.625, 2.9103429799954924e-23, nan 
-0.625, 62.625, 3.224529380505004e-23, nan 
-0.375, 62.625, 2.695317506259237e-23, nan 
-0.125, 62.625, 2.704149892476975e-23, nan 
0.125, 62.625, 2.1653637065134997e-23, nan 
0.375, 62.625, 2.1301221212899675e-23, nan 
0.625, 62.625, 3.179814763544936e-23, nan 
0.875, 62.625, 3.503268920289671e-23, nan 
1.125, 62.625, 1.7395535972400047e-23, nan 
1.375, 62.625, 1.0893417296051693e-23, nan 
1.625, 62.625, 2.5775194889454785e-23, nan 
1.875, 62.625, 1.6541555345796777e-23, nan 
2.125, 62.625, 1.4619397205279065e-23, nan 
2.375, 62.625, 4.385923722520909e-23, nan 
2.625, 62.625, 2.5333060607710348e-23, nan 
2.875, 62.625, 2.825382771621923e-23, nan 
3.125, 62.625, 2.5165610908142507e-23, nan 
3.375, 62.625, 2.6980414435272636e-23, nan 
3.625, 62.625, 3.7058859286216145e-23, nan 
3.875, 62.625, 2.497822813353102e-23, nan 
4.125, 62.625, 2.801183937863947e-23, nan 
4.375, 62.625, 2.2734396323757076e-23, nan 
4.625, 62.625, 1.8173901963346815e-23, nan 
4.875, 62.625, 2.964916989179065e-23, nan 
5.125, 62.625, 3.499770268433064e-23, nan 
5.375, 62.625, 4.052272306968955e-23, nan 
5.625, 62.625, 3.6672187215133964e-23, nan 
5.875, 62.625, 3.2640551151687205e-23, nan 
6.125, 62.625, 4.3355988495113674e-23, nan 
6.375, 62.625, 6.567022440917796e-23, nan 
6.625, 62.625, 6.734785349110074e-23, nan 
6.875, 62.625, 8.18172955000417e-23, nan 
7.125, 62.625, 4.004619714151387e-23, nan 
7.375, 62.625, 4.2176540588224326e-23, nan 
7.625, 62.625, 5.386087829320823e-23, nan 
7.875, 62.625, 4.373033235688178e-23, nan 
8.125, 62.625, 2.3442070308752843e-23, nan 
8.375, 62.625, 3.741279036703303e-23, nan 
8.625, 62.625, 4.9304160570017255e-23, nan 
8.875, 62.625, 1.956196082693194e-23, nan 
9.125, 62.625, 2.4072428794462083e-23, nan 
9.375, 62.625, 2.6006379624118782e-23, nan 
9.625, 62.625, 2.3235421710200567e-23, nan 
9.875, 62.625, 2.974323262493393e-23, nan 
10.125, 62.625, 2.4477178181673916e-23, nan 
10.375, 62.625, 4.1321650903731633e-23, nan 
10.625, 62.625, 4.761051685885452e-23, nan 
10.875, 62.625, 5.680577463564008e-23, nan 
11.125, 62.625, 3.268040977333866e-23, nan 
11.375, 62.625, 5.0665113369066895e-23, nan 
11.625, 62.625, 4.939708347733061e-23, nan 
11.875, 62.625, 3.475482060138728e-23, nan 
12.125, 62.625, 4.1242975692598174e-23, nan 
12.375, 62.625, 3.195906600228872e-23, nan 
12.625, 62.625, 3.27110648169645e-23, nan 
12.875, 62.625, 6.859889033777394e-23, nan 
13.125, 62.625, 5.053558471272294e-23, nan 
13.375, 62.625, 3.0299301644292187e-23, nan 
13.625, 62.625, 2.7358257633944594e-23, nan 
13.875, 62.625, 4.133163690144779e-23, nan 
14.125, 62.625, 4.193463652140318e-23, nan 
14.375, 62.625, 3.000765939088514e-23, nan 
14.625, 62.625, 5.789003752073159e-23, nan 
14.875, 62.625, 3.980262128645533e-23, nan 
15.125, 62.625, 1.9771889117549755e-23, nan 
15.375, 62.625, 2.2596414674864352e-23, nan 
15.625, 62.625, 2.5086067669452402e-23, nan 
15.875, 62.625, 2.2100508692871903e-23, nan 
16.125, 62.625, 1.680032728071714e-23, nan 
16.375, 62.625, 2.6456161651101104e-23, nan 
16.625, 62.625, 1.939479040856536e-23, nan 
16.875, 62.625, 1.577512570614564e-23, nan 
17.125, 62.625, 1.2927325488232403e-23, nan 
17.375, 62.625, 8.884931987421624e-24, nan 
17.625, 62.625, 1.2435534844186237e-23, nan 
17.875, 62.625, 1.1903346032128687e-23, nan 
18.125, 62.625, 1.0299689792982352e-23, nan 
18.375, 62.625, 1.7697819153568218e-23, nan 
18.625, 62.625, 1.5533479523847822e-23, nan 
18.875, 62.625, 5.569584716974565e-24, nan 
19.125, 62.625, 6.165487861465516e-24, nan 
19.375, 62.625, 4.4102249197243966e-24, nan 
19.625, 62.625, 3.467256853448888e-24, nan 
19.875, 62.625, 4.716716966810613e-24, nan 
20.125, 62.625, 5.483275181107003e-24, nan 
20.375, 62.625, 7.10729073655114e-24, nan 
20.625, 62.625, 1.0580929268130834e-23, nan 
20.875, 62.625, 9.511918565702752e-24, nan 
21.125, 62.625, 1.1636536426961368e-23, nan 
21.375, 62.625, 1.324646662187439e-23, nan 
21.625, 62.625, 1.2118189889244078e-23, nan 
21.875, 62.625, 9.105752519966554e-24, nan 
22.125, 62.625, 7.001689567373774e-24, nan 
22.375, 62.625, 9.375443581176963e-24, nan 
22.625, 62.625, 8.381506672260018e-24, nan 
22.875, 62.625, 7.750515664364236e-24, nan 
23.125, 62.625, 1.2099859158026741e-23, nan 
23.375, 62.625, 4.911323238524288e-24, nan 
23.625, 62.625, 4.2856894992712734e-24, nan 
23.875, 62.625, 1.3652020252899221e-23, nan 
24.125, 62.625, 1.3125812517087686e-23, nan 
24.375, 62.625, 1.991980081660325e-23, nan 
24.625, 62.625, 2.2380888551306993e-23, nan 
24.875, 62.625, 1.916344627906072e-23, nan 
25.125, 62.625, 2.3790730833089076e-23, nan 
25.375, 62.625, 1.6500977198598188e-23, nan 
25.625, 62.625, 7.663466123865955e-24, nan 
25.875, 62.625, 6.31842374075659e-24, nan 
26.125, 62.625, 1.0931878151837606e-23, nan 
26.375, 62.625, 2.209566756805364e-23, nan 
26.625, 62.625, 1.181624715770439e-23, nan 
26.875, 62.625, 8.015952958925968e-24, nan 
27.125, 62.625, 8.692915207218762e-24, nan 
27.375, 62.625, 8.683466245403716e-24, nan 
27.625, 62.625, 1.136784048877505e-23, nan 
27.875, 62.625, 1.4074222919929967e-23, nan 
28.125, 62.625, 1.5796933403012122e-23, nan 
28.375, 62.625, 1.1454812493294253e-23, nan 
28.625, 62.625, 6.563334611768472e-24, nan 
28.875, 62.625, 1.0379772338705271e-23, nan 
29.125, 62.625, 6.813283891461201e-24, nan 
29.375, 62.625, 3.941922620899217e-24, nan 
29.625, 62.625, 3.4569827814037955e-24, nan 
29.875, 62.625, 4.980972478116247e-24, nan 
30.125, 62.625, 3.700521433880019e-24, nan 
30.375, 62.625, 2.0391290943700465e-24, nan 
30.625, 62.625, 2.576052124370379e-24, nan 
30.875, 62.625, 1.1474479604036368e-23, nan 
31.125, 62.625, 4.1401810978625314e-24, nan 
31.375, 62.625, 3.071952525836471e-24, nan 
31.625, 62.625, 4.481109703585049e-24, nan 
31.875, 62.625, 3.1037399617098374e-24, nan 
32.125, 62.625, 4.570645025700426e-24, nan 
32.375, 62.625, 4.8714210066654814e-24, nan 
32.625, 62.625, 3.2453701071757586e-24, nan 
32.875, 62.625, 5.4292002876480106e-24, nan 
33.125, 62.625, 5.18966746163632e-24, nan 
33.375, 62.625, 4.221215064836704e-24, nan 
33.625, 62.625, 6.858501552315209e-24, nan 
33.875, 62.625, 3.2576612738131317e-24, nan 
34.125, 62.625, 5.967869061353494e-24, nan 
34.375, 62.625, 1.1925070644521764e-23, nan 
34.625, 62.625, 7.056318256488888e-24, nan 
34.875, 62.625, 4.601572178830087e-24, nan 
35.125, 62.625, 7.297788965644745e-24, nan 
35.375, 62.625, 7.548873827748936e-24, nan 
35.625, 62.625, 3.99031362732291e-24, nan 
35.875, 62.625, 4.405643109927175e-24, nan 
36.125, 62.625, 3.550814394764876e-24, nan 
36.375, 62.625, 6.724460014826439e-24, nan 
36.625, 62.625, 4.400318543677865e-24, nan 
36.875, 62.625, 3.010640223779742e-24, nan 
37.125, 62.625, 4.4344031814154514e-24, nan 
37.375, 62.625, 5.994666128006442e-24, nan 
37.625, 62.625, 4.9962074842180754e-24, nan 
37.875, 62.625, 4.6598143262190716e-24, nan 
38.125, 62.625, 6.038033573635017e-24, nan 
38.375, 62.625, 6.376574280386771e-24, nan 
38.625, 62.625, 6.271317549539251e-24, nan 
38.875, 62.625, 4.622119173336564e-24, nan 
39.125, 62.625, 2.721434433052468e-24, nan 
39.375, 62.625, 2.9268162702303896e-24, nan 
39.625, 62.625, 4.272362978091185e-24, nan 
39.875, 62.625, 6.301806542651646e-24, nan 
40.125, 62.625, 3.819140748301926e-24, nan 
40.375, 62.625, 4.028926153635026e-24, nan 
40.625, 62.625, 3.471079884228277e-24, nan 
40.875, 62.625, 2.060309728288056e-24, nan 
41.125, 62.625, 3.114393977889415e-24, nan 
41.375, 62.625, 4.411588046428945e-24, nan 
-114.625, 62.875, 7.029453302095456e-24, nan 
-114.375, 62.875, 2.789507771304812e-23, nan 
-114.125, 62.875, 6.4435060234065904e-24, nan 
-113.875, 62.875, 4.218935021557658e-24, nan 
-113.625, 62.875, 3.0447780937263404e-24, nan 
-113.375, 62.875, 2.0767707739446195e-24, nan 
-113.125, 62.875, 2.1407200017271817e-24, nan 
-112.875, 62.875, 2.0043343158103333e-24, nan 
-112.625, 62.875, 2.2834792972937597e-24, nan 
-112.375, 62.875, 2.222535089019707e-24, nan 
-112.125, 62.875, 2.0325194977511485e-24, nan 
-111.875, 62.875, 2.148128676314357e-24, nan 
-111.625, 62.875, 2.402676367917163e-24, nan 
-111.375, 62.875, 2.455259545852314e-24, nan 
-111.125, 62.875, 2.4710276003358234e-24, nan 
-110.875, 62.875, 1.9337220785380838e-24, nan 
-110.625, 62.875, 1.966956639278619e-24, nan 
-110.375, 62.875, 1.6458866924717473e-24, nan 
-110.125, 62.875, 1.8328610015571507e-24, nan 
-109.875, 62.875, 2.2621293566124572e-24, nan 
-109.625, 62.875, 1.9746241508167662e-24, nan 
-109.375, 62.875, 1.988038953244663e-24, nan 
-109.125, 62.875, 1.875714420116184e-24, nan 
-108.875, 62.875, 2.0624691288536374e-24, nan 
-108.625, 62.875, 2.0137106846701123e-24, nan 
-108.375, 62.875, 2.367650657172409e-24, nan 
-108.125, 62.875, 2.244344341426417e-24, nan 
-107.875, 62.875, 2.7426790884726277e-24, nan 
-107.625, 62.875, 2.6756041989749185e-24, nan 
-107.375, 62.875, 2.6535381761944123e-24, nan 
-107.125, 62.875, 2.2728661685737743e-24, nan 
-106.875, 62.875, 2.292189917304218e-24, nan 
-106.625, 62.875, 2.080794397165804e-24, nan 
-106.375, 62.875, 1.914487972486842e-24, nan 
-106.125, 62.875, 1.9284630191872743e-24, nan 
-105.875, 62.875, 2.5959812563714204e-24, nan 
-105.625, 62.875, 1.879987821624656e-24, nan 
-105.375, 62.875, 1.655978818660571e-24, nan 
-105.125, 62.875, 1.865420516945797e-24, nan 
-104.875, 62.875, 2.274974583158526e-24, nan 
-104.625, 62.875, 2.3340735024976046e-24, nan 
-104.375, 62.875, 2.4807497841621467e-24, nan 
-104.125, 62.875, 2.3841315753732854e-24, nan 
-103.875, 62.875, 2.5186456800207972e-24, nan 
-103.625, 62.875, 2.206598127972958e-24, nan 
-103.375, 62.875, 2.3412402026807223e-24, nan 
-103.125, 62.875, 2.343858418265966e-24, nan 
-102.875, 62.875, 2.593780666216668e-24, nan 
-102.625, 62.875, 2.466020206264901e-24, nan 
-102.375, 62.875, 2.8061494797785852e-24, nan 
-102.125, 62.875, 2.6894348642115255e-24, nan 
-101.875, 62.875, 3.2409291762263245e-24, nan 
-101.625, 62.875, 3.990463378030951e-24, nan 
-101.375, 62.875, 3.773466100767816e-24, nan 
-101.125, 62.875, 4.2107291845773204e-24, nan 
-100.875, 62.875, 3.851851386838126e-24, nan 
-100.625, 62.875, 3.399762187995797e-24, nan 
-100.375, 62.875, 3.2132094177765234e-24, nan 
-100.125, 62.875, 3.3139793269798485e-24, nan 
-99.875, 62.875, 3.2042366269601265e-24, nan 
-99.625, 62.875, 3.899417567154865e-24, nan 
-99.375, 62.875, 3.612963625312124e-24, nan 
-99.125, 62.875, 3.8103238601500855e-24, nan 
-98.875, 62.875, 4.068881467028851e-24, nan 
-98.625, 62.875, 4.8493487176163626e-24, nan 
-98.375, 62.875, 3.701666811014819e-24, nan 
-98.125, 62.875, 3.9448319149627476e-24, nan 
-97.875, 62.875, 6.073975547443551e-24, nan 
-97.625, 62.875, 3.827155374414553e-24, nan 
-97.375, 62.875, 4.0330825619402436e-24, nan 
-97.125, 62.875, 4.559803272135303e-24, nan 
-96.875, 62.875, 4.827543107459522e-24, nan 
-96.625, 62.875, 4.238664818323963e-24, nan 
-96.375, 62.875, 4.93292949888253e-24, nan 
-96.125, 62.875, 4.9057013274796466e-24, nan 
-95.875, 62.875, 4.72498027767347e-24, nan 
-95.625, 62.875, 4.563164981124836e-24, nan 
-95.375, 62.875, 4.133725037755286e-24, nan 
-95.125, 62.875, 4.290577969441299e-24, nan 
-94.875, 62.875, 4.979406706433705e-24, nan 
-94.625, 62.875, 5.757525713796459e-24, nan 
-94.375, 62.875, 5.655034080863524e-24, nan 
-94.125, 62.875, 5.578997757796248e-24, nan 
-93.875, 62.875, 7.449815140504728e-24, nan 
-93.625, 62.875, 6.94093480954305e-24, nan 
-93.375, 62.875, 6.443779316330941e-24, nan 
-93.125, 62.875, 4.9868546061994145e-24, nan 
-92.875, 62.875, 6.2773867671796886e-24, nan 
-92.625, 62.875, 5.099290190365525e-24, nan 
-92.375, 62.875, 5.227867786944766e-24, nan 
-92.125, 62.875, 5.885809706417079e-24, nan 
-91.875, 62.875, 6.830039750088005e-24, nan 
-91.625, 62.875, 7.021227246512358e-24, nan 
-91.375, 62.875, 6.988767872697917e-24, nan 
-91.125, 62.875, 8.297085451099755e-24, nan 
-90.875, 62.875, 6.507739556940659e-24, nan 
-90.625, 62.875, 7.578106347243321e-24, nan 
-90.375, 62.875, 8.81925875118725e-24, nan 
-90.125, 62.875, 9.235512602435301e-24, nan 
-89.875, 62.875, 1.08703077863526e-23, nan 
-89.625, 62.875, 1.1655313306164796e-23, nan 
-89.375, 62.875, 1.0743198833655709e-23, nan 
-89.125, 62.875, 1.3073544041321912e-23, nan 
-88.875, 62.875, 1.0083164937453496e-23, nan 
-88.625, 62.875, 9.062367744421515e-24, nan 
-88.375, 62.875, 8.05989881861557e-24, nan 
-88.125, 62.875, 7.133651019933411e-24, nan 
-87.875, 62.875, 7.352684162876787e-24, nan 
-87.625, 62.875, 8.584695820674912e-24, nan 
-87.375, 62.875, 9.02479545800225e-24, nan 
-87.125, 62.875, 9.112463907896898e-24, nan 
-86.875, 62.875, 8.117939343397625e-24, nan 
-86.625, 62.875, 8.792269643781218e-24, nan 
-86.375, 62.875, 8.104589436818847e-24, nan 
-86.125, 62.875, 8.03808433020861e-24, nan 
-85.875, 62.875, 8.791820890554257e-24, nan 
-85.625, 62.875, 7.241794175804293e-24, nan 
-85.375, 62.875, 7.096660301006344e-24, nan 
-85.125, 62.875, 6.735928511294794e-24, nan 
-84.875, 62.875, 5.668971831971054e-24, nan 
-84.625, 62.875, 5.847555385913344e-24, nan 
-84.375, 62.875, 1.1410877590417697e-23, nan 
-84.125, 62.875, 1.0339218310705826e-23, nan 
-83.875, 62.875, 1.0820200320480753e-23, nan 
-83.625, 62.875, 1.2010873924603633e-23, nan 
-83.375, 62.875, 1.1370835279801174e-23, nan 
-83.125, 62.875, 9.91844482531246e-24, nan 
-82.875, 62.875, 9.572115496636907e-24, nan 
-82.625, 62.875, 9.62908716930483e-24, nan 
-82.375, 62.875, 8.64429557342217e-24, nan 
-82.125, 62.875, 8.779460480952058e-24, nan 
-81.875, 62.875, 8.245055452827833e-24, nan 
-81.625, 62.875, 7.207020371024403e-24, nan 
-81.375, 62.875, 9.782923344282904e-24, nan 
-81.125, 62.875, 8.793645326196904e-24, nan 
-80.875, 62.875, 6.605132812508634e-24, nan 
-80.625, 62.875, 9.797114481272779e-24, nan 
-80.375, 62.875, 9.736058134487907e-24, nan 
-80.125, 62.875, 9.431956524968527e-24, nan 
-79.875, 62.875, 9.524938544070286e-24, nan 
-79.625, 62.875, 1.046183932460673e-23, nan 
-79.375, 62.875, 1.1090976885627252e-23, nan 
-79.125, 62.875, 9.616009841387168e-24, nan 
-78.875, 62.875, 8.985417125528762e-24, nan 
-78.625, 62.875, 8.106555418309933e-24, nan 
-78.375, 62.875, 7.982547357900564e-24, nan 
-78.125, 62.875, 7.868634211935495e-24, nan 
-77.875, 62.875, 9.291643116872339e-24, nan 
-77.625, 62.875, 1.0045808873903306e-23, nan 
-77.375, 62.875, 9.422606963233732e-24, nan 
-77.125, 62.875, 9.084383653929958e-24, nan 
-76.875, 62.875, 7.939756420479792e-24, nan 
-76.625, 62.875, 9.717677562090639e-24, nan 
-76.375, 62.875, 1.2233162392920832e-23, nan 
-76.125, 62.875, 1.2685388725985609e-23, nan 
-75.875, 62.875, 1.422647779834536e-23, nan 
-75.625, 62.875, 1.273464791143975e-23, nan 
-75.375, 62.875, 1.1450120792644534e-23, nan 
-75.125, 62.875, 1.2564053580362493e-23, nan 
-74.875, 62.875, 1.428036122176874e-23, nan 
-74.625, 62.875, 1.2996228534284651e-23, nan 
-74.375, 62.875, 1.4981635920118665e-23, nan 
-74.125, 62.875, 1.5056079592305945e-23, nan 
-73.875, 62.875, 1.6472391398389813e-23, nan 
-73.625, 62.875, 1.5272177466901304e-23, nan 
-73.375, 62.875, 1.2838164006308255e-23, nan 
-73.125, 62.875, 1.3956520643186757e-23, nan 
-72.875, 62.875, 1.1988246245035589e-23, nan 
-72.625, 62.875, 1.2299932824857249e-23, nan 
-72.375, 62.875, 1.1565572120151718e-23, nan 
-72.125, 62.875, 1.3522925827286805e-23, nan 
-71.875, 62.875, 1.5706080686430243e-23, nan 
-71.625, 62.875, 1.4981998016385156e-23, nan 
-71.375, 62.875, 1.235759045676587e-23, nan 
-71.125, 62.875, 1.1887332113983228e-23, nan 
-70.875, 62.875, 1.5478221345736187e-23, nan 
-70.625, 62.875, 2.139768131512226e-23, nan 
-70.375, 62.875, 1.582621320180785e-23, nan 
-70.125, 62.875, 1.8396632013929144e-23, nan 
-69.875, 62.875, 2.1654775969764472e-23, nan 
-69.625, 62.875, 1.8084035166396446e-23, nan 
-69.375, 62.875, 1.6435756394268305e-23, nan 
-69.125, 62.875, 1.712242077076816e-23, nan 
-68.875, 62.875, 1.6529546507721466e-23, nan 
-68.625, 62.875, 1.2521108130357782e-23, nan 
-68.375, 62.875, 1.3275303286730752e-23, nan 
-68.125, 62.875, 1.3467980731971866e-23, nan 
-67.875, 62.875, 1.7425358836187244e-23, nan 
-67.625, 62.875, 1.6592545309031735e-23, nan 
-67.375, 62.875, 1.8045672291358675e-23, nan 
-67.125, 62.875, 1.978180635660931e-23, nan 
-66.875, 62.875, 2.1090711263196723e-23, nan 
-66.625, 62.875, 2.2050044411399147e-23, nan 
-66.375, 62.875, 2.3830851975527077e-23, nan 
-66.125, 62.875, 2.0525595082383493e-23, nan 
-65.875, 62.875, 2.2963422050171763e-23, nan 
-65.625, 62.875, 2.1296555181848692e-23, nan 
-65.375, 62.875, 2.147271853651801e-23, nan 
-65.125, 62.875, 2.240290839995429e-23, nan 
-64.875, 62.875, 2.1531197357716004e-23, nan 
-64.625, 62.875, 2.152073677916813e-23, nan 
-64.375, 62.875, 1.9721397673433167e-23, nan 
-64.125, 62.875, 2.4379853015898287e-23, nan 
-63.875, 62.875, 2.2682492308346173e-23, nan 
-63.625, 62.875, 2.6292358660758805e-23, nan 
-63.375, 62.875, 2.700232290535946e-23, nan 
-63.125, 62.875, 2.2133930471414614e-23, nan 
-62.875, 62.875, 2.353340060549858e-23, nan 
-62.625, 62.875, 2.0871982998118442e-23, nan 
-62.375, 62.875, 1.7380472065290415e-23, nan 
-62.125, 62.875, 1.71718875269017e-23, nan 
-61.875, 62.875, 2.6547064155918187e-23, nan 
-61.625, 62.875, 2.7612240169843276e-23, nan 
-61.375, 62.875, 9.24399298408614e-24, nan 
-61.125, 62.875, 9.536536056658855e-24, nan 
-60.875, 62.875, 9.037649743761918e-24, nan 
-60.625, 62.875, 1.3702450742392658e-23, nan 
-60.375, 62.875, 1.8323660513959087e-23, nan 
-60.125, 62.875, 1.6616746091915143e-23, nan 
-59.875, 62.875, 1.381456207813335e-23, nan 
-59.625, 62.875, 2.986327641610824e-23, nan 
-59.375, 62.875, 3.653869011627669e-23, nan 
-59.125, 62.875, 2.999060366692699e-23, nan 
-58.875, 62.875, 3.263369138660409e-23, nan 
-58.625, 62.875, 4.415829503040448e-23, nan 
-58.375, 62.875, 4.2292868599676507e-23, nan 
-58.125, 62.875, 2.6341414511794979e-23, nan 
-57.875, 62.875, 2.4328001806331743e-23, nan 
-57.625, 62.875, 2.6987328415146794e-23, nan 
-57.375, 62.875, 1.9172339193992575e-23, nan 
-57.125, 62.875, 2.1268550852530547e-23, nan 
-56.875, 62.875, 2.855846773900879e-23, nan 
-56.625, 62.875, 2.874800342791939e-23, nan 
-56.375, 62.875, 2.3831724223478402e-23, nan 
-56.125, 62.875, 2.746913853609313e-23, nan 
-55.875, 62.875, 2.624285444705964e-23, nan 
-55.625, 62.875, 1.9642640342560663e-23, nan 
-55.375, 62.875, 1.4936761932851244e-23, nan 
-55.125, 62.875, 2.0252051294848746e-23, nan 
-54.875, 62.875, 2.748566228921697e-23, nan 
-54.625, 62.875, 3.0615225740947725e-23, nan 
-54.375, 62.875, 2.1773142472488033e-23, nan 
-54.125, 62.875, 2.9059813940266595e-23, nan 
-53.875, 62.875, 3.560438971022806e-23, nan 
-53.625, 62.875, 3.430784407424743e-23, nan 
-53.375, 62.875, 2.5133216658793856e-23, nan 
-53.125, 62.875, 2.4353782947905366e-23, nan 
-52.875, 62.875, 2.436710170161707e-23, nan 
-52.625, 62.875, 1.6589148186417927e-23, nan 
-52.375, 62.875, 2.2856270558971552e-23, nan 
-52.125, 62.875, 2.600189763197778e-23, nan 
-51.875, 62.875, 1.2556667570920344e-23, nan 
-51.625, 62.875, 1.5057629202461917e-23, nan 
-51.375, 62.875, 2.4355116630732873e-23, nan 
-51.125, 62.875, 1.8384419941913718e-23, nan 
-50.875, 62.875, 1.807065534109879e-23, nan 
-50.625, 62.875, 1.623237120442038e-23, nan 
-50.375, 62.875, 1.3084404259592592e-23, nan 
-50.125, 62.875, 1.7181597861625882e-23, nan 
-49.875, 62.875, 1.1289779616633954e-23, nan 
-49.625, 62.875, 7.642657103633528e-24, nan 
-49.375, 62.875, 1.3508900447681218e-23, nan 
-49.125, 62.875, 4.1691009789332356e-23, nan 
-48.875, 62.875, 7.204298573324692e-23, nan 
-48.625, 62.875, 7.005157388729232e-23, nan 
-48.375, 62.875, 5.990285304774993e-23, nan 
-48.125, 62.875, 5.911684091448485e-23, nan 
-47.875, 62.875, 5.2106048713717335e-23, nan 
-47.625, 62.875, 3.159574172762518e-23, nan 
-47.375, 62.875, 3.221944825620116e-23, nan 
-47.125, 62.875, 3.3551308047572603e-23, nan 
-46.875, 62.875, 3.105809305569062e-23, nan 
-46.625, 62.875, 2.6647735990463435e-23, nan 
-46.375, 62.875, 1.981758158800456e-23, nan 
-46.125, 62.875, 1.6395369859390452e-23, nan 
-45.875, 62.875, 1.1013803151882491e-23, nan 
-45.625, 62.875, 1.682267586068146e-23, nan 
-45.375, 62.875, 2.366291624792872e-23, nan 
-45.125, 62.875, 3.356537306481317e-23, nan 
-44.875, 62.875, 5.2352096128929194e-23, nan 
-44.625, 62.875, 8.024365964244702e-23, nan 
-44.375, 62.875, 5.1495679431788205e-23, nan 
-44.125, 62.875, 2.1253429732513248e-23, nan 
-43.875, 62.875, 2.5978287494247524e-23, nan 
-43.625, 62.875, 2.858088659725443e-23, nan 
-43.375, 62.875, 1.835516116437638e-23, nan 
-43.125, 62.875, 1.4641589792781595e-23, nan 
-42.875, 62.875, 1.6718823039195613e-23, nan 
-42.625, 62.875, 1.07367607226164e-23, nan 
-42.375, 62.875, 3.499382892256002e-23, nan 
-42.125, 62.875, 2.815034207438912e-23, nan 
-41.875, 62.875, 2.3036034329705642e-23, nan 
-41.625, 62.875, 4.889514536594233e-23, nan 
-41.375, 62.875, 3.598100156958271e-23, nan 
-41.125, 62.875, 4.2460676372797343e-23, nan 
-40.875, 62.875, 4.1782976265150625e-23, nan 
-40.625, 62.875, 5.605930130309462e-23, nan 
-40.375, 62.875, 9.641172474511237e-24, nan 
-40.125, 62.875, 7.938072087582777e-23, nan 
-39.875, 62.875, 3.2240369995683705e-22, nan 
-39.625, 62.875, 1.0034740798009262e-22, nan 
-39.375, 62.875, 8.29357165839564e-23, nan 
-39.125, 62.875, 8.494559861950139e-23, nan 
-38.875, 62.875, 5.888261171515437e-23, nan 
-38.625, 62.875, 4.340210962325205e-23, nan 
-38.375, 62.875, 3.4242836615281553e-23, nan 
-38.125, 62.875, 2.653403635802813e-23, nan 
-37.875, 62.875, 3.6923239704139304e-23, nan 
-37.625, 62.875, 2.344787830858048e-23, nan 
-37.375, 62.875, 1.954481681506464e-23, nan 
-37.125, 62.875, 4.4458882787430333e-23, nan 
-36.875, 62.875, 3.2687284958361175e-23, nan 
-36.625, 62.875, 3.98316165031488e-23, nan 
-36.375, 62.875, 5.696746595954708e-23, nan 
-36.125, 62.875, 5.2365307452960634e-23, nan 
-35.875, 62.875, 6.334822728666e-23, nan 
-35.625, 62.875, 6.107918332283674e-23, nan 
-35.375, 62.875, 7.357525067795575e-23, nan 
-35.125, 62.875, 7.955030684655425e-23, nan 
-34.875, 62.875, 5.548441147036177e-23, nan 
-34.625, 62.875, 3.2363675912139344e-23, nan 
-34.375, 62.875, 1.9637490555683499e-23, nan 
-34.125, 62.875, 5.624699956469876e-23, nan 
-33.875, 62.875, 3.255615858675681e-23, nan 
-33.625, 62.875, 4.125938353049097e-23, nan 
-33.375, 62.875, 4.257149644015499e-23, nan 
-33.125, 62.875, 2.3779914894845164e-23, nan 
-32.875, 62.875, 1.3195536970068558e-23, nan 
-32.625, 62.875, 3.8375191800391584e-23, nan 
-32.375, 62.875, 4.4663595877724174e-23, nan 
-32.125, 62.875, 7.569363888862745e-23, nan 
-31.875, 62.875, 7.724230407290305e-23, nan 
-31.625, 62.875, 5.79040144590967e-23, nan 
-31.375, 62.875, 6.557352527020711e-23, nan 
-31.125, 62.875, 5.714495115675149e-23, nan 
-30.875, 62.875, 4.813095518603798e-23, nan 
-30.625, 62.875, 1.0650806928804102e-22, nan 
-30.375, 62.875, 9.321159455836866e-23, nan 
-30.125, 62.875, 8.074711634402489e-23, nan 
-29.875, 62.875, 1.352125137896589e-22, nan 
-29.625, 62.875, 1.0740520849567474e-22, nan 
-29.375, 62.875, 6.33223322168665e-23, nan 
-29.125, 62.875, 5.1306477913818564e-23, nan 
-28.875, 62.875, 4.650411381743724e-23, nan 
-28.625, 62.875, 2.2349135859916218e-23, nan 
-28.375, 62.875, 2.8913110542705156e-23, nan 
-28.125, 62.875, 1.5530638009972374e-23, nan 
-27.875, 62.875, 1.9964583427731225e-23, nan 
-27.625, 62.875, 2.5132446619086915e-23, nan 
-27.375, 62.875, 2.5692975509360625e-23, nan 
-27.125, 62.875, 1.8983980588857743e-23, nan 
-26.875, 62.875, 2.4806180721061147e-23, nan 
-26.625, 62.875, 2.245500378707305e-23, nan 
-26.375, 62.875, 7.048277158632318e-23, nan 
-26.125, 62.875, 8.60113699796072e-23, nan 
-25.875, 62.875, 8.038361967917019e-23, nan 
-25.625, 62.875, 7.816791983058496e-23, nan 
-25.375, 62.875, 8.325169117821038e-23, nan 
-25.125, 62.875, 6.729868451721432e-23, nan 
-24.875, 62.875, 4.0141755129425237e-23, nan 
-24.625, 62.875, 3.1000878564129346e-23, nan 
-24.375, 62.875, 4.833262914548617e-23, nan 
-24.125, 62.875, 4.544471028740214e-23, nan 
-23.875, 62.875, 3.785002221955719e-23, nan 
-23.625, 62.875, 6.716183622806114e-23, nan 
-23.375, 62.875, 8.198714575948626e-23, nan 
-23.125, 62.875, 9.634550214297845e-23, nan 
-22.875, 62.875, 6.904485178444131e-23, nan 
-22.625, 62.875, 6.962910346529701e-23, nan 
-22.375, 62.875, 7.347672038770576e-23, nan 
-22.125, 62.875, 7.157809102585539e-23, nan 
-21.875, 62.875, 5.976683984297183e-23, nan 
-21.625, 62.875, 6.257299299520813e-23, nan 
-21.375, 62.875, 6.62196690880956e-23, nan 
-21.125, 62.875, 9.737750670045539e-23, nan 
-20.875, 62.875, 8.806113688245479e-23, nan 
-20.625, 62.875, 8.976684485743971e-23, nan 
-20.375, 62.875, 8.578020009398665e-23, nan 
-20.125, 62.875, 6.272718467736619e-23, nan 
-19.875, 62.875, 6.780057219545642e-23, nan 
-19.625, 62.875, 4.606141591652151e-23, nan 
-19.375, 62.875, 5.90916731740146e-23, nan 
-19.125, 62.875, 1.6342555601507884e-23, nan 
-18.875, 62.875, 2.7492943449715784e-23, nan 
-18.625, 62.875, 3.132022078353636e-23, nan 
-18.375, 62.875, 4.2861239686922e-23, nan 
-18.125, 62.875, 4.719646792255082e-23, nan 
-17.875, 62.875, 4.951348096669199e-23, nan 
-17.625, 62.875, 7.70033120197112e-23, nan 
-17.375, 62.875, 3.093827404456988e-23, nan 
-17.125, 62.875, 4.5057361859246583e-23, nan 
-16.875, 62.875, 9.452287840843781e-23, nan 
-16.625, 62.875, 8.194009167444435e-23, nan 
-16.375, 62.875, 6.270153568150378e-23, nan 
-16.125, 62.875, 4.941805149727519e-23, nan 
-15.875, 62.875, 6.735279120178222e-23, nan 
-15.625, 62.875, 1.2249539558190442e-22, nan 
-15.375, 62.875, 1.0126978144571632e-22, nan 
-15.125, 62.875, 4.9254870712544243e-23, nan 
-14.875, 62.875, 5.270785682054052e-23, nan 
-14.625, 62.875, 5.865686767604767e-23, nan 
-14.375, 62.875, 4.938165893019141e-23, nan 
-14.125, 62.875, 5.826633075686283e-23, nan 
-13.875, 62.875, 4.089539283891427e-23, nan 
-13.625, 62.875, 7.555084597425948e-23, nan 
-13.375, 62.875, 1.0361875548211107e-22, nan 
-13.125, 62.875, 1.0123982381197424e-22, nan 
-12.875, 62.875, 3.0309691250459777e-23, nan 
-12.625, 62.875, 1.0529121309278732e-22, nan 
-12.375, 62.875, 3.841280391545999e-23, nan 
-12.125, 62.875, 8.610824313936712e-23, nan 
-11.875, 62.875, 4.617728150986781e-23, nan 
-11.625, 62.875, 3.899176271202369e-23, nan 
-11.375, 62.875, 1.31552703833257e-22, nan 
-11.125, 62.875, 5.67398082611461e-23, nan 
-10.875, 62.875, 7.905863783996157e-23, nan 
-10.625, 62.875, 1.3192822207242326e-22, nan 
-10.375, 62.875, 1.3827422437532464e-22, nan 
-10.125, 62.875, 1.511234877722028e-22, nan 
-9.875, 62.875, 1.5968648018839802e-22, nan 
-9.625, 62.875, 1.925862911370853e-22, nan 
-9.375, 62.875, 1.3265080685185593e-22, nan 
-9.125, 62.875, 1.3587006242414572e-22, nan 
-8.875, 62.875, 1.7799040150112543e-22, nan 
-8.625, 62.875, 1.0139308640947025e-22, nan 
-8.375, 62.875, 1.6302458378769977e-22, nan 
-8.125, 62.875, 1.0836258520968901e-22, nan 
-7.875, 62.875, 5.822315981591127e-23, nan 
-7.625, 62.875, 8.678168310594825e-23, nan 
-7.375, 62.875, 7.023845352402211e-23, nan 
-7.125, 62.875, 4.2355921809342005e-23, nan 
-6.875, 62.875, 1.7183896605639414e-23, nan 
-6.625, 62.875, 2.5103436929962972e-23, nan 
-6.375, 62.875, 5.35196658337081e-23, nan 
-6.125, 62.875, 3.482685276291122e-23, nan 
-5.875, 62.875, 5.844524777166701e-23, nan 
-5.625, 62.875, 6.587981522836586e-23, nan 
-5.375, 62.875, 3.0785721932287924e-23, nan 
-5.125, 62.875, 2.380027895020606e-23, nan 
-4.875, 62.875, 5.451099402554513e-23, nan 
-4.625, 62.875, 4.181440799930456e-23, nan 
-4.375, 62.875, 2.750770366742222e-23, nan 
-4.125, 62.875, 2.7950635290185e-23, nan 
-3.875, 62.875, 2.935407111766562e-23, nan 
-3.625, 62.875, 3.890755528939689e-23, nan 
-3.375, 62.875, 2.5215888265569934e-23, nan 
-3.125, 62.875, 3.6431640590924235e-23, nan 
-2.875, 62.875, 3.5509001849128404e-23, nan 
-2.625, 62.875, 3.613169739253319e-23, nan 
-2.375, 62.875, 4.756955102646649e-23, nan 
-2.125, 62.875, 4.348189111012306e-23, nan 
-1.875, 62.875, 1.7198902951803973e-23, nan 
-1.625, 62.875, 1.7223271109494605e-23, nan 
-1.375, 62.875, 3.979269583201518e-23, nan 
-1.125, 62.875, 2.1424414084705932e-23, nan 
-0.875, 62.875, 3.42126987218632e-23, nan 
-0.625, 62.875, 3.4769835155900636e-23, nan 
-0.375, 62.875, 2.530245560286329e-23, nan 
-0.125, 62.875, 2.5469338121377274e-23, nan 
0.125, 62.875, 2.869475451355125e-23, nan 
0.375, 62.875, 2.5257804190984988e-23, nan 
0.625, 62.875, 2.3864664257590982e-23, nan 
0.875, 62.875, 1.7700357102058484e-23, nan 
1.125, 62.875, 1.395854858555534e-23, nan 
1.375, 62.875, 1.143719996304648e-23, nan 
1.625, 62.875, 2.2345983379950037e-23, nan 
1.875, 62.875, 1.1215303495482708e-23, nan 
2.125, 62.875, 2.577777565479187e-23, nan 
2.375, 62.875, 5.415456504338821e-23, nan 
2.625, 62.875, 4.177022670723398e-23, nan 
2.875, 62.875, 3.8557264548563695e-23, nan 
3.125, 62.875, 4.907715126019239e-23, nan 
3.375, 62.875, 4.0938441753817194e-23, nan 
3.625, 62.875, 3.4328357342654087e-23, nan 
3.875, 62.875, 2.5275393734671663e-23, nan 
4.125, 62.875, 2.5533938962533308e-23, nan 
4.375, 62.875, 2.1690533934606423e-23, nan 
4.625, 62.875, 3.0570371402045133e-23, nan 
4.875, 62.875, 3.721342388508177e-23, nan 
5.125, 62.875, 3.5697307847452295e-23, nan 
5.375, 62.875, 2.6415455711737754e-23, nan 
5.625, 62.875, 4.5209566536116565e-23, nan 
5.875, 62.875, 4.1034684572025824e-23, nan 
6.125, 62.875, 3.0512836315894346e-23, nan 
6.375, 62.875, 2.5478421517987584e-23, nan 
6.625, 62.875, 4.3463628262890646e-23, nan 
6.875, 62.875, 2.934412823367927e-23, nan 
7.125, 62.875, 2.7608024800238165e-23, nan 
7.375, 62.875, 2.899986469040871e-23, nan 
7.625, 62.875, 1.2085923358837117e-23, nan 
7.875, 62.875, 2.521351188607533e-23, nan 
8.125, 62.875, 2.0567012429447852e-23, nan 
8.375, 62.875, 3.7937431679944255e-23, nan 
8.625, 62.875, 4.276665743698079e-23, nan 
8.875, 62.875, 3.973035827853553e-23, nan 
9.125, 62.875, 3.089970993524814e-23, nan 
9.375, 62.875, 2.675450841660714e-23, nan 
9.625, 62.875, 3.570472382206223e-23, nan 
9.875, 62.875, 3.5541107253684187e-23, nan 
10.125, 62.875, 4.4604312000873843e-23, nan 
10.375, 62.875, 4.602089743381664e-23, nan 
10.625, 62.875, 6.29792908012133e-23, nan 
10.875, 62.875, 6.502998049673366e-23, nan 
11.125, 62.875, 4.3051933380961365e-23, nan 
11.375, 62.875, 5.2157950971692e-23, nan 
11.625, 62.875, 4.217340255415725e-23, nan 
11.875, 62.875, 4.106980244644092e-23, nan 
12.125, 62.875, 1.6118178204384675e-23, nan 
12.375, 62.875, 3.405847562863671e-23, nan 
12.625, 62.875, 3.343521340257394e-23, nan 
12.875, 62.875, 4.6530722269856176e-23, nan 
13.125, 62.875, 4.47233997830005e-23, nan 
13.375, 62.875, 3.3706820731748757e-23, nan 
13.625, 62.875, 2.2937702997363125e-23, nan 
13.875, 62.875, 2.703955676215966e-23, nan 
14.125, 62.875, 2.253635481615718e-23, nan 
14.375, 62.875, 2.0150233650501442e-23, nan 
14.625, 62.875, 6.835383421764758e-23, nan 
14.875, 62.875, 4.9452980634405005e-23, nan 
15.125, 62.875, 1.624987304679455e-23, nan 
15.375, 62.875, 3.7117376833308524e-23, nan 
15.625, 62.875, 3.0451381283266526e-23, nan 
15.875, 62.875, 1.7659191078994792e-23, nan 
16.125, 62.875, 2.839303251624931e-23, nan 
16.375, 62.875, 2.281243464149854e-23, nan 
16.625, 62.875, 1.8177498818681948e-23, nan 
16.875, 62.875, 3.211954782928663e-23, nan 
17.125, 62.875, 7.725562664414677e-24, nan 
17.375, 62.875, 4.40826888733016e-24, nan 
17.625, 62.875, 1.1023405527774326e-23, nan 
17.875, 62.875, 9.542679032668501e-24, nan 
18.125, 62.875, 1.355462812827646e-23, nan 
18.375, 62.875, 1.6778302601007158e-23, nan 
18.625, 62.875, 1.7614774635443517e-23, nan 
18.875, 62.875, 1.12546880540782e-23, nan 
19.125, 62.875, 1.1598963333679983e-23, nan 
19.375, 62.875, 1.0264567613250372e-23, nan 
19.625, 62.875, 5.02433126966399e-24, nan 
19.875, 62.875, 1.1247774487754684e-23, nan 
20.125, 62.875, 8.780321182518015e-24, nan 
20.375, 62.875, 7.89620249435349e-24, nan 
20.625, 62.875, 8.451941530903719e-24, nan 
20.875, 62.875, 7.126464973723347e-24, nan 
21.125, 62.875, 9.392268347452524e-24, nan 
21.375, 62.875, 1.2625338527583817e-23, nan 
21.625, 62.875, 1.036427227602937e-23, nan 
21.875, 62.875, 9.295679604314937e-24, nan 
22.125, 62.875, 1.0013169834661289e-23, nan 
22.375, 62.875, 8.703964960977596e-24, nan 
22.625, 62.875, 1.1078209921287499e-23, nan 
22.875, 62.875, 9.256418450800603e-24, nan 
23.125, 62.875, 1.020486064951208e-23, nan 
23.375, 62.875, 7.925710336324578e-24, nan 
23.625, 62.875, 6.807374060420074e-24, nan 
23.875, 62.875, 8.994253639847129e-24, nan 
24.125, 62.875, 1.0935913055013513e-23, nan 
24.375, 62.875, 1.1092195895948442e-23, nan 
24.625, 62.875, 1.00127934340878e-23, nan 
24.875, 62.875, 1.3143742095832644e-23, nan 
25.125, 62.875, 1.3706959995029408e-23, nan 
25.375, 62.875, 1.1713405811048184e-23, nan 
25.625, 62.875, 1.3762004388878708e-23, nan 
25.875, 62.875, 8.61514795199315e-24, nan 
26.125, 62.875, 6.563808379801901e-24, nan 
26.375, 62.875, 1.4733232358695092e-23, nan 
26.625, 62.875, 9.24267639241398e-24, nan 
26.875, 62.875, 8.911960088864413e-24, nan 
27.125, 62.875, 1.5851883236632676e-23, nan 
27.375, 62.875, 1.6125050787798124e-23, nan 
27.625, 62.875, 1.4155699008215887e-23, nan 
27.875, 62.875, 1.3315627881981587e-23, nan 
28.125, 62.875, 1.0536991491481058e-23, nan 
28.375, 62.875, 1.0281621268300444e-23, nan 
28.625, 62.875, 6.988300790883062e-24, nan 
28.875, 62.875, 5.454976521533151e-24, nan 
29.125, 62.875, 8.997823735230525e-24, nan 
29.375, 62.875, 7.987497935151209e-24, nan 
29.625, 62.875, 4.558581684029976e-24, nan 
29.875, 62.875, 4.544489387304452e-24, nan 
30.125, 62.875, 5.2640563674505154e-24, nan 
30.375, 62.875, 5.849041205914439e-24, nan 
30.625, 62.875, 5.040324678864476e-24, nan 
30.875, 62.875, 7.642996277047431e-24, nan 
31.125, 62.875, 9.04844790620457e-24, nan 
31.375, 62.875, 7.725949319487639e-24, nan 
31.625, 62.875, 6.667022076840986e-24, nan 
31.875, 62.875, 8.280867576097395e-24, nan 
32.125, 62.875, 8.936940083447301e-24, nan 
32.375, 62.875, 4.141500653011825e-24, nan 
32.625, 62.875, 4.364205732728419e-24, nan 
32.875, 62.875, 5.889673598523072e-24, nan 
33.125, 62.875, 5.1593110583673876e-24, nan 
33.375, 62.875, 1.642466763795345e-24, nan 
33.625, 62.875, 2.700068719147426e-24, nan 
33.875, 62.875, 6.1878818036905956e-24, nan 
34.125, 62.875, 4.436802295397761e-24, nan 
34.375, 62.875, 9.435573938920445e-24, nan 
34.625, 62.875, 7.74332393816513e-24, nan 
34.875, 62.875, 4.7465497951159736e-24, nan 
35.125, 62.875, 8.189646496999313e-24, nan 
35.375, 62.875, 6.861673820081672e-24, nan 
35.625, 62.875, 3.1456020161046396e-24, nan 
35.875, 62.875, 1.0305573624726417e-23, nan 
36.125, 62.875, 4.4146327225997105e-24, nan 
36.375, 62.875, 4.188243985384419e-24, nan 
36.625, 62.875, 5.364572622104462e-24, nan 
36.875, 62.875, 3.926263856263722e-24, nan 
37.125, 62.875, 8.064246802416532e-24, nan 
37.375, 62.875, 8.984900327004004e-24, nan 
37.625, 62.875, 1.0222996212924797e-23, nan 
37.875, 62.875, 7.538227238735646e-24, nan 
38.125, 62.875, 6.079190107746246e-24, nan 
38.375, 62.875, 5.4149991751876535e-24, nan 
38.625, 62.875, 5.293463399407274e-24, nan 
38.875, 62.875, 3.8765228826510326e-24, nan 
39.125, 62.875, 2.7456106786335646e-24, nan 
39.375, 62.875, 4.089038863159874e-24, nan 
39.625, 62.875, 4.36201981379453e-24, nan 
39.875, 62.875, 5.974559496851002e-24, nan 
40.125, 62.875, 5.030156718275496e-24, nan 
40.375, 62.875, 4.302569370795571e-24, nan 
40.625, 62.875, 2.5410703115028946e-24, nan 
40.875, 62.875, 2.2191735719704237e-24, nan 
41.125, 62.875, 3.105983931010816e-24, nan 
41.375, 62.875, 3.3539732999684525e-24, nan 
41.625, 62.875, 4.246483501309386e-24, nan 
41.875, 62.875, 3.995386189104274e-24, nan 
42.125, 62.875, 5.38839163010877e-24, nan 
-115.625, 63.125, 2.5436906724586642e-24, nan 
-115.375, 63.125, 2.68716730374258e-24, nan 
-115.125, 63.125, 2.660795649480532e-24, nan 
-114.875, 63.125, 3.042344984007331e-24, nan 
-114.625, 63.125, 3.959360811923239e-24, nan 
-114.375, 63.125, 4.1571769860537794e-24, nan 
-114.125, 63.125, 3.214366870911512e-24, nan 
-113.875, 63.125, 2.6388203793124856e-24, nan 
-113.625, 63.125, 2.264409209537139e-24, nan 
-113.375, 63.125, 2.112179764125356e-24, nan 
-113.125, 63.125, 1.930722428459798e-24, nan 
-112.875, 63.125, 1.9999031089482464e-24, nan 
-112.625, 63.125, 2.209655111655798e-24, nan 
-112.375, 63.125, 1.999228521394211e-24, nan 
-112.125, 63.125, 2.107904189638744e-24, nan 
-111.875, 63.125, 2.3608941423093267e-24, nan 
-111.625, 63.125, 2.5789738175653953e-24, nan 
-111.375, 63.125, 2.5066654410379735e-24, nan 
-111.125, 63.125, 2.7417666744880055e-24, nan 
-110.875, 63.125, 2.5870442351665762e-24, nan 
-110.625, 63.125, 2.6319993562620725e-24, nan 
-110.375, 63.125, 2.7086646064386013e-24, nan 
-110.125, 63.125, 2.1762214515061297e-24, nan 
-109.875, 63.125, 2.5438719555009614e-24, nan 
-109.625, 63.125, 2.0948128731929294e-24, nan 
-109.375, 63.125, 2.2354328519771593e-24, nan 
-109.125, 63.125, 2.28027050260357e-24, nan 
-108.875, 63.125, 2.2312638057973094e-24, nan 
-108.625, 63.125, 2.407795804923408e-24, nan 
-108.375, 63.125, 1.6499256272182125e-24, nan 
-108.125, 63.125, 2.2320331267748957e-24, nan 
-107.875, 63.125, 2.8722071845508802e-24, nan 
-107.625, 63.125, 2.5197641401848154e-24, nan 
-107.375, 63.125, 2.551659194971755e-24, nan 
-107.125, 63.125, 2.9701466452593093e-24, nan 
-106.875, 63.125, 2.301249858127095e-24, nan 
-106.625, 63.125, 2.2226260347802917e-24, nan 
-106.375, 63.125, 2.4927378848117564e-24, nan 
-106.125, 63.125, 2.4822659914154787e-24, nan 
-105.875, 63.125, 2.9723323791588062e-24, nan 
-105.625, 63.125, 2.2503062720532685e-24, nan 
-105.375, 63.125, 2.0869504073330396e-24, nan 
-105.125, 63.125, 2.350619906467424e-24, nan 
-104.875, 63.125, 2.5856664064786044e-24, nan 
-104.625, 63.125, 2.950826556651661e-24, nan 
-104.375, 63.125, 2.603593779448869e-24, nan 
-104.125, 63.125, 2.348178666699147e-24, nan 
-103.875, 63.125, 2.5278528552791598e-24, nan 
-103.625, 63.125, 2.3758233585584957e-24, nan 
-103.375, 63.125, 2.36047024332829e-24, nan 
-103.125, 63.125, 2.7017590510965533e-24, nan 
-102.875, 63.125, 2.69778390809254e-24, nan 
-102.625, 63.125, 2.6605236099918056e-24, nan 
-102.375, 63.125, 2.7927716862642535e-24, nan 
-102.125, 63.125, 2.481613268428297e-24, nan 
-101.875, 63.125, 3.0049757341442533e-24, nan 
-101.625, 63.125, 3.599232284257124e-24, nan 
-101.375, 63.125, 3.3983368924918514e-24, nan 
-101.125, 63.125, 3.776843485300213e-24, nan 
-100.875, 63.125, 3.633134315819198e-24, nan 
-100.625, 63.125, 3.451692767081403e-24, nan 
-100.375, 63.125, 3.452960798852403e-24, nan 
-100.125, 63.125, 3.557579453535956e-24, nan 
-99.875, 63.125, 4.066370764014344e-24, nan 
-99.625, 63.125, 4.23653320914859e-24, nan 
-99.375, 63.125, 3.975947854989724e-24, nan 
-99.125, 63.125, 4.402795013693283e-24, nan 
-98.875, 63.125, 4.411180196139944e-24, nan 
-98.625, 63.125, 4.404780578793218e-24, nan 
-98.375, 63.125, 3.958657411091419e-24, nan 
-98.125, 63.125, 3.736769960519815e-24, nan 
-97.875, 63.125, 3.3711619208165604e-24, nan 
-97.625, 63.125, 5.538679323187088e-24, nan 
-97.375, 63.125, 4.177757907532055e-24, nan 
-97.125, 63.125, 4.7016318234413884e-24, nan 
-96.875, 63.125, 4.647322717186066e-24, nan 
-96.625, 63.125, 4.211076514529159e-24, nan 
-96.375, 63.125, 3.8069391522882986e-24, nan 
-96.125, 63.125, 5.005921126113868e-24, nan 
-95.875, 63.125, 5.7666884853882915e-24, nan 
-95.625, 63.125, 5.102128367767959e-24, nan 
-95.375, 63.125, 4.811149426994512e-24, nan 
-95.125, 63.125, 4.122211669787454e-24, nan 
-94.875, 63.125, 4.6715399686214254e-24, nan 
-94.625, 63.125, 4.780622231834525e-24, nan 
-94.375, 63.125, 4.6394239105891725e-24, nan 
-94.125, 63.125, 4.928690850955072e-24, nan 
-93.875, 63.125, 4.9083103231752295e-24, nan 
-93.625, 63.125, 5.520805418508907e-24, nan 
-93.375, 63.125, 5.420973123307377e-24, nan 
-93.125, 63.125, 5.583311144614249e-24, nan 
-92.875, 63.125, 6.469126357299396e-24, nan 
-92.625, 63.125, 6.873590135171768e-24, nan 
-92.375, 63.125, 6.486072532921411e-24, nan 
-92.125, 63.125, 5.831742040414676e-24, nan 
-91.875, 63.125, 7.217031150640232e-24, nan 
-91.625, 63.125, 7.278090119683402e-24, nan 
-91.375, 63.125, 7.722260108639193e-24, nan 
-91.125, 63.125, 7.765777428124272e-24, nan 
-90.875, 63.125, 7.943480797106668e-24, nan 
-90.625, 63.125, 6.752426278082388e-24, nan 
-90.375, 63.125, 6.372874403808459e-24, nan 
-90.125, 63.125, 1.0364913524504725e-23, nan 
-89.875, 63.125, 1.2336750020000813e-23, nan 
-89.625, 63.125, 1.1428780743741109e-23, nan 
-89.375, 63.125, 1.0450343201596715e-23, nan 
-89.125, 63.125, 1.2613810663295407e-23, nan 
-88.875, 63.125, 7.63496633051673e-24, nan 
-88.625, 63.125, 7.386020086090697e-24, nan 
-88.375, 63.125, 7.394915357068506e-24, nan 
-88.125, 63.125, 7.323161477815969e-24, nan 
-87.875, 63.125, 8.143709496802315e-24, nan 
-87.625, 63.125, 7.47197414467512e-24, nan 
-87.375, 63.125, 8.321467759677357e-24, nan 
-87.125, 63.125, 8.225624562898979e-24, nan 
-86.875, 63.125, 4.886792755868318e-24, nan 
-86.625, 63.125, 8.773674106220055e-24, nan 
-86.375, 63.125, 8.358578385188189e-24, nan 
-86.125, 63.125, 7.92694862442817e-24, nan 
-85.875, 63.125, 6.798620066584148e-24, nan 
-85.625, 63.125, 6.550925986134648e-24, nan 
-85.375, 63.125, 5.533091438401913e-24, nan 
-85.125, 63.125, 6.798670260236302e-24, nan 
-84.875, 63.125, 9.849477293835943e-24, nan 
-84.625, 63.125, 1.463421615654395e-23, nan 
-84.375, 63.125, 1.3244352805128815e-23, nan 
-84.125, 63.125, 1.363302891699165e-23, nan 
-83.875, 63.125, 1.2288606046218378e-23, nan 
-83.625, 63.125, 1.0601407927876099e-23, nan 
-83.375, 63.125, 1.1068655326720574e-23, nan 
-83.125, 63.125, 9.456163279879265e-24, nan 
-82.875, 63.125, 8.517103417853269e-24, nan 
-82.625, 63.125, 7.398267005053988e-24, nan 
-82.375, 63.125, 6.143729824801662e-24, nan 
-82.125, 63.125, 5.6627697381326125e-24, nan 
-81.875, 63.125, 5.178407118606812e-24, nan 
-81.625, 63.125, 8.954936705711864e-24, nan 
-81.375, 63.125, 1.900163031417903e-23, nan 
-81.125, 63.125, 1.7537998800957336e-23, nan 
-80.875, 63.125, 1.168160540401123e-23, nan 
-80.625, 63.125, 1.53261735939383e-23, nan 
-80.375, 63.125, 1.5425433080304345e-23, nan 
-80.125, 63.125, 1.3812813155025113e-23, nan 
-79.875, 63.125, 1.047825587306037e-23, nan 
-79.625, 63.125, 1.1094175423859874e-23, nan 
-79.375, 63.125, 1.199331179784082e-23, nan 
-79.125, 63.125, 1.0039390561257543e-23, nan 
-78.875, 63.125, 8.621623003692978e-24, nan 
-78.625, 63.125, 8.81394303025907e-24, nan 
-78.375, 63.125, 9.054700975703293e-24, nan 
-78.125, 63.125, 8.753860545366863e-24, nan 
-77.875, 63.125, 8.885463102088055e-24, nan 
-77.625, 63.125, 8.327653497362914e-24, nan 
-77.375, 63.125, 4.758589613910072e-24, nan 
-77.125, 63.125, 6.78650801370689e-24, nan 
-76.875, 63.125, 1.2184194754081597e-23, nan 
-76.625, 63.125, 1.1299166648592827e-23, nan 
-76.375, 63.125, 1.2396773840409214e-23, nan 
-76.125, 63.125, 1.665953773492116e-23, nan 
-75.875, 63.125, 1.5396485593139805e-23, nan 
-75.625, 63.125, 1.4472802090361905e-23, nan 
-75.375, 63.125, 1.4508206962907068e-23, nan 
-75.125, 63.125, 1.5941479190958836e-23, nan 
-74.875, 63.125, 1.708602539014647e-23, nan 
-74.625, 63.125, 1.7330224579560002e-23, nan 
-74.375, 63.125, 1.59636774825294e-23, nan 
-74.125, 63.125, 1.4158815957727562e-23, nan 
-73.875, 63.125, 1.4616230933896206e-23, nan 
-73.625, 63.125, 1.2055828185036923e-23, nan 
-73.375, 63.125, 1.1915443413493329e-23, nan 
-73.125, 63.125, 1.2431434514488273e-23, nan 
-72.875, 63.125, 1.6349767566868408e-23, nan 
-72.625, 63.125, 1.8368126905177174e-23, nan 
-72.375, 63.125, 1.6113637176302955e-23, nan 
-72.125, 63.125, 1.46569744166626e-23, nan 
-71.875, 63.125, 1.748127411280349e-23, nan 
-71.625, 63.125, 1.7671195647934684e-23, nan 
-71.375, 63.125, 1.8228420657130876e-23, nan 
-71.125, 63.125, 1.489501368758699e-23, nan 
-70.875, 63.125, 1.6033564627002375e-23, nan 
-70.625, 63.125, 2.1245834177557097e-23, nan 
-70.375, 63.125, 1.8818371631217007e-23, nan 
-70.125, 63.125, 1.304814368866155e-23, nan 
-69.875, 63.125, 1.2654022217305594e-23, nan 
-69.625, 63.125, 1.2699093315958459e-23, nan 
-69.375, 63.125, 1.6353958097479906e-23, nan 
-69.125, 63.125, 1.886114017728758e-23, nan 
-68.875, 63.125, 1.6631847286017546e-23, nan 
-68.625, 63.125, 1.823769699506679e-23, nan 
-68.375, 63.125, 1.2994522866273218e-23, nan 
-68.125, 63.125, 1.3909094414359717e-23, nan 
-67.875, 63.125, 1.7941524612296645e-23, nan 
-67.625, 63.125, 1.8506006891353637e-23, nan 
-67.375, 63.125, 2.143476643575921e-23, nan 
-67.125, 63.125, 2.27427864034267e-23, nan 
-66.875, 63.125, 2.12658480670413e-23, nan 
-66.625, 63.125, 2.138618946031084e-23, nan 
-66.375, 63.125, 2.2878732005165853e-23, nan 
-66.125, 63.125, 2.0356792577459758e-23, nan 
-65.875, 63.125, 1.9867715260217812e-23, nan 
-65.625, 63.125, 2.4031028473787112e-23, nan 
-65.375, 63.125, 2.232198499976145e-23, nan 
-65.125, 63.125, 1.9195167814236582e-23, nan 
-64.875, 63.125, 1.9776033994491556e-23, nan 
-64.625, 63.125, 1.682246950735218e-23, nan 
-64.375, 63.125, 1.739033773039902e-23, nan 
-64.125, 63.125, 2.1833940311757676e-23, nan 
-63.875, 63.125, 2.191495594228148e-23, nan 
-63.625, 63.125, 2.227993919569093e-23, nan 
-63.375, 63.125, 2.174253822948897e-23, nan 
-63.125, 63.125, 1.9368942857194708e-23, nan 
-62.875, 63.125, 1.7374699778413166e-23, nan 
-62.625, 63.125, 2.572808951100126e-23, nan 
-62.375, 63.125, 1.8381976854288372e-23, nan 
-62.125, 63.125, 1.1117240788842662e-23, nan 
-61.875, 63.125, 2.0793465963733573e-23, nan 
-61.625, 63.125, 2.3329981227357112e-23, nan 
-61.375, 63.125, 2.626064192202711e-23, nan 
-61.125, 63.125, 3.7520801339848057e-23, nan 
-60.875, 63.125, 4.0769974166997307e-23, nan 
-60.625, 63.125, 2.5140567099935554e-23, nan 
-60.375, 63.125, 3.0479464006734575e-23, nan 
-60.125, 63.125, 3.1679332299307477e-23, nan 
-59.875, 63.125, 2.909614029959798e-23, nan 
-59.625, 63.125, 2.772766724941823e-23, nan 
-59.375, 63.125, 4.056798987479277e-23, nan 
-59.125, 63.125, 4.1792492014734935e-23, nan 
-58.875, 63.125, 2.884913229887176e-23, nan 
-58.625, 63.125, 3.9806796723751074e-23, nan 
-58.375, 63.125, 4.105235438782882e-23, nan 
-58.125, 63.125, 3.1554898351872634e-23, nan 
-57.875, 63.125, 2.2210302978052864e-23, nan 
-57.625, 63.125, 2.312210375307111e-23, nan 
-57.375, 63.125, 2.72483726433849e-23, nan 
-57.125, 63.125, 2.3601985241283822e-23, nan 
-56.875, 63.125, 2.5549758322561998e-23, nan 
-56.625, 63.125, 3.266769290707673e-23, nan 
-56.375, 63.125, 2.5979240525668474e-23, nan 
-56.125, 63.125, 2.318491119395949e-23, nan 
-55.875, 63.125, 2.3718197046812326e-23, nan 
-55.625, 63.125, 2.4765502666637727e-23, nan 
-55.375, 63.125, 2.0218294093684285e-23, nan 
-55.125, 63.125, 1.55130884652788e-23, nan 
-54.875, 63.125, 1.5493328461143546e-23, nan 
-54.625, 63.125, 3.3479431769007476e-23, nan 
-54.375, 63.125, 3.3280075727466184e-23, nan 
-54.125, 63.125, 3.625325715472657e-23, nan 
-53.875, 63.125, 3.949520250031296e-23, nan 
-53.625, 63.125, 3.798703382536509e-23, nan 
-53.375, 63.125, 3.933797219862197e-23, nan 
-53.125, 63.125, 2.0326165194037333e-23, nan 
-52.875, 63.125, 1.0822827999953217e-23, nan 
-52.625, 63.125, 3.1378649310637063e-23, nan 
-52.375, 63.125, 1.5392761619689707e-23, nan 
-52.125, 63.125, 2.679189769917526e-23, nan 
-51.875, 63.125, 2.357773600607214e-23, nan 
-51.625, 63.125, 2.3168625906044444e-23, nan 
-51.375, 63.125, 2.3103177354263096e-23, nan 
-51.125, 63.125, 1.5077999666145195e-23, nan 
-50.875, 63.125, 4.743032753379704e-24, nan 
-50.625, 63.125, 1.1558222195190716e-23, nan 
-50.375, 63.125, 2.0905122029508605e-23, nan 
-50.125, 63.125, 1.2148985681696918e-23, nan 
-49.875, 63.125, 1.8016642686536077e-23, nan 
-49.625, 63.125, 4.318522131979826e-23, nan 
-49.375, 63.125, 8.120391407825526e-23, nan 
-49.125, 63.125, 9.29752950740851e-23, nan 
-48.875, 63.125, 8.635111822287458e-23, nan 
-48.625, 63.125, 8.28490203360722e-23, nan 
-48.375, 63.125, 5.873362263847694e-23, nan 
-48.125, 63.125, 3.6997046154478035e-23, nan 
-47.875, 63.125, 2.6862486680761103e-23, nan 
-47.625, 63.125, 3.6364621900935204e-23, nan 
-47.375, 63.125, 3.512002987519933e-23, nan 
-47.125, 63.125, 1.9226463251554447e-23, nan 
-46.875, 63.125, 2.6262469898282015e-23, nan 
-46.625, 63.125, 3.929129977920277e-23, nan 
-46.375, 63.125, 6.014417014458284e-23, nan 
-46.125, 63.125, 2.1294030970309416e-23, nan 
-45.875, 63.125, 1.5821567087539045e-23, nan 
-45.625, 63.125, 1.3648604977337905e-23, nan 
-45.375, 63.125, 1.9205750255194825e-23, nan 
-45.125, 63.125, 2.4731398221523686e-23, nan 
-44.875, 63.125, 2.680372225528019e-23, nan 
-44.625, 63.125, 2.921598052406805e-23, nan 
-44.375, 63.125, 2.648282855376628e-23, nan 
-44.125, 63.125, 2.595087353601803e-23, nan 
-43.875, 63.125, 2.0827820609470215e-23, nan 
-43.625, 63.125, 1.6707295092334894e-23, nan 
-43.375, 63.125, 2.4773824572684966e-23, nan 
-43.125, 63.125, 2.749320777163951e-23, nan 
-42.875, 63.125, 1.4247179243162508e-23, nan 
-42.625, 63.125, 1.0293451909811341e-23, nan 
-42.375, 63.125, 1.599995893199281e-23, nan 
-42.125, 63.125, 2.3420725782281353e-23, nan 
-41.875, 63.125, 5.031326862310441e-23, nan 
-41.625, 63.125, 5.268538272325473e-23, nan 
-41.375, 63.125, 4.46694131949501e-23, nan 
-41.125, 63.125, 6.303566349230543e-23, nan 
-40.875, 63.125, 6.720520536727858e-23, nan 
-40.625, 63.125, 2.5526850264931197e-22, nan 
-40.375, 63.125, 5.165605272081861e-23, nan 
-40.125, 63.125, 9.307921235635923e-23, nan 
-39.875, 63.125, 6.022772363488222e-22, nan 
-39.625, 63.125, 5.651673064319417e-23, nan 
-39.375, 63.125, 8.138441967570634e-23, nan 
-39.125, 63.125, 2.5052887462181744e-22, nan 
-38.875, 63.125, 4.7126464522093285e-23, nan 
-38.625, 63.125, 6.160016011618987e-23, nan 
-38.375, 63.125, 3.7240499060759987e-23, nan 
-38.125, 63.125, 2.6189779677072054e-23, nan 
-37.875, 63.125, 5.916215628847939e-23, nan 
-37.625, 63.125, 2.0581702745163698e-23, nan 
-37.375, 63.125, 1.5259595551742918e-23, nan 
-37.125, 63.125, 4.6014939100690744e-23, nan 
-36.875, 63.125, 5.026276584349471e-23, nan 
-36.625, 63.125, 6.239497416603831e-23, nan 
-36.375, 63.125, 6.681668562895198e-23, nan 
-36.125, 63.125, 1.1424788145205309e-22, nan 
-35.875, 63.125, 1.1210796118907184e-22, nan 
-35.625, 63.125, 7.474605119296023e-23, nan 
-35.375, 63.125, 9.201610166296326e-23, nan 
-35.125, 63.125, 1.0201051871537518e-22, nan 
-34.875, 63.125, 2.2897029915747698e-23, nan 
-34.625, 63.125, 1.4603012089455374e-23, nan 
-34.375, 63.125, 3.977482226432224e-23, nan 
-34.125, 63.125, 5.405282135164674e-23, nan 
-33.875, 63.125, 3.0497657308968336e-23, nan 
-33.625, 63.125, 3.551058812441521e-23, nan 
-33.375, 63.125, 3.7188700722284866e-23, nan 
-33.125, 63.125, 1.9421032741563755e-23, nan 
-32.875, 63.125, 4.8913350564083136e-23, nan 
-32.625, 63.125, 6.414390590403033e-23, nan 
-32.375, 63.125, 6.408827154809513e-23, nan 
-32.125, 63.125, 7.046655701208942e-23, nan 
-31.875, 63.125, 7.730343130882185e-23, nan 
-31.625, 63.125, 7.708080429325098e-23, nan 
-31.375, 63.125, 4.9040329297754485e-23, nan 
-31.125, 63.125, 5.261092911694614e-23, nan 
-30.875, 63.125, 4.957334090319155e-23, nan 
-30.625, 63.125, 1.1658406276302914e-22, nan 
-30.375, 63.125, 1.5606607936943138e-22, nan 
-30.125, 63.125, 7.535791595025676e-23, nan 
-29.875, 63.125, 1.2301256814072462e-22, nan 
-29.625, 63.125, 1.7586207234753875e-22, nan 
-29.375, 63.125, 1.1654222672484137e-22, nan 
-29.125, 63.125, 4.882644717163939e-23, nan 
-28.875, 63.125, 6.552406478959854e-23, nan 
-28.625, 63.125, 6.745172276034175e-23, nan 
-28.375, 63.125, 5.332141864550913e-23, nan 
-28.125, 63.125, 2.830664365044637e-23, nan 
-27.875, 63.125, 2.9237409833745175e-23, nan 
-27.625, 63.125, 3.2083646264716603e-23, nan 
-27.375, 63.125, 2.991157319698138e-23, nan 
-27.125, 63.125, 4.5819214654827106e-23, nan 
-26.875, 63.125, 5.1507345892579464e-23, nan 
-26.625, 63.125, 6.025465017975136e-23, nan 
-26.375, 63.125, 6.805508478453144e-23, nan 
-26.125, 63.125, 7.05712993413197e-23, nan 
-25.875, 63.125, 7.139418026490666e-23, nan 
-25.625, 63.125, 5.228123650736017e-23, nan 
-25.375, 63.125, 5.496397153372639e-23, nan 
-25.125, 63.125, 4.949858180515435e-23, nan 
-24.875, 63.125, 4.724422723603633e-23, nan 
-24.625, 63.125, 3.5403886062833734e-23, nan 
-24.375, 63.125, 5.0920297608529686e-23, nan 
-24.125, 63.125, 4.704607879511744e-23, nan 
-23.875, 63.125, 3.172371517409962e-23, nan 
-23.625, 63.125, 5.617719729402504e-23, nan 
-23.375, 63.125, 6.001667270497359e-23, nan 
-23.125, 63.125, 9.219164754083629e-23, nan 
-22.875, 63.125, 1.0156300158828664e-22, nan 
-22.625, 63.125, 5.923531919780677e-23, nan 
-22.375, 63.125, 8.431130562968652e-23, nan 
-22.125, 63.125, 9.110207494294004e-23, nan 
-21.875, 63.125, 1.0217049184158212e-22, nan 
-21.625, 63.125, 1.058819018122331e-22, nan 
-21.375, 63.125, 1.630574827773237e-22, nan 
-21.125, 63.125, 2.1773635794817716e-22, nan 
-20.875, 63.125, 1.6936471292573547e-22, nan 
-20.625, 63.125, 1.3364230423127482e-22, nan 
-20.375, 63.125, 1.3055480350479393e-22, nan 
-20.125, 63.125, 1.1686257705305638e-22, nan 
-19.875, 63.125, 1.128470839126546e-22, nan 
-19.625, 63.125, 9.322863615583993e-23, nan 
-19.375, 63.125, 5.383326791806839e-23, nan 
-19.125, 63.125, 4.115172440490257e-23, nan 
-18.875, 63.125, 2.9883453473857215e-23, nan 
-18.625, 63.125, 7.207621259191124e-23, nan 
-18.375, 63.125, 1.155830506242753e-22, nan 
-18.125, 63.125, 6.726069144577769e-23, nan 
-17.875, 63.125, 1.0426978101534366e-22, nan 
-17.625, 63.125, 1.5744861623905234e-22, nan 
-17.375, 63.125, 5.779590374742047e-23, nan 
-17.125, 63.125, 6.339691257439037e-23, nan 
-16.875, 63.125, 1.6516201842420616e-22, nan 
-16.625, 63.125, 5.321348650054381e-23, nan 
-16.375, 63.125, 5.057368953744752e-23, nan 
-16.125, 63.125, 6.0308437875146e-23, nan 
-15.875, 63.125, 6.210509519391196e-23, nan 
-15.625, 63.125, 5.429611665503948e-23, nan 
-15.375, 63.125, 8.842177108820938e-23, nan 
-15.125, 63.125, 7.525694129097474e-23, nan 
-14.875, 63.125, 6.853865560417559e-23, nan 
-14.625, 63.125, 9.84953346734419e-23, nan 
-14.375, 63.125, 6.843431226116887e-23, nan 
-14.125, 63.125, 8.118579678171319e-23, nan 
-13.875, 63.125, 1.126229879821624e-22, nan 
-13.625, 63.125, 7.072453129014281e-23, nan 
-13.375, 63.125, 1.1775875977724748e-22, nan 
-13.125, 63.125, 1.3846734748831614e-22, nan 
-12.875, 63.125, 5.101681074792403e-23, nan 
-12.625, 63.125, 1.693531308063974e-22, nan 
-12.375, 63.125, 7.014914168868074e-23, nan 
-12.125, 63.125, 4.996392869570723e-23, nan 
-11.875, 63.125, 5.758569850128154e-23, nan 
-11.625, 63.125, 5.101487196414253e-23, nan 
-11.375, 63.125, 8.078677470650761e-23, nan 
-11.125, 63.125, 1.06519536268086e-22, nan 
-10.875, 63.125, 1.4417182376277611e-22, nan 
-10.625, 63.125, 1.5364637657882272e-22, nan 
-10.375, 63.125, 1.5900463871953812e-22, nan 
-10.125, 63.125, 2.36284693084151e-22, nan 
-9.875, 63.125, 2.012694388964896e-22, nan 
-9.625, 63.125, 1.9064979776816875e-22, nan 
-9.375, 63.125, 2.188644721911867e-22, nan 
-9.125, 63.125, 2.839529579425371e-22, nan 
-8.875, 63.125, 2.1323046907582446e-22, nan 
-8.625, 63.125, 3.1718065017359766e-22, nan 
-8.375, 63.125, 2.0958827449919337e-22, nan 
-8.125, 63.125, 9.378446347927841e-23, nan 
-7.875, 63.125, 1.0555057556039278e-22, nan 
-7.625, 63.125, 1.28182109880631e-22, nan 
-7.375, 63.125, 8.695932764006837e-23, nan 
-7.125, 63.125, 4.145946764801486e-23, nan 
-6.875, 63.125, 4.7288470722392216e-23, nan 
-6.625, 63.125, 5.142586339045462e-23, nan 
-6.375, 63.125, 9.839588197588313e-23, nan 
-6.125, 63.125, 6.591196903672533e-23, nan 
-5.875, 63.125, 3.457340953157408e-23, nan 
-5.625, 63.125, 9.271549168160911e-23, nan 
-5.375, 63.125, 7.054082794945723e-23, nan 
-5.125, 63.125, 3.8411535300777295e-23, nan 
-4.875, 63.125, 3.047565077250225e-23, nan 
-4.625, 63.125, 2.5313850656555798e-23, nan 
-4.375, 63.125, 2.3023031407757144e-23, nan 
-4.125, 63.125, 2.2869510541862272e-23, nan 
-3.875, 63.125, 2.5669142588267737e-23, nan 
-3.625, 63.125, 1.0436634960306647e-23, nan 
-3.375, 63.125, 2.239737716666466e-23, nan 
-3.125, 63.125, 2.0605610109315944e-23, nan 
-2.875, 63.125, 2.8564958528598326e-23, nan 
-2.625, 63.125, 6.164315368096081e-23, nan 
-2.375, 63.125, 5.656321791917915e-23, nan 
-2.125, 63.125, 5.811982849767364e-23, nan 
-1.875, 63.125, 2.405619625104932e-23, nan 
-1.625, 63.125, 2.1970617029104528e-23, nan 
-1.375, 63.125, 3.7784901776107865e-23, nan 
-1.125, 63.125, 2.3520239851090328e-23, nan 
-0.875, 63.125, 2.321250672272131e-23, nan 
-0.625, 63.125, 1.464142743867081e-23, nan 
-0.375, 63.125, 1.349095401330777e-23, nan 
-0.125, 63.125, 3.249461518324258e-23, nan 
0.125, 63.125, 2.5747209365471608e-23, nan 
0.375, 63.125, 3.08572154856691e-23, nan 
0.625, 63.125, 3.5833621120174044e-23, nan 
0.875, 63.125, 2.628657882578319e-23, nan 
1.125, 63.125, 2.2935555250004404e-23, nan 
1.375, 63.125, 3.0409934860651637e-23, nan 
1.625, 63.125, 2.4172330622452978e-23, nan 
1.875, 63.125, 2.4928557846752547e-23, nan 
2.125, 63.125, 2.5031254292586957e-23, nan 
2.375, 63.125, 3.7420336927217035e-23, nan 
2.625, 63.125, 3.375130147091773e-23, nan 
2.875, 63.125, 4.1379058296726506e-23, nan 
3.125, 63.125, 3.0393901741949875e-23, nan 
3.375, 63.125, 2.6043236126402363e-23, nan 
3.625, 63.125, 4.4950747034831373e-23, nan 
3.875, 63.125, 2.553619786534163e-23, nan 
4.125, 63.125, 3.694893249660825e-23, nan 
4.375, 63.125, 2.866895999701406e-23, nan 
4.625, 63.125, 4.776914218632404e-23, nan 
4.875, 63.125, 2.5421648571170344e-23, nan 
5.125, 63.125, 2.7111616032715853e-23, nan 
5.375, 63.125, 4.919597621569647e-23, nan 
5.625, 63.125, 4.024740111640458e-23, nan 
5.875, 63.125, 4.0424259874498405e-23, nan 
6.125, 63.125, 3.9418225504011654e-23, nan 
6.375, 63.125, 3.4574381744022087e-23, nan 
6.625, 63.125, 2.52916531388769e-23, nan 
6.875, 63.125, 1.8983133043363248e-23, nan 
7.125, 63.125, 1.805265145530858e-23, nan 
7.375, 63.125, 2.0224455070187817e-23, nan 
7.625, 63.125, 2.3487606857223155e-23, nan 
7.875, 63.125, 2.5891032721743275e-23, nan 
8.125, 63.125, 3.7058749043851e-23, nan 
8.375, 63.125, 3.655368859949134e-23, nan 
8.625, 63.125, 4.630278221886429e-23, nan 
8.875, 63.125, 5.063004530769307e-23, nan 
9.125, 63.125, 6.305153527254528e-23, nan 
9.375, 63.125, 9.597609501082882e-23, nan 
9.625, 63.125, 7.110790422050632e-23, nan 
9.875, 63.125, 7.767927251480542e-23, nan 
10.125, 63.125, 9.545376958886969e-23, nan 
10.375, 63.125, 1.301184175269111e-22, nan 
10.625, 63.125, 1.4546085949871284e-22, nan 
10.875, 63.125, 9.212166283251217e-23, nan 
11.125, 63.125, 6.635118892227869e-23, nan 
11.375, 63.125, 8.55691151519746e-23, nan 
11.625, 63.125, 1.0766618266579211e-22, nan 
11.875, 63.125, 4.4376233328042693e-23, nan 
12.125, 63.125, 3.8163765323425007e-23, nan 
12.375, 63.125, 4.3499571583441733e-23, nan 
12.625, 63.125, 2.460273930201221e-23, nan 
12.875, 63.125, 2.8987791814865886e-23, nan 
13.125, 63.125, 4.0107378735870416e-23, nan 
13.375, 63.125, 2.651468746224112e-23, nan 
13.625, 63.125, 1.7235628233641516e-23, nan 
13.875, 63.125, 2.27422435217302e-23, nan 
14.125, 63.125, 3.3146851684175945e-23, nan 
14.375, 63.125, 1.6869641283040255e-23, nan 
14.625, 63.125, 3.712280649601745e-23, nan 
14.875, 63.125, 4.8361447769933193e-23, nan 
15.125, 63.125, 1.1124511956825081e-23, nan 
15.375, 63.125, 3.084480368310567e-23, nan 
15.625, 63.125, 2.5247654481539078e-23, nan 
15.875, 63.125, 2.4837103158563013e-23, nan 
16.125, 63.125, 2.4805960229017348e-23, nan 
16.375, 63.125, 2.1348588136499136e-23, nan 
16.625, 63.125, 3.9919273507682804e-23, nan 
16.875, 63.125, 3.1537576881616247e-23, nan 
17.125, 63.125, 2.2148788667464724e-23, nan 
17.375, 63.125, 1.6467099239320997e-23, nan 
17.625, 63.125, 5.27709819931782e-24, nan 
17.875, 63.125, 6.811432032003381e-24, nan 
18.125, 63.125, 1.6169701312329987e-23, nan 
18.375, 63.125, 1.6821100973435847e-23, nan 
18.625, 63.125, 1.4466042051832194e-23, nan 
18.875, 63.125, 1.2572758711183238e-23, nan 
19.125, 63.125, 1.5323968731710337e-23, nan 
19.375, 63.125, 1.4103372420739627e-23, nan 
19.625, 63.125, 6.367671411645388e-24, nan 
19.875, 63.125, 1.4184957254789516e-23, nan 
20.125, 63.125, 1.2840101267025659e-23, nan 
20.375, 63.125, 9.157159376156441e-24, nan 
20.625, 63.125, 2.219951246316824e-23, nan 
20.875, 63.125, 1.8372489564519743e-23, nan 
21.125, 63.125, 1.0637153523503547e-23, nan 
21.375, 63.125, 9.848319906549392e-24, nan 
21.625, 63.125, 8.302759489268458e-24, nan 
21.875, 63.125, 7.85419344679357e-24, nan 
22.125, 63.125, 8.841668479237938e-24, nan 
22.375, 63.125, 5.999353226781701e-24, nan 
22.625, 63.125, 7.266555429275094e-24, nan 
22.875, 63.125, 7.303482551260629e-24, nan 
23.125, 63.125, 4.688791191832596e-24, nan 
23.375, 63.125, 6.589018900758821e-24, nan 
23.625, 63.125, 5.1356075683810485e-24, nan 
23.875, 63.125, 7.109713683696422e-24, nan 
24.125, 63.125, 7.062808601301167e-24, nan 
24.375, 63.125, 6.232635823122459e-24, nan 
24.625, 63.125, 6.359083052468473e-24, nan 
24.875, 63.125, 5.6484903797948714e-24, nan 
25.125, 63.125, 1.1622027697260556e-23, nan 
25.375, 63.125, 1.1268872677970645e-23, nan 
25.625, 63.125, 1.2534061042435925e-23, nan 
25.875, 63.125, 1.2810903538377414e-23, nan 
26.125, 63.125, 7.882631290502431e-24, nan 
26.375, 63.125, 1.7331973598356507e-23, nan 
26.625, 63.125, 3.2534807246535786e-23, nan 
26.875, 63.125, 1.932367213866356e-23, nan 
27.125, 63.125, 1.7561972233975243e-23, nan 
27.375, 63.125, 2.3327872796113853e-23, nan 
27.625, 63.125, 1.5452918696326197e-23, nan 
27.875, 63.125, 1.2991764953095843e-23, nan 
28.125, 63.125, 8.637371460576896e-24, nan 
28.375, 63.125, 6.4312223875896935e-24, nan 
28.625, 63.125, 7.228473229007018e-24, nan 
28.875, 63.125, 9.332262123713417e-24, nan 
29.125, 63.125, 1.240241533969156e-23, nan 
29.375, 63.125, 1.329493642041174e-23, nan 
29.625, 63.125, 7.604780532224175e-24, nan 
29.875, 63.125, 9.717883023368649e-24, nan 
30.125, 63.125, 1.2037730950444968e-23, nan 
30.375, 63.125, 1.0184039062034662e-23, nan 
30.625, 63.125, 5.8871423408922766e-24, nan 
30.875, 63.125, 7.83908059456918e-24, nan 
31.125, 63.125, 8.795387171206239e-24, nan 
31.375, 63.125, 7.578223013209941e-24, nan 
31.625, 63.125, 6.108911580616829e-24, nan 
31.875, 63.125, 8.160730642881695e-24, nan 
32.125, 63.125, 7.690172122110538e-24, nan 
32.375, 63.125, 6.667042616994914e-24, nan 
32.625, 63.125, 9.176598497959946e-24, nan 
32.875, 63.125, 1.0211027489572259e-23, nan 
33.125, 63.125, 9.674729320717357e-24, nan 
33.375, 63.125, 8.591311196218924e-24, nan 
33.625, 63.125, 8.153644537656916e-24, nan 
33.875, 63.125, 5.523406409389902e-24, nan 
34.125, 63.125, 4.0359130583329035e-24, nan 
34.375, 63.125, 4.735566613767642e-24, nan 
34.625, 63.125, 4.331853835255494e-24, nan 
34.875, 63.125, 2.4751045422467878e-24, nan 
35.125, 63.125, 1.4655850084614308e-24, nan 
35.375, 63.125, 1.8939173601395276e-24, nan 
35.625, 63.125, 2.5951207841571434e-24, nan 
35.875, 63.125, 7.449080081468429e-24, nan 
36.125, 63.125, 2.579345733877582e-24, nan 
36.375, 63.125, 6.064625263953474e-24, nan 
36.625, 63.125, 8.830178075086581e-24, nan 
36.875, 63.125, 1.0527657061584657e-23, nan 
37.125, 63.125, 8.952759166034047e-24, nan 
37.375, 63.125, 9.777466489913007e-24, nan 
37.625, 63.125, 1.2117078874000778e-23, nan 
37.875, 63.125, 1.0753676039297138e-23, nan 
38.125, 63.125, 7.880231556000362e-24, nan 
38.375, 63.125, 7.648150909439526e-24, nan 
38.625, 63.125, 1.0798205775596835e-23, nan 
38.875, 63.125, 5.05395783206896e-24, nan 
39.125, 63.125, 4.628471729587914e-24, nan 
39.375, 63.125, 4.927344266879272e-24, nan 
39.625, 63.125, 4.0831528431514094e-24, nan 
39.875, 63.125, 3.869042042636178e-24, nan 
40.125, 63.125, 4.377102684190021e-24, nan 
40.375, 63.125, 3.229299971634747e-24, nan 
40.625, 63.125, 2.7922529537361877e-24, nan 
40.875, 63.125, 2.891372471466922e-24, nan 
41.125, 63.125, 2.561336448278811e-24, nan 
41.375, 63.125, 9.836857448056228e-25, nan 
41.625, 63.125, 3.3107081036463834e-24, nan 
41.875, 63.125, 3.64958684415049e-24, nan 
42.125, 63.125, 2.6519765914167596e-24, nan 
42.375, 63.125, 4.3767513569943706e-24, nan 
42.625, 63.125, 3.0820169935008794e-24, nan 
42.875, 63.125, 2.7767686327193644e-24, nan 
43.125, 63.125, 4.013498985397729e-24, nan 
-116.375, 63.375, 2.732042499290646e-24, nan 
-116.125, 63.375, 2.6442840805150022e-24, nan 
-115.875, 63.375, 2.3083297155213676e-24, nan 
-115.625, 63.375, 2.375067627619683e-24, nan 
-115.375, 63.375, 2.3027170197708385e-24, nan 
-115.125, 63.375, 2.466465410164088e-24, nan 
-114.875, 63.375, 2.1450007737251893e-24, nan 
-114.625, 63.375, 2.177696673637938e-24, nan 
-114.375, 63.375, 2.110593996573369e-24, nan 
-114.125, 63.375, 2.5966068332529738e-24, nan 
-113.875, 63.375, 2.9055706241007924e-24, nan 
-113.625, 63.375, 2.745424695939182e-24, nan 
-113.375, 63.375, 2.8608819647947247e-24, nan 
-113.125, 63.375, 2.5047327303229e-24, nan 
-112.875, 63.375, 2.2175353056564528e-24, nan 
-112.625, 63.375, 1.7096230092931936e-24, nan 
-112.375, 63.375, 1.4194235234061952e-24, nan 
-112.125, 63.375, 1.7791719856394706e-24, nan 
-111.875, 63.375, 1.8981855213637127e-24, nan 
-111.625, 63.375, 2.0335591005529925e-24, nan 
-111.375, 63.375, 2.2362228948427244e-24, nan 
-111.125, 63.375, 2.1141904833796145e-24, nan 
-110.875, 63.375, 2.7545585448840264e-24, nan 
-110.625, 63.375, 2.3584023477979897e-24, nan 
-110.375, 63.375, 2.7273292061155646e-24, nan 
-110.125, 63.375, 2.3713108891417388e-24, nan 
-109.875, 63.375, 2.2617407799387492e-24, nan 
-109.625, 63.375, 2.4829815811041043e-24, nan 
-109.375, 63.375, 2.191220182617351e-24, nan 
-109.125, 63.375, 3.0964308292904105e-24, nan 
-108.875, 63.375, 2.6110093428998796e-24, nan 
-108.625, 63.375, 2.71587738972805e-24, nan 
-108.375, 63.375, 3.874244522788035e-24, nan 
-108.125, 63.375, 2.562832603407869e-24, nan 
-107.875, 63.375, 1.984232865058374e-24, nan 
-107.625, 63.375, 2.6488085936090097e-24, nan 
-107.375, 63.375, 2.416991561482771e-24, nan 
-107.125, 63.375, 2.6710076106624472e-24, nan 
-106.875, 63.375, 2.2793808230777595e-24, nan 
-106.625, 63.375, 2.3898295811212868e-24, nan 
-106.375, 63.375, 2.408123641323133e-24, nan 
-106.125, 63.375, 2.547418851242604e-24, nan 
-105.875, 63.375, 2.399040819343075e-24, nan 
-105.625, 63.375, 2.188486663958006e-24, nan 
-105.375, 63.375, 2.6020764108820386e-24, nan 
-105.125, 63.375, 2.534387305212675e-24, nan 
-104.875, 63.375, 2.2898472647326697e-24, nan 
-104.625, 63.375, 2.839667915385404e-24, nan 
-104.375, 63.375, 2.5664635744998078e-24, nan 
-104.125, 63.375, 2.1425748172856364e-24, nan 
-103.875, 63.375, 2.059341989684678e-24, nan 
-103.625, 63.375, 2.097783266298334e-24, nan 
-103.375, 63.375, 1.9419146227099405e-24, nan 
-103.125, 63.375, 2.0469793308543845e-24, nan 
-102.875, 63.375, 2.021180221303517e-24, nan 
-102.625, 63.375, 2.3035806636693546e-24, nan 
-102.375, 63.375, 2.250964947673176e-24, nan 
-102.125, 63.375, 1.9560389702073494e-24, nan 
-101.875, 63.375, 2.503989069119227e-24, nan 
-101.625, 63.375, 3.2204371403804637e-24, nan 
-101.375, 63.375, 3.1910381896040796e-24, nan 
-101.125, 63.375, 3.108174468774522e-24, nan 
-100.875, 63.375, 3.316978201505445e-24, nan 
-100.625, 63.375, 3.70320091450439e-24, nan 
-100.375, 63.375, 4.30660399344508e-24, nan 
-100.125, 63.375, 3.976002538161045e-24, nan 
-99.875, 63.375, 4.111647470327301e-24, nan 
-99.625, 63.375, 3.668992270378346e-24, nan 
-99.375, 63.375, 4.058946780302641e-24, nan 
-99.125, 63.375, 4.311854126178955e-24, nan 
-98.875, 63.375, 4.1719200891105604e-24, nan 
-98.625, 63.375, 3.80256031169124e-24, nan 
-98.375, 63.375, 4.312410366254366e-24, nan 
-98.125, 63.375, 4.5392440230648356e-24, nan 
-97.875, 63.375, 4.174501832064428e-24, nan 
-97.625, 63.375, 6.997269639604119e-24, nan 
-97.375, 63.375, 3.9801070753552854e-24, nan 
-97.125, 63.375, 3.799347107873096e-24, nan 
-96.875, 63.375, 3.44519904806475e-24, nan 
-96.625, 63.375, 4.668564622318759e-24, nan 
-96.375, 63.375, 4.15238459127404e-24, nan 
-96.125, 63.375, 4.216060994080647e-24, nan 
-95.875, 63.375, 5.0495287408650174e-24, nan 
-95.625, 63.375, 4.860921681018204e-24, nan 
-95.375, 63.375, 4.9269363095858194e-24, nan 
-95.125, 63.375, 4.1386117495816335e-24, nan 
-94.875, 63.375, 4.2160122766750096e-24, nan 
-94.625, 63.375, 4.256398795411469e-24, nan 
-94.375, 63.375, 5.2709766451301046e-24, nan 
-94.125, 63.375, 5.06077559073874e-24, nan 
-93.875, 63.375, 5.877872121517391e-24, nan 
-93.625, 63.375, 6.4635274242338346e-24, nan 
-93.375, 63.375, 6.896327602458353e-24, nan 
-93.125, 63.375, 6.579077718436041e-24, nan 
-92.875, 63.375, 5.882431007773164e-24, nan 
-92.625, 63.375, 7.195411342061895e-24, nan 
-92.375, 63.375, 6.978867046996947e-24, nan 
-92.125, 63.375, 7.942554419968576e-24, nan 
-91.875, 63.375, 7.260144703873688e-24, nan 
-91.625, 63.375, 8.525341964347371e-24, nan 
-91.375, 63.375, 9.2104116221738e-24, nan 
-91.125, 63.375, 5.817343147144879e-24, nan 
-90.875, 63.375, 7.44030453284318e-24, nan 
-90.625, 63.375, 7.512214074044751e-24, nan 
-90.375, 63.375, 6.11260746895866e-24, nan 
-90.125, 63.375, 6.1325014667412696e-24, nan 
-89.875, 63.375, 7.811145799943527e-24, nan 
-89.625, 63.375, 7.305780250886079e-24, nan 
-89.375, 63.375, 7.581399581584004e-24, nan 
-89.125, 63.375, 3.6274281307043454e-24, nan 
-88.875, 63.375, 3.905167688411982e-24, nan 
-88.625, 63.375, 6.092622713346578e-24, nan 
-88.375, 63.375, 5.969346568751582e-24, nan 
-88.125, 63.375, 6.228730559539033e-24, nan 
-87.875, 63.375, 3.872199031958345e-24, nan 
-87.625, 63.375, 5.198629552692098e-24, nan 
-87.375, 63.375, 4.396038809425269e-24, nan 
-87.125, 63.375, 4.923885807528189e-24, nan 
-86.875, 63.375, 5.7999698458974434e-24, nan 
-86.625, 63.375, 5.198879198427894e-24, nan 
-86.375, 63.375, 6.440872694485573e-24, nan 
-86.125, 63.375, 6.72957903476126e-24, nan 
-85.875, 63.375, 6.520970017352278e-24, nan 
-85.625, 63.375, 5.3582913826771165e-24, nan 
-85.375, 63.375, 7.348495433189786e-24, nan 
-85.125, 63.375, 9.34011438213111e-24, nan 
-84.875, 63.375, 1.14767026366354e-23, nan 
-84.625, 63.375, 1.4510209564100874e-23, nan 
-84.375, 63.375, 1.1544864065154842e-23, nan 
-84.125, 63.375, 1.3291351160392057e-23, nan 
-83.875, 63.375, 1.0196468517992581e-23, nan 
-83.625, 63.375, 9.623786661716806e-24, nan 
-83.375, 63.375, 9.025003869935218e-24, nan 
-83.125, 63.375, 8.921235595491315e-24, nan 
-82.875, 63.375, 6.785531377763906e-24, nan 
-82.625, 63.375, 7.57828607824101e-24, nan 
-82.375, 63.375, 7.470266430985192e-24, nan 
-82.125, 63.375, 6.437298326149875e-24, nan 
-81.875, 63.375, 9.082497403969258e-24, nan 
-81.625, 63.375, 1.2067163987231124e-23, nan 
-81.375, 63.375, 1.61017491905827e-23, nan 
-81.125, 63.375, 1.6052779389008956e-23, nan 
-80.875, 63.375, 1.2880944046863485e-23, nan 
-80.625, 63.375, 1.0892634857730383e-23, nan 
-80.375, 63.375, 1.119575887653059e-23, nan 
-80.125, 63.375, 1.3394535209931514e-23, nan 
-79.875, 63.375, 1.1676560285448181e-23, nan 
-79.625, 63.375, 1.027148562763008e-23, nan 
-79.375, 63.375, 9.663202130279068e-24, nan 
-79.125, 63.375, 9.131515990549408e-24, nan 
-78.875, 63.375, 1.0181144518997406e-23, nan 
-78.625, 63.375, 8.886225116514987e-24, nan 
-78.375, 63.375, 9.610647528453792e-24, nan 
-78.125, 63.375, 8.316995656107852e-24, nan 
-77.875, 63.375, 1.0346234161125108e-23, nan 
-77.625, 63.375, 9.544966504465452e-24, nan 
-77.375, 63.375, 7.831794433092429e-24, nan 
-77.125, 63.375, 1.605844585999283e-23, nan 
-76.875, 63.375, 1.748212577849158e-23, nan 
-76.625, 63.375, 1.9454704934113394e-23, nan 
-76.375, 63.375, 1.8175096747846244e-23, nan 
-76.125, 63.375, 1.8481956273262678e-23, nan 
-75.875, 63.375, 1.8944561335699117e-23, nan 
-75.625, 63.375, 1.6409937464831858e-23, nan 
-75.375, 63.375, 1.6173143127173074e-23, nan 
-75.125, 63.375, 1.6793332351337043e-23, nan 
-74.875, 63.375, 1.5760603024612526e-23, nan 
-74.625, 63.375, 1.4804071142699547e-23, nan 
-74.375, 63.375, 1.2459146961293338e-23, nan 
-74.125, 63.375, 1.0930636238955348e-23, nan 
-73.875, 63.375, 1.418666914191809e-23, nan 
-73.625, 63.375, 1.6646326214323842e-23, nan 
-73.375, 63.375, 1.7015202596479611e-23, nan 
-73.125, 63.375, 1.714642497554972e-23, nan 
-72.875, 63.375, 1.6836708303669435e-23, nan 
-72.625, 63.375, 2.086960090984271e-23, nan 
-72.375, 63.375, 1.8930560725756502e-23, nan 
-72.125, 63.375, 1.6664827173562554e-23, nan 
-71.875, 63.375, 1.3746470352690065e-23, nan 
-71.625, 63.375, 1.6018818093900994e-23, nan 
-71.375, 63.375, 1.5450386997514903e-23, nan 
-71.125, 63.375, 1.3673307745798764e-23, nan 
-70.875, 63.375, 1.2143995028977387e-23, nan 
-70.625, 63.375, 1.2239806952419456e-23, nan 
-70.375, 63.375, 1.612843757037485e-23, nan 
-70.125, 63.375, 1.4663081291220217e-23, nan 
-69.875, 63.375, 1.4165969778654247e-23, nan 
-69.625, 63.375, 1.4140477721513615e-23, nan 
-69.375, 63.375, 1.5488385876678178e-23, nan 
-69.125, 63.375, 1.5940366418509822e-23, nan 
-68.875, 63.375, 1.1702221304356163e-23, nan 
-68.625, 63.375, 1.5881804700736027e-23, nan 
-68.375, 63.375, 1.5421924109684646e-23, nan 
-68.125, 63.375, 1.3412656607771587e-23, nan 
-67.875, 63.375, 1.4932505303096836e-23, nan 
-67.625, 63.375, 1.6891537777772866e-23, nan 
-67.375, 63.375, 1.7474043077982556e-23, nan 
-67.125, 63.375, 1.916129771136727e-23, nan 
-66.875, 63.375, 2.090157399524963e-23, nan 
-66.625, 63.375, 2.3090165990898723e-23, nan 
-66.375, 63.375, 2.0873035242690733e-23, nan 
-66.125, 63.375, 2.2240888205430726e-23, nan 
-65.875, 63.375, 2.1609753751241507e-23, nan 
-65.625, 63.375, 1.9787376182373148e-23, nan 
-65.375, 63.375, 1.8322512179664713e-23, nan 
-65.125, 63.375, 1.2632160131572355e-23, nan 
-64.875, 63.375, 1.0287317759400322e-23, nan 
-64.625, 63.375, 2.2447198544443262e-23, nan 
-64.375, 63.375, 3.531425354087365e-23, nan 
-64.125, 63.375, 1.7998863932265464e-23, nan 
-63.875, 63.375, 2.27456664629392e-23, nan 
-63.625, 63.375, 3.463398435802806e-23, nan 
-63.375, 63.375, 2.925459719076166e-23, nan 
-63.125, 63.375, 1.9573239161878048e-23, nan 
-62.875, 63.375, 2.4325308699710236e-23, nan 
-62.625, 63.375, 2.2107808275967741e-23, nan 
-62.375, 63.375, 2.6071823663713085e-23, nan 
-62.125, 63.375, 3.104499896028588e-23, nan 
-61.875, 63.375, 2.5040671817537986e-23, nan 
-61.625, 63.375, 2.6046905078630552e-23, nan 
-61.375, 63.375, 3.494403028196727e-23, nan 
-61.125, 63.375, 4.138217789103911e-23, nan 
-60.875, 63.375, 4.5616945651364626e-23, nan 
-60.625, 63.375, 3.380459233405328e-23, nan 
-60.375, 63.375, 2.687540207482781e-23, nan 
-60.125, 63.375, 2.9870659115460473e-23, nan 
-59.875, 63.375, 3.688448766603578e-23, nan 
-59.625, 63.375, 2.7864832343248883e-23, nan 
-59.375, 63.375, 2.952244984511046e-23, nan 
-59.125, 63.375, 3.0148188593445684e-23, nan 
-58.875, 63.375, 3.1671179140113035e-23, nan 
-58.625, 63.375, 3.470569771808228e-23, nan 
-58.375, 63.375, 2.994119474042453e-23, nan 
-58.125, 63.375, 3.462890500198326e-23, nan 
-57.875, 63.375, 2.9170242129537756e-23, nan 
-57.625, 63.375, 2.7316734480904463e-23, nan 
-57.375, 63.375, 2.882079444451446e-23, nan 
-57.125, 63.375, 2.117303578835341e-23, nan 
-56.875, 63.375, 2.3702461697011688e-23, nan 
-56.625, 63.375, 2.5041425107132206e-23, nan 
-56.375, 63.375, 2.311211491204746e-23, nan 
-56.125, 63.375, 2.419657846824466e-23, nan 
-55.875, 63.375, 1.8607330039391868e-23, nan 
-55.625, 63.375, 2.2703854219319997e-23, nan 
-55.375, 63.375, 2.727074547952701e-23, nan 
-55.125, 63.375, 2.258882443120251e-23, nan 
-54.875, 63.375, 2.366173576118043e-23, nan 
-54.625, 63.375, 2.5855301482212353e-23, nan 
-54.375, 63.375, 5.008384249907533e-23, nan 
-54.125, 63.375, 4.966171160304816e-23, nan 
-53.875, 63.375, 5.040321401102246e-23, nan 
-53.625, 63.375, 4.07439603962989e-23, nan 
-53.375, 63.375, 4.1498803025474227e-23, nan 
-53.125, 63.375, 3.9305410588653247e-23, nan 
-52.875, 63.375, 1.6470273987638552e-23, nan 
-52.625, 63.375, 2.88030241522301e-23, nan 
-52.375, 63.375, 1.2735201707762645e-23, nan 
-52.125, 63.375, 1.549760921471976e-23, nan 
-51.875, 63.375, 1.8962667606879935e-23, nan 
-51.625, 63.375, 2.6888374595306233e-23, nan 
-51.375, 63.375, 1.811179440804729e-23, nan 
-51.125, 63.375, 1.3038991986537168e-23, nan 
-50.875, 63.375, 1.6626444559278495e-23, nan 
-50.625, 63.375, 1.4598732183988982e-23, nan 
-50.375, 63.375, 3.5746636328363274e-23, nan 
-50.125, 63.375, 6.53259635269104e-23, nan 
-49.875, 63.375, 8.46348487714175e-23, nan 
-49.625, 63.375, 8.503762598269376e-23, nan 
-49.375, 63.375, 9.848439155440633e-23, nan 
-49.125, 63.375, 1.1226432794952596e-22, nan 
-48.875, 63.375, 8.022575984615546e-23, nan 
-48.625, 63.375, 4.7608924456274635e-23, nan 
-48.375, 63.375, 3.738657528515475e-23, nan 
-48.125, 63.375, 3.5052756740376985e-23, nan 
-47.875, 63.375, 4.186732617135435e-23, nan 
-47.625, 63.375, 3.346647150777704e-23, nan 
-47.375, 63.375, 4.568589842871381e-23, nan 
-47.125, 63.375, 6.284925993218666e-23, nan 
-46.875, 63.375, 2.868198399429887e-23, nan 
-46.625, 63.375, 5.892345972634776e-23, nan 
-46.375, 63.375, 1.093466864270157e-22, nan 
-46.125, 63.375, 4.1226562039402833e-23, nan 
-45.875, 63.375, 4.227633460385726e-23, nan 
-45.625, 63.375, 6.101533351535614e-23, nan 
-45.375, 63.375, 3.896189707764222e-23, nan 
-45.125, 63.375, 4.168058226215864e-23, nan 
-44.875, 63.375, 3.770572642979641e-23, nan 
-44.625, 63.375, 2.4189802159610424e-23, nan 
-44.375, 63.375, 1.431780258718713e-23, nan 
-44.125, 63.375, 6.5536731785613394e-24, nan 
-43.875, 63.375, 1.3574943877505295e-23, nan 
-43.625, 63.375, 2.936485914704565e-23, nan 
-43.375, 63.375, 2.914269663722082e-23, nan 
-43.125, 63.375, 3.299160476162412e-23, nan 
-42.875, 63.375, 1.707554516757482e-23, nan 
-42.625, 63.375, 3.6610487426333535e-23, nan 
-42.375, 63.375, 5.437343375226562e-23, nan 
-42.125, 63.375, 4.4771241730469875e-23, nan 
-41.875, 63.375, 5.769204760877349e-23, nan 
-41.625, 63.375, 6.490121984592322e-23, nan 
-41.375, 63.375, 6.584716010024041e-23, nan 
-41.125, 63.375, 5.379484349345678e-23, nan 
-40.875, 63.375, 4.2722756745347615e-23, nan 
-40.625, 63.375, 2.8797103741992976e-23, nan 
-40.375, 63.375, 1.1547582272676292e-22, nan 
-40.125, 63.375, 9.530518437860518e-23, nan 
-39.875, 63.375, 3.8556679631358224e-22, nan 
-39.625, 63.375, 5.738738294482578e-23, nan 
-39.375, 63.375, 5.926522957544665e-23, nan 
-39.125, 63.375, 6.089267494678463e-23, nan 
-38.875, 63.375, 5.382745566788486e-23, nan 
-38.625, 63.375, 8.579838811130378e-23, nan 
-38.375, 63.375, 7.42223195722223e-23, nan 
-38.125, 63.375, 4.429268529008738e-23, nan 
-37.875, 63.375, 8.28224605885882e-23, nan 
-37.625, 63.375, 6.310273247899534e-23, nan 
-37.375, 63.375, 4.8138646642734184e-23, nan 
-37.125, 63.375, 6.347606348044044e-23, nan 
-36.875, 63.375, 7.047382226617703e-23, nan 
-36.625, 63.375, 8.181657890083823e-23, nan 
-36.375, 63.375, 6.35781407075812e-23, nan 
-36.125, 63.375, 1.0349887526738096e-22, nan 
-35.875, 63.375, 8.483246910633701e-23, nan 
-35.625, 63.375, 7.159218916160586e-23, nan 
-35.375, 63.375, 4.3592034733450826e-23, nan 
-35.125, 63.375, 2.2891592603362003e-23, nan 
-34.875, 63.375, 4.358826797897169e-23, nan 
-34.625, 63.375, 1.861456464230588e-23, nan 
-34.375, 63.375, 4.0751569708920015e-23, nan 
-34.125, 63.375, 4.571471556545643e-23, nan 
-33.875, 63.375, 3.6119090884113895e-23, nan 
-33.625, 63.375, 2.0561827725925383e-23, nan 
-33.375, 63.375, 9.024554186103673e-23, nan 
-33.125, 63.375, 6.060443592457201e-23, nan 
-32.875, 63.375, 3.531661692420354e-23, nan 
-32.625, 63.375, 5.874297620123964e-23, nan 
-32.375, 63.375, 5.554443395538382e-23, nan 
-32.125, 63.375, 2.755797339959154e-23, nan 
-31.875, 63.375, 5.523969443671785e-23, nan 
-31.625, 63.375, 5.355991877216078e-23, nan 
-31.375, 63.375, 6.179212651740787e-23, nan 
-31.125, 63.375, 6.320932439704096e-23, nan 
-30.875, 63.375, 7.225669339348904e-23, nan 
-30.625, 63.375, 7.891423796110384e-23, nan 
-30.375, 63.375, 1.0385253791244663e-22, nan 
-30.125, 63.375, 6.552269312982774e-23, nan 
-29.875, 63.375, 8.034005879780927e-23, nan 
-29.625, 63.375, 1.0619158698353344e-22, nan 
-29.375, 63.375, 5.974173809257211e-23, nan 
-29.125, 63.375, 2.9094675027469753e-23, nan 
-28.875, 63.375, 1.8151796572564384e-23, nan 
-28.625, 63.375, 3.6795852144920623e-23, nan 
-28.375, 63.375, 4.569759034326788e-23, nan 
-28.125, 63.375, 3.670156524359541e-23, nan 
-27.875, 63.375, 4.9168102557131606e-23, nan 
-27.625, 63.375, 2.5615966835219298e-23, nan 
-27.375, 63.375, 4.2655624570294926e-23, nan 
-27.125, 63.375, 6.048187637929968e-23, nan 
-26.875, 63.375, 4.159396494466657e-23, nan 
-26.625, 63.375, 5.161153559725465e-23, nan 
-26.375, 63.375, 7.168243112954195e-23, nan 
-26.125, 63.375, 5.087609016469099e-23, nan 
-25.875, 63.375, 7.998501178517691e-23, nan 
-25.625, 63.375, 7.518640429628652e-23, nan 
-25.375, 63.375, 6.405684010114606e-23, nan 
-25.125, 63.375, 7.228769509274401e-23, nan 
-24.875, 63.375, 8.603401094378616e-23, nan 
-24.625, 63.375, 5.544255562301316e-23, nan 
-24.375, 63.375, 4.5527709084062856e-23, nan 
-24.125, 63.375, 6.445364677474418e-23, nan 
-23.875, 63.375, 7.290175405270079e-23, nan 
-23.625, 63.375, 9.963318205595165e-23, nan 
-23.375, 63.375, 7.416913159207354e-23, nan 
-23.125, 63.375, 9.902573337215623e-23, nan 
-22.875, 63.375, 1.492672756005517e-22, nan 
-22.625, 63.375, 7.121166573797524e-23, nan 
-22.375, 63.375, 5.27390111646011e-23, nan 
-22.125, 63.375, 4.84944996177505e-23, nan 
-21.875, 63.375, 9.535798273695509e-23, nan 
-21.625, 63.375, 9.255543975683142e-23, nan 
-21.375, 63.375, 1.7682401672814132e-22, nan 
-21.125, 63.375, 2.0686292443333988e-22, nan 
-20.875, 63.375, 2.1007176889833967e-22, nan 
-20.625, 63.375, 1.825148847725591e-22, nan 
-20.375, 63.375, 1.3899126520522667e-22, nan 
-20.125, 63.375, 1.2702437220815234e-22, nan 
-19.875, 63.375, 1.07643525513379e-22, nan 
-19.625, 63.375, 7.409521282155939e-23, nan 
-19.375, 63.375, 6.776102550251241e-23, nan 
-19.125, 63.375, 2.102228405567403e-23, nan 
-18.875, 63.375, 1.616374029535802e-23, nan 
-18.625, 63.375, 5.2383424417722027e-23, nan 
-18.375, 63.375, 3.5623833186898565e-23, nan 
-18.125, 63.375, 3.866343489226454e-23, nan 
-17.875, 63.375, 8.037635834029572e-23, nan 
-17.625, 63.375, 1.0666321199339669e-22, nan 
-17.375, 63.375, 4.2754241497422187e-23, nan 
-17.125, 63.375, 3.690339468687908e-23, nan 
-16.875, 63.375, 1.3668301273223425e-22, nan 
-16.625, 63.375, 9.14900759124921e-23, nan 
-16.375, 63.375, 5.797883046371684e-23, nan 
-16.125, 63.375, 6.093295025757006e-23, nan 
-15.875, 63.375, 6.754114800415626e-23, nan 
-15.625, 63.375, 7.221891829120735e-23, nan 
-15.375, 63.375, 1.3101321510662437e-22, nan 
-15.125, 63.375, 8.589025995013485e-23, nan 
-14.875, 63.375, 7.234197036379498e-23, nan 
-14.625, 63.375, 9.926745211493744e-23, nan 
-14.375, 63.375, 1.0938382041338225e-22, nan 
-14.125, 63.375, 8.761570854106374e-23, nan 
-13.875, 63.375, 1.7020836862594016e-22, nan 
-13.625, 63.375, 8.98411507427895e-23, nan 
-13.375, 63.375, 1.2247727969538372e-22, nan 
-13.125, 63.375, 1.6516693991428713e-22, nan 
-12.875, 63.375, 1.2496991791503296e-22, nan 
-12.625, 63.375, 1.7915468806579177e-22, nan 
-12.375, 63.375, 1.167013448279682e-22, nan 
-12.125, 63.375, 6.949552390220288e-23, nan 
-11.875, 63.375, 8.994700118986482e-23, nan 
-11.625, 63.375, 8.928141018347338e-23, nan 
-11.375, 63.375, 1.1548865981681008e-22, nan 
-11.125, 63.375, 1.9906155728101983e-22, nan 
-10.875, 63.375, 3.202421389024204e-22, nan 
-10.625, 63.375, 3.500557122777896e-22, nan 
-10.375, 63.375, 3.577666007428887e-22, nan 
-10.125, 63.375, 3.401653429317886e-22, nan 
-9.875, 63.375, 2.94255765777408e-22, nan 
-9.625, 63.375, 3.065974588125465e-22, nan 
-9.375, 63.375, 3.095630989713147e-22, nan 
-9.125, 63.375, 5.614157347760662e-22, nan 
-8.875, 63.375, 7.306915051616242e-22, nan 
-8.625, 63.375, 5.144797537335063e-22, nan 
-8.375, 63.375, 3.521221310328895e-22, nan 
-8.125, 63.375, 1.7722222206915836e-22, nan 
-7.875, 63.375, 2.9892012542475753e-22, nan 
-7.625, 63.375, 2.1704613519753555e-22, nan 
-7.375, 63.375, 1.636738561911738e-22, nan 
-7.125, 63.375, 1.746205502524666e-22, nan 
-6.875, 63.375, 6.821359190646555e-23, nan 
-6.625, 63.375, 5.362118698533973e-23, nan 
-6.375, 63.375, 9.071198657661837e-23, nan 
-6.125, 63.375, 7.090742089014932e-23, nan 
-5.875, 63.375, 5.1096061147093305e-23, nan 
-5.625, 63.375, 5.968087280172621e-23, nan 
-5.375, 63.375, 6.007691157337568e-23, nan 
-5.125, 63.375, 5.2269354263056997e-23, nan 
-4.875, 63.375, 3.236517234431846e-23, nan 
-4.625, 63.375, 3.6028943470009986e-23, nan 
-4.375, 63.375, 4.458071596436067e-23, nan 
-4.125, 63.375, 2.1401827487322678e-23, nan 
-3.875, 63.375, 4.155420661589044e-23, nan 
-3.625, 63.375, 2.2728889358707852e-23, nan 
-3.375, 63.375, 5.786637429912882e-23, nan 
-3.125, 63.375, 5.303599770746549e-23, nan 
-2.875, 63.375, 6.311337152318404e-23, nan 
-2.625, 63.375, 1.0285079329953623e-22, nan 
-2.375, 63.375, 7.486578131063353e-23, nan 
-2.125, 63.375, 8.943707687604273e-23, nan 
-1.875, 63.375, 2.721033786388816e-23, nan 
-1.625, 63.375, 2.6635501337284214e-23, nan 
-1.375, 63.375, 5.117919307431543e-23, nan 
-1.125, 63.375, 4.083144219257733e-23, nan 
-0.875, 63.375, 3.5831163748123754e-23, nan 
-0.625, 63.375, 2.740025612102755e-23, nan 
-0.375, 63.375, 1.0867024762750655e-23, nan 
-0.125, 63.375, 2.9298980815513836e-23, nan 
0.125, 63.375, 1.740503273971543e-23, nan 
0.375, 63.375, 3.575727191065486e-23, nan 
0.625, 63.375, 5.366005187261814e-23, nan 
0.875, 63.375, 3.868159525850609e-23, nan 
1.125, 63.375, 3.613328936105432e-23, nan 
1.375, 63.375, 3.739253329639382e-23, nan 
1.625, 63.375, 3.960481137705756e-23, nan 
1.875, 63.375, 2.5106230649040413e-23, nan 
2.125, 63.375, 3.203398265492014e-23, nan 
2.375, 63.375, 2.396515954262535e-23, nan 
2.625, 63.375, 2.6235498000368132e-23, nan 
2.875, 63.375, 2.5879997400932254e-23, nan 
3.125, 63.375, 1.9264521693571556e-23, nan 
3.375, 63.375, 3.478330690897972e-23, nan 
3.625, 63.375, 3.1927595081333235e-23, nan 
3.875, 63.375, 2.711775739564358e-23, nan 
4.125, 63.375, 4.979799433318259e-23, nan 
4.375, 63.375, 3.592957902686247e-23, nan 
4.625, 63.375, 3.446819483663153e-23, nan 
4.875, 63.375, 4.0013523573599195e-23, nan 
5.125, 63.375, 3.4825840300501855e-23, nan 
5.375, 63.375, 4.0886095955717263e-23, nan 
5.625, 63.375, 3.244081091825295e-23, nan 
5.875, 63.375, 2.92866197804381e-23, nan 
6.125, 63.375, 4.269137247667887e-23, nan 
6.375, 63.375, 3.335108842284942e-23, nan 
6.625, 63.375, 1.792073352227328e-23, nan 
6.875, 63.375, 1.7650056691629795e-23, nan 
7.125, 63.375, 1.9964253968338126e-23, nan 
7.375, 63.375, 3.998047810632319e-23, nan 
7.625, 63.375, 2.545366184918707e-23, nan 
7.875, 63.375, 1.5139693168514784e-23, nan 
8.125, 63.375, 5.044466376137863e-23, nan 
8.375, 63.375, 3.541865714793064e-23, nan 
8.625, 63.375, 3.388072079199009e-23, nan 
8.875, 63.375, 1.9299711713620888e-23, nan 
9.125, 63.375, 6.477863958539947e-23, nan 
9.375, 63.375, 9.704290260913864e-23, nan 
9.625, 63.375, 1.4470141090241781e-22, nan 
9.875, 63.375, 1.5280142661756558e-22, nan 
10.125, 63.375, 3.2960061627931844e-22, nan 
10.375, 63.375, 4.50529023782099e-22, nan 
10.625, 63.375, 1.104604871874675e-21, nan 
10.875, 63.375, 1.0284223440835646e-21, nan 
11.125, 63.375, 8.927507381866805e-22, nan 
11.375, 63.375, 9.165609899116284e-22, nan 
11.625, 63.375, 5.318400581344674e-22, nan 
11.875, 63.375, 1.1243984328534497e-22, nan 
12.125, 63.375, 6.103004064504151e-23, nan 
12.375, 63.375, 7.552542179303665e-23, nan 
12.625, 63.375, 3.530117307942691e-23, nan 
12.875, 63.375, 4.6562722082174615e-23, nan 
13.125, 63.375, 5.115196520937152e-23, nan 
13.375, 63.375, 2.8366830872361115e-23, nan 
13.625, 63.375, 1.9779652596360844e-23, nan 
13.875, 63.375, 2.2834111755335327e-23, nan 
14.125, 63.375, 2.935484903003759e-23, nan 
14.375, 63.375, 1.7445808936526307e-23, nan 
14.625, 63.375, 2.5567746800474828e-23, nan 
14.875, 63.375, 3.69771361685222e-23, nan 
15.125, 63.375, 7.216314994363391e-24, nan 
15.375, 63.375, 1.1735428184198338e-23, nan 
15.625, 63.375, 1.35908364404502e-23, nan 
15.875, 63.375, 1.808670037584404e-23, nan 
16.125, 63.375, 2.1941436979870634e-23, nan 
16.375, 63.375, 2.2524807853467232e-23, nan 
16.625, 63.375, 3.892131955404288e-23, nan 
16.875, 63.375, 3.38754944287935e-23, nan 
17.125, 63.375, 2.817909021477656e-23, nan 
17.375, 63.375, 2.1642958020735998e-23, nan 
17.625, 63.375, 2.6630189275525316e-23, nan 
17.875, 63.375, 1.7253829285530044e-23, nan 
18.125, 63.375, 1.3786857798472018e-23, nan 
18.375, 63.375, 1.2881992719610435e-23, nan 
18.625, 63.375, 1.3621326366780745e-23, nan 
18.875, 63.375, 8.593915609030077e-24, nan 
19.125, 63.375, 1.7626531043489558e-23, nan 
19.375, 63.375, 1.9787905704288833e-23, nan 
19.625, 63.375, 9.822617708885889e-24, nan 
19.875, 63.375, 3.0836015313148773e-23, nan 
20.125, 63.375, 2.977959362144238e-23, nan 
20.375, 63.375, 2.008365877671067e-23, nan 
20.625, 63.375, 3.6066642144030114e-23, nan 
20.875, 63.375, 3.3565568289049404e-23, nan 
21.125, 63.375, 1.9622809402782623e-23, nan 
21.375, 63.375, 1.4288635278788958e-23, nan 
21.625, 63.375, 1.0355117300118109e-23, nan 
21.875, 63.375, 7.302645998285215e-24, nan 
22.125, 63.375, 9.392835181271188e-24, nan 
22.375, 63.375, 7.1870139869214e-24, nan 
22.625, 63.375, 5.260026526011974e-24, nan 
22.875, 63.375, 6.800809092983942e-24, nan 
23.125, 63.375, 6.474814078807764e-24, nan 
23.375, 63.375, 6.67560642665012e-24, nan 
23.625, 63.375, 7.858731604144447e-24, nan 
23.875, 63.375, 9.528330947334143e-24, nan 
24.125, 63.375, 7.70247822605885e-24, nan 
24.375, 63.375, 7.151451693125146e-24, nan 
24.625, 63.375, 8.675612183301369e-24, nan 
24.875, 63.375, 6.550591161086021e-24, nan 
25.125, 63.375, 5.456325006043576e-24, nan 
25.375, 63.375, 8.037010534048706e-24, nan 
25.625, 63.375, 7.764887307463595e-24, nan 
25.875, 63.375, 9.660822912380022e-24, nan 
26.125, 63.375, 1.9492842107122568e-23, nan 
26.375, 63.375, 2.0912585180156735e-23, nan 
26.625, 63.375, 2.8998910053925646e-23, nan 
26.875, 63.375, 2.380671488911726e-23, nan 
27.125, 63.375, 1.4729010452435742e-23, nan 
27.375, 63.375, 7.69862061528421e-24, nan 
27.625, 63.375, 9.735131485862263e-24, nan 
27.875, 63.375, 1.7691959677844995e-23, nan 
28.125, 63.375, 1.3903327945528516e-23, nan 
28.375, 63.375, 1.3194441325066592e-23, nan 
28.625, 63.375, 7.05058067052072e-24, nan 
28.875, 63.375, 1.1037300564024283e-23, nan 
29.125, 63.375, 9.671453817930752e-24, nan 
29.375, 63.375, 1.217381818281675e-23, nan 
29.625, 63.375, 7.273927194491088e-24, nan 
29.875, 63.375, 8.669199303682892e-24, nan 
30.125, 63.375, 1.218917899311877e-23, nan 
30.375, 63.375, 1.1352560329142713e-23, nan 
30.625, 63.375, 1.098843204062384e-23, nan 
30.875, 63.375, 1.0777264197343267e-23, nan 
31.125, 63.375, 8.332270015006783e-24, nan 
31.375, 63.375, 1.2244172522992771e-23, nan 
31.625, 63.375, 1.0318100774508718e-23, nan 
31.875, 63.375, 6.282502646433965e-24, nan 
32.125, 63.375, 6.606472630115607e-24, nan 
32.375, 63.375, 9.278192640969647e-24, nan 
32.625, 63.375, 1.044742068467228e-23, nan 
32.875, 63.375, 1.195311421013277e-23, nan 
33.125, 63.375, 1.172019351558484e-23, nan 
33.375, 63.375, 9.924963416267599e-24, nan 
33.625, 63.375, 1.0381928017593476e-23, nan 
33.875, 63.375, 8.563280024674914e-24, nan 
34.125, 63.375, 6.015161771541866e-24, nan 
34.375, 63.375, 5.0533582793937844e-24, nan 
34.625, 63.375, 3.2893576720250565e-24, nan 
34.875, 63.375, 2.4132226049513703e-24, nan 
35.125, 63.375, 3.461702642580426e-24, nan 
35.375, 63.375, 4.003706631445958e-24, nan 
35.625, 63.375, 3.715040516755054e-24, nan 
35.875, 63.375, 5.786744415762377e-24, nan 
36.125, 63.375, 5.7001629011691124e-24, nan 
36.375, 63.375, 7.015996416997173e-24, nan 
36.625, 63.375, 9.178472906839869e-24, nan 
36.875, 63.375, 1.0346929157485326e-23, nan 
37.125, 63.375, 5.33225507164703e-24, nan 
37.375, 63.375, 4.879683229742456e-24, nan 
37.625, 63.375, 4.5337975676314e-24, nan 
37.875, 63.375, 3.798701976808874e-24, nan 
38.125, 63.375, 7.885753477021977e-24, nan 
38.375, 63.375, 7.98678819710906e-24, nan 
38.625, 63.375, 8.894713885732273e-24, nan 
38.875, 63.375, 8.501411368413245e-24, nan 
39.125, 63.375, 7.930563295093814e-24, nan 
39.375, 63.375, 5.750581553892564e-24, nan 
39.625, 63.375, 5.2638404085794646e-24, nan 
39.875, 63.375, 5.074911084730199e-24, nan 
40.125, 63.375, 5.072017984054356e-24, nan 
40.375, 63.375, 4.372740887762544e-24, nan 
40.625, 63.375, 3.0701933771274176e-24, nan 
40.875, 63.375, 1.6758369416054226e-24, nan 
41.125, 63.375, 1.79031445101815e-24, nan 
41.375, 63.375, 1.583844872409884e-24, nan 
41.625, 63.375, 3.0282318690764953e-24, nan 
41.875, 63.375, 1.126922776271036e-24, nan 
42.125, 63.375, 1.928798195012838e-24, nan 
42.375, 63.375, 2.521515640325283e-24, nan 
42.625, 63.375, 1.88410653156459e-24, nan 
42.875, 63.375, 4.681166256810912e-24, nan 
43.125, 63.375, 6.655066262180608e-24, nan 
43.375, 63.375, 2.863609110422252e-24, nan 
43.625, 63.375, 8.275092928491561e-24, nan 
43.875, 63.375, 1.316590985658298e-23, nan 
44.125, 63.375, 5.828943767489369e-24, nan 
-117.375, 63.625, 2.9311073373778683e-24, nan 
-117.125, 63.625, 2.5064405133426192e-24, nan 
-116.875, 63.625, 2.9648994332605684e-24, nan 
-116.625, 63.625, 2.177606800427495e-24, nan 
-116.375, 63.625, 2.7146907290055897e-24, nan 
-116.125, 63.625, 2.4274647453734536e-24, nan 
-115.875, 63.625, 2.3984744796021783e-24, nan 
-115.625, 63.625, 2.1530184957086333e-24, nan 
-115.375, 63.625, 3.052097833024687e-24, nan 
-115.125, 63.625, 3.1531488907301724e-24, nan 
-114.875, 63.625, 2.5505879026941257e-24, nan 
-114.625, 63.625, 3.657690622720007e-24, nan 
-114.375, 63.625, 4.413319021402778e-24, nan 
-114.125, 63.625, 2.353913970553032e-24, nan 
-113.875, 63.625, 2.2587672474334855e-24, nan 
-113.625, 63.625, 2.6916354722600425e-24, nan 
-113.375, 63.625, 2.8934606743924673e-24, nan 
-113.125, 63.625, 2.9647711754803673e-24, nan 
-112.875, 63.625, 2.6682230569479506e-24, nan 
-112.625, 63.625, 2.7265110578292565e-24, nan 
-112.375, 63.625, 2.7561987624713388e-24, nan 
-112.125, 63.625, 2.098653798835517e-24, nan 
-111.875, 63.625, 2.039331508085908e-24, nan 
-111.625, 63.625, 2.09927122667608e-24, nan 
-111.375, 63.625, 2.6484247926197257e-24, nan 
-111.125, 63.625, 2.7515026676659972e-24, nan 
-110.875, 63.625, 2.632936898431838e-24, nan 
-110.625, 63.625, 2.26924243357484e-24, nan 
-110.375, 63.625, 2.2912042620483043e-24, nan 
-110.125, 63.625, 2.4256706135063942e-24, nan 
-109.875, 63.625, 1.783066990577225e-24, nan 
-109.625, 63.625, 2.0720650950456464e-24, nan 
-109.375, 63.625, 1.7498641587159953e-24, nan 
-109.125, 63.625, 2.6107835992273413e-24, nan 
-108.875, 63.625, 2.4963767529179293e-24, nan 
-108.625, 63.625, 2.5054280958903782e-24, nan 
-108.375, 63.625, 3.87222720190658e-24, nan 
-108.125, 63.625, 2.6724586272487308e-24, nan 
-107.875, 63.625, 2.213869679991952e-24, nan 
-107.625, 63.625, 2.8889510449414314e-24, nan 
-107.375, 63.625, 2.4762057635719004e-24, nan 
-107.125, 63.625, 2.277186200637483e-24, nan 
-106.875, 63.625, 2.347966233394673e-24, nan 
-106.625, 63.625, 2.3764829148779498e-24, nan 
-106.375, 63.625, 2.2603201472494294e-24, nan 
-106.125, 63.625, 2.4130062440197672e-24, nan 
-105.875, 63.625, 2.1434209298861063e-24, nan 
-105.625, 63.625, 2.3576253330411133e-24, nan 
-105.375, 63.625, 2.7015236875362105e-24, nan 
-105.125, 63.625, 2.6268302808904803e-24, nan 
-104.875, 63.625, 2.512184941990587e-24, nan 
-104.625, 63.625, 2.4117846409852682e-24, nan 
-104.375, 63.625, 2.2436905214788447e-24, nan 
-104.125, 63.625, 2.248148900987646e-24, nan 
-103.875, 63.625, 2.446243639675867e-24, nan 
-103.625, 63.625, 2.2128416653727915e-24, nan 
-103.375, 63.625, 2.0512681834801542e-24, nan 
-103.125, 63.625, 2.116911747576567e-24, nan 
-102.875, 63.625, 2.086048854148514e-24, nan 
-102.625, 63.625, 2.8363861637606587e-24, nan 
-102.375, 63.625, 2.6081682478058444e-24, nan 
-102.125, 63.625, 2.463015519708528e-24, nan 
-101.875, 63.625, 2.271542664544769e-24, nan 
-101.625, 63.625, 2.9467120633105736e-24, nan 
-101.375, 63.625, 3.532385858354219e-24, nan 
-101.125, 63.625, 3.1808232055059512e-24, nan 
-100.875, 63.625, 3.441116814119984e-24, nan 
-100.625, 63.625, 3.532163574656252e-24, nan 
-100.375, 63.625, 4.203281440339471e-24, nan 
-100.125, 63.625, 3.7648045537379505e-24, nan 
-99.875, 63.625, 3.2320847851883156e-24, nan 
-99.625, 63.625, 2.9567538078165e-24, nan 
-99.375, 63.625, 3.2686796831158183e-24, nan 
-99.125, 63.625, 3.2290905851126988e-24, nan 
-98.875, 63.625, 3.335164140270141e-24, nan 
-98.625, 63.625, 2.688004732979945e-24, nan 
-98.375, 63.625, 5.116070597943856e-24, nan 
-98.125, 63.625, 3.790497552259803e-24, nan 
-97.875, 63.625, 2.7215567612361393e-24, nan 
-97.625, 63.625, 6.922078613652519e-24, nan 
-97.375, 63.625, 3.1870212873741763e-24, nan 
-97.125, 63.625, 2.3928714723694134e-24, nan 
-96.875, 63.625, 3.477413744328223e-24, nan 
-96.625, 63.625, 3.3008941821108564e-24, nan 
-96.375, 63.625, 3.77312753058724e-24, nan 
-96.125, 63.625, 4.194948938211625e-24, nan 
-95.875, 63.625, 3.6039685151206455e-24, nan 
-95.625, 63.625, 4.574942312817652e-24, nan 
-95.375, 63.625, 4.708154260134081e-24, nan 
-95.125, 63.625, 5.175528646878963e-24, nan 
-94.875, 63.625, 5.3388522693546706e-24, nan 
-94.625, 63.625, 6.3551271770611166e-24, nan 
-94.375, 63.625, 6.535671892758933e-24, nan 
-94.125, 63.625, 6.679684415198088e-24, nan 
-93.875, 63.625, 7.160847468720423e-24, nan 
-93.625, 63.625, 7.501167065124367e-24, nan 
-93.375, 63.625, 7.410119140331585e-24, nan 
-93.125, 63.625, 6.863933021039355e-24, nan 
-92.875, 63.625, 6.859347750286919e-24, nan 
-92.625, 63.625, 6.669616635889491e-24, nan 
-92.375, 63.625, 8.276032246271996e-24, nan 
-92.125, 63.625, 9.539668672754273e-24, nan 
-91.875, 63.625, 7.361829467174323e-24, nan 
-91.625, 63.625, 8.769239935675368e-24, nan 
-91.375, 63.625, 7.840255996224238e-24, nan 
-91.125, 63.625, 6.911402856158533e-24, nan 
-90.875, 63.625, 6.804636186857894e-24, nan 
-90.625, 63.625, 6.835649239796984e-24, nan 
-90.375, 63.625, 7.738984997851365e-24, nan 
-90.125, 63.625, 5.2899292942595544e-24, nan 
-89.875, 63.625, 6.913977276321759e-24, nan 
-89.625, 63.625, 7.225407941962689e-24, nan 
-89.375, 63.625, 7.03115355581332e-24, nan 
-89.125, 63.625, 5.801081787017001e-24, nan 
-88.875, 63.625, 6.604912999172336e-24, nan 
-88.625, 63.625, 5.052486375482871e-24, nan 
-88.375, 63.625, 9.225045650542331e-24, nan 
-88.125, 63.625, 5.565012968370986e-24, nan 
-87.875, 63.625, 5.707864780448238e-24, nan 
-87.625, 63.625, 7.241299028272025e-24, nan 
-87.375, 63.625, 9.504453861546162e-24, nan 
-87.125, 63.625, 8.509344517937351e-24, nan 
-86.875, 63.625, 8.592752984068848e-24, nan 
-86.625, 63.625, 9.463482882896868e-24, nan 
-86.375, 63.625, 7.804533502533303e-24, nan 
-86.125, 63.625, 6.792379517818296e-24, nan 
-85.875, 63.625, 7.626046777106127e-24, nan 
-85.625, 63.625, 9.184824793160873e-24, nan 
-85.375, 63.625, 8.374187769963312e-24, nan 
-85.125, 63.625, 9.911690291338428e-24, nan 
-84.875, 63.625, 9.822222486674548e-24, nan 
-84.625, 63.625, 9.524608191642245e-24, nan 
-84.375, 63.625, 1.0274014905740928e-23, nan 
-84.125, 63.625, 1.05494480444863e-23, nan 
-83.875, 63.625, 1.0778392985116438e-23, nan 
-83.625, 63.625, 8.214463328231432e-24, nan 
-83.375, 63.625, 8.64590554731909e-24, nan 
-83.125, 63.625, 8.970457273004014e-24, nan 
-82.875, 63.625, 8.861826325989044e-24, nan 
-82.625, 63.625, 8.550241044309637e-24, nan 
-82.375, 63.625, 8.24302898302268e-24, nan 
-82.125, 63.625, 1.0667178060259649e-23, nan 
-81.875, 63.625, 1.0209790214469409e-23, nan 
-81.625, 63.625, 1.12089379914292e-23, nan 
-81.375, 63.625, 1.129527749457287e-23, nan 
-81.125, 63.625, 1.0009157570708608e-23, nan 
-80.875, 63.625, 1.1308428281365254e-23, nan 
-80.625, 63.625, 1.0774302084130562e-23, nan 
-80.375, 63.625, 1.1210530607691307e-23, nan 
-80.125, 63.625, 1.1738414394505336e-23, nan 
-79.875, 63.625, 1.244114164865124e-23, nan 
-79.625, 63.625, 1.0975573753532932e-23, nan 
-79.375, 63.625, 8.865040236201127e-24, nan 
-79.125, 63.625, 8.686534671571847e-24, nan 
-78.875, 63.625, 9.953323465189654e-24, nan 
-78.625, 63.625, 1.0981665607513425e-23, nan 
-78.375, 63.625, 1.0205517757433302e-23, nan 
-78.125, 63.625, 8.392370382542927e-24, nan 
-77.875, 63.625, 1.0968519698566309e-23, nan 
-77.625, 63.625, 1.0108869650195424e-23, nan 
-77.375, 63.625, 1.333627619137449e-23, nan 
-77.125, 63.625, 2.0105888954463904e-23, nan 
-76.875, 63.625, 1.8883159397582275e-23, nan 
-76.625, 63.625, 2.0164102264678246e-23, nan 
-76.375, 63.625, 1.612149833872025e-23, nan 
-76.125, 63.625, 1.5666119883799452e-23, nan 
-75.875, 63.625, 1.7235869681246267e-23, nan 
-75.625, 63.625, 1.8133627924344215e-23, nan 
-75.375, 63.625, 1.5385836206744438e-23, nan 
-75.125, 63.625, 1.668826556516618e-23, nan 
-74.875, 63.625, 1.7380265423871697e-23, nan 
-74.625, 63.625, 1.5799356823630292e-23, nan 
-74.375, 63.625, 1.3383318545096022e-23, nan 
-74.125, 63.625, 1.460900179590242e-23, nan 
-73.875, 63.625, 1.7977421082212184e-23, nan 
-73.625, 63.625, 1.7790116001555164e-23, nan 
-73.375, 63.625, 1.9901665870030275e-23, nan 
-73.125, 63.625, 1.846055433868074e-23, nan 
-72.875, 63.625, 1.5852679120860536e-23, nan 
-72.625, 63.625, 1.5297343838634003e-23, nan 
-72.375, 63.625, 1.799370397490858e-23, nan 
-72.125, 63.625, 1.632432363220991e-23, nan 
-71.875, 63.625, 1.304781018370599e-23, nan 
-71.625, 63.625, 1.2769639401777029e-23, nan 
-71.375, 63.625, 1.2828827691183459e-23, nan 
-71.125, 63.625, 1.673939242069184e-23, nan 
-70.875, 63.625, 1.27559537769495e-23, nan 
-70.625, 63.625, 1.4652726269734315e-23, nan 
-70.375, 63.625, 1.870550789154319e-23, nan 
-70.125, 63.625, 1.9372892503995303e-23, nan 
-69.875, 63.625, 1.7396825349524957e-23, nan 
-69.625, 63.625, 1.327266734561726e-23, nan 
-69.375, 63.625, 1.2244958456813772e-23, nan 
-69.125, 63.625, 1.5237505504549566e-23, nan 
-68.875, 63.625, 1.7879772837209617e-23, nan 
-68.625, 63.625, 2.0652808083499615e-23, nan 
-68.375, 63.625, 1.5346019102686975e-23, nan 
-68.125, 63.625, 1.9345968192995636e-23, nan 
-67.875, 63.625, 1.8260827828703454e-22, nan 
-67.625, 63.625, 3.563811950805494e-23, nan 
-67.375, 63.625, 3.1649935338728164e-23, nan 
-67.125, 63.625, 2.9753762499453485e-23, nan 
-66.875, 63.625, 3.3307414284615416e-23, nan 
-66.625, 63.625, 2.7950110364279906e-23, nan 
-66.375, 63.625, 2.8467737404436055e-23, nan 
-66.125, 63.625, 2.4992222092447716e-23, nan 
-65.875, 63.625, 2.2721038211367468e-23, nan 
-65.625, 63.625, 2.5752515094460473e-23, nan 
-65.375, 63.625, 1.835260136222897e-23, nan 
-65.125, 63.625, 1.7182407500476578e-23, nan 
-64.875, 63.625, 2.033662942671062e-23, nan 
-64.625, 63.625, 1.655032738512661e-23, nan 
-64.375, 63.625, 1.3829649076218414e-22, nan 
-64.125, 63.625, 2.9149725133606297e-22, nan 
-63.875, 63.625, 4.2964318931979285e-23, nan 
-63.625, 63.625, 4.393331791769852e-23, nan 
-63.375, 63.625, 4.370169131144874e-23, nan 
-63.125, 63.625, 2.9608389796969065e-23, nan 
-62.875, 63.625, 4.601731634331423e-23, nan 
-62.625, 63.625, 4.2106252861027804e-23, nan 
-62.375, 63.625, 3.373917341434822e-23, nan 
-62.125, 63.625, 3.2651841815679497e-23, nan 
-61.875, 63.625, 3.087052746426016e-23, nan 
-61.625, 63.625, 2.802957510590229e-23, nan 
-61.375, 63.625, 2.810800040992209e-23, nan 
-61.125, 63.625, 2.6409609048411307e-23, nan 
-60.875, 63.625, 3.135609309968271e-23, nan 
-60.625, 63.625, 2.879072846404808e-23, nan 
-60.375, 63.625, 2.1925114562687955e-23, nan 
-60.125, 63.625, 2.082577560268695e-23, nan 
-59.875, 63.625, 2.5470172096019418e-23, nan 
-59.625, 63.625, 3.0108105042765325e-23, nan 
-59.375, 63.625, 2.441976446168727e-23, nan 
-59.125, 63.625, 3.1375228001405297e-23, nan 
-58.875, 63.625, 5.706470571797251e-23, nan 
-58.625, 63.625, 5.74358778906135e-23, nan 
-58.375, 63.625, 3.9639575454743454e-23, nan 
-58.125, 63.625, 4.588684039902422e-23, nan 
-57.875, 63.625, 4.410004225257405e-23, nan 
-57.625, 63.625, 3.5876049551465914e-23, nan 
-57.375, 63.625, 3.2586520034310777e-23, nan 
-57.125, 63.625, 2.4824294682683966e-23, nan 
-56.875, 63.625, 2.311468678137479e-23, nan 
-56.625, 63.625, 2.038355203292068e-23, nan 
-56.375, 63.625, 3.1813125755429186e-23, nan 
-56.125, 63.625, 4.2045608909688337e-23, nan 
-55.875, 63.625, 2.9836485078273487e-23, nan 
-55.625, 63.625, 3.758816882245687e-23, nan 
-55.375, 63.625, 4.4132284563921845e-23, nan 
-55.125, 63.625, 3.8642983794634195e-23, nan 
-54.875, 63.625, 3.032517670138944e-23, nan 
-54.625, 63.625, 2.5795586226718294e-23, nan 
-54.375, 63.625, 4.483159592957775e-23, nan 
-54.125, 63.625, 4.3632457217304014e-23, nan 
-53.875, 63.625, 3.6907932066742265e-23, nan 
-53.625, 63.625, 2.5850007003773332e-23, nan 
-53.375, 63.625, 2.8426033556379717e-23, nan 
-53.125, 63.625, 2.475810563310696e-23, nan 
-52.875, 63.625, 1.8998193169671152e-23, nan 
-52.625, 63.625, 2.204740690840097e-23, nan 
-52.375, 63.625, 1.3400385605664028e-23, nan 
-52.125, 63.625, 1.6044818185911288e-23, nan 
-51.875, 63.625, 1.0000060958366705e-23, nan 
-51.625, 63.625, 2.2511911348661132e-23, nan 
-51.375, 63.625, 3.002364044944084e-23, nan 
-51.125, 63.625, 1.0785220418617898e-23, nan 
-50.875, 63.625, 2.520401551610398e-23, nan 
-50.625, 63.625, 4.381218517553797e-23, nan 
-50.375, 63.625, 9.221719510919902e-23, nan 
-50.125, 63.625, 8.587216989840051e-23, nan 
-49.875, 63.625, 8.432059553994144e-23, nan 
-49.625, 63.625, 9.055803396750761e-23, nan 
-49.375, 63.625, 6.935800517746835e-23, nan 
-49.125, 63.625, 4.7735331218108256e-23, nan 
-48.875, 63.625, 3.72037385844919e-23, nan 
-48.625, 63.625, 4.888578499497138e-23, nan 
-48.375, 63.625, 3.0023746408237855e-23, nan 
-48.125, 63.625, 3.0771590977341424e-23, nan 
-47.875, 63.625, 4.468384629409084e-23, nan 
-47.625, 63.625, 3.4446479220118213e-23, nan 
-47.375, 63.625, 3.3197867402335256e-23, nan 
-47.125, 63.625, 4.696471661034e-23, nan 
-46.875, 63.625, 6.747350508663583e-23, nan 
-46.625, 63.625, 6.42151697910134e-23, nan 
-46.375, 63.625, 1.0318761232423271e-22, nan 
-46.125, 63.625, 7.029684190192218e-23, nan 
-45.875, 63.625, 5.230108661122758e-23, nan 
-45.625, 63.625, 5.464141091484e-23, nan 
-45.375, 63.625, 3.969055777348843e-23, nan 
-45.125, 63.625, 4.0405105302665923e-23, nan 
-44.875, 63.625, 3.331414200557324e-23, nan 
-44.625, 63.625, 1.473686660239899e-23, nan 
-44.375, 63.625, 3.043860448061375e-23, nan 
-44.125, 63.625, 2.174482387181426e-23, nan 
-43.875, 63.625, 2.746072573928647e-23, nan 
-43.625, 63.625, 4.670512539229031e-23, nan 
-43.375, 63.625, 5.7266936590600335e-24, nan 
-43.125, 63.625, 3.23183439705412e-23, nan 
-42.875, 63.625, 3.1714666014590724e-23, nan 
-42.625, 63.625, 3.3743718906854196e-23, nan 
-42.375, 63.625, 7.55409550399546e-23, nan 
-42.125, 63.625, 1.4098284108072755e-22, nan 
-41.875, 63.625, 6.797244380975953e-23, nan 
-41.625, 63.625, 8.042729453279025e-23, nan 
-41.375, 63.625, 7.934988467089505e-23, nan 
-41.125, 63.625, 1.4116932435454956e-22, nan 
-40.875, 63.625, 3.578612592178193e-23, nan 
-40.625, 63.625, 9.31302285930308e-23, nan 
-40.375, 63.625, 3.035023136481345e-22, nan 
-40.125, 63.625, 7.6205234542748e-23, nan 
-39.875, 63.625, 7.667435153227645e-23, nan 
-39.625, 63.625, 1.453295555379742e-22, nan 
-39.375, 63.625, 2.939274953912705e-23, nan 
-39.125, 63.625, 6.906070815534694e-23, nan 
-38.875, 63.625, 5.208362173755627e-23, nan 
-38.625, 63.625, 5.910165559782587e-23, nan 
-38.375, 63.625, 8.421649858781919e-23, nan 
-38.125, 63.625, 6.211580560924433e-23, nan 
-37.875, 63.625, 7.010899406370665e-23, nan 
-37.625, 63.625, 5.514393586389677e-23, nan 
-37.375, 63.625, 6.03668018373288e-23, nan 
-37.125, 63.625, 6.5568209584193e-23, nan 
-36.875, 63.625, 6.361933143916643e-23, nan 
-36.625, 63.625, 6.305520392222824e-23, nan 
-36.375, 63.625, 6.309148443115658e-23, nan 
-36.125, 63.625, 6.2619544985905e-23, nan 
-35.875, 63.625, 3.468686550166845e-23, nan 
-35.625, 63.625, 2.1100118615926804e-23, nan 
-35.375, 63.625, 3.75195234480525e-23, nan 
-35.125, 63.625, 3.2469468175845256e-23, nan 
-34.875, 63.625, 3.631151406730962e-23, nan 
-34.625, 63.625, 1.8740971951174743e-23, nan 
-34.375, 63.625, 2.589478467108148e-23, nan 
-34.125, 63.625, 8.974856879628031e-23, nan 
-33.875, 63.625, 5.555353326146596e-23, nan 
-33.625, 63.625, 2.257483739486778e-23, nan 
-33.375, 63.625, 1.9450804989403178e-22, nan 
-33.125, 63.625, 1.3898656370029812e-22, nan 
-32.875, 63.625, 5.0264043755712e-23, nan 
-32.625, 63.625, 1.2119950887296179e-22, nan 
-32.375, 63.625, 9.639087183418588e-23, nan 
-32.125, 63.625, 6.839419156942586e-23, nan 
-31.875, 63.625, 3.572680176727048e-23, nan 
-31.625, 63.625, 2.870648741252422e-23, nan 
-31.375, 63.625, 1.2147936077224207e-22, nan 
-31.125, 63.625, 9.137551212589026e-23, nan 
-30.875, 63.625, 7.780306411835059e-23, nan 
-30.625, 63.625, 1.066271056533494e-22, nan 
-30.375, 63.625, 1.1754606605954588e-22, nan 
-30.125, 63.625, 8.128041007558148e-23, nan 
-29.875, 63.625, 4.956482189703429e-23, nan 
-29.625, 63.625, 5.40586742253847e-23, nan 
-29.375, 63.625, 7.770262450230361e-23, nan 
-29.125, 63.625, 5.426934542695114e-23, nan 
-28.875, 63.625, 4.027637168203505e-23, nan 
-28.625, 63.625, 2.3915172181868802e-23, nan 
-28.375, 63.625, 4.000302233125972e-23, nan 
-28.125, 63.625, 2.831062409310898e-23, nan 
-27.875, 63.625, 3.6638154474926445e-23, nan 
-27.625, 63.625, 3.7616262926825384e-23, nan 
-27.375, 63.625, 3.9946289182803095e-23, nan 
-27.125, 63.625, 3.56267985964011e-23, nan 
-26.875, 63.625, 2.608788840305199e-23, nan 
-26.625, 63.625, 4.171068246146655e-23, nan 
-26.375, 63.625, 6.355294912610825e-23, nan 
-26.125, 63.625, 4.757221608181439e-23, nan 
-25.875, 63.625, 8.841183582862092e-23, nan 
-25.625, 63.625, 7.710105011762354e-23, nan 
-25.375, 63.625, 6.385198486684662e-23, nan 
-25.125, 63.625, 1.0768643178292157e-22, nan 
-24.875, 63.625, 8.578858164636489e-23, nan 
-24.625, 63.625, 7.439764770528204e-23, nan 
-24.375, 63.625, 5.620265575915397e-23, nan 
-24.125, 63.625, 7.589208274217853e-23, nan 
-23.875, 63.625, 8.996841536977006e-23, nan 
-23.625, 63.625, 6.678939785621604e-23, nan 
-23.375, 63.625, 9.899468794296868e-23, nan 
-23.125, 63.625, 1.0709673473158898e-22, nan 
-22.875, 63.625, 1.079132573287871e-22, nan 
-22.625, 63.625, 8.242603103401073e-23, nan 
-22.375, 63.625, 8.205465586743533e-23, nan 
-22.125, 63.625, 1.33965796189522e-22, nan 
-21.875, 63.625, 1.0206171020438003e-22, nan 
-21.625, 63.625, 7.476730294016063e-23, nan 
-21.375, 63.625, 9.712699349842794e-23, nan 
-21.125, 63.625, 7.571649040074536e-23, nan 
-20.875, 63.625, 1.9181287799981435e-22, nan 
-20.625, 63.625, 1.5490388275163739e-22, nan 
-20.375, 63.625, 1.393225587212675e-22, nan 
-20.125, 63.625, 9.89831763505246e-23, nan 
-19.875, 63.625, 4.748914717903571e-23, nan 
-19.625, 63.625, 5.372745497006486e-23, nan 
-19.375, 63.625, 2.0829087930153315e-23, nan 
-19.125, 63.625, 3.424745574473039e-23, nan 
-18.875, 63.625, 4.9426438165570695e-23, nan 
-18.625, 63.625, 5.210486769690828e-23, nan 
-18.375, 63.625, 2.7145693384969866e-23, nan 
-18.125, 63.625, 2.8783289890619214e-23, nan 
-17.875, 63.625, 6.32945636180572e-23, nan 
-17.625, 63.625, 1.1007776711712975e-22, nan 
-17.375, 63.625, 1.450058303530408e-22, nan 
-17.125, 63.625, 5.737088346133071e-23, nan 
-16.875, 63.625, 6.582189075637324e-23, nan 
-16.625, 63.625, 1.4154546600753662e-22, nan 
-16.375, 63.625, 5.623867171204638e-23, nan 
-16.125, 63.625, 1.3079645748764175e-22, nan 
-15.875, 63.625, 5.979555717870366e-23, nan 
-15.625, 63.625, 4.142635780431407e-23, nan 
-15.375, 63.625, 1.4626658499104273e-22, nan 
-15.125, 63.625, 4.403180181594842e-23, nan 
-14.875, 63.625, 7.56181880586249e-23, nan 
-14.625, 63.625, 1.554938520274419e-22, nan 
-14.375, 63.625, 9.920769173672499e-23, nan 
-14.125, 63.625, 1.3018028868668474e-22, nan 
-13.875, 63.625, 2.5521891357041686e-22, nan 
-13.625, 63.625, 1.680822232564576e-22, nan 
-13.375, 63.625, 2.123885605314163e-22, nan 
-13.125, 63.625, 1.7811885056367383e-22, nan 
-12.875, 63.625, 1.7137201669037603e-22, nan 
-12.625, 63.625, 1.6436435497118557e-22, nan 
-12.375, 63.625, 1.4346846083126447e-22, nan 
-12.125, 63.625, 1.6333164292559442e-22, nan 
-11.875, 63.625, 1.750372513377851e-22, nan 
-11.625, 63.625, 3.6483717225182865e-22, nan 
-11.375, 63.625, 4.398186255199951e-22, nan 
-11.125, 63.625, 4.2251090640919914e-22, nan 
-10.875, 63.625, 5.128960821430191e-22, nan 
-10.625, 63.625, 4.871554884454932e-22, nan 
-10.375, 63.625, 6.677834023795173e-22, nan 
-10.125, 63.625, 4.433380483634693e-22, nan 
-9.875, 63.625, 4.741210945947679e-22, nan 
-9.625, 63.625, 5.980235570132061e-22, nan 
-9.375, 63.625, 4.249857081785852e-22, nan 
-9.125, 63.625, 6.756986548308691e-22, nan 
-8.875, 63.625, 1.0634692537837332e-21, nan 
-8.625, 63.625, 6.782411070340871e-22, nan 
-8.375, 63.625, 1.0654227284170823e-21, nan 
-8.125, 63.625, 1.3669614903167154e-21, nan 
-7.875, 63.625, 9.592944018228456e-22, nan 
-7.625, 63.625, 7.622744265449111e-22, nan 
-7.375, 63.625, 5.929869363973911e-22, nan 
-7.125, 63.625, 4.03262134743023e-22, nan 
-6.875, 63.625, 1.675275310724286e-22, nan 
-6.625, 63.625, 1.5449830629709006e-22, nan 
-6.375, 63.625, 1.5647507694866919e-22, nan 
-6.125, 63.625, 8.603032070356013e-23, nan 
-5.875, 63.625, 6.144630083982012e-23, nan 
-5.625, 63.625, 5.932537059676444e-23, nan 
-5.375, 63.625, 1.1424750922340558e-22, nan 
-5.125, 63.625, 1.5372633282345083e-22, nan 
-4.875, 63.625, 6.065396099797545e-23, nan 
-4.625, 63.625, 3.544923448167227e-23, nan 
-4.375, 63.625, 4.508642651059709e-23, nan 
-4.125, 63.625, 4.142166154997825e-23, nan 
-3.875, 63.625, 6.832592552299363e-23, nan 
-3.625, 63.625, 2.932367848189619e-23, nan 
-3.375, 63.625, 4.138564311969613e-23, nan 
-3.125, 63.625, 4.1395524290243267e-23, nan 
-2.875, 63.625, 4.788772599676055e-23, nan 
-2.625, 63.625, 7.250281219594922e-23, nan 
-2.375, 63.625, 5.085844701803151e-23, nan 
-2.125, 63.625, 7.083931403093548e-23, nan 
-1.875, 63.625, 3.0184312993042546e-23, nan 
-1.625, 63.625, 2.0285944654817077e-23, nan 
-1.375, 63.625, 6.264193571103475e-23, nan 
-1.125, 63.625, 6.236946917948648e-23, nan 
-0.875, 63.625, 4.698808496145622e-23, nan 
-0.625, 63.625, 3.7632739053097765e-23, nan 
-0.375, 63.625, 2.7872182265580754e-23, nan 
-0.125, 63.625, 5.0419549762725017e-23, nan 
0.125, 63.625, 2.940546934521318e-23, nan 
0.375, 63.625, 3.1904735033416214e-23, nan 
0.625, 63.625, 9.313120906592221e-23, nan 
0.875, 63.625, 3.711479255165658e-23, nan 
1.125, 63.625, 4.677892475613692e-23, nan 
1.375, 63.625, 4.288225467324943e-23, nan 
1.625, 63.625, 4.0419756421229984e-23, nan 
1.875, 63.625, 3.9872273835834066e-23, nan 
2.125, 63.625, 4.625773200937986e-23, nan 
2.375, 63.625, 3.8475928218564966e-23, nan 
2.625, 63.625, 1.3379107903147314e-23, nan 
2.875, 63.625, 4.06112899545931e-23, nan 
3.125, 63.625, 1.977560881642622e-23, nan 
3.375, 63.625, 2.810254236565629e-23, nan 
3.625, 63.625, 3.365760547093928e-23, nan 
3.875, 63.625, 3.220514064549914e-23, nan 
4.125, 63.625, 4.876574705989844e-23, nan 
4.375, 63.625, 5.125084363748279e-23, nan 
4.625, 63.625, 7.700853011595641e-23, nan 
4.875, 63.625, 7.281857576436402e-23, nan 
5.125, 63.625, 8.393502285303941e-23, nan 
5.375, 63.625, 6.248380286407033e-23, nan 
5.625, 63.625, 5.268125341776329e-23, nan 
5.875, 63.625, 1.466409226396534e-23, nan 
6.125, 63.625, 2.544544905581661e-23, nan 
6.375, 63.625, 3.449678566806143e-23, nan 
6.625, 63.625, 2.6202011649358426e-23, nan 
6.875, 63.625, 3.375819268215151e-23, nan 
7.125, 63.625, 3.556817735580373e-23, nan 
7.375, 63.625, 3.16610123875374e-23, nan 
7.625, 63.625, 2.4537130358742277e-23, nan 
7.875, 63.625, 4.5600806038363874e-23, nan 
8.125, 63.625, 3.794316611971369e-23, nan 
8.375, 63.625, 5.0141967163310995e-23, nan 
8.625, 63.625, 4.273517292418899e-23, nan 
8.875, 63.625, 3.4601573863342116e-23, nan 
9.125, 63.625, 6.075602702203938e-23, nan 
9.375, 63.625, 3.107552366272223e-22, nan 
9.625, 63.625, 2.612847328581881e-22, nan 
9.875, 63.625, 8.407982177871136e-22, nan 
10.125, 63.625, 1.1904360568056674e-21, nan 
10.375, 63.625, 7.107763404780951e-22, nan 
10.625, 63.625, 1.46943599158943e-21, nan 
10.875, 63.625, 1.6052934243975246e-21, nan 
11.125, 63.625, 1.2930064502423322e-21, nan 
11.375, 63.625, 1.17751830974951e-21, nan 
11.625, 63.625, 8.79984227013429e-22, nan 
11.875, 63.625, 7.531185622606131e-22, nan 
12.125, 63.625, 6.46349675723743e-22, nan 
12.375, 63.625, 3.201094873182025e-22, nan 
12.625, 63.625, 1.187686830588156e-22, nan 
12.875, 63.625, 4.319522622109249e-23, nan 
13.125, 63.625, 3.072323677556333e-23, nan 
13.375, 63.625, 3.3440994916684315e-23, nan 
13.625, 63.625, 1.803755309730607e-23, nan 
13.875, 63.625, 1.7734645587357356e-23, nan 
14.125, 63.625, 4.1121225912788485e-23, nan 
14.375, 63.625, 2.6468965977584284e-23, nan 
14.625, 63.625, 1.9550594840956905e-23, nan 
14.875, 63.625, 3.2781978872037115e-23, nan 
15.125, 63.625, 2.9332830510287795e-23, nan 
15.375, 63.625, 1.7042309076291227e-23, nan 
15.625, 63.625, 1.8949426411428614e-23, nan 
15.875, 63.625, 2.272966082538051e-23, nan 
16.125, 63.625, 2.6725618810316247e-23, nan 
16.375, 63.625, 3.5823573306346017e-23, nan 
16.625, 63.625, 3.2738853477035864e-23, nan 
16.875, 63.625, 2.4939536933449273e-23, nan 
17.125, 63.625, 2.1673243676825587e-23, nan 
17.375, 63.625, 2.5089226947671267e-23, nan 
17.625, 63.625, 3.0067661001566224e-23, nan 
17.875, 63.625, 2.041597444835586e-23, nan 
18.125, 63.625, 1.6794336761330216e-23, nan 
18.375, 63.625, 1.8790520882741904e-23, nan 
18.625, 63.625, 1.9290924749823302e-23, nan 
18.875, 63.625, 1.6891930171791387e-23, nan 
19.125, 63.625, 1.7137439818832438e-23, nan 
19.375, 63.625, 2.608908041739766e-23, nan 
19.625, 63.625, 2.1307761331976515e-23, nan 
19.875, 63.625, 1.8777550988966696e-23, nan 
20.125, 63.625, 1.4664723619944296e-23, nan 
20.375, 63.625, 1.14543074883036e-23, nan 
20.625, 63.625, 1.953918461248813e-23, nan 
20.875, 63.625, 2.156294956603823e-23, nan 
21.125, 63.625, 1.5547470511195448e-23, nan 
21.375, 63.625, 1.963777411619793e-23, nan 
21.625, 63.625, 1.0870540655902222e-23, nan 
21.875, 63.625, 1.2246072117897347e-23, nan 
22.125, 63.625, 9.45698621701344e-24, nan 
22.375, 63.625, 8.268798704429063e-24, nan 
22.625, 63.625, 9.982548021773265e-24, nan 
22.875, 63.625, 7.541337419564356e-24, nan 
23.125, 63.625, 6.218397307230562e-24, nan 
23.375, 63.625, 1.1023725626473138e-23, nan 
23.625, 63.625, 1.0118792444246665e-23, nan 
23.875, 63.625, 1.0701547939820672e-23, nan 
24.125, 63.625, 1.0289783854493632e-23, nan 
24.375, 63.625, 9.835720775105247e-24, nan 
24.625, 63.625, 1.0491374187922843e-23, nan 
24.875, 63.625, 7.77540290393584e-24, nan 
25.125, 63.625, 5.60817635664085e-24, nan 
25.375, 63.625, 4.703862244906212e-24, nan 
25.625, 63.625, 5.613749185289045e-24, nan 
25.875, 63.625, 1.4102917056489978e-23, nan 
26.125, 63.625, 1.945514213305446e-23, nan 
26.375, 63.625, 2.0743379770152364e-23, nan 
26.625, 63.625, 1.2543809332618551e-23, nan 
26.875, 63.625, 1.3497555980951683e-23, nan 
27.125, 63.625, 6.131764406371091e-24, nan 
27.375, 63.625, 1.0575126877988842e-23, nan 
27.625, 63.625, 1.771149580827844e-23, nan 
27.875, 63.625, 1.752254855520639e-23, nan 
28.125, 63.625, 1.1919199475507011e-23, nan 
28.375, 63.625, 9.787596510133081e-24, nan 
28.625, 63.625, 9.86999337152289e-24, nan 
28.875, 63.625, 6.82759921212678e-24, nan 
29.125, 63.625, 5.029823601227509e-24, nan 
29.375, 63.625, 7.45206330930884e-24, nan 
29.625, 63.625, 7.13511318047013e-24, nan 
29.875, 63.625, 3.890451296638706e-24, nan 
30.125, 63.625, 2.851451945034518e-24, nan 
30.375, 63.625, 7.084737885422052e-24, nan 
30.625, 63.625, 1.0094256419952736e-23, nan 
30.875, 63.625, 1.0661531262344358e-23, nan 
31.125, 63.625, 8.3292443955465e-24, nan 
31.375, 63.625, 1.127038876125088e-23, nan 
31.625, 63.625, 1.1430640328170473e-23, nan 
31.875, 63.625, 8.305394996767838e-24, nan 
32.125, 63.625, 1.1286519611756584e-23, nan 
32.375, 63.625, 1.0858606473837928e-23, nan 
32.625, 63.625, 6.802887335475012e-24, nan 
32.875, 63.625, 4.6494954444569266e-24, nan 
33.125, 63.625, 4.809071678433886e-24, nan 
33.375, 63.625, 4.580481252544442e-24, nan 
33.625, 63.625, 6.60936596610258e-24, nan 
33.875, 63.625, 6.961904341913955e-24, nan 
34.125, 63.625, 6.372390207044447e-24, nan 
34.375, 63.625, 7.436717925033409e-24, nan 
34.625, 63.625, 4.214019759451063e-24, nan 
34.875, 63.625, 3.529896337140817e-24, nan 
35.125, 63.625, 4.950284961955018e-24, nan 
35.375, 63.625, 4.465914541699068e-24, nan 
35.625, 63.625, 4.8097505892432314e-24, nan 
35.875, 63.625, 5.967568537882211e-24, nan 
36.125, 63.625, 8.907999796323418e-24, nan 
36.375, 63.625, 4.6892669034106296e-24, nan 
36.625, 63.625, 5.661718200967932e-24, nan 
36.875, 63.625, 6.357597925234649e-24, nan 
37.125, 63.625, 3.1483731545940918e-24, nan 
37.375, 63.625, 3.4186616919581044e-24, nan 
37.625, 63.625, 5.868984526535278e-24, nan 
37.875, 63.625, 3.472036468393948e-24, nan 
38.125, 63.625, 6.288476218612466e-24, nan 
38.375, 63.625, 7.148989547181747e-24, nan 
38.625, 63.625, 5.862607453874776e-24, nan 
38.875, 63.625, 7.552496931471777e-24, nan 
39.125, 63.625, 9.744415552752453e-24, nan 
39.375, 63.625, 1.0631760330956054e-23, nan 
39.625, 63.625, 3.842274242181054e-24, nan 
39.875, 63.625, 5.443893875455007e-24, nan 
40.125, 63.625, 5.140874815391848e-24, nan 
40.375, 63.625, 2.8857893910297806e-24, nan 
40.625, 63.625, 2.118958154001098e-24, nan 
40.875, 63.625, 2.4557992994517554e-24, nan 
41.125, 63.625, 2.3108076399263307e-24, nan 
41.375, 63.625, 1.7601924111229488e-24, nan 
41.625, 63.625, 1.5606911258100615e-24, nan 
41.875, 63.625, 1.3675044467217763e-24, nan 
42.125, 63.625, 2.2322870354480542e-24, nan 
42.375, 63.625, 2.5191173640446437e-24, nan 
42.625, 63.625, 2.8582597415028573e-24, nan 
42.875, 63.625, 1.2074075212436452e-24, nan 
43.125, 63.625, 3.326920051733717e-24, nan 
43.375, 63.625, 3.2394268273893735e-24, nan 
43.625, 63.625, 5.688227640477332e-24, nan 
43.875, 63.625, 9.110310303728233e-24, nan 
44.125, 63.625, 4.555703163999385e-24, nan 
44.375, 63.625, 3.8681579577544985e-24, nan 
44.625, 63.625, 3.392354210653364e-24, nan 
44.875, 63.625, 4.569948653933023e-24, nan 
-118.375, 63.875, 1.3334699118070952e-24, nan 
-118.125, 63.875, 1.676286989608903e-24, nan 
-117.875, 63.875, 1.7731294639695802e-24, nan 
-117.625, 63.875, 2.0606644229129827e-24, nan 
-117.375, 63.875, 2.2878756079676484e-24, nan 
-117.125, 63.875, 2.1370361887695006e-24, nan 
-116.875, 63.875, 1.7148805074928532e-24, nan 
-116.625, 63.875, 2.0057999706303964e-24, nan 
-116.375, 63.875, 2.079221793662813e-24, nan 
-116.125, 63.875, 1.9262656384117698e-24, nan 
-115.875, 63.875, 1.9344288653295563e-24, nan 
-115.625, 63.875, 1.9564194127263764e-24, nan 
-115.375, 63.875, 2.256363413566619e-24, nan 
-115.125, 63.875, 2.171367838509562e-24, nan 
-114.875, 63.875, 2.470858246647306e-24, nan 
-114.625, 63.875, 3.584170801386197e-24, nan 
-114.375, 63.875, 4.002491906202878e-24, nan 
-114.125, 63.875, 2.3282493481414355e-24, nan 
-113.875, 63.875, 2.3264142289897118e-24, nan 
-113.625, 63.875, 2.0866420682945544e-24, nan 
-113.375, 63.875, 2.159381426597984e-24, nan 
-113.125, 63.875, 2.6995993892589624e-24, nan 
-112.875, 63.875, 2.7802262625910993e-24, nan 
-112.625, 63.875, 3.083217686297552e-24, nan 
-112.375, 63.875, 3.2808690291985268e-24, nan 
-112.125, 63.875, 2.5542966527952545e-24, nan 
-111.875, 63.875, 2.4757568778538267e-24, nan 
-111.625, 63.875, 2.684844969116663e-24, nan 
-111.375, 63.875, 2.9240378191784165e-24, nan 
-111.125, 63.875, 2.850648665931679e-24, nan 
-110.875, 63.875, 2.8035806760553064e-24, nan 
-110.625, 63.875, 2.944790457355843e-24, nan 
-110.375, 63.875, 2.4302435688046412e-24, nan 
-110.125, 63.875, 2.1739410795626405e-24, nan 
-109.875, 63.875, 1.3388551039664687e-24, nan 
-109.625, 63.875, 8.180034863961686e-24, nan 
-109.375, 63.875, 1.6355164989964118e-24, nan 
-109.125, 63.875, 9.886711287271272e-25, nan 
-108.875, 63.875, 1.3346071338353795e-24, nan 
-108.625, 63.875, 2.7697711120892105e-24, nan 
-108.375, 63.875, 2.837407620119456e-24, nan 
-108.125, 63.875, 2.7104257803154675e-24, nan 
-107.875, 63.875, 2.9353783409944046e-24, nan 
-107.625, 63.875, 3.0063594863216536e-24, nan 
-107.375, 63.875, 2.697391583199824e-24, nan 
-107.125, 63.875, 2.5072998961736963e-24, nan 
-106.875, 63.875, 2.6453081530358988e-24, nan 
-106.625, 63.875, 2.7200114458623113e-24, nan 
-106.375, 63.875, 2.6689204987414076e-24, nan 
-106.125, 63.875, 2.552285019129327e-24, nan 
-105.875, 63.875, 2.267883724394505e-24, nan 
-105.625, 63.875, 2.580664266580316e-24, nan 
-105.375, 63.875, 2.74925546607018e-24, nan 
-105.125, 63.875, 2.5895486239235824e-24, nan 
-104.875, 63.875, 2.5654181211532635e-24, nan 
-104.625, 63.875, 2.9653880836515454e-24, nan 
-104.375, 63.875, 3.059792723984708e-24, nan 
-104.125, 63.875, 3.0423767860326186e-24, nan 
-103.875, 63.875, 2.4254233966396665e-24, nan 
-103.625, 63.875, 2.4863164466339887e-24, nan 
-103.375, 63.875, 2.563809135190063e-24, nan 
-103.125, 63.875, 2.4435402822536748e-24, nan 
-102.875, 63.875, 2.5760217082595433e-24, nan 
-102.625, 63.875, 2.9338751921104516e-24, nan 
-102.375, 63.875, 2.9394167477767234e-24, nan 
-102.125, 63.875, 3.408126657364866e-24, nan 
-101.875, 63.875, 3.0121703758864254e-24, nan 
-101.625, 63.875, 3.4537590306131665e-24, nan 
-101.375, 63.875, 4.190072793145135e-24, nan 
-101.125, 63.875, 2.8920324565333903e-24, nan 
-100.875, 63.875, 2.882743464965076e-24, nan 
-100.625, 63.875, 3.1164832074665103e-24, nan 
-100.375, 63.875, 2.6641992985947203e-24, nan 
-100.125, 63.875, 2.3712203033002712e-24, nan 
-99.875, 63.875, 2.641533485563303e-24, nan 
-99.625, 63.875, 2.5240735515180996e-24, nan 
-99.375, 63.875, 2.3063529959016762e-24, nan 
-99.125, 63.875, 3.64401839500823e-24, nan 
-98.875, 63.875, 2.943022062062901e-24, nan 
-98.625, 63.875, 3.0411200926898263e-24, nan 
-98.375, 63.875, 8.33322077680042e-24, nan 
-98.125, 63.875, 6.419828539527983e-24, nan 
-97.875, 63.875, 2.916604497135925e-24, nan 
-97.625, 63.875, 5.1160516937830455e-24, nan 
-97.375, 63.875, 5.92184159768716e-24, nan 
-97.125, 63.875, 3.075173309676952e-24, nan 
-96.875, 63.875, 3.0254692336309653e-24, nan 
-96.625, 63.875, 3.071394797466126e-24, nan 
-96.375, 63.875, 3.3055365372469904e-24, nan 
-96.125, 63.875, 3.747526924722129e-24, nan 
-95.875, 63.875, 4.53037615026552e-24, nan 
-95.625, 63.875, 5.477202221589215e-24, nan 
-95.375, 63.875, 6.01108065472116e-24, nan 
-95.125, 63.875, 6.159378373758847e-24, nan 
-94.875, 63.875, 6.650485382050016e-24, nan 
-94.625, 63.875, 7.229113851034157e-24, nan 
-94.375, 63.875, 7.369624271111267e-24, nan 
-94.125, 63.875, 7.026814851746896e-24, nan 
-93.875, 63.875, 6.836126337806721e-24, nan 
-93.625, 63.875, 7.587542113429606e-24, nan 
-93.375, 63.875, 7.172673277896136e-24, nan 
-93.125, 63.875, 7.541296987288329e-24, nan 
-92.875, 63.875, 7.675741388371799e-24, nan 
-92.625, 63.875, 6.948474832259443e-24, nan 
-92.375, 63.875, 7.475768266024336e-24, nan 
-92.125, 63.875, 7.188268179400703e-24, nan 
-91.875, 63.875, 5.944220041036173e-24, nan 
-91.625, 63.875, 5.855617154471585e-24, nan 
-91.375, 63.875, 4.257467184639757e-24, nan 
-91.125, 63.875, 8.552358678800758e-24, nan 
-90.875, 63.875, 6.707214642945136e-24, nan 
-90.625, 63.875, 7.583532371027219e-24, nan 
-90.375, 63.875, 7.581556647897146e-24, nan 
-90.125, 63.875, 6.5175781872715976e-24, nan 
-89.875, 63.875, 5.856922615013345e-24, nan 
-89.625, 63.875, 5.073089423236181e-24, nan 
-89.375, 63.875, 6.721311768985687e-24, nan 
-89.125, 63.875, 7.406080496612932e-24, nan 
-88.875, 63.875, 7.297970176592592e-24, nan 
-88.625, 63.875, 7.08951492922007e-24, nan 
-88.375, 63.875, 9.781814198870567e-24, nan 
-88.125, 63.875, 8.827717332450198e-24, nan 
-87.875, 63.875, 8.292371157429339e-24, nan 
-87.625, 63.875, 6.918637315359372e-24, nan 
-87.375, 63.875, 1.1134215122498055e-23, nan 
-87.125, 63.875, 1.0277527901231062e-23, nan 
-86.875, 63.875, 8.703982057070627e-24, nan 
-86.625, 63.875, 8.73446408686063e-24, nan 
-86.375, 63.875, 8.85701765441746e-24, nan 
-86.125, 63.875, 8.042987255060671e-24, nan 
-85.875, 63.875, 8.5787882897481e-24, nan 
-85.625, 63.875, 1.0023595929541947e-23, nan 
-85.375, 63.875, 1.2716343692286977e-23, nan 
-85.125, 63.875, 9.49563359422978e-24, nan 
-84.875, 63.875, 1.0163559524173929e-23, nan 
-84.625, 63.875, 1.0117464809295966e-23, nan 
-84.375, 63.875, 9.823926581147187e-24, nan 
-84.125, 63.875, 1.0842270768214865e-23, nan 
-83.875, 63.875, 1.0300286260017693e-23, nan 
-83.625, 63.875, 9.991170017785379e-24, nan 
-83.375, 63.875, 9.195041416930196e-24, nan 
-83.125, 63.875, 7.893482171544411e-24, nan 
-82.875, 63.875, 9.777183839528904e-24, nan 
-82.625, 63.875, 8.596484951081498e-24, nan 
-82.375, 63.875, 1.2043032511611711e-23, nan 
-82.125, 63.875, 1.182178359279144e-23, nan 
-81.875, 63.875, 1.1053247770961665e-23, nan 
-81.625, 63.875, 1.1276774879078118e-23, nan 
-81.375, 63.875, 1.0904253102640471e-23, nan 
-81.125, 63.875, 1.1243065834350102e-23, nan 
-80.875, 63.875, 1.1332640633486739e-23, nan 
-80.625, 63.875, 1.5325451480824535e-23, nan 
-80.375, 63.875, 1.1964613246053865e-23, nan 
-80.125, 63.875, 1.1550437002077934e-23, nan 
-79.875, 63.875, 1.324841329696707e-23, nan 
-79.625, 63.875, 1.232393854829252e-23, nan 
-79.375, 63.875, 1.340293256243795e-23, nan 
-79.125, 63.875, 1.3405205796214034e-23, nan 
-78.875, 63.875, 1.1781848916839195e-23, nan 
-78.625, 63.875, 1.4572219126563913e-23, nan 
-78.375, 63.875, 1.498345571287824e-23, nan 
-78.125, 63.875, 1.2830750091792972e-23, nan 
-77.875, 63.875, 1.2299628109303116e-23, nan 
-77.625, 63.875, 1.1785316163428876e-23, nan 
-77.375, 63.875, 1.5832295832149506e-23, nan 
-77.125, 63.875, 1.722886368919189e-23, nan 
-76.875, 63.875, 1.739823965701879e-23, nan 
-76.625, 63.875, 1.6626756501203705e-23, nan 
-76.375, 63.875, 1.459279006761648e-23, nan 
-76.125, 63.875, 1.291618418214654e-23, nan 
-75.875, 63.875, 1.6921513213441162e-23, nan 
-75.625, 63.875, 2.0740740785119906e-23, nan 
-75.375, 63.875, 1.715429037593862e-23, nan 
-75.125, 63.875, 1.4702686275842762e-23, nan 
-74.875, 63.875, 1.6822192040342817e-23, nan 
-74.625, 63.875, 1.7918230202898876e-23, nan 
-74.375, 63.875, 1.6415318205351167e-23, nan 
-74.125, 63.875, 1.8056378760616638e-23, nan 
-73.875, 63.875, 1.6197361442713184e-23, nan 
-73.625, 63.875, 1.6678827777592278e-23, nan 
-73.375, 63.875, 1.7715715947920833e-23, nan 
-73.125, 63.875, 1.827799207251352e-23, nan 
-72.875, 63.875, 1.6930987673779338e-23, nan 
-72.625, 63.875, 1.6367126146852523e-23, nan 
-72.375, 63.875, 1.6191314903451272e-23, nan 
-72.125, 63.875, 1.6476944548512996e-23, nan 
-71.875, 63.875, 1.8957989519483558e-23, nan 
-71.625, 63.875, 1.5730216885490405e-23, nan 
-71.375, 63.875, 1.4602910480928013e-23, nan 
-71.125, 63.875, 1.7967982744820408e-23, nan 
-70.875, 63.875, 2.1069873324346573e-23, nan 
-70.625, 63.875, 1.893796655030638e-23, nan 
-70.375, 63.875, 1.800498907244456e-23, nan 
-70.125, 63.875, 2.1779807640563324e-23, nan 
-69.875, 63.875, 2.2455928800252325e-23, nan 
-69.625, 63.875, 1.9028119729684678e-23, nan 
-69.375, 63.875, 1.567139899492579e-23, nan 
-69.125, 63.875, 1.6910074750856304e-23, nan 
-68.875, 63.875, 2.3853936221895265e-23, nan 
-68.625, 63.875, 1.424263583395504e-22, nan 
-68.375, 63.875, 2.3603762036709286e-23, nan 
-68.125, 63.875, 2.8536974443217256e-23, nan 
-67.875, 63.875, 3.168100195821372e-22, nan 
-67.625, 63.875, 3.9763686440380927e-23, nan 
-67.375, 63.875, 3.4620706973217094e-23, nan 
-67.125, 63.875, 1.3612994555172576e-22, nan 
-66.875, 63.875, 3.751981707983031e-23, nan 
-66.625, 63.875, 3.652634446001357e-23, nan 
-66.375, 63.875, 3.1073604669379524e-23, nan 
-66.125, 63.875, 2.760578270279886e-23, nan 
-65.875, 63.875, 3.1184247256827176e-23, nan 
-65.625, 63.875, 3.3010542137082055e-23, nan 
-65.375, 63.875, 3.0563730191559334e-23, nan 
-65.125, 63.875, 1.0378441815425777e-22, nan 
-64.875, 63.875, 2.170669055235891e-22, nan 
-64.625, 63.875, 4.7305656344411957e-23, nan 
-64.375, 63.875, 2.4045391499961203e-22, nan 
-64.125, 63.875, 5.263213891301276e-22, nan 
-63.875, 63.875, 1.0957354375716576e-22, nan 
-63.625, 63.875, 1.3882267846293588e-22, nan 
-63.375, 63.875, 2.3154439883099184e-22, nan 
-63.125, 63.875, 7.209544572897636e-23, nan 
-62.875, 63.875, 5.570422824522317e-23, nan 
-62.625, 63.875, 4.163565608392196e-23, nan 
-62.375, 63.875, 3.547992099810948e-23, nan 
-62.125, 63.875, 2.7290114296832813e-23, nan 
-61.875, 63.875, 2.2873760213458588e-23, nan 
-61.625, 63.875, 2.2851969762958575e-23, nan 
-61.375, 63.875, 2.315709407612545e-23, nan 
-61.125, 63.875, 1.5622674050550308e-23, nan 
-60.875, 63.875, 1.7520225371753864e-23, nan 
-60.625, 63.875, 2.080776187990233e-23, nan 
-60.375, 63.875, 2.9290574459918665e-23, nan 
-60.125, 63.875, 3.609275724285608e-23, nan 
-59.875, 63.875, 2.583206782183801e-23, nan 
-59.625, 63.875, 3.0982737973525895e-23, nan 
-59.375, 63.875, 3.675666347691282e-23, nan 
-59.125, 63.875, 3.542341298698303e-23, nan 
-58.875, 63.875, 4.629723321490844e-23, nan 
-58.625, 63.875, 4.261842132587016e-23, nan 
-58.375, 63.875, 3.967672890906852e-23, nan 
-58.125, 63.875, 5.79725124815577e-23, nan 
-57.875, 63.875, 3.8793194133444415e-23, nan 
-57.625, 63.875, 3.1835708473645383e-23, nan 
-57.375, 63.875, 5.004363797776179e-23, nan 
-57.125, 63.875, 3.8545053632816164e-23, nan 
-56.875, 63.875, 2.7373932258236417e-23, nan 
-56.625, 63.875, 3.125556126720082e-23, nan 
-56.375, 63.875, 4.3491732790792093e-23, nan 
-56.125, 63.875, 5.2215486199113416e-23, nan 
-55.875, 63.875, 4.774305382037582e-23, nan 
-55.625, 63.875, 3.813978147950986e-23, nan 
-55.375, 63.875, 3.672414668765215e-23, nan 
-55.125, 63.875, 3.7929028484328074e-23, nan 
-54.875, 63.875, 1.7866918919961665e-23, nan 
-54.625, 63.875, 1.3420429155323622e-23, nan 
-54.375, 63.875, 2.648813885745182e-23, nan 
-54.125, 63.875, 2.645666872926615e-23, nan 
-53.875, 63.875, 2.5367380114403507e-23, nan 
-53.625, 63.875, 2.4750448164793812e-23, nan 
-53.375, 63.875, 3.314453935692666e-23, nan 
-53.125, 63.875, 2.764354780619714e-23, nan 
-52.875, 63.875, 3.0450753952834304e-23, nan 
-52.625, 63.875, 5.064455352500182e-23, nan 
-52.375, 63.875, 1.8131609830877458e-23, nan 
-52.125, 63.875, 2.776603278711667e-23, nan 
-51.875, 63.875, 2.588195225878826e-23, nan 
-51.625, 63.875, 1.6579544287000817e-23, nan 
-51.375, 63.875, 3.267476562192648e-23, nan 
-51.125, 63.875, 5.1122839043831855e-23, nan 
-50.875, 63.875, 6.001297524846054e-23, nan 
-50.625, 63.875, 8.40598979498257e-23, nan 
-50.375, 63.875, 9.728660490643853e-23, nan 
-50.125, 63.875, 8.787270650149534e-23, nan 
-49.875, 63.875, 7.108689544293246e-23, nan 
-49.625, 63.875, 2.2897498811881888e-23, nan 
-49.375, 63.875, 3.3053302416577215e-23, nan 
-49.125, 63.875, 3.605677956539165e-23, nan 
-48.875, 63.875, 5.335799525902118e-23, nan 
-48.625, 63.875, 6.657725194120395e-23, nan 
-48.375, 63.875, 4.368017249450329e-23, nan 
-48.125, 63.875, 5.0069653318365626e-23, nan 
-47.875, 63.875, 4.62552297547615e-23, nan 
-47.625, 63.875, 2.2597888795693883e-23, nan 
-47.375, 63.875, 2.3783015126676372e-23, nan 
-47.125, 63.875, 2.871869060621512e-23, nan 
-46.875, 63.875, 6.486040920094259e-23, nan 
-46.625, 63.875, 6.056304926466802e-23, nan 
-46.375, 63.875, 8.542095446015415e-23, nan 
-46.125, 63.875, 6.652926501763407e-23, nan 
-45.875, 63.875, 3.3465686861677933e-23, nan 
-45.625, 63.875, 1.98061939601402e-23, nan 
-45.375, 63.875, 1.6567004833930977e-23, nan 
-45.125, 63.875, 1.7281229598905733e-23, nan 
-44.875, 63.875, 2.66811830004081e-23, nan 
-44.625, 63.875, 3.6603052710971097e-23, nan 
-44.375, 63.875, 2.744760774811901e-23, nan 
-44.125, 63.875, 3.657012903448233e-23, nan 
-43.875, 63.875, 4.562295576336637e-23, nan 
-43.625, 63.875, 6.107078040935727e-23, nan 
-43.375, 63.875, 5.09481376639434e-23, nan 
-43.125, 63.875, 3.3198057996266364e-23, nan 
-42.875, 63.875, 8.991396301718755e-23, nan 
-42.625, 63.875, 1.4637684339284192e-23, nan 
-42.375, 63.875, 1.2396611697054166e-22, nan 
-42.125, 63.875, 2.925790581858968e-22, nan 
-41.875, 63.875, 1.4123972600388072e-22, nan 
-41.625, 63.875, 1.747531657298231e-22, nan 
-41.375, 63.875, 1.564596067182493e-22, nan 
-41.125, 63.875, 8.174941720952294e-23, nan 
-40.875, 63.875, 9.728029938878742e-23, nan 
-40.625, 63.875, 9.062423728714883e-23, nan 
-40.375, 63.875, 2.3249289183202645e-22, nan 
-40.125, 63.875, 4.8159744430048946e-23, nan 
-39.875, 63.875, 6.920934042072168e-23, nan 
-39.625, 63.875, 2.6920329585038865e-23, nan 
-39.375, 63.875, 5.590746115787606e-23, nan 
-39.125, 63.875, 8.71669644651938e-23, nan 
-38.875, 63.875, 6.663930923161644e-23, nan 
-38.625, 63.875, 6.000351556494903e-23, nan 
-38.375, 63.875, 6.94672652405187e-23, nan 
-38.125, 63.875, 9.967084185656256e-23, nan 
-37.875, 63.875, 1.1020453358476554e-22, nan 
-37.625, 63.875, 4.6550083013770006e-23, nan 
-37.375, 63.875, 6.025364503909132e-23, nan 
-37.125, 63.875, 5.023502996971121e-23, nan 
-36.875, 63.875, 4.227648764366783e-23, nan 
-36.625, 63.875, 5.584224358082183e-23, nan 
-36.375, 63.875, 8.126217046028638e-23, nan 
-36.125, 63.875, 5.732299632825441e-23, nan 
-35.875, 63.875, 4.32242842526359e-23, nan 
-35.625, 63.875, 6.315189452567651e-23, nan 
-35.375, 63.875, 3.915053165386502e-23, nan 
-35.125, 63.875, 4.0256157697392e-23, nan 
-34.875, 63.875, 3.8814746916535283e-23, nan 
-34.625, 63.875, 3.93004534084549e-23, nan 
-34.375, 63.875, 5.0770243882327407e-23, nan 
-34.125, 63.875, 5.816855517579653e-23, nan 
-33.875, 63.875, 6.191033653768382e-23, nan 
-33.625, 63.875, 6.313544028905303e-23, nan 
-33.375, 63.875, 1.23637457493164e-22, nan 
-33.125, 63.875, 9.289643307419774e-23, nan 
-32.875, 63.875, 4.8446752005841815e-23, nan 
-32.625, 63.875, 4.462378108452563e-23, nan 
-32.375, 63.875, 3.465387944835043e-23, nan 
-32.125, 63.875, 2.8663657654921405e-23, nan 
-31.875, 63.875, 2.4125673658925168e-23, nan 
-31.625, 63.875, 4.960436424151079e-23, nan 
-31.375, 63.875, 1.0467204780673803e-22, nan 
-31.125, 63.875, 1.166141251456928e-22, nan 
-30.875, 63.875, 6.85214401793388e-23, nan 
-30.625, 63.875, 7.192029312153917e-23, nan 
-30.375, 63.875, 7.038405010352813e-23, nan 
-30.125, 63.875, 6.75134362829113e-23, nan 
-29.875, 63.875, 5.401928041067167e-23, nan 
-29.625, 63.875, 3.757905634192078e-23, nan 
-29.375, 63.875, 1.1332599337662352e-22, nan 
-29.125, 63.875, 6.504945571508444e-23, nan 
-28.875, 63.875, 3.866544247138683e-23, nan 
-28.625, 63.875, 6.850910853497143e-23, nan 
-28.375, 63.875, 5.159836927899258e-23, nan 
-28.125, 63.875, 3.700383333375849e-23, nan 
-27.875, 63.875, 3.3782809596777587e-23, nan 
-27.625, 63.875, 4.282935843687545e-23, nan 
-27.375, 63.875, 3.8558727262989064e-23, nan 
-27.125, 63.875, 3.083784416034928e-23, nan 
-26.875, 63.875, 4.2154403799360576e-23, nan 
-26.625, 63.875, 3.959531347478452e-23, nan 
-26.375, 63.875, 3.2753478331606446e-23, nan 
-26.125, 63.875, 4.072101378621017e-23, nan 
-25.875, 63.875, 2.66988862571156e-23, nan 
-25.625, 63.875, 6.198997491295324e-23, nan 
-25.375, 63.875, 5.679382762445487e-23, nan 
-25.125, 63.875, 1.100067160778605e-22, nan 
-24.875, 63.875, 8.57374472362725e-23, nan 
-24.625, 63.875, 8.87691556399994e-23, nan 
-24.375, 63.875, 1.1306781269988675e-22, nan 
-24.125, 63.875, 8.46378314175883e-23, nan 
-23.875, 63.875, 8.570709995327224e-23, nan 
-23.625, 63.875, 7.38011203394596e-23, nan 
-23.375, 63.875, 9.146882027143156e-23, nan 
-23.125, 63.875, 1.1626867353578065e-22, nan 
-22.875, 63.875, 8.30413809871252e-23, nan 
-22.625, 63.875, 8.26142952540494e-23, nan 
-22.375, 63.875, 1.0737955400898741e-22, nan 
-22.125, 63.875, 1.3284153369672483e-22, nan 
-21.875, 63.875, 4.42209648706992e-23, nan 
-21.625, 63.875, 4.511870874275903e-23, nan 
-21.375, 63.875, 3.101671121825045e-23, nan 
-21.125, 63.875, 5.999101371069823e-23, nan 
-20.875, 63.875, 4.5606326141760934e-23, nan 
-20.625, 63.875, 6.366981849555666e-23, nan 
-20.375, 63.875, 9.215416711388e-23, nan 
-20.125, 63.875, 6.127609769144301e-23, nan 
-19.875, 63.875, 6.466381037466775e-23, nan 
-19.625, 63.875, 6.710759579054487e-23, nan 
-19.375, 63.875, 5.907995018614033e-23, nan 
-19.125, 63.875, 4.6674651283049867e-23, nan 
-18.875, 63.875, 6.697011262982597e-23, nan 
-18.625, 63.875, 4.8503864844323356e-23, nan 
-18.375, 63.875, 8.617776753393032e-23, nan 
-18.125, 63.875, 1.3592412805679945e-22, nan 
-17.875, 63.875, 7.332014662326466e-23, nan 
-17.625, 63.875, 1.9053823296619802e-22, nan 
-17.375, 63.875, 2.281525666235126e-22, nan 
-17.125, 63.875, 9.454108277432476e-23, nan 
-16.875, 63.875, 1.0496598752150405e-22, nan 
-16.625, 63.875, 7.439120462615577e-23, nan 
-16.375, 63.875, 3.4080726595930316e-23, nan 
-16.125, 63.875, 1.5664477745919653e-22, nan 
-15.875, 63.875, 5.929910730624853e-23, nan 
-15.625, 63.875, 3.676248908501928e-23, nan 
-15.375, 63.875, 1.8225929029103794e-22, nan 
-15.125, 63.875, 1.0192738348002817e-22, nan 
-14.875, 63.875, 6.448314840484758e-23, nan 
-14.625, 63.875, 2.89942131534959e-22, nan 
-14.375, 63.875, 2.036842382534116e-22, nan 
-14.125, 63.875, 2.590245178332239e-22, nan 
-13.875, 63.875, 2.810153629571251e-22, nan 
-13.625, 63.875, 3.034932154483342e-22, nan 
-13.375, 63.875, 3.025551269147469e-22, nan 
-13.125, 63.875, 8.422364865919824e-23, nan 
-12.875, 63.875, 1.047313457985674e-22, nan 
-12.625, 63.875, 7.505906349804977e-23, nan 
-12.375, 63.875, 3.1212409205252917e-22, nan 
-12.125, 63.875, 3.732418888200862e-22, nan 
-11.875, 63.875, 4.479520185610698e-22, nan 
-11.625, 63.875, 5.090202906958606e-22, nan 
-11.375, 63.875, 5.77804365646937e-22, nan 
-11.125, 63.875, 7.9379337046440995e-22, nan 
-10.875, 63.875, 7.837828319023067e-22, nan 
-10.625, 63.875, 7.279669864857061e-22, nan 
-10.375, 63.875, 9.968786055527804e-22, nan 
-10.125, 63.875, 6.255027922649746e-22, nan 
-9.875, 63.875, 1.1901461444090471e-21, nan 
-9.625, 63.875, 2.364496604201559e-21, nan 
-9.375, 63.875, 2.4460170195605167e-21, nan 
-9.125, 63.875, 1.9807995270812695e-21, nan 
-8.875, 63.875, 1.8205402249793028e-21, nan 
-8.625, 63.875, 3.0242966540146667e-21, nan 
-8.375, 63.875, 2.4636593428228922e-21, nan 
-8.125, 63.875, 2.0714863037442915e-21, nan 
-7.875, 63.875, 1.020586968734024e-21, nan 
-7.625, 63.875, 1.1820165011799956e-21, nan 
-7.375, 63.875, 1.0763441755858953e-21, nan 
-7.125, 63.875, 1.0017223235914456e-21, nan 
-6.875, 63.875, 1.0837902539940131e-21, nan 
-6.625, 63.875, 8.352470447678399e-22, nan 
-6.375, 63.875, 4.737361550287944e-22, nan 
-6.125, 63.875, 1.4299569796307146e-22, nan 
-5.875, 63.875, 1.0438612245422972e-22, nan 
-5.625, 63.875, 7.812046921420051e-23, nan 
-5.375, 63.875, 1.782774810735618e-22, nan 
-5.125, 63.875, 2.553823937998469e-22, nan 
-4.875, 63.875, 6.833142451001653e-23, nan 
-4.625, 63.875, 9.127951093701244e-23, nan 
-4.375, 63.875, 1.2059131779419503e-22, nan 
-4.125, 63.875, 4.357329882118195e-23, nan 
-3.875, 63.875, 5.597618969720805e-23, nan 
-3.625, 63.875, 3.527486248380329e-23, nan 
-3.375, 63.875, 6.21275759815571e-23, nan 
-3.125, 63.875, 3.7028545043228707e-23, nan 
-2.875, 63.875, 3.6377828670922384e-23, nan 
-2.625, 63.875, 4.821187291705911e-23, nan 
-2.375, 63.875, 7.116957521597038e-23, nan 
-2.125, 63.875, 3.769126655762495e-23, nan 
-1.875, 63.875, 2.845401178387324e-23, nan 
-1.625, 63.875, 1.3309323851698118e-23, nan 
-1.375, 63.875, 4.795093459622541e-23, nan 
-1.125, 63.875, 4.604700929736331e-23, nan 
-0.875, 63.875, 2.1199234659049595e-23, nan 
-0.625, 63.875, 5.1367148119940683e-23, nan 
-0.375, 63.875, 4.7974930453050204e-23, nan 
-0.125, 63.875, 2.4727392354919738e-23, nan 
0.125, 63.875, 3.832722704174604e-23, nan 
0.375, 63.875, 4.346763453389808e-23, nan 
0.625, 63.875, 8.163698473354657e-23, nan 
0.875, 63.875, 5.1721782786079355e-23, nan 
1.125, 63.875, 5.035990070571764e-23, nan 
1.375, 63.875, 5.201497357874825e-23, nan 
1.625, 63.875, 4.0472128895778325e-23, nan 
1.875, 63.875, 4.045982447280036e-23, nan 
2.125, 63.875, 2.995899340686061e-23, nan 
2.375, 63.875, 4.1496788175253694e-23, nan 
2.625, 63.875, 2.2715239815073235e-23, nan 
2.875, 63.875, 4.09170265264247e-23, nan 
3.125, 63.875, 2.965152203131441e-23, nan 
3.375, 63.875, 2.322904116210605e-23, nan 
3.625, 63.875, 4.8659987936031923e-23, nan 
3.875, 63.875, 5.820074639501427e-23, nan 
4.125, 63.875, 9.042623551495316e-23, nan 
4.375, 63.875, 1.1995610100710283e-22, nan 
4.625, 63.875, 8.142510555167507e-23, nan 
4.875, 63.875, 1.2697487665526308e-22, nan 
5.125, 63.875, 1.8382607909957315e-22, nan 
5.375, 63.875, 6.55441505927383e-23, nan 
5.625, 63.875, 5.530393576569376e-23, nan 
5.875, 63.875, 7.19443171190996e-23, nan 
6.125, 63.875, 4.7464897018721084e-23, nan 
6.375, 63.875, 2.7782655285275847e-23, nan 
6.625, 63.875, 2.840025928402439e-23, nan 
6.875, 63.875, 3.651648392326223e-23, nan 
7.125, 63.875, 2.646975745152073e-23, nan 
7.375, 63.875, 3.3235921143887226e-23, nan 
7.625, 63.875, 5.895625649741344e-23, nan 
7.875, 63.875, 6.753952560372285e-23, nan 
8.125, 63.875, 4.887790181185764e-23, nan 
8.375, 63.875, 9.287531522201176e-23, nan 
8.625, 63.875, 7.229609729746529e-23, nan 
8.875, 63.875, 6.850864330607086e-23, nan 
9.125, 63.875, 7.639005831876437e-23, nan 
9.375, 63.875, 1.7309545657442593e-22, nan 
9.625, 63.875, 1.0851869461077202e-22, nan 
9.875, 63.875, 8.038415502066528e-22, nan 
10.125, 63.875, 1.0091402211889448e-21, nan 
10.375, 63.875, 7.152436233969921e-22, nan 
10.625, 63.875, 1.345131646058742e-21, nan 
10.875, 63.875, 1.6662598922513531e-21, nan 
11.125, 63.875, 1.5172056104976169e-21, nan 
11.375, 63.875, 1.057038663999902e-21, nan 
11.625, 63.875, 9.10482975941972e-22, nan 
11.875, 63.875, 8.094366494054662e-22, nan 
12.125, 63.875, 5.8062814204826135e-22, nan 
12.375, 63.875, 4.999033594322749e-23, nan 
12.625, 63.875, 1.2643860903002687e-22, nan 
12.875, 63.875, 3.618122986504551e-23, nan 
13.125, 63.875, 2.772552838624303e-23, nan 
13.375, 63.875, 2.6869795477925794e-23, nan 
13.625, 63.875, 1.876423596971001e-23, nan 
13.875, 63.875, 2.046246033864942e-23, nan 
14.125, 63.875, 3.671189832809231e-23, nan 
14.375, 63.875, 2.713409704332587e-23, nan 
14.625, 63.875, 3.1153948141951513e-23, nan 
14.875, 63.875, 3.215018500639741e-23, nan 
15.125, 63.875, 2.2226013469980502e-23, nan 
15.375, 63.875, 1.9610993065616375e-23, nan 
15.625, 63.875, 3.1805502234352066e-23, nan 
15.875, 63.875, 2.343221276211248e-23, nan 
16.125, 63.875, 2.1814000621117298e-23, nan 
16.375, 63.875, 5.028941822398013e-23, nan 
16.625, 63.875, 4.069555355921427e-23, nan 
16.875, 63.875, 1.8419737423621735e-23, nan 
17.125, 63.875, 2.9839471054093474e-23, nan 
17.375, 63.875, 3.075826622465385e-23, nan 
17.625, 63.875, 2.2226186943930617e-23, nan 
17.875, 63.875, 2.8231211223179216e-23, nan 
18.125, 63.875, 2.6203754709154469e-23, nan 
18.375, 63.875, 2.2052398124224272e-23, nan 
18.625, 63.875, 1.8433124183428256e-23, nan 
18.875, 63.875, 1.6245701708566724e-23, nan 
19.125, 63.875, 1.9682390853814612e-23, nan 
19.375, 63.875, 2.6154831731886722e-23, nan 
19.625, 63.875, 1.7988433397490006e-23, nan 
19.875, 63.875, 1.764730721917693e-23, nan 
20.125, 63.875, 1.0874717111301097e-23, nan 
20.375, 63.875, 7.400578069408973e-24, nan 
20.625, 63.875, 1.4291704323177857e-23, nan 
20.875, 63.875, 1.7587822458119178e-23, nan 
21.125, 63.875, 1.786522129561189e-23, nan 
21.375, 63.875, 2.26090347108976e-23, nan 
21.625, 63.875, 1.508350098463897e-23, nan 
21.875, 63.875, 1.5412345226758246e-23, nan 
22.125, 63.875, 1.5010141844474536e-23, nan 
22.375, 63.875, 1.3759061734930763e-23, nan 
22.625, 63.875, 1.3372554810102986e-23, nan 
22.875, 63.875, 9.10732693065865e-24, nan 
23.125, 63.875, 1.699536606763861e-23, nan 
23.375, 63.875, 3.004034473941659e-23, nan 
23.625, 63.875, 2.3885916595660398e-23, nan 
23.875, 63.875, 1.3480826994796286e-23, nan 
24.125, 63.875, 8.175512718320331e-24, nan 
24.375, 63.875, 7.602371757344349e-24, nan 
24.625, 63.875, 1.3157713307458789e-23, nan 
24.875, 63.875, 1.0349464382548215e-23, nan 
25.125, 63.875, 8.117607582471022e-24, nan 
25.375, 63.875, 1.4184939461164975e-23, nan 
25.625, 63.875, 1.8002784556234866e-23, nan 
25.875, 63.875, 1.4551625606535198e-23, nan 
26.125, 63.875, 1.9237638978372583e-23, nan 
26.375, 63.875, 1.949942055215576e-23, nan 
26.625, 63.875, 9.861028961919235e-24, nan 
26.875, 63.875, 9.067695524672058e-24, nan 
27.125, 63.875, 6.133153609881718e-24, nan 
27.375, 63.875, 1.0662081479490702e-23, nan 
27.625, 63.875, 1.6450337992067605e-23, nan 
27.875, 63.875, 1.1678897321397847e-23, nan 
28.125, 63.875, 6.170564232425362e-24, nan 
28.375, 63.875, 8.357456965280165e-24, nan 
28.625, 63.875, 1.0394788124553691e-23, nan 
28.875, 63.875, 6.901833074928176e-24, nan 
29.125, 63.875, 2.034925528374976e-23, nan 
29.375, 63.875, 2.763222958925888e-23, nan 
29.625, 63.875, 3.2541404472354935e-23, nan 
29.875, 63.875, 3.037801739636236e-23, nan 
30.125, 63.875, 2.4516714974120026e-23, nan 
30.375, 63.875, 5.6917419636379634e-24, nan 
30.625, 63.875, 6.289802580488228e-24, nan 
30.875, 63.875, 3.017948102524152e-24, nan 
31.125, 63.875, 5.787325378333633e-24, nan 
31.375, 63.875, 8.644657133685497e-24, nan 
31.625, 63.875, 7.943816611612215e-24, nan 
31.875, 63.875, 8.061281988832393e-24, nan 
32.125, 63.875, 1.1961814088317014e-23, nan 
32.375, 63.875, 1.0239030738242614e-23, nan 
32.625, 63.875, 6.868711173694909e-24, nan 
32.875, 63.875, 3.5099782955475475e-24, nan 
33.125, 63.875, 4.37426861317832e-24, nan 
33.375, 63.875, 5.884766036140884e-24, nan 
33.625, 63.875, 6.662872901485014e-24, nan 
33.875, 63.875, 5.0501496174300675e-24, nan 
34.125, 63.875, 8.13553936275241e-24, nan 
34.375, 63.875, 9.851377799473e-24, nan 
34.625, 63.875, 6.6069393089480104e-24, nan 
34.875, 63.875, 5.650044647492651e-24, nan 
35.125, 63.875, 7.851521458490662e-24, nan 
35.375, 63.875, 5.3188442240670665e-24, nan 
35.625, 63.875, 9.44274108556661e-24, nan 
35.875, 63.875, 5.828727623189831e-24, nan 
36.125, 63.875, 9.203090438038717e-24, nan 
36.375, 63.875, 3.455011471130504e-24, nan 
36.625, 63.875, 3.599285161244692e-24, nan 
36.875, 63.875, 7.491724355580194e-24, nan 
37.125, 63.875, 4.472499520662843e-24, nan 
37.375, 63.875, 5.3100561669257276e-24, nan 
37.625, 63.875, 8.073699497534144e-24, nan 
37.875, 63.875, 4.227789548938469e-24, nan 
38.125, 63.875, 5.278901584726775e-24, nan 
38.375, 63.875, 4.997825101285305e-24, nan 
38.625, 63.875, 3.2251033592745782e-24, nan 
38.875, 63.875, 6.978334621038649e-24, nan 
39.125, 63.875, 7.538426068748232e-24, nan 
39.375, 63.875, 8.55468784579552e-24, nan 
39.625, 63.875, 5.9661285043157365e-24, nan 
39.875, 63.875, 6.564608819347447e-24, nan 
40.125, 63.875, 7.334898032488904e-24, nan 
40.375, 63.875, 7.852587667288495e-24, nan 
40.625, 63.875, 5.99301880782376e-24, nan 
40.875, 63.875, 7.025960996122392e-24, nan 
41.125, 63.875, 4.456438232403463e-24, nan 
41.375, 63.875, 4.069885042397574e-24, nan 
41.625, 63.875, 2.8048287777492143e-24, nan 
41.875, 63.875, 2.837147104817341e-24, nan 
42.125, 63.875, 3.807915036844382e-24, nan 
42.375, 63.875, 4.1831012835458784e-24, nan 
42.625, 63.875, 3.304622653663903e-24, nan 
42.875, 63.875, 2.9599851727482972e-24, nan 
43.125, 63.875, 5.105801793909141e-24, nan 
43.375, 63.875, 4.221169510422288e-24, nan 
43.625, 63.875, 3.806609534189098e-24, nan 
43.875, 63.875, 4.192980322335477e-24, nan 
44.125, 63.875, 4.5747294648818584e-24, nan 
44.375, 63.875, 5.167330223813997e-24, nan 
44.625, 63.875, 5.592778960060774e-24, nan 
44.875, 63.875, 5.783389323900983e-24, nan 
45.125, 63.875, 2.5534445556381276e-24, nan 
45.375, 63.875, 3.568551376142e-24, nan 
45.625, 63.875, 4.885216421992684e-24, nan 
45.875, 63.875, 5.088628094421289e-24, nan 
-119.125, 64.125, 3.1807888992590338e-24, nan 
-118.875, 64.125, 2.8353737428286734e-24, nan 
-118.625, 64.125, 2.5370806032031664e-24, nan 
-118.375, 64.125, 2.491363158244135e-24, nan 
-118.125, 64.125, 1.4920589646544726e-24, nan 
-117.875, 64.125, 1.4367705223771898e-24, nan 
-117.625, 64.125, 1.450065218537442e-24, nan 
-117.375, 64.125, 1.6758894176913736e-24, nan 
-117.125, 64.125, 2.0517481707328843e-24, nan 
-116.875, 64.125, 1.7307154106493645e-24, nan 
-116.625, 64.125, 2.5667842438103446e-24, nan 
-116.375, 64.125, 1.3690817011300642e-24, nan 
-116.125, 64.125, 2.0496827241391285e-24, nan 
-115.875, 64.125, 4.087376259592484e-24, nan 
-115.625, 64.125, 1.7016524646023445e-24, nan 
-115.375, 64.125, 1.400655723569244e-24, nan 
-115.125, 64.125, 2.0565670222423404e-24, nan 
-114.875, 64.125, 1.6628329897106614e-24, nan 
-114.625, 64.125, 1.4515377094231333e-24, nan 
-114.375, 64.125, 1.5606681593065633e-24, nan 
-114.125, 64.125, 1.8364157272322503e-24, nan 
-113.875, 64.125, 2.2493645491615276e-24, nan 
-113.625, 64.125, 2.414792799374528e-24, nan 
-113.375, 64.125, 2.2486922739638525e-24, nan 
-113.125, 64.125, 2.3721617455965214e-24, nan 
-112.875, 64.125, 2.6077053026200986e-24, nan 
-112.625, 64.125, 2.657282497294283e-24, nan 
-112.375, 64.125, 2.6336464623566243e-24, nan 
-112.125, 64.125, 2.704689299423252e-24, nan 
-111.875, 64.125, 2.5340484330134083e-24, nan 
-111.625, 64.125, 2.554666732755986e-24, nan 
-111.375, 64.125, 2.6863228391573595e-24, nan 
-111.125, 64.125, 3.1467825137369165e-24, nan 
-110.875, 64.125, 3.263160764718309e-24, nan 
-110.625, 64.125, 4.099529089984351e-24, nan 
-110.375, 64.125, 6.3399730303067445e-24, nan 
-110.125, 64.125, 3.867789377254139e-24, nan 
-109.875, 64.125, 3.5983050924174805e-24, nan 
-109.625, 64.125, 1.2289082945832141e-23, nan 
-109.375, 64.125, 5.637429534817528e-24, nan 
-109.125, 64.125, 2.6888292423806626e-24, nan 
-108.875, 64.125, 6.763251172971367e-24, nan 
-108.625, 64.125, 4.31783894537574e-24, nan 
-108.375, 64.125, 3.4734107851784036e-24, nan 
-108.125, 64.125, 3.2267461268383586e-24, nan 
-107.875, 64.125, 3.1407066163451465e-24, nan 
-107.625, 64.125, 2.698549291689385e-24, nan 
-107.375, 64.125, 2.9479466768437463e-24, nan 
-107.125, 64.125, 2.719317642047272e-24, nan 
-106.875, 64.125, 2.871787102029368e-24, nan 
-106.625, 64.125, 2.8434175774050304e-24, nan 
-106.375, 64.125, 3.0918545786668767e-24, nan 
-106.125, 64.125, 2.9613500181328508e-24, nan 
-105.875, 64.125, 3.2770594757963534e-24, nan 
-105.625, 64.125, 3.6358434733003844e-24, nan 
-105.375, 64.125, 3.324329208403151e-24, nan 
-105.125, 64.125, 2.9570876714104625e-24, nan 
-104.875, 64.125, 2.8291394014766966e-24, nan 
-104.625, 64.125, 3.744063993628649e-24, nan 
-104.375, 64.125, 3.764362100957183e-24, nan 
-104.125, 64.125, 3.5828875754592504e-24, nan 
-103.875, 64.125, 3.643566238853037e-24, nan 
-103.625, 64.125, 3.621718328719093e-24, nan 
-103.375, 64.125, 3.029117151936023e-24, nan 
-103.125, 64.125, 3.105357068126196e-24, nan 
-102.875, 64.125, 3.1706844784156655e-24, nan 
-102.625, 64.125, 2.646936681675752e-24, nan 
-102.375, 64.125, 3.288785657614372e-24, nan 
-102.125, 64.125, 3.052954622718399e-24, nan 
-101.875, 64.125, 3.0525781882725476e-24, nan 
-101.625, 64.125, 3.699038898050859e-24, nan 
-101.375, 64.125, 3.485383404613623e-24, nan 
-101.125, 64.125, 2.701255028767261e-24, nan 
-100.875, 64.125, 3.164522277575177e-24, nan 
-100.625, 64.125, 3.1747652164442867e-24, nan 
-100.375, 64.125, 1.9939345081866302e-24, nan 
-100.125, 64.125, 1.9818929713545494e-24, nan 
-99.875, 64.125, 2.304310188891108e-24, nan 
-99.625, 64.125, 2.3168927999432883e-24, nan 
-99.375, 64.125, 2.169750031178852e-24, nan 
-99.125, 64.125, 2.2439748197884537e-24, nan 
-98.875, 64.125, 2.3223103678347016e-24, nan 
-98.625, 64.125, 3.4826234107339855e-24, nan 
-98.375, 64.125, 6.598072156227034e-24, nan 
-98.125, 64.125, 6.4307115255356096e-24, nan 
-97.875, 64.125, 4.4811496907749516e-24, nan 
-97.625, 64.125, 2.826487773309622e-24, nan 
-97.375, 64.125, 5.313482972989058e-24, nan 
-97.125, 64.125, 4.199332862076265e-24, nan 
-96.875, 64.125, 4.4473272831018835e-24, nan 
-96.625, 64.125, 5.492551194406476e-24, nan 
-96.375, 64.125, 5.496418196922438e-24, nan 
-96.125, 64.125, 5.825078594766708e-24, nan 
-95.875, 64.125, 5.9648297710422815e-24, nan 
-95.625, 64.125, 6.36161249687388e-24, nan 
-95.375, 64.125, 7.490106660728648e-24, nan 
-95.125, 64.125, 6.982144109104006e-24, nan 
-94.875, 64.125, 6.257055412186505e-24, nan 
-94.625, 64.125, 5.8196468565798745e-24, nan 
-94.375, 64.125, 6.350608604296809e-24, nan 
-94.125, 64.125, 5.7022034465863984e-24, nan 
-93.875, 64.125, 5.62100404100805e-24, nan 
-93.625, 64.125, 5.583451873964112e-24, nan 
-93.375, 64.125, 5.3616971107529714e-24, nan 
-93.125, 64.125, 5.449717045231025e-24, nan 
-92.875, 64.125, 5.012319387405733e-24, nan 
-92.625, 64.125, 5.121517834409808e-24, nan 
-92.375, 64.125, 4.444623444256422e-24, nan 
-92.125, 64.125, 4.088376426872862e-24, nan 
-91.875, 64.125, 6.632741722787351e-24, nan 
-91.625, 64.125, 5.5584434106602145e-24, nan 
-91.375, 64.125, 5.9714292260111714e-24, nan 
-91.125, 64.125, 8.142564048000245e-24, nan 
-90.875, 64.125, 6.913457088559526e-24, nan 
-90.625, 64.125, 7.53365196634162e-24, nan 
-90.375, 64.125, 6.3158804487740514e-24, nan 
-90.125, 64.125, 6.820347067300186e-24, nan 
-89.875, 64.125, 5.615673502987259e-24, nan 
-89.625, 64.125, 6.485986821423917e-24, nan 
-89.375, 64.125, 7.037825896733935e-24, nan 
-89.125, 64.125, 7.080049426178971e-24, nan 
-88.875, 64.125, 7.653700586602442e-24, nan 
-88.625, 64.125, 9.408597451563167e-24, nan 
-88.375, 64.125, 7.830105134594553e-24, nan 
-88.125, 64.125, 9.43670187265752e-24, nan 
-87.875, 64.125, 1.0236090752251585e-23, nan 
-87.625, 64.125, 8.148443083986935e-24, nan 
-87.375, 64.125, 6.844969108502828e-24, nan 
-87.125, 64.125, 8.267178526273574e-24, nan 
-86.875, 64.125, 8.540446305763197e-24, nan 
-86.625, 64.125, 9.509334888239803e-24, nan 
-86.375, 64.125, 1.0641982837116814e-23, nan 
-86.125, 64.125, 1.0687060902662804e-23, nan 
-85.875, 64.125, 1.0553815774705303e-23, nan 
-85.625, 64.125, 1.0947590773681172e-23, nan 
-85.375, 64.125, 1.4990716166396586e-23, nan 
-85.125, 64.125, 1.3645178705224205e-23, nan 
-84.875, 64.125, 1.180469619807309e-23, nan 
-84.625, 64.125, 1.0008736964160769e-23, nan 
-84.375, 64.125, 1.0751655636606944e-23, nan 
-84.125, 64.125, 1.0754463414117629e-23, nan 
-83.875, 64.125, 1.0142738962668511e-23, nan 
-83.625, 64.125, 1.025087498723685e-23, nan 
-83.375, 64.125, 8.992969293769498e-24, nan 
-83.125, 64.125, 9.029163438259302e-24, nan 
-82.875, 64.125, 9.280591616974816e-24, nan 
-82.625, 64.125, 1.0222932271818633e-23, nan 
-82.375, 64.125, 1.316107798854472e-23, nan 
-82.125, 64.125, 1.1798523032165633e-23, nan 
-81.875, 64.125, 1.1453149764979274e-23, nan 
-81.625, 64.125, 1.0661551356873223e-23, nan 
-81.375, 64.125, 1.197199469233169e-23, nan 
-81.125, 64.125, 1.1836457674035277e-23, nan 
-80.875, 64.125, 1.2164705586293536e-23, nan 
-80.625, 64.125, 1.4246951372025e-23, nan 
-80.375, 64.125, 1.3576384771303404e-23, nan 
-80.125, 64.125, 1.280477236660135e-23, nan 
-79.875, 64.125, 1.0909099119460206e-23, nan 
-79.625, 64.125, 1.4101808835834687e-23, nan 
-79.375, 64.125, 1.5855768771010722e-23, nan 
-79.125, 64.125, 1.667640851799356e-23, nan 
-78.875, 64.125, 1.4211219868628846e-23, nan 
-78.625, 64.125, 1.3003388575900208e-23, nan 
-78.375, 64.125, 1.3865767841366928e-23, nan 
-78.125, 64.125, 1.4029278431053662e-23, nan 
-77.875, 64.125, 1.0839368993668146e-23, nan 
-77.625, 64.125, 1.1729832275979086e-23, nan 
-77.375, 64.125, 1.3397572376166672e-23, nan 
-77.125, 64.125, 1.324444993241494e-23, nan 
-76.875, 64.125, 1.503846501732747e-23, nan 
-76.625, 64.125, 1.289688834853194e-23, nan 
-76.375, 64.125, 1.5508645130655452e-23, nan 
-76.125, 64.125, 1.3377832947578565e-23, nan 
-75.875, 64.125, 1.4463253705046988e-23, nan 
-75.625, 64.125, 1.8627296086870357e-23, nan 
-75.375, 64.125, 1.849671486572835e-23, nan 
-75.125, 64.125, 1.6824993088981e-23, nan 
-74.875, 64.125, 1.7406441940817983e-23, nan 
-74.625, 64.125, 1.6646677183663525e-23, nan 
-74.375, 64.125, 1.5682524953589886e-23, nan 
-74.125, 64.125, 1.3368739151659924e-23, nan 
-73.875, 64.125, 1.69203280325958e-23, nan 
-73.625, 64.125, 2.0762558237016812e-23, nan 
-73.375, 64.125, 2.37901777852397e-23, nan 
-73.125, 64.125, 1.7777095015927565e-23, nan 
-72.875, 64.125, 2.4008530820518623e-23, nan 
-72.625, 64.125, 2.5138735838298098e-23, nan 
-72.375, 64.125, 2.0601176967862242e-23, nan 
-72.125, 64.125, 1.779051933205701e-23, nan 
-71.875, 64.125, 2.044942289007042e-23, nan 
-71.625, 64.125, 1.909382957653844e-23, nan 
-71.375, 64.125, 2.121965315739031e-23, nan 
-71.125, 64.125, 2.1591110058920303e-23, nan 
-70.875, 64.125, 2.1569066231906582e-23, nan 
-70.625, 64.125, 2.4296571905640316e-23, nan 
-70.375, 64.125, 2.27255215950097e-23, nan 
-70.125, 64.125, 1.9006435324456021e-23, nan 
-69.875, 64.125, 2.439469319371975e-23, nan 
-69.625, 64.125, 2.3631414279932357e-23, nan 
-69.375, 64.125, 2.5202849047846484e-23, nan 
-69.125, 64.125, 2.2541168929782787e-23, nan 
-68.875, 64.125, 2.8022288120269814e-23, nan 
-68.625, 64.125, 3.0558378288255554e-23, nan 
-68.375, 64.125, 3.4642162040919195e-23, nan 
-68.125, 64.125, 3.302025161555748e-23, nan 
-67.875, 64.125, 1.7374456528337966e-22, nan 
-67.625, 64.125, 3.7539166622245884e-23, nan 
-67.375, 64.125, 3.526013877533244e-23, nan 
-67.125, 64.125, 3.853209846878247e-23, nan 
-66.875, 64.125, 3.989304145792272e-23, nan 
-66.625, 64.125, 4.1422139051925297e-23, nan 
-66.375, 64.125, 3.3097216191469177e-23, nan 
-66.125, 64.125, 3.365720236986896e-23, nan 
-65.875, 64.125, 2.83356175543103e-23, nan 
-65.625, 64.125, 2.5553052558368717e-23, nan 
-65.375, 64.125, 2.521655689159115e-23, nan 
-65.125, 64.125, 3.2694253762713494e-23, nan 
-64.875, 64.125, 2.980499985885672e-23, nan 
-64.625, 64.125, 5.0678152059224375e-23, nan 
-64.375, 64.125, 1.2654466092104102e-22, nan 
-64.125, 64.125, 3.1371639352927907e-22, nan 
-63.875, 64.125, 9.378043718904189e-23, nan 
-63.625, 64.125, 7.277070027427966e-23, nan 
-63.375, 64.125, 5.937141326461178e-23, nan 
-63.125, 64.125, 4.4182153291203346e-23, nan 
-62.875, 64.125, 4.331117093700761e-23, nan 
-62.625, 64.125, 2.6253804058539648e-23, nan 
-62.375, 64.125, 3.0518555270602417e-23, nan 
-62.125, 64.125, 2.088759321294299e-23, nan 
-61.875, 64.125, 2.416422035445497e-23, nan 
-61.625, 64.125, 2.320655208141221e-23, nan 
-61.375, 64.125, 1.529762971849386e-23, nan 
-61.125, 64.125, 1.579861660094884e-23, nan 
-60.875, 64.125, 1.6530170550988205e-23, nan 
-60.625, 64.125, 2.8259184556246297e-23, nan 
-60.375, 64.125, 2.8729418637430525e-23, nan 
-60.125, 64.125, 3.779885305548378e-23, nan 
-59.875, 64.125, 3.156286704198805e-23, nan 
-59.625, 64.125, 2.8833191528401853e-23, nan 
-59.375, 64.125, 3.5155856916562973e-23, nan 
-59.125, 64.125, 3.876361387131997e-23, nan 
-58.875, 64.125, 3.389592058796363e-23, nan 
-58.625, 64.125, 3.120513965180064e-23, nan 
-58.375, 64.125, 3.087670199693746e-23, nan 
-58.125, 64.125, 4.7702208442031714e-23, nan 
-57.875, 64.125, 4.1535371904708175e-23, nan 
-57.625, 64.125, 3.7137523139730686e-23, nan 
-57.375, 64.125, 3.4016003795700844e-23, nan 
-57.125, 64.125, 3.868995710153998e-23, nan 
-56.875, 64.125, 4.389308392116034e-23, nan 
-56.625, 64.125, 4.3658241324858504e-23, nan 
-56.375, 64.125, 4.452393253726008e-23, nan 
-56.125, 64.125, 4.50608336369826e-23, nan 
-55.875, 64.125, 4.302843597986154e-23, nan 
-55.625, 64.125, 2.479420730588195e-23, nan 
-55.375, 64.125, 2.4017124728967146e-23, nan 
-55.125, 64.125, 2.833073496670991e-23, nan 
-54.875, 64.125, 3.777072878968806e-23, nan 
-54.625, 64.125, 2.9429604464592694e-23, nan 
-54.375, 64.125, 2.3046845783857384e-23, nan 
-54.125, 64.125, 2.2265224390900393e-23, nan 
-53.875, 64.125, 3.3059749546648906e-23, nan 
-53.625, 64.125, 3.677818076653777e-23, nan 
-53.375, 64.125, 4.5793075219757605e-23, nan 
-53.125, 64.125, 4.017659103647151e-23, nan 
-52.875, 64.125, 3.572287685323716e-23, nan 
-52.625, 64.125, 5.355092340875297e-23, nan 
-52.375, 64.125, 3.5981596265221e-23, nan 
-52.125, 64.125, 2.776008183201631e-23, nan 
-51.875, 64.125, 2.2709883618728297e-23, nan 
-51.625, 64.125, 2.8586109834083327e-23, nan 
-51.375, 64.125, 8.798177791168223e-23, nan 
-51.125, 64.125, 1.1582074610646116e-22, nan 
-50.875, 64.125, 1.0795786547658076e-22, nan 
-50.625, 64.125, 1.0607409031628452e-22, nan 
-50.375, 64.125, 1.0844348276995975e-22, nan 
-50.125, 64.125, 8.945790176599779e-23, nan 
-49.875, 64.125, 4.702655609839354e-23, nan 
-49.625, 64.125, 3.255294495434129e-23, nan 
-49.375, 64.125, 3.757231744327955e-23, nan 
-49.125, 64.125, 6.853551134214318e-23, nan 
-48.875, 64.125, 5.656991642453884e-23, nan 
-48.625, 64.125, 5.335343316620808e-23, nan 
-48.375, 64.125, 7.269034630330255e-23, nan 
-48.125, 64.125, 5.35961899936879e-23, nan 
-47.875, 64.125, 3.8533370099528165e-23, nan 
-47.625, 64.125, 2.736291702230423e-23, nan 
-47.375, 64.125, 1.925855357059426e-23, nan 
-47.125, 64.125, 3.0161779833217043e-23, nan 
-46.875, 64.125, 2.759619896274169e-23, nan 
-46.625, 64.125, 2.8090416477969196e-23, nan 
-46.375, 64.125, 2.3362052922687248e-23, nan 
-46.125, 64.125, 1.830026257431822e-23, nan 
-45.875, 64.125, 2.1280691847775607e-23, nan 
-45.625, 64.125, 3.0253348142982937e-23, nan 
-45.375, 64.125, 2.4625685244416354e-23, nan 
-45.125, 64.125, 3.489205797839508e-23, nan 
-44.875, 64.125, 4.278082648769975e-23, nan 
-44.625, 64.125, 4.574425967149497e-23, nan 
-44.375, 64.125, 8.514659814956509e-23, nan 
-44.125, 64.125, 9.910289927706678e-23, nan 
-43.875, 64.125, 1.4017480035660917e-22, nan 
-43.625, 64.125, 7.470860029703152e-23, nan 
-43.375, 64.125, 7.5174875543556e-23, nan 
-43.125, 64.125, 7.256289246244015e-23, nan 
-42.875, 64.125, 8.921413530589308e-23, nan 
-42.625, 64.125, 9.6381835486782e-23, nan 
-42.375, 64.125, 1.4326832829691247e-22, nan 
-42.125, 64.125, 2.352417884579034e-22, nan 
-41.875, 64.125, 1.5507895960791808e-22, nan 
-41.625, 64.125, 1.5273796591755894e-22, nan 
-41.375, 64.125, 8.12030184439036e-23, nan 
-41.125, 64.125, 8.707192266383784e-23, nan 
-40.875, 64.125, 5.2055027502813363e-23, nan 
-40.625, 64.125, 6.184122048942414e-23, nan 
-40.375, 64.125, 6.386674101017909e-23, nan 
-40.125, 64.125, 8.208750169221106e-23, nan 
-39.875, 64.125, 1.3965892997587313e-22, nan 
-39.625, 64.125, 5.333775651493592e-23, nan 
-39.375, 64.125, 1.2307240447464111e-22, nan 
-39.125, 64.125, 2.199456553244983e-22, nan 
-38.875, 64.125, 3.6381530418267743e-23, nan 
-38.625, 64.125, 8.0196676254617e-23, nan 
-38.375, 64.125, 9.375732298176565e-23, nan 
-38.125, 64.125, 7.326817271924473e-23, nan 
-37.875, 64.125, 1.0257659760983146e-22, nan 
-37.625, 64.125, 5.446949957354815e-23, nan 
-37.375, 64.125, 4.0945010451242134e-23, nan 
-37.125, 64.125, 5.825622912325631e-23, nan 
-36.875, 64.125, 6.304265007176202e-23, nan 
-36.625, 64.125, 5.072857476090444e-23, nan 
-36.375, 64.125, 7.409474118134222e-23, nan 
-36.125, 64.125, 7.901433157369678e-23, nan 
-35.875, 64.125, 6.588201334378363e-23, nan 
-35.625, 64.125, 5.766068208198229e-23, nan 
-35.375, 64.125, 2.9563651610520976e-23, nan 
-35.125, 64.125, 5.471798427393037e-23, nan 
-34.875, 64.125, 6.050450371807081e-23, nan 
-34.625, 64.125, 5.097444811909131e-23, nan 
-34.375, 64.125, 5.482610659022803e-23, nan 
-34.125, 64.125, 6.387149875730503e-23, nan 
-33.875, 64.125, 6.856882329701713e-23, nan 
-33.625, 64.125, 7.021807810553963e-23, nan 
-33.375, 64.125, 8.11963296141374e-23, nan 
-33.125, 64.125, 4.072677074759344e-23, nan 
-32.875, 64.125, 4.1525133508404903e-23, nan 
-32.625, 64.125, 1.2105884801867648e-23, nan 
-32.375, 64.125, 4.285668363462845e-23, nan 
-32.125, 64.125, 3.836175450213477e-23, nan 
-31.875, 64.125, 8.634733187433662e-23, nan 
-31.625, 64.125, 1.521897227235665e-22, nan 
-31.375, 64.125, 1.167042769785001e-22, nan 
-31.125, 64.125, 1.3633091922230212e-22, nan 
-30.875, 64.125, 9.026213504939611e-23, nan 
-30.625, 64.125, 6.43097516759575e-23, nan 
-30.375, 64.125, 2.542383223758004e-23, nan 
-30.125, 64.125, 9.213552408802266e-23, nan 
-29.875, 64.125, 1.2186836851584953e-22, nan 
-29.625, 64.125, 5.57823921416922e-23, nan 
-29.375, 64.125, 8.366538326091019e-23, nan 
-29.125, 64.125, 9.295170318774133e-23, nan 
-28.875, 64.125, 6.821301476519021e-23, nan 
-28.625, 64.125, 7.81327502052173e-23, nan 
-28.375, 64.125, 8.58847455953531e-23, nan 
-28.125, 64.125, 8.581381708500756e-23, nan 
-27.875, 64.125, 2.3392963541726973e-23, nan 
-27.625, 64.125, 6.724534369860861e-23, nan 
-27.375, 64.125, 7.310744941563929e-23, nan 
-27.125, 64.125, 3.428382147349095e-23, nan 
-26.875, 64.125, 6.837434348598204e-23, nan 
-26.625, 64.125, 7.320583792549777e-23, nan 
-26.375, 64.125, 5.62819088255281e-23, nan 
-26.125, 64.125, 7.627315931514368e-23, nan 
-25.875, 64.125, 5.606473654721745e-23, nan 
-25.625, 64.125, 4.66229046655701e-23, nan 
-25.375, 64.125, 5.0095802488130774e-23, nan 
-25.125, 64.125, 4.542593006465293e-23, nan 
-24.875, 64.125, 8.008132862985467e-23, nan 
-24.625, 64.125, 9.448711331044484e-23, nan 
-24.375, 64.125, 1.2619866440193035e-22, nan 
-24.125, 64.125, 9.775767219003326e-23, nan 
-23.875, 64.125, 1.0969961382993317e-22, nan 
-23.625, 64.125, 1.216550827811497e-22, nan 
-23.375, 64.125, 9.345687898415857e-23, nan 
-23.125, 64.125, 1.0576021576094271e-22, nan 
-22.875, 64.125, 6.039794433852448e-23, nan 
-22.625, 64.125, 6.920233087472044e-23, nan 
-22.375, 64.125, 9.081667119588305e-23, nan 
-22.125, 64.125, 6.54948570356298e-23, nan 
-21.875, 64.125, 4.83597262356156e-23, nan 
-21.625, 64.125, 4.628817997909154e-23, nan 
-21.375, 64.125, 4.692987447480153e-23, nan 
-21.125, 64.125, 4.3044992353544224e-23, nan 
-20.875, 64.125, 9.562537883547022e-23, nan 
-20.625, 64.125, 7.405459069796654e-23, nan 
-20.375, 64.125, 5.865778129829116e-23, nan 
-20.125, 64.125, 5.924314313097705e-23, nan 
-19.875, 64.125, 8.567421265864747e-23, nan 
-19.625, 64.125, 5.560501073157367e-23, nan 
-19.375, 64.125, 5.996727740188327e-23, nan 
-19.125, 64.125, 8.280546467590757e-23, nan 
-18.875, 64.125, 4.091559204249057e-23, nan 
-18.625, 64.125, 2.705894517306356e-23, nan 
-18.375, 64.125, 5.42689435438063e-23, nan 
-18.125, 64.125, 1.1513375032201013e-22, nan 
-17.875, 64.125, 6.65766406378094e-23, nan 
-17.625, 64.125, 1.834384872306214e-22, nan 
-17.375, 64.125, 2.206004936637212e-22, nan 
-17.125, 64.125, 1.169007557747319e-22, nan 
-16.875, 64.125, 1.103181901888633e-22, nan 
-16.625, 64.125, 1.098618759706073e-22, nan 
-16.375, 64.125, 8.12624492506311e-23, nan 
-16.125, 64.125, 1.0545627676690779e-22, nan 
-15.875, 64.125, 1.3901316266289899e-22, nan 
-15.625, 64.125, 6.685151427485068e-23, nan 
-15.375, 64.125, 1.5783296082234118e-22, nan 
-15.125, 64.125, 2.351107537704669e-22, nan 
-14.875, 64.125, 1.0369481010119617e-22, nan 
-14.625, 64.125, 2.3121986957661464e-22, nan 
-14.375, 64.125, 3.1144076510790565e-22, nan 
-14.125, 64.125, 2.976407619364261e-22, nan 
-13.875, 64.125, 2.695621071033014e-22, nan 
-13.625, 64.125, 5.107156581772911e-22, nan 
-13.375, 64.125, 3.8524715741551895e-22, nan 
-13.125, 64.125, 1.8779156516319776e-22, nan 
-12.875, 64.125, 1.9659614373175193e-22, nan 
-12.625, 64.125, 2.141371879097355e-22, nan 
-12.375, 64.125, 3.8476950981910913e-22, nan 
-12.125, 64.125, 4.650263180121095e-22, nan 
-11.875, 64.125, 6.8889456880378625e-22, nan 
-11.625, 64.125, 7.649961129487153e-22, nan 
-11.375, 64.125, 9.48887641236485e-22, nan 
-11.125, 64.125, 1.0259332833025424e-21, nan 
-10.875, 64.125, 1.9432048221897314e-21, nan 
-10.625, 64.125, 3.354345557224112e-21, nan 
-10.375, 64.125, 4.3773548596356306e-21, nan 
-10.125, 64.125, 5.040160770831125e-21, nan 
-9.875, 64.125, 4.223193780185822e-21, nan 
-9.625, 64.125, 4.008270961339612e-21, nan 
-9.375, 64.125, 4.081131189812746e-21, nan 
-9.125, 64.125, 3.858689981106038e-21, nan 
-8.875, 64.125, 3.804347296802575e-21, nan 
-8.625, 64.125, 4.511938698959657e-21, nan 
-8.375, 64.125, 4.350993819579741e-21, nan 
-8.125, 64.125, 4.0718837284057065e-21, nan 
-7.875, 64.125, 3.7196274241036636e-21, nan 
-7.625, 64.125, 2.459705192233207e-21, nan 
-7.375, 64.125, 1.0209407880996827e-21, nan 
-7.125, 64.125, 1.148461981241345e-21, nan 
-6.875, 64.125, 1.412812617759044e-21, nan 
-6.625, 64.125, 1.2238094758258206e-21, nan 
-6.375, 64.125, 1.0023524187846374e-21, nan 
-6.125, 64.125, 9.907111428824284e-22, nan 
-5.875, 64.125, 7.090589793407402e-22, nan 
-5.625, 64.125, 3.3893329999293227e-22, nan 
-5.375, 64.125, 1.455949829725962e-22, nan 
-5.125, 64.125, 1.676678104397473e-22, nan 
-4.875, 64.125, 4.911338653959121e-23, nan 
-4.625, 64.125, 3.5816569648957123e-23, nan 
-4.375, 64.125, 3.172234073096232e-23, nan 
-4.125, 64.125, 4.296005920016108e-23, nan 
-3.875, 64.125, 7.067265106212948e-23, nan 
-3.625, 64.125, 3.5290169156120085e-23, nan 
-3.375, 64.125, 6.650837690294768e-23, nan 
-3.125, 64.125, 7.627633995558035e-23, nan 
-2.875, 64.125, 3.8852295131450235e-23, nan 
-2.625, 64.125, 4.9311394702526807e-23, nan 
-2.375, 64.125, 1.3338863642100448e-22, nan 
-2.125, 64.125, 2.7596167575286895e-23, nan 
-1.875, 64.125, 1.9845090424502535e-23, nan 
-1.625, 64.125, 5.614807136068326e-23, nan 
-1.375, 64.125, 3.0749131457953176e-23, nan 
-1.125, 64.125, 3.962523762915378e-23, nan 
-0.875, 64.125, 5.404093827565375e-23, nan 
-0.625, 64.125, 5.491117888012827e-23, nan 
-0.375, 64.125, 5.224194506494896e-23, nan 
-0.125, 64.125, 3.5249819578221886e-23, nan 
0.125, 64.125, 3.2849761511309684e-23, nan 
0.375, 64.125, 2.5869572564197204e-23, nan 
0.625, 64.125, 4.085205214697828e-23, nan 
0.875, 64.125, 5.43843527761095e-23, nan 
1.125, 64.125, 5.249238791702921e-23, nan 
1.375, 64.125, 5.46825005482306e-23, nan 
1.625, 64.125, 5.106074004192239e-23, nan 
1.875, 64.125, 4.227514900240369e-23, nan 
2.125, 64.125, 3.4034320889515935e-23, nan 
2.375, 64.125, 4.0677393936042485e-23, nan 
2.625, 64.125, 3.2197715640296856e-23, nan 
2.875, 64.125, 2.887289136031898e-23, nan 
3.125, 64.125, 3.51134541699418e-23, nan 
3.375, 64.125, 2.5290926101210288e-23, nan 
3.625, 64.125, 3.2574822102712544e-23, nan 
3.875, 64.125, 6.334509896385191e-23, nan 
4.125, 64.125, 4.974516536207854e-23, nan 
4.375, 64.125, 5.738701341837359e-23, nan 
4.625, 64.125, 6.410121897127203e-23, nan 
4.875, 64.125, 9.662286060768142e-23, nan 
5.125, 64.125, 1.304231456283499e-22, nan 
5.375, 64.125, 6.106367179812669e-23, nan 
5.625, 64.125, 5.446472408131794e-23, nan 
5.875, 64.125, 3.8005630278500636e-23, nan 
6.125, 64.125, 5.659192427784249e-23, nan 
6.375, 64.125, 5.934549924298797e-23, nan 
6.625, 64.125, 6.293528893242195e-23, nan 
6.875, 64.125, 7.028820286975918e-23, nan 
7.125, 64.125, 5.691030478548135e-23, nan 
7.375, 64.125, 3.768951709532582e-23, nan 
7.625, 64.125, 5.607183067892824e-23, nan 
7.875, 64.125, 5.435176193593106e-23, nan 
8.125, 64.125, 3.7039731141191703e-23, nan 
8.375, 64.125, 8.562133180812286e-23, nan 
8.625, 64.125, 6.679635597453548e-23, nan 
8.875, 64.125, 8.315121587551465e-23, nan 
9.125, 64.125, 9.182375358741556e-23, nan 
9.375, 64.125, 8.937136643703749e-23, nan 
9.625, 64.125, 9.980978336958307e-23, nan 
9.875, 64.125, 1.5924974882464003e-22, nan 
10.125, 64.125, 2.707357161758001e-22, nan 
10.375, 64.125, 2.7997044895787357e-22, nan 
10.625, 64.125, 1.183556401206119e-21, nan 
10.875, 64.125, 1.298911155481005e-21, nan 
11.125, 64.125, 1.2663426778564339e-21, nan 
11.375, 64.125, 9.553940108492156e-22, nan 
11.625, 64.125, 1.1854653071704587e-22, nan 
11.875, 64.125, 1.8245957456983682e-22, nan 
12.125, 64.125, 7.452921442652813e-23, nan 
12.375, 64.125, 6.965768507951629e-23, nan 
12.625, 64.125, 5.949249130622336e-23, nan 
12.875, 64.125, 3.899149126227527e-23, nan 
13.125, 64.125, 5.871608006572978e-23, nan 
13.375, 64.125, 4.2961694689080006e-23, nan 
13.625, 64.125, 1.8928312690586205e-23, nan 
13.875, 64.125, 2.0840378029425387e-23, nan 
14.125, 64.125, 2.938995979687729e-23, nan 
14.375, 64.125, 2.2815024954594376e-23, nan 
14.625, 64.125, 3.44899659414007e-23, nan 
14.875, 64.125, 3.461970143984744e-23, nan 
15.125, 64.125, 1.474494292256918e-23, nan 
15.375, 64.125, 2.1828385804586177e-23, nan 
15.625, 64.125, 4.158253113041644e-23, nan 
15.875, 64.125, 3.0903919469821466e-23, nan 
16.125, 64.125, 2.6080531223025864e-23, nan 
16.375, 64.125, 6.286473081020238e-23, nan 
16.625, 64.125, 5.175652849504496e-23, nan 
16.875, 64.125, 3.070951208537709e-23, nan 
17.125, 64.125, 3.0489563097238123e-23, nan 
17.375, 64.125, 2.8066689425901465e-23, nan 
17.625, 64.125, 2.717143617172815e-23, nan 
17.875, 64.125, 2.402207645312133e-23, nan 
18.125, 64.125, 2.4769734938555412e-23, nan 
18.375, 64.125, 2.0365783968396047e-23, nan 
18.625, 64.125, 1.9103799769225103e-23, nan 
18.875, 64.125, 2.2913311984701275e-23, nan 
19.125, 64.125, 2.987543232452014e-23, nan 
19.375, 64.125, 2.2960177063294102e-23, nan 
19.625, 64.125, 2.1686181947269636e-23, nan 
19.875, 64.125, 4.138144423215226e-23, nan 
20.125, 64.125, 2.737060588648302e-23, nan 
20.375, 64.125, 6.956518005558384e-24, nan 
20.625, 64.125, 2.0277065582733063e-23, nan 
20.875, 64.125, 1.711844691613301e-23, nan 
21.125, 64.125, 1.4696739431307482e-23, nan 
21.375, 64.125, 1.372270847804083e-23, nan 
21.625, 64.125, 1.57809831853006e-23, nan 
21.875, 64.125, 2.0020152182839115e-23, nan 
22.125, 64.125, 2.0096433311595948e-23, nan 
22.375, 64.125, 2.6342658458754406e-23, nan 
22.625, 64.125, 3.7919026618220475e-23, nan 
22.875, 64.125, 2.6455767910243782e-23, nan 
23.125, 64.125, 2.855147498589363e-23, nan 
23.375, 64.125, 6.23961085113543e-23, nan 
23.625, 64.125, 4.810275173457049e-23, nan 
23.875, 64.125, 1.8938648147327072e-23, nan 
24.125, 64.125, 2.22811237690948e-23, nan 
24.375, 64.125, 1.5599825188113997e-23, nan 
24.625, 64.125, 1.0340928750349654e-23, nan 
24.875, 64.125, 6.676749502351483e-24, nan 
25.125, 64.125, 7.862032405594663e-24, nan 
25.375, 64.125, 1.5036665405182467e-23, nan 
25.625, 64.125, 1.4606656356234702e-23, nan 
25.875, 64.125, 1.0018159590579688e-23, nan 
26.125, 64.125, 1.350758766376515e-23, nan 
26.375, 64.125, 1.0307977618124129e-23, nan 
26.625, 64.125, 6.723569728516102e-24, nan 
26.875, 64.125, 1.0198046555392057e-23, nan 
27.125, 64.125, 6.84407103835601e-24, nan 
27.375, 64.125, 6.072265525107589e-24, nan 
27.625, 64.125, 7.507404648814918e-24, nan 
27.875, 64.125, 1.0212256364931941e-23, nan 
28.125, 64.125, 7.784507362214195e-24, nan 
28.375, 64.125, 1.8618729026077764e-23, nan 
28.625, 64.125, 2.4611223535412436e-23, nan 
28.875, 64.125, 2.193214044409372e-23, nan 
29.125, 64.125, 2.565289608395466e-23, nan 
29.375, 64.125, 3.60479816633764e-23, nan 
29.625, 64.125, 4.6285315871117096e-23, nan 
29.875, 64.125, 4.059023502731143e-23, nan 
30.125, 64.125, 3.2573641092752285e-23, nan 
30.375, 64.125, 2.3533694004934164e-23, nan 
30.625, 64.125, 2.3114128169576102e-23, nan 
30.875, 64.125, 1.5957760016733574e-23, nan 
31.125, 64.125, 6.6107069253476434e-24, nan 
31.375, 64.125, 7.629589349831138e-24, nan 
31.625, 64.125, 3.350544172132323e-24, nan 
31.875, 64.125, 8.72713818654824e-24, nan 
32.125, 64.125, 3.478054445057067e-24, nan 
32.375, 64.125, 2.402355848328688e-24, nan 
32.625, 64.125, 2.8861124914530525e-24, nan 
32.875, 64.125, 3.734405792473818e-24, nan 
33.125, 64.125, 5.741684268885365e-24, nan 
33.375, 64.125, 1.2174524395632923e-23, nan 
33.625, 64.125, 5.9239566050843735e-24, nan 
33.875, 64.125, 7.355964372214114e-24, nan 
34.125, 64.125, 1.454397387302986e-23, nan 
34.375, 64.125, 6.3371768257011535e-24, nan 
34.625, 64.125, 1.2410388617017046e-23, nan 
34.875, 64.125, 1.0133778393568081e-23, nan 
35.125, 64.125, 8.227097206177207e-24, nan 
35.375, 64.125, 7.495045920998817e-24, nan 
35.625, 64.125, 1.0176650436603452e-23, nan 
35.875, 64.125, 7.490191648246164e-24, nan 
36.125, 64.125, 6.668272504136495e-24, nan 
36.375, 64.125, 5.9028640287184804e-24, nan 
36.625, 64.125, 5.9562843792592366e-24, nan 
36.875, 64.125, 4.9758565294964986e-24, nan 
37.125, 64.125, 4.672296466736569e-24, nan 
37.375, 64.125, 9.97115608617594e-24, nan 
37.625, 64.125, 4.020491361410429e-24, nan 
37.875, 64.125, 4.704876215593654e-24, nan 
38.125, 64.125, 5.2432324475332254e-24, nan 
38.375, 64.125, 3.136890493666886e-24, nan 
38.625, 64.125, 6.867935198071744e-24, nan 
38.875, 64.125, 6.800348139730546e-24, nan 
39.125, 64.125, 8.905239542551377e-24, nan 
39.375, 64.125, 7.397469301414796e-24, nan 
39.625, 64.125, 6.665926795609305e-24, nan 
39.875, 64.125, 7.804078810207176e-24, nan 
40.125, 64.125, 8.349764961293924e-24, nan 
40.375, 64.125, 9.237965749001143e-24, nan 
40.625, 64.125, 7.579284087396225e-24, nan 
40.875, 64.125, 7.615068465181743e-24, nan 
41.125, 64.125, 6.984805999351342e-24, nan 
41.375, 64.125, 6.0560978106286445e-24, nan 
41.625, 64.125, 4.619881261478771e-24, nan 
41.875, 64.125, 2.9379745588302157e-24, nan 
42.125, 64.125, 3.408011388645433e-24, nan 
42.375, 64.125, 3.454311352655214e-24, nan 
42.625, 64.125, 5.0820157329975196e-24, nan 
42.875, 64.125, 4.211755398673756e-24, nan 
43.125, 64.125, 4.362410645202759e-24, nan 
43.375, 64.125, 9.029650043546573e-24, nan 
43.625, 64.125, 5.6118672214379355e-24, nan 
43.875, 64.125, 4.012860205275876e-24, nan 
44.125, 64.125, 5.9677879627691155e-24, nan 
44.375, 64.125, 3.9119488135719524e-24, nan 
44.625, 64.125, 3.1564037189016203e-24, nan 
44.875, 64.125, 3.2024306461745326e-24, nan 
45.125, 64.125, 3.026068183714457e-24, nan 
45.375, 64.125, 4.816134330082076e-24, nan 
45.625, 64.125, 6.060836731411863e-24, nan 
45.875, 64.125, 4.6595943116513996e-24, nan 
46.125, 64.125, 4.52701306821805e-24, nan 
46.375, 64.125, 3.8556734484847696e-24, nan 
46.625, 64.125, 4.187285819148538e-24, nan 
46.875, 64.125, 5.595907850194976e-24, nan 
-120.125, 64.375, 3.1044939814657335e-24, nan 
-119.875, 64.375, 3.580035027734047e-24, nan 
-119.625, 64.375, 3.727949539419169e-24, nan 
-119.375, 64.375, 3.5570696613389694e-24, nan 
-119.125, 64.375, 3.458200588546828e-24, nan 
-118.875, 64.375, 3.448823781642275e-24, nan 
-118.625, 64.375, 3.154991740548371e-24, nan 
-118.375, 64.375, 3.0039828097647266e-24, nan 
-118.125, 64.375, 2.5202633881221104e-24, nan 
-117.875, 64.375, 2.569237765048783e-24, nan 
-117.625, 64.375, 2.5804703558723547e-24, nan 
-117.375, 64.375, 2.4416280825987895e-24, nan 
-117.125, 64.375, 2.492976528939392e-24, nan 
-116.875, 64.375, 2.4948060935524627e-24, nan 
-116.625, 64.375, 2.5768226728839095e-24, nan 
-116.375, 64.375, 2.76590992725338e-24, nan 
-116.125, 64.375, 3.0543402693162502e-24, nan 
-115.875, 64.375, 4.101206691161502e-24, nan 
-115.625, 64.375, 2.5883913137219477e-24, nan 
-115.375, 64.375, 3.1317617329503347e-24, nan 
-115.125, 64.375, 3.2929352021106578e-24, nan 
-114.875, 64.375, 3.080791818213501e-24, nan 
-114.625, 64.375, 3.3032061329407804e-24, nan 
-114.375, 64.375, 3.0500541785735513e-24, nan 
-114.125, 64.375, 2.3776323917217198e-24, nan 
-113.875, 64.375, 2.589448628183761e-24, nan 
-113.625, 64.375, 3.0266993754864302e-24, nan 
-113.375, 64.375, 2.4909236902256006e-24, nan 
-113.125, 64.375, 2.356023744835944e-24, nan 
-112.875, 64.375, 2.5596899804844553e-24, nan 
-112.625, 64.375, 2.685117227576077e-24, nan 
-112.375, 64.375, 2.7334115721236092e-24, nan 
-112.125, 64.375, 3.1039152151360294e-24, nan 
-111.875, 64.375, 2.7964271396221904e-24, nan 
-111.625, 64.375, 2.397221446610094e-24, nan 
-111.375, 64.375, 1.811600577572614e-24, nan 
-111.125, 64.375, 2.221289025459841e-24, nan 
-110.875, 64.375, 2.9460646221882227e-24, nan 
-110.625, 64.375, 4.112963637332606e-24, nan 
-110.375, 64.375, 5.2669410912071164e-24, nan 
-110.125, 64.375, 4.3281620139831655e-24, nan 
-109.875, 64.375, 6.3141696476595104e-24, nan 
-109.625, 64.375, 8.618276536553717e-24, nan 
-109.375, 64.375, 6.578568981551609e-24, nan 
-109.125, 64.375, 4.976496666960979e-24, nan 
-108.875, 64.375, 5.01448884634952e-24, nan 
-108.625, 64.375, 3.4687380699135235e-24, nan 
-108.375, 64.375, 2.972204839690671e-24, nan 
-108.125, 64.375, 2.7426786389267252e-24, nan 
-107.875, 64.375, 2.9228548392047744e-24, nan 
-107.625, 64.375, 2.7133651057551167e-24, nan 
-107.375, 64.375, 2.7674740272163926e-24, nan 
-107.125, 64.375, 3.058371462348548e-24, nan 
-106.875, 64.375, 2.836824686826799e-24, nan 
-106.625, 64.375, 2.916710329750408e-24, nan 
-106.375, 64.375, 3.5396533592761954e-24, nan 
-106.125, 64.375, 3.0333314177488415e-24, nan 
-105.875, 64.375, 3.376309602328816e-24, nan 
-105.625, 64.375, 3.47515760033821e-24, nan 
-105.375, 64.375, 3.0866583240897003e-24, nan 
-105.125, 64.375, 3.1771702829248392e-24, nan 
-104.875, 64.375, 3.399089823680923e-24, nan 
-104.625, 64.375, 3.3047764228168292e-24, nan 
-104.375, 64.375, 3.641371208501205e-24, nan 
-104.125, 64.375, 3.743092556011744e-24, nan 
-103.875, 64.375, 4.018141152046902e-24, nan 
-103.625, 64.375, 3.846105113449378e-24, nan 
-103.375, 64.375, 2.7103083629368757e-24, nan 
-103.125, 64.375, 2.848418271954737e-24, nan 
-102.875, 64.375, 2.8657830842925835e-24, nan 
-102.625, 64.375, 2.0447337500134786e-24, nan 
-102.375, 64.375, 2.441280408130362e-24, nan 
-102.125, 64.375, 1.712149957765041e-24, nan 
-101.875, 64.375, 1.5018038690554839e-24, nan 
-101.625, 64.375, 1.814490431964492e-24, nan 
-101.375, 64.375, 1.9076596004615628e-24, nan 
-101.125, 64.375, 2.8259407008187147e-24, nan 
-100.875, 64.375, 2.994443787562101e-24, nan 
-100.625, 64.375, 2.5394808821598854e-24, nan 
-100.375, 64.375, 2.4226024359649366e-24, nan 
-100.125, 64.375, 2.0478134061326157e-24, nan 
-99.875, 64.375, 1.6644594717061856e-24, nan 
-99.625, 64.375, 2.803927873816744e-24, nan 
-99.375, 64.375, 2.917490916154961e-24, nan 
-99.125, 64.375, 3.541320784837932e-24, nan 
-98.875, 64.375, 3.0006194464428422e-24, nan 
-98.625, 64.375, 3.77041438785042e-24, nan 
-98.375, 64.375, 2.8670853027541747e-24, nan 
-98.125, 64.375, 4.398577830833655e-24, nan 
-97.875, 64.375, 4.877709550792364e-24, nan 
-97.625, 64.375, 4.812711022621895e-24, nan 
-97.375, 64.375, 3.426612843538202e-24, nan 
-97.125, 64.375, 5.746837621739771e-24, nan 
-96.875, 64.375, 5.5444349170520796e-24, nan 
-96.625, 64.375, 5.810451370676538e-24, nan 
-96.375, 64.375, 6.003784536250447e-24, nan 
-96.125, 64.375, 6.376026060255752e-24, nan 
-95.875, 64.375, 5.424129942731607e-24, nan 
-95.625, 64.375, 4.93805304719582e-24, nan 
-95.375, 64.375, 5.555000055341453e-24, nan 
-95.125, 64.375, 5.340559596849385e-24, nan 
-94.875, 64.375, 4.3928039069725785e-24, nan 
-94.625, 64.375, 4.390739012155652e-24, nan 
-94.375, 64.375, 3.0401447259134937e-24, nan 
-94.125, 64.375, 4.489234576269043e-24, nan 
-93.875, 64.375, 4.174881520820882e-24, nan 
-93.625, 64.375, 3.2280665978915638e-24, nan 
-93.375, 64.375, 2.6693962240861714e-24, nan 
-93.125, 64.375, 3.734916642231427e-24, nan 
-92.875, 64.375, 3.1517342662088125e-24, nan 
-92.625, 64.375, 6.015368360584753e-24, nan 
-92.375, 64.375, 7.511028125868845e-24, nan 
-92.125, 64.375, 8.833213674727067e-24, nan 
-91.875, 64.375, 9.498411789481224e-24, nan 
-91.625, 64.375, 8.399208348659276e-24, nan 
-91.375, 64.375, 8.775193425038704e-24, nan 
-91.125, 64.375, 7.157550825165287e-24, nan 
-90.875, 64.375, 7.225324071173681e-24, nan 
-90.625, 64.375, 7.294800575597723e-24, nan 
-90.375, 64.375, 6.5287133023912046e-24, nan 
-90.125, 64.375, 6.653743462142755e-24, nan 
-89.875, 64.375, 7.315791648263816e-24, nan 
-89.625, 64.375, 7.125811561606225e-24, nan 
-89.375, 64.375, 7.005152593703088e-24, nan 
-89.125, 64.375, 7.247868558469593e-24, nan 
-88.875, 64.375, 8.199787218910605e-24, nan 
-88.625, 64.375, 8.880014284854593e-24, nan 
-88.375, 64.375, 8.099478520859252e-24, nan 
-88.125, 64.375, 8.759340566251899e-24, nan 
-87.875, 64.375, 9.9812897513664e-24, nan 
-87.625, 64.375, 9.785696950231032e-24, nan 
-87.375, 64.375, 9.132388133475208e-24, nan 
-87.125, 64.375, 8.365531675492863e-24, nan 
-86.875, 64.375, 9.728354484099542e-24, nan 
-86.625, 64.375, 1.0360911098995031e-23, nan 
-86.375, 64.375, 1.2301078962024132e-23, nan 
-86.125, 64.375, 1.2021453343418835e-23, nan 
-85.875, 64.375, 1.0259127450261819e-23, nan 
-85.625, 64.375, 9.930597179540302e-24, nan 
-85.375, 64.375, 1.2544715875240595e-23, nan 
-85.125, 64.375, 1.3475724662613783e-23, nan 
-84.875, 64.375, 1.1620155433919795e-23, nan 
-84.625, 64.375, 1.2590044410830924e-23, nan 
-84.375, 64.375, 1.116006412968021e-23, nan 
-84.125, 64.375, 1.0590475142973908e-23, nan 
-83.875, 64.375, 1.1228382653469565e-23, nan 
-83.625, 64.375, 1.0964915685713418e-23, nan 
-83.375, 64.375, 9.407009135557558e-24, nan 
-83.125, 64.375, 1.1028390702587913e-23, nan 
-82.875, 64.375, 1.0840903181380884e-23, nan 
-82.625, 64.375, 1.1533847230060452e-23, nan 
-82.375, 64.375, 1.0758550256058707e-23, nan 
-82.125, 64.375, 1.0845486958540974e-23, nan 
-81.875, 64.375, 1.0584437809822495e-23, nan 
-81.625, 64.375, 1.07791002621241e-23, nan 
-81.375, 64.375, 1.1262821758321114e-23, nan 
-81.125, 64.375, 1.2218524237298165e-23, nan 
-80.875, 64.375, 1.0131605342437179e-23, nan 
-80.625, 64.375, 9.913462394773508e-24, nan 
-80.375, 64.375, 1.5113769784372844e-23, nan 
-80.125, 64.375, 2.0131747892396126e-23, nan 
-79.875, 64.375, 2.2594923587233626e-23, nan 
-79.625, 64.375, 1.3816185805005964e-23, nan 
-79.375, 64.375, 1.646000160528158e-23, nan 
-79.125, 64.375, 1.8641060751931324e-23, nan 
-78.875, 64.375, 1.3490317371288608e-23, nan 
-78.625, 64.375, 9.585683725283179e-24, nan 
-78.375, 64.375, 9.697626792554888e-24, nan 
-78.125, 64.375, 9.546866266304605e-24, nan 
-77.875, 64.375, 1.22638807307594e-23, nan 
-77.625, 64.375, 1.2858617731707644e-23, nan 
-77.375, 64.375, 1.2309517808067604e-23, nan 
-77.125, 64.375, 1.292010516229747e-23, nan 
-76.875, 64.375, 1.6514177104223368e-23, nan 
-76.625, 64.375, 1.7239385946429814e-23, nan 
-76.375, 64.375, 1.6555937768719614e-23, nan 
-76.125, 64.375, 1.6572921349356517e-23, nan 
-75.875, 64.375, 1.676106409623787e-23, nan 
-75.625, 64.375, 1.8140322953772905e-23, nan 
-75.375, 64.375, 1.8922879898583055e-23, nan 
-75.125, 64.375, 1.8701571077850942e-23, nan 
-74.875, 64.375, 1.684325388181083e-23, nan 
-74.625, 64.375, 1.798273201818179e-23, nan 
-74.375, 64.375, 1.2778853398685492e-23, nan 
-74.125, 64.375, 1.3933403521616685e-23, nan 
-73.875, 64.375, 1.687917242457129e-23, nan 
-73.625, 64.375, 2.6680555642666344e-23, nan 
-73.375, 64.375, 2.381810838285797e-23, nan 
-73.125, 64.375, 2.0040987696675406e-23, nan 
-72.875, 64.375, 2.3619419934638237e-23, nan 
-72.625, 64.375, 2.0211449242121636e-23, nan 
-72.375, 64.375, 2.1412192227564215e-23, nan 
-72.125, 64.375, 1.9206341613751655e-23, nan 
-71.875, 64.375, 2.0220606216830642e-23, nan 
-71.625, 64.375, 1.5473576234576515e-23, nan 
-71.375, 64.375, 2.4151838493525988e-23, nan 
-71.125, 64.375, 2.28954177009607e-23, nan 
-70.875, 64.375, 2.2244769107471515e-23, nan 
-70.625, 64.375, 2.3674885409509264e-23, nan 
-70.375, 64.375, 2.372782912166853e-23, nan 
-70.125, 64.375, 2.4679825413755006e-23, nan 
-69.875, 64.375, 2.4270475876596022e-23, nan 
-69.625, 64.375, 2.539352527833515e-23, nan 
-69.375, 64.375, 2.839307018330354e-23, nan 
-69.125, 64.375, 2.9888368044007624e-23, nan 
-68.875, 64.375, 3.0629533716212965e-23, nan 
-68.625, 64.375, 3.074408906442143e-23, nan 
-68.375, 64.375, 3.412048462017315e-23, nan 
-68.125, 64.375, 3.081856101812817e-23, nan 
-67.875, 64.375, 3.345576314238052e-23, nan 
-67.625, 64.375, 3.471896195586748e-23, nan 
-67.375, 64.375, 3.421785054917411e-23, nan 
-67.125, 64.375, 2.992168157264306e-23, nan 
-66.875, 64.375, 2.774235096256004e-23, nan 
-66.625, 64.375, 3.079518446677408e-23, nan 
-66.375, 64.375, 2.891873632750985e-23, nan 
-66.125, 64.375, 3.438843236326211e-23, nan 
-65.875, 64.375, 3.3014431128658775e-23, nan 
-65.625, 64.375, 3.185592794966385e-23, nan 
-65.375, 64.375, 3.1662816733462263e-23, nan 
-65.125, 64.375, 4.1188474579526244e-23, nan 
-64.875, 64.375, 4.709690814838457e-23, nan 
-64.625, 64.375, 5.250739965576605e-23, nan 
-64.375, 64.375, 4.6341364879150395e-23, nan 
-64.125, 64.375, 6.11450755033599e-23, nan 
-63.875, 64.375, 4.920465887491469e-23, nan 
-63.625, 64.375, 4.674238660631835e-23, nan 
-63.375, 64.375, 3.1107152546264036e-23, nan 
-63.125, 64.375, 3.135218656496841e-23, nan 
-62.875, 64.375, 2.798567192004158e-23, nan 
-62.625, 64.375, 2.589426360882362e-23, nan 
-62.375, 64.375, 3.2849028613167824e-23, nan 
-62.125, 64.375, 3.3992512277293e-23, nan 
-61.875, 64.375, 2.903774920519044e-23, nan 
-61.625, 64.375, 3.248794593740379e-23, nan 
-61.375, 64.375, 3.148832907377716e-23, nan 
-61.125, 64.375, 2.6494933014642243e-23, nan 
-60.875, 64.375, 2.470860798900772e-23, nan 
-60.625, 64.375, 2.554289519017385e-23, nan 
-60.375, 64.375, 3.5090409453340854e-23, nan 
-60.125, 64.375, 3.4598503730582675e-23, nan 
-59.875, 64.375, 3.0423951590611054e-23, nan 
-59.625, 64.375, 4.2209921780526e-23, nan 
-59.375, 64.375, 3.6653511390859565e-23, nan 
-59.125, 64.375, 3.755157000744411e-23, nan 
-58.875, 64.375, 2.0975725427744815e-23, nan 
-58.625, 64.375, 2.9155421402250785e-23, nan 
-58.375, 64.375, 3.3422035073291616e-23, nan 
-58.125, 64.375, 4.575684594489807e-23, nan 
-57.875, 64.375, 4.178751049426936e-23, nan 
-57.625, 64.375, 5.1846440789696145e-23, nan 
-57.375, 64.375, 4.903944553829353e-23, nan 
-57.125, 64.375, 5.667067664814321e-23, nan 
-56.875, 64.375, 4.4574963404995073e-23, nan 
-56.625, 64.375, 4.009028745708949e-23, nan 
-56.375, 64.375, 3.8169112230630865e-23, nan 
-56.125, 64.375, 4.50142297530641e-23, nan 
-55.875, 64.375, 6.777391152381099e-23, nan 
-55.625, 64.375, 4.5906172352826077e-23, nan 
-55.375, 64.375, 4.170702260852286e-23, nan 
-55.125, 64.375, 5.995254696226873e-23, nan 
-54.875, 64.375, 6.54282326164989e-23, nan 
-54.625, 64.375, 5.079274747777416e-23, nan 
-54.375, 64.375, 4.683917949050112e-23, nan 
-54.125, 64.375, 7.839835410924096e-23, nan 
-53.875, 64.375, 4.3089350111978586e-23, nan 
-53.625, 64.375, 4.122149004960039e-23, nan 
-53.375, 64.375, 5.736476905146804e-23, nan 
-53.125, 64.375, 3.7754695189722194e-23, nan 
-52.875, 64.375, 1.962172118404472e-23, nan 
-52.625, 64.375, 1.970994272677336e-23, nan 
-52.375, 64.375, 1.4940627574092327e-23, nan 
-52.125, 64.375, 1.359845887302037e-23, nan 
-51.875, 64.375, 6.650710452220224e-23, nan 
-51.625, 64.375, 9.192862677691576e-23, nan 
-51.375, 64.375, 1.3737637293670565e-22, nan 
-51.125, 64.375, 1.35187378384137e-22, nan 
-50.875, 64.375, 1.2374873956852773e-22, nan 
-50.625, 64.375, 9.811955319830024e-23, nan 
-50.375, 64.375, 7.521917039755296e-23, nan 
-50.125, 64.375, 5.348447758546084e-23, nan 
-49.875, 64.375, 6.070175113488171e-23, nan 
-49.625, 64.375, 6.165828085646606e-23, nan 
-49.375, 64.375, 7.150503381446533e-23, nan 
-49.125, 64.375, 9.162203168113442e-23, nan 
-48.875, 64.375, 8.448214035098641e-23, nan 
-48.625, 64.375, 6.652612824334507e-23, nan 
-48.375, 64.375, 6.345572810763625e-23, nan 
-48.125, 64.375, 5.30191552568329e-23, nan 
-47.875, 64.375, 3.4193605369099425e-23, nan 
-47.625, 64.375, 3.037370972889331e-23, nan 
-47.375, 64.375, 3.174672959058709e-23, nan 
-47.125, 64.375, 3.9334373623184936e-23, nan 
-46.875, 64.375, 5.089059649220542e-23, nan 
-46.625, 64.375, 6.313099837900566e-23, nan 
-46.375, 64.375, 5.12586422731993e-23, nan 
-46.125, 64.375, 3.294784947285363e-23, nan 
-45.875, 64.375, 3.315932861181665e-23, nan 
-45.625, 64.375, 3.312066253778096e-23, nan 
-45.375, 64.375, 4.019480336232404e-23, nan 
-45.125, 64.375, 9.962904772740723e-23, nan 
-44.875, 64.375, 1.1851304422547701e-22, nan 
-44.625, 64.375, 1.5409185755714352e-22, nan 
-44.375, 64.375, 1.3385927456428563e-22, nan 
-44.125, 64.375, 1.711255123116722e-22, nan 
-43.875, 64.375, 2.315857390038443e-22, nan 
-43.625, 64.375, 9.079637917025032e-23, nan 
-43.375, 64.375, 1.3274484541024024e-22, nan 
-43.125, 64.375, 1.6577731739702136e-22, nan 
-42.875, 64.375, 1.5040746972759495e-22, nan 
-42.625, 64.375, 1.4529829182195534e-22, nan 
-42.375, 64.375, 1.1683313564495926e-22, nan 
-42.125, 64.375, 1.2018602004727565e-22, nan 
-41.875, 64.375, 9.946836392461146e-23, nan 
-41.625, 64.375, 7.481960760863388e-23, nan 
-41.375, 64.375, 7.662302633239455e-23, nan 
-41.125, 64.375, 9.264083776154473e-23, nan 
-40.875, 64.375, 5.83347422101067e-23, nan 
-40.625, 64.375, 6.731527247208219e-23, nan 
-40.375, 64.375, 4.2436302363727713e-23, nan 
-40.125, 64.375, 7.846820972974094e-23, nan 
-39.875, 64.375, 4.011914327433834e-23, nan 
-39.625, 64.375, 8.911765333009693e-23, nan 
-39.375, 64.375, 9.813900890668349e-23, nan 
-39.125, 64.375, 2.026574702160533e-22, nan 
-38.875, 64.375, 7.010694092114885e-23, nan 
-38.625, 64.375, 6.971796202366352e-23, nan 
-38.375, 64.375, 9.064590866367112e-23, nan 
-38.125, 64.375, 6.025864878847757e-23, nan 
-37.875, 64.375, 4.957761342889251e-23, nan 
-37.625, 64.375, 7.194582291884897e-23, nan 
-37.375, 64.375, 6.639954891377574e-23, nan 
-37.125, 64.375, 4.191506958001061e-23, nan 
-36.875, 64.375, 5.2458378324119016e-23, nan 
-36.625, 64.375, 8.650603355299181e-23, nan 
-36.375, 64.375, 9.010488104743337e-23, nan 
-36.125, 64.375, 7.816557276319467e-23, nan 
-35.875, 64.375, 6.405679270766219e-23, nan 
-35.625, 64.375, 8.831421564882335e-23, nan 
-35.375, 64.375, 6.508733004446897e-23, nan 
-35.125, 64.375, 5.580381007165408e-23, nan 
-34.875, 64.375, 4.379191136684002e-23, nan 
-34.625, 64.375, 3.326806944188956e-23, nan 
-34.375, 64.375, 4.84511218160846e-23, nan 
-34.125, 64.375, 7.17891159973878e-23, nan 
-33.875, 64.375, 7.199874992105304e-23, nan 
-33.625, 64.375, 6.52252050292602e-23, nan 
-33.375, 64.375, 8.481554327518064e-23, nan 
-33.125, 64.375, 7.440893408474232e-23, nan 
-32.875, 64.375, 1.1537159342957056e-22, nan 
-32.625, 64.375, 7.293375971275299e-23, nan 
-32.375, 64.375, 9.825660794744925e-23, nan 
-32.125, 64.375, 1.1617520004240022e-22, nan 
-31.875, 64.375, 1.180510458268481e-22, nan 
-31.625, 64.375, 1.8620432510194822e-22, nan 
-31.375, 64.375, 1.3055060286626205e-22, nan 
-31.125, 64.375, 1.0034771356488212e-22, nan 
-30.875, 64.375, 7.325545717590788e-23, nan 
-30.625, 64.375, 3.849378041783005e-23, nan 
-30.375, 64.375, 7.428059989032274e-23, nan 
-30.125, 64.375, 8.655740678199327e-23, nan 
-29.875, 64.375, 1.4553241240063578e-22, nan 
-29.625, 64.375, 7.570386163670334e-23, nan 
-29.375, 64.375, 9.257948340311873e-23, nan 
-29.125, 64.375, 7.806411304501226e-23, nan 
-28.875, 64.375, 7.432596961778746e-23, nan 
-28.625, 64.375, 1.1851479665769132e-22, nan 
-28.375, 64.375, 9.692446167822396e-23, nan 
-28.125, 64.375, 6.507289793130802e-23, nan 
-27.875, 64.375, 7.573215661630043e-23, nan 
-27.625, 64.375, 8.432720308181734e-23, nan 
-27.375, 64.375, 8.443015025963606e-23, nan 
-27.125, 64.375, 5.582268934169259e-23, nan 
-26.875, 64.375, 6.521841642734983e-23, nan 
-26.625, 64.375, 1.0286950128372594e-22, nan 
-26.375, 64.375, 8.882629594431996e-23, nan 
-26.125, 64.375, 1.0136155857957101e-22, nan 
-25.875, 64.375, 1.5059595485880246e-22, nan 
-25.625, 64.375, 1.0417260404338727e-22, nan 
-25.375, 64.375, 7.901570161531932e-23, nan 
-25.125, 64.375, 6.651548234879596e-23, nan 
-24.875, 64.375, 9.900487770925572e-23, nan 
-24.625, 64.375, 1.245149942978688e-22, nan 
-24.375, 64.375, 8.748846438969514e-23, nan 
-24.125, 64.375, 9.878461410826336e-23, nan 
-23.875, 64.375, 1.2992321766653942e-22, nan 
-23.625, 64.375, 1.1381937662079789e-22, nan 
-23.375, 64.375, 6.900349436117815e-23, nan 
-23.125, 64.375, 7.554671366506889e-23, nan 
-22.875, 64.375, 5.420682428112083e-23, nan 
-22.625, 64.375, 2.6274423735530117e-23, nan 
-22.375, 64.375, 3.106767290831338e-23, nan 
-22.125, 64.375, 5.075304572822106e-23, nan 
-21.875, 64.375, 7.457084475739081e-23, nan 
-21.625, 64.375, 1.1844127465982512e-22, nan 
-21.375, 64.375, 1.420628645903756e-22, nan 
-21.125, 64.375, 8.006391634904081e-23, nan 
-20.875, 64.375, 1.375573287322007e-22, nan 
-20.625, 64.375, 1.421561827198839e-22, nan 
-20.375, 64.375, 9.560941010729632e-23, nan 
-20.125, 64.375, 7.257869050562707e-23, nan 
-19.875, 64.375, 5.843213592731348e-23, nan 
-19.625, 64.375, 6.276076261809396e-23, nan 
-19.375, 64.375, 4.44356599927249e-23, nan 
-19.125, 64.375, 6.583169558086496e-23, nan 
-18.875, 64.375, 4.188260158696163e-23, nan 
-18.625, 64.375, 1.6449458292111385e-23, nan 
-18.375, 64.375, 3.556176649926952e-23, nan 
-18.125, 64.375, 3.766762028375902e-23, nan 
-17.875, 64.375, 5.966355188214668e-23, nan 
-17.625, 64.375, 6.628720549470738e-23, nan 
-17.375, 64.375, 1.7214345767533417e-22, nan 
-17.125, 64.375, 1.6085520154494763e-22, nan 
-16.875, 64.375, 1.1041059733501891e-22, nan 
-16.625, 64.375, 1.551790704613234e-22, nan 
-16.375, 64.375, 1.176840349488715e-22, nan 
-16.125, 64.375, 7.228100426807843e-23, nan 
-15.875, 64.375, 5.467519714524258e-23, nan 
-15.625, 64.375, 7.661165656518613e-23, nan 
-15.375, 64.375, 1.0277569043155272e-22, nan 
-15.125, 64.375, 2.2130843843878195e-22, nan 
-14.875, 64.375, 7.885619800481202e-23, nan 
-14.625, 64.375, 1.6002984894248896e-22, nan 
-14.375, 64.375, 1.4317206759496544e-22, nan 
-14.125, 64.375, 1.5805091846551893e-22, nan 
-13.875, 64.375, 2.262429358451671e-22, nan 
-13.625, 64.375, 4.2047328319980593e-22, nan 
-13.375, 64.375, 3.566409668677018e-22, nan 
-13.125, 64.375, 2.2974884170744763e-22, nan 
-12.875, 64.375, 2.496390421896468e-22, nan 
-12.625, 64.375, 5.269602692122713e-22, nan 
-12.375, 64.375, 8.132410395715706e-22, nan 
-12.125, 64.375, 1.1509150361655216e-21, nan 
-11.875, 64.375, 1.3779358133937288e-21, nan 
-11.625, 64.375, 1.5313689712574508e-21, nan 
-11.375, 64.375, 2.6662545729421283e-21, nan 
-11.125, 64.375, 4.993649914631063e-21, nan 
-10.875, 64.375, 4.5010683615799064e-21, nan 
-10.625, 64.375, 5.798181344662855e-21, nan 
-10.375, 64.375, 6.635428621866222e-21, nan 
-10.125, 64.375, 6.275277096711899e-21, nan 
-9.875, 64.375, 4.75593028997022e-21, nan 
-9.625, 64.375, 2.861855314146499e-21, nan 
-9.375, 64.375, 2.6599119876379254e-21, nan 
-9.125, 64.375, 3.478682896546502e-21, nan 
-8.875, 64.375, 3.539285606066822e-21, nan 
-8.625, 64.375, 2.892347794919259e-21, nan 
-8.375, 64.375, 4.607074992356383e-21, nan 
-8.125, 64.375, 5.5358837370060604e-21, nan 
-7.875, 64.375, 4.926914390366333e-21, nan 
-7.625, 64.375, 4.572834438768412e-21, nan 
-7.375, 64.375, 4.676089575126518e-21, nan 
-7.125, 64.375, 2.5085800415495964e-21, nan 
-6.875, 64.375, 1.9247941108954635e-21, nan 
-6.625, 64.375, 1.222873964916314e-21, nan 
-6.375, 64.375, 1.1834217134314744e-21, nan 
-6.125, 64.375, 1.5052504235127436e-21, nan 
-5.875, 64.375, 1.1189714678007286e-21, nan 
-5.625, 64.375, 7.446280545086776e-22, nan 
-5.375, 64.375, 5.027660510995915e-22, nan 
-5.125, 64.375, 3.5673845755308014e-22, nan 
-4.875, 64.375, 6.665393449087402e-23, nan 
-4.625, 64.375, 4.812850435774732e-23, nan 
-4.375, 64.375, 3.8708794018055554e-23, nan 
-4.125, 64.375, 4.122507741468482e-23, nan 
-3.875, 64.375, 6.730283314129815e-23, nan 
-3.625, 64.375, 4.0281759476500014e-23, nan 
-3.375, 64.375, 7.560930338793449e-23, nan 
-3.125, 64.375, 3.963891546206497e-23, nan 
-2.875, 64.375, 4.36663675629528e-23, nan 
-2.625, 64.375, 8.32895905333546e-23, nan 
-2.375, 64.375, 8.92326782589199e-23, nan 
-2.125, 64.375, 3.734199234465322e-23, nan 
-1.875, 64.375, 2.7896032192209316e-23, nan 
-1.625, 64.375, 1.356216707413964e-23, nan 
-1.375, 64.375, 4.1101228899001135e-23, nan 
-1.125, 64.375, 3.911977528450123e-23, nan 
-0.875, 64.375, 5.070843504170732e-23, nan 
-0.625, 64.375, 3.266043753720263e-23, nan 
-0.375, 64.375, 4.3893570205591026e-23, nan 
-0.125, 64.375, 2.762613342206793e-23, nan 
0.125, 64.375, 4.2131020820329057e-23, nan 
0.375, 64.375, 6.231571065655378e-23, nan 
0.625, 64.375, 4.359391254385095e-23, nan 
0.875, 64.375, 4.723998239953232e-23, nan 
1.125, 64.375, 5.443403792907061e-23, nan 
1.375, 64.375, 5.306335683612621e-23, nan 
1.625, 64.375, 5.570412966568032e-23, nan 
1.875, 64.375, 3.5632611467840075e-23, nan 
2.125, 64.375, 4.952354575969415e-23, nan 
2.375, 64.375, 4.9733702938916106e-23, nan 
2.625, 64.375, 4.0413861732612686e-23, nan 
2.875, 64.375, 3.373687572252714e-23, nan 
3.125, 64.375, 1.7033543815349833e-23, nan 
3.375, 64.375, 2.900141530000885e-23, nan 
3.625, 64.375, 6.790712504250765e-23, nan 
3.875, 64.375, 6.475098532216996e-23, nan 
4.125, 64.375, 3.5272179385716436e-23, nan 
4.375, 64.375, 4.4748923943814246e-23, nan 
4.625, 64.375, 5.641707554173251e-23, nan 
4.875, 64.375, 5.097880530853957e-23, nan 
5.125, 64.375, 4.439585506143823e-23, nan 
5.375, 64.375, 4.408031798993548e-23, nan 
5.625, 64.375, 5.2398888912820636e-23, nan 
5.875, 64.375, 5.860459455063963e-23, nan 
6.125, 64.375, 6.390637582136409e-23, nan 
6.375, 64.375, 7.92616299634121e-23, nan 
6.625, 64.375, 8.531616353146719e-23, nan 
6.875, 64.375, 1.008995103021978e-22, nan 
7.125, 64.375, 6.977869502666297e-23, nan 
7.375, 64.375, 3.954939121841539e-23, nan 
7.625, 64.375, 6.764435985455246e-23, nan 
7.875, 64.375, 5.876218072042822e-23, nan 
8.125, 64.375, 2.0628164550552167e-23, nan 
8.375, 64.375, 2.3175792923961193e-23, nan 
8.625, 64.375, 2.4402358213422548e-23, nan 
8.875, 64.375, 4.593798006208934e-23, nan 
9.125, 64.375, 8.072671059613744e-23, nan 
9.375, 64.375, 8.170555192950193e-23, nan 
9.625, 64.375, 7.118513604151204e-23, nan 
9.875, 64.375, 9.006334214666785e-23, nan 
10.125, 64.375, 8.392777123064306e-23, nan 
10.375, 64.375, 1.1794352477042565e-22, nan 
10.625, 64.375, 2.0816256663352004e-22, nan 
10.875, 64.375, 2.56979661969971e-22, nan 
11.125, 64.375, 2.620730902308806e-22, nan 
11.375, 64.375, 1.4304463695859236e-22, nan 
11.625, 64.375, 1.0457664518308745e-22, nan 
11.875, 64.375, 8.15678715948482e-23, nan 
12.125, 64.375, 6.450544994061222e-23, nan 
12.375, 64.375, 7.57185913901483e-23, nan 
12.625, 64.375, 7.730590973614255e-23, nan 
12.875, 64.375, 3.198005221346745e-23, nan 
13.125, 64.375, 4.6510084199958344e-23, nan 
13.375, 64.375, 5.322125616915485e-23, nan 
13.625, 64.375, 2.7982911027546867e-23, nan 
13.875, 64.375, 2.417113909876073e-23, nan 
14.125, 64.375, 1.9608266064921185e-23, nan 
14.375, 64.375, 1.1078331106636674e-23, nan 
14.625, 64.375, 1.6284148460514937e-23, nan 
14.875, 64.375, 1.819895650957777e-23, nan 
15.125, 64.375, 1.3864368643133622e-23, nan 
15.375, 64.375, 1.8449326621814027e-23, nan 
15.625, 64.375, 1.720060528810302e-23, nan 
15.875, 64.375, 1.4073684903550654e-23, nan 
16.125, 64.375, 2.099011550707553e-23, nan 
16.375, 64.375, 4.362186287049154e-23, nan 
16.625, 64.375, 3.5667067035394135e-23, nan 
16.875, 64.375, 2.4088214237806402e-23, nan 
17.125, 64.375, 8.579388068232475e-24, nan 
17.375, 64.375, 2.2673898887175844e-23, nan 
17.625, 64.375, 2.225933763203817e-23, nan 
17.875, 64.375, 2.2661434146439885e-23, nan 
18.125, 64.375, 3.234636823360135e-23, nan 
18.375, 64.375, 2.2210718247232166e-23, nan 
18.625, 64.375, 1.828396588005432e-23, nan 
18.875, 64.375, 9.151311533584139e-24, nan 
19.125, 64.375, 1.4001786532263115e-23, nan 
19.375, 64.375, 9.816974165298045e-24, nan 
19.625, 64.375, 2.0864142239017128e-23, nan 
19.875, 64.375, 2.687037758458002e-23, nan 
20.125, 64.375, 1.8905164251137968e-23, nan 
20.375, 64.375, 1.6357301147083873e-23, nan 
20.625, 64.375, 1.0851049265685107e-23, nan 
20.875, 64.375, 1.5757940676770172e-23, nan 
21.125, 64.375, 1.962333723145857e-23, nan 
21.375, 64.375, 2.3285817661288213e-23, nan 
21.625, 64.375, 2.2258911951354067e-23, nan 
21.875, 64.375, 2.8090141383273456e-23, nan 
22.125, 64.375, 3.326717914512003e-23, nan 
22.375, 64.375, 3.0901528494181546e-23, nan 
22.625, 64.375, 1.7738064876988474e-23, nan 
22.875, 64.375, 1.9550205591494076e-23, nan 
23.125, 64.375, 2.514251835582193e-23, nan 
23.375, 64.375, 4.0928196428044537e-23, nan 
23.625, 64.375, 3.597172630463795e-23, nan 
23.875, 64.375, 2.3394313078320048e-23, nan 
24.125, 64.375, 1.7522514069374843e-23, nan 
24.375, 64.375, 1.41005773216028e-23, nan 
24.625, 64.375, 1.2680267716263655e-23, nan 
24.875, 64.375, 1.6957651844975476e-23, nan 
25.125, 64.375, 1.9088009767451733e-23, nan 
25.375, 64.375, 2.161686748832488e-23, nan 
25.625, 64.375, 1.45790366384488e-23, nan 
25.875, 64.375, 8.105051427759349e-24, nan 
26.125, 64.375, 1.456618949633577e-23, nan 
26.375, 64.375, 1.0540589996252861e-23, nan 
26.625, 64.375, 6.008902990336419e-24, nan 
26.875, 64.375, 3.2315638599215465e-24, nan 
27.125, 64.375, 6.511479640220492e-24, nan 
27.375, 64.375, 4.6358283827684795e-24, nan 
27.625, 64.375, 6.861487445149113e-24, nan 
27.875, 64.375, 9.494270853325489e-24, nan 
28.125, 64.375, 9.45161191690541e-24, nan 
28.375, 64.375, 1.490790778965051e-23, nan 
28.625, 64.375, 2.4232699683149408e-23, nan 
28.875, 64.375, 1.72173733194185e-23, nan 
29.125, 64.375, 2.1554333407877384e-23, nan 
29.375, 64.375, 3.313536362179192e-23, nan 
29.625, 64.375, 3.0110830075785104e-23, nan 
29.875, 64.375, 2.811144557799188e-23, nan 
30.125, 64.375, 2.2633837833023954e-23, nan 
30.375, 64.375, 2.0660866990900474e-23, nan 
30.625, 64.375, 2.2544341049475118e-23, nan 
30.875, 64.375, 1.2477835436073756e-23, nan 
31.125, 64.375, 2.0273254077277764e-23, nan 
31.375, 64.375, 1.0777834912520504e-23, nan 
31.625, 64.375, 5.1121274792525825e-24, nan 
31.875, 64.375, 1.0409687966164319e-23, nan 
32.125, 64.375, 7.751684003153804e-24, nan 
32.375, 64.375, 2.47172840181209e-24, nan 
32.625, 64.375, 4.919400197018366e-24, nan 
32.875, 64.375, 4.805956225184043e-24, nan 
33.125, 64.375, 5.500895634047788e-24, nan 
33.375, 64.375, 7.392321217320174e-24, nan 
33.625, 64.375, 5.410465788832069e-24, nan 
33.875, 64.375, 7.43325580242492e-24, nan 
34.125, 64.375, 1.365065933011264e-23, nan 
34.375, 64.375, 6.592050180588496e-24, nan 
34.625, 64.375, 9.084319365188546e-24, nan 
34.875, 64.375, 1.1876869565288554e-23, nan 
35.125, 64.375, 9.380194862113457e-24, nan 
35.375, 64.375, 5.3331423304230195e-24, nan 
35.625, 64.375, 7.367878092977146e-24, nan 
35.875, 64.375, 1.2555637238147036e-23, nan 
36.125, 64.375, 1.0162929250385728e-23, nan 
36.375, 64.375, 4.460725813581163e-24, nan 
36.625, 64.375, 6.391943451288159e-24, nan 
36.875, 64.375, 4.668783713132058e-24, nan 
37.125, 64.375, 7.92222786850851e-24, nan 
37.375, 64.375, 8.944307746400179e-24, nan 
37.625, 64.375, 8.402584236870336e-24, nan 
37.875, 64.375, 5.203560010327578e-24, nan 
38.125, 64.375, 4.214250863232678e-24, nan 
38.375, 64.375, 4.025975632308251e-24, nan 
38.625, 64.375, 7.090641153123851e-24, nan 
38.875, 64.375, 5.8088021074350205e-24, nan 
39.125, 64.375, 7.077152235975486e-24, nan 
39.375, 64.375, 6.768235381988996e-24, nan 
39.625, 64.375, 4.847575341750878e-24, nan 
39.875, 64.375, 3.2750308584573315e-24, nan 
40.125, 64.375, 9.399486944867326e-25, nan 
40.375, 64.375, 3.1682370394691e-24, nan 
40.625, 64.375, 4.902084809441537e-24, nan 
40.875, 64.375, 2.5658598321167544e-24, nan 
41.125, 64.375, 5.764987225912644e-24, nan 
41.375, 64.375, 5.9713399536991776e-24, nan 
41.625, 64.375, 6.499974266372303e-24, nan 
41.875, 64.375, 5.299290570279933e-24, nan 
42.125, 64.375, 3.588854421335837e-24, nan 
42.375, 64.375, 6.4697734676600815e-24, nan 
42.625, 64.375, 5.507081884282871e-24, nan 
42.875, 64.375, 7.516404994066241e-24, nan 
43.125, 64.375, 6.716664267999193e-24, nan 
43.375, 64.375, 7.227965792944856e-24, nan 
43.625, 64.375, 6.628668757071724e-24, nan 
43.875, 64.375, 7.206243511176375e-24, nan 
44.125, 64.375, 8.23865572739636e-24, nan 
44.375, 64.375, 7.646843720371494e-24, nan 
44.625, 64.375, 7.369455751701123e-24, nan 
44.875, 64.375, 8.641684389904825e-24, nan 
45.125, 64.375, 6.315438880087429e-24, nan 
45.375, 64.375, 6.0466204074680936e-24, nan 
45.625, 64.375, 7.222791501631546e-24, nan 
45.875, 64.375, 4.5380906317641576e-24, nan 
46.125, 64.375, 4.2429457304628704e-24, nan 
46.375, 64.375, 3.371070333690873e-24, nan 
46.625, 64.375, 5.080451914488312e-24, nan 
46.875, 64.375, 5.850508222805901e-24, nan 
47.125, 64.375, 6.201159039082098e-24, nan 
47.375, 64.375, 3.868380831105885e-24, nan 
47.625, 64.375, 4.471977065801444e-24, nan 
47.875, 64.375, 4.645014758880947e-24, nan 
-121.125, 64.625, 1.919482041144793e-24, nan 
-120.875, 64.625, 1.5283255718157713e-24, nan 
-120.625, 64.625, 9.265351178697052e-25, nan 
-120.375, 64.625, 7.205294121110866e-25, nan 
-120.125, 64.625, 7.838599402134138e-25, nan 
-119.875, 64.625, 6.677668212446996e-25, nan 
-119.625, 64.625, 7.0759720606167e-25, nan 
-119.375, 64.625, 9.596665019653684e-25, nan 
-119.125, 64.625, 1.1540623997212566e-24, nan 
-118.875, 64.625, 1.805406392511425e-24, nan 
-118.625, 64.625, 1.8005132262182695e-24, nan 
-118.375, 64.625, 1.5968260176397205e-24, nan 
-118.125, 64.625, 2.6182099998529e-24, nan 
-117.875, 64.625, 2.5001802274585645e-24, nan 
-117.625, 64.625, 2.5644432241885173e-24, nan 
-117.375, 64.625, 2.1742484367280164e-24, nan 
-117.125, 64.625, 1.921615256785505e-24, nan 
-116.875, 64.625, 2.7891887844816598e-24, nan 
-116.625, 64.625, 2.332128758105332e-24, nan 
-116.375, 64.625, 2.5859481045353947e-24, nan 
-116.125, 64.625, 2.366002387879167e-24, nan 
-115.875, 64.625, 2.6146447941221594e-24, nan 
-115.625, 64.625, 2.6909740234930838e-24, nan 
-115.375, 64.625, 3.2872702084102605e-24, nan 
-115.125, 64.625, 3.605899112522421e-24, nan 
-114.875, 64.625, 3.733197884312398e-24, nan 
-114.625, 64.625, 3.809792945784987e-24, nan 
-114.375, 64.625, 3.395515617197623e-24, nan 
-114.125, 64.625, 3.016481538074099e-24, nan 
-113.875, 64.625, 2.933769057118048e-24, nan 
-113.625, 64.625, 2.6971365577059155e-24, nan 
-113.375, 64.625, 2.3606695767989692e-24, nan 
-113.125, 64.625, 2.5438609740440732e-24, nan 
-112.875, 64.625, 2.5818912413978173e-24, nan 
-112.625, 64.625, 2.6710600481880574e-24, nan 
-112.375, 64.625, 2.879336026465079e-24, nan 
-112.125, 64.625, 3.1648988567689213e-24, nan 
-111.875, 64.625, 2.9473001502694528e-24, nan 
-111.625, 64.625, 2.8888663780893416e-24, nan 
-111.375, 64.625, 2.8512409666015782e-24, nan 
-111.125, 64.625, 2.7335732046148787e-24, nan 
-110.875, 64.625, 2.628913832448825e-24, nan 
-110.625, 64.625, 2.783384276053393e-24, nan 
-110.375, 64.625, 2.855454168620581e-24, nan 
-110.125, 64.625, 3.9764386261918755e-24, nan 
-109.875, 64.625, 5.7803304038460456e-24, nan 
-109.625, 64.625, 5.7729497291857185e-24, nan 
-109.375, 64.625, 5.188551642135419e-24, nan 
-109.125, 64.625, 4.853911052707368e-24, nan 
-108.875, 64.625, 3.687715342558611e-24, nan 
-108.625, 64.625, 2.9753420657369685e-24, nan 
-108.375, 64.625, 3.0178335780428877e-24, nan 
-108.125, 64.625, 2.7615462559562555e-24, nan 
-107.875, 64.625, 2.5476685933396076e-24, nan 
-107.625, 64.625, 2.6866275713839145e-24, nan 
-107.375, 64.625, 2.3975885241988168e-24, nan 
-107.125, 64.625, 2.905211587944293e-24, nan 
-106.875, 64.625, 2.8883200235643227e-24, nan 
-106.625, 64.625, 3.2385095227342225e-24, nan 
-106.375, 64.625, 3.0436166057369305e-24, nan 
-106.125, 64.625, 2.8312978709971064e-24, nan 
-105.875, 64.625, 2.7295776551192773e-24, nan 
-105.625, 64.625, 2.6853746215670866e-24, nan 
-105.375, 64.625, 2.9478988562384307e-24, nan 
-105.125, 64.625, 3.822353780443918e-24, nan 
-104.875, 64.625, 3.2479171008336176e-24, nan 
-104.625, 64.625, 2.9167631602335713e-24, nan 
-104.375, 64.625, 3.763047085430267e-24, nan 
-104.125, 64.625, 4.510195158612528e-24, nan 
-103.875, 64.625, 3.865318471909874e-24, nan 
-103.625, 64.625, 3.5139874608203824e-24, nan 
-103.375, 64.625, 5.063299820386196e-24, nan 
-103.125, 64.625, 4.066692154552211e-24, nan 
-102.875, 64.625, 3.715748611342251e-24, nan 
-102.625, 64.625, 2.4941867458019805e-24, nan 
-102.375, 64.625, 1.9743553935719815e-24, nan 
-102.125, 64.625, 2.1245221368319938e-24, nan 
-101.875, 64.625, 1.5861420571773087e-24, nan 
-101.625, 64.625, 1.9772678362001816e-24, nan 
-101.375, 64.625, 2.125949490989185e-24, nan 
-101.125, 64.625, 2.3418651410005266e-24, nan 
-100.875, 64.625, 2.1871085853340886e-24, nan 
-100.625, 64.625, 2.669926741437496e-24, nan 
-100.375, 64.625, 3.319982710973567e-24, nan 
-100.125, 64.625, 4.037767045854635e-24, nan 
-99.875, 64.625, 3.523907837800072e-24, nan 
-99.625, 64.625, 3.453645731119003e-24, nan 
-99.375, 64.625, 4.027419117797469e-24, nan 
-99.125, 64.625, 4.7093331477741715e-24, nan 
-98.875, 64.625, 4.3565470555312496e-24, nan 
-98.625, 64.625, 4.980945203005456e-24, nan 
-98.375, 64.625, 5.678243016077244e-24, nan 
-98.125, 64.625, 4.478621521017076e-24, nan 
-97.875, 64.625, 4.473867476143999e-24, nan 
-97.625, 64.625, 5.490500306801367e-24, nan 
-97.375, 64.625, 4.136290881681241e-24, nan 
-97.125, 64.625, 5.169705478363744e-24, nan 
-96.875, 64.625, 4.9496399365619344e-24, nan 
-96.625, 64.625, 3.9566674664731326e-24, nan 
-96.375, 64.625, 4.071546696174318e-24, nan 
-96.125, 64.625, 3.865494791216611e-24, nan 
-95.875, 64.625, 4.061702300853814e-24, nan 
-95.625, 64.625, 3.464709529858829e-24, nan 
-95.375, 64.625, 4.3528730808448674e-24, nan 
-95.125, 64.625, 4.212468308956878e-24, nan 
-94.875, 64.625, 4.20553761265578e-24, nan 
-94.625, 64.625, 3.585008196030267e-24, nan 
-94.375, 64.625, 4.397266882753562e-24, nan 
-94.125, 64.625, 6.095265123876496e-24, nan 
-93.875, 64.625, 4.499246804628108e-24, nan 
-93.625, 64.625, 5.1133301923200754e-24, nan 
-93.375, 64.625, 1.4188149133543464e-23, nan 
-93.125, 64.625, 9.482384678800334e-24, nan 
-92.875, 64.625, 1.3072600851491372e-23, nan 
-92.625, 64.625, 1.3254066074610483e-23, nan 
-92.375, 64.625, 1.0272754322270411e-23, nan 
-92.125, 64.625, 1.132029766949778e-23, nan 
-91.875, 64.625, 9.71787454664597e-24, nan 
-91.625, 64.625, 8.147725190304087e-24, nan 
-91.375, 64.625, 7.025938729037805e-24, nan 
-91.125, 64.625, 5.833178271109679e-24, nan 
-90.875, 64.625, 6.044848776787099e-24, nan 
-90.625, 64.625, 6.3205039753917054e-24, nan 
-90.375, 64.625, 6.2980740571875104e-24, nan 
-90.125, 64.625, 6.853948688506984e-24, nan 
-89.875, 64.625, 6.521916433472123e-24, nan 
-89.625, 64.625, 6.124025561905228e-24, nan 
-89.375, 64.625, 6.5772716705592475e-24, nan 
-89.125, 64.625, 7.336392484299718e-24, nan 
-88.875, 64.625, 7.652795421895655e-24, nan 
-88.625, 64.625, 7.137627710206729e-24, nan 
-88.375, 64.625, 7.154503655968102e-24, nan 
-88.125, 64.625, 8.104821948625211e-24, nan 
-87.875, 64.625, 8.021104667204702e-24, nan 
-87.625, 64.625, 8.8476230225802e-24, nan 
-87.375, 64.625, 9.819697891487552e-24, nan 
-87.125, 64.625, 1.0351233087611433e-23, nan 
-86.875, 64.625, 9.89436799863459e-24, nan 
-86.625, 64.625, 9.10984713246951e-24, nan 
-86.375, 64.625, 1.0275203598581389e-23, nan 
-86.125, 64.625, 1.002007671931601e-23, nan 
-85.875, 64.625, 9.797962541438797e-24, nan 
-85.625, 64.625, 8.693172384542772e-24, nan 
-85.375, 64.625, 7.653272077765616e-24, nan 
-85.125, 64.625, 8.381499642495298e-24, nan 
-84.875, 64.625, 1.1298942530333847e-23, nan 
-84.625, 64.625, 1.2041714215058241e-23, nan 
-84.375, 64.625, 1.2514405477548496e-23, nan 
-84.125, 64.625, 1.2075355156052522e-23, nan 
-83.875, 64.625, 1.225434915129214e-23, nan 
-83.625, 64.625, 1.0828249006945329e-23, nan 
-83.375, 64.625, 1.0876967720996361e-23, nan 
-83.125, 64.625, 1.085564468393549e-23, nan 
-82.875, 64.625, 1.1044734758768841e-23, nan 
-82.625, 64.625, 1.1644443835923698e-23, nan 
-82.375, 64.625, 1.0476758033478428e-23, nan 
-82.125, 64.625, 1.1213376742521045e-23, nan 
-81.875, 64.625, 1.0731213771586573e-23, nan 
-81.625, 64.625, 1.1175600847557993e-23, nan 
-81.375, 64.625, 1.1394312908961794e-23, nan 
-81.125, 64.625, 1.3807722224725058e-23, nan 
-80.875, 64.625, 1.3887951049845165e-23, nan 
-80.625, 64.625, 1.2772823707954844e-23, nan 
-80.375, 64.625, 1.417926976608907e-23, nan 
-80.125, 64.625, 1.9872483396795865e-23, nan 
-79.875, 64.625, 2.165860672199129e-23, nan 
-79.625, 64.625, 1.3485747059958945e-23, nan 
-79.375, 64.625, 8.649622082877967e-24, nan 
-79.125, 64.625, 1.0754546890056864e-23, nan 
-78.875, 64.625, 1.2062830096297415e-23, nan 
-78.625, 64.625, 9.47027413661727e-24, nan 
-78.375, 64.625, 1.0609203105946228e-23, nan 
-78.125, 64.625, 9.499370055894253e-24, nan 
-77.875, 64.625, 1.0714294332452106e-23, nan 
-77.625, 64.625, 9.205018689302123e-24, nan 
-77.375, 64.625, 9.561092042293804e-24, nan 
-77.125, 64.625, 1.4695201763910098e-23, nan 
-76.875, 64.625, 2.1776350500843694e-23, nan 
-76.625, 64.625, 2.4235264720138417e-23, nan 
-76.375, 64.625, 1.85119423442425e-23, nan 
-76.125, 64.625, 2.3711485482925842e-23, nan 
-75.875, 64.625, 2.5299876689477434e-23, nan 
-75.625, 64.625, 1.8834516462088357e-23, nan 
-75.375, 64.625, 1.8122877596308864e-23, nan 
-75.125, 64.625, 1.8323427609213087e-23, nan 
-74.875, 64.625, 2.011165494424473e-23, nan 
-74.625, 64.625, 2.103108652738381e-23, nan 
-74.375, 64.625, 1.711670868137577e-23, nan 
-74.125, 64.625, 1.6705519105324188e-23, nan 
-73.875, 64.625, 1.7533022010766096e-23, nan 
-73.625, 64.625, 2.4157454244477662e-23, nan 
-73.375, 64.625, 2.0820058344314273e-23, nan 
-73.125, 64.625, 2.1188336074136235e-23, nan 
-72.875, 64.625, 2.0268869108820652e-23, nan 
-72.625, 64.625, 2.3456114129112198e-23, nan 
-72.375, 64.625, 1.8232174478070595e-23, nan 
-72.125, 64.625, 2.3419141230723322e-23, nan 
-71.875, 64.625, 2.098503149061557e-23, nan 
-71.625, 64.625, 2.1573148747102025e-23, nan 
-71.375, 64.625, 2.2858662360446258e-23, nan 
-71.125, 64.625, 2.079108199511926e-23, nan 
-70.875, 64.625, 2.544061405601973e-23, nan 
-70.625, 64.625, 2.236634077432491e-23, nan 
-70.375, 64.625, 2.3180516268459165e-23, nan 
-70.125, 64.625, 2.3483350925082532e-23, nan 
-69.875, 64.625, 2.4548031034818986e-23, nan 
-69.625, 64.625, 2.3756702622813016e-23, nan 
-69.375, 64.625, 2.5078002386218477e-23, nan 
-69.125, 64.625, 2.7021687910149303e-23, nan 
-68.875, 64.625, 2.487860879996473e-23, nan 
-68.625, 64.625, 2.8128558260041805e-23, nan 
-68.375, 64.625, 2.5265965320569376e-23, nan 
-68.125, 64.625, 2.84582650114347e-23, nan 
-67.875, 64.625, 2.8359365791676026e-23, nan 
-67.625, 64.625, 2.8643752527554715e-23, nan 
-67.375, 64.625, 2.7185730999834287e-23, nan 
-67.125, 64.625, 2.6936839406023275e-23, nan 
-66.875, 64.625, 3.8471012380036117e-23, nan 
-66.625, 64.625, 5.651670079662518e-23, nan 
-66.375, 64.625, 2.8730758263438205e-23, nan 
-66.125, 64.625, 4.1641950189384584e-23, nan 
-65.875, 64.625, 5.1824432045837436e-23, nan 
-65.625, 64.625, 4.640245359843026e-23, nan 
-65.375, 64.625, 3.9522079622251136e-23, nan 
-65.125, 64.625, 4.3800018114703125e-23, nan 
-64.875, 64.625, 4.573884619036322e-23, nan 
-64.625, 64.625, 5.2146240309214917e-23, nan 
-64.375, 64.625, 3.8892588639391085e-23, nan 
-64.125, 64.625, 4.0140830604739945e-23, nan 
-63.875, 64.625, 3.724888975225536e-23, nan 
-63.625, 64.625, 3.0103661210140353e-23, nan 
-63.375, 64.625, 3.4121992890701325e-23, nan 
-63.125, 64.625, 3.996362365227286e-23, nan 
-62.875, 64.625, 5.074423085192647e-23, nan 
-62.625, 64.625, 4.263501117682429e-23, nan 
-62.375, 64.625, 5.351203225092574e-23, nan 
-62.125, 64.625, 5.595763596561057e-23, nan 
-61.875, 64.625, 4.428610848174183e-23, nan 
-61.625, 64.625, 3.8900122795811043e-23, nan 
-61.375, 64.625, 3.9200269045611786e-23, nan 
-61.125, 64.625, 3.636772159889633e-23, nan 
-60.875, 64.625, 3.5697997552226973e-23, nan 
-60.625, 64.625, 3.563186444213659e-23, nan 
-60.375, 64.625, 4.7208954461203076e-23, nan 
-60.125, 64.625, 4.4412365239597484e-23, nan 
-59.875, 64.625, 3.534064004269841e-23, nan 
-59.625, 64.625, 4.060762234021412e-23, nan 
-59.375, 64.625, 2.2402069798022432e-23, nan 
-59.125, 64.625, 9.232672743523892e-24, nan 
-58.875, 64.625, 5.1253271492566855e-23, nan 
-58.625, 64.625, 5.302266385725e-23, nan 
-58.375, 64.625, 7.166300823144486e-23, nan 
-58.125, 64.625, 6.598740104727797e-23, nan 
-57.875, 64.625, 7.03406713115418e-23, nan 
-57.625, 64.625, 6.147811142863805e-23, nan 
-57.375, 64.625, 5.343932066419422e-23, nan 
-57.125, 64.625, 6.47125394783325e-23, nan 
-56.875, 64.625, 4.6653151199616317e-23, nan 
-56.625, 64.625, 5.2246578628258034e-23, nan 
-56.375, 64.625, 5.432145764381589e-23, nan 
-56.125, 64.625, 5.651935628155417e-23, nan 
-55.875, 64.625, 7.109466311658909e-23, nan 
-55.625, 64.625, 6.644252236252062e-23, nan 
-55.375, 64.625, 5.807353374619192e-23, nan 
-55.125, 64.625, 4.548348701795448e-23, nan 
-54.875, 64.625, 5.384016984042094e-23, nan 
-54.625, 64.625, 5.363930011931152e-23, nan 
-54.375, 64.625, 5.096271143513392e-23, nan 
-54.125, 64.625, 7.0402087609627e-23, nan 
-53.875, 64.625, 4.2897275166926614e-23, nan 
-53.625, 64.625, 3.7975015415860596e-23, nan 
-53.375, 64.625, 4.625416383535164e-23, nan 
-53.125, 64.625, 2.8621121332900696e-23, nan 
-52.875, 64.625, 3.8069303555962515e-23, nan 
-52.625, 64.625, 4.2201574561543024e-23, nan 
-52.375, 64.625, 5.846230035891397e-23, nan 
-52.125, 64.625, 1.2479846886280459e-22, nan 
-51.875, 64.625, 1.1550207535385424e-22, nan 
-51.625, 64.625, 1.247379077939149e-22, nan 
-51.375, 64.625, 1.4931001983324492e-22, nan 
-51.125, 64.625, 1.1573539781528757e-22, nan 
-50.875, 64.625, 8.677895743307231e-23, nan 
-50.625, 64.625, 4.845396920645199e-23, nan 
-50.375, 64.625, 3.631398516552766e-23, nan 
-50.125, 64.625, 3.403148750501143e-23, nan 
-49.875, 64.625, 4.9159209340723325e-23, nan 
-49.625, 64.625, 7.244387168029517e-23, nan 
-49.375, 64.625, 7.848518022508213e-23, nan 
-49.125, 64.625, 8.021260474566704e-23, nan 
-48.875, 64.625, 7.951633910292796e-23, nan 
-48.625, 64.625, 5.706129223336851e-23, nan 
-48.375, 64.625, 3.5562152621678985e-23, nan 
-48.125, 64.625, 2.88194734971135e-23, nan 
-47.875, 64.625, 3.7518416175495645e-23, nan 
-47.625, 64.625, 3.523303472282066e-23, nan 
-47.375, 64.625, 4.3549700376359543e-23, nan 
-47.125, 64.625, 2.490984934363688e-23, nan 
-46.875, 64.625, 5.414892267612976e-23, nan 
-46.625, 64.625, 7.620897230247437e-23, nan 
-46.375, 64.625, 6.29611992702399e-23, nan 
-46.125, 64.625, 4.2229479240627845e-23, nan 
-45.875, 64.625, 4.978207230569494e-23, nan 
-45.625, 64.625, 5.362264325055185e-23, nan 
-45.375, 64.625, 1.1057496262117912e-22, nan 
-45.125, 64.625, 1.6567343843435563e-22, nan 
-44.875, 64.625, 8.409811636024601e-23, nan 
-44.625, 64.625, 1.629950021199779e-22, nan 
-44.375, 64.625, 2.0777235963876279e-22, nan 
-44.125, 64.625, 1.169827083769045e-22, nan 
-43.875, 64.625, 2.4706950832789254e-22, nan 
-43.625, 64.625, 2.0312706663403592e-22, nan 
-43.375, 64.625, 1.6670221893133735e-22, nan 
-43.125, 64.625, 2.2104019816652206e-22, nan 
-42.875, 64.625, 1.7441532144259208e-22, nan 
-42.625, 64.625, 1.2008846703908389e-22, nan 
-42.375, 64.625, 9.461378319512138e-23, nan 
-42.125, 64.625, 7.786772783898584e-23, nan 
-41.875, 64.625, 1.0476422286672667e-22, nan 
-41.625, 64.625, 6.153979535029456e-23, nan 
-41.375, 64.625, 7.053765312133559e-23, nan 
-41.125, 64.625, 8.993363961449553e-23, nan 
-40.875, 64.625, 6.19258767109275e-23, nan 
-40.625, 64.625, 9.024849823833731e-23, nan 
-40.375, 64.625, 7.760843733476725e-23, nan 
-40.125, 64.625, 6.001273169952299e-23, nan 
-39.875, 64.625, 8.058446002602612e-23, nan 
-39.625, 64.625, 9.959193183742856e-23, nan 
-39.375, 64.625, 9.788594548563101e-23, nan 
-39.125, 64.625, 1.2689103206917142e-22, nan 
-38.875, 64.625, 1.0707928530976484e-22, nan 
-38.625, 64.625, 5.995635038469826e-23, nan 
-38.375, 64.625, 2.1130593098182505e-23, nan 
-38.125, 64.625, 6.3282624459702e-23, nan 
-37.875, 64.625, 4.5639064277907866e-23, nan 
-37.625, 64.625, 6.358953285394425e-23, nan 
-37.375, 64.625, 1.0107907339458856e-22, nan 
-37.125, 64.625, 6.840618925609304e-23, nan 
-36.875, 64.625, 7.361923571489271e-23, nan 
-36.625, 64.625, 1.4060135633534327e-22, nan 
-36.375, 64.625, 1.0738786728782345e-22, nan 
-36.125, 64.625, 1.117758881187935e-22, nan 
-35.875, 64.625, 1.3503987506739962e-22, nan 
-35.625, 64.625, 1.2299622746674779e-22, nan 
-35.375, 64.625, 1.1869668017769938e-22, nan 
-35.125, 64.625, 1.0846960136019194e-22, nan 
-34.875, 64.625, 1.213110900687382e-22, nan 
-34.625, 64.625, 1.122846494578675e-22, nan 
-34.375, 64.625, 6.363203562048826e-23, nan 
-34.125, 64.625, 1.0349851264191921e-22, nan 
-33.875, 64.625, 1.0229059557545768e-22, nan 
-33.625, 64.625, 4.890325276784944e-23, nan 
-33.375, 64.625, 4.991178140899523e-23, nan 
-33.125, 64.625, 8.943553795183637e-23, nan 
-32.875, 64.625, 1.3435301238324405e-22, nan 
-32.625, 64.625, 9.648325935290478e-23, nan 
-32.375, 64.625, 4.790733909205833e-23, nan 
-32.125, 64.625, 1.107278669275952e-22, nan 
-31.875, 64.625, 1.118787075393596e-22, nan 
-31.625, 64.625, 8.154959521965341e-23, nan 
-31.375, 64.625, 1.411088074671954e-22, nan 
-31.125, 64.625, 1.299909026259892e-22, nan 
-30.875, 64.625, 1.263568149452773e-22, nan 
-30.625, 64.625, 1.0397236933430662e-22, nan 
-30.375, 64.625, 9.605910113294952e-23, nan 
-30.125, 64.625, 1.069888683654189e-22, nan 
-29.875, 64.625, 2.3180780746907315e-22, nan 
-29.625, 64.625, 1.74801469160818e-22, nan 
-29.375, 64.625, 1.014105606299941e-22, nan 
-29.125, 64.625, 1.3844569188621336e-22, nan 
-28.875, 64.625, 1.1998299686095845e-22, nan 
-28.625, 64.625, 1.3117895195036668e-22, nan 
-28.375, 64.625, 1.0405455987430877e-22, nan 
-28.125, 64.625, 5.399351652643865e-23, nan 
-27.875, 64.625, 9.393161234918773e-23, nan 
-27.625, 64.625, 1.0140336297722736e-22, nan 
-27.375, 64.625, 9.416785624850368e-23, nan 
-27.125, 64.625, 1.5026560002138597e-22, nan 
-26.875, 64.625, 1.358374536430754e-22, nan 
-26.625, 64.625, 8.336888437694926e-23, nan 
-26.375, 64.625, 1.0153973086504037e-22, nan 
-26.125, 64.625, 1.4016708467340894e-22, nan 
-25.875, 64.625, 1.5422801058677053e-22, nan 
-25.625, 64.625, 9.416269700209288e-23, nan 
-25.375, 64.625, 7.604478134294619e-23, nan 
-25.125, 64.625, 7.324563985939144e-23, nan 
-24.875, 64.625, 9.407521845715064e-23, nan 
-24.625, 64.625, 1.0755324345647998e-22, nan 
-24.375, 64.625, 8.2274069829433e-23, nan 
-24.125, 64.625, 1.1993944388695142e-22, nan 
-23.875, 64.625, 1.344601637469379e-22, nan 
-23.625, 64.625, 8.018929525529596e-23, nan 
-23.375, 64.625, 4.4100043582139504e-23, nan 
-23.125, 64.625, 7.114084157516563e-23, nan 
-22.875, 64.625, 4.115158483674225e-23, nan 
-22.625, 64.625, 5.209239507240234e-23, nan 
-22.375, 64.625, 4.893021131565471e-23, nan 
-22.125, 64.625, 6.51113630526395e-23, nan 
-21.875, 64.625, 8.755044776681909e-23, nan 
-21.625, 64.625, 1.419105197138013e-22, nan 
-21.375, 64.625, 1.5552555949319822e-22, nan 
-21.125, 64.625, 8.685431774138856e-23, nan 
-20.875, 64.625, 9.707068349456834e-23, nan 
-20.625, 64.625, 1.39516216575083e-22, nan 
-20.375, 64.625, 9.552475774211221e-23, nan 
-20.125, 64.625, 9.733022695981543e-23, nan 
-19.875, 64.625, 7.672996634289835e-23, nan 
-19.625, 64.625, 6.698722303281297e-23, nan 
-19.375, 64.625, 6.85846555936107e-23, nan 
-19.125, 64.625, 6.927870260397534e-23, nan 
-18.875, 64.625, 7.405053823300584e-23, nan 
-18.625, 64.625, 7.385368752635933e-23, nan 
-18.375, 64.625, 4.295494015837089e-23, nan 
-18.125, 64.625, 1.3630299496765545e-22, nan 
-17.875, 64.625, 1.9752289648094242e-22, nan 
-17.625, 64.625, 1.4818008931607706e-22, nan 
-17.375, 64.625, 1.731296979180165e-22, nan 
-17.125, 64.625, 2.211151235041078e-22, nan 
-16.875, 64.625, 1.1583785408500415e-22, nan 
-16.625, 64.625, 7.718568299128009e-23, nan 
-16.375, 64.625, 6.106148496079615e-23, nan 
-16.125, 64.625, 8.52862315445965e-23, nan 
-15.875, 64.625, 8.348587893576253e-23, nan 
-15.625, 64.625, 7.257501610885334e-23, nan 
-15.375, 64.625, 1.3001310998414872e-22, nan 
-15.125, 64.625, 1.8393697396898021e-22, nan 
-14.875, 64.625, 1.0696569179153653e-22, nan 
-14.625, 64.625, 1.6335560237605363e-22, nan 
-14.375, 64.625, 2.3200458164981996e-22, nan 
-14.125, 64.625, 1.7735941232330084e-22, nan 
-13.875, 64.625, 1.5751455006241888e-22, nan 
-13.625, 64.625, 1.368691511309878e-22, nan 
-13.375, 64.625, 3.2268881729559527e-22, nan 
-13.125, 64.625, 5.383847987030624e-22, nan 
-12.875, 64.625, 8.242117550055856e-22, nan 
-12.625, 64.625, 1.1322259828043853e-21, nan 
-12.375, 64.625, 1.512217144933017e-21, nan 
-12.125, 64.625, 1.3417711386122234e-21, nan 
-11.875, 64.625, 1.7244872052374496e-21, nan 
-11.625, 64.625, 3.983185075963539e-21, nan 
-11.375, 64.625, 5.843234608842332e-21, nan 
-11.125, 64.625, 4.9576647023375356e-21, nan 
-10.875, 64.625, 5.049733924420223e-21, nan 
-10.625, 64.625, 6.627586018917682e-21, nan 
-10.375, 64.625, 4.363655266195401e-21, nan 
-10.125, 64.625, 2.307693866356459e-21, nan 
-9.875, 64.625, 5.250124328533706e-22, nan 
-9.625, 64.625, 2.9011153402911165e-22, nan 
-9.375, 64.625, 1.4863122529248633e-22, nan 
-9.125, 64.625, 3.4664910404391215e-22, nan 
-8.875, 64.625, 2.24827743424222e-22, nan 
-8.625, 64.625, 1.5998147098819866e-22, nan 
-8.375, 64.625, 8.805746244371913e-22, nan 
-8.125, 64.625, 2.679997529670547e-21, nan 
-7.875, 64.625, 4.8372398511221174e-21, nan 
-7.625, 64.625, 4.955048696304344e-21, nan 
-7.375, 64.625, 4.488914015630851e-21, nan 
-7.125, 64.625, 4.0775120373595555e-21, nan 
-6.875, 64.625, 3.7946642676252096e-21, nan 
-6.625, 64.625, 2.2485576316901187e-21, nan 
-6.375, 64.625, 1.7446461482000878e-21, nan 
-6.125, 64.625, 1.8441960342225287e-21, nan 
-5.875, 64.625, 1.0758699379632003e-21, nan 
-5.625, 64.625, 1.3608092811852937e-21, nan 
-5.375, 64.625, 1.3906501763030665e-21, nan 
-5.125, 64.625, 6.680579412521668e-22, nan 
-4.875, 64.625, 2.0558700599989166e-22, nan 
-4.625, 64.625, 1.0079520049599642e-22, nan 
-4.375, 64.625, 6.962509114047479e-23, nan 
-4.125, 64.625, 6.553850503169039e-23, nan 
-3.875, 64.625, 4.750419449454937e-23, nan 
-3.625, 64.625, 4.1034422533621187e-23, nan 
-3.375, 64.625, 1.7293923356131316e-23, nan 
-3.125, 64.625, 3.427565583897784e-23, nan 
-2.875, 64.625, 4.7709269374378074e-23, nan 
-2.625, 64.625, 6.99355333364966e-23, nan 
-2.375, 64.625, 3.994064658928215e-23, nan 
-2.125, 64.625, 5.698729484663843e-23, nan 
-1.875, 64.625, 4.9347885136543944e-23, nan 
-1.625, 64.625, 2.825719375313886e-23, nan 
-1.375, 64.625, 6.216716766522238e-23, nan 
-1.125, 64.625, 5.602525475800042e-23, nan 
-0.875, 64.625, 2.1932871540287562e-23, nan 
-0.625, 64.625, 4.960407674025625e-23, nan 
-0.375, 64.625, 4.150689945050139e-23, nan 
-0.125, 64.625, 2.5621001893622448e-23, nan 
0.125, 64.625, 3.926296708528744e-23, nan 
0.375, 64.625, 8.261292452817006e-23, nan 
0.625, 64.625, 5.959846387388665e-23, nan 
0.875, 64.625, 5.417057398487522e-23, nan 
1.125, 64.625, 6.869906221989628e-23, nan 
1.375, 64.625, 6.103873212703433e-23, nan 
1.625, 64.625, 7.913045303421039e-23, nan 
1.875, 64.625, 6.820830076680394e-23, nan 
2.125, 64.625, 5.260779402321706e-23, nan 
2.375, 64.625, 6.176749019198427e-23, nan 
2.625, 64.625, 6.827497722168196e-23, nan 
2.875, 64.625, 8.080398285759258e-23, nan 
3.125, 64.625, 3.8967495363670155e-23, nan 
3.375, 64.625, 3.036821540023017e-23, nan 
3.625, 64.625, 1.1486243803542025e-22, nan 
3.875, 64.625, 6.945297713683291e-23, nan 
4.125, 64.625, 4.0431184307207595e-23, nan 
4.375, 64.625, 5.675747899406301e-23, nan 
4.625, 64.625, 3.4828731704453834e-23, nan 
4.875, 64.625, 5.373186161122075e-23, nan 
5.125, 64.625, 5.1225492546796244e-23, nan 
5.375, 64.625, 5.024955486558028e-23, nan 
5.625, 64.625, 5.613588547600052e-23, nan 
5.875, 64.625, 1.079742360497478e-22, nan 
6.125, 64.625, 1.1117909757124845e-22, nan 
6.375, 64.625, 8.408215429000748e-23, nan 
6.625, 64.625, 1.3674333999397857e-22, nan 
6.875, 64.625, 1.6374147733647435e-22, nan 
7.125, 64.625, 9.575607466776653e-23, nan 
7.375, 64.625, 5.203700387229793e-23, nan 
7.625, 64.625, 6.521303464810083e-23, nan 
7.875, 64.625, 5.52688538705963e-23, nan 
8.125, 64.625, 3.6876453457291876e-23, nan 
8.375, 64.625, 4.008444686925846e-23, nan 
8.625, 64.625, 2.076020814980194e-23, nan 
8.875, 64.625, 2.7375223469220835e-23, nan 
9.125, 64.625, 4.8991044367292764e-23, nan 
9.375, 64.625, 6.016115049864958e-23, nan 
9.625, 64.625, 4.745002748832693e-23, nan 
9.875, 64.625, 6.915260844270408e-23, nan 
10.125, 64.625, 7.263509501033403e-23, nan 
10.375, 64.625, 5.39803232807694e-23, nan 
10.625, 64.625, 5.559963755858344e-23, nan 
10.875, 64.625, 7.314954821469357e-23, nan 
11.125, 64.625, 7.94505367402853e-23, nan 
11.375, 64.625, 9.301052368264185e-23, nan 
11.625, 64.625, 8.757816347613993e-23, nan 
11.875, 64.625, 7.342717252183247e-23, nan 
12.125, 64.625, 8.54076891301531e-23, nan 
12.375, 64.625, 8.264930696188994e-23, nan 
12.625, 64.625, 8.661185173290554e-23, nan 
12.875, 64.625, 6.210533450864652e-23, nan 
13.125, 64.625, 3.3421916155922455e-23, nan 
13.375, 64.625, 3.0561494574444096e-23, nan 
13.625, 64.625, 3.681897814344892e-23, nan 
13.875, 64.625, 2.3917757365956825e-23, nan 
14.125, 64.625, 1.537619103698098e-23, nan 
14.375, 64.625, 1.767358888403552e-23, nan 
14.625, 64.625, 1.3801223792562763e-23, nan 
14.875, 64.625, 9.667605815558304e-24, nan 
15.125, 64.625, 1.2916913146190029e-23, nan 
15.375, 64.625, 1.9122282956864418e-23, nan 
15.625, 64.625, 1.7819208093477385e-23, nan 
15.875, 64.625, 1.4107140740028452e-23, nan 
16.125, 64.625, 1.6485673073379837e-23, nan 
16.375, 64.625, 2.0169154662803243e-23, nan 
16.625, 64.625, 1.8958115408924935e-23, nan 
16.875, 64.625, 1.59612136744643e-23, nan 
17.125, 64.625, 1.3693516168204682e-23, nan 
17.375, 64.625, 2.1372227401478076e-23, nan 
17.625, 64.625, 2.535585221776499e-23, nan 
17.875, 64.625, 2.999038827630553e-23, nan 
18.125, 64.625, 3.076611809913702e-23, nan 
18.375, 64.625, 2.5774062951556538e-23, nan 
18.625, 64.625, 2.8653066941912266e-23, nan 
18.875, 64.625, 2.885742609199782e-23, nan 
19.125, 64.625, 2.5713571777188177e-23, nan 
19.375, 64.625, 1.6941568606093023e-23, nan 
19.625, 64.625, 1.3507284582940237e-23, nan 
19.875, 64.625, 2.0851505228256947e-23, nan 
20.125, 64.625, 1.720331734199189e-23, nan 
20.375, 64.625, 1.581924037195649e-23, nan 
20.625, 64.625, 2.8509494291027705e-23, nan 
20.875, 64.625, 2.1645111981904016e-23, nan 
21.125, 64.625, 6.727181599836282e-24, nan 
21.375, 64.625, 2.081327741326628e-23, nan 
21.625, 64.625, 1.8700989798246316e-23, nan 
21.875, 64.625, 2.308382094951135e-23, nan 
22.125, 64.625, 3.0598032813275175e-23, nan 
22.375, 64.625, 3.290712997420271e-23, nan 
22.625, 64.625, 2.8014507114754453e-23, nan 
22.875, 64.625, 2.8092273646666524e-23, nan 
23.125, 64.625, 2.866970836172101e-23, nan 
23.375, 64.625, 2.657216223121864e-23, nan 
23.625, 64.625, 2.1340550360306012e-23, nan 
23.875, 64.625, 2.021116605680271e-23, nan 
24.125, 64.625, 2.4105623154081303e-23, nan 
24.375, 64.625, 2.610957309003914e-23, nan 
24.625, 64.625, 2.3517125719539814e-23, nan 
24.875, 64.625, 2.0447829866095973e-23, nan 
25.125, 64.625, 1.9451405705187998e-23, nan 
25.375, 64.625, 1.813367086316903e-23, nan 
25.625, 64.625, 1.246212850562007e-23, nan 
25.875, 64.625, 8.864177705762925e-24, nan 
26.125, 64.625, 1.0178940689581186e-23, nan 
26.375, 64.625, 1.3118740989675305e-23, nan 
26.625, 64.625, 7.785525126397709e-24, nan 
26.875, 64.625, 5.106019987560595e-24, nan 
27.125, 64.625, 6.5279059521380035e-24, nan 
27.375, 64.625, 4.397800901869415e-24, nan 
27.625, 64.625, 3.418466167868864e-24, nan 
27.875, 64.625, 3.905009715856795e-24, nan 
28.125, 64.625, 6.3447520506267016e-24, nan 
28.375, 64.625, 8.609093930410078e-24, nan 
28.625, 64.625, 1.3608751817861102e-23, nan 
28.875, 64.625, 9.904739785577867e-24, nan 
29.125, 64.625, 2.5474641998858952e-23, nan 
29.375, 64.625, 2.681269382669847e-23, nan 
29.625, 64.625, 2.6834182974155096e-23, nan 
29.875, 64.625, 2.602931131614821e-23, nan 
30.125, 64.625, 1.4622086347358676e-23, nan 
30.375, 64.625, 2.1080577578288383e-23, nan 
30.625, 64.625, 2.1673363674874706e-23, nan 
30.875, 64.625, 5.0285579370408926e-23, nan 
31.125, 64.625, 1.6645622021521522e-22, nan 
31.375, 64.625, 1.2047580007683302e-22, nan 
31.625, 64.625, 3.066209123105162e-23, nan 
31.875, 64.625, 1.9837254279139638e-23, nan 
32.125, 64.625, 1.711471459973856e-23, nan 
32.375, 64.625, 1.7792117974231763e-23, nan 
32.625, 64.625, 2.0482580630027025e-23, nan 
32.875, 64.625, 3.921245598482031e-24, nan 
33.125, 64.625, 6.083952120671284e-24, nan 
33.375, 64.625, 3.648584141044367e-24, nan 
33.625, 64.625, 5.828208315563991e-24, nan 
33.875, 64.625, 7.474963710745399e-24, nan 
34.125, 64.625, 9.023943130070098e-24, nan 
34.375, 64.625, 5.209965619952974e-24, nan 
34.625, 64.625, 4.278588713382281e-24, nan 
34.875, 64.625, 3.2413189246008746e-24, nan 
35.125, 64.625, 3.3372753145029165e-24, nan 
35.375, 64.625, 3.819724415028041e-24, nan 
35.625, 64.625, 9.639824767028793e-24, nan 
35.875, 64.625, 1.5143023439738903e-23, nan 
36.125, 64.625, 1.3822145912578338e-23, nan 
36.375, 64.625, 9.729753296606103e-24, nan 
36.625, 64.625, 5.288578099979662e-24, nan 
36.875, 64.625, 5.2411912371585364e-24, nan 
37.125, 64.625, 9.08555163625943e-24, nan 
37.375, 64.625, 1.075164171831468e-23, nan 
37.625, 64.625, 9.501168485884432e-24, nan 
37.875, 64.625, 5.6590481216844085e-24, nan 
38.125, 64.625, 5.008253998311508e-24, nan 
38.375, 64.625, 5.142274479049472e-24, nan 
38.625, 64.625, 6.060753303500704e-24, nan 
38.875, 64.625, 5.076215147060894e-24, nan 
39.125, 64.625, 3.3601034942568746e-24, nan 
39.375, 64.625, 2.7505445026933155e-24, nan 
39.625, 64.625, 4.700463610986953e-24, nan 
39.875, 64.625, 1.0432425331179967e-23, nan 
40.125, 64.625, 6.0387066172696995e-24, nan 
40.375, 64.625, 2.6554831798311682e-24, nan 
40.625, 64.625, 4.428017520016718e-24, nan 
40.875, 64.625, 4.02746156409034e-24, nan 
41.125, 64.625, 3.536908416428358e-24, nan 
41.375, 64.625, 5.4551697476307716e-24, nan 
41.625, 64.625, 6.4986230470905524e-24, nan 
41.875, 64.625, 5.600933031048128e-24, nan 
42.125, 64.625, 6.450701174592057e-24, nan 
42.375, 64.625, 7.416568260726939e-24, nan 
42.625, 64.625, 5.422398190249795e-24, nan 
42.875, 64.625, 7.076907237778435e-24, nan 
43.125, 64.625, 8.515172030988034e-24, nan 
43.375, 64.625, 8.904073676165951e-24, nan 
43.625, 64.625, 5.962560346837473e-24, nan 
43.875, 64.625, 7.829628399514069e-24, nan 
44.125, 64.625, 1.0291050993613688e-23, nan 
44.375, 64.625, 9.142833288097758e-24, nan 
44.625, 64.625, 7.701582254631871e-24, nan 
44.875, 64.625, 8.310047036050727e-24, nan 
45.125, 64.625, 6.246650839432394e-24, nan 
45.375, 64.625, 4.5610979229764546e-24, nan 
45.625, 64.625, 2.9285214535201262e-24, nan 
45.875, 64.625, 2.9116794509814227e-24, nan 
46.125, 64.625, 2.5951468506151328e-24, nan 
46.375, 64.625, 3.447910606331032e-24, nan 
46.625, 64.625, 3.860633408206703e-24, nan 
46.875, 64.625, 4.925813449889413e-24, nan 
47.125, 64.625, 5.2051754779158596e-24, nan 
47.375, 64.625, 5.0997953859328896e-24, nan 
47.625, 64.625, 7.320864221950251e-24, nan 
47.875, 64.625, 5.2888406553047704e-24, nan 
48.125, 64.625, 4.613143856353223e-24, nan 
48.375, 64.625, 7.0472685167109e-24, nan 
48.625, 64.625, 2.539060317068416e-24, nan 
-122.125, 64.875, 1.917058705789892e-24, nan 
-121.875, 64.875, 1.3910030611660935e-24, nan 
-121.625, 64.875, 2.0033286706187963e-24, nan 
-121.375, 64.875, 3.024231044318373e-24, nan 
-121.125, 64.875, 2.274336112502549e-24, nan 
-120.875, 64.875, 2.124521521312422e-24, nan 
-120.625, 64.875, 3.2495294001690526e-24, nan 
-120.375, 64.875, 3.222264462998082e-24, nan 
-120.125, 64.875, 3.2267265626058493e-24, nan 
-119.875, 64.875, 2.5029590972728288e-24, nan 
-119.625, 64.875, 2.4433802965692126e-24, nan 
-119.375, 64.875, 2.4794136316401964e-24, nan 
-119.125, 64.875, 2.0913580695996227e-24, nan 
-118.875, 64.875, 1.5625021660455145e-24, nan 
-118.625, 64.875, 9.377067074133863e-25, nan 
-118.375, 64.875, 7.240750489651403e-25, nan 
-118.125, 64.875, 1.5932377362955379e-24, nan 
-117.875, 64.875, 1.6814213130977934e-24, nan 
-117.625, 64.875, 2.9181747346995716e-24, nan 
-117.375, 64.875, 1.8071989601564803e-24, nan 
-117.125, 64.875, 2.137084695128783e-24, nan 
-116.875, 64.875, 5.402328220249515e-24, nan 
-116.625, 64.875, 1.0574530636010712e-24, nan 
-116.375, 64.875, 9.641446763217766e-25, nan 
-116.125, 64.875, 1.7514536041429183e-24, nan 
-115.875, 64.875, 1.4994836440099036e-24, nan 
-115.625, 64.875, 1.5758423332995857e-24, nan 
-115.375, 64.875, 1.4491908816139936e-24, nan 
-115.125, 64.875, 1.905013068585609e-24, nan 
-114.875, 64.875, 2.4721244312651505e-24, nan 
-114.625, 64.875, 2.371238684436713e-24, nan 
-114.375, 64.875, 2.5962987991286755e-24, nan 
-114.125, 64.875, 2.916551076138328e-24, nan 
-113.875, 64.875, 2.3452133851454634e-24, nan 
-113.625, 64.875, 2.046216554355851e-24, nan 
-113.375, 64.875, 2.4461324485466988e-24, nan 
-113.125, 64.875, 2.575237283907457e-24, nan 
-112.875, 64.875, 2.450226152117242e-24, nan 
-112.625, 64.875, 2.293123724885968e-24, nan 
-112.375, 64.875, 2.3653711996075523e-24, nan 
-112.125, 64.875, 2.1971266051844822e-24, nan 
-111.875, 64.875, 2.1599303355723823e-24, nan 
-111.625, 64.875, 2.592708168163593e-24, nan 
-111.375, 64.875, 2.836932707978455e-24, nan 
-111.125, 64.875, 2.8253394541139052e-24, nan 
-110.875, 64.875, 2.4618787875820265e-24, nan 
-110.625, 64.875, 2.55716901632425e-24, nan 
-110.375, 64.875, 2.664760511283038e-24, nan 
-110.125, 64.875, 2.776569308541873e-24, nan 
-109.875, 64.875, 3.0370683611072045e-24, nan 
-109.625, 64.875, 2.2767026373381716e-24, nan 
-109.375, 64.875, 1.910762587082005e-24, nan 
-109.125, 64.875, 2.374732575815928e-24, nan 
-108.875, 64.875, 2.404969815170635e-24, nan 
-108.625, 64.875, 2.967302617632914e-24, nan 
-108.375, 64.875, 3.108088927122429e-24, nan 
-108.125, 64.875, 2.762746187002448e-24, nan 
-107.875, 64.875, 2.8179542062962824e-24, nan 
-107.625, 64.875, 2.898966185767079e-24, nan 
-107.375, 64.875, 2.7219848312882116e-24, nan 
-107.125, 64.875, 2.4563731524606244e-24, nan 
-106.875, 64.875, 2.8698978762318745e-24, nan 
-106.625, 64.875, 2.8530583075625332e-24, nan 
-106.375, 64.875, 2.3238946093767994e-24, nan 
-106.125, 64.875, 2.7819268691860958e-24, nan 
-105.875, 64.875, 2.7673314601696893e-24, nan 
-105.625, 64.875, 2.851310237756714e-24, nan 
-105.375, 64.875, 3.369669790769419e-24, nan 
-105.125, 64.875, 3.6306766158355536e-24, nan 
-104.875, 64.875, 3.1525358213612578e-24, nan 
-104.625, 64.875, 2.9791584114292013e-24, nan 
-104.375, 64.875, 3.352035903453721e-24, nan 
-104.125, 64.875, 3.360469680264705e-24, nan 
-103.875, 64.875, 3.357763290777382e-24, nan 
-103.625, 64.875, 2.9096455329230336e-24, nan 
-103.375, 64.875, 4.790258903531612e-24, nan 
-103.125, 64.875, 4.516688489565544e-24, nan 
-102.875, 64.875, 4.030235299010297e-24, nan 
-102.625, 64.875, 4.6801071216740646e-24, nan 
-102.375, 64.875, 3.982186924905262e-24, nan 
-102.125, 64.875, 3.263631441397949e-24, nan 
-101.875, 64.875, 2.545119371034344e-24, nan 
-101.625, 64.875, 3.0639351376548602e-24, nan 
-101.375, 64.875, 3.596666566123484e-24, nan 
-101.125, 64.875, 4.162212248870901e-24, nan 
-100.875, 64.875, 2.8953798233486006e-24, nan 
-100.625, 64.875, 3.528779063236053e-24, nan 
-100.375, 64.875, 4.6262259068016564e-24, nan 
-100.125, 64.875, 4.5889722695948544e-24, nan 
-99.875, 64.875, 5.048268284013182e-24, nan 
-99.625, 64.875, 4.39843271428772e-24, nan 
-99.375, 64.875, 4.084243158937291e-24, nan 
-99.125, 64.875, 3.965294142504525e-24, nan 
-98.875, 64.875, 4.675065443370148e-24, nan 
-98.625, 64.875, 4.620321528893928e-24, nan 
-98.375, 64.875, 5.3834222815118345e-24, nan 
-98.125, 64.875, 4.033346025921606e-24, nan 
-97.875, 64.875, 3.286549727113788e-24, nan 
-97.625, 64.875, 4.104554993087264e-24, nan 
-97.375, 64.875, 3.841279888938927e-24, nan 
-97.125, 64.875, 2.9367511101170805e-24, nan 
-96.875, 64.875, 5.2814751101015845e-24, nan 
-96.625, 64.875, 4.228913967814824e-24, nan 
-96.375, 64.875, 3.1472676284373966e-24, nan 
-96.125, 64.875, 3.462364501715588e-24, nan 
-95.875, 64.875, 4.695804995966347e-24, nan 
-95.625, 64.875, 4.999063110040407e-24, nan 
-95.375, 64.875, 5.30450377227274e-24, nan 
-95.125, 64.875, 5.080203084103949e-24, nan 
-94.875, 64.875, 4.931598794869182e-24, nan 
-94.625, 64.875, 4.761568932580449e-24, nan 
-94.375, 64.875, 5.579957972761781e-24, nan 
-94.125, 64.875, 5.649849226022164e-24, nan 
-93.875, 64.875, 6.3815994530997776e-24, nan 
-93.625, 64.875, 7.247981570872172e-24, nan 
-93.375, 64.875, 1.3600443690992563e-23, nan 
-93.125, 64.875, 9.829442477126826e-24, nan 
-92.875, 64.875, 1.2180625580673698e-23, nan 
-92.625, 64.875, 1.0444860727393707e-23, nan 
-92.375, 64.875, 7.725382027994148e-24, nan 
-92.125, 64.875, 6.469637639811865e-24, nan 
-91.875, 64.875, 5.232592524572279e-24, nan 
-91.625, 64.875, 7.158671902340391e-24, nan 
-91.375, 64.875, 7.268495492772336e-24, nan 
-91.125, 64.875, 6.42990674912196e-24, nan 
-90.875, 64.875, 6.378501866697893e-24, nan 
-90.625, 64.875, 6.880396781799614e-24, nan 
-90.375, 64.875, 7.12862402773957e-24, nan 
-90.125, 64.875, 6.594850531939809e-24, nan 
-89.875, 64.875, 6.38076975954081e-24, nan 
-89.625, 64.875, 7.207198384411919e-24, nan 
-89.375, 64.875, 6.933726337161842e-24, nan 
-89.125, 64.875, 7.351601050556598e-24, nan 
-88.875, 64.875, 7.929945026306665e-24, nan 
-88.625, 64.875, 8.820022152382201e-24, nan 
-88.375, 64.875, 8.569636444383156e-24, nan 
-88.125, 64.875, 8.784855721432645e-24, nan 
-87.875, 64.875, 8.793256798034098e-24, nan 
-87.625, 64.875, 8.719221464001372e-24, nan 
-87.375, 64.875, 9.364988739208269e-24, nan 
-87.125, 64.875, 9.934244212867351e-24, nan 
-86.875, 64.875, 8.732745614453245e-24, nan 
-86.625, 64.875, 8.82217422809432e-24, nan 
-86.375, 64.875, 7.624781652158644e-24, nan 
-86.125, 64.875, 8.864065087361293e-24, nan 
-85.875, 64.875, 9.439066520026997e-24, nan 
-85.625, 64.875, 9.568261945364245e-24, nan 
-85.375, 64.875, 9.369143995045091e-24, nan 
-85.125, 64.875, 1.0529040863752203e-23, nan 
-84.875, 64.875, 1.1963125134451871e-23, nan 
-84.625, 64.875, 1.5378284045374593e-23, nan 
-84.375, 64.875, 1.2887822413025128e-23, nan 
-84.125, 64.875, 1.1735917527346714e-23, nan 
-83.875, 64.875, 1.195583685586353e-23, nan 
-83.625, 64.875, 1.0480784113011242e-23, nan 
-83.375, 64.875, 1.0517847863899695e-23, nan 
-83.125, 64.875, 1.0110874834894925e-23, nan 
-82.875, 64.875, 1.0711215390621491e-23, nan 
-82.625, 64.875, 1.0500615838660896e-23, nan 
-82.375, 64.875, 1.2332306662284154e-23, nan 
-82.125, 64.875, 1.1262868614852874e-23, nan 
-81.875, 64.875, 1.1738704728587532e-23, nan 
-81.625, 64.875, 1.2279152622015895e-23, nan 
-81.375, 64.875, 1.204307798681664e-23, nan 
-81.125, 64.875, 1.363903327056511e-23, nan 
-80.875, 64.875, 1.615639401134019e-23, nan 
-80.625, 64.875, 1.5843437865711665e-23, nan 
-80.375, 64.875, 1.2974458256612052e-23, nan 
-80.125, 64.875, 1.267861455632281e-23, nan 
-79.875, 64.875, 1.3608725952352267e-23, nan 
-79.625, 64.875, 1.079980977525136e-23, nan 
-79.375, 64.875, 8.49438678283962e-24, nan 
-79.125, 64.875, 1.244658646873281e-23, nan 
-78.875, 64.875, 1.5222897344110157e-23, nan 
-78.625, 64.875, 1.0939762002186653e-23, nan 
-78.375, 64.875, 1.4245112573153032e-23, nan 
-78.125, 64.875, 1.1828784098506702e-23, nan 
-77.875, 64.875, 1.3397400948930428e-23, nan 
-77.625, 64.875, 1.064269066354512e-23, nan 
-77.375, 64.875, 1.4697909933030178e-23, nan 
-77.125, 64.875, 2.2373986752440342e-23, nan 
-76.875, 64.875, 2.13728061731709e-23, nan 
-76.625, 64.875, 2.413582547120801e-23, nan 
-76.375, 64.875, 2.3481020660731708e-23, nan 
-76.125, 64.875, 2.326120313333082e-23, nan 
-75.875, 64.875, 1.9303842936310683e-23, nan 
-75.625, 64.875, 2.234516641261504e-23, nan 
-75.375, 64.875, 2.36924525248341e-23, nan 
-75.125, 64.875, 1.916016143196138e-23, nan 
-74.875, 64.875, 2.317955026337017e-23, nan 
-74.625, 64.875, 2.4717008140156242e-23, nan 
-74.375, 64.875, 2.230228091189023e-23, nan 
-74.125, 64.875, 1.9150970414973674e-23, nan 
-73.875, 64.875, 2.0263073088233375e-23, nan 
-73.625, 64.875, 2.1185970775534967e-23, nan 
-73.375, 64.875, 2.2610742694431925e-23, nan 
-73.125, 64.875, 1.9783819809963192e-23, nan 
-72.875, 64.875, 2.260999778998663e-23, nan 
-72.625, 64.875, 2.284698906652282e-23, nan 
-72.375, 64.875, 2.224475671434257e-23, nan 
-72.125, 64.875, 2.2571221424379364e-23, nan 
-71.875, 64.875, 1.9054387893742658e-23, nan 
-71.625, 64.875, 2.4450647139116482e-23, nan 
-71.375, 64.875, 2.0160635377795793e-23, nan 
-71.125, 64.875, 2.1996462441648624e-23, nan 
-70.875, 64.875, 1.8178235682061458e-23, nan 
-70.625, 64.875, 2.2264410273857724e-23, nan 
-70.375, 64.875, 2.3141114127277362e-23, nan 
-70.125, 64.875, 2.767257260554467e-23, nan 
-69.875, 64.875, 2.3757779517745886e-23, nan 
-69.625, 64.875, 2.4574792127340926e-23, nan 
-69.375, 64.875, 2.797007283077025e-23, nan 
-69.125, 64.875, 2.4034560696640544e-23, nan 
-68.875, 64.875, 2.804802798042828e-23, nan 
-68.625, 64.875, 2.744403028881333e-23, nan 
-68.375, 64.875, 3.020778660931638e-23, nan 
-68.125, 64.875, 3.223748015253992e-23, nan 
-67.875, 64.875, 3.0370520617182406e-23, nan 
-67.625, 64.875, 2.5779007155032015e-23, nan 
-67.375, 64.875, 2.759917201737952e-23, nan 
-67.125, 64.875, 2.960841060297134e-23, nan 
-66.875, 64.875, 4.1442558234246967e-23, nan 
-66.625, 64.875, 5.158793504702879e-23, nan 
-66.375, 64.875, 5.385436480130868e-23, nan 
-66.125, 64.875, 3.804785609460101e-23, nan 
-65.875, 64.875, 3.654883535551459e-23, nan 
-65.625, 64.875, 4.7315485912055834e-23, nan 
-65.375, 64.875, 4.218642250155052e-23, nan 
-65.125, 64.875, 3.6505498428670413e-23, nan 
-64.875, 64.875, 3.3400017708070094e-23, nan 
-64.625, 64.875, 3.8066266472785883e-23, nan 
-64.375, 64.875, 5.0996537803565604e-23, nan 
-64.125, 64.875, 4.7043426293965163e-23, nan 
-63.875, 64.875, 4.3804686197416194e-23, nan 
-63.625, 64.875, 5.277393043192195e-23, nan 
-63.375, 64.875, 5.0413618102882546e-23, nan 
-63.125, 64.875, 5.486126304190992e-23, nan 
-62.875, 64.875, 6.717177051609831e-23, nan 
-62.625, 64.875, 5.094582647515119e-23, nan 
-62.375, 64.875, 5.844256462817058e-23, nan 
-62.125, 64.875, 5.696229117051716e-23, nan 
-61.875, 64.875, 5.1653010093320576e-23, nan 
-61.625, 64.875, 4.668770978494991e-23, nan 
-61.375, 64.875, 4.862513062975258e-23, nan 
-61.125, 64.875, 5.769911243501441e-23, nan 
-60.875, 64.875, 6.291813894068424e-23, nan 
-60.625, 64.875, 5.359141860341214e-23, nan 
-60.375, 64.875, 4.180660093387844e-23, nan 
-60.125, 64.875, 4.602939069161476e-23, nan 
-59.875, 64.875, 3.986189709088425e-23, nan 
-59.625, 64.875, 3.4994000905811965e-23, nan 
-59.375, 64.875, 7.334440705275743e-23, nan 
-59.125, 64.875, 6.681426095936627e-23, nan 
-58.875, 64.875, 7.529839735147555e-23, nan 
-58.625, 64.875, 8.918840354062095e-23, nan 
-58.375, 64.875, 8.048553770055557e-23, nan 
-58.125, 64.875, 7.057777913918611e-23, nan 
-57.875, 64.875, 8.075151288642995e-23, nan 
-57.625, 64.875, 8.517431554471964e-23, nan 
-57.375, 64.875, 7.030346125378386e-23, nan 
-57.125, 64.875, 6.666049329161588e-23, nan 
-56.875, 64.875, 8.389444278491666e-23, nan 
-56.625, 64.875, 6.622579961612065e-23, nan 
-56.375, 64.875, 7.236806070740447e-23, nan 
-56.125, 64.875, 6.359895535429176e-23, nan 
-55.875, 64.875, 5.0278870998361254e-23, nan 
-55.625, 64.875, 5.748868956271675e-23, nan 
-55.375, 64.875, 5.151123309378872e-23, nan 
-55.125, 64.875, 3.504455281302581e-23, nan 
-54.875, 64.875, 4.315495078191043e-23, nan 
-54.625, 64.875, 2.0286403073651008e-23, nan 
-54.375, 64.875, 2.889060769687422e-23, nan 
-54.125, 64.875, 4.08937254831628e-23, nan 
-53.875, 64.875, 3.274725427578416e-23, nan 
-53.625, 64.875, 5.490111671899729e-23, nan 
-53.375, 64.875, 4.3629300394292666e-23, nan 
-53.125, 64.875, 3.368602458782821e-23, nan 
-52.875, 64.875, 1.2896015780581255e-22, nan 
-52.625, 64.875, 1.3089953227411344e-22, nan 
-52.375, 64.875, 1.2388229164197792e-22, nan 
-52.125, 64.875, 1.5569827389050045e-22, nan 
-51.875, 64.875, 1.35801062593991e-22, nan 
-51.625, 64.875, 1.1368041841231616e-22, nan 
-51.375, 64.875, 5.312682971465969e-23, nan 
-51.125, 64.875, 4.3922786299335296e-23, nan 
-50.875, 64.875, 4.3822420584960166e-23, nan 
-50.625, 64.875, 2.5657426269682953e-23, nan 
-50.375, 64.875, 3.569058440357492e-23, nan 
-50.125, 64.875, 4.842937563098313e-23, nan 
-49.875, 64.875, 6.026108158136895e-23, nan 
-49.625, 64.875, 5.35751925614493e-23, nan 
-49.375, 64.875, 4.8131185212887277e-23, nan 
-49.125, 64.875, 5.950015536660455e-23, nan 
-48.875, 64.875, 5.296667353054376e-23, nan 
-48.625, 64.875, 4.5663724938228093e-23, nan 
-48.375, 64.875, 5.165729891669458e-23, nan 
-48.125, 64.875, 5.573218772481036e-23, nan 
-47.875, 64.875, 4.407606680262095e-23, nan 
-47.625, 64.875, 9.650801713804833e-23, nan 
-47.375, 64.875, 9.021279696259148e-23, nan 
-47.125, 64.875, 1.717385596930886e-23, nan 
-46.875, 64.875, 4.2305153956632524e-23, nan 
-46.625, 64.875, 3.7081507041707186e-23, nan 
-46.375, 64.875, 2.273862392132781e-23, nan 
-46.125, 64.875, 3.84381171192581e-23, nan 
-45.875, 64.875, 3.990382302163476e-23, nan 
-45.625, 64.875, 4.780761674469609e-23, nan 
-45.375, 64.875, 8.822972983938017e-23, nan 
-45.125, 64.875, 1.1776904503162686e-22, nan 
-44.875, 64.875, 1.0704604741673945e-22, nan 
-44.625, 64.875, 1.0620882771550067e-22, nan 
-44.375, 64.875, 1.8387318786589304e-22, nan 
-44.125, 64.875, 1.9948628432806214e-22, nan 
-43.875, 64.875, 2.622894085876953e-22, nan 
-43.625, 64.875, 2.0398643926184967e-22, nan 
-43.375, 64.875, 1.7434448828095537e-22, nan 
-43.125, 64.875, 1.39281712337378e-22, nan 
-42.875, 64.875, 9.636886203557281e-23, nan 
-42.625, 64.875, 6.051396279537124e-23, nan 
-42.375, 64.875, 8.542287935234641e-23, nan 
-42.125, 64.875, 8.193095920136905e-23, nan 
-41.875, 64.875, 9.324308296620399e-23, nan 
-41.625, 64.875, 9.796017498985255e-23, nan 
-41.375, 64.875, 1.0049216797450325e-22, nan 
-41.125, 64.875, 5.653687556742886e-23, nan 
-40.875, 64.875, 7.092750731946611e-23, nan 
-40.625, 64.875, 9.752888573936903e-23, nan 
-40.375, 64.875, 1.0950561400585862e-22, nan 
-40.125, 64.875, 1.497393048382454e-22, nan 
-39.875, 64.875, 1.4451108915396455e-22, nan 
-39.625, 64.875, 1.3996295860173176e-22, nan 
-39.375, 64.875, 1.793055365497844e-22, nan 
-39.125, 64.875, 1.6358139224241422e-22, nan 
-38.875, 64.875, 1.4657366958031424e-22, nan 
-38.625, 64.875, 6.008098451844106e-23, nan 
-38.375, 64.875, 8.346620959214456e-23, nan 
-38.125, 64.875, 1.1374558147761013e-22, nan 
-37.875, 64.875, 6.870060113587309e-23, nan 
-37.625, 64.875, 8.330076316577849e-23, nan 
-37.375, 64.875, 1.2115610243275794e-22, nan 
-37.125, 64.875, 9.580606462322277e-23, nan 
-36.875, 64.875, 8.493354529485375e-23, nan 
-36.625, 64.875, 1.8799856307651376e-22, nan 
-36.375, 64.875, 1.924304624908476e-22, nan 
-36.125, 64.875, 1.5680924453206807e-22, nan 
-35.875, 64.875, 1.876741032885989e-22, nan 
-35.625, 64.875, 1.9053593572317388e-22, nan 
-35.375, 64.875, 1.6942808718223895e-22, nan 
-35.125, 64.875, 1.2327271985999247e-22, nan 
-34.875, 64.875, 1.5020262956542167e-22, nan 
-34.625, 64.875, 1.2650565130254669e-22, nan 
-34.375, 64.875, 6.37600220294608e-23, nan 
-34.125, 64.875, 5.010453449150328e-23, nan 
-33.875, 64.875, 4.539563313224293e-23, nan 
-33.625, 64.875, 1.1441358784309416e-22, nan 
-33.375, 64.875, 1.027497839001042e-22, nan 
-33.125, 64.875, 7.287648224196463e-23, nan 
-32.875, 64.875, 2.0494347141990596e-22, nan 
-32.625, 64.875, 1.769188594349337e-22, nan 
-32.375, 64.875, 5.919163553690495e-23, nan 
-32.125, 64.875, 8.055858336386748e-23, nan 
-31.875, 64.875, 8.493759309259555e-23, nan 
-31.625, 64.875, 3.355561767504029e-23, nan 
-31.375, 64.875, 1.1132687723152588e-22, nan 
-31.125, 64.875, 1.1930543869301113e-22, nan 
-30.875, 64.875, 9.617218259785888e-23, nan 
-30.625, 64.875, 7.417637027179626e-23, nan 
-30.375, 64.875, 1.2402406262807212e-22, nan 
-30.125, 64.875, 8.067169023939364e-23, nan 
-29.875, 64.875, 1.5884691282513351e-22, nan 
-29.625, 64.875, 1.7464452807333966e-22, nan 
-29.375, 64.875, 6.94744392545934e-23, nan 
-29.125, 64.875, 9.476450367641497e-23, nan 
-28.875, 64.875, 6.936574502774162e-23, nan 
-28.625, 64.875, 8.542396909301233e-23, nan 
-28.375, 64.875, 8.396095479257509e-23, nan 
-28.125, 64.875, 6.648989900426159e-23, nan 
-27.875, 64.875, 9.833169698783776e-23, nan 
-27.625, 64.875, 9.630728620878184e-23, nan 
-27.375, 64.875, 8.827284119006159e-23, nan 
-27.125, 64.875, 2.253263886241513e-22, nan 
-26.875, 64.875, 1.739703559735626e-22, nan 
-26.625, 64.875, 9.121732993568364e-23, nan 
-26.375, 64.875, 1.999627094978623e-22, nan 
-26.125, 64.875, 1.4723855120859441e-22, nan 
-25.875, 64.875, 8.480575268219775e-23, nan 
-25.625, 64.875, 1.3011103517645658e-22, nan 
-25.375, 64.875, 1.3815786649929103e-22, nan 
-25.125, 64.875, 6.004309928424629e-23, nan 
-24.875, 64.875, 6.245032551820097e-23, nan 
-24.625, 64.875, 7.157958567927477e-23, nan 
-24.375, 64.875, 6.093865221996317e-23, nan 
-24.125, 64.875, 1.465010093170419e-22, nan 
-23.875, 64.875, 1.1921488952966803e-22, nan 
-23.625, 64.875, 1.3966289522597965e-22, nan 
-23.375, 64.875, 1.8949842155020765e-22, nan 
-23.125, 64.875, 1.389596343088258e-22, nan 
-22.875, 64.875, 1.2579231869063978e-22, nan 
-22.625, 64.875, 1.415925126051495e-22, nan 
-22.375, 64.875, 1.4348150445642216e-22, nan 
-22.125, 64.875, 1.344896696103138e-22, nan 
-21.875, 64.875, 1.1151450116640656e-22, nan 
-21.625, 64.875, 1.4149288663616222e-22, nan 
-21.375, 64.875, 1.0375230260711198e-22, nan 
-21.125, 64.875, 2.15942665670632e-22, nan 
-20.875, 64.875, 1.8871616858435399e-22, nan 
-20.625, 64.875, 2.2032968703718553e-22, nan 
-20.375, 64.875, 1.1124564983919538e-22, nan 
-20.125, 64.875, 1.1182726863322707e-22, nan 
-19.875, 64.875, 9.134619946879565e-23, nan 
-19.625, 64.875, 4.049364584726385e-23, nan 
-19.375, 64.875, 1.0234113849006794e-22, nan 
-19.125, 64.875, 5.798034323989656e-23, nan 
-18.875, 64.875, 6.869835166153137e-23, nan 
-18.625, 64.875, 1.4987727742966777e-22, nan 
-18.375, 64.875, 1.5879541486328307e-22, nan 
-18.125, 64.875, 1.978143662740713e-22, nan 
-17.875, 64.875, 1.662928599309042e-22, nan 
-17.625, 64.875, 1.9365766781255e-22, nan 
-17.375, 64.875, 1.8043344339347023e-22, nan 
-17.125, 64.875, 1.2222715986307878e-22, nan 
-16.875, 64.875, 4.708541495166868e-23, nan 
-16.625, 64.875, 6.097580834764446e-23, nan 
-16.375, 64.875, 7.892223223881918e-23, nan 
-16.125, 64.875, 1.3697682796427869e-22, nan 
-15.875, 64.875, 1.8353980762620496e-22, nan 
-15.625, 64.875, 1.5056625386532621e-22, nan 
-15.375, 64.875, 1.6947003347025509e-22, nan 
-15.125, 64.875, 2.4458857061801547e-22, nan 
-14.875, 64.875, 1.773364845521296e-22, nan 
-14.625, 64.875, 1.1674934254926524e-22, nan 
-14.375, 64.875, 1.8190438082086965e-22, nan 
-14.125, 64.875, 1.5544241215759766e-22, nan 
-13.875, 64.875, 2.2124692687891626e-22, nan 
-13.625, 64.875, 3.8474170397263743e-22, nan 
-13.375, 64.875, 5.1933817007401e-22, nan 
-13.125, 64.875, 9.814583198374627e-22, nan 
-12.875, 64.875, 1.1007679679864038e-21, nan 
-12.625, 64.875, 1.262562813334714e-21, nan 
-12.375, 64.875, 1.3184015240201588e-21, nan 
-12.125, 64.875, 1.0900903194245847e-21, nan 
-11.875, 64.875, 1.7447283503219337e-21, nan 
-11.625, 64.875, 4.833203721862011e-21, nan 
-11.375, 64.875, 5.8409389692672846e-21, nan 
-11.125, 64.875, 5.214038230167933e-21, nan 
-10.875, 64.875, 5.366327899853242e-21, nan 
-10.625, 64.875, 5.624244367085884e-21, nan 
-10.375, 64.875, 4.781498597770449e-21, nan 
-10.125, 64.875, 1.872634994603894e-21, nan 
-9.875, 64.875, 9.395250681210454e-22, nan 
-9.625, 64.875, 2.70290559422816e-22, nan 
-9.375, 64.875, 3.0782368028206473e-22, nan 
-9.125, 64.875, 9.788788002493092e-22, nan 
-8.875, 64.875, 4.463571448514705e-22, nan 
-8.625, 64.875, 2.030222861390578e-22, nan 
-8.375, 64.875, 5.92822264441234e-22, nan 
-8.125, 64.875, 2.1653777576254254e-21, nan 
-7.875, 64.875, 4.157626195737509e-21, nan 
-7.625, 64.875, 4.699034306449776e-21, nan 
-7.375, 64.875, 3.9478174298816656e-21, nan 
-7.125, 64.875, 4.196841558796267e-21, nan 
-6.875, 64.875, 4.4822076733322405e-21, nan 
-6.625, 64.875, 3.269649025978356e-21, nan 
-6.375, 64.875, 1.750894373306428e-21, nan 
-6.125, 64.875, 1.500669360032222e-21, nan 
-5.875, 64.875, 1.3327150466591815e-21, nan 
-5.625, 64.875, 1.3237240758172703e-21, nan 
-5.375, 64.875, 1.3900703703705668e-21, nan 
-5.125, 64.875, 1.1226755341548657e-21, nan 
-4.875, 64.875, 5.063296813082765e-22, nan 
-4.625, 64.875, 1.5265853275738368e-22, nan 
-4.375, 64.875, 1.2093758472277673e-22, nan 
-4.125, 64.875, 1.2640796873838323e-22, nan 
-3.875, 64.875, 1.120645925604575e-22, nan 
-3.625, 64.875, 9.557537586476364e-23, nan 
-3.375, 64.875, 3.92593301069386e-23, nan 
-3.125, 64.875, 5.437250095841816e-23, nan 
-2.875, 64.875, 7.041315202492121e-23, nan 
-2.625, 64.875, 4.3654859523909125e-23, nan 
-2.375, 64.875, 4.0673572645583564e-23, nan 
-2.125, 64.875, 6.918611646838612e-23, nan 
-1.875, 64.875, 5.1920015853354606e-23, nan 
-1.625, 64.875, 3.248784236136401e-23, nan 
-1.375, 64.875, 6.728373993100486e-23, nan 
-1.125, 64.875, 8.265594987184761e-23, nan 
-0.875, 64.875, 3.649016920254223e-23, nan 
-0.625, 64.875, 5.882957998835773e-23, nan 
-0.375, 64.875, 1.0859513334284362e-22, nan 
-0.125, 64.875, 8.999455188015998e-23, nan 
0.125, 64.875, 3.9246651046308986e-23, nan 
0.375, 64.875, 7.427911021121789e-23, nan 
0.625, 64.875, 6.724444347566985e-23, nan 
0.875, 64.875, 3.7952352616840077e-23, nan 
1.125, 64.875, 5.2435914820293395e-23, nan 
1.375, 64.875, 5.764827495091278e-23, nan 
1.625, 64.875, 9.295699344676907e-23, nan 
1.875, 64.875, 6.615265520138982e-23, nan 
2.125, 64.875, 5.786800845490954e-23, nan 
2.375, 64.875, 9.573468915702833e-23, nan 
2.625, 64.875, 5.924649393030512e-23, nan 
2.875, 64.875, 5.168740604918044e-23, nan 
3.125, 64.875, 9.27956880409009e-23, nan 
3.375, 64.875, 6.171692038085788e-23, nan 
3.625, 64.875, 7.700408206513656e-23, nan 
3.875, 64.875, 1.0465379035693784e-22, nan 
4.125, 64.875, 7.913240068798231e-23, nan 
4.375, 64.875, 5.783073130003158e-23, nan 
4.625, 64.875, 5.180837813614153e-23, nan 
4.875, 64.875, 4.845105372451694e-23, nan 
5.125, 64.875, 4.822557736739241e-23, nan 
5.375, 64.875, 3.437562385051441e-23, nan 
5.625, 64.875, 4.6994771563403533e-23, nan 
5.875, 64.875, 6.200264218716481e-23, nan 
6.125, 64.875, 4.8730056595531526e-23, nan 
6.375, 64.875, 5.869974415548221e-23, nan 
6.625, 64.875, 1.0872911456715173e-22, nan 
6.875, 64.875, 1.240204295179921e-22, nan 
7.125, 64.875, 7.687031530675873e-23, nan 
7.375, 64.875, 4.065306149777573e-23, nan 
7.625, 64.875, 2.2229657854604626e-23, nan 
7.875, 64.875, 2.5783820020834116e-23, nan 
8.125, 64.875, 3.242243821214948e-23, nan 
8.375, 64.875, 3.4353915020276326e-23, nan 
8.625, 64.875, 2.4223351848670473e-23, nan 
8.875, 64.875, 3.546030379003385e-23, nan 
9.125, 64.875, 3.51409437094012e-23, nan 
9.375, 64.875, 3.995047872384172e-23, nan 
9.625, 64.875, 2.6413470124875934e-23, nan 
9.875, 64.875, 2.5297145604390736e-23, nan 
10.125, 64.875, 4.13593878923536e-23, nan 
10.375, 64.875, 2.8847428631826e-23, nan 
10.625, 64.875, 3.1639087187831954e-23, nan 
10.875, 64.875, 4.308201584132836e-23, nan 
11.125, 64.875, 4.501379192658371e-23, nan 
11.375, 64.875, 5.265984149286594e-23, nan 
11.625, 64.875, 5.2149464870180954e-23, nan 
11.875, 64.875, 4.835704397772502e-23, nan 
12.125, 64.875, 5.822846791996292e-23, nan 
12.375, 64.875, 4.820663986890289e-23, nan 
12.625, 64.875, 6.530237429894581e-23, nan 
12.875, 64.875, 6.757454031480734e-23, nan 
13.125, 64.875, 5.139450286175502e-23, nan 
13.375, 64.875, 3.1709574189998807e-23, nan 
13.625, 64.875, 3.1598260537927735e-23, nan 
13.875, 64.875, 3.937151468523202e-23, nan 
14.125, 64.875, 2.561271912683706e-23, nan 
14.375, 64.875, 2.748486013064036e-23, nan 
14.625, 64.875, 1.7586920988710332e-23, nan 
14.875, 64.875, 6.4308075021955054e-24, nan 
15.125, 64.875, 1.972767303244493e-23, nan 
15.375, 64.875, 2.3468203612730466e-23, nan 
15.625, 64.875, 4.4668373384701195e-23, nan 
15.875, 64.875, 4.855382023742357e-23, nan 
16.125, 64.875, 3.3912787836554e-23, nan 
16.375, 64.875, 2.1963664551158312e-23, nan 
16.625, 64.875, 1.777578480748029e-23, nan 
16.875, 64.875, 1.7140926873703994e-23, nan 
17.125, 64.875, 1.6008229788941142e-23, nan 
17.375, 64.875, 1.6975657302216034e-23, nan 
17.625, 64.875, 1.467717051997345e-23, nan 
17.875, 64.875, 1.3371510666962083e-23, nan 
18.125, 64.875, 1.4230217191754467e-23, nan 
18.375, 64.875, 1.5517929254555874e-23, nan 
18.625, 64.875, 2.2300080175350748e-23, nan 
18.875, 64.875, 3.38194435563307e-23, nan 
19.125, 64.875, 3.179698932583568e-23, nan 
19.375, 64.875, 2.166404039073259e-23, nan 
19.625, 64.875, 2.479243645790232e-23, nan 
19.875, 64.875, 2.687906522465965e-23, nan 
20.125, 64.875, 2.39202787648305e-23, nan 
20.375, 64.875, 1.9654356553689476e-23, nan 
20.625, 64.875, 1.9946211668544186e-23, nan 
20.875, 64.875, 1.79529279498543e-23, nan 
21.125, 64.875, 1.030655455242402e-23, nan 
21.375, 64.875, 9.6973274265657e-24, nan 
21.625, 64.875, 1.2638813144113962e-23, nan 
21.875, 64.875, 1.715049541146975e-23, nan 
22.125, 64.875, 1.9112838588009647e-23, nan 
22.375, 64.875, 2.1824714727642233e-23, nan 
22.625, 64.875, 1.582902184631638e-23, nan 
22.875, 64.875, 1.91954146593078e-23, nan 
23.125, 64.875, 2.0728229149389732e-23, nan 
23.375, 64.875, 2.0692594310687572e-23, nan 
23.625, 64.875, 2.1120516421618942e-23, nan 
23.875, 64.875, 2.2224011462111807e-23, nan 
24.125, 64.875, 2.508330145537798e-23, nan 
24.375, 64.875, 3.25596195201177e-23, nan 
24.625, 64.875, 2.846076037918058e-23, nan 
24.875, 64.875, 1.9762445072199945e-23, nan 
25.125, 64.875, 1.529366645435726e-23, nan 
25.375, 64.875, 1.471884666205883e-23, nan 
25.625, 64.875, 1.0140879184452214e-23, nan 
25.875, 64.875, 8.844860149725205e-24, nan 
26.125, 64.875, 7.977118094442636e-24, nan 
26.375, 64.875, 1.6408531601941398e-23, nan 
26.625, 64.875, 3.145660543104335e-23, nan 
26.875, 64.875, 3.544027656251262e-23, nan 
27.125, 64.875, 2.7286310870221964e-23, nan 
27.375, 64.875, 1.1650413228087809e-23, nan 
27.625, 64.875, 9.22692906346774e-24, nan 
27.875, 64.875, 3.580077158944979e-24, nan 
28.125, 64.875, 9.623511964319245e-24, nan 
28.375, 64.875, 6.108993980853037e-24, nan 
28.625, 64.875, 5.832055489533724e-24, nan 
28.875, 64.875, 9.43414718474297e-24, nan 
29.125, 64.875, 1.6490150764195242e-23, nan 
29.375, 64.875, 1.744712916530704e-23, nan 
29.625, 64.875, 2.2684892333738188e-23, nan 
29.875, 64.875, 3.053842125590933e-23, nan 
30.125, 64.875, 5.456522803902762e-23, nan 
30.375, 64.875, 1.2628556546505173e-22, nan 
30.625, 64.875, 1.2093449250357376e-22, nan 
30.875, 64.875, 8.614815455882662e-23, nan 
31.125, 64.875, 3.025093805461834e-22, nan 
31.375, 64.875, 2.4631494945528743e-22, nan 
31.625, 64.875, 3.786130444263144e-23, nan 
31.875, 64.875, 1.2941565548791408e-22, nan 
32.125, 64.875, 1.057998109178492e-22, nan 
32.375, 64.875, 3.0171906476890286e-23, nan 
32.625, 64.875, 2.4811154975083954e-23, nan 
32.875, 64.875, 1.2100619916881904e-23, nan 
33.125, 64.875, 1.4912401260879534e-23, nan 
33.375, 64.875, 1.3156653224080442e-23, nan 
33.625, 64.875, 4.209318741585549e-24, nan 
33.875, 64.875, 1.74586570661486e-24, nan 
34.125, 64.875, 4.116500528858573e-24, nan 
34.375, 64.875, 5.4559391261513866e-24, nan 
34.625, 64.875, 2.6092135259659952e-24, nan 
34.875, 64.875, 1.112123169132338e-23, nan 
35.125, 64.875, 1.2444548399537985e-23, nan 
35.375, 64.875, 8.651079670303809e-24, nan 
35.625, 64.875, 1.2848472457001654e-23, nan 
35.875, 64.875, 1.8092585017660347e-23, nan 
36.125, 64.875, 1.74797923042723e-23, nan 
36.375, 64.875, 1.6126965204554606e-23, nan 
36.625, 64.875, 1.1262709284095692e-23, nan 
36.875, 64.875, 1.4360987703309454e-23, nan 
37.125, 64.875, 1.8185779746108383e-23, nan 
37.375, 64.875, 1.1522734381620851e-23, nan 
37.625, 64.875, 5.936655345272969e-24, nan 
37.875, 64.875, 9.211301142897475e-24, nan 
38.125, 64.875, 6.0592299582816475e-24, nan 
38.375, 64.875, 4.5000304810563915e-24, nan 
38.625, 64.875, 5.478588246743646e-24, nan 
38.875, 64.875, 5.694425542252439e-24, nan 
39.125, 64.875, 6.0647348877368005e-24, nan 
39.375, 64.875, 7.630205073439987e-24, nan 
39.625, 64.875, 5.5621620147960446e-24, nan 
39.875, 64.875, 1.6347885170851195e-23, nan 
40.125, 64.875, 1.1224926842682645e-23, nan 
40.375, 64.875, 3.37555563643882e-24, nan 
40.625, 64.875, 6.907811375979723e-24, nan 
40.875, 64.875, 6.546247015353833e-24, nan 
41.125, 64.875, 4.293627283122752e-24, nan 
41.375, 64.875, 4.3945269260170886e-24, nan 
41.625, 64.875, 5.662053278730717e-25, nan 
41.875, 64.875, 5.124891376554571e-24, nan 
42.125, 64.875, 5.924334556108953e-24, nan 
42.375, 64.875, 4.037917900227976e-24, nan 
42.625, 64.875, 4.831883041422336e-24, nan 
42.875, 64.875, 3.695820715731089e-24, nan 
43.125, 64.875, 7.291199040904921e-24, nan 
43.375, 64.875, 6.4879906476596075e-24, nan 
43.625, 64.875, 7.474298916078132e-24, nan 
43.875, 64.875, 5.011301254882623e-24, nan 
44.125, 64.875, 4.495128939037548e-24, nan 
44.375, 64.875, 7.491989287145754e-24, nan 
44.625, 64.875, 4.229443146668892e-24, nan 
44.875, 64.875, 2.206674969957038e-24, nan 
45.125, 64.875, 3.2626922065200555e-24, nan 
45.375, 64.875, 4.3171373045829216e-24, nan 
45.625, 64.875, 4.196072917829906e-24, nan 
45.875, 64.875, 4.4030119912862004e-24, nan 
46.125, 64.875, 3.429872440100435e-24, nan 
46.375, 64.875, 4.6564069129624705e-24, nan 
46.625, 64.875, 4.712144576219731e-24, nan 
46.875, 64.875, 4.171929648376228e-24, nan 
47.125, 64.875, 4.102483117007146e-24, nan 
47.375, 64.875, 5.85532948643914e-24, nan 
47.625, 64.875, 6.3194993120619914e-24, nan 
47.875, 64.875, 6.202394074711307e-24, nan 
48.125, 64.875, 5.693895120533049e-24, nan 
48.375, 64.875, 5.523980478012662e-24, nan 
48.625, 64.875, 4.3061723421338354e-24, nan 
48.875, 64.875, 2.271373075495218e-24, nan 
49.125, 64.875, 2.6036495794337425e-24, nan 
49.375, 64.875, 4.30448944137682e-24, nan 
49.625, 64.875, 1.8415064962924246e-24, nan 
-122.875, 65.125, 2.308121462235338e-24, nan 
-122.625, 65.125, 2.6587462797087163e-24, nan 
-122.375, 65.125, 1.9552961177270922e-24, nan 
-122.125, 65.125, 2.015842944163671e-24, nan 
-121.875, 65.125, 2.509490164358892e-24, nan 
-121.625, 65.125, 2.560685008619077e-24, nan 
-121.375, 65.125, 2.252099203579966e-24, nan 
-121.125, 65.125, 2.5522117026221363e-24, nan 
-120.875, 65.125, 2.826282547690464e-24, nan 
-120.625, 65.125, 3.1478943203970274e-24, nan 
-120.375, 65.125, 3.1682886117087133e-24, nan 
-120.125, 65.125, 3.158357914594215e-24, nan 
-119.875, 65.125, 2.7939773738124756e-24, nan 
-119.625, 65.125, 2.8029555405486625e-24, nan 
-119.375, 65.125, 2.848149587603029e-24, nan 
-119.125, 65.125, 2.9129892840340017e-24, nan 
-118.875, 65.125, 2.2813594626768878e-24, nan 
-118.625, 65.125, 2.112044378230742e-24, nan 
-118.375, 65.125, 2.8231906894306256e-24, nan 
-118.125, 65.125, 2.938203044900524e-24, nan 
-117.875, 65.125, 2.2784431627825167e-24, nan 
-117.625, 65.125, 2.253088561448724e-24, nan 
-117.375, 65.125, 2.937678902504657e-24, nan 
-117.125, 65.125, 3.490809361573377e-24, nan 
-116.875, 65.125, 5.105683890043962e-24, nan 
-116.625, 65.125, 3.967813840609188e-24, nan 
-116.375, 65.125, 5.100183544802644e-24, nan 
-116.125, 65.125, 3.287176199089446e-24, nan 
-115.875, 65.125, 4.075516255271564e-24, nan 
-115.625, 65.125, 1.7694757893247477e-24, nan 
-115.375, 65.125, 1.5679605184392624e-24, nan 
-115.125, 65.125, 1.8254432410533536e-24, nan 
-114.875, 65.125, 1.3543123473491313e-24, nan 
-114.625, 65.125, 1.6041268456466137e-24, nan 
-114.375, 65.125, 2.1445081314606076e-24, nan 
-114.125, 65.125, 2.2779078362130523e-24, nan 
-113.875, 65.125, 1.7815979030152306e-24, nan 
-113.625, 65.125, 1.9253447171712727e-24, nan 
-113.375, 65.125, 2.332851318838615e-24, nan 
-113.125, 65.125, 2.056821355825001e-24, nan 
-112.875, 65.125, 2.0069540460496363e-24, nan 
-112.625, 65.125, 1.9874865028267454e-24, nan 
-112.375, 65.125, 2.049291480745502e-24, nan 
-112.125, 65.125, 2.068563314221927e-24, nan 
-111.875, 65.125, 2.156162242066833e-24, nan 
-111.625, 65.125, 2.1105194948141727e-24, nan 
-111.375, 65.125, 2.2220277121940245e-24, nan 
-111.125, 65.125, 2.1426099670701275e-24, nan 
-110.875, 65.125, 2.4286286302014534e-24, nan 
-110.625, 65.125, 2.381034286098619e-24, nan 
-110.375, 65.125, 2.380279625996979e-24, nan 
-110.125, 65.125, 2.7477704534454472e-24, nan 
-109.875, 65.125, 2.6775073074162438e-24, nan 
-109.625, 65.125, 3.1729989716861785e-24, nan 
-109.375, 65.125, 3.474739861101689e-24, nan 
-109.125, 65.125, 3.025198015787763e-24, nan 
-108.875, 65.125, 2.445296511563071e-24, nan 
-108.625, 65.125, 2.5080517262378124e-24, nan 
-108.375, 65.125, 2.325947661546465e-24, nan 
-108.125, 65.125, 2.87632322238006e-24, nan 
-107.875, 65.125, 3.0807877078643626e-24, nan 
-107.625, 65.125, 2.5366670027995354e-24, nan 
-107.375, 65.125, 2.4001194418326123e-24, nan 
-107.125, 65.125, 2.2455357403519714e-24, nan 
-106.875, 65.125, 2.6018655928854745e-24, nan 
-106.625, 65.125, 2.2426870265036317e-24, nan 
-106.375, 65.125, 2.5228193095769053e-24, nan 
-106.125, 65.125, 2.638619157476628e-24, nan 
-105.875, 65.125, 2.3886667575854912e-24, nan 
-105.625, 65.125, 2.6634024920549683e-24, nan 
-105.375, 65.125, 3.0266530151276857e-24, nan 
-105.125, 65.125, 2.915291175814638e-24, nan 
-104.875, 65.125, 3.680347456009758e-24, nan 
-104.625, 65.125, 3.715772348124308e-24, nan 
-104.375, 65.125, 3.907408514944487e-24, nan 
-104.125, 65.125, 3.744722655835904e-24, nan 
-103.875, 65.125, 3.547935906773234e-24, nan 
-103.625, 65.125, 4.138608733076967e-24, nan 
-103.375, 65.125, 4.399109739680991e-24, nan 
-103.125, 65.125, 4.058099780506883e-24, nan 
-102.875, 65.125, 4.0910241466786756e-24, nan 
-102.625, 65.125, 4.985209995512889e-24, nan 
-102.375, 65.125, 4.116599545721437e-24, nan 
-102.125, 65.125, 4.9105728275624246e-24, nan 
-101.875, 65.125, 5.579647256122636e-24, nan 
-101.625, 65.125, 4.8856070099785845e-24, nan 
-101.375, 65.125, 4.8038433022632524e-24, nan 
-101.125, 65.125, 4.8111531371553545e-24, nan 
-100.875, 65.125, 4.310144978026944e-24, nan 
-100.625, 65.125, 3.8285675144228725e-24, nan 
-100.375, 65.125, 4.1571462526348746e-24, nan 
-100.125, 65.125, 3.5260982672746095e-24, nan 
-99.875, 65.125, 4.3629658950814054e-24, nan 
-99.625, 65.125, 4.239050721841644e-24, nan 
-99.375, 65.125, 3.256196604742831e-24, nan 
-99.125, 65.125, 3.2703804860156365e-24, nan 
-98.875, 65.125, 3.1819235495947653e-24, nan 
-98.625, 65.125, 2.605215501161073e-24, nan 
-98.375, 65.125, 4.141659555697861e-24, nan 
-98.125, 65.125, 4.322914653225781e-24, nan 
-97.875, 65.125, 4.629915620919811e-24, nan 
-97.625, 65.125, 5.298517348011568e-24, nan 
-97.375, 65.125, 4.1542221182605524e-24, nan 
-97.125, 65.125, 3.8110816067149425e-24, nan 
-96.875, 65.125, 5.2223717075936416e-24, nan 
-96.625, 65.125, 5.047642250860536e-24, nan 
-96.375, 65.125, 6.023523753529002e-24, nan 
-96.125, 65.125, 5.4692036076791635e-24, nan 
-95.875, 65.125, 4.562276713478556e-24, nan 
-95.625, 65.125, 5.971337561165174e-24, nan 
-95.375, 65.125, 6.086399472794946e-24, nan 
-95.125, 65.125, 5.122085258358552e-24, nan 
-94.875, 65.125, 5.5860978658406725e-24, nan 
-94.625, 65.125, 4.918776876443379e-24, nan 
-94.375, 65.125, 5.4622903944134845e-24, nan 
-94.125, 65.125, 6.51560091457597e-24, nan 
-93.875, 65.125, 6.065190281286179e-24, nan 
-93.625, 65.125, 6.365146379929149e-24, nan 
-93.375, 65.125, 5.466805994881454e-24, nan 
-93.125, 65.125, 5.3160711370452315e-24, nan 
-92.875, 65.125, 5.3118367525022975e-24, nan 
-92.625, 65.125, 5.004413628365814e-24, nan 
-92.375, 65.125, 5.120716964722482e-24, nan 
-92.125, 65.125, 6.104099179061572e-24, nan 
-91.875, 65.125, 6.202734613216888e-24, nan 
-91.625, 65.125, 6.68767938959492e-24, nan 
-91.375, 65.125, 7.188583307607261e-24, nan 
-91.125, 65.125, 6.94742787336123e-24, nan 
-90.875, 65.125, 6.019742391719781e-24, nan 
-90.625, 65.125, 6.221612191942185e-24, nan 
-90.375, 65.125, 6.900262986898623e-24, nan 
-90.125, 65.125, 7.440805192268727e-24, nan 
-89.875, 65.125, 7.022064595049175e-24, nan 
-89.625, 65.125, 6.965406323091815e-24, nan 
-89.375, 65.125, 8.021711362176208e-24, nan 
-89.125, 65.125, 7.99675188178491e-24, nan 
-88.875, 65.125, 8.342296634535591e-24, nan 
-88.625, 65.125, 8.008509501432979e-24, nan 
-88.375, 65.125, 9.431123461663334e-24, nan 
-88.125, 65.125, 8.803643045127934e-24, nan 
-87.875, 65.125, 8.50517668483345e-24, nan 
-87.625, 65.125, 6.846494714408372e-24, nan 
-87.375, 65.125, 5.880343199643523e-24, nan 
-87.125, 65.125, 7.301150059120196e-24, nan 
-86.875, 65.125, 9.022014960368202e-24, nan 
-86.625, 65.125, 1.0206835071142405e-23, nan 
-86.375, 65.125, 1.046370565597536e-23, nan 
-86.125, 65.125, 1.1261050658989538e-23, nan 
-85.875, 65.125, 1.0913661844511276e-23, nan 
-85.625, 65.125, 1.0832468228786019e-23, nan 
-85.375, 65.125, 1.329216593601473e-23, nan 
-85.125, 65.125, 1.1843984072302032e-23, nan 
-84.875, 65.125, 1.1642212942309505e-23, nan 
-84.625, 65.125, 1.6224977549559312e-23, nan 
-84.375, 65.125, 1.4073741548303937e-23, nan 
-84.125, 65.125, 1.2420837862040526e-23, nan 
-83.875, 65.125, 1.0176515673587449e-23, nan 
-83.625, 65.125, 1.0436269389651207e-23, nan 
-83.375, 65.125, 1.2865338474695465e-23, nan 
-83.125, 65.125, 1.2414307395940878e-23, nan 
-82.875, 65.125, 1.1695614212422349e-23, nan 
-82.625, 65.125, 1.1967640821734528e-23, nan 
-82.375, 65.125, 1.4093132251135095e-23, nan 
-82.125, 65.125, 1.261266109730819e-23, nan 
-81.875, 65.125, 1.336901344923623e-23, nan 
-81.625, 65.125, 1.2119430506919014e-23, nan 
-81.375, 65.125, 1.2958510606617719e-23, nan 
-81.125, 65.125, 1.3534217750977837e-23, nan 
-80.875, 65.125, 1.4580841845045038e-23, nan 
-80.625, 65.125, 1.4018590728657075e-23, nan 
-80.375, 65.125, 1.33387159077788e-23, nan 
-80.125, 65.125, 1.16947740561768e-23, nan 
-79.875, 65.125, 1.2994004017245018e-23, nan 
-79.625, 65.125, 1.5029428960807742e-23, nan 
-79.375, 65.125, 1.9312251501056628e-23, nan 
-79.125, 65.125, 3.006729128365844e-23, nan 
-78.875, 65.125, 1.8398568961123596e-23, nan 
-78.625, 65.125, 2.2024081473592405e-23, nan 
-78.375, 65.125, 2.4117409833506875e-23, nan 
-78.125, 65.125, 1.3572820730996687e-23, nan 
-77.875, 65.125, 1.7980254906113327e-23, nan 
-77.625, 65.125, 1.7946013717575955e-23, nan 
-77.375, 65.125, 1.9309885561159654e-23, nan 
-77.125, 65.125, 1.8056847699660145e-23, nan 
-76.875, 65.125, 1.9856498992692867e-23, nan 
-76.625, 65.125, 2.4550425679324305e-23, nan 
-76.375, 65.125, 2.1479614995664897e-22, nan 
-76.125, 65.125, 1.4182766419926752e-22, nan 
-75.875, 65.125, 3.790802004062869e-23, nan 
-75.625, 65.125, 2.3962496208052508e-23, nan 
-75.375, 65.125, 2.5974039829872135e-23, nan 
-75.125, 65.125, 2.2450640642095872e-23, nan 
-74.875, 65.125, 2.448144340749346e-23, nan 
-74.625, 65.125, 2.318103837781807e-23, nan 
-74.375, 65.125, 2.1770766910981768e-23, nan 
-74.125, 65.125, 2.0490628314289355e-23, nan 
-73.875, 65.125, 2.185590049991065e-23, nan 
-73.625, 65.125, 1.9577134328762323e-23, nan 
-73.375, 65.125, 2.1660997273413338e-23, nan 
-73.125, 65.125, 2.085551524129956e-23, nan 
-72.875, 65.125, 2.1143964706608413e-23, nan 
-72.625, 65.125, 2.249690031366714e-23, nan 
-72.375, 65.125, 2.3678707235295034e-23, nan 
-72.125, 65.125, 2.4058669256276157e-23, nan 
-71.875, 65.125, 2.1406831211831038e-23, nan 
-71.625, 65.125, 1.8846725230171227e-23, nan 
-71.375, 65.125, 2.213561228098945e-23, nan 
-71.125, 65.125, 2.6005194023177964e-23, nan 
-70.875, 65.125, 3.040893861900976e-23, nan 
-70.625, 65.125, 2.8330946159839567e-23, nan 
-70.375, 65.125, 2.75632281010516e-23, nan 
-70.125, 65.125, 3.5021467796481277e-23, nan 
-69.875, 65.125, 2.820900164653381e-23, nan 
-69.625, 65.125, 2.740314201499901e-23, nan 
-69.375, 65.125, 2.752146820222926e-23, nan 
-69.125, 65.125, 3.1895628097962623e-23, nan 
-68.875, 65.125, 3.184402657732664e-23, nan 
-68.625, 65.125, 2.9345215581164486e-23, nan 
-68.375, 65.125, 3.214592001196267e-23, nan 
-68.125, 65.125, 3.227440543687118e-23, nan 
-67.875, 65.125, 3.269756101749228e-23, nan 
-67.625, 65.125, 2.7902035617596177e-23, nan 
-67.375, 65.125, 2.9652450872269483e-23, nan 
-67.125, 65.125, 3.4800594134364366e-23, nan 
-66.875, 65.125, 4.6060738046418105e-23, nan 
-66.625, 65.125, 4.1987581621842464e-23, nan 
-66.375, 65.125, 5.389024579175826e-23, nan 
-66.125, 65.125, 4.671861373686622e-23, nan 
-65.875, 65.125, 3.683224681890404e-23, nan 
-65.625, 65.125, 3.200734393689803e-23, nan 
-65.375, 65.125, 4.4113035604243274e-23, nan 
-65.125, 65.125, 4.4186339074702045e-23, nan 
-64.875, 65.125, 4.564054901034093e-23, nan 
-64.625, 65.125, 4.6423157172427604e-23, nan 
-64.375, 65.125, 5.779991300587682e-23, nan 
-64.125, 65.125, 5.423061942318245e-23, nan 
-63.875, 65.125, 5.885250050053453e-23, nan 
-63.625, 65.125, 6.899090389084794e-23, nan 
-63.375, 65.125, 6.867717717581754e-23, nan 
-63.125, 65.125, 6.726734232428295e-23, nan 
-62.875, 65.125, 6.694087758354552e-23, nan 
-62.625, 65.125, 5.696017144419433e-23, nan 
-62.375, 65.125, 5.652763400581222e-23, nan 
-62.125, 65.125, 5.189052270180819e-23, nan 
-61.875, 65.125, 5.260860965022572e-23, nan 
-61.625, 65.125, 5.88826536262966e-23, nan 
-61.375, 65.125, 6.614431885997175e-23, nan 
-61.125, 65.125, 7.536466112018262e-23, nan 
-60.875, 65.125, 7.745260101642524e-23, nan 
-60.625, 65.125, 7.248785175844079e-23, nan 
-60.375, 65.125, 6.978813440631152e-23, nan 
-60.125, 65.125, 9.638841720551969e-23, nan 
-59.875, 65.125, 5.58575191221634e-23, nan 
-59.625, 65.125, 8.271590517062463e-23, nan 
-59.375, 65.125, 1.0254890183662844e-22, nan 
-59.125, 65.125, 1.0196745762078439e-22, nan 
-58.875, 65.125, 9.233945003214084e-23, nan 
-58.625, 65.125, 9.695167809971865e-23, nan 
-58.375, 65.125, 9.641851029215581e-23, nan 
-58.125, 65.125, 8.035071388679549e-23, nan 
-57.875, 65.125, 8.085469483635559e-23, nan 
-57.625, 65.125, 1.103208294019537e-22, nan 
-57.375, 65.125, 8.104463874870153e-23, nan 
-57.125, 65.125, 7.723000998460621e-23, nan 
-56.875, 65.125, 8.102349239288529e-23, nan 
-56.625, 65.125, 7.190485456189597e-23, nan 
-56.375, 65.125, 6.157771595095188e-23, nan 
-56.125, 65.125, 5.433944210471496e-23, nan 
-55.875, 65.125, 5.922372668434438e-23, nan 
-55.625, 65.125, 6.374867531683548e-23, nan 
-55.375, 65.125, 5.570994342215176e-23, nan 
-55.125, 65.125, 4.997718673699483e-23, nan 
-54.875, 65.125, 3.632726975610159e-23, nan 
-54.625, 65.125, 3.0439617454692993e-23, nan 
-54.375, 65.125, 3.863135098186215e-23, nan 
-54.125, 65.125, 4.4807097930077394e-23, nan 
-53.875, 65.125, 2.7727538260137604e-23, nan 
-53.625, 65.125, 2.2405758295000086e-23, nan 
-53.375, 65.125, 2.2489949162266086e-23, nan 
-53.125, 65.125, 8.945727805765368e-23, nan 
-52.875, 65.125, 1.267414991177277e-22, nan 
-52.625, 65.125, 1.090365929508485e-22, nan 
-52.375, 65.125, 1.351196357976891e-22, nan 
-52.125, 65.125, 1.0723918987875784e-22, nan 
-51.875, 65.125, 7.886913494237002e-23, nan 
-51.625, 65.125, 3.567911182427573e-23, nan 
-51.375, 65.125, 2.6210031003864706e-23, nan 
-51.125, 65.125, 2.750728184555682e-23, nan 
-50.875, 65.125, 2.3928146409246827e-23, nan 
-50.625, 65.125, 3.0987857643864255e-23, nan 
-50.375, 65.125, 3.090886904643297e-23, nan 
-50.125, 65.125, 4.324059882795011e-23, nan 
-49.875, 65.125, 5.665324435214065e-23, nan 
-49.625, 65.125, 5.0182180775090066e-23, nan 
-49.375, 65.125, 5.120010218466537e-23, nan 
-49.125, 65.125, 5.184801687056722e-23, nan 
-48.875, 65.125, 6.15514292108036e-23, nan 
-48.625, 65.125, 5.771180551455871e-23, nan 
-48.375, 65.125, 4.117096105547932e-23, nan 
-48.125, 65.125, 6.308898530742476e-23, nan 
-47.875, 65.125, 5.446334871551876e-23, nan 
-47.625, 65.125, 9.738121436814601e-23, nan 
-47.375, 65.125, 8.577202681126646e-23, nan 
-47.125, 65.125, 2.716106298194349e-23, nan 
-46.875, 65.125, 3.3391870222120344e-23, nan 
-46.625, 65.125, 3.0571787679270124e-23, nan 
-46.375, 65.125, 2.9012829324638214e-23, nan 
-46.125, 65.125, 3.672608407071504e-23, nan 
-45.875, 65.125, 4.2258433200682934e-23, nan 
-45.625, 65.125, 1.0023465993333318e-22, nan 
-45.375, 65.125, 1.2136023070028502e-22, nan 
-45.125, 65.125, 1.1124168030983874e-22, nan 
-44.875, 65.125, 1.268530135549047e-22, nan 
-44.625, 65.125, 1.9913632079737393e-22, nan 
-44.375, 65.125, 1.6877215855620088e-22, nan 
-44.125, 65.125, 1.6766536511961933e-22, nan 
-43.875, 65.125, 2.4344200303812346e-22, nan 
-43.625, 65.125, 1.6492914533345357e-22, nan 
-43.375, 65.125, 6.961357722227214e-23, nan 
-43.125, 65.125, 8.893271499542833e-23, nan 
-42.875, 65.125, 8.804871894191087e-23, nan 
-42.625, 65.125, 1.0886920137488045e-22, nan 
-42.375, 65.125, 1.1007884984768082e-22, nan 
-42.125, 65.125, 1.1979369497006543e-22, nan 
-41.875, 65.125, 1.3051458001168822e-22, nan 
-41.625, 65.125, 1.8140137581489645e-22, nan 
-41.375, 65.125, 7.528730245478713e-23, nan 
-41.125, 65.125, 9.878378071942327e-23, nan 
-40.875, 65.125, 1.1042507652281337e-22, nan 
-40.625, 65.125, 4.280647565218342e-23, nan 
-40.375, 65.125, 6.357401802117664e-23, nan 
-40.125, 65.125, 1.2264369998836386e-22, nan 
-39.875, 65.125, 1.4641125507183164e-22, nan 
-39.625, 65.125, 1.218078864484921e-22, nan 
-39.375, 65.125, 1.2334008600456113e-22, nan 
-39.125, 65.125, 1.782805264909699e-22, nan 
-38.875, 65.125, 1.4588236143753394e-22, nan 
-38.625, 65.125, 7.519337173724973e-23, nan 
-38.375, 65.125, 1.2126997429035742e-22, nan 
-38.125, 65.125, 1.3753856138077858e-22, nan 
-37.875, 65.125, 1.2525423431933654e-22, nan 
-37.625, 65.125, 1.105983656468539e-22, nan 
-37.375, 65.125, 6.922773448488656e-23, nan 
-37.125, 65.125, 8.917331892475313e-23, nan 
-36.875, 65.125, 1.8125979942948935e-22, nan 
-36.625, 65.125, 2.0761306933693119e-22, nan 
-36.375, 65.125, 2.0640738268576698e-22, nan 
-36.125, 65.125, 2.047724304161099e-22, nan 
-35.875, 65.125, 3.026211289230593e-22, nan 
-35.625, 65.125, 1.6379368647765628e-22, nan 
-35.375, 65.125, 1.741486482230409e-22, nan 
-35.125, 65.125, 1.9767898847085945e-22, nan 
-34.875, 65.125, 9.441547178637025e-23, nan 
-34.625, 65.125, 1.0206753592408441e-22, nan 
-34.375, 65.125, 9.641252595303652e-23, nan 
-34.125, 65.125, 7.644914328152032e-23, nan 
-33.875, 65.125, 5.464727089154815e-23, nan 
-33.625, 65.125, 4.477435794012071e-23, nan 
-33.375, 65.125, 6.217562396589128e-23, nan 
-33.125, 65.125, 4.596873083941226e-23, nan 
-32.875, 65.125, 1.604036638730657e-22, nan 
-32.625, 65.125, 1.3171166994398054e-22, nan 
-32.375, 65.125, 5.1039574871493224e-23, nan 
-32.125, 65.125, 4.4126077480247907e-23, nan 
-31.875, 65.125, 5.1365672537667786e-23, nan 
-31.625, 65.125, 3.3932089043791426e-23, nan 
-31.375, 65.125, 6.692319869321788e-23, nan 
-31.125, 65.125, 7.456536912213421e-23, nan 
-30.875, 65.125, 1.0877261135478906e-22, nan 
-30.625, 65.125, 1.7114276998291357e-22, nan 
-30.375, 65.125, 1.7935524467945356e-22, nan 
-30.125, 65.125, 1.2466271810813815e-22, nan 
-29.875, 65.125, 1.6540662867140664e-22, nan 
-29.625, 65.125, 1.7035634625467486e-22, nan 
-29.375, 65.125, 1.4641614034006375e-22, nan 
-29.125, 65.125, 2.6528225802532826e-22, nan 
-28.875, 65.125, 1.666370163484732e-22, nan 
-28.625, 65.125, 9.901406731928314e-23, nan 
-28.375, 65.125, 1.3636346213457292e-22, nan 
-28.125, 65.125, 6.85828125351231e-23, nan 
-27.875, 65.125, 1.0142721962217359e-22, nan 
-27.625, 65.125, 9.44313376762673e-23, nan 
-27.375, 65.125, 8.088166383746972e-23, nan 
-27.125, 65.125, 1.1487260576310338e-22, nan 
-26.875, 65.125, 1.1589359792918108e-22, nan 
-26.625, 65.125, 1.4262735796975834e-22, nan 
-26.375, 65.125, 2.115228870665042e-22, nan 
-26.125, 65.125, 2.1262949808913673e-22, nan 
-25.875, 65.125, 1.2585775375503635e-22, nan 
-25.625, 65.125, 2.083868284317865e-22, nan 
-25.375, 65.125, 2.363478104208141e-22, nan 
-25.125, 65.125, 1.2906499123857322e-22, nan 
-24.875, 65.125, 8.113247426351006e-23, nan 
-24.625, 65.125, 1.0751840017287554e-22, nan 
-24.375, 65.125, 7.122714327904578e-23, nan 
-24.125, 65.125, 1.2448849218116954e-22, nan 
-23.875, 65.125, 7.219191709550231e-23, nan 
-23.625, 65.125, 1.5833214608748116e-22, nan 
-23.375, 65.125, 2.191687764673172e-22, nan 
-23.125, 65.125, 1.413766447434228e-22, nan 
-22.875, 65.125, 1.4481271522008992e-22, nan 
-22.625, 65.125, 1.4668114456299546e-22, nan 
-22.375, 65.125, 1.4382209086903342e-22, nan 
-22.125, 65.125, 1.4839916792465608e-22, nan 
-21.875, 65.125, 3.1477849882893057e-22, nan 
-21.625, 65.125, 3.0452825830753e-22, nan 
-21.375, 65.125, 3.7626086657137387e-22, nan 
-21.125, 65.125, 4.644927344129062e-22, nan 
-20.875, 65.125, 3.6663664814800405e-22, nan 
-20.625, 65.125, 3.5570050079171573e-22, nan 
-20.375, 65.125, 2.2941805013166764e-22, nan 
-20.125, 65.125, 2.0546167103824507e-22, nan 
-19.875, 65.125, 2.880438600410183e-22, nan 
-19.625, 65.125, 5.799201424733046e-23, nan 
-19.375, 65.125, 1.4449705518691523e-22, nan 
-19.125, 65.125, 1.4443305198317211e-22, nan 
-18.875, 65.125, 1.1033227102294012e-22, nan 
-18.625, 65.125, 2.3920677842631485e-22, nan 
-18.375, 65.125, 1.9070002736933866e-22, nan 
-18.125, 65.125, 2.049075485650047e-22, nan 
-17.875, 65.125, 1.1372471769993833e-22, nan 
-17.625, 65.125, 1.8393592422574395e-22, nan 
-17.375, 65.125, 2.1258237019978303e-22, nan 
-17.125, 65.125, 4.8644961066492403e-23, nan 
-16.875, 65.125, 5.003036065890027e-23, nan 
-16.625, 65.125, 8.54052760057549e-23, nan 
-16.375, 65.125, 6.64358083357632e-23, nan 
-16.125, 65.125, 6.548528986170985e-23, nan 
-15.875, 65.125, 9.435248299817375e-23, nan 
-15.625, 65.125, 1.2790757312604887e-22, nan 
-15.375, 65.125, 1.6799506953722803e-22, nan 
-15.125, 65.125, 2.1565444866914853e-22, nan 
-14.875, 65.125, 1.9518745889389783e-22, nan 
-14.625, 65.125, 1.5351620081305506e-22, nan 
-14.375, 65.125, 2.124129464786499e-22, nan 
-14.125, 65.125, 2.7215778751713074e-22, nan 
-13.875, 65.125, 3.3802686860444465e-22, nan 
-13.625, 65.125, 4.735216891980035e-22, nan 
-13.375, 65.125, 8.093488102318036e-22, nan 
-13.125, 65.125, 1.0071375491984889e-21, nan 
-12.875, 65.125, 1.0861044705832562e-21, nan 
-12.625, 65.125, 1.336166901289605e-21, nan 
-12.375, 65.125, 1.5429265754575955e-21, nan 
-12.125, 65.125, 1.104309819930659e-21, nan 
-11.875, 65.125, 2.088703220063151e-21, nan 
-11.625, 65.125, 5.428670436886346e-21, nan 
-11.375, 65.125, 6.819522962661096e-21, nan 
-11.125, 65.125, 6.1421734677826595e-21, nan 
-10.875, 65.125, 7.106173132068208e-21, nan 
-10.625, 65.125, 7.352275102704093e-21, nan 
-10.375, 65.125, 5.388614513622441e-21, nan 
-10.125, 65.125, 2.3355372874978327e-21, nan 
-9.875, 65.125, 4.383859147572755e-22, nan 
-9.625, 65.125, 1.8675594312036534e-22, nan 
-9.375, 65.125, 4.41383512819518e-22, nan 
-9.125, 65.125, 6.977536876075851e-22, nan 
-8.875, 65.125, 5.224656056744477e-22, nan 
-8.625, 65.125, 4.646202703969029e-22, nan 
-8.375, 65.125, 9.332461330695712e-22, nan 
-8.125, 65.125, 2.418128764734386e-21, nan 
-7.875, 65.125, 5.079588757442286e-21, nan 
-7.625, 65.125, 5.963189176121062e-21, nan 
-7.375, 65.125, 5.26588778526004e-21, nan 
-7.125, 65.125, 4.871450530689944e-21, nan 
-6.875, 65.125, 4.766712307586804e-21, nan 
-6.625, 65.125, 3.482055385061404e-21, nan 
-6.375, 65.125, 2.0860455654097913e-21, nan 
-6.125, 65.125, 1.8505058249919583e-21, nan 
-5.875, 65.125, 1.2629067603524271e-21, nan 
-5.625, 65.125, 1.5544952690890788e-21, nan 
-5.375, 65.125, 1.6786777494838156e-21, nan 
-5.125, 65.125, 1.1275993018496854e-21, nan 
-4.875, 65.125, 3.5260601706651617e-22, nan 
-4.625, 65.125, 2.231550074474857e-22, nan 
-4.375, 65.125, 1.5899985645711486e-22, nan 
-4.125, 65.125, 1.4536703314916856e-22, nan 
-3.875, 65.125, 1.0409943303047155e-22, nan 
-3.625, 65.125, 7.779631977123994e-23, nan 
-3.375, 65.125, 6.617492350480566e-23, nan 
-3.125, 65.125, 2.3978288464270367e-23, nan 
-2.875, 65.125, 3.6521133392059286e-23, nan 
-2.625, 65.125, 8.812465626122964e-23, nan 
-2.375, 65.125, 5.729282727325768e-23, nan 
-2.125, 65.125, 9.717048729333555e-23, nan 
-1.875, 65.125, 9.636513185200278e-23, nan 
-1.625, 65.125, 4.8897110134357025e-23, nan 
-1.375, 65.125, 1.1041517224253457e-22, nan 
-1.125, 65.125, 1.8680427361943324e-22, nan 
-0.875, 65.125, 1.0924045640539109e-22, nan 
-0.625, 65.125, 7.218991992377091e-23, nan 
-0.375, 65.125, 2.3794604875156255e-22, nan 
-0.125, 65.125, 1.6335226416183696e-22, nan 
0.125, 65.125, 5.466853593162601e-23, nan 
0.375, 65.125, 1.1371807217600048e-22, nan 
0.625, 65.125, 1.062232297402749e-22, nan 
0.875, 65.125, 9.13435640685566e-23, nan 
1.125, 65.125, 8.5910654551829e-23, nan 
1.375, 65.125, 7.77891024044496e-23, nan 
1.625, 65.125, 6.837120238071559e-23, nan 
1.875, 65.125, 6.438920019791977e-23, nan 
2.125, 65.125, 7.611944765109273e-23, nan 
2.375, 65.125, 8.726994462742707e-23, nan 
2.625, 65.125, 6.905119265777688e-23, nan 
2.875, 65.125, 6.032081430818461e-23, nan 
3.125, 65.125, 9.460217986643312e-23, nan 
3.375, 65.125, 7.902912411181638e-23, nan 
3.625, 65.125, 6.985509502377225e-23, nan 
3.875, 65.125, 1.098385630860643e-22, nan 
4.125, 65.125, 9.262451786191878e-23, nan 
4.375, 65.125, 6.588388837465408e-23, nan 
4.625, 65.125, 7.091533909794561e-23, nan 
4.875, 65.125, 6.803305277468454e-23, nan 
5.125, 65.125, 4.269060008497284e-23, nan 
5.375, 65.125, 9.417021617663497e-23, nan 
5.625, 65.125, 7.944444980138588e-23, nan 
5.875, 65.125, 8.134480515402809e-23, nan 
6.125, 65.125, 4.771302909310133e-23, nan 
6.375, 65.125, 5.751549920801175e-23, nan 
6.625, 65.125, 6.796420775444261e-23, nan 
6.875, 65.125, 5.419938839467763e-23, nan 
7.125, 65.125, 5.459117536180197e-23, nan 
7.375, 65.125, 6.564196410198465e-23, nan 
7.625, 65.125, 4.9333945656936857e-23, nan 
7.875, 65.125, 4.895041388958148e-23, nan 
8.125, 65.125, 4.677227618510631e-23, nan 
8.375, 65.125, 2.544060428446282e-23, nan 
8.625, 65.125, 4.199043279379962e-23, nan 
8.875, 65.125, 4.0495283109367396e-23, nan 
9.125, 65.125, 2.724629166493575e-23, nan 
9.375, 65.125, 5.1847734661614604e-23, nan 
9.625, 65.125, 2.5440097532532043e-23, nan 
9.875, 65.125, 2.65634864434144e-23, nan 
10.125, 65.125, 2.494898779489921e-23, nan 
10.375, 65.125, 1.4232648955434218e-23, nan 
10.625, 65.125, 2.548937162399356e-23, nan 
10.875, 65.125, 2.9519894962163256e-23, nan 
11.125, 65.125, 2.154174623363519e-23, nan 
11.375, 65.125, 3.2078961077682494e-23, nan 
11.625, 65.125, 2.4859421744497058e-23, nan 
11.875, 65.125, 2.3583786037552217e-23, nan 
12.125, 65.125, 7.524712723472208e-24, nan 
12.375, 65.125, 2.495466862654085e-23, nan 
12.625, 65.125, 1.7139397844583813e-23, nan 
12.875, 65.125, 4.36159282138966e-23, nan 
13.125, 65.125, 4.110897092208538e-23, nan 
13.375, 65.125, 3.602040537833742e-23, nan 
13.625, 65.125, 3.898645374751921e-23, nan 
13.875, 65.125, 4.4092941846486955e-23, nan 
14.125, 65.125, 2.954551324440423e-23, nan 
14.375, 65.125, 2.900000286513843e-23, nan 
14.625, 65.125, 2.929710671620592e-23, nan 
14.875, 65.125, 3.445374525257732e-23, nan 
15.125, 65.125, 2.5907410297002632e-23, nan 
15.375, 65.125, 2.8214861260586083e-23, nan 
15.625, 65.125, 6.571888565094972e-23, nan 
15.875, 65.125, 6.58683837848758e-23, nan 
16.125, 65.125, 3.899339720698361e-23, nan 
16.375, 65.125, 3.365869700336433e-23, nan 
16.625, 65.125, 3.346197069004927e-23, nan 
16.875, 65.125, 3.024882514918301e-23, nan 
17.125, 65.125, 2.0443486703821657e-23, nan 
17.375, 65.125, 1.7324142041563974e-23, nan 
17.625, 65.125, 1.663395234595992e-23, nan 
17.875, 65.125, 1.5936867634960075e-23, nan 
18.125, 65.125, 1.6640200404946183e-23, nan 
18.375, 65.125, 1.79849777193935e-23, nan 
18.625, 65.125, 1.670693219152826e-23, nan 
18.875, 65.125, 2.024330534318557e-23, nan 
19.125, 65.125, 1.4596141004832755e-23, nan 
19.375, 65.125, 1.6036779347320126e-23, nan 
19.625, 65.125, 2.0132548790791353e-23, nan 
19.875, 65.125, 2.1347348433355905e-23, nan 
20.125, 65.125, 2.709228219205409e-23, nan 
20.375, 65.125, 2.7725408847964753e-23, nan 
20.625, 65.125, 1.935506739116129e-23, nan 
20.875, 65.125, 2.3489629280720723e-23, nan 
21.125, 65.125, 2.67555992109914e-23, nan 
21.375, 65.125, 1.1348866737993007e-23, nan 
21.625, 65.125, 1.5895757789755736e-23, nan 
21.875, 65.125, 2.0335401774349886e-23, nan 
22.125, 65.125, 1.770666304739299e-23, nan 
22.375, 65.125, 2.4927585822826198e-23, nan 
22.625, 65.125, 3.195636771716719e-23, nan 
22.875, 65.125, 3.1801917664730216e-23, nan 
23.125, 65.125, 3.776429704155522e-23, nan 
23.375, 65.125, 4.016888116883697e-23, nan 
23.625, 65.125, 2.677036210435445e-23, nan 
23.875, 65.125, 2.2236893052739227e-23, nan 
24.125, 65.125, 1.5624582903377502e-23, nan 
24.375, 65.125, 3.0878079430763324e-23, nan 
24.625, 65.125, 1.726327332533192e-23, nan 
24.875, 65.125, 1.9584054509511853e-23, nan 
25.125, 65.125, 2.0037312368750105e-23, nan 
25.375, 65.125, 1.9080819441492206e-23, nan 
25.625, 65.125, 2.2332204116989486e-23, nan 
25.875, 65.125, 3.409200583037329e-23, nan 
26.125, 65.125, 3.4533560134128955e-23, nan 
26.375, 65.125, 2.530409097233749e-23, nan 
26.625, 65.125, 4.849452172097854e-23, nan 
26.875, 65.125, 5.3677269074978e-23, nan 
27.125, 65.125, 3.990882364584151e-23, nan 
27.375, 65.125, 2.2109169431476536e-23, nan 
27.625, 65.125, 2.4497795020111978e-23, nan 
27.875, 65.125, 2.456325437184867e-23, nan 
28.125, 65.125, 1.8211044595540386e-23, nan 
28.375, 65.125, 1.5348059969850213e-23, nan 
28.625, 65.125, 7.643434174537106e-24, nan 
28.875, 65.125, 6.311634584381996e-24, nan 
29.125, 65.125, 1.1797983417219952e-23, nan 
29.375, 65.125, 9.74578722667536e-24, nan 
29.625, 65.125, 1.3407421962987152e-23, nan 
29.875, 65.125, 1.919861127877491e-23, nan 
30.125, 65.125, 2.971252563112113e-23, nan 
30.375, 65.125, 3.231215136187907e-23, nan 
30.625, 65.125, 4.243710280064989e-23, nan 
30.875, 65.125, 6.096307351505762e-23, nan 
31.125, 65.125, 1.848850102765284e-22, nan 
31.375, 65.125, 1.580138968850378e-22, nan 
31.625, 65.125, 2.6740311844079585e-23, nan 
31.875, 65.125, 4.3880433472061297e-23, nan 
32.125, 65.125, 4.383369810873062e-23, nan 
32.375, 65.125, 3.59167926093103e-23, nan 
32.625, 65.125, 1.9743234407124914e-23, nan 
32.875, 65.125, 2.4689180817517087e-23, nan 
33.125, 65.125, 2.350324572687146e-23, nan 
33.375, 65.125, 1.502588503703508e-23, nan 
33.625, 65.125, 1.3598150269527685e-23, nan 
33.875, 65.125, 1.224594866739946e-23, nan 
34.125, 65.125, 1.9539673411305784e-23, nan 
34.375, 65.125, 1.8750944692202786e-23, nan 
34.625, 65.125, 1.4585244463229215e-23, nan 
34.875, 65.125, 1.4718933828973705e-23, nan 
35.125, 65.125, 1.3428192533259064e-23, nan 
35.375, 65.125, 8.904651455251432e-24, nan 
35.625, 65.125, 9.593791215521458e-24, nan 
35.875, 65.125, 7.895016333175721e-24, nan 
36.125, 65.125, 7.559363963697067e-24, nan 
36.375, 65.125, 6.965069794440624e-24, nan 
36.625, 65.125, 1.004925139834414e-23, nan 
36.875, 65.125, 9.987332105791914e-24, nan 
37.125, 65.125, 1.2666137607922209e-23, nan 
37.375, 65.125, 9.899529572358345e-24, nan 
37.625, 65.125, 3.695621432183544e-24, nan 
37.875, 65.125, 8.110881144658986e-24, nan 
38.125, 65.125, 5.423629105937141e-24, nan 
38.375, 65.125, 5.353437800708208e-24, nan 
38.625, 65.125, 1.2729082224130518e-23, nan 
38.875, 65.125, 1.5645904304925463e-23, nan 
39.125, 65.125, 6.899222275587477e-24, nan 
39.375, 65.125, 1.2691601799421474e-23, nan 
39.625, 65.125, 6.344982283482261e-24, nan 
39.875, 65.125, 1.1208649162729459e-23, nan 
40.125, 65.125, 9.611878572326511e-24, nan 
40.375, 65.125, 3.7133657730142814e-24, nan 
40.625, 65.125, 2.954427923123454e-24, nan 
40.875, 65.125, 2.7723303952879263e-24, nan 
41.125, 65.125, 1.0733228987371678e-23, nan 
41.375, 65.125, 6.860200854096266e-24, nan 
41.625, 65.125, 5.709037469894595e-24, nan 
41.875, 65.125, 6.968677899793317e-24, nan 
42.125, 65.125, 8.734338981273246e-24, nan 
42.375, 65.125, 5.54891746011129e-24, nan 
42.625, 65.125, 4.31008223875422e-24, nan 
42.875, 65.125, 3.061706739399129e-24, nan 
43.125, 65.125, 5.388804221820898e-24, nan 
43.375, 65.125, 5.803740570857363e-24, nan 
43.625, 65.125, 7.084305798512368e-24, nan 
43.875, 65.125, 3.8560132307455394e-24, nan 
44.125, 65.125, 4.920592939146262e-24, nan 
44.375, 65.125, 5.611481503164674e-24, nan 
44.625, 65.125, 2.3259172128028256e-24, nan 
44.875, 65.125, 2.8378461755473767e-24, nan 
45.125, 65.125, 4.086912169539898e-24, nan 
45.375, 65.125, 4.290324263632039e-24, nan 
45.625, 65.125, 3.2829655934212275e-24, nan 
45.875, 65.125, 3.328677811422428e-24, nan 
46.125, 65.125, 4.830488779773892e-24, nan 
46.375, 65.125, 6.225098669004671e-24, nan 
46.625, 65.125, 5.148322244692832e-24, nan 
46.875, 65.125, 4.245459857136524e-24, nan 
47.125, 65.125, 4.9470690894295064e-24, nan 
47.375, 65.125, 6.2725343910071094e-24, nan 
47.625, 65.125, 7.286268979393755e-24, nan 
47.875, 65.125, 7.331236141840758e-24, nan 
48.125, 65.125, 6.912750269398479e-24, nan 
48.375, 65.125, 7.068640410568747e-24, nan 
48.625, 65.125, 7.075255560601943e-24, nan 
48.875, 65.125, 4.858249249896275e-24, nan 
49.125, 65.125, 4.4301127505697115e-24, nan 
49.375, 65.125, 5.525756601297643e-24, nan 
49.625, 65.125, 2.765739973867346e-24, nan 
49.875, 65.125, 3.2999085019975983e-24, nan 
50.125, 65.125, 4.143299020233572e-24, nan 
50.375, 65.125, 3.0523862910069686e-24, nan 
50.625, 65.125, 2.0327641681566697e-24, nan 
-123.875, 65.375, 2.267320641125966e-24, nan 
-123.625, 65.375, 2.4729057787355787e-24, nan 
-123.375, 65.375, 2.414039397365731e-24, nan 
-123.125, 65.375, 2.1495812665382947e-24, nan 
-122.875, 65.375, 1.4943014413833977e-24, nan 
-122.625, 65.375, 1.837685805977218e-24, nan 
-122.375, 65.375, 1.7936448100603037e-24, nan 
-122.125, 65.375, 1.64231868741342e-24, nan 
-121.875, 65.375, 2.498078275255015e-24, nan 
-121.625, 65.375, 2.315527514627844e-24, nan 
-121.375, 65.375, 2.340938737097819e-24, nan 
-121.125, 65.375, 2.6735087404780864e-24, nan 
-120.875, 65.375, 2.9430710993592664e-24, nan 
-120.625, 65.375, 2.575164252931137e-24, nan 
-120.375, 65.375, 2.525644378991219e-24, nan 
-120.125, 65.375, 2.580548579552312e-24, nan 
-119.875, 65.375, 2.4167169731199633e-24, nan 
-119.625, 65.375, 2.5472734756764666e-24, nan 
-119.375, 65.375, 2.1527919876000368e-24, nan 
-119.125, 65.375, 2.236840993961817e-24, nan 
-118.875, 65.375, 2.7596890786447752e-24, nan 
-118.625, 65.375, 2.873525329333969e-24, nan 
-118.375, 65.375, 3.388625304753839e-24, nan 
-118.125, 65.375, 3.4015674766826344e-24, nan 
-117.875, 65.375, 2.9076234435245352e-24, nan 
-117.625, 65.375, 2.5112853678217566e-24, nan 
-117.375, 65.375, 2.8197660680741552e-24, nan 
-117.125, 65.375, 2.359760291483792e-24, nan 
-116.875, 65.375, 2.67748994152266e-24, nan 
-116.625, 65.375, 3.920363538786633e-24, nan 
-116.375, 65.375, 4.7806265745712984e-24, nan 
-116.125, 65.375, 4.119153109128344e-24, nan 
-115.875, 65.375, 4.071125476486308e-24, nan 
-115.625, 65.375, 2.121048182436266e-24, nan 
-115.375, 65.375, 2.6391583698086446e-24, nan 
-115.125, 65.375, 3.420705101460383e-24, nan 
-114.875, 65.375, 3.1582013600001793e-24, nan 
-114.625, 65.375, 3.0961053335586824e-24, nan 
-114.375, 65.375, 3.0784168898539602e-24, nan 
-114.125, 65.375, 2.2808451310010004e-24, nan 
-113.875, 65.375, 2.2112391566078263e-24, nan 
-113.625, 65.375, 2.6229409875663543e-24, nan 
-113.375, 65.375, 1.8103518092561576e-24, nan 
-113.125, 65.375, 2.2960030202428904e-24, nan 
-112.875, 65.375, 2.4447674723447272e-24, nan 
-112.625, 65.375, 2.244345262934096e-24, nan 
-112.375, 65.375, 1.9907138225152676e-24, nan 
-112.125, 65.375, 1.915534956309286e-24, nan 
-111.875, 65.375, 2.256535672189223e-24, nan 
-111.625, 65.375, 2.2190280623322414e-24, nan 
-111.375, 65.375, 2.4752965596044277e-24, nan 
-111.125, 65.375, 2.2050852023574742e-24, nan 
-110.875, 65.375, 2.15393686490409e-24, nan 
-110.625, 65.375, 1.813715542276286e-24, nan 
-110.375, 65.375, 1.980548825950282e-24, nan 
-110.125, 65.375, 2.0280928617807447e-24, nan 
-109.875, 65.375, 2.572775322690474e-24, nan 
-109.625, 65.375, 4.5432728614118055e-24, nan 
-109.375, 65.375, 3.7628765851453546e-24, nan 
-109.125, 65.375, 3.144832749533299e-24, nan 
-108.875, 65.375, 2.814620340924153e-24, nan 
-108.625, 65.375, 2.2882939085557456e-24, nan 
-108.375, 65.375, 2.4391917333335748e-24, nan 
-108.125, 65.375, 2.99938251901932e-24, nan 
-107.875, 65.375, 2.8382312486874222e-24, nan 
-107.625, 65.375, 2.4566563120080977e-24, nan 
-107.375, 65.375, 3.1735191903734445e-24, nan 
-107.125, 65.375, 3.2291207626156647e-24, nan 
-106.875, 65.375, 2.677544199377928e-24, nan 
-106.625, 65.375, 2.8244404689492487e-24, nan 
-106.375, 65.375, 2.795243056513949e-24, nan 
-106.125, 65.375, 2.4943019405569242e-24, nan 
-105.875, 65.375, 3.301891122090166e-24, nan 
-105.625, 65.375, 3.613092659523271e-24, nan 
-105.375, 65.375, 3.806471083325411e-24, nan 
-105.125, 65.375, 3.508263530590433e-24, nan 
-104.875, 65.375, 4.04665133137324e-24, nan 
-104.625, 65.375, 4.1337179194918645e-24, nan 
-104.375, 65.375, 3.3866022200189864e-24, nan 
-104.125, 65.375, 3.499388259254056e-24, nan 
-103.875, 65.375, 3.246019808762136e-24, nan 
-103.625, 65.375, 3.95124846556984e-24, nan 
-103.375, 65.375, 4.3614500620713215e-24, nan 
-103.125, 65.375, 3.9726331453847364e-24, nan 
-102.875, 65.375, 4.017029945308816e-24, nan 
-102.625, 65.375, 3.1714497369137153e-24, nan 
-102.375, 65.375, 4.669418827881871e-24, nan 
-102.125, 65.375, 5.984426648540757e-24, nan 
-101.875, 65.375, 5.621099406964375e-24, nan 
-101.625, 65.375, 5.127089409595567e-24, nan 
-101.375, 65.375, 4.662763849651071e-24, nan 
-101.125, 65.375, 3.3733936902550315e-24, nan 
-100.875, 65.375, 4.902961387603557e-24, nan 
-100.625, 65.375, 4.1157839963570804e-24, nan 
-100.375, 65.375, 3.306206124518663e-24, nan 
-100.125, 65.375, 3.546993184029097e-24, nan 
-99.875, 65.375, 3.745408727189109e-24, nan 
-99.625, 65.375, 3.1635538037384172e-24, nan 
-99.375, 65.375, 3.2486325424740386e-24, nan 
-99.125, 65.375, 3.947076060356427e-24, nan 
-98.875, 65.375, 5.913643244763999e-24, nan 
-98.625, 65.375, 5.691748980463007e-24, nan 
-98.375, 65.375, 5.07299882551021e-24, nan 
-98.125, 65.375, 5.336434898254036e-24, nan 
-97.875, 65.375, 5.8942866965051465e-24, nan 
-97.625, 65.375, 5.502922829862039e-24, nan 
-97.375, 65.375, 5.2700135979497855e-24, nan 
-97.125, 65.375, 5.1486627624965355e-24, nan 
-96.875, 65.375, 3.806008851036993e-24, nan 
-96.625, 65.375, 6.314990959739972e-24, nan 
-96.375, 65.375, 6.700381021500456e-24, nan 
-96.125, 65.375, 6.555278368970612e-24, nan 
-95.875, 65.375, 5.159496789863007e-24, nan 
-95.625, 65.375, 5.238485244836951e-24, nan 
-95.375, 65.375, 5.654464087358166e-24, nan 
-95.125, 65.375, 5.6575877144647355e-24, nan 
-94.875, 65.375, 5.986547097934518e-24, nan 
-94.625, 65.375, 6.789681019679402e-24, nan 
-94.375, 65.375, 5.938884959332677e-24, nan 
-94.125, 65.375, 5.703908965900042e-24, nan 
-93.875, 65.375, 6.77559871511398e-24, nan 
-93.625, 65.375, 6.5657206342463345e-24, nan 
-93.375, 65.375, 6.44035732588827e-24, nan 
-93.125, 65.375, 6.903715717560954e-24, nan 
-92.875, 65.375, 6.250015311437761e-24, nan 
-92.625, 65.375, 1.1014477721630955e-23, nan 
-92.375, 65.375, 7.7501973794548e-24, nan 
-92.125, 65.375, 6.926744105855686e-24, nan 
-91.875, 65.375, 9.558709361155751e-24, nan 
-91.625, 65.375, 7.701045988681541e-24, nan 
-91.375, 65.375, 6.86323107443658e-24, nan 
-91.125, 65.375, 6.785781947383851e-24, nan 
-90.875, 65.375, 6.995289392523179e-24, nan 
-90.625, 65.375, 6.515935351722433e-24, nan 
-90.375, 65.375, 6.2182307117668835e-24, nan 
-90.125, 65.375, 7.917459387777922e-24, nan 
-89.875, 65.375, 8.433954799518397e-24, nan 
-89.625, 65.375, 7.458777230845748e-24, nan 
-89.375, 65.375, 7.380956933014627e-24, nan 
-89.125, 65.375, 8.409799817860932e-24, nan 
-88.875, 65.375, 9.032266798482945e-24, nan 
-88.625, 65.375, 9.225072696799355e-24, nan 
-88.375, 65.375, 9.115117250382802e-24, nan 
-88.125, 65.375, 8.98596007442249e-24, nan 
-87.875, 65.375, 8.848201419824848e-24, nan 
-87.625, 65.375, 1.3393284653179433e-23, nan 
-87.375, 65.375, 1.297536928282639e-23, nan 
-87.125, 65.375, 1.0709342522590423e-23, nan 
-86.875, 65.375, 1.3099482448988026e-23, nan 
-86.625, 65.375, 1.353239343767265e-23, nan 
-86.375, 65.375, 1.195861278780413e-23, nan 
-86.125, 65.375, 1.1774546039145151e-23, nan 
-85.875, 65.375, 1.0473355419118037e-23, nan 
-85.625, 65.375, 1.1664603871952463e-23, nan 
-85.375, 65.375, 1.2926540027297922e-23, nan 
-85.125, 65.375, 1.3228780452212494e-23, nan 
-84.875, 65.375, 1.3011489666690357e-23, nan 
-84.625, 65.375, 1.0077963450950402e-23, nan 
-84.375, 65.375, 1.2546281633749332e-23, nan 
-84.125, 65.375, 1.5426151849232194e-23, nan 
-83.875, 65.375, 1.4129672415194187e-23, nan 
-83.625, 65.375, 1.3158213482816158e-23, nan 
-83.375, 65.375, 1.2471542982758946e-23, nan 
-83.125, 65.375, 1.2388125350191452e-23, nan 
-82.875, 65.375, 1.389641797515054e-23, nan 
-82.625, 65.375, 1.3502153889068204e-23, nan 
-82.375, 65.375, 1.350886587910752e-23, nan 
-82.125, 65.375, 1.2734043637283435e-23, nan 
-81.875, 65.375, 1.3180266517320231e-23, nan 
-81.625, 65.375, 1.1874752860530563e-23, nan 
-81.375, 65.375, 1.3052064661886494e-23, nan 
-81.125, 65.375, 1.452682633649543e-23, nan 
-80.875, 65.375, 1.3864292404993992e-23, nan 
-80.625, 65.375, 1.5026687315076585e-23, nan 
-80.375, 65.375, 1.5870877256170267e-23, nan 
-80.125, 65.375, 1.868081139191887e-23, nan 
-79.875, 65.375, 1.958150471258986e-23, nan 
-79.625, 65.375, 1.7320718229870064e-23, nan 
-79.375, 65.375, 2.2244206142327648e-23, nan 
-79.125, 65.375, 3.11323558780675e-23, nan 
-78.875, 65.375, 1.98307650790966e-23, nan 
-78.625, 65.375, 2.8514442191119335e-23, nan 
-78.375, 65.375, 2.4016721767013284e-23, nan 
-78.125, 65.375, 2.07747054396988e-23, nan 
-77.875, 65.375, 2.67731829052811e-23, nan 
-77.625, 65.375, 2.9908469510192873e-23, nan 
-77.375, 65.375, 2.679666802372922e-23, nan 
-77.125, 65.375, 1.9861396644737778e-22, nan 
-76.875, 65.375, 1.3812723905309922e-22, nan 
-76.625, 65.375, 4.1392929120096624e-23, nan 
-76.375, 65.375, 3.469241461547945e-22, nan 
-76.125, 65.375, 2.542422487703563e-22, nan 
-75.875, 65.375, 6.100427951348994e-23, nan 
-75.625, 65.375, 1.790519815018619e-22, nan 
-75.375, 65.375, 1.0437777407233361e-22, nan 
-75.125, 65.375, 4.6231963854679523e-23, nan 
-74.875, 65.375, 3.2063043982027995e-23, nan 
-74.625, 65.375, 2.6417285054854e-23, nan 
-74.375, 65.375, 2.6166230440472645e-23, nan 
-74.125, 65.375, 2.2330796620499316e-23, nan 
-73.875, 65.375, 2.3066391807028195e-23, nan 
-73.625, 65.375, 2.2344431729405206e-23, nan 
-73.375, 65.375, 2.4886347597768714e-23, nan 
-73.125, 65.375, 2.1947308375950988e-23, nan 
-72.875, 65.375, 2.5206489653756575e-23, nan 
-72.625, 65.375, 2.5713812677560773e-23, nan 
-72.375, 65.375, 2.3706415544359507e-23, nan 
-72.125, 65.375, 2.5029116650747826e-23, nan 
-71.875, 65.375, 2.2868492373862573e-23, nan 
-71.625, 65.375, 2.41662325860819e-23, nan 
-71.375, 65.375, 2.6195809936483447e-23, nan 
-71.125, 65.375, 2.8311253478405013e-23, nan 
-70.875, 65.375, 3.324226461680043e-23, nan 
-70.625, 65.375, 3.031141740687406e-23, nan 
-70.375, 65.375, 2.68784385704777e-23, nan 
-70.125, 65.375, 2.723255230580885e-23, nan 
-69.875, 65.375, 2.736320903698208e-23, nan 
-69.625, 65.375, 2.8737032804248097e-23, nan 
-69.375, 65.375, 2.9296496854792156e-23, nan 
-69.125, 65.375, 2.75433690194533e-23, nan 
-68.875, 65.375, 2.8474726054470814e-23, nan 
-68.625, 65.375, 2.99571885290145e-23, nan 
-68.375, 65.375, 2.664735731202935e-23, nan 
-68.125, 65.375, 3.0253359479261213e-23, nan 
-67.875, 65.375, 3.958553247532304e-23, nan 
-67.625, 65.375, 4.625516246274603e-23, nan 
-67.375, 65.375, 4.38682566126999e-23, nan 
-67.125, 65.375, 4.271084617704835e-23, nan 
-66.875, 65.375, 5.480658416392295e-23, nan 
-66.625, 65.375, 4.761847283035548e-23, nan 
-66.375, 65.375, 4.232156202805977e-23, nan 
-66.125, 65.375, 4.3696591326780343e-23, nan 
-65.875, 65.375, 4.22616942239947e-23, nan 
-65.625, 65.375, 4.131768481498528e-23, nan 
-65.375, 65.375, 4.2094779498972963e-23, nan 
-65.125, 65.375, 5.359656900649797e-23, nan 
-64.875, 65.375, 5.984036946625978e-23, nan 
-64.625, 65.375, 5.709998683373929e-23, nan 
-64.375, 65.375, 5.0689202051293696e-23, nan 
-64.125, 65.375, 5.637330856758687e-23, nan 
-63.875, 65.375, 5.983568051319895e-23, nan 
-63.625, 65.375, 6.773325678322445e-23, nan 
-63.375, 65.375, 7.117686406375568e-23, nan 
-63.125, 65.375, 6.66068297459533e-23, nan 
-62.875, 65.375, 6.30318162254121e-23, nan 
-62.625, 65.375, 7.371270772160082e-23, nan 
-62.375, 65.375, 5.917558782336982e-23, nan 
-62.125, 65.375, 6.040962429258352e-23, nan 
-61.875, 65.375, 6.525370273926521e-23, nan 
-61.625, 65.375, 6.599043190103207e-23, nan 
-61.375, 65.375, 6.899029498017577e-23, nan 
-61.125, 65.375, 6.923095023611438e-23, nan 
-60.875, 65.375, 6.607554607213921e-23, nan 
-60.625, 65.375, 8.083094281368175e-23, nan 
-60.375, 65.375, 9.297818351715913e-23, nan 
-60.125, 65.375, 1.0988771030261692e-22, nan 
-59.875, 65.375, 8.775297961541027e-23, nan 
-59.625, 65.375, 9.582357054640533e-23, nan 
-59.375, 65.375, 7.99728735314735e-23, nan 
-59.125, 65.375, 1.065627114255287e-22, nan 
-58.875, 65.375, 8.913625223607087e-23, nan 
-58.625, 65.375, 8.001799492213543e-23, nan 
-58.375, 65.375, 9.381444880926444e-23, nan 
-58.125, 65.375, 7.857329074141981e-23, nan 
-57.875, 65.375, 7.073931226087802e-23, nan 
-57.625, 65.375, 7.214491027675982e-23, nan 
-57.375, 65.375, 6.581379036140893e-23, nan 
-57.125, 65.375, 6.157163147310758e-23, nan 
-56.875, 65.375, 4.679879027399037e-23, nan 
-56.625, 65.375, 5.478098125221346e-23, nan 
-56.375, 65.375, 5.0951244425364767e-23, nan 
-56.125, 65.375, 6.522617741831944e-23, nan 
-55.875, 65.375, 6.931346084491739e-23, nan 
-55.625, 65.375, 7.306805194236371e-23, nan 
-55.375, 65.375, 8.00062727419015e-23, nan 
-55.125, 65.375, 6.676687849252534e-23, nan 
-54.875, 65.375, 5.2269619338272055e-23, nan 
-54.625, 65.375, 6.109501766274539e-23, nan 
-54.375, 65.375, 6.418037363039453e-23, nan 
-54.125, 65.375, 6.02711323956167e-23, nan 
-53.875, 65.375, 3.6792674164376826e-23, nan 
-53.625, 65.375, 4.621606441557911e-23, nan 
-53.375, 65.375, 6.88196063002388e-23, nan 
-53.125, 65.375, 8.234412617087713e-23, nan 
-52.875, 65.375, 1.08368702888385e-22, nan 
-52.625, 65.375, 1.1012153353092587e-22, nan 
-52.375, 65.375, 9.708074183879902e-23, nan 
-52.125, 65.375, 6.630368357406031e-23, nan 
-51.875, 65.375, 7.602692080493977e-23, nan 
-51.625, 65.375, 5.927483858446575e-23, nan 
-51.375, 65.375, 2.8124834254498766e-23, nan 
-51.125, 65.375, 1.4429923294392665e-23, nan 
-50.875, 65.375, 2.094162488452679e-23, nan 
-50.625, 65.375, 2.217562131993968e-23, nan 
-50.375, 65.375, 5.2869869323399467e-23, nan 
-50.125, 65.375, 3.474365986279337e-23, nan 
-49.875, 65.375, 3.222326268770066e-23, nan 
-49.625, 65.375, 4.112933976921228e-23, nan 
-49.375, 65.375, 2.953972740598518e-23, nan 
-49.125, 65.375, 3.992280656761128e-23, nan 
-48.875, 65.375, 4.945001539357846e-23, nan 
-48.625, 65.375, 5.985773841493752e-23, nan 
-48.375, 65.375, 5.571086903159602e-23, nan 
-48.125, 65.375, 5.657267645921298e-23, nan 
-47.875, 65.375, 5.393407764410388e-23, nan 
-47.625, 65.375, 4.255248816426534e-23, nan 
-47.375, 65.375, 2.921404453504789e-23, nan 
-47.125, 65.375, 3.3847059224281347e-23, nan 
-46.875, 65.375, 2.3210187382622524e-23, nan 
-46.625, 65.375, 4.0225894676857344e-23, nan 
-46.375, 65.375, 3.969143599939884e-23, nan 
-46.125, 65.375, 5.934565152426338e-23, nan 
-45.875, 65.375, 1.0690379399806078e-22, nan 
-45.625, 65.375, 1.386336681915847e-22, nan 
-45.375, 65.375, 1.0077594803019279e-22, nan 
-45.125, 65.375, 1.2379056478188053e-22, nan 
-44.875, 65.375, 1.5350339240239407e-22, nan 
-44.625, 65.375, 1.2881855101557469e-22, nan 
-44.375, 65.375, 1.3156668198932607e-22, nan 
-44.125, 65.375, 1.490972522340728e-22, nan 
-43.875, 65.375, 1.238189025126175e-22, nan 
-43.625, 65.375, 1.5376759678881763e-22, nan 
-43.375, 65.375, 1.443786304166777e-22, nan 
-43.125, 65.375, 1.4607721036794878e-22, nan 
-42.875, 65.375, 1.8073491785188904e-22, nan 
-42.625, 65.375, 2.1080472423090155e-22, nan 
-42.375, 65.375, 1.1298644163459733e-22, nan 
-42.125, 65.375, 1.532961758843341e-22, nan 
-41.875, 65.375, 1.4670698450644754e-22, nan 
-41.625, 65.375, 1.501264872732132e-22, nan 
-41.375, 65.375, 5.235737190452625e-23, nan 
-41.125, 65.375, 1.2901414996379588e-22, nan 
-40.875, 65.375, 4.292140738774742e-23, nan 
-40.625, 65.375, 4.167527101515539e-23, nan 
-40.375, 65.375, 7.178357905593646e-23, nan 
-40.125, 65.375, 1.602556172076681e-22, nan 
-39.875, 65.375, 1.5927598508658103e-22, nan 
-39.625, 65.375, 1.0301705512930696e-22, nan 
-39.375, 65.375, 1.6889816886504743e-22, nan 
-39.125, 65.375, 2.0755828686480079e-22, nan 
-38.875, 65.375, 1.5058423941363619e-22, nan 
-38.625, 65.375, 1.2386270707285092e-22, nan 
-38.375, 65.375, 1.1637954894225774e-22, nan 
-38.125, 65.375, 1.3527017349784777e-22, nan 
-37.875, 65.375, 1.306698731019085e-22, nan 
-37.625, 65.375, 6.996712187351792e-23, nan 
-37.375, 65.375, 1.353253341406476e-22, nan 
-37.125, 65.375, 1.5062080052909657e-22, nan 
-36.875, 65.375, 2.3833814013163976e-22, nan 
-36.625, 65.375, 2.21042233891631e-22, nan 
-36.375, 65.375, 2.234314596183405e-22, nan 
-36.125, 65.375, 2.359883123483693e-22, nan 
-35.875, 65.375, 2.7608058420697974e-22, nan 
-35.625, 65.375, 1.6210549476182234e-22, nan 
-35.375, 65.375, 1.6059649811441258e-22, nan 
-35.125, 65.375, 1.299449972978213e-22, nan 
-34.875, 65.375, 1.0882865901185182e-22, nan 
-34.625, 65.375, 1.0613571180028152e-22, nan 
-34.375, 65.375, 1.1550710103816225e-22, nan 
-34.125, 65.375, 9.701067412168082e-23, nan 
-33.875, 65.375, 8.080643089774581e-23, nan 
-33.625, 65.375, 6.985394992336499e-23, nan 
-33.375, 65.375, 8.390091858777629e-23, nan 
-33.125, 65.375, 1.5688230635804412e-22, nan 
-32.875, 65.375, 7.233707155341332e-23, nan 
-32.625, 65.375, 9.2508044968414e-23, nan 
-32.375, 65.375, 6.829935139286594e-23, nan 
-32.125, 65.375, 5.763999849923986e-23, nan 
-31.875, 65.375, 8.680629481920437e-23, nan 
-31.625, 65.375, 1.0313053432126529e-22, nan 
-31.375, 65.375, 3.0795827765425235e-22, nan 
-31.125, 65.375, 5.81640523156168e-22, nan 
-30.875, 65.375, 1.173226586651056e-21, nan 
-30.625, 65.375, 1.9188089212841225e-21, nan 
-30.375, 65.375, 6.427761907052161e-22, nan 
-30.125, 65.375, 1.388159536321537e-22, nan 
-29.875, 65.375, 7.179260641296962e-22, nan 
-29.625, 65.375, 4.355155153624478e-22, nan 
-29.375, 65.375, 1.603304132136607e-22, nan 
-29.125, 65.375, 2.864469291665178e-22, nan 
-28.875, 65.375, 3.7731861715047947e-22, nan 
-28.625, 65.375, 8.393982351285312e-23, nan 
-28.375, 65.375, 1.6280675803690765e-22, nan 
-28.125, 65.375, 2.4714242709239056e-22, nan 
-27.875, 65.375, 9.084244526229938e-23, nan 
-27.625, 65.375, 1.1291433988331569e-22, nan 
-27.375, 65.375, 1.5939688252455066e-22, nan 
-27.125, 65.375, 1.0268833242007177e-22, nan 
-26.875, 65.375, 1.2238765136703694e-22, nan 
-26.625, 65.375, 1.8762591257955897e-22, nan 
-26.375, 65.375, 2.244212652151545e-22, nan 
-26.125, 65.375, 2.0174138744278026e-22, nan 
-25.875, 65.375, 1.6271633277448e-22, nan 
-25.625, 65.375, 2.2701177818439594e-22, nan 
-25.375, 65.375, 2.0030326524553638e-22, nan 
-25.125, 65.375, 1.8335769142689676e-22, nan 
-24.875, 65.375, 1.0111850944364584e-22, nan 
-24.625, 65.375, 1.627648407657174e-22, nan 
-24.375, 65.375, 1.387328453915006e-22, nan 
-24.125, 65.375, 1.3740714678926616e-22, nan 
-23.875, 65.375, 1.432496607381527e-22, nan 
-23.625, 65.375, 1.6189624728463796e-22, nan 
-23.375, 65.375, 1.9366079920063203e-22, nan 
-23.125, 65.375, 5.66934912474148e-23, nan 
-22.875, 65.375, 1.0711862599296607e-22, nan 
-22.625, 65.375, 1.2807859219743315e-22, nan 
-22.375, 65.375, 1.9017972905912597e-22, nan 
-22.125, 65.375, 4.693042272341596e-22, nan 
-21.875, 65.375, 4.32704087098602e-22, nan 
-21.625, 65.375, 3.3480780546960054e-22, nan 
-21.375, 65.375, 3.517541286936837e-21, nan 
-21.125, 65.375, 3.490057082664025e-21, nan 
-20.875, 65.375, 4.715198038440789e-22, nan 
-20.625, 65.375, 3.332066211573466e-22, nan 
-20.375, 65.375, 4.753552152209013e-22, nan 
-20.125, 65.375, 3.9671082150314627e-22, nan 
-19.875, 65.375, 2.618185367580586e-22, nan 
-19.625, 65.375, 7.606161765858048e-23, nan 
-19.375, 65.375, 7.978216202493379e-23, nan 
-19.125, 65.375, 1.552266391949374e-22, nan 
-18.875, 65.375, 1.757715595956296e-22, nan 
-18.625, 65.375, 2.795473391198238e-22, nan 
-18.375, 65.375, 1.9531507259379565e-22, nan 
-18.125, 65.375, 1.7492678207888694e-22, nan 
-17.875, 65.375, 2.0060892470140045e-22, nan 
-17.625, 65.375, 1.4719001390321342e-22, nan 
-17.375, 65.375, 1.444904867495957e-22, nan 
-17.125, 65.375, 6.00087796425014e-23, nan 
-16.875, 65.375, 4.0583396149280076e-23, nan 
-16.625, 65.375, 4.3619854147107e-23, nan 
-16.375, 65.375, 9.189565244413353e-23, nan 
-16.125, 65.375, 1.167909716967764e-22, nan 
-15.875, 65.375, 1.312794977198722e-22, nan 
-15.625, 65.375, 2.069096026429396e-22, nan 
-15.375, 65.375, 1.6835863533706068e-22, nan 
-15.125, 65.375, 1.53413011795147e-22, nan 
-14.875, 65.375, 2.4212732443924465e-22, nan 
-14.625, 65.375, 1.6870703006648813e-22, nan 
-14.375, 65.375, 1.3820795539866858e-22, nan 
-14.125, 65.375, 2.371500961197671e-22, nan 
-13.875, 65.375, 3.21086511891856e-22, nan 
-13.625, 65.375, 4.153145541950395e-22, nan 
-13.375, 65.375, 6.945476701294604e-22, nan 
-13.125, 65.375, 9.629449160633822e-22, nan 
-12.875, 65.375, 1.7954640748135227e-21, nan 
-12.625, 65.375, 1.9086591051688798e-21, nan 
-12.375, 65.375, 1.8290626743638266e-21, nan 
-12.125, 65.375, 2.210138372928336e-21, nan 
-11.875, 65.375, 2.2142073185736744e-21, nan 
-11.625, 65.375, 2.7382771230730916e-21, nan 
-11.375, 65.375, 5.6123609512460756e-21, nan 
-11.125, 65.375, 7.240502333326628e-21, nan 
-10.875, 65.375, 8.250008558990224e-21, nan 
-10.625, 65.375, 8.906102556040632e-21, nan 
-10.375, 65.375, 9.200056286850937e-21, nan 
-10.125, 65.375, 8.868176940077716e-21, nan 
-9.875, 65.375, 4.111305782725997e-21, nan 
-9.625, 65.375, 2.7239137527007072e-21, nan 
-9.375, 65.375, 1.2501625748745452e-21, nan 
-9.125, 65.375, 1.3295282305296978e-21, nan 
-8.875, 65.375, 1.6738660448127415e-21, nan 
-8.625, 65.375, 2.5652838140682912e-21, nan 
-8.375, 65.375, 4.639627684011218e-21, nan 
-8.125, 65.375, 7.886442477107385e-21, nan 
-7.875, 65.375, 7.27617094306757e-21, nan 
-7.625, 65.375, 6.37131321041052e-21, nan 
-7.375, 65.375, 6.640446880758673e-21, nan 
-7.125, 65.375, 4.960384232833854e-21, nan 
-6.875, 65.375, 2.5540661791665785e-21, nan 
-6.625, 65.375, 2.091012753459483e-21, nan 
-6.375, 65.375, 2.3030402799128705e-21, nan 
-6.125, 65.375, 1.870775182422118e-21, nan 
-5.875, 65.375, 1.88566499549454e-21, nan 
-5.625, 65.375, 2.0432251236058752e-21, nan 
-5.375, 65.375, 1.5295323598191001e-21, nan 
-5.125, 65.375, 9.886332999438742e-22, nan 
-4.875, 65.375, 2.3423288451527315e-22, nan 
-4.625, 65.375, 1.654804716979324e-22, nan 
-4.375, 65.375, 1.3998697842027808e-22, nan 
-4.125, 65.375, 5.2015281336159696e-23, nan 
-3.875, 65.375, 2.899790989433173e-23, nan 
-3.625, 65.375, 1.6330396089343657e-23, nan 
-3.375, 65.375, 5.682162860957559e-23, nan 
-3.125, 65.375, 2.9307519146720545e-23, nan 
-2.875, 65.375, 5.032743217458001e-23, nan 
-2.625, 65.375, 8.71827204230797e-23, nan 
-2.375, 65.375, 7.544127084201059e-23, nan 
-2.125, 65.375, 1.371930355660374e-22, nan 
-1.875, 65.375, 1.3740083460192207e-22, nan 
-1.625, 65.375, 7.404540075262034e-23, nan 
-1.375, 65.375, 1.795071908815809e-22, nan 
-1.125, 65.375, 1.889240742599356e-22, nan 
-0.875, 65.375, 8.619773040915737e-23, nan 
-0.625, 65.375, 9.604179977500784e-23, nan 
-0.375, 65.375, 1.7392936953042653e-22, nan 
-0.125, 65.375, 1.412494307688021e-22, nan 
0.125, 65.375, 1.4261556473001867e-22, nan 
0.375, 65.375, 8.9511199134173e-23, nan 
0.625, 65.375, 1.0025329577282762e-22, nan 
0.875, 65.375, 1.486350158577198e-22, nan 
1.125, 65.375, 1.0374630919314197e-22, nan 
1.375, 65.375, 5.558677495716576e-23, nan 
1.625, 65.375, 6.970664980078768e-23, nan 
1.875, 65.375, 5.657663988982344e-23, nan 
2.125, 65.375, 6.332284846494102e-23, nan 
2.375, 65.375, 7.331023124690115e-23, nan 
2.625, 65.375, 7.985434019933631e-23, nan 
2.875, 65.375, 1.355819564225918e-22, nan 
3.125, 65.375, 1.0685932787552937e-22, nan 
3.375, 65.375, 9.003755885405787e-23, nan 
3.625, 65.375, 1.1876078221282532e-22, nan 
3.875, 65.375, 7.796386441637059e-23, nan 
4.125, 65.375, 1.0976041359229067e-22, nan 
4.375, 65.375, 5.886289344645297e-23, nan 
4.625, 65.375, 9.140846153782168e-23, nan 
4.875, 65.375, 9.242182137540958e-23, nan 
5.125, 65.375, 6.493974568865053e-23, nan 
5.375, 65.375, 1.506927697977893e-22, nan 
5.625, 65.375, 8.70161265444625e-23, nan 
5.875, 65.375, 1.1281966836805733e-22, nan 
6.125, 65.375, 4.615740450367243e-23, nan 
6.375, 65.375, 4.6357994168738336e-23, nan 
6.625, 65.375, 3.4196155138762716e-23, nan 
6.875, 65.375, 5.007314402910358e-23, nan 
7.125, 65.375, 3.860783585812422e-23, nan 
7.375, 65.375, 6.841722480096443e-23, nan 
7.625, 65.375, 6.348826172089804e-23, nan 
7.875, 65.375, 5.1735883232109686e-23, nan 
8.125, 65.375, 5.929903856076035e-23, nan 
8.375, 65.375, 5.123978333817117e-23, nan 
8.625, 65.375, 5.551269498447131e-23, nan 
8.875, 65.375, 6.425144027353512e-23, nan 
9.125, 65.375, 4.23315494222365e-23, nan 
9.375, 65.375, 5.0348142136757293e-23, nan 
9.625, 65.375, 4.3404444671031203e-23, nan 
9.875, 65.375, 3.259396501386258e-23, nan 
10.125, 65.375, 2.637061489202474e-23, nan 
10.375, 65.375, 1.2199935122662424e-23, nan 
10.625, 65.375, 3.1979633297858825e-23, nan 
10.875, 65.375, 3.495248306266848e-23, nan 
11.125, 65.375, 2.8476826378341784e-23, nan 
11.375, 65.375, 3.807133586765719e-23, nan 
11.625, 65.375, 3.840633602138491e-23, nan 
11.875, 65.375, 2.4467080397869017e-23, nan 
12.125, 65.375, 2.0529887362144176e-23, nan 
12.375, 65.375, 2.868840482287012e-23, nan 
12.625, 65.375, 2.292954829657196e-23, nan 
12.875, 65.375, 1.431725840480837e-23, nan 
13.125, 65.375, 2.1674611072921686e-23, nan 
13.375, 65.375, 2.0711778648365118e-23, nan 
13.625, 65.375, 3.1280538186609115e-23, nan 
13.875, 65.375, 2.3535899844919162e-23, nan 
14.125, 65.375, 2.074038442524808e-23, nan 
14.375, 65.375, 3.2559371628435675e-23, nan 
14.625, 65.375, 3.1622519068292325e-23, nan 
14.875, 65.375, 2.835522198928183e-23, nan 
15.125, 65.375, 2.5113674917250695e-23, nan 
15.375, 65.375, 3.129167225430998e-23, nan 
15.625, 65.375, 3.2703121444592006e-23, nan 
15.875, 65.375, 4.082686771807927e-23, nan 
16.125, 65.375, 4.248454325515067e-23, nan 
16.375, 65.375, 4.2818485883385386e-23, nan 
16.625, 65.375, 2.826806235649678e-23, nan 
16.875, 65.375, 4.8990841074233826e-23, nan 
17.125, 65.375, 3.0619825022566557e-23, nan 
17.375, 65.375, 2.9539765549018134e-23, nan 
17.625, 65.375, 4.225085705540502e-23, nan 
17.875, 65.375, 3.148421170349113e-23, nan 
18.125, 65.375, 6.458279625628684e-23, nan 
18.375, 65.375, 3.4207902904821663e-23, nan 
18.625, 65.375, 2.6647511080354743e-23, nan 
18.875, 65.375, 2.1863100857240703e-23, nan 
19.125, 65.375, 1.7873726906282406e-23, nan 
19.375, 65.375, 2.2176969078485992e-23, nan 
19.625, 65.375, 1.5015155701798904e-23, nan 
19.875, 65.375, 1.3142864017271371e-23, nan 
20.125, 65.375, 1.5057644731671026e-23, nan 
20.375, 65.375, 1.8963881659934353e-23, nan 
20.625, 65.375, 2.497090805270728e-23, nan 
20.875, 65.375, 2.604116548159231e-23, nan 
21.125, 65.375, 2.82716419185046e-23, nan 
21.375, 65.375, 3.692172850212904e-23, nan 
21.625, 65.375, 3.16584592648468e-23, nan 
21.875, 65.375, 3.0106996666071097e-23, nan 
22.125, 65.375, 3.0545759103399027e-23, nan 
22.375, 65.375, 2.303593668293084e-23, nan 
22.625, 65.375, 2.549454582557117e-23, nan 
22.875, 65.375, 3.1845884050247283e-23, nan 
23.125, 65.375, 3.6144667270467044e-23, nan 
23.375, 65.375, 4.057876057945432e-23, nan 
23.625, 65.375, 3.3374344768240257e-23, nan 
23.875, 65.375, 1.8801450376553242e-23, nan 
24.125, 65.375, 1.960597356650067e-23, nan 
24.375, 65.375, 3.765316184751069e-23, nan 
24.625, 65.375, 1.105216279317432e-23, nan 
24.875, 65.375, 1.728399780064965e-23, nan 
25.125, 65.375, 1.7595365929231137e-23, nan 
25.375, 65.375, 1.6920718541096462e-23, nan 
25.625, 65.375, 2.7342519345959227e-23, nan 
25.875, 65.375, 3.012533852356515e-23, nan 
26.125, 65.375, 3.3730835171076683e-23, nan 
26.375, 65.375, 2.964686891124823e-23, nan 
26.625, 65.375, 3.5388279226343126e-23, nan 
26.875, 65.375, 4.103469614390197e-23, nan 
27.125, 65.375, 5.656893169022318e-23, nan 
27.375, 65.375, 4.014303879835959e-23, nan 
27.625, 65.375, 2.799432926778842e-23, nan 
27.875, 65.375, 3.1770561916003104e-23, nan 
28.125, 65.375, 2.3793529526783673e-23, nan 
28.375, 65.375, 1.451841289842287e-23, nan 
28.625, 65.375, 4.5143369971223984e-24, nan 
28.875, 65.375, 5.5447502637979666e-24, nan 
29.125, 65.375, 2.628099060207083e-24, nan 
29.375, 65.375, 6.562717802517763e-24, nan 
29.625, 65.375, 5.885228464310819e-24, nan 
29.875, 65.375, 1.8029389832901736e-23, nan 
30.125, 65.375, 2.0918084364366253e-23, nan 
30.375, 65.375, 2.4516584922678926e-23, nan 
30.625, 65.375, 3.1346864170929666e-23, nan 
30.875, 65.375, 4.127267750272861e-23, nan 
31.125, 65.375, 3.771062220556698e-23, nan 
31.375, 65.375, 4.119209474455961e-23, nan 
31.625, 65.375, 4.584452823549579e-23, nan 
31.875, 65.375, 4.465513010437533e-23, nan 
32.125, 65.375, 3.7345333598164196e-23, nan 
32.375, 65.375, 2.958195604363589e-23, nan 
32.625, 65.375, 3.665075191257867e-23, nan 
32.875, 65.375, 2.0418389718388053e-23, nan 
33.125, 65.375, 2.694619889345159e-23, nan 
33.375, 65.375, 2.3978001632890842e-23, nan 
33.625, 65.375, 1.7706213752185198e-23, nan 
33.875, 65.375, 1.9644972932768767e-23, nan 
34.125, 65.375, 2.3692457933448033e-23, nan 
34.375, 65.375, 1.9228765827012352e-23, nan 
34.625, 65.375, 1.488908431450869e-23, nan 
34.875, 65.375, 1.1260656062170564e-23, nan 
35.125, 65.375, 6.558929128311156e-24, nan 
35.375, 65.375, 5.925454196632627e-24, nan 
35.625, 65.375, 5.767206227822445e-24, nan 
35.875, 65.375, 5.245651475395216e-24, nan 
36.125, 65.375, 8.138719828185247e-24, nan 
36.375, 65.375, 3.4241439863356344e-24, nan 
36.625, 65.375, 7.715629687759619e-24, nan 
36.875, 65.375, 1.063650055582925e-23, nan 
37.125, 65.375, 6.44387416948678e-24, nan 
37.375, 65.375, 1.1475097651660983e-23, nan 
37.625, 65.375, 1.2860603296708378e-23, nan 
37.875, 65.375, 1.1113204248665754e-23, nan 
38.125, 65.375, 1.2597900616806632e-23, nan 
38.375, 65.375, 8.22905060593877e-24, nan 
38.625, 65.375, 1.1312659089364787e-23, nan 
38.875, 65.375, 1.8743508150630052e-23, nan 
39.125, 65.375, 9.737499348491838e-24, nan 
39.375, 65.375, 1.0037954417915125e-23, nan 
39.625, 65.375, 7.601231629981876e-24, nan 
39.875, 65.375, 7.554349022316131e-24, nan 
40.125, 65.375, 9.761238825297355e-24, nan 
40.375, 65.375, 1.1063841344085967e-23, nan 
40.625, 65.375, 1.1410862129984516e-23, nan 
40.875, 65.375, 5.5129081375494715e-24, nan 
41.125, 65.375, 1.3130588522041971e-23, nan 
41.375, 65.375, 7.590359927019295e-24, nan 
41.625, 65.375, 8.496924619821712e-24, nan 
41.875, 65.375, 9.02913330829917e-24, nan 
42.125, 65.375, 1.1711368765521078e-23, nan 
42.375, 65.375, 8.61630948331457e-24, nan 
42.625, 65.375, 5.389926130890837e-24, nan 
42.875, 65.375, 7.082754864729663e-24, nan 
43.125, 65.375, 6.712025386556296e-24, nan 
43.375, 65.375, 5.699853954152046e-24, nan 
43.625, 65.375, 5.641541592905599e-24, nan 
43.875, 65.375, 2.8448549540938496e-24, nan 
44.125, 65.375, 2.6270431862798373e-24, nan 
44.375, 65.375, 2.651152745989411e-24, nan 
44.625, 65.375, 2.4344600869973587e-24, nan 
44.875, 65.375, 2.7761537912421704e-24, nan 
45.125, 65.375, 3.518895724492043e-24, nan 
45.375, 65.375, 3.631063087269473e-24, nan 
45.625, 65.375, 1.5373152267890287e-24, nan 
45.875, 65.375, 2.635981524801439e-24, nan 
46.125, 65.375, 4.6104693831829965e-24, nan 
46.375, 65.375, 5.324737613356945e-24, nan 
46.625, 65.375, 4.0443429064684976e-24, nan 
46.875, 65.375, 7.348908788169071e-24, nan 
47.125, 65.375, 6.443889718534206e-24, nan 
47.375, 65.375, 5.676580830813572e-24, nan 
47.625, 65.375, 8.460650449904347e-24, nan 
47.875, 65.375, 6.511438200555343e-24, nan 
48.125, 65.375, 6.973076066690401e-24, nan 
48.375, 65.375, 6.133487350558182e-24, nan 
48.625, 65.375, 7.186674847845772e-24, nan 
48.875, 65.375, 5.3650759670738225e-24, nan 
49.125, 65.375, 6.672168537867262e-24, nan 
49.375, 65.375, 6.135338012850498e-24, nan 
49.625, 65.375, 2.8964600807068868e-24, nan 
49.875, 65.375, 5.134743740100436e-24, nan 
50.125, 65.375, 5.1727508045269956e-24, nan 
50.375, 65.375, 3.7999219022159475e-24, nan 
50.625, 65.375, 1.9030936700909406e-24, nan 
50.875, 65.375, 1.9195603695473e-24, nan 
51.125, 65.375, 5.543692213955173e-24, nan 
51.375, 65.375, 6.984054722077517e-24, nan 
51.625, 65.375, 5.071676581190211e-24, nan 
-124.875, 65.625, 2.0844742426849376e-24, nan 
-124.625, 65.625, 1.6166721611334046e-24, nan 
-124.375, 65.625, 1.2263849049741477e-24, nan 
-124.125, 65.625, 1.3799711627514825e-24, nan 
-123.875, 65.625, 1.4820168963685273e-24, nan 
-123.625, 65.625, 2.090250006743175e-24, nan 
-123.375, 65.625, 1.4322632148596949e-24, nan 
-123.125, 65.625, 2.044085498791952e-24, nan 
-122.875, 65.625, 1.4760186968689864e-24, nan 
-122.625, 65.625, 1.709339321260173e-24, nan 
-122.375, 65.625, 1.727248658198185e-24, nan 
-122.125, 65.625, 1.406976579604879e-24, nan 
-121.875, 65.625, 1.9001264135043527e-24, nan 
-121.625, 65.625, 1.0265469282582035e-24, nan 
-121.375, 65.625, 9.221625915747804e-25, nan 
-121.125, 65.625, 1.3491115291946086e-24, nan 
-120.875, 65.625, 1.0356894020914029e-24, nan 
-120.625, 65.625, 1.7554806767031452e-24, nan 
-120.375, 65.625, 2.26261588163376e-24, nan 
-120.125, 65.625, 2.765997227636831e-24, nan 
-119.875, 65.625, 2.8179878891225804e-24, nan 
-119.625, 65.625, 2.9106039428272974e-24, nan 
-119.375, 65.625, 3.0457452622213974e-24, nan 
-119.125, 65.625, 2.217739502222711e-24, nan 
-118.875, 65.625, 2.498011497056325e-24, nan 
-118.625, 65.625, 2.4011037496581547e-24, nan 
-118.375, 65.625, 2.5521877829074442e-24, nan 
-118.125, 65.625, 2.2315869568065918e-24, nan 
-117.875, 65.625, 2.6394758337022317e-24, nan 
-117.625, 65.625, 2.4473482033796707e-24, nan 
-117.375, 65.625, 2.493557844328798e-24, nan 
-117.125, 65.625, 2.757293822527864e-24, nan 
-116.875, 65.625, 3.1809422079256874e-24, nan 
-116.625, 65.625, 3.257250698240305e-24, nan 
-116.375, 65.625, 2.4104541103180585e-24, nan 
-116.125, 65.625, 3.1587991711037712e-24, nan 
-115.875, 65.625, 2.5719102914643137e-24, nan 
-115.625, 65.625, 2.484663753460212e-24, nan 
-115.375, 65.625, 2.529539057405052e-24, nan 
-115.125, 65.625, 3.427465302488399e-24, nan 
-114.875, 65.625, 3.471319747114239e-24, nan 
-114.625, 65.625, 3.718462294147762e-24, nan 
-114.375, 65.625, 3.562232387323154e-24, nan 
-114.125, 65.625, 3.3609098150474146e-24, nan 
-113.875, 65.625, 3.2490371139254135e-24, nan 
-113.625, 65.625, 2.9717953133554036e-24, nan 
-113.375, 65.625, 2.8240425571859018e-24, nan 
-113.125, 65.625, 2.4677874427994393e-24, nan 
-112.875, 65.625, 2.9411126212498483e-24, nan 
-112.625, 65.625, 2.00163961230642e-24, nan 
-112.375, 65.625, 2.291187461691487e-24, nan 
-112.125, 65.625, 1.9715808213987843e-24, nan 
-111.875, 65.625, 2.263360569721104e-24, nan 
-111.625, 65.625, 1.8484602866223314e-24, nan 
-111.375, 65.625, 2.0961450336702315e-24, nan 
-111.125, 65.625, 2.1782225130724754e-24, nan 
-110.875, 65.625, 2.0945457851561157e-24, nan 
-110.625, 65.625, 2.314944647353691e-24, nan 
-110.375, 65.625, 2.9010950865028613e-24, nan 
-110.125, 65.625, 2.019147121206821e-24, nan 
-109.875, 65.625, 2.6397719926570253e-24, nan 
-109.625, 65.625, 4.99451069754271e-24, nan 
-109.375, 65.625, 3.1856764596979535e-24, nan 
-109.125, 65.625, 2.7119908059357243e-24, nan 
-108.875, 65.625, 3.566819824104283e-24, nan 
-108.625, 65.625, 2.5008587917236635e-24, nan 
-108.375, 65.625, 2.6804460854298026e-24, nan 
-108.125, 65.625, 2.462457757430174e-24, nan 
-107.875, 65.625, 2.1866267129422175e-24, nan 
-107.625, 65.625, 2.71445052504608e-24, nan 
-107.375, 65.625, 3.337267401211812e-24, nan 
-107.125, 65.625, 3.0226982004820743e-24, nan 
-106.875, 65.625, 2.7045415691159148e-24, nan 
-106.625, 65.625, 3.0229735417834057e-24, nan 
-106.375, 65.625, 2.9718596825341832e-24, nan 
-106.125, 65.625, 3.152384192916644e-24, nan 
-105.875, 65.625, 3.809119816105275e-24, nan 
-105.625, 65.625, 3.943797345296851e-24, nan 
-105.375, 65.625, 3.813033753029298e-24, nan 
-105.125, 65.625, 3.362637312962445e-24, nan 
-104.875, 65.625, 3.64113952092852e-24, nan 
-104.625, 65.625, 3.901475984217715e-24, nan 
-104.375, 65.625, 3.839066934539243e-24, nan 
-104.125, 65.625, 3.350138717523596e-24, nan 
-103.875, 65.625, 3.0175467812955057e-24, nan 
-103.625, 65.625, 3.18355501213545e-24, nan 
-103.375, 65.625, 3.053991079903934e-24, nan 
-103.125, 65.625, 2.678566512992643e-24, nan 
-102.875, 65.625, 2.5437179444212654e-24, nan 
-102.625, 65.625, 2.6114336250849705e-24, nan 
-102.375, 65.625, 3.736486466921558e-24, nan 
-102.125, 65.625, 4.5214939515388936e-24, nan 
-101.875, 65.625, 4.058355485862953e-24, nan 
-101.625, 65.625, 2.7549701918494716e-24, nan 
-101.375, 65.625, 3.635908857233194e-24, nan 
-101.125, 65.625, 3.8351146846472515e-24, nan 
-100.875, 65.625, 4.009458996309773e-24, nan 
-100.625, 65.625, 4.299648027996331e-24, nan 
-100.375, 65.625, 4.004502477848282e-24, nan 
-100.125, 65.625, 3.988145498092412e-24, nan 
-99.875, 65.625, 3.6606953048538104e-24, nan 
-99.625, 65.625, 4.627503437133855e-24, nan 
-99.375, 65.625, 4.235520728888477e-24, nan 
-99.125, 65.625, 4.5974804734751834e-24, nan 
-98.875, 65.625, 5.9990008926596525e-24, nan 
-98.625, 65.625, 6.017318007346807e-24, nan 
-98.375, 65.625, 5.0763164861234255e-24, nan 
-98.125, 65.625, 4.401871621545321e-24, nan 
-97.875, 65.625, 4.460023111938714e-24, nan 
-97.625, 65.625, 5.223710142692545e-24, nan 
-97.375, 65.625, 5.868800603799755e-24, nan 
-97.125, 65.625, 5.501031169568565e-24, nan 
-96.875, 65.625, 5.030257493479239e-24, nan 
-96.625, 65.625, 6.026117425300993e-24, nan 
-96.375, 65.625, 7.202467337559544e-24, nan 
-96.125, 65.625, 5.908239938220185e-24, nan 
-95.875, 65.625, 5.5022062856997616e-24, nan 
-95.625, 65.625, 5.491867193112318e-24, nan 
-95.375, 65.625, 5.825235814343757e-24, nan 
-95.125, 65.625, 5.7517700334489916e-24, nan 
-94.875, 65.625, 5.60901502433695e-24, nan 
-94.625, 65.625, 7.542931028402322e-24, nan 
-94.375, 65.625, 7.372110704071698e-24, nan 
-94.125, 65.625, 5.967753394386019e-24, nan 
-93.875, 65.625, 6.2428261591875805e-24, nan 
-93.625, 65.625, 7.357678105479921e-24, nan 
-93.375, 65.625, 7.004813814544895e-24, nan 
-93.125, 65.625, 8.684329980927259e-24, nan 
-92.875, 65.625, 1.0820055950599834e-23, nan 
-92.625, 65.625, 1.2846220716011168e-23, nan 
-92.375, 65.625, 9.133143355655929e-24, nan 
-92.125, 65.625, 9.344546284880416e-24, nan 
-91.875, 65.625, 8.658961149502355e-24, nan 
-91.625, 65.625, 7.118350657701456e-24, nan 
-91.375, 65.625, 7.625188329323553e-24, nan 
-91.125, 65.625, 6.535682026125035e-24, nan 
-90.875, 65.625, 7.20353133665132e-24, nan 
-90.625, 65.625, 8.549234549477347e-24, nan 
-90.375, 65.625, 7.552617301903667e-24, nan 
-90.125, 65.625, 7.966071352773502e-24, nan 
-89.875, 65.625, 8.984121302879436e-24, nan 
-89.625, 65.625, 9.682582309782362e-24, nan 
-89.375, 65.625, 8.849735192321916e-24, nan 
-89.125, 65.625, 9.434867147513531e-24, nan 
-88.875, 65.625, 9.815029983601108e-24, nan 
-88.625, 65.625, 1.1021216956635308e-23, nan 
-88.375, 65.625, 9.936703351126913e-24, nan 
-88.125, 65.625, 9.705731496762362e-24, nan 
-87.875, 65.625, 9.4613712653019e-24, nan 
-87.625, 65.625, 1.350726734068587e-23, nan 
-87.375, 65.625, 1.482779175788611e-23, nan 
-87.125, 65.625, 1.170105078856547e-23, nan 
-86.875, 65.625, 1.0796594357450844e-23, nan 
-86.625, 65.625, 1.099328605285814e-23, nan 
-86.375, 65.625, 9.238882813675899e-24, nan 
-86.125, 65.625, 1.0374685366839974e-23, nan 
-85.875, 65.625, 1.0958242964256701e-23, nan 
-85.625, 65.625, 1.1676461974729784e-23, nan 
-85.375, 65.625, 1.1843549826208768e-23, nan 
-85.125, 65.625, 1.2297581977660894e-23, nan 
-84.875, 65.625, 1.3361041115268395e-23, nan 
-84.625, 65.625, 1.2669720863180973e-23, nan 
-84.375, 65.625, 1.2529838241378418e-23, nan 
-84.125, 65.625, 1.3560784962535307e-23, nan 
-83.875, 65.625, 1.4656950757235288e-23, nan 
-83.625, 65.625, 1.5388294629732998e-23, nan 
-83.375, 65.625, 1.1650623425393539e-23, nan 
-83.125, 65.625, 1.3628032173652863e-23, nan 
-82.875, 65.625, 1.2336989362199594e-23, nan 
-82.625, 65.625, 1.3284068428392476e-23, nan 
-82.375, 65.625, 1.2980020772572817e-23, nan 
-82.125, 65.625, 1.2922167985392065e-23, nan 
-81.875, 65.625, 1.4644201256268745e-23, nan 
-81.625, 65.625, 1.3497720040390034e-23, nan 
-81.375, 65.625, 1.585630066562498e-23, nan 
-81.125, 65.625, 1.6233259995938207e-23, nan 
-80.875, 65.625, 1.692353734789769e-23, nan 
-80.625, 65.625, 1.6322006840491514e-23, nan 
-80.375, 65.625, 1.6141169829523807e-23, nan 
-80.125, 65.625, 1.8184989611938568e-23, nan 
-79.875, 65.625, 1.718955926832309e-23, nan 
-79.625, 65.625, 1.7495895515051808e-23, nan 
-79.375, 65.625, 1.889163518690978e-23, nan 
-79.125, 65.625, 1.6394703720899116e-23, nan 
-78.875, 65.625, 2.0414585374604264e-23, nan 
-78.625, 65.625, 2.758308146376052e-23, nan 
-78.375, 65.625, 2.0430363131084897e-23, nan 
-78.125, 65.625, 1.85248005459299e-23, nan 
-77.875, 65.625, 2.3922490358969602e-23, nan 
-77.625, 65.625, 2.4461848970553015e-23, nan 
-77.375, 65.625, 1.8921625716675157e-23, nan 
-77.125, 65.625, 1.541066895063572e-22, nan 
-76.875, 65.625, 5.040474649305069e-23, nan 
-76.625, 65.625, 4.341428134295747e-23, nan 
-76.375, 65.625, 2.713218020377865e-22, nan 
-76.125, 65.625, 1.2723854266709638e-22, nan 
-75.875, 65.625, 5.152249508976673e-23, nan 
-75.625, 65.625, 1.420061280480727e-22, nan 
-75.375, 65.625, 2.4189178791640263e-23, nan 
-75.125, 65.625, 3.3337466271548885e-23, nan 
-74.875, 65.625, 2.281671910145955e-23, nan 
-74.625, 65.625, 2.482579421106063e-23, nan 
-74.375, 65.625, 2.7354824272620957e-23, nan 
-74.125, 65.625, 2.3989022663130447e-23, nan 
-73.875, 65.625, 2.0588362072275648e-23, nan 
-73.625, 65.625, 2.4741063144603454e-23, nan 
-73.375, 65.625, 2.498655955049527e-23, nan 
-73.125, 65.625, 2.3057605607576286e-23, nan 
-72.875, 65.625, 2.3819766061069898e-23, nan 
-72.625, 65.625, 2.1878689221117128e-23, nan 
-72.375, 65.625, 2.3928630863631668e-23, nan 
-72.125, 65.625, 2.3999522822047865e-23, nan 
-71.875, 65.625, 2.4034309345139116e-23, nan 
-71.625, 65.625, 2.5960114805486088e-23, nan 
-71.375, 65.625, 2.471397345324111e-23, nan 
-71.125, 65.625, 3.16456172918019e-23, nan 
-70.875, 65.625, 3.7302056568434e-23, nan 
-70.625, 65.625, 2.960374055845891e-23, nan 
-70.375, 65.625, 3.1918957857744677e-23, nan 
-70.125, 65.625, 3.223769435308142e-23, nan 
-69.875, 65.625, 2.9073848196505484e-23, nan 
-69.625, 65.625, 2.974452137432235e-23, nan 
-69.375, 65.625, 3.0008883534717885e-23, nan 
-69.125, 65.625, 3.291294668902125e-23, nan 
-68.875, 65.625, 4.201558646257243e-23, nan 
-68.625, 65.625, 4.7034680261020325e-23, nan 
-68.375, 65.625, 5.34003227875135e-23, nan 
-68.125, 65.625, 4.792162109019717e-23, nan 
-67.875, 65.625, 5.013573410920241e-23, nan 
-67.625, 65.625, 6.189298803982946e-23, nan 
-67.375, 65.625, 5.569256174260688e-23, nan 
-67.125, 65.625, 5.237069739605289e-23, nan 
-66.875, 65.625, 4.591239998631739e-23, nan 
-66.625, 65.625, 4.534439830185776e-23, nan 
-66.375, 65.625, 4.3428548682322666e-23, nan 
-66.125, 65.625, 3.6631451586652314e-23, nan 
-65.875, 65.625, 4.473076947159315e-23, nan 
-65.625, 65.625, 5.783820854614442e-23, nan 
-65.375, 65.625, 5.709828168545759e-23, nan 
-65.125, 65.625, 5.037055867284867e-23, nan 
-64.875, 65.625, 5.565331875714678e-23, nan 
-64.625, 65.625, 5.744401884326149e-23, nan 
-64.375, 65.625, 5.914272659510937e-23, nan 
-64.125, 65.625, 4.859755269365157e-23, nan 
-63.875, 65.625, 4.6992657724438756e-23, nan 
-63.625, 65.625, 6.277183077531134e-23, nan 
-63.375, 65.625, 5.67627712294811e-23, nan 
-63.125, 65.625, 6.647945712898387e-23, nan 
-62.875, 65.625, 6.279561382059431e-23, nan 
-62.625, 65.625, 7.224507490696068e-23, nan 
-62.375, 65.625, 6.521476141183482e-23, nan 
-62.125, 65.625, 6.419220260904544e-23, nan 
-61.875, 65.625, 7.81039338927735e-23, nan 
-61.625, 65.625, 7.199040690534897e-23, nan 
-61.375, 65.625, 6.286484080805228e-23, nan 
-61.125, 65.625, 5.714777830660953e-23, nan 
-60.875, 65.625, 6.648827384962023e-23, nan 
-60.625, 65.625, 7.138577556760395e-23, nan 
-60.375, 65.625, 8.488243463434856e-23, nan 
-60.125, 65.625, 8.65196624321113e-23, nan 
-59.875, 65.625, 9.916460123644604e-23, nan 
-59.625, 65.625, 8.769904049414989e-23, nan 
-59.375, 65.625, 8.585082307684877e-23, nan 
-59.125, 65.625, 8.761658219789083e-23, nan 
-58.875, 65.625, 8.585258482924894e-23, nan 
-58.625, 65.625, 8.310430463434807e-23, nan 
-58.375, 65.625, 7.19410344542755e-23, nan 
-58.125, 65.625, 7.464122835534474e-23, nan 
-57.875, 65.625, 8.174445077893177e-23, nan 
-57.625, 65.625, 7.102122973881011e-23, nan 
-57.375, 65.625, 7.083980349674023e-23, nan 
-57.125, 65.625, 5.586864031280273e-23, nan 
-56.875, 65.625, 5.640831067325748e-23, nan 
-56.625, 65.625, 5.900866445530307e-23, nan 
-56.375, 65.625, 4.878991397691048e-23, nan 
-56.125, 65.625, 7.599034629287091e-23, nan 
-55.875, 65.625, 8.332671481119224e-23, nan 
-55.625, 65.625, 6.7263668259871e-23, nan 
-55.375, 65.625, 6.833738646796675e-23, nan 
-55.125, 65.625, 7.405070014055334e-23, nan 
-54.875, 65.625, 7.295752051844448e-23, nan 
-54.625, 65.625, 6.770548744120778e-23, nan 
-54.375, 65.625, 6.372933995580433e-23, nan 
-54.125, 65.625, 5.266194356359659e-23, nan 
-53.875, 65.625, 7.672678809179497e-23, nan 
-53.625, 65.625, 1.2044594809277417e-22, nan 
-53.375, 65.625, 1.3273950700944818e-22, nan 
-53.125, 65.625, 1.1627181824303754e-22, nan 
-52.875, 65.625, 1.0072768479643757e-22, nan 
-52.625, 65.625, 1.0301214684694691e-22, nan 
-52.375, 65.625, 8.236204075974775e-23, nan 
-52.125, 65.625, 4.213110095624379e-23, nan 
-51.875, 65.625, 2.3150620084946507e-23, nan 
-51.625, 65.625, 3.51855623972179e-23, nan 
-51.375, 65.625, 4.617149819677987e-23, nan 
-51.125, 65.625, 4.1665926289930716e-23, nan 
-50.875, 65.625, 4.176858753374131e-23, nan 
-50.625, 65.625, 3.749136589851915e-23, nan 
-50.375, 65.625, 6.258951118748771e-23, nan 
-50.125, 65.625, 4.0949759260294375e-23, nan 
-49.875, 65.625, 3.7031796176604945e-23, nan 
-49.625, 65.625, 4.2956629860489236e-23, nan 
-49.375, 65.625, 4.4434559292190796e-23, nan 
-49.125, 65.625, 4.1809647605586924e-23, nan 
-48.875, 65.625, 4.100844949894336e-23, nan 
-48.625, 65.625, 8.864200327043831e-23, nan 
-48.375, 65.625, 5.227867415027325e-23, nan 
-48.125, 65.625, 5.2380153853447286e-23, nan 
-47.875, 65.625, 5.759630820098549e-23, nan 
-47.625, 65.625, 5.162610075462622e-23, nan 
-47.375, 65.625, 5.706290701718981e-23, nan 
-47.125, 65.625, 5.0921036224973383e-23, nan 
-46.875, 65.625, 4.9907125283771733e-23, nan 
-46.625, 65.625, 8.373733122905118e-23, nan 
-46.375, 65.625, 7.258617189427909e-23, nan 
-46.125, 65.625, 6.927266204000501e-23, nan 
-45.875, 65.625, 1.4153262726977463e-22, nan 
-45.625, 65.625, 1.4432484948122663e-22, nan 
-45.375, 65.625, 1.3509059691385917e-22, nan 
-45.125, 65.625, 1.268312193876513e-22, nan 
-44.875, 65.625, 1.638442382958335e-22, nan 
-44.625, 65.625, 1.5727170400869292e-22, nan 
-44.375, 65.625, 8.511286217383501e-23, nan 
-44.125, 65.625, 1.6634846452848709e-22, nan 
-43.875, 65.625, 1.7658544967143957e-22, nan 
-43.625, 65.625, 3.138985310147095e-22, nan 
-43.375, 65.625, 2.245983763519093e-22, nan 
-43.125, 65.625, 1.466659546226904e-22, nan 
-42.875, 65.625, 2.971188543166363e-22, nan 
-42.625, 65.625, 2.468781757068911e-22, nan 
-42.375, 65.625, 1.3698601909503002e-22, nan 
-42.125, 65.625, 1.691611911512178e-22, nan 
-41.875, 65.625, 1.1882941717712527e-22, nan 
-41.625, 65.625, 6.547967885727449e-23, nan 
-41.375, 65.625, 6.577054895233299e-23, nan 
-41.125, 65.625, 1.6421934069790871e-22, nan 
-40.875, 65.625, 9.437939360783861e-23, nan 
-40.625, 65.625, 9.212964861467853e-23, nan 
-40.375, 65.625, 1.0113894055694027e-22, nan 
-40.125, 65.625, 1.096805439447827e-22, nan 
-39.875, 65.625, 8.29817072080088e-23, nan 
-39.625, 65.625, 9.43665804780871e-23, nan 
-39.375, 65.625, 1.5527838745627285e-22, nan 
-39.125, 65.625, 1.4971442175952085e-22, nan 
-38.875, 65.625, 1.617748828654407e-22, nan 
-38.625, 65.625, 1.0827364724916895e-22, nan 
-38.375, 65.625, 1.2297882596608443e-22, nan 
-38.125, 65.625, 1.473456628466196e-22, nan 
-37.875, 65.625, 1.93662481063749e-22, nan 
-37.625, 65.625, 2.305062563544613e-22, nan 
-37.375, 65.625, 2.1237617602292314e-22, nan 
-37.125, 65.625, 1.9028389223553375e-22, nan 
-36.875, 65.625, 2.3320741291741324e-22, nan 
-36.625, 65.625, 1.9472328108167987e-22, nan 
-36.375, 65.625, 1.89291218461402e-22, nan 
-36.125, 65.625, 1.638752473229719e-22, nan 
-35.875, 65.625, 1.5456994474645232e-22, nan 
-35.625, 65.625, 1.1966454561618593e-22, nan 
-35.375, 65.625, 8.926007679573853e-23, nan 
-35.125, 65.625, 1.2279003423490323e-22, nan 
-34.875, 65.625, 1.2764335048409497e-22, nan 
-34.625, 65.625, 1.373396928617962e-22, nan 
-34.375, 65.625, 1.0432177040473028e-22, nan 
-34.125, 65.625, 8.16065709669212e-23, nan 
-33.875, 65.625, 7.908396819314361e-23, nan 
-33.625, 65.625, 1.3225845134781009e-22, nan 
-33.375, 65.625, 1.2176586993562733e-22, nan 
-33.125, 65.625, 1.7720359256823455e-22, nan 
-32.875, 65.625, 1.5469516329939738e-22, nan 
-32.625, 65.625, 1.0336836055592193e-22, nan 
-32.375, 65.625, 7.937076490741993e-23, nan 
-32.125, 65.625, 2.788506997845541e-22, nan 
-31.875, 65.625, 5.611409891560659e-22, nan 
-31.625, 65.625, 9.384135298423604e-22, nan 
-31.375, 65.625, 1.8738191818699256e-21, nan 
-31.125, 65.625, 1.244251702239777e-21, nan 
-30.875, 65.625, 2.4756346103832432e-21, nan 
-30.625, 65.625, 4.07847250318637e-21, nan 
-30.375, 65.625, 1.190528315868426e-21, nan 
-30.125, 65.625, 1.0692889572329635e-21, nan 
-29.875, 65.625, 2.184910246502412e-21, nan 
-29.625, 65.625, 2.648879595701357e-22, nan 
-29.375, 65.625, 1.6834939502731547e-22, nan 
-29.125, 65.625, 4.790982338834606e-22, nan 
-28.875, 65.625, 2.718514816622876e-22, nan 
-28.625, 65.625, 1.6360378751211841e-22, nan 
-28.375, 65.625, 2.3114534005517356e-22, nan 
-28.125, 65.625, 3.0274758909813045e-22, nan 
-27.875, 65.625, 1.9675048181060733e-22, nan 
-27.625, 65.625, 1.3508926536718058e-22, nan 
-27.375, 65.625, 1.6779973871257453e-22, nan 
-27.125, 65.625, 1.2731614364693388e-22, nan 
-26.875, 65.625, 9.011114342375257e-23, nan 
-26.625, 65.625, 2.0753316957959163e-22, nan 
-26.375, 65.625, 2.099392839917286e-22, nan 
-26.125, 65.625, 1.7945993140236788e-22, nan 
-25.875, 65.625, 2.3527873418102818e-22, nan 
-25.625, 65.625, 2.0746301953355126e-22, nan 
-25.375, 65.625, 1.7691673045908765e-22, nan 
-25.125, 65.625, 1.0029350643905937e-22, nan 
-24.875, 65.625, 7.899834965972285e-23, nan 
-24.625, 65.625, 1.2761344780417332e-22, nan 
-24.375, 65.625, 8.007511204333376e-23, nan 
-24.125, 65.625, 7.390230122314569e-23, nan 
-23.875, 65.625, 1.5169219862328263e-22, nan 
-23.625, 65.625, 2.686490015409751e-22, nan 
-23.375, 65.625, 2.9321536249732696e-22, nan 
-23.125, 65.625, 1.4748185718323312e-22, nan 
-22.875, 65.625, 3.390609374881447e-22, nan 
-22.625, 65.625, 2.5647254488827893e-22, nan 
-22.375, 65.625, 2.8655689106831293e-22, nan 
-22.125, 65.625, 3.1598047351435892e-21, nan 
-21.875, 65.625, 2.7213819083015782e-21, nan 
-21.625, 65.625, 2.523820944887494e-22, nan 
-21.375, 65.625, 6.6824278800696086e-21, nan 
-21.125, 65.625, 6.350215598954647e-21, nan 
-20.875, 65.625, 3.6710056519943513e-22, nan 
-20.625, 65.625, 2.7877531801976573e-21, nan 
-20.375, 65.625, 2.6739301847832518e-21, nan 
-20.125, 65.625, 3.096685814591273e-22, nan 
-19.875, 65.625, 2.2638231635284166e-22, nan 
-19.625, 65.625, 2.5838986083367075e-22, nan 
-19.375, 65.625, 1.5903785684676628e-22, nan 
-19.125, 65.625, 1.8926832005831083e-22, nan 
-18.875, 65.625, 2.0392171339120696e-22, nan 
-18.625, 65.625, 2.216287964449875e-22, nan 
-18.375, 65.625, 2.0953187569340727e-22, nan 
-18.125, 65.625, 1.9603952416920888e-22, nan 
-17.875, 65.625, 1.5885195393942196e-22, nan 
-17.625, 65.625, 1.2902200815801653e-22, nan 
-17.375, 65.625, 9.322291844669714e-23, nan 
-17.125, 65.625, 7.808445694577718e-23, nan 
-16.875, 65.625, 6.136592551273754e-23, nan 
-16.625, 65.625, 1.5734754883698766e-23, nan 
-16.375, 65.625, 3.290681411039544e-23, nan 
-16.125, 65.625, 9.097765625232885e-23, nan 
-15.875, 65.625, 1.5771640305981684e-22, nan 
-15.625, 65.625, 1.571178871106604e-22, nan 
-15.375, 65.625, 1.2347879366384264e-22, nan 
-15.125, 65.625, 1.9193770339957813e-22, nan 
-14.875, 65.625, 1.971119684181672e-22, nan 
-14.625, 65.625, 2.4848483033075564e-22, nan 
-14.375, 65.625, 1.7457928156901517e-22, nan 
-14.125, 65.625, 2.7263161010819164e-22, nan 
-13.875, 65.625, 2.5579765191190906e-22, nan 
-13.625, 65.625, 3.3732035494983483e-22, nan 
-13.375, 65.625, 7.577917004405067e-22, nan 
-13.125, 65.625, 8.985797487402368e-22, nan 
-12.875, 65.625, 1.164390285460289e-21, nan 
-12.625, 65.625, 1.5106138689910606e-21, nan 
-12.375, 65.625, 2.1569497856725425e-21, nan 
-12.125, 65.625, 2.7725889449677024e-21, nan 
-11.875, 65.625, 2.4840231728426215e-21, nan 
-11.625, 65.625, 2.123806277562485e-21, nan 
-11.375, 65.625, 2.8859098320214397e-21, nan 
-11.125, 65.625, 3.706737276578469e-21, nan 
-10.875, 65.625, 3.474331948402303e-21, nan 
-10.625, 65.625, 7.961359391228143e-21, nan 
-10.375, 65.625, 9.357214156452564e-21, nan 
-10.125, 65.625, 1.0084596291405546e-20, nan 
-9.875, 65.625, 9.740338060766212e-21, nan 
-9.625, 65.625, 9.5250180971485e-21, nan 
-9.375, 65.625, 1.0428587983773437e-20, nan 
-9.125, 65.625, 9.180416783284227e-21, nan 
-8.875, 65.625, 8.434343085758628e-21, nan 
-8.625, 65.625, 8.95708982332349e-21, nan 
-8.375, 65.625, 7.944765565776057e-21, nan 
-8.125, 65.625, 7.687388461881758e-21, nan 
-7.875, 65.625, 7.762601391539117e-21, nan 
-7.625, 65.625, 5.653522522939093e-21, nan 
-7.375, 65.625, 2.2090949469424926e-21, nan 
-7.125, 65.625, 1.9562681593186277e-21, nan 
-6.875, 65.625, 9.58326824434318e-22, nan 
-6.625, 65.625, 1.9278302069553617e-21, nan 
-6.375, 65.625, 2.5247195093032976e-21, nan 
-6.125, 65.625, 1.9337347675271054e-21, nan 
-5.875, 65.625, 1.883437566805213e-21, nan 
-5.625, 65.625, 1.5712486764486154e-21, nan 
-5.375, 65.625, 1.069116186474197e-21, nan 
-5.125, 65.625, 4.161558339382584e-22, nan 
-4.875, 65.625, 1.7714168714460524e-22, nan 
-4.625, 65.625, 1.1626661753875857e-22, nan 
-4.375, 65.625, 9.296533703885661e-24, nan 
-4.125, 65.625, 4.7186709998586185e-23, nan 
-3.875, 65.625, 2.855021437335442e-23, nan 
-3.625, 65.625, 3.0159977587045926e-23, nan 
-3.375, 65.625, 7.274055055345659e-23, nan 
-3.125, 65.625, 2.528055740387292e-23, nan 
-2.875, 65.625, 3.061600302201454e-23, nan 
-2.625, 65.625, 9.584658393746278e-23, nan 
-2.375, 65.625, 7.997264957455136e-23, nan 
-2.125, 65.625, 9.009290325945285e-23, nan 
-1.875, 65.625, 9.496316383088988e-23, nan 
-1.625, 65.625, 8.422287070849154e-23, nan 
-1.375, 65.625, 1.4509680343193912e-22, nan 
-1.125, 65.625, 1.2213698917204497e-22, nan 
-0.875, 65.625, 4.755565439747329e-23, nan 
-0.625, 65.625, 1.097439289077377e-22, nan 
-0.375, 65.625, 1.0915022232047126e-22, nan 
-0.125, 65.625, 7.645698096383402e-23, nan 
0.125, 65.625, 1.6295581299242048e-22, nan 
0.375, 65.625, 5.767857774760909e-23, nan 
0.625, 65.625, 5.952512132182603e-23, nan 
0.875, 65.625, 7.554640361476466e-23, nan 
1.125, 65.625, 5.995387944241016e-23, nan 
1.375, 65.625, 6.904479774663639e-23, nan 
1.625, 65.625, 5.1937688925303137e-23, nan 
1.875, 65.625, 8.350061490984329e-23, nan 
2.125, 65.625, 1.199476747843974e-22, nan 
2.375, 65.625, 1.3493528337412567e-22, nan 
2.625, 65.625, 1.1859826986351394e-22, nan 
2.875, 65.625, 1.7553632556622792e-22, nan 
3.125, 65.625, 1.5006168783152285e-22, nan 
3.375, 65.625, 6.681116719117133e-23, nan 
3.625, 65.625, 8.094573006218672e-23, nan 
3.875, 65.625, 6.301975842534857e-23, nan 
4.125, 65.625, 7.263086278829238e-23, nan 
4.375, 65.625, 7.18961290053365e-23, nan 
4.625, 65.625, 7.473660601666711e-23, nan 
4.875, 65.625, 6.002479597156478e-23, nan 
5.125, 65.625, 4.373915867283747e-23, nan 
5.375, 65.625, 1.1672654559456245e-22, nan 
5.625, 65.625, 8.070525595038693e-23, nan 
5.875, 65.625, 9.529268492573172e-23, nan 
6.125, 65.625, 5.540790797120348e-23, nan 
6.375, 65.625, 6.074611521748316e-23, nan 
6.625, 65.625, 5.1426171460397165e-23, nan 
6.875, 65.625, 5.102442483143004e-23, nan 
7.125, 65.625, 5.815601669743754e-23, nan 
7.375, 65.625, 6.30869143688654e-23, nan 
7.625, 65.625, 6.531896399554192e-23, nan 
7.875, 65.625, 5.458248779262448e-23, nan 
8.125, 65.625, 6.267978944997319e-23, nan 
8.375, 65.625, 6.722339072899384e-23, nan 
8.625, 65.625, 8.259436529842275e-23, nan 
8.875, 65.625, 9.36468751594091e-23, nan 
9.125, 65.625, 4.7412021201058194e-23, nan 
9.375, 65.625, 8.116410526911868e-23, nan 
9.625, 65.625, 8.41563669793329e-23, nan 
9.875, 65.625, 3.035793952822772e-23, nan 
10.125, 65.625, 4.996761995481449e-23, nan 
10.375, 65.625, 5.195383238457529e-23, nan 
10.625, 65.625, 6.325499394834112e-23, nan 
10.875, 65.625, 4.040867677402878e-23, nan 
11.125, 65.625, 3.944289147761206e-23, nan 
11.375, 65.625, 4.109830546807146e-23, nan 
11.625, 65.625, 5.44888217899305e-23, nan 
11.875, 65.625, 3.41942272733991e-23, nan 
12.125, 65.625, 3.376237492560892e-23, nan 
12.375, 65.625, 3.809141360189359e-23, nan 
12.625, 65.625, 3.0208917538219926e-23, nan 
12.875, 65.625, 2.1021967076742637e-23, nan 
13.125, 65.625, 2.5621996288872804e-23, nan 
13.375, 65.625, 4.292222349523284e-23, nan 
13.625, 65.625, 4.07576156685757e-23, nan 
13.875, 65.625, 4.392047918810639e-23, nan 
14.125, 65.625, 3.893627120613455e-23, nan 
14.375, 65.625, 3.8238012057488303e-23, nan 
14.625, 65.625, 3.5242645943763997e-23, nan 
14.875, 65.625, 2.9423362843548236e-23, nan 
15.125, 65.625, 4.494055250595848e-23, nan 
15.375, 65.625, 2.6178259349483535e-23, nan 
15.625, 65.625, 5.438898704851878e-23, nan 
15.875, 65.625, 7.965359704847278e-23, nan 
16.125, 65.625, 3.678226959424083e-23, nan 
16.375, 65.625, 6.615165348318373e-23, nan 
16.625, 65.625, 5.91836599115141e-23, nan 
16.875, 65.625, 3.518034970095793e-23, nan 
17.125, 65.625, 2.3512775506239276e-23, nan 
17.375, 65.625, 5.1704306730757577e-23, nan 
17.625, 65.625, 4.2012216452612546e-23, nan 
17.875, 65.625, 5.130988492883163e-23, nan 
18.125, 65.625, 8.089193958090333e-23, nan 
18.375, 65.625, 3.2683636059922383e-23, nan 
18.625, 65.625, 2.673299372876793e-23, nan 
18.875, 65.625, 2.831339341317294e-23, nan 
19.125, 65.625, 1.1105430482269099e-23, nan 
19.375, 65.625, 2.953093072074612e-23, nan 
19.625, 65.625, 1.0845685796023881e-23, nan 
19.875, 65.625, 1.0069012825539983e-23, nan 
20.125, 65.625, 1.244304517625879e-23, nan 
20.375, 65.625, 1.943303155823526e-23, nan 
20.625, 65.625, 1.2688111628296463e-23, nan 
20.875, 65.625, 1.4458850714771292e-23, nan 
21.125, 65.625, 4.5190452539438944e-23, nan 
21.375, 65.625, 4.277964221920231e-23, nan 
21.625, 65.625, 2.935903847996085e-23, nan 
21.875, 65.625, 7.249575293091073e-23, nan 
22.125, 65.625, 4.9483884784419e-23, nan 
22.375, 65.625, 1.9964370875549214e-23, nan 
22.625, 65.625, 3.14186211047014e-23, nan 
22.875, 65.625, 2.5110166657174726e-23, nan 
23.125, 65.625, 1.4276082628567665e-23, nan 
23.375, 65.625, 1.8057773431917553e-23, nan 
23.625, 65.625, 1.9175179636641954e-23, nan 
23.875, 65.625, 1.2270537937006198e-23, nan 
24.125, 65.625, 1.801455389802952e-23, nan 
24.375, 65.625, 2.884749132230629e-23, nan 
24.625, 65.625, 1.282792045943593e-23, nan 
24.875, 65.625, 1.104253473619963e-23, nan 
25.125, 65.625, 2.051334263125084e-23, nan 
25.375, 65.625, 2.3586161338272838e-23, nan 
25.625, 65.625, 2.914008492099163e-23, nan 
25.875, 65.625, 2.536494387160893e-23, nan 
26.125, 65.625, 2.1813006556054054e-23, nan 
26.375, 65.625, 2.6029288508174837e-23, nan 
26.625, 65.625, 2.8963979607981594e-23, nan 
26.875, 65.625, 3.660879394929912e-23, nan 
27.125, 65.625, 4.5977935917905944e-23, nan 
27.375, 65.625, 3.5052557478271006e-23, nan 
27.625, 65.625, 2.6126784932742065e-23, nan 
27.875, 65.625, 9.360295223813376e-24, nan 
28.125, 65.625, 9.532552456510726e-24, nan 
28.375, 65.625, 8.550439946045774e-24, nan 
28.625, 65.625, 4.924091139028857e-24, nan 
28.875, 65.625, 3.2382868730193084e-24, nan 
29.125, 65.625, 6.142284806688982e-24, nan 
29.375, 65.625, 6.481306414289643e-24, nan 
29.625, 65.625, 4.162728713660031e-24, nan 
29.875, 65.625, 9.598232621606692e-24, nan 
30.125, 65.625, 1.3997425179664443e-23, nan 
30.375, 65.625, 1.620030934766042e-23, nan 
30.625, 65.625, 2.5430460386138034e-23, nan 
30.875, 65.625, 2.5000783366103773e-23, nan 
31.125, 65.625, 2.6521395106523837e-23, nan 
31.375, 65.625, 3.493169380400593e-23, nan 
31.625, 65.625, 4.101834653877321e-23, nan 
31.875, 65.625, 2.2833886179871495e-23, nan 
32.125, 65.625, 2.7507762937279586e-23, nan 
32.375, 65.625, 2.917917165295757e-23, nan 
32.625, 65.625, 3.338115986434986e-23, nan 
32.875, 65.625, 1.7105145096602805e-23, nan 
33.125, 65.625, 2.590761360008442e-23, nan 
33.375, 65.625, 2.2129012996922396e-23, nan 
33.625, 65.625, 8.940641434116564e-24, nan 
33.875, 65.625, 5.933945589080373e-24, nan 
34.125, 65.625, 1.0141790963721855e-23, nan 
34.375, 65.625, 1.0345544655603827e-23, nan 
34.625, 65.625, 5.159790259036957e-24, nan 
34.875, 65.625, 7.070459020812965e-24, nan 
35.125, 65.625, 5.759872969738175e-24, nan 
35.375, 65.625, 3.956322585037179e-24, nan 
35.625, 65.625, 7.962611389923078e-24, nan 
35.875, 65.625, 2.2532727965706693e-24, nan 
36.125, 65.625, 4.336997652442407e-24, nan 
36.375, 65.625, 7.490729515514821e-24, nan 
36.625, 65.625, 9.23127304519595e-24, nan 
36.875, 65.625, 1.1599575911588348e-23, nan 
37.125, 65.625, 1.0900193253461056e-23, nan 
37.375, 65.625, 1.1670504612940498e-23, nan 
37.625, 65.625, 1.395847470678812e-23, nan 
37.875, 65.625, 1.5609626810037956e-23, nan 
38.125, 65.625, 1.3224446650027098e-23, nan 
38.375, 65.625, 6.944963066948933e-24, nan 
38.625, 65.625, 4.864661636982845e-24, nan 
38.875, 65.625, 9.296244364927915e-24, nan 
39.125, 65.625, 1.1692060607211278e-23, nan 
39.375, 65.625, 2.0711381443221493e-23, nan 
39.625, 65.625, 2.42689823794004e-23, nan 
39.875, 65.625, 1.4674518212113342e-23, nan 
40.125, 65.625, 2.3856391607304448e-23, nan 
40.375, 65.625, 1.6343060907453146e-23, nan 
40.625, 65.625, 1.438169059648175e-23, nan 
40.875, 65.625, 6.273890650545687e-24, nan 
41.125, 65.625, 7.148229420640685e-24, nan 
41.375, 65.625, 6.829371551915915e-24, nan 
41.625, 65.625, 1.0436987852009334e-23, nan 
41.875, 65.625, 5.044635347949741e-24, nan 
42.125, 65.625, 5.979342744176242e-24, nan 
42.375, 65.625, 7.792401228264342e-24, nan 
42.625, 65.625, 3.875042222590629e-24, nan 
42.875, 65.625, 4.83115430821575e-24, nan 
43.125, 65.625, 5.5994012904451644e-24, nan 
43.375, 65.625, 5.2753073604423886e-24, nan 
43.625, 65.625, 5.121382531255824e-24, nan 
43.875, 65.625, 4.788906956413666e-24, nan 
44.125, 65.625, 4.025271545392708e-24, nan 
44.375, 65.625, 3.543422044722344e-24, nan 
44.625, 65.625, 6.564948111061524e-24, nan 
44.875, 65.625, 2.2661003823323587e-24, nan 
45.125, 65.625, 2.6709826264532383e-24, nan 
45.375, 65.625, 6.871457750619714e-24, nan 
45.625, 65.625, 2.4393980427264254e-24, nan 
45.875, 65.625, 2.561351981719177e-24, nan 
46.125, 65.625, 5.151429234464308e-24, nan 
46.375, 65.625, 4.743622674431945e-24, nan 
46.625, 65.625, 3.298665934111086e-24, nan 
46.875, 65.625, 4.519988739521449e-24, nan 
47.125, 65.625, 4.6858458174439176e-24, nan 
47.375, 65.625, 4.967767258803816e-24, nan 
47.625, 65.625, 7.879670448749275e-24, nan 
47.875, 65.625, 6.25935090860813e-24, nan 
48.125, 65.625, 6.62881753163656e-24, nan 
48.375, 65.625, 6.941455922854935e-24, nan 
48.625, 65.625, 7.740039307544106e-24, nan 
48.875, 65.625, 6.105871551728932e-24, nan 
49.125, 65.625, 6.75208615052221e-24, nan 
49.375, 65.625, 7.877615876257914e-24, nan 
49.625, 65.625, 3.401445071258228e-24, nan 
49.875, 65.625, 6.7385825825327e-24, nan 
50.125, 65.625, 7.36262983997085e-24, nan 
50.375, 65.625, 4.4582448835027255e-24, nan 
50.625, 65.625, 5.504880249633785e-24, nan 
50.875, 65.625, 3.553513996792635e-24, nan 
51.125, 65.625, 2.9142380343110657e-24, nan 
51.375, 65.625, 2.595064457843657e-24, nan 
51.625, 65.625, 2.3342943134222e-24, nan 
51.875, 65.625, 2.255654699687077e-24, nan 
52.125, 65.625, 4.5088252058922455e-24, nan 
52.375, 65.625, 7.140913632744538e-24, nan 
52.625, 65.625, 7.368886219589559e-24, nan 
-125.875, 65.875, 3.785268419897758e-24, nan 
-125.625, 65.875, 3.878813872925474e-24, nan 
-125.375, 65.875, 4.322482913562396e-24, nan 
-125.125, 65.875, 4.880392671810817e-24, nan 
-124.875, 65.875, 4.8534870498483834e-24, nan 
-124.625, 65.875, 2.802728960046228e-24, nan 
-124.375, 65.875, 4.0093706458893e-24, nan 
-124.125, 65.875, 4.72339833388245e-24, nan 
-123.875, 65.875, 3.355585216349241e-24, nan 
-123.625, 65.875, 2.929434653568336e-24, nan 
-123.375, 65.875, 3.0942002347226975e-24, nan 
-123.125, 65.875, 2.867799305852883e-24, nan 
-122.875, 65.875, 7.947621793577914e-25, nan 
-122.625, 65.875, 7.732577903140877e-25, nan 
-122.375, 65.875, 1.0585039644840681e-24, nan 
-122.125, 65.875, 7.218301917928182e-25, nan 
-121.875, 65.875, 2.045818007595504e-24, nan 
-121.625, 65.875, 1.508564115146653e-24, nan 
-121.375, 65.875, 2.3695939170984706e-24, nan 
-121.125, 65.875, 3.3776731763104905e-24, nan 
-120.875, 65.875, 1.2752895381084944e-24, nan 
-120.625, 65.875, 1.7204161869914993e-24, nan 
-120.375, 65.875, 3.181229575638859e-24, nan 
-120.125, 65.875, 2.3099187035299954e-24, nan 
-119.875, 65.875, 2.241709739183716e-24, nan 
-119.625, 65.875, 2.1042145249410824e-24, nan 
-119.375, 65.875, 2.582698055434439e-24, nan 
-119.125, 65.875, 2.0921649419090823e-24, nan 
-118.875, 65.875, 2.365036267099552e-24, nan 
-118.625, 65.875, 2.7286858628303674e-24, nan 
-118.375, 65.875, 1.762400117266219e-24, nan 
-118.125, 65.875, 1.9397638635459212e-24, nan 
-117.875, 65.875, 2.2761261458475048e-24, nan 
-117.625, 65.875, 2.605940925530337e-24, nan 
-117.375, 65.875, 2.722353888593468e-24, nan 
-117.125, 65.875, 3.934671933648731e-24, nan 
-116.875, 65.875, 4.093656696912207e-24, nan 
-116.625, 65.875, 3.2274617226489974e-24, nan 
-116.375, 65.875, 2.9476120665028927e-24, nan 
-116.125, 65.875, 3.2661684148818863e-24, nan 
-115.875, 65.875, 3.2148368680274776e-24, nan 
-115.625, 65.875, 3.555081175205532e-24, nan 
-115.375, 65.875, 2.886318132122689e-24, nan 
-115.125, 65.875, 4.495568672992862e-24, nan 
-114.875, 65.875, 3.216610402936916e-24, nan 
-114.625, 65.875, 3.1734970684616173e-24, nan 
-114.375, 65.875, 2.817761473780842e-24, nan 
-114.125, 65.875, 3.469615610923996e-24, nan 
-113.875, 65.875, 3.8645716414365506e-24, nan 
-113.625, 65.875, 2.704660182259912e-24, nan 
-113.375, 65.875, 3.695433019928913e-24, nan 
-113.125, 65.875, 2.8640475974704197e-24, nan 
-112.875, 65.875, 2.269427102586182e-24, nan 
-112.625, 65.875, 2.9104396393273563e-24, nan 
-112.375, 65.875, 2.924779304543038e-24, nan 
-112.125, 65.875, 3.33346120466503e-24, nan 
-111.875, 65.875, 2.674833022488642e-24, nan 
-111.625, 65.875, 2.835159714632328e-24, nan 
-111.375, 65.875, 2.4769043390396313e-24, nan 
-111.125, 65.875, 2.4534133903345828e-24, nan 
-110.875, 65.875, 1.948761670347744e-24, nan 
-110.625, 65.875, 2.2041031052609792e-24, nan 
-110.375, 65.875, 2.6045644439864702e-24, nan 
-110.125, 65.875, 2.7695571593990486e-24, nan 
-109.875, 65.875, 2.4520681327908842e-24, nan 
-109.625, 65.875, 2.9680724331523957e-24, nan 
-109.375, 65.875, 3.380644466349884e-24, nan 
-109.125, 65.875, 2.7791364341633927e-24, nan 
-108.875, 65.875, 3.0330760685179958e-24, nan 
-108.625, 65.875, 3.0265373026227368e-24, nan 
-108.375, 65.875, 2.932370707755909e-24, nan 
-108.125, 65.875, 2.8092773665364132e-24, nan 
-107.875, 65.875, 2.6769268469318003e-24, nan 
-107.625, 65.875, 2.7616966042901934e-24, nan 
-107.375, 65.875, 2.5711798533968098e-24, nan 
-107.125, 65.875, 2.314062616154212e-24, nan 
-106.875, 65.875, 2.547565111969134e-24, nan 
-106.625, 65.875, 2.6937283299544006e-24, nan 
-106.375, 65.875, 2.4056208622549926e-24, nan 
-106.125, 65.875, 2.629908616762146e-24, nan 
-105.875, 65.875, 2.9398657298680082e-24, nan 
-105.625, 65.875, 3.271494131887617e-24, nan 
-105.375, 65.875, 3.1731004560878248e-24, nan 
-105.125, 65.875, 3.259698698301373e-24, nan 
-104.875, 65.875, 3.3940644828703634e-24, nan 
-104.625, 65.875, 4.5184032136251594e-24, nan 
-104.375, 65.875, 4.49108347302233e-24, nan 
-104.125, 65.875, 3.2662878997430775e-24, nan 
-103.875, 65.875, 3.795637938000772e-24, nan 
-103.625, 65.875, 3.9342848531320515e-24, nan 
-103.375, 65.875, 3.39765405738262e-24, nan 
-103.125, 65.875, 2.9398346458462314e-24, nan 
-102.875, 65.875, 3.2678618455648755e-24, nan 
-102.625, 65.875, 2.3571830475526745e-24, nan 
-102.375, 65.875, 3.0147281561875477e-24, nan 
-102.125, 65.875, 3.0325202153857504e-24, nan 
-101.875, 65.875, 2.3562806517758542e-24, nan 
-101.625, 65.875, 2.8359790363651024e-24, nan 
-101.375, 65.875, 2.6983442564815627e-24, nan 
-101.125, 65.875, 3.369336205013906e-24, nan 
-100.875, 65.875, 2.5689858583785285e-24, nan 
-100.625, 65.875, 3.0157418752827018e-24, nan 
-100.375, 65.875, 2.879159755698288e-24, nan 
-100.125, 65.875, 3.502854509936093e-24, nan 
-99.875, 65.875, 3.870178544089812e-24, nan 
-99.625, 65.875, 4.087842941512012e-24, nan 
-99.375, 65.875, 4.6188800566958844e-24, nan 
-99.125, 65.875, 4.555163675515995e-24, nan 
-98.875, 65.875, 3.1223097206851883e-24, nan 
-98.625, 65.875, 4.504173421657426e-24, nan 
-98.375, 65.875, 4.336636725570065e-24, nan 
-98.125, 65.875, 4.764011286440423e-24, nan 
-97.875, 65.875, 4.730795314311017e-24, nan 
-97.625, 65.875, 4.800290389214833e-24, nan 
-97.375, 65.875, 5.517336885133195e-24, nan 
-97.125, 65.875, 6.576674217078884e-24, nan 
-96.875, 65.875, 6.018113334040661e-24, nan 
-96.625, 65.875, 5.437545616427975e-24, nan 
-96.375, 65.875, 7.735694463703475e-24, nan 
-96.125, 65.875, 6.555985134833131e-24, nan 
-95.875, 65.875, 5.478566957093862e-24, nan 
-95.625, 65.875, 6.06692268822092e-24, nan 
-95.375, 65.875, 6.774902565603431e-24, nan 
-95.125, 65.875, 6.650331393596642e-24, nan 
-94.875, 65.875, 6.075314792756129e-24, nan 
-94.625, 65.875, 5.4775943930730865e-24, nan 
-94.375, 65.875, 7.063251485515986e-24, nan 
-94.125, 65.875, 6.6122949874909635e-24, nan 
-93.875, 65.875, 6.984113865606781e-24, nan 
-93.625, 65.875, 6.225005091371234e-24, nan 
-93.375, 65.875, 6.88711866990172e-24, nan 
-93.125, 65.875, 6.845150943760548e-24, nan 
-92.875, 65.875, 1.0238104704322068e-23, nan 
-92.625, 65.875, 1.0623457195688297e-23, nan 
-92.375, 65.875, 7.540868327096376e-24, nan 
-92.125, 65.875, 7.752913513385064e-24, nan 
-91.875, 65.875, 6.613413302497256e-24, nan 
-91.625, 65.875, 7.284329963967554e-24, nan 
-91.375, 65.875, 6.874116266427542e-24, nan 
-91.125, 65.875, 7.943370820161709e-24, nan 
-90.875, 65.875, 8.547759569103127e-24, nan 
-90.625, 65.875, 8.932257439290801e-24, nan 
-90.375, 65.875, 9.319908674571591e-24, nan 
-90.125, 65.875, 8.507246194463954e-24, nan 
-89.875, 65.875, 9.226309283503177e-24, nan 
-89.625, 65.875, 9.696719449163336e-24, nan 
-89.375, 65.875, 9.41951484255726e-24, nan 
-89.125, 65.875, 1.055127242993808e-23, nan 
-88.875, 65.875, 1.0181644352648257e-23, nan 
-88.625, 65.875, 9.884661458269522e-24, nan 
-88.375, 65.875, 9.654305153076384e-24, nan 
-88.125, 65.875, 9.993844589992733e-24, nan 
-87.875, 65.875, 9.722208815189271e-24, nan 
-87.625, 65.875, 1.0948173792678618e-23, nan 
-87.375, 65.875, 1.223064926620875e-23, nan 
-87.125, 65.875, 9.110755684474116e-24, nan 
-86.875, 65.875, 9.992478091244798e-24, nan 
-86.625, 65.875, 9.48165117544962e-24, nan 
-86.375, 65.875, 1.1787678844178551e-23, nan 
-86.125, 65.875, 1.1358947738844023e-23, nan 
-85.875, 65.875, 1.218127277595007e-23, nan 
-85.625, 65.875, 1.2376702374412494e-23, nan 
-85.375, 65.875, 1.2208268823866322e-23, nan 
-85.125, 65.875, 1.3261652862631324e-23, nan 
-84.875, 65.875, 1.378143906176752e-23, nan 
-84.625, 65.875, 1.402752703710747e-23, nan 
-84.375, 65.875, 1.4590417515700594e-23, nan 
-84.125, 65.875, 1.0693257913332556e-23, nan 
-83.875, 65.875, 1.0579239148903748e-23, nan 
-83.625, 65.875, 1.3252764225907327e-23, nan 
-83.375, 65.875, 1.3385166190525173e-23, nan 
-83.125, 65.875, 1.4773787154985413e-23, nan 
-82.875, 65.875, 1.1003604051851956e-23, nan 
-82.625, 65.875, 1.5500808677005008e-23, nan 
-82.375, 65.875, 1.2582780923618741e-23, nan 
-82.125, 65.875, 1.4351416339342955e-23, nan 
-81.875, 65.875, 1.5216454374808202e-23, nan 
-81.625, 65.875, 1.2463979237573022e-23, nan 
-81.375, 65.875, 1.4725458166994525e-23, nan 
-81.125, 65.875, 1.511705552248466e-23, nan 
-80.875, 65.875, 1.68442535655543e-23, nan 
-80.625, 65.875, 1.613684342529511e-23, nan 
-80.375, 65.875, 1.570362551273193e-23, nan 
-80.125, 65.875, 1.5715614033565106e-23, nan 
-79.875, 65.875, 1.5155453587335774e-23, nan 
-79.625, 65.875, 1.5626029619426263e-23, nan 
-79.375, 65.875, 1.398054079339193e-23, nan 
-79.125, 65.875, 1.7720452358071164e-23, nan 
-78.875, 65.875, 1.44909288408133e-23, nan 
-78.625, 65.875, 1.8102650183957e-23, nan 
-78.375, 65.875, 1.7528369358623375e-23, nan 
-78.125, 65.875, 1.4878879901683525e-23, nan 
-77.875, 65.875, 1.9371599183441196e-23, nan 
-77.625, 65.875, 1.0709033710028649e-23, nan 
-77.375, 65.875, 1.8551663908759128e-23, nan 
-77.125, 65.875, 1.4703334322229186e-23, nan 
-76.875, 65.875, 3.459322785310164e-23, nan 
-76.625, 65.875, 2.8800134185355796e-23, nan 
-76.375, 65.875, 1.8715634162883252e-22, nan 
-76.125, 65.875, 1.7616652826029412e-23, nan 
-75.875, 65.875, 3.291179329835235e-23, nan 
-75.625, 65.875, 3.4049983225502866e-23, nan 
-75.375, 65.875, 2.3055546595348783e-23, nan 
-75.125, 65.875, 2.775078088871146e-23, nan 
-74.875, 65.875, 2.115984714841927e-23, nan 
-74.625, 65.875, 2.3629851456954005e-23, nan 
-74.375, 65.875, 2.3587097990514813e-23, nan 
-74.125, 65.875, 2.295027698086577e-23, nan 
-73.875, 65.875, 2.3715092128321168e-23, nan 
-73.625, 65.875, 2.3729482553353146e-23, nan 
-73.375, 65.875, 2.648103522036345e-23, nan 
-73.125, 65.875, 3.2085950134226304e-23, nan 
-72.875, 65.875, 2.76987844688258e-23, nan 
-72.625, 65.875, 2.4896558143029222e-23, nan 
-72.375, 65.875, 2.6979376563042395e-23, nan 
-72.125, 65.875, 2.757258627186142e-23, nan 
-71.875, 65.875, 3.788882215079402e-23, nan 
-71.625, 65.875, 4.289198870389689e-23, nan 
-71.375, 65.875, 3.416457633241229e-23, nan 
-71.125, 65.875, 3.712569235961724e-23, nan 
-70.875, 65.875, 4.4801726397833724e-23, nan 
-70.625, 65.875, 4.0308354411726613e-23, nan 
-70.375, 65.875, 3.765716396293583e-23, nan 
-70.125, 65.875, 4.2190251063362246e-23, nan 
-69.875, 65.875, 4.9661194659694536e-23, nan 
-69.625, 65.875, 4.427747527720494e-23, nan 
-69.375, 65.875, 4.132382626236758e-23, nan 
-69.125, 65.875, 4.836462237936259e-23, nan 
-68.875, 65.875, 4.9404891912489385e-23, nan 
-68.625, 65.875, 4.7537899173379517e-23, nan 
-68.375, 65.875, 4.7668619878205856e-23, nan 
-68.125, 65.875, 5.227408892036552e-23, nan 
-67.875, 65.875, 5.552863299382655e-23, nan 
-67.625, 65.875, 5.551652802789713e-23, nan 
-67.375, 65.875, 6.090510358397957e-23, nan 
-67.125, 65.875, 6.195219211296273e-23, nan 
-66.875, 65.875, 4.850478476801746e-23, nan 
-66.625, 65.875, 4.6798893903071993e-23, nan 
-66.375, 65.875, 4.500674490242417e-23, nan 
-66.125, 65.875, 5.143171563911817e-23, nan 
-65.875, 65.875, 4.2362006085646816e-23, nan 
-65.625, 65.875, 5.42198132131356e-23, nan 
-65.375, 65.875, 5.969379695579054e-23, nan 
-65.125, 65.875, 5.831759690763332e-23, nan 
-64.875, 65.875, 4.5696925453785923e-23, nan 
-64.625, 65.875, 5.2574699225787314e-23, nan 
-64.375, 65.875, 5.921210598752056e-23, nan 
-64.125, 65.875, 5.937489296756784e-23, nan 
-63.875, 65.875, 5.744051727158311e-23, nan 
-63.625, 65.875, 4.75741655009033e-23, nan 
-63.375, 65.875, 5.451921264043754e-23, nan 
-63.125, 65.875, 7.473215364707452e-23, nan 
-62.875, 65.875, 6.48203816037642e-23, nan 
-62.625, 65.875, 5.751302632340891e-23, nan 
-62.375, 65.875, 7.086747443142797e-23, nan 
-62.125, 65.875, 6.106537779163488e-23, nan 
-61.875, 65.875, 7.517969794523822e-23, nan 
-61.625, 65.875, 6.950489206975088e-23, nan 
-61.375, 65.875, 7.069974788035536e-23, nan 
-61.125, 65.875, 7.978828886493161e-23, nan 
-60.875, 65.875, 7.913941071366877e-23, nan 
-60.625, 65.875, 7.915107977550275e-23, nan 
-60.375, 65.875, 8.801970310484757e-23, nan 
-60.125, 65.875, 8.926118006694048e-23, nan 
-59.875, 65.875, 1.0797755687313631e-22, nan 
-59.625, 65.875, 9.333686032232053e-23, nan 
-59.375, 65.875, 1.0034468986223686e-22, nan 
-59.125, 65.875, 9.958433511777967e-23, nan 
-58.875, 65.875, 9.684347407097781e-23, nan 
-58.625, 65.875, 9.970562413081238e-23, nan 
-58.375, 65.875, 9.522670240671631e-23, nan 
-58.125, 65.875, 9.003119928304513e-23, nan 
-57.875, 65.875, 8.371189539637591e-23, nan 
-57.625, 65.875, 7.106505564290244e-23, nan 
-57.375, 65.875, 7.856568764815678e-23, nan 
-57.125, 65.875, 7.34682275921988e-23, nan 
-56.875, 65.875, 8.61632622379216e-23, nan 
-56.625, 65.875, 6.745905012625462e-23, nan 
-56.375, 65.875, 7.297070802602139e-23, nan 
-56.125, 65.875, 8.035849948900259e-23, nan 
-55.875, 65.875, 8.868248861710586e-23, nan 
-55.625, 65.875, 7.846855195485648e-23, nan 
-55.375, 65.875, 6.464795613707502e-23, nan 
-55.125, 65.875, 8.785969520958557e-23, nan 
-54.875, 65.875, 9.83602351823935e-23, nan 
-54.625, 65.875, 1.0434612486439712e-22, nan 
-54.375, 65.875, 1.484180963909056e-22, nan 
-54.125, 65.875, 1.4482491849046135e-22, nan 
-53.875, 65.875, 1.0763829608926608e-22, nan 
-53.625, 65.875, 1.363693278615431e-22, nan 
-53.375, 65.875, 1.3461202413333727e-22, nan 
-53.125, 65.875, 1.2294735248932289e-22, nan 
-52.875, 65.875, 7.830408746668211e-23, nan 
-52.625, 65.875, 5.303892030264316e-23, nan 
-52.375, 65.875, 5.1940254306258897e-23, nan 
-52.125, 65.875, 7.029164736881291e-23, nan 
-51.875, 65.875, 7.073423277564648e-23, nan 
-51.625, 65.875, 9.541975563881218e-23, nan 
-51.375, 65.875, 8.351371598788029e-23, nan 
-51.125, 65.875, 6.097409749895933e-23, nan 
-50.875, 65.875, 6.161174511876123e-23, nan 
-50.625, 65.875, 4.258842573273004e-23, nan 
-50.375, 65.875, 1.8511849399875684e-23, nan 
-50.125, 65.875, 4.258050137366349e-23, nan 
-49.875, 65.875, 4.175602226163288e-23, nan 
-49.625, 65.875, 2.1673259997213797e-23, nan 
-49.375, 65.875, 4.533691305186094e-23, nan 
-49.125, 65.875, 4.725457945068095e-23, nan 
-48.875, 65.875, 6.281719846283451e-23, nan 
-48.625, 65.875, 8.702963640665444e-23, nan 
-48.375, 65.875, 5.690123803730976e-23, nan 
-48.125, 65.875, 5.772449174107684e-23, nan 
-47.875, 65.875, 5.1636126583501024e-23, nan 
-47.625, 65.875, 1.0365457930496391e-22, nan 
-47.375, 65.875, 2.0386341851727658e-23, nan 
-47.125, 65.875, 9.984174659282216e-23, nan 
-46.875, 65.875, 8.951605624758151e-23, nan 
-46.625, 65.875, 1.1954327526140655e-22, nan 
-46.375, 65.875, 1.2965761923613581e-22, nan 
-46.125, 65.875, 8.841588261350641e-23, nan 
-45.875, 65.875, 1.2621053483367594e-22, nan 
-45.625, 65.875, 1.2900210999623491e-22, nan 
-45.375, 65.875, 1.1338112853407464e-22, nan 
-45.125, 65.875, 1.3127180445908e-22, nan 
-44.875, 65.875, 1.9588721792318517e-22, nan 
-44.625, 65.875, 1.9171424607680143e-22, nan 
-44.375, 65.875, 1.5812235747942375e-22, nan 
-44.125, 65.875, 2.125943254483821e-22, nan 
-43.875, 65.875, 2.204759078009222e-22, nan 
-43.625, 65.875, 2.6926543629451477e-22, nan 
-43.375, 65.875, 2.0001215288727636e-22, nan 
-43.125, 65.875, 2.0403579252979227e-22, nan 
-42.875, 65.875, 2.768130048447051e-22, nan 
-42.625, 65.875, 1.0050083516769734e-22, nan 
-42.375, 65.875, 2.17154792525751e-22, nan 
-42.125, 65.875, 3.3056898773441494e-22, nan 
-41.875, 65.875, 1.0490236806918949e-22, nan 
-41.625, 65.875, 1.11512241686201e-22, nan 
-41.375, 65.875, 1.8597144729676562e-22, nan 
-41.125, 65.875, 1.746600630010752e-22, nan 
-40.875, 65.875, 1.2994894605363681e-22, nan 
-40.625, 65.875, 1.3097908239286564e-22, nan 
-40.375, 65.875, 1.5739776187742166e-22, nan 
-40.125, 65.875, 1.0154077458511181e-22, nan 
-39.875, 65.875, 9.256152614348169e-23, nan 
-39.625, 65.875, 1.6271565370946887e-22, nan 
-39.375, 65.875, 1.2745611630010622e-22, nan 
-39.125, 65.875, 1.505370184614804e-22, nan 
-38.875, 65.875, 2.216663808973367e-22, nan 
-38.625, 65.875, 2.765052060538223e-22, nan 
-38.375, 65.875, 1.9876479273540596e-22, nan 
-38.125, 65.875, 1.545724313998858e-22, nan 
-37.875, 65.875, 2.7632105745772354e-22, nan 
-37.625, 65.875, 2.5786244871690935e-22, nan 
-37.375, 65.875, 2.057375348943319e-22, nan 
-37.125, 65.875, 1.6173543151930064e-22, nan 
-36.875, 65.875, 1.2590457556303504e-22, nan 
-36.625, 65.875, 1.302260168993804e-22, nan 
-36.375, 65.875, 1.7379727788231063e-22, nan 
-36.125, 65.875, 1.4637491825710584e-22, nan 
-35.875, 65.875, 1.3733900289666588e-22, nan 
-35.625, 65.875, 1.4182709282565188e-22, nan 
-35.375, 65.875, 1.8462608902638818e-22, nan 
-35.125, 65.875, 1.4957047920977134e-22, nan 
-34.875, 65.875, 1.3697582366439662e-22, nan 
-34.625, 65.875, 1.8722883281692393e-22, nan 
-34.375, 65.875, 1.3883352956463066e-22, nan 
-34.125, 65.875, 1.2796781105035517e-22, nan 
-33.875, 65.875, 1.9104204829561454e-22, nan 
-33.625, 65.875, 2.509643394326068e-22, nan 
-33.375, 65.875, 2.0142517439386162e-22, nan 
-33.125, 65.875, 1.8010039810278872e-22, nan 
-32.875, 65.875, 1.276092894406729e-22, nan 
-32.625, 65.875, 1.7890997416401346e-22, nan 
-32.375, 65.875, 1.693854963851536e-22, nan 
-32.125, 65.875, 2.0216010357361214e-22, nan 
-31.875, 65.875, 2.940978573270167e-22, nan 
-31.625, 65.875, 3.875467770722535e-22, nan 
-31.375, 65.875, 4.591103531716612e-22, nan 
-31.125, 65.875, 6.877524775759732e-22, nan 
-30.875, 65.875, 1.9025302745246742e-21, nan 
-30.625, 65.875, 2.579947012559375e-21, nan 
-30.375, 65.875, 8.083907648689754e-22, nan 
-30.125, 65.875, 7.524857290418583e-22, nan 
-29.875, 65.875, 6.637034455943329e-22, nan 
-29.625, 65.875, 3.2463173760334435e-22, nan 
-29.375, 65.875, 4.06092415686327e-22, nan 
-29.125, 65.875, 2.7277279043904456e-22, nan 
-28.875, 65.875, 2.5289937667488146e-22, nan 
-28.625, 65.875, 1.3959503810929602e-22, nan 
-28.375, 65.875, 1.0879294929116367e-22, nan 
-28.125, 65.875, 1.9652799292460245e-22, nan 
-27.875, 65.875, 1.7127199557745873e-22, nan 
-27.625, 65.875, 1.4363075567837048e-22, nan 
-27.375, 65.875, 1.2965053359600582e-22, nan 
-27.125, 65.875, 5.499286246388135e-23, nan 
-26.875, 65.875, 1.1144585357152311e-22, nan 
-26.625, 65.875, 2.0963669176905059e-22, nan 
-26.375, 65.875, 2.203117279102745e-22, nan 
-26.125, 65.875, 2.047965796225808e-22, nan 
-25.875, 65.875, 2.795406752366681e-22, nan 
-25.625, 65.875, 2.8265345555526025e-22, nan 
-25.375, 65.875, 2.424593054779114e-22, nan 
-25.125, 65.875, 1.931528521131038e-22, nan 
-24.875, 65.875, 1.9722700401624936e-22, nan 
-24.625, 65.875, 2.2537051538987997e-22, nan 
-24.375, 65.875, 2.630137181750106e-22, nan 
-24.125, 65.875, 2.6521043890170845e-22, nan 
-23.875, 65.875, 2.7598531236749555e-22, nan 
-23.625, 65.875, 3.904854108110161e-22, nan 
-23.375, 65.875, 4.0766811269439325e-22, nan 
-23.125, 65.875, 2.3810599821669495e-22, nan 
-22.875, 65.875, 2.6869893849230447e-22, nan 
-22.625, 65.875, 3.694362756845755e-22, nan 
-22.375, 65.875, 3.7946482005423803e-22, nan 
-22.125, 65.875, 5.078319643168258e-22, nan 
-21.875, 65.875, 3.7086526237032076e-22, nan 
-21.625, 65.875, 4.481166284679041e-22, nan 
-21.375, 65.875, 3.8946002359564e-21, nan 
-21.125, 65.875, 3.749781446447271e-21, nan 
-20.875, 65.875, 4.21200058013554e-22, nan 
-20.625, 65.875, 3.115484805110491e-22, nan 
-20.375, 65.875, 2.258742789107708e-22, nan 
-20.125, 65.875, 2.3391235505593158e-22, nan 
-19.875, 65.875, 1.917244027781331e-22, nan 
-19.625, 65.875, 1.2053387757953286e-22, nan 
-19.375, 65.875, 1.0951576522973987e-22, nan 
-19.125, 65.875, 1.5621269929750768e-22, nan 
-18.875, 65.875, 1.9267583077677684e-22, nan 
-18.625, 65.875, 2.590847852138873e-22, nan 
-18.375, 65.875, 1.9748370136385507e-22, nan 
-18.125, 65.875, 1.8490749582620934e-22, nan 
-17.875, 65.875, 2.4659224932278653e-22, nan 
-17.625, 65.875, 1.1403558271247273e-22, nan 
-17.375, 65.875, 7.973404063630109e-23, nan 
-17.125, 65.875, 1.1777636727536208e-22, nan 
-16.875, 65.875, 9.51590257553364e-23, nan 
-16.625, 65.875, 3.215484921235699e-23, nan 
-16.375, 65.875, 5.523352970905694e-23, nan 
-16.125, 65.875, 7.244411675631535e-23, nan 
-15.875, 65.875, 8.273516551168942e-23, nan 
-15.625, 65.875, 2.128836051062638e-22, nan 
-15.375, 65.875, 3.365124061851834e-22, nan 
-15.125, 65.875, 3.271725509597711e-22, nan 
-14.875, 65.875, 3.0627053886166465e-22, nan 
-14.625, 65.875, 3.84536302486953e-22, nan 
-14.375, 65.875, 3.2284061295926176e-22, nan 
-14.125, 65.875, 3.493171106833143e-22, nan 
-13.875, 65.875, 2.224449993939396e-22, nan 
-13.625, 65.875, 2.3575030467129585e-22, nan 
-13.375, 65.875, 3.08638265598336e-22, nan 
-13.125, 65.875, 2.7565174628496093e-22, nan 
-12.875, 65.875, 4.633588417803137e-22, nan 
-12.625, 65.875, 1.0867715161515095e-21, nan 
-12.375, 65.875, 1.9923135623145854e-21, nan 
-12.125, 65.875, 2.2544712635361834e-21, nan 
-11.875, 65.875, 2.389918547897338e-21, nan 
-11.625, 65.875, 2.4432051169796732e-21, nan 
-11.375, 65.875, 2.70316696949367e-21, nan 
-11.125, 65.875, 2.5122615861910214e-21, nan 
-10.875, 65.875, 1.3550415054993821e-21, nan 
-10.625, 65.875, 1.8914545150878126e-21, nan 
-10.375, 65.875, 4.0903675757541764e-21, nan 
-10.125, 65.875, 4.317258127850832e-21, nan 
-9.875, 65.875, 7.98739725057004e-21, nan 
-9.625, 65.875, 9.056615696183531e-21, nan 
-9.375, 65.875, 1.0144637120753962e-20, nan 
-9.125, 65.875, 1.0217541885376815e-20, nan 
-8.875, 65.875, 8.50558166148061e-21, nan 
-8.625, 65.875, 8.492669765080708e-21, nan 
-8.375, 65.875, 7.123888311256703e-21, nan 
-8.125, 65.875, 3.230145207723909e-21, nan 
-7.875, 65.875, 2.645605352076236e-21, nan 
-7.625, 65.875, 7.623322089417133e-22, nan 
-7.375, 65.875, 2.788084819250783e-21, nan 
-7.125, 65.875, 2.645545048042398e-21, nan 
-6.875, 65.875, 2.1100329367246288e-21, nan 
-6.625, 65.875, 2.535549485454716e-21, nan 
-6.375, 65.875, 2.328141250194513e-21, nan 
-6.125, 65.875, 1.9675737978268785e-21, nan 
-5.875, 65.875, 1.3000157607821975e-21, nan 
-5.625, 65.875, 7.078148205066753e-22, nan 
-5.375, 65.875, 4.1186763564234666e-22, nan 
-5.125, 65.875, 2.2532645215386465e-22, nan 
-4.875, 65.875, 1.8005552652739151e-22, nan 
-4.625, 65.875, 6.586041826511648e-23, nan 
-4.375, 65.875, 2.999457115334785e-23, nan 
-4.125, 65.875, 6.744826970442109e-23, nan 
-3.875, 65.875, 8.600275092431467e-23, nan 
-3.625, 65.875, 7.855472553262742e-23, nan 
-3.375, 65.875, 5.614939914602968e-23, nan 
-3.125, 65.875, 9.417804948678026e-23, nan 
-2.875, 65.875, 2.778442755306933e-23, nan 
-2.625, 65.875, 7.651510351726036e-23, nan 
-2.375, 65.875, 1.0277489517588277e-22, nan 
-2.125, 65.875, 6.037167489794295e-23, nan 
-1.875, 65.875, 9.348641350028097e-23, nan 
-1.625, 65.875, 7.752949383852487e-23, nan 
-1.375, 65.875, 8.686128485959055e-23, nan 
-1.125, 65.875, 9.674302622822621e-23, nan 
-0.875, 65.875, 3.7848717388524166e-23, nan 
-0.625, 65.875, 6.994695314283927e-23, nan 
-0.375, 65.875, 1.4892330953487466e-22, nan 
-0.125, 65.875, 6.748297711834648e-23, nan 
0.125, 65.875, 1.1626791089036951e-22, nan 
0.375, 65.875, 1.0287750059334343e-22, nan 
0.625, 65.875, 6.718717951164648e-23, nan 
0.875, 65.875, 8.771107300816846e-23, nan 
1.125, 65.875, 5.891524551422513e-23, nan 
1.375, 65.875, 5.77777282549778e-23, nan 
1.625, 65.875, 6.942599274021799e-23, nan 
1.875, 65.875, 6.686695140440582e-23, nan 
2.125, 65.875, 6.870437984007271e-23, nan 
2.375, 65.875, 1.3170945790724415e-22, nan 
2.625, 65.875, 1.5382953707604826e-22, nan 
2.875, 65.875, 2.031868601434245e-22, nan 
3.125, 65.875, 1.4068964368468478e-22, nan 
3.375, 65.875, 1.3190723242734628e-22, nan 
3.625, 65.875, 2.119516420955258e-22, nan 
3.875, 65.875, 1.2393315187359059e-22, nan 
4.125, 65.875, 8.579496507650482e-23, nan 
4.375, 65.875, 1.2530039538693906e-22, nan 
4.625, 65.875, 9.576578025057554e-23, nan 
4.875, 65.875, 5.528765685315873e-23, nan 
5.125, 65.875, 3.437716750366054e-23, nan 
5.375, 65.875, 7.081002191789479e-23, nan 
5.625, 65.875, 8.69300650584336e-23, nan 
5.875, 65.875, 6.626635370856164e-23, nan 
6.125, 65.875, 7.707483655820981e-23, nan 
6.375, 65.875, 7.831710617453469e-23, nan 
6.625, 65.875, 8.681871669820944e-23, nan 
6.875, 65.875, 8.503358438198666e-23, nan 
7.125, 65.875, 6.210791850287498e-23, nan 
7.375, 65.875, 6.979553220127925e-23, nan 
7.625, 65.875, 4.0697066469638736e-23, nan 
7.875, 65.875, 5.265744961299372e-23, nan 
8.125, 65.875, 7.632001238241153e-23, nan 
8.375, 65.875, 9.793418657129341e-23, nan 
8.625, 65.875, 1.2618035397886538e-22, nan 
8.875, 65.875, 1.1252693403506894e-22, nan 
9.125, 65.875, 8.973206860396363e-23, nan 
9.375, 65.875, 1.4595349194897346e-22, nan 
9.625, 65.875, 1.3852809326160987e-22, nan 
9.875, 65.875, 5.935118388547852e-23, nan 
10.125, 65.875, 9.439326383550403e-23, nan 
10.375, 65.875, 1.0299899791321054e-22, nan 
10.625, 65.875, 8.581005210269402e-23, nan 
10.875, 65.875, 4.919839630698606e-23, nan 
11.125, 65.875, 4.3842839381751245e-23, nan 
11.375, 65.875, 4.8837966946727494e-23, nan 
11.625, 65.875, 7.785966979810686e-23, nan 
11.875, 65.875, 3.8876411135824845e-23, nan 
12.125, 65.875, 3.648962452240375e-23, nan 
12.375, 65.875, 8.344019452420029e-23, nan 
12.625, 65.875, 2.5799933935739892e-23, nan 
12.875, 65.875, 2.5059165120090554e-23, nan 
13.125, 65.875, 2.683174663422602e-23, nan 
13.375, 65.875, 4.030112993571287e-23, nan 
13.625, 65.875, 4.835575244348134e-23, nan 
13.875, 65.875, 6.826996056160345e-23, nan 
14.125, 65.875, 5.338119224885792e-23, nan 
14.375, 65.875, 4.548617207753901e-23, nan 
14.625, 65.875, 4.575227015878629e-23, nan 
14.875, 65.875, 4.097091438109904e-23, nan 
15.125, 65.875, 3.407269793161785e-23, nan 
15.375, 65.875, 2.4245450138671354e-23, nan 
15.625, 65.875, 2.6562018077856605e-23, nan 
15.875, 65.875, 4.13422326773124e-23, nan 
16.125, 65.875, 3.0848971478785056e-23, nan 
16.375, 65.875, 6.724203148718866e-23, nan 
16.625, 65.875, 4.738523289124094e-23, nan 
16.875, 65.875, 5.1227427361186626e-23, nan 
17.125, 65.875, 6.627377007161956e-23, nan 
17.375, 65.875, 4.907744491999895e-23, nan 
17.625, 65.875, 4.367287291638019e-23, nan 
17.875, 65.875, 6.919678966125598e-23, nan 
18.125, 65.875, 4.270931226936832e-23, nan 
18.375, 65.875, 1.864899975890006e-23, nan 
18.625, 65.875, 2.4533501293495056e-23, nan 
18.875, 65.875, 2.1063525824633827e-23, nan 
19.125, 65.875, 2.3501650508030613e-23, nan 
19.375, 65.875, 1.996153467636578e-23, nan 
19.625, 65.875, 1.1028332618211942e-23, nan 
19.875, 65.875, 1.1909305021892805e-23, nan 
20.125, 65.875, 1.0367480067641774e-23, nan 
20.375, 65.875, 1.7749307770983366e-23, nan 
20.625, 65.875, 1.5735990916693132e-23, nan 
20.875, 65.875, 7.210336694871816e-24, nan 
21.125, 65.875, 1.2170681942796348e-23, nan 
21.375, 65.875, 2.6856685890181794e-23, nan 
21.625, 65.875, 2.4368961801748045e-23, nan 
21.875, 65.875, 4.883438498551232e-23, nan 
22.125, 65.875, 3.4960005859758674e-23, nan 
22.375, 65.875, 1.9498506477870862e-23, nan 
22.625, 65.875, 1.4582351623504012e-23, nan 
22.875, 65.875, 1.7936325543164452e-23, nan 
23.125, 65.875, 1.0919626558420509e-23, nan 
23.375, 65.875, 1.9641400860770133e-23, nan 
23.625, 65.875, 3.144674465960625e-23, nan 
23.875, 65.875, 2.2470395524221556e-23, nan 
24.125, 65.875, 1.338671585648902e-23, nan 
24.375, 65.875, 2.783143634274972e-23, nan 
24.625, 65.875, 3.271816699864244e-23, nan 
24.875, 65.875, 4.347026123264877e-23, nan 
25.125, 65.875, 2.1404643540867132e-23, nan 
25.375, 65.875, 3.2978222123139525e-23, nan 
25.625, 65.875, 1.8247308450848778e-23, nan 
25.875, 65.875, 1.6227409605470427e-23, nan 
26.125, 65.875, 1.4268890371008955e-23, nan 
26.375, 65.875, 2.7905241832161175e-23, nan 
26.625, 65.875, 2.975071805211298e-23, nan 
26.875, 65.875, 2.4409797649193654e-23, nan 
27.125, 65.875, 1.2701516033849626e-23, nan 
27.375, 65.875, 1.4573154989896617e-23, nan 
27.625, 65.875, 1.4394405896086558e-23, nan 
27.875, 65.875, 2.107398544405988e-24, nan 
28.125, 65.875, 6.890301261012462e-24, nan 
28.375, 65.875, 1.2346034265842407e-23, nan 
28.625, 65.875, 7.042417761504575e-24, nan 
28.875, 65.875, 8.754341959224384e-24, nan 
29.125, 65.875, 1.7907517407735094e-23, nan 
29.375, 65.875, 1.6796421777766536e-23, nan 
29.625, 65.875, 2.5469137969312216e-23, nan 
29.875, 65.875, 2.0004939886664936e-23, nan 
30.125, 65.875, 1.5528215815726263e-23, nan 
30.375, 65.875, 2.11345840322164e-23, nan 
30.625, 65.875, 1.4627032011747187e-23, nan 
30.875, 65.875, 2.2862961245615268e-23, nan 
31.125, 65.875, 2.938072300781139e-23, nan 
31.375, 65.875, 3.0825849977790454e-23, nan 
31.625, 65.875, 3.147892221161589e-23, nan 
31.875, 65.875, 2.1516054185228312e-23, nan 
32.125, 65.875, 2.2363506976143628e-23, nan 
32.375, 65.875, 2.517311478555113e-23, nan 
32.625, 65.875, 2.650121861515221e-23, nan 
32.875, 65.875, 2.161388036105607e-23, nan 
33.125, 65.875, 1.9229532923483098e-23, nan 
33.375, 65.875, 3.025541395448313e-23, nan 
33.625, 65.875, 1.1816652360566712e-23, nan 
33.875, 65.875, 8.892383829894473e-24, nan 
34.125, 65.875, 1.2953465278052519e-23, nan 
34.375, 65.875, 5.716073385262456e-24, nan 
34.625, 65.875, 9.74864810475497e-24, nan 
34.875, 65.875, 2.5873790642486014e-24, nan 
35.125, 65.875, 6.695984161821877e-24, nan 
35.375, 65.875, 5.419807991057167e-24, nan 
35.625, 65.875, 8.362384314480537e-24, nan 
35.875, 65.875, 5.522742361757922e-24, nan 
36.125, 65.875, 1.1675328892370537e-23, nan 
36.375, 65.875, 1.3456100187161687e-23, nan 
36.625, 65.875, 1.0019611255084919e-23, nan 
36.875, 65.875, 1.2960844067948433e-23, nan 
37.125, 65.875, 1.2702024791473825e-23, nan 
37.375, 65.875, 6.64004368493093e-24, nan 
37.625, 65.875, 4.24116030369404e-24, nan 
37.875, 65.875, 1.1746667457749986e-23, nan 
38.125, 65.875, 1.8879914977110257e-23, nan 
38.375, 65.875, 1.330950545309645e-23, nan 
38.625, 65.875, 1.4515958487218699e-23, nan 
38.875, 65.875, 1.648038588513678e-23, nan 
39.125, 65.875, 7.991416355137351e-23, nan 
39.375, 65.875, 3.2953202728812e-23, nan 
39.625, 65.875, 2.8069047710197007e-22, nan 
39.875, 65.875, 1.832746481702529e-22, nan 
40.125, 65.875, 1.8953465180439875e-22, nan 
40.375, 65.875, 2.657986212590067e-23, nan 
40.625, 65.875, 1.8916172732120909e-23, nan 
40.875, 65.875, 2.9762551418616737e-23, nan 
41.125, 65.875, 1.8249987425440866e-23, nan 
41.375, 65.875, 1.2208547805604919e-23, nan 
41.625, 65.875, 7.456684226617392e-24, nan 
41.875, 65.875, 7.186885076898954e-24, nan 
42.125, 65.875, 7.761454593493142e-24, nan 
42.375, 65.875, 5.7942491418610224e-24, nan 
42.625, 65.875, 8.777781699929102e-24, nan 
42.875, 65.875, 8.846972505902474e-24, nan 
43.125, 65.875, 7.772590425313426e-24, nan 
43.375, 65.875, 6.311599582390444e-24, nan 
43.625, 65.875, 4.766821429010627e-24, nan 
43.875, 65.875, 6.1900195827016904e-24, nan 
44.125, 65.875, 4.481153711917289e-24, nan 
44.375, 65.875, 1.4261147359658204e-24, nan 
44.625, 65.875, 2.7093886000090942e-24, nan 
44.875, 65.875, 4.162614501906883e-24, nan 
45.125, 65.875, 4.761657167933685e-24, nan 
45.375, 65.875, 4.7928648940358156e-24, nan 
45.625, 65.875, 5.997349359885826e-24, nan 
45.875, 65.875, 5.173038531427259e-24, nan 
46.125, 65.875, 4.660161911222974e-24, nan 
46.375, 65.875, 4.002748818750957e-24, nan 
46.625, 65.875, 3.2048538649338295e-24, nan 
46.875, 65.875, 2.931327422972797e-24, nan 
47.125, 65.875, 3.690222078470056e-24, nan 
47.375, 65.875, 3.5994085742264806e-24, nan 
47.625, 65.875, 4.7774205106622215e-24, nan 
47.875, 65.875, 5.373819301837651e-24, nan 
48.125, 65.875, 5.592197286830267e-24, nan 
48.375, 65.875, 7.674849524022129e-24, nan 
48.625, 65.875, 7.837926727500215e-24, nan 
48.875, 65.875, 5.9127910987860564e-24, nan 
49.125, 65.875, 8.67657444027061e-24, nan 
49.375, 65.875, 1.229509885015874e-23, nan 
49.625, 65.875, 5.426208168151679e-24, nan 
49.875, 65.875, 5.399067313527679e-24, nan 
50.125, 65.875, 9.488744649371843e-24, nan 
50.375, 65.875, 5.982307537393429e-24, nan 
50.625, 65.875, 7.450850075282476e-24, nan 
50.875, 65.875, 6.166853420343201e-24, nan 
51.125, 65.875, 5.219969184445625e-24, nan 
51.375, 65.875, 6.773757464993613e-24, nan 
51.625, 65.875, 5.270115844677548e-24, nan 
51.875, 65.875, 3.715529233060569e-24, nan 
52.125, 65.875, 1.8495035882060188e-24, nan 
52.375, 65.875, 4.8059825362464994e-24, nan 
52.625, 65.875, 2.6977578216848487e-24, nan 
52.875, 65.875, 6.376794057201937e-24, nan 
53.125, 65.875, 1.0793121546997111e-23, nan 
53.375, 65.875, 5.6650668537493735e-24, nan 
53.625, 65.875, 6.284660180084641e-24, nan 
-126.875, 66.125, 2.794660047083564e-24, nan 
-126.625, 66.125, 2.546330476627598e-24, nan 
-126.375, 66.125, 3.759886857021293e-24, nan 
-126.125, 66.125, 3.9972445123349105e-24, nan 
-125.875, 66.125, 3.637011532188559e-24, nan 
-125.625, 66.125, 3.732396491839024e-24, nan 
-125.375, 66.125, 4.480212286493343e-24, nan 
-125.125, 66.125, 4.9430956445757186e-24, nan 
-124.875, 66.125, 4.922595386079663e-24, nan 
-124.625, 66.125, 4.1010398644373e-24, nan 
-124.375, 66.125, 4.4205389894575396e-24, nan 
-124.125, 66.125, 4.7247650826785456e-24, nan 
-123.875, 66.125, 3.547569516802701e-24, nan 
-123.625, 66.125, 3.7443668532538e-24, nan 
-123.375, 66.125, 3.920773993935126e-24, nan 
-123.125, 66.125, 3.61480239200913e-24, nan 
-122.875, 66.125, 3.821476198039052e-24, nan 
-122.625, 66.125, 2.893390059737204e-24, nan 
-122.375, 66.125, 3.733195337686233e-24, nan 
-122.125, 66.125, 3.4250384073100306e-24, nan 
-121.875, 66.125, 1.563248097067174e-24, nan 
-121.625, 66.125, 2.3313286769938565e-24, nan 
-121.375, 66.125, 3.5436863001831786e-24, nan 
-121.125, 66.125, 3.964596206116098e-24, nan 
-120.875, 66.125, 2.436518701989767e-24, nan 
-120.625, 66.125, 3.885430076948551e-24, nan 
-120.375, 66.125, 5.6381153574478106e-24, nan 
-120.125, 66.125, 2.8888469475879573e-24, nan 
-119.875, 66.125, 1.6585928170171932e-24, nan 
-119.625, 66.125, 1.8463303220949907e-24, nan 
-119.375, 66.125, 1.056314763156107e-24, nan 
-119.125, 66.125, 1.2278693648702114e-24, nan 
-118.875, 66.125, 2.1480665962875927e-24, nan 
-118.625, 66.125, 2.4638824148905127e-24, nan 
-118.375, 66.125, 1.3463437356508283e-24, nan 
-118.125, 66.125, 1.3860149934293182e-24, nan 
-117.875, 66.125, 1.4750440421709168e-24, nan 
-117.625, 66.125, 1.9604207994921233e-24, nan 
-117.375, 66.125, 3.352596120445662e-24, nan 
-117.125, 66.125, 4.427412502679135e-24, nan 
-116.875, 66.125, 3.054753953344762e-24, nan 
-116.625, 66.125, 3.4961510175759256e-24, nan 
-116.375, 66.125, 4.9393147838988475e-24, nan 
-116.125, 66.125, 4.7346323290094585e-24, nan 
-115.875, 66.125, 4.273676042326189e-24, nan 
-115.625, 66.125, 4.325013379339258e-24, nan 
-115.375, 66.125, 4.896639028087144e-24, nan 
-115.125, 66.125, 5.271480730021325e-24, nan 
-114.875, 66.125, 3.567205214928246e-24, nan 
-114.625, 66.125, 2.8794398917527897e-24, nan 
-114.375, 66.125, 3.0171568382403684e-24, nan 
-114.125, 66.125, 3.285915813895654e-24, nan 
-113.875, 66.125, 3.62576484075493e-24, nan 
-113.625, 66.125, 4.150701484971396e-24, nan 
-113.375, 66.125, 4.3566224477763956e-24, nan 
-113.125, 66.125, 4.357047999387255e-24, nan 
-112.875, 66.125, 5.039866782084332e-24, nan 
-112.625, 66.125, 4.073366770968734e-24, nan 
-112.375, 66.125, 3.4415703143307506e-24, nan 
-112.125, 66.125, 3.842017392590276e-24, nan 
-111.875, 66.125, 2.9949369207415343e-24, nan 
-111.625, 66.125, 3.263676438604261e-24, nan 
-111.375, 66.125, 2.9537185313944956e-24, nan 
-111.125, 66.125, 2.936710415164313e-24, nan 
-110.875, 66.125, 2.880268175237395e-24, nan 
-110.625, 66.125, 2.243901061516833e-24, nan 
-110.375, 66.125, 2.754374730982193e-24, nan 
-110.125, 66.125, 2.4242130788574192e-24, nan 
-109.875, 66.125, 3.0244518160472143e-24, nan 
-109.625, 66.125, 3.8706698103943485e-24, nan 
-109.375, 66.125, 4.289491290596186e-24, nan 
-109.125, 66.125, 2.495975556620654e-24, nan 
-108.875, 66.125, 3.3031563194539217e-24, nan 
-108.625, 66.125, 3.3894585948340046e-24, nan 
-108.375, 66.125, 2.7884678557382425e-24, nan 
-108.125, 66.125, 3.0112897660511665e-24, nan 
-107.875, 66.125, 2.971269343163917e-24, nan 
-107.625, 66.125, 2.712561004539749e-24, nan 
-107.375, 66.125, 2.707487518260321e-24, nan 
-107.125, 66.125, 3.0957305405792518e-24, nan 
-106.875, 66.125, 2.9083577859394746e-24, nan 
-106.625, 66.125, 3.0244291922893565e-24, nan 
-106.375, 66.125, 3.07785657646048e-24, nan 
-106.125, 66.125, 2.96133096554806e-24, nan 
-105.875, 66.125, 3.035204523890018e-24, nan 
-105.625, 66.125, 3.7070796257304964e-24, nan 
-105.375, 66.125, 3.979715073506417e-24, nan 
-105.125, 66.125, 3.059470023665921e-24, nan 
-104.875, 66.125, 3.338755546172923e-24, nan 
-104.625, 66.125, 3.835701632870946e-24, nan 
-104.375, 66.125, 3.368772683570808e-24, nan 
-104.125, 66.125, 3.381163683083304e-24, nan 
-103.875, 66.125, 4.651259197823109e-24, nan 
-103.625, 66.125, 4.213090105225559e-24, nan 
-103.375, 66.125, 3.918646194205752e-24, nan 
-103.125, 66.125, 3.635886942473328e-24, nan 
-102.875, 66.125, 3.243173985657425e-24, nan 
-102.625, 66.125, 3.1782171513588753e-24, nan 
-102.375, 66.125, 2.9911497451421808e-24, nan 
-102.125, 66.125, 3.427866779874857e-24, nan 
-101.875, 66.125, 2.861306388599733e-24, nan 
-101.625, 66.125, 3.399527139961127e-24, nan 
-101.375, 66.125, 3.811270230270275e-24, nan 
-101.125, 66.125, 4.053009573091589e-24, nan 
-100.875, 66.125, 4.707299968043275e-24, nan 
-100.625, 66.125, 6.28118786955542e-24, nan 
-100.375, 66.125, 6.1995243596084364e-24, nan 
-100.125, 66.125, 4.484330590104483e-24, nan 
-99.875, 66.125, 4.604108267232477e-24, nan 
-99.625, 66.125, 4.521081928757738e-24, nan 
-99.375, 66.125, 4.966182868618696e-24, nan 
-99.125, 66.125, 4.80969507013628e-24, nan 
-98.875, 66.125, 4.847788635568974e-24, nan 
-98.625, 66.125, 4.395003323245003e-24, nan 
-98.375, 66.125, 4.772530373500485e-24, nan 
-98.125, 66.125, 4.979919101943416e-24, nan 
-97.875, 66.125, 5.3528674180355345e-24, nan 
-97.625, 66.125, 5.289896829984908e-24, nan 
-97.375, 66.125, 5.941921861259299e-24, nan 
-97.125, 66.125, 6.5550095847305104e-24, nan 
-96.875, 66.125, 5.597444184448445e-24, nan 
-96.625, 66.125, 5.080934443654577e-24, nan 
-96.375, 66.125, 6.62420823944281e-24, nan 
-96.125, 66.125, 7.547552441303497e-24, nan 
-95.875, 66.125, 9.25811190395612e-24, nan 
-95.625, 66.125, 6.550207663531648e-24, nan 
-95.375, 66.125, 6.29777182192955e-24, nan 
-95.125, 66.125, 7.064638367805415e-24, nan 
-94.875, 66.125, 6.283964423064151e-24, nan 
-94.625, 66.125, 6.812875955411454e-24, nan 
-94.375, 66.125, 6.619309911493593e-24, nan 
-94.125, 66.125, 7.089851371555575e-24, nan 
-93.875, 66.125, 7.517307705196609e-24, nan 
-93.625, 66.125, 6.1065277293071616e-24, nan 
-93.375, 66.125, 6.3456264779650615e-24, nan 
-93.125, 66.125, 5.7861047733927595e-24, nan 
-92.875, 66.125, 5.001195671528081e-24, nan 
-92.625, 66.125, 5.656817228108352e-24, nan 
-92.375, 66.125, 7.301594174420546e-24, nan 
-92.125, 66.125, 6.085060467865885e-24, nan 
-91.875, 66.125, 6.968959301228443e-24, nan 
-91.625, 66.125, 7.929421920198183e-24, nan 
-91.375, 66.125, 8.080405094539416e-24, nan 
-91.125, 66.125, 8.69004353939526e-24, nan 
-90.875, 66.125, 9.289094052474006e-24, nan 
-90.625, 66.125, 9.144744913493675e-24, nan 
-90.375, 66.125, 8.595705320853897e-24, nan 
-90.125, 66.125, 7.89882466793134e-24, nan 
-89.875, 66.125, 8.402434480819594e-24, nan 
-89.625, 66.125, 9.862499128675594e-24, nan 
-89.375, 66.125, 1.1145865695712535e-23, nan 
-89.125, 66.125, 9.450053139031542e-24, nan 
-88.875, 66.125, 1.0068789325440107e-23, nan 
-88.625, 66.125, 9.48715981392943e-24, nan 
-88.375, 66.125, 9.048408410989787e-24, nan 
-88.125, 66.125, 9.15637156424226e-24, nan 
-87.875, 66.125, 9.342749898949741e-24, nan 
-87.625, 66.125, 1.0994997820243098e-23, nan 
-87.375, 66.125, 9.813134299006675e-24, nan 
-87.125, 66.125, 1.0179381653485586e-23, nan 
-86.875, 66.125, 9.43636920884471e-24, nan 
-86.625, 66.125, 9.644231506249378e-24, nan 
-86.375, 66.125, 1.3056876566367834e-23, nan 
-86.125, 66.125, 1.1380433328754036e-23, nan 
-85.875, 66.125, 1.1808235946330452e-23, nan 
-85.625, 66.125, 1.1896566652302852e-23, nan 
-85.375, 66.125, 1.25754351419313e-23, nan 
-85.125, 66.125, 1.3221364095145733e-23, nan 
-84.875, 66.125, 1.3867276772584996e-23, nan 
-84.625, 66.125, 1.2008077566025152e-23, nan 
-84.375, 66.125, 1.351607952090177e-23, nan 
-84.125, 66.125, 1.1623866106083438e-23, nan 
-83.875, 66.125, 1.1287833005319842e-23, nan 
-83.625, 66.125, 1.357304179389291e-23, nan 
-83.375, 66.125, 1.668930606277312e-23, nan 
-83.125, 66.125, 1.560649806212e-23, nan 
-82.875, 66.125, 1.6664752390856635e-23, nan 
-82.625, 66.125, 1.3920571795744432e-23, nan 
-82.375, 66.125, 1.3655513156657803e-23, nan 
-82.125, 66.125, 1.5515760597044889e-23, nan 
-81.875, 66.125, 1.3109763541110254e-23, nan 
-81.625, 66.125, 1.1889957630958729e-23, nan 
-81.375, 66.125, 1.3068659172215488e-23, nan 
-81.125, 66.125, 1.3982469309995594e-23, nan 
-80.875, 66.125, 1.5853488192553625e-23, nan 
-80.625, 66.125, 1.618184281455078e-23, nan 
-80.375, 66.125, 1.4590919874014646e-23, nan 
-80.125, 66.125, 1.5514454747089956e-23, nan 
-79.875, 66.125, 1.553514378292738e-23, nan 
-79.625, 66.125, 1.4698231946007543e-23, nan 
-79.375, 66.125, 1.5612599621416528e-23, nan 
-79.125, 66.125, 1.621631373427186e-23, nan 
-78.875, 66.125, 1.5955765668888757e-23, nan 
-78.625, 66.125, 1.6761041242842518e-23, nan 
-78.375, 66.125, 1.371668639254229e-23, nan 
-78.125, 66.125, 1.4406926591522413e-23, nan 
-77.875, 66.125, 1.3840177052905417e-23, nan 
-77.625, 66.125, 1.8275713429762748e-23, nan 
-77.375, 66.125, 1.949625158706891e-23, nan 
-77.125, 66.125, 1.9607636482517262e-23, nan 
-76.875, 66.125, 1.9274606177176477e-23, nan 
-76.625, 66.125, 2.2500916923145768e-23, nan 
-76.375, 66.125, 2.7445621031928883e-23, nan 
-76.125, 66.125, 2.27533591357809e-23, nan 
-75.875, 66.125, 3.257286387355218e-23, nan 
-75.625, 66.125, 3.0091930779741444e-23, nan 
-75.375, 66.125, 2.6302120277063783e-23, nan 
-75.125, 66.125, 3.227152996284994e-23, nan 
-74.875, 66.125, 3.191668177645479e-23, nan 
-74.625, 66.125, 2.362005656190961e-23, nan 
-74.375, 66.125, 2.563199390168209e-23, nan 
-74.125, 66.125, 2.660699351762401e-23, nan 
-73.875, 66.125, 3.298477300261266e-23, nan 
-73.625, 66.125, 3.173285303052895e-23, nan 
-73.375, 66.125, 3.3468140486385063e-23, nan 
-73.125, 66.125, 3.12551774857589e-23, nan 
-72.875, 66.125, 2.9854193270435045e-23, nan 
-72.625, 66.125, 3.541111844612564e-23, nan 
-72.375, 66.125, 2.983918032447048e-23, nan 
-72.125, 66.125, 3.352612256811544e-23, nan 
-71.875, 66.125, 4.0860846495163316e-23, nan 
-71.625, 66.125, 4.394753528215914e-23, nan 
-71.375, 66.125, 4.11322437097094e-23, nan 
-71.125, 66.125, 4.0826401282697925e-23, nan 
-70.875, 66.125, 4.9942972666767503e-23, nan 
-70.625, 66.125, 5.381497222995558e-23, nan 
-70.375, 66.125, 5.089319885041593e-23, nan 
-70.125, 66.125, 5.780766180369374e-23, nan 
-69.875, 66.125, 5.896263857828488e-23, nan 
-69.625, 66.125, 5.056851186350296e-23, nan 
-69.375, 66.125, 4.3939092506180886e-23, nan 
-69.125, 66.125, 4.122639855032824e-23, nan 
-68.875, 66.125, 3.780477007028907e-23, nan 
-68.625, 66.125, 4.787244186986162e-23, nan 
-68.375, 66.125, 5.436081891490651e-23, nan 
-68.125, 66.125, 5.440046791735004e-23, nan 
-67.875, 66.125, 6.334179804061598e-23, nan 
-67.625, 66.125, 5.784406208344032e-23, nan 
-67.375, 66.125, 5.642508243895315e-23, nan 
-67.125, 66.125, 5.421728372695406e-23, nan 
-66.875, 66.125, 4.6525010188114616e-23, nan 
-66.625, 66.125, 3.2372659678690545e-23, nan 
-66.375, 66.125, 3.649491450766693e-23, nan 
-66.125, 66.125, 4.7286011452379555e-23, nan 
-65.875, 66.125, 6.008074920137875e-23, nan 
-65.625, 66.125, 4.3564433287221195e-23, nan 
-65.375, 66.125, 4.736012177382604e-23, nan 
-65.125, 66.125, 5.9140548225258e-23, nan 
-64.875, 66.125, 5.113418349063839e-23, nan 
-64.625, 66.125, 5.406236538746008e-23, nan 
-64.375, 66.125, 4.444553942024689e-23, nan 
-64.125, 66.125, 5.584287716311983e-23, nan 
-63.875, 66.125, 4.925591796453614e-23, nan 
-63.625, 66.125, 4.598151616780783e-23, nan 
-63.375, 66.125, 4.5596748827778264e-23, nan 
-63.125, 66.125, 4.7411340100630543e-23, nan 
-62.875, 66.125, 4.405100058573797e-23, nan 
-62.625, 66.125, 6.321463568433221e-23, nan 
-62.375, 66.125, 6.36693575305183e-23, nan 
-62.125, 66.125, 5.856306770560873e-23, nan 
-61.875, 66.125, 3.658401410643277e-23, nan 
-61.625, 66.125, 5.1741695216145355e-23, nan 
-61.375, 66.125, 6.296287128634756e-23, nan 
-61.125, 66.125, 8.515905513596655e-23, nan 
-60.875, 66.125, 9.654540593326931e-23, nan 
-60.625, 66.125, 9.862326249525623e-23, nan 
-60.375, 66.125, 9.457074736040048e-23, nan 
-60.125, 66.125, 8.226389596819564e-23, nan 
-59.875, 66.125, 8.983368542016716e-23, nan 
-59.625, 66.125, 7.560162879633307e-23, nan 
-59.375, 66.125, 8.619469854531189e-23, nan 
-59.125, 66.125, 8.58905233390395e-23, nan 
-58.875, 66.125, 9.493987991582884e-23, nan 
-58.625, 66.125, 9.638460084746291e-23, nan 
-58.375, 66.125, 1.0929662554046433e-22, nan 
-58.125, 66.125, 9.867619619849293e-23, nan 
-57.875, 66.125, 8.442485572056592e-23, nan 
-57.625, 66.125, 9.397245473635303e-23, nan 
-57.375, 66.125, 9.437726250041006e-23, nan 
-57.125, 66.125, 1.0372041288570779e-22, nan 
-56.875, 66.125, 1.1013620634374476e-22, nan 
-56.625, 66.125, 1.31016451196563e-22, nan 
-56.375, 66.125, 8.610207612764373e-23, nan 
-56.125, 66.125, 5.472522319137151e-23, nan 
-55.875, 66.125, 6.86439720650752e-23, nan 
-55.625, 66.125, 3.938977238727868e-23, nan 
-55.375, 66.125, 4.225023910644963e-23, nan 
-55.125, 66.125, 6.353533800772283e-23, nan 
-54.875, 66.125, 7.496449373874636e-23, nan 
-54.625, 66.125, 1.2017888987638937e-22, nan 
-54.375, 66.125, 1.4101784698833023e-22, nan 
-54.125, 66.125, 1.4085225840561314e-22, nan 
-53.875, 66.125, 1.1727973665962406e-22, nan 
-53.625, 66.125, 8.430258446058613e-23, nan 
-53.375, 66.125, 8.215791666665519e-23, nan 
-53.125, 66.125, 9.895827236552918e-23, nan 
-52.875, 66.125, 8.376363158735138e-23, nan 
-52.625, 66.125, 6.604038504377502e-23, nan 
-52.375, 66.125, 8.096684485128981e-23, nan 
-52.125, 66.125, 8.771709377682902e-23, nan 
-51.875, 66.125, 7.103458478263108e-23, nan 
-51.625, 66.125, 1.0215666214033775e-22, nan 
-51.375, 66.125, 7.802775746549923e-23, nan 
-51.125, 66.125, 4.890754393849269e-23, nan 
-50.875, 66.125, 3.9110987864408616e-23, nan 
-50.625, 66.125, 5.391968513233923e-23, nan 
-50.375, 66.125, 3.241260392096508e-23, nan 
-50.125, 66.125, 4.832588781554167e-23, nan 
-49.875, 66.125, 3.630288472060742e-23, nan 
-49.625, 66.125, 4.6943901564520964e-23, nan 
-49.375, 66.125, 5.0606874626871886e-23, nan 
-49.125, 66.125, 5.798027432036027e-23, nan 
-48.875, 66.125, 7.21248931051191e-23, nan 
-48.625, 66.125, 8.265716267303201e-23, nan 
-48.375, 66.125, 5.873192829423536e-23, nan 
-48.125, 66.125, 5.644214389319367e-23, nan 
-47.875, 66.125, 1.1272252880235626e-22, nan 
-47.625, 66.125, 1.4433122923443177e-22, nan 
-47.375, 66.125, 1.5561068338218612e-22, nan 
-47.125, 66.125, 1.2837625131687833e-22, nan 
-46.875, 66.125, 1.0028188183647338e-22, nan 
-46.625, 66.125, 2.088655867557037e-22, nan 
-46.375, 66.125, 2.146284903647188e-22, nan 
-46.125, 66.125, 1.6485374487932716e-22, nan 
-45.875, 66.125, 1.6601612812924368e-22, nan 
-45.625, 66.125, 1.9571036904831262e-22, nan 
-45.375, 66.125, 1.4158486169467464e-22, nan 
-45.125, 66.125, 9.756593339108552e-23, nan 
-44.875, 66.125, 1.7005089166519796e-22, nan 
-44.625, 66.125, 2.573024241629308e-22, nan 
-44.375, 66.125, 3.412891933761538e-22, nan 
-44.125, 66.125, 2.3962128237984072e-22, nan 
-43.875, 66.125, 2.6814855003519666e-22, nan 
-43.625, 66.125, 2.921951486468411e-22, nan 
-43.375, 66.125, 1.789908831777411e-22, nan 
-43.125, 66.125, 1.8991852366145292e-22, nan 
-42.875, 66.125, 1.7827776861837398e-22, nan 
-42.625, 66.125, 7.358158345060815e-23, nan 
-42.375, 66.125, 9.631027580630503e-23, nan 
-42.125, 66.125, 1.1535204017630299e-22, nan 
-41.875, 66.125, 5.880586943792793e-23, nan 
-41.625, 66.125, 1.0820953010109662e-22, nan 
-41.375, 66.125, 1.6161796432957892e-22, nan 
-41.125, 66.125, 1.6211634024888136e-22, nan 
-40.875, 66.125, 1.5082653141784711e-22, nan 
-40.625, 66.125, 2.0522795861527e-22, nan 
-40.375, 66.125, 2.3158326689732806e-22, nan 
-40.125, 66.125, 1.3829842811779707e-22, nan 
-39.875, 66.125, 1.8988020002000622e-22, nan 
-39.625, 66.125, 3.293753006953011e-22, nan 
-39.375, 66.125, 2.0911107732030719e-22, nan 
-39.125, 66.125, 1.9643375738829844e-22, nan 
-38.875, 66.125, 3.1674022614967697e-22, nan 
-38.625, 66.125, 2.746427972938751e-22, nan 
-38.375, 66.125, 2.094447478913995e-22, nan 
-38.125, 66.125, 2.0028131211314576e-22, nan 
-37.875, 66.125, 1.616239680016674e-22, nan 
-37.625, 66.125, 1.6961484762900132e-22, nan 
-37.375, 66.125, 1.6093263487308923e-22, nan 
-37.125, 66.125, 2.326861024992216e-22, nan 
-36.875, 66.125, 2.038642440808523e-22, nan 
-36.625, 66.125, 2.7626312488436305e-22, nan 
-36.375, 66.125, 2.493989955311339e-22, nan 
-36.125, 66.125, 1.7465442255240268e-22, nan 
-35.875, 66.125, 2.2893883620485304e-22, nan 
-35.625, 66.125, 1.5521118009090344e-22, nan 
-35.375, 66.125, 1.7431538863370054e-22, nan 
-35.125, 66.125, 2.0693543985751904e-22, nan 
-34.875, 66.125, 1.299948845359787e-22, nan 
-34.625, 66.125, 1.2519291682243525e-22, nan 
-34.375, 66.125, 1.880620150049758e-22, nan 
-34.125, 66.125, 1.6892888168781144e-22, nan 
-33.875, 66.125, 1.6464899173253435e-22, nan 
-33.625, 66.125, 2.6085257093887996e-22, nan 
-33.375, 66.125, 2.547051519756489e-22, nan 
-33.125, 66.125, 2.3291282208003923e-22, nan 
-32.875, 66.125, 1.881253368668975e-22, nan 
-32.625, 66.125, 2.5862534823507656e-22, nan 
-32.375, 66.125, 2.2236652734434893e-22, nan 
-32.125, 66.125, 1.868273136633027e-22, nan 
-31.875, 66.125, 2.009651939108064e-22, nan 
-31.625, 66.125, 1.2000842745738097e-22, nan 
-31.375, 66.125, 1.9645704056211396e-22, nan 
-31.125, 66.125, 6.161495141480118e-22, nan 
-30.875, 66.125, 8.416489820048187e-22, nan 
-30.625, 66.125, 7.838225478511712e-22, nan 
-30.375, 66.125, 5.854065927879063e-22, nan 
-30.125, 66.125, 7.685247092663803e-22, nan 
-29.875, 66.125, 4.549504312249373e-22, nan 
-29.625, 66.125, 2.71945810934011e-22, nan 
-29.375, 66.125, 2.0366143346993406e-22, nan 
-29.125, 66.125, 1.437730237186632e-22, nan 
-28.875, 66.125, 2.219891605919426e-22, nan 
-28.625, 66.125, 1.1306236196668637e-22, nan 
-28.375, 66.125, 1.422126157160619e-22, nan 
-28.125, 66.125, 1.4896855853662846e-22, nan 
-27.875, 66.125, 1.9757056606411745e-22, nan 
-27.625, 66.125, 1.933974417103689e-22, nan 
-27.375, 66.125, 1.360941828575881e-22, nan 
-27.125, 66.125, 8.984160558531101e-23, nan 
-26.875, 66.125, 1.472265444405069e-22, nan 
-26.625, 66.125, 1.6919804465989085e-22, nan 
-26.375, 66.125, 1.8538224452663497e-22, nan 
-26.125, 66.125, 1.37023666980536e-22, nan 
-25.875, 66.125, 2.1962566800699013e-22, nan 
-25.625, 66.125, 2.7153173441736325e-22, nan 
-25.375, 66.125, 2.5315990328708316e-22, nan 
-25.125, 66.125, 2.893922932038029e-22, nan 
-24.875, 66.125, 2.360949839588543e-22, nan 
-24.625, 66.125, 3.8234546843182946e-22, nan 
-24.375, 66.125, 4.965450569353967e-22, nan 
-24.125, 66.125, 4.430143305088397e-22, nan 
-23.875, 66.125, 3.2549348936744853e-22, nan 
-23.625, 66.125, 4.901427434100583e-22, nan 
-23.375, 66.125, 4.558309685995422e-22, nan 
-23.125, 66.125, 2.081862899145665e-22, nan 
-22.875, 66.125, 1.1242497520994198e-22, nan 
-22.625, 66.125, 1.128591998363941e-22, nan 
-22.375, 66.125, 1.578804957528125e-22, nan 
-22.125, 66.125, 2.2185680557594524e-22, nan 
-21.875, 66.125, 4.296416666030673e-22, nan 
-21.625, 66.125, 4.564982194518869e-22, nan 
-21.375, 66.125, 3.1492304103807665e-22, nan 
-21.125, 66.125, 4.271156172798151e-22, nan 
-20.875, 66.125, 4.20978966369416e-22, nan 
-20.625, 66.125, 2.951948522355394e-22, nan 
-20.375, 66.125, 1.3657992997838453e-22, nan 
-20.125, 66.125, 1.7950627213111563e-22, nan 
-19.875, 66.125, 5.2372054244932154e-23, nan 
-19.625, 66.125, 6.760307084249106e-23, nan 
-19.375, 66.125, 1.5963041136108364e-22, nan 
-19.125, 66.125, 2.6936902866458853e-22, nan 
-18.875, 66.125, 2.756238691119009e-22, nan 
-18.625, 66.125, 2.415317679966859e-22, nan 
-18.375, 66.125, 3.052386954547711e-22, nan 
-18.125, 66.125, 3.685577384019386e-22, nan 
-17.875, 66.125, 1.9198274217040871e-22, nan 
-17.625, 66.125, 1.0999990079753595e-22, nan 
-17.375, 66.125, 1.5385594331518527e-22, nan 
-17.125, 66.125, 1.1410569978899307e-22, nan 
-16.875, 66.125, 1.2031272069779772e-22, nan 
-16.625, 66.125, 7.473049068830243e-23, nan 
-16.375, 66.125, 1.0300326649800172e-22, nan 
-16.125, 66.125, 2.2202290541207253e-22, nan 
-15.875, 66.125, 1.565334160672916e-22, nan 
-15.625, 66.125, 1.3276895953776874e-22, nan 
-15.375, 66.125, 2.7987672981963753e-22, nan 
-15.125, 66.125, 2.634647473509763e-22, nan 
-14.875, 66.125, 2.566847798930619e-22, nan 
-14.625, 66.125, 2.8133585335371286e-22, nan 
-14.375, 66.125, 2.1613153383509143e-22, nan 
-14.125, 66.125, 2.979846770195301e-22, nan 
-13.875, 66.125, 2.374070254305204e-22, nan 
-13.625, 66.125, 2.4243612909750104e-22, nan 
-13.375, 66.125, 2.6917751990876233e-22, nan 
-13.125, 66.125, 4.677557086146104e-22, nan 
-12.875, 66.125, 4.525711231563732e-22, nan 
-12.625, 66.125, 5.20746016484335e-22, nan 
-12.375, 66.125, 9.072905132346643e-22, nan 
-12.125, 66.125, 1.4763808734175027e-21, nan 
-11.875, 66.125, 1.790760138178609e-21, nan 
-11.625, 66.125, 2.200979597270649e-21, nan 
-11.375, 66.125, 2.297768202212317e-21, nan 
-11.125, 66.125, 2.765478299156342e-21, nan 
-10.875, 66.125, 2.5486708587043123e-21, nan 
-10.625, 66.125, 2.3904767132298853e-21, nan 
-10.375, 66.125, 2.4960542118337975e-21, nan 
-10.125, 66.125, 1.9619861067794758e-21, nan 
-9.875, 66.125, 2.187300942683682e-21, nan 
-9.625, 66.125, 2.1413744812213816e-21, nan 
-9.375, 66.125, 2.3821991150997923e-21, nan 
-9.125, 66.125, 2.2964625359910206e-21, nan 
-8.875, 66.125, 2.327073036876815e-21, nan 
-8.625, 66.125, 3.4481783392948146e-21, nan 
-8.375, 66.125, 2.9849681158961346e-21, nan 
-8.125, 66.125, 4.0265961122346365e-21, nan 
-7.875, 66.125, 4.4659836687185395e-21, nan 
-7.625, 66.125, 3.2084620831901202e-21, nan 
-7.375, 66.125, 3.670438401428805e-21, nan 
-7.125, 66.125, 3.1199467614460097e-21, nan 
-6.875, 66.125, 2.6367762434601454e-21, nan 
-6.625, 66.125, 2.5666265476878145e-21, nan 
-6.375, 66.125, 1.3607930583626295e-21, nan 
-6.125, 66.125, 8.42644030570869e-22, nan 
-5.875, 66.125, 3.1739888806441687e-22, nan 
-5.625, 66.125, 2.281027908419024e-22, nan 
-5.375, 66.125, 2.0574121236811963e-22, nan 
-5.125, 66.125, 9.719612956528049e-23, nan 
-4.875, 66.125, 1.572889569861199e-22, nan 
-4.625, 66.125, 1.9618845338375886e-22, nan 
-4.375, 66.125, 8.359193331897084e-23, nan 
-4.125, 66.125, 5.359064003829238e-23, nan 
-3.875, 66.125, 1.4946032899861267e-22, nan 
-3.625, 66.125, 1.2538859139481575e-22, nan 
-3.375, 66.125, 8.95379587349537e-23, nan 
-3.125, 66.125, 1.5804141816531706e-22, nan 
-2.875, 66.125, 7.012033959332188e-23, nan 
-2.625, 66.125, 7.322201126617698e-23, nan 
-2.375, 66.125, 1.0698092241651806e-22, nan 
-2.125, 66.125, 5.986893111525296e-23, nan 
-1.875, 66.125, 3.471108704601504e-23, nan 
-1.625, 66.125, 3.022211787041297e-23, nan 
-1.375, 66.125, 5.431240343592326e-23, nan 
-1.125, 66.125, 6.921399562533549e-23, nan 
-0.875, 66.125, 3.9524459738678386e-23, nan 
-0.625, 66.125, 4.5764805809517135e-23, nan 
-0.375, 66.125, 9.979640961768766e-23, nan 
-0.125, 66.125, 4.9126008349026677e-23, nan 
0.125, 66.125, 5.652840603988952e-23, nan 
0.375, 66.125, 1.0740985629170242e-22, nan 
0.625, 66.125, 7.606052771333798e-23, nan 
0.875, 66.125, 9.490406266138904e-23, nan 
1.125, 66.125, 9.651131163371016e-23, nan 
1.375, 66.125, 5.642854254097753e-23, nan 
1.625, 66.125, 8.121364048477346e-23, nan 
1.875, 66.125, 6.944501278073911e-23, nan 
2.125, 66.125, 6.04291541468109e-23, nan 
2.375, 66.125, 1.2591033709317352e-22, nan 
2.625, 66.125, 1.2589683406659718e-22, nan 
2.875, 66.125, 1.4351152331520748e-22, nan 
3.125, 66.125, 1.3731267199587857e-22, nan 
3.375, 66.125, 1.615770480851024e-22, nan 
3.625, 66.125, 2.2484839067010363e-22, nan 
3.875, 66.125, 1.3628945864630349e-22, nan 
4.125, 66.125, 1.0082763106931381e-22, nan 
4.375, 66.125, 1.0935837619585869e-22, nan 
4.625, 66.125, 6.571087789616607e-23, nan 
4.875, 66.125, 1.3300062856719656e-23, nan 
5.125, 66.125, 4.2731498402541475e-23, nan 
5.375, 66.125, 4.968439193479259e-23, nan 
5.625, 66.125, 4.9664609905504444e-23, nan 
5.875, 66.125, 3.5113633653721275e-23, nan 
6.125, 66.125, 6.127548431387387e-23, nan 
6.375, 66.125, 7.423471700608231e-23, nan 
6.625, 66.125, 8.623866346735876e-23, nan 
6.875, 66.125, 1.1241602003924885e-22, nan 
7.125, 66.125, 7.182180908073799e-23, nan 
7.375, 66.125, 8.016579807671497e-23, nan 
7.625, 66.125, 1.1557510384431833e-22, nan 
7.875, 66.125, 1.0554928731049501e-22, nan 
8.125, 66.125, 1.0246248540354212e-22, nan 
8.375, 66.125, 8.84170361957639e-23, nan 
8.625, 66.125, 1.0325942421349598e-22, nan 
8.875, 66.125, 9.733716332475854e-23, nan 
9.125, 66.125, 9.30386900145052e-23, nan 
9.375, 66.125, 1.0576007449576152e-22, nan 
9.625, 66.125, 1.0064110759375812e-22, nan 
9.875, 66.125, 8.719702373972375e-23, nan 
10.125, 66.125, 6.911188420318818e-23, nan 
10.375, 66.125, 6.295737168952224e-23, nan 
10.625, 66.125, 6.985910862980763e-23, nan 
10.875, 66.125, 6.248245870504274e-23, nan 
11.125, 66.125, 5.569790007391229e-23, nan 
11.375, 66.125, 5.999595869145139e-23, nan 
11.625, 66.125, 5.94369955828558e-23, nan 
11.875, 66.125, 5.901081398777936e-23, nan 
12.125, 66.125, 5.680495870121775e-23, nan 
12.375, 66.125, 6.793685761753818e-23, nan 
12.625, 66.125, 3.733640141948822e-23, nan 
12.875, 66.125, 3.6405497472210785e-23, nan 
13.125, 66.125, 3.234410958075589e-23, nan 
13.375, 66.125, 3.190933843245642e-23, nan 
13.625, 66.125, 4.9848718813542996e-23, nan 
13.875, 66.125, 5.1426804125794335e-23, nan 
14.125, 66.125, 2.7032439284985096e-23, nan 
14.375, 66.125, 5.38883427298583e-23, nan 
14.625, 66.125, 3.544423600313482e-23, nan 
14.875, 66.125, 2.962335662632299e-23, nan 
15.125, 66.125, 4.59659390384645e-23, nan 
15.375, 66.125, 3.636013732498407e-23, nan 
15.625, 66.125, 2.0940787293679927e-23, nan 
15.875, 66.125, 1.8835556827942775e-23, nan 
16.125, 66.125, 2.1735985806548332e-23, nan 
16.375, 66.125, 3.4156840872052933e-23, nan 
16.625, 66.125, 4.7641267076453314e-23, nan 
16.875, 66.125, 5.395486306719849e-23, nan 
17.125, 66.125, 4.93531407102567e-23, nan 
17.375, 66.125, 4.4532128934773046e-23, nan 
17.625, 66.125, 4.792014436988177e-23, nan 
17.875, 66.125, 4.5682630357854096e-23, nan 
18.125, 66.125, 3.584591290494811e-23, nan 
18.375, 66.125, 1.8682460308637706e-23, nan 
18.625, 66.125, 2.3033042340487125e-23, nan 
18.875, 66.125, 1.26891056985383e-23, nan 
19.125, 66.125, 2.6008699181469182e-23, nan 
19.375, 66.125, 6.783865922441688e-24, nan 
19.625, 66.125, 1.682504855795847e-23, nan 
19.875, 66.125, 1.3547561000911493e-23, nan 
20.125, 66.125, 7.279644255284638e-24, nan 
20.375, 66.125, 2.209958068064964e-23, nan 
20.625, 66.125, 3.564101167649628e-23, nan 
20.875, 66.125, 4.5245893215740015e-23, nan 
21.125, 66.125, 7.886985767697627e-24, nan 
21.375, 66.125, 1.1469725690405131e-23, nan 
21.625, 66.125, 1.1440616987375834e-23, nan 
21.875, 66.125, 6.365647410018765e-24, nan 
22.125, 66.125, 1.9356448563253716e-23, nan 
22.375, 66.125, 1.2653992267910992e-23, nan 
22.625, 66.125, 8.076359700998405e-24, nan 
22.875, 66.125, 7.773224947742601e-24, nan 
23.125, 66.125, 1.1173510178536198e-23, nan 
23.375, 66.125, 1.8417957300871018e-23, nan 
23.625, 66.125, 2.7328014694991095e-23, nan 
23.875, 66.125, 4.023197944485818e-23, nan 
24.125, 66.125, 5.106615360082358e-23, nan 
24.375, 66.125, 2.4421732928459187e-23, nan 
24.625, 66.125, 4.48898933889883e-23, nan 
24.875, 66.125, 8.332579673028945e-23, nan 
25.125, 66.125, 2.0178695596585752e-23, nan 
25.375, 66.125, 1.7026997025385698e-23, nan 
25.625, 66.125, 3.9088519450603876e-23, nan 
25.875, 66.125, 1.5945093139324397e-23, nan 
26.125, 66.125, 1.5217227847599704e-23, nan 
26.375, 66.125, 2.6280812110060723e-23, nan 
26.625, 66.125, 2.717909773770955e-23, nan 
26.875, 66.125, 1.7332941008786347e-23, nan 
27.125, 66.125, 1.7020059405345094e-23, nan 
27.375, 66.125, 1.8985495699263205e-23, nan 
27.625, 66.125, 2.0111304003676043e-23, nan 
27.875, 66.125, 1.7793897194106337e-23, nan 
28.125, 66.125, 1.6356593527039782e-23, nan 
28.375, 66.125, 2.0998275498876308e-23, nan 
28.625, 66.125, 1.6793076546330629e-23, nan 
28.875, 66.125, 2.540478093201023e-23, nan 
29.125, 66.125, 2.7138007384885466e-23, nan 
29.375, 66.125, 2.25040899801359e-23, nan 
29.625, 66.125, 2.708406924306631e-23, nan 
29.875, 66.125, 2.187695648831702e-23, nan 
30.125, 66.125, 1.236434694641741e-23, nan 
30.375, 66.125, 9.88392658429896e-24, nan 
30.625, 66.125, 2.114608118073533e-23, nan 
30.875, 66.125, 2.8356274045814865e-23, nan 
31.125, 66.125, 2.8549052586645067e-23, nan 
31.375, 66.125, 3.915624560785807e-23, nan 
31.625, 66.125, 3.896304353142085e-23, nan 
31.875, 66.125, 2.7591549677253404e-23, nan 
32.125, 66.125, 2.324066484737352e-23, nan 
32.375, 66.125, 2.6701525312651124e-23, nan 
32.625, 66.125, 3.1740107763750555e-23, nan 
32.875, 66.125, 2.6675936715195003e-23, nan 
33.125, 66.125, 1.9676155689661454e-23, nan 
33.375, 66.125, 2.617280658735812e-23, nan 
33.625, 66.125, 1.6841491701752257e-23, nan 
33.875, 66.125, 8.214113600335704e-24, nan 
34.125, 66.125, 5.181998514790847e-24, nan 
34.375, 66.125, 7.948741704237419e-24, nan 
34.625, 66.125, 7.763899006122618e-24, nan 
34.875, 66.125, 6.6000760654569846e-24, nan 
35.125, 66.125, 9.113554780109068e-24, nan 
35.375, 66.125, 8.289541265171024e-24, nan 
35.625, 66.125, 1.0468138041981996e-23, nan 
35.875, 66.125, 1.1226894152046666e-23, nan 
36.125, 66.125, 1.0552864840036703e-23, nan 
36.375, 66.125, 1.4197253774806356e-23, nan 
36.625, 66.125, 1.0294267486216433e-23, nan 
36.875, 66.125, 8.331222868251154e-24, nan 
37.125, 66.125, 1.4373922985523553e-23, nan 
37.375, 66.125, 7.695572024218724e-24, nan 
37.625, 66.125, 1.2451604538376839e-23, nan 
37.875, 66.125, 6.468016131659511e-24, nan 
38.125, 66.125, 1.6716360803490415e-23, nan 
38.375, 66.125, 7.635655947913368e-23, nan 
38.625, 66.125, 1.3456363513501514e-23, nan 
38.875, 66.125, 2.5408541296102593e-22, nan 
39.125, 66.125, 2.5290048764391593e-22, nan 
39.375, 66.125, 3.3697972186568426e-22, nan 
39.625, 66.125, 4.565929062230588e-22, nan 
39.875, 66.125, 3.5278363905423926e-22, nan 
40.125, 66.125, 3.148860033222937e-22, nan 
40.375, 66.125, 2.8370019513570217e-22, nan 
40.625, 66.125, 1.7837143332855925e-22, nan 
40.875, 66.125, 1.513590112000126e-22, nan 
41.125, 66.125, 2.7132320476586455e-23, nan 
41.375, 66.125, 2.1201534376619964e-23, nan 
41.625, 66.125, 1.6299176236385005e-23, nan 
41.875, 66.125, 1.6029904925433453e-23, nan 
42.125, 66.125, 1.1035712884483761e-23, nan 
42.375, 66.125, 1.2342856956425966e-23, nan 
42.625, 66.125, 1.1496620027128742e-23, nan 
42.875, 66.125, 1.1624317931045231e-23, nan 
43.125, 66.125, 9.725387365452082e-24, nan 
43.375, 66.125, 5.0165692094120114e-24, nan 
43.625, 66.125, 3.289578218735293e-24, nan 
43.875, 66.125, 3.704436952627682e-24, nan 
44.125, 66.125, 2.8086467314720492e-24, nan 
44.375, 66.125, 3.76155633889279e-24, nan 
44.625, 66.125, 4.117324998966212e-24, nan 
44.875, 66.125, 3.9147619407648614e-24, nan 
45.125, 66.125, 4.794669790522626e-24, nan 
45.375, 66.125, 4.707496033909397e-24, nan 
45.625, 66.125, 7.213537411963872e-24, nan 
45.875, 66.125, 7.165913331988109e-24, nan 
46.125, 66.125, 5.475846613488119e-24, nan 
46.375, 66.125, 5.724161645440104e-24, nan 
46.625, 66.125, 7.228954976846965e-24, nan 
46.875, 66.125, 5.0345544865445985e-24, nan 
47.125, 66.125, 3.390233987682181e-24, nan 
47.375, 66.125, 4.5366572699727285e-24, nan 
47.625, 66.125, 3.660462527332628e-24, nan 
47.875, 66.125, 6.0286338855422196e-24, nan 
48.125, 66.125, 5.134745279226454e-24, nan 
48.375, 66.125, 5.4429893751547244e-24, nan 
48.625, 66.125, 8.063904778508312e-24, nan 
48.875, 66.125, 6.715722732131669e-24, nan 
49.125, 66.125, 8.626322240082238e-24, nan 
49.375, 66.125, 1.1457031622719706e-23, nan 
49.625, 66.125, 7.267067149879757e-24, nan 
49.875, 66.125, 5.1088430892312295e-24, nan 
50.125, 66.125, 7.822337386201763e-24, nan 
50.375, 66.125, 5.979492776531986e-24, nan 
50.625, 66.125, 5.719579466536419e-24, nan 
50.875, 66.125, 6.315539459968117e-24, nan 
51.125, 66.125, 5.6655046723450256e-24, nan 
51.375, 66.125, 7.268697840415417e-24, nan 
51.625, 66.125, 6.581995245551747e-24, nan 
51.875, 66.125, 4.752059729185769e-24, nan 
52.125, 66.125, 5.1068453193025846e-24, nan 
52.375, 66.125, 6.031694442695324e-24, nan 
52.625, 66.125, 4.178829655552053e-24, nan 
52.875, 66.125, 1.0351802148380759e-23, nan 
53.125, 66.125, 1.1623239218711952e-23, nan 
53.375, 66.125, 6.834086986932987e-24, nan 
53.625, 66.125, 1.1088040452850143e-23, nan 
53.875, 66.125, 1.141122877331052e-23, nan 
54.125, 66.125, 3.4454953013995055e-24, nan 
54.375, 66.125, 2.0353710586341356e-24, nan 
54.625, 66.125, 3.785922406371829e-24, nan 
-127.875, 66.375, 3.374394577306433e-24, nan 
-127.625, 66.375, 2.911951544209965e-24, nan 
-127.375, 66.375, 3.0023205946641597e-24, nan 
-127.125, 66.375, 1.3927673275555274e-24, nan 
-126.875, 66.375, 1.2057765348217157e-24, nan 
-126.625, 66.375, 2.0834459575789044e-24, nan 
-126.375, 66.375, 1.4835799823440414e-24, nan 
-126.125, 66.375, 1.6140996459235172e-24, nan 
-125.875, 66.375, 1.7775533362251106e-24, nan 
-125.625, 66.375, 1.4165319612873011e-24, nan 
-125.375, 66.375, 1.4574928045795148e-24, nan 
-125.125, 66.375, 2.315668377600197e-24, nan 
-124.875, 66.375, 2.149257517191955e-24, nan 
-124.625, 66.375, 2.7968839041228356e-24, nan 
-124.375, 66.375, 1.3809623546234555e-24, nan 
-124.125, 66.375, 1.7217143934203414e-24, nan 
-123.875, 66.375, 1.952697071740741e-24, nan 
-123.625, 66.375, 2.3071422361742747e-24, nan 
-123.375, 66.375, 2.297522547852943e-24, nan 
-123.125, 66.375, 2.2799773280481575e-24, nan 
-122.875, 66.375, 3.7228471468857605e-24, nan 
-122.625, 66.375, 4.029636679697273e-24, nan 
-122.375, 66.375, 3.723413023627654e-24, nan 
-122.125, 66.375, 3.569596556554031e-24, nan 
-121.875, 66.375, 4.3252699455071235e-24, nan 
-121.625, 66.375, 2.641081736400423e-24, nan 
-121.375, 66.375, 2.1356634245137736e-24, nan 
-121.125, 66.375, 2.8888870484914877e-24, nan 
-120.875, 66.375, 2.410398128759663e-24, nan 
-120.625, 66.375, 3.062333871739932e-24, nan 
-120.375, 66.375, 4.891144031440895e-24, nan 
-120.125, 66.375, 3.6718400012330695e-24, nan 
-119.875, 66.375, 4.248528689721902e-24, nan 
-119.625, 66.375, 3.4821709640054065e-24, nan 
-119.375, 66.375, 2.4420939470049133e-24, nan 
-119.125, 66.375, 1.4894759571460173e-24, nan 
-118.875, 66.375, 1.8747285786822743e-24, nan 
-118.625, 66.375, 9.368489853326722e-25, nan 
-118.375, 66.375, 6.093522291781637e-25, nan 
-118.125, 66.375, 9.466433197342571e-25, nan 
-117.875, 66.375, 2.5965885403059396e-24, nan 
-117.625, 66.375, 1.6972711396837718e-24, nan 
-117.375, 66.375, 1.961099990384402e-24, nan 
-117.125, 66.375, 1.688049242857847e-24, nan 
-116.875, 66.375, 1.0351168649578533e-24, nan 
-116.625, 66.375, 2.7148998423244413e-24, nan 
-116.375, 66.375, 3.859790495216762e-24, nan 
-116.125, 66.375, 3.897576611379516e-24, nan 
-115.875, 66.375, 4.112609918719433e-24, nan 
-115.625, 66.375, 3.697979490305963e-24, nan 
-115.375, 66.375, 4.8135034995303084e-24, nan 
-115.125, 66.375, 3.5883316845519416e-24, nan 
-114.875, 66.375, 2.4210553063235278e-24, nan 
-114.625, 66.375, 1.911076357898056e-24, nan 
-114.375, 66.375, 3.083545130050675e-24, nan 
-114.125, 66.375, 2.2279315509184746e-24, nan 
-113.875, 66.375, 2.1792215185034345e-24, nan 
-113.625, 66.375, 3.620407750146094e-24, nan 
-113.375, 66.375, 3.4619532852401395e-24, nan 
-113.125, 66.375, 3.7567965578014636e-24, nan 
-112.875, 66.375, 4.941479373418318e-24, nan 
-112.625, 66.375, 3.762744362731854e-24, nan 
-112.375, 66.375, 3.393559872367892e-24, nan 
-112.125, 66.375, 3.4673265688182894e-24, nan 
-111.875, 66.375, 3.2984996304509585e-24, nan 
-111.625, 66.375, 2.858711010716339e-24, nan 
-111.375, 66.375, 3.8107993521392196e-24, nan 
-111.125, 66.375, 3.2102031575794698e-24, nan 
-110.875, 66.375, 3.322291640543606e-24, nan 
-110.625, 66.375, 3.2359050321895397e-24, nan 
-110.375, 66.375, 3.2527274963643327e-24, nan 
-110.125, 66.375, 3.3448874135168924e-24, nan 
-109.875, 66.375, 2.5100757391624463e-24, nan 
-109.625, 66.375, 3.831571854607684e-24, nan 
-109.375, 66.375, 5.636139848130266e-24, nan 
-109.125, 66.375, 2.5092173591159047e-24, nan 
-108.875, 66.375, 3.3634807455759916e-24, nan 
-108.625, 66.375, 4.170167601973966e-24, nan 
-108.375, 66.375, 2.95922638420986e-24, nan 
-108.125, 66.375, 2.774518180908472e-24, nan 
-107.875, 66.375, 2.7813249885953048e-24, nan 
-107.625, 66.375, 3.1512069330357923e-24, nan 
-107.375, 66.375, 3.44668659162845e-24, nan 
-107.125, 66.375, 3.562780374372651e-24, nan 
-106.875, 66.375, 3.2496599216853958e-24, nan 
-106.625, 66.375, 3.493882506693923e-24, nan 
-106.375, 66.375, 3.794806319184363e-24, nan 
-106.125, 66.375, 3.84768126652304e-24, nan 
-105.875, 66.375, 3.674533366599645e-24, nan 
-105.625, 66.375, 3.2279735861668478e-24, nan 
-105.375, 66.375, 3.675092002589998e-24, nan 
-105.125, 66.375, 1.921283496366897e-24, nan 
-104.875, 66.375, 1.006580264973632e-24, nan 
-104.625, 66.375, 1.7526651294327694e-24, nan 
-104.375, 66.375, 2.199435610642713e-24, nan 
-104.125, 66.375, 3.468873231972973e-24, nan 
-103.875, 66.375, 3.809845133854691e-24, nan 
-103.625, 66.375, 4.1619212257994274e-24, nan 
-103.375, 66.375, 4.2457877022609755e-24, nan 
-103.125, 66.375, 4.44719191090133e-24, nan 
-102.875, 66.375, 3.717285197767278e-24, nan 
-102.625, 66.375, 4.208952054264873e-24, nan 
-102.375, 66.375, 3.492565081548427e-24, nan 
-102.125, 66.375, 3.484817728441046e-24, nan 
-101.875, 66.375, 3.743182532172111e-24, nan 
-101.625, 66.375, 4.031869331276627e-24, nan 
-101.375, 66.375, 4.017388404676268e-24, nan 
-101.125, 66.375, 4.012029713013251e-24, nan 
-100.875, 66.375, 5.8358566955928686e-24, nan 
-100.625, 66.375, 6.824097382841402e-24, nan 
-100.375, 66.375, 7.266344504706538e-24, nan 
-100.125, 66.375, 5.0010109210431174e-24, nan 
-99.875, 66.375, 5.9190100604876906e-24, nan 
-99.625, 66.375, 4.825256476095701e-24, nan 
-99.375, 66.375, 5.374084010201065e-24, nan 
-99.125, 66.375, 5.398561279751194e-24, nan 
-98.875, 66.375, 5.7110840909871965e-24, nan 
-98.625, 66.375, 5.6401441528844035e-24, nan 
-98.375, 66.375, 5.777225654293293e-24, nan 
-98.125, 66.375, 6.0503753743330476e-24, nan 
-97.875, 66.375, 5.917440617759528e-24, nan 
-97.625, 66.375, 5.289309044080849e-24, nan 
-97.375, 66.375, 5.901083648192821e-24, nan 
-97.125, 66.375, 7.292981028696708e-24, nan 
-96.875, 66.375, 7.244053924014611e-24, nan 
-96.625, 66.375, 8.625851124297741e-24, nan 
-96.375, 66.375, 7.176446576663465e-24, nan 
-96.125, 66.375, 9.131488604011372e-24, nan 
-95.875, 66.375, 1.0858451389214901e-23, nan 
-95.625, 66.375, 5.8488485334234126e-24, nan 
-95.375, 66.375, 4.8929930318554415e-24, nan 
-95.125, 66.375, 4.742922696874534e-24, nan 
-94.875, 66.375, 7.356344425817684e-24, nan 
-94.625, 66.375, 7.849904770993472e-24, nan 
-94.375, 66.375, 6.898662210172021e-24, nan 
-94.125, 66.375, 6.757475080938953e-24, nan 
-93.875, 66.375, 6.767800181366623e-24, nan 
-93.625, 66.375, 6.650049706018144e-24, nan 
-93.375, 66.375, 6.4252385352372666e-24, nan 
-93.125, 66.375, 7.226502098249038e-24, nan 
-92.875, 66.375, 5.5228971129658145e-24, nan 
-92.625, 66.375, 6.5052146070722995e-24, nan 
-92.375, 66.375, 6.81428684385443e-24, nan 
-92.125, 66.375, 8.166691408316186e-24, nan 
-91.875, 66.375, 7.725907260107611e-24, nan 
-91.625, 66.375, 9.139789055707949e-24, nan 
-91.375, 66.375, 8.968255353278082e-24, nan 
-91.125, 66.375, 7.915387724542796e-24, nan 
-90.875, 66.375, 9.22973023957893e-24, nan 
-90.625, 66.375, 8.276318734548529e-24, nan 
-90.375, 66.375, 9.848237018486524e-24, nan 
-90.125, 66.375, 1.0042176109597589e-23, nan 
-89.875, 66.375, 1.2209104047763994e-23, nan 
-89.625, 66.375, 1.1267637192951145e-23, nan 
-89.375, 66.375, 1.2379409593066435e-23, nan 
-89.125, 66.375, 1.1663504971937509e-23, nan 
-88.875, 66.375, 1.0256143620387327e-23, nan 
-88.625, 66.375, 9.448884121304717e-24, nan 
-88.375, 66.375, 1.0468588374773015e-23, nan 
-88.125, 66.375, 1.0572462636506755e-23, nan 
-87.875, 66.375, 1.0710113282678012e-23, nan 
-87.625, 66.375, 1.0249261544418331e-23, nan 
-87.375, 66.375, 9.896559938292238e-24, nan 
-87.125, 66.375, 1.1936828440721059e-23, nan 
-86.875, 66.375, 1.1248115239640987e-23, nan 
-86.625, 66.375, 9.573412239782377e-24, nan 
-86.375, 66.375, 1.0705495305540669e-23, nan 
-86.125, 66.375, 1.1489300740804747e-23, nan 
-85.875, 66.375, 1.4476747647799887e-23, nan 
-85.625, 66.375, 1.3928615966403228e-23, nan 
-85.375, 66.375, 1.2895815284992275e-23, nan 
-85.125, 66.375, 1.441434592746404e-23, nan 
-84.875, 66.375, 1.339587961011802e-23, nan 
-84.625, 66.375, 1.1327123913556859e-23, nan 
-84.375, 66.375, 1.3327400556347014e-23, nan 
-84.125, 66.375, 1.6469996298453288e-23, nan 
-83.875, 66.375, 1.6642374601363722e-23, nan 
-83.625, 66.375, 1.3669159015749334e-23, nan 
-83.375, 66.375, 1.7792887119610282e-23, nan 
-83.125, 66.375, 1.7176495119884575e-23, nan 
-82.875, 66.375, 1.902192994523966e-23, nan 
-82.625, 66.375, 1.5465758137450356e-23, nan 
-82.375, 66.375, 1.4035667482150732e-23, nan 
-82.125, 66.375, 1.4400739248601828e-23, nan 
-81.875, 66.375, 1.3556556308525173e-23, nan 
-81.625, 66.375, 1.4525926020196648e-23, nan 
-81.375, 66.375, 1.9004124544695806e-23, nan 
-81.125, 66.375, 1.457109630518701e-23, nan 
-80.875, 66.375, 2.0189078659868093e-23, nan 
-80.625, 66.375, 2.0566299290134485e-23, nan 
-80.375, 66.375, 1.7718548722904883e-23, nan 
-80.125, 66.375, 1.9433802265523747e-23, nan 
-79.875, 66.375, 1.801637862023969e-23, nan 
-79.625, 66.375, 1.643935194627592e-23, nan 
-79.375, 66.375, 1.5874455156521254e-23, nan 
-79.125, 66.375, 1.486252429733564e-23, nan 
-78.875, 66.375, 1.6954486924917425e-23, nan 
-78.625, 66.375, 1.532114642358201e-23, nan 
-78.375, 66.375, 1.7721131449425177e-23, nan 
-78.125, 66.375, 1.7061192505157865e-23, nan 
-77.875, 66.375, 1.5358747245917518e-23, nan 
-77.625, 66.375, 2.0840407800851987e-23, nan 
-77.375, 66.375, 2.218363448409213e-23, nan 
-77.125, 66.375, 2.8160834014772363e-23, nan 
-76.875, 66.375, 2.9149323481453784e-23, nan 
-76.625, 66.375, 2.415460738143461e-23, nan 
-76.375, 66.375, 2.765369872276723e-23, nan 
-76.125, 66.375, 2.977082141502316e-23, nan 
-75.875, 66.375, 3.499623231314657e-23, nan 
-75.625, 66.375, 3.162374255460131e-23, nan 
-75.375, 66.375, 2.7638932312863207e-23, nan 
-75.125, 66.375, 2.8960241641920726e-23, nan 
-74.875, 66.375, 2.8236272305032764e-23, nan 
-74.625, 66.375, 3.262887312953755e-23, nan 
-74.375, 66.375, 3.5566487630057484e-23, nan 
-74.125, 66.375, 3.400669249289399e-23, nan 
-73.875, 66.375, 3.4795066143711676e-23, nan 
-73.625, 66.375, 2.985267535710167e-23, nan 
-73.375, 66.375, 3.5035700351170904e-23, nan 
-73.125, 66.375, 4.009143505058696e-23, nan 
-72.875, 66.375, 4.320365193421286e-23, nan 
-72.625, 66.375, 4.001288844928234e-23, nan 
-72.375, 66.375, 4.250554517359548e-23, nan 
-72.125, 66.375, 4.6867556282875466e-23, nan 
-71.875, 66.375, 4.642166406179695e-23, nan 
-71.625, 66.375, 5.596727844877758e-23, nan 
-71.375, 66.375, 5.583550072255408e-23, nan 
-71.125, 66.375, 5.754522739124133e-23, nan 
-70.875, 66.375, 6.383970567718694e-23, nan 
-70.625, 66.375, 5.958106963979116e-23, nan 
-70.375, 66.375, 5.570078139800905e-23, nan 
-70.125, 66.375, 5.1742181666083486e-23, nan 
-69.875, 66.375, 4.687597473737608e-23, nan 
-69.625, 66.375, 4.2325535411637406e-23, nan 
-69.375, 66.375, 3.6570474394807386e-23, nan 
-69.125, 66.375, 3.941988534875051e-23, nan 
-68.875, 66.375, 3.969200074563665e-23, nan 
-68.625, 66.375, 5.05400227993671e-23, nan 
-68.375, 66.375, 6.111980259623302e-23, nan 
-68.125, 66.375, 7.236343655527802e-23, nan 
-67.875, 66.375, 5.376927973226014e-23, nan 
-67.625, 66.375, 6.245778285549598e-23, nan 
-67.375, 66.375, 7.121201215721421e-23, nan 
-67.125, 66.375, 4.8967075472820236e-23, nan 
-66.875, 66.375, 5.016399018535705e-23, nan 
-66.625, 66.375, 6.977590028099432e-23, nan 
-66.375, 66.375, 7.04655336079629e-23, nan 
-66.125, 66.375, 5.471603133012038e-23, nan 
-65.875, 66.375, 7.835713925795688e-23, nan 
-65.625, 66.375, 7.669479911336107e-23, nan 
-65.375, 66.375, 6.963903306698173e-23, nan 
-65.125, 66.375, 6.626217330047123e-23, nan 
-64.875, 66.375, 6.475623030643836e-23, nan 
-64.625, 66.375, 6.739907000001981e-23, nan 
-64.375, 66.375, 4.7440988284320314e-23, nan 
-64.125, 66.375, 5.428553487318523e-23, nan 
-63.875, 66.375, 7.519386433097475e-23, nan 
-63.625, 66.375, 4.927310496913507e-23, nan 
-63.375, 66.375, 6.178239985935362e-23, nan 
-63.125, 66.375, 7.178277661872921e-23, nan 
-62.875, 66.375, 4.205314240585119e-23, nan 
-62.625, 66.375, 8.96907895970803e-23, nan 
-62.375, 66.375, 5.393579968129495e-23, nan 
-62.125, 66.375, 4.5092846820403126e-23, nan 
-61.875, 66.375, 8.292892448735142e-23, nan 
-61.625, 66.375, 8.362525073345524e-23, nan 
-61.375, 66.375, 9.594882065001529e-23, nan 
-61.125, 66.375, 9.5513042619619e-23, nan 
-60.875, 66.375, 1.0890720599894909e-22, nan 
-60.625, 66.375, 1.1684878235415043e-22, nan 
-60.375, 66.375, 8.148200306820172e-23, nan 
-60.125, 66.375, 1.0109378692935362e-22, nan 
-59.875, 66.375, 9.497364647613641e-23, nan 
-59.625, 66.375, 1.2155112994901805e-22, nan 
-59.375, 66.375, 8.976219788790067e-23, nan 
-59.125, 66.375, 7.53958085777721e-23, nan 
-58.875, 66.375, 7.57800076136226e-23, nan 
-58.625, 66.375, 9.632970063809223e-23, nan 
-58.375, 66.375, 1.1179485669859094e-22, nan 
-58.125, 66.375, 9.845666185395367e-23, nan 
-57.875, 66.375, 1.0988061719063508e-22, nan 
-57.625, 66.375, 1.1860318140927202e-22, nan 
-57.375, 66.375, 9.318256160354687e-23, nan 
-57.125, 66.375, 1.0055431889103526e-22, nan 
-56.875, 66.375, 1.0006705650265945e-22, nan 
-56.625, 66.375, 1.4088986270252576e-22, nan 
-56.375, 66.375, 9.583830478223967e-23, nan 
-56.125, 66.375, 9.660489282691836e-23, nan 
-55.875, 66.375, 5.25233623528305e-23, nan 
-55.625, 66.375, 5.18438069723912e-23, nan 
-55.375, 66.375, 4.777746664410697e-23, nan 
-55.125, 66.375, 6.095568031592577e-23, nan 
-54.875, 66.375, 7.46044533878603e-23, nan 
-54.625, 66.375, 8.911245646957735e-23, nan 
-54.375, 66.375, 5.751262183205272e-23, nan 
-54.125, 66.375, 6.971947016755264e-23, nan 
-53.875, 66.375, 9.688280812409253e-23, nan 
-53.625, 66.375, 7.168078214537269e-23, nan 
-53.375, 66.375, 8.621415547234341e-23, nan 
-53.125, 66.375, 5.1655235691712895e-23, nan 
-52.875, 66.375, 7.43225741268965e-23, nan 
-52.625, 66.375, 6.227976473821063e-23, nan 
-52.375, 66.375, 6.856749733214857e-23, nan 
-52.125, 66.375, 6.889821705333243e-23, nan 
-51.875, 66.375, 6.065514111010983e-23, nan 
-51.625, 66.375, 2.1655885067325233e-23, nan 
-51.375, 66.375, 1.3532425139566554e-23, nan 
-51.125, 66.375, 2.7880711674574286e-23, nan 
-50.875, 66.375, 4.23460508940911e-23, nan 
-50.625, 66.375, 5.903975474599443e-23, nan 
-50.375, 66.375, 6.914055685180701e-23, nan 
-50.125, 66.375, 5.169621834269935e-23, nan 
-49.875, 66.375, 5.263800453855591e-23, nan 
-49.625, 66.375, 6.405860118312042e-23, nan 
-49.375, 66.375, 5.535224416582779e-23, nan 
-49.125, 66.375, 6.635373807818154e-23, nan 
-48.875, 66.375, 6.886589295597135e-23, nan 
-48.625, 66.375, 8.134332012550398e-23, nan 
-48.375, 66.375, 9.179000746298384e-23, nan 
-48.125, 66.375, 1.0116357405812112e-22, nan 
-47.875, 66.375, 1.3345382420824085e-22, nan 
-47.625, 66.375, 1.490030659310549e-22, nan 
-47.375, 66.375, 1.6082617580316198e-22, nan 
-47.125, 66.375, 1.1085286161887695e-22, nan 
-46.875, 66.375, 1.442832334415933e-22, nan 
-46.625, 66.375, 1.9780951842629672e-22, nan 
-46.375, 66.375, 1.958859828614906e-22, nan 
-46.125, 66.375, 1.8117903766960454e-22, nan 
-45.875, 66.375, 2.3103212287028313e-22, nan 
-45.625, 66.375, 2.105306705347001e-22, nan 
-45.375, 66.375, 1.827087580781516e-22, nan 
-45.125, 66.375, 2.691543381668656e-22, nan 
-44.875, 66.375, 2.814760846164833e-22, nan 
-44.625, 66.375, 3.04545240750286e-22, nan 
-44.375, 66.375, 3.7980393404512274e-22, nan 
-44.125, 66.375, 2.911116543530483e-22, nan 
-43.875, 66.375, 2.402608611229296e-22, nan 
-43.625, 66.375, 1.6770337941421292e-22, nan 
-43.375, 66.375, 1.614454966982978e-22, nan 
-43.125, 66.375, 1.532210362787667e-22, nan 
-42.875, 66.375, 8.723023742015743e-23, nan 
-42.625, 66.375, 9.395559268872336e-23, nan 
-42.375, 66.375, 6.010061074563983e-23, nan 
-42.125, 66.375, 1.0461266998391471e-22, nan 
-41.875, 66.375, 1.3881865458862178e-22, nan 
-41.625, 66.375, 8.693046028911633e-23, nan 
-41.375, 66.375, 7.234231888307276e-23, nan 
-41.125, 66.375, 7.811038734525034e-23, nan 
-40.875, 66.375, 1.2703126007066022e-22, nan 
-40.625, 66.375, 2.5234209966655635e-22, nan 
-40.375, 66.375, 1.7783911423678783e-22, nan 
-40.125, 66.375, 1.4748640538517626e-22, nan 
-39.875, 66.375, 3.514104071001618e-22, nan 
-39.625, 66.375, 3.8087015280207773e-22, nan 
-39.375, 66.375, 2.37386727617943e-22, nan 
-39.125, 66.375, 3.1444103573551192e-22, nan 
-38.875, 66.375, 3.03201749248731e-22, nan 
-38.625, 66.375, 1.6356324297542485e-22, nan 
-38.375, 66.375, 2.2604368075772916e-22, nan 
-38.125, 66.375, 2.0941442066317406e-22, nan 
-37.875, 66.375, 2.287270066155929e-22, nan 
-37.625, 66.375, 1.8858936675161864e-22, nan 
-37.375, 66.375, 1.8828980264737738e-22, nan 
-37.125, 66.375, 2.7181317188543026e-22, nan 
-36.875, 66.375, 2.0628610603090824e-22, nan 
-36.625, 66.375, 2.4228406637966744e-22, nan 
-36.375, 66.375, 2.578202835672421e-22, nan 
-36.125, 66.375, 8.569071352591775e-23, nan 
-35.875, 66.375, 5.343704795674286e-23, nan 
-35.625, 66.375, 5.294915883479767e-23, nan 
-35.375, 66.375, 1.2677700781236412e-22, nan 
-35.125, 66.375, 1.6126685707719577e-22, nan 
-34.875, 66.375, 1.2292956007113774e-22, nan 
-34.625, 66.375, 2.1521193921177753e-22, nan 
-34.375, 66.375, 2.158236337133751e-22, nan 
-34.125, 66.375, 9.33328832482722e-23, nan 
-33.875, 66.375, 1.2679459089037892e-22, nan 
-33.625, 66.375, 2.525171648611612e-22, nan 
-33.375, 66.375, 1.6636324982440313e-22, nan 
-33.125, 66.375, 1.7041780204391416e-22, nan 
-32.875, 66.375, 1.209409066916281e-22, nan 
-32.625, 66.375, 1.8180900403890317e-22, nan 
-32.375, 66.375, 2.1557770254714096e-22, nan 
-32.125, 66.375, 3.3780502124490114e-22, nan 
-31.875, 66.375, 4.316720383859005e-22, nan 
-31.625, 66.375, 4.906598224252025e-22, nan 
-31.375, 66.375, 4.940754309377907e-22, nan 
-31.125, 66.375, 7.493335128917567e-22, nan 
-30.875, 66.375, 1.0254469077999273e-21, nan 
-30.625, 66.375, 1.2141194564612474e-21, nan 
-30.375, 66.375, 5.724982500382943e-22, nan 
-30.125, 66.375, 6.174861875591872e-22, nan 
-29.875, 66.375, 5.775060647179048e-22, nan 
-29.625, 66.375, 3.314840680807081e-22, nan 
-29.375, 66.375, 3.1960967142901375e-22, nan 
-29.125, 66.375, 1.5586075572933185e-22, nan 
-28.875, 66.375, 6.763092605151744e-23, nan 
-28.625, 66.375, 2.6823136432659513e-22, nan 
-28.375, 66.375, 3.8462769357912344e-22, nan 
-28.125, 66.375, 2.4082023996354558e-22, nan 
-27.875, 66.375, 2.768872399301191e-22, nan 
-27.625, 66.375, 3.06427354496898e-22, nan 
-27.375, 66.375, 1.453341450057229e-22, nan 
-27.125, 66.375, 1.6636637671012593e-22, nan 
-26.875, 66.375, 1.9144901983367437e-22, nan 
-26.625, 66.375, 1.8210283905652062e-22, nan 
-26.375, 66.375, 1.3161561219057173e-22, nan 
-26.125, 66.375, 2.6358917280316863e-22, nan 
-25.875, 66.375, 3.6565108594784066e-22, nan 
-25.625, 66.375, 4.41015212752026e-22, nan 
-25.375, 66.375, 4.461575830773696e-22, nan 
-25.125, 66.375, 4.806334365620928e-22, nan 
-24.875, 66.375, 5.566780737829993e-22, nan 
-24.625, 66.375, 6.610769466130745e-22, nan 
-24.375, 66.375, 5.437922585990089e-22, nan 
-24.125, 66.375, 4.856744458671794e-22, nan 
-23.875, 66.375, 5.911053333284177e-22, nan 
-23.625, 66.375, 5.39527828823458e-22, nan 
-23.375, 66.375, 3.2873154452866085e-22, nan 
-23.125, 66.375, 2.843285351476572e-22, nan 
-22.875, 66.375, 1.88125489131653e-22, nan 
-22.625, 66.375, 1.7935923123159498e-22, nan 
-22.375, 66.375, 1.874282083923759e-22, nan 
-22.125, 66.375, 1.8881241486788217e-22, nan 
-21.875, 66.375, 2.9706188963157753e-22, nan 
-21.625, 66.375, 4.1740088311688845e-22, nan 
-21.375, 66.375, 3.285492836620716e-22, nan 
-21.125, 66.375, 4.271362895515005e-22, nan 
-20.875, 66.375, 2.519217723367888e-22, nan 
-20.625, 66.375, 2.4379167629027144e-22, nan 
-20.375, 66.375, 3.166645528390685e-22, nan 
-20.125, 66.375, 2.1902599478951287e-22, nan 
-19.875, 66.375, 1.7503090134821235e-22, nan 
-19.625, 66.375, 1.940480488955737e-22, nan 
-19.375, 66.375, 1.5070239483703004e-22, nan 
-19.125, 66.375, 2.6729744897700887e-22, nan 
-18.875, 66.375, 1.5271418692007557e-22, nan 
-18.625, 66.375, 1.840057402044311e-22, nan 
-18.375, 66.375, 2.8070249180954085e-22, nan 
-18.125, 66.375, 2.670600736095354e-22, nan 
-17.875, 66.375, 1.76547374573905e-22, nan 
-17.625, 66.375, 1.432401786298431e-22, nan 
-17.375, 66.375, 1.9846033899175113e-22, nan 
-17.125, 66.375, 1.295831860068727e-22, nan 
-16.875, 66.375, 1.5537307499662562e-22, nan 
-16.625, 66.375, 2.226216865438385e-22, nan 
-16.375, 66.375, 1.9019293458092872e-22, nan 
-16.125, 66.375, 2.185697371942116e-22, nan 
-15.875, 66.375, 3.2869345549045616e-22, nan 
-15.625, 66.375, 3.55354821495794e-22, nan 
-15.375, 66.375, 4.940324076847462e-22, nan 
-15.125, 66.375, 3.7234259230369943e-22, nan 
-14.875, 66.375, 3.731908357240361e-22, nan 
-14.625, 66.375, 4.5468376152429375e-22, nan 
-14.375, 66.375, 2.432316326719181e-22, nan 
-14.125, 66.375, 1.058123664941187e-22, nan 
-13.875, 66.375, 1.3275544695442484e-22, nan 
-13.625, 66.375, 2.9366155911291553e-22, nan 
-13.375, 66.375, 3.199137106520319e-22, nan 
-13.125, 66.375, 4.778202502211478e-22, nan 
-12.875, 66.375, 5.0557553114819835e-22, nan 
-12.625, 66.375, 3.9676299518771645e-22, nan 
-12.375, 66.375, 6.506358603414021e-22, nan 
-12.125, 66.375, 7.257975005741703e-22, nan 
-11.875, 66.375, 7.148278225863194e-22, nan 
-11.625, 66.375, 1.0611451243709439e-21, nan 
-11.375, 66.375, 1.7737544956721277e-21, nan 
-11.125, 66.375, 2.328111393058336e-21, nan 
-10.875, 66.375, 2.716558281255398e-21, nan 
-10.625, 66.375, 2.5864897103014673e-21, nan 
-10.375, 66.375, 3.125113747976923e-21, nan 
-10.125, 66.375, 3.3560734440986143e-21, nan 
-9.875, 66.375, 3.7161846215675684e-21, nan 
-9.625, 66.375, 2.1397029191166014e-21, nan 
-9.375, 66.375, 2.0086566467139405e-21, nan 
-9.125, 66.375, 2.219359682665047e-21, nan 
-8.875, 66.375, 2.7042576755967243e-21, nan 
-8.625, 66.375, 3.518852831235505e-21, nan 
-8.375, 66.375, 3.2238705115649816e-21, nan 
-8.125, 66.375, 3.763616126971504e-21, nan 
-7.875, 66.375, 3.892689567075401e-21, nan 
-7.625, 66.375, 3.1515018664616322e-21, nan 
-7.375, 66.375, 2.9831359793081365e-21, nan 
-7.125, 66.375, 1.8041302295040465e-21, nan 
-6.875, 66.375, 1.2268175305898829e-21, nan 
-6.625, 66.375, 3.9681798532024707e-22, nan 
-6.375, 66.375, 2.6845376119269822e-22, nan 
-6.125, 66.375, 1.4393694681387718e-22, nan 
-5.875, 66.375, 1.2632852038717574e-22, nan 
-5.625, 66.375, 1.5633211094283602e-22, nan 
-5.375, 66.375, 1.5877764826863647e-22, nan 
-5.125, 66.375, 1.1541121160805762e-22, nan 
-4.875, 66.375, 1.1170111265453382e-22, nan 
-4.625, 66.375, 8.924723304449455e-23, nan 
-4.375, 66.375, 4.0340041672760645e-23, nan 
-4.125, 66.375, 8.700579373710199e-23, nan 
-3.875, 66.375, 1.0136601773378813e-22, nan 
-3.625, 66.375, 1.013397039293608e-22, nan 
-3.375, 66.375, 1.0654655882062141e-22, nan 
-3.125, 66.375, 9.999421802875095e-23, nan 
-2.875, 66.375, 6.115718198386893e-23, nan 
-2.625, 66.375, 7.608676341078137e-23, nan 
-2.375, 66.375, 7.922594895622213e-23, nan 
-2.125, 66.375, 6.274513450604106e-23, nan 
-1.875, 66.375, 4.673110243882049e-23, nan 
-1.625, 66.375, 6.690758318442324e-23, nan 
-1.375, 66.375, 4.6836519474862684e-23, nan 
-1.125, 66.375, 1.0294240979257717e-22, nan 
-0.875, 66.375, 1.5829828548205864e-22, nan 
-0.625, 66.375, 1.6219224167401523e-22, nan 
-0.375, 66.375, 6.810124533741945e-23, nan 
-0.125, 66.375, 5.321378015025867e-23, nan 
0.125, 66.375, 8.526741424264084e-23, nan 
0.375, 66.375, 8.730457630479387e-23, nan 
0.625, 66.375, 1.2034278717606674e-22, nan 
0.875, 66.375, 9.584744290949007e-23, nan 
1.125, 66.375, 8.462861331788271e-23, nan 
1.375, 66.375, 1.1086632526367397e-22, nan 
1.625, 66.375, 8.180366091309735e-23, nan 
1.875, 66.375, 8.853875004182794e-23, nan 
2.125, 66.375, 6.967247566499285e-23, nan 
2.375, 66.375, 1.31776218337309e-22, nan 
2.625, 66.375, 7.580259876631798e-23, nan 
2.875, 66.375, 6.544215353885767e-23, nan 
3.125, 66.375, 1.3893529104951827e-22, nan 
3.375, 66.375, 1.3413020573286372e-22, nan 
3.625, 66.375, 1.6786094057318107e-22, nan 
3.875, 66.375, 1.2028890267852856e-22, nan 
4.125, 66.375, 1.0656519912541095e-22, nan 
4.375, 66.375, 7.677243677275699e-23, nan 
4.625, 66.375, 5.651221940808512e-23, nan 
4.875, 66.375, 7.87627192388951e-23, nan 
5.125, 66.375, 6.12818682030048e-23, nan 
5.375, 66.375, 6.632440105305733e-23, nan 
5.625, 66.375, 3.3950485812532906e-23, nan 
5.875, 66.375, 6.671364080753198e-23, nan 
6.125, 66.375, 7.709495662124674e-23, nan 
6.375, 66.375, 1.0950823212560729e-22, nan 
6.625, 66.375, 1.0382247476930675e-22, nan 
6.875, 66.375, 1.5226371451877337e-22, nan 
7.125, 66.375, 1.2261408273633263e-22, nan 
7.375, 66.375, 8.38509856866804e-23, nan 
7.625, 66.375, 1.614891353989877e-22, nan 
7.875, 66.375, 1.3405048348594565e-22, nan 
8.125, 66.375, 1.0296019577658586e-22, nan 
8.375, 66.375, 1.3291331669225306e-22, nan 
8.625, 66.375, 1.197437118574607e-22, nan 
8.875, 66.375, 1.1889685251211684e-22, nan 
9.125, 66.375, 1.9103312622991793e-22, nan 
9.375, 66.375, 1.6582262768981503e-22, nan 
9.625, 66.375, 1.8078911427051817e-22, nan 
9.875, 66.375, 1.126205924302239e-22, nan 
10.125, 66.375, 9.133593950979844e-23, nan 
10.375, 66.375, 8.163612163226937e-23, nan 
10.625, 66.375, 3.152534290004957e-23, nan 
10.875, 66.375, 3.607749851910283e-23, nan 
11.125, 66.375, 4.082910770322539e-23, nan 
11.375, 66.375, 5.148136787144464e-23, nan 
11.625, 66.375, 7.357391699987294e-23, nan 
11.875, 66.375, 6.167754995779936e-23, nan 
12.125, 66.375, 6.122128505479995e-23, nan 
12.375, 66.375, 7.449651357067971e-23, nan 
12.625, 66.375, 5.340150968732204e-23, nan 
12.875, 66.375, 4.659025079555634e-23, nan 
13.125, 66.375, 2.401578807929062e-23, nan 
13.375, 66.375, 2.904704360701515e-23, nan 
13.625, 66.375, 4.811364118841337e-23, nan 
13.875, 66.375, 4.8524785224611283e-23, nan 
14.125, 66.375, 4.2869050381354997e-23, nan 
14.375, 66.375, 4.643511038564631e-23, nan 
14.625, 66.375, 3.922590174884279e-23, nan 
14.875, 66.375, 2.8469753895892027e-23, nan 
15.125, 66.375, 4.01362468616609e-23, nan 
15.375, 66.375, 4.391653534857489e-23, nan 
15.625, 66.375, 3.711004553417847e-23, nan 
15.875, 66.375, 2.0459891820258975e-23, nan 
16.125, 66.375, 2.482330821266831e-23, nan 
16.375, 66.375, 4.721774571268607e-23, nan 
16.625, 66.375, 6.207780083363936e-23, nan 
16.875, 66.375, 5.643917866505414e-23, nan 
17.125, 66.375, 5.573320980545961e-23, nan 
17.375, 66.375, 5.84910323536577e-23, nan 
17.625, 66.375, 5.347506415729468e-23, nan 
17.875, 66.375, 2.790626355317181e-23, nan 
18.125, 66.375, 2.5678717364140375e-23, nan 
18.375, 66.375, 1.8522708267005013e-23, nan 
18.625, 66.375, 3.390357382137707e-23, nan 
18.875, 66.375, 1.737298052418949e-23, nan 
19.125, 66.375, 1.9191201963569008e-23, nan 
19.375, 66.375, 2.058235992322221e-23, nan 
19.625, 66.375, 1.6797348754952143e-23, nan 
19.875, 66.375, 1.901019721729094e-23, nan 
20.125, 66.375, 3.4312301129082393e-23, nan 
20.375, 66.375, 2.422966601660422e-23, nan 
20.625, 66.375, 4.8631581868912366e-23, nan 
20.875, 66.375, 7.66298694726578e-23, nan 
21.125, 66.375, 1.3191988383311118e-23, nan 
21.375, 66.375, 2.4939426085737523e-23, nan 
21.625, 66.375, 3.9262367777940275e-23, nan 
21.875, 66.375, 8.979305680688855e-24, nan 
22.125, 66.375, 7.335182426905398e-24, nan 
22.375, 66.375, 1.2602113704479758e-23, nan 
22.625, 66.375, 1.0020468048723119e-23, nan 
22.875, 66.375, 1.1362452527564784e-23, nan 
23.125, 66.375, 1.5341739458494643e-23, nan 
23.375, 66.375, 1.8612756590635956e-23, nan 
23.625, 66.375, 1.8858941327410732e-23, nan 
23.875, 66.375, 1.9688391268086202e-23, nan 
24.125, 66.375, 2.9296922881101893e-23, nan 
24.375, 66.375, 3.0352314982677844e-23, nan 
24.625, 66.375, 2.983030739804496e-23, nan 
24.875, 66.375, 4.934460220621595e-23, nan 
25.125, 66.375, 3.13641096871368e-23, nan 
25.375, 66.375, 2.6270654507156274e-23, nan 
25.625, 66.375, 2.1327348840786555e-23, nan 
25.875, 66.375, 1.4795995277352597e-23, nan 
26.125, 66.375, 1.1676708149730847e-23, nan 
26.375, 66.375, 1.8378269179283992e-23, nan 
26.625, 66.375, 1.6081904560697293e-23, nan 
26.875, 66.375, 1.5053523039203993e-23, nan 
27.125, 66.375, 1.8100129903804687e-23, nan 
27.375, 66.375, 1.4509961068168986e-23, nan 
27.625, 66.375, 1.894729287413653e-23, nan 
27.875, 66.375, 2.2399113610939668e-23, nan 
28.125, 66.375, 4.0521201572044955e-23, nan 
28.375, 66.375, 3.897511262241647e-23, nan 
28.625, 66.375, 2.048043708941959e-23, nan 
28.875, 66.375, 4.646307799253169e-23, nan 
29.125, 66.375, 4.371011888552248e-23, nan 
29.375, 66.375, 1.675249671252848e-23, nan 
29.625, 66.375, 1.7176261487883633e-23, nan 
29.875, 66.375, 2.034372220289676e-23, nan 
30.125, 66.375, 7.71985277499562e-24, nan 
30.375, 66.375, 1.5789105556803286e-23, nan 
30.625, 66.375, 1.4629443965477498e-23, nan 
30.875, 66.375, 1.572121620960682e-23, nan 
31.125, 66.375, 2.1225158504462327e-23, nan 
31.375, 66.375, 2.0974868369225598e-23, nan 
31.625, 66.375, 2.4461777128141643e-23, nan 
31.875, 66.375, 2.3774492859158494e-23, nan 
32.125, 66.375, 2.184828000544536e-23, nan 
32.375, 66.375, 2.392820602881505e-23, nan 
32.625, 66.375, 2.4680625252968348e-23, nan 
32.875, 66.375, 2.5969626718418838e-23, nan 
33.125, 66.375, 1.3848760204114553e-23, nan 
33.375, 66.375, 1.1007658169306576e-23, nan 
33.625, 66.375, 9.193909477329288e-24, nan 
33.875, 66.375, 5.620857485664907e-24, nan 
34.125, 66.375, 6.836143484029205e-24, nan 
34.375, 66.375, 7.7774597391326e-24, nan 
34.625, 66.375, 6.2439938030279335e-24, nan 
34.875, 66.375, 4.813554890255264e-24, nan 
35.125, 66.375, 1.1371388555456278e-23, nan 
35.375, 66.375, 2.6164830540533882e-23, nan 
35.625, 66.375, 1.4938240405892258e-23, nan 
35.875, 66.375, 1.0367916555089732e-23, nan 
36.125, 66.375, 1.3639990395778973e-23, nan 
36.375, 66.375, 1.2751875573824151e-23, nan 
36.625, 66.375, 1.280272114967185e-23, nan 
36.875, 66.375, 1.1412120820523416e-23, nan 
37.125, 66.375, 1.0918986716664207e-23, nan 
37.375, 66.375, 1.3880482389843395e-23, nan 
37.625, 66.375, 1.795849422204328e-23, nan 
37.875, 66.375, 1.2761432657232856e-23, nan 
38.125, 66.375, 6.281106836462435e-23, nan 
38.375, 66.375, 9.208162305328865e-23, nan 
38.625, 66.375, 2.9023981357586954e-22, nan 
38.875, 66.375, 3.4624436432113476e-22, nan 
39.125, 66.375, 3.7128105493695406e-22, nan 
39.375, 66.375, 5.738050901479853e-22, nan 
39.625, 66.375, 4.896252174893811e-22, nan 
39.875, 66.375, 5.817093742348826e-22, nan 
40.125, 66.375, 4.707428396143334e-22, nan 
40.375, 66.375, 2.883439012496729e-22, nan 
40.625, 66.375, 3.4898668498967365e-22, nan 
40.875, 66.375, 2.5968413763280744e-22, nan 
41.125, 66.375, 1.0025035856898423e-22, nan 
41.375, 66.375, 8.685893074907863e-23, nan 
41.625, 66.375, 2.7601663265096883e-23, nan 
41.875, 66.375, 2.5184366961574408e-23, nan 
42.125, 66.375, 1.391045777783755e-23, nan 
42.375, 66.375, 2.3539246901035874e-23, nan 
42.625, 66.375, 9.103863632033156e-24, nan 
42.875, 66.375, 1.275842789144375e-23, nan 
43.125, 66.375, 1.897329854842912e-23, nan 
43.375, 66.375, 8.613255585794862e-24, nan 
43.625, 66.375, 4.595884008988586e-24, nan 
43.875, 66.375, 5.27318741373909e-24, nan 
44.125, 66.375, 3.5866924223620024e-24, nan 
44.375, 66.375, 4.802470221796985e-24, nan 
44.625, 66.375, 4.987627162552143e-24, nan 
44.875, 66.375, 5.5285141842694286e-24, nan 
45.125, 66.375, 9.181388595354176e-24, nan 
45.375, 66.375, 5.5384991979616285e-24, nan 
45.625, 66.375, 7.216708841489404e-24, nan 
45.875, 66.375, 9.29894036173115e-24, nan 
46.125, 66.375, 5.730221245173945e-24, nan 
46.375, 66.375, 8.900829874838968e-24, nan 
46.625, 66.375, 4.862079926707825e-24, nan 
46.875, 66.375, 5.9622969561239706e-24, nan 
47.125, 66.375, 4.4418050928849575e-24, nan 
47.375, 66.375, 4.171350228837908e-24, nan 
47.625, 66.375, 3.1678221691201142e-24, nan 
47.875, 66.375, 3.235628002410109e-24, nan 
48.125, 66.375, 4.823829841221809e-24, nan 
48.375, 66.375, 4.614640750976704e-24, nan 
48.625, 66.375, 7.274443557188234e-24, nan 
48.875, 66.375, 6.191684767715833e-24, nan 
49.125, 66.375, 6.407477854675833e-24, nan 
49.375, 66.375, 8.571037376465982e-24, nan 
49.625, 66.375, 7.964587585044154e-24, nan 
49.875, 66.375, 6.562196912952835e-24, nan 
50.125, 66.375, 6.509162629034062e-24, nan 
50.375, 66.375, 7.170318695574054e-24, nan 
50.625, 66.375, 5.650630154423051e-24, nan 
50.875, 66.375, 6.446215303631037e-24, nan 
51.125, 66.375, 5.776375777484447e-24, nan 
51.375, 66.375, 6.325471320560098e-24, nan 
51.625, 66.375, 5.393358990599452e-24, nan 
51.875, 66.375, 5.149830561938667e-24, nan 
52.125, 66.375, 6.1355442572727176e-24, nan 
52.375, 66.375, 7.322802871311059e-24, nan 
52.625, 66.375, 5.156631861635558e-24, nan 
52.875, 66.375, 6.549395064255137e-24, nan 
53.125, 66.375, 1.031136131866123e-23, nan 
53.375, 66.375, 1.0349919496675532e-23, nan 
53.625, 66.375, 7.261430244837235e-24, nan 
53.875, 66.375, 8.83636239130831e-24, nan 
54.125, 66.375, 7.62010630792935e-24, nan 
54.375, 66.375, 3.427924128101322e-24, nan 
54.625, 66.375, 5.433448522694568e-24, nan 
54.875, 66.375, 5.612484585881656e-24, nan 
55.125, 66.375, 4.572537483283859e-24, nan 
55.375, 66.375, 6.061755674271301e-24, nan 
55.625, 66.375, 3.37394941925391e-24, nan 
-128.875, 66.625, 4.291331377530998e-24, nan 
-128.625, 66.625, 2.489059316199106e-24, nan 
-128.375, 66.625, 2.56525734762725e-24, nan 
-128.125, 66.625, 2.7831704916658266e-24, nan 
-127.875, 66.625, 4.419882344347387e-24, nan 
-127.625, 66.625, 3.9117697768022315e-24, nan 
-127.375, 66.625, 3.844010679276849e-24, nan 
-127.125, 66.625, 4.940520060401197e-24, nan 
-126.875, 66.625, 4.512552831072483e-24, nan 
-126.625, 66.625, 3.887486873712354e-24, nan 
-126.375, 66.625, 3.538806507431566e-24, nan 
-126.125, 66.625, 4.1098455985341946e-24, nan 
-125.875, 66.625, 3.880672836283133e-24, nan 
-125.625, 66.625, 1.5277568200069883e-24, nan 
-125.375, 66.625, 2.4714822385645053e-24, nan 
-125.125, 66.625, 2.841800983383318e-24, nan 
-124.875, 66.625, 1.928339377560574e-24, nan 
-124.625, 66.625, 1.2355382472471784e-24, nan 
-124.375, 66.625, 1.9578901547072734e-24, nan 
-124.125, 66.625, 2.1683250163148646e-24, nan 
-123.875, 66.625, 1.768734477877355e-24, nan 
-123.625, 66.625, 1.4794292557594582e-24, nan 
-123.375, 66.625, 1.4280602997969614e-24, nan 
-123.125, 66.625, 1.153194239216571e-24, nan 
-122.875, 66.625, 1.0281579329504833e-24, nan 
-122.625, 66.625, 3.247895069771067e-24, nan 
-122.375, 66.625, 1.3623637302852878e-24, nan 
-122.125, 66.625, 1.6245721365605053e-24, nan 
-121.875, 66.625, 4.1476251140648756e-24, nan 
-121.625, 66.625, 2.473100185691511e-24, nan 
-121.375, 66.625, 2.821364068386109e-24, nan 
-121.125, 66.625, 1.8003474227192787e-24, nan 
-120.875, 66.625, 2.630502562520183e-24, nan 
-120.625, 66.625, 4.488489295213214e-24, nan 
-120.375, 66.625, 2.056838795054011e-24, nan 
-120.125, 66.625, 3.369024336453326e-24, nan 
-119.875, 66.625, 5.293257213492308e-24, nan 
-119.625, 66.625, 3.6783425777001014e-24, nan 
-119.375, 66.625, 3.047229909624075e-24, nan 
-119.125, 66.625, 3.462692335522228e-24, nan 
-118.875, 66.625, 3.150252824649229e-24, nan 
-118.625, 66.625, 3.845132661065406e-24, nan 
-118.375, 66.625, 4.0036486990137594e-24, nan 
-118.125, 66.625, 4.8874336280647375e-24, nan 
-117.875, 66.625, 6.857440931458176e-24, nan 
-117.625, 66.625, 5.467082487293313e-24, nan 
-117.375, 66.625, 4.997246296506532e-24, nan 
-117.125, 66.625, 3.947510115738663e-24, nan 
-116.875, 66.625, 2.574206047209634e-24, nan 
-116.625, 66.625, 2.4468425587852827e-24, nan 
-116.375, 66.625, 2.5212884651528823e-24, nan 
-116.125, 66.625, 1.5892476631193352e-24, nan 
-115.875, 66.625, 1.9094258370221436e-24, nan 
-115.625, 66.625, 2.2221232450712252e-24, nan 
-115.375, 66.625, 2.6756883405999378e-24, nan 
-115.125, 66.625, 1.8515350745108762e-24, nan 
-114.875, 66.625, 1.867490613148935e-24, nan 
-114.625, 66.625, 2.5662490236181628e-24, nan 
-114.375, 66.625, 2.6417644153021322e-24, nan 
-114.125, 66.625, 2.5489093423918773e-24, nan 
-113.875, 66.625, 2.0623767473479486e-24, nan 
-113.625, 66.625, 2.5039512699870483e-24, nan 
-113.375, 66.625, 2.1020209809905923e-24, nan 
-113.125, 66.625, 2.5079827542463766e-24, nan 
-112.875, 66.625, 2.0051011552791725e-24, nan 
-112.625, 66.625, 2.1787943595757805e-24, nan 
-112.375, 66.625, 2.7044804196722424e-24, nan 
-112.125, 66.625, 1.9289832221809076e-24, nan 
-111.875, 66.625, 2.664226753997486e-24, nan 
-111.625, 66.625, 3.0030446075791093e-24, nan 
-111.375, 66.625, 3.476308913819397e-24, nan 
-111.125, 66.625, 4.898936267422878e-24, nan 
-110.875, 66.625, 6.2483655578918004e-24, nan 
-110.625, 66.625, 4.1472608639884456e-24, nan 
-110.375, 66.625, 2.9646052372674805e-24, nan 
-110.125, 66.625, 3.1670527880408175e-24, nan 
-109.875, 66.625, 2.6589687352836054e-24, nan 
-109.625, 66.625, 1.1782134314466675e-24, nan 
-109.375, 66.625, 2.0460853113418613e-24, nan 
-109.125, 66.625, 2.1294891989959097e-24, nan 
-108.875, 66.625, 1.9271259075940928e-24, nan 
-108.625, 66.625, 3.424647042644659e-24, nan 
-108.375, 66.625, 8.47465283966245e-24, nan 
-108.125, 66.625, 6.032574197571448e-24, nan 
-107.875, 66.625, 4.5367674085720266e-24, nan 
-107.625, 66.625, 3.501702173912261e-24, nan 
-107.375, 66.625, 3.1005573251084722e-24, nan 
-107.125, 66.625, 3.8444281786781855e-24, nan 
-106.875, 66.625, 4.136476504384488e-24, nan 
-106.625, 66.625, 3.457212923702328e-24, nan 
-106.375, 66.625, 3.623938900552701e-24, nan 
-106.125, 66.625, 3.549090924443218e-24, nan 
-105.875, 66.625, 3.626199760806626e-24, nan 
-105.625, 66.625, 2.8094876952071753e-24, nan 
-105.375, 66.625, 2.3194541482604144e-24, nan 
-105.125, 66.625, 3.1469507557613146e-24, nan 
-104.875, 66.625, 3.053793710718143e-24, nan 
-104.625, 66.625, 2.5489031147954118e-24, nan 
-104.375, 66.625, 2.553639506905083e-24, nan 
-104.125, 66.625, 3.2339386261124406e-24, nan 
-103.875, 66.625, 3.060825923451179e-24, nan 
-103.625, 66.625, 4.640392679475762e-24, nan 
-103.375, 66.625, 4.183184227539728e-24, nan 
-103.125, 66.625, 4.284939833650133e-24, nan 
-102.875, 66.625, 4.406225958926976e-24, nan 
-102.625, 66.625, 4.1663355884905326e-24, nan 
-102.375, 66.625, 4.12106239939569e-24, nan 
-102.125, 66.625, 4.328820806372109e-24, nan 
-101.875, 66.625, 4.837013516598816e-24, nan 
-101.625, 66.625, 4.510214435402281e-24, nan 
-101.375, 66.625, 4.665846807864379e-24, nan 
-101.125, 66.625, 4.2455555422650614e-24, nan 
-100.875, 66.625, 4.184067542062639e-24, nan 
-100.625, 66.625, 5.049229805092681e-24, nan 
-100.375, 66.625, 5.818237395771544e-24, nan 
-100.125, 66.625, 4.6729623752649806e-24, nan 
-99.875, 66.625, 5.929827378954043e-24, nan 
-99.625, 66.625, 5.5989206743791746e-24, nan 
-99.375, 66.625, 6.187812006291651e-24, nan 
-99.125, 66.625, 6.1957252713136685e-24, nan 
-98.875, 66.625, 6.956134189880855e-24, nan 
-98.625, 66.625, 7.679945277644587e-24, nan 
-98.375, 66.625, 7.062113019156986e-24, nan 
-98.125, 66.625, 6.4737959204644095e-24, nan 
-97.875, 66.625, 5.91488987931491e-24, nan 
-97.625, 66.625, 7.167255396835669e-24, nan 
-97.375, 66.625, 7.218590962539535e-24, nan 
-97.125, 66.625, 7.532466351591068e-24, nan 
-96.875, 66.625, 9.067838198143475e-24, nan 
-96.625, 66.625, 9.248675766612241e-24, nan 
-96.375, 66.625, 5.861833738541869e-24, nan 
-96.125, 66.625, 8.276915585905939e-24, nan 
-95.875, 66.625, 7.478654454740987e-24, nan 
-95.625, 66.625, 7.625173701081581e-24, nan 
-95.375, 66.625, 1.1184804707888907e-23, nan 
-95.125, 66.625, 8.793735432248935e-24, nan 
-94.875, 66.625, 6.4812262517016426e-24, nan 
-94.625, 66.625, 7.949659539266589e-24, nan 
-94.375, 66.625, 7.839310989471503e-24, nan 
-94.125, 66.625, 7.031418910489904e-24, nan 
-93.875, 66.625, 7.31139273022697e-24, nan 
-93.625, 66.625, 6.834103817234179e-24, nan 
-93.375, 66.625, 7.042373399735527e-24, nan 
-93.125, 66.625, 7.017446201806628e-24, nan 
-92.875, 66.625, 8.367422777942876e-24, nan 
-92.625, 66.625, 6.991602782599318e-24, nan 
-92.375, 66.625, 7.995895496470616e-24, nan 
-92.125, 66.625, 8.268233316734385e-24, nan 
-91.875, 66.625, 8.799257700572918e-24, nan 
-91.625, 66.625, 9.981983861597567e-24, nan 
-91.375, 66.625, 9.250952541899316e-24, nan 
-91.125, 66.625, 1.0457746515973343e-23, nan 
-90.875, 66.625, 8.300807681744872e-24, nan 
-90.625, 66.625, 1.0227612714005368e-23, nan 
-90.375, 66.625, 1.1586276903519169e-23, nan 
-90.125, 66.625, 1.2435196120897679e-23, nan 
-89.875, 66.625, 1.2353236861776766e-23, nan 
-89.625, 66.625, 1.0566578009951248e-23, nan 
-89.375, 66.625, 1.1381013293548047e-23, nan 
-89.125, 66.625, 1.0049014224073978e-23, nan 
-88.875, 66.625, 1.0719846724237937e-23, nan 
-88.625, 66.625, 1.0404535794414693e-23, nan 
-88.375, 66.625, 1.1746428111430391e-23, nan 
-88.125, 66.625, 1.1540808195000376e-23, nan 
-87.875, 66.625, 1.1842809182418083e-23, nan 
-87.625, 66.625, 1.1237067528041964e-23, nan 
-87.375, 66.625, 1.0449538521839461e-23, nan 
-87.125, 66.625, 1.1615482599026843e-23, nan 
-86.875, 66.625, 1.0983937380238574e-23, nan 
-86.625, 66.625, 1.5115802912512e-23, nan 
-86.375, 66.625, 1.2567817887379567e-23, nan 
-86.125, 66.625, 1.3718174030726902e-23, nan 
-85.875, 66.625, 1.6374241580705937e-23, nan 
-85.625, 66.625, 1.506885369205272e-23, nan 
-85.375, 66.625, 1.4229610528487883e-23, nan 
-85.125, 66.625, 1.4246260778357567e-23, nan 
-84.875, 66.625, 1.5196066736573428e-23, nan 
-84.625, 66.625, 1.7365509412217574e-23, nan 
-84.375, 66.625, 1.5133800483959104e-23, nan 
-84.125, 66.625, 1.693825626843342e-23, nan 
-83.875, 66.625, 1.8925136585382878e-23, nan 
-83.625, 66.625, 1.546160611963874e-23, nan 
-83.375, 66.625, 1.37942849013614e-23, nan 
-83.125, 66.625, 1.460681776898162e-23, nan 
-82.875, 66.625, 1.4220446963390655e-23, nan 
-82.625, 66.625, 1.5762286469005917e-23, nan 
-82.375, 66.625, 1.1474350053520677e-23, nan 
-82.125, 66.625, 8.805576636251024e-24, nan 
-81.875, 66.625, 1.0779421498676001e-23, nan 
-81.625, 66.625, 1.8831448669883145e-23, nan 
-81.375, 66.625, 2.1132129948681586e-23, nan 
-81.125, 66.625, 2.1185943383500013e-23, nan 
-80.875, 66.625, 2.0886326386760202e-23, nan 
-80.625, 66.625, 1.7987617323819617e-23, nan 
-80.375, 66.625, 1.882105090927687e-23, nan 
-80.125, 66.625, 2.2813045777675772e-23, nan 
-79.875, 66.625, 1.4071504070363466e-23, nan 
-79.625, 66.625, 1.8558829880738303e-23, nan 
-79.375, 66.625, 4.172858995626328e-23, nan 
-79.125, 66.625, 2.777470846647804e-23, nan 
-78.875, 66.625, 4.3345461861166397e-23, nan 
-78.625, 66.625, 2.3527407849272557e-23, nan 
-78.375, 66.625, 2.662738744357551e-23, nan 
-78.125, 66.625, 3.5908284704160866e-23, nan 
-77.875, 66.625, 3.8989649928071235e-23, nan 
-77.625, 66.625, 4.682232710619657e-23, nan 
-77.375, 66.625, 4.8362906245252096e-23, nan 
-77.125, 66.625, 4.706707091125408e-23, nan 
-76.875, 66.625, 4.88819800312107e-23, nan 
-76.625, 66.625, 4.5679435298377016e-23, nan 
-76.375, 66.625, 2.979066394801381e-23, nan 
-76.125, 66.625, 3.063101267587881e-23, nan 
-75.875, 66.625, 4.2177605237411994e-23, nan 
-75.625, 66.625, 4.2798756121984697e-23, nan 
-75.375, 66.625, 3.9455743800297245e-23, nan 
-75.125, 66.625, 4.175687202945871e-23, nan 
-74.875, 66.625, 3.8123885339668014e-23, nan 
-74.625, 66.625, 4.825776002416915e-23, nan 
-74.375, 66.625, 4.4657119588961777e-23, nan 
-74.125, 66.625, 5.192392095391668e-23, nan 
-73.875, 66.625, 5.690179544761002e-23, nan 
-73.625, 66.625, 5.693078210187121e-23, nan 
-73.375, 66.625, 6.265907329500614e-23, nan 
-73.125, 66.625, 5.454657005862404e-23, nan 
-72.875, 66.625, 5.50915182511529e-23, nan 
-72.625, 66.625, 5.37422737155365e-23, nan 
-72.375, 66.625, 5.134137134456467e-23, nan 
-72.125, 66.625, 6.358853511212967e-23, nan 
-71.875, 66.625, 6.530403248913205e-23, nan 
-71.625, 66.625, 6.977826850464523e-23, nan 
-71.375, 66.625, 6.638816080079431e-23, nan 
-71.125, 66.625, 6.306896011713351e-23, nan 
-70.875, 66.625, 5.738684266427079e-23, nan 
-70.625, 66.625, 5.924344343291338e-23, nan 
-70.375, 66.625, 5.637543488580145e-23, nan 
-70.125, 66.625, 4.74485156759056e-23, nan 
-69.875, 66.625, 5.127722303633307e-23, nan 
-69.625, 66.625, 5.7341305118076e-23, nan 
-69.375, 66.625, 5.647757060554374e-23, nan 
-69.125, 66.625, 5.97633812546909e-23, nan 
-68.875, 66.625, 6.768913654047617e-23, nan 
-68.625, 66.625, 6.85784466606623e-23, nan 
-68.375, 66.625, 7.41271681421039e-23, nan 
-68.125, 66.625, 8.453951370966644e-23, nan 
-67.875, 66.625, 6.609075832815788e-23, nan 
-67.625, 66.625, 6.15065327166748e-23, nan 
-67.375, 66.625, 7.296417880758002e-23, nan 
-67.125, 66.625, 7.273586666902575e-23, nan 
-66.875, 66.625, 6.647365998848371e-23, nan 
-66.625, 66.625, 7.714772573693014e-23, nan 
-66.375, 66.625, 9.416813455257811e-23, nan 
-66.125, 66.625, 8.404368988959514e-23, nan 
-65.875, 66.625, 7.434509801189477e-23, nan 
-65.625, 66.625, 8.248192745587783e-23, nan 
-65.375, 66.625, 8.466488329624531e-23, nan 
-65.125, 66.625, 7.980151313505679e-23, nan 
-64.875, 66.625, 7.93363560230951e-23, nan 
-64.625, 66.625, 7.718439488249816e-23, nan 
-64.375, 66.625, 1.402014947216013e-22, nan 
-64.125, 66.625, 1.4205898605322092e-22, nan 
-63.875, 66.625, 1.039818989761028e-22, nan 
-63.625, 66.625, 1.0593880498663863e-22, nan 
-63.375, 66.625, 1.099575708372351e-22, nan 
-63.125, 66.625, 8.728412462513113e-23, nan 
-62.875, 66.625, 7.93887400321952e-23, nan 
-62.625, 66.625, 1.1142020789099725e-22, nan 
-62.375, 66.625, 1.115183792297301e-22, nan 
-62.125, 66.625, 1.3464340420833528e-22, nan 
-61.875, 66.625, 1.0879541945730877e-22, nan 
-61.625, 66.625, 1.0615489049945442e-22, nan 
-61.375, 66.625, 1.341248173285924e-22, nan 
-61.125, 66.625, 1.0363008315733979e-22, nan 
-60.875, 66.625, 9.765960016156438e-23, nan 
-60.625, 66.625, 9.831826985776308e-23, nan 
-60.375, 66.625, 9.147216007642805e-23, nan 
-60.125, 66.625, 1.11438288499224e-22, nan 
-59.875, 66.625, 1.0460011631392732e-22, nan 
-59.625, 66.625, 1.3255047585203093e-22, nan 
-59.375, 66.625, 9.535431970493703e-23, nan 
-59.125, 66.625, 9.572574323253015e-23, nan 
-58.875, 66.625, 1.0529660079342108e-22, nan 
-58.625, 66.625, 8.834169045358427e-23, nan 
-58.375, 66.625, 9.832331808971188e-23, nan 
-58.125, 66.625, 9.371288222453479e-23, nan 
-57.875, 66.625, 9.949784704211101e-23, nan 
-57.625, 66.625, 1.0048207183485008e-22, nan 
-57.375, 66.625, 1.0035462333090454e-22, nan 
-57.125, 66.625, 1.0403323933847544e-22, nan 
-56.875, 66.625, 1.1306063475719113e-22, nan 
-56.625, 66.625, 1.0852844572035843e-22, nan 
-56.375, 66.625, 1.0394594494756831e-22, nan 
-56.125, 66.625, 1.4487072191053682e-22, nan 
-55.875, 66.625, 8.785093468713958e-23, nan 
-55.625, 66.625, 1.1102534777944147e-22, nan 
-55.375, 66.625, 1.8023898275028727e-22, nan 
-55.125, 66.625, 6.646032419498217e-23, nan 
-54.875, 66.625, 7.150039755782142e-23, nan 
-54.625, 66.625, 1.1307773481661774e-22, nan 
-54.375, 66.625, 7.878634463153634e-23, nan 
-54.125, 66.625, 7.626197606563801e-23, nan 
-53.875, 66.625, 7.156387913967797e-23, nan 
-53.625, 66.625, 5.934755884022322e-23, nan 
-53.375, 66.625, 6.111985131255881e-23, nan 
-53.125, 66.625, 5.996662547004841e-23, nan 
-52.875, 66.625, 4.342489069534003e-23, nan 
-52.625, 66.625, 6.896126670070173e-23, nan 
-52.375, 66.625, 5.856299781300493e-23, nan 
-52.125, 66.625, 6.432565967667168e-23, nan 
-51.875, 66.625, 6.505353380594249e-23, nan 
-51.625, 66.625, 6.530753694535504e-23, nan 
-51.375, 66.625, 9.328363243442059e-23, nan 
-51.125, 66.625, 8.425149361793765e-23, nan 
-50.875, 66.625, 8.117581177852864e-23, nan 
-50.625, 66.625, 7.278204811264473e-23, nan 
-50.375, 66.625, 8.54601684060369e-23, nan 
-50.125, 66.625, 6.079219553399607e-23, nan 
-49.875, 66.625, 6.565249772492946e-23, nan 
-49.625, 66.625, 7.746106479358893e-23, nan 
-49.375, 66.625, 8.524226903526569e-23, nan 
-49.125, 66.625, 6.444994945961738e-23, nan 
-48.875, 66.625, 8.348333436150082e-23, nan 
-48.625, 66.625, 1.0376239072565126e-22, nan 
-48.375, 66.625, 5.34988004872446e-23, nan 
-48.125, 66.625, 1.3370744783732657e-22, nan 
-47.875, 66.625, 1.4644940577005093e-22, nan 
-47.625, 66.625, 6.393434722865671e-23, nan 
-47.375, 66.625, 9.605827917321601e-23, nan 
-47.125, 66.625, 1.654851522196708e-22, nan 
-46.875, 66.625, 1.4779478215606545e-22, nan 
-46.625, 66.625, 1.1718155496718136e-22, nan 
-46.375, 66.625, 1.4254225262796694e-22, nan 
-46.125, 66.625, 1.592117567792085e-22, nan 
-45.875, 66.625, 2.245093443965406e-22, nan 
-45.625, 66.625, 2.314745759878578e-22, nan 
-45.375, 66.625, 2.5863776492594433e-22, nan 
-45.125, 66.625, 2.845919948891068e-22, nan 
-44.875, 66.625, 2.9135363449337417e-22, nan 
-44.625, 66.625, 3.029887913394003e-22, nan 
-44.375, 66.625, 2.452597566968854e-22, nan 
-44.125, 66.625, 2.0100298925476335e-22, nan 
-43.875, 66.625, 2.0569706224275774e-22, nan 
-43.625, 66.625, 1.6799810440580055e-22, nan 
-43.375, 66.625, 1.7721471205703039e-22, nan 
-43.125, 66.625, 1.9014667927298392e-22, nan 
-42.875, 66.625, 1.365142313675608e-22, nan 
-42.625, 66.625, 1.0948391047489406e-22, nan 
-42.375, 66.625, 1.4093581108167125e-22, nan 
-42.125, 66.625, 1.2568905615893274e-22, nan 
-41.875, 66.625, 1.3451920476979484e-22, nan 
-41.625, 66.625, 1.9964541383055985e-22, nan 
-41.375, 66.625, 6.597465426716606e-23, nan 
-41.125, 66.625, 1.1138110587396285e-22, nan 
-40.875, 66.625, 1.4943637613770337e-22, nan 
-40.625, 66.625, 1.8321645561334737e-22, nan 
-40.375, 66.625, 9.941388747114553e-23, nan 
-40.125, 66.625, 2.2632010357234356e-22, nan 
-39.875, 66.625, 3.7050156920181275e-22, nan 
-39.625, 66.625, 3.266259296178279e-22, nan 
-39.375, 66.625, 2.7649361408381564e-22, nan 
-39.125, 66.625, 3.332140325561559e-22, nan 
-38.875, 66.625, 2.2844885690756403e-22, nan 
-38.625, 66.625, 1.8260573930526706e-22, nan 
-38.375, 66.625, 1.6886712986325576e-22, nan 
-38.125, 66.625, 1.8970325247943713e-22, nan 
-37.875, 66.625, 2.5424885185207705e-22, nan 
-37.625, 66.625, 1.8615435571266366e-22, nan 
-37.375, 66.625, 1.982924624552405e-22, nan 
-37.125, 66.625, 1.7659952682146495e-22, nan 
-36.875, 66.625, 1.8002552690276131e-22, nan 
-36.625, 66.625, 1.5509530840461622e-22, nan 
-36.375, 66.625, 1.499397406774593e-22, nan 
-36.125, 66.625, 1.313885318353656e-22, nan 
-35.875, 66.625, 1.8199339701102396e-22, nan 
-35.625, 66.625, 1.1144342849370875e-22, nan 
-35.375, 66.625, 1.2667198856844645e-22, nan 
-35.125, 66.625, 1.3070577901483432e-22, nan 
-34.875, 66.625, 1.301896581860033e-22, nan 
-34.625, 66.625, 1.1384300825648512e-22, nan 
-34.375, 66.625, 2.3813145185567743e-23, nan 
-34.125, 66.625, 8.407240704349382e-23, nan 
-33.875, 66.625, 9.859095756176278e-23, nan 
-33.625, 66.625, 2.4006766652938917e-22, nan 
-33.375, 66.625, 1.7440672311926313e-22, nan 
-33.125, 66.625, 3.8469277392598347e-22, nan 
-32.875, 66.625, 4.146786827541267e-22, nan 
-32.625, 66.625, 4.0397451326622784e-22, nan 
-32.375, 66.625, 3.3176364174331523e-22, nan 
-32.125, 66.625, 3.681611527980357e-22, nan 
-31.875, 66.625, 2.0444503499781327e-22, nan 
-31.625, 66.625, 3.945841508512283e-22, nan 
-31.375, 66.625, 5.478039184083007e-22, nan 
-31.125, 66.625, 6.626244249106486e-22, nan 
-30.875, 66.625, 8.877284171952917e-22, nan 
-30.625, 66.625, 9.645661117717493e-22, nan 
-30.375, 66.625, 4.704191568411102e-22, nan 
-30.125, 66.625, 3.6713702343032525e-22, nan 
-29.875, 66.625, 1.988022704181111e-22, nan 
-29.625, 66.625, 3.0925638441057294e-22, nan 
-29.375, 66.625, 1.3348255030480323e-22, nan 
-29.125, 66.625, 1.4670018849573896e-22, nan 
-28.875, 66.625, 2.901125856805752e-22, nan 
-28.625, 66.625, 3.6684729817912383e-22, nan 
-28.375, 66.625, 3.701379860323055e-22, nan 
-28.125, 66.625, 4.040210824967632e-22, nan 
-27.875, 66.625, 3.8974656242160185e-22, nan 
-27.625, 66.625, 2.830474916998407e-22, nan 
-27.375, 66.625, 2.357802844032914e-22, nan 
-27.125, 66.625, 3.0374477335902336e-22, nan 
-26.875, 66.625, 2.821911875910055e-22, nan 
-26.625, 66.625, 2.124185457389144e-22, nan 
-26.375, 66.625, 2.3176209238201885e-22, nan 
-26.125, 66.625, 3.806421193677054e-22, nan 
-25.875, 66.625, 6.2109916758504e-22, nan 
-25.625, 66.625, 5.632468741914118e-22, nan 
-25.375, 66.625, 4.845289787967811e-22, nan 
-25.125, 66.625, 7.647530070147036e-22, nan 
-24.875, 66.625, 7.55066154584491e-22, nan 
-24.625, 66.625, 6.713101835946349e-22, nan 
-24.375, 66.625, 7.234105617124081e-22, nan 
-24.125, 66.625, 6.771577720331515e-22, nan 
-23.875, 66.625, 6.504019651260532e-22, nan 
-23.625, 66.625, 5.769513204906696e-22, nan 
-23.375, 66.625, 3.7212209448148074e-22, nan 
-23.125, 66.625, 1.0925516910444458e-22, nan 
-22.875, 66.625, 2.5813333240864605e-22, nan 
-22.625, 66.625, 1.8941763242231612e-22, nan 
-22.375, 66.625, 2.4345054327965416e-22, nan 
-22.125, 66.625, 2.47640941991296e-22, nan 
-21.875, 66.625, 2.1039482169574515e-22, nan 
-21.625, 66.625, 2.617875335904289e-22, nan 
-21.375, 66.625, 2.764445942380383e-22, nan 
-21.125, 66.625, 2.8128717436421553e-22, nan 
-20.875, 66.625, 1.6523306617780739e-22, nan 
-20.625, 66.625, 1.1186165946454967e-22, nan 
-20.375, 66.625, 2.7970158601149842e-22, nan 
-20.125, 66.625, 1.7967651598905114e-22, nan 
-19.875, 66.625, 1.647220850242186e-22, nan 
-19.625, 66.625, 2.6918759395548077e-22, nan 
-19.375, 66.625, 2.681304919260724e-22, nan 
-19.125, 66.625, 3.4856197178841556e-22, nan 
-18.875, 66.625, 2.949741970573562e-22, nan 
-18.625, 66.625, 2.735990252547549e-22, nan 
-18.375, 66.625, 3.108069368044935e-22, nan 
-18.125, 66.625, 1.9623674620730684e-22, nan 
-17.875, 66.625, 9.848701101750283e-23, nan 
-17.625, 66.625, 1.1587488977057498e-22, nan 
-17.375, 66.625, 3.174569627005466e-22, nan 
-17.125, 66.625, 2.218087249913577e-22, nan 
-16.875, 66.625, 4.0190740008481883e-22, nan 
-16.625, 66.625, 5.334786462925571e-22, nan 
-16.375, 66.625, 1.0749452547775588e-21, nan 
-16.125, 66.625, 4.576435540185459e-22, nan 
-15.875, 66.625, 6.014855806133926e-22, nan 
-15.625, 66.625, 5.3504632036204925e-22, nan 
-15.375, 66.625, 4.933683633452599e-22, nan 
-15.125, 66.625, 3.8857506895406134e-22, nan 
-14.875, 66.625, 3.9627754054271623e-22, nan 
-14.625, 66.625, 3.6335748424130274e-22, nan 
-14.375, 66.625, 1.515595324996278e-22, nan 
-14.125, 66.625, 1.594310658117343e-22, nan 
-13.875, 66.625, 4.449675420901175e-22, nan 
-13.625, 66.625, 3.701904832909903e-22, nan 
-13.375, 66.625, 6.171259394372422e-22, nan 
-13.125, 66.625, 7.21413794373969e-22, nan 
-12.875, 66.625, 2.8265655340513386e-22, nan 
-12.625, 66.625, 2.810742189583775e-22, nan 
-12.375, 66.625, 4.0150484207369743e-22, nan 
-12.125, 66.625, 4.347416657205577e-22, nan 
-11.875, 66.625, 4.318443375318356e-22, nan 
-11.625, 66.625, 6.135444349285726e-22, nan 
-11.375, 66.625, 8.992036511950382e-22, nan 
-11.125, 66.625, 7.456873644997597e-22, nan 
-10.875, 66.625, 8.785672727628157e-22, nan 
-10.625, 66.625, 1.4354149709698124e-21, nan 
-10.375, 66.625, 2.417389907045683e-21, nan 
-10.125, 66.625, 2.9852914972331216e-21, nan 
-9.875, 66.625, 3.2888632627261375e-21, nan 
-9.625, 66.625, 2.2927602103615954e-21, nan 
-9.375, 66.625, 1.6847305806117069e-21, nan 
-9.125, 66.625, 1.5393812470909791e-21, nan 
-8.875, 66.625, 1.8953566507594335e-21, nan 
-8.625, 66.625, 2.248755954990497e-21, nan 
-8.375, 66.625, 2.0594242999793257e-21, nan 
-8.125, 66.625, 1.4481022886755827e-21, nan 
-7.875, 66.625, 1.0086398705841311e-21, nan 
-7.625, 66.625, 9.56749328415256e-22, nan 
-7.375, 66.625, 4.565071417898484e-22, nan 
-7.125, 66.625, 3.0237149173649453e-22, nan 
-6.875, 66.625, 2.5617097855670813e-22, nan 
-6.625, 66.625, 1.938521824589738e-22, nan 
-6.375, 66.625, 1.663782607366616e-22, nan 
-6.125, 66.625, 1.3373642396856914e-22, nan 
-5.875, 66.625, 1.3796363599574235e-22, nan 
-5.625, 66.625, 1.4618310354809659e-22, nan 
-5.375, 66.625, 1.471236791717397e-22, nan 
-5.125, 66.625, 1.3078256182450934e-22, nan 
-4.875, 66.625, 8.887782244516527e-23, nan 
-4.625, 66.625, 5.542475422956592e-23, nan 
-4.375, 66.625, 4.088405899769629e-23, nan 
-4.125, 66.625, 8.835124597283174e-23, nan 
-3.875, 66.625, 1.4167951981671537e-22, nan 
-3.625, 66.625, 1.5923065700904208e-22, nan 
-3.375, 66.625, 8.220710932361677e-23, nan 
-3.125, 66.625, 1.5750193667506043e-22, nan 
-2.875, 66.625, 1.4687163369366658e-22, nan 
-2.625, 66.625, 8.653148076307366e-23, nan 
-2.375, 66.625, 1.0395260856138224e-22, nan 
-2.125, 66.625, 9.795473420530883e-23, nan 
-1.875, 66.625, 1.0811910218110128e-22, nan 
-1.625, 66.625, 1.4836456803589236e-22, nan 
-1.375, 66.625, 1.5351284641474805e-22, nan 
-1.125, 66.625, 1.4978167353848036e-22, nan 
-0.875, 66.625, 2.6083342585734038e-22, nan 
-0.625, 66.625, 2.733054880197548e-22, nan 
-0.375, 66.625, 9.049310608518567e-23, nan 
-0.125, 66.625, 1.375488367668523e-22, nan 
0.125, 66.625, 1.696179826397095e-22, nan 
0.375, 66.625, 1.1328895814067048e-22, nan 
0.625, 66.625, 1.1997664327309836e-22, nan 
0.875, 66.625, 1.225341922037639e-22, nan 
1.125, 66.625, 1.1916939169503686e-22, nan 
1.375, 66.625, 1.3686431902391947e-22, nan 
1.625, 66.625, 2.0232746719238024e-22, nan 
1.875, 66.625, 2.3108216032735707e-22, nan 
2.125, 66.625, 9.061120740756363e-23, nan 
2.375, 66.625, 1.086313995232217e-22, nan 
2.625, 66.625, 1.4956176309977392e-22, nan 
2.875, 66.625, 9.18170815812547e-23, nan 
3.125, 66.625, 9.586193574927763e-23, nan 
3.375, 66.625, 7.427431512355451e-23, nan 
3.625, 66.625, 4.949847511772434e-23, nan 
3.875, 66.625, 6.296888433139852e-23, nan 
4.125, 66.625, 9.972221759398747e-23, nan 
4.375, 66.625, 7.570808072981972e-23, nan 
4.625, 66.625, 8.115134125219155e-23, nan 
4.875, 66.625, 9.770501274700038e-23, nan 
5.125, 66.625, 7.296756310707528e-23, nan 
5.375, 66.625, 8.525341726072021e-23, nan 
5.625, 66.625, 9.819479914268183e-23, nan 
5.875, 66.625, 1.0777541878063676e-22, nan 
6.125, 66.625, 8.532529238970035e-23, nan 
6.375, 66.625, 1.2364453896461055e-22, nan 
6.625, 66.625, 1.252343535706154e-22, nan 
6.875, 66.625, 1.1489739560484479e-22, nan 
7.125, 66.625, 5.40908715312412e-23, nan 
7.375, 66.625, 5.634856652273184e-23, nan 
7.625, 66.625, 1.4110365479091578e-22, nan 
7.875, 66.625, 9.696083922567781e-23, nan 
8.125, 66.625, 7.274303353534648e-23, nan 
8.375, 66.625, 9.788439108032023e-23, nan 
8.625, 66.625, 1.006070254523444e-22, nan 
8.875, 66.625, 8.631691187957235e-23, nan 
9.125, 66.625, 1.5978652790281065e-22, nan 
9.375, 66.625, 1.5897401918926467e-22, nan 
9.625, 66.625, 1.6193174705111705e-22, nan 
9.875, 66.625, 8.349138316331621e-23, nan 
10.125, 66.625, 6.743468780759711e-23, nan 
10.375, 66.625, 5.18328709230609e-23, nan 
10.625, 66.625, 5.670491138127391e-23, nan 
10.875, 66.625, 4.663642539222592e-23, nan 
11.125, 66.625, 7.640287725583394e-23, nan 
11.375, 66.625, 6.648091965464055e-23, nan 
11.625, 66.625, 6.580262447761678e-23, nan 
11.875, 66.625, 8.297734407798962e-23, nan 
12.125, 66.625, 8.150813326158821e-23, nan 
12.375, 66.625, 7.317604249448749e-23, nan 
12.625, 66.625, 6.92542583007058e-23, nan 
12.875, 66.625, 8.079987595378717e-23, nan 
13.125, 66.625, 3.403019617897533e-23, nan 
13.375, 66.625, 3.2659925380981624e-23, nan 
13.625, 66.625, 6.061450205847847e-23, nan 
13.875, 66.625, 5.913524077780158e-23, nan 
14.125, 66.625, 5.188204733213152e-23, nan 
14.375, 66.625, 4.5265309982279543e-23, nan 
14.625, 66.625, 4.545360305476362e-23, nan 
14.875, 66.625, 3.985066483478019e-23, nan 
15.125, 66.625, 4.8867947098753645e-23, nan 
15.375, 66.625, 4.721746482902453e-23, nan 
15.625, 66.625, 3.38313622528532e-23, nan 
15.875, 66.625, 2.502355426394607e-23, nan 
16.125, 66.625, 1.6015519144169547e-23, nan 
16.375, 66.625, 2.3708935608729696e-23, nan 
16.625, 66.625, 3.710058005903703e-23, nan 
16.875, 66.625, 4.802492723815968e-23, nan 
17.125, 66.625, 6.545797461068872e-23, nan 
17.375, 66.625, 5.780387277995154e-23, nan 
17.625, 66.625, 5.1480908612261504e-23, nan 
17.875, 66.625, 5.833590245307209e-23, nan 
18.125, 66.625, 4.276368567729874e-23, nan 
18.375, 66.625, 3.835042349860971e-23, nan 
18.625, 66.625, 3.739798306829694e-23, nan 
18.875, 66.625, 4.0537995197956073e-23, nan 
19.125, 66.625, 3.4918242918645943e-23, nan 
19.375, 66.625, 2.6038869058534414e-23, nan 
19.625, 66.625, 2.8806860299867676e-23, nan 
19.875, 66.625, 2.7166316785460696e-23, nan 
20.125, 66.625, 2.459475571671565e-23, nan 
20.375, 66.625, 2.220283994293678e-23, nan 
20.625, 66.625, 1.997995490994272e-23, nan 
20.875, 66.625, 3.64588633668445e-23, nan 
21.125, 66.625, 1.725616384904394e-23, nan 
21.375, 66.625, 9.618679025936554e-24, nan 
21.625, 66.625, 1.743447502173813e-23, nan 
21.875, 66.625, 1.617301979750337e-23, nan 
22.125, 66.625, 8.081603198589153e-24, nan 
22.375, 66.625, 1.3583918099523974e-23, nan 
22.625, 66.625, 1.3873462771853566e-23, nan 
22.875, 66.625, 1.5871475112828327e-23, nan 
23.125, 66.625, 1.2740868056654972e-23, nan 
23.375, 66.625, 1.4695521786666176e-23, nan 
23.625, 66.625, 1.8153885157615267e-23, nan 
23.875, 66.625, 1.4174847351479753e-23, nan 
24.125, 66.625, 1.3533562472312056e-23, nan 
24.375, 66.625, 3.6466165218590557e-23, nan 
24.625, 66.625, 3.8297745308128877e-23, nan 
24.875, 66.625, 3.236565555829785e-23, nan 
25.125, 66.625, 6.072147520868182e-23, nan 
25.375, 66.625, 6.09090397429182e-23, nan 
25.625, 66.625, 2.6841716779957386e-23, nan 
25.875, 66.625, 2.829356646473228e-23, nan 
26.125, 66.625, 3.300280734307338e-23, nan 
26.375, 66.625, 3.13641361724228e-23, nan 
26.625, 66.625, 2.2136379799166938e-23, nan 
26.875, 66.625, 1.623510958726535e-23, nan 
27.125, 66.625, 2.2244626910515215e-23, nan 
27.375, 66.625, 1.0630489574253055e-23, nan 
27.625, 66.625, 5.548905184532475e-24, nan 
27.875, 66.625, 2.662881460108058e-23, nan 
28.125, 66.625, 3.066595804195721e-23, nan 
28.375, 66.625, 2.922155165377094e-23, nan 
28.625, 66.625, 2.949352481734194e-23, nan 
28.875, 66.625, 3.3097270554846255e-23, nan 
29.125, 66.625, 3.1813861994677534e-23, nan 
29.375, 66.625, 2.075108271361839e-23, nan 
29.625, 66.625, 1.4849234462300165e-23, nan 
29.875, 66.625, 6.495914657733075e-24, nan 
30.125, 66.625, 1.0523618892839876e-23, nan 
30.375, 66.625, 1.3199856838405548e-23, nan 
30.625, 66.625, 1.3569007885331027e-23, nan 
30.875, 66.625, 1.4957107139145532e-23, nan 
31.125, 66.625, 1.9744284445180004e-23, nan 
31.375, 66.625, 1.467980413840064e-23, nan 
31.625, 66.625, 1.639334696449146e-23, nan 
31.875, 66.625, 1.196663287788483e-23, nan 
32.125, 66.625, 1.712468708809886e-23, nan 
32.375, 66.625, 1.6805496076172388e-23, nan 
32.625, 66.625, 2.2452174221655142e-23, nan 
32.875, 66.625, 2.6159844410414809e-23, nan 
33.125, 66.625, 1.6983509171841735e-23, nan 
33.375, 66.625, 1.797855917112295e-23, nan 
33.625, 66.625, 1.0243447407132578e-23, nan 
33.875, 66.625, 7.358664207140831e-24, nan 
34.125, 66.625, 2.3682458991198052e-24, nan 
34.375, 66.625, 2.584893861239471e-24, nan 
34.625, 66.625, 1.4421395196490792e-23, nan 
34.875, 66.625, 5.222551956052842e-24, nan 
35.125, 66.625, 8.940583713058643e-24, nan 
35.375, 66.625, 3.4792402537383005e-23, nan 
35.625, 66.625, 1.1653475941547263e-23, nan 
35.875, 66.625, 8.434366086214095e-24, nan 
36.125, 66.625, 1.1916976210471889e-23, nan 
36.375, 66.625, 1.3575271119309555e-23, nan 
36.625, 66.625, 1.5018444496730288e-23, nan 
36.875, 66.625, 8.502935502764453e-24, nan 
37.125, 66.625, 1.632024944596215e-23, nan 
37.375, 66.625, 1.0844987937063531e-23, nan 
37.625, 66.625, 1.485024526963728e-23, nan 
37.875, 66.625, 1.505317404459572e-23, nan 
38.125, 66.625, 2.5965946494961403e-23, nan 
38.375, 66.625, 4.8509842696690754e-23, nan 
38.625, 66.625, 5.662737372501727e-23, nan 
38.875, 66.625, 6.578721737326039e-23, nan 
39.125, 66.625, 9.59038846614254e-23, nan 
39.375, 66.625, 4.072869546366274e-22, nan 
39.625, 66.625, 3.6485729715472963e-22, nan 
39.875, 66.625, 3.5367799951707116e-22, nan 
40.125, 66.625, 3.9892495899404985e-22, nan 
40.375, 66.625, 2.0510377446009841e-22, nan 
40.625, 66.625, 1.087669880411766e-22, nan 
40.875, 66.625, 6.193782686354785e-23, nan 
41.125, 66.625, 6.985933490402243e-23, nan 
41.375, 66.625, 1.7460058955078584e-23, nan 
41.625, 66.625, 3.107537120399402e-23, nan 
41.875, 66.625, 3.6627448607750534e-23, nan 
42.125, 66.625, 2.964735823802898e-23, nan 
42.375, 66.625, 3.054328994791707e-23, nan 
42.625, 66.625, 2.4127339999225092e-23, nan 
42.875, 66.625, 2.032808241643814e-23, nan 
43.125, 66.625, 2.091983865439434e-23, nan 
43.375, 66.625, 8.338600509350527e-24, nan 
43.625, 66.625, 4.566090960228094e-24, nan 
43.875, 66.625, 6.018567452338523e-24, nan 
44.125, 66.625, 2.4683296309573875e-24, nan 
44.375, 66.625, 1.5709798357163558e-24, nan 
44.625, 66.625, 2.7206502176228938e-24, nan 
44.875, 66.625, 3.1806061769172423e-24, nan 
45.125, 66.625, 6.058593518351361e-24, nan 
45.375, 66.625, 5.127933030302356e-24, nan 
45.625, 66.625, 3.717311818884478e-24, nan 
45.875, 66.625, 7.3718981177033e-24, nan 
46.125, 66.625, 6.441298747245758e-24, nan 
46.375, 66.625, 7.633413418647906e-24, nan 
46.625, 66.625, 7.205547832067213e-24, nan 
46.875, 66.625, 5.495478960750489e-24, nan 
47.125, 66.625, 2.7474935594065195e-24, nan 
47.375, 66.625, 2.8972444270651742e-24, nan 
47.625, 66.625, 3.3291989132793386e-24, nan 
47.875, 66.625, 2.4932667190209565e-24, nan 
48.125, 66.625, 3.809002492438261e-24, nan 
48.375, 66.625, 3.751133946267866e-24, nan 
48.625, 66.625, 3.2939419832791185e-24, nan 
48.875, 66.625, 3.610922141562536e-24, nan 
49.125, 66.625, 5.0340470889084344e-24, nan 
49.375, 66.625, 5.152551527626613e-24, nan 
49.625, 66.625, 6.40746509832084e-24, nan 
49.875, 66.625, 6.801442649825966e-24, nan 
50.125, 66.625, 6.5716860362677626e-24, nan 
50.375, 66.625, 8.542004506756448e-24, nan 
50.625, 66.625, 6.698423019457296e-24, nan 
50.875, 66.625, 8.088575397260348e-24, nan 
51.125, 66.625, 8.714327891348856e-24, nan 
51.375, 66.625, 6.4583929327197454e-24, nan 
51.625, 66.625, 7.479286661869435e-24, nan 
51.875, 66.625, 5.677362390369028e-24, nan 
52.125, 66.625, 5.477675974445494e-24, nan 
52.375, 66.625, 5.718729743873258e-24, nan 
52.625, 66.625, 4.741784478513092e-24, nan 
52.875, 66.625, 4.7690091236033586e-24, nan 
53.125, 66.625, 6.934158488843517e-24, nan 
53.375, 66.625, 5.958375358173754e-24, nan 
53.625, 66.625, 5.734365935762927e-24, nan 
53.875, 66.625, 6.17068984410225e-24, nan 
54.125, 66.625, 4.057339190492866e-24, nan 
54.375, 66.625, 5.503750764579967e-24, nan 
54.625, 66.625, 7.185566637033887e-24, nan 
54.875, 66.625, 6.2520991952531545e-24, nan 
55.125, 66.625, 9.25434140257142e-24, nan 
55.375, 66.625, 7.903327379866857e-24, nan 
55.625, 66.625, 3.826431895584386e-24, nan 
55.875, 66.625, 1.0369883725481663e-23, nan 
56.125, 66.625, 6.265184715556826e-24, nan 
56.375, 66.625, 2.5984148130508832e-24, nan 
56.625, 66.625, 4.918358443837796e-24, nan 
-129.875, 66.875, 2.1946010924220415e-24, nan 
-129.625, 66.875, 5.37192292420903e-24, nan 
-129.375, 66.875, 2.6492065165345137e-24, nan 
-129.125, 66.875, 1.8476269887397702e-24, nan 
-128.875, 66.875, 5.02883630750522e-24, nan 
-128.625, 66.875, 9.5110348547844e-25, nan 
-128.375, 66.875, 2.512017262653899e-24, nan 
-128.125, 66.875, 2.0354378112882164e-24, nan 
-127.875, 66.875, 2.4767178480615655e-24, nan 
-127.625, 66.875, 2.3101551021712397e-24, nan 
-127.375, 66.875, 2.845193168684995e-24, nan 
-127.125, 66.875, 4.151099343452429e-24, nan 
-126.875, 66.875, 4.7610239266546696e-24, nan 
-126.625, 66.875, 5.849325771672055e-24, nan 
-126.375, 66.875, 4.215464169533696e-24, nan 
-126.125, 66.875, 5.301469511883426e-24, nan 
-125.875, 66.875, 1.1520392508075787e-23, nan 
-125.625, 66.875, 3.9771373410536134e-24, nan 
-125.375, 66.875, 3.0802539688273132e-24, nan 
-125.125, 66.875, 5.273533643156723e-24, nan 
-124.875, 66.875, 2.0400672535063144e-24, nan 
-124.625, 66.875, 2.0372874691746486e-24, nan 
-124.375, 66.875, 3.155447080167692e-24, nan 
-124.125, 66.875, 1.7525956976019636e-24, nan 
-123.875, 66.875, 2.027188177634564e-24, nan 
-123.625, 66.875, 2.022473883787343e-24, nan 
-123.375, 66.875, 3.051215126441905e-24, nan 
-123.125, 66.875, 2.6918591916578626e-24, nan 
-122.875, 66.875, 1.6107448235556233e-24, nan 
-122.625, 66.875, 8.623546580637975e-25, nan 
-122.375, 66.875, 2.9992511514544894e-24, nan 
-122.125, 66.875, 3.8754151034992794e-24, nan 
-121.875, 66.875, 3.7290847165189804e-24, nan 
-121.625, 66.875, 2.5257870090675025e-24, nan 
-121.375, 66.875, 1.5633814030171023e-24, nan 
-121.125, 66.875, 1.7183842297287666e-24, nan 
-120.875, 66.875, 2.8517831201861214e-24, nan 
-120.625, 66.875, 4.029830394699112e-24, nan 
-120.375, 66.875, 2.9289566903741175e-24, nan 
-120.125, 66.875, 3.0070697321078205e-24, nan 
-119.875, 66.875, 2.2176697931299277e-24, nan 
-119.625, 66.875, 2.6659900169086186e-24, nan 
-119.375, 66.875, 3.424159073538604e-24, nan 
-119.125, 66.875, 4.141497879760954e-24, nan 
-118.875, 66.875, 4.5875989926215046e-24, nan 
-118.625, 66.875, 3.532869021128915e-24, nan 
-118.375, 66.875, 3.994738756202913e-24, nan 
-118.125, 66.875, 4.8272565912306626e-24, nan 
-117.875, 66.875, 5.851605429894678e-24, nan 
-117.625, 66.875, 5.110231852448779e-24, nan 
-117.375, 66.875, 4.931209491961523e-24, nan 
-117.125, 66.875, 4.645172366802377e-24, nan 
-116.875, 66.875, 3.133647772500238e-24, nan 
-116.625, 66.875, 4.184468050632059e-24, nan 
-116.375, 66.875, 6.226906889612852e-24, nan 
-116.125, 66.875, 4.092657774113925e-24, nan 
-115.875, 66.875, 2.2457350860838817e-24, nan 
-115.625, 66.875, 2.540934176399739e-24, nan 
-115.375, 66.875, 2.8377757471000423e-24, nan 
-115.125, 66.875, 2.454381447021071e-24, nan 
-114.875, 66.875, 1.3075741959486034e-24, nan 
-114.625, 66.875, 2.379916490565147e-24, nan 
-114.375, 66.875, 2.2038805954515043e-24, nan 
-114.125, 66.875, 1.7486897602466802e-24, nan 
-113.875, 66.875, 1.9511140095616755e-24, nan 
-113.625, 66.875, 2.8084626888446327e-24, nan 
-113.375, 66.875, 2.1710307863961785e-24, nan 
-113.125, 66.875, 2.2196095908399597e-24, nan 
-112.875, 66.875, 3.0001248395533348e-24, nan 
-112.625, 66.875, 2.3442767957980747e-24, nan 
-112.375, 66.875, 2.6255889484842847e-24, nan 
-112.125, 66.875, 2.683238409192699e-24, nan 
-111.875, 66.875, 6.017465511946627e-24, nan 
-111.625, 66.875, 7.78218296644165e-24, nan 
-111.375, 66.875, 6.020565474987397e-24, nan 
-111.125, 66.875, 6.858488581947082e-24, nan 
-110.875, 66.875, 1.6022071290188282e-23, nan 
-110.625, 66.875, 4.10167996129429e-23, nan 
-110.375, 66.875, 8.823363408008406e-24, nan 
-110.125, 66.875, 4.3454649851749184e-24, nan 
-109.875, 66.875, 3.3527920287878394e-24, nan 
-109.625, 66.875, 3.051107671055351e-24, nan 
-109.375, 66.875, 6.172606138139862e-24, nan 
-109.125, 66.875, 8.92737177086596e-24, nan 
-108.875, 66.875, 6.520125309642478e-24, nan 
-108.625, 66.875, 6.793633817900982e-24, nan 
-108.375, 66.875, 1.5330438470683128e-23, nan 
-108.125, 66.875, 1.0927974662201123e-23, nan 
-107.875, 66.875, 8.12543604526533e-24, nan 
-107.625, 66.875, 7.483193343351046e-24, nan 
-107.375, 66.875, 6.526513839976341e-24, nan 
-107.125, 66.875, 7.07706813868911e-24, nan 
-106.875, 66.875, 5.828327498859842e-24, nan 
-106.625, 66.875, 2.670637762475543e-24, nan 
-106.375, 66.875, 2.5752531582390026e-24, nan 
-106.125, 66.875, 2.621357422925677e-24, nan 
-105.875, 66.875, 2.183739116298298e-24, nan 
-105.625, 66.875, 2.8305241558408067e-24, nan 
-105.375, 66.875, 2.2372194694102465e-24, nan 
-105.125, 66.875, 3.878690618233106e-24, nan 
-104.875, 66.875, 3.6372362429099955e-24, nan 
-104.625, 66.875, 3.5431980225370506e-24, nan 
-104.375, 66.875, 4.741453972051263e-24, nan 
-104.125, 66.875, 2.896568649560931e-24, nan 
-103.875, 66.875, 3.2800037921124966e-24, nan 
-103.625, 66.875, 4.1953561894051964e-24, nan 
-103.375, 66.875, 3.57881217723291e-24, nan 
-103.125, 66.875, 3.887964540636932e-24, nan 
-102.875, 66.875, 4.294070859482815e-24, nan 
-102.625, 66.875, 3.658612190840309e-24, nan 
-102.375, 66.875, 4.6752103800382134e-24, nan 
-102.125, 66.875, 4.843651844095873e-24, nan 
-101.875, 66.875, 5.1780509204754126e-24, nan 
-101.625, 66.875, 5.2643026939968105e-24, nan 
-101.375, 66.875, 5.345295653612798e-24, nan 
-101.125, 66.875, 6.265992312829346e-24, nan 
-100.875, 66.875, 5.636777895181329e-24, nan 
-100.625, 66.875, 5.054347563453622e-24, nan 
-100.375, 66.875, 4.733171790057898e-24, nan 
-100.125, 66.875, 6.077590906994838e-24, nan 
-99.875, 66.875, 4.811420774836397e-24, nan 
-99.625, 66.875, 6.35921058929383e-24, nan 
-99.375, 66.875, 6.605861024665747e-24, nan 
-99.125, 66.875, 7.238052553703247e-24, nan 
-98.875, 66.875, 7.590853250342262e-24, nan 
-98.625, 66.875, 8.011922003379299e-24, nan 
-98.375, 66.875, 7.354344156064133e-24, nan 
-98.125, 66.875, 9.638482059232316e-24, nan 
-97.875, 66.875, 7.679277515538381e-24, nan 
-97.625, 66.875, 7.134462664712502e-24, nan 
-97.375, 66.875, 9.824669885580114e-24, nan 
-97.125, 66.875, 8.052148104196574e-24, nan 
-96.875, 66.875, 8.454226753671571e-24, nan 
-96.625, 66.875, 8.347876211575737e-24, nan 
-96.375, 66.875, 8.08716197765509e-24, nan 
-96.125, 66.875, 7.586344078781085e-24, nan 
-95.875, 66.875, 7.73978593792977e-24, nan 
-95.625, 66.875, 9.616571532253042e-24, nan 
-95.375, 66.875, 1.1441149557777218e-23, nan 
-95.125, 66.875, 8.955964185456883e-24, nan 
-94.875, 66.875, 1.2012374374238872e-23, nan 
-94.625, 66.875, 8.789714993848949e-24, nan 
-94.375, 66.875, 5.105623993081243e-24, nan 
-94.125, 66.875, 9.65698239501019e-24, nan 
-93.875, 66.875, 9.161788824436804e-24, nan 
-93.625, 66.875, 7.868361743609197e-24, nan 
-93.375, 66.875, 7.087309399732621e-24, nan 
-93.125, 66.875, 7.173771646396739e-24, nan 
-92.875, 66.875, 8.368920506557087e-24, nan 
-92.625, 66.875, 8.114922309820079e-24, nan 
-92.375, 66.875, 9.513331559632804e-24, nan 
-92.125, 66.875, 8.981357155109719e-24, nan 
-91.875, 66.875, 8.435440773415173e-24, nan 
-91.625, 66.875, 7.727220683841154e-24, nan 
-91.375, 66.875, 1.0356743020995925e-23, nan 
-91.125, 66.875, 1.0596641563961675e-23, nan 
-90.875, 66.875, 9.826656397434963e-24, nan 
-90.625, 66.875, 9.193420225100243e-24, nan 
-90.375, 66.875, 8.488416565847399e-24, nan 
-90.125, 66.875, 1.1113150535584818e-23, nan 
-89.875, 66.875, 9.461966959639196e-24, nan 
-89.625, 66.875, 8.997282560688349e-24, nan 
-89.375, 66.875, 9.303836605714544e-24, nan 
-89.125, 66.875, 1.1904217789773786e-23, nan 
-88.875, 66.875, 1.1169375824173665e-23, nan 
-88.625, 66.875, 1.0927930329939059e-23, nan 
-88.375, 66.875, 1.2687546248080996e-23, nan 
-88.125, 66.875, 1.1574884148187893e-23, nan 
-87.875, 66.875, 1.1942555005023445e-23, nan 
-87.625, 66.875, 1.1251501785598604e-23, nan 
-87.375, 66.875, 1.2399155228972387e-23, nan 
-87.125, 66.875, 1.1527193025455733e-23, nan 
-86.875, 66.875, 1.3832552550847285e-23, nan 
-86.625, 66.875, 1.5922086733177128e-23, nan 
-86.375, 66.875, 1.4877134731220652e-23, nan 
-86.125, 66.875, 1.5911235685053997e-23, nan 
-85.875, 66.875, 1.5138196564672333e-23, nan 
-85.625, 66.875, 1.5728313500775874e-23, nan 
-85.375, 66.875, 1.6176792458174058e-23, nan 
-85.125, 66.875, 1.5789512228887805e-23, nan 
-84.875, 66.875, 1.6165999739453804e-23, nan 
-84.625, 66.875, 2.0567999860000074e-23, nan 
-84.375, 66.875, 1.5752656187323507e-23, nan 
-84.125, 66.875, 1.4541451603002907e-23, nan 
-83.875, 66.875, 1.1682475134173363e-23, nan 
-83.625, 66.875, 1.2844384589092393e-23, nan 
-83.375, 66.875, 1.2606563985832227e-23, nan 
-83.125, 66.875, 1.0742856959616023e-23, nan 
-82.875, 66.875, 1.0524046474244664e-23, nan 
-82.625, 66.875, 1.0956734205551798e-23, nan 
-82.375, 66.875, 1.1636303865433746e-23, nan 
-82.125, 66.875, 1.7922926507973145e-23, nan 
-81.875, 66.875, 1.7211453784750093e-23, nan 
-81.625, 66.875, 2.1810709050037157e-23, nan 
-81.375, 66.875, 2.209178270902962e-23, nan 
-81.125, 66.875, 2.6470062447444407e-23, nan 
-80.875, 66.875, 2.5251319855847618e-23, nan 
-80.625, 66.875, 2.8382722447150033e-23, nan 
-80.375, 66.875, 3.9549434765843806e-23, nan 
-80.125, 66.875, 5.179034649330138e-23, nan 
-79.875, 66.875, 5.975200089498736e-23, nan 
-79.625, 66.875, 6.407666152359954e-23, nan 
-79.375, 66.875, 5.513814187455069e-23, nan 
-79.125, 66.875, 5.403497431697672e-23, nan 
-78.875, 66.875, 5.955404171068648e-23, nan 
-78.625, 66.875, 6.045336589921806e-23, nan 
-78.375, 66.875, 5.969039033151835e-23, nan 
-78.125, 66.875, 5.088343819306909e-23, nan 
-77.875, 66.875, 5.725542128458156e-23, nan 
-77.625, 66.875, 5.863326267234303e-23, nan 
-77.375, 66.875, 5.50710446124792e-23, nan 
-77.125, 66.875, 4.9659350368594963e-23, nan 
-76.875, 66.875, 4.532318962493615e-23, nan 
-76.625, 66.875, 5.687450825229795e-23, nan 
-76.375, 66.875, 6.0681594251077e-23, nan 
-76.125, 66.875, 5.2570923806816e-23, nan 
-75.875, 66.875, 4.897984849712204e-23, nan 
-75.625, 66.875, 6.58559600850685e-23, nan 
-75.375, 66.875, 6.676106590644709e-23, nan 
-75.125, 66.875, 6.608410645617198e-23, nan 
-74.875, 66.875, 7.33167291804354e-23, nan 
-74.625, 66.875, 6.157803441262259e-23, nan 
-74.375, 66.875, 6.014259378719061e-23, nan 
-74.125, 66.875, 6.871362098393632e-23, nan 
-73.875, 66.875, 6.475113989923403e-23, nan 
-73.625, 66.875, 6.887073292740294e-23, nan 
-73.375, 66.875, 6.936911426224396e-23, nan 
-73.125, 66.875, 5.1158073903651775e-23, nan 
-72.875, 66.875, 6.198370770932833e-23, nan 
-72.625, 66.875, 6.52461797386529e-23, nan 
-72.375, 66.875, 6.656965058023228e-23, nan 
-72.125, 66.875, 6.637559364398331e-23, nan 
-71.875, 66.875, 6.446545546844068e-23, nan 
-71.625, 66.875, 6.330631077199488e-23, nan 
-71.375, 66.875, 5.616397922304215e-23, nan 
-71.125, 66.875, 5.326498293243968e-23, nan 
-70.875, 66.875, 5.294770270057937e-23, nan 
-70.625, 66.875, 5.407308967662651e-23, nan 
-70.375, 66.875, 5.815065573665149e-23, nan 
-70.125, 66.875, 5.965460696555622e-23, nan 
-69.875, 66.875, 5.661922760147832e-23, nan 
-69.625, 66.875, 6.007717538064144e-23, nan 
-69.375, 66.875, 6.421639852591842e-23, nan 
-69.125, 66.875, 6.425663983647654e-23, nan 
-68.875, 66.875, 6.183030362278653e-23, nan 
-68.625, 66.875, 6.740788582082716e-23, nan 
-68.375, 66.875, 6.094573763833542e-23, nan 
-68.125, 66.875, 6.43872945173792e-23, nan 
-67.875, 66.875, 7.03108216275394e-23, nan 
-67.625, 66.875, 5.819806289702855e-23, nan 
-67.375, 66.875, 5.91204664643159e-23, nan 
-67.125, 66.875, 6.682775423422527e-23, nan 
-66.875, 66.875, 7.225864362367672e-23, nan 
-66.625, 66.875, 6.079091232068598e-23, nan 
-66.375, 66.875, 6.970184801115806e-23, nan 
-66.125, 66.875, 6.879572930210038e-23, nan 
-65.875, 66.875, 5.030083643374863e-23, nan 
-65.625, 66.875, 4.207298827692555e-23, nan 
-65.375, 66.875, 4.408940207533866e-23, nan 
-65.125, 66.875, 5.0224943097241754e-23, nan 
-64.875, 66.875, 5.999524471357435e-23, nan 
-64.625, 66.875, 7.308697165495629e-23, nan 
-64.375, 66.875, 1.3123598401082555e-22, nan 
-64.125, 66.875, 1.300486572367524e-22, nan 
-63.875, 66.875, 9.414863307776827e-23, nan 
-63.625, 66.875, 7.917231909132914e-23, nan 
-63.375, 66.875, 6.621704946946136e-23, nan 
-63.125, 66.875, 5.688914555204362e-23, nan 
-62.875, 66.875, 8.38333851848245e-23, nan 
-62.625, 66.875, 9.987490602640799e-23, nan 
-62.375, 66.875, 9.86184749002172e-23, nan 
-62.125, 66.875, 1.1626171086017315e-22, nan 
-61.875, 66.875, 7.543686669299274e-23, nan 
-61.625, 66.875, 7.338564342086598e-23, nan 
-61.375, 66.875, 6.482127496349279e-23, nan 
-61.125, 66.875, 6.51088033061518e-23, nan 
-60.875, 66.875, 7.966014299351213e-23, nan 
-60.625, 66.875, 6.61584435125831e-23, nan 
-60.375, 66.875, 9.58524259419245e-23, nan 
-60.125, 66.875, 6.726643446614631e-23, nan 
-59.875, 66.875, 5.985230471189208e-23, nan 
-59.625, 66.875, 6.100288940812056e-23, nan 
-59.375, 66.875, 7.32092266291527e-23, nan 
-59.125, 66.875, 9.167481895644932e-23, nan 
-58.875, 66.875, 1.0650642589797206e-22, nan 
-58.625, 66.875, 7.406460639440759e-23, nan 
-58.375, 66.875, 7.11337648133045e-23, nan 
-58.125, 66.875, 6.618612844734779e-23, nan 
-57.875, 66.875, 3.928693518303429e-23, nan 
-57.625, 66.875, 5.949024336481056e-23, nan 
-57.375, 66.875, 9.784783256565905e-23, nan 
-57.125, 66.875, 1.0908275866730024e-22, nan 
-56.875, 66.875, 1.2538281524211043e-22, nan 
-56.625, 66.875, 1.135141782090452e-22, nan 
-56.375, 66.875, 1.014471118635193e-22, nan 
-56.125, 66.875, 8.829448434862905e-23, nan 
-55.875, 66.875, 1.0523198407076207e-22, nan 
-55.625, 66.875, 1.0246975486991571e-22, nan 
-55.375, 66.875, 1.3645382218004642e-22, nan 
-55.125, 66.875, 7.136827534267726e-23, nan 
-54.875, 66.875, 3.896270939445039e-23, nan 
-54.625, 66.875, 6.823548922814903e-23, nan 
-54.375, 66.875, 8.389722013837631e-23, nan 
-54.125, 66.875, 8.480344727403095e-23, nan 
-53.875, 66.875, 5.21933383792695e-23, nan 
-53.625, 66.875, 5.740268949406682e-23, nan 
-53.375, 66.875, 6.618811691941727e-23, nan 
-53.125, 66.875, 6.361148577245198e-23, nan 
-52.875, 66.875, 4.9829606563798545e-23, nan 
-52.625, 66.875, 7.620848230791752e-23, nan 
-52.375, 66.875, 6.31919640302612e-23, nan 
-52.125, 66.875, 5.839713802132884e-23, nan 
-51.875, 66.875, 6.407552241316669e-23, nan 
-51.625, 66.875, 7.99791192566357e-23, nan 
-51.375, 66.875, 9.921583023722051e-23, nan 
-51.125, 66.875, 9.284749550519591e-23, nan 
-50.875, 66.875, 8.603905046016183e-23, nan 
-50.625, 66.875, 5.11538196641455e-23, nan 
-50.375, 66.875, 7.770697790436087e-23, nan 
-50.125, 66.875, 9.408449395362182e-23, nan 
-49.875, 66.875, 7.433461309205632e-23, nan 
-49.625, 66.875, 6.098050663218954e-23, nan 
-49.375, 66.875, 1.0421775996184584e-22, nan 
-49.125, 66.875, 8.339314124429153e-23, nan 
-48.875, 66.875, 9.679101213984355e-23, nan 
-48.625, 66.875, 1.516499607369744e-22, nan 
-48.375, 66.875, 4.828615346869783e-23, nan 
-48.125, 66.875, 2.042027919493438e-22, nan 
-47.875, 66.875, 1.1895683563438642e-22, nan 
-47.625, 66.875, 1.3410436016951423e-22, nan 
-47.375, 66.875, 1.6252777181958333e-22, nan 
-47.125, 66.875, 1.7651387383467705e-22, nan 
-46.875, 66.875, 1.519542928854969e-22, nan 
-46.625, 66.875, 1.479456039762441e-22, nan 
-46.375, 66.875, 2.820134023419502e-22, nan 
-46.125, 66.875, 1.8692108451873388e-22, nan 
-45.875, 66.875, 2.178195474900568e-22, nan 
-45.625, 66.875, 3.024357755688295e-22, nan 
-45.375, 66.875, 3.1409578230555985e-22, nan 
-45.125, 66.875, 2.741512587449253e-22, nan 
-44.875, 66.875, 2.4478972389538295e-22, nan 
-44.625, 66.875, 2.6108008982741057e-22, nan 
-44.375, 66.875, 2.2493817602517553e-22, nan 
-44.125, 66.875, 1.6853079326631137e-22, nan 
-43.875, 66.875, 1.7008266078592027e-22, nan 
-43.625, 66.875, 1.4438867608463546e-22, nan 
-43.375, 66.875, 1.2112735630774773e-22, nan 
-43.125, 66.875, 1.250933647032845e-22, nan 
-42.875, 66.875, 1.8542053024659302e-22, nan 
-42.625, 66.875, 1.6845025119569814e-22, nan 
-42.375, 66.875, 1.3390109873316764e-22, nan 
-42.125, 66.875, 1.350324733021933e-22, nan 
-41.875, 66.875, 1.0813354163892153e-22, nan 
-41.625, 66.875, 1.7364882137076214e-22, nan 
-41.375, 66.875, 1.3396079708398293e-22, nan 
-41.125, 66.875, 1.2337235834006205e-22, nan 
-40.875, 66.875, 1.4304692086739734e-22, nan 
-40.625, 66.875, 1.3185089911063546e-22, nan 
-40.375, 66.875, 1.8175320172269087e-22, nan 
-40.125, 66.875, 3.275305754765698e-22, nan 
-39.875, 66.875, 3.145281190604768e-22, nan 
-39.625, 66.875, 3.1671378210749904e-22, nan 
-39.375, 66.875, 3.4844980401820266e-22, nan 
-39.125, 66.875, 3.1158295915421603e-22, nan 
-38.875, 66.875, 2.3372135332049767e-22, nan 
-38.625, 66.875, 2.8352490830202886e-22, nan 
-38.375, 66.875, 3.07438231805233e-22, nan 
-38.125, 66.875, 3.8270190253176945e-22, nan 
-37.875, 66.875, 3.3972575895033887e-22, nan 
-37.625, 66.875, 3.343352676912983e-22, nan 
-37.375, 66.875, 3.0236992712254965e-22, nan 
-37.125, 66.875, 7.32080395722327e-23, nan 
-36.875, 66.875, 4.993769671919099e-22, nan 
-36.625, 66.875, 5.5038646799012755e-22, nan 
-36.375, 66.875, 1.5841794347830754e-22, nan 
-36.125, 66.875, 4.274355021719573e-22, nan 
-35.875, 66.875, 4.835715739061186e-22, nan 
-35.625, 66.875, 1.8467642449143218e-22, nan 
-35.375, 66.875, 2.6784416693486906e-22, nan 
-35.125, 66.875, 2.772982068654357e-22, nan 
-34.875, 66.875, 1.6326210455725398e-22, nan 
-34.625, 66.875, 3.9388519097839053e-22, nan 
-34.375, 66.875, 2.137577475539382e-22, nan 
-34.125, 66.875, 6.726301549187339e-23, nan 
-33.875, 66.875, 3.438854611905128e-22, nan 
-33.625, 66.875, 4.975282109328739e-22, nan 
-33.375, 66.875, 6.696377317225391e-22, nan 
-33.125, 66.875, 5.377658893372625e-22, nan 
-32.875, 66.875, 6.2360009150627185e-22, nan 
-32.625, 66.875, 7.6452353822791935e-22, nan 
-32.375, 66.875, 3.453158090766424e-22, nan 
-32.125, 66.875, 2.1918616471511716e-22, nan 
-31.875, 66.875, 4.473633543502374e-22, nan 
-31.625, 66.875, 4.46572400291011e-22, nan 
-31.375, 66.875, 4.551251919955041e-22, nan 
-31.125, 66.875, 3.793514526994688e-22, nan 
-30.875, 66.875, 6.730740216575099e-22, nan 
-30.625, 66.875, 2.4683583055317267e-22, nan 
-30.375, 66.875, 2.495758888808426e-22, nan 
-30.125, 66.875, 3.737331094978325e-22, nan 
-29.875, 66.875, 3.439709343974313e-22, nan 
-29.625, 66.875, 2.2046463710403124e-22, nan 
-29.375, 66.875, 1.7693830431687542e-22, nan 
-29.125, 66.875, 3.9884872197406063e-22, nan 
-28.875, 66.875, 3.955059362088562e-22, nan 
-28.625, 66.875, 3.714751879974892e-22, nan 
-28.375, 66.875, 4.0248054254679975e-22, nan 
-28.125, 66.875, 3.6585858918728224e-22, nan 
-27.875, 66.875, 2.457766764765741e-22, nan 
-27.625, 66.875, 3.0064568111812225e-22, nan 
-27.375, 66.875, 2.956812827594559e-22, nan 
-27.125, 66.875, 3.5970563086994114e-22, nan 
-26.875, 66.875, 3.300523961047541e-22, nan 
-26.625, 66.875, 3.269545654542186e-22, nan 
-26.375, 66.875, 4.251368610664301e-22, nan 
-26.125, 66.875, 6.387667614162477e-22, nan 
-25.875, 66.875, 7.330384008325936e-22, nan 
-25.625, 66.875, 5.283146052141528e-22, nan 
-25.375, 66.875, 7.582787199864883e-22, nan 
-25.125, 66.875, 1.0239016728477725e-21, nan 
-24.875, 66.875, 8.12241670226498e-22, nan 
-24.625, 66.875, 6.804991069404616e-22, nan 
-24.375, 66.875, 8.597660006408113e-22, nan 
-24.125, 66.875, 7.847928149904464e-22, nan 
-23.875, 66.875, 5.650909783909072e-22, nan 
-23.625, 66.875, 4.152366367482976e-22, nan 
-23.375, 66.875, 4.2037885510333347e-22, nan 
-23.125, 66.875, 1.817192811385273e-22, nan 
-22.875, 66.875, 2.910049145396256e-22, nan 
-22.625, 66.875, 4.280290786336778e-22, nan 
-22.375, 66.875, 3.105182535712494e-22, nan 
-22.125, 66.875, 2.9631659152726807e-22, nan 
-21.875, 66.875, 2.9717125426711155e-22, nan 
-21.625, 66.875, 2.780532280198242e-22, nan 
-21.375, 66.875, 3.997658164857587e-22, nan 
-21.125, 66.875, 4.009473739543496e-22, nan 
-20.875, 66.875, 1.598129137197091e-22, nan 
-20.625, 66.875, 1.6897113613408673e-22, nan 
-20.375, 66.875, 1.7830840084538328e-22, nan 
-20.125, 66.875, 5.983291244948176e-23, nan 
-19.875, 66.875, 3.0167155247716168e-22, nan 
-19.625, 66.875, 3.963219728215823e-22, nan 
-19.375, 66.875, 4.993201691568811e-22, nan 
-19.125, 66.875, 4.513289744465362e-22, nan 
-18.875, 66.875, 4.483540055118112e-22, nan 
-18.625, 66.875, 5.391255022438484e-22, nan 
-18.375, 66.875, 3.6247893992306233e-22, nan 
-18.125, 66.875, 1.7134666384708333e-22, nan 
-17.875, 66.875, 1.5441157301789358e-22, nan 
-17.625, 66.875, 4.545638352633457e-22, nan 
-17.375, 66.875, 7.680226422831507e-22, nan 
-17.125, 66.875, 8.470977134812473e-22, nan 
-16.875, 66.875, 6.27945287774429e-22, nan 
-16.625, 66.875, 9.252754116402844e-22, nan 
-16.375, 66.875, 2.674608205593795e-21, nan 
-16.125, 66.875, 6.139338222881425e-22, nan 
-15.875, 66.875, 6.045050734235116e-22, nan 
-15.625, 66.875, 1.517598475429229e-21, nan 
-15.375, 66.875, 3.067569394519411e-22, nan 
-15.125, 66.875, 2.970590462189053e-22, nan 
-14.875, 66.875, 2.600067412393414e-22, nan 
-14.625, 66.875, 1.1471556478529476e-22, nan 
-14.375, 66.875, 3.6503731247324475e-22, nan 
-14.125, 66.875, 6.453760340455469e-22, nan 
-13.875, 66.875, 7.547708423155006e-22, nan 
-13.625, 66.875, 3.802019936710847e-22, nan 
-13.375, 66.875, 9.526785995952317e-22, nan 
-13.125, 66.875, 1.3397603726451049e-21, nan 
-12.875, 66.875, 2.4477606420672094e-22, nan 
-12.625, 66.875, 3.052400560785552e-22, nan 
-12.375, 66.875, 5.670506530967789e-22, nan 
-12.125, 66.875, 2.8899569352800975e-22, nan 
-11.875, 66.875, 3.597161537934652e-22, nan 
-11.625, 66.875, 3.743238402445854e-22, nan 
-11.375, 66.875, 3.0920542459478265e-22, nan 
-11.125, 66.875, 3.545149860637338e-22, nan 
-10.875, 66.875, 3.2459965427162884e-22, nan 
-10.625, 66.875, 3.6546357645949653e-22, nan 
-10.375, 66.875, 3.807744693784533e-22, nan 
-10.125, 66.875, 4.229212230400001e-22, nan 
-9.875, 66.875, 3.2243000915016827e-22, nan 
-9.625, 66.875, 5.251467910493166e-22, nan 
-9.375, 66.875, 6.9838260998792585e-22, nan 
-9.125, 66.875, 5.757860745299539e-22, nan 
-8.875, 66.875, 2.5231142146356094e-22, nan 
-8.625, 66.875, 6.423397041232922e-22, nan 
-8.375, 66.875, 3.87384500450163e-22, nan 
-8.125, 66.875, 4.402580337216606e-22, nan 
-7.875, 66.875, 4.294826036548673e-22, nan 
-7.625, 66.875, 3.1797732228638482e-22, nan 
-7.375, 66.875, 2.993493560241349e-22, nan 
-7.125, 66.875, 3.5133314071708155e-22, nan 
-6.875, 66.875, 3.0285141338297756e-22, nan 
-6.625, 66.875, 1.789017572417934e-22, nan 
-6.375, 66.875, 1.9163311296939906e-22, nan 
-6.125, 66.875, 2.220449879604628e-22, nan 
-5.875, 66.875, 1.1554554232234356e-22, nan 
-5.625, 66.875, 1.2195359820182776e-22, nan 
-5.375, 66.875, 1.8921635928719946e-22, nan 
-5.125, 66.875, 1.2830895247830378e-22, nan 
-4.875, 66.875, 7.384866465687841e-23, nan 
-4.625, 66.875, 1.2450327675860138e-22, nan 
-4.375, 66.875, 1.0325588883965214e-22, nan 
-4.125, 66.875, 5.668099690953467e-23, nan 
-3.875, 66.875, 6.525828429235243e-23, nan 
-3.625, 66.875, 1.575262727537761e-22, nan 
-3.375, 66.875, 5.662071691895481e-23, nan 
-3.125, 66.875, 1.4206548386419478e-22, nan 
-2.875, 66.875, 1.7224421434874294e-22, nan 
-2.625, 66.875, 1.084999181825843e-22, nan 
-2.375, 66.875, 6.519456312529403e-23, nan 
-2.125, 66.875, 8.041795025912301e-23, nan 
-1.875, 66.875, 1.3246024800769782e-22, nan 
-1.625, 66.875, 1.2339522326181767e-22, nan 
-1.375, 66.875, 1.3550021507969325e-22, nan 
-1.125, 66.875, 1.3452121395566888e-22, nan 
-0.875, 66.875, 1.593884755405929e-22, nan 
-0.625, 66.875, 1.4296417510853908e-22, nan 
-0.375, 66.875, 1.0138321529992343e-22, nan 
-0.125, 66.875, 9.304012625351304e-23, nan 
0.125, 66.875, 1.9466639613237166e-22, nan 
0.375, 66.875, 1.790985075720161e-22, nan 
0.625, 66.875, 1.8889671516638122e-22, nan 
0.875, 66.875, 2.705137285922328e-22, nan 
1.125, 66.875, 1.8356326879301432e-22, nan 
1.375, 66.875, 2.224999169889924e-22, nan 
1.625, 66.875, 4.0748964659286397e-22, nan 
1.875, 66.875, 2.9807648150878636e-22, nan 
2.125, 66.875, 1.198790792860175e-22, nan 
2.375, 66.875, 3.3233123283548814e-22, nan 
2.625, 66.875, 2.4743538451731115e-22, nan 
2.875, 66.875, 1.0948782849472485e-22, nan 
3.125, 66.875, 1.7696409172255047e-22, nan 
3.375, 66.875, 1.6527153254939487e-22, nan 
3.625, 66.875, 1.5434251416042375e-22, nan 
3.875, 66.875, 1.564536031541378e-22, nan 
4.125, 66.875, 7.558932420036489e-23, nan 
4.375, 66.875, 6.034052598661067e-23, nan 
4.625, 66.875, 9.72543516543867e-23, nan 
4.875, 66.875, 6.782415952030619e-23, nan 
5.125, 66.875, 5.7225851540489e-23, nan 
5.375, 66.875, 7.33355204873997e-23, nan 
5.625, 66.875, 7.680265178814023e-23, nan 
5.875, 66.875, 7.435443029976322e-23, nan 
6.125, 66.875, 1.0047176203873011e-22, nan 
6.375, 66.875, 1.2878503652054137e-22, nan 
6.625, 66.875, 1.0069616393695674e-22, nan 
6.875, 66.875, 8.697431825769962e-23, nan 
7.125, 66.875, 8.114523022638262e-23, nan 
7.375, 66.875, 7.911447052281938e-23, nan 
7.625, 66.875, 1.242402774456592e-22, nan 
7.875, 66.875, 8.454584326889835e-23, nan 
8.125, 66.875, 7.599068936283884e-23, nan 
8.375, 66.875, 6.866308393377391e-23, nan 
8.625, 66.875, 7.162635201035575e-23, nan 
8.875, 66.875, 8.720097692263214e-23, nan 
9.125, 66.875, 7.171262894841009e-23, nan 
9.375, 66.875, 9.523048858484039e-23, nan 
9.625, 66.875, 7.733351889313533e-23, nan 
9.875, 66.875, 5.0924186767766995e-23, nan 
10.125, 66.875, 4.3359253050169135e-23, nan 
10.375, 66.875, 8.713165267592689e-23, nan 
10.625, 66.875, 1.4970418048038318e-22, nan 
10.875, 66.875, 1.081072592882869e-22, nan 
11.125, 66.875, 8.242505915723861e-23, nan 
11.375, 66.875, 6.497580426523169e-23, nan 
11.625, 66.875, 6.60194562051226e-23, nan 
11.875, 66.875, 8.703339935609871e-23, nan 
12.125, 66.875, 9.465945823032004e-23, nan 
12.375, 66.875, 7.392840875380759e-23, nan 
12.625, 66.875, 5.98413887515309e-23, nan 
12.875, 66.875, 6.528175155423124e-23, nan 
13.125, 66.875, 4.4293866903658065e-23, nan 
13.375, 66.875, 4.641029405888753e-23, nan 
13.625, 66.875, 8.559490358688241e-23, nan 
13.875, 66.875, 6.075425822859542e-23, nan 
14.125, 66.875, 5.597431914953791e-23, nan 
14.375, 66.875, 9.439244105461268e-23, nan 
14.625, 66.875, 8.279152509801463e-23, nan 
14.875, 66.875, 6.4616627522155e-23, nan 
15.125, 66.875, 6.924655205781037e-23, nan 
15.375, 66.875, 7.491770258375154e-23, nan 
15.625, 66.875, 4.701742000718779e-23, nan 
15.875, 66.875, 4.093571979652226e-23, nan 
16.125, 66.875, 2.1564275935667932e-23, nan 
16.375, 66.875, 2.9455389880480273e-23, nan 
16.625, 66.875, 5.086993746399839e-23, nan 
16.875, 66.875, 4.5026868909497334e-23, nan 
17.125, 66.875, 4.228283123104482e-23, nan 
17.375, 66.875, 6.491271958336932e-23, nan 
17.625, 66.875, 7.839204004549163e-23, nan 
17.875, 66.875, 6.868070343278111e-23, nan 
18.125, 66.875, 6.042520699410067e-23, nan 
18.375, 66.875, 7.621957436068078e-23, nan 
18.625, 66.875, 7.671768151971648e-23, nan 
18.875, 66.875, 7.356574400250424e-23, nan 
19.125, 66.875, 7.694391005458557e-23, nan 
19.375, 66.875, 6.964565742314396e-23, nan 
19.625, 66.875, 5.565565947014998e-23, nan 
19.875, 66.875, 4.412110044505408e-23, nan 
20.125, 66.875, 3.3602268260620425e-23, nan 
20.375, 66.875, 3.236875852941528e-23, nan 
20.625, 66.875, 4.361394067285087e-23, nan 
20.875, 66.875, 3.846730566685719e-23, nan 
21.125, 66.875, 5.415489780765954e-23, nan 
21.375, 66.875, 2.7728327362465685e-23, nan 
21.625, 66.875, 2.1627140035816934e-23, nan 
21.875, 66.875, 3.1088243895789923e-23, nan 
22.125, 66.875, 4.0675431654812575e-23, nan 
22.375, 66.875, 1.984876000037672e-23, nan 
22.625, 66.875, 1.6869967146293873e-23, nan 
22.875, 66.875, 1.5089968097746872e-23, nan 
23.125, 66.875, 2.6029065823199878e-23, nan 
23.375, 66.875, 2.489073290651259e-23, nan 
23.625, 66.875, 2.0249965453088727e-23, nan 
23.875, 66.875, 9.822840728238216e-24, nan 
24.125, 66.875, 1.6017576403722048e-23, nan 
24.375, 66.875, 1.6358910014924915e-23, nan 
24.625, 66.875, 2.057885709536103e-23, nan 
24.875, 66.875, 4.703182243033917e-23, nan 
25.125, 66.875, 4.640235209745362e-23, nan 
25.375, 66.875, 3.555724197345227e-23, nan 
25.625, 66.875, 3.333222009819231e-23, nan 
25.875, 66.875, 1.2389721949253853e-23, nan 
26.125, 66.875, 1.4336348159744098e-23, nan 
26.375, 66.875, 3.0471778525675777e-23, nan 
26.625, 66.875, 3.7648280061935037e-23, nan 
26.875, 66.875, 4.091296367673703e-23, nan 
27.125, 66.875, 4.926931717060317e-23, nan 
27.375, 66.875, 3.219364176987737e-23, nan 
27.625, 66.875, 2.6446078414002235e-23, nan 
27.875, 66.875, 2.75992468987712e-23, nan 
28.125, 66.875, 2.3827222618638705e-23, nan 
28.375, 66.875, 2.903088230436851e-23, nan 
28.625, 66.875, 2.387154304931478e-23, nan 
28.875, 66.875, 2.1881887538900553e-23, nan 
29.125, 66.875, 2.9938494473081244e-23, nan 
29.375, 66.875, 1.2685674945656072e-23, nan 
29.625, 66.875, 1.293357624971339e-23, nan 
29.875, 66.875, 1.3476578556082972e-23, nan 
30.125, 66.875, 1.3202604957564996e-23, nan 
30.375, 66.875, 6.538431941237008e-24, nan 
30.625, 66.875, 9.639314326727814e-24, nan 
30.875, 66.875, 3.558710284492686e-24, nan 
31.125, 66.875, 7.493249695620964e-24, nan 
31.375, 66.875, 1.572334200276058e-23, nan 
31.625, 66.875, 1.7746195439905584e-23, nan 
31.875, 66.875, 1.8216940398710828e-23, nan 
32.125, 66.875, 1.5163341400562563e-23, nan 
32.375, 66.875, 1.1668270608836236e-23, nan 
32.625, 66.875, 5.7125427636874075e-24, nan 
32.875, 66.875, 1.796426411950894e-23, nan 
33.125, 66.875, 1.5839653706842072e-23, nan 
33.375, 66.875, 1.7082520423879458e-23, nan 
33.625, 66.875, 1.5064781355323315e-23, nan 
33.875, 66.875, 1.0631463141291552e-23, nan 
34.125, 66.875, 1.3289942089345973e-23, nan 
34.375, 66.875, 1.1428269274490234e-23, nan 
34.625, 66.875, 8.00686564521752e-24, nan 
34.875, 66.875, 1.050817963316187e-23, nan 
35.125, 66.875, 7.240197832346504e-24, nan 
35.375, 66.875, 1.9712314051062595e-23, nan 
35.625, 66.875, 1.1901765467246636e-23, nan 
35.875, 66.875, 1.4758921259523142e-23, nan 
36.125, 66.875, 1.6811630807308156e-23, nan 
36.375, 66.875, 2.4570669616377442e-23, nan 
36.625, 66.875, 1.9961231243992568e-23, nan 
36.875, 66.875, 1.8096269864954574e-23, nan 
37.125, 66.875, 3.059824751956303e-23, nan 
37.375, 66.875, 1.111575494690919e-23, nan 
37.625, 66.875, 8.562540391161886e-24, nan 
37.875, 66.875, 2.5350199737937928e-23, nan 
38.125, 66.875, 2.1901000140442842e-23, nan 
38.375, 66.875, 1.0059159858226846e-23, nan 
38.625, 66.875, 2.1195386952834182e-23, nan 
38.875, 66.875, 2.5178981603788574e-23, nan 
39.125, 66.875, 6.057775509217046e-23, nan 
39.375, 66.875, 7.178873920662289e-23, nan 
39.625, 66.875, 4.612855322700483e-23, nan 
39.875, 66.875, 4.531740773579105e-23, nan 
40.125, 66.875, 6.137018348315471e-23, nan 
40.375, 66.875, 5.920302351694349e-23, nan 
40.625, 66.875, 2.8267740941168753e-23, nan 
40.875, 66.875, 1.6324917830265607e-23, nan 
41.125, 66.875, 2.0417387451923993e-23, nan 
41.375, 66.875, 1.7176983227253232e-23, nan 
41.625, 66.875, 2.4808747226282238e-23, nan 
41.875, 66.875, 2.991943476962673e-23, nan 
42.125, 66.875, 2.3397419041073818e-23, nan 
42.375, 66.875, 2.477830644146604e-23, nan 
42.625, 66.875, 2.3253534905385897e-23, nan 
42.875, 66.875, 1.012239734835374e-23, nan 
43.125, 66.875, 1.2632382443653622e-23, nan 
43.375, 66.875, 7.795036287330995e-24, nan 
43.625, 66.875, 4.030097659722723e-24, nan 
43.875, 66.875, 2.439372336646238e-24, nan 
44.125, 66.875, 1.1146247175799154e-24, nan 
44.375, 66.875, 2.9093232038727742e-24, nan 
44.625, 66.875, 2.4172957845152273e-24, nan 
44.875, 66.875, 2.51150729945474e-24, nan 
45.125, 66.875, 4.520872629658534e-24, nan 
45.375, 66.875, 2.6896775739166174e-24, nan 
45.625, 66.875, 3.0336477307518684e-24, nan 
45.875, 66.875, 6.1858927379012235e-24, nan 
46.125, 66.875, 7.193482326051722e-24, nan 
46.375, 66.875, 7.66773680878854e-24, nan 
46.625, 66.875, 1.0788678392452123e-23, nan 
46.875, 66.875, 5.6013495660229415e-24, nan 
47.125, 66.875, 5.5359766390813444e-24, nan 
47.375, 66.875, 8.145251225064767e-24, nan 
47.625, 66.875, 4.967121376512042e-24, nan 
47.875, 66.875, 2.1599162337722275e-23, nan 
48.125, 66.875, 5.198022408676499e-24, nan 
48.375, 66.875, 7.24397064180113e-24, nan 
48.625, 66.875, 1.0657561485760475e-24, nan 
48.875, 66.875, 2.63116324372488e-24, nan 
49.125, 66.875, 4.140772676111195e-24, nan 
49.375, 66.875, 5.113496235681656e-24, nan 
49.625, 66.875, 4.8365040214129746e-24, nan 
49.875, 66.875, 3.6684468950906015e-24, nan 
50.125, 66.875, 2.9237115514093385e-24, nan 
50.375, 66.875, 3.0962530830813804e-24, nan 
50.625, 66.875, 5.633421969376137e-24, nan 
50.875, 66.875, 4.7716752841490894e-24, nan 
51.125, 66.875, 6.825654871610521e-24, nan 
51.375, 66.875, 6.3065648351099506e-24, nan 
51.625, 66.875, 7.107496724516585e-24, nan 
51.875, 66.875, 6.813179274755403e-24, nan 
52.125, 66.875, 6.629776092750108e-24, nan 
52.375, 66.875, 6.154293791052192e-24, nan 
52.625, 66.875, 6.223618602512981e-24, nan 
52.875, 66.875, 7.288371684348428e-24, nan 
53.125, 66.875, 5.329388530512111e-24, nan 
53.375, 66.875, 7.17648264526202e-24, nan 
53.625, 66.875, 9.743312044012067e-24, nan 
53.875, 66.875, 2.811954375726549e-24, nan 
54.125, 66.875, 6.378841292716476e-24, nan 
54.375, 66.875, 8.581177335944554e-24, nan 
54.625, 66.875, 5.21783720374181e-24, nan 
54.875, 66.875, 4.861185169162392e-24, nan 
55.125, 66.875, 3.9238320145243816e-24, nan 
55.375, 66.875, 2.8775757200365548e-24, nan 
55.625, 66.875, 6.621787876780458e-24, nan 
55.875, 66.875, 8.184464446026036e-24, nan 
56.125, 66.875, 5.527543330083759e-24, nan 
56.375, 66.875, 4.568806108436877e-24, nan 
56.625, 66.875, 3.52758574436874e-24, nan 
56.875, 66.875, 1.5859254027255018e-24, nan 
57.125, 66.875, 1.5855069801864118e-24, nan 
57.375, 66.875, 2.0600648544385398e-24, nan 
57.625, 66.875, 2.0475555274330403e-24, nan 
-130.875, 67.125, 2.6061555039833816e-24, nan 
-130.625, 67.125, 2.2150571322767422e-24, nan 
-130.375, 67.125, 1.0968650520837452e-24, nan 
-130.125, 67.125, 2.1618529602759913e-24, nan 
-129.875, 67.125, 2.5852716358442353e-24, nan 
-129.625, 67.125, 4.4975890565479236e-24, nan 
-129.375, 67.125, 3.123007724021874e-24, nan 
-129.125, 67.125, 2.8826198777291536e-24, nan 
-128.875, 67.125, 4.5770929961471505e-24, nan 
-128.625, 67.125, 2.4540299319831833e-24, nan 
-128.375, 67.125, 2.7633246520426283e-24, nan 
-128.125, 67.125, 3.0781893937540375e-24, nan 
-127.875, 67.125, 2.70287679821936e-24, nan 
-127.625, 67.125, 1.5018701366015076e-24, nan 
-127.375, 67.125, 1.6789608568253783e-24, nan 
-127.125, 67.125, 4.106393497183355e-24, nan 
-126.875, 67.125, 3.6759912518110614e-24, nan 
-126.625, 67.125, 3.622103860747016e-24, nan 
-126.375, 67.125, 3.482539487817099e-24, nan 
-126.125, 67.125, 4.635777394834834e-24, nan 
-125.875, 67.125, 1.0463293113562587e-23, nan 
-125.625, 67.125, 6.75844047133715e-24, nan 
-125.375, 67.125, 4.108715145771357e-24, nan 
-125.125, 67.125, 4.882652477437824e-24, nan 
-124.875, 67.125, 7.769449401365227e-24, nan 
-124.625, 67.125, 3.1980709243237746e-24, nan 
-124.375, 67.125, 2.3782250712199477e-24, nan 
-124.125, 67.125, 2.7529335271320984e-24, nan 
-123.875, 67.125, 1.4166622969458668e-24, nan 
-123.625, 67.125, 2.03006949170361e-24, nan 
-123.375, 67.125, 3.8415523152712554e-24, nan 
-123.125, 67.125, 2.7907070542161276e-24, nan 
-122.875, 67.125, 3.1703677895924296e-24, nan 
-122.625, 67.125, 6.4198550556838774e-24, nan 
-122.375, 67.125, 4.144478618788028e-24, nan 
-122.125, 67.125, 5.4416460408760246e-24, nan 
-121.875, 67.125, 5.114598462947621e-24, nan 
-121.625, 67.125, 2.8953717343045835e-24, nan 
-121.375, 67.125, 5.816006952727847e-24, nan 
-121.125, 67.125, 5.47986716153756e-24, nan 
-120.875, 67.125, 3.592386456280344e-24, nan 
-120.625, 67.125, 3.1157941367828137e-24, nan 
-120.375, 67.125, 4.727856671089209e-24, nan 
-120.125, 67.125, 3.136507311914212e-24, nan 
-119.875, 67.125, 1.728108250736947e-24, nan 
-119.625, 67.125, 2.123096784971799e-24, nan 
-119.375, 67.125, 3.1348003139128114e-24, nan 
-119.125, 67.125, 3.795101033048981e-24, nan 
-118.875, 67.125, 4.594187208729108e-24, nan 
-118.625, 67.125, 3.1672340292853994e-24, nan 
-118.375, 67.125, 3.2824064999619124e-24, nan 
-118.125, 67.125, 3.2998377678004874e-24, nan 
-117.875, 67.125, 3.565594744717954e-24, nan 
-117.625, 67.125, 2.605399095207148e-24, nan 
-117.375, 67.125, 1.94116418810575e-24, nan 
-117.125, 67.125, 1.9946939833375217e-24, nan 
-116.875, 67.125, 2.9879798269097676e-24, nan 
-116.625, 67.125, 4.267699482170235e-24, nan 
-116.375, 67.125, 5.308410624068596e-24, nan 
-116.125, 67.125, 4.355718713042276e-24, nan 
-115.875, 67.125, 3.6756467389293e-24, nan 
-115.625, 67.125, 3.039641273320448e-24, nan 
-115.375, 67.125, 3.011043754953436e-24, nan 
-115.125, 67.125, 2.8305432883488064e-24, nan 
-114.875, 67.125, 2.7925123523174147e-24, nan 
-114.625, 67.125, 2.9571953893839356e-24, nan 
-114.375, 67.125, 2.91130741341336e-24, nan 
-114.125, 67.125, 3.878733939491162e-24, nan 
-113.875, 67.125, 2.998731552033076e-24, nan 
-113.625, 67.125, 2.9723465660010883e-24, nan 
-113.375, 67.125, 1.6924778172847835e-24, nan 
-113.125, 67.125, 1.8759437087726268e-24, nan 
-112.875, 67.125, 2.0964103575620432e-24, nan 
-112.625, 67.125, 1.5750938240940434e-24, nan 
-112.375, 67.125, 4.28192799132983e-24, nan 
-112.125, 67.125, 6.699699015562437e-24, nan 
-111.875, 67.125, 9.107944520466991e-24, nan 
-111.625, 67.125, 7.183038852001424e-24, nan 
-111.375, 67.125, 3.472911498457032e-23, nan 
-111.125, 67.125, 1.2538369482819876e-23, nan 
-110.875, 67.125, 2.371724886058088e-23, nan 
-110.625, 67.125, 6.517188227209992e-23, nan 
-110.375, 67.125, 1.4640859505870273e-23, nan 
-110.125, 67.125, 1.0619198418731311e-23, nan 
-109.875, 67.125, 3.5470123685709006e-23, nan 
-109.625, 67.125, 8.628024373470837e-24, nan 
-109.375, 67.125, 4.494524956711077e-24, nan 
-109.125, 67.125, 5.332662489843112e-24, nan 
-108.875, 67.125, 7.597680788395601e-24, nan 
-108.625, 67.125, 6.624221240334424e-24, nan 
-108.375, 67.125, 1.0282259829687464e-23, nan 
-108.125, 67.125, 1.066934917573766e-23, nan 
-107.875, 67.125, 9.240591576133761e-24, nan 
-107.625, 67.125, 6.5789884970510996e-24, nan 
-107.375, 67.125, 5.585962052539904e-24, nan 
-107.125, 67.125, 6.097223670694507e-24, nan 
-106.875, 67.125, 4.168941627408987e-24, nan 
-106.625, 67.125, 3.0993669810601014e-24, nan 
-106.375, 67.125, 2.8414027227901657e-24, nan 
-106.125, 67.125, 2.547450185906178e-24, nan 
-105.875, 67.125, 2.3368910115901166e-24, nan 
-105.625, 67.125, 2.2292608602069757e-24, nan 
-105.375, 67.125, 2.705344730524197e-24, nan 
-105.125, 67.125, 4.0103357634060834e-24, nan 
-104.875, 67.125, 3.575052705848249e-24, nan 
-104.625, 67.125, 4.701654627447807e-24, nan 
-104.375, 67.125, 7.331279775500938e-24, nan 
-104.125, 67.125, 8.133063109763472e-24, nan 
-103.875, 67.125, 9.095973386742225e-24, nan 
-103.625, 67.125, 3.662289098335501e-24, nan 
-103.375, 67.125, 4.23125699877055e-24, nan 
-103.125, 67.125, 4.081479431819018e-24, nan 
-102.875, 67.125, 4.083274618193971e-24, nan 
-102.625, 67.125, 4.568889647179882e-24, nan 
-102.375, 67.125, 5.318268342248577e-24, nan 
-102.125, 67.125, 4.89920494976338e-24, nan 
-101.875, 67.125, 4.677482663804066e-24, nan 
-101.625, 67.125, 4.7263665427536635e-24, nan 
-101.375, 67.125, 5.5140132071641854e-24, nan 
-101.125, 67.125, 6.489127627208879e-24, nan 
-100.875, 67.125, 6.583975843258214e-24, nan 
-100.625, 67.125, 5.2642826866104416e-24, nan 
-100.375, 67.125, 4.753219426425945e-24, nan 
-100.125, 67.125, 6.411988688789728e-24, nan 
-99.875, 67.125, 6.2302318199338954e-24, nan 
-99.625, 67.125, 6.893349071844955e-24, nan 
-99.375, 67.125, 6.236137183855727e-24, nan 
-99.125, 67.125, 6.730666039715597e-24, nan 
-98.875, 67.125, 7.751940184835583e-24, nan 
-98.625, 67.125, 6.220748155373628e-24, nan 
-98.375, 67.125, 5.740893607362856e-24, nan 
-98.125, 67.125, 9.399747021795578e-24, nan 
-97.875, 67.125, 7.910768884961223e-24, nan 
-97.625, 67.125, 7.367112936656362e-24, nan 
-97.375, 67.125, 7.875573585846611e-24, nan 
-97.125, 67.125, 7.812991950721768e-24, nan 
-96.875, 67.125, 8.276675432404852e-24, nan 
-96.625, 67.125, 7.302441435746242e-24, nan 
-96.375, 67.125, 9.349020035720375e-24, nan 
-96.125, 67.125, 7.899601528410418e-24, nan 
-95.875, 67.125, 6.675454439404019e-24, nan 
-95.625, 67.125, 8.13089643994569e-24, nan 
-95.375, 67.125, 6.724656816749796e-24, nan 
-95.125, 67.125, 8.905733004559817e-24, nan 
-94.875, 67.125, 1.1974380340868031e-23, nan 
-94.625, 67.125, 9.850695140056007e-24, nan 
-94.375, 67.125, 1.6207152938891322e-23, nan 
-94.125, 67.125, 8.051873648576879e-24, nan 
-93.875, 67.125, 8.032603313841106e-24, nan 
-93.625, 67.125, 1.1553468025188437e-23, nan 
-93.375, 67.125, 7.724943190905714e-24, nan 
-93.125, 67.125, 8.196821629874299e-24, nan 
-92.875, 67.125, 8.89621744718932e-24, nan 
-92.625, 67.125, 9.526630546705269e-24, nan 
-92.375, 67.125, 8.188297884777537e-24, nan 
-92.125, 67.125, 9.161997827507943e-24, nan 
-91.875, 67.125, 1.5522165062029577e-23, nan 
-91.625, 67.125, 1.4252503519180648e-23, nan 
-91.375, 67.125, 1.1456005028109107e-23, nan 
-91.125, 67.125, 1.1693112742716999e-23, nan 
-90.875, 67.125, 1.1589904801607286e-23, nan 
-90.625, 67.125, 9.154067984687857e-24, nan 
-90.375, 67.125, 1.0808312103267144e-23, nan 
-90.125, 67.125, 9.462088597434403e-24, nan 
-89.875, 67.125, 1.1084584773037396e-23, nan 
-89.625, 67.125, 1.208323945443888e-23, nan 
-89.375, 67.125, 1.0631385644211258e-23, nan 
-89.125, 67.125, 1.2203968121481735e-23, nan 
-88.875, 67.125, 1.2423299007602197e-23, nan 
-88.625, 67.125, 1.087866971705473e-23, nan 
-88.375, 67.125, 1.1725215596726714e-23, nan 
-88.125, 67.125, 1.3371053371110928e-23, nan 
-87.875, 67.125, 1.2025898638499216e-23, nan 
-87.625, 67.125, 1.1895396065562459e-23, nan 
-87.375, 67.125, 1.3566235065585345e-23, nan 
-87.125, 67.125, 1.442882676183876e-23, nan 
-86.875, 67.125, 1.5936628351421134e-23, nan 
-86.625, 67.125, 1.3666657460289854e-23, nan 
-86.375, 67.125, 1.6042140861243875e-23, nan 
-86.125, 67.125, 1.6554602426898962e-23, nan 
-85.875, 67.125, 1.6027425037054344e-23, nan 
-85.625, 67.125, 1.4482675252446859e-23, nan 
-85.375, 67.125, 1.6786341973519454e-23, nan 
-85.125, 67.125, 1.3604547749174548e-23, nan 
-84.875, 67.125, 1.3242873449126548e-23, nan 
-84.625, 67.125, 1.7771824033366785e-23, nan 
-84.375, 67.125, 1.2596402044839361e-23, nan 
-84.125, 67.125, 1.2937063249800722e-23, nan 
-83.875, 67.125, 1.0530140235635172e-23, nan 
-83.625, 67.125, 1.5207516865363775e-23, nan 
-83.375, 67.125, 1.721472234145633e-23, nan 
-83.125, 67.125, 3.3340363485620865e-23, nan 
-82.875, 67.125, 3.187876254512466e-23, nan 
-82.625, 67.125, 4.1372123120801795e-23, nan 
-82.375, 67.125, 5.3659541227111e-23, nan 
-82.125, 67.125, 4.333160635530027e-23, nan 
-81.875, 67.125, 4.0089655841511916e-23, nan 
-81.625, 67.125, 3.4100710918247735e-23, nan 
-81.375, 67.125, 3.119117207360214e-23, nan 
-81.125, 67.125, 4.14965409855835e-23, nan 
-80.875, 67.125, 6.18891366367407e-23, nan 
-80.625, 67.125, 5.999550581969367e-23, nan 
-80.375, 67.125, 5.795917648621273e-23, nan 
-80.125, 67.125, 5.84218354472645e-23, nan 
-79.875, 67.125, 6.787613371215985e-23, nan 
-79.625, 67.125, 6.138203794155841e-23, nan 
-79.375, 67.125, 3.033342810573594e-23, nan 
-79.125, 67.125, 4.5239013489733166e-23, nan 
-78.875, 67.125, 2.6298770192848788e-23, nan 
-78.625, 67.125, 5.573168155457488e-23, nan 
-78.375, 67.125, 5.358808371026603e-23, nan 
-78.125, 67.125, 3.9700754168069404e-23, nan 
-77.875, 67.125, 4.342599691930509e-23, nan 
-77.625, 67.125, 4.818683907144986e-23, nan 
-77.375, 67.125, 5.0735022797552284e-23, nan 
-77.125, 67.125, 4.1150721689755406e-23, nan 
-76.875, 67.125, 4.813806159894073e-23, nan 
-76.625, 67.125, 5.240360200537505e-23, nan 
-76.375, 67.125, 7.028775364530451e-23, nan 
-76.125, 67.125, 6.535520122072425e-23, nan 
-75.875, 67.125, 5.1768434426728705e-23, nan 
-75.625, 67.125, 5.883877881821035e-23, nan 
-75.375, 67.125, 6.07278052194583e-23, nan 
-75.125, 67.125, 6.448662647171008e-23, nan 
-74.875, 67.125, 6.66630026678244e-23, nan 
-74.625, 67.125, 5.1920686215654816e-23, nan 
-74.375, 67.125, 5.33826259349794e-23, nan 
-74.125, 67.125, 4.9063614692958706e-23, nan 
-73.875, 67.125, 5.0547457145139136e-23, nan 
-73.625, 67.125, 4.9162408659983224e-23, nan 
-73.375, 67.125, 4.4613578717374386e-23, nan 
-73.125, 67.125, 4.9399205157107935e-23, nan 
-72.875, 67.125, 5.577892657819008e-23, nan 
-72.625, 67.125, 5.689940675134939e-23, nan 
-72.375, 67.125, 5.693694651551092e-23, nan 
-72.125, 67.125, 4.406303836302241e-23, nan 
-71.875, 67.125, 4.3245725796432665e-23, nan 
-71.625, 67.125, 4.228152265769613e-23, nan 
-71.375, 67.125, 4.2293420444114175e-23, nan 
-71.125, 67.125, 4.853489405835852e-23, nan 
-70.875, 67.125, 5.356229097227827e-23, nan 
-70.625, 67.125, 4.9507850424351047e-23, nan 
-70.375, 67.125, 5.0263465121394024e-23, nan 
-70.125, 67.125, 4.83917621004939e-23, nan 
-69.875, 67.125, 4.785200263280264e-23, nan 
-69.625, 67.125, 4.8461507045976706e-23, nan 
-69.375, 67.125, 4.5459395647151313e-23, nan 
-69.125, 67.125, 5.226249929894902e-23, nan 
-68.875, 67.125, 6.479536628357287e-23, nan 
-68.625, 67.125, 5.981247053659671e-23, nan 
-68.375, 67.125, 5.184142791465638e-23, nan 
-68.125, 67.125, 6.852586540647364e-23, nan 
-67.875, 67.125, 6.621810874078939e-23, nan 
-67.625, 67.125, 5.783696455445989e-23, nan 
-67.375, 67.125, 5.1460957742083116e-23, nan 
-67.125, 67.125, 4.8513469590645293e-23, nan 
-66.875, 67.125, 5.2203311578917476e-23, nan 
-66.625, 67.125, 4.704241720573606e-23, nan 
-66.375, 67.125, 4.824354169535555e-23, nan 
-66.125, 67.125, 5.663403077537758e-23, nan 
-65.875, 67.125, 5.229435712852718e-23, nan 
-65.625, 67.125, 5.686339350094369e-23, nan 
-65.375, 67.125, 6.052073392105066e-23, nan 
-65.125, 67.125, 5.489880981788879e-23, nan 
-64.875, 67.125, 5.676306665284642e-23, nan 
-64.625, 67.125, 6.486140911066408e-23, nan 
-64.375, 67.125, 5.052744434010927e-23, nan 
-64.125, 67.125, 5.574542237375034e-23, nan 
-63.875, 67.125, 4.3319087930536094e-23, nan 
-63.625, 67.125, 3.8850059344127506e-23, nan 
-63.375, 67.125, 3.3937311699083896e-23, nan 
-63.125, 67.125, 3.81697999856205e-23, nan 
-62.875, 67.125, 5.220341934003657e-23, nan 
-62.625, 67.125, 4.29073072236877e-23, nan 
-62.375, 67.125, 4.512151043411897e-23, nan 
-62.125, 67.125, 4.404648091698887e-23, nan 
-61.875, 67.125, 4.999289607415023e-23, nan 
-61.625, 67.125, 5.360020491530939e-23, nan 
-61.375, 67.125, 4.126295739226357e-23, nan 
-61.125, 67.125, 5.937237526730648e-23, nan 
-60.875, 67.125, 6.294828797823953e-23, nan 
-60.625, 67.125, 6.988209639722556e-23, nan 
-60.375, 67.125, 6.32135634351679e-23, nan 
-60.125, 67.125, 6.643596027515724e-23, nan 
-59.875, 67.125, 7.137932108595299e-23, nan 
-59.625, 67.125, 7.225213509625452e-23, nan 
-59.375, 67.125, 6.857085308800347e-23, nan 
-59.125, 67.125, 7.849866881519257e-23, nan 
-58.875, 67.125, 5.390628533217098e-23, nan 
-58.625, 67.125, 8.577737871478055e-23, nan 
-58.375, 67.125, 9.49814432538196e-23, nan 
-58.125, 67.125, 7.137323006778081e-23, nan 
-57.875, 67.125, 6.328754564373904e-23, nan 
-57.625, 67.125, 6.492075585428101e-23, nan 
-57.375, 67.125, 4.280567581573221e-23, nan 
-57.125, 67.125, 3.9532639272554746e-23, nan 
-56.875, 67.125, 7.022382486842393e-23, nan 
-56.625, 67.125, 9.355828315261985e-23, nan 
-56.375, 67.125, 1.2418505356896443e-22, nan 
-56.125, 67.125, 1.1540170073456611e-22, nan 
-55.875, 67.125, 1.1658570546352713e-22, nan 
-55.625, 67.125, 1.4014550488638807e-22, nan 
-55.375, 67.125, 1.0665533809070352e-22, nan 
-55.125, 67.125, 3.12953197310242e-23, nan 
-54.875, 67.125, 5.331143851704693e-23, nan 
-54.625, 67.125, 1.0086989643882966e-22, nan 
-54.375, 67.125, 5.483365088048249e-23, nan 
-54.125, 67.125, 3.0720513439224933e-23, nan 
-53.875, 67.125, 8.895798621495659e-23, nan 
-53.625, 67.125, 1.2027120523731862e-22, nan 
-53.375, 67.125, 2.086729930789409e-22, nan 
-53.125, 67.125, 1.841024886707028e-22, nan 
-52.875, 67.125, 1.5739736284445048e-22, nan 
-52.625, 67.125, 1.2130938473399213e-22, nan 
-52.375, 67.125, 8.277080617309276e-23, nan 
-52.125, 67.125, 4.4489880627562075e-23, nan 
-51.875, 67.125, 6.329748495574806e-23, nan 
-51.625, 67.125, 4.9666091108019945e-23, nan 
-51.375, 67.125, 6.158387232729461e-23, nan 
-51.125, 67.125, 4.8041629403064664e-23, nan 
-50.875, 67.125, 6.897576073608469e-23, nan 
-50.625, 67.125, 5.980129351737925e-23, nan 
-50.375, 67.125, 9.093071218357864e-23, nan 
-50.125, 67.125, 1.3928045405087242e-22, nan 
-49.875, 67.125, 1.0759931584975112e-22, nan 
-49.625, 67.125, 1.149422138920632e-22, nan 
-49.375, 67.125, 2.577285284554649e-22, nan 
-49.125, 67.125, 1.6918155509750807e-22, nan 
-48.875, 67.125, 8.865145054948925e-23, nan 
-48.625, 67.125, 1.924924095139093e-22, nan 
-48.375, 67.125, 6.571429377642514e-23, nan 
-48.125, 67.125, 1.670065596976332e-22, nan 
-47.875, 67.125, 8.58269043406608e-23, nan 
-47.625, 67.125, 6.160505148685114e-23, nan 
-47.375, 67.125, 6.626256768257915e-23, nan 
-47.125, 67.125, 6.704953649734592e-23, nan 
-46.875, 67.125, 7.628313717121283e-23, nan 
-46.625, 67.125, 1.1454131690189012e-22, nan 
-46.375, 67.125, 2.4448036419114464e-22, nan 
-46.125, 67.125, 4.653044998065615e-22, nan 
-45.875, 67.125, 6.187511270601984e-22, nan 
-45.625, 67.125, 3.2572957015052645e-22, nan 
-45.375, 67.125, 2.7933362248994865e-22, nan 
-45.125, 67.125, 2.584892704677925e-22, nan 
-44.875, 67.125, 2.0225950868423234e-22, nan 
-44.625, 67.125, 1.8972243090761765e-22, nan 
-44.375, 67.125, 1.7584979524893737e-22, nan 
-44.125, 67.125, 1.7604490453617139e-22, nan 
-43.875, 67.125, 1.7469907016828727e-22, nan 
-43.625, 67.125, 8.659676855717504e-23, nan 
-43.375, 67.125, 1.48562488028337e-22, nan 
-43.125, 67.125, 9.520965663533976e-23, nan 
-42.875, 67.125, 6.00511912252062e-23, nan 
-42.625, 67.125, 2.2188109567447833e-22, nan 
-42.375, 67.125, 1.6684510136036506e-22, nan 
-42.125, 67.125, 1.1284326828691466e-22, nan 
-41.875, 67.125, 1.796824779834402e-22, nan 
-41.625, 67.125, 1.548042015957131e-22, nan 
-41.375, 67.125, 1.1939675352458693e-22, nan 
-41.125, 67.125, 2.2349100127044354e-22, nan 
-40.875, 67.125, 1.5708904493844033e-22, nan 
-40.625, 67.125, 1.7381174880826779e-22, nan 
-40.375, 67.125, 4.1194669502185016e-22, nan 
-40.125, 67.125, 4.52415624186675e-22, nan 
-39.875, 67.125, 4.038701816233835e-22, nan 
-39.625, 67.125, 4.391994564963505e-22, nan 
-39.375, 67.125, 4.425682077611919e-22, nan 
-39.125, 67.125, 3.818131279448237e-22, nan 
-38.875, 67.125, 3.2187350323242186e-22, nan 
-38.625, 67.125, 3.0023248755743e-22, nan 
-38.375, 67.125, 3.4202855871982917e-22, nan 
-38.125, 67.125, 4.763518127025971e-22, nan 
-37.875, 67.125, 3.8773348172093787e-22, nan 
-37.625, 67.125, 2.158136242883286e-22, nan 
-37.375, 67.125, 1.820037136764845e-22, nan 
-37.125, 67.125, 3.864143262801052e-22, nan 
-36.875, 67.125, 3.757889639814815e-22, nan 
-36.625, 67.125, 3.8904916257495823e-22, nan 
-36.375, 67.125, 2.511550491409904e-22, nan 
-36.125, 67.125, 3.5277896037296113e-22, nan 
-35.875, 67.125, 2.951349586399544e-22, nan 
-35.625, 67.125, 2.3617105548938852e-22, nan 
-35.375, 67.125, 4.497829536982599e-22, nan 
-35.125, 67.125, 2.940611837068059e-22, nan 
-34.875, 67.125, 2.2592920183371365e-22, nan 
-34.625, 67.125, 7.309970060205096e-22, nan 
-34.375, 67.125, 5.609743725852437e-22, nan 
-34.125, 67.125, 3.670022647112015e-22, nan 
-33.875, 67.125, 8.612769478286974e-22, nan 
-33.625, 67.125, 6.864027613645511e-22, nan 
-33.375, 67.125, 6.501125694074566e-22, nan 
-33.125, 67.125, 4.922700126418134e-22, nan 
-32.875, 67.125, 3.443959621441084e-22, nan 
-32.625, 67.125, 2.0725265843811877e-22, nan 
-32.375, 67.125, 1.5133673565756064e-22, nan 
-32.125, 67.125, 1.8462524322027891e-22, nan 
-31.875, 67.125, 3.279246911657708e-22, nan 
-31.625, 67.125, 2.575301814943906e-22, nan 
-31.375, 67.125, 1.436982415054435e-22, nan 
-31.125, 67.125, 1.1826996955202065e-22, nan 
-30.875, 67.125, 2.940260631363947e-22, nan 
-30.625, 67.125, 3.1458864476134167e-22, nan 
-30.375, 67.125, 3.5766050088920997e-22, nan 
-30.125, 67.125, 2.937968402935203e-22, nan 
-29.875, 67.125, 3.7486698540533425e-22, nan 
-29.625, 67.125, 4.646979047290322e-22, nan 
-29.375, 67.125, 4.80608440394474e-22, nan 
-29.125, 67.125, 5.1656813992856195e-22, nan 
-28.875, 67.125, 4.513092566455053e-22, nan 
-28.625, 67.125, 5.08394640225812e-22, nan 
-28.375, 67.125, 5.058207330516844e-22, nan 
-28.125, 67.125, 4.330569537475761e-22, nan 
-27.875, 67.125, 3.0265936908969855e-22, nan 
-27.625, 67.125, 3.3362859261386432e-22, nan 
-27.375, 67.125, 4.088830456413494e-22, nan 
-27.125, 67.125, 4.0388919477928227e-22, nan 
-26.875, 67.125, 5.318314644217944e-22, nan 
-26.625, 67.125, 5.844776530748906e-22, nan 
-26.375, 67.125, 6.270490278740038e-22, nan 
-26.125, 67.125, 9.536360829331246e-22, nan 
-25.875, 67.125, 7.436814131044939e-22, nan 
-25.625, 67.125, 5.736552618497632e-22, nan 
-25.375, 67.125, 7.951027823068278e-22, nan 
-25.125, 67.125, 1.004297598534914e-21, nan 
-24.875, 67.125, 8.120405734871214e-22, nan 
-24.625, 67.125, 7.31387089910102e-22, nan 
-24.375, 67.125, 8.488585220585487e-22, nan 
-24.125, 67.125, 7.910438615209327e-22, nan 
-23.875, 67.125, 6.01047737840647e-22, nan 
-23.625, 67.125, 3.6107991054749877e-22, nan 
-23.375, 67.125, 3.0181356353849805e-22, nan 
-23.125, 67.125, 2.394981163451297e-22, nan 
-22.875, 67.125, 2.5653343546024376e-22, nan 
-22.625, 67.125, 2.7667638059876407e-22, nan 
-22.375, 67.125, 2.2888484182159126e-22, nan 
-22.125, 67.125, 3.902537523620535e-22, nan 
-21.875, 67.125, 3.111792772419318e-22, nan 
-21.625, 67.125, 1.7092680555262629e-22, nan 
-21.375, 67.125, 4.318001513892103e-22, nan 
-21.125, 67.125, 3.882598045957472e-22, nan 
-20.875, 67.125, 1.6162276050227496e-22, nan 
-20.625, 67.125, 2.3198676854224708e-22, nan 
-20.375, 67.125, 2.862851268530395e-22, nan 
-20.125, 67.125, 2.3017820326696872e-22, nan 
-19.875, 67.125, 3.794146373619583e-22, nan 
-19.625, 67.125, 5.415195705968728e-22, nan 
-19.375, 67.125, 5.4051285542050755e-22, nan 
-19.125, 67.125, 3.7921487528814854e-22, nan 
-18.875, 67.125, 4.803260957325363e-22, nan 
-18.625, 67.125, 4.725367708493701e-22, nan 
-18.375, 67.125, 3.5223777466615094e-22, nan 
-18.125, 67.125, 2.537008309182535e-22, nan 
-17.875, 67.125, 3.0976802424021606e-22, nan 
-17.625, 67.125, 3.1481772223736837e-22, nan 
-17.375, 67.125, 6.473177209655332e-22, nan 
-17.125, 67.125, 7.806062084586851e-22, nan 
-16.875, 67.125, 1.0253177856289558e-21, nan 
-16.625, 67.125, 9.255430448878639e-22, nan 
-16.375, 67.125, 2.1360002417976726e-21, nan 
-16.125, 67.125, 1.3185493921518533e-21, nan 
-15.875, 67.125, 6.946206976342818e-22, nan 
-15.625, 67.125, 2.419356184981435e-22, nan 
-15.375, 67.125, 3.8298736805877395e-22, nan 
-15.125, 67.125, 3.8186724632109527e-22, nan 
-14.875, 67.125, 1.5659282523051124e-22, nan 
-14.625, 67.125, 2.958368715414012e-22, nan 
-14.375, 67.125, 4.023198575679327e-22, nan 
-14.125, 67.125, 3.3350108445369333e-22, nan 
-13.875, 67.125, 3.165863285916275e-22, nan 
-13.625, 67.125, 3.0076007390687194e-22, nan 
-13.375, 67.125, 6.965543761591318e-22, nan 
-13.125, 67.125, 8.412349157920945e-22, nan 
-12.875, 67.125, 2.7594537539519234e-22, nan 
-12.625, 67.125, 2.8184850808898994e-22, nan 
-12.375, 67.125, 2.248788208051249e-22, nan 
-12.125, 67.125, 5.394583958113884e-22, nan 
-11.875, 67.125, 3.72331835848642e-22, nan 
-11.625, 67.125, 3.856514623510302e-22, nan 
-11.375, 67.125, 5.50917820172107e-22, nan 
-11.125, 67.125, 4.113386418316542e-22, nan 
-10.875, 67.125, 4.834999977471508e-22, nan 
-10.625, 67.125, 3.862341766982793e-22, nan 
-10.375, 67.125, 1.5138431256134356e-22, nan 
-10.125, 67.125, 1.6272163883975761e-22, nan 
-9.875, 67.125, 3.445953413334134e-22, nan 
-9.625, 67.125, 4.690042268492051e-22, nan 
-9.375, 67.125, 3.9560400832279107e-22, nan 
-9.125, 67.125, 3.6603284911148934e-22, nan 
-8.875, 67.125, 3.1644455174286886e-22, nan 
-8.625, 67.125, 2.6508788188298897e-22, nan 
-8.375, 67.125, 3.2481257271986437e-22, nan 
-8.125, 67.125, 3.292372998785561e-22, nan 
-7.875, 67.125, 3.9902880388663136e-22, nan 
-7.625, 67.125, 3.5532307117570646e-22, nan 
-7.375, 67.125, 2.9630893393502715e-22, nan 
-7.125, 67.125, 3.271169411681859e-22, nan 
-6.875, 67.125, 3.104524331001889e-22, nan 
-6.625, 67.125, 2.945653219145482e-22, nan 
-6.375, 67.125, 2.96448354210791e-22, nan 
-6.125, 67.125, 2.6937314661059524e-22, nan 
-5.875, 67.125, 2.167017142639438e-22, nan 
-5.625, 67.125, 1.2711161318526267e-22, nan 
-5.375, 67.125, 2.521804193706274e-22, nan 
-5.125, 67.125, 2.3996148765640313e-22, nan 
-4.875, 67.125, 1.262386164669411e-22, nan 
-4.625, 67.125, 1.8417324128372434e-22, nan 
-4.375, 67.125, 1.4300231308122694e-22, nan 
-4.125, 67.125, 1.0181102582125934e-22, nan 
-3.875, 67.125, 1.7278464676375538e-22, nan 
-3.625, 67.125, 1.7088308009832453e-22, nan 
-3.375, 67.125, 1.0742400078212296e-22, nan 
-3.125, 67.125, 1.7607108103518448e-22, nan 
-2.875, 67.125, 1.965486765537534e-22, nan 
-2.625, 67.125, 1.3357082341807602e-22, nan 
-2.375, 67.125, 5.1165087368501755e-23, nan 
-2.125, 67.125, 8.457407175548213e-23, nan 
-1.875, 67.125, 1.0291140291521873e-22, nan 
-1.625, 67.125, 1.860055308311547e-22, nan 
-1.375, 67.125, 1.3978330353300923e-22, nan 
-1.125, 67.125, 1.2513443781852168e-22, nan 
-0.875, 67.125, 2.1932062050697716e-22, nan 
-0.625, 67.125, 1.482612786585095e-22, nan 
-0.375, 67.125, 1.2912772737854944e-22, nan 
-0.125, 67.125, 6.51968241969237e-23, nan 
0.125, 67.125, 1.3370377491372455e-22, nan 
0.375, 67.125, 1.5612514004492481e-22, nan 
0.625, 67.125, 1.9124699313215374e-22, nan 
0.875, 67.125, 1.974905217885309e-22, nan 
1.125, 67.125, 1.5573199340147438e-22, nan 
1.375, 67.125, 2.266477514935081e-22, nan 
1.625, 67.125, 2.5124741708464283e-22, nan 
1.875, 67.125, 1.745564301707599e-22, nan 
2.125, 67.125, 1.0661664758077335e-22, nan 
2.375, 67.125, 1.847003551703051e-22, nan 
2.625, 67.125, 2.6261903443152093e-22, nan 
2.875, 67.125, 3.3140895120730674e-22, nan 
3.125, 67.125, 2.5562694171255153e-22, nan 
3.375, 67.125, 2.0841464651872733e-22, nan 
3.625, 67.125, 2.772896428031925e-22, nan 
3.875, 67.125, 1.8279788048263203e-22, nan 
4.125, 67.125, 8.985298246164938e-23, nan 
4.375, 67.125, 1.258793284025415e-22, nan 
4.625, 67.125, 8.294690910711518e-23, nan 
4.875, 67.125, 8.396510146742128e-23, nan 
5.125, 67.125, 7.961594568869181e-23, nan 
5.375, 67.125, 7.255032851590139e-23, nan 
5.625, 67.125, 7.439590759303147e-23, nan 
5.875, 67.125, 9.20754621597053e-23, nan 
6.125, 67.125, 1.340684697440931e-22, nan 
6.375, 67.125, 1.5091206272375916e-22, nan 
6.625, 67.125, 1.018446288856023e-22, nan 
6.875, 67.125, 1.3671998869872162e-22, nan 
7.125, 67.125, 1.28141638949865e-22, nan 
7.375, 67.125, 6.384227511938063e-23, nan 
7.625, 67.125, 4.6627214474227926e-23, nan 
7.875, 67.125, 4.866904250023397e-23, nan 
8.125, 67.125, 5.870705791355526e-23, nan 
8.375, 67.125, 5.929527764874734e-23, nan 
8.625, 67.125, 6.218672680675912e-23, nan 
8.875, 67.125, 7.457914991454824e-23, nan 
9.125, 67.125, 3.886962471878666e-23, nan 
9.375, 67.125, 4.283890390071543e-23, nan 
9.625, 67.125, 1.3290227013207829e-22, nan 
9.875, 67.125, 2.162573464607934e-22, nan 
10.125, 67.125, 1.4222101698564093e-22, nan 
10.375, 67.125, 1.6785794454157635e-22, nan 
10.625, 67.125, 3.274198485971107e-22, nan 
10.875, 67.125, 1.8110239868749582e-22, nan 
11.125, 67.125, 4.960180091489688e-23, nan 
11.375, 67.125, 1.0842543753307232e-22, nan 
11.625, 67.125, 9.680337980128217e-23, nan 
11.875, 67.125, 8.065176019368329e-23, nan 
12.125, 67.125, 1.0541354760618053e-22, nan 
12.375, 67.125, 1.2682863850163493e-22, nan 
12.625, 67.125, 9.805084792750943e-23, nan 
12.875, 67.125, 9.428808179991533e-23, nan 
13.125, 67.125, 1.4827742550656173e-22, nan 
13.375, 67.125, 1.0116087300746005e-22, nan 
13.625, 67.125, 8.43444535334244e-23, nan 
13.875, 67.125, 1.0593260889427128e-22, nan 
14.125, 67.125, 7.868422617604586e-23, nan 
14.375, 67.125, 8.626700796135556e-23, nan 
14.625, 67.125, 8.169474255067423e-23, nan 
14.875, 67.125, 6.979936764537188e-23, nan 
15.125, 67.125, 9.367207000775166e-23, nan 
15.375, 67.125, 8.492863034653573e-23, nan 
15.625, 67.125, 7.953355308051209e-23, nan 
15.875, 67.125, 4.890724200054108e-23, nan 
16.125, 67.125, 4.6075037524589216e-23, nan 
16.375, 67.125, 8.632936520845923e-23, nan 
16.625, 67.125, 6.19136013732e-23, nan 
16.875, 67.125, 4.061228656632478e-23, nan 
17.125, 67.125, 6.436550292201392e-23, nan 
17.375, 67.125, 6.400971200312133e-23, nan 
17.625, 67.125, 7.202384808786946e-23, nan 
17.875, 67.125, 7.75227596646615e-23, nan 
18.125, 67.125, 7.904093758596009e-23, nan 
18.375, 67.125, 8.89142863783562e-23, nan 
18.625, 67.125, 8.812219836910591e-23, nan 
18.875, 67.125, 7.029016818144205e-23, nan 
19.125, 67.125, 8.884667602908137e-23, nan 
19.375, 67.125, 9.139045892463817e-23, nan 
19.625, 67.125, 8.971106420223344e-23, nan 
19.875, 67.125, 8.576855498358485e-23, nan 
20.125, 67.125, 8.116706480308359e-23, nan 
20.375, 67.125, 9.728733427338628e-23, nan 
20.625, 67.125, 1.0160353438305e-22, nan 
20.875, 67.125, 7.591558970530705e-23, nan 
21.125, 67.125, 7.300158321774927e-23, nan 
21.375, 67.125, 4.3500409700491225e-23, nan 
21.625, 67.125, 6.542239944001526e-23, nan 
21.875, 67.125, 4.4905315456846264e-23, nan 
22.125, 67.125, 7.154173586746909e-23, nan 
22.375, 67.125, 3.119874840520863e-23, nan 
22.625, 67.125, 1.6903756733197486e-23, nan 
22.875, 67.125, 4.035688142590587e-23, nan 
23.125, 67.125, 3.8047572070744904e-23, nan 
23.375, 67.125, 3.534449710710822e-23, nan 
23.625, 67.125, 2.9712166960372124e-23, nan 
23.875, 67.125, 3.2823866583835575e-23, nan 
24.125, 67.125, 3.750180758923116e-23, nan 
24.375, 67.125, 2.3974128328214966e-23, nan 
24.625, 67.125, 2.7772534137471294e-23, nan 
24.875, 67.125, 4.9614100735566874e-23, nan 
25.125, 67.125, 2.8599985539923286e-23, nan 
25.375, 67.125, 6.107537277242339e-23, nan 
25.625, 67.125, 4.172263351912687e-23, nan 
25.875, 67.125, 5.303282882373272e-23, nan 
26.125, 67.125, 5.230652473527166e-23, nan 
26.375, 67.125, 5.774832938091842e-23, nan 
26.625, 67.125, 5.513983952455555e-23, nan 
26.875, 67.125, 6.521108787000528e-23, nan 
27.125, 67.125, 7.879080913801932e-23, nan 
27.375, 67.125, 3.665701103917268e-23, nan 
27.625, 67.125, 2.931448289046546e-23, nan 
27.875, 67.125, 3.101558644956986e-23, nan 
28.125, 67.125, 1.6332756987712516e-23, nan 
28.375, 67.125, 1.232963465024447e-23, nan 
28.625, 67.125, 1.332315914315686e-23, nan 
28.875, 67.125, 2.2241432188776942e-23, nan 
29.125, 67.125, 1.925089181216494e-23, nan 
29.375, 67.125, 1.7651310113531127e-23, nan 
29.625, 67.125, 2.043124859075103e-23, nan 
29.875, 67.125, 5.8459779142634116e-24, nan 
30.125, 67.125, 1.70191216858292e-23, nan 
30.375, 67.125, 1.4131154507687014e-23, nan 
30.625, 67.125, 1.8322505024455838e-23, nan 
30.875, 67.125, 1.738775610950434e-23, nan 
31.125, 67.125, 1.97280663419149e-23, nan 
31.375, 67.125, 2.274613116647039e-23, nan 
31.625, 67.125, 2.91155325244705e-23, nan 
31.875, 67.125, 4.348592266444601e-23, nan 
32.125, 67.125, 2.92172532115089e-23, nan 
32.375, 67.125, 1.9874723555047436e-23, nan 
32.625, 67.125, 2.209664902831829e-23, nan 
32.875, 67.125, 2.8459028114576564e-23, nan 
33.125, 67.125, 2.02247612757757e-23, nan 
33.375, 67.125, 7.643583427393951e-24, nan 
33.625, 67.125, 2.3839486112749205e-23, nan 
33.875, 67.125, 1.7928102456578957e-23, nan 
34.125, 67.125, 1.134167972176132e-23, nan 
34.375, 67.125, 1.1517696000815438e-23, nan 
34.625, 67.125, 9.841230390486092e-24, nan 
34.875, 67.125, 1.1431411124983129e-23, nan 
35.125, 67.125, 7.939979183207285e-24, nan 
35.375, 67.125, 9.666632025143869e-24, nan 
35.625, 67.125, 1.580640526666122e-23, nan 
35.875, 67.125, 1.694651114204058e-23, nan 
36.125, 67.125, 1.5275191722997748e-23, nan 
36.375, 67.125, 1.694711353700923e-23, nan 
36.625, 67.125, 1.7906607181513184e-23, nan 
36.875, 67.125, 2.1692628163640796e-23, nan 
37.125, 67.125, 3.9829567510989874e-23, nan 
37.375, 67.125, 3.1527367447230776e-23, nan 
37.625, 67.125, 2.958072223284684e-23, nan 
37.875, 67.125, 6.258570899677818e-23, nan 
38.125, 67.125, 5.497376060023137e-23, nan 
38.375, 67.125, 2.5485756276221983e-23, nan 
38.625, 67.125, 4.451175203251398e-23, nan 
38.875, 67.125, 3.575535445999196e-23, nan 
39.125, 67.125, 4.0785219925608165e-23, nan 
39.375, 67.125, 2.9394936794619284e-23, nan 
39.625, 67.125, 2.018113539451756e-23, nan 
39.875, 67.125, 2.1483063467822683e-23, nan 
40.125, 67.125, 1.9451800266690082e-23, nan 
40.375, 67.125, 2.497932345507338e-23, nan 
40.625, 67.125, 1.7135176980040865e-23, nan 
40.875, 67.125, 1.9178127778695642e-23, nan 
41.125, 67.125, 2.576654320671672e-23, nan 
41.375, 67.125, 1.8872136611640953e-23, nan 
41.625, 67.125, 1.5602556482557702e-23, nan 
41.875, 67.125, 1.905543804231471e-23, nan 
42.125, 67.125, 1.516307915725694e-23, nan 
42.375, 67.125, 4.74952163782903e-24, nan 
42.625, 67.125, 6.174000406483257e-24, nan 
42.875, 67.125, 9.266250920357428e-24, nan 
43.125, 67.125, 1.481824051243768e-23, nan 
43.375, 67.125, 8.836501656349554e-24, nan 
43.625, 67.125, 4.712499383080667e-24, nan 
43.875, 67.125, 6.982096789624896e-24, nan 
44.125, 67.125, 5.3803608716438915e-24, nan 
44.375, 67.125, 3.72000470697943e-24, nan 
44.625, 67.125, 4.1679517308307586e-24, nan 
44.875, 67.125, 2.9543559690408445e-24, nan 
45.125, 67.125, 3.225279010049691e-24, nan 
45.375, 67.125, 4.962994576414069e-24, nan 
45.625, 67.125, 6.395535486279171e-24, nan 
45.875, 67.125, 4.941868336714621e-24, nan 
46.125, 67.125, 5.2270098981323515e-24, nan 
46.375, 67.125, 1.3698608998822663e-23, nan 
46.625, 67.125, 1.1526783981668003e-23, nan 
46.875, 67.125, 9.668985470544806e-24, nan 
47.125, 67.125, 2.410776576746554e-23, nan 
47.375, 67.125, 1.1244510838994096e-23, nan 
47.625, 67.125, 1.035020939395372e-23, nan 
47.875, 67.125, 4.110126088935971e-23, nan 
48.125, 67.125, 8.19865994859708e-24, nan 
48.375, 67.125, 1.757816531704579e-23, nan 
48.625, 67.125, 2.045534112619281e-23, nan 
48.875, 67.125, 8.66384993187188e-24, nan 
49.125, 67.125, 1.0387580829633158e-23, nan 
49.375, 67.125, 7.573947411850234e-24, nan 
49.625, 67.125, 7.830771171354697e-24, nan 
49.875, 67.125, 6.1054039444683005e-24, nan 
50.125, 67.125, 3.462839835528361e-24, nan 
50.375, 67.125, 4.059272782530708e-24, nan 
50.625, 67.125, 4.703060941203102e-24, nan 
50.875, 67.125, 4.942603576243008e-24, nan 
51.125, 67.125, 4.658409577468616e-24, nan 
51.375, 67.125, 4.9701783965575946e-24, nan 
51.625, 67.125, 5.492181005116996e-24, nan 
51.875, 67.125, 4.438652241445773e-24, nan 
52.125, 67.125, 4.418177434902302e-24, nan 
52.375, 67.125, 6.4425637308678464e-24, nan 
52.625, 67.125, 9.145606527682359e-24, nan 
52.875, 67.125, 8.235055465173046e-24, nan 
53.125, 67.125, 4.5016680615841624e-24, nan 
53.375, 67.125, 1.1336928276040965e-23, nan 
53.625, 67.125, 1.0390528135662196e-23, nan 
53.875, 67.125, 4.892012447225556e-24, nan 
54.125, 67.125, 9.753373981087698e-24, nan 
54.375, 67.125, 8.521354302845482e-24, nan 
54.625, 67.125, 6.066175318437932e-24, nan 
54.875, 67.125, 1.5917426777438072e-23, nan 
55.125, 67.125, 9.283832197467147e-24, nan 
55.375, 67.125, 5.79224714251077e-24, nan 
55.625, 67.125, 1.0828550138758106e-23, nan 
55.875, 67.125, 7.47504866591805e-24, nan 
56.125, 67.125, 5.5264535707993074e-24, nan 
56.375, 67.125, 5.587850563608049e-24, nan 
56.625, 67.125, 4.022565263638325e-24, nan 
56.875, 67.125, 3.0584001210549684e-24, nan 
57.125, 67.125, 3.0501904489086845e-24, nan 
57.375, 67.125, 2.8069998798699257e-24, nan 
57.625, 67.125, 1.6235529174634974e-24, nan 
57.875, 67.125, 1.859447679762846e-24, nan 
58.125, 67.125, 1.5441792484270491e-24, nan 
58.375, 67.125, 2.6081303219602448e-24, nan 
58.625, 67.125, 2.5777446755204052e-24, nan 
-132.125, 67.375, 4.310572998651096e-24, nan 
-131.875, 67.375, 4.581311270718108e-24, nan 
-131.625, 67.375, 3.9989253019574995e-24, nan 
-131.375, 67.375, 2.5801202499226437e-24, nan 
-131.125, 67.375, 4.0257159343834345e-24, nan 
-130.875, 67.375, 5.262553046549967e-24, nan 
-130.625, 67.375, 5.485877735146909e-24, nan 
-130.375, 67.375, 5.909183116801523e-24, nan 
-130.125, 67.375, 4.800330160915189e-24, nan 
-129.875, 67.375, 4.941846511786129e-24, nan 
-129.625, 67.375, 4.4064828042166046e-24, nan 
-129.375, 67.375, 3.537728118578904e-24, nan 
-129.125, 67.375, 3.076203444126018e-24, nan 
-128.875, 67.375, 1.9372298489904338e-24, nan 
-128.625, 67.375, 2.4749490291222562e-24, nan 
-128.375, 67.375, 1.8737634520800897e-24, nan 
-128.125, 67.375, 3.061064426511424e-24, nan 
-127.875, 67.375, 2.9579138965504484e-24, nan 
-127.625, 67.375, 5.153123069707344e-24, nan 
-127.375, 67.375, 2.2687819411106663e-24, nan 
-127.125, 67.375, 3.586444046148239e-24, nan 
-126.875, 67.375, 2.8427398087552238e-24, nan 
-126.625, 67.375, 3.2261586104280796e-24, nan 
-126.375, 67.375, 4.468170370052253e-24, nan 
-126.125, 67.375, 1.7171215356842594e-24, nan 
-125.875, 67.375, 2.7271661989013945e-24, nan 
-125.625, 67.375, 3.891698183297523e-24, nan 
-125.375, 67.375, 3.399811614164568e-24, nan 
-125.125, 67.375, 4.106224614140583e-24, nan 
-124.875, 67.375, 6.2234869553535474e-24, nan 
-124.625, 67.375, 3.907106083778749e-24, nan 
-124.375, 67.375, 2.8259064024367302e-24, nan 
-124.125, 67.375, 2.534237675192429e-24, nan 
-123.875, 67.375, 2.6142567744517306e-24, nan 
-123.625, 67.375, 3.2988681852882042e-24, nan 
-123.375, 67.375, 2.2463950133574323e-24, nan 
-123.125, 67.375, 2.3912291908665918e-24, nan 
-122.875, 67.375, 2.6351709476797182e-24, nan 
-122.625, 67.375, 6.061747972800468e-24, nan 
-122.375, 67.375, 4.172586650942057e-24, nan 
-122.125, 67.375, 2.6547580146466254e-24, nan 
-121.875, 67.375, 2.6106409005947755e-24, nan 
-121.625, 67.375, 2.6680511052905945e-24, nan 
-121.375, 67.375, 6.088566631645922e-24, nan 
-121.125, 67.375, 5.6402286394990176e-24, nan 
-120.875, 67.375, 3.853582701489416e-24, nan 
-120.625, 67.375, 3.0750135935481027e-24, nan 
-120.375, 67.375, 5.405408976615553e-24, nan 
-120.125, 67.375, 3.577813609826536e-24, nan 
-119.875, 67.375, 2.5950037678998214e-24, nan 
-119.625, 67.375, 4.637432667407822e-24, nan 
-119.375, 67.375, 2.8535269898598496e-24, nan 
-119.125, 67.375, 1.7756718665604552e-24, nan 
-118.875, 67.375, 2.7046206457338846e-24, nan 
-118.625, 67.375, 2.381116958975593e-24, nan 
-118.375, 67.375, 3.5242855454654375e-24, nan 
-118.125, 67.375, 3.5889520118622516e-24, nan 
-117.875, 67.375, 3.917003249229531e-24, nan 
-117.625, 67.375, 3.752789801206153e-24, nan 
-117.375, 67.375, 4.151034150601573e-24, nan 
-117.125, 67.375, 3.699953029160702e-24, nan 
-116.875, 67.375, 2.690586259868236e-24, nan 
-116.625, 67.375, 2.4959672683765495e-24, nan 
-116.375, 67.375, 3.0546685797041797e-24, nan 
-116.125, 67.375, 3.625589142633637e-24, nan 
-115.875, 67.375, 3.429623008215929e-24, nan 
-115.625, 67.375, 2.1976163915666854e-24, nan 
-115.375, 67.375, 1.9968462811117028e-24, nan 
-115.125, 67.375, 3.0015440870358504e-24, nan 
-114.875, 67.375, 2.5643699461824286e-24, nan 
-114.625, 67.375, 2.729039522310356e-24, nan 
-114.375, 67.375, 3.164741704982251e-24, nan 
-114.125, 67.375, 4.67503565988699e-24, nan 
-113.875, 67.375, 4.134996780729475e-24, nan 
-113.625, 67.375, 4.009746245440812e-24, nan 
-113.375, 67.375, 4.136467630851943e-24, nan 
-113.125, 67.375, 3.4906785999468565e-24, nan 
-112.875, 67.375, 3.742459087676988e-24, nan 
-112.625, 67.375, 3.139964265803087e-24, nan 
-112.375, 67.375, 4.5528306748726155e-24, nan 
-112.125, 67.375, 8.172602002480306e-24, nan 
-111.875, 67.375, 1.1471418299234147e-23, nan 
-111.625, 67.375, 2.0634766732024896e-23, nan 
-111.375, 67.375, 2.915023097757379e-23, nan 
-111.125, 67.375, 2.0263204496594794e-23, nan 
-110.875, 67.375, 4.3676850209161243e-23, nan 
-110.625, 67.375, 4.63693731029248e-23, nan 
-110.375, 67.375, 1.948877161580536e-23, nan 
-110.125, 67.375, 3.0206790688978454e-23, nan 
-109.875, 67.375, 2.5500265165625606e-23, nan 
-109.625, 67.375, 1.2328524341784456e-23, nan 
-109.375, 67.375, 1.0113858123444315e-23, nan 
-109.125, 67.375, 3.78985348939945e-24, nan 
-108.875, 67.375, 5.080489654819619e-24, nan 
-108.625, 67.375, 5.654344204057274e-24, nan 
-108.375, 67.375, 5.537096190890127e-24, nan 
-108.125, 67.375, 8.119303263860277e-24, nan 
-107.875, 67.375, 6.891643562319472e-24, nan 
-107.625, 67.375, 5.623656114360588e-24, nan 
-107.375, 67.375, 3.701766071947765e-24, nan 
-107.125, 67.375, 2.147313855479289e-24, nan 
-106.875, 67.375, 2.652395024409392e-24, nan 
-106.625, 67.375, 3.610515341098427e-24, nan 
-106.375, 67.375, 2.9262383329743307e-24, nan 
-106.125, 67.375, 3.656507801395018e-24, nan 
-105.875, 67.375, 2.928078652982739e-24, nan 
-105.625, 67.375, 2.9402549569025684e-24, nan 
-105.375, 67.375, 3.826330057650208e-24, nan 
-105.125, 67.375, 5.4896107669186964e-24, nan 
-104.875, 67.375, 5.180945096189127e-24, nan 
-104.625, 67.375, 5.581863007924974e-24, nan 
-104.375, 67.375, 8.332538189155861e-24, nan 
-104.125, 67.375, 9.991219370337438e-24, nan 
-103.875, 67.375, 1.1682964302417566e-23, nan 
-103.625, 67.375, 6.587685885581337e-24, nan 
-103.375, 67.375, 6.698577353882699e-24, nan 
-103.125, 67.375, 7.28731624553409e-24, nan 
-102.875, 67.375, 5.3701875426837384e-24, nan 
-102.625, 67.375, 5.8754399055278614e-24, nan 
-102.375, 67.375, 5.006292237033935e-24, nan 
-102.125, 67.375, 5.318283608845139e-24, nan 
-101.875, 67.375, 5.550748889359425e-24, nan 
-101.625, 67.375, 6.716172197288226e-24, nan 
-101.375, 67.375, 5.203794497178757e-24, nan 
-101.125, 67.375, 5.232546440569314e-24, nan 
-100.875, 67.375, 6.4823302523398384e-24, nan 
-100.625, 67.375, 5.479546681560512e-24, nan 
-100.375, 67.375, 6.405630585683275e-24, nan 
-100.125, 67.375, 5.858188777059893e-24, nan 
-99.875, 67.375, 6.1306396573457266e-24, nan 
-99.625, 67.375, 6.487280536308187e-24, nan 
-99.375, 67.375, 5.965592974705971e-24, nan 
-99.125, 67.375, 5.2095959068970114e-24, nan 
-98.875, 67.375, 4.751158549848017e-24, nan 
-98.625, 67.375, 4.5989564392409086e-24, nan 
-98.375, 67.375, 7.477506453813746e-24, nan 
-98.125, 67.375, 7.218386395351346e-24, nan 
-97.875, 67.375, 7.49479313229412e-24, nan 
-97.625, 67.375, 7.83381816482519e-24, nan 
-97.375, 67.375, 6.649150991158802e-24, nan 
-97.125, 67.375, 8.457199505711616e-24, nan 
-96.875, 67.375, 7.634625986235663e-24, nan 
-96.625, 67.375, 7.615831102994383e-24, nan 
-96.375, 67.375, 7.800229794277645e-24, nan 
-96.125, 67.375, 8.198295778183077e-24, nan 
-95.875, 67.375, 6.419653174210878e-24, nan 
-95.625, 67.375, 6.39201989281309e-24, nan 
-95.375, 67.375, 7.644128092939904e-24, nan 
-95.125, 67.375, 9.06526620635792e-24, nan 
-94.875, 67.375, 6.108074250032309e-24, nan 
-94.625, 67.375, 7.808318194416714e-24, nan 
-94.375, 67.375, 1.4949865296312678e-23, nan 
-94.125, 67.375, 7.450360624617343e-24, nan 
-93.875, 67.375, 7.641947901265065e-24, nan 
-93.625, 67.375, 8.142702536127463e-24, nan 
-93.375, 67.375, 9.185220437643528e-24, nan 
-93.125, 67.375, 9.2753585160099e-24, nan 
-92.875, 67.375, 1.0693389424235216e-23, nan 
-92.625, 67.375, 1.1380279675739356e-23, nan 
-92.375, 67.375, 1.1696960369732251e-23, nan 
-92.125, 67.375, 1.2316535386297778e-23, nan 
-91.875, 67.375, 1.5955010345142858e-23, nan 
-91.625, 67.375, 1.4794272864725468e-23, nan 
-91.375, 67.375, 1.2823565188116829e-23, nan 
-91.125, 67.375, 9.672551146949386e-24, nan 
-90.875, 67.375, 9.028030700722377e-24, nan 
-90.625, 67.375, 9.235813061251664e-24, nan 
-90.375, 67.375, 1.2463052450857047e-23, nan 
-90.125, 67.375, 1.1003795415804769e-23, nan 
-89.875, 67.375, 1.1050260821442404e-23, nan 
-89.625, 67.375, 1.1994046873507223e-23, nan 
-89.375, 67.375, 1.109539374527031e-23, nan 
-89.125, 67.375, 1.2227087009333247e-23, nan 
-88.875, 67.375, 1.2500653415853699e-23, nan 
-88.625, 67.375, 1.4197693889228972e-23, nan 
-88.375, 67.375, 1.1964886068456745e-23, nan 
-88.125, 67.375, 1.3568643509998726e-23, nan 
-87.875, 67.375, 1.5373322600704104e-23, nan 
-87.625, 67.375, 1.372475024016814e-23, nan 
-87.375, 67.375, 1.396158159592899e-23, nan 
-87.125, 67.375, 1.6265300995089175e-23, nan 
-86.875, 67.375, 1.6447460475744106e-23, nan 
-86.625, 67.375, 1.4378594781764824e-23, nan 
-86.375, 67.375, 1.30496647892971e-23, nan 
-86.125, 67.375, 1.5308578785465227e-23, nan 
-85.875, 67.375, 1.3942289748363546e-23, nan 
-85.625, 67.375, 1.2438783475012184e-23, nan 
-85.375, 67.375, 1.1419229257483985e-23, nan 
-85.125, 67.375, 1.0879486185273821e-23, nan 
-84.875, 67.375, 1.1891217253050568e-23, nan 
-84.625, 67.375, 1.3690713271183475e-23, nan 
-84.375, 67.375, 1.6591094407798137e-23, nan 
-84.125, 67.375, 3.3308418863076684e-23, nan 
-83.875, 67.375, 4.9308338061440436e-23, nan 
-83.625, 67.375, 4.389469603159172e-23, nan 
-83.375, 67.375, 4.3233598950408255e-23, nan 
-83.125, 67.375, 4.8192263720897194e-23, nan 
-82.875, 67.375, 4.144262701479553e-23, nan 
-82.625, 67.375, 5.2090710140221393e-23, nan 
-82.375, 67.375, 5.719977849778545e-23, nan 
-82.125, 67.375, 5.183421675639062e-23, nan 
-81.875, 67.375, 4.765783648535112e-23, nan 
-81.625, 67.375, 5.1920397672525413e-23, nan 
-81.375, 67.375, 6.30783048251744e-23, nan 
-81.125, 67.375, 5.379668879077922e-23, nan 
-80.875, 67.375, 5.915073691116449e-23, nan 
-80.625, 67.375, 5.950108493561783e-23, nan 
-80.375, 67.375, 4.5178737373870913e-23, nan 
-80.125, 67.375, 2.3063502068974414e-23, nan 
-79.875, 67.375, 1.8568419288355123e-23, nan 
-79.625, 67.375, 2.0847407735502272e-23, nan 
-79.375, 67.375, 2.1925502863182825e-23, nan 
-79.125, 67.375, 2.6483636654924006e-23, nan 
-78.875, 67.375, 3.295908333920948e-23, nan 
-78.625, 67.375, 3.360161775401332e-23, nan 
-78.375, 67.375, 4.236070401569433e-23, nan 
-78.125, 67.375, 4.247595566142044e-23, nan 
-77.875, 67.375, 4.1291132178040516e-23, nan 
-77.625, 67.375, 5.004184068294638e-23, nan 
-77.375, 67.375, 4.810936568969916e-23, nan 
-77.125, 67.375, 5.062114236465861e-23, nan 
-76.875, 67.375, 4.8387752598257976e-23, nan 
-76.625, 67.375, 3.043502062068923e-23, nan 
-76.375, 67.375, 4.543176253333357e-23, nan 
-76.125, 67.375, 3.883789524570582e-23, nan 
-75.875, 67.375, 4.110182004430882e-23, nan 
-75.625, 67.375, 4.4762263690597654e-23, nan 
-75.375, 67.375, 3.916102737697061e-23, nan 
-75.125, 67.375, 3.1329845904621487e-23, nan 
-74.875, 67.375, 4.326899870928979e-23, nan 
-74.625, 67.375, 4.570317140665606e-23, nan 
-74.375, 67.375, 3.637113698858973e-23, nan 
-74.125, 67.375, 4.400696810615168e-23, nan 
-73.875, 67.375, 4.293117165053246e-23, nan 
-73.625, 67.375, 3.994121832541278e-23, nan 
-73.375, 67.375, 3.762013725600527e-23, nan 
-73.125, 67.375, 3.6718479670067046e-23, nan 
-72.875, 67.375, 4.0852279660518154e-23, nan 
-72.625, 67.375, 4.57273323001509e-23, nan 
-72.375, 67.375, 3.651936047868491e-23, nan 
-72.125, 67.375, 3.3283527080965023e-23, nan 
-71.875, 67.375, 3.3787540297590374e-23, nan 
-71.625, 67.375, 4.1170646629395635e-23, nan 
-71.375, 67.375, 6.229615182814153e-23, nan 
-71.125, 67.375, 7.136593519739593e-23, nan 
-70.875, 67.375, 6.262839018171621e-23, nan 
-70.625, 67.375, 5.983591686448746e-23, nan 
-70.375, 67.375, 6.910878715577555e-23, nan 
-70.125, 67.375, 6.635407263790146e-23, nan 
-69.875, 67.375, 4.5743657867069027e-23, nan 
-69.625, 67.375, 4.818719939045462e-23, nan 
-69.375, 67.375, 4.3435875291851496e-23, nan 
-69.125, 67.375, 5.64320577735431e-23, nan 
-68.875, 67.375, 5.87930520880729e-23, nan 
-68.625, 67.375, 4.8527155051877947e-23, nan 
-68.375, 67.375, 5.1105298651109234e-23, nan 
-68.125, 67.375, 6.042198556021229e-23, nan 
-67.875, 67.375, 5.295958166728743e-23, nan 
-67.625, 67.375, 4.266632824417494e-23, nan 
-67.375, 67.375, 4.4771263322946695e-23, nan 
-67.125, 67.375, 5.143188013753177e-23, nan 
-66.875, 67.375, 5.847012212915958e-23, nan 
-66.625, 67.375, 5.427407958465324e-23, nan 
-66.375, 67.375, 6.869288379501027e-23, nan 
-66.125, 67.375, 7.437982943070495e-23, nan 
-65.875, 67.375, 7.300488163317823e-23, nan 
-65.625, 67.375, 7.241284361003346e-23, nan 
-65.375, 67.375, 6.675975842299564e-23, nan 
-65.125, 67.375, 5.229947195640032e-23, nan 
-64.875, 67.375, 4.6853685641300956e-23, nan 
-64.625, 67.375, 3.877329208717913e-23, nan 
-64.375, 67.375, 4.048638823309679e-23, nan 
-64.125, 67.375, 5.092325248802125e-23, nan 
-63.875, 67.375, 5.0538419360205835e-23, nan 
-63.625, 67.375, 7.159425959622426e-23, nan 
-63.375, 67.375, 4.520633298603249e-23, nan 
-63.125, 67.375, 4.7620385541998974e-23, nan 
-62.875, 67.375, 8.190743006159062e-23, nan 
-62.625, 67.375, 4.0928273020489605e-23, nan 
-62.375, 67.375, 4.3562414890151177e-23, nan 
-62.125, 67.375, 5.1937173956279353e-23, nan 
-61.875, 67.375, 6.63480494923028e-23, nan 
-61.625, 67.375, 7.289636758593043e-23, nan 
-61.375, 67.375, 6.654796842562074e-23, nan 
-61.125, 67.375, 7.332787214948447e-23, nan 
-60.875, 67.375, 7.82798270452666e-23, nan 
-60.625, 67.375, 8.068950832893824e-23, nan 
-60.375, 67.375, 8.178447872619683e-23, nan 
-60.125, 67.375, 8.680597346608501e-23, nan 
-59.875, 67.375, 8.982073575326265e-23, nan 
-59.625, 67.375, 6.018806154894922e-23, nan 
-59.375, 67.375, 6.038144173027288e-23, nan 
-59.125, 67.375, 3.209183600518876e-23, nan 
-58.875, 67.375, 3.196955431682061e-23, nan 
-58.625, 67.375, 3.138062416655869e-23, nan 
-58.375, 67.375, 4.4039237997505724e-23, nan 
-58.125, 67.375, 4.038222801490775e-23, nan 
-57.875, 67.375, 6.744360163284678e-23, nan 
-57.625, 67.375, 6.612064826445419e-23, nan 
-57.375, 67.375, 8.704611894707688e-23, nan 
-57.125, 67.375, 1.3855137608808973e-22, nan 
-56.875, 67.375, 1.1237830531909237e-22, nan 
-56.625, 67.375, 9.323395691178297e-23, nan 
-56.375, 67.375, 1.2350767727790142e-22, nan 
-56.125, 67.375, 1.4257429082744569e-22, nan 
-55.875, 67.375, 1.4241894496646688e-22, nan 
-55.625, 67.375, 1.56894716809772e-22, nan 
-55.375, 67.375, 1.957333159136742e-22, nan 
-55.125, 67.375, 2.0313025840012857e-22, nan 
-54.875, 67.375, 6.31874602952073e-23, nan 
-54.625, 67.375, 1.0380031489515619e-22, nan 
-54.375, 67.375, 1.9943284384610743e-22, nan 
-54.125, 67.375, 2.336166670949852e-22, nan 
-53.875, 67.375, 2.370838698867658e-22, nan 
-53.625, 67.375, 2.444279483576364e-22, nan 
-53.375, 67.375, 3.6603439925803773e-22, nan 
-53.125, 67.375, 3.4439876981035654e-22, nan 
-52.875, 67.375, 2.6058488267666576e-22, nan 
-52.625, 67.375, 1.9633514632746172e-22, nan 
-52.375, 67.375, 1.9347910416831839e-22, nan 
-52.125, 67.375, 1.893522026315719e-22, nan 
-51.875, 67.375, 1.4214030263499228e-22, nan 
-51.625, 67.375, 1.3109702027216656e-22, nan 
-51.375, 67.375, 5.244631198846175e-23, nan 
-51.125, 67.375, 4.4374902019932235e-23, nan 
-50.875, 67.375, 1.306101640727271e-22, nan 
-50.625, 67.375, 6.100031541768235e-23, nan 
-50.375, 67.375, 3.3691772644529375e-23, nan 
-50.125, 67.375, 5.781167659710586e-23, nan 
-49.875, 67.375, 8.946077201238718e-23, nan 
-49.625, 67.375, 1.092707102100948e-22, nan 
-49.375, 67.375, 2.072254224919352e-22, nan 
-49.125, 67.375, 1.6835089801311568e-22, nan 
-48.875, 67.375, 1.4958814684734546e-22, nan 
-48.625, 67.375, 1.24573027361639e-22, nan 
-48.375, 67.375, 1.1543493441166336e-22, nan 
-48.125, 67.375, 1.3532494076533732e-22, nan 
-47.875, 67.375, 8.745983031889392e-23, nan 
-47.625, 67.375, 7.923064496534068e-23, nan 
-47.375, 67.375, 7.183450575366795e-23, nan 
-47.125, 67.375, 7.941696526520128e-23, nan 
-46.875, 67.375, 4.0970519177200124e-22, nan 
-46.625, 67.375, 6.071843100675111e-22, nan 
-46.375, 67.375, 3.4358467544233843e-22, nan 
-46.125, 67.375, 6.708913542084841e-22, nan 
-45.875, 67.375, 9.983052289187233e-22, nan 
-45.625, 67.375, 4.010991484143909e-22, nan 
-45.375, 67.375, 2.661591904049845e-22, nan 
-45.125, 67.375, 4.004229806170774e-22, nan 
-44.875, 67.375, 1.983974473634081e-22, nan 
-44.625, 67.375, 1.9658107508123617e-22, nan 
-44.375, 67.375, 1.8974825269447238e-22, nan 
-44.125, 67.375, 2.0824626844151204e-22, nan 
-43.875, 67.375, 1.2747899150081308e-22, nan 
-43.625, 67.375, 7.356371839167078e-23, nan 
-43.375, 67.375, 9.710347905342313e-23, nan 
-43.125, 67.375, 1.136614708289925e-22, nan 
-42.875, 67.375, 9.078072331605299e-23, nan 
-42.625, 67.375, 1.9404432880549912e-22, nan 
-42.375, 67.375, 1.9947926474186782e-22, nan 
-42.125, 67.375, 1.7956303915675032e-22, nan 
-41.875, 67.375, 1.5835579109826261e-22, nan 
-41.625, 67.375, 2.7405287429097767e-22, nan 
-41.375, 67.375, 3.2615219683300035e-22, nan 
-41.125, 67.375, 3.3071919096442025e-22, nan 
-40.875, 67.375, 2.566009587590156e-22, nan 
-40.625, 67.375, 5.902627962302487e-22, nan 
-40.375, 67.375, 7.317154803639122e-22, nan 
-40.125, 67.375, 5.998060865360015e-22, nan 
-39.875, 67.375, 6.069053701716308e-22, nan 
-39.625, 67.375, 5.682146200618618e-22, nan 
-39.375, 67.375, 4.604586331587866e-22, nan 
-39.125, 67.375, 3.3990063224742887e-22, nan 
-38.875, 67.375, 2.7136155043099793e-22, nan 
-38.625, 67.375, 2.0053751342667618e-22, nan 
-38.375, 67.375, 2.0473601268306762e-22, nan 
-38.125, 67.375, 2.314697996947413e-22, nan 
-37.875, 67.375, 1.4385292731220568e-22, nan 
-37.625, 67.375, 1.6214339182636917e-22, nan 
-37.375, 67.375, 9.091406228032868e-23, nan 
-37.125, 67.375, 3.2956057871892238e-22, nan 
-36.875, 67.375, 2.7032030613291786e-22, nan 
-36.625, 67.375, 1.5938252013353772e-22, nan 
-36.375, 67.375, 2.01915943339547e-22, nan 
-36.125, 67.375, 2.322762839785227e-22, nan 
-35.875, 67.375, 2.4653756463524867e-22, nan 
-35.625, 67.375, 3.223143612061761e-22, nan 
-35.375, 67.375, 3.272861337473776e-22, nan 
-35.125, 67.375, 3.8115159357823317e-22, nan 
-34.875, 67.375, 4.341456594230931e-22, nan 
-34.625, 67.375, 9.944682106623825e-22, nan 
-34.375, 67.375, 1.1535207903970302e-21, nan 
-34.125, 67.375, 9.248042243685971e-22, nan 
-33.875, 67.375, 1.1961347079515668e-21, nan 
-33.625, 67.375, 1.0737887327323855e-21, nan 
-33.375, 67.375, 6.346281149843871e-22, nan 
-33.125, 67.375, 2.5887807073308264e-22, nan 
-32.875, 67.375, 3.004266391352919e-22, nan 
-32.625, 67.375, 2.0014705846204992e-22, nan 
-32.375, 67.375, 1.8691335116124305e-22, nan 
-32.125, 67.375, 1.566799162740136e-22, nan 
-31.875, 67.375, 1.8152564448924765e-22, nan 
-31.625, 67.375, 1.9292130618389192e-22, nan 
-31.375, 67.375, 2.3867394774573673e-22, nan 
-31.125, 67.375, 2.63717722110679e-22, nan 
-30.875, 67.375, 2.720281808755096e-22, nan 
-30.625, 67.375, 4.089051570009651e-22, nan 
-30.375, 67.375, 5.5105389081711105e-22, nan 
-30.125, 67.375, 5.43172275990009e-22, nan 
-29.875, 67.375, 3.9611504225724977e-22, nan 
-29.625, 67.375, 8.961337866822645e-22, nan 
-29.375, 67.375, 9.041698898095542e-22, nan 
-29.125, 67.375, 4.811360089384543e-22, nan 
-28.875, 67.375, 7.3807677927626795e-22, nan 
-28.625, 67.375, 8.372527973038341e-22, nan 
-28.375, 67.375, 4.478268330133398e-22, nan 
-28.125, 67.375, 1.8498857347476784e-22, nan 
-27.875, 67.375, 3.834171184389924e-22, nan 
-27.625, 67.375, 6.364637519203022e-22, nan 
-27.375, 67.375, 7.265692203644385e-22, nan 
-27.125, 67.375, 8.231739673857833e-22, nan 
-26.875, 67.375, 1.1125948606311501e-21, nan 
-26.625, 67.375, 9.31117644571329e-22, nan 
-26.375, 67.375, 9.994421920421336e-22, nan 
-26.125, 67.375, 1.1585576550909477e-21, nan 
-25.875, 67.375, 9.842901752678488e-22, nan 
-25.625, 67.375, 7.129667463067085e-22, nan 
-25.375, 67.375, 6.981693044724989e-22, nan 
-25.125, 67.375, 8.74328945419025e-22, nan 
-24.875, 67.375, 7.534872356381443e-22, nan 
-24.625, 67.375, 7.520371743864741e-22, nan 
-24.375, 67.375, 7.065144175187138e-22, nan 
-24.125, 67.375, 6.33348856866605e-22, nan 
-23.875, 67.375, 5.352000887579268e-22, nan 
-23.625, 67.375, 3.214586068356587e-22, nan 
-23.375, 67.375, 3.5280975963342985e-22, nan 
-23.125, 67.375, 4.247407336507738e-22, nan 
-22.875, 67.375, 3.379407340950788e-22, nan 
-22.625, 67.375, 2.459863768183058e-22, nan 
-22.375, 67.375, 4.866121971400295e-22, nan 
-22.125, 67.375, 6.80844747379511e-22, nan 
-21.875, 67.375, 4.1518795636969263e-22, nan 
-21.625, 67.375, 2.9571157026863927e-22, nan 
-21.375, 67.375, 5.154332079445604e-22, nan 
-21.125, 67.375, 3.6149203380499416e-22, nan 
-20.875, 67.375, 1.3323585883226555e-22, nan 
-20.625, 67.375, 3.2588597329588677e-22, nan 
-20.375, 67.375, 2.9516918261742845e-22, nan 
-20.125, 67.375, 3.355135706406423e-22, nan 
-19.875, 67.375, 4.1873183667725847e-22, nan 
-19.625, 67.375, 4.1642390399937974e-22, nan 
-19.375, 67.375, 5.624027171357959e-22, nan 
-19.125, 67.375, 3.6901686468393783e-22, nan 
-18.875, 67.375, 4.862944315925959e-22, nan 
-18.625, 67.375, 5.383300544554721e-22, nan 
-18.375, 67.375, 4.483342258344045e-22, nan 
-18.125, 67.375, 4.423792940724448e-22, nan 
-17.875, 67.375, 3.710201774604804e-22, nan 
-17.625, 67.375, 3.281089368469217e-22, nan 
-17.375, 67.375, 2.7735344752963975e-22, nan 
-17.125, 67.375, 3.2172876507371755e-22, nan 
-16.875, 67.375, 4.1567049394651626e-22, nan 
-16.625, 67.375, 8.293482285206832e-22, nan 
-16.375, 67.375, 8.785479756109239e-22, nan 
-16.125, 67.375, 9.508591157811957e-22, nan 
-15.875, 67.375, 7.864081225279502e-22, nan 
-15.625, 67.375, 5.950035302945899e-22, nan 
-15.375, 67.375, 4.0778961449895054e-22, nan 
-15.125, 67.375, 2.5502221327475485e-22, nan 
-14.875, 67.375, 2.8891769313247544e-22, nan 
-14.625, 67.375, 2.3162991241706267e-22, nan 
-14.375, 67.375, 3.6865356820910934e-22, nan 
-14.125, 67.375, 2.0356108344633786e-22, nan 
-13.875, 67.375, 3.5875989362703596e-22, nan 
-13.625, 67.375, 5.700994024065942e-22, nan 
-13.375, 67.375, 6.789543715974607e-22, nan 
-13.125, 67.375, 4.0178931907363247e-22, nan 
-12.875, 67.375, 2.4215309905316563e-22, nan 
-12.625, 67.375, 3.3304902956448794e-22, nan 
-12.375, 67.375, 3.425381132054015e-22, nan 
-12.125, 67.375, 2.9507455954037346e-22, nan 
-11.875, 67.375, 2.802581201432876e-22, nan 
-11.625, 67.375, 2.714748912431506e-22, nan 
-11.375, 67.375, 4.0546373895145266e-22, nan 
-11.125, 67.375, 3.9531674772042233e-22, nan 
-10.875, 67.375, 5.817938696525981e-22, nan 
-10.625, 67.375, 4.989672601140736e-22, nan 
-10.375, 67.375, 3.7243804612545337e-22, nan 
-10.125, 67.375, 4.383401084178214e-22, nan 
-9.875, 67.375, 4.921504745560599e-22, nan 
-9.625, 67.375, 4.1395553171747023e-22, nan 
-9.375, 67.375, 3.67388966434309e-22, nan 
-9.125, 67.375, 2.889126439114845e-22, nan 
-8.875, 67.375, 2.766314333615142e-22, nan 
-8.625, 67.375, 3.0880727767803626e-22, nan 
-8.375, 67.375, 2.271752028194897e-22, nan 
-8.125, 67.375, 4.593515078261235e-22, nan 
-7.875, 67.375, 4.149470727399196e-22, nan 
-7.625, 67.375, 4.157526102414927e-22, nan 
-7.375, 67.375, 5.843106654969296e-22, nan 
-7.125, 67.375, 5.690698276436869e-22, nan 
-6.875, 67.375, 4.354530133094092e-22, nan 
-6.625, 67.375, 4.881354092354096e-22, nan 
-6.375, 67.375, 5.935951035592907e-22, nan 
-6.125, 67.375, 3.8470493591267416e-22, nan 
-5.875, 67.375, 1.7979669417189435e-22, nan 
-5.625, 67.375, 3.852998885304849e-22, nan 
-5.375, 67.375, 3.813765827809359e-22, nan 
-5.125, 67.375, 1.9090654270338075e-22, nan 
-4.875, 67.375, 2.072036557763346e-22, nan 
-4.625, 67.375, 3.5638446119287214e-22, nan 
-4.375, 67.375, 1.5049498109728138e-22, nan 
-4.125, 67.375, 1.1277095129041515e-22, nan 
-3.875, 67.375, 2.730170302045391e-22, nan 
-3.625, 67.375, 1.3575071627763618e-22, nan 
-3.375, 67.375, 1.1900811250576034e-22, nan 
-3.125, 67.375, 2.594491258019738e-22, nan 
-2.875, 67.375, 1.314202542354261e-22, nan 
-2.625, 67.375, 1.1953438790722275e-22, nan 
-2.375, 67.375, 1.9531006584997397e-22, nan 
-2.125, 67.375, 6.07887369488532e-23, nan 
-1.875, 67.375, 1.166777777385006e-22, nan 
-1.625, 67.375, 1.7874897096674085e-22, nan 
-1.375, 67.375, 7.187834311239667e-23, nan 
-1.125, 67.375, 8.473551506276911e-23, nan 
-0.875, 67.375, 2.1388415095612623e-22, nan 
-0.625, 67.375, 2.1792528069799666e-22, nan 
-0.375, 67.375, 1.5886818277601012e-22, nan 
-0.125, 67.375, 1.561369857474342e-22, nan 
0.125, 67.375, 2.106524662507503e-22, nan 
0.375, 67.375, 1.7690480247773463e-22, nan 
0.625, 67.375, 1.3057863059131196e-22, nan 
0.875, 67.375, 8.909218831093286e-23, nan 
1.125, 67.375, 1.39956867356474e-22, nan 
1.375, 67.375, 1.491400970350372e-22, nan 
1.625, 67.375, 1.4987462163589007e-22, nan 
1.875, 67.375, 2.9622355208555403e-22, nan 
2.125, 67.375, 3.660496125056609e-22, nan 
2.375, 67.375, 3.206112257555054e-22, nan 
2.625, 67.375, 3.55021775744658e-22, nan 
2.875, 67.375, 4.62518189560571e-22, nan 
3.125, 67.375, 4.52500453366234e-22, nan 
3.375, 67.375, 1.0248599237245556e-22, nan 
3.625, 67.375, 1.7741447731905854e-22, nan 
3.875, 67.375, 2.2168313417488027e-22, nan 
4.125, 67.375, 7.842906054541782e-23, nan 
4.375, 67.375, 7.24050479112826e-23, nan 
4.625, 67.375, 9.905376915628518e-23, nan 
4.875, 67.375, 1.0173793251004882e-22, nan 
5.125, 67.375, 1.0343677361305407e-22, nan 
5.375, 67.375, 1.2152590054819481e-22, nan 
5.625, 67.375, 9.915292574136932e-23, nan 
5.875, 67.375, 1.0417114114521407e-22, nan 
6.125, 67.375, 1.1058199637862055e-22, nan 
6.375, 67.375, 1.3468147845561877e-22, nan 
6.625, 67.375, 1.50719612071711e-22, nan 
6.875, 67.375, 1.2189444212732253e-22, nan 
7.125, 67.375, 1.3593766137716993e-22, nan 
7.375, 67.375, 1.4393104407348499e-22, nan 
7.625, 67.375, 9.112070580399025e-23, nan 
7.875, 67.375, 3.959591140596736e-23, nan 
8.125, 67.375, 8.589584441737592e-23, nan 
8.375, 67.375, 5.901769120824842e-23, nan 
8.625, 67.375, 6.037065098095463e-23, nan 
8.875, 67.375, 5.395605505519964e-23, nan 
9.125, 67.375, 4.899568795279351e-23, nan 
9.375, 67.375, 4.211480115220145e-23, nan 
9.625, 67.375, 6.684674519001716e-23, nan 
9.875, 67.375, 7.729057728327611e-23, nan 
10.125, 67.375, 1.6574400233004955e-22, nan 
10.375, 67.375, 1.4818268880882792e-22, nan 
10.625, 67.375, 2.0988174054756206e-22, nan 
10.875, 67.375, 1.940040711473589e-22, nan 
11.125, 67.375, 1.2630421965591012e-22, nan 
11.375, 67.375, 5.629846402081096e-23, nan 
11.625, 67.375, 7.788436198975903e-23, nan 
11.875, 67.375, 6.0759429824305e-23, nan 
12.125, 67.375, 5.454182096199484e-23, nan 
12.375, 67.375, 9.148616430420924e-23, nan 
12.625, 67.375, 8.436155868941486e-23, nan 
12.875, 67.375, 8.073544282047633e-23, nan 
13.125, 67.375, 1.3718165456867322e-22, nan 
13.375, 67.375, 1.0278612816533742e-22, nan 
13.625, 67.375, 9.30403879395573e-23, nan 
13.875, 67.375, 1.1031577094277459e-22, nan 
14.125, 67.375, 9.363928610475671e-23, nan 
14.375, 67.375, 7.504924741549053e-23, nan 
14.625, 67.375, 5.422472218712073e-23, nan 
14.875, 67.375, 7.296584111349766e-23, nan 
15.125, 67.375, 9.522013415010281e-23, nan 
15.375, 67.375, 6.400784263909203e-23, nan 
15.625, 67.375, 4.988818040263565e-23, nan 
15.875, 67.375, 5.433389820331271e-23, nan 
16.125, 67.375, 6.306746516713224e-23, nan 
16.375, 67.375, 7.156952907393271e-23, nan 
16.625, 67.375, 5.474665541908382e-23, nan 
16.875, 67.375, 3.940194915359461e-23, nan 
17.125, 67.375, 5.289178784759392e-23, nan 
17.375, 67.375, 5.937485336792488e-23, nan 
17.625, 67.375, 6.112784257924387e-23, nan 
17.875, 67.375, 7.975737875993571e-23, nan 
18.125, 67.375, 9.337487101479927e-23, nan 
18.375, 67.375, 8.76186372930197e-23, nan 
18.625, 67.375, 8.096010470714492e-23, nan 
18.875, 67.375, 5.318741025003885e-23, nan 
19.125, 67.375, 5.0026364575016575e-23, nan 
19.375, 67.375, 5.502695402932983e-23, nan 
19.625, 67.375, 5.547591889986646e-23, nan 
19.875, 67.375, 6.746529185652303e-23, nan 
20.125, 67.375, 7.825452733634064e-23, nan 
20.375, 67.375, 1.0292329838928474e-22, nan 
20.625, 67.375, 1.1376775272176554e-22, nan 
20.875, 67.375, 1.0150454502563432e-22, nan 
21.125, 67.375, 7.810329252888026e-23, nan 
21.375, 67.375, 1.0704633441556971e-22, nan 
21.625, 67.375, 1.387944655547871e-22, nan 
21.875, 67.375, 4.1103887906266394e-23, nan 
22.125, 67.375, 6.192598781772646e-23, nan 
22.375, 67.375, 6.881149084379624e-23, nan 
22.625, 67.375, 2.8560536117444046e-23, nan 
22.875, 67.375, 2.76665966908093e-23, nan 
23.125, 67.375, 2.6922240280570547e-23, nan 
23.375, 67.375, 3.306664509606714e-23, nan 
23.625, 67.375, 4.4635620848080385e-23, nan 
23.875, 67.375, 3.972391654972442e-23, nan 
24.125, 67.375, 1.8493140319943978e-23, nan 
24.375, 67.375, 3.686996159672967e-23, nan 
24.625, 67.375, 7.56693101252747e-23, nan 
24.875, 67.375, 3.7953190450611817e-23, nan 
25.125, 67.375, 4.392662729381327e-23, nan 
25.375, 67.375, 1.074161899722301e-22, nan 
25.625, 67.375, 5.347460290561008e-23, nan 
25.875, 67.375, 4.4784312226670025e-23, nan 
26.125, 67.375, 6.627187550599281e-23, nan 
26.375, 67.375, 5.807586201703011e-23, nan 
26.625, 67.375, 2.333459756739143e-23, nan 
26.875, 67.375, 5.92382576758046e-23, nan 
27.125, 67.375, 3.937667462529986e-23, nan 
27.375, 67.375, 1.9241120740237332e-23, nan 
27.625, 67.375, 2.6439300172091984e-23, nan 
27.875, 67.375, 2.1999580170479444e-23, nan 
28.125, 67.375, 1.4035886490429437e-23, nan 
28.375, 67.375, 1.4914482348510638e-23, nan 
28.625, 67.375, 7.268554216744089e-24, nan 
28.875, 67.375, 1.8667820774353784e-23, nan 
29.125, 67.375, 1.3265595359902482e-23, nan 
29.375, 67.375, 2.0127163750290107e-23, nan 
29.625, 67.375, 1.9914694279689095e-23, nan 
29.875, 67.375, 9.847057992556958e-24, nan 
30.125, 67.375, 2.340190671190613e-23, nan 
30.375, 67.375, 1.4639982459534594e-23, nan 
30.625, 67.375, 1.9834102491655836e-23, nan 
30.875, 67.375, 1.4782972853918283e-23, nan 
31.125, 67.375, 1.2489627491875636e-23, nan 
31.375, 67.375, 1.6889485143251066e-23, nan 
31.625, 67.375, 2.3561472026774094e-23, nan 
31.875, 67.375, 3.26952555283765e-23, nan 
32.125, 67.375, 2.5886143925010996e-23, nan 
32.375, 67.375, 1.6828001483997887e-23, nan 
32.625, 67.375, 5.6465760170766606e-24, nan 
32.875, 67.375, 1.8470571531132055e-23, nan 
33.125, 67.375, 8.045755178602665e-24, nan 
33.375, 67.375, 7.064293713561899e-24, nan 
33.625, 67.375, 1.8361321479909746e-23, nan 
33.875, 67.375, 1.4299752553657285e-23, nan 
34.125, 67.375, 9.831032726342041e-24, nan 
34.375, 67.375, 1.0556029513502344e-23, nan 
34.625, 67.375, 1.19235048501054e-23, nan 
34.875, 67.375, 1.215844635892626e-23, nan 
35.125, 67.375, 1.6942584205627733e-23, nan 
35.375, 67.375, 1.759779955457555e-23, nan 
35.625, 67.375, 1.565446808608398e-23, nan 
35.875, 67.375, 2.8698582614640347e-23, nan 
36.125, 67.375, 2.0853147711180568e-23, nan 
36.375, 67.375, 1.0337992812804403e-23, nan 
36.625, 67.375, 2.1476511035528027e-23, nan 
36.875, 67.375, 2.3180828424671534e-23, nan 
37.125, 67.375, 2.8110432802490815e-23, nan 
37.375, 67.375, 2.333748555246326e-23, nan 
37.625, 67.375, 3.287482946443826e-23, nan 
37.875, 67.375, 5.704425579811114e-23, nan 
38.125, 67.375, 4.898166169044135e-23, nan 
38.375, 67.375, 2.6233865453684935e-23, nan 
38.625, 67.375, 4.7363282769325446e-23, nan 
38.875, 67.375, 3.96233833116888e-23, nan 
39.125, 67.375, 3.2809551245043895e-23, nan 
39.375, 67.375, 3.6011398907769166e-23, nan 
39.625, 67.375, 2.764660054973459e-23, nan 
39.875, 67.375, 1.4050351632666433e-23, nan 
40.125, 67.375, 2.3244404550968788e-23, nan 
40.375, 67.375, 1.8425347916910903e-23, nan 
40.625, 67.375, 1.919458232028105e-23, nan 
40.875, 67.375, 1.4515138220928912e-23, nan 
41.125, 67.375, 2.2189138400202916e-23, nan 
41.375, 67.375, 2.180833869265207e-23, nan 
41.625, 67.375, 1.9737934519410932e-23, nan 
41.875, 67.375, 1.7479291511575364e-23, nan 
42.125, 67.375, 2.0760713955113378e-23, nan 
42.375, 67.375, 1.649509076218943e-23, nan 
42.625, 67.375, 1.1740952755366446e-23, nan 
42.875, 67.375, 1.606749654971822e-23, nan 
43.125, 67.375, 1.2106981372659876e-23, nan 
43.375, 67.375, 5.612997837844429e-24, nan 
43.625, 67.375, 6.071271424597422e-24, nan 
43.875, 67.375, 8.838308743132308e-24, nan 
44.125, 67.375, 5.9417619791746345e-24, nan 
44.375, 67.375, 8.775196290453447e-24, nan 
44.625, 67.375, 1.5624669583160168e-23, nan 
44.875, 67.375, 8.455484561531796e-24, nan 
45.125, 67.375, 4.6880389627491786e-24, nan 
45.375, 67.375, 7.844965110412518e-24, nan 
45.625, 67.375, 8.030625565333267e-24, nan 
45.875, 67.375, 4.733431781790011e-24, nan 
46.125, 67.375, 7.083800092235858e-24, nan 
46.375, 67.375, 1.3378672963271463e-23, nan 
46.625, 67.375, 1.2043704071321118e-23, nan 
46.875, 67.375, 9.754775097740986e-24, nan 
47.125, 67.375, 1.5823399727390216e-23, nan 
47.375, 67.375, 1.5059177063756418e-23, nan 
47.625, 67.375, 1.3228367345554708e-23, nan 
47.875, 67.375, 2.068669039764295e-23, nan 
48.125, 67.375, 1.0346444189774927e-23, nan 
48.375, 67.375, 1.2968385739459813e-23, nan 
48.625, 67.375, 5.0865353518576105e-24, nan 
48.875, 67.375, 8.13910431756474e-24, nan 
49.125, 67.375, 6.631487222298539e-24, nan 
49.375, 67.375, 3.310334524272136e-24, nan 
49.625, 67.375, 2.5191276711283977e-24, nan 
49.875, 67.375, 3.882649161644992e-24, nan 
50.125, 67.375, 4.6369889706523986e-24, nan 
50.375, 67.375, 3.890689198318487e-24, nan 
50.625, 67.375, 2.7431346075104387e-24, nan 
50.875, 67.375, 6.756983324706023e-24, nan 
51.125, 67.375, 5.743134389097868e-24, nan 
51.375, 67.375, 3.972060363273735e-24, nan 
51.625, 67.375, 1.592605198122022e-24, nan 
51.875, 67.375, 4.050415610526623e-24, nan 
52.125, 67.375, 6.699787545612909e-24, nan 
52.375, 67.375, 1.0196349820019506e-23, nan 
52.625, 67.375, 8.798260242094603e-24, nan 
52.875, 67.375, 6.467564466127986e-24, nan 
53.125, 67.375, 9.81690527281328e-24, nan 
53.375, 67.375, 1.1867131369854541e-23, nan 
53.625, 67.375, 8.356313315254266e-24, nan 
53.875, 67.375, 7.284385753736024e-24, nan 
54.125, 67.375, 9.744630598394202e-24, nan 
54.375, 67.375, 8.087339733054068e-24, nan 
54.625, 67.375, 9.305421835659326e-24, nan 
54.875, 67.375, 1.4356337121219758e-23, nan 
55.125, 67.375, 9.231557343200486e-24, nan 
55.375, 67.375, 1.4353707789703726e-23, nan 
55.625, 67.375, 2.260277847634758e-24, nan 
55.875, 67.375, 5.9002121401090395e-24, nan 
56.125, 67.375, 7.966342400454865e-24, nan 
56.375, 67.375, 2.719787384286968e-24, nan 
56.625, 67.375, 2.3868960926006957e-24, nan 
56.875, 67.375, 3.748758899036056e-24, nan 
57.125, 67.375, 4.3157098781688e-24, nan 
57.375, 67.375, 4.087591152781483e-24, nan 
57.625, 67.375, 3.548951144480993e-24, nan 
57.875, 67.375, 4.6590726686710634e-24, nan 
58.125, 67.375, 4.9634946216187776e-24, nan 
58.375, 67.375, 5.320042831109974e-24, nan 
58.625, 67.375, 6.923650992516364e-24, nan 
58.875, 67.375, 7.891265895570637e-24, nan 
59.125, 67.375, 1.329764036525512e-23, nan 
59.375, 67.375, 1.3259203294618343e-23, nan 
59.625, 67.375, 7.598513248174771e-24, nan 
-133.125, 67.625, 6.877057375900408e-24, nan 
-132.875, 67.625, 6.649406320074458e-24, nan 
-132.625, 67.625, 5.6781604098604714e-24, nan 
-132.375, 67.625, 5.0896769282789106e-24, nan 
-132.125, 67.625, 4.137425736472956e-24, nan 
-131.875, 67.625, 3.8010098115813034e-24, nan 
-131.625, 67.625, 4.311295891681965e-24, nan 
-131.375, 67.625, 5.654438443029067e-24, nan 
-131.125, 67.625, 4.579288549342387e-24, nan 
-130.875, 67.625, 5.811876070319628e-24, nan 
-130.625, 67.625, 6.613860091527482e-24, nan 
-130.375, 67.625, 6.280642646294238e-24, nan 
-130.125, 67.625, 6.358538451271465e-24, nan 
-129.875, 67.625, 6.630416126688987e-24, nan 
-129.625, 67.625, 7.200818474770044e-24, nan 
-129.375, 67.625, 5.402225059593457e-24, nan 
-129.125, 67.625, 4.752398601049123e-24, nan 
-128.875, 67.625, 4.696673924547579e-24, nan 
-128.625, 67.625, 4.5825977979729346e-24, nan 
-128.375, 67.625, 4.777973953847687e-24, nan 
-128.125, 67.625, 1.0734155506233082e-24, nan 
-127.875, 67.625, 4.205103071591181e-24, nan 
-127.625, 67.625, 7.936399877949744e-24, nan 
-127.375, 67.625, 5.584869391561657e-24, nan 
-127.125, 67.625, 5.207059723269539e-24, nan 
-126.875, 67.625, 1.1847428180489722e-23, nan 
-126.625, 67.625, 1.3124619856476435e-23, nan 
-126.375, 67.625, 1.0630399776374377e-23, nan 
-126.125, 67.625, 3.312642173577248e-24, nan 
-125.875, 67.625, 5.520776856462429e-24, nan 
-125.625, 67.625, 5.50399170732817e-24, nan 
-125.375, 67.625, 2.8374229773137074e-24, nan 
-125.125, 67.625, 3.552311623146566e-24, nan 
-124.875, 67.625, 4.22785710400471e-24, nan 
-124.625, 67.625, 3.555131576754897e-24, nan 
-124.375, 67.625, 2.9129094594790324e-24, nan 
-124.125, 67.625, 2.9155009250744037e-24, nan 
-123.875, 67.625, 3.241536749187787e-24, nan 
-123.625, 67.625, 3.969304081952886e-24, nan 
-123.375, 67.625, 1.688704631565355e-24, nan 
-123.125, 67.625, 3.0577176750417044e-24, nan 
-122.875, 67.625, 2.432203050849051e-24, nan 
-122.625, 67.625, 4.8080552071028014e-24, nan 
-122.375, 67.625, 4.9395578567162004e-24, nan 
-122.125, 67.625, 2.4481679812457085e-24, nan 
-121.875, 67.625, 3.552097366315465e-24, nan 
-121.625, 67.625, 5.3180435049475145e-24, nan 
-121.375, 67.625, 5.6577447283756096e-24, nan 
-121.125, 67.625, 6.555550357711047e-24, nan 
-120.875, 67.625, 6.392994817493825e-24, nan 
-120.625, 67.625, 2.44066998421706e-24, nan 
-120.375, 67.625, 3.7453303538422425e-24, nan 
-120.125, 67.625, 4.668240522191451e-24, nan 
-119.875, 67.625, 2.4868125530318247e-24, nan 
-119.625, 67.625, 4.314563051959508e-24, nan 
-119.375, 67.625, 3.230585626100704e-24, nan 
-119.125, 67.625, 1.7805358867173843e-24, nan 
-118.875, 67.625, 1.6211828650684303e-24, nan 
-118.625, 67.625, 2.608596107315385e-24, nan 
-118.375, 67.625, 3.944971161916271e-24, nan 
-118.125, 67.625, 2.6778027258014818e-24, nan 
-117.875, 67.625, 3.327392878719604e-24, nan 
-117.625, 67.625, 5.2212703893616075e-24, nan 
-117.375, 67.625, 4.7628266037248755e-24, nan 
-117.125, 67.625, 3.4347120922221136e-24, nan 
-116.875, 67.625, 2.559882354248126e-24, nan 
-116.625, 67.625, 2.9184135352589292e-24, nan 
-116.375, 67.625, 4.1392361708726546e-24, nan 
-116.125, 67.625, 4.595349930314357e-24, nan 
-115.875, 67.625, 2.3869180367778197e-24, nan 
-115.625, 67.625, 4.175490228552091e-24, nan 
-115.375, 67.625, 5.8859490501694235e-24, nan 
-115.125, 67.625, 2.5935519763093152e-24, nan 
-114.875, 67.625, 1.8313320768072304e-24, nan 
-114.625, 67.625, 2.0824633063470477e-24, nan 
-114.375, 67.625, 3.2747772796655367e-24, nan 
-114.125, 67.625, 3.6421142668248085e-24, nan 
-113.875, 67.625, 3.87088557959237e-24, nan 
-113.625, 67.625, 3.090503905712202e-24, nan 
-113.375, 67.625, 4.0911024351432096e-24, nan 
-113.125, 67.625, 4.51426132808581e-24, nan 
-112.875, 67.625, 4.247408930098677e-24, nan 
-112.625, 67.625, 3.7608027602196394e-24, nan 
-112.375, 67.625, 4.3395730097481875e-24, nan 
-112.125, 67.625, 3.367710332732862e-24, nan 
-111.875, 67.625, 5.861074278973353e-24, nan 
-111.625, 67.625, 8.44502684217883e-24, nan 
-111.375, 67.625, 1.113408442576555e-23, nan 
-111.125, 67.625, 1.3500885572304262e-23, nan 
-110.875, 67.625, 2.4484488214004545e-23, nan 
-110.625, 67.625, 2.7382093306688525e-23, nan 
-110.375, 67.625, 1.1210722098110416e-23, nan 
-110.125, 67.625, 1.207973827182092e-23, nan 
-109.875, 67.625, 7.187354360932695e-24, nan 
-109.625, 67.625, 7.527739266685041e-24, nan 
-109.375, 67.625, 9.166689043159152e-24, nan 
-109.125, 67.625, 5.039992389886305e-24, nan 
-108.875, 67.625, 6.697554807830438e-24, nan 
-108.625, 67.625, 7.169102391045542e-24, nan 
-108.375, 67.625, 6.509209536895237e-24, nan 
-108.125, 67.625, 4.246533091909009e-24, nan 
-107.875, 67.625, 2.9708062167828707e-24, nan 
-107.625, 67.625, 3.424947149230619e-24, nan 
-107.375, 67.625, 3.5425872375319866e-24, nan 
-107.125, 67.625, 2.5093254030475483e-24, nan 
-106.875, 67.625, 3.892873355900986e-24, nan 
-106.625, 67.625, 3.1550281424399666e-24, nan 
-106.375, 67.625, 4.875123723762363e-24, nan 
-106.125, 67.625, 3.693742407182597e-24, nan 
-105.875, 67.625, 4.972608982891772e-24, nan 
-105.625, 67.625, 2.9708959136751346e-24, nan 
-105.375, 67.625, 2.919346790780796e-24, nan 
-105.125, 67.625, 3.427316991766326e-24, nan 
-104.875, 67.625, 3.676281390925325e-24, nan 
-104.625, 67.625, 3.3938791043329966e-24, nan 
-104.375, 67.625, 3.884886608197406e-24, nan 
-104.125, 67.625, 4.688772693033362e-24, nan 
-103.875, 67.625, 5.032581081239489e-24, nan 
-103.625, 67.625, 5.395294763398973e-24, nan 
-103.375, 67.625, 5.029515893527944e-24, nan 
-103.125, 67.625, 5.4418985371771765e-24, nan 
-102.875, 67.625, 5.2944153452651166e-24, nan 
-102.625, 67.625, 5.8817749479459816e-24, nan 
-102.375, 67.625, 5.28148052112959e-24, nan 
-102.125, 67.625, 5.635609291547175e-24, nan 
-101.875, 67.625, 6.239283067420072e-24, nan 
-101.625, 67.625, 7.519216515948e-24, nan 
-101.375, 67.625, 5.747380863121275e-24, nan 
-101.125, 67.625, 6.179039170081115e-24, nan 
-100.875, 67.625, 5.876745019529829e-24, nan 
-100.625, 67.625, 6.108650861166873e-24, nan 
-100.375, 67.625, 6.953683322947746e-24, nan 
-100.125, 67.625, 5.211959649493814e-24, nan 
-99.875, 67.625, 6.540231799965558e-24, nan 
-99.625, 67.625, 6.088078052708343e-24, nan 
-99.375, 67.625, 6.828617645999735e-24, nan 
-99.125, 67.625, 7.166729436936721e-24, nan 
-98.875, 67.625, 7.535260545538909e-24, nan 
-98.625, 67.625, 7.53735077554109e-24, nan 
-98.375, 67.625, 8.140302888276106e-24, nan 
-98.125, 67.625, 8.72464005304446e-24, nan 
-97.875, 67.625, 8.429949715199105e-24, nan 
-97.625, 67.625, 7.571309799479708e-24, nan 
-97.375, 67.625, 7.355782137726427e-24, nan 
-97.125, 67.625, 7.051378698255363e-24, nan 
-96.875, 67.625, 6.83245782291781e-24, nan 
-96.625, 67.625, 7.179610989837204e-24, nan 
-96.375, 67.625, 6.713275853237914e-24, nan 
-96.125, 67.625, 7.456711532101545e-24, nan 
-95.875, 67.625, 7.475168363686496e-24, nan 
-95.625, 67.625, 7.133615344511357e-24, nan 
-95.375, 67.625, 7.269649702097175e-24, nan 
-95.125, 67.625, 8.546511127735231e-24, nan 
-94.875, 67.625, 8.827956747196564e-24, nan 
-94.625, 67.625, 7.203225593849076e-24, nan 
-94.375, 67.625, 6.4790768240379526e-24, nan 
-94.125, 67.625, 7.74608897791275e-24, nan 
-93.875, 67.625, 7.551411787531184e-24, nan 
-93.625, 67.625, 8.06071255940377e-24, nan 
-93.375, 67.625, 8.297153609570258e-24, nan 
-93.125, 67.625, 8.48904700395052e-24, nan 
-92.875, 67.625, 8.835709554514602e-24, nan 
-92.625, 67.625, 8.906991628813955e-24, nan 
-92.375, 67.625, 1.0961626938199469e-23, nan 
-92.125, 67.625, 1.211685373359927e-23, nan 
-91.875, 67.625, 9.993807983397845e-24, nan 
-91.625, 67.625, 9.479396552129434e-24, nan 
-91.375, 67.625, 8.728301895514058e-24, nan 
-91.125, 67.625, 1.1144866755630462e-23, nan 
-90.875, 67.625, 1.0563818407395928e-23, nan 
-90.625, 67.625, 1.2373885258117144e-23, nan 
-90.375, 67.625, 1.2159636539570741e-23, nan 
-90.125, 67.625, 1.1609309009744433e-23, nan 
-89.875, 67.625, 1.3861867413109177e-23, nan 
-89.625, 67.625, 1.098259406448149e-23, nan 
-89.375, 67.625, 1.2578303817956284e-23, nan 
-89.125, 67.625, 1.3745278455383525e-23, nan 
-88.875, 67.625, 1.3491595799873107e-23, nan 
-88.625, 67.625, 1.5841569921726858e-23, nan 
-88.375, 67.625, 1.3505344506347778e-23, nan 
-88.125, 67.625, 1.4423729254087657e-23, nan 
-87.875, 67.625, 1.57362297903786e-23, nan 
-87.625, 67.625, 1.6558918749052053e-23, nan 
-87.375, 67.625, 1.5181120497273903e-23, nan 
-87.125, 67.625, 1.4528593205194152e-23, nan 
-86.875, 67.625, 1.4401052135260944e-23, nan 
-86.625, 67.625, 1.1792617742021018e-23, nan 
-86.375, 67.625, 1.2643729524003273e-23, nan 
-86.125, 67.625, 1.2185220251762135e-23, nan 
-85.875, 67.625, 1.5105183365982502e-23, nan 
-85.625, 67.625, 1.512877288655285e-23, nan 
-85.375, 67.625, 2.1448048184132102e-23, nan 
-85.125, 67.625, 2.5261061719728426e-23, nan 
-84.875, 67.625, 4.507775771152517e-23, nan 
-84.625, 67.625, 4.9987213502302075e-23, nan 
-84.375, 67.625, 4.5597024607292716e-23, nan 
-84.125, 67.625, 4.272748921125955e-23, nan 
-83.875, 67.625, 5.178386426118654e-23, nan 
-83.625, 67.625, 4.7835873891914387e-23, nan 
-83.375, 67.625, 4.0335071957172505e-23, nan 
-83.125, 67.625, 4.388324418473113e-23, nan 
-82.875, 67.625, 5.37606880519054e-23, nan 
-82.625, 67.625, 5.208853544105095e-23, nan 
-82.375, 67.625, 4.0658123455840495e-23, nan 
-82.125, 67.625, 4.966555031725595e-23, nan 
-81.875, 67.625, 4.8343226637173e-23, nan 
-81.625, 67.625, 4.75416716317926e-23, nan 
-81.375, 67.625, 5.263672509631393e-23, nan 
-81.125, 67.625, 4.3586109022036633e-23, nan 
-80.875, 67.625, 2.6666781263262415e-23, nan 
-80.625, 67.625, 2.633723702609356e-23, nan 
-80.375, 67.625, 2.754348145577174e-23, nan 
-80.125, 67.625, 3.102924317572873e-23, nan 
-79.875, 67.625, 3.6423779185066507e-23, nan 
-79.625, 67.625, 3.363556812023759e-23, nan 
-79.375, 67.625, 3.342682800625715e-23, nan 
-79.125, 67.625, 3.57643372621903e-23, nan 
-78.875, 67.625, 4.143104016214294e-23, nan 
-78.625, 67.625, 4.461923172328619e-23, nan 
-78.375, 67.625, 4.2378532310365655e-23, nan 
-78.125, 67.625, 4.1988569015392e-23, nan 
-77.875, 67.625, 3.750541554362538e-23, nan 
-77.625, 67.625, 3.102459886593641e-23, nan 
-77.375, 67.625, 3.233786517009943e-23, nan 
-77.125, 67.625, 3.6521687963445713e-23, nan 
-76.875, 67.625, 4.03572398974868e-23, nan 
-76.625, 67.625, 4.8007795648335837e-23, nan 
-76.375, 67.625, 4.2964438879844175e-23, nan 
-76.125, 67.625, 3.372667064685602e-23, nan 
-75.875, 67.625, 3.096628324450966e-23, nan 
-75.625, 67.625, 4.6556614577515877e-23, nan 
-75.375, 67.625, 4.099185723541482e-23, nan 
-75.125, 67.625, 2.6079082393729953e-23, nan 
-74.875, 67.625, 4.270930837408341e-23, nan 
-74.625, 67.625, 6.804806988157997e-23, nan 
-74.375, 67.625, 5.757708907781022e-23, nan 
-74.125, 67.625, 4.252766405965967e-23, nan 
-73.875, 67.625, 5.215936928972567e-23, nan 
-73.625, 67.625, 4.9676481565642e-23, nan 
-73.375, 67.625, 3.962915176376155e-23, nan 
-73.125, 67.625, 3.668245408526891e-23, nan 
-72.875, 67.625, 2.5577973545640368e-23, nan 
-72.625, 67.625, 3.2985975269020654e-23, nan 
-72.375, 67.625, 4.239453137152048e-23, nan 
-72.125, 67.625, 5.41625707696262e-23, nan 
-71.875, 67.625, 4.811994893103543e-23, nan 
-71.625, 67.625, 5.04571696558892e-23, nan 
-71.375, 67.625, 5.971401164978428e-23, nan 
-71.125, 67.625, 6.182064548821366e-23, nan 
-70.875, 67.625, 5.843963955404703e-23, nan 
-70.625, 67.625, 4.338401109002495e-23, nan 
-70.375, 67.625, 3.7840193266397374e-23, nan 
-70.125, 67.625, 5.2439535494645505e-23, nan 
-69.875, 67.625, 5.940554319413906e-23, nan 
-69.625, 67.625, 5.185321211393633e-23, nan 
-69.375, 67.625, 4.66438158585947e-23, nan 
-69.125, 67.625, 5.464872422950958e-23, nan 
-68.875, 67.625, 7.196116456527654e-23, nan 
-68.625, 67.625, 6.276225945866667e-23, nan 
-68.375, 67.625, 5.979658798344129e-23, nan 
-68.125, 67.625, 5.930653205392152e-23, nan 
-67.875, 67.625, 5.740569102947697e-23, nan 
-67.625, 67.625, 5.393258832166959e-23, nan 
-67.375, 67.625, 3.3519779910766276e-23, nan 
-67.125, 67.625, 5.728270156708121e-23, nan 
-66.875, 67.625, 7.561265166634629e-23, nan 
-66.625, 67.625, 7.611621494995481e-23, nan 
-66.375, 67.625, 8.408262378533749e-23, nan 
-66.125, 67.625, 7.858284829867614e-23, nan 
-65.875, 67.625, 8.113240033521998e-23, nan 
-65.625, 67.625, 6.267701934625129e-23, nan 
-65.375, 67.625, 4.349564550710864e-23, nan 
-65.125, 67.625, 4.027513687300028e-23, nan 
-64.875, 67.625, 5.577205675337693e-23, nan 
-64.625, 67.625, 4.121370543245374e-23, nan 
-64.375, 67.625, 5.0607826510968024e-23, nan 
-64.125, 67.625, 4.4062252920225494e-23, nan 
-63.875, 67.625, 5.164096936129365e-23, nan 
-63.625, 67.625, 4.279603091784454e-23, nan 
-63.375, 67.625, 3.408583541493788e-23, nan 
-63.125, 67.625, 4.75398873461531e-23, nan 
-62.875, 67.625, 6.679797316030293e-23, nan 
-62.625, 67.625, 6.171456133070764e-23, nan 
-62.375, 67.625, 7.366105952800722e-23, nan 
-62.125, 67.625, 7.64276542709347e-23, nan 
-61.875, 67.625, 7.631497504901226e-23, nan 
-61.625, 67.625, 6.969247834993107e-23, nan 
-61.375, 67.625, 6.048747349466706e-23, nan 
-61.125, 67.625, 5.956532736529107e-23, nan 
-60.875, 67.625, 3.0605515699351765e-23, nan 
-60.625, 67.625, 5.0932014557557804e-23, nan 
-60.375, 67.625, 8.870543280502867e-23, nan 
-60.125, 67.625, 8.482523797865476e-23, nan 
-59.875, 67.625, 1.0596530151185592e-22, nan 
-59.625, 67.625, 1.3793617290596135e-22, nan 
-59.375, 67.625, 1.0177953194166706e-22, nan 
-59.125, 67.625, 9.064929894823693e-23, nan 
-58.875, 67.625, 5.789428166025224e-23, nan 
-58.625, 67.625, 5.241960434827257e-23, nan 
-58.375, 67.625, 3.2622015676981e-23, nan 
-58.125, 67.625, 4.134642048448242e-23, nan 
-57.875, 67.625, 5.117865883774802e-23, nan 
-57.625, 67.625, 4.0519963173414626e-23, nan 
-57.375, 67.625, 9.386025965126005e-23, nan 
-57.125, 67.625, 1.3780075897064281e-22, nan 
-56.875, 67.625, 1.2185298168947185e-22, nan 
-56.625, 67.625, 1.07801102301987e-22, nan 
-56.375, 67.625, 9.658705463069084e-23, nan 
-56.125, 67.625, 1.0200348207377538e-22, nan 
-55.875, 67.625, 1.2469738175801094e-22, nan 
-55.625, 67.625, 1.5313461335159656e-22, nan 
-55.375, 67.625, 1.8151852183667347e-22, nan 
-55.125, 67.625, 1.9993588004175557e-22, nan 
-54.875, 67.625, 1.1441273600924975e-22, nan 
-54.625, 67.625, 1.3511832478006e-22, nan 
-54.375, 67.625, 1.7866759215926455e-22, nan 
-54.125, 67.625, 1.8843819463647978e-22, nan 
-53.875, 67.625, 2.946558612338225e-22, nan 
-53.625, 67.625, 2.6329247873375825e-22, nan 
-53.375, 67.625, 2.9702936974190783e-22, nan 
-53.125, 67.625, 4.488774651577111e-22, nan 
-52.875, 67.625, 2.652432274150168e-22, nan 
-52.625, 67.625, 2.0880129130638943e-22, nan 
-52.375, 67.625, 2.351109491662443e-22, nan 
-52.125, 67.625, 1.5901247113598432e-22, nan 
-51.875, 67.625, 1.4750356449569675e-22, nan 
-51.625, 67.625, 1.4238870411151355e-22, nan 
-51.375, 67.625, 6.825850181983068e-23, nan 
-51.125, 67.625, 4.91366230555518e-23, nan 
-50.875, 67.625, 1.3441964439516837e-22, nan 
-50.625, 67.625, 8.100323142635193e-23, nan 
-50.375, 67.625, 9.369610287246666e-23, nan 
-50.125, 67.625, 6.128115506471755e-23, nan 
-49.875, 67.625, 8.884504066836605e-23, nan 
-49.625, 67.625, 1.4376323600555224e-22, nan 
-49.375, 67.625, 1.7232274641051975e-22, nan 
-49.125, 67.625, 1.4513875241670202e-22, nan 
-48.875, 67.625, 2.132665469276132e-22, nan 
-48.625, 67.625, 1.8859483833422926e-22, nan 
-48.375, 67.625, 1.2334375804814926e-22, nan 
-48.125, 67.625, 1.180771458326542e-22, nan 
-47.875, 67.625, 6.036721696640126e-23, nan 
-47.625, 67.625, 7.163574915853618e-23, nan 
-47.375, 67.625, 1.8095222251584641e-22, nan 
-47.125, 67.625, 2.860516703034159e-22, nan 
-46.875, 67.625, 2.8767410688357476e-22, nan 
-46.625, 67.625, 3.9305663349384476e-22, nan 
-46.375, 67.625, 4.264751074312318e-22, nan 
-46.125, 67.625, 3.0074478696994967e-22, nan 
-45.875, 67.625, 4.465572138212439e-22, nan 
-45.625, 67.625, 3.8048582825760062e-22, nan 
-45.375, 67.625, 1.1113583865770693e-22, nan 
-45.125, 67.625, 1.426917921253828e-22, nan 
-44.875, 67.625, 3.94009980720202e-22, nan 
-44.625, 67.625, 3.5969792871662327e-22, nan 
-44.375, 67.625, 2.9063980625501667e-22, nan 
-44.125, 67.625, 3.174133574730746e-22, nan 
-43.875, 67.625, 3.0121373775119933e-22, nan 
-43.625, 67.625, 2.4625935836129146e-22, nan 
-43.375, 67.625, 1.4691156927590077e-22, nan 
-43.125, 67.625, 1.464241762568508e-22, nan 
-42.875, 67.625, 1.5809136300393663e-22, nan 
-42.625, 67.625, 2.5061212696108574e-22, nan 
-42.375, 67.625, 2.2277742072619695e-22, nan 
-42.125, 67.625, 3.0658428169531265e-22, nan 
-41.875, 67.625, 4.554093960326975e-22, nan 
-41.625, 67.625, 2.9189024507156805e-22, nan 
-41.375, 67.625, 3.5361417126050796e-22, nan 
-41.125, 67.625, 8.14484046173066e-22, nan 
-40.875, 67.625, 8.00067920296307e-22, nan 
-40.625, 67.625, 7.00015397881956e-22, nan 
-40.375, 67.625, 9.017579265382555e-22, nan 
-40.125, 67.625, 8.146732566266374e-22, nan 
-39.875, 67.625, 6.089006357771205e-22, nan 
-39.625, 67.625, 3.26317208788719e-22, nan 
-39.375, 67.625, 3.8474602957195996e-22, nan 
-39.125, 67.625, 3.2814054888987467e-22, nan 
-38.875, 67.625, 2.3663225639804015e-22, nan 
-38.625, 67.625, 2.0450631752115433e-22, nan 
-38.375, 67.625, 1.9080285364610357e-22, nan 
-38.125, 67.625, 1.2771711094606178e-22, nan 
-37.875, 67.625, 5.621423385053901e-23, nan 
-37.625, 67.625, 7.471219615951835e-23, nan 
-37.375, 67.625, 1.0543907559199527e-22, nan 
-37.125, 67.625, 2.565625502290653e-22, nan 
-36.875, 67.625, 2.6115518883950343e-22, nan 
-36.625, 67.625, 1.5286568163822856e-22, nan 
-36.375, 67.625, 2.817859369045924e-22, nan 
-36.125, 67.625, 4.360720030117636e-22, nan 
-35.875, 67.625, 4.487774751617283e-22, nan 
-35.625, 67.625, 4.308969195015e-22, nan 
-35.375, 67.625, 2.395278355793868e-22, nan 
-35.125, 67.625, 7.94915916077485e-22, nan 
-34.875, 67.625, 1.2588022419615165e-21, nan 
-34.625, 67.625, 1.1969498233522388e-21, nan 
-34.375, 67.625, 1.382380536282999e-21, nan 
-34.125, 67.625, 1.3656127425333717e-21, nan 
-33.875, 67.625, 1.2710889062851068e-21, nan 
-33.625, 67.625, 1.0998313104108046e-21, nan 
-33.375, 67.625, 3.5991645167258575e-22, nan 
-33.125, 67.625, 4.6463948977582075e-22, nan 
-32.875, 67.625, 6.817026527725461e-22, nan 
-32.625, 67.625, 7.484136978781313e-22, nan 
-32.375, 67.625, 2.347805700248587e-22, nan 
-32.125, 67.625, 2.2961636969777265e-22, nan 
-31.875, 67.625, 3.1147009984282605e-22, nan 
-31.625, 67.625, 2.3709505288938765e-22, nan 
-31.375, 67.625, 3.222672737909125e-22, nan 
-31.125, 67.625, 2.8548104164851646e-22, nan 
-30.875, 67.625, 6.284967121150904e-22, nan 
-30.625, 67.625, 6.251544307885218e-22, nan 
-30.375, 67.625, 5.475595945568551e-22, nan 
-30.125, 67.625, 7.410770587018368e-22, nan 
-29.875, 67.625, 7.311099494786196e-22, nan 
-29.625, 67.625, 7.658053528320739e-22, nan 
-29.375, 67.625, 6.390857356371705e-22, nan 
-29.125, 67.625, 5.388532254582906e-22, nan 
-28.875, 67.625, 6.370250839410778e-22, nan 
-28.625, 67.625, 6.634031458003634e-22, nan 
-28.375, 67.625, 3.951986861437708e-22, nan 
-28.125, 67.625, 3.0833592813329725e-22, nan 
-27.875, 67.625, 5.218023630982076e-22, nan 
-27.625, 67.625, 1.0182614160968083e-21, nan 
-27.375, 67.625, 8.787294797884642e-22, nan 
-27.125, 67.625, 1.0769459182232887e-21, nan 
-26.875, 67.625, 1.5572213280357718e-21, nan 
-26.625, 67.625, 1.5522287035602279e-21, nan 
-26.375, 67.625, 1.1191933790565274e-21, nan 
-26.125, 67.625, 1.377793570899918e-21, nan 
-25.875, 67.625, 2.2496110123198535e-21, nan 
-25.625, 67.625, 1.1083727507297795e-21, nan 
-25.375, 67.625, 9.013836558682737e-22, nan 
-25.125, 67.625, 1.3205805368241542e-21, nan 
-24.875, 67.625, 8.72609801623955e-22, nan 
-24.625, 67.625, 6.484982028042194e-22, nan 
-24.375, 67.625, 5.244422073555818e-22, nan 
-24.125, 67.625, 5.250725639945785e-22, nan 
-23.875, 67.625, 5.440417463522332e-22, nan 
-23.625, 67.625, 4.297054289688986e-22, nan 
-23.375, 67.625, 3.9231291472444146e-22, nan 
-23.125, 67.625, 4.0251083929949926e-22, nan 
-22.875, 67.625, 2.2766625688111604e-22, nan 
-22.625, 67.625, 2.2998554105538066e-22, nan 
-22.375, 67.625, 4.1215579054321735e-22, nan 
-22.125, 67.625, 6.223918379101526e-22, nan 
-21.875, 67.625, 3.648453238185136e-22, nan 
-21.625, 67.625, 1.3934455130598043e-22, nan 
-21.375, 67.625, 6.456213465168094e-22, nan 
-21.125, 67.625, 3.863172617152633e-22, nan 
-20.875, 67.625, 1.1036603151524514e-22, nan 
-20.625, 67.625, 5.530978718142379e-22, nan 
-20.375, 67.625, 3.413872833937039e-22, nan 
-20.125, 67.625, 2.4852437915280767e-22, nan 
-19.875, 67.625, 2.165604709815125e-22, nan 
-19.625, 67.625, 5.44857644282799e-22, nan 
-19.375, 67.625, 8.521323340309185e-22, nan 
-19.125, 67.625, 5.607327787200389e-22, nan 
-18.875, 67.625, 6.661835795329204e-22, nan 
-18.625, 67.625, 9.27682562598492e-22, nan 
-18.375, 67.625, 6.011014466653203e-22, nan 
-18.125, 67.625, 3.568748349581349e-22, nan 
-17.875, 67.625, 2.4248496381307563e-22, nan 
-17.625, 67.625, 3.2606877149127467e-22, nan 
-17.375, 67.625, 3.0709027264523103e-22, nan 
-17.125, 67.625, 6.946397063540842e-22, nan 
-16.875, 67.625, 1.0011024110270882e-21, nan 
-16.625, 67.625, 6.604607689356994e-22, nan 
-16.375, 67.625, 6.284422883292106e-22, nan 
-16.125, 67.625, 5.338049578480756e-22, nan 
-15.875, 67.625, 5.234786176963016e-22, nan 
-15.625, 67.625, 4.8134507228662105e-22, nan 
-15.375, 67.625, 4.633482234437334e-22, nan 
-15.125, 67.625, 3.351936892527086e-22, nan 
-14.875, 67.625, 5.602364623788289e-22, nan 
-14.625, 67.625, 5.411402432497804e-22, nan 
-14.375, 67.625, 3.8195210056684217e-22, nan 
-14.125, 67.625, 5.446446283409259e-22, nan 
-13.875, 67.625, 5.94754080674922e-22, nan 
-13.625, 67.625, 7.198708770481347e-22, nan 
-13.375, 67.625, 5.347048353007899e-22, nan 
-13.125, 67.625, 4.650411155502977e-22, nan 
-12.875, 67.625, 5.315346204277077e-22, nan 
-12.625, 67.625, 4.709430350092331e-22, nan 
-12.375, 67.625, 4.729716282998146e-22, nan 
-12.125, 67.625, 3.652153343062767e-22, nan 
-11.875, 67.625, 3.825461503247272e-22, nan 
-11.625, 67.625, 4.653895506117018e-22, nan 
-11.375, 67.625, 2.6751226198884907e-22, nan 
-11.125, 67.625, 3.1818731818176077e-22, nan 
-10.875, 67.625, 4.638953989822595e-22, nan 
-10.625, 67.625, 4.56680959130029e-22, nan 
-10.375, 67.625, 3.233510695327388e-22, nan 
-10.125, 67.625, 4.754408994448869e-22, nan 
-9.875, 67.625, 5.439621299588984e-22, nan 
-9.625, 67.625, 5.707290144480406e-22, nan 
-9.375, 67.625, 2.148222690466407e-22, nan 
-9.125, 67.625, 3.0309230559010997e-22, nan 
-8.875, 67.625, 4.1755960140986006e-22, nan 
-8.625, 67.625, 2.847787279778585e-22, nan 
-8.375, 67.625, 4.50106234106497e-22, nan 
-8.125, 67.625, 4.498025470462299e-22, nan 
-7.875, 67.625, 4.418116751092058e-22, nan 
-7.625, 67.625, 5.065170653447167e-22, nan 
-7.375, 67.625, 5.9195616084481285e-22, nan 
-7.125, 67.625, 4.880133209692403e-22, nan 
-6.875, 67.625, 3.95483534406721e-22, nan 
-6.625, 67.625, 4.504639037535573e-22, nan 
-6.375, 67.625, 5.148097329442346e-22, nan 
-6.125, 67.625, 3.175193849166755e-22, nan 
-5.875, 67.625, 2.736965892726271e-22, nan 
-5.625, 67.625, 3.448832474998855e-22, nan 
-5.375, 67.625, 2.528787524354421e-22, nan 
-5.125, 67.625, 1.7436208125216632e-22, nan 
-4.875, 67.625, 2.2990270301023384e-22, nan 
-4.625, 67.625, 2.5278878449264027e-22, nan 
-4.375, 67.625, 1.4980429943448672e-22, nan 
-4.125, 67.625, 1.8424818049287854e-22, nan 
-3.875, 67.625, 2.8314052375903415e-22, nan 
-3.625, 67.625, 1.9595123052193542e-22, nan 
-3.375, 67.625, 2.0320534834655507e-22, nan 
-3.125, 67.625, 2.0921265080781078e-22, nan 
-2.875, 67.625, 2.023941551177328e-22, nan 
-2.625, 67.625, 2.824416341976892e-22, nan 
-2.375, 67.625, 1.6059818926030688e-22, nan 
-2.125, 67.625, 9.273764001141382e-23, nan 
-1.875, 67.625, 2.2827906261983273e-22, nan 
-1.625, 67.625, 1.2588284704633155e-22, nan 
-1.375, 67.625, 1.1795580450738242e-22, nan 
-1.125, 67.625, 7.431100806846832e-23, nan 
-0.875, 67.625, 1.0684406027871405e-22, nan 
-0.625, 67.625, 1.5437198479904684e-22, nan 
-0.375, 67.625, 1.1715915055107722e-22, nan 
-0.125, 67.625, 2.443921167183299e-22, nan 
0.125, 67.625, 2.0717176151653511e-22, nan 
0.375, 67.625, 2.431110484508135e-22, nan 
0.625, 67.625, 2.1655074471778453e-22, nan 
0.875, 67.625, 1.398845011551634e-22, nan 
1.125, 67.625, 1.5403147181229435e-22, nan 
1.375, 67.625, 1.085768448011584e-22, nan 
1.625, 67.625, 2.3135906595394455e-22, nan 
1.875, 67.625, 3.159951103782818e-22, nan 
2.125, 67.625, 2.825671185557626e-22, nan 
2.375, 67.625, 2.296449010064799e-22, nan 
2.625, 67.625, 2.529306818396449e-22, nan 
2.875, 67.625, 2.920842442900483e-22, nan 
3.125, 67.625, 2.960137775068286e-22, nan 
3.375, 67.625, 1.2076209804728576e-22, nan 
3.625, 67.625, 1.9270374702678186e-22, nan 
3.875, 67.625, 1.3021111219207499e-22, nan 
4.125, 67.625, 4.093577633500357e-23, nan 
4.375, 67.625, 9.242846160799844e-23, nan 
4.625, 67.625, 7.131878348200171e-23, nan 
4.875, 67.625, 8.556732562546717e-23, nan 
5.125, 67.625, 7.156742177303569e-23, nan 
5.375, 67.625, 9.152144615740041e-23, nan 
5.625, 67.625, 9.564014225295491e-23, nan 
5.875, 67.625, 7.321581377086916e-23, nan 
6.125, 67.625, 1.0915348134497513e-22, nan 
6.375, 67.625, 1.0008738335287018e-22, nan 
6.625, 67.625, 1.7031925421430133e-22, nan 
6.875, 67.625, 1.137964451995741e-22, nan 
7.125, 67.625, 1.1189153569982063e-22, nan 
7.375, 67.625, 1.5458516735641766e-22, nan 
7.625, 67.625, 1.17100144106737e-22, nan 
7.875, 67.625, 6.3091430475288e-23, nan 
8.125, 67.625, 5.549148634817012e-23, nan 
8.375, 67.625, 5.794333909027435e-23, nan 
8.625, 67.625, 4.423323432325529e-23, nan 
8.875, 67.625, 4.361091506067337e-23, nan 
9.125, 67.625, 2.837408957901374e-23, nan 
9.375, 67.625, 3.2603617450565307e-23, nan 
9.625, 67.625, 6.150255721655261e-23, nan 
9.875, 67.625, 5.094446127339919e-23, nan 
10.125, 67.625, 7.001304929494513e-23, nan 
10.375, 67.625, 8.090897426119691e-23, nan 
10.625, 67.625, 8.25745168182381e-23, nan 
10.875, 67.625, 1.4672335279711179e-22, nan 
11.125, 67.625, 1.0550596291625328e-22, nan 
11.375, 67.625, 6.514869667762967e-23, nan 
11.625, 67.625, 6.530420219934209e-23, nan 
11.875, 67.625, 3.866646166117527e-23, nan 
12.125, 67.625, 3.53832815667481e-23, nan 
12.375, 67.625, 7.380680335648237e-23, nan 
12.625, 67.625, 6.518255487080879e-23, nan 
12.875, 67.625, 7.335026286327745e-23, nan 
13.125, 67.625, 7.792968401955839e-23, nan 
13.375, 67.625, 6.362402236682037e-23, nan 
13.625, 67.625, 5.956011693433561e-23, nan 
13.875, 67.625, 5.142188377021898e-23, nan 
14.125, 67.625, 3.850887860581224e-23, nan 
14.375, 67.625, 2.7947616284073366e-23, nan 
14.625, 67.625, 4.627924443913485e-23, nan 
14.875, 67.625, 5.919962161400669e-23, nan 
15.125, 67.625, 6.183812958177083e-23, nan 
15.375, 67.625, 9.230218663206159e-23, nan 
15.625, 67.625, 6.224329665217999e-23, nan 
15.875, 67.625, 5.341162499853138e-23, nan 
16.125, 67.625, 1.046382435952409e-22, nan 
16.375, 67.625, 5.0331735482341077e-23, nan 
16.625, 67.625, 1.482839869639999e-23, nan 
16.875, 67.625, 3.9529259307932485e-23, nan 
17.125, 67.625, 3.205737547376169e-23, nan 
17.375, 67.625, 4.1821902930589424e-23, nan 
17.625, 67.625, 3.9792729282351737e-23, nan 
17.875, 67.625, 4.304478628912392e-23, nan 
18.125, 67.625, 7.185351287810399e-23, nan 
18.375, 67.625, 6.256090600341953e-23, nan 
18.625, 67.625, 3.773264645700083e-23, nan 
18.875, 67.625, 5.36387592120137e-23, nan 
19.125, 67.625, 4.076637052746033e-23, nan 
19.375, 67.625, 4.817312115037076e-23, nan 
19.625, 67.625, 4.837553295144116e-23, nan 
19.875, 67.625, 3.7766273451666885e-23, nan 
20.125, 67.625, 4.7678314013368165e-23, nan 
20.375, 67.625, 5.421258569125079e-23, nan 
20.625, 67.625, 5.918428313812346e-23, nan 
20.875, 67.625, 5.125184587160759e-23, nan 
21.125, 67.625, 5.552730519647222e-23, nan 
21.375, 67.625, 8.612094290188698e-23, nan 
21.625, 67.625, 9.706310471492045e-23, nan 
21.875, 67.625, 4.530716857428134e-23, nan 
22.125, 67.625, 1.8247746620165584e-23, nan 
22.375, 67.625, 3.0179661497820604e-23, nan 
22.625, 67.625, 1.4870744593743004e-23, nan 
22.875, 67.625, 2.0312558008868256e-23, nan 
23.125, 67.625, 2.7412378406429866e-23, nan 
23.375, 67.625, 2.524297046998805e-23, nan 
23.625, 67.625, 4.351324784702909e-23, nan 
23.875, 67.625, 5.5365122876083e-23, nan 
24.125, 67.625, 3.5672281357519196e-23, nan 
24.375, 67.625, 3.9570576765403106e-23, nan 
24.625, 67.625, 6.565716117604258e-23, nan 
24.875, 67.625, 5.753402136519588e-23, nan 
25.125, 67.625, 4.2455719993781836e-23, nan 
25.375, 67.625, 7.246696818102637e-23, nan 
25.625, 67.625, 9.819526097054117e-23, nan 
25.875, 67.625, 6.256091217548001e-23, nan 
26.125, 67.625, 5.317425332257089e-23, nan 
26.375, 67.625, 8.70579421705522e-23, nan 
26.625, 67.625, 7.625625381988851e-23, nan 
26.875, 67.625, 4.907073557725391e-23, nan 
27.125, 67.625, 1.89989653762972e-23, nan 
27.375, 67.625, 5.628990147125297e-23, nan 
27.625, 67.625, 2.219436019431873e-23, nan 
27.875, 67.625, 3.120895692436578e-23, nan 
28.125, 67.625, 1.1670504907402809e-23, nan 
28.375, 67.625, 2.385992027821396e-23, nan 
28.625, 67.625, 2.546789768511197e-23, nan 
28.875, 67.625, 2.2687310150728408e-23, nan 
29.125, 67.625, 2.5296097025454017e-23, nan 
29.375, 67.625, 2.1007165449311797e-23, nan 
29.625, 67.625, 1.9853107709286627e-23, nan 
29.875, 67.625, 3.5216424462893273e-23, nan 
30.125, 67.625, 2.97313852928656e-23, nan 
30.375, 67.625, 2.4128928899491628e-23, nan 
30.625, 67.625, 6.087558220016975e-23, nan 
30.875, 67.625, 3.2085222503111614e-23, nan 
31.125, 67.625, 1.3919800795818156e-23, nan 
31.375, 67.625, 3.109622057966868e-23, nan 
31.625, 67.625, 2.077124672888954e-23, nan 
31.875, 67.625, 1.57713887239042e-23, nan 
32.125, 67.625, 2.298289929481568e-23, nan 
32.375, 67.625, 1.2725258871821613e-23, nan 
32.625, 67.625, 9.868608508754181e-24, nan 
32.875, 67.625, 1.7063583069833442e-23, nan 
33.125, 67.625, 1.4047968325813174e-23, nan 
33.375, 67.625, 1.6343440759239536e-23, nan 
33.625, 67.625, 9.028565170495833e-24, nan 
33.875, 67.625, 1.329119383468048e-23, nan 
34.125, 67.625, 1.8614315777092997e-23, nan 
34.375, 67.625, 2.2617040897230047e-23, nan 
34.625, 67.625, 1.7193904355536784e-23, nan 
34.875, 67.625, 1.3766171230474424e-23, nan 
35.125, 67.625, 1.6504471394923886e-23, nan 
35.375, 67.625, 2.0127482651794945e-23, nan 
35.625, 67.625, 1.4380058081793273e-23, nan 
35.875, 67.625, 2.6676063532271064e-23, nan 
36.125, 67.625, 3.106867164996288e-23, nan 
36.375, 67.625, 2.0850980813511637e-23, nan 
36.625, 67.625, 2.3902681148900803e-23, nan 
36.875, 67.625, 2.8177135800632384e-23, nan 
37.125, 67.625, 2.2249786536744004e-23, nan 
37.375, 67.625, 2.086840872214471e-23, nan 
37.625, 67.625, 1.3260425364035676e-23, nan 
37.875, 67.625, 1.354103909620688e-23, nan 
38.125, 67.625, 1.6752176005020542e-23, nan 
38.375, 67.625, 2.5833567646960548e-23, nan 
38.625, 67.625, 2.0628587060040348e-23, nan 
38.875, 67.625, 2.1165123903445468e-23, nan 
39.125, 67.625, 2.4704866311662202e-23, nan 
39.375, 67.625, 2.8924428367867253e-23, nan 
39.625, 67.625, 2.287838294981105e-23, nan 
39.875, 67.625, 2.5308824770059227e-23, nan 
40.125, 67.625, 2.778358863186381e-23, nan 
40.375, 67.625, 1.7460097663429654e-23, nan 
40.625, 67.625, 1.8220611214677055e-23, nan 
40.875, 67.625, 1.3314190568421047e-23, nan 
41.125, 67.625, 2.2295247515492587e-23, nan 
41.375, 67.625, 2.354760095899367e-23, nan 
41.625, 67.625, 1.3624906112689939e-23, nan 
41.875, 67.625, 1.5674849363901717e-23, nan 
42.125, 67.625, 1.97580134925281e-23, nan 
42.375, 67.625, 1.7802606173073686e-23, nan 
42.625, 67.625, 1.2401583975065457e-23, nan 
42.875, 67.625, 1.6494469475313266e-23, nan 
43.125, 67.625, 1.5971103975666183e-23, nan 
43.375, 67.625, 4.0691752606170606e-24, nan 
43.625, 67.625, 1.047572184193297e-23, nan 
43.875, 67.625, 1.5800922760302282e-23, nan 
44.125, 67.625, 1.1060735490076395e-23, nan 
44.375, 67.625, 1.4315356629656353e-23, nan 
44.625, 67.625, 2.562250025993354e-23, nan 
44.875, 67.625, 1.1230921395397642e-23, nan 
45.125, 67.625, 1.0952893062492122e-23, nan 
45.375, 67.625, 1.2628124973463819e-23, nan 
45.625, 67.625, 1.2222504654280917e-23, nan 
45.875, 67.625, 6.465230125386366e-24, nan 
46.125, 67.625, 9.253315329510979e-24, nan 
46.375, 67.625, 1.2172053963802815e-23, nan 
46.625, 67.625, 6.767070871309266e-24, nan 
46.875, 67.625, 4.556258268334824e-24, nan 
47.125, 67.625, 1.2438747301358338e-23, nan 
47.375, 67.625, 1.2013759328554567e-23, nan 
47.625, 67.625, 1.1705058405199423e-23, nan 
47.875, 67.625, 8.981751686157467e-24, nan 
48.125, 67.625, 1.2781232210008561e-23, nan 
48.375, 67.625, 6.865173018981082e-24, nan 
48.625, 67.625, 6.454373929320768e-24, nan 
48.875, 67.625, 7.010824907347984e-24, nan 
49.125, 67.625, 7.503287756557489e-24, nan 
49.375, 67.625, 3.710975895416151e-24, nan 
49.625, 67.625, 3.785471955075846e-24, nan 
49.875, 67.625, 3.44625214496537e-24, nan 
50.125, 67.625, 2.4648264883319794e-24, nan 
50.375, 67.625, 6.892463345278663e-24, nan 
50.625, 67.625, 6.3235185573172804e-24, nan 
50.875, 67.625, 7.984267492459173e-24, nan 
51.125, 67.625, 7.507292157335036e-24, nan 
51.375, 67.625, 8.720562801882686e-24, nan 
51.625, 67.625, 9.301176462048816e-24, nan 
51.875, 67.625, 6.424021481206197e-24, nan 
52.125, 67.625, 9.134264586793501e-24, nan 
52.375, 67.625, 7.070452415741415e-24, nan 
52.625, 67.625, 4.897037881684827e-24, nan 
52.875, 67.625, 5.895115686844101e-24, nan 
53.125, 67.625, 7.54603394211183e-24, nan 
53.375, 67.625, 7.027701681278203e-24, nan 
53.625, 67.625, 6.493692165643193e-24, nan 
53.875, 67.625, 7.422170514567392e-24, nan 
54.125, 67.625, 5.8729450148851955e-24, nan 
54.375, 67.625, 6.800347211335198e-24, nan 
54.625, 67.625, 6.275911453016471e-24, nan 
54.875, 67.625, 4.750077730945204e-24, nan 
55.125, 67.625, 6.182434631273337e-24, nan 
55.375, 67.625, 9.755983880622291e-24, nan 
55.625, 67.625, 2.121526880905566e-24, nan 
55.875, 67.625, 9.294589553195578e-24, nan 
56.125, 67.625, 4.148328444468238e-24, nan 
56.375, 67.625, 4.2162711645329484e-24, nan 
56.625, 67.625, 5.659151530049907e-24, nan 
56.875, 67.625, 4.27185938433399e-24, nan 
57.125, 67.625, 5.635481225625353e-24, nan 
57.375, 67.625, 9.305518480299066e-24, nan 
57.625, 67.625, 8.766946123328871e-24, nan 
57.875, 67.625, 4.7750959111265165e-24, nan 
58.125, 67.625, 5.4560622360899336e-24, nan 
58.375, 67.625, 9.293256144573269e-24, nan 
58.625, 67.625, 1.1270634336383418e-23, nan 
58.875, 67.625, 9.099397703403576e-24, nan 
59.125, 67.625, 1.7137077254616692e-23, nan 
59.375, 67.625, 1.8857330378011408e-23, nan 
59.625, 67.625, 1.052403521182801e-23, nan 
59.875, 67.625, 9.47470445450876e-24, nan 
60.125, 67.625, 1.2244864573829679e-23, nan 
60.375, 67.625, 1.21639804997978e-23, nan 
60.625, 67.625, 8.86335235549361e-24, nan 
-134.125, 67.875, 3.8150660537239724e-24, nan 
-133.875, 67.875, 2.5703500618034998e-24, nan 
-133.625, 67.875, 4.008604184864739e-24, nan 
-133.375, 67.875, 2.0946146111961274e-24, nan 
-133.125, 67.875, 1.8798010104830056e-24, nan 
-132.875, 67.875, 2.1886768447415096e-24, nan 
-132.625, 67.875, 1.887378196220396e-24, nan 
-132.375, 67.875, 4.2311217848141254e-24, nan 
-132.125, 67.875, 2.719824086160513e-24, nan 
-131.875, 67.875, 2.714899062569618e-24, nan 
-131.625, 67.875, 3.942876194056003e-24, nan 
-131.375, 67.875, 4.096850872336044e-24, nan 
-131.125, 67.875, 2.9643447807340452e-24, nan 
-130.875, 67.875, 1.7992389619641288e-24, nan 
-130.625, 67.875, 2.3843245516579687e-24, nan 
-130.375, 67.875, 2.2270742798656752e-24, nan 
-130.125, 67.875, 4.609472544328018e-24, nan 
-129.875, 67.875, 4.9371766246807604e-24, nan 
-129.625, 67.875, 7.276258331665427e-24, nan 
-129.375, 67.875, 5.408805834157124e-24, nan 
-129.125, 67.875, 5.627719145728131e-24, nan 
-128.875, 67.875, 8.66261144074085e-24, nan 
-128.625, 67.875, 8.528915400601626e-24, nan 
-128.375, 67.875, 8.406101538240134e-24, nan 
-128.125, 67.875, 1.0516973253140075e-23, nan 
-127.875, 67.875, 1.1405823543481055e-23, nan 
-127.625, 67.875, 5.851052711658113e-24, nan 
-127.375, 67.875, 8.771735906420722e-24, nan 
-127.125, 67.875, 7.844868435765331e-24, nan 
-126.875, 67.875, 1.2321840200612014e-23, nan 
-126.625, 67.875, 1.3249303437397105e-23, nan 
-126.375, 67.875, 9.534489168976989e-24, nan 
-126.125, 67.875, 8.431414460291113e-24, nan 
-125.875, 67.875, 8.58421501742367e-24, nan 
-125.625, 67.875, 5.4000739171269434e-24, nan 
-125.375, 67.875, 2.1109986696437423e-24, nan 
-125.125, 67.875, 3.942206480186334e-24, nan 
-124.875, 67.875, 5.579833987749847e-24, nan 
-124.625, 67.875, 5.063937513848033e-24, nan 
-124.375, 67.875, 2.1587048669022957e-24, nan 
-124.125, 67.875, 2.4763256658549196e-24, nan 
-123.875, 67.875, 2.3912571249617735e-24, nan 
-123.625, 67.875, 3.677996944977133e-24, nan 
-123.375, 67.875, 4.290447346480189e-24, nan 
-123.125, 67.875, 4.314558928523561e-24, nan 
-122.875, 67.875, 3.0783636915890217e-24, nan 
-122.625, 67.875, 6.902976216862334e-24, nan 
-122.375, 67.875, 1.9775811994258528e-24, nan 
-122.125, 67.875, 2.180095364745923e-24, nan 
-121.875, 67.875, 4.132019289626614e-24, nan 
-121.625, 67.875, 3.8271328692929276e-24, nan 
-121.375, 67.875, 4.832535981815374e-24, nan 
-121.125, 67.875, 6.464229998159541e-24, nan 
-120.875, 67.875, 4.946850690681309e-24, nan 
-120.625, 67.875, 2.789067070539981e-24, nan 
-120.375, 67.875, 4.96962790312334e-24, nan 
-120.125, 67.875, 3.370363401016605e-24, nan 
-119.875, 67.875, 3.368006716920772e-24, nan 
-119.625, 67.875, 4.727820744279049e-24, nan 
-119.375, 67.875, 3.1831552142407357e-24, nan 
-119.125, 67.875, 3.597551526124501e-24, nan 
-118.875, 67.875, 4.142026546040634e-24, nan 
-118.625, 67.875, 3.688302276130027e-24, nan 
-118.375, 67.875, 2.4295869452101363e-24, nan 
-118.125, 67.875, 3.496930480485998e-24, nan 
-117.875, 67.875, 3.525754370313095e-24, nan 
-117.625, 67.875, 2.6288711117490117e-24, nan 
-117.375, 67.875, 2.6492121871372736e-24, nan 
-117.125, 67.875, 3.2152548697053662e-24, nan 
-116.875, 67.875, 2.7607084154680886e-24, nan 
-116.625, 67.875, 2.8853980373130538e-24, nan 
-116.375, 67.875, 3.713915674878944e-24, nan 
-116.125, 67.875, 2.5270824699812528e-24, nan 
-115.875, 67.875, 3.427349785466184e-24, nan 
-115.625, 67.875, 4.4929711401240075e-24, nan 
-115.375, 67.875, 4.680403406077619e-24, nan 
-115.125, 67.875, 2.8918901501057375e-24, nan 
-114.875, 67.875, 2.865104324679928e-24, nan 
-114.625, 67.875, 2.6348027132933964e-24, nan 
-114.375, 67.875, 3.2155056254624907e-24, nan 
-114.125, 67.875, 4.113015507090753e-24, nan 
-113.875, 67.875, 3.404298286694012e-24, nan 
-113.625, 67.875, 3.569059995575976e-24, nan 
-113.375, 67.875, 4.664495578562964e-24, nan 
-113.125, 67.875, 5.1291615850499966e-24, nan 
-112.875, 67.875, 4.005782214106631e-24, nan 
-112.625, 67.875, 3.897076534309023e-24, nan 
-112.375, 67.875, 4.278690222657463e-24, nan 
-112.125, 67.875, 3.455251642492437e-24, nan 
-111.875, 67.875, 4.450402641780902e-24, nan 
-111.625, 67.875, 3.4216603081331936e-24, nan 
-111.375, 67.875, 6.295054362280448e-24, nan 
-111.125, 67.875, 9.211439953967326e-24, nan 
-110.875, 67.875, 8.270221592126137e-24, nan 
-110.625, 67.875, 6.666036512790078e-24, nan 
-110.375, 67.875, 7.310493638124957e-24, nan 
-110.125, 67.875, 7.313363279830976e-24, nan 
-109.875, 67.875, 7.575713565833892e-24, nan 
-109.625, 67.875, 6.977219467124515e-24, nan 
-109.375, 67.875, 9.677935106184851e-24, nan 
-109.125, 67.875, 9.005348875848675e-24, nan 
-108.875, 67.875, 9.89157732595146e-24, nan 
-108.625, 67.875, 9.118359364846988e-24, nan 
-108.375, 67.875, 8.26144297852872e-24, nan 
-108.125, 67.875, 9.178916147705815e-24, nan 
-107.875, 67.875, 9.165351694807522e-24, nan 
-107.625, 67.875, 7.28760624889839e-24, nan 
-107.375, 67.875, 4.1219948141637934e-24, nan 
-107.125, 67.875, 4.209995281756977e-24, nan 
-106.875, 67.875, 6.851231372284593e-24, nan 
-106.625, 67.875, 4.257770781707586e-24, nan 
-106.375, 67.875, 6.954113410061726e-24, nan 
-106.125, 67.875, 5.023018775769936e-24, nan 
-105.875, 67.875, 6.759349342584285e-24, nan 
-105.625, 67.875, 6.0631720839542964e-24, nan 
-105.375, 67.875, 8.909899632870631e-24, nan 
-105.125, 67.875, 5.544938434652535e-24, nan 
-104.875, 67.875, 5.461127478289593e-24, nan 
-104.625, 67.875, 6.194395257454346e-24, nan 
-104.375, 67.875, 6.306816291886701e-24, nan 
-104.125, 67.875, 5.413610219185888e-24, nan 
-103.875, 67.875, 4.423984252670561e-24, nan 
-103.625, 67.875, 4.404675971342279e-24, nan 
-103.375, 67.875, 4.6424716680170514e-24, nan 
-103.125, 67.875, 5.942505924842452e-24, nan 
-102.875, 67.875, 5.837938267876526e-24, nan 
-102.625, 67.875, 5.2993925187402845e-24, nan 
-102.375, 67.875, 6.870768704245729e-24, nan 
-102.125, 67.875, 6.103626224276762e-24, nan 
-101.875, 67.875, 6.904556921296952e-24, nan 
-101.625, 67.875, 6.2978268774862594e-24, nan 
-101.375, 67.875, 7.317715330925466e-24, nan 
-101.125, 67.875, 6.923476322739831e-24, nan 
-100.875, 67.875, 6.950006983608564e-24, nan 
-100.625, 67.875, 6.92749790935482e-24, nan 
-100.375, 67.875, 7.033769037398158e-24, nan 
-100.125, 67.875, 8.79717892195181e-24, nan 
-99.875, 67.875, 7.924872937038463e-24, nan 
-99.625, 67.875, 7.562609826414435e-24, nan 
-99.375, 67.875, 7.59285556610965e-24, nan 
-99.125, 67.875, 7.633587431969133e-24, nan 
-98.875, 67.875, 8.244764819760988e-24, nan 
-98.625, 67.875, 7.484668527901766e-24, nan 
-98.375, 67.875, 6.578996258090837e-24, nan 
-98.125, 67.875, 7.603020620365344e-24, nan 
-97.875, 67.875, 6.79520103001905e-24, nan 
-97.625, 67.875, 7.998747376191248e-24, nan 
-97.375, 67.875, 8.3063376506495e-24, nan 
-97.125, 67.875, 9.837989341747159e-24, nan 
-96.875, 67.875, 1.335100605060003e-23, nan 
-96.625, 67.875, 1.0110598200521213e-23, nan 
-96.375, 67.875, 1.1165256519921217e-23, nan 
-96.125, 67.875, 1.2114693597728778e-23, nan 
-95.875, 67.875, 1.1794170691458079e-23, nan 
-95.625, 67.875, 1.0997976827347191e-23, nan 
-95.375, 67.875, 1.0983733441103419e-23, nan 
-95.125, 67.875, 1.0062406852640874e-23, nan 
-94.875, 67.875, 1.0141995507682087e-23, nan 
-94.625, 67.875, 7.677136994176007e-24, nan 
-94.375, 67.875, 6.285838298080609e-24, nan 
-94.125, 67.875, 5.844840199032824e-24, nan 
-93.875, 67.875, 4.277062447208971e-24, nan 
-93.625, 67.875, 5.328606937677517e-24, nan 
-93.375, 67.875, 5.370242943300006e-24, nan 
-93.125, 67.875, 8.914459820064993e-24, nan 
-92.875, 67.875, 8.439048436581135e-24, nan 
-92.625, 67.875, 8.587814513641385e-24, nan 
-92.375, 67.875, 9.545595531133821e-24, nan 
-92.125, 67.875, 1.0395326579490147e-23, nan 
-91.875, 67.875, 9.50819059083676e-24, nan 
-91.625, 67.875, 1.038839066270341e-23, nan 
-91.375, 67.875, 1.0549282680916888e-23, nan 
-91.125, 67.875, 1.1162329827879074e-23, nan 
-90.875, 67.875, 1.0183881958641799e-23, nan 
-90.625, 67.875, 1.2527054406272947e-23, nan 
-90.375, 67.875, 1.0813170000595517e-23, nan 
-90.125, 67.875, 1.1661649387318056e-23, nan 
-89.875, 67.875, 1.3128126543115535e-23, nan 
-89.625, 67.875, 1.2677514132696547e-23, nan 
-89.375, 67.875, 1.6332987766261956e-23, nan 
-89.125, 67.875, 1.3505269922265147e-23, nan 
-88.875, 67.875, 1.5254328986640294e-23, nan 
-88.625, 67.875, 1.5686769720529148e-23, nan 
-88.375, 67.875, 1.5234148838596427e-23, nan 
-88.125, 67.875, 1.661016364974571e-23, nan 
-87.875, 67.875, 1.5799323673036346e-23, nan 
-87.625, 67.875, 1.5633515192092254e-23, nan 
-87.375, 67.875, 1.4714460760194133e-23, nan 
-87.125, 67.875, 1.1400526591863445e-23, nan 
-86.875, 67.875, 1.672370757185421e-23, nan 
-86.625, 67.875, 2.239325144630565e-23, nan 
-86.375, 67.875, 3.7269067065747023e-23, nan 
-86.125, 67.875, 4.2322241768366815e-23, nan 
-85.875, 67.875, 4.5470523061122034e-23, nan 
-85.625, 67.875, 5.924153272403363e-23, nan 
-85.375, 67.875, 5.289821730258708e-23, nan 
-85.125, 67.875, 4.882200014539428e-23, nan 
-84.875, 67.875, 5.564343239461802e-23, nan 
-84.625, 67.875, 4.9802494235335396e-23, nan 
-84.375, 67.875, 3.676087867936124e-23, nan 
-84.125, 67.875, 2.9361152181531545e-23, nan 
-83.875, 67.875, 3.132744635356012e-23, nan 
-83.625, 67.875, 4.365293527309401e-23, nan 
-83.375, 67.875, 4.177376936695227e-23, nan 
-83.125, 67.875, 5.0741266049066305e-23, nan 
-82.875, 67.875, 5.585244651012535e-23, nan 
-82.625, 67.875, 4.5973803407475914e-23, nan 
-82.375, 67.875, 3.5939446436275776e-23, nan 
-82.125, 67.875, 2.3405721070265658e-23, nan 
-81.875, 67.875, 2.7920736928474347e-23, nan 
-81.625, 67.875, 2.9809150586989614e-23, nan 
-81.375, 67.875, 3.232549784535907e-23, nan 
-81.125, 67.875, 3.122787139947695e-23, nan 
-80.875, 67.875, 3.2145993144477326e-23, nan 
-80.625, 67.875, 3.3879603302029945e-23, nan 
-80.375, 67.875, 3.177312631106256e-23, nan 
-80.125, 67.875, 3.2979968360753083e-23, nan 
-79.875, 67.875, 3.490601452124593e-23, nan 
-79.625, 67.875, 3.177564175875148e-23, nan 
-79.375, 67.875, 3.559176043889772e-23, nan 
-79.125, 67.875, 3.9831715809911004e-23, nan 
-78.875, 67.875, 3.183669502725843e-23, nan 
-78.625, 67.875, 3.8158554425159085e-23, nan 
-78.375, 67.875, 3.869020964334689e-23, nan 
-78.125, 67.875, 3.6778649785656894e-23, nan 
-77.875, 67.875, 2.435104657831836e-23, nan 
-77.625, 67.875, 3.7875187325649796e-23, nan 
-77.375, 67.875, 3.9234092532904685e-23, nan 
-77.125, 67.875, 4.1854381923121047e-23, nan 
-76.875, 67.875, 4.6735573685203595e-23, nan 
-76.625, 67.875, 5.056117893478286e-23, nan 
-76.375, 67.875, 5.1279984282230593e-23, nan 
-76.125, 67.875, 3.703033552282214e-23, nan 
-75.875, 67.875, 3.29235272284027e-23, nan 
-75.625, 67.875, 3.5171268304858143e-23, nan 
-75.375, 67.875, 3.587216464339991e-23, nan 
-75.125, 67.875, 4.478125488239514e-23, nan 
-74.875, 67.875, 4.931414233497656e-23, nan 
-74.625, 67.875, 6.61265082517256e-23, nan 
-74.375, 67.875, 5.926535747158601e-23, nan 
-74.125, 67.875, 3.802160567939579e-23, nan 
-73.875, 67.875, 2.928937875690776e-23, nan 
-73.625, 67.875, 2.943771385905708e-23, nan 
-73.375, 67.875, 4.2130083053379346e-23, nan 
-73.125, 67.875, 3.830038034159359e-23, nan 
-72.875, 67.875, 4.633816401717793e-23, nan 
-72.625, 67.875, 4.737445903878415e-23, nan 
-72.375, 67.875, 4.875657408813137e-23, nan 
-72.125, 67.875, 5.823407574771982e-23, nan 
-71.875, 67.875, 5.2239586890044044e-23, nan 
-71.625, 67.875, 4.407552649106618e-23, nan 
-71.375, 67.875, 3.362933979207192e-23, nan 
-71.125, 67.875, 4.015163206888643e-23, nan 
-70.875, 67.875, 4.3730960109846376e-23, nan 
-70.625, 67.875, 4.4308545991110993e-23, nan 
-70.375, 67.875, 4.9887595651009816e-23, nan 
-70.125, 67.875, 5.2578016422643265e-23, nan 
-69.875, 67.875, 6.119314719225737e-23, nan 
-69.625, 67.875, 6.952515651044679e-23, nan 
-69.375, 67.875, 6.195894593248006e-23, nan 
-69.125, 67.875, 6.838647645627926e-23, nan 
-68.875, 67.875, 7.633675217779143e-23, nan 
-68.625, 67.875, 5.852107324560433e-23, nan 
-68.375, 67.875, 5.893468796465379e-23, nan 
-68.125, 67.875, 3.6425967239627603e-23, nan 
-67.875, 67.875, 5.017647765824481e-23, nan 
-67.625, 67.875, 4.651042332492665e-23, nan 
-67.375, 67.875, 4.55513625002294e-23, nan 
-67.125, 67.875, 7.135639316217897e-23, nan 
-66.875, 67.875, 6.764490086590864e-23, nan 
-66.625, 67.875, 6.539806082258873e-23, nan 
-66.375, 67.875, 7.391641756661921e-23, nan 
-66.125, 67.875, 6.91247881710251e-23, nan 
-65.875, 67.875, 6.726307798300472e-23, nan 
-65.625, 67.875, 7.510716290375131e-23, nan 
-65.375, 67.875, 5.973146787487968e-23, nan 
-65.125, 67.875, 2.920369043179424e-23, nan 
-64.875, 67.875, 6.918164224145653e-23, nan 
-64.625, 67.875, 5.566713601602465e-23, nan 
-64.375, 67.875, 3.572357978644167e-23, nan 
-64.125, 67.875, 5.391971585331185e-23, nan 
-63.875, 67.875, 8.060113160994541e-23, nan 
-63.625, 67.875, 4.433280710185184e-23, nan 
-63.375, 67.875, 4.3830760947846114e-23, nan 
-63.125, 67.875, 5.627359467970162e-23, nan 
-62.875, 67.875, 5.384824355702087e-23, nan 
-62.625, 67.875, 5.594467210803202e-23, nan 
-62.375, 67.875, 6.794092752231401e-23, nan 
-62.125, 67.875, 5.505587995187741e-23, nan 
-61.875, 67.875, 4.299193555348903e-23, nan 
-61.625, 67.875, 4.6007872503220054e-23, nan 
-61.375, 67.875, 6.490184066094759e-23, nan 
-61.125, 67.875, 7.903783886785518e-23, nan 
-60.875, 67.875, 3.9889370641364314e-23, nan 
-60.625, 67.875, 3.493819644213538e-23, nan 
-60.375, 67.875, 4.955471801737687e-23, nan 
-60.125, 67.875, 4.1111544707662134e-23, nan 
-59.875, 67.875, 7.669438433738731e-23, nan 
-59.625, 67.875, 1.3523111459156832e-22, nan 
-59.375, 67.875, 8.462477245577239e-23, nan 
-59.125, 67.875, 1.1085637534858002e-22, nan 
-58.875, 67.875, 1.0069504716114679e-22, nan 
-58.625, 67.875, 7.68510565025554e-23, nan 
-58.375, 67.875, 8.274236274268387e-23, nan 
-58.125, 67.875, 8.316737651482116e-23, nan 
-57.875, 67.875, 6.740559007238022e-23, nan 
-57.625, 67.875, 4.8062970191636595e-23, nan 
-57.375, 67.875, 5.886119726203465e-23, nan 
-57.125, 67.875, 6.585173746168007e-23, nan 
-56.875, 67.875, 5.8036916243925e-23, nan 
-56.625, 67.875, 6.638758906901492e-23, nan 
-56.375, 67.875, 5.581609991111498e-23, nan 
-56.125, 67.875, 9.471564423342326e-23, nan 
-55.875, 67.875, 1.3644105780958859e-22, nan 
-55.625, 67.875, 9.19500570290037e-23, nan 
-55.375, 67.875, 8.819693480509383e-23, nan 
-55.125, 67.875, 1.0835234459094915e-22, nan 
-54.875, 67.875, 1.4604623990278652e-22, nan 
-54.625, 67.875, 1.1677826162093825e-22, nan 
-54.375, 67.875, 1.14819315117118e-22, nan 
-54.125, 67.875, 1.3084646946721652e-22, nan 
-53.875, 67.875, 1.6697624732300205e-22, nan 
-53.625, 67.875, 2.0272629015868346e-22, nan 
-53.375, 67.875, 2.1054408103848845e-22, nan 
-53.125, 67.875, 3.4597986283405164e-22, nan 
-52.875, 67.875, 2.2999505829777074e-22, nan 
-52.625, 67.875, 1.95311277264772e-22, nan 
-52.375, 67.875, 1.1497934171361834e-22, nan 
-52.125, 67.875, 4.9593868803742186e-23, nan 
-51.875, 67.875, 3.9568925798057165e-23, nan 
-51.625, 67.875, 5.702175959465387e-23, nan 
-51.375, 67.875, 6.891634713267504e-23, nan 
-51.125, 67.875, 8.048730561794848e-23, nan 
-50.875, 67.875, 1.2520006626005226e-22, nan 
-50.625, 67.875, 1.4737741796506224e-22, nan 
-50.375, 67.875, 2.039934971471721e-22, nan 
-50.125, 67.875, 1.7257557281077272e-22, nan 
-49.875, 67.875, 1.6104954854167947e-22, nan 
-49.625, 67.875, 2.5734679460601846e-22, nan 
-49.375, 67.875, 2.4497813105961627e-22, nan 
-49.125, 67.875, 1.6101197544509726e-22, nan 
-48.875, 67.875, 3.1316932027211737e-22, nan 
-48.625, 67.875, 2.6383131586833e-22, nan 
-48.375, 67.875, 1.976717961288537e-22, nan 
-48.125, 67.875, 2.272478969129819e-22, nan 
-47.875, 67.875, 2.528196497437662e-22, nan 
-47.625, 67.875, 2.549798354624365e-22, nan 
-47.375, 67.875, 1.9116058764425433e-22, nan 
-47.125, 67.875, 3.4573555501913104e-22, nan 
-46.875, 67.875, 3.090299763561659e-22, nan 
-46.625, 67.875, 3.7866868423894216e-22, nan 
-46.375, 67.875, 3.753358491160988e-22, nan 
-46.125, 67.875, 2.3409968701654513e-22, nan 
-45.875, 67.875, 4.462671750323334e-22, nan 
-45.625, 67.875, 3.3344210569124336e-22, nan 
-45.375, 67.875, 2.7343774558828417e-22, nan 
-45.125, 67.875, 3.0013440796072685e-22, nan 
-44.875, 67.875, 3.9013485519292457e-22, nan 
-44.625, 67.875, 4.748873002961489e-22, nan 
-44.375, 67.875, 4.379991125888292e-22, nan 
-44.125, 67.875, 3.1978012370335883e-22, nan 
-43.875, 67.875, 3.3260110612845413e-22, nan 
-43.625, 67.875, 2.3825994660630374e-22, nan 
-43.375, 67.875, 1.1271207146057788e-22, nan 
-43.125, 67.875, 9.618109634953236e-23, nan 
-42.875, 67.875, 2.4867994370098043e-22, nan 
-42.625, 67.875, 3.8930184345858284e-22, nan 
-42.375, 67.875, 3.8539228709043716e-22, nan 
-42.125, 67.875, 3.3259264538658815e-22, nan 
-41.875, 67.875, 5.265146466057838e-22, nan 
-41.625, 67.875, 6.544764699369073e-22, nan 
-41.375, 67.875, 5.89323256500601e-22, nan 
-41.125, 67.875, 8.066284679959467e-22, nan 
-40.875, 67.875, 9.173011637555695e-22, nan 
-40.625, 67.875, 7.494520773593091e-22, nan 
-40.375, 67.875, 6.271456919424455e-22, nan 
-40.125, 67.875, 4.647577171715484e-22, nan 
-39.875, 67.875, 3.7311025652861477e-22, nan 
-39.625, 67.875, 1.836614182605407e-22, nan 
-39.375, 67.875, 2.7229650452297286e-22, nan 
-39.125, 67.875, 2.486017698201278e-22, nan 
-38.875, 67.875, 2.1344810695008055e-22, nan 
-38.625, 67.875, 2.448522516125986e-22, nan 
-38.375, 67.875, 2.6614960185553745e-22, nan 
-38.125, 67.875, 2.1098941696271225e-22, nan 
-37.875, 67.875, 2.638519458921138e-22, nan 
-37.625, 67.875, 2.089267913315476e-22, nan 
-37.375, 67.875, 2.4360852134814e-22, nan 
-37.125, 67.875, 3.0083958135521757e-22, nan 
-36.875, 67.875, 4.789849756896524e-22, nan 
-36.625, 67.875, 3.5612262001975944e-22, nan 
-36.375, 67.875, 3.4607026129218526e-22, nan 
-36.125, 67.875, 6.074732228780371e-22, nan 
-35.875, 67.875, 3.6906322898607218e-22, nan 
-35.625, 67.875, 2.7394609057378306e-22, nan 
-35.375, 67.875, 1.7864309327223166e-22, nan 
-35.125, 67.875, 9.458948864130565e-22, nan 
-34.875, 67.875, 1.1847201412053514e-21, nan 
-34.625, 67.875, 1.4612979829510014e-21, nan 
-34.375, 67.875, 1.0102881788483057e-21, nan 
-34.125, 67.875, 8.791892139454473e-22, nan 
-33.875, 67.875, 1.4635566575463742e-21, nan 
-33.625, 67.875, 9.82682829773094e-22, nan 
-33.375, 67.875, 8.954209967683664e-22, nan 
-33.125, 67.875, 1.0904122796782172e-21, nan 
-32.875, 67.875, 1.3560523421123127e-21, nan 
-32.625, 67.875, 1.5808062880048374e-21, nan 
-32.375, 67.875, 5.166019015848536e-22, nan 
-32.125, 67.875, 4.693095732901544e-22, nan 
-31.875, 67.875, 4.48097152073691e-22, nan 
-31.625, 67.875, 4.1872711780142564e-22, nan 
-31.375, 67.875, 4.565252404559352e-22, nan 
-31.125, 67.875, 4.877743513728425e-22, nan 
-30.875, 67.875, 7.032530199429399e-22, nan 
-30.625, 67.875, 8.834152910881059e-22, nan 
-30.375, 67.875, 8.917488152374243e-22, nan 
-30.125, 67.875, 7.490421283934825e-22, nan 
-29.875, 67.875, 1.1877182230946418e-21, nan 
-29.625, 67.875, 1.1402327728124568e-21, nan 
-29.375, 67.875, 7.935440531075558e-22, nan 
-29.125, 67.875, 9.028672380281978e-22, nan 
-28.875, 67.875, 9.76919135215964e-22, nan 
-28.625, 67.875, 7.089679302807325e-22, nan 
-28.375, 67.875, 5.1346053209760315e-22, nan 
-28.125, 67.875, 7.132185692282173e-22, nan 
-27.875, 67.875, 5.821915112791303e-22, nan 
-27.625, 67.875, 8.709760102263802e-22, nan 
-27.375, 67.875, 1.2178940541220018e-21, nan 
-27.125, 67.875, 1.58177623725861e-21, nan 
-26.875, 67.875, 1.3963113666457819e-21, nan 
-26.625, 67.875, 1.1569980378907733e-21, nan 
-26.375, 67.875, 1.7177496808516292e-21, nan 
-26.125, 67.875, 1.3704070070728183e-21, nan 
-25.875, 67.875, 1.356055614798235e-21, nan 
-25.625, 67.875, 1.173637334183912e-21, nan 
-25.375, 67.875, 9.63703955968591e-22, nan 
-25.125, 67.875, 5.460834271432627e-22, nan 
-24.875, 67.875, 5.881485267507985e-22, nan 
-24.625, 67.875, 8.331203482692142e-22, nan 
-24.375, 67.875, 6.438144085558894e-22, nan 
-24.125, 67.875, 5.784667929883637e-22, nan 
-23.875, 67.875, 6.33887076762396e-22, nan 
-23.625, 67.875, 3.9275859568414135e-22, nan 
-23.375, 67.875, 2.773237591499168e-22, nan 
-23.125, 67.875, 3.2473183831722244e-22, nan 
-22.875, 67.875, 3.371331351821133e-22, nan 
-22.625, 67.875, 2.6978732063676585e-22, nan 
-22.375, 67.875, 3.110984292800882e-22, nan 
-22.125, 67.875, 6.555521177748397e-22, nan 
-21.875, 67.875, 3.199236845467308e-22, nan 
-21.625, 67.875, 4.29365752174711e-22, nan 
-21.375, 67.875, 1.1669341448069011e-21, nan 
-21.125, 67.875, 6.055927478155683e-22, nan 
-20.875, 67.875, 3.3074760676504853e-22, nan 
-20.625, 67.875, 7.180784721354315e-22, nan 
-20.375, 67.875, 4.284212707960806e-22, nan 
-20.125, 67.875, 3.930260694558427e-22, nan 
-19.875, 67.875, 3.3386090649001107e-22, nan 
-19.625, 67.875, 6.647591433125646e-22, nan 
-19.375, 67.875, 8.723524814595599e-22, nan 
-19.125, 67.875, 8.886218414159768e-22, nan 
-18.875, 67.875, 8.156048527107329e-22, nan 
-18.625, 67.875, 1.0245944988709924e-21, nan 
-18.375, 67.875, 9.769824424732399e-22, nan 
-18.125, 67.875, 6.559705232152014e-22, nan 
-17.875, 67.875, 6.338738051679157e-22, nan 
-17.625, 67.875, 1.1223718751111827e-21, nan 
-17.375, 67.875, 7.215088532790476e-22, nan 
-17.125, 67.875, 6.272134251117219e-22, nan 
-16.875, 67.875, 1.4516404506382552e-21, nan 
-16.625, 67.875, 8.856895228593886e-22, nan 
-16.375, 67.875, 2.6326389059497826e-22, nan 
-16.125, 67.875, 6.581248229673872e-22, nan 
-15.875, 67.875, 5.901243168112158e-22, nan 
-15.625, 67.875, 4.010300596487741e-22, nan 
-15.375, 67.875, 5.139895275109392e-22, nan 
-15.125, 67.875, 4.2349104549199884e-22, nan 
-14.875, 67.875, 5.613475584435472e-22, nan 
-14.625, 67.875, 5.604684458102197e-22, nan 
-14.375, 67.875, 5.5109987922392705e-22, nan 
-14.125, 67.875, 5.8124716437443685e-22, nan 
-13.875, 67.875, 7.229550759842821e-22, nan 
-13.625, 67.875, 5.708712510472036e-22, nan 
-13.375, 67.875, 5.413648574342444e-22, nan 
-13.125, 67.875, 5.170699204325546e-22, nan 
-12.875, 67.875, 6.280535312546264e-22, nan 
-12.625, 67.875, 6.699512801232384e-22, nan 
-12.375, 67.875, 4.838794538449418e-22, nan 
-12.125, 67.875, 5.881656645322179e-22, nan 
-11.875, 67.875, 6.736608074728257e-22, nan 
-11.625, 67.875, 4.280039899046618e-22, nan 
-11.375, 67.875, 3.91711140464726e-22, nan 
-11.125, 67.875, 2.8715491094223855e-22, nan 
-10.875, 67.875, 4.0559354723539593e-22, nan 
-10.625, 67.875, 3.9716704176816326e-22, nan 
-10.375, 67.875, 2.8264642055250463e-22, nan 
-10.125, 67.875, 4.0254533666959987e-22, nan 
-9.875, 67.875, 3.773447144951192e-22, nan 
-9.625, 67.875, 3.197735270115238e-22, nan 
-9.375, 67.875, 3.32691414282929e-22, nan 
-9.125, 67.875, 4.2006158951501163e-22, nan 
-8.875, 67.875, 4.402946294687124e-22, nan 
-8.625, 67.875, 4.626217418780405e-22, nan 
-8.375, 67.875, 4.971690869577944e-22, nan 
-8.125, 67.875, 4.891130207634647e-22, nan 
-7.875, 67.875, 5.111413923008829e-22, nan 
-7.625, 67.875, 5.898486127353758e-22, nan 
-7.375, 67.875, 5.751208162254008e-22, nan 
-7.125, 67.875, 3.5521836965585823e-22, nan 
-6.875, 67.875, 6.084889093597388e-22, nan 
-6.625, 67.875, 6.147363517060749e-22, nan 
-6.375, 67.875, 4.0462678911563983e-22, nan 
-6.125, 67.875, 2.4560518664202273e-22, nan 
-5.875, 67.875, 2.6364275164134835e-22, nan 
-5.625, 67.875, 1.6760943526795382e-22, nan 
-5.375, 67.875, 1.7207100517278425e-22, nan 
-5.125, 67.875, 2.313061246370312e-22, nan 
-4.875, 67.875, 3.1222201348639825e-22, nan 
-4.625, 67.875, 3.15528741748609e-22, nan 
-4.375, 67.875, 1.152977024383493e-22, nan 
-4.125, 67.875, 3.5474288876486727e-22, nan 
-3.875, 67.875, 5.557912431989348e-22, nan 
-3.625, 67.875, 2.9066011621466824e-22, nan 
-3.375, 67.875, 2.6159127608448827e-22, nan 
-3.125, 67.875, 3.9127883032989116e-22, nan 
-2.875, 67.875, 2.445672155132929e-22, nan 
-2.625, 67.875, 2.0804230339081178e-22, nan 
-2.375, 67.875, 1.5768632774064145e-22, nan 
-2.125, 67.875, 1.7330940383657452e-22, nan 
-1.875, 67.875, 1.6144680823840333e-22, nan 
-1.625, 67.875, 1.59491625461912e-22, nan 
-1.375, 67.875, 1.7803926815438905e-22, nan 
-1.125, 67.875, 1.478572132037648e-22, nan 
-0.875, 67.875, 2.8881097295706684e-22, nan 
-0.625, 67.875, 2.9512712926056515e-22, nan 
-0.375, 67.875, 3.351148105268793e-22, nan 
-0.125, 67.875, 3.3354744161373455e-22, nan 
0.125, 67.875, 2.6244242973510083e-22, nan 
0.375, 67.875, 3.3550162042632448e-22, nan 
0.625, 67.875, 1.9596225268301667e-22, nan 
0.875, 67.875, 2.555543627927116e-22, nan 
1.125, 67.875, 2.156453211552749e-22, nan 
1.375, 67.875, 1.364746046238505e-22, nan 
1.625, 67.875, 3.274611069917168e-22, nan 
1.875, 67.875, 3.000522839211131e-22, nan 
2.125, 67.875, 2.15035052925748e-22, nan 
2.375, 67.875, 1.5310907975015533e-22, nan 
2.625, 67.875, 6.170266746758891e-23, nan 
2.875, 67.875, 9.928629376711822e-23, nan 
3.125, 67.875, 1.4243943504333934e-22, nan 
3.375, 67.875, 1.0043965324825522e-22, nan 
3.625, 67.875, 6.83429918981473e-23, nan 
3.875, 67.875, 8.733816352518986e-23, nan 
4.125, 67.875, 7.426709883136571e-23, nan 
4.375, 67.875, 1.2332138098989726e-22, nan 
4.625, 67.875, 1.0794636540803168e-22, nan 
4.875, 67.875, 1.0102413612685625e-22, nan 
5.125, 67.875, 1.1925861373115116e-22, nan 
5.375, 67.875, 9.060205604800222e-23, nan 
5.625, 67.875, 8.072574732786449e-23, nan 
5.875, 67.875, 1.0745305230648805e-22, nan 
6.125, 67.875, 1.0714605621999488e-22, nan 
6.375, 67.875, 1.5254394401179756e-22, nan 
6.625, 67.875, 1.7606693629012497e-22, nan 
6.875, 67.875, 1.599745719629203e-22, nan 
7.125, 67.875, 1.5718549169683886e-22, nan 
7.375, 67.875, 1.2909070254438327e-22, nan 
7.625, 67.875, 1.2994110530334558e-22, nan 
7.875, 67.875, 5.478066915781437e-23, nan 
8.125, 67.875, 2.857309905565067e-23, nan 
8.375, 67.875, 3.9768571320634085e-23, nan 
8.625, 67.875, 2.8200644128517827e-23, nan 
8.875, 67.875, 4.738554988061434e-23, nan 
9.125, 67.875, 3.758852332926203e-23, nan 
9.375, 67.875, 2.4877658450936013e-23, nan 
9.625, 67.875, 4.1398285524602243e-23, nan 
9.875, 67.875, 3.3070453070376676e-23, nan 
10.125, 67.875, 4.6181196516862775e-23, nan 
10.375, 67.875, 4.652672093479198e-23, nan 
10.625, 67.875, 4.3382878377951406e-23, nan 
10.875, 67.875, 6.343656712589487e-23, nan 
11.125, 67.875, 5.133354239159664e-23, nan 
11.375, 67.875, 7.439268383603351e-23, nan 
11.625, 67.875, 1.3829972944036035e-22, nan 
11.875, 67.875, 9.578562548238289e-23, nan 
12.125, 67.875, 1.0280426893888349e-22, nan 
12.375, 67.875, 1.425309076952292e-22, nan 
12.625, 67.875, 1.443809940808861e-22, nan 
12.875, 67.875, 1.322787830458635e-22, nan 
13.125, 67.875, 1.284825933119729e-22, nan 
13.375, 67.875, 7.337805756145281e-23, nan 
13.625, 67.875, 7.61589600147538e-23, nan 
13.875, 67.875, 4.3380093438119386e-23, nan 
14.125, 67.875, 2.16519363585069e-23, nan 
14.375, 67.875, 2.6138000958230808e-23, nan 
14.625, 67.875, 7.597915193711901e-23, nan 
14.875, 67.875, 8.069071533140638e-23, nan 
15.125, 67.875, 7.417705827178443e-23, nan 
15.375, 67.875, 8.114623764918724e-23, nan 
15.625, 67.875, 7.782480579830172e-23, nan 
15.875, 67.875, 6.660326234850173e-23, nan 
16.125, 67.875, 7.459360447512286e-23, nan 
16.375, 67.875, 5.027213293646985e-23, nan 
16.625, 67.875, 3.606654199601365e-23, nan 
16.875, 67.875, 6.365840030392343e-23, nan 
17.125, 67.875, 6.314316889491104e-23, nan 
17.375, 67.875, 5.524897461976016e-23, nan 
17.625, 67.875, 3.102640010453595e-23, nan 
17.875, 67.875, 4.19317713176542e-23, nan 
18.125, 67.875, 4.9782212556269735e-23, nan 
18.375, 67.875, 4.850270096874389e-23, nan 
18.625, 67.875, 4.038509398477453e-23, nan 
18.875, 67.875, 5.538381073130402e-23, nan 
19.125, 67.875, 3.0325027073333815e-23, nan 
19.375, 67.875, 4.644569701161928e-23, nan 
19.625, 67.875, 3.411042156049049e-23, nan 
19.875, 67.875, 4.68004041876745e-23, nan 
20.125, 67.875, 4.4778716077659393e-23, nan 
20.375, 67.875, 6.209985908676466e-23, nan 
20.625, 67.875, 4.7616981026093026e-23, nan 
20.875, 67.875, 3.953339194652432e-23, nan 
21.125, 67.875, 5.669829558312671e-23, nan 
21.375, 67.875, 4.1920958925571055e-23, nan 
21.625, 67.875, 5.961418359180585e-23, nan 
21.875, 67.875, 4.214166950875092e-23, nan 
22.125, 67.875, 2.2474743163077882e-23, nan 
22.375, 67.875, 8.000711849386272e-23, nan 
22.625, 67.875, 4.1194253195714755e-23, nan 
22.875, 67.875, 4.2274990692910026e-23, nan 
23.125, 67.875, 6.207741395282936e-23, nan 
23.375, 67.875, 4.6342054881897857e-23, nan 
23.625, 67.875, 3.30208482943422e-23, nan 
23.875, 67.875, 2.939114882256719e-23, nan 
24.125, 67.875, 3.6135445780199507e-23, nan 
24.375, 67.875, 4.9536827666893847e-23, nan 
24.625, 67.875, 5.746895834213661e-23, nan 
24.875, 67.875, 5.326962804191395e-23, nan 
25.125, 67.875, 4.412540514966376e-23, nan 
25.375, 67.875, 6.688332982691196e-23, nan 
25.625, 67.875, 9.959091106451664e-23, nan 
25.875, 67.875, 5.665210072008217e-23, nan 
26.125, 67.875, 5.952652627293383e-23, nan 
26.375, 67.875, 9.78309612556095e-23, nan 
26.625, 67.875, 1.1626661587862022e-22, nan 
26.875, 67.875, 5.794407006527184e-23, nan 
27.125, 67.875, 6.625160569482303e-23, nan 
27.375, 67.875, 1.3469187145285814e-22, nan 
27.625, 67.875, 4.581047161382355e-23, nan 
27.875, 67.875, 3.8090475585903073e-23, nan 
28.125, 67.875, 6.344855055155887e-23, nan 
28.375, 67.875, 2.996165999330997e-23, nan 
28.625, 67.875, 2.890390837609399e-23, nan 
28.875, 67.875, 3.9960324402357824e-23, nan 
29.125, 67.875, 2.8391733000317445e-23, nan 
29.375, 67.875, 1.674458216685659e-23, nan 
29.625, 67.875, 1.85168085367937e-23, nan 
29.875, 67.875, 2.1797958401470177e-23, nan 
30.125, 67.875, 2.9485543287257075e-23, nan 
30.375, 67.875, 2.899099376646854e-23, nan 
30.625, 67.875, 5.197065685094707e-23, nan 
30.875, 67.875, 3.902532769341907e-23, nan 
31.125, 67.875, 3.0476391282322884e-23, nan 
31.375, 67.875, 2.5551289646159744e-23, nan 
31.625, 67.875, 3.036799759629669e-23, nan 
31.875, 67.875, 1.8655839468600042e-23, nan 
32.125, 67.875, 1.936923977819576e-23, nan 
32.375, 67.875, 2.2493570472018585e-23, nan 
32.625, 67.875, 2.927852988544306e-23, nan 
32.875, 67.875, 2.2958322112691247e-23, nan 
33.125, 67.875, 2.780390795825725e-23, nan 
33.375, 67.875, 2.842482200474147e-23, nan 
33.625, 67.875, 2.0015137297246032e-23, nan 
33.875, 67.875, 2.1216526073816746e-23, nan 
34.125, 67.875, 1.428110502236865e-23, nan 
34.375, 67.875, 3.63565792027313e-23, nan 
34.625, 67.875, 3.492147583598814e-23, nan 
34.875, 67.875, 1.0623021892248291e-23, nan 
35.125, 67.875, 2.4507131850171045e-23, nan 
35.375, 67.875, 2.4171717109572886e-23, nan 
35.625, 67.875, 1.4980968629199962e-23, nan 
35.875, 67.875, 2.15614188579416e-23, nan 
36.125, 67.875, 2.88752002051099e-23, nan 
36.375, 67.875, 1.744951718822694e-23, nan 
36.625, 67.875, 1.750220217979634e-23, nan 
36.875, 67.875, 2.242108265298928e-23, nan 
37.125, 67.875, 1.1317380139408256e-23, nan 
37.375, 67.875, 9.246321023070238e-24, nan 
37.625, 67.875, 1.161691336102487e-23, nan 
37.875, 67.875, 8.242485876720212e-24, nan 
38.125, 67.875, 1.0208479807629702e-23, nan 
38.375, 67.875, 1.1759073893459973e-23, nan 
38.625, 67.875, 1.1173125185578457e-23, nan 
38.875, 67.875, 1.8068140443527507e-23, nan 
39.125, 67.875, 2.0104037550962413e-23, nan 
39.375, 67.875, 1.8877571124007386e-23, nan 
39.625, 67.875, 2.183929387854422e-23, nan 
39.875, 67.875, 2.650628304200983e-23, nan 
40.125, 67.875, 2.3365067779873496e-23, nan 
40.375, 67.875, 1.6434220714331374e-23, nan 
40.625, 67.875, 1.3053316062027549e-23, nan 
40.875, 67.875, 1.078807749260132e-23, nan 
41.125, 67.875, 1.8548807727234936e-23, nan 
41.375, 67.875, 1.725517058544741e-23, nan 
41.625, 67.875, 1.3464809388705955e-23, nan 
41.875, 67.875, 9.870690807623182e-24, nan 
42.125, 67.875, 1.2656501646303238e-23, nan 
42.375, 67.875, 1.0668854839877879e-23, nan 
42.625, 67.875, 1.2060907594198091e-23, nan 
42.875, 67.875, 7.925635671735963e-24, nan 
43.125, 67.875, 9.130123885509083e-24, nan 
43.375, 67.875, 1.3206872672512761e-23, nan 
43.625, 67.875, 7.446740730836527e-24, nan 
43.875, 67.875, 3.181295174526224e-24, nan 
44.125, 67.875, 1.328063528484313e-23, nan 
44.375, 67.875, 9.596055960380067e-24, nan 
44.625, 67.875, 1.3528070434931872e-23, nan 
44.875, 67.875, 5.255690168540309e-24, nan 
45.125, 67.875, 1.6196946262099327e-23, nan 
45.375, 67.875, 1.0602996643269321e-23, nan 
45.625, 67.875, 5.4338644759883824e-24, nan 
45.875, 67.875, 9.793982934289078e-24, nan 
46.125, 67.875, 1.0161167961464414e-23, nan 
46.375, 67.875, 8.664391069509695e-24, nan 
46.625, 67.875, 8.150178261872506e-24, nan 
46.875, 67.875, 6.010270343661397e-24, nan 
47.125, 67.875, 3.7002111595386226e-24, nan 
47.375, 67.875, 4.20338245500815e-24, nan 
47.625, 67.875, 4.0733432518128195e-24, nan 
47.875, 67.875, 7.053615923110176e-24, nan 
48.125, 67.875, 8.643672993848706e-24, nan 
48.375, 67.875, 5.513645068840804e-24, nan 
48.625, 67.875, 6.096508583438936e-24, nan 
48.875, 67.875, 4.905211435901623e-24, nan 
49.125, 67.875, 6.456594310776758e-24, nan 
49.375, 67.875, 5.5966946207018245e-24, nan 
49.625, 67.875, 1.0302938386049518e-23, nan 
49.875, 67.875, 8.820044482535596e-24, nan 
50.125, 67.875, 7.179341443057509e-24, nan 
50.375, 67.875, 1.2958582840594773e-23, nan 
50.625, 67.875, 1.1622395613566039e-23, nan 
50.875, 67.875, 1.024369396456418e-23, nan 
51.125, 67.875, 5.031535967442665e-24, nan 
51.375, 67.875, 5.367195202634656e-24, nan 
51.625, 67.875, 1.2813523018054936e-23, nan 
51.875, 67.875, 2.4511792390982516e-24, nan 
52.125, 67.875, 3.370648141605069e-24, nan 
52.375, 67.875, 3.7167722118221585e-24, nan 
52.625, 67.875, 6.653360436186047e-24, nan 
52.875, 67.875, 7.98454654923851e-24, nan 
53.125, 67.875, 5.974901646158328e-24, nan 
53.375, 67.875, 7.171724668631062e-24, nan 
53.625, 67.875, 1.1282794345901645e-23, nan 
53.875, 67.875, 1.133095527056408e-23, nan 
54.125, 67.875, 5.925841423483921e-24, nan 
54.375, 67.875, 1.0030050844060403e-23, nan 
54.625, 67.875, 1.0303534344619052e-23, nan 
54.875, 67.875, 3.247565912471566e-24, nan 
55.125, 67.875, 2.5188199158329457e-24, nan 
55.375, 67.875, 3.225537736034919e-24, nan 
55.625, 67.875, 3.545148708545009e-25, nan 
55.875, 67.875, 4.485503567153871e-24, nan 
56.125, 67.875, 2.8151502764805213e-24, nan 
56.375, 67.875, 3.6723341210910596e-24, nan 
56.625, 67.875, 1.1713655024225381e-23, nan 
56.875, 67.875, 1.2093307115436222e-23, nan 
57.125, 67.875, 7.841806907823854e-24, nan 
57.375, 67.875, 1.7506810190967748e-23, nan 
57.625, 67.875, 1.7778032924327312e-23, nan 
57.875, 67.875, 8.100775895498509e-24, nan 
58.125, 67.875, 4.447266421355779e-24, nan 
58.375, 67.875, 8.526398385090605e-24, nan 
58.625, 67.875, 9.814431908519537e-24, nan 
58.875, 67.875, 8.099832423139074e-24, nan 
59.125, 67.875, 8.936023420055077e-24, nan 
59.375, 67.875, 1.1784520797111824e-23, nan 
59.625, 67.875, 7.863704379225392e-24, nan 
59.875, 67.875, 6.608145638594763e-24, nan 
60.125, 67.875, 8.819021236217267e-24, nan 
60.375, 67.875, 1.241959089167507e-23, nan 
60.625, 67.875, 1.4600448799425316e-23, nan 
60.875, 67.875, 1.5341121869681768e-23, nan 
61.125, 67.875, 8.604408315082617e-24, nan 
61.375, 67.875, 3.1541357219521918e-24, nan 
61.625, 67.875, 2.253559804079012e-24, nan 
61.875, 67.875, 2.7753243457414333e-24, nan 
-135.375, 68.125, 2.6366468043234278e-24, nan 
-135.125, 68.125, 3.2356704938898434e-24, nan 
-134.875, 68.125, 1.3820242025618167e-24, nan 
-134.625, 68.125, 2.0843166176504994e-24, nan 
-134.375, 68.125, 3.753593637980978e-24, nan 
-134.125, 68.125, 2.2153830329682807e-24, nan 
-133.875, 68.125, 1.6009768201653627e-24, nan 
-133.625, 68.125, 5.118771592589955e-24, nan 
-133.375, 68.125, 2.6785206163718952e-24, nan 
-133.125, 68.125, 1.7058368312394287e-24, nan 
-132.875, 68.125, 4.303005317707745e-24, nan 
-132.625, 68.125, 4.183922187596142e-24, nan 
-132.375, 68.125, 1.7719331694977094e-24, nan 
-132.125, 68.125, 2.191795035344534e-24, nan 
-131.875, 68.125, 1.4181309331437066e-24, nan 
-131.625, 68.125, 1.7857464726771634e-24, nan 
-131.375, 68.125, 1.7488595728695116e-24, nan 
-131.125, 68.125, 1.2291120354957652e-24, nan 
-130.875, 68.125, 1.0807212702621564e-24, nan 
-130.625, 68.125, 2.0467889768752704e-24, nan 
-130.375, 68.125, 8.761605065058707e-25, nan 
-130.125, 68.125, 9.524454241056799e-25, nan 
-129.875, 68.125, 1.1803839270651053e-24, nan 
-129.625, 68.125, 2.428334413325697e-24, nan 
-129.375, 68.125, 2.9767942316719622e-24, nan 
-129.125, 68.125, 2.7628436876550153e-24, nan 
-128.875, 68.125, 5.7329854644060675e-24, nan 
-128.625, 68.125, 6.787253071058108e-24, nan 
-128.375, 68.125, 6.808506655609349e-24, nan 
-128.125, 68.125, 9.118754762739893e-24, nan 
-127.875, 68.125, 1.000801218584599e-23, nan 
-127.625, 68.125, 3.36611355136459e-24, nan 
-127.375, 68.125, 5.3326978925801834e-24, nan 
-127.125, 68.125, 4.2998863761412434e-24, nan 
-126.875, 68.125, 1.1756854186000088e-24, nan 
-126.625, 68.125, 3.04611417924724e-24, nan 
-126.375, 68.125, 2.5254491210984546e-24, nan 
-126.125, 68.125, 8.490498965914706e-24, nan 
-125.875, 68.125, 1.3024982271277236e-23, nan 
-125.625, 68.125, 1.0977843094273998e-23, nan 
-125.375, 68.125, 1.0342520940165315e-23, nan 
-125.125, 68.125, 1.6388848212642792e-23, nan 
-124.875, 68.125, 1.6565876312929573e-23, nan 
-124.625, 68.125, 1.521351151615224e-23, nan 
-124.375, 68.125, 2.9404456369493788e-24, nan 
-124.125, 68.125, 5.361640615971149e-24, nan 
-123.875, 68.125, 6.57375529167984e-24, nan 
-123.625, 68.125, 7.109953868814154e-24, nan 
-123.375, 68.125, 4.426779682587974e-24, nan 
-123.125, 68.125, 7.744927242221785e-24, nan 
-122.875, 68.125, 7.512698803619952e-24, nan 
-122.625, 68.125, 5.260027387416478e-24, nan 
-122.375, 68.125, 4.002349463611394e-24, nan 
-122.125, 68.125, 5.443905443801553e-24, nan 
-121.875, 68.125, 2.8192010341686464e-24, nan 
-121.625, 68.125, 7.620832524953238e-25, nan 
-121.375, 68.125, 5.1372003161532976e-24, nan 
-121.125, 68.125, 1.2436977978391646e-24, nan 
-120.875, 68.125, 4.748328724310379e-24, nan 
-120.625, 68.125, 2.9942465309183747e-24, nan 
-120.375, 68.125, 5.09434524589284e-24, nan 
-120.125, 68.125, 5.530099975230057e-24, nan 
-119.875, 68.125, 5.33625518674728e-24, nan 
-119.625, 68.125, 3.5769267587735425e-24, nan 
-119.375, 68.125, 6.1025312686731495e-24, nan 
-119.125, 68.125, 5.793385111809137e-24, nan 
-118.875, 68.125, 3.176499011773211e-24, nan 
-118.625, 68.125, 4.034775014496262e-24, nan 
-118.375, 68.125, 3.562859898723734e-24, nan 
-118.125, 68.125, 4.5888092993007696e-24, nan 
-117.875, 68.125, 5.212983472853365e-24, nan 
-117.625, 68.125, 3.538203696305267e-24, nan 
-117.375, 68.125, 5.9736313113083126e-24, nan 
-117.125, 68.125, 3.289714236032806e-24, nan 
-116.875, 68.125, 4.974447013293562e-24, nan 
-116.625, 68.125, 7.72234900852492e-24, nan 
-116.375, 68.125, 2.8203693881716893e-24, nan 
-116.125, 68.125, 2.22820662243456e-24, nan 
-115.875, 68.125, 5.094525200423468e-24, nan 
-115.625, 68.125, 5.7036711895456936e-24, nan 
-115.375, 68.125, 1.8556595928742413e-24, nan 
-115.125, 68.125, 4.318251933713143e-24, nan 
-114.875, 68.125, 6.364824119767544e-24, nan 
-114.625, 68.125, 2.4043387605064567e-24, nan 
-114.375, 68.125, 4.512125272840597e-24, nan 
-114.125, 68.125, 3.0284684790022168e-24, nan 
-113.875, 68.125, 3.226637844119694e-24, nan 
-113.625, 68.125, 2.5203078240791945e-24, nan 
-113.375, 68.125, 5.0500210025578505e-24, nan 
-113.125, 68.125, 6.774071830545982e-24, nan 
-112.875, 68.125, 4.456847981100463e-24, nan 
-112.625, 68.125, 3.778074323174044e-24, nan 
-112.375, 68.125, 4.338034331082915e-24, nan 
-112.125, 68.125, 3.0390216650823604e-24, nan 
-111.875, 68.125, 4.57604907757342e-24, nan 
-111.625, 68.125, 4.156958420629995e-24, nan 
-111.375, 68.125, 4.319600430969926e-24, nan 
-111.125, 68.125, 4.390694641357059e-24, nan 
-110.875, 68.125, 3.2217883124298123e-24, nan 
-110.625, 68.125, 5.331089406896168e-24, nan 
-110.375, 68.125, 5.3330543973513105e-24, nan 
-110.125, 68.125, 6.989704936847964e-24, nan 
-109.875, 68.125, 6.5882650687549705e-24, nan 
-109.625, 68.125, 7.38892821817212e-24, nan 
-109.375, 68.125, 1.232936732293399e-23, nan 
-109.125, 68.125, 9.983974494119764e-24, nan 
-108.875, 68.125, 7.51080819695424e-24, nan 
-108.625, 68.125, 4.302293961941764e-24, nan 
-108.375, 68.125, 4.270282568554721e-24, nan 
-108.125, 68.125, 1.0382030838122254e-23, nan 
-107.875, 68.125, 9.418476655898373e-24, nan 
-107.625, 68.125, 6.2389134768422216e-24, nan 
-107.375, 68.125, 6.114477626256753e-24, nan 
-107.125, 68.125, 5.982146438423264e-24, nan 
-106.875, 68.125, 6.795891548672722e-24, nan 
-106.625, 68.125, 4.145090673398054e-24, nan 
-106.375, 68.125, 5.6728258533793e-24, nan 
-106.125, 68.125, 5.063788096031337e-24, nan 
-105.875, 68.125, 5.740396193940885e-24, nan 
-105.625, 68.125, 7.337155184914982e-24, nan 
-105.375, 68.125, 8.911520462633788e-24, nan 
-105.125, 68.125, 7.351858601842705e-24, nan 
-104.875, 68.125, 6.040332556372692e-24, nan 
-104.625, 68.125, 6.213344775946034e-24, nan 
-104.375, 68.125, 6.679465694000882e-24, nan 
-104.125, 68.125, 3.1570301467947552e-24, nan 
-103.875, 68.125, 7.705058242791742e-24, nan 
-103.625, 68.125, 6.534818930005202e-24, nan 
-103.375, 68.125, 4.2462659562958145e-24, nan 
-103.125, 68.125, 5.163417648583404e-24, nan 
-102.875, 68.125, 5.81409232647753e-24, nan 
-102.625, 68.125, 5.327860541764275e-24, nan 
-102.375, 68.125, 6.2485300306077574e-24, nan 
-102.125, 68.125, 5.774830938567677e-24, nan 
-101.875, 68.125, 6.04025026090979e-24, nan 
-101.625, 68.125, 6.31484693987046e-24, nan 
-101.375, 68.125, 7.061282678932022e-24, nan 
-101.125, 68.125, 7.418461685304459e-24, nan 
-100.875, 68.125, 7.605232117090204e-24, nan 
-100.625, 68.125, 7.705775440724054e-24, nan 
-100.375, 68.125, 6.976384402107856e-24, nan 
-100.125, 68.125, 8.757844650357546e-24, nan 
-99.875, 68.125, 7.157417971936838e-24, nan 
-99.625, 68.125, 6.642471573095026e-24, nan 
-99.375, 68.125, 6.732832918859936e-24, nan 
-99.125, 68.125, 7.181209472242617e-24, nan 
-98.875, 68.125, 7.784544608228387e-24, nan 
-98.625, 68.125, 8.73110620142076e-24, nan 
-98.375, 68.125, 7.935165974057778e-24, nan 
-98.125, 68.125, 9.051917139897312e-24, nan 
-97.875, 68.125, 1.0435712957341607e-23, nan 
-97.625, 68.125, 9.963814630691696e-24, nan 
-97.375, 68.125, 1.1710353321971259e-23, nan 
-97.125, 68.125, 1.3011984319576348e-23, nan 
-96.875, 68.125, 1.4097512683856346e-23, nan 
-96.625, 68.125, 1.1714628013849385e-23, nan 
-96.375, 68.125, 1.1463026692640205e-23, nan 
-96.125, 68.125, 1.1203410383029202e-23, nan 
-95.875, 68.125, 1.1361788335579385e-23, nan 
-95.625, 68.125, 9.791780704557938e-24, nan 
-95.375, 68.125, 1.0511002719919998e-23, nan 
-95.125, 68.125, 9.340415078287612e-24, nan 
-94.875, 68.125, 8.055714407430311e-24, nan 
-94.625, 68.125, 7.776877318767228e-24, nan 
-94.375, 68.125, 6.1628384615685015e-24, nan 
-94.125, 68.125, 4.050451692437597e-24, nan 
-93.875, 68.125, 8.087071778224985e-24, nan 
-93.625, 68.125, 1.0690364024268992e-23, nan 
-93.375, 68.125, 5.3197801107200355e-24, nan 
-93.125, 68.125, 9.397276054599641e-24, nan 
-92.875, 68.125, 1.0167630413381502e-23, nan 
-92.625, 68.125, 1.1600109331034332e-23, nan 
-92.375, 68.125, 1.3035101492430713e-23, nan 
-92.125, 68.125, 1.1554048159385491e-23, nan 
-91.875, 68.125, 1.1517177838113697e-23, nan 
-91.625, 68.125, 1.0653224148991233e-23, nan 
-91.375, 68.125, 1.1590160771979722e-23, nan 
-91.125, 68.125, 1.0877190157933237e-23, nan 
-90.875, 68.125, 1.0860398734738992e-23, nan 
-90.625, 68.125, 1.0239535100469563e-23, nan 
-90.375, 68.125, 9.624827858384352e-24, nan 
-90.125, 68.125, 1.3041524898242041e-23, nan 
-89.875, 68.125, 1.1534350933096718e-23, nan 
-89.625, 68.125, 1.421140276245783e-23, nan 
-89.375, 68.125, 1.6183775221662673e-23, nan 
-89.125, 68.125, 1.3123006753369454e-23, nan 
-88.875, 68.125, 1.5020614377173607e-23, nan 
-88.625, 68.125, 1.2209002200822895e-23, nan 
-88.375, 68.125, 1.2994753536085313e-23, nan 
-88.125, 68.125, 1.438165911329976e-23, nan 
-87.875, 68.125, 1.1222673197120954e-23, nan 
-87.625, 68.125, 1.5203823569184032e-23, nan 
-87.375, 68.125, 2.1976587501613367e-23, nan 
-87.125, 68.125, 4.683995063187627e-23, nan 
-86.875, 68.125, 4.579479572161896e-23, nan 
-86.625, 68.125, 5.189655758339368e-23, nan 
-86.375, 68.125, 5.578600925661726e-23, nan 
-86.125, 68.125, 5.402823299283422e-23, nan 
-85.875, 68.125, 5.483466737267054e-23, nan 
-85.625, 68.125, 5.443647898435745e-23, nan 
-85.375, 68.125, 4.399928444600404e-23, nan 
-85.125, 68.125, 4.6655599027698045e-23, nan 
-84.875, 68.125, 2.346486963787479e-23, nan 
-84.625, 68.125, 1.6085485225336134e-23, nan 
-84.375, 68.125, 4.979724581753092e-23, nan 
-84.125, 68.125, 2.853596931245398e-23, nan 
-83.875, 68.125, 3.1764923509731016e-23, nan 
-83.625, 68.125, 4.9190949147240074e-23, nan 
-83.375, 68.125, 2.8474881728920135e-23, nan 
-83.125, 68.125, 3.683510588044304e-23, nan 
-82.875, 68.125, 3.8498962292823287e-23, nan 
-82.625, 68.125, 3.535248605823189e-23, nan 
-82.375, 68.125, 3.333598690665028e-23, nan 
-82.125, 68.125, 3.8138962447737296e-23, nan 
-81.875, 68.125, 3.611843209574103e-23, nan 
-81.625, 68.125, 3.22803638194367e-23, nan 
-81.375, 68.125, 3.67387540742776e-23, nan 
-81.125, 68.125, 3.010126079123597e-23, nan 
-80.875, 68.125, 2.351643591162319e-23, nan 
-80.625, 68.125, 2.5129531322153232e-23, nan 
-80.375, 68.125, 1.844781465196158e-23, nan 
-80.125, 68.125, 2.0662925832553797e-23, nan 
-79.875, 68.125, 5.320428985353157e-23, nan 
-79.625, 68.125, 3.219039485889368e-23, nan 
-79.375, 68.125, 3.715293002681588e-23, nan 
-79.125, 68.125, 5.066820967291724e-23, nan 
-78.875, 68.125, 3.9527778730462754e-23, nan 
-78.625, 68.125, 3.028855850264627e-23, nan 
-78.375, 68.125, 2.888560126619261e-23, nan 
-78.125, 68.125, 2.799758982732993e-23, nan 
-77.875, 68.125, 3.799869402274824e-23, nan 
-77.625, 68.125, 3.868718741971069e-23, nan 
-77.375, 68.125, 3.097475248803255e-23, nan 
-77.125, 68.125, 4.568439620460625e-23, nan 
-76.875, 68.125, 3.8022867813450934e-23, nan 
-76.625, 68.125, 2.9203135546612525e-23, nan 
-76.375, 68.125, 2.9371955110775516e-23, nan 
-76.125, 68.125, 2.9975872609493605e-23, nan 
-75.875, 68.125, 3.0440067318554665e-23, nan 
-75.625, 68.125, 3.538813886822338e-23, nan 
-75.375, 68.125, 4.4441710715278926e-23, nan 
-75.125, 68.125, 3.8828590233203844e-23, nan 
-74.875, 68.125, 3.9647528244953376e-23, nan 
-74.625, 68.125, 4.537979498190695e-23, nan 
-74.375, 68.125, 4.1064391346584843e-23, nan 
-74.125, 68.125, 4.2368450626615604e-23, nan 
-73.875, 68.125, 3.421810450099493e-23, nan 
-73.625, 68.125, 3.963023634534354e-23, nan 
-73.375, 68.125, 4.915304360179682e-23, nan 
-73.125, 68.125, 4.3049949356181183e-23, nan 
-72.875, 68.125, 4.9335773684482435e-23, nan 
-72.625, 68.125, 4.427717493026601e-23, nan 
-72.375, 68.125, 4.7525065854596053e-23, nan 
-72.125, 68.125, 4.2098710427432776e-23, nan 
-71.875, 68.125, 4.5232626365177985e-23, nan 
-71.625, 68.125, 3.611392087986793e-23, nan 
-71.375, 68.125, 3.9309041882037476e-23, nan 
-71.125, 68.125, 4.7482356158157505e-23, nan 
-70.875, 68.125, 4.603146325612625e-23, nan 
-70.625, 68.125, 4.2220815854910074e-23, nan 
-70.375, 68.125, 4.8604304313904097e-23, nan 
-70.125, 68.125, 5.662130282744046e-23, nan 
-69.875, 68.125, 5.747887445418825e-23, nan 
-69.625, 68.125, 6.153566944373444e-23, nan 
-69.375, 68.125, 6.400304064242406e-23, nan 
-69.125, 68.125, 5.929146515408245e-23, nan 
-68.875, 68.125, 6.47190798105454e-23, nan 
-68.625, 68.125, 6.480802134266748e-23, nan 
-68.375, 68.125, 5.076403427263038e-23, nan 
-68.125, 68.125, 5.0065393026661605e-23, nan 
-67.875, 68.125, 5.437272820512113e-23, nan 
-67.625, 68.125, 5.495823722724303e-23, nan 
-67.375, 68.125, 5.309185689193517e-23, nan 
-67.125, 68.125, 4.971801929599701e-23, nan 
-66.875, 68.125, 5.00975490726788e-23, nan 
-66.625, 68.125, 4.517798123250905e-23, nan 
-66.375, 68.125, 4.274516303471591e-23, nan 
-66.125, 68.125, 6.069749850638212e-23, nan 
-65.875, 68.125, 7.800390967826374e-23, nan 
-65.625, 68.125, 8.51371692291487e-23, nan 
-65.375, 68.125, 8.542972193866659e-23, nan 
-65.125, 68.125, 6.256069033684464e-23, nan 
-64.875, 68.125, 6.665953649962064e-23, nan 
-64.625, 68.125, 6.376048091532268e-23, nan 
-64.375, 68.125, 4.461803973830293e-23, nan 
-64.125, 68.125, 5.255717780664509e-23, nan 
-63.875, 68.125, 4.76587462375989e-23, nan 
-63.625, 68.125, 5.356474480353749e-23, nan 
-63.375, 68.125, 6.190807297198843e-23, nan 
-63.125, 68.125, 5.631606145698568e-23, nan 
-62.875, 68.125, 6.654692858061181e-23, nan 
-62.625, 68.125, 5.496959710349739e-23, nan 
-62.375, 68.125, 6.805281762175194e-23, nan 
-62.125, 68.125, 7.41664726527517e-23, nan 
-61.875, 68.125, 6.19345259294178e-23, nan 
-61.625, 68.125, 6.470779564960737e-23, nan 
-61.375, 68.125, 8.998366159679882e-23, nan 
-61.125, 68.125, 7.801771091564229e-23, nan 
-60.875, 68.125, 3.8848157032298776e-23, nan 
-60.625, 68.125, 2.645197815990914e-23, nan 
-60.375, 68.125, 3.139982280603115e-23, nan 
-60.125, 68.125, 4.738082500315435e-23, nan 
-59.875, 68.125, 5.998054106591021e-23, nan 
-59.625, 68.125, 5.898541720651632e-23, nan 
-59.375, 68.125, 6.455253566820458e-23, nan 
-59.125, 68.125, 6.653231421290003e-23, nan 
-58.875, 68.125, 7.030854992615803e-23, nan 
-58.625, 68.125, 7.185588904392521e-23, nan 
-58.375, 68.125, 6.514231541717568e-23, nan 
-58.125, 68.125, 7.368542132613193e-23, nan 
-57.875, 68.125, 7.203914603911871e-23, nan 
-57.625, 68.125, 5.337542754249729e-23, nan 
-57.375, 68.125, 7.095228073644821e-23, nan 
-57.125, 68.125, 8.050952039687707e-23, nan 
-56.875, 68.125, 1.0224470720006294e-22, nan 
-56.625, 68.125, 1.2666949008965829e-22, nan 
-56.375, 68.125, 1.361371029947653e-22, nan 
-56.125, 68.125, 1.7426486738344714e-22, nan 
-55.875, 68.125, 2.6595392109874987e-22, nan 
-55.625, 68.125, 1.0143978127586931e-22, nan 
-55.375, 68.125, 1.5266971888156487e-22, nan 
-55.125, 68.125, 2.134640197861499e-22, nan 
-54.875, 68.125, 1.5689663090510782e-22, nan 
-54.625, 68.125, 8.856599791237805e-23, nan 
-54.375, 68.125, 8.185455724824277e-23, nan 
-54.125, 68.125, 1.3076822965623208e-22, nan 
-53.875, 68.125, 1.1939095232206183e-22, nan 
-53.625, 68.125, 1.0504935390523709e-22, nan 
-53.375, 68.125, 1.328308450432575e-22, nan 
-53.125, 68.125, 1.4483167268131234e-22, nan 
-52.875, 68.125, 1.1385326344960648e-22, nan 
-52.625, 68.125, 1.2153142578176157e-22, nan 
-52.375, 68.125, 1.3232478762814197e-22, nan 
-52.125, 68.125, 8.672364653594261e-23, nan 
-51.875, 68.125, 1.83208938595901e-22, nan 
-51.625, 68.125, 1.8350819010128787e-22, nan 
-51.375, 68.125, 1.4693998901370023e-22, nan 
-51.125, 68.125, 1.7333361612954403e-22, nan 
-50.875, 68.125, 1.6440594500493683e-22, nan 
-50.625, 68.125, 1.8250800568469154e-22, nan 
-50.375, 68.125, 2.3523247385736113e-22, nan 
-50.125, 68.125, 2.3380359163252156e-22, nan 
-49.875, 68.125, 2.595202388113006e-22, nan 
-49.625, 68.125, 2.430849543383053e-22, nan 
-49.375, 68.125, 2.5404408190043774e-22, nan 
-49.125, 68.125, 2.7585352109790367e-22, nan 
-48.875, 68.125, 2.374903881922829e-22, nan 
-48.625, 68.125, 2.683337723675591e-22, nan 
-48.375, 68.125, 2.7810120421906586e-22, nan 
-48.125, 68.125, 2.0111101788155786e-22, nan 
-47.875, 68.125, 2.302246030435262e-22, nan 
-47.625, 68.125, 2.399822281443878e-22, nan 
-47.375, 68.125, 1.677475286306666e-22, nan 
-47.125, 68.125, 1.682629408309757e-22, nan 
-46.875, 68.125, 2.1950420597550844e-22, nan 
-46.625, 68.125, 2.5627295381967775e-22, nan 
-46.375, 68.125, 2.109004114311035e-22, nan 
-46.125, 68.125, 2.064512594594617e-22, nan 
-45.875, 68.125, 2.7598567485394663e-22, nan 
-45.625, 68.125, 3.560092896100461e-22, nan 
-45.375, 68.125, 2.1277388609169586e-22, nan 
-45.125, 68.125, 2.353398206178355e-22, nan 
-44.875, 68.125, 3.4201703452797574e-22, nan 
-44.625, 68.125, 2.840842023757847e-22, nan 
-44.375, 68.125, 2.6433298978412477e-22, nan 
-44.125, 68.125, 1.1867142826360653e-22, nan 
-43.875, 68.125, 4.404142174138485e-22, nan 
-43.625, 68.125, 3.312042023464972e-22, nan 
-43.375, 68.125, 1.529739879907077e-22, nan 
-43.125, 68.125, 3.159051780231403e-22, nan 
-42.875, 68.125, 3.850307179266913e-22, nan 
-42.625, 68.125, 4.4675778474409245e-22, nan 
-42.375, 68.125, 3.220463733926772e-22, nan 
-42.125, 68.125, 4.682702093134948e-22, nan 
-41.875, 68.125, 8.457658996942607e-22, nan 
-41.625, 68.125, 7.306029059309531e-22, nan 
-41.375, 68.125, 6.4195259660075365e-22, nan 
-41.125, 68.125, 9.229043285310055e-22, nan 
-40.875, 68.125, 8.049591549547051e-22, nan 
-40.625, 68.125, 4.396105967089065e-22, nan 
-40.375, 68.125, 2.584398433100125e-22, nan 
-40.125, 68.125, 3.0279632670508633e-22, nan 
-39.875, 68.125, 2.1299622093031274e-22, nan 
-39.625, 68.125, 2.440985854148618e-22, nan 
-39.375, 68.125, 1.4263106927458127e-22, nan 
-39.125, 68.125, 2.151668893529891e-22, nan 
-38.875, 68.125, 1.998106615810173e-22, nan 
-38.625, 68.125, 1.5427480242830525e-22, nan 
-38.375, 68.125, 2.0605768437329434e-22, nan 
-38.125, 68.125, 3.530736575739843e-22, nan 
-37.875, 68.125, 3.842608792126671e-22, nan 
-37.625, 68.125, 3.126593038271484e-22, nan 
-37.375, 68.125, 3.522613681817424e-22, nan 
-37.125, 68.125, 4.65009916352247e-22, nan 
-36.875, 68.125, 5.115764750522332e-22, nan 
-36.625, 68.125, 3.7216185491589754e-22, nan 
-36.375, 68.125, 4.28708925327888e-22, nan 
-36.125, 68.125, 5.986171520136335e-22, nan 
-35.875, 68.125, 5.891461492423764e-22, nan 
-35.625, 68.125, 7.325483669082797e-22, nan 
-35.375, 68.125, 1.184627732895243e-21, nan 
-35.125, 68.125, 1.1529342274238142e-21, nan 
-34.875, 68.125, 1.0782034331678318e-21, nan 
-34.625, 68.125, 1.3381669291531834e-21, nan 
-34.375, 68.125, 8.19501490961417e-22, nan 
-34.125, 68.125, 4.812083375681634e-22, nan 
-33.875, 68.125, 4.431901036181303e-22, nan 
-33.625, 68.125, 4.006108088159972e-22, nan 
-33.375, 68.125, 2.207575619566266e-22, nan 
-33.125, 68.125, 6.423965481895576e-22, nan 
-32.875, 68.125, 9.400560373825021e-22, nan 
-32.625, 68.125, 1.2283758020009854e-21, nan 
-32.375, 68.125, 3.966213441665869e-22, nan 
-32.125, 68.125, 4.851802538779969e-22, nan 
-31.875, 68.125, 4.763789045261875e-22, nan 
-31.625, 68.125, 7.64875468732207e-22, nan 
-31.375, 68.125, 9.423792858894945e-22, nan 
-31.125, 68.125, 1.1338980012966348e-21, nan 
-30.875, 68.125, 1.1100960125226587e-21, nan 
-30.625, 68.125, 1.0085259666160285e-21, nan 
-30.375, 68.125, 1.3428970794929449e-21, nan 
-30.125, 68.125, 1.1645849625216828e-21, nan 
-29.875, 68.125, 1.0843755988062053e-21, nan 
-29.625, 68.125, 8.895006567505385e-22, nan 
-29.375, 68.125, 8.388672848984146e-22, nan 
-29.125, 68.125, 1.3045678580873564e-21, nan 
-28.875, 68.125, 2.006110274238325e-21, nan 
-28.625, 68.125, 9.824278340588595e-22, nan 
-28.375, 68.125, 5.557347578901031e-22, nan 
-28.125, 68.125, 5.160760734782371e-22, nan 
-27.875, 68.125, 4.471672346608655e-22, nan 
-27.625, 68.125, 1.5475692713831396e-21, nan 
-27.375, 68.125, 2.0092572335671964e-21, nan 
-27.125, 68.125, 2.2152746393897424e-21, nan 
-26.875, 68.125, 1.552903641265423e-21, nan 
-26.625, 68.125, 1.8283900270713713e-21, nan 
-26.375, 68.125, 1.9443677051549775e-21, nan 
-26.125, 68.125, 1.0592129246760884e-21, nan 
-25.875, 68.125, 9.323619075495223e-22, nan 
-25.625, 68.125, 1.438338634542914e-21, nan 
-25.375, 68.125, 2.226272528674785e-21, nan 
-25.125, 68.125, 1.3809021728707081e-21, nan 
-24.875, 68.125, 9.035614673840038e-22, nan 
-24.625, 68.125, 1.5915887502370035e-21, nan 
-24.375, 68.125, 1.1254168791661807e-21, nan 
-24.125, 68.125, 7.565807467570503e-22, nan 
-23.875, 68.125, 5.66602235378589e-22, nan 
-23.625, 68.125, 4.294384471789791e-22, nan 
-23.375, 68.125, 3.477720291220693e-22, nan 
-23.125, 68.125, 7.552660489030862e-22, nan 
-22.875, 68.125, 8.418196408633217e-22, nan 
-22.625, 68.125, 5.644115372716975e-22, nan 
-22.375, 68.125, 4.348009067900823e-22, nan 
-22.125, 68.125, 5.528089016165315e-22, nan 
-21.875, 68.125, 4.0815427001677893e-22, nan 
-21.625, 68.125, 5.285438223266441e-22, nan 
-21.375, 68.125, 1.25576768982559e-21, nan 
-21.125, 68.125, 5.313386460013489e-22, nan 
-20.875, 68.125, 2.5210617371416377e-22, nan 
-20.625, 68.125, 1.0187939703934837e-21, nan 
-20.375, 68.125, 1.7168859960392998e-22, nan 
-20.125, 68.125, 4.448159871651923e-22, nan 
-19.875, 68.125, 7.489910227430176e-22, nan 
-19.625, 68.125, 1.3632094713507574e-21, nan 
-19.375, 68.125, 1.7603811528705426e-21, nan 
-19.125, 68.125, 1.6536399548339277e-21, nan 
-18.875, 68.125, 1.4670533569622674e-21, nan 
-18.625, 68.125, 1.6351416629589253e-21, nan 
-18.375, 68.125, 1.484750770364131e-21, nan 
-18.125, 68.125, 8.201511726231811e-22, nan 
-17.875, 68.125, 5.397493582383116e-22, nan 
-17.625, 68.125, 7.723967182942889e-22, nan 
-17.375, 68.125, 5.814730060352501e-22, nan 
-17.125, 68.125, 4.317576475006956e-22, nan 
-16.875, 68.125, 6.534588857866896e-22, nan 
-16.625, 68.125, 7.643797008909587e-22, nan 
-16.375, 68.125, 4.553025834676103e-22, nan 
-16.125, 68.125, 6.916524095098185e-22, nan 
-15.875, 68.125, 6.191567873500896e-22, nan 
-15.625, 68.125, 3.995369557846836e-22, nan 
-15.375, 68.125, 7.907176141923718e-22, nan 
-15.125, 68.125, 4.613663082157474e-22, nan 
-14.875, 68.125, 3.622072534903199e-22, nan 
-14.625, 68.125, 5.1767894857808955e-22, nan 
-14.375, 68.125, 4.792313741059446e-22, nan 
-14.125, 68.125, 4.424921700752595e-22, nan 
-13.875, 68.125, 7.701234250645771e-22, nan 
-13.625, 68.125, 7.320905753347294e-22, nan 
-13.375, 68.125, 5.5641104719217085e-22, nan 
-13.125, 68.125, 6.023123894702465e-22, nan 
-12.875, 68.125, 6.868891493176728e-22, nan 
-12.625, 68.125, 5.404734145110307e-22, nan 
-12.375, 68.125, 5.770769651175181e-22, nan 
-12.125, 68.125, 5.308304924159706e-22, nan 
-11.875, 68.125, 8.061803568309474e-22, nan 
-11.625, 68.125, 4.142682607045654e-22, nan 
-11.375, 68.125, 5.930992740738538e-22, nan 
-11.125, 68.125, 6.374472370994582e-22, nan 
-10.875, 68.125, 5.902532557504517e-22, nan 
-10.625, 68.125, 5.250811965423255e-22, nan 
-10.375, 68.125, 5.399418296137274e-22, nan 
-10.125, 68.125, 6.758543764749276e-22, nan 
-9.875, 68.125, 6.470342850455485e-22, nan 
-9.625, 68.125, 6.073612208764655e-22, nan 
-9.375, 68.125, 3.2247863462931327e-22, nan 
-9.125, 68.125, 2.873743124224347e-22, nan 
-8.875, 68.125, 5.204617531746438e-22, nan 
-8.625, 68.125, 4.0674926237546506e-22, nan 
-8.375, 68.125, 4.248173173749466e-22, nan 
-8.125, 68.125, 5.25780441685138e-22, nan 
-7.875, 68.125, 6.548178514573335e-22, nan 
-7.625, 68.125, 5.79190704045661e-22, nan 
-7.375, 68.125, 5.965926872216293e-22, nan 
-7.125, 68.125, 4.903495659873695e-22, nan 
-6.875, 68.125, 5.904195244907996e-22, nan 
-6.625, 68.125, 5.4523401738603855e-22, nan 
-6.375, 68.125, 3.0874783264667472e-22, nan 
-6.125, 68.125, 2.6912687546254813e-22, nan 
-5.875, 68.125, 2.242894885079211e-22, nan 
-5.625, 68.125, 1.1067476900255888e-22, nan 
-5.375, 68.125, 2.3049655500860396e-22, nan 
-5.125, 68.125, 2.8209572863360987e-22, nan 
-4.875, 68.125, 2.8275219819553224e-22, nan 
-4.625, 68.125, 2.590083929377219e-22, nan 
-4.375, 68.125, 2.5543500589230787e-22, nan 
-4.125, 68.125, 6.090364650401763e-22, nan 
-3.875, 68.125, 4.766136418420025e-22, nan 
-3.625, 68.125, 3.2163101641249586e-22, nan 
-3.375, 68.125, 2.4405100442038383e-22, nan 
-3.125, 68.125, 3.7948835058870093e-22, nan 
-2.875, 68.125, 2.3065520675265566e-22, nan 
-2.625, 68.125, 1.8224116116525653e-22, nan 
-2.375, 68.125, 2.474641790911792e-22, nan 
-2.125, 68.125, 2.1490331791328313e-22, nan 
-1.875, 68.125, 2.5952658980116976e-22, nan 
-1.625, 68.125, 2.9856177814307206e-22, nan 
-1.375, 68.125, 3.4907700451217164e-22, nan 
-1.125, 68.125, 3.0357057525941473e-22, nan 
-0.875, 68.125, 2.398940694127795e-22, nan 
-0.625, 68.125, 3.825210317407451e-22, nan 
-0.375, 68.125, 3.183457827273643e-22, nan 
-0.125, 68.125, 3.5113870918709973e-22, nan 
0.125, 68.125, 2.5142101501618776e-22, nan 
0.375, 68.125, 3.3062305161902415e-22, nan 
0.625, 68.125, 2.3242399224038285e-22, nan 
0.875, 68.125, 2.554518790119061e-22, nan 
1.125, 68.125, 2.2365598486136176e-22, nan 
1.375, 68.125, 2.0327743781056547e-22, nan 
1.625, 68.125, 2.6425603269075845e-22, nan 
1.875, 68.125, 2.4541424402894095e-22, nan 
2.125, 68.125, 1.7770318748767387e-22, nan 
2.375, 68.125, 1.4606076520315014e-22, nan 
2.625, 68.125, 1.1709067336372941e-22, nan 
2.875, 68.125, 1.3169304052426006e-22, nan 
3.125, 68.125, 1.1326531561646807e-22, nan 
3.375, 68.125, 8.997019670326035e-23, nan 
3.625, 68.125, 9.986349486768932e-23, nan 
3.875, 68.125, 9.140301793461224e-23, nan 
4.125, 68.125, 7.886749501326596e-23, nan 
4.375, 68.125, 1.0248884059417184e-22, nan 
4.625, 68.125, 1.6644716489696923e-22, nan 
4.875, 68.125, 1.7761258626887827e-22, nan 
5.125, 68.125, 1.3083097430648558e-22, nan 
5.375, 68.125, 8.162683346491781e-23, nan 
5.625, 68.125, 1.0059256251413804e-22, nan 
5.875, 68.125, 2.8819035755353167e-22, nan 
6.125, 68.125, 3.917484559384577e-22, nan 
6.375, 68.125, 4.169177249049689e-22, nan 
6.625, 68.125, 3.2639825596828825e-22, nan 
6.875, 68.125, 2.358082266301951e-22, nan 
7.125, 68.125, 2.667907116088978e-22, nan 
7.375, 68.125, 1.6925515609872037e-22, nan 
7.625, 68.125, 8.555249806940869e-23, nan 
7.875, 68.125, 8.504851136998665e-23, nan 
8.125, 68.125, 5.44488085645223e-23, nan 
8.375, 68.125, 7.812674500886739e-23, nan 
8.625, 68.125, 7.944223281553096e-23, nan 
8.875, 68.125, 4.072937535597171e-23, nan 
9.125, 68.125, 3.921904105144802e-23, nan 
9.375, 68.125, 2.4640588545548667e-23, nan 
9.625, 68.125, 3.2263082073221575e-23, nan 
9.875, 68.125, 3.337928497913216e-23, nan 
10.125, 68.125, 5.224077836536701e-23, nan 
10.375, 68.125, 5.0351150851304656e-23, nan 
10.625, 68.125, 7.659708252445867e-23, nan 
10.875, 68.125, 1.1533731587635463e-22, nan 
11.125, 68.125, 1.7389682801382053e-22, nan 
11.375, 68.125, 1.6555111723890156e-22, nan 
11.625, 68.125, 1.6886704249343842e-22, nan 
11.875, 68.125, 1.992599917859535e-22, nan 
12.125, 68.125, 1.932698333996975e-22, nan 
12.375, 68.125, 1.595187337655966e-22, nan 
12.625, 68.125, 1.856922068371679e-22, nan 
12.875, 68.125, 1.577027002719782e-22, nan 
13.125, 68.125, 1.6733040547737983e-22, nan 
13.375, 68.125, 1.2738510174343901e-22, nan 
13.625, 68.125, 1.1502768492837466e-22, nan 
13.875, 68.125, 8.094560209985047e-23, nan 
14.125, 68.125, 9.326100381505914e-23, nan 
14.375, 68.125, 1.0561117802798322e-22, nan 
14.625, 68.125, 8.274709829565112e-23, nan 
14.875, 68.125, 6.849950373216393e-23, nan 
15.125, 68.125, 9.588652449959684e-23, nan 
15.375, 68.125, 9.039787858251737e-23, nan 
15.625, 68.125, 5.556840824567751e-23, nan 
15.875, 68.125, 5.0976989412014385e-23, nan 
16.125, 68.125, 5.302314616662719e-23, nan 
16.375, 68.125, 6.289922283719774e-23, nan 
16.625, 68.125, 3.392731363260691e-23, nan 
16.875, 68.125, 7.409979783065091e-23, nan 
17.125, 68.125, 9.280731750705624e-23, nan 
17.375, 68.125, 3.3988070679153754e-23, nan 
17.625, 68.125, 3.814261235522071e-23, nan 
17.875, 68.125, 5.823944707249298e-23, nan 
18.125, 68.125, 3.8331570826328814e-23, nan 
18.375, 68.125, 5.789390412663322e-23, nan 
18.625, 68.125, 3.130581434606196e-23, nan 
18.875, 68.125, 6.394782742418953e-23, nan 
19.125, 68.125, 4.681719488258832e-23, nan 
19.375, 68.125, 5.10026644923355e-23, nan 
19.625, 68.125, 4.8075977621863194e-23, nan 
19.875, 68.125, 3.963270557238034e-23, nan 
20.125, 68.125, 4.98851315447877e-23, nan 
20.375, 68.125, 4.1451716480917885e-23, nan 
20.625, 68.125, 4.63676701258107e-23, nan 
20.875, 68.125, 4.3705299971800943e-23, nan 
21.125, 68.125, 6.227557936013404e-23, nan 
21.375, 68.125, 5.548301512067932e-23, nan 
21.625, 68.125, 3.6053417818857216e-23, nan 
21.875, 68.125, 5.149838920924469e-23, nan 
22.125, 68.125, 6.544689970892362e-23, nan 
22.375, 68.125, 7.246033954653783e-23, nan 
22.625, 68.125, 5.0064026909690566e-23, nan 
22.875, 68.125, 6.388699237031891e-23, nan 
23.125, 68.125, 6.755818341512991e-23, nan 
23.375, 68.125, 5.612210478651499e-23, nan 
23.625, 68.125, 4.3384155368785553e-23, nan 
23.875, 68.125, 4.8149973850960755e-23, nan 
24.125, 68.125, 3.842379692508155e-23, nan 
24.375, 68.125, 4.852251559386572e-23, nan 
24.625, 68.125, 4.380663693550084e-23, nan 
24.875, 68.125, 4.075395345626944e-23, nan 
25.125, 68.125, 3.667437568700097e-23, nan 
25.375, 68.125, 4.28812250107899e-23, nan 
25.625, 68.125, 2.2723009360141844e-23, nan 
25.875, 68.125, 2.662505107037704e-23, nan 
26.125, 68.125, 3.310752429310486e-23, nan 
26.375, 68.125, 4.422999150541935e-23, nan 
26.625, 68.125, 3.925998022596698e-23, nan 
26.875, 68.125, 3.4338311645718474e-23, nan 
27.125, 68.125, 6.033548385501944e-23, nan 
27.375, 68.125, 9.238857267757078e-23, nan 
27.625, 68.125, 3.780619683713907e-23, nan 
27.875, 68.125, 3.270022843445712e-23, nan 
28.125, 68.125, 4.6091372999488007e-23, nan 
28.375, 68.125, 2.3941352453572192e-23, nan 
28.625, 68.125, 2.4292225134690404e-23, nan 
28.875, 68.125, 3.0580938923159295e-23, nan 
29.125, 68.125, 2.826474237274369e-23, nan 
29.375, 68.125, 3.6710847711070154e-23, nan 
29.625, 68.125, 2.380235132177233e-23, nan 
29.875, 68.125, 3.10171604191794e-23, nan 
30.125, 68.125, 5.528033345968814e-23, nan 
30.375, 68.125, 4.624712147373157e-23, nan 
30.625, 68.125, 3.4572331666267884e-23, nan 
30.875, 68.125, 4.8052695210278333e-23, nan 
31.125, 68.125, 4.1351821747402276e-23, nan 
31.375, 68.125, 3.164441852602013e-23, nan 
31.625, 68.125, 3.469997689516338e-23, nan 
31.875, 68.125, 2.94400610602278e-23, nan 
32.125, 68.125, 2.768977879905932e-23, nan 
32.375, 68.125, 2.4088450788909312e-23, nan 
32.625, 68.125, 3.5077868233340737e-23, nan 
32.875, 68.125, 3.230722421323008e-23, nan 
33.125, 68.125, 3.131114948825566e-23, nan 
33.375, 68.125, 3.6228284736964134e-23, nan 
33.625, 68.125, 3.446774833534928e-23, nan 
33.875, 68.125, 2.663254475794985e-23, nan 
34.125, 68.125, 2.583195977157973e-23, nan 
34.375, 68.125, 2.6351261962669724e-23, nan 
34.625, 68.125, 2.8593497094582335e-23, nan 
34.875, 68.125, 2.1828687559355803e-23, nan 
35.125, 68.125, 1.8752760115214048e-23, nan 
35.375, 68.125, 1.4309778677591328e-23, nan 
35.625, 68.125, 1.7058590540258163e-23, nan 
35.875, 68.125, 1.764406496676741e-23, nan 
36.125, 68.125, 1.9792483694648137e-23, nan 
36.375, 68.125, 1.5546630122867908e-23, nan 
36.625, 68.125, 1.378430040190793e-23, nan 
36.875, 68.125, 1.4151555079036774e-23, nan 
37.125, 68.125, 1.2516103317119248e-23, nan 
37.375, 68.125, 8.280908814920102e-24, nan 
37.625, 68.125, 1.0898403932879377e-23, nan 
37.875, 68.125, 9.153813179955121e-24, nan 
38.125, 68.125, 9.02956816905839e-24, nan 
38.375, 68.125, 9.111970692552404e-24, nan 
38.625, 68.125, 9.772978558767035e-24, nan 
38.875, 68.125, 6.873920409625954e-24, nan 
39.125, 68.125, 1.1936758696475376e-23, nan 
39.375, 68.125, 6.460016699210827e-24, nan 
39.625, 68.125, 1.8988731704491674e-23, nan 
39.875, 68.125, 1.5924156883526252e-23, nan 
40.125, 68.125, 1.51050688394494e-23, nan 
40.375, 68.125, 1.6894630899633044e-23, nan 
40.625, 68.125, 1.3181100374201911e-23, nan 
40.875, 68.125, 1.1481014836115589e-23, nan 
41.125, 68.125, 5.618686947710455e-24, nan 
41.375, 68.125, 3.61116836462476e-24, nan 
41.625, 68.125, 7.666195321824819e-24, nan 
41.875, 68.125, 6.654303216047893e-24, nan 
42.125, 68.125, 5.844390424393378e-24, nan 
42.375, 68.125, 7.203980571665657e-24, nan 
42.625, 68.125, 7.927683557773343e-24, nan 
42.875, 68.125, 9.572170680345553e-24, nan 
43.125, 68.125, 3.805942022146623e-24, nan 
43.375, 68.125, 8.069888352178947e-24, nan 
43.625, 68.125, 9.433876406418987e-24, nan 
43.875, 68.125, 3.592097443410988e-24, nan 
44.125, 68.125, 7.206396946683953e-24, nan 
44.375, 68.125, 7.433685660824409e-24, nan 
44.625, 68.125, 3.2351997238596552e-24, nan 
44.875, 68.125, 2.4025269405750272e-24, nan 
45.125, 68.125, 9.200929567560451e-24, nan 
45.375, 68.125, 7.088551357089706e-24, nan 
45.625, 68.125, 9.844747139179083e-24, nan 
45.875, 68.125, 1.0503633201257149e-23, nan 
46.125, 68.125, 9.38045355752323e-24, nan 
46.375, 68.125, 1.0769676924857397e-23, nan 
46.625, 68.125, 1.2033757162140912e-23, nan 
46.875, 68.125, 8.3965892183534e-24, nan 
47.125, 68.125, 4.639206193895675e-24, nan 
47.375, 68.125, 3.376414941259551e-24, nan 
47.625, 68.125, 3.701375475980087e-24, nan 
47.875, 68.125, 5.0738049795022925e-24, nan 
48.125, 68.125, 1.8929895315829156e-24, nan 
48.375, 68.125, 2.78956510299219e-24, nan 
48.625, 68.125, 4.171682188997063e-24, nan 
48.875, 68.125, 4.765426253012165e-24, nan 
49.125, 68.125, 6.147656556524796e-24, nan 
49.375, 68.125, 7.656464458057042e-24, nan 
49.625, 68.125, 6.935137353323725e-24, nan 
49.875, 68.125, 6.770495678873968e-24, nan 
50.125, 68.125, 9.027670646379285e-24, nan 
50.375, 68.125, 1.0129118813822477e-23, nan 
50.625, 68.125, 9.493090447857149e-24, nan 
50.875, 68.125, 5.671480165092271e-24, nan 
51.125, 68.125, 6.562801892698688e-24, nan 
51.375, 68.125, 8.558687144641472e-24, nan 
51.625, 68.125, 9.992950035346795e-24, nan 
51.875, 68.125, 6.77029865037241e-24, nan 
52.125, 68.125, 7.604088940240602e-24, nan 
52.375, 68.125, 5.069221990241407e-24, nan 
52.625, 68.125, 7.987074212355686e-24, nan 
52.875, 68.125, 8.231397973870071e-24, nan 
53.125, 68.125, 3.226662366715511e-24, nan 
53.375, 68.125, 9.445747917347217e-24, nan 
53.625, 68.125, 1.1382861049681487e-23, nan 
53.875, 68.125, 6.241397973029302e-24, nan 
54.125, 68.125, 6.794411493187842e-24, nan 
54.375, 68.125, 8.293346940064384e-24, nan 
54.625, 68.125, 5.229769418668004e-24, nan 
54.875, 68.125, 4.2786478029877235e-24, nan 
55.125, 68.125, 6.545060630966001e-24, nan 
55.375, 68.125, 1.6555627329624483e-24, nan 
55.625, 68.125, 1.920244984118895e-24, nan 
55.875, 68.125, 4.044443345618711e-24, nan 
56.125, 68.125, 2.4233592628812813e-24, nan 
56.375, 68.125, 1.0991102747856875e-24, nan 
56.625, 68.125, 5.145719663986471e-24, nan 
56.875, 68.125, 6.061104208799334e-24, nan 
57.125, 68.125, 6.1752292763978676e-24, nan 
57.375, 68.125, 1.2523045379954637e-23, nan 
57.625, 68.125, 1.1724770889843052e-23, nan 
57.875, 68.125, 6.965026696594664e-24, nan 
58.125, 68.125, 5.835691493001027e-24, nan 
58.375, 68.125, 2.4631336612551327e-24, nan 
58.625, 68.125, 3.820395640469528e-24, nan 
58.875, 68.125, 4.5138150665704055e-24, nan 
59.125, 68.125, 6.054882702280896e-24, nan 
59.375, 68.125, 9.719383586072087e-24, nan 
59.625, 68.125, 1.0551707278684075e-23, nan 
59.875, 68.125, 1.3038209795355845e-23, nan 
60.125, 68.125, 1.0981178589392476e-23, nan 
60.375, 68.125, 9.957189636549737e-24, nan 
60.625, 68.125, 2.3544941556632987e-23, nan 
60.875, 68.125, 2.2878186966897381e-23, nan 
61.125, 68.125, 8.556231505978158e-24, nan 
61.375, 68.125, 1.3243983983432873e-23, nan 
61.625, 68.125, 1.3314184243704176e-23, nan 
61.875, 68.125, 6.0607548186722465e-24, nan 
62.125, 68.125, 3.462386262246046e-24, nan 
62.375, 68.125, 5.279675618630127e-24, nan 
62.625, 68.125, 3.915707566466183e-24, nan 
62.875, 68.125, 2.8445730764405743e-24, nan 
-136.375, 68.375, 2.0225670831512055e-24, nan 
-136.125, 68.375, 2.2626157765909073e-24, nan 
-135.875, 68.375, 2.1556158836558652e-24, nan 
-135.625, 68.375, 1.9680706110064243e-24, nan 
-135.375, 68.375, 2.4141045305259725e-24, nan 
-135.125, 68.375, 3.2190693898683485e-24, nan 
-134.875, 68.375, 1.8573110628017147e-24, nan 
-134.625, 68.375, 2.0505253562347893e-24, nan 
-134.375, 68.375, 3.922795428544798e-24, nan 
-134.125, 68.375, 3.8226019519231084e-24, nan 
-133.875, 68.375, 3.058824111513035e-24, nan 
-133.625, 68.375, 5.371043142181567e-24, nan 
-133.375, 68.375, 3.530935666523846e-24, nan 
-133.125, 68.375, 2.9375227500315233e-24, nan 
-132.875, 68.375, 4.733064459156663e-24, nan 
-132.625, 68.375, 5.557493945358733e-24, nan 
-132.375, 68.375, 3.5203165032647405e-24, nan 
-132.125, 68.375, 3.1319384901673777e-24, nan 
-131.875, 68.375, 4.033407981941393e-24, nan 
-131.625, 68.375, 4.431333838900245e-24, nan 
-131.375, 68.375, 3.756097514813217e-24, nan 
-131.125, 68.375, 1.7821788965969104e-24, nan 
-130.875, 68.375, 2.60006759136368e-24, nan 
-130.625, 68.375, 3.193695184589818e-24, nan 
-130.375, 68.375, 2.5127020615659247e-24, nan 
-130.125, 68.375, 1.698695222624513e-24, nan 
-129.875, 68.375, 1.6394612628187792e-24, nan 
-129.625, 68.375, 3.487648057845362e-24, nan 
-129.375, 68.375, 3.3126115874805215e-24, nan 
-129.125, 68.375, 1.7722038110852186e-24, nan 
-128.875, 68.375, 3.901824572529633e-24, nan 
-128.625, 68.375, 2.657977245304963e-24, nan 
-128.375, 68.375, 2.4226898485767412e-24, nan 
-128.125, 68.375, 1.4390568911840837e-24, nan 
-127.875, 68.375, 1.841866505252658e-24, nan 
-127.625, 68.375, 3.0030858229434148e-24, nan 
-127.375, 68.375, 4.397658462280276e-24, nan 
-127.125, 68.375, 5.5823911214344165e-24, nan 
-126.875, 68.375, 2.7728786102525158e-24, nan 
-126.625, 68.375, 3.3084438693486755e-24, nan 
-126.375, 68.375, 1.8273622501407756e-24, nan 
-126.125, 68.375, 3.116257295087496e-24, nan 
-125.875, 68.375, 1.6968081548674737e-24, nan 
-125.625, 68.375, 1.117162728808141e-24, nan 
-125.375, 68.375, 5.8498107250102e-24, nan 
-125.125, 68.375, 1.4910554129561525e-23, nan 
-124.875, 68.375, 1.8033465320601906e-23, nan 
-124.625, 68.375, 1.576425461037183e-23, nan 
-124.375, 68.375, 1.1597480225014653e-23, nan 
-124.125, 68.375, 1.8644824302021743e-23, nan 
-123.875, 68.375, 1.0522175036107996e-23, nan 
-123.625, 68.375, 4.0845697571084806e-24, nan 
-123.375, 68.375, 9.481068093932466e-24, nan 
-123.125, 68.375, 1.2135016680786679e-23, nan 
-122.875, 68.375, 8.964842696282231e-24, nan 
-122.625, 68.375, 3.066734334165829e-24, nan 
-122.375, 68.375, 3.4298115574911024e-24, nan 
-122.125, 68.375, 4.911104602558838e-24, nan 
-121.875, 68.375, 3.274201576511776e-24, nan 
-121.625, 68.375, 4.861380216829578e-24, nan 
-121.375, 68.375, 2.678465641442758e-24, nan 
-121.125, 68.375, 5.123362204829449e-24, nan 
-120.875, 68.375, 6.55047742234553e-24, nan 
-120.625, 68.375, 4.00077515687304e-24, nan 
-120.375, 68.375, 4.968152462388949e-24, nan 
-120.125, 68.375, 4.92376030840144e-24, nan 
-119.875, 68.375, 7.13046037859684e-24, nan 
-119.625, 68.375, 1.2245348393161207e-23, nan 
-119.375, 68.375, 1.129170438294605e-23, nan 
-119.125, 68.375, 1.0236559235626576e-23, nan 
-118.875, 68.375, 7.977031384947889e-24, nan 
-118.625, 68.375, 6.569036159889174e-24, nan 
-118.375, 68.375, 5.096291059623723e-24, nan 
-118.125, 68.375, 6.303268852972297e-24, nan 
-117.875, 68.375, 8.434320008448602e-24, nan 
-117.625, 68.375, 3.795319481112845e-24, nan 
-117.375, 68.375, 7.325924830705743e-24, nan 
-117.125, 68.375, 6.918125739020013e-24, nan 
-116.875, 68.375, 6.0643844257209324e-24, nan 
-116.625, 68.375, 8.888344915673172e-24, nan 
-116.375, 68.375, 1.7120588983032652e-24, nan 
-116.125, 68.375, 4.281247100417796e-24, nan 
-115.875, 68.375, 7.263150825335238e-24, nan 
-115.625, 68.375, 5.206216365851166e-24, nan 
-115.375, 68.375, 6.3509356334013936e-24, nan 
-115.125, 68.375, 1.2287039649525508e-23, nan 
-114.875, 68.375, 9.830325480573549e-24, nan 
-114.625, 68.375, 2.6042809018666447e-24, nan 
-114.375, 68.375, 7.311930280012556e-24, nan 
-114.125, 68.375, 5.04850561215568e-24, nan 
-113.875, 68.375, 7.32965379360127e-24, nan 
-113.625, 68.375, 9.832982393128486e-24, nan 
-113.375, 68.375, 1.582720734717636e-23, nan 
-113.125, 68.375, 1.3767209624507986e-23, nan 
-112.875, 68.375, 7.117366494069969e-24, nan 
-112.625, 68.375, 5.3617037810968465e-24, nan 
-112.375, 68.375, 7.326432735556527e-24, nan 
-112.125, 68.375, 4.21511466580682e-24, nan 
-111.875, 68.375, 4.0352147094314404e-24, nan 
-111.625, 68.375, 7.110557099049945e-24, nan 
-111.375, 68.375, 5.252685781135106e-24, nan 
-111.125, 68.375, 4.133111318570049e-24, nan 
-110.875, 68.375, 8.445767690668971e-24, nan 
-110.625, 68.375, 9.123341001239739e-24, nan 
-110.375, 68.375, 8.479397262765688e-24, nan 
-110.125, 68.375, 7.076949776414138e-24, nan 
-109.875, 68.375, 4.161861296672657e-24, nan 
-109.625, 68.375, 4.7594456208072775e-24, nan 
-109.375, 68.375, 6.484021320211492e-24, nan 
-109.125, 68.375, 5.517979123294874e-24, nan 
-108.875, 68.375, 5.762639457246695e-24, nan 
-108.625, 68.375, 4.6490847459305224e-24, nan 
-108.375, 68.375, 4.042991861713922e-24, nan 
-108.125, 68.375, 5.124237785565475e-24, nan 
-107.875, 68.375, 5.148083852812454e-24, nan 
-107.625, 68.375, 7.52706899216559e-24, nan 
-107.375, 68.375, 9.43171662713749e-24, nan 
-107.125, 68.375, 9.843176905872317e-24, nan 
-106.875, 68.375, 8.877935008152348e-24, nan 
-106.625, 68.375, 7.019109799602316e-24, nan 
-106.375, 68.375, 7.334931336496122e-24, nan 
-106.125, 68.375, 4.2657496164052734e-24, nan 
-105.875, 68.375, 3.5533975584526286e-24, nan 
-105.625, 68.375, 6.987969037268938e-24, nan 
-105.375, 68.375, 6.275382721303808e-24, nan 
-105.125, 68.375, 5.586976858440685e-24, nan 
-104.875, 68.375, 5.348794462057571e-24, nan 
-104.625, 68.375, 7.06547154437977e-24, nan 
-104.375, 68.375, 5.630204251613616e-24, nan 
-104.125, 68.375, 7.928750000265415e-24, nan 
-103.875, 68.375, 8.737125862258379e-24, nan 
-103.625, 68.375, 7.101446528065362e-24, nan 
-103.375, 68.375, 6.783178306485788e-24, nan 
-103.125, 68.375, 7.843349688070218e-24, nan 
-102.875, 68.375, 7.270567576754117e-24, nan 
-102.625, 68.375, 7.74028657879553e-24, nan 
-102.375, 68.375, 5.924706402524286e-24, nan 
-102.125, 68.375, 6.899684532931365e-24, nan 
-101.875, 68.375, 1.1643563371889731e-23, nan 
-101.625, 68.375, 6.1483164127184104e-24, nan 
-101.375, 68.375, 5.979259085052921e-24, nan 
-101.125, 68.375, 1.0105099843594637e-23, nan 
-100.875, 68.375, 5.7224104774198594e-24, nan 
-100.625, 68.375, 6.726886183178711e-24, nan 
-100.375, 68.375, 5.267580462723781e-24, nan 
-100.125, 68.375, 5.3079776852085635e-24, nan 
-99.875, 68.375, 6.209394484627838e-24, nan 
-99.625, 68.375, 5.576260798734228e-24, nan 
-99.375, 68.375, 5.8358539947218866e-24, nan 
-99.125, 68.375, 6.149786914041419e-24, nan 
-98.875, 68.375, 8.100197322160544e-24, nan 
-98.625, 68.375, 9.047869498016798e-24, nan 
-98.375, 68.375, 9.123567725661575e-24, nan 
-98.125, 68.375, 9.801711629602655e-24, nan 
-97.875, 68.375, 1.1381007757170735e-23, nan 
-97.625, 68.375, 8.504298540477939e-24, nan 
-97.375, 68.375, 1.0362428229558398e-23, nan 
-97.125, 68.375, 9.29287767282041e-24, nan 
-96.875, 68.375, 8.437122019459189e-24, nan 
-96.625, 68.375, 7.25935544777389e-24, nan 
-96.375, 68.375, 7.330681017790163e-24, nan 
-96.125, 68.375, 7.139452926596282e-24, nan 
-95.875, 68.375, 1.3349282483051027e-23, nan 
-95.625, 68.375, 1.7327305522949514e-23, nan 
-95.375, 68.375, 1.7145631004250323e-23, nan 
-95.125, 68.375, 1.0478756919444526e-23, nan 
-94.875, 68.375, 1.0923906224715835e-23, nan 
-94.625, 68.375, 6.349160807588651e-24, nan 
-94.375, 68.375, 7.203550456850843e-24, nan 
-94.125, 68.375, 6.817134521248664e-24, nan 
-93.875, 68.375, 6.982654809666145e-24, nan 
-93.625, 68.375, 1.032043269721453e-23, nan 
-93.375, 68.375, 1.8930072124383056e-23, nan 
-93.125, 68.375, 1.0987106182722809e-23, nan 
-92.875, 68.375, 1.2968896325166115e-23, nan 
-92.625, 68.375, 1.982779109974254e-23, nan 
-92.375, 68.375, 1.5635456022601104e-23, nan 
-92.125, 68.375, 1.3225201285419173e-23, nan 
-91.875, 68.375, 1.2911239414491806e-23, nan 
-91.625, 68.375, 1.1514139229833295e-23, nan 
-91.375, 68.375, 1.0706749450712567e-23, nan 
-91.125, 68.375, 1.2415758051442047e-23, nan 
-90.875, 68.375, 1.0239702066152407e-23, nan 
-90.625, 68.375, 9.818837818031501e-24, nan 
-90.375, 68.375, 1.3834566250859946e-23, nan 
-90.125, 68.375, 1.6848973888270707e-23, nan 
-89.875, 68.375, 1.5538284631934398e-23, nan 
-89.625, 68.375, 1.3902483215000872e-23, nan 
-89.375, 68.375, 1.1435546924265514e-23, nan 
-89.125, 68.375, 1.5988259385245752e-23, nan 
-88.875, 68.375, 1.800624173123882e-23, nan 
-88.625, 68.375, 1.936586622960082e-23, nan 
-88.375, 68.375, 1.4426932590849033e-23, nan 
-88.125, 68.375, 1.5182020259767533e-23, nan 
-87.875, 68.375, 3.571147289229371e-23, nan 
-87.625, 68.375, 5.169320210957986e-23, nan 
-87.375, 68.375, 5.1412626493922693e-23, nan 
-87.125, 68.375, 5.0569843125236135e-23, nan 
-86.875, 68.375, 5.1097252698862616e-23, nan 
-86.625, 68.375, 5.2071693990135816e-23, nan 
-86.375, 68.375, 2.8934143182794217e-23, nan 
-86.125, 68.375, 2.45560964545873e-23, nan 
-85.875, 68.375, 2.295597757697624e-23, nan 
-85.625, 68.375, 2.6374958096268602e-23, nan 
-85.375, 68.375, 2.044699523268483e-23, nan 
-85.125, 68.375, 1.8214195828681003e-23, nan 
-84.875, 68.375, 1.9490523116579466e-23, nan 
-84.625, 68.375, 2.5133982275217623e-23, nan 
-84.375, 68.375, 4.6863599075307297e-23, nan 
-84.125, 68.375, 3.187037506036995e-23, nan 
-83.875, 68.375, 3.924649915963779e-23, nan 
-83.625, 68.375, 3.985524109853336e-23, nan 
-83.375, 68.375, 3.502726416265707e-23, nan 
-83.125, 68.375, 3.80218787875004e-23, nan 
-82.875, 68.375, 3.8232334918766435e-23, nan 
-82.625, 68.375, 3.357924366793601e-23, nan 
-82.375, 68.375, 2.460449660153747e-23, nan 
-82.125, 68.375, 2.7529815922173104e-23, nan 
-81.875, 68.375, 1.9388617731189206e-23, nan 
-81.625, 68.375, 2.17390848185507e-23, nan 
-81.375, 68.375, 2.7636352384564694e-23, nan 
-81.125, 68.375, 2.1197245358249717e-23, nan 
-80.875, 68.375, 1.616720561430239e-23, nan 
-80.625, 68.375, 2.9684320043363534e-23, nan 
-80.375, 68.375, 3.74855676576832e-23, nan 
-80.125, 68.375, 4.2760178752100944e-23, nan 
-79.875, 68.375, 5.563478663745073e-23, nan 
-79.625, 68.375, 4.625733217104596e-23, nan 
-79.375, 68.375, 3.980002899452588e-23, nan 
-79.125, 68.375, 2.833821434430202e-23, nan 
-78.875, 68.375, 3.5408447501534354e-23, nan 
-78.625, 68.375, 2.625064986540053e-23, nan 
-78.375, 68.375, 2.4815658137151206e-23, nan 
-78.125, 68.375, 2.971205211346102e-23, nan 
-77.875, 68.375, 3.677129648394342e-23, nan 
-77.625, 68.375, 4.332580874166687e-23, nan 
-77.375, 68.375, 4.299532999007219e-23, nan 
-77.125, 68.375, 3.778453902674119e-23, nan 
-76.875, 68.375, 3.3513777464201167e-23, nan 
-76.625, 68.375, 2.944364107797521e-23, nan 
-76.375, 68.375, 2.693683853914711e-23, nan 
-76.125, 68.375, 2.1411229342717096e-23, nan 
-75.875, 68.375, 2.3857661603913803e-23, nan 
-75.625, 68.375, 2.6325797403046747e-23, nan 
-75.375, 68.375, 3.5374969065550997e-23, nan 
-75.125, 68.375, 3.4191033839158535e-23, nan 
-74.875, 68.375, 3.606641204302678e-23, nan 
-74.625, 68.375, 4.122777820665029e-23, nan 
-74.375, 68.375, 4.68507491360317e-23, nan 
-74.125, 68.375, 4.691359610081263e-23, nan 
-73.875, 68.375, 4.3413018287403214e-23, nan 
-73.625, 68.375, 4.3133045696014654e-23, nan 
-73.375, 68.375, 3.418809063596252e-23, nan 
-73.125, 68.375, 4.067317006794623e-23, nan 
-72.875, 68.375, 3.3276420484252077e-23, nan 
-72.625, 68.375, 4.342596147377019e-23, nan 
-72.375, 68.375, 3.9119143889564773e-23, nan 
-72.125, 68.375, 3.7656071288943176e-23, nan 
-71.875, 68.375, 5.108217605749981e-23, nan 
-71.625, 68.375, 4.4343288451106226e-23, nan 
-71.375, 68.375, 4.2957188597498775e-23, nan 
-71.125, 68.375, 4.047655699285928e-23, nan 
-70.875, 68.375, 4.5643449919427366e-23, nan 
-70.625, 68.375, 4.3241445502926595e-23, nan 
-70.375, 68.375, 4.3593934235096547e-23, nan 
-70.125, 68.375, 4.9018522853758637e-23, nan 
-69.875, 68.375, 4.875912178520004e-23, nan 
-69.625, 68.375, 4.639932872821797e-23, nan 
-69.375, 68.375, 3.384705936773734e-23, nan 
-69.125, 68.375, 6.157078259288944e-23, nan 
-68.875, 68.375, 7.623021493188251e-23, nan 
-68.625, 68.375, 9.362045626081905e-23, nan 
-68.375, 68.375, 7.094377276230244e-23, nan 
-68.125, 68.375, 7.337114216950473e-23, nan 
-67.875, 68.375, 8.107920945005718e-23, nan 
-67.625, 68.375, 5.780856669058997e-23, nan 
-67.375, 68.375, 5.524478758298707e-23, nan 
-67.125, 68.375, 5.520816989764952e-23, nan 
-66.875, 68.375, 6.371444176374099e-23, nan 
-66.625, 68.375, 5.304867698054002e-23, nan 
-66.375, 68.375, 5.53280399461273e-23, nan 
-66.125, 68.375, 7.046230000517966e-23, nan 
-65.875, 68.375, 5.419537298687306e-23, nan 
-65.625, 68.375, 4.817491435418132e-23, nan 
-65.375, 68.375, 5.189579298381696e-23, nan 
-65.125, 68.375, 5.2010608783281864e-23, nan 
-64.875, 68.375, 5.707730357211655e-23, nan 
-64.625, 68.375, 3.4321558587442726e-23, nan 
-64.375, 68.375, 5.37171554344248e-23, nan 
-64.125, 68.375, 6.678680246138537e-23, nan 
-63.875, 68.375, 5.398671205737796e-23, nan 
-63.625, 68.375, 7.724155746961294e-23, nan 
-63.375, 68.375, 4.254062262681852e-23, nan 
-63.125, 68.375, 5.509418724274776e-23, nan 
-62.875, 68.375, 7.182813718270263e-23, nan 
-62.625, 68.375, 4.281051540817652e-23, nan 
-62.375, 68.375, 4.256098793296094e-23, nan 
-62.125, 68.375, 4.9299528879901116e-23, nan 
-61.875, 68.375, 5.730310494816978e-23, nan 
-61.625, 68.375, 6.193258145359231e-23, nan 
-61.375, 68.375, 6.689778463347154e-23, nan 
-61.125, 68.375, 5.248655880041369e-23, nan 
-60.875, 68.375, 4.5472310627928166e-23, nan 
-60.625, 68.375, 4.692308621646135e-23, nan 
-60.375, 68.375, 4.229434827970147e-23, nan 
-60.125, 68.375, 6.848899039505395e-23, nan 
-59.875, 68.375, 8.546272624745013e-23, nan 
-59.625, 68.375, 5.295358273921921e-23, nan 
-59.375, 68.375, 7.05840603132472e-23, nan 
-59.125, 68.375, 8.611330671220525e-23, nan 
-58.875, 68.375, 7.748002018841218e-23, nan 
-58.625, 68.375, 6.000885993032621e-23, nan 
-58.375, 68.375, 8.1499748769344e-23, nan 
-58.125, 68.375, 1.0124170725527763e-22, nan 
-57.875, 68.375, 1.0050632652115624e-22, nan 
-57.625, 68.375, 6.879404729977425e-23, nan 
-57.375, 68.375, 8.972232849958282e-23, nan 
-57.125, 68.375, 8.642439963322051e-23, nan 
-56.875, 68.375, 7.8621714687533e-23, nan 
-56.625, 68.375, 9.364569718383226e-23, nan 
-56.375, 68.375, 1.097718545527658e-22, nan 
-56.125, 68.375, 1.731390080275667e-22, nan 
-55.875, 68.375, 2.2634537187783005e-22, nan 
-55.625, 68.375, 1.7385197269837347e-22, nan 
-55.375, 68.375, 2.0699817539036545e-22, nan 
-55.125, 68.375, 2.6490570489789296e-22, nan 
-54.875, 68.375, 2.736517233629655e-22, nan 
-54.625, 68.375, 7.356776201002579e-23, nan 
-54.375, 68.375, 9.581184392582809e-23, nan 
-54.125, 68.375, 1.889652519162153e-22, nan 
-53.875, 68.375, 8.262591841841114e-23, nan 
-53.625, 68.375, 1.3094304521411537e-22, nan 
-53.375, 68.375, 1.8076273453979862e-22, nan 
-53.125, 68.375, 2.0148064158609112e-22, nan 
-52.875, 68.375, 1.2532855471563898e-22, nan 
-52.625, 68.375, 1.0329708967636441e-22, nan 
-52.375, 68.375, 2.874126490372902e-22, nan 
-52.125, 68.375, 2.050280109706153e-22, nan 
-51.875, 68.375, 1.7569085542721566e-22, nan 
-51.625, 68.375, 2.7198898977188294e-22, nan 
-51.375, 68.375, 2.1431477262933117e-22, nan 
-51.125, 68.375, 2.0420035445014572e-22, nan 
-50.875, 68.375, 1.8814504875825448e-22, nan 
-50.625, 68.375, 1.9048722914330706e-22, nan 
-50.375, 68.375, 3.0761317134789584e-22, nan 
-50.125, 68.375, 3.0252548901040135e-22, nan 
-49.875, 68.375, 2.838223055336235e-22, nan 
-49.625, 68.375, 3.3121594764546504e-22, nan 
-49.375, 68.375, 3.719880617455988e-22, nan 
-49.125, 68.375, 4.2248901691947384e-22, nan 
-48.875, 68.375, 2.955756253782591e-22, nan 
-48.625, 68.375, 3.2496814748459187e-22, nan 
-48.375, 68.375, 3.1829362502004766e-22, nan 
-48.125, 68.375, 2.087011311449435e-22, nan 
-47.875, 68.375, 2.5961505631092107e-22, nan 
-47.625, 68.375, 3.0225527145839043e-22, nan 
-47.375, 68.375, 3.241838585004545e-22, nan 
-47.125, 68.375, 2.8944769917972808e-22, nan 
-46.875, 68.375, 2.901177381163224e-22, nan 
-46.625, 68.375, 2.938253232432532e-22, nan 
-46.375, 68.375, 2.4974420891425444e-22, nan 
-46.125, 68.375, 3.40221042194415e-22, nan 
-45.875, 68.375, 4.294747358391546e-22, nan 
-45.625, 68.375, 3.666475664673224e-22, nan 
-45.375, 68.375, 4.224111946009227e-22, nan 
-45.125, 68.375, 4.776700441984558e-22, nan 
-44.875, 68.375, 3.7214751515114677e-22, nan 
-44.625, 68.375, 1.7950187907317118e-22, nan 
-44.375, 68.375, 1.6380214780575446e-22, nan 
-44.125, 68.375, 1.5526448884591244e-22, nan 
-43.875, 68.375, 3.0181514945807072e-22, nan 
-43.625, 68.375, 2.574361547833058e-22, nan 
-43.375, 68.375, 3.5880238111705763e-22, nan 
-43.125, 68.375, 2.9280232946068226e-22, nan 
-42.875, 68.375, 2.9342080697949323e-22, nan 
-42.625, 68.375, 4.50530639628429e-22, nan 
-42.375, 68.375, 2.8727292695388686e-22, nan 
-42.125, 68.375, 5.822671778970461e-22, nan 
-41.875, 68.375, 8.254417983564098e-22, nan 
-41.625, 68.375, 8.010414548037209e-22, nan 
-41.375, 68.375, 6.953539456787255e-22, nan 
-41.125, 68.375, 8.688487456103002e-22, nan 
-40.875, 68.375, 8.77294805158007e-22, nan 
-40.625, 68.375, 4.733221986427516e-22, nan 
-40.375, 68.375, 3.6083217054512893e-22, nan 
-40.125, 68.375, 2.6521684194431255e-22, nan 
-39.875, 68.375, 2.5403569541763754e-22, nan 
-39.625, 68.375, 3.4128553585639573e-22, nan 
-39.375, 68.375, 1.6442641698780285e-22, nan 
-39.125, 68.375, 2.1384963216309777e-22, nan 
-38.875, 68.375, 3.6689431940868787e-22, nan 
-38.625, 68.375, 5.1998220253083875e-22, nan 
-38.375, 68.375, 3.684337112808082e-22, nan 
-38.125, 68.375, 4.0822150465166453e-22, nan 
-37.875, 68.375, 2.378290511015721e-22, nan 
-37.625, 68.375, 4.0798152085762426e-22, nan 
-37.375, 68.375, 4.786040608561637e-22, nan 
-37.125, 68.375, 3.649380301504078e-22, nan 
-36.875, 68.375, 2.274913480303748e-22, nan 
-36.625, 68.375, 3.020266942555117e-22, nan 
-36.375, 68.375, 4.376827510811929e-22, nan 
-36.125, 68.375, 8.058314866605362e-22, nan 
-35.875, 68.375, 1.0521039120134746e-21, nan 
-35.625, 68.375, 1.1108368958779782e-21, nan 
-35.375, 68.375, 1.3316185305026251e-21, nan 
-35.125, 68.375, 1.4459110356227855e-21, nan 
-34.875, 68.375, 1.1834825630170855e-21, nan 
-34.625, 68.375, 6.589193735731224e-22, nan 
-34.375, 68.375, 7.0129402080214e-22, nan 
-34.125, 68.375, 3.5865743337501115e-22, nan 
-33.875, 68.375, 2.26507897555611e-22, nan 
-33.625, 68.375, 2.9987316545140877e-22, nan 
-33.375, 68.375, 1.5623050958201896e-22, nan 
-33.125, 68.375, 4.027067240524208e-22, nan 
-32.875, 68.375, 4.8169988720776e-22, nan 
-32.625, 68.375, 5.358520814817086e-22, nan 
-32.375, 68.375, 6.422277491741289e-22, nan 
-32.125, 68.375, 7.05400566207107e-22, nan 
-31.875, 68.375, 5.926517249092358e-22, nan 
-31.625, 68.375, 6.827376077721867e-22, nan 
-31.375, 68.375, 6.889683814308179e-22, nan 
-31.125, 68.375, 9.594100074012264e-22, nan 
-30.875, 68.375, 1.6048116876233005e-21, nan 
-30.625, 68.375, 1.095804713258012e-21, nan 
-30.375, 68.375, 1.12235588471024e-21, nan 
-30.125, 68.375, 1.4460041806671924e-21, nan 
-29.875, 68.375, 9.2428700078507e-22, nan 
-29.625, 68.375, 1.6533741176158686e-21, nan 
-29.375, 68.375, 1.1101023824862438e-21, nan 
-29.125, 68.375, 1.6538902429905494e-21, nan 
-28.875, 68.375, 3.875215726120531e-21, nan 
-28.625, 68.375, 1.6602102020867614e-21, nan 
-28.375, 68.375, 1.2711955571443554e-21, nan 
-28.125, 68.375, 2.1628196432417217e-21, nan 
-27.875, 68.375, 1.941666300464166e-21, nan 
-27.625, 68.375, 2.084913888841453e-21, nan 
-27.375, 68.375, 1.9520554521782226e-21, nan 
-27.125, 68.375, 2.6261416555734174e-21, nan 
-26.875, 68.375, 1.828470440675408e-21, nan 
-26.625, 68.375, 1.220704851544837e-21, nan 
-26.375, 68.375, 1.6848936973242086e-21, nan 
-26.125, 68.375, 1.502122685765628e-21, nan 
-25.875, 68.375, 1.3314574247067872e-21, nan 
-25.625, 68.375, 1.8192866404655392e-21, nan 
-25.375, 68.375, 2.033744822487878e-21, nan 
-25.125, 68.375, 1.2758094812318489e-21, nan 
-24.875, 68.375, 1.076600166410109e-21, nan 
-24.625, 68.375, 9.482554506146976e-22, nan 
-24.375, 68.375, 6.7336585533319865e-22, nan 
-24.125, 68.375, 1.081734127823982e-21, nan 
-23.875, 68.375, 1.265777268731978e-21, nan 
-23.625, 68.375, 1.0235919410953739e-21, nan 
-23.375, 68.375, 9.501932907001966e-22, nan 
-23.125, 68.375, 1.146957998096966e-21, nan 
-22.875, 68.375, 1.5540888039956808e-21, nan 
-22.625, 68.375, 7.416321555076159e-22, nan 
-22.375, 68.375, 4.49557458392765e-22, nan 
-22.125, 68.375, 9.004542019027873e-22, nan 
-21.875, 68.375, 4.996241873522192e-22, nan 
-21.625, 68.375, 8.144009651589892e-22, nan 
-21.375, 68.375, 7.103489645168609e-22, nan 
-21.125, 68.375, 6.615933216633402e-22, nan 
-20.875, 68.375, 7.405626802677175e-22, nan 
-20.625, 68.375, 6.61918655682963e-22, nan 
-20.375, 68.375, 6.89465909926425e-22, nan 
-20.125, 68.375, 1.4576355928763631e-21, nan 
-19.875, 68.375, 1.5279702621278e-21, nan 
-19.625, 68.375, 1.753312931112477e-21, nan 
-19.375, 68.375, 1.714816710979015e-21, nan 
-19.125, 68.375, 1.750582735339515e-21, nan 
-18.875, 68.375, 1.42057221656116e-21, nan 
-18.625, 68.375, 9.618673738868508e-22, nan 
-18.375, 68.375, 8.976004965349817e-22, nan 
-18.125, 68.375, 7.176577505808301e-22, nan 
-17.875, 68.375, 7.346724508328745e-22, nan 
-17.625, 68.375, 7.522536448228973e-22, nan 
-17.375, 68.375, 1.175805432433152e-21, nan 
-17.125, 68.375, 1.27630167464484e-21, nan 
-16.875, 68.375, 8.754781162671464e-22, nan 
-16.625, 68.375, 1.2485580604817293e-21, nan 
-16.375, 68.375, 9.877889595793382e-22, nan 
-16.125, 68.375, 6.580251385279902e-22, nan 
-15.875, 68.375, 6.816789018436226e-22, nan 
-15.625, 68.375, 5.316858424141853e-22, nan 
-15.375, 68.375, 5.418715481852239e-22, nan 
-15.125, 68.375, 8.280889830020345e-22, nan 
-14.875, 68.375, 6.958594017138786e-22, nan 
-14.625, 68.375, 7.35848676497067e-22, nan 
-14.375, 68.375, 7.0442697975088885e-22, nan 
-14.125, 68.375, 7.49983282416162e-22, nan 
-13.875, 68.375, 1.0779904441500269e-21, nan 
-13.625, 68.375, 1.1011752645734555e-21, nan 
-13.375, 68.375, 8.595220035360586e-22, nan 
-13.125, 68.375, 5.134141598539927e-22, nan 
-12.875, 68.375, 4.727601419245501e-22, nan 
-12.625, 68.375, 5.9896982281993e-22, nan 
-12.375, 68.375, 5.401215272639739e-22, nan 
-12.125, 68.375, 2.863872194008351e-22, nan 
-11.875, 68.375, 3.7214757445572418e-22, nan 
-11.625, 68.375, 4.3398130662759885e-22, nan 
-11.375, 68.375, 5.824138535615927e-22, nan 
-11.125, 68.375, 4.42115087987888e-22, nan 
-10.875, 68.375, 4.348842186915116e-22, nan 
-10.625, 68.375, 5.008580804391902e-22, nan 
-10.375, 68.375, 5.703150370694341e-22, nan 
-10.125, 68.375, 7.978352227728362e-22, nan 
-9.875, 68.375, 7.96182317031746e-22, nan 
-9.625, 68.375, 6.884814260046286e-22, nan 
-9.375, 68.375, 5.810421591228772e-22, nan 
-9.125, 68.375, 6.524671143906866e-22, nan 
-8.875, 68.375, 6.89400456840328e-22, nan 
-8.625, 68.375, 5.159479636888596e-22, nan 
-8.375, 68.375, 7.223580278104023e-22, nan 
-8.125, 68.375, 9.742868756330243e-22, nan 
-7.875, 68.375, 9.009434407484471e-22, nan 
-7.625, 68.375, 6.470053374993066e-22, nan 
-7.375, 68.375, 9.26771878666694e-22, nan 
-7.125, 68.375, 6.983615869856739e-22, nan 
-6.875, 68.375, 3.8621379059657236e-22, nan 
-6.625, 68.375, 4.279333426461664e-22, nan 
-6.375, 68.375, 2.3286142540451803e-22, nan 
-6.125, 68.375, 4.308752315303344e-22, nan 
-5.875, 68.375, 4.504308132509864e-22, nan 
-5.625, 68.375, 1.734427967176069e-22, nan 
-5.375, 68.375, 3.657401950810997e-22, nan 
-5.125, 68.375, 4.901281870669356e-22, nan 
-4.875, 68.375, 8.816632220611465e-22, nan 
-4.625, 68.375, 4.232188823065194e-22, nan 
-4.375, 68.375, 3.682286318743355e-22, nan 
-4.125, 68.375, 1.1206743663589277e-21, nan 
-3.875, 68.375, 5.452853750432624e-22, nan 
-3.625, 68.375, 4.1175977079321085e-22, nan 
-3.375, 68.375, 6.123040593727719e-22, nan 
-3.125, 68.375, 4.716866082136157e-22, nan 
-2.875, 68.375, 3.6350251828970026e-22, nan 
-2.625, 68.375, 4.411996573307644e-22, nan 
-2.375, 68.375, 3.1473141453902718e-22, nan 
-2.125, 68.375, 1.9349337841937686e-22, nan 
-1.875, 68.375, 3.539835745184679e-22, nan 
-1.625, 68.375, 4.69899163565217e-22, nan 
-1.375, 68.375, 6.451256765603669e-22, nan 
-1.125, 68.375, 4.462576761665796e-22, nan 
-0.875, 68.375, 5.933164076062011e-22, nan 
-0.625, 68.375, 5.188735814567898e-22, nan 
-0.375, 68.375, 5.087189303390044e-22, nan 
-0.125, 68.375, 4.775845143002418e-22, nan 
0.125, 68.375, 3.9909528125271276e-22, nan 
0.375, 68.375, 5.114313860879342e-22, nan 
0.625, 68.375, 1.98499763242911e-22, nan 
0.875, 68.375, 3.8041020773065853e-22, nan 
1.125, 68.375, 3.7689711096988734e-22, nan 
1.375, 68.375, 2.468851193950968e-22, nan 
1.625, 68.375, 5.025751514932244e-22, nan 
1.875, 68.375, 6.818066933263142e-22, nan 
2.125, 68.375, 3.245061045142726e-22, nan 
2.375, 68.375, 2.3938171206739226e-22, nan 
2.625, 68.375, 3.4482784225410787e-22, nan 
2.875, 68.375, 3.3596411557790514e-22, nan 
3.125, 68.375, 1.5851899246791553e-22, nan 
3.375, 68.375, 1.659244233475754e-22, nan 
3.625, 68.375, 1.7496587756616288e-22, nan 
3.875, 68.375, 2.125834302602086e-22, nan 
4.125, 68.375, 2.1822910298045014e-22, nan 
4.375, 68.375, 1.0310269111423666e-22, nan 
4.625, 68.375, 2.4597275267091182e-22, nan 
4.875, 68.375, 2.8167084339013204e-22, nan 
5.125, 68.375, 2.3607631055125814e-22, nan 
5.375, 68.375, 3.664222719852392e-22, nan 
5.625, 68.375, 3.3037620852286657e-22, nan 
5.875, 68.375, 4.9599538365102085e-22, nan 
6.125, 68.375, 8.155101355635447e-22, nan 
6.375, 68.375, 8.076121327857883e-22, nan 
6.625, 68.375, 5.446019751157202e-22, nan 
6.875, 68.375, 4.4348995154595e-22, nan 
7.125, 68.375, 4.793943458658746e-22, nan 
7.375, 68.375, 3.20052753490939e-22, nan 
7.625, 68.375, 1.5211278996169561e-22, nan 
7.875, 68.375, 9.521473444956348e-23, nan 
8.125, 68.375, 8.322930016756505e-23, nan 
8.375, 68.375, 1.432446392713745e-22, nan 
8.625, 68.375, 1.3473745855792507e-22, nan 
8.875, 68.375, 9.477180237076221e-23, nan 
9.125, 68.375, 1.2640723863176038e-22, nan 
9.375, 68.375, 9.898330274206529e-23, nan 
9.625, 68.375, 5.338805683528701e-23, nan 
9.875, 68.375, 6.181234579976109e-23, nan 
10.125, 68.375, 1.548266574293773e-22, nan 
10.375, 68.375, 2.51497189225296e-22, nan 
10.625, 68.375, 2.5771802104642597e-22, nan 
10.875, 68.375, 2.0062464081855995e-22, nan 
11.125, 68.375, 2.671433360457214e-22, nan 
11.375, 68.375, 2.314212240638603e-22, nan 
11.625, 68.375, 1.7221574161250115e-22, nan 
11.875, 68.375, 1.615105462475607e-22, nan 
12.125, 68.375, 1.9802956226756608e-22, nan 
12.375, 68.375, 1.692999630619687e-22, nan 
12.625, 68.375, 1.374702283810709e-22, nan 
12.875, 68.375, 2.441875295194211e-22, nan 
13.125, 68.375, 1.8586860909675986e-22, nan 
13.375, 68.375, 1.528165213888119e-22, nan 
13.625, 68.375, 9.587630766367519e-23, nan 
13.875, 68.375, 1.3743504740336341e-22, nan 
14.125, 68.375, 2.0945467019619254e-22, nan 
14.375, 68.375, 7.908512845114997e-23, nan 
14.625, 68.375, 9.634581118092031e-23, nan 
14.875, 68.375, 1.6481673337493485e-22, nan 
15.125, 68.375, 1.126881264118007e-22, nan 
15.375, 68.375, 9.611882350358345e-23, nan 
15.625, 68.375, 1.0242221537289928e-22, nan 
15.875, 68.375, 8.660467414612623e-23, nan 
16.125, 68.375, 6.850975064724429e-23, nan 
16.375, 68.375, 9.780462804733102e-23, nan 
16.625, 68.375, 3.1492524114774526e-23, nan 
16.875, 68.375, 1.7323425822182845e-23, nan 
17.125, 68.375, 5.133073003160689e-23, nan 
17.375, 68.375, 3.15868559308946e-23, nan 
17.625, 68.375, 3.474004685898879e-23, nan 
17.875, 68.375, 2.10637913148088e-23, nan 
18.125, 68.375, 3.836981287636695e-23, nan 
18.375, 68.375, 3.444439525441686e-23, nan 
18.625, 68.375, 2.6986978211769204e-23, nan 
18.875, 68.375, 4.273826994515118e-23, nan 
19.125, 68.375, 3.639833311861824e-23, nan 
19.375, 68.375, 3.726016959709337e-23, nan 
19.625, 68.375, 3.831567477221587e-23, nan 
19.875, 68.375, 4.804745525348767e-23, nan 
20.125, 68.375, 4.702038194411529e-23, nan 
20.375, 68.375, 3.0131577416671957e-23, nan 
20.625, 68.375, 4.1682023839618345e-23, nan 
20.875, 68.375, 4.2577155165200874e-23, nan 
21.125, 68.375, 6.128956491215351e-23, nan 
21.375, 68.375, 5.988600465527446e-23, nan 
21.625, 68.375, 4.278371052312144e-23, nan 
21.875, 68.375, 9.321669339069605e-23, nan 
22.125, 68.375, 8.932944792820894e-23, nan 
22.375, 68.375, 4.4750651473073664e-23, nan 
22.625, 68.375, 4.372671889870673e-23, nan 
22.875, 68.375, 4.6710421067048184e-23, nan 
23.125, 68.375, 2.688856738510902e-23, nan 
23.375, 68.375, 3.141127879631999e-23, nan 
23.625, 68.375, 4.462015067545204e-23, nan 
23.875, 68.375, 5.2313748172579854e-23, nan 
24.125, 68.375, 3.289989649994758e-23, nan 
24.375, 68.375, 4.4731734093093145e-23, nan 
24.625, 68.375, 5.1273635192877104e-23, nan 
24.875, 68.375, 1.7094639090512396e-23, nan 
25.125, 68.375, 2.0224141764939136e-23, nan 
25.375, 68.375, 3.861419487179324e-23, nan 
25.625, 68.375, 2.917515916683419e-23, nan 
25.875, 68.375, 4.201947716223586e-23, nan 
26.125, 68.375, 3.8708953063112445e-23, nan 
26.375, 68.375, 2.8901942104833707e-23, nan 
26.625, 68.375, 3.7932984901859937e-23, nan 
26.875, 68.375, 3.617836311571235e-23, nan 
27.125, 68.375, 4.7155143189789996e-23, nan 
27.375, 68.375, 2.555705853794802e-23, nan 
27.625, 68.375, 2.9600174152786486e-23, nan 
27.875, 68.375, 5.842990849395123e-23, nan 
28.125, 68.375, 3.716161760195082e-23, nan 
28.375, 68.375, 2.453826259185464e-23, nan 
28.625, 68.375, 4.3839805826063336e-23, nan 
28.875, 68.375, 4.341922909316365e-23, nan 
29.125, 68.375, 3.3112666798903454e-23, nan 
29.375, 68.375, 3.4720781233485966e-23, nan 
29.625, 68.375, 2.963356301432728e-23, nan 
29.875, 68.375, 5.30496201330325e-23, nan 
30.125, 68.375, 6.460535580569948e-23, nan 
30.375, 68.375, 4.04632617539463e-23, nan 
30.625, 68.375, 3.285272480196439e-23, nan 
30.875, 68.375, 3.7318145779542494e-23, nan 
31.125, 68.375, 2.3775610153005387e-23, nan 
31.375, 68.375, 1.7854653336486928e-23, nan 
31.625, 68.375, 1.772081598092583e-23, nan 
31.875, 68.375, 2.394863841794112e-23, nan 
32.125, 68.375, 2.2873754035005053e-23, nan 
32.375, 68.375, 1.9268839022184802e-23, nan 
32.625, 68.375, 2.0182689843545297e-23, nan 
32.875, 68.375, 2.0394507381716212e-23, nan 
33.125, 68.375, 2.320559899895486e-23, nan 
33.375, 68.375, 2.8166757268484726e-23, nan 
33.625, 68.375, 3.6145835479095405e-23, nan 
33.875, 68.375, 2.773109919213739e-23, nan 
34.125, 68.375, 2.681638905411469e-23, nan 
34.375, 68.375, 2.9563313973873183e-23, nan 
34.625, 68.375, 2.4447020506972567e-23, nan 
34.875, 68.375, 2.2497456474674768e-23, nan 
35.125, 68.375, 1.529691225129081e-23, nan 
35.375, 68.375, 1.1100448258404588e-23, nan 
35.625, 68.375, 1.594764344512754e-23, nan 
35.875, 68.375, 1.3622916370421003e-23, nan 
36.125, 68.375, 1.3015061591985034e-23, nan 
36.375, 68.375, 1.2646468259702286e-23, nan 
36.625, 68.375, 1.2839710625620716e-23, nan 
36.875, 68.375, 1.0598261393721682e-23, nan 
37.125, 68.375, 9.845075306680229e-24, nan 
37.375, 68.375, 1.0283677886137417e-23, nan 
37.625, 68.375, 7.168259595425261e-24, nan 
37.875, 68.375, 6.3149402577365216e-24, nan 
38.125, 68.375, 1.1264105168785891e-23, nan 
38.375, 68.375, 7.996405848082062e-24, nan 
38.625, 68.375, 6.467963113248427e-24, nan 
38.875, 68.375, 8.401124337482905e-24, nan 
39.125, 68.375, 1.6330764144667056e-23, nan 
39.375, 68.375, 1.4500895887014193e-23, nan 
39.625, 68.375, 1.3811967911490934e-23, nan 
39.875, 68.375, 2.0810844697837826e-23, nan 
40.125, 68.375, 1.366008359356565e-23, nan 
40.375, 68.375, 7.972864344963881e-24, nan 
40.625, 68.375, 5.7834106257196566e-24, nan 
40.875, 68.375, 7.53476659086152e-24, nan 
41.125, 68.375, 6.85927391819564e-24, nan 
41.375, 68.375, 5.211371951428645e-24, nan 
41.625, 68.375, 7.01127945427559e-24, nan 
41.875, 68.375, 4.450333499539004e-24, nan 
42.125, 68.375, 6.636281067593714e-24, nan 
42.375, 68.375, 9.260424573196644e-24, nan 
42.625, 68.375, 4.654701532028991e-24, nan 
42.875, 68.375, 5.531610498645151e-24, nan 
43.125, 68.375, 5.488516845904988e-24, nan 
43.375, 68.375, 5.6794253154521906e-24, nan 
43.625, 68.375, 7.009534333467004e-24, nan 
43.875, 68.375, 6.701489933566583e-24, nan 
44.125, 68.375, 6.911862717520193e-24, nan 
44.375, 68.375, 7.210122258284292e-24, nan 
44.625, 68.375, 4.6134820092248726e-24, nan 
44.875, 68.375, 3.750728955172907e-24, nan 
45.125, 68.375, 4.370643276180847e-24, nan 
45.375, 68.375, 2.923753728028192e-24, nan 
45.625, 68.375, 4.859344680787821e-24, nan 
45.875, 68.375, 9.359738985448029e-24, nan 
46.125, 68.375, 1.0780532702762222e-23, nan 
46.375, 68.375, 1.315266388647553e-23, nan 
46.625, 68.375, 1.6240336156662937e-23, nan 
46.875, 68.375, 1.42394854950175e-23, nan 
47.125, 68.375, 6.102135744369225e-24, nan 
47.375, 68.375, 2.6267587064044747e-24, nan 
47.625, 68.375, 3.702332194052771e-24, nan 
47.875, 68.375, 3.492870554099331e-24, nan 
48.125, 68.375, 1.8700336013367348e-24, nan 
48.375, 68.375, 4.252019844268828e-24, nan 
48.625, 68.375, 5.0798908886178974e-24, nan 
48.875, 68.375, 2.939909901996529e-24, nan 
49.125, 68.375, 4.717479551767953e-24, nan 
49.375, 68.375, 6.031101021447038e-24, nan 
49.625, 68.375, 4.796959240182742e-24, nan 
49.875, 68.375, 5.581040442579835e-24, nan 
50.125, 68.375, 8.809537542863696e-24, nan 
50.375, 68.375, 8.311908101937331e-24, nan 
50.625, 68.375, 5.996829164121198e-24, nan 
50.875, 68.375, 6.347992669918569e-24, nan 
51.125, 68.375, 7.812698311870418e-24, nan 
51.375, 68.375, 8.303265284778292e-24, nan 
51.625, 68.375, 7.412140363074287e-24, nan 
51.875, 68.375, 7.259559505320177e-24, nan 
52.125, 68.375, 7.991071631337024e-24, nan 
52.375, 68.375, 6.380900379338694e-24, nan 
52.625, 68.375, 7.266851964337895e-24, nan 
52.875, 68.375, 7.900192949602941e-24, nan 
53.125, 68.375, 5.007507096497228e-24, nan 
53.375, 68.375, 8.709709084708934e-24, nan 
53.625, 68.375, 1.0260485202668361e-23, nan 
53.875, 68.375, 5.192174368248475e-24, nan 
54.125, 68.375, 8.115883036770723e-24, nan 
54.375, 68.375, 9.77956977198164e-24, nan 
54.625, 68.375, 5.890790420565635e-24, nan 
54.875, 68.375, 5.0216652808597024e-24, nan 
55.125, 68.375, 8.611547862528136e-24, nan 
55.375, 68.375, 2.3500114619145253e-24, nan 
55.625, 68.375, 2.973345596476432e-24, nan 
55.875, 68.375, 4.348225550419752e-24, nan 
56.125, 68.375, 5.313333088078112e-24, nan 
56.375, 68.375, 3.3174001634943334e-24, nan 
56.625, 68.375, 4.3169499686706135e-24, nan 
56.875, 68.375, 6.986584417548808e-24, nan 
57.125, 68.375, 3.575388945420726e-24, nan 
57.375, 68.375, 3.705832330034212e-24, nan 
57.625, 68.375, 7.220512530038801e-24, nan 
57.875, 68.375, 2.8038163376651214e-24, nan 
58.125, 68.375, 5.0420093504862515e-24, nan 
58.375, 68.375, 2.4257986921609503e-24, nan 
58.625, 68.375, 3.133317820208263e-24, nan 
58.875, 68.375, 3.761813239258733e-24, nan 
59.125, 68.375, 2.145765803402042e-24, nan 
59.375, 68.375, 4.445370532761534e-24, nan 
59.625, 68.375, 8.685770623534626e-24, nan 
59.875, 68.375, 7.731588740644119e-24, nan 
60.125, 68.375, 6.384975060780195e-24, nan 
60.375, 68.375, 9.999305816415405e-24, nan 
60.625, 68.375, 1.3279297216384635e-23, nan 
60.875, 68.375, 1.3180163813582342e-23, nan 
61.125, 68.375, 1.0233216593752784e-23, nan 
61.375, 68.375, 5.985165542142413e-24, nan 
61.625, 68.375, 7.615790087361372e-24, nan 
61.875, 68.375, 7.340821702022283e-24, nan 
62.125, 68.375, 3.1283108552821562e-24, nan 
62.375, 68.375, 5.284794908683548e-24, nan 
62.625, 68.375, 3.779884524237345e-24, nan 
62.875, 68.375, 2.677117081195071e-24, nan 
63.125, 68.375, 3.603362512081547e-24, nan 
63.375, 68.375, 2.457177526079057e-24, nan 
63.625, 68.375, 1.1599073809142438e-24, nan 
63.875, 68.375, 1.2847989965722315e-24, nan 
-137.375, 68.625, 6.137452980426719e-24, nan 
-137.125, 68.625, 3.354701534571558e-24, nan 
-136.875, 68.625, 4.153109790182843e-24, nan 
-136.625, 68.625, 4.94791507596851e-24, nan 
-136.375, 68.625, 3.182972388183497e-24, nan 
-136.125, 68.625, 1.0531453607394966e-24, nan 
-135.875, 68.625, 1.7281240995126696e-24, nan 
-135.625, 68.625, 1.0861431171641064e-24, nan 
-135.375, 68.625, 2.5329841781438696e-24, nan 
-135.125, 68.625, 1.2880583520912472e-24, nan 
-134.875, 68.625, 2.893805578889064e-24, nan 
-134.625, 68.625, 4.910913040080724e-24, nan 
-134.375, 68.625, 2.7141823432703238e-24, nan 
-134.125, 68.625, 4.363245092547342e-24, nan 
-133.875, 68.625, 2.705524102956517e-24, nan 
-133.625, 68.625, 4.200249759648497e-24, nan 
-133.375, 68.625, 4.001753917328686e-24, nan 
-133.125, 68.625, 3.958889490575486e-24, nan 
-132.875, 68.625, 2.670762750726342e-24, nan 
-132.625, 68.625, 2.6611314849048556e-24, nan 
-132.375, 68.625, 3.740259168939433e-24, nan 
-132.125, 68.625, 3.954434882898252e-24, nan 
-131.875, 68.625, 4.662901725942984e-24, nan 
-131.625, 68.625, 5.7831660047958744e-24, nan 
-131.375, 68.625, 5.731009324638748e-24, nan 
-131.125, 68.625, 5.1264367349929815e-24, nan 
-130.875, 68.625, 6.726052679201322e-24, nan 
-130.625, 68.625, 7.033466447219618e-24, nan 
-130.375, 68.625, 4.035272482537198e-24, nan 
-130.125, 68.625, 4.718647512473036e-24, nan 
-129.875, 68.625, 5.634522050634095e-24, nan 
-129.625, 68.625, 3.69000762159547e-24, nan 
-129.375, 68.625, 7.3766912964066e-24, nan 
-129.125, 68.625, 7.41543576939535e-24, nan 
-128.875, 68.625, 6.0335069025972056e-24, nan 
-128.625, 68.625, 6.185439775100981e-24, nan 
-128.375, 68.625, 2.3735969022242096e-24, nan 
-128.125, 68.625, 4.380315106232471e-24, nan 
-127.875, 68.625, 6.050795643254684e-24, nan 
-127.625, 68.625, 4.0354097177255704e-24, nan 
-127.375, 68.625, 8.442835103042022e-24, nan 
-127.125, 68.625, 1.0426277545449502e-23, nan 
-126.875, 68.625, 5.039262136557476e-24, nan 
-126.625, 68.625, 1.0946105489034445e-23, nan 
-126.375, 68.625, 1.0484207441721813e-23, nan 
-126.125, 68.625, 4.133153224812569e-24, nan 
-125.875, 68.625, 2.618270281747511e-24, nan 
-125.625, 68.625, 2.6574628690715507e-24, nan 
-125.375, 68.625, 3.4188290481709845e-24, nan 
-125.125, 68.625, 3.9159442295299996e-24, nan 
-124.875, 68.625, 4.397458071208984e-24, nan 
-124.625, 68.625, 6.564850798099948e-24, nan 
-124.375, 68.625, 9.558897421208119e-24, nan 
-124.125, 68.625, 1.2488611982436722e-23, nan 
-123.875, 68.625, 1.1773319947433643e-23, nan 
-123.625, 68.625, 9.314156562799522e-24, nan 
-123.375, 68.625, 1.0784243071663669e-23, nan 
-123.125, 68.625, 1.499850172992344e-23, nan 
-122.875, 68.625, 9.562729429446709e-24, nan 
-122.625, 68.625, 1.4117446345587637e-23, nan 
-122.375, 68.625, 1.4467995399698122e-23, nan 
-122.125, 68.625, 4.7153949259146776e-24, nan 
-121.875, 68.625, 4.774375443986747e-24, nan 
-121.625, 68.625, 4.008593952176711e-24, nan 
-121.375, 68.625, 4.522881885004259e-24, nan 
-121.125, 68.625, 8.002868665210659e-24, nan 
-120.875, 68.625, 4.636612469088148e-24, nan 
-120.625, 68.625, 7.629756073406758e-24, nan 
-120.375, 68.625, 8.375337233961023e-24, nan 
-120.125, 68.625, 1.0023506253430729e-23, nan 
-119.875, 68.625, 7.549497131972453e-24, nan 
-119.625, 68.625, 1.5411788185279896e-23, nan 
-119.375, 68.625, 1.3342404945677858e-23, nan 
-119.125, 68.625, 1.2287523532486325e-23, nan 
-118.875, 68.625, 1.166210111399561e-23, nan 
-118.625, 68.625, 1.1136931806209669e-23, nan 
-118.375, 68.625, 1.27239900331272e-23, nan 
-118.125, 68.625, 6.68413035385764e-24, nan 
-117.875, 68.625, 7.47661998019122e-24, nan 
-117.625, 68.625, 1.0141297641123617e-23, nan 
-117.375, 68.625, 8.572986470372178e-24, nan 
-117.125, 68.625, 9.667184878185664e-24, nan 
-116.875, 68.625, 5.748773464730822e-24, nan 
-116.625, 68.625, 8.39590597252367e-24, nan 
-116.375, 68.625, 5.7650542929402805e-24, nan 
-116.125, 68.625, 4.939151394118677e-24, nan 
-115.875, 68.625, 9.35503371561857e-24, nan 
-115.625, 68.625, 4.920916504227114e-24, nan 
-115.375, 68.625, 1.268298167384013e-23, nan 
-115.125, 68.625, 1.6383421128091993e-23, nan 
-114.875, 68.625, 1.3640825243193217e-23, nan 
-114.625, 68.625, 7.598042226712107e-24, nan 
-114.375, 68.625, 1.3583858755334648e-23, nan 
-114.125, 68.625, 1.2904959479628002e-23, nan 
-113.875, 68.625, 5.645837150126605e-24, nan 
-113.625, 68.625, 1.6401806469247794e-23, nan 
-113.375, 68.625, 1.9865137493604355e-23, nan 
-113.125, 68.625, 1.3703975767927427e-23, nan 
-112.875, 68.625, 1.9553878632038717e-23, nan 
-112.625, 68.625, 1.1787581927114069e-23, nan 
-112.375, 68.625, 9.321654599127525e-24, nan 
-112.125, 68.625, 7.774793428609034e-24, nan 
-111.875, 68.625, 1.0159774617894971e-23, nan 
-111.625, 68.625, 8.870488287427216e-24, nan 
-111.375, 68.625, 9.44684867232122e-24, nan 
-111.125, 68.625, 5.983156050145188e-24, nan 
-110.875, 68.625, 9.305837267798385e-24, nan 
-110.625, 68.625, 9.867033255525405e-24, nan 
-110.375, 68.625, 8.251257026737439e-24, nan 
-110.125, 68.625, 8.110259753377192e-24, nan 
-109.875, 68.625, 5.9268283253621386e-24, nan 
-109.625, 68.625, 5.3554318284359396e-24, nan 
-109.375, 68.625, 4.701437654384291e-24, nan 
-109.125, 68.625, 4.855769733123918e-24, nan 
-108.875, 68.625, 5.273581703139591e-24, nan 
-108.625, 68.625, 5.361097868322307e-24, nan 
-108.375, 68.625, 4.0764393267183385e-24, nan 
-108.125, 68.625, 3.904663141588231e-24, nan 
-107.875, 68.625, 6.001889317330844e-24, nan 
-107.625, 68.625, 8.111789552739658e-24, nan 
-107.375, 68.625, 9.897368341877872e-24, nan 
-107.125, 68.625, 1.1362598372714792e-23, nan 
-106.875, 68.625, 1.1243604980325261e-23, nan 
-106.625, 68.625, 7.66594764743788e-24, nan 
-106.375, 68.625, 8.116403941270875e-24, nan 
-106.125, 68.625, 1.024384695695407e-23, nan 
-105.875, 68.625, 5.043637787420519e-24, nan 
-105.625, 68.625, 3.966099901161353e-24, nan 
-105.375, 68.625, 5.8504465101372e-24, nan 
-105.125, 68.625, 4.687458436752643e-24, nan 
-104.875, 68.625, 6.043547314275437e-24, nan 
-104.625, 68.625, 5.559832672699474e-24, nan 
-104.375, 68.625, 5.83925260078333e-24, nan 
-104.125, 68.625, 8.655950292763801e-24, nan 
-103.875, 68.625, 5.9168461484403e-24, nan 
-103.625, 68.625, 5.352306529743925e-24, nan 
-103.375, 68.625, 7.185838887439483e-24, nan 
-103.125, 68.625, 7.80442442048724e-24, nan 
-102.875, 68.625, 7.035413856420053e-24, nan 
-102.625, 68.625, 7.461766003577156e-24, nan 
-102.375, 68.625, 7.217542777391708e-24, nan 
-102.125, 68.625, 7.286162350560606e-24, nan 
-101.875, 68.625, 1.0344601195330108e-23, nan 
-101.625, 68.625, 5.927677812594298e-24, nan 
-101.375, 68.625, 7.130175839904638e-24, nan 
-101.125, 68.625, 6.085820964561489e-24, nan 
-100.875, 68.625, 7.217275816161773e-24, nan 
-100.625, 68.625, 6.690735609843768e-24, nan 
-100.375, 68.625, 6.821852368251732e-24, nan 
-100.125, 68.625, 6.829695860826421e-24, nan 
-99.875, 68.625, 6.795237313448375e-24, nan 
-99.625, 68.625, 7.059647796114328e-24, nan 
-99.375, 68.625, 6.643659212255613e-24, nan 
-99.125, 68.625, 8.735586894600546e-24, nan 
-98.875, 68.625, 9.055958310099276e-24, nan 
-98.625, 68.625, 9.696324946447463e-24, nan 
-98.375, 68.625, 9.02140089740409e-24, nan 
-98.125, 68.625, 8.65849704197656e-24, nan 
-97.875, 68.625, 9.499055926912144e-24, nan 
-97.625, 68.625, 1.1638315720781874e-23, nan 
-97.375, 68.625, 1.0424499562741095e-23, nan 
-97.125, 68.625, 8.547815159251942e-24, nan 
-96.875, 68.625, 1.1055046243815522e-23, nan 
-96.625, 68.625, 1.5893540204205364e-23, nan 
-96.375, 68.625, 1.563401783900824e-23, nan 
-96.125, 68.625, 1.5877987575812837e-23, nan 
-95.875, 68.625, 1.6931474203758326e-23, nan 
-95.625, 68.625, 2.4378546288897965e-23, nan 
-95.375, 68.625, 2.5325408767999553e-23, nan 
-95.125, 68.625, 1.291247024448456e-23, nan 
-94.875, 68.625, 1.3725024909513335e-23, nan 
-94.625, 68.625, 1.6112975973407842e-23, nan 
-94.375, 68.625, 2.226199022161047e-23, nan 
-94.125, 68.625, 2.523364610777588e-23, nan 
-93.875, 68.625, 1.6101882107865185e-23, nan 
-93.625, 68.625, 2.001169374291919e-23, nan 
-93.375, 68.625, 2.2573834085814358e-23, nan 
-93.125, 68.625, 1.8196839588793213e-23, nan 
-92.875, 68.625, 1.606984628137864e-23, nan 
-92.625, 68.625, 1.495354991598958e-23, nan 
-92.375, 68.625, 1.516679650475778e-23, nan 
-92.125, 68.625, 8.663593237509217e-24, nan 
-91.875, 68.625, 1.0906604944632094e-23, nan 
-91.625, 68.625, 1.1348167500721736e-23, nan 
-91.375, 68.625, 1.2512831649506763e-23, nan 
-91.125, 68.625, 1.435642183236654e-23, nan 
-90.875, 68.625, 1.7105121575960003e-23, nan 
-90.625, 68.625, 2.0406915842844496e-23, nan 
-90.375, 68.625, 1.4878621628021318e-23, nan 
-90.125, 68.625, 1.948007632862577e-23, nan 
-89.875, 68.625, 2.4376108876431078e-23, nan 
-89.625, 68.625, 2.849250940097433e-23, nan 
-89.375, 68.625, 2.1833918662694732e-23, nan 
-89.125, 68.625, 1.995030284974283e-23, nan 
-88.875, 68.625, 3.1324039700747875e-23, nan 
-88.625, 68.625, 3.491698523839472e-23, nan 
-88.375, 68.625, 4.201639024775146e-23, nan 
-88.125, 68.625, 4.823450221526944e-23, nan 
-87.875, 68.625, 4.0937262769207965e-23, nan 
-87.625, 68.625, 5.117664335639996e-23, nan 
-87.375, 68.625, 5.2580269981122633e-23, nan 
-87.125, 68.625, 3.3833427712772924e-23, nan 
-86.875, 68.625, 2.1135274414700446e-23, nan 
-86.625, 68.625, 2.0041162131621813e-23, nan 
-86.375, 68.625, 2.238865983637062e-23, nan 
-86.125, 68.625, 2.3836994930824342e-23, nan 
-85.875, 68.625, 2.0793680893201244e-23, nan 
-85.625, 68.625, 2.339607841977463e-23, nan 
-85.375, 68.625, 2.338462052840243e-23, nan 
-85.125, 68.625, 2.2174817134734478e-23, nan 
-84.875, 68.625, 2.355710372263038e-23, nan 
-84.625, 68.625, 3.019795809083757e-23, nan 
-84.375, 68.625, 3.995751739178977e-23, nan 
-84.125, 68.625, 3.4822843068172397e-23, nan 
-83.875, 68.625, 3.3306163132312414e-23, nan 
-83.625, 68.625, 2.8823966070482997e-23, nan 
-83.375, 68.625, 2.714782237906395e-23, nan 
-83.125, 68.625, 2.1386603549387802e-23, nan 
-82.875, 68.625, 2.055782874241749e-23, nan 
-82.625, 68.625, 1.3517155668365784e-23, nan 
-82.375, 68.625, 1.5361713706819395e-23, nan 
-82.125, 68.625, 1.2142568134400738e-23, nan 
-81.875, 68.625, 2.4600437447954858e-23, nan 
-81.625, 68.625, 2.2648131498003048e-23, nan 
-81.375, 68.625, 2.3395587604533576e-23, nan 
-81.125, 68.625, 3.5414212579019847e-23, nan 
-80.875, 68.625, 4.5521850974917397e-23, nan 
-80.625, 68.625, 4.811725816991189e-23, nan 
-80.375, 68.625, 4.701644304283709e-23, nan 
-80.125, 68.625, 4.989422577442981e-23, nan 
-79.875, 68.625, 4.3856281066930515e-23, nan 
-79.625, 68.625, 3.5331858525137264e-23, nan 
-79.375, 68.625, 2.626429174470384e-23, nan 
-79.125, 68.625, 2.680708559951132e-23, nan 
-78.875, 68.625, 2.5394882010378309e-23, nan 
-78.625, 68.625, 3.160560705737839e-23, nan 
-78.375, 68.625, 3.1422689078329134e-23, nan 
-78.125, 68.625, 3.927528894585655e-23, nan 
-77.875, 68.625, 3.9886539516242583e-23, nan 
-77.625, 68.625, 4.3764827335875234e-23, nan 
-77.375, 68.625, 4.2628496032825616e-23, nan 
-77.125, 68.625, 3.3011740972496735e-23, nan 
-76.875, 68.625, 2.729228885659037e-23, nan 
-76.625, 68.625, 2.2788250758361147e-23, nan 
-76.375, 68.625, 2.3478549142716276e-23, nan 
-76.125, 68.625, 2.2367299333739336e-23, nan 
-75.875, 68.625, 2.348931154108308e-23, nan 
-75.625, 68.625, 2.5562865884464832e-23, nan 
-75.375, 68.625, 4.064871846551823e-23, nan 
-75.125, 68.625, 5.617461301534983e-23, nan 
-74.875, 68.625, 5.927288964602476e-23, nan 
-74.625, 68.625, 4.738439562757188e-23, nan 
-74.375, 68.625, 5.815781140670319e-23, nan 
-74.125, 68.625, 5.659611743885799e-23, nan 
-73.875, 68.625, 4.3756762524706174e-23, nan 
-73.625, 68.625, 3.9705110438359244e-23, nan 
-73.375, 68.625, 3.2881258116754686e-23, nan 
-73.125, 68.625, 3.717125435074002e-23, nan 
-72.875, 68.625, 2.921406065715246e-23, nan 
-72.625, 68.625, 3.5947739658725753e-23, nan 
-72.375, 68.625, 2.6337623988018257e-23, nan 
-72.125, 68.625, 3.2937719167759447e-23, nan 
-71.875, 68.625, 4.0626837042222626e-23, nan 
-71.625, 68.625, 4.48605798664928e-23, nan 
-71.375, 68.625, 4.139492971979142e-23, nan 
-71.125, 68.625, 4.80424143808085e-23, nan 
-70.875, 68.625, 5.1286249188521683e-23, nan 
-70.625, 68.625, 4.6004952044294573e-23, nan 
-70.375, 68.625, 3.715821586399784e-23, nan 
-70.125, 68.625, 3.550866595340716e-23, nan 
-69.875, 68.625, 4.448532613174075e-23, nan 
-69.625, 68.625, 5.666277562201821e-23, nan 
-69.375, 68.625, 7.203182359469146e-23, nan 
-69.125, 68.625, 7.288764246703543e-23, nan 
-68.875, 68.625, 7.468691312639228e-23, nan 
-68.625, 68.625, 9.495493257823594e-23, nan 
-68.375, 68.625, 7.019784616625583e-23, nan 
-68.125, 68.625, 5.746992843034385e-23, nan 
-67.875, 68.625, 3.524688707932144e-23, nan 
-67.625, 68.625, 4.401026415318382e-23, nan 
-67.375, 68.625, 5.2176506517145e-23, nan 
-67.125, 68.625, 4.875741038294147e-23, nan 
-66.875, 68.625, 4.317795461821041e-23, nan 
-66.625, 68.625, 3.7069508976950194e-23, nan 
-66.375, 68.625, 4.8465023126626286e-23, nan 
-66.125, 68.625, 3.690512298033543e-23, nan 
-65.875, 68.625, 3.4108736235822155e-23, nan 
-65.625, 68.625, 4.838859841119189e-23, nan 
-65.375, 68.625, 4.3525984632936644e-23, nan 
-65.125, 68.625, 5.553074460913313e-23, nan 
-64.875, 68.625, 7.436502153986059e-23, nan 
-64.625, 68.625, 6.744185497084752e-23, nan 
-64.375, 68.625, 6.843070701983372e-23, nan 
-64.125, 68.625, 8.142055004145015e-23, nan 
-63.875, 68.625, 8.380535738956966e-23, nan 
-63.625, 68.625, 7.135013255797054e-23, nan 
-63.375, 68.625, 5.051077120672737e-23, nan 
-63.125, 68.625, 4.36780807054832e-23, nan 
-62.875, 68.625, 3.6347950623287403e-23, nan 
-62.625, 68.625, 5.305534057145681e-23, nan 
-62.375, 68.625, 5.0095832854272333e-23, nan 
-62.125, 68.625, 5.618703487350632e-23, nan 
-61.875, 68.625, 5.346419032899377e-23, nan 
-61.625, 68.625, 5.218283503251182e-23, nan 
-61.375, 68.625, 4.783410214334531e-23, nan 
-61.125, 68.625, 4.9955556831052104e-23, nan 
-60.875, 68.625, 4.2036071325393056e-23, nan 
-60.625, 68.625, 4.867454734695102e-23, nan 
-60.375, 68.625, 2.4249308745045363e-23, nan 
-60.125, 68.625, 5.2922191982732076e-23, nan 
-59.875, 68.625, 5.780417863916719e-23, nan 
-59.625, 68.625, 2.6415733331169718e-23, nan 
-59.375, 68.625, 4.5255209893234093e-23, nan 
-59.125, 68.625, 5.0646219780586156e-23, nan 
-58.875, 68.625, 4.1236295036875733e-23, nan 
-58.625, 68.625, 4.797461355311715e-23, nan 
-58.375, 68.625, 8.925429611506744e-23, nan 
-58.125, 68.625, 9.732604623164616e-23, nan 
-57.875, 68.625, 1.0380986393621338e-22, nan 
-57.625, 68.625, 1.194191340289995e-22, nan 
-57.375, 68.625, 9.861892911268286e-23, nan 
-57.125, 68.625, 1.1702728757012378e-22, nan 
-56.875, 68.625, 8.561481487996274e-23, nan 
-56.625, 68.625, 9.83150905588676e-23, nan 
-56.375, 68.625, 9.653374428310108e-23, nan 
-56.125, 68.625, 2.252588669335703e-22, nan 
-55.875, 68.625, 2.8323706737094845e-22, nan 
-55.625, 68.625, 2.1998980875782545e-22, nan 
-55.375, 68.625, 2.8195839879721636e-22, nan 
-55.125, 68.625, 4.239992524145296e-22, nan 
-54.875, 68.625, 3.6814585747829338e-22, nan 
-54.625, 68.625, 1.2523995767495453e-22, nan 
-54.375, 68.625, 2.1534071110658505e-22, nan 
-54.125, 68.625, 2.252883117508093e-22, nan 
-53.875, 68.625, 9.115235169335628e-23, nan 
-53.625, 68.625, 1.6838030265550207e-22, nan 
-53.375, 68.625, 2.0393546408771497e-22, nan 
-53.125, 68.625, 1.6257815921019235e-22, nan 
-52.875, 68.625, 1.5253722837947743e-22, nan 
-52.625, 68.625, 1.8356517440687404e-22, nan 
-52.375, 68.625, 2.9588723483394376e-22, nan 
-52.125, 68.625, 2.194224774568771e-22, nan 
-51.875, 68.625, 5.662914797154772e-23, nan 
-51.625, 68.625, 2.411371358965989e-22, nan 
-51.375, 68.625, 2.23703914734062e-22, nan 
-51.125, 68.625, 1.455068256042013e-22, nan 
-50.875, 68.625, 2.7858993404561013e-22, nan 
-50.625, 68.625, 2.015487054312593e-22, nan 
-50.375, 68.625, 1.9644631064873632e-22, nan 
-50.125, 68.625, 2.249710933740658e-22, nan 
-49.875, 68.625, 1.7728795832890633e-22, nan 
-49.625, 68.625, 2.9688389657515422e-22, nan 
-49.375, 68.625, 4.27466758668629e-22, nan 
-49.125, 68.625, 3.9517577455765396e-22, nan 
-48.875, 68.625, 3.9739403071233906e-22, nan 
-48.625, 68.625, 4.174222465038581e-22, nan 
-48.375, 68.625, 3.2365958500363153e-22, nan 
-48.125, 68.625, 2.758857014052996e-22, nan 
-47.875, 68.625, 3.4070361236762947e-22, nan 
-47.625, 68.625, 4.462190507491558e-22, nan 
-47.375, 68.625, 3.604303776012623e-22, nan 
-47.125, 68.625, 2.935752133871549e-22, nan 
-46.875, 68.625, 3.0295535888868507e-22, nan 
-46.625, 68.625, 2.180336469112213e-22, nan 
-46.375, 68.625, 3.517498470374256e-22, nan 
-46.125, 68.625, 5.796178896545809e-22, nan 
-45.875, 68.625, 5.01568310423944e-22, nan 
-45.625, 68.625, 4.1740768502746463e-22, nan 
-45.375, 68.625, 6.37925574958708e-22, nan 
-45.125, 68.625, 4.422397796704635e-22, nan 
-44.875, 68.625, 3.4159036774907113e-22, nan 
-44.625, 68.625, 4.646639042481685e-22, nan 
-44.375, 68.625, 2.1845496367148176e-22, nan 
-44.125, 68.625, 2.0175363320557977e-22, nan 
-43.875, 68.625, 3.255466506859721e-22, nan 
-43.625, 68.625, 2.6358719739497693e-22, nan 
-43.375, 68.625, 2.925945239049224e-22, nan 
-43.125, 68.625, 3.774921291891555e-22, nan 
-42.875, 68.625, 3.123830582004456e-22, nan 
-42.625, 68.625, 3.308760142651848e-22, nan 
-42.375, 68.625, 5.116131046947256e-22, nan 
-42.125, 68.625, 8.211195235946965e-22, nan 
-41.875, 68.625, 1.1193713212489584e-21, nan 
-41.625, 68.625, 1.4627560281953844e-21, nan 
-41.375, 68.625, 9.279574622793706e-22, nan 
-41.125, 68.625, 1.0427825519015215e-21, nan 
-40.875, 68.625, 1.1528657685578554e-21, nan 
-40.625, 68.625, 5.7521861932098e-22, nan 
-40.375, 68.625, 5.163883800577293e-22, nan 
-40.125, 68.625, 3.574142248576316e-22, nan 
-39.875, 68.625, 4.0064066074690494e-22, nan 
-39.625, 68.625, 6.891066858966414e-22, nan 
-39.375, 68.625, 6.930959700133827e-22, nan 
-39.125, 68.625, 3.2923627397418146e-22, nan 
-38.875, 68.625, 4.078020966543585e-22, nan 
-38.625, 68.625, 9.225810836436606e-22, nan 
-38.375, 68.625, 4.764231900350942e-22, nan 
-38.125, 68.625, 4.818653224450261e-22, nan 
-37.875, 68.625, 6.218748177836786e-22, nan 
-37.625, 68.625, 6.095614660909611e-22, nan 
-37.375, 68.625, 6.601778745720439e-22, nan 
-37.125, 68.625, 4.255248094296227e-22, nan 
-36.875, 68.625, 4.846307221655464e-22, nan 
-36.625, 68.625, 7.733868360229303e-22, nan 
-36.375, 68.625, 9.059943773602461e-22, nan 
-36.125, 68.625, 1.5013716622106837e-21, nan 
-35.875, 68.625, 1.6057533533231799e-21, nan 
-35.625, 68.625, 1.5816214227777589e-21, nan 
-35.375, 68.625, 1.3959599844951423e-21, nan 
-35.125, 68.625, 1.5140225859263545e-21, nan 
-34.875, 68.625, 1.2538371435668832e-21, nan 
-34.625, 68.625, 5.6520286991299425e-22, nan 
-34.375, 68.625, 4.831032723900751e-22, nan 
-34.125, 68.625, 4.660718504108448e-22, nan 
-33.875, 68.625, 5.092413135206669e-22, nan 
-33.625, 68.625, 4.1338596138393896e-22, nan 
-33.375, 68.625, 5.137883185502023e-22, nan 
-33.125, 68.625, 8.076578453878199e-22, nan 
-32.875, 68.625, 1.0115127142907819e-21, nan 
-32.625, 68.625, 7.488915458928989e-22, nan 
-32.375, 68.625, 1.1154763125570267e-21, nan 
-32.125, 68.625, 1.4318458145366651e-21, nan 
-31.875, 68.625, 9.771216176956322e-22, nan 
-31.625, 68.625, 1.7880302147209574e-21, nan 
-31.375, 68.625, 1.652886773303771e-21, nan 
-31.125, 68.625, 1.2725452090354107e-21, nan 
-30.875, 68.625, 1.9572450538303e-21, nan 
-30.625, 68.625, 1.5021188143930753e-21, nan 
-30.375, 68.625, 1.3475568011415991e-21, nan 
-30.125, 68.625, 9.388018343638963e-22, nan 
-29.875, 68.625, 1.1059786465766496e-21, nan 
-29.625, 68.625, 9.476810360960216e-22, nan 
-29.375, 68.625, 7.360754364875904e-22, nan 
-29.125, 68.625, 1.3850918914289274e-21, nan 
-28.875, 68.625, 2.7002967284163562e-21, nan 
-28.625, 68.625, 1.4911780082203674e-21, nan 
-28.375, 68.625, 1.4830415158025638e-21, nan 
-28.125, 68.625, 2.130051548992996e-21, nan 
-27.875, 68.625, 2.632069732916078e-21, nan 
-27.625, 68.625, 2.267701862333462e-21, nan 
-27.375, 68.625, 2.0096545803080387e-21, nan 
-27.125, 68.625, 2.6815901910987504e-21, nan 
-26.875, 68.625, 2.242896935468292e-21, nan 
-26.625, 68.625, 1.86686271701727e-21, nan 
-26.375, 68.625, 2.1723606862935923e-21, nan 
-26.125, 68.625, 1.8436229909555362e-21, nan 
-25.875, 68.625, 1.3711252514377197e-21, nan 
-25.625, 68.625, 1.0190265192793253e-21, nan 
-25.375, 68.625, 5.060233252233219e-22, nan 
-25.125, 68.625, 7.607805104724385e-22, nan 
-24.875, 68.625, 1.6311439998178668e-21, nan 
-24.625, 68.625, 1.3243357436718389e-21, nan 
-24.375, 68.625, 9.172535441768687e-22, nan 
-24.125, 68.625, 1.3249847484319795e-21, nan 
-23.875, 68.625, 1.0781212366974228e-21, nan 
-23.625, 68.625, 1.1508346163437743e-21, nan 
-23.375, 68.625, 8.2209399133936575e-22, nan 
-23.125, 68.625, 5.987087591383665e-22, nan 
-22.875, 68.625, 1.8339992812962218e-21, nan 
-22.625, 68.625, 6.129461364681323e-22, nan 
-22.375, 68.625, 4.91376439346248e-22, nan 
-22.125, 68.625, 1.0559959978306084e-21, nan 
-21.875, 68.625, 5.546491593090395e-22, nan 
-21.625, 68.625, 8.204576398378044e-22, nan 
-21.375, 68.625, 5.942842976022701e-22, nan 
-21.125, 68.625, 8.3596836489274685e-22, nan 
-20.875, 68.625, 1.2355923020392324e-21, nan 
-20.625, 68.625, 5.433185268949391e-22, nan 
-20.375, 68.625, 1.4098949587687956e-21, nan 
-20.125, 68.625, 1.761690596246734e-21, nan 
-19.875, 68.625, 1.725431006840252e-21, nan 
-19.625, 68.625, 1.7556740306979282e-21, nan 
-19.375, 68.625, 1.4750266918451446e-21, nan 
-19.125, 68.625, 1.6703877937667519e-21, nan 
-18.875, 68.625, 1.1891924146127988e-21, nan 
-18.625, 68.625, 8.144624031781156e-22, nan 
-18.375, 68.625, 7.1088654462799485e-22, nan 
-18.125, 68.625, 1.1095394261241083e-21, nan 
-17.875, 68.625, 8.625626146100257e-22, nan 
-17.625, 68.625, 8.70817321329354e-22, nan 
-17.375, 68.625, 1.0668652053604853e-21, nan 
-17.125, 68.625, 1.2236344805552846e-21, nan 
-16.875, 68.625, 9.509068912540234e-22, nan 
-16.625, 68.625, 9.338729453451237e-22, nan 
-16.375, 68.625, 6.013757318058208e-22, nan 
-16.125, 68.625, 4.629614491239548e-22, nan 
-15.875, 68.625, 3.284787405293e-22, nan 
-15.625, 68.625, 6.62844197433165e-22, nan 
-15.375, 68.625, 7.84463527329858e-22, nan 
-15.125, 68.625, 8.094561685579326e-22, nan 
-14.875, 68.625, 7.8686556509828745e-22, nan 
-14.625, 68.625, 1.5883845709866596e-21, nan 
-14.375, 68.625, 1.3983154300813838e-21, nan 
-14.125, 68.625, 8.463159200868631e-22, nan 
-13.875, 68.625, 1.6840320709256274e-21, nan 
-13.625, 68.625, 1.8062003908747074e-21, nan 
-13.375, 68.625, 8.558178089881067e-22, nan 
-13.125, 68.625, 6.398420456100489e-22, nan 
-12.875, 68.625, 6.4002557242846e-22, nan 
-12.625, 68.625, 4.533859745217122e-22, nan 
-12.375, 68.625, 6.107198284235671e-22, nan 
-12.125, 68.625, 4.794801057008458e-22, nan 
-11.875, 68.625, 5.970884511983714e-22, nan 
-11.625, 68.625, 4.513686999075086e-22, nan 
-11.375, 68.625, 4.761878369609515e-22, nan 
-11.125, 68.625, 4.772055122497438e-22, nan 
-10.875, 68.625, 2.127757529015921e-22, nan 
-10.625, 68.625, 4.8275397144652665e-22, nan 
-10.375, 68.625, 4.01508800289813e-22, nan 
-10.125, 68.625, 6.352674263835469e-22, nan 
-9.875, 68.625, 6.217728027528856e-22, nan 
-9.625, 68.625, 4.573065863325376e-22, nan 
-9.375, 68.625, 5.380222787660961e-22, nan 
-9.125, 68.625, 6.151779859439395e-22, nan 
-8.875, 68.625, 9.982630370291539e-22, nan 
-8.625, 68.625, 1.2269571209475302e-21, nan 
-8.375, 68.625, 1.0963378987801128e-21, nan 
-8.125, 68.625, 1.0370322299529222e-21, nan 
-7.875, 68.625, 1.2763134252997194e-21, nan 
-7.625, 68.625, 1.1211235205372654e-21, nan 
-7.375, 68.625, 8.014781680529292e-22, nan 
-7.125, 68.625, 4.676421488830091e-22, nan 
-6.875, 68.625, 6.031055322991912e-22, nan 
-6.625, 68.625, 7.648969775015625e-22, nan 
-6.375, 68.625, 3.14853055331539e-22, nan 
-6.125, 68.625, 3.5980091090693615e-22, nan 
-5.875, 68.625, 4.844159402747356e-22, nan 
-5.625, 68.625, 6.321678352746979e-22, nan 
-5.375, 68.625, 2.7386063242926447e-22, nan 
-5.125, 68.625, 7.135650504078939e-22, nan 
-4.875, 68.625, 7.090383096147069e-22, nan 
-4.625, 68.625, 5.122089534344696e-22, nan 
-4.375, 68.625, 6.737079774774316e-22, nan 
-4.125, 68.625, 4.830257780797554e-22, nan 
-3.875, 68.625, 5.311849696606021e-22, nan 
-3.625, 68.625, 4.664433866569207e-22, nan 
-3.375, 68.625, 4.538772618172156e-22, nan 
-3.125, 68.625, 4.868758652312954e-22, nan 
-2.875, 68.625, 5.223559745949471e-22, nan 
-2.625, 68.625, 5.305212737230376e-22, nan 
-2.375, 68.625, 4.399591428743805e-22, nan 
-2.125, 68.625, 7.135002533758019e-22, nan 
-1.875, 68.625, 4.407748833456995e-22, nan 
-1.625, 68.625, 6.079376150974456e-22, nan 
-1.375, 68.625, 8.449903221872312e-22, nan 
-1.125, 68.625, 4.945459908166666e-22, nan 
-0.875, 68.625, 5.359915239195926e-22, nan 
-0.625, 68.625, 2.572775579216874e-22, nan 
-0.375, 68.625, 2.4313673048385084e-22, nan 
-0.125, 68.625, 1.5812152196470152e-22, nan 
0.125, 68.625, 1.967427135212829e-22, nan 
0.375, 68.625, 3.2232013819278215e-22, nan 
0.625, 68.625, 1.582465842463909e-22, nan 
0.875, 68.625, 2.918166395529382e-22, nan 
1.125, 68.625, 1.6154737793861607e-22, nan 
1.375, 68.625, 1.615261364964835e-22, nan 
1.625, 68.625, 3.7769697903473547e-22, nan 
1.875, 68.625, 4.654682296546054e-22, nan 
2.125, 68.625, 2.659886387695518e-22, nan 
2.375, 68.625, 1.1917422064977753e-22, nan 
2.625, 68.625, 4.960876047997587e-23, nan 
2.875, 68.625, 2.911127869682182e-22, nan 
3.125, 68.625, 6.732809119781524e-23, nan 
3.375, 68.625, 2.0885338117869838e-22, nan 
3.625, 68.625, 2.684882937485308e-22, nan 
3.875, 68.625, 1.7693000168897687e-22, nan 
4.125, 68.625, 2.150027328782765e-22, nan 
4.375, 68.625, 2.2878175571489685e-22, nan 
4.625, 68.625, 2.5153473590384875e-22, nan 
4.875, 68.625, 2.4322251611624853e-22, nan 
5.125, 68.625, 2.024308782847816e-22, nan 
5.375, 68.625, 2.1314688463065473e-22, nan 
5.625, 68.625, 2.3066292689902904e-22, nan 
5.875, 68.625, 4.1924599188321e-22, nan 
6.125, 68.625, 5.617148125342905e-22, nan 
6.375, 68.625, 5.1385721222621185e-22, nan 
6.625, 68.625, 3.6832938814913575e-22, nan 
6.875, 68.625, 1.6093829096148596e-22, nan 
7.125, 68.625, 9.399213049452759e-23, nan 
7.375, 68.625, 5.695354224217617e-23, nan 
7.625, 68.625, 6.227809464064971e-23, nan 
7.875, 68.625, 2.3501939020748793e-23, nan 
8.125, 68.625, 5.5375651673116e-23, nan 
8.375, 68.625, 1.1013653995513427e-22, nan 
8.625, 68.625, 1.1413740250633296e-22, nan 
8.875, 68.625, 1.2857482383107548e-22, nan 
9.125, 68.625, 1.571679834361708e-22, nan 
9.375, 68.625, 1.8155878649778955e-22, nan 
9.625, 68.625, 2.0814980067789918e-22, nan 
9.875, 68.625, 2.592753542786287e-22, nan 
10.125, 68.625, 2.693553002435629e-22, nan 
10.375, 68.625, 2.9714671412432867e-22, nan 
10.625, 68.625, 3.180448331931011e-22, nan 
10.875, 68.625, 2.4968422892720946e-22, nan 
11.125, 68.625, 2.0425946961474983e-22, nan 
11.375, 68.625, 2.6468937479579156e-22, nan 
11.625, 68.625, 2.2713378349000496e-22, nan 
11.875, 68.625, 9.463430953466467e-23, nan 
12.125, 68.625, 4.751614471825825e-22, nan 
12.375, 68.625, 1.042992844683727e-22, nan 
12.625, 68.625, 1.0125835554392265e-22, nan 
12.875, 68.625, 5.729572576816104e-22, nan 
13.125, 68.625, 1.63292400051363e-22, nan 
13.375, 68.625, 2.2016848880644245e-22, nan 
13.625, 68.625, 4.165074703670951e-22, nan 
13.875, 68.625, 1.5083805700334154e-22, nan 
14.125, 68.625, 1.828805515355249e-22, nan 
14.375, 68.625, 1.6796843775826147e-22, nan 
14.625, 68.625, 9.409068253920329e-23, nan 
14.875, 68.625, 9.241665362401757e-23, nan 
15.125, 68.625, 6.769054748506195e-23, nan 
15.375, 68.625, 5.2100480539325707e-23, nan 
15.625, 68.625, 7.106194859439517e-23, nan 
15.875, 68.625, 9.015228892583877e-23, nan 
16.125, 68.625, 6.46425707757103e-23, nan 
16.375, 68.625, 8.221585245224735e-23, nan 
16.625, 68.625, 8.747254874963696e-23, nan 
16.875, 68.625, 4.0205482821463427e-23, nan 
17.125, 68.625, 5.1464269510122287e-23, nan 
17.375, 68.625, 1.0199463979002792e-22, nan 
17.625, 68.625, 7.411496152734288e-23, nan 
17.875, 68.625, 4.891718638136311e-23, nan 
18.125, 68.625, 6.620496117603316e-23, nan 
18.375, 68.625, 4.002952200167659e-23, nan 
18.625, 68.625, 4.4750740359313723e-23, nan 
18.875, 68.625, 4.7074866906339556e-23, nan 
19.125, 68.625, 3.763422099647824e-23, nan 
19.375, 68.625, 4.7183820686663565e-23, nan 
19.625, 68.625, 4.8854804676713783e-23, nan 
19.875, 68.625, 4.592476828720415e-23, nan 
20.125, 68.625, 2.9974791803531804e-23, nan 
20.375, 68.625, 2.1924685267860765e-23, nan 
20.625, 68.625, 4.914255966548644e-23, nan 
20.875, 68.625, 2.8692612138473664e-23, nan 
21.125, 68.625, 2.459545491970802e-23, nan 
21.375, 68.625, 3.596938919925645e-23, nan 
21.625, 68.625, 4.6778054350771666e-23, nan 
21.875, 68.625, 8.002764508455762e-23, nan 
22.125, 68.625, 7.123645860633112e-23, nan 
22.375, 68.625, 4.700857821930799e-23, nan 
22.625, 68.625, 3.450691151892684e-23, nan 
22.875, 68.625, 3.584059780005478e-23, nan 
23.125, 68.625, 3.5515002595316644e-23, nan 
23.375, 68.625, 2.4051060507578933e-23, nan 
23.625, 68.625, 9.205309163621954e-24, nan 
23.875, 68.625, 3.5045835595376564e-23, nan 
24.125, 68.625, 4.2549827849413346e-23, nan 
24.375, 68.625, 5.570401738894088e-23, nan 
24.625, 68.625, 5.650394004303988e-23, nan 
24.875, 68.625, 2.669012608648013e-23, nan 
25.125, 68.625, 4.185898596562906e-23, nan 
25.375, 68.625, 3.680818473784643e-23, nan 
25.625, 68.625, 2.1487901666447902e-23, nan 
25.875, 68.625, 4.037167356075313e-23, nan 
26.125, 68.625, 4.1799881814459163e-23, nan 
26.375, 68.625, 1.009440320580227e-22, nan 
26.625, 68.625, 5.114246377709542e-23, nan 
26.875, 68.625, 3.2273716049633443e-23, nan 
27.125, 68.625, 5.291295899812284e-23, nan 
27.375, 68.625, 2.119465544486593e-23, nan 
27.625, 68.625, 4.609438797070764e-23, nan 
27.875, 68.625, 5.311762238491001e-23, nan 
28.125, 68.625, 2.3195722920762146e-23, nan 
28.375, 68.625, 2.947765567108273e-23, nan 
28.625, 68.625, 4.0958729463974747e-23, nan 
28.875, 68.625, 3.4363850471202426e-23, nan 
29.125, 68.625, 2.9141313687346024e-23, nan 
29.375, 68.625, 2.910554848822317e-23, nan 
29.625, 68.625, 3.361254849634539e-23, nan 
29.875, 68.625, 4.316813245361311e-23, nan 
30.125, 68.625, 4.618215936576671e-23, nan 
30.375, 68.625, 2.2827731550350144e-23, nan 
30.625, 68.625, 1.1856992801404777e-23, nan 
30.875, 68.625, 7.62144263960189e-24, nan 
31.125, 68.625, 1.293907755033433e-23, nan 
31.375, 68.625, 5.0996787132013975e-24, nan 
31.625, 68.625, 7.996536680763059e-24, nan 
31.875, 68.625, 1.2032479292372585e-23, nan 
32.125, 68.625, 1.2179518807623956e-23, nan 
32.375, 68.625, 1.3275652821545762e-23, nan 
32.625, 68.625, 9.982910481490461e-24, nan 
32.875, 68.625, 9.984513078108577e-24, nan 
33.125, 68.625, 1.2017800689664626e-23, nan 
33.375, 68.625, 1.0168978009316395e-23, nan 
33.625, 68.625, 1.2806992285410121e-23, nan 
33.875, 68.625, 2.053516507566067e-23, nan 
34.125, 68.625, 1.6028135814608892e-23, nan 
34.375, 68.625, 1.8539199879791746e-23, nan 
34.625, 68.625, 2.354195616371313e-23, nan 
34.875, 68.625, 1.4856380396716202e-23, nan 
35.125, 68.625, 1.627409602776605e-23, nan 
35.375, 68.625, 1.3681218088819728e-23, nan 
35.625, 68.625, 1.583592766827502e-23, nan 
35.875, 68.625, 1.5076905949281322e-23, nan 
36.125, 68.625, 1.5011500848704827e-23, nan 
36.375, 68.625, 1.2741440306474985e-23, nan 
36.625, 68.625, 1.0580415607350693e-23, nan 
36.875, 68.625, 1.5681589508255697e-23, nan 
37.125, 68.625, 1.1745381129831054e-23, nan 
37.375, 68.625, 1.3850824155972632e-23, nan 
37.625, 68.625, 1.577906612449516e-23, nan 
37.875, 68.625, 1.0403271854483161e-23, nan 
38.125, 68.625, 2.2085338657596912e-23, nan 
38.375, 68.625, 9.890445772943444e-24, nan 
38.625, 68.625, 9.260580718817356e-24, nan 
38.875, 68.625, 1.148546638632681e-23, nan 
39.125, 68.625, 9.006357986842905e-24, nan 
39.375, 68.625, 1.8905186506702959e-23, nan 
39.625, 68.625, 1.811240664956514e-23, nan 
39.875, 68.625, 1.74700315576326e-23, nan 
40.125, 68.625, 2.1761665658623177e-23, nan 
40.375, 68.625, 1.4189533877293187e-23, nan 
40.625, 68.625, 1.2831820900946757e-23, nan 
40.875, 68.625, 4.163302458149825e-24, nan 
41.125, 68.625, 6.4590215965827445e-24, nan 
41.375, 68.625, 3.411649537489162e-24, nan 
41.625, 68.625, 2.3512036247028513e-24, nan 
41.875, 68.625, 1.4243554340420537e-24, nan 
42.125, 68.625, 1.0035101944519131e-23, nan 
42.375, 68.625, 9.852693569043369e-24, nan 
42.625, 68.625, 4.904842373879137e-24, nan 
42.875, 68.625, 9.615073231215721e-24, nan 
43.125, 68.625, 7.208384924077428e-24, nan 
43.375, 68.625, 6.025315323469813e-24, nan 
43.625, 68.625, 9.481173316701904e-24, nan 
43.875, 68.625, 8.042863550552232e-24, nan 
44.125, 68.625, 6.916653557532782e-24, nan 
44.375, 68.625, 5.8201407818713444e-24, nan 
44.625, 68.625, 7.358496134614814e-24, nan 
44.875, 68.625, 6.643947241259614e-24, nan 
45.125, 68.625, 7.51985048692452e-24, nan 
45.375, 68.625, 4.734154756089247e-24, nan 
45.625, 68.625, 8.320201621449306e-24, nan 
45.875, 68.625, 5.7822806561115955e-24, nan 
46.125, 68.625, 1.823764540905555e-24, nan 
46.375, 68.625, 1.7068080318074982e-23, nan 
46.625, 68.625, 1.785134094141755e-23, nan 
46.875, 68.625, 1.236003147302096e-23, nan 
47.125, 68.625, 1.0743878954416483e-23, nan 
47.375, 68.625, 9.730427284310248e-24, nan 
47.625, 68.625, 7.336086186853128e-24, nan 
47.875, 68.625, 3.90993258678979e-24, nan 
48.125, 68.625, 3.861133380697614e-24, nan 
48.375, 68.625, 3.925775054408031e-24, nan 
48.625, 68.625, 4.580629175760066e-24, nan 
48.875, 68.625, 4.298604877189869e-24, nan 
49.125, 68.625, 5.760256176715052e-24, nan 
49.375, 68.625, 4.901062519670442e-24, nan 
49.625, 68.625, 5.016059037080255e-24, nan 
49.875, 68.625, 6.026523954210639e-24, nan 
50.125, 68.625, 3.936657625974944e-24, nan 
50.375, 68.625, 2.9275889613186695e-24, nan 
50.625, 68.625, 2.1492022980137048e-24, nan 
50.875, 68.625, 4.497826834876105e-24, nan 
51.125, 68.625, 5.754849036816049e-24, nan 
51.375, 68.625, 6.5496645134084256e-24, nan 
51.625, 68.625, 8.167659184380196e-24, nan 
51.875, 68.625, 7.055572452686988e-24, nan 
52.125, 68.625, 7.555663544911597e-24, nan 
52.375, 68.625, 7.718955197241515e-24, nan 
52.625, 68.625, 7.619669447713611e-24, nan 
52.875, 68.625, 7.120013165499566e-24, nan 
53.125, 68.625, 4.674978025076387e-24, nan 
53.375, 68.625, 9.155823527865728e-24, nan 
53.625, 68.625, 9.152284924671459e-24, nan 
53.875, 68.625, 8.664520796884172e-24, nan 
54.125, 68.625, 1.1415769396478238e-23, nan 
54.375, 68.625, 1.1223480335753666e-23, nan 
54.625, 68.625, 9.290147859569322e-24, nan 
54.875, 68.625, 1.1166486856279444e-23, nan 
55.125, 68.625, 7.393757132167506e-24, nan 
55.375, 68.625, 6.601471897076073e-24, nan 
55.625, 68.625, 9.102674418809113e-24, nan 
55.875, 68.625, 6.785334303213365e-24, nan 
56.125, 68.625, 9.290021124539497e-24, nan 
56.375, 68.625, 9.497035495902036e-24, nan 
56.625, 68.625, 6.870674053664685e-24, nan 
56.875, 68.625, 1.0715764746551826e-23, nan 
57.125, 68.625, 4.719473090254012e-24, nan 
57.375, 68.625, 4.530983046712438e-24, nan 
57.625, 68.625, 5.339133540017056e-24, nan 
57.875, 68.625, 5.0638193917031465e-24, nan 
58.125, 68.625, 2.6214663743277786e-24, nan 
58.375, 68.625, 3.7783199551345355e-24, nan 
58.625, 68.625, 4.6265652328645606e-24, nan 
58.875, 68.625, 3.758800903245986e-24, nan 
59.125, 68.625, 3.7431218507876386e-24, nan 
59.375, 68.625, 4.542344082710097e-24, nan 
59.625, 68.625, 4.373016416357995e-24, nan 
59.875, 68.625, 2.787432245744815e-24, nan 
60.125, 68.625, 2.5447732494474675e-24, nan 
60.375, 68.625, 7.020122615246435e-24, nan 
60.625, 68.625, 6.775039467380288e-24, nan 
60.875, 68.625, 6.703686966533468e-24, nan 
61.125, 68.625, 8.220924314559054e-24, nan 
61.375, 68.625, 5.192053188900622e-24, nan 
61.625, 68.625, 5.7280122264511136e-24, nan 
61.875, 68.625, 4.808760557387881e-24, nan 
62.125, 68.625, 2.298407567340459e-24, nan 
62.375, 68.625, 4.8784653775989015e-24, nan 
62.625, 68.625, 5.5765918091279416e-24, nan 
62.875, 68.625, 2.8262332687894884e-24, nan 
63.125, 68.625, 2.4683696211095695e-24, nan 
63.375, 68.625, 2.568117877260026e-24, nan 
63.625, 68.625, 2.0099773524651996e-24, nan 
63.875, 68.625, 2.5151350410894772e-24, nan 
64.125, 68.625, 2.7899999600500676e-24, nan 
64.375, 68.625, 1.991937620080863e-24, nan 
64.625, 68.625, 2.630922459570812e-24, nan 
64.875, 68.625, 3.2440807176857114e-24, nan 
65.125, 68.625, 3.5050643068720734e-24, nan 
-138.625, 68.875, 8.148062269645746e-24, nan 
-138.375, 68.875, 5.247085127922522e-24, nan 
-138.125, 68.875, 3.0192035334137876e-24, nan 
-137.875, 68.875, 3.710204136625877e-24, nan 
-137.625, 68.875, 1.4761518796066326e-24, nan 
-137.375, 68.875, 1.848363195924921e-24, nan 
-137.125, 68.875, 3.099816367946591e-24, nan 
-136.875, 68.875, 5.2391094217777586e-24, nan 
-136.625, 68.875, 4.9106985343262354e-24, nan 
-136.375, 68.875, 4.2475712470041924e-24, nan 
-136.125, 68.875, 5.265417200549734e-24, nan 
-135.875, 68.875, 3.557362269720386e-24, nan 
-135.625, 68.875, 4.9803943831168135e-24, nan 
-135.375, 68.875, 4.5988662028150005e-24, nan 
-135.125, 68.875, 1.5968232663724735e-24, nan 
-134.875, 68.875, 6.1241790573477556e-24, nan 
-134.625, 68.875, 9.072985230469342e-24, nan 
-134.375, 68.875, 2.741415818292485e-24, nan 
-134.125, 68.875, 3.7801280878254e-24, nan 
-133.875, 68.875, 6.003346394926864e-24, nan 
-133.625, 68.875, 5.10928920974954e-24, nan 
-133.375, 68.875, 4.299105834643716e-24, nan 
-133.125, 68.875, 4.477755207158737e-24, nan 
-132.875, 68.875, 2.9606791217036173e-24, nan 
-132.625, 68.875, 3.019406887827046e-24, nan 
-132.375, 68.875, 2.67209443310593e-24, nan 
-132.125, 68.875, 3.6961509747689e-24, nan 
-131.875, 68.875, 4.547497440489952e-24, nan 
-131.625, 68.875, 3.468332859732153e-24, nan 
-131.375, 68.875, 5.1514753183724175e-24, nan 
-131.125, 68.875, 9.144158933499807e-24, nan 
-130.875, 68.875, 8.166183434958412e-24, nan 
-130.625, 68.875, 6.09755389777507e-24, nan 
-130.375, 68.875, 1.057662471807694e-23, nan 
-130.125, 68.875, 1.3251773344696587e-23, nan 
-129.875, 68.875, 1.0573022295904994e-23, nan 
-129.625, 68.875, 7.569034740334128e-24, nan 
-129.375, 68.875, 1.9473407401915908e-23, nan 
-129.125, 68.875, 1.50003775598382e-23, nan 
-128.875, 68.875, 1.2302016521222923e-23, nan 
-128.625, 68.875, 1.6643607479206894e-23, nan 
-128.375, 68.875, 1.1227112068629365e-23, nan 
-128.125, 68.875, 1.3835992608543269e-23, nan 
-127.875, 68.875, 1.6617885298235358e-23, nan 
-127.625, 68.875, 1.2236858037196549e-23, nan 
-127.375, 68.875, 9.93595772547032e-24, nan 
-127.125, 68.875, 1.0456961445560766e-23, nan 
-126.875, 68.875, 1.3395508515785555e-23, nan 
-126.625, 68.875, 1.4349945167245718e-23, nan 
-126.375, 68.875, 1.4274813233787082e-23, nan 
-126.125, 68.875, 1.5657717843207974e-23, nan 
-125.875, 68.875, 1.6439402964843222e-23, nan 
-125.625, 68.875, 8.211061127811135e-24, nan 
-125.375, 68.875, 3.1619655516685265e-24, nan 
-125.125, 68.875, 3.61226760780256e-24, nan 
-124.875, 68.875, 4.0731974499971034e-24, nan 
-124.625, 68.875, 3.0449126922603515e-24, nan 
-124.375, 68.875, 3.3986971102481846e-24, nan 
-124.125, 68.875, 5.4352773495137676e-24, nan 
-123.875, 68.875, 8.503546848297113e-24, nan 
-123.625, 68.875, 7.155845946720666e-24, nan 
-123.375, 68.875, 4.1822475362008816e-24, nan 
-123.125, 68.875, 3.814519751925071e-24, nan 
-122.875, 68.875, 9.324536900248122e-24, nan 
-122.625, 68.875, 1.9427735552230512e-23, nan 
-122.375, 68.875, 1.7263464100563912e-23, nan 
-122.125, 68.875, 1.2978455679115626e-23, nan 
-121.875, 68.875, 1.988833916038748e-23, nan 
-121.625, 68.875, 1.8309773762746695e-23, nan 
-121.375, 68.875, 1.4548368557851637e-23, nan 
-121.125, 68.875, 1.5621259661530046e-23, nan 
-120.875, 68.875, 1.8568700090618327e-23, nan 
-120.625, 68.875, 1.596667677218007e-23, nan 
-120.375, 68.875, 1.2003561791309914e-23, nan 
-120.125, 68.875, 1.3826845165052862e-23, nan 
-119.875, 68.875, 1.591642312062948e-23, nan 
-119.625, 68.875, 1.0069145945246448e-23, nan 
-119.375, 68.875, 2.140898570080395e-24, nan 
-119.125, 68.875, 3.5711854377725776e-24, nan 
-118.875, 68.875, 7.716517368766498e-24, nan 
-118.625, 68.875, 8.091186622093462e-24, nan 
-118.375, 68.875, 9.559400320161452e-24, nan 
-118.125, 68.875, 6.952297183525217e-24, nan 
-117.875, 68.875, 5.3722833830308175e-24, nan 
-117.625, 68.875, 1.1643041415082414e-23, nan 
-117.375, 68.875, 1.2711104206654028e-23, nan 
-117.125, 68.875, 1.377346797061162e-23, nan 
-116.875, 68.875, 1.2143869089862214e-23, nan 
-116.625, 68.875, 1.4906785026371112e-23, nan 
-116.375, 68.875, 1.6280282925652058e-23, nan 
-116.125, 68.875, 2.238802925024608e-23, nan 
-115.875, 68.875, 1.9491511699383344e-23, nan 
-115.625, 68.875, 1.616613805045641e-23, nan 
-115.375, 68.875, 2.198421695492241e-23, nan 
-115.125, 68.875, 1.502747252328017e-23, nan 
-114.875, 68.875, 1.42531535197118e-23, nan 
-114.625, 68.875, 1.3856375585663457e-23, nan 
-114.375, 68.875, 1.1783813374960338e-23, nan 
-114.125, 68.875, 1.1040470388659973e-23, nan 
-113.875, 68.875, 8.103253533492854e-24, nan 
-113.625, 68.875, 1.336377169578871e-23, nan 
-113.375, 68.875, 1.2831045046954958e-23, nan 
-113.125, 68.875, 1.2713205686794425e-23, nan 
-112.875, 68.875, 1.8474730656385265e-23, nan 
-112.625, 68.875, 1.5815660371610488e-23, nan 
-112.375, 68.875, 1.0895692591887227e-23, nan 
-112.125, 68.875, 1.2371295013744656e-23, nan 
-111.875, 68.875, 1.2065436535889143e-23, nan 
-111.625, 68.875, 1.341530107403156e-23, nan 
-111.375, 68.875, 8.8779605580422e-24, nan 
-111.125, 68.875, 6.902116382903121e-24, nan 
-110.875, 68.875, 1.4248872795323667e-23, nan 
-110.625, 68.875, 4.492546399978543e-24, nan 
-110.375, 68.875, 3.948251263893717e-24, nan 
-110.125, 68.875, 8.468452307657882e-24, nan 
-109.875, 68.875, 6.368932967436962e-24, nan 
-109.625, 68.875, 4.583802038256512e-24, nan 
-109.375, 68.875, 4.869747111157769e-24, nan 
-109.125, 68.875, 3.994519030596364e-24, nan 
-108.875, 68.875, 5.2455485710328545e-24, nan 
-108.625, 68.875, 4.510050019866422e-24, nan 
-108.375, 68.875, 3.6787680286564784e-24, nan 
-108.125, 68.875, 9.71061503372165e-24, nan 
-107.875, 68.875, 8.310622973012742e-24, nan 
-107.625, 68.875, 4.2561999307240594e-24, nan 
-107.375, 68.875, 7.272041375966023e-24, nan 
-107.125, 68.875, 4.8794719303624776e-24, nan 
-106.875, 68.875, 2.0999190212997753e-24, nan 
-106.625, 68.875, 4.546402123082677e-24, nan 
-106.375, 68.875, 5.178753855427103e-24, nan 
-106.125, 68.875, 7.655391380504572e-24, nan 
-105.875, 68.875, 7.116056365230668e-24, nan 
-105.625, 68.875, 5.088444943868227e-24, nan 
-105.375, 68.875, 4.696296811462586e-24, nan 
-105.125, 68.875, 6.039774036351294e-24, nan 
-104.875, 68.875, 5.018595379743606e-24, nan 
-104.625, 68.875, 3.228815800208535e-24, nan 
-104.375, 68.875, 3.161799781068869e-24, nan 
-104.125, 68.875, 2.4362432732865938e-24, nan 
-103.875, 68.875, 5.314456365550094e-24, nan 
-103.625, 68.875, 4.256530521020564e-24, nan 
-103.375, 68.875, 3.968028856877236e-24, nan 
-103.125, 68.875, 5.13055585073274e-24, nan 
-102.875, 68.875, 7.071674716183689e-24, nan 
-102.625, 68.875, 6.57121507833038e-24, nan 
-102.375, 68.875, 7.219592603729479e-24, nan 
-102.125, 68.875, 7.1935397957314e-24, nan 
-101.875, 68.875, 8.112509886154044e-24, nan 
-101.625, 68.875, 7.370488684676453e-24, nan 
-101.375, 68.875, 7.5640272257589e-24, nan 
-101.125, 68.875, 6.82543000571263e-24, nan 
-100.875, 68.875, 7.536064097317039e-24, nan 
-100.625, 68.875, 6.439281500448241e-24, nan 
-100.375, 68.875, 7.246878459175098e-24, nan 
-100.125, 68.875, 5.3805510224516104e-24, nan 
-99.875, 68.875, 7.648785829920712e-24, nan 
-99.625, 68.875, 9.360176771861125e-24, nan 
-99.375, 68.875, 6.4700846471827685e-24, nan 
-99.125, 68.875, 8.765719855272684e-24, nan 
-98.875, 68.875, 9.269660748282573e-24, nan 
-98.625, 68.875, 1.1185300761497182e-23, nan 
-98.375, 68.875, 1.0484040503012364e-23, nan 
-98.125, 68.875, 9.951295189408723e-24, nan 
-97.875, 68.875, 8.392960165066025e-24, nan 
-97.625, 68.875, 1.2202723177754909e-23, nan 
-97.375, 68.875, 1.2396025008420854e-23, nan 
-97.125, 68.875, 1.179479630133872e-23, nan 
-96.875, 68.875, 1.0516269888720531e-23, nan 
-96.625, 68.875, 1.2598584759278294e-23, nan 
-96.375, 68.875, 1.0612400980662665e-23, nan 
-96.125, 68.875, 1.1308761445786442e-23, nan 
-95.875, 68.875, 7.138572885311668e-24, nan 
-95.625, 68.875, 1.468546989598202e-23, nan 
-95.375, 68.875, 1.03000705185766e-23, nan 
-95.125, 68.875, 1.3369629951324646e-23, nan 
-94.875, 68.875, 1.5139536575327216e-23, nan 
-94.625, 68.875, 1.6154617569160443e-23, nan 
-94.375, 68.875, 2.4422903145366416e-23, nan 
-94.125, 68.875, 2.648127331857864e-23, nan 
-93.875, 68.875, 1.9040705126562954e-23, nan 
-93.625, 68.875, 1.907610754933627e-23, nan 
-93.375, 68.875, 1.8790048482547255e-23, nan 
-93.125, 68.875, 2.3208405560504113e-23, nan 
-92.875, 68.875, 1.6104317827554562e-23, nan 
-92.625, 68.875, 2.3301846499270198e-23, nan 
-92.375, 68.875, 2.9561671885808e-23, nan 
-92.125, 68.875, 3.7885794497574143e-23, nan 
-91.875, 68.875, 3.415603106102405e-23, nan 
-91.625, 68.875, 2.745260572357843e-23, nan 
-91.375, 68.875, 2.8094627596924434e-23, nan 
-91.125, 68.875, 2.777599040897469e-23, nan 
-90.875, 68.875, 3.2432917622595955e-23, nan 
-90.625, 68.875, 3.4113099512365235e-23, nan 
-90.375, 68.875, 3.579782854507219e-23, nan 
-90.125, 68.875, 2.1501174071429696e-23, nan 
-89.875, 68.875, 2.8757741142574006e-23, nan 
-89.625, 68.875, 3.811432308760656e-23, nan 
-89.375, 68.875, 3.570749465546267e-23, nan 
-89.125, 68.875, 3.4207094989186705e-23, nan 
-88.875, 68.875, 3.575799099601791e-23, nan 
-88.625, 68.875, 3.836877581442327e-23, nan 
-88.375, 68.875, 3.956059702134954e-23, nan 
-88.125, 68.875, 3.886269589351696e-23, nan 
-87.875, 68.875, 3.08318421113308e-23, nan 
-87.625, 68.875, 2.0396263906736813e-23, nan 
-87.375, 68.875, 1.3251447703241728e-23, nan 
-87.125, 68.875, 1.8178473940921497e-23, nan 
-86.875, 68.875, 1.7823739598473133e-23, nan 
-86.625, 68.875, 2.163413440857193e-23, nan 
-86.375, 68.875, 3.45377960145839e-23, nan 
-86.125, 68.875, 2.596776409998167e-23, nan 
-85.875, 68.875, 3.020532502889475e-23, nan 
-85.625, 68.875, 3.903185372990884e-23, nan 
-85.375, 68.875, 3.5841243046668844e-23, nan 
-85.125, 68.875, 4.161861346821172e-23, nan 
-84.875, 68.875, 3.388031046280165e-23, nan 
-84.625, 68.875, 3.1574823064792476e-23, nan 
-84.375, 68.875, 4.032489984595011e-23, nan 
-84.125, 68.875, 3.070928588220421e-23, nan 
-83.875, 68.875, 2.2995879231784054e-23, nan 
-83.625, 68.875, 1.566817869676837e-23, nan 
-83.375, 68.875, 1.6583190490108674e-23, nan 
-83.125, 68.875, 1.4880016083784503e-23, nan 
-82.875, 68.875, 1.288963889048687e-23, nan 
-82.625, 68.875, 2.470556929795256e-23, nan 
-82.375, 68.875, 3.5014002448135054e-23, nan 
-82.125, 68.875, 3.5226992322835964e-23, nan 
-81.875, 68.875, 3.943727435098522e-23, nan 
-81.625, 68.875, 4.275769987676384e-23, nan 
-81.375, 68.875, 4.21871766117968e-23, nan 
-81.125, 68.875, 4.208066026347932e-23, nan 
-80.875, 68.875, 4.530948097106345e-23, nan 
-80.625, 68.875, 4.973596203193427e-23, nan 
-80.375, 68.875, 3.6342548948357673e-23, nan 
-80.125, 68.875, 2.761386068597747e-23, nan 
-79.875, 68.875, 3.052963339131684e-23, nan 
-79.625, 68.875, 2.1027129934512458e-23, nan 
-79.375, 68.875, 2.4007175619709014e-23, nan 
-79.125, 68.875, 2.744425494747545e-23, nan 
-78.875, 68.875, 2.9963119402018255e-23, nan 
-78.625, 68.875, 3.42461282682007e-23, nan 
-78.375, 68.875, 2.9520815854526036e-23, nan 
-78.125, 68.875, 3.1971314616863686e-23, nan 
-77.875, 68.875, 3.31996167147822e-23, nan 
-77.625, 68.875, 2.6389425446913544e-23, nan 
-77.375, 68.875, 2.000100535852843e-23, nan 
-77.125, 68.875, 1.7855361143145282e-23, nan 
-76.875, 68.875, 2.4007121729863925e-23, nan 
-76.625, 68.875, 2.4588895702848946e-23, nan 
-76.375, 68.875, 3.230342967337538e-23, nan 
-76.125, 68.875, 2.833383804656662e-23, nan 
-75.875, 68.875, 2.851671057484108e-23, nan 
-75.625, 68.875, 3.621017485705623e-23, nan 
-75.375, 68.875, 4.0163944849600377e-23, nan 
-75.125, 68.875, 4.9387577526658123e-23, nan 
-74.875, 68.875, 5.0118965096863407e-23, nan 
-74.625, 68.875, 3.503141603673096e-23, nan 
-74.375, 68.875, 3.6073413122510446e-23, nan 
-74.125, 68.875, 3.591949081386926e-23, nan 
-73.875, 68.875, 3.781220243153688e-23, nan 
-73.625, 68.875, 3.5820668577118964e-23, nan 
-73.375, 68.875, 4.301390427619625e-23, nan 
-73.125, 68.875, 3.779987463526098e-23, nan 
-72.875, 68.875, 3.190185626911189e-23, nan 
-72.625, 68.875, 2.806694672953414e-23, nan 
-72.375, 68.875, 2.828729091379339e-23, nan 
-72.125, 68.875, 3.0204999792682416e-23, nan 
-71.875, 68.875, 4.345339709033569e-23, nan 
-71.625, 68.875, 4.5049774725711833e-23, nan 
-71.375, 68.875, 4.55194275211444e-23, nan 
-71.125, 68.875, 4.830728116094352e-23, nan 
-70.875, 68.875, 4.7623824841209327e-23, nan 
-70.625, 68.875, 4.4475743701048743e-23, nan 
-70.375, 68.875, 4.0234421541200826e-23, nan 
-70.125, 68.875, 4.27301422454868e-23, nan 
-69.875, 68.875, 4.940807869584069e-23, nan 
-69.625, 68.875, 5.738254790033563e-23, nan 
-69.375, 68.875, 5.603612077428797e-23, nan 
-69.125, 68.875, 6.586969271022111e-23, nan 
-68.875, 68.875, 6.680134433709984e-23, nan 
-68.625, 68.875, 6.129179790791576e-23, nan 
-68.375, 68.875, 5.865151104740082e-23, nan 
-68.125, 68.875, 5.808558198214131e-23, nan 
-67.875, 68.875, 5.074891466847529e-23, nan 
-67.625, 68.875, 5.772657472312886e-23, nan 
-67.375, 68.875, 6.665318731899975e-23, nan 
-67.125, 68.875, 6.637737609268864e-23, nan 
-66.875, 68.875, 6.784122513738131e-23, nan 
-66.625, 68.875, 7.232177721512927e-23, nan 
-66.375, 68.875, 6.590143257611764e-23, nan 
-66.125, 68.875, 5.038529149809537e-23, nan 
-65.875, 68.875, 5.925630917270008e-23, nan 
-65.625, 68.875, 4.9690221410303753e-23, nan 
-65.375, 68.875, 5.469656961067385e-23, nan 
-65.125, 68.875, 5.1719287166986306e-23, nan 
-64.875, 68.875, 5.250145835835163e-23, nan 
-64.625, 68.875, 6.693704666839615e-23, nan 
-64.375, 68.875, 6.964489682276611e-23, nan 
-64.125, 68.875, 8.318777037153322e-23, nan 
-63.875, 68.875, 8.946479562016665e-23, nan 
-63.625, 68.875, 7.385615341229903e-23, nan 
-63.375, 68.875, 9.413367186002042e-23, nan 
-63.125, 68.875, 9.676070203461071e-23, nan 
-62.875, 68.875, 7.434412362961604e-23, nan 
-62.625, 68.875, 7.374244922725755e-23, nan 
-62.375, 68.875, 7.923073370131819e-23, nan 
-62.125, 68.875, 6.535200006920669e-23, nan 
-61.875, 68.875, 4.3535456798620465e-23, nan 
-61.625, 68.875, 4.462242665089549e-23, nan 
-61.375, 68.875, 4.6961134391184123e-23, nan 
-61.125, 68.875, 3.639792307276566e-23, nan 
-60.875, 68.875, 4.824422094467019e-23, nan 
-60.625, 68.875, 3.8821507671885514e-23, nan 
-60.375, 68.875, 4.3785952795632654e-23, nan 
-60.125, 68.875, 7.759454570541434e-23, nan 
-59.875, 68.875, 6.11293006273836e-23, nan 
-59.625, 68.875, 9.093352239568188e-23, nan 
-59.375, 68.875, 6.716063232466685e-23, nan 
-59.125, 68.875, 5.904013919361138e-23, nan 
-58.875, 68.875, 3.5044968240410515e-23, nan 
-58.625, 68.875, 1.0484095433887117e-22, nan 
-58.375, 68.875, 8.014528915922146e-23, nan 
-58.125, 68.875, 7.406548066316758e-23, nan 
-57.875, 68.875, 7.58060256523455e-23, nan 
-57.625, 68.875, 1.0545738385018595e-22, nan 
-57.375, 68.875, 7.59972618699958e-23, nan 
-57.125, 68.875, 1.0730395344614167e-22, nan 
-56.875, 68.875, 1.0423328928429718e-22, nan 
-56.625, 68.875, 6.495727823950187e-23, nan 
-56.375, 68.875, 9.898392468393339e-23, nan 
-56.125, 68.875, 1.3283248504327026e-22, nan 
-55.875, 68.875, 1.508107810716069e-22, nan 
-55.625, 68.875, 1.0135041431466972e-22, nan 
-55.375, 68.875, 1.424978581353126e-22, nan 
-55.125, 68.875, 2.2581803773367847e-22, nan 
-54.875, 68.875, 2.4558033675505733e-22, nan 
-54.625, 68.875, 1.0606639745338799e-22, nan 
-54.375, 68.875, 1.4633521735627983e-22, nan 
-54.125, 68.875, 7.089681499917222e-23, nan 
-53.875, 68.875, 1.2558364874893887e-22, nan 
-53.625, 68.875, 1.256904777591249e-22, nan 
-53.375, 68.875, 3.022992280214935e-22, nan 
-53.125, 68.875, 9.875861590545526e-23, nan 
-52.875, 68.875, 1.0959927938110573e-22, nan 
-52.625, 68.875, 7.545889600504771e-23, nan 
-52.375, 68.875, 1.6571376716437182e-22, nan 
-52.125, 68.875, 1.9144784042940945e-22, nan 
-51.875, 68.875, 1.5134356206010333e-22, nan 
-51.625, 68.875, 2.557516152617312e-22, nan 
-51.375, 68.875, 2.3374554709624954e-22, nan 
-51.125, 68.875, 1.7015383693858476e-22, nan 
-50.875, 68.875, 3.0552592989441954e-22, nan 
-50.625, 68.875, 1.9790701618923943e-22, nan 
-50.375, 68.875, 1.2407762666849892e-22, nan 
-50.125, 68.875, 2.6487850675380207e-22, nan 
-49.875, 68.875, 4.178100980776033e-22, nan 
-49.625, 68.875, 4.390350464103465e-22, nan 
-49.375, 68.875, 4.555778162146424e-22, nan 
-49.125, 68.875, 4.1205035569355147e-22, nan 
-48.875, 68.875, 3.590412950561597e-22, nan 
-48.625, 68.875, 2.9365651614481017e-22, nan 
-48.375, 68.875, 3.4236832133888785e-22, nan 
-48.125, 68.875, 3.240790874187692e-22, nan 
-47.875, 68.875, 2.6905763247518065e-22, nan 
-47.625, 68.875, 4.399167278677791e-22, nan 
-47.375, 68.875, 2.971587154593699e-22, nan 
-47.125, 68.875, 3.493593936147446e-22, nan 
-46.875, 68.875, 2.9609791009288557e-22, nan 
-46.625, 68.875, 3.1034242376170114e-22, nan 
-46.375, 68.875, 5.11155050541952e-22, nan 
-46.125, 68.875, 5.885356890147703e-22, nan 
-45.875, 68.875, 5.0250704347097495e-22, nan 
-45.625, 68.875, 4.872522895776326e-22, nan 
-45.375, 68.875, 4.847125842490371e-22, nan 
-45.125, 68.875, 4.312862056631682e-22, nan 
-44.875, 68.875, 3.7815014806534573e-22, nan 
-44.625, 68.875, 5.495078495348793e-22, nan 
-44.375, 68.875, 3.6258012323380355e-22, nan 
-44.125, 68.875, 3.029381382608211e-22, nan 
-43.875, 68.875, 3.928125130471509e-22, nan 
-43.625, 68.875, 4.697592825138814e-22, nan 
-43.375, 68.875, 2.737516300570542e-22, nan 
-43.125, 68.875, 1.1525910268260865e-22, nan 
-42.875, 68.875, 4.653690479990404e-22, nan 
-42.625, 68.875, 6.940598894985991e-22, nan 
-42.375, 68.875, 1.0443408190048665e-21, nan 
-42.125, 68.875, 1.0619300923363166e-21, nan 
-41.875, 68.875, 1.13800803058934e-21, nan 
-41.625, 68.875, 1.3675039649044538e-21, nan 
-41.375, 68.875, 9.223457234567144e-22, nan 
-41.125, 68.875, 7.345351910452341e-22, nan 
-40.875, 68.875, 4.594701690867279e-22, nan 
-40.625, 68.875, 1.66877734652737e-22, nan 
-40.375, 68.875, 4.0240135048533128e-22, nan 
-40.125, 68.875, 6.933432794246022e-22, nan 
-39.875, 68.875, 9.496437066352432e-22, nan 
-39.625, 68.875, 1.4953863136625777e-21, nan 
-39.375, 68.875, 1.1795867492566876e-21, nan 
-39.125, 68.875, 6.223633615087224e-22, nan 
-38.875, 68.875, 1.060290371773305e-21, nan 
-38.625, 68.875, 8.830009775251783e-22, nan 
-38.375, 68.875, 5.099129248659016e-22, nan 
-38.125, 68.875, 4.270010145112169e-22, nan 
-37.875, 68.875, 3.8216225301232994e-22, nan 
-37.625, 68.875, 5.219594816169117e-22, nan 
-37.375, 68.875, 5.273068731284448e-22, nan 
-37.125, 68.875, 3.492431875004903e-22, nan 
-36.875, 68.875, 8.139870846385588e-22, nan 
-36.625, 68.875, 1.0683126941500169e-21, nan 
-36.375, 68.875, 1.3305695581599371e-21, nan 
-36.125, 68.875, 1.645795619892999e-21, nan 
-35.875, 68.875, 1.5079585939727226e-21, nan 
-35.625, 68.875, 1.4480428698388678e-21, nan 
-35.375, 68.875, 9.626251396933846e-22, nan 
-35.125, 68.875, 8.874676487435126e-22, nan 
-34.875, 68.875, 5.766796155440993e-22, nan 
-34.625, 68.875, 4.1593918489171913e-22, nan 
-34.375, 68.875, 3.6050466275501267e-22, nan 
-34.125, 68.875, 2.319320979805791e-22, nan 
-33.875, 68.875, 1.0518784285824212e-21, nan 
-33.625, 68.875, 5.725480162990092e-22, nan 
-33.375, 68.875, 5.603104773172292e-22, nan 
-33.125, 68.875, 8.84946482415635e-22, nan 
-32.875, 68.875, 6.459079105702657e-22, nan 
-32.625, 68.875, 6.1382382451358105e-22, nan 
-32.375, 68.875, 1.2431513811130014e-21, nan 
-32.125, 68.875, 1.5945937540732003e-21, nan 
-31.875, 68.875, 1.6141052703941542e-21, nan 
-31.625, 68.875, 1.744886632610409e-21, nan 
-31.375, 68.875, 1.726501972052882e-21, nan 
-31.125, 68.875, 1.5740103516026585e-21, nan 
-30.875, 68.875, 1.0604513305757711e-21, nan 
-30.625, 68.875, 9.312718040369184e-22, nan 
-30.375, 68.875, 1.0018097054950486e-21, nan 
-30.125, 68.875, 1.056534811767558e-21, nan 
-29.875, 68.875, 1.765358643649087e-21, nan 
-29.625, 68.875, 1.2632221011666292e-21, nan 
-29.375, 68.875, 1.3727749666417338e-21, nan 
-29.125, 68.875, 1.832351312056627e-21, nan 
-28.875, 68.875, 2.0128271500939356e-21, nan 
-28.625, 68.875, 2.8819473742458778e-21, nan 
-28.375, 68.875, 3.198448209030386e-21, nan 
-28.125, 68.875, 3.530260167316803e-21, nan 
-27.875, 68.875, 3.5093084050916165e-21, nan 
-27.625, 68.875, 2.6104071948303707e-21, nan 
-27.375, 68.875, 2.5769195976829317e-21, nan 
-27.125, 68.875, 3.750403286519934e-21, nan 
-26.875, 68.875, 4.537482086197086e-21, nan 
-26.625, 68.875, 3.4820508678104225e-21, nan 
-26.375, 68.875, 3.763499095978699e-21, nan 
-26.125, 68.875, 3.071468522321364e-21, nan 
-25.875, 68.875, 2.280087664896843e-21, nan 
-25.625, 68.875, 2.2683704341366897e-21, nan 
-25.375, 68.875, 2.082880299719936e-21, nan 
-25.125, 68.875, 1.6691515431994138e-21, nan 
-24.875, 68.875, 1.1031222371241877e-21, nan 
-24.625, 68.875, 8.005283658136555e-22, nan 
-24.375, 68.875, 1.0196894343095126e-21, nan 
-24.125, 68.875, 7.262704957701535e-22, nan 
-23.875, 68.875, 4.0981810956457587e-22, nan 
-23.625, 68.875, 5.217977907479797e-22, nan 
-23.375, 68.875, 8.198190386020765e-22, nan 
-23.125, 68.875, 6.245703129555561e-22, nan 
-22.875, 68.875, 1.2896831501177947e-21, nan 
-22.625, 68.875, 7.1363503452136895e-22, nan 
-22.375, 68.875, 8.56909461393617e-22, nan 
-22.125, 68.875, 9.384293321274673e-22, nan 
-21.875, 68.875, 1.6014799701767777e-21, nan 
-21.625, 68.875, 6.885528765805136e-22, nan 
-21.375, 68.875, 8.577778407980224e-22, nan 
-21.125, 68.875, 7.470038720004974e-22, nan 
-20.875, 68.875, 7.823886485785613e-22, nan 
-20.625, 68.875, 1.0160803626261557e-21, nan 
-20.375, 68.875, 1.6425626914083868e-21, nan 
-20.125, 68.875, 1.88815739382996e-21, nan 
-19.875, 68.875, 1.7077726370525127e-21, nan 
-19.625, 68.875, 1.4864850996079521e-21, nan 
-19.375, 68.875, 1.6320944182284371e-21, nan 
-19.125, 68.875, 1.496804629729819e-21, nan 
-18.875, 68.875, 1.2627613822204979e-21, nan 
-18.625, 68.875, 1.2236093162134432e-21, nan 
-18.375, 68.875, 8.565027178738234e-22, nan 
-18.125, 68.875, 1.2507802319531714e-21, nan 
-17.875, 68.875, 1.354467069463739e-21, nan 
-17.625, 68.875, 8.162435731007059e-22, nan 
-17.375, 68.875, 7.606931572205357e-22, nan 
-17.125, 68.875, 8.918920099044046e-22, nan 
-16.875, 68.875, 1.0462651737992284e-21, nan 
-16.625, 68.875, 1.542862607765702e-21, nan 
-16.375, 68.875, 6.284809927214776e-22, nan 
-16.125, 68.875, 4.692098590442433e-22, nan 
-15.875, 68.875, 5.028059868599669e-22, nan 
-15.625, 68.875, 6.682211943748492e-22, nan 
-15.375, 68.875, 3.640894073195441e-22, nan 
-15.125, 68.875, 1.0367967268344012e-21, nan 
-14.875, 68.875, 1.1760428683277441e-21, nan 
-14.625, 68.875, 1.3243543829246844e-21, nan 
-14.375, 68.875, 1.0661826535849334e-21, nan 
-14.125, 68.875, 1.171132254520763e-21, nan 
-13.875, 68.875, 1.4223407490019052e-21, nan 
-13.625, 68.875, 1.4009089163117004e-21, nan 
-13.375, 68.875, 8.510126988484668e-22, nan 
-13.125, 68.875, 6.4527490807660275e-22, nan 
-12.875, 68.875, 1.0693725625881683e-21, nan 
-12.625, 68.875, 8.6523468121854e-22, nan 
-12.375, 68.875, 7.474103695642211e-22, nan 
-12.125, 68.875, 8.629639565832432e-22, nan 
-11.875, 68.875, 6.60994118272572e-22, nan 
-11.625, 68.875, 5.8436490955971455e-22, nan 
-11.375, 68.875, 1.0797406391535956e-21, nan 
-11.125, 68.875, 8.907787131603466e-22, nan 
-10.875, 68.875, 7.891943648502244e-22, nan 
-10.625, 68.875, 7.187473482138431e-22, nan 
-10.375, 68.875, 7.229335861149156e-22, nan 
-10.125, 68.875, 1.0571208248650938e-21, nan 
-9.875, 68.875, 1.687057781468862e-21, nan 
-9.625, 68.875, 2.2301893390574068e-21, nan 
-9.375, 68.875, 7.968000697325242e-22, nan 
-9.125, 68.875, 5.963517966195489e-22, nan 
-8.875, 68.875, 8.26977126485129e-22, nan 
-8.625, 68.875, 8.61298704855485e-22, nan 
-8.375, 68.875, 7.7144788039522675e-22, nan 
-8.125, 68.875, 1.165283763817647e-21, nan 
-7.875, 68.875, 1.0234693890887802e-21, nan 
-7.625, 68.875, 1.1299756214170226e-21, nan 
-7.375, 68.875, 9.41902596412877e-22, nan 
-7.125, 68.875, 1.0558100659658712e-21, nan 
-6.875, 68.875, 8.218050164834883e-22, nan 
-6.625, 68.875, 6.715063066390223e-22, nan 
-6.375, 68.875, 2.170050253435348e-22, nan 
-6.125, 68.875, 5.497162564252704e-22, nan 
-5.875, 68.875, 9.050815036115297e-22, nan 
-5.625, 68.875, 9.583084234546065e-22, nan 
-5.375, 68.875, 6.785501216015871e-22, nan 
-5.125, 68.875, 8.665460306649086e-22, nan 
-4.875, 68.875, 1.1046484196291718e-21, nan 
-4.625, 68.875, 9.786435930701908e-22, nan 
-4.375, 68.875, 8.120692214947142e-22, nan 
-4.125, 68.875, 7.86037072858243e-22, nan 
-3.875, 68.875, 7.26161371056326e-22, nan 
-3.625, 68.875, 6.535549111936713e-22, nan 
-3.375, 68.875, 4.62321220134399e-22, nan 
-3.125, 68.875, 5.9988049493669465e-22, nan 
-2.875, 68.875, 5.835081479567653e-22, nan 
-2.625, 68.875, 4.635151620731917e-22, nan 
-2.375, 68.875, 5.135460415230276e-22, nan 
-2.125, 68.875, 5.481914488515061e-22, nan 
-1.875, 68.875, 4.431263591285498e-22, nan 
-1.625, 68.875, 5.750509375693415e-22, nan 
-1.375, 68.875, 4.876112580378606e-22, nan 
-1.125, 68.875, 6.457850541174684e-22, nan 
-0.875, 68.875, 7.306578308156318e-22, nan 
-0.625, 68.875, 3.068211534570734e-22, nan 
-0.375, 68.875, 1.9166076569647814e-22, nan 
-0.125, 68.875, 1.6340460719621011e-22, nan 
0.125, 68.875, 2.281955906923472e-22, nan 
0.375, 68.875, 2.6296990568327835e-22, nan 
0.625, 68.875, 2.111413564343639e-22, nan 
0.875, 68.875, 3.2429637368049076e-22, nan 
1.125, 68.875, 3.732952853908124e-22, nan 
1.375, 68.875, 1.6206387102903034e-22, nan 
1.625, 68.875, 1.1613605361822794e-22, nan 
1.875, 68.875, 1.5837573991708268e-22, nan 
2.125, 68.875, 1.169279346588679e-22, nan 
2.375, 68.875, 1.2137173072125312e-22, nan 
2.625, 68.875, 1.2359485138563045e-22, nan 
2.875, 68.875, 1.8875445107290657e-22, nan 
3.125, 68.875, 1.5089782357236857e-22, nan 
3.375, 68.875, 2.078107610719067e-22, nan 
3.625, 68.875, 2.5338007217396536e-22, nan 
3.875, 68.875, 2.308668955933543e-22, nan 
4.125, 68.875, 1.767132050737677e-22, nan 
4.375, 68.875, 2.114738855196854e-22, nan 
4.625, 68.875, 2.9539197245445844e-22, nan 
4.875, 68.875, 2.896358449609315e-22, nan 
5.125, 68.875, 2.2476192877427133e-22, nan 
5.375, 68.875, 2.28858649574484e-22, nan 
5.625, 68.875, 2.4278357084021504e-22, nan 
5.875, 68.875, 1.7950538395603337e-22, nan 
6.125, 68.875, 1.4153056146835513e-22, nan 
6.375, 68.875, 9.545081284632078e-23, nan 
6.625, 68.875, 5.513616260729563e-23, nan 
6.875, 68.875, 1.5498478234604183e-22, nan 
7.125, 68.875, 6.63554492358553e-23, nan 
7.375, 68.875, 7.129177764454991e-23, nan 
7.625, 68.875, 2.6889794763775475e-23, nan 
7.875, 68.875, 1.4717516217912026e-22, nan 
8.125, 68.875, 1.125481246764997e-22, nan 
8.375, 68.875, 7.032631712536432e-23, nan 
8.625, 68.875, 5.144981780536115e-23, nan 
8.875, 68.875, 5.503375972880599e-23, nan 
9.125, 68.875, 7.140058108234344e-23, nan 
9.375, 68.875, 1.1371474297428199e-22, nan 
9.625, 68.875, 1.4656085745370137e-22, nan 
9.875, 68.875, 2.283427168913912e-22, nan 
10.125, 68.875, 2.486814958597153e-22, nan 
10.375, 68.875, 2.6298273877059014e-22, nan 
10.625, 68.875, 2.7740011359630304e-22, nan 
10.875, 68.875, 2.580077392527662e-22, nan 
11.125, 68.875, 2.6658312052496635e-22, nan 
11.375, 68.875, 2.6857134661799984e-22, nan 
11.625, 68.875, 3.8692920986297266e-22, nan 
11.875, 68.875, 2.4007976533749743e-22, nan 
12.125, 68.875, 4.0109971447735775e-22, nan 
12.375, 68.875, 4.695438288513693e-22, nan 
12.625, 68.875, 2.552877231118524e-22, nan 
12.875, 68.875, 2.705182616871437e-22, nan 
13.125, 68.875, 2.6095832145408714e-22, nan 
13.375, 68.875, 2.609054848654251e-22, nan 
13.625, 68.875, 2.7347285541996254e-22, nan 
13.875, 68.875, 1.4438873665035345e-22, nan 
14.125, 68.875, 1.1271437431491734e-22, nan 
14.375, 68.875, 1.5098583530430744e-22, nan 
14.625, 68.875, 6.508493018515144e-23, nan 
14.875, 68.875, 5.0128486920570425e-23, nan 
15.125, 68.875, 1.062667090316102e-22, nan 
15.375, 68.875, 8.182091487254093e-23, nan 
15.625, 68.875, 4.336484556643104e-23, nan 
15.875, 68.875, 8.765900277472037e-23, nan 
16.125, 68.875, 9.091917482642218e-23, nan 
16.375, 68.875, 1.0042013477414146e-22, nan 
16.625, 68.875, 1.0212052054111313e-22, nan 
16.875, 68.875, 1.0913612410804529e-22, nan 
17.125, 68.875, 1.0711871388096931e-22, nan 
17.375, 68.875, 8.522270394784023e-23, nan 
17.625, 68.875, 9.60408680690538e-23, nan 
17.875, 68.875, 6.247641780025123e-23, nan 
18.125, 68.875, 4.163526745647898e-23, nan 
18.375, 68.875, 3.6579686535160267e-23, nan 
18.625, 68.875, 4.01556910462701e-23, nan 
18.875, 68.875, 6.888717620284857e-23, nan 
19.125, 68.875, 5.422637415149051e-23, nan 
19.375, 68.875, 4.434329511855093e-23, nan 
19.625, 68.875, 4.865392943490066e-23, nan 
19.875, 68.875, 3.303585442193278e-23, nan 
20.125, 68.875, 2.8973425630545686e-23, nan 
20.375, 68.875, 2.6499376309096155e-23, nan 
20.625, 68.875, 3.921236620062298e-23, nan 
20.875, 68.875, 1.7482660011362887e-23, nan 
21.125, 68.875, 5.268691075640662e-23, nan 
21.375, 68.875, 2.1966947858223664e-23, nan 
21.625, 68.875, 3.118096562438321e-23, nan 
21.875, 68.875, 4.1342934449849903e-23, nan 
22.125, 68.875, 2.7001027799337515e-23, nan 
22.375, 68.875, 3.993671255259228e-23, nan 
22.625, 68.875, 4.5859658725936766e-23, nan 
22.875, 68.875, 3.524192878922215e-23, nan 
23.125, 68.875, 4.232788396539682e-23, nan 
23.375, 68.875, 2.3638648399709677e-23, nan 
23.625, 68.875, 1.8953402344735454e-23, nan 
23.875, 68.875, 3.582750006335845e-23, nan 
24.125, 68.875, 4.453139866467894e-23, nan 
24.375, 68.875, 4.932615491562906e-23, nan 
24.625, 68.875, 5.1963039918318053e-23, nan 
24.875, 68.875, 4.445169840483251e-23, nan 
25.125, 68.875, 5.718863101390368e-23, nan 
25.375, 68.875, 5.95878854467137e-23, nan 
25.625, 68.875, 1.334580126210443e-22, nan 
25.875, 68.875, 7.00726882460693e-23, nan 
26.125, 68.875, 5.569583037179411e-23, nan 
26.375, 68.875, 1.5929187637531374e-22, nan 
26.625, 68.875, 7.03334691063616e-23, nan 
26.875, 68.875, 5.513237474065951e-23, nan 
27.125, 68.875, 6.733119488633472e-23, nan 
27.375, 68.875, 2.8429435590897206e-23, nan 
27.625, 68.875, 8.81885635814912e-23, nan 
27.875, 68.875, 9.672242871256483e-23, nan 
28.125, 68.875, 3.9646650345181086e-23, nan 
28.375, 68.875, 4.584467222881755e-23, nan 
28.625, 68.875, 4.447705725490242e-23, nan 
28.875, 68.875, 3.5925657450604743e-23, nan 
29.125, 68.875, 3.264682197507004e-23, nan 
29.375, 68.875, 3.88816453060908e-23, nan 
29.625, 68.875, 2.070041700766099e-23, nan 
29.875, 68.875, 3.050552505306123e-23, nan 
30.125, 68.875, 2.695364547409454e-23, nan 
30.375, 68.875, 1.2007491809277487e-23, nan 
30.625, 68.875, 1.6376970071456628e-23, nan 
30.875, 68.875, 1.535283001361498e-23, nan 
31.125, 68.875, 1.4260538397586114e-23, nan 
31.375, 68.875, 1.6450570926543491e-23, nan 
31.625, 68.875, 1.4324004545243632e-23, nan 
31.875, 68.875, 1.1548290006067558e-23, nan 
32.125, 68.875, 1.4267121420064345e-23, nan 
32.375, 68.875, 1.2682328928488644e-23, nan 
32.625, 68.875, 1.1491891475902825e-23, nan 
32.875, 68.875, 1.412716509884621e-23, nan 
33.125, 68.875, 1.7140842781784192e-23, nan 
33.375, 68.875, 8.774826302309344e-24, nan 
33.625, 68.875, 1.0568058608678889e-23, nan 
33.875, 68.875, 1.623248580946217e-23, nan 
34.125, 68.875, 1.3251767157857754e-23, nan 
34.375, 68.875, 9.918030858385637e-24, nan 
34.625, 68.875, 2.000695822043026e-23, nan 
34.875, 68.875, 1.4752682802845796e-23, nan 
35.125, 68.875, 1.5384496883732236e-23, nan 
35.375, 68.875, 1.2826553467813879e-23, nan 
35.625, 68.875, 1.3292817204699797e-23, nan 
35.875, 68.875, 1.0336124801851678e-23, nan 
36.125, 68.875, 1.771784795161716e-23, nan 
36.375, 68.875, 1.089081236762467e-23, nan 
36.625, 68.875, 1.2706557045380969e-23, nan 
36.875, 68.875, 8.09838113290169e-24, nan 
37.125, 68.875, 1.0800799742042478e-23, nan 
37.375, 68.875, 1.1559274093521819e-23, nan 
37.625, 68.875, 9.393085582886948e-24, nan 
37.875, 68.875, 1.2795963794805216e-23, nan 
38.125, 68.875, 1.6834267520279295e-23, nan 
38.375, 68.875, 1.5356756792591186e-23, nan 
38.625, 68.875, 1.2259761856693314e-23, nan 
38.875, 68.875, 1.0524858243843528e-23, nan 
39.125, 68.875, 7.145754105601567e-24, nan 
39.375, 68.875, 9.114653750788712e-24, nan 
39.625, 68.875, 1.5133275944581822e-23, nan 
39.875, 68.875, 2.451287897042603e-23, nan 
40.125, 68.875, 2.403706473550872e-23, nan 
40.375, 68.875, 1.8164456695333052e-23, nan 
40.625, 68.875, 2.825370821414256e-23, nan 
40.875, 68.875, 2.0375859205196462e-23, nan 
41.125, 68.875, 1.7180133196158227e-23, nan 
41.375, 68.875, 2.5653150653344334e-23, nan 
41.625, 68.875, 1.5770930897788747e-23, nan 
41.875, 68.875, 1.1151198046714455e-23, nan 
42.125, 68.875, 1.4058958126257764e-23, nan 
42.375, 68.875, 1.7194543619322244e-23, nan 
42.625, 68.875, 1.43503616868312e-23, nan 
42.875, 68.875, 9.898362196218677e-24, nan 
43.125, 68.875, 1.760708723777321e-23, nan 
43.375, 68.875, 7.223770240383879e-24, nan 
43.625, 68.875, 8.151317989117402e-24, nan 
43.875, 68.875, 9.48979152602628e-24, nan 
44.125, 68.875, 2.4537423989093127e-24, nan 
44.375, 68.875, 5.9530524016049705e-24, nan 
44.625, 68.875, 7.820576045934235e-24, nan 
44.875, 68.875, 6.714360645854418e-24, nan 
45.125, 68.875, 8.936321926752829e-24, nan 
45.375, 68.875, 8.372322584575363e-24, nan 
45.625, 68.875, 8.666247049147503e-24, nan 
45.875, 68.875, 8.027775608434301e-24, nan 
46.125, 68.875, 4.257650782434964e-24, nan 
46.375, 68.875, 1.0029409944928766e-23, nan 
46.625, 68.875, 9.077509082459128e-24, nan 
46.875, 68.875, 9.758212416530264e-24, nan 
47.125, 68.875, 8.302030971683444e-24, nan 
47.375, 68.875, 8.199636401140358e-24, nan 
47.625, 68.875, 9.66846031123334e-24, nan 
47.875, 68.875, 5.70669505941185e-24, nan 
48.125, 68.875, 2.74432486257936e-24, nan 
48.375, 68.875, 3.938669137745419e-24, nan 
48.625, 68.875, 4.806639978793789e-24, nan 
48.875, 68.875, 4.2363829253758525e-24, nan 
49.125, 68.875, 6.0437760176800484e-24, nan 
49.375, 68.875, 7.28535040760397e-24, nan 
49.625, 68.875, 7.424009524340145e-24, nan 
49.875, 68.875, 7.149907750403587e-24, nan 
50.125, 68.875, 6.0828907327898596e-24, nan 
50.375, 68.875, 6.125398337067848e-24, nan 
50.625, 68.875, 5.2283081711203216e-24, nan 
50.875, 68.875, 3.395913334577085e-24, nan 
51.125, 68.875, 3.815610324652035e-24, nan 
51.375, 68.875, 5.12592209502745e-24, nan 
51.625, 68.875, 6.151882581640915e-24, nan 
51.875, 68.875, 6.558357133231248e-24, nan 
52.125, 68.875, 6.4166525163751966e-24, nan 
52.375, 68.875, 6.838501433382028e-24, nan 
52.625, 68.875, 6.3493422149473785e-24, nan 
52.875, 68.875, 5.3148101208436964e-24, nan 
53.125, 68.875, 5.6770048589601014e-24, nan 
53.375, 68.875, 9.802667566912421e-24, nan 
53.625, 68.875, 1.1981048517288852e-23, nan 
53.875, 68.875, 1.1234933032415554e-23, nan 
54.125, 68.875, 1.1905085276169987e-23, nan 
54.375, 68.875, 1.1804262890709727e-23, nan 
54.625, 68.875, 1.1470342564434047e-23, nan 
54.875, 68.875, 1.0566768941952121e-23, nan 
55.125, 68.875, 7.755697092146211e-24, nan 
55.375, 68.875, 6.516968694877933e-24, nan 
55.625, 68.875, 4.6961592463976346e-24, nan 
55.875, 68.875, 5.917102472915684e-24, nan 
56.125, 68.875, 5.029397249791414e-24, nan 
56.375, 68.875, 9.389533425376248e-24, nan 
56.625, 68.875, 7.724002294350778e-24, nan 
56.875, 68.875, 1.0354626925000514e-23, nan 
57.125, 68.875, 8.998427255876122e-24, nan 
57.375, 68.875, 7.769745511641563e-24, nan 
57.625, 68.875, 7.157357540501034e-24, nan 
57.875, 68.875, 7.332991417523442e-24, nan 
58.125, 68.875, 6.319543207866658e-24, nan 
58.375, 68.875, 5.876397329078184e-24, nan 
58.625, 68.875, 5.298792835571297e-24, nan 
58.875, 68.875, 5.02452996608603e-24, nan 
59.125, 68.875, 5.7254031948085836e-24, nan 
59.375, 68.875, 4.458130803046799e-24, nan 
59.625, 68.875, 5.757823351012071e-24, nan 
59.875, 68.875, 5.686664441021592e-24, nan 
60.125, 68.875, 5.65387820933792e-24, nan 
60.375, 68.875, 8.625492217916555e-24, nan 
60.625, 68.875, 1.0661854199293918e-23, nan 
60.875, 68.875, 7.448457591708462e-24, nan 
61.125, 68.875, 8.602214090857089e-24, nan 
61.375, 68.875, 9.198027799209062e-24, nan 
61.625, 68.875, 7.440105907929329e-24, nan 
61.875, 68.875, 4.8853983246695974e-24, nan 
62.125, 68.875, 3.2942772303750616e-24, nan 
62.375, 68.875, 4.4865918996558286e-24, nan 
62.625, 68.875, 4.390477691891095e-24, nan 
62.875, 68.875, 2.8135242560357504e-24, nan 
63.125, 68.875, 9.56886763360448e-25, nan 
63.375, 68.875, 5.16022392318984e-25, nan 
63.625, 68.875, 1.8674555618003787e-24, nan 
63.875, 68.875, 3.2109357260071373e-24, nan 
64.125, 68.875, 2.826722017317883e-24, nan 
64.375, 68.875, 3.4343253240653505e-24, nan 
64.625, 68.875, 3.341796473404235e-24, nan 
64.875, 68.875, 4.410210414471424e-24, nan 
65.125, 68.875, 4.287770418357342e-24, nan 
65.375, 68.875, 1.472121356277586e-24, nan 
65.625, 68.875, 5.723549483351828e-24, nan 
65.875, 68.875, 3.357112040125042e-24, nan 
66.125, 68.875, 3.2865494121185712e-24, nan 
66.375, 68.875, 5.520982394101213e-24, nan 
-139.875, 69.125, 3.312470571502376e-24, nan 
-139.625, 69.125, 3.319610623559494e-24, nan 
-139.375, 69.125, 3.0348082567922186e-24, nan 
-139.125, 69.125, 4.534079149350784e-24, nan 
-138.875, 69.125, 2.8267600228142544e-24, nan 
-138.625, 69.125, 1.7286741183915192e-24, nan 
-138.375, 69.125, 2.0981581849527222e-24, nan 
-138.125, 69.125, 2.137645484755828e-24, nan 
-137.875, 69.125, 2.8007167478972135e-24, nan 
-137.625, 69.125, 1.8143953147824403e-24, nan 
-137.375, 69.125, 3.2822882797666423e-24, nan 
-137.125, 69.125, 2.204642745565199e-24, nan 
-136.875, 69.125, 1.9095085977603724e-24, nan 
-136.625, 69.125, 2.619521621494356e-24, nan 
-136.375, 69.125, 3.0182100360697358e-24, nan 
-136.125, 69.125, 4.29760784428066e-24, nan 
-135.875, 69.125, 4.5713018574119046e-24, nan 
-135.625, 69.125, 6.485812570475657e-24, nan 
-135.375, 69.125, 5.927426214770215e-24, nan 
-135.125, 69.125, 8.213370439500433e-24, nan 
-134.875, 69.125, 1.3646014729323203e-23, nan 
-134.625, 69.125, 1.0645954403312096e-23, nan 
-134.375, 69.125, 4.7479661040504106e-24, nan 
-134.125, 69.125, 6.56074765845436e-24, nan 
-133.875, 69.125, 6.965249243979867e-24, nan 
-133.625, 69.125, 7.697997101797962e-24, nan 
-133.375, 69.125, 4.489808560480307e-24, nan 
-133.125, 69.125, 4.5273821341752805e-24, nan 
-132.875, 69.125, 5.4285768492829556e-24, nan 
-132.625, 69.125, 5.151194620585415e-24, nan 
-132.375, 69.125, 5.386977633339482e-24, nan 
-132.125, 69.125, 5.409527094812176e-24, nan 
-131.875, 69.125, 4.566050949469351e-24, nan 
-131.625, 69.125, 5.036419192862659e-24, nan 
-131.375, 69.125, 5.2801440359782566e-24, nan 
-131.125, 69.125, 7.342599612715646e-24, nan 
-130.875, 69.125, 7.902793467730934e-24, nan 
-130.625, 69.125, 6.963748702371086e-24, nan 
-130.375, 69.125, 8.826911348321721e-24, nan 
-130.125, 69.125, 1.2490338665422853e-23, nan 
-129.875, 69.125, 1.0964662223762434e-23, nan 
-129.625, 69.125, 6.61563075588127e-24, nan 
-129.375, 69.125, 1.2310901424355251e-23, nan 
-129.125, 69.125, 1.3324322006518643e-23, nan 
-128.875, 69.125, 1.709658093915021e-23, nan 
-128.625, 69.125, 1.886238617550249e-23, nan 
-128.375, 69.125, 2.044911611651305e-23, nan 
-128.125, 69.125, 1.7436167478798727e-23, nan 
-127.875, 69.125, 1.705310682288385e-23, nan 
-127.625, 69.125, 1.3548711682768135e-23, nan 
-127.375, 69.125, 8.296744399805509e-24, nan 
-127.125, 69.125, 8.47007761388618e-24, nan 
-126.875, 69.125, 1.2846581751001115e-23, nan 
-126.625, 69.125, 1.0165702264667362e-23, nan 
-126.375, 69.125, 1.872479606795273e-23, nan 
-126.125, 69.125, 2.1278811066431134e-23, nan 
-125.875, 69.125, 2.1468472019890115e-23, nan 
-125.625, 69.125, 2.1700485609048305e-23, nan 
-125.375, 69.125, 1.504500782018504e-23, nan 
-125.125, 69.125, 1.527067233051976e-23, nan 
-124.875, 69.125, 2.0330504213967737e-24, nan 
-124.625, 69.125, 2.4678583789315196e-24, nan 
-124.375, 69.125, 3.1337054615118165e-24, nan 
-124.125, 69.125, 3.3915556354169715e-24, nan 
-123.875, 69.125, 3.5393208287379974e-24, nan 
-123.625, 69.125, 4.118146142303109e-24, nan 
-123.375, 69.125, 3.566903210458764e-24, nan 
-123.125, 69.125, 4.154973785886414e-24, nan 
-122.875, 69.125, 5.091647169830952e-24, nan 
-122.625, 69.125, 5.4571098220056036e-24, nan 
-122.375, 69.125, 3.053252879951555e-24, nan 
-122.125, 69.125, 9.950762471075967e-24, nan 
-121.875, 69.125, 1.3982426417962087e-23, nan 
-121.625, 69.125, 1.4395716547933063e-23, nan 
-121.375, 69.125, 1.7976395790544805e-23, nan 
-121.125, 69.125, 2.0996133052676933e-23, nan 
-120.875, 69.125, 1.5759160421065187e-23, nan 
-120.625, 69.125, 1.7337873451309762e-23, nan 
-120.375, 69.125, 2.5522091553449782e-23, nan 
-120.125, 69.125, 4.604018700086998e-24, nan 
-119.875, 69.125, 1.1461243954365966e-23, nan 
-119.625, 69.125, 1.5272806483728358e-23, nan 
-119.375, 69.125, 2.1319840814905653e-24, nan 
-119.125, 69.125, 4.987867336073939e-24, nan 
-118.875, 69.125, 6.2874760755107986e-24, nan 
-118.625, 69.125, 2.1684889074899624e-24, nan 
-118.375, 69.125, 2.9285674011150195e-24, nan 
-118.125, 69.125, 4.2337992812341616e-24, nan 
-117.875, 69.125, 4.774451371687116e-24, nan 
-117.625, 69.125, 7.136203310774514e-24, nan 
-117.375, 69.125, 7.415203643798879e-24, nan 
-117.125, 69.125, 7.78037115564175e-24, nan 
-116.875, 69.125, 1.0855099979236614e-23, nan 
-116.625, 69.125, 1.5992244636586178e-23, nan 
-116.375, 69.125, 1.6413221697495782e-23, nan 
-116.125, 69.125, 1.606304697629445e-23, nan 
-115.875, 69.125, 1.773119692587599e-23, nan 
-115.625, 69.125, 1.5798278348441734e-23, nan 
-115.375, 69.125, 1.0422715091539924e-23, nan 
-115.125, 69.125, 4.526576608207056e-24, nan 
-114.875, 69.125, 7.612114224121152e-24, nan 
-114.625, 69.125, 1.7389695710791844e-23, nan 
-114.375, 69.125, 7.026704916710206e-24, nan 
-114.125, 69.125, 4.7775744765433324e-24, nan 
-113.875, 69.125, 9.124184319746098e-24, nan 
-113.625, 69.125, 1.2678923776556702e-23, nan 
-113.375, 69.125, 1.2353071761396277e-23, nan 
-113.125, 69.125, 2.137122541162018e-23, nan 
-112.875, 69.125, 1.8683299481853605e-23, nan 
-112.625, 69.125, 1.669987882275408e-23, nan 
-112.375, 69.125, 2.281797219911976e-23, nan 
-112.125, 69.125, 2.2306923868482297e-23, nan 
-111.875, 69.125, 4.338510735563892e-24, nan 
-111.625, 69.125, 9.09581667217166e-24, nan 
-111.375, 69.125, 1.0400201076528552e-23, nan 
-111.125, 69.125, 2.8118076835064898e-24, nan 
-110.875, 69.125, 1.0020311701871254e-23, nan 
-110.625, 69.125, 1.2990929349931828e-23, nan 
-110.375, 69.125, 3.9120834601937325e-24, nan 
-110.125, 69.125, 3.591060765322986e-24, nan 
-109.875, 69.125, 6.414054054926345e-24, nan 
-109.625, 69.125, 3.6552862989377614e-24, nan 
-109.375, 69.125, 5.00323348951821e-24, nan 
-109.125, 69.125, 3.529872428873961e-24, nan 
-108.875, 69.125, 4.229681048206873e-24, nan 
-108.625, 69.125, 4.412610883137294e-24, nan 
-108.375, 69.125, 4.546100604679087e-24, nan 
-108.125, 69.125, 7.220823944963103e-24, nan 
-107.875, 69.125, 6.82120297477842e-24, nan 
-107.625, 69.125, 3.2676887497854458e-24, nan 
-107.375, 69.125, 3.6777627641979354e-24, nan 
-107.125, 69.125, 2.9382096243277296e-24, nan 
-106.875, 69.125, 5.296937058537808e-24, nan 
-106.625, 69.125, 3.7999208906194604e-24, nan 
-106.375, 69.125, 3.736058589162879e-24, nan 
-106.125, 69.125, 4.823259601173507e-24, nan 
-105.875, 69.125, 6.0806806275633626e-24, nan 
-105.625, 69.125, 5.0285766574924164e-24, nan 
-105.375, 69.125, 4.270351146596362e-24, nan 
-105.125, 69.125, 5.888257005279039e-24, nan 
-104.875, 69.125, 4.035997929503243e-24, nan 
-104.625, 69.125, 7.162497071727552e-24, nan 
-104.375, 69.125, 6.4082005999330864e-24, nan 
-104.125, 69.125, 7.10516573436514e-24, nan 
-103.875, 69.125, 6.533543553754412e-24, nan 
-103.625, 69.125, 8.508712912535641e-24, nan 
-103.375, 69.125, 8.461822543178712e-24, nan 
-103.125, 69.125, 6.701194263207358e-24, nan 
-102.875, 69.125, 8.434073827001041e-24, nan 
-102.625, 69.125, 7.797375972122571e-24, nan 
-102.375, 69.125, 5.6666584780538885e-24, nan 
-102.125, 69.125, 6.059271036233872e-24, nan 
-101.875, 69.125, 7.72243666367568e-24, nan 
-101.625, 69.125, 8.275820305816367e-24, nan 
-101.375, 69.125, 6.118306897100798e-24, nan 
-101.125, 69.125, 7.254904017825493e-24, nan 
-100.875, 69.125, 6.474966247473075e-24, nan 
-100.625, 69.125, 7.372002571733913e-24, nan 
-100.375, 69.125, 5.884119900992373e-24, nan 
-100.125, 69.125, 1.2161223770383171e-23, nan 
-99.875, 69.125, 8.571199596225971e-24, nan 
-99.625, 69.125, 9.327738978727034e-24, nan 
-99.375, 69.125, 1.3995407474761575e-23, nan 
-99.125, 69.125, 1.1876496561690455e-23, nan 
-98.875, 69.125, 9.288653676924397e-24, nan 
-98.625, 69.125, 1.4192852821533808e-23, nan 
-98.375, 69.125, 1.0865905685381218e-23, nan 
-98.125, 69.125, 9.551079751965729e-24, nan 
-97.875, 69.125, 7.955414134389029e-24, nan 
-97.625, 69.125, 6.5202752925887216e-24, nan 
-97.375, 69.125, 7.202398131741296e-24, nan 
-97.125, 69.125, 9.28957340776088e-24, nan 
-96.875, 69.125, 8.735894047514528e-24, nan 
-96.625, 69.125, 8.382554547385028e-24, nan 
-96.375, 69.125, 1.2053895562755537e-23, nan 
-96.125, 69.125, 1.775848116619553e-23, nan 
-95.875, 69.125, 2.461674498988391e-23, nan 
-95.625, 69.125, 2.4640083860452375e-23, nan 
-95.375, 69.125, 2.5511547831560006e-23, nan 
-95.125, 69.125, 2.523824335568571e-23, nan 
-94.875, 69.125, 2.4334006498844564e-23, nan 
-94.625, 69.125, 2.3578863742538705e-23, nan 
-94.375, 69.125, 2.312495926846508e-23, nan 
-94.125, 69.125, 2.316337079547663e-23, nan 
-93.875, 69.125, 2.3407870693516653e-23, nan 
-93.625, 69.125, 1.9761979370914933e-23, nan 
-93.375, 69.125, 2.134616709805758e-23, nan 
-93.125, 69.125, 2.779848194656985e-23, nan 
-92.875, 69.125, 2.9334944388517504e-23, nan 
-92.625, 69.125, 3.029804700303487e-23, nan 
-92.375, 69.125, 3.265367877496111e-23, nan 
-92.125, 69.125, 4.2230286712773105e-23, nan 
-91.875, 69.125, 3.61462177847276e-23, nan 
-91.625, 69.125, 3.097212900092877e-23, nan 
-91.375, 69.125, 2.770901483129307e-23, nan 
-91.125, 69.125, 2.788539934974438e-23, nan 
-90.875, 69.125, 3.187835365992951e-23, nan 
-90.625, 69.125, 3.12688009202018e-23, nan 
-90.375, 69.125, 3.455959264137223e-23, nan 
-90.125, 69.125, 3.0676773354995144e-23, nan 
-89.875, 69.125, 2.499218810575232e-23, nan 
-89.625, 69.125, 2.4948025897821356e-23, nan 
-89.375, 69.125, 3.4109399425696805e-23, nan 
-89.125, 69.125, 3.204531209805814e-23, nan 
-88.875, 69.125, 2.44915396781112e-23, nan 
-88.625, 69.125, 2.641020600555748e-23, nan 
-88.375, 69.125, 2.2511339179022062e-23, nan 
-88.125, 69.125, 1.851591266371864e-23, nan 
-87.875, 69.125, 2.3285002659893215e-23, nan 
-87.625, 69.125, 2.517373436563471e-23, nan 
-87.375, 69.125, 2.445418227772692e-23, nan 
-87.125, 69.125, 1.8316985687140104e-23, nan 
-86.875, 69.125, 2.3446537986867237e-23, nan 
-86.625, 69.125, 1.743813374688486e-23, nan 
-86.375, 69.125, 1.812916048713918e-23, nan 
-86.125, 69.125, 3.959866900634614e-23, nan 
-85.875, 69.125, 3.7924821591855527e-23, nan 
-85.625, 69.125, 3.83290834027965e-23, nan 
-85.375, 69.125, 4.19833022050168e-23, nan 
-85.125, 69.125, 4.34365198382736e-23, nan 
-84.875, 69.125, 4.50874214713291e-23, nan 
-84.625, 69.125, 3.107567615598401e-23, nan 
-84.375, 69.125, 2.7245615297493714e-23, nan 
-84.125, 69.125, 2.632287753606815e-23, nan 
-83.875, 69.125, 2.5800471267743033e-23, nan 
-83.625, 69.125, 2.388978523096003e-23, nan 
-83.375, 69.125, 2.6896572659352615e-23, nan 
-83.125, 69.125, 3.531385345522939e-23, nan 
-82.875, 69.125, 3.63932345689777e-23, nan 
-82.625, 69.125, 3.600574229320527e-23, nan 
-82.375, 69.125, 4.297503347449588e-23, nan 
-82.125, 69.125, 4.2610240621580386e-23, nan 
-81.875, 69.125, 3.607052191047253e-23, nan 
-81.625, 69.125, 3.2564085756174103e-23, nan 
-81.375, 69.125, 3.654261233089988e-23, nan 
-81.125, 69.125, 3.3339113611923234e-23, nan 
-80.875, 69.125, 3.020079890076856e-23, nan 
-80.625, 69.125, 3.3209624059134795e-23, nan 
-80.375, 69.125, 2.7653232102394124e-23, nan 
-80.125, 69.125, 2.442182058544558e-23, nan 
-79.875, 69.125, 1.6590292389584527e-23, nan 
-79.625, 69.125, 1.6173715487581576e-23, nan 
-79.375, 69.125, 2.1935297037493707e-23, nan 
-79.125, 69.125, 2.420422509098987e-23, nan 
-78.875, 69.125, 2.6858033258998864e-23, nan 
-78.625, 69.125, 2.598441505321317e-23, nan 
-78.375, 69.125, 2.168015165075887e-23, nan 
-78.125, 69.125, 2.2924713670771986e-23, nan 
-77.875, 69.125, 1.9453271561154553e-23, nan 
-77.625, 69.125, 2.5665922091440428e-23, nan 
-77.375, 69.125, 1.988164589459651e-23, nan 
-77.125, 69.125, 2.315990521633897e-23, nan 
-76.875, 69.125, 1.9207105833953e-23, nan 
-76.625, 69.125, 1.599264123881986e-23, nan 
-76.375, 69.125, 2.8675560441671437e-23, nan 
-76.125, 69.125, 1.4405722564901606e-23, nan 
-75.875, 69.125, 2.666173528468556e-23, nan 
-75.625, 69.125, 2.5861232512969703e-23, nan 
-75.375, 69.125, 2.4228053269238615e-23, nan 
-75.125, 69.125, 3.9776655208179334e-23, nan 
-74.875, 69.125, 3.942447748649332e-23, nan 
-74.625, 69.125, 3.903494852965547e-23, nan 
-74.375, 69.125, 3.7678192398940624e-23, nan 
-74.125, 69.125, 4.2091448764212354e-23, nan 
-73.875, 69.125, 4.7359200786602314e-23, nan 
-73.625, 69.125, 4.0606084728436785e-23, nan 
-73.375, 69.125, 4.131603685541961e-23, nan 
-73.125, 69.125, 3.415850186265899e-23, nan 
-72.875, 69.125, 3.309717612398444e-23, nan 
-72.625, 69.125, 2.6486822470937146e-23, nan 
-72.375, 69.125, 2.962262751073545e-23, nan 
-72.125, 69.125, 4.3354268348209236e-23, nan 
-71.875, 69.125, 4.670926636951619e-23, nan 
-71.625, 69.125, 5.667904893075066e-23, nan 
-71.375, 69.125, 4.9478741163773876e-23, nan 
-71.125, 69.125, 4.7401393028715763e-23, nan 
-70.875, 69.125, 5.328446513742388e-23, nan 
-70.625, 69.125, 3.6930583848799244e-23, nan 
-70.375, 69.125, 4.3591498698634246e-23, nan 
-70.125, 69.125, 4.683506801806055e-23, nan 
-69.875, 69.125, 5.440176056338057e-23, nan 
-69.625, 69.125, 7.215876062751434e-23, nan 
-69.375, 69.125, 7.322897600119782e-23, nan 
-69.125, 69.125, 6.69939313343547e-23, nan 
-68.875, 69.125, 6.857651799821471e-23, nan 
-68.625, 69.125, 6.768332430768067e-23, nan 
-68.375, 69.125, 5.75223567161199e-23, nan 
-68.125, 69.125, 5.416714817594305e-23, nan 
-67.875, 69.125, 5.039485471344994e-23, nan 
-67.625, 69.125, 5.930794814154283e-23, nan 
-67.375, 69.125, 6.710342619176491e-23, nan 
-67.125, 69.125, 6.404589148499493e-23, nan 
-66.875, 69.125, 6.917799897603287e-23, nan 
-66.625, 69.125, 5.769206625661557e-23, nan 
-66.375, 69.125, 7.491982635232264e-23, nan 
-66.125, 69.125, 6.905333222150009e-23, nan 
-65.875, 69.125, 6.380428610807758e-23, nan 
-65.625, 69.125, 4.8315685986060683e-23, nan 
-65.375, 69.125, 5.987036160962584e-23, nan 
-65.125, 69.125, 5.815858607912517e-23, nan 
-64.875, 69.125, 7.640503691837551e-23, nan 
-64.625, 69.125, 1.2089193143264025e-22, nan 
-64.375, 69.125, 1.0225046501046136e-22, nan 
-64.125, 69.125, 1.0109928771286817e-22, nan 
-63.875, 69.125, 1.2642711819903054e-22, nan 
-63.625, 69.125, 1.1287811914027359e-22, nan 
-63.375, 69.125, 1.260572828442168e-22, nan 
-63.125, 69.125, 1.0347282606192718e-22, nan 
-62.875, 69.125, 9.839291418890461e-23, nan 
-62.625, 69.125, 1.0983820929408683e-22, nan 
-62.375, 69.125, 8.744011721938066e-23, nan 
-62.125, 69.125, 7.509424851502993e-23, nan 
-61.875, 69.125, 5.988583639802072e-23, nan 
-61.625, 69.125, 4.327534573707741e-23, nan 
-61.375, 69.125, 4.6391820235208587e-23, nan 
-61.125, 69.125, 5.15154547625574e-23, nan 
-60.875, 69.125, 3.036610945414777e-23, nan 
-60.625, 69.125, 3.5780238124622445e-23, nan 
-60.375, 69.125, 6.478592756730415e-23, nan 
-60.125, 69.125, 6.545860789487967e-23, nan 
-59.875, 69.125, 8.306623006833851e-23, nan 
-59.625, 69.125, 1.6803405667609759e-22, nan 
-59.375, 69.125, 7.09418368632236e-23, nan 
-59.125, 69.125, 5.91977467942049e-23, nan 
-58.875, 69.125, 1.0506905071557354e-22, nan 
-58.625, 69.125, 1.4371049701241799e-22, nan 
-58.375, 69.125, 1.0153988190582025e-22, nan 
-58.125, 69.125, 9.170495604698246e-23, nan 
-57.875, 69.125, 1.101333895087895e-22, nan 
-57.625, 69.125, 9.7574585253502e-23, nan 
-57.375, 69.125, 1.756784553635605e-22, nan 
-57.125, 69.125, 1.2878131571964252e-22, nan 
-56.875, 69.125, 1.3041482701772902e-22, nan 
-56.625, 69.125, 1.192060492785298e-22, nan 
-56.375, 69.125, 1.6523082631139082e-22, nan 
-56.125, 69.125, 1.3513933565728823e-22, nan 
-55.875, 69.125, 1.4801874237284799e-22, nan 
-55.625, 69.125, 1.813413133035403e-22, nan 
-55.375, 69.125, 1.6000043452624452e-22, nan 
-55.125, 69.125, 1.2241247795730089e-22, nan 
-54.875, 69.125, 1.7377956656379118e-22, nan 
-54.625, 69.125, 1.5179987089372568e-22, nan 
-54.375, 69.125, 2.033461537777914e-22, nan 
-54.125, 69.125, 3.5584816515041683e-22, nan 
-53.875, 69.125, 2.0919577817396787e-22, nan 
-53.625, 69.125, 1.7106165469742666e-22, nan 
-53.375, 69.125, 5.384440953927804e-22, nan 
-53.125, 69.125, 1.0874169227930915e-22, nan 
-52.875, 69.125, 1.6849597742733259e-22, nan 
-52.625, 69.125, 2.95166026116875e-22, nan 
-52.375, 69.125, 1.8653691222721518e-22, nan 
-52.125, 69.125, 2.21171596348844e-22, nan 
-51.875, 69.125, 1.9312458587615076e-22, nan 
-51.625, 69.125, 2.227941192106285e-22, nan 
-51.375, 69.125, 2.6559637734339365e-22, nan 
-51.125, 69.125, 1.973726531200697e-22, nan 
-50.875, 69.125, 1.6826986963348613e-22, nan 
-50.625, 69.125, 2.4432254649333943e-22, nan 
-50.375, 69.125, 2.9597287327572405e-22, nan 
-50.125, 69.125, 3.9692960799376057e-22, nan 
-49.875, 69.125, 3.86257583751301e-22, nan 
-49.625, 69.125, 4.350295983697137e-22, nan 
-49.375, 69.125, 3.8728413161639924e-22, nan 
-49.125, 69.125, 3.432746548247322e-22, nan 
-48.875, 69.125, 3.4630625964606957e-22, nan 
-48.625, 69.125, 1.4524120214364652e-22, nan 
-48.375, 69.125, 4.646550644848528e-22, nan 
-48.125, 69.125, 4.0885593591169873e-22, nan 
-47.875, 69.125, 2.850132537307252e-22, nan 
-47.625, 69.125, 7.4503947221825135e-22, nan 
-47.375, 69.125, 3.188842719838897e-22, nan 
-47.125, 69.125, 4.222379616846029e-22, nan 
-46.875, 69.125, 5.780537638808522e-22, nan 
-46.625, 69.125, 3.7260495639014986e-22, nan 
-46.375, 69.125, 3.6597105818731294e-22, nan 
-46.125, 69.125, 3.1876382529535877e-22, nan 
-45.875, 69.125, 3.528908499676327e-22, nan 
-45.625, 69.125, 2.8288409856191895e-22, nan 
-45.375, 69.125, 2.6464085699093866e-22, nan 
-45.125, 69.125, 4.654083745384863e-22, nan 
-44.875, 69.125, 3.4717163683462396e-22, nan 
-44.625, 69.125, 4.7073578653742685e-22, nan 
-44.375, 69.125, 5.740123846696357e-22, nan 
-44.125, 69.125, 2.6120687312434925e-22, nan 
-43.875, 69.125, 4.272071261189338e-22, nan 
-43.625, 69.125, 5.113218296044766e-22, nan 
-43.375, 69.125, 5.673906283012269e-22, nan 
-43.125, 69.125, 7.1446063432887985e-22, nan 
-42.875, 69.125, 7.688293542335036e-22, nan 
-42.625, 69.125, 8.277284652028308e-22, nan 
-42.375, 69.125, 1.0797286362981895e-21, nan 
-42.125, 69.125, 1.1738633438111022e-21, nan 
-41.875, 69.125, 8.231917564830913e-22, nan 
-41.625, 69.125, 4.973151158912513e-22, nan 
-41.375, 69.125, 8.549124422236677e-22, nan 
-41.125, 69.125, 6.548423924179511e-22, nan 
-40.875, 69.125, 1.0201158172470283e-21, nan 
-40.625, 69.125, 8.039501742217578e-22, nan 
-40.375, 69.125, 7.407020857294071e-22, nan 
-40.125, 69.125, 1.005931351029709e-21, nan 
-39.875, 69.125, 9.660801548062798e-22, nan 
-39.625, 69.125, 1.1076383958570257e-21, nan 
-39.375, 69.125, 9.285983874986794e-22, nan 
-39.125, 69.125, 3.784787017664152e-22, nan 
-38.875, 69.125, 4.2558556255534205e-22, nan 
-38.625, 69.125, 4.8750777419612975e-22, nan 
-38.375, 69.125, 5.079404871334005e-22, nan 
-38.125, 69.125, 4.484213010924317e-22, nan 
-37.875, 69.125, 2.8782041239115106e-22, nan 
-37.625, 69.125, 3.7102362791776217e-22, nan 
-37.375, 69.125, 5.876631218768902e-22, nan 
-37.125, 69.125, 4.261335448906404e-22, nan 
-36.875, 69.125, 1.4406257185544258e-21, nan 
-36.625, 69.125, 1.353748769458904e-21, nan 
-36.375, 69.125, 1.2460616873610954e-21, nan 
-36.125, 69.125, 1.4808828371341026e-21, nan 
-35.875, 69.125, 1.299117076793123e-21, nan 
-35.625, 69.125, 1.1194446373002123e-21, nan 
-35.375, 69.125, 3.946271673521631e-22, nan 
-35.125, 69.125, 8.602497600987254e-22, nan 
-34.875, 69.125, 7.485482614681147e-22, nan 
-34.625, 69.125, 4.2343606422300407e-22, nan 
-34.375, 69.125, 5.991465485658325e-22, nan 
-34.125, 69.125, 3.8841535508069897e-22, nan 
-33.875, 69.125, 5.989790228417395e-22, nan 
-33.625, 69.125, 4.6199306786878e-22, nan 
-33.375, 69.125, 3.7138870102004824e-22, nan 
-33.125, 69.125, 8.718644327278926e-22, nan 
-32.875, 69.125, 6.31178499022717e-22, nan 
-32.625, 69.125, 9.313318564870764e-22, nan 
-32.375, 69.125, 1.8782102391439995e-21, nan 
-32.125, 69.125, 2.0062026908892587e-21, nan 
-31.875, 69.125, 1.779882036778121e-21, nan 
-31.625, 69.125, 2.2153807322048736e-21, nan 
-31.375, 69.125, 2.3949168371194178e-21, nan 
-31.125, 69.125, 1.7189733593515885e-21, nan 
-30.875, 69.125, 1.2311082557161938e-21, nan 
-30.625, 69.125, 1.8914227981682817e-21, nan 
-30.375, 69.125, 3.3034360426080626e-21, nan 
-30.125, 69.125, 1.992490687710356e-21, nan 
-29.875, 69.125, 4.38133601772437e-21, nan 
-29.625, 69.125, 2.555262596932662e-21, nan 
-29.375, 69.125, 3.478477736965666e-21, nan 
-29.125, 69.125, 4.678918919873394e-21, nan 
-28.875, 69.125, 3.86955403950904e-21, nan 
-28.625, 69.125, 3.926053544610747e-21, nan 
-28.375, 69.125, 5.0570959586767514e-21, nan 
-28.125, 69.125, 4.284989398247874e-21, nan 
-27.875, 69.125, 1.984137853351317e-21, nan 
-27.625, 69.125, 2.63860827622329e-21, nan 
-27.375, 69.125, 3.2582370602611834e-21, nan 
-27.125, 69.125, 3.13479775895462e-21, nan 
-26.875, 69.125, 4.718749723667504e-21, nan 
-26.625, 69.125, 4.887934447760189e-21, nan 
-26.375, 69.125, 4.7297316313095885e-21, nan 
-26.125, 69.125, 3.3433561796165534e-21, nan 
-25.875, 69.125, 3.482370576089086e-21, nan 
-25.625, 69.125, 4.169456793516796e-21, nan 
-25.375, 69.125, 2.2244076321242656e-21, nan 
-25.125, 69.125, 8.799289553249287e-22, nan 
-24.875, 69.125, 5.657856190385446e-22, nan 
-24.625, 69.125, 5.691916729134396e-22, nan 
-24.375, 69.125, 9.285078622762547e-22, nan 
-24.125, 69.125, 7.545909479523354e-22, nan 
-23.875, 69.125, 2.639948465319743e-22, nan 
-23.625, 69.125, 5.855893125542938e-22, nan 
-23.375, 69.125, 1.375716559517237e-21, nan 
-23.125, 69.125, 1.1649558692536715e-21, nan 
-22.875, 69.125, 6.6581013775427315e-22, nan 
-22.625, 69.125, 1.997769725548521e-21, nan 
-22.375, 69.125, 1.6586799766553286e-21, nan 
-22.125, 69.125, 1.543122579588109e-21, nan 
-21.875, 69.125, 2.7773738634814866e-21, nan 
-21.625, 69.125, 2.1537713340897576e-21, nan 
-21.375, 69.125, 1.7747460611568873e-21, nan 
-21.125, 69.125, 1.922546246041962e-21, nan 
-20.875, 69.125, 1.4992282592929843e-21, nan 
-20.625, 69.125, 1.2828090143858647e-21, nan 
-20.375, 69.125, 1.514077337434292e-21, nan 
-20.125, 69.125, 1.91516957677379e-21, nan 
-19.875, 69.125, 1.5304308145406429e-21, nan 
-19.625, 69.125, 1.1147706512451773e-21, nan 
-19.375, 69.125, 1.2036772604237734e-21, nan 
-19.125, 69.125, 9.476032654991696e-22, nan 
-18.875, 69.125, 1.1628153219845188e-21, nan 
-18.625, 69.125, 1.4294239798290804e-21, nan 
-18.375, 69.125, 1.3879890068965064e-21, nan 
-18.125, 69.125, 1.1144432598077847e-21, nan 
-17.875, 69.125, 1.3661653174685757e-21, nan 
-17.625, 69.125, 1.142206490982025e-21, nan 
-17.375, 69.125, 9.995923351361796e-22, nan 
-17.125, 69.125, 6.396213428701912e-22, nan 
-16.875, 69.125, 1.3639654695778254e-21, nan 
-16.625, 69.125, 2.635834953671191e-21, nan 
-16.375, 69.125, 1.0043692693679873e-21, nan 
-16.125, 69.125, 1.7844165951414446e-21, nan 
-15.875, 69.125, 1.8322631390838568e-21, nan 
-15.625, 69.125, 1.2524789696409267e-21, nan 
-15.375, 69.125, 1.2491969920634324e-21, nan 
-15.125, 69.125, 1.2918319018933867e-21, nan 
-14.875, 69.125, 1.586438683303626e-21, nan 
-14.625, 69.125, 1.3880436590854415e-21, nan 
-14.375, 69.125, 1.2734493087896076e-21, nan 
-14.125, 69.125, 1.1347847526638248e-21, nan 
-13.875, 69.125, 1.1858329635349392e-21, nan 
-13.625, 69.125, 1.1521639405726604e-21, nan 
-13.375, 69.125, 1.154694485590743e-21, nan 
-13.125, 69.125, 1.1565830887036726e-21, nan 
-12.875, 69.125, 1.0656519945249548e-21, nan 
-12.625, 69.125, 1.1403512497875065e-21, nan 
-12.375, 69.125, 9.976992209785346e-22, nan 
-12.125, 69.125, 1.2466357539236052e-21, nan 
-11.875, 69.125, 9.101957828404187e-22, nan 
-11.625, 69.125, 8.229521162733163e-22, nan 
-11.375, 69.125, 1.469164854987626e-21, nan 
-11.125, 69.125, 1.2986440470542523e-21, nan 
-10.875, 69.125, 1.2323037777745937e-21, nan 
-10.625, 69.125, 1.9649848562297913e-21, nan 
-10.375, 69.125, 2.3478613076748225e-21, nan 
-10.125, 69.125, 1.2961523339324246e-21, nan 
-9.875, 69.125, 2.818279200571556e-21, nan 
-9.625, 69.125, 3.5988937699047274e-21, nan 
-9.375, 69.125, 7.967697222761823e-22, nan 
-9.125, 69.125, 1.3960280274010972e-21, nan 
-8.875, 69.125, 1.6119159729084775e-21, nan 
-8.625, 69.125, 1.961315547082758e-21, nan 
-8.375, 69.125, 3.203546427846137e-21, nan 
-8.125, 69.125, 3.0862530015582146e-21, nan 
-7.875, 69.125, 3.686393312412489e-21, nan 
-7.625, 69.125, 2.795442922767637e-21, nan 
-7.375, 69.125, 2.917788362851688e-21, nan 
-7.125, 69.125, 1.9872601509971323e-21, nan 
-6.875, 69.125, 1.0578845442128285e-21, nan 
-6.625, 69.125, 6.782217567105396e-22, nan 
-6.375, 69.125, 9.623599932643012e-22, nan 
-6.125, 69.125, 1.0375965444931823e-21, nan 
-5.875, 69.125, 9.590016773063635e-22, nan 
-5.625, 69.125, 9.952622435784862e-22, nan 
-5.375, 69.125, 9.92335377489881e-22, nan 
-5.125, 69.125, 8.932151720379751e-22, nan 
-4.875, 69.125, 8.696983101363089e-22, nan 
-4.625, 69.125, 9.341337038173033e-22, nan 
-4.375, 69.125, 8.786791517620296e-22, nan 
-4.125, 69.125, 8.168403045053195e-22, nan 
-3.875, 69.125, 1.1769992972413127e-21, nan 
-3.625, 69.125, 1.0390503558199582e-21, nan 
-3.375, 69.125, 1.0228194490443812e-21, nan 
-3.125, 69.125, 5.919087536894104e-22, nan 
-2.875, 69.125, 6.814597616184762e-22, nan 
-2.625, 69.125, 7.398618598937853e-22, nan 
-2.375, 69.125, 4.372034445631773e-22, nan 
-2.125, 69.125, 6.574288904746901e-22, nan 
-1.875, 69.125, 1.7456016890417343e-22, nan 
-1.625, 69.125, 3.080837679456877e-22, nan 
-1.375, 69.125, 4.3523597491711e-22, nan 
-1.125, 69.125, 5.748262841205808e-22, nan 
-0.875, 69.125, 7.986577402981812e-22, nan 
-0.625, 69.125, 4.2075376616039095e-22, nan 
-0.375, 69.125, 4.133373397815628e-22, nan 
-0.125, 69.125, 4.078169937067687e-22, nan 
0.125, 69.125, 2.5901233330389516e-22, nan 
0.375, 69.125, 2.816154358710069e-22, nan 
0.625, 69.125, 2.78019143883561e-22, nan 
0.875, 69.125, 4.009258937497306e-22, nan 
1.125, 69.125, 3.333387059874255e-22, nan 
1.375, 69.125, 2.329553608984909e-22, nan 
1.625, 69.125, 2.9969613583786744e-22, nan 
1.875, 69.125, 2.506539539982263e-22, nan 
2.125, 69.125, 2.4242599122614688e-22, nan 
2.375, 69.125, 1.9459935223708058e-22, nan 
2.625, 69.125, 4.361816432439946e-22, nan 
2.875, 69.125, 3.0909493943479804e-22, nan 
3.125, 69.125, 2.7401586521658755e-22, nan 
3.375, 69.125, 2.1001047920962877e-22, nan 
3.625, 69.125, 2.1989315394719243e-22, nan 
3.875, 69.125, 3.0036414347293063e-22, nan 
4.125, 69.125, 2.622870481589868e-22, nan 
4.375, 69.125, 2.4445393653452975e-22, nan 
4.625, 69.125, 2.750708985669574e-22, nan 
4.875, 69.125, 2.9800734461089113e-22, nan 
5.125, 69.125, 2.4507179048535167e-22, nan 
5.375, 69.125, 2.1011260960410515e-22, nan 
5.625, 69.125, 1.8330653078368857e-22, nan 
5.875, 69.125, 1.527079513128592e-22, nan 
6.125, 69.125, 1.513519758199324e-22, nan 
6.375, 69.125, 9.469003541482667e-23, nan 
6.625, 69.125, 1.246310715005643e-22, nan 
6.875, 69.125, 1.127313209607157e-22, nan 
7.125, 69.125, 1.4762143194068705e-22, nan 
7.375, 69.125, 1.1389324162882797e-22, nan 
7.625, 69.125, 8.284323389661212e-23, nan 
7.875, 69.125, 3.0279843075480593e-22, nan 
8.125, 69.125, 2.237241282051191e-22, nan 
8.375, 69.125, 6.620169492152088e-23, nan 
8.625, 69.125, 1.0886965751605903e-22, nan 
8.875, 69.125, 1.2032262621271783e-22, nan 
9.125, 69.125, 4.392091027221408e-23, nan 
9.375, 69.125, 7.555602783705267e-23, nan 
9.625, 69.125, 9.966470839878739e-23, nan 
9.875, 69.125, 9.377984740655038e-23, nan 
10.125, 69.125, 1.226969711599704e-22, nan 
10.375, 69.125, 1.5109699991392847e-22, nan 
10.625, 69.125, 2.0962121117136524e-22, nan 
10.875, 69.125, 1.8397207184777582e-22, nan 
11.125, 69.125, 1.8543391221895095e-22, nan 
11.375, 69.125, 1.5445338361961255e-22, nan 
11.625, 69.125, 1.0172345921404525e-22, nan 
11.875, 69.125, 2.34783620708529e-22, nan 
12.125, 69.125, 3.3123437049829717e-22, nan 
12.375, 69.125, 3.665868999746567e-22, nan 
12.625, 69.125, 2.6114252974681266e-22, nan 
12.875, 69.125, 1.992211904458269e-22, nan 
13.125, 69.125, 2.0365567946645276e-22, nan 
13.375, 69.125, 2.0164556750948337e-22, nan 
13.625, 69.125, 1.7688692616077363e-22, nan 
13.875, 69.125, 1.3197244951421864e-22, nan 
14.125, 69.125, 1.412979148000248e-22, nan 
14.375, 69.125, 1.149218516529769e-22, nan 
14.625, 69.125, 1.4186571709452378e-22, nan 
14.875, 69.125, 9.276828145569769e-23, nan 
15.125, 69.125, 6.847023055197688e-23, nan 
15.375, 69.125, 1.3686146626794761e-22, nan 
15.625, 69.125, 5.109843794579945e-23, nan 
15.875, 69.125, 4.064258422513595e-23, nan 
16.125, 69.125, 8.482717011854581e-23, nan 
16.375, 69.125, 7.225435077941305e-23, nan 
16.625, 69.125, 9.459209103816022e-23, nan 
16.875, 69.125, 1.0636139022856488e-22, nan 
17.125, 69.125, 8.572689914109937e-23, nan 
17.375, 69.125, 8.261585574154271e-23, nan 
17.625, 69.125, 9.346554050255512e-23, nan 
17.875, 69.125, 6.39604496647955e-23, nan 
18.125, 69.125, 5.230644561887007e-23, nan 
18.375, 69.125, 5.814766076560205e-23, nan 
18.625, 69.125, 5.838795505067459e-23, nan 
18.875, 69.125, 6.06022872051049e-23, nan 
19.125, 69.125, 6.414103139066619e-23, nan 
19.375, 69.125, 3.881581810742774e-23, nan 
19.625, 69.125, 2.370947760713151e-23, nan 
19.875, 69.125, 4.8478985013577765e-23, nan 
20.125, 69.125, 5.0287783754248763e-23, nan 
20.375, 69.125, 4.1825308487873646e-23, nan 
20.625, 69.125, 3.773432448977681e-23, nan 
20.875, 69.125, 2.697938842481359e-23, nan 
21.125, 69.125, 4.744957288598961e-23, nan 
21.375, 69.125, 1.5892297525847557e-23, nan 
21.625, 69.125, 1.960436075303719e-23, nan 
21.875, 69.125, 3.2214859696592696e-23, nan 
22.125, 69.125, 3.058238709499845e-23, nan 
22.375, 69.125, 2.9692020983254694e-23, nan 
22.625, 69.125, 3.536328332586356e-23, nan 
22.875, 69.125, 3.680339298323333e-23, nan 
23.125, 69.125, 6.90885505666874e-23, nan 
23.375, 69.125, 3.1054042992785654e-23, nan 
23.625, 69.125, 1.3892372326679405e-23, nan 
23.875, 69.125, 3.193766907178123e-23, nan 
24.125, 69.125, 6.4420907397017676e-24, nan 
24.375, 69.125, 2.887129663784295e-23, nan 
24.625, 69.125, 8.067605901838889e-23, nan 
24.875, 69.125, 1.0745696507238505e-22, nan 
25.125, 69.125, 8.875191101635246e-23, nan 
25.375, 69.125, 9.395722119254803e-23, nan 
25.625, 69.125, 1.2576445727575122e-22, nan 
25.875, 69.125, 1.0012769958766706e-22, nan 
26.125, 69.125, 1.18858444255308e-22, nan 
26.375, 69.125, 9.91288295911787e-23, nan 
26.625, 69.125, 6.603620597980146e-23, nan 
26.875, 69.125, 5.971912230613746e-23, nan 
27.125, 69.125, 9.033210923451632e-23, nan 
27.375, 69.125, 8.009921448585915e-23, nan 
27.625, 69.125, 9.036227019000489e-23, nan 
27.875, 69.125, 9.906682080603453e-23, nan 
28.125, 69.125, 7.40150919612105e-23, nan 
28.375, 69.125, 4.662019698423874e-23, nan 
28.625, 69.125, 5.210712529605865e-23, nan 
28.875, 69.125, 9.552803972879491e-23, nan 
29.125, 69.125, 2.774667973356419e-23, nan 
29.375, 69.125, 2.9145168701429945e-23, nan 
29.625, 69.125, 4.5529637691111615e-23, nan 
29.875, 69.125, 1.559425168000167e-23, nan 
30.125, 69.125, 1.366451666472375e-23, nan 
30.375, 69.125, 1.908340203346368e-23, nan 
30.625, 69.125, 9.483163058421577e-24, nan 
30.875, 69.125, 1.9782760616175106e-23, nan 
31.125, 69.125, 2.0328762483529378e-23, nan 
31.375, 69.125, 2.524226113964622e-23, nan 
31.625, 69.125, 2.2393333082147463e-23, nan 
31.875, 69.125, 1.9521371330126214e-23, nan 
32.125, 69.125, 3.5629515009455386e-23, nan 
32.375, 69.125, 2.6358729056844472e-23, nan 
32.625, 69.125, 1.6450393843283594e-23, nan 
32.875, 69.125, 1.9327788946982347e-23, nan 
33.125, 69.125, 2.351953751705388e-23, nan 
33.375, 69.125, 1.4247053012840456e-23, nan 
33.625, 69.125, 1.8541046635019962e-23, nan 
33.875, 69.125, 1.4633509912437463e-23, nan 
34.125, 69.125, 1.5941960642983472e-23, nan 
34.375, 69.125, 1.6316677313932528e-23, nan 
34.625, 69.125, 1.2354147026195597e-23, nan 
34.875, 69.125, 1.1722315782329433e-23, nan 
35.125, 69.125, 1.1739555383125258e-23, nan 
35.375, 69.125, 7.088032868839189e-24, nan 
35.625, 69.125, 1.4875051732286232e-23, nan 
35.875, 69.125, 7.689612455468019e-24, nan 
36.125, 69.125, 1.1211700692694983e-23, nan 
36.375, 69.125, 7.445612754097445e-24, nan 
36.625, 69.125, 1.468244132473826e-23, nan 
36.875, 69.125, 1.2399359776976287e-23, nan 
37.125, 69.125, 2.8772142682642306e-23, nan 
37.375, 69.125, 1.9809408771455605e-23, nan 
37.625, 69.125, 1.1475133904560871e-23, nan 
37.875, 69.125, 2.2404577972772857e-23, nan 
38.125, 69.125, 2.866896090150572e-23, nan 
38.375, 69.125, 2.1311946442250125e-23, nan 
38.625, 69.125, 1.249082233473781e-23, nan 
38.875, 69.125, 6.48843542663859e-24, nan 
39.125, 69.125, 1.1773257194233029e-23, nan 
39.375, 69.125, 1.5306353025987408e-23, nan 
39.625, 69.125, 2.4563939103039558e-23, nan 
39.875, 69.125, 3.780623326995028e-23, nan 
40.125, 69.125, 3.0963497425834056e-23, nan 
40.375, 69.125, 3.079943189341232e-23, nan 
40.625, 69.125, 3.947949254727931e-23, nan 
40.875, 69.125, 3.1992464395886224e-23, nan 
41.125, 69.125, 8.149211801858353e-23, nan 
41.375, 69.125, 1.966443207014028e-22, nan 
41.625, 69.125, 1.7531216649276288e-22, nan 
41.875, 69.125, 2.9226213366445025e-23, nan 
42.125, 69.125, 2.7534134032712036e-23, nan 
42.375, 69.125, 1.6938332348956217e-23, nan 
42.625, 69.125, 2.552733791685043e-23, nan 
42.875, 69.125, 2.865574741098924e-23, nan 
43.125, 69.125, 2.7054978545368724e-23, nan 
43.375, 69.125, 1.9810026064632556e-23, nan 
43.625, 69.125, 1.2260441377532168e-23, nan 
43.875, 69.125, 2.0357388322354336e-23, nan 
44.125, 69.125, 9.712183626631518e-24, nan 
44.375, 69.125, 1.075592533676261e-23, nan 
44.625, 69.125, 5.435155023455726e-24, nan 
44.875, 69.125, 7.489686816935701e-24, nan 
45.125, 69.125, 8.842287587722635e-24, nan 
45.375, 69.125, 1.0309975355025263e-23, nan 
45.625, 69.125, 8.725909827762892e-24, nan 
45.875, 69.125, 7.520127362890474e-24, nan 
46.125, 69.125, 1.097022005691915e-23, nan 
46.375, 69.125, 1.0088807596302922e-23, nan 
46.625, 69.125, 1.0187417353651034e-23, nan 
46.875, 69.125, 7.964594554158083e-24, nan 
47.125, 69.125, 8.344773536775071e-24, nan 
47.375, 69.125, 9.185306198722708e-24, nan 
47.625, 69.125, 5.0277161009605185e-24, nan 
47.875, 69.125, 5.902552271253882e-24, nan 
48.125, 69.125, 3.640883054679881e-24, nan 
48.375, 69.125, 3.436376179986264e-24, nan 
48.625, 69.125, 3.7523154455040674e-24, nan 
48.875, 69.125, 4.285893461671259e-24, nan 
49.125, 69.125, 7.629874483906318e-25, nan 
49.375, 69.125, 4.4476124917205424e-24, nan 
49.625, 69.125, 6.795725375804476e-24, nan 
49.875, 69.125, 8.261909171983357e-24, nan 
50.125, 69.125, 5.845403012762396e-24, nan 
50.375, 69.125, 6.706472828930632e-24, nan 
50.625, 69.125, 7.096300607865658e-24, nan 
50.875, 69.125, 6.0937656673129274e-24, nan 
51.125, 69.125, 7.20631816576119e-24, nan 
51.375, 69.125, 5.821868690854567e-24, nan 
51.625, 69.125, 4.887168665796236e-24, nan 
51.875, 69.125, 9.465310784075604e-24, nan 
52.125, 69.125, 8.436826486531638e-24, nan 
52.375, 69.125, 6.152391933716796e-24, nan 
52.625, 69.125, 1.698955566629093e-23, nan 
52.875, 69.125, 1.6416332321937e-23, nan 
53.125, 69.125, 1.4009613597077317e-23, nan 
53.375, 69.125, 1.174125735079298e-23, nan 
53.625, 69.125, 1.3975783904480478e-23, nan 
53.875, 69.125, 1.0971165170047485e-23, nan 
54.125, 69.125, 7.823147370275637e-24, nan 
54.375, 69.125, 7.242605170354856e-24, nan 
54.625, 69.125, 9.147564428799647e-24, nan 
54.875, 69.125, 7.030573318264162e-24, nan 
55.125, 69.125, 6.1200584917887634e-24, nan 
55.375, 69.125, 4.943389389474285e-24, nan 
55.625, 69.125, 2.7588601530760282e-24, nan 
55.875, 69.125, 3.387212025747738e-24, nan 
56.125, 69.125, 2.960254563779162e-24, nan 
56.375, 69.125, 2.3943198684375166e-24, nan 
56.625, 69.125, 3.6979999248611046e-24, nan 
56.875, 69.125, 7.2305986804649e-24, nan 
57.125, 69.125, 8.534949866766391e-24, nan 
57.375, 69.125, 7.824406089915425e-24, nan 
57.625, 69.125, 9.510541628886283e-24, nan 
57.875, 69.125, 8.393141088812797e-24, nan 
58.125, 69.125, 8.678187804864355e-24, nan 
58.375, 69.125, 8.307599532932371e-24, nan 
58.625, 69.125, 8.583424837360305e-24, nan 
58.875, 69.125, 7.732429195592957e-24, nan 
59.125, 69.125, 8.541422592930685e-24, nan 
59.375, 69.125, 9.112040093522692e-24, nan 
59.625, 69.125, 6.25427605211773e-24, nan 
59.875, 69.125, 8.162449937071699e-24, nan 
60.125, 69.125, 1.0150811393438543e-23, nan 
60.375, 69.125, 4.8716682808204864e-24, nan 
60.625, 69.125, 1.0510304822284999e-23, nan 
60.875, 69.125, 1.2936399454962725e-23, nan 
61.125, 69.125, 9.92465017490138e-24, nan 
61.375, 69.125, 1.0334144772789283e-23, nan 
61.625, 69.125, 1.2342063951598791e-23, nan 
61.875, 69.125, 9.04266488096655e-24, nan 
62.125, 69.125, 3.843191851442264e-24, nan 
62.375, 69.125, 4.8366275154168904e-24, nan 
62.625, 69.125, 4.346854323577566e-24, nan 
62.875, 69.125, 3.2032809618965727e-24, nan 
63.125, 69.125, 3.0643222365900645e-24, nan 
63.375, 69.125, 4.025402726268751e-24, nan 
63.625, 69.125, 5.054013144219236e-24, nan 
63.875, 69.125, 4.130162643004747e-24, nan 
64.125, 69.125, 3.2436781549953444e-24, nan 
64.375, 69.125, 4.3410552384784516e-24, nan 
64.625, 69.125, 6.833740660703473e-24, nan 
64.875, 69.125, 6.619259553147151e-24, nan 
65.125, 69.125, 3.3784430232692366e-24, nan 
65.375, 69.125, 6.828312517670557e-24, nan 
65.625, 69.125, 7.00119516681629e-24, nan 
65.875, 69.125, 4.2580014428179205e-24, nan 
66.125, 69.125, 8.79320617165565e-24, nan 
66.375, 69.125, 9.245300056430973e-24, nan 
66.625, 69.125, 4.20785965667311e-24, nan 
66.875, 69.125, 5.8080630898341285e-24, nan 
67.125, 69.125, 5.8846055477971305e-24, nan 
67.375, 69.125, 6.407268157407809e-24, nan 
-140.875, 69.375, 2.2893173615071023e-24, nan 
-140.625, 69.375, 1.90400627645539e-24, nan 
-140.375, 69.375, 1.4128860515300278e-23, nan 
-140.125, 69.375, 2.071847286415706e-24, nan 
-139.875, 69.375, 2.577633848390804e-24, nan 
-139.625, 69.375, 4.25665188664231e-24, nan 
-139.375, 69.375, 3.861744812894052e-24, nan 
-139.125, 69.375, 5.2494004250685164e-24, nan 
-138.875, 69.375, 3.447729277583892e-24, nan 
-138.625, 69.375, 2.1916344272803996e-24, nan 
-138.375, 69.375, 3.5218650790053046e-24, nan 
-138.125, 69.375, 3.7947817615149686e-24, nan 
-137.875, 69.375, 2.7936115996428643e-24, nan 
-137.625, 69.375, 4.4075963910951874e-24, nan 
-137.375, 69.375, 4.859343715358005e-24, nan 
-137.125, 69.375, 3.8345124517324026e-24, nan 
-136.875, 69.375, 4.108581342552035e-24, nan 
-136.625, 69.375, 3.2662387890174908e-24, nan 
-136.375, 69.375, 2.934484753175315e-24, nan 
-136.125, 69.375, 3.872078170060592e-24, nan 
-135.875, 69.375, 4.200540121643236e-24, nan 
-135.625, 69.375, 3.9599213022005125e-24, nan 
-135.375, 69.375, 5.492474029919086e-24, nan 
-135.125, 69.375, 9.663780172746826e-24, nan 
-134.875, 69.375, 1.186029053268571e-23, nan 
-134.625, 69.375, 8.471455407023987e-24, nan 
-134.375, 69.375, 1.0014792415314565e-23, nan 
-134.125, 69.375, 5.213721279127675e-24, nan 
-133.875, 69.375, 1.7765148975660914e-24, nan 
-133.625, 69.375, 9.224409418489708e-24, nan 
-133.375, 69.375, 2.1278010266703644e-24, nan 
-133.125, 69.375, 3.0358774894017933e-24, nan 
-132.875, 69.375, 5.958450832012211e-24, nan 
-132.625, 69.375, 4.569410451072867e-24, nan 
-132.375, 69.375, 4.616869424933241e-24, nan 
-132.125, 69.375, 5.556375450080363e-24, nan 
-131.875, 69.375, 4.108528710911417e-24, nan 
-131.625, 69.375, 5.311263817924472e-24, nan 
-131.375, 69.375, 5.4764952594650015e-24, nan 
-131.125, 69.375, 5.3190673478142775e-24, nan 
-130.875, 69.375, 5.293530581485198e-24, nan 
-130.625, 69.375, 6.079494377721813e-24, nan 
-130.375, 69.375, 8.36937743750359e-24, nan 
-130.125, 69.375, 1.0448134443968753e-23, nan 
-129.875, 69.375, 1.0254129693525252e-23, nan 
-129.625, 69.375, 7.001913992530821e-24, nan 
-129.375, 69.375, 4.6040711319193236e-24, nan 
-129.125, 69.375, 6.066921709509092e-24, nan 
-128.875, 69.375, 1.4894239932179414e-23, nan 
-128.625, 69.375, 2.0190721820122653e-23, nan 
-128.375, 69.375, 2.2652782058774526e-23, nan 
-128.125, 69.375, 2.165452619416296e-23, nan 
-127.875, 69.375, 2.0591456130867798e-23, nan 
-127.625, 69.375, 2.3561900425600742e-23, nan 
-127.375, 69.375, 2.2672232649413146e-23, nan 
-127.125, 69.375, 1.8390378738431547e-23, nan 
-126.875, 69.375, 1.6691659455401896e-23, nan 
-126.625, 69.375, 1.6067238206262452e-23, nan 
-126.375, 69.375, 1.6362773956720282e-23, nan 
-126.125, 69.375, 2.0781883167159445e-23, nan 
-125.875, 69.375, 2.3359992443306996e-23, nan 
-125.625, 69.375, 2.575813140980741e-23, nan 
-125.375, 69.375, 1.5478523358585686e-23, nan 
-125.125, 69.375, 1.682278644967466e-23, nan 
-124.875, 69.375, 1.6134202876854703e-23, nan 
-124.625, 69.375, 1.0757584822852505e-23, nan 
-124.375, 69.375, 1.5865015510085204e-23, nan 
-124.125, 69.375, 1.7860623114931213e-23, nan 
-123.875, 69.375, 1.693975722097964e-23, nan 
-123.625, 69.375, 1.776414118327386e-23, nan 
-123.375, 69.375, 2.9453356502663643e-24, nan 
-123.125, 69.375, 3.65026572365959e-24, nan 
-122.875, 69.375, 5.4571995524100815e-24, nan 
-122.625, 69.375, 4.285915814764317e-24, nan 
-122.375, 69.375, 5.013798501839792e-24, nan 
-122.125, 69.375, 6.2953614911899474e-24, nan 
-121.875, 69.375, 5.225871571233367e-24, nan 
-121.625, 69.375, 4.69030555798201e-24, nan 
-121.375, 69.375, 3.595095920857647e-24, nan 
-121.125, 69.375, 3.1815389960820924e-24, nan 
-120.875, 69.375, 6.814102579945143e-24, nan 
-120.625, 69.375, 1.2675914208646143e-23, nan 
-120.375, 69.375, 1.6446870137822078e-23, nan 
-120.125, 69.375, 3.815823454524109e-24, nan 
-119.875, 69.375, 7.484380207120599e-24, nan 
-119.625, 69.375, 8.621290142850064e-24, nan 
-119.375, 69.375, 2.3332965010595708e-24, nan 
-119.125, 69.375, 2.34134974101669e-24, nan 
-118.875, 69.375, 2.907600170852298e-24, nan 
-118.625, 69.375, 2.9612972750823718e-24, nan 
-118.375, 69.375, 3.580617053550698e-24, nan 
-118.125, 69.375, 3.719431499412892e-24, nan 
-117.875, 69.375, 4.155602794177691e-24, nan 
-117.625, 69.375, 3.443368499102168e-24, nan 
-117.375, 69.375, 4.0347110586467024e-24, nan 
-117.125, 69.375, 5.69359537303907e-24, nan 
-116.875, 69.375, 1.0008966479387027e-23, nan 
-116.625, 69.375, 9.885346439209606e-24, nan 
-116.375, 69.375, 1.0702854143468833e-23, nan 
-116.125, 69.375, 9.057222701916332e-24, nan 
-115.875, 69.375, 6.177133103236981e-24, nan 
-115.625, 69.375, 1.2161531095527033e-23, nan 
-115.375, 69.375, 5.611391155024391e-24, nan 
-115.125, 69.375, 9.126064803264921e-24, nan 
-114.875, 69.375, 1.8069505527689817e-23, nan 
-114.625, 69.375, 1.9804739760913862e-23, nan 
-114.375, 69.375, 1.7371901736189763e-23, nan 
-114.125, 69.375, 1.3670081542045006e-23, nan 
-113.875, 69.375, 1.2189519051276304e-23, nan 
-113.625, 69.375, 1.0907202621521515e-23, nan 
-113.375, 69.375, 7.363645561647551e-24, nan 
-113.125, 69.375, 1.4076233304703716e-23, nan 
-112.875, 69.375, 1.37030116911645e-23, nan 
-112.625, 69.375, 1.5396421068689706e-23, nan 
-112.375, 69.375, 1.9320622691009735e-23, nan 
-112.125, 69.375, 1.6956651382860364e-23, nan 
-111.875, 69.375, 1.4613989354374267e-23, nan 
-111.625, 69.375, 9.88026494559616e-24, nan 
-111.375, 69.375, 5.114069227975556e-24, nan 
-111.125, 69.375, 1.0136534955290835e-23, nan 
-110.875, 69.375, 8.815071222761245e-24, nan 
-110.625, 69.375, 1.0374321605729228e-23, nan 
-110.375, 69.375, 4.945925685127841e-24, nan 
-110.125, 69.375, 8.396425854769778e-24, nan 
-109.875, 69.375, 7.762745659142285e-24, nan 
-109.625, 69.375, 8.533913622254332e-24, nan 
-109.375, 69.375, 5.1454779521571085e-24, nan 
-109.125, 69.375, 6.0316340150898724e-24, nan 
-108.875, 69.375, 6.3604818651507315e-24, nan 
-108.625, 69.375, 5.928072520545612e-24, nan 
-108.375, 69.375, 6.642788608023482e-24, nan 
-108.125, 69.375, 5.54659084101627e-24, nan 
-107.875, 69.375, 4.753060347213908e-24, nan 
-107.625, 69.375, 4.396518414579364e-24, nan 
-107.375, 69.375, 5.220691931306205e-24, nan 
-107.125, 69.375, 4.448518983812825e-24, nan 
-106.875, 69.375, 5.96911734328204e-24, nan 
-106.625, 69.375, 5.6883676494339886e-24, nan 
-106.375, 69.375, 3.4594963027389606e-24, nan 
-106.125, 69.375, 3.639633162225878e-24, nan 
-105.875, 69.375, 5.460290225891466e-24, nan 
-105.625, 69.375, 7.822476197669747e-24, nan 
-105.375, 69.375, 8.677837096557365e-24, nan 
-105.125, 69.375, 1.2888398262171206e-23, nan 
-104.875, 69.375, 8.200511001475347e-24, nan 
-104.625, 69.375, 8.989359128664354e-24, nan 
-104.375, 69.375, 1.0824021821210562e-23, nan 
-104.125, 69.375, 1.041555071339182e-23, nan 
-103.875, 69.375, 7.811500767568492e-24, nan 
-103.625, 69.375, 9.30321642747236e-24, nan 
-103.375, 69.375, 9.673821028312683e-24, nan 
-103.125, 69.375, 8.215339202949881e-24, nan 
-102.875, 69.375, 6.869029186472092e-24, nan 
-102.625, 69.375, 7.906129954473003e-24, nan 
-102.375, 69.375, 8.694270282599478e-24, nan 
-102.125, 69.375, 5.94271118905055e-24, nan 
-101.875, 69.375, 5.519551104059813e-24, nan 
-101.625, 69.375, 8.425132775215271e-24, nan 
-101.375, 69.375, 8.884780486391756e-24, nan 
-101.125, 69.375, 7.654806297328735e-24, nan 
-100.875, 69.375, 8.127616216540469e-24, nan 
-100.625, 69.375, 8.085547007904588e-24, nan 
-100.375, 69.375, 1.0592253779688762e-23, nan 
-100.125, 69.375, 1.3601209411490565e-23, nan 
-99.875, 69.375, 9.104561740214715e-24, nan 
-99.625, 69.375, 8.766170221575385e-24, nan 
-99.375, 69.375, 1.2325240421881812e-23, nan 
-99.125, 69.375, 1.1764069787697809e-23, nan 
-98.875, 69.375, 8.643080339498246e-24, nan 
-98.625, 69.375, 1.0189939658109854e-23, nan 
-98.375, 69.375, 7.866128262751063e-24, nan 
-98.125, 69.375, 7.313104854616297e-24, nan 
-97.875, 69.375, 1.2281415351629932e-23, nan 
-97.625, 69.375, 1.3165916035528654e-23, nan 
-97.375, 69.375, 1.213133851050837e-23, nan 
-97.125, 69.375, 1.58818334348787e-23, nan 
-96.875, 69.375, 1.9525537668041086e-23, nan 
-96.625, 69.375, 2.170802859459285e-23, nan 
-96.375, 69.375, 2.1720773903939406e-23, nan 
-96.125, 69.375, 2.4814635998337878e-23, nan 
-95.875, 69.375, 3.173787611333055e-23, nan 
-95.625, 69.375, 2.691731632626327e-23, nan 
-95.375, 69.375, 2.5042038681504672e-23, nan 
-95.125, 69.375, 2.549542795263858e-23, nan 
-94.875, 69.375, 2.2857473464611362e-23, nan 
-94.625, 69.375, 2.006425158076575e-23, nan 
-94.375, 69.375, 2.3486469288496628e-23, nan 
-94.125, 69.375, 2.3093273745936035e-23, nan 
-93.875, 69.375, 2.0869016488858656e-23, nan 
-93.625, 69.375, 1.901530698459447e-23, nan 
-93.375, 69.375, 1.5938736763016686e-23, nan 
-93.125, 69.375, 1.5251366871620928e-23, nan 
-92.875, 69.375, 2.0797396712963667e-23, nan 
-92.625, 69.375, 1.8915345186917826e-23, nan 
-92.375, 69.375, 1.613123439378923e-23, nan 
-92.125, 69.375, 1.2981272839055724e-23, nan 
-91.875, 69.375, 1.671211819888119e-23, nan 
-91.625, 69.375, 2.0401741710032495e-23, nan 
-91.375, 69.375, 2.132196329159001e-23, nan 
-91.125, 69.375, 1.9432428936068062e-23, nan 
-90.875, 69.375, 2.3007400055234347e-23, nan 
-90.625, 69.375, 2.1434727029315746e-23, nan 
-90.375, 69.375, 2.0662215519077292e-23, nan 
-90.125, 69.375, 3.016256063066484e-23, nan 
-89.875, 69.375, 2.0599621482368338e-23, nan 
-89.625, 69.375, 2.3320263720173473e-23, nan 
-89.375, 69.375, 2.4930683922564927e-23, nan 
-89.125, 69.375, 2.2586553092084056e-23, nan 
-88.875, 69.375, 2.142223787945787e-23, nan 
-88.625, 69.375, 2.1211872752773444e-23, nan 
-88.375, 69.375, 1.9520541314228318e-23, nan 
-88.125, 69.375, 2.256633526625564e-23, nan 
-87.875, 69.375, 2.5168159960408276e-23, nan 
-87.625, 69.375, 2.736274446113365e-23, nan 
-87.375, 69.375, 3.10510002026607e-23, nan 
-87.125, 69.375, 2.3905685606074817e-23, nan 
-86.875, 69.375, 1.6637983058609527e-23, nan 
-86.625, 69.375, 4.0716981671727254e-23, nan 
-86.375, 69.375, 4.9226452428029845e-23, nan 
-86.125, 69.375, 4.07326038247975e-23, nan 
-85.875, 69.375, 5.320426759989308e-23, nan 
-85.625, 69.375, 7.490300987857244e-23, nan 
-85.375, 69.375, 6.556108548239398e-23, nan 
-85.125, 69.375, 3.8201457407981695e-23, nan 
-84.875, 69.375, 5.609744312403904e-23, nan 
-84.625, 69.375, 5.495542493155252e-23, nan 
-84.375, 69.375, 4.066860221366429e-23, nan 
-84.125, 69.375, 3.5627398384338195e-23, nan 
-83.875, 69.375, 3.500794989308574e-23, nan 
-83.625, 69.375, 3.838276783413051e-23, nan 
-83.375, 69.375, 3.693751774913844e-23, nan 
-83.125, 69.375, 3.4464967113349494e-23, nan 
-82.875, 69.375, 3.4235111953465166e-23, nan 
-82.625, 69.375, 2.880227485640623e-23, nan 
-82.375, 69.375, 2.4936106162874578e-23, nan 
-82.125, 69.375, 2.6765244423330514e-23, nan 
-81.875, 69.375, 2.791608024235365e-23, nan 
-81.625, 69.375, 3.016218944259679e-23, nan 
-81.375, 69.375, 2.794767448833736e-23, nan 
-81.125, 69.375, 2.811791166683295e-23, nan 
-80.875, 69.375, 2.657498137786446e-23, nan 
-80.625, 69.375, 2.1513782968500477e-23, nan 
-80.375, 69.375, 2.048782009954776e-23, nan 
-80.125, 69.375, 1.523242214042053e-23, nan 
-79.875, 69.375, 1.896143380879202e-23, nan 
-79.625, 69.375, 2.3073116896179843e-23, nan 
-79.375, 69.375, 2.1333154975047664e-23, nan 
-79.125, 69.375, 2.6349720886149415e-23, nan 
-78.875, 69.375, 3.26769871506527e-23, nan 
-78.625, 69.375, 3.834041874131531e-23, nan 
-78.375, 69.375, 4.308427764806766e-23, nan 
-78.125, 69.375, 3.2172869448862575e-23, nan 
-77.875, 69.375, 4.214738378420351e-23, nan 
-77.625, 69.375, 4.171569918838882e-23, nan 
-77.375, 69.375, 2.4541062932600164e-23, nan 
-77.125, 69.375, 1.842174479318101e-23, nan 
-76.875, 69.375, 1.817323964322408e-23, nan 
-76.625, 69.375, 1.6106223286425796e-23, nan 
-76.375, 69.375, 8.699835024394712e-24, nan 
-76.125, 69.375, 9.805625282317051e-24, nan 
-75.875, 69.375, 1.6147290461528142e-23, nan 
-75.625, 69.375, 1.74374893038958e-23, nan 
-75.375, 69.375, 2.6482960884270373e-23, nan 
-75.125, 69.375, 2.931203457493393e-23, nan 
-74.875, 69.375, 5.983611844405781e-23, nan 
-74.625, 69.375, 5.503014953718564e-23, nan 
-74.375, 69.375, 7.26970762855148e-23, nan 
-74.125, 69.375, 6.683761819295605e-23, nan 
-73.875, 69.375, 6.225398577771654e-23, nan 
-73.625, 69.375, 7.062232846360027e-23, nan 
-73.375, 69.375, 5.049030963752519e-23, nan 
-73.125, 69.375, 3.6353566077397236e-23, nan 
-72.875, 69.375, 3.3759016999671034e-23, nan 
-72.625, 69.375, 3.6649298575197674e-23, nan 
-72.375, 69.375, 4.644908305258213e-23, nan 
-72.125, 69.375, 4.1898870702532203e-23, nan 
-71.875, 69.375, 3.884613811432634e-23, nan 
-71.625, 69.375, 4.5797882415700044e-23, nan 
-71.375, 69.375, 4.2083086193484405e-23, nan 
-71.125, 69.375, 4.492667413460171e-23, nan 
-70.875, 69.375, 4.886306672673767e-23, nan 
-70.625, 69.375, 5.448702569556524e-23, nan 
-70.375, 69.375, 5.629095706338959e-23, nan 
-70.125, 69.375, 5.877657030523693e-23, nan 
-69.875, 69.375, 6.419180444694693e-23, nan 
-69.625, 69.375, 6.502350043239118e-23, nan 
-69.375, 69.375, 6.423828316227201e-23, nan 
-69.125, 69.375, 6.369450395967727e-23, nan 
-68.875, 69.375, 5.573428274030827e-23, nan 
-68.625, 69.375, 6.278236903881329e-23, nan 
-68.375, 69.375, 6.670517595503742e-23, nan 
-68.125, 69.375, 4.487245806944747e-23, nan 
-67.875, 69.375, 5.160426699944877e-23, nan 
-67.625, 69.375, 4.953138225268567e-23, nan 
-67.375, 69.375, 4.8443232584036846e-23, nan 
-67.125, 69.375, 4.395258715713115e-23, nan 
-66.875, 69.375, 4.05349245412737e-23, nan 
-66.625, 69.375, 6.401812930719441e-23, nan 
-66.375, 69.375, 6.866945779007193e-23, nan 
-66.125, 69.375, 6.482133222778942e-23, nan 
-65.875, 69.375, 7.235899270904857e-23, nan 
-65.625, 69.375, 7.304399205746194e-23, nan 
-65.375, 69.375, 8.283323648528147e-23, nan 
-65.125, 69.375, 8.575183987161801e-23, nan 
-64.875, 69.375, 9.70259109393739e-23, nan 
-64.625, 69.375, 1.3178530475441407e-22, nan 
-64.375, 69.375, 9.16566188849826e-23, nan 
-64.125, 69.375, 1.091085465313778e-22, nan 
-63.875, 69.375, 1.2521231029198054e-22, nan 
-63.625, 69.375, 1.32609703639632e-22, nan 
-63.375, 69.375, 1.0722530212285501e-22, nan 
-63.125, 69.375, 7.001435477426902e-23, nan 
-62.875, 69.375, 1.043097694125396e-22, nan 
-62.625, 69.375, 9.088379522301563e-23, nan 
-62.375, 69.375, 6.851922424137436e-23, nan 
-62.125, 69.375, 7.387430529642183e-23, nan 
-61.875, 69.375, 6.947485310882318e-23, nan 
-61.625, 69.375, 8.154269392294022e-23, nan 
-61.375, 69.375, 1.0562739691753544e-22, nan 
-61.125, 69.375, 1.43108129073235e-22, nan 
-60.875, 69.375, 2.554859880574146e-22, nan 
-60.625, 69.375, 2.1094490975838864e-22, nan 
-60.375, 69.375, 1.077075368523434e-22, nan 
-60.125, 69.375, 9.129135833314419e-23, nan 
-59.875, 69.375, 9.998226763961365e-23, nan 
-59.625, 69.375, 1.579247125631877e-22, nan 
-59.375, 69.375, 1.301987209931714e-22, nan 
-59.125, 69.375, 7.042848172188296e-23, nan 
-58.875, 69.375, 1.1264273086973004e-22, nan 
-58.625, 69.375, 1.1584255123643073e-22, nan 
-58.375, 69.375, 1.3467284881296304e-22, nan 
-58.125, 69.375, 1.7612766125498111e-22, nan 
-57.875, 69.375, 1.1090064011040048e-22, nan 
-57.625, 69.375, 1.216247988467428e-22, nan 
-57.375, 69.375, 2.0304921823397987e-22, nan 
-57.125, 69.375, 1.4833896597688184e-22, nan 
-56.875, 69.375, 1.555217277726233e-22, nan 
-56.625, 69.375, 1.6393860521752404e-22, nan 
-56.375, 69.375, 2.0253315283795164e-22, nan 
-56.125, 69.375, 2.061042942417471e-22, nan 
-55.875, 69.375, 1.7922682727328337e-22, nan 
-55.625, 69.375, 1.9995741372959432e-22, nan 
-55.375, 69.375, 2.0210133965690406e-22, nan 
-55.125, 69.375, 1.3771887480291586e-22, nan 
-54.875, 69.375, 1.675322831883116e-22, nan 
-54.625, 69.375, 1.8219794501507267e-22, nan 
-54.375, 69.375, 1.3127543929282642e-22, nan 
-54.125, 69.375, 2.5003338213240387e-22, nan 
-53.875, 69.375, 2.4165239577537276e-22, nan 
-53.625, 69.375, 3.016354533216087e-22, nan 
-53.375, 69.375, 3.3819685373371325e-22, nan 
-53.125, 69.375, 2.8863845450461546e-22, nan 
-52.875, 69.375, 2.2704982123849734e-22, nan 
-52.625, 69.375, 1.951135029656003e-22, nan 
-52.375, 69.375, 2.0201648082604978e-22, nan 
-52.125, 69.375, 2.57953176173059e-22, nan 
-51.875, 69.375, 4.407554449227335e-22, nan 
-51.625, 69.375, 3.2977975959809006e-22, nan 
-51.375, 69.375, 2.7103626411582745e-22, nan 
-51.125, 69.375, 2.8554855918576554e-22, nan 
-50.875, 69.375, 3.880860152905306e-22, nan 
-50.625, 69.375, 2.4030101899975837e-22, nan 
-50.375, 69.375, 3.3230550737423864e-22, nan 
-50.125, 69.375, 4.430367895843984e-22, nan 
-49.875, 69.375, 3.539891226036105e-22, nan 
-49.625, 69.375, 2.482954011822763e-22, nan 
-49.375, 69.375, 1.9670557298375437e-22, nan 
-49.125, 69.375, 3.219907678689888e-22, nan 
-48.875, 69.375, 2.532493914703572e-22, nan 
-48.625, 69.375, 2.2523211120207466e-22, nan 
-48.375, 69.375, 3.207693347470408e-22, nan 
-48.125, 69.375, 2.8299556294967876e-22, nan 
-47.875, 69.375, 3.6029047387320114e-22, nan 
-47.625, 69.375, 6.428301258346661e-22, nan 
-47.375, 69.375, 3.834681265840902e-22, nan 
-47.125, 69.375, 2.887896036426866e-22, nan 
-46.875, 69.375, 3.7122829902622985e-22, nan 
-46.625, 69.375, 2.8770562545797427e-22, nan 
-46.375, 69.375, 2.305088954656041e-22, nan 
-46.125, 69.375, 1.286891324791668e-22, nan 
-45.875, 69.375, 4.705944182393934e-22, nan 
-45.625, 69.375, 4.375125508113999e-22, nan 
-45.375, 69.375, 2.196870123862509e-22, nan 
-45.125, 69.375, 7.120266914631705e-22, nan 
-44.875, 69.375, 8.284751866020684e-22, nan 
-44.625, 69.375, 6.438346057084333e-22, nan 
-44.375, 69.375, 5.988309311462339e-22, nan 
-44.125, 69.375, 5.918082759020381e-22, nan 
-43.875, 69.375, 6.567534233750511e-22, nan 
-43.625, 69.375, 6.3243216213465665e-22, nan 
-43.375, 69.375, 1.5911296337467019e-21, nan 
-43.125, 69.375, 1.7946539527774775e-21, nan 
-42.875, 69.375, 1.8870754111419656e-21, nan 
-42.625, 69.375, 1.2433207079211903e-21, nan 
-42.375, 69.375, 1.3785520777118338e-21, nan 
-42.125, 69.375, 1.6053903371316913e-21, nan 
-41.875, 69.375, 9.426290439949e-22, nan 
-41.625, 69.375, 7.0201838026570905e-22, nan 
-41.375, 69.375, 3.656150071640617e-22, nan 
-41.125, 69.375, 7.338845470518303e-22, nan 
-40.875, 69.375, 9.465623065951633e-22, nan 
-40.625, 69.375, 5.904299541024162e-22, nan 
-40.375, 69.375, 7.525942587405228e-22, nan 
-40.125, 69.375, 9.838056779359652e-22, nan 
-39.875, 69.375, 5.438976132994586e-22, nan 
-39.625, 69.375, 3.040515262888496e-22, nan 
-39.375, 69.375, 8.691028270206118e-22, nan 
-39.125, 69.375, 6.537495749057935e-22, nan 
-38.875, 69.375, 1.3533755454171277e-21, nan 
-38.625, 69.375, 2.205315928984882e-22, nan 
-38.375, 69.375, 5.168522673890732e-22, nan 
-38.125, 69.375, 9.17833218061704e-22, nan 
-37.875, 69.375, 6.07108821715371e-22, nan 
-37.625, 69.375, 7.8444154348245455e-22, nan 
-37.375, 69.375, 1.0520946755873464e-21, nan 
-37.125, 69.375, 1.7797385362052083e-21, nan 
-36.875, 69.375, 1.416993929013363e-21, nan 
-36.625, 69.375, 1.4546416085279516e-21, nan 
-36.375, 69.375, 1.572369648348614e-21, nan 
-36.125, 69.375, 1.822344982080925e-21, nan 
-35.875, 69.375, 6.958860163000595e-22, nan 
-35.625, 69.375, 1.3565578604152106e-21, nan 
-35.375, 69.375, 2.8544839959347882e-21, nan 
-35.125, 69.375, 1.7108609593191942e-21, nan 
-34.875, 69.375, 1.915310401784991e-21, nan 
-34.625, 69.375, 4.461245537717622e-22, nan 
-34.375, 69.375, 1.3576967282303464e-21, nan 
-34.125, 69.375, 3.3848450162666297e-22, nan 
-33.875, 69.375, 1.0514695259959698e-21, nan 
-33.625, 69.375, 6.493982000626293e-22, nan 
-33.375, 69.375, 3.677607210800376e-22, nan 
-33.125, 69.375, 1.055551850813788e-21, nan 
-32.875, 69.375, 4.640249559720611e-22, nan 
-32.625, 69.375, 6.329203951797187e-22, nan 
-32.375, 69.375, 2.3698755861164683e-21, nan 
-32.125, 69.375, 1.1980954769876842e-21, nan 
-31.875, 69.375, 1.6593063198343647e-21, nan 
-31.625, 69.375, 2.1263568425645356e-21, nan 
-31.375, 69.375, 2.063369745381734e-21, nan 
-31.125, 69.375, 4.245168390072725e-21, nan 
-30.875, 69.375, 2.0464792380048307e-21, nan 
-30.625, 69.375, 1.4252896664889004e-21, nan 
-30.375, 69.375, 7.911241128392863e-21, nan 
-30.125, 69.375, 1.9420375867024155e-21, nan 
-29.875, 69.375, 2.3029950279356185e-21, nan 
-29.625, 69.375, 4.416935243371028e-21, nan 
-29.375, 69.375, 3.593993705721131e-21, nan 
-29.125, 69.375, 3.747697937501195e-21, nan 
-28.875, 69.375, 4.4522951128602245e-21, nan 
-28.625, 69.375, 3.820382059096064e-21, nan 
-28.375, 69.375, 3.598003063813587e-21, nan 
-28.125, 69.375, 4.598738866513868e-21, nan 
-27.875, 69.375, 2.5484447158252244e-21, nan 
-27.625, 69.375, 3.445205198495349e-21, nan 
-27.375, 69.375, 4.357886544417807e-21, nan 
-27.125, 69.375, 4.438195579876828e-21, nan 
-26.875, 69.375, 1.488957334249915e-21, nan 
-26.625, 69.375, 4.444058155978631e-21, nan 
-26.375, 69.375, 7.118779000776624e-21, nan 
-26.125, 69.375, 6.170457350764962e-21, nan 
-25.875, 69.375, 4.354748378131833e-21, nan 
-25.625, 69.375, 6.785823350109691e-21, nan 
-25.375, 69.375, 5.319570718446759e-21, nan 
-25.125, 69.375, 1.1148192366596038e-21, nan 
-24.875, 69.375, 9.302916033129718e-22, nan 
-24.625, 69.375, 7.071955153433222e-22, nan 
-24.375, 69.375, 6.704853457051667e-22, nan 
-24.125, 69.375, 4.694069273735275e-22, nan 
-23.875, 69.375, 1.6088612729827946e-21, nan 
-23.625, 69.375, 8.541758708897395e-22, nan 
-23.375, 69.375, 1.2844527161453549e-21, nan 
-23.125, 69.375, 2.0280005209096354e-21, nan 
-22.875, 69.375, 1.749221262616077e-21, nan 
-22.625, 69.375, 2.4966872838582993e-21, nan 
-22.375, 69.375, 2.4374454618663948e-21, nan 
-22.125, 69.375, 2.2738888760506478e-21, nan 
-21.875, 69.375, 2.472557085228952e-21, nan 
-21.625, 69.375, 3.4766539737802205e-21, nan 
-21.375, 69.375, 2.8824369051691027e-21, nan 
-21.125, 69.375, 1.8353905003140386e-21, nan 
-20.875, 69.375, 3.0628033822810574e-21, nan 
-20.625, 69.375, 3.192193118626831e-21, nan 
-20.375, 69.375, 1.6805712813484595e-21, nan 
-20.125, 69.375, 2.3620000848686576e-21, nan 
-19.875, 69.375, 2.3288984578655475e-21, nan 
-19.625, 69.375, 1.1939356401361258e-21, nan 
-19.375, 69.375, 1.1161617579239474e-21, nan 
-19.125, 69.375, 6.483822092896086e-22, nan 
-18.875, 69.375, 1.503134603680352e-21, nan 
-18.625, 69.375, 1.5275856448927385e-21, nan 
-18.375, 69.375, 1.299943409442126e-21, nan 
-18.125, 69.375, 1.3552121809993356e-21, nan 
-17.875, 69.375, 1.7430869247573486e-21, nan 
-17.625, 69.375, 1.905907037279809e-21, nan 
-17.375, 69.375, 1.1645048914173062e-21, nan 
-17.125, 69.375, 1.0572987858534347e-21, nan 
-16.875, 69.375, 1.3767585912848563e-21, nan 
-16.625, 69.375, 1.245847075581003e-21, nan 
-16.375, 69.375, 1.5945567481956819e-21, nan 
-16.125, 69.375, 2.590502318338559e-21, nan 
-15.875, 69.375, 1.0877346603987998e-21, nan 
-15.625, 69.375, 1.412764111310972e-21, nan 
-15.375, 69.375, 1.6063593782545524e-21, nan 
-15.125, 69.375, 9.61225979813871e-22, nan 
-14.875, 69.375, 1.67802031523154e-21, nan 
-14.625, 69.375, 9.70205863210927e-22, nan 
-14.375, 69.375, 1.1522423138439636e-21, nan 
-14.125, 69.375, 1.3884964246049024e-21, nan 
-13.875, 69.375, 1.873830615826038e-21, nan 
-13.625, 69.375, 1.7563935313538e-21, nan 
-13.375, 69.375, 1.6250163712217023e-21, nan 
-13.125, 69.375, 1.8300265093381874e-21, nan 
-12.875, 69.375, 1.507825067187298e-21, nan 
-12.625, 69.375, 1.310336779290724e-21, nan 
-12.375, 69.375, 9.70560309940217e-22, nan 
-12.125, 69.375, 1.3895759741048416e-21, nan 
-11.875, 69.375, 1.1542294094683305e-21, nan 
-11.625, 69.375, 9.753510049283398e-22, nan 
-11.375, 69.375, 1.5595733748984376e-21, nan 
-11.125, 69.375, 1.3747427286014098e-21, nan 
-10.875, 69.375, 9.221654980274963e-22, nan 
-10.625, 69.375, 8.4646948890268485e-22, nan 
-10.375, 69.375, 1.0096960151916978e-21, nan 
-10.125, 69.375, 5.018468018960972e-22, nan 
-9.875, 69.375, 1.3545183877772731e-21, nan 
-9.625, 69.375, 3.1489621677847186e-21, nan 
-9.375, 69.375, 4.015730156438142e-21, nan 
-9.125, 69.375, 4.83469485123997e-21, nan 
-8.875, 69.375, 4.9992844333431725e-21, nan 
-8.625, 69.375, 4.8403452966330085e-21, nan 
-8.375, 69.375, 5.3990497721803295e-21, nan 
-8.125, 69.375, 5.704737271916365e-21, nan 
-7.875, 69.375, 5.670433809422889e-21, nan 
-7.625, 69.375, 5.502870898372638e-21, nan 
-7.375, 69.375, 4.6108554486449485e-21, nan 
-7.125, 69.375, 2.9453739985897462e-21, nan 
-6.875, 69.375, 2.3892849719595202e-21, nan 
-6.625, 69.375, 2.410418113570424e-21, nan 
-6.375, 69.375, 2.4557485423607637e-21, nan 
-6.125, 69.375, 1.856817208949999e-21, nan 
-5.875, 69.375, 1.3207626001173147e-21, nan 
-5.625, 69.375, 3.6277142262639672e-22, nan 
-5.375, 69.375, 6.507942158099028e-22, nan 
-5.125, 69.375, 4.856115050639946e-22, nan 
-4.875, 69.375, 7.346237486966277e-22, nan 
-4.625, 69.375, 1.173398718459496e-21, nan 
-4.375, 69.375, 5.463298696700402e-22, nan 
-4.125, 69.375, 8.138483667709911e-22, nan 
-3.875, 69.375, 1.3534412333686765e-21, nan 
-3.625, 69.375, 1.1660703459626049e-21, nan 
-3.375, 69.375, 1.2386437189343261e-21, nan 
-3.125, 69.375, 9.414873893313875e-22, nan 
-2.875, 69.375, 6.810612651740466e-22, nan 
-2.625, 69.375, 9.78591166615674e-22, nan 
-2.375, 69.375, 1.2820413090243265e-21, nan 
-2.125, 69.375, 1.1529994810604489e-21, nan 
-1.875, 69.375, 5.0924050385235e-22, nan 
-1.625, 69.375, 5.322546802766913e-22, nan 
-1.375, 69.375, 4.828821599091582e-22, nan 
-1.125, 69.375, 3.255011634550979e-22, nan 
-0.875, 69.375, 6.1730807666801715e-22, nan 
-0.625, 69.375, 3.4561454787258165e-22, nan 
-0.375, 69.375, 3.5909871100758784e-22, nan 
-0.125, 69.375, 5.459521090805378e-22, nan 
0.125, 69.375, 2.0072138623725451e-22, nan 
0.375, 69.375, 3.743943507054646e-22, nan 
0.625, 69.375, 3.65605279217272e-22, nan 
0.875, 69.375, 2.686558715936542e-22, nan 
1.125, 69.375, 1.9519497193865573e-22, nan 
1.375, 69.375, 2.5317296864389235e-22, nan 
1.625, 69.375, 3.6122158920493983e-22, nan 
1.875, 69.375, 6.418073065761271e-22, nan 
2.125, 69.375, 3.7547926784750506e-22, nan 
2.375, 69.375, 3.222055034918262e-22, nan 
2.625, 69.375, 8.284574324656923e-22, nan 
2.875, 69.375, 4.273477514472812e-22, nan 
3.125, 69.375, 3.1466277155288605e-22, nan 
3.375, 69.375, 2.5494227904199225e-22, nan 
3.625, 69.375, 2.941403573637516e-22, nan 
3.875, 69.375, 3.3277627987375545e-22, nan 
4.125, 69.375, 3.1821495030997873e-22, nan 
4.375, 69.375, 3.1221348841019223e-22, nan 
4.625, 69.375, 3.121397400507283e-22, nan 
4.875, 69.375, 3.0008926608461345e-22, nan 
5.125, 69.375, 2.755713689751335e-22, nan 
5.375, 69.375, 2.3239701827240557e-22, nan 
5.625, 69.375, 2.512339122164478e-22, nan 
5.875, 69.375, 2.110451106956867e-22, nan 
6.125, 69.375, 1.5531021428856413e-22, nan 
6.375, 69.375, 1.2755374329772364e-22, nan 
6.625, 69.375, 1.8931501123067086e-22, nan 
6.875, 69.375, 1.8672309186894273e-22, nan 
7.125, 69.375, 1.7829636854551933e-22, nan 
7.375, 69.375, 1.3760525285724272e-22, nan 
7.625, 69.375, 1.806324258666841e-22, nan 
7.875, 69.375, 2.922876404637736e-22, nan 
8.125, 69.375, 2.1477234535201457e-22, nan 
8.375, 69.375, 1.2605036185550513e-22, nan 
8.625, 69.375, 1.039378783528262e-22, nan 
8.875, 69.375, 2.0725908439564448e-22, nan 
9.125, 69.375, 4.278148765844599e-22, nan 
9.375, 69.375, 4.0780771462461407e-22, nan 
9.625, 69.375, 2.978211132114594e-22, nan 
9.875, 69.375, 2.1362171256182084e-22, nan 
10.125, 69.375, 1.5489004927757935e-22, nan 
10.375, 69.375, 1.598804441595841e-22, nan 
10.625, 69.375, 1.8124863476429704e-22, nan 
10.875, 69.375, 1.1535011199229898e-22, nan 
11.125, 69.375, 6.24977011502215e-23, nan 
11.375, 69.375, 7.863345874942157e-23, nan 
11.625, 69.375, 8.226737768502611e-23, nan 
11.875, 69.375, 1.4536115936432972e-22, nan 
12.125, 69.375, 1.4285718815785345e-22, nan 
12.375, 69.375, 1.7958730252901698e-22, nan 
12.625, 69.375, 1.3232925468716952e-22, nan 
12.875, 69.375, 1.4888232992621287e-22, nan 
13.125, 69.375, 1.345189188307074e-22, nan 
13.375, 69.375, 9.567583353332293e-23, nan 
13.625, 69.375, 1.3634498415711574e-22, nan 
13.875, 69.375, 1.1253523255124258e-22, nan 
14.125, 69.375, 9.696939109386409e-23, nan 
14.375, 69.375, 7.250905224013092e-23, nan 
14.625, 69.375, 1.933711443619647e-22, nan 
14.875, 69.375, 1.8402030618285986e-22, nan 
15.125, 69.375, 7.17734086051544e-23, nan 
15.375, 69.375, 1.8512713598055548e-22, nan 
15.625, 69.375, 5.0044423533731594e-23, nan 
15.875, 69.375, 7.73716451955183e-23, nan 
16.125, 69.375, 1.6270073434632424e-22, nan 
16.375, 69.375, 1.3359041328977237e-22, nan 
16.625, 69.375, 7.961685142277543e-23, nan 
16.875, 69.375, 1.3443485438315166e-22, nan 
17.125, 69.375, 1.4167897597432614e-22, nan 
17.375, 69.375, 8.539165195118421e-23, nan 
17.625, 69.375, 1.2461061973755172e-22, nan 
17.875, 69.375, 6.639588022344149e-23, nan 
18.125, 69.375, 8.679828840771523e-23, nan 
18.375, 69.375, 1.070109740791835e-22, nan 
18.625, 69.375, 7.076263030741967e-23, nan 
18.875, 69.375, 6.395739198232398e-23, nan 
19.125, 69.375, 7.36423186313046e-23, nan 
19.375, 69.375, 9.196421954807504e-23, nan 
19.625, 69.375, 5.136344449971842e-23, nan 
19.875, 69.375, 8.021281530699489e-23, nan 
20.125, 69.375, 8.234992148108216e-23, nan 
20.375, 69.375, 5.741995937220655e-23, nan 
20.625, 69.375, 4.9606886460205147e-23, nan 
20.875, 69.375, 6.85929949047119e-23, nan 
21.125, 69.375, 7.247681803484686e-23, nan 
21.375, 69.375, 7.890500402192579e-23, nan 
21.625, 69.375, 7.975462031223584e-23, nan 
21.875, 69.375, 9.368287666588191e-23, nan 
22.125, 69.375, 8.07842929700923e-23, nan 
22.375, 69.375, 7.57833775495361e-23, nan 
22.625, 69.375, 5.596905377075253e-23, nan 
22.875, 69.375, 4.709650459324326e-23, nan 
23.125, 69.375, 8.847361358395993e-23, nan 
23.375, 69.375, 5.69389002726833e-23, nan 
23.625, 69.375, 1.45644792518621e-23, nan 
23.875, 69.375, 3.5877924873045184e-23, nan 
24.125, 69.375, 4.188968222893299e-23, nan 
24.375, 69.375, 4.1463423455173573e-23, nan 
24.625, 69.375, 5.574903761340427e-23, nan 
24.875, 69.375, 5.195275614380794e-23, nan 
25.125, 69.375, 4.1508108154007736e-23, nan 
25.375, 69.375, 2.317225707375414e-23, nan 
25.625, 69.375, 6.328602159190202e-23, nan 
25.875, 69.375, 6.481836041563264e-23, nan 
26.125, 69.375, 9.529727248544415e-23, nan 
26.375, 69.375, 8.647958321094184e-23, nan 
26.625, 69.375, 7.426963888441681e-23, nan 
26.875, 69.375, 6.083387928497092e-23, nan 
27.125, 69.375, 6.595491446433155e-23, nan 
27.375, 69.375, 8.087832633065719e-23, nan 
27.625, 69.375, 8.463094864456289e-23, nan 
27.875, 69.375, 4.13306061417833e-23, nan 
28.125, 69.375, 3.3280533139488036e-23, nan 
28.375, 69.375, 4.440419575894537e-23, nan 
28.625, 69.375, 4.483534583514152e-23, nan 
28.875, 69.375, 7.036708775279317e-23, nan 
29.125, 69.375, 2.452402629802102e-23, nan 
29.375, 69.375, 1.6194677960571163e-23, nan 
29.625, 69.375, 1.7313599247467477e-23, nan 
29.875, 69.375, 1.206306539962175e-23, nan 
30.125, 69.375, 9.043253771019444e-24, nan 
30.375, 69.375, 1.2699607909040634e-23, nan 
30.625, 69.375, 1.101805967483202e-23, nan 
30.875, 69.375, 8.451234453684832e-24, nan 
31.125, 69.375, 8.267678292684655e-24, nan 
31.375, 69.375, 1.743863800624266e-23, nan 
31.625, 69.375, 8.369339258469753e-24, nan 
31.875, 69.375, 1.446338878550887e-23, nan 
32.125, 69.375, 3.0393539522455914e-23, nan 
32.375, 69.375, 2.2907337466469752e-23, nan 
32.625, 69.375, 1.8419387793016622e-23, nan 
32.875, 69.375, 1.7388872802810062e-23, nan 
33.125, 69.375, 2.7912179194690114e-23, nan 
33.375, 69.375, 3.0285306716151874e-23, nan 
33.625, 69.375, 2.2745891887978727e-23, nan 
33.875, 69.375, 2.7780133058420156e-23, nan 
34.125, 69.375, 3.387162536627052e-23, nan 
34.375, 69.375, 2.3773984168004878e-23, nan 
34.625, 69.375, 1.1372635970661088e-23, nan 
34.875, 69.375, 1.5093387127436296e-23, nan 
35.125, 69.375, 2.997623509319637e-23, nan 
35.375, 69.375, 1.3793910807408225e-23, nan 
35.625, 69.375, 1.4112460558114082e-23, nan 
35.875, 69.375, 1.5136998268717448e-23, nan 
36.125, 69.375, 1.9858299607928343e-23, nan 
36.375, 69.375, 3.435809210073876e-23, nan 
36.625, 69.375, 2.1974045362949523e-23, nan 
36.875, 69.375, 2.880421237478755e-23, nan 
37.125, 69.375, 7.023252729811242e-23, nan 
37.375, 69.375, 4.9016054625570453e-23, nan 
37.625, 69.375, 3.089109655336333e-23, nan 
37.875, 69.375, 6.747362274280658e-23, nan 
38.125, 69.375, 6.06140770795356e-23, nan 
38.375, 69.375, 2.6539790070380974e-23, nan 
38.625, 69.375, 1.865975248506158e-23, nan 
38.875, 69.375, 2.5057346610034238e-23, nan 
39.125, 69.375, 2.1259288818287331e-23, nan 
39.375, 69.375, 2.956486610488571e-23, nan 
39.625, 69.375, 3.540260895455293e-23, nan 
39.875, 69.375, 2.996017894291147e-23, nan 
40.125, 69.375, 4.895019789334719e-23, nan 
40.375, 69.375, 8.386248124022488e-23, nan 
40.625, 69.375, 1.9046796345963286e-22, nan 
40.875, 69.375, 2.0333044424966354e-22, nan 
41.125, 69.375, 1.41566382137759e-22, nan 
41.375, 69.375, 3.9778723191637074e-22, nan 
41.625, 69.375, 3.680516694961756e-22, nan 
41.875, 69.375, 7.779982268719735e-23, nan 
42.125, 69.375, 2.029419614008176e-22, nan 
42.375, 69.375, 1.7022328539454243e-22, nan 
42.625, 69.375, 5.479224693304808e-23, nan 
42.875, 69.375, 5.588088169645475e-23, nan 
43.125, 69.375, 4.209100799968277e-23, nan 
43.375, 69.375, 3.8840357924350275e-23, nan 
43.625, 69.375, 3.32340048585451e-23, nan 
43.875, 69.375, 2.7810787773564034e-23, nan 
44.125, 69.375, 2.5431261369443794e-23, nan 
44.375, 69.375, 1.4401396536487683e-23, nan 
44.625, 69.375, 5.1115121764323716e-24, nan 
44.875, 69.375, 5.0755525236214495e-24, nan 
45.125, 69.375, 4.921730521586642e-24, nan 
45.375, 69.375, 4.812909167463071e-24, nan 
45.625, 69.375, 5.914991758535015e-24, nan 
45.875, 69.375, 7.364637422101024e-24, nan 
46.125, 69.375, 9.532182688245468e-24, nan 
46.375, 69.375, 1.1898663671132592e-23, nan 
46.625, 69.375, 1.1221434195348627e-23, nan 
46.875, 69.375, 7.037187520538426e-24, nan 
47.125, 69.375, 7.464858391189157e-24, nan 
47.375, 69.375, 7.22662365752874e-24, nan 
47.625, 69.375, 4.013378092903886e-24, nan 
47.875, 69.375, 7.153395445689037e-24, nan 
48.125, 69.375, 6.143234219415168e-24, nan 
48.375, 69.375, 3.7693560464899055e-24, nan 
48.625, 69.375, 4.2773871106978445e-24, nan 
48.875, 69.375, 8.632605928058531e-24, nan 
49.125, 69.375, 7.282804581226923e-24, nan 
49.375, 69.375, 5.437044935452435e-24, nan 
49.625, 69.375, 9.640914261449871e-24, nan 
49.875, 69.375, 9.109716056501294e-24, nan 
50.125, 69.375, 3.857367360079835e-24, nan 
50.375, 69.375, 6.044927625822117e-24, nan 
50.625, 69.375, 3.8050213373738055e-24, nan 
50.875, 69.375, 5.849550209614724e-24, nan 
51.125, 69.375, 4.497012739995755e-24, nan 
51.375, 69.375, 3.1713178370119936e-24, nan 
51.625, 69.375, 4.482185327422512e-24, nan 
51.875, 69.375, 6.1229159581892555e-24, nan 
52.125, 69.375, 6.673262733704858e-24, nan 
52.375, 69.375, 6.839224978519806e-24, nan 
52.625, 69.375, 1.2781375554251818e-23, nan 
52.875, 69.375, 1.1981844078872178e-23, nan 
53.125, 69.375, 1.2183952251012165e-23, nan 
53.375, 69.375, 5.221683077430069e-24, nan 
53.625, 69.375, 5.7971892235782326e-24, nan 
53.875, 69.375, 5.313679532261597e-24, nan 
54.125, 69.375, 3.747713861878322e-24, nan 
54.375, 69.375, 3.376054684945518e-24, nan 
54.625, 69.375, 3.7954983120495175e-24, nan 
54.875, 69.375, 5.501053634917144e-24, nan 
55.125, 69.375, 8.76252267358156e-24, nan 
55.375, 69.375, 6.162444370747789e-24, nan 
55.625, 69.375, 5.039323122540213e-24, nan 
55.875, 69.375, 9.910022143046135e-24, nan 
56.125, 69.375, 7.408941112242853e-24, nan 
56.375, 69.375, 6.4282221338580846e-24, nan 
56.625, 69.375, 4.6631379824274e-24, nan 
56.875, 69.375, 6.449598908886252e-24, nan 
57.125, 69.375, 8.791931206531325e-24, nan 
57.375, 69.375, 7.652084086258094e-24, nan 
57.625, 69.375, 7.936147751161028e-24, nan 
57.875, 69.375, 7.293296808653474e-24, nan 
58.125, 69.375, 8.592270081222673e-24, nan 
58.375, 69.375, 9.05715004404912e-24, nan 
58.625, 69.375, 1.037761973698905e-23, nan 
58.875, 69.375, 9.257376687811412e-24, nan 
59.125, 69.375, 8.107945840401413e-24, nan 
59.375, 69.375, 9.600505911624093e-24, nan 
59.625, 69.375, 8.497662284400251e-24, nan 
59.875, 69.375, 8.211556209753726e-24, nan 
60.125, 69.375, 8.190977001331442e-24, nan 
60.375, 69.375, 5.4781769947571764e-24, nan 
60.625, 69.375, 8.249370080669998e-24, nan 
60.875, 69.375, 1.202473876985225e-23, nan 
61.125, 69.375, 1.2067454878408617e-23, nan 
61.375, 69.375, 8.308443889773339e-24, nan 
61.625, 69.375, 1.0753750315973884e-23, nan 
61.875, 69.375, 1.076937234290899e-23, nan 
62.125, 69.375, 6.89213806565394e-24, nan 
62.375, 69.375, 6.387752780537826e-24, nan 
62.625, 69.375, 6.777864545910771e-24, nan 
62.875, 69.375, 6.847805489491629e-24, nan 
63.125, 69.375, 6.664882831917112e-24, nan 
63.375, 69.375, 6.6166315669391534e-24, nan 
63.625, 69.375, 6.297458062156479e-24, nan 
63.875, 69.375, 5.497086220152841e-24, nan 
64.125, 69.375, 4.638387075900466e-24, nan 
64.375, 69.375, 2.8153470146443995e-24, nan 
64.625, 69.375, 7.26898606087128e-24, nan 
64.875, 69.375, 7.980495240035468e-24, nan 
65.125, 69.375, 3.79033914301613e-24, nan 
65.375, 69.375, 7.672161359986214e-24, nan 
65.625, 69.375, 1.0381267129064373e-23, nan 
65.875, 69.375, 8.040530734753527e-24, nan 
66.125, 69.375, 1.1463343113175171e-23, nan 
66.375, 69.375, 1.2881752444528945e-23, nan 
66.625, 69.375, 5.8435179498144926e-24, nan 
66.875, 69.375, 7.59860110391105e-24, nan 
67.125, 69.375, 7.31631436682321e-24, nan 
67.375, 69.375, 5.294594612606768e-24, nan 
67.625, 69.375, 5.114873583339997e-24, nan 
67.875, 69.375, 5.221002904811804e-24, nan 
68.125, 69.375, 6.0717390167317875e-24, nan 
68.375, 69.375, 5.591447902197674e-24, nan 
68.625, 69.375, 4.502630626019459e-24, nan 
-142.125, 69.625, 3.0459284188216143e-24, nan 
-141.875, 69.625, 4.112694172062661e-24, nan 
-141.625, 69.625, 5.87968065511382e-24, nan 
-141.375, 69.625, 6.4431647666328954e-24, nan 
-141.125, 69.625, 1.2185377169738074e-23, nan 
-140.875, 69.625, 3.674213054049819e-24, nan 
-140.625, 69.625, 3.5418412091134476e-24, nan 
-140.375, 69.625, 2.706086583645654e-23, nan 
-140.125, 69.625, 4.793959390604021e-24, nan 
-139.875, 69.625, 1.9737675975905397e-24, nan 
-139.625, 69.625, 1.71052783399171e-23, nan 
-139.375, 69.625, 2.5731218988450707e-24, nan 
-139.125, 69.625, 5.100577903954484e-24, nan 
-138.875, 69.625, 4.846257080668013e-24, nan 
-138.625, 69.625, 5.2872526929628764e-24, nan 
-138.375, 69.625, 8.025574851655397e-24, nan 
-138.125, 69.625, 4.867694969687416e-24, nan 
-137.875, 69.625, 4.2021705203853255e-24, nan 
-137.625, 69.625, 5.745993306321852e-24, nan 
-137.375, 69.625, 7.150111126829422e-24, nan 
-137.125, 69.625, 4.9460434101468555e-24, nan 
-136.875, 69.625, 3.460900817429035e-24, nan 
-136.625, 69.625, 3.74185788185959e-24, nan 
-136.375, 69.625, 3.028910372756945e-24, nan 
-136.125, 69.625, 1.0875875377383999e-24, nan 
-135.875, 69.625, 6.804617997006778e-25, nan 
-135.625, 69.625, 2.301826923981621e-24, nan 
-135.375, 69.625, 5.1348025675553014e-24, nan 
-135.125, 69.625, 6.064360176134115e-24, nan 
-134.875, 69.625, 3.0218234135178973e-24, nan 
-134.625, 69.625, 9.505615977544618e-24, nan 
-134.375, 69.625, 1.3278054254737632e-23, nan 
-134.125, 69.625, 6.3513766293782454e-24, nan 
-133.875, 69.625, 6.876892944201285e-24, nan 
-133.625, 69.625, 1.1920014914526857e-23, nan 
-133.375, 69.625, 5.172643751977193e-24, nan 
-133.125, 69.625, 2.960020557794362e-24, nan 
-132.875, 69.625, 5.936284178235209e-24, nan 
-132.625, 69.625, 5.918014246371069e-24, nan 
-132.375, 69.625, 2.903445341203964e-24, nan 
-132.125, 69.625, 3.067849944414789e-24, nan 
-131.875, 69.625, 3.582572068370028e-24, nan 
-131.625, 69.625, 2.412747642885118e-24, nan 
-131.375, 69.625, 3.165284030150467e-24, nan 
-131.125, 69.625, 2.0591237385083936e-24, nan 
-130.875, 69.625, 3.0325318266722905e-24, nan 
-130.625, 69.625, 3.752462306655434e-24, nan 
-130.375, 69.625, 5.9954832170293954e-24, nan 
-130.125, 69.625, 6.464015193650989e-24, nan 
-129.875, 69.625, 6.729620635494942e-24, nan 
-129.625, 69.625, 5.184770065232258e-24, nan 
-129.375, 69.625, 3.6183674675904664e-24, nan 
-129.125, 69.625, 5.739009349278435e-24, nan 
-128.875, 69.625, 4.830349316638631e-24, nan 
-128.625, 69.625, 6.579839119116495e-24, nan 
-128.375, 69.625, 6.714748779490441e-24, nan 
-128.125, 69.625, 1.1991422941218612e-23, nan 
-127.875, 69.625, 1.2206272927642289e-23, nan 
-127.625, 69.625, 1.7145920406593098e-23, nan 
-127.375, 69.625, 1.9845293814170452e-23, nan 
-127.125, 69.625, 1.7054835126906333e-23, nan 
-126.875, 69.625, 1.758961669092883e-23, nan 
-126.625, 69.625, 1.7408866321792268e-23, nan 
-126.375, 69.625, 1.692650679032451e-23, nan 
-126.125, 69.625, 1.8074942261057455e-23, nan 
-125.875, 69.625, 1.843643339316156e-23, nan 
-125.625, 69.625, 1.76907793971924e-23, nan 
-125.375, 69.625, 1.5623321727765253e-23, nan 
-125.125, 69.625, 1.9325172296381454e-23, nan 
-124.875, 69.625, 2.5653749779865143e-23, nan 
-124.625, 69.625, 1.7725359618392452e-23, nan 
-124.375, 69.625, 2.4836417631142678e-23, nan 
-124.125, 69.625, 3.395906813168725e-23, nan 
-123.875, 69.625, 2.572144815405146e-23, nan 
-123.625, 69.625, 2.5527862275496747e-23, nan 
-123.375, 69.625, 2.174542882544151e-23, nan 
-123.125, 69.625, 2.394557302498918e-23, nan 
-122.875, 69.625, 1.8400842138449004e-23, nan 
-122.625, 69.625, 5.376130447484449e-24, nan 
-122.375, 69.625, 5.1312907672128085e-24, nan 
-122.125, 69.625, 7.226738384883832e-24, nan 
-121.875, 69.625, 9.700404461174275e-24, nan 
-121.625, 69.625, 1.0772160904029691e-23, nan 
-121.375, 69.625, 8.591503485851518e-24, nan 
-121.125, 69.625, 9.502581115827779e-24, nan 
-120.875, 69.625, 1.1823098496916738e-23, nan 
-120.625, 69.625, 1.1553661908014795e-23, nan 
-120.375, 69.625, 5.554989048794295e-24, nan 
-120.125, 69.625, 6.383067270751353e-24, nan 
-119.875, 69.625, 6.925259388600282e-24, nan 
-119.625, 69.625, 5.076499403060421e-24, nan 
-119.375, 69.625, 3.7208552548743255e-24, nan 
-119.125, 69.625, 1.6997402001181568e-24, nan 
-118.875, 69.625, 2.901628871013276e-24, nan 
-118.625, 69.625, 2.2553721707963013e-24, nan 
-118.375, 69.625, 3.551513893328477e-24, nan 
-118.125, 69.625, 3.800527611018743e-24, nan 
-117.875, 69.625, 3.84224377893171e-24, nan 
-117.625, 69.625, 4.237053343065494e-24, nan 
-117.375, 69.625, 4.5478721440141755e-24, nan 
-117.125, 69.625, 7.026823927993676e-24, nan 
-116.875, 69.625, 5.1937143570555664e-24, nan 
-116.625, 69.625, 3.821718705957865e-24, nan 
-116.375, 69.625, 4.834614833304066e-24, nan 
-116.125, 69.625, 5.6451561800108635e-24, nan 
-115.875, 69.625, 7.067944741980655e-24, nan 
-115.625, 69.625, 6.032494509232615e-24, nan 
-115.375, 69.625, 7.883672372753202e-24, nan 
-115.125, 69.625, 9.727033241656923e-24, nan 
-114.875, 69.625, 1.5332764664088848e-23, nan 
-114.625, 69.625, 1.5478445579088583e-23, nan 
-114.375, 69.625, 1.4561830002404226e-23, nan 
-114.125, 69.625, 1.355701389610244e-23, nan 
-113.875, 69.625, 1.1312798280712811e-23, nan 
-113.625, 69.625, 1.1002962875569352e-23, nan 
-113.375, 69.625, 9.540210061036199e-24, nan 
-113.125, 69.625, 7.870003340032253e-24, nan 
-112.875, 69.625, 1.2868869165074757e-23, nan 
-112.625, 69.625, 1.0114546407631347e-23, nan 
-112.375, 69.625, 1.1974460080168821e-23, nan 
-112.125, 69.625, 9.521453661745268e-24, nan 
-111.875, 69.625, 1.0830147585107084e-23, nan 
-111.625, 69.625, 1.358113352827905e-23, nan 
-111.375, 69.625, 1.1914144412235134e-23, nan 
-111.125, 69.625, 1.151037090638299e-23, nan 
-110.875, 69.625, 1.072639768320674e-23, nan 
-110.625, 69.625, 1.2893796779737363e-23, nan 
-110.375, 69.625, 1.6115129320332737e-23, nan 
-110.125, 69.625, 1.346915754031805e-23, nan 
-109.875, 69.625, 1.2629813769145872e-23, nan 
-109.625, 69.625, 1.1023702289935196e-23, nan 
-109.375, 69.625, 1.2336126169763293e-23, nan 
-109.125, 69.625, 6.842595181839893e-24, nan 
-108.875, 69.625, 6.383172348891333e-24, nan 
-108.625, 69.625, 7.568861800644686e-24, nan 
-108.375, 69.625, 9.057187723347542e-24, nan 
-108.125, 69.625, 6.4032196272960424e-24, nan 
-107.875, 69.625, 6.1357377274579206e-24, nan 
-107.625, 69.625, 6.886492592774079e-24, nan 
-107.375, 69.625, 7.652843255334374e-24, nan 
-107.125, 69.625, 7.22355595290702e-24, nan 
-106.875, 69.625, 7.445572155232403e-24, nan 
-106.625, 69.625, 6.79392375581481e-24, nan 
-106.375, 69.625, 9.309050105229578e-24, nan 
-106.125, 69.625, 1.0515315686085527e-23, nan 
-105.875, 69.625, 1.0201235492669324e-23, nan 
-105.625, 69.625, 1.2447655092289604e-23, nan 
-105.375, 69.625, 1.1158841408737098e-23, nan 
-105.125, 69.625, 1.4370098647997568e-23, nan 
-104.875, 69.625, 1.8502914159492287e-23, nan 
-104.625, 69.625, 1.6628127974437607e-23, nan 
-104.375, 69.625, 1.354276790410177e-23, nan 
-104.125, 69.625, 1.260249293785765e-23, nan 
-103.875, 69.625, 9.70567889525604e-24, nan 
-103.625, 69.625, 7.73356340371419e-24, nan 
-103.375, 69.625, 7.457753242516968e-24, nan 
-103.125, 69.625, 9.014863887853191e-24, nan 
-102.875, 69.625, 7.535766140128271e-24, nan 
-102.625, 69.625, 9.562144153848099e-24, nan 
-102.375, 69.625, 8.772592700821687e-24, nan 
-102.125, 69.625, 8.050081413045639e-24, nan 
-101.875, 69.625, 7.552112812444934e-24, nan 
-101.625, 69.625, 5.506182108489889e-24, nan 
-101.375, 69.625, 8.199501687769849e-24, nan 
-101.125, 69.625, 6.996667013006295e-24, nan 
-100.875, 69.625, 6.621723284457329e-24, nan 
-100.625, 69.625, 8.096374133990373e-24, nan 
-100.375, 69.625, 1.0677556182384406e-23, nan 
-100.125, 69.625, 7.456015954725231e-24, nan 
-99.875, 69.625, 1.0346450696097805e-23, nan 
-99.625, 69.625, 1.1959250534831559e-23, nan 
-99.375, 69.625, 1.4257823139968764e-23, nan 
-99.125, 69.625, 1.1903408185161671e-23, nan 
-98.875, 69.625, 1.1043051470101225e-23, nan 
-98.625, 69.625, 9.185205630357151e-24, nan 
-98.375, 69.625, 1.0185772054115572e-23, nan 
-98.125, 69.625, 1.0490395304618565e-23, nan 
-97.875, 69.625, 2.0513044360884085e-23, nan 
-97.625, 69.625, 2.0590271716256616e-23, nan 
-97.375, 69.625, 2.0970454198836607e-23, nan 
-97.125, 69.625, 2.2058173574827061e-23, nan 
-96.875, 69.625, 2.0164125595159143e-23, nan 
-96.625, 69.625, 2.3828404512889033e-23, nan 
-96.375, 69.625, 2.3231499553827634e-23, nan 
-96.125, 69.625, 2.1465438606792495e-23, nan 
-95.875, 69.625, 1.8934894688668126e-23, nan 
-95.625, 69.625, 1.8113439844942787e-23, nan 
-95.375, 69.625, 1.7853919255234822e-23, nan 
-95.125, 69.625, 1.0120624311908141e-23, nan 
-94.875, 69.625, 1.3732691328317182e-23, nan 
-94.625, 69.625, 8.851225326150946e-24, nan 
-94.375, 69.625, 9.17812007360737e-24, nan 
-94.125, 69.625, 1.4801518924961718e-23, nan 
-93.875, 69.625, 4.825148098191019e-24, nan 
-93.625, 69.625, 1.5419613205794135e-23, nan 
-93.375, 69.625, 3.080306586561213e-23, nan 
-93.125, 69.625, 2.1281050134081472e-23, nan 
-92.875, 69.625, 1.8388904009817697e-23, nan 
-92.625, 69.625, 2.7475026784639416e-23, nan 
-92.375, 69.625, 2.335737653417582e-23, nan 
-92.125, 69.625, 1.9551570085978423e-23, nan 
-91.875, 69.625, 2.3002298859985895e-23, nan 
-91.625, 69.625, 1.9691534945873957e-23, nan 
-91.375, 69.625, 2.231799938414254e-23, nan 
-91.125, 69.625, 2.3173679829747557e-23, nan 
-90.875, 69.625, 2.5865078326382086e-23, nan 
-90.625, 69.625, 2.2467362913771154e-23, nan 
-90.375, 69.625, 2.4575276208858566e-23, nan 
-90.125, 69.625, 2.124393869784289e-23, nan 
-89.875, 69.625, 2.0568490829826314e-23, nan 
-89.625, 69.625, 2.1860440149331446e-23, nan 
-89.375, 69.625, 2.0172891756723903e-23, nan 
-89.125, 69.625, 1.8546424085062238e-23, nan 
-88.875, 69.625, 1.744094617956864e-23, nan 
-88.625, 69.625, 2.4664067618507856e-23, nan 
-88.375, 69.625, 3.386748634756883e-23, nan 
-88.125, 69.625, 2.251531402694858e-23, nan 
-87.875, 69.625, 2.3158498172683748e-23, nan 
-87.625, 69.625, 2.709167751227911e-23, nan 
-87.375, 69.625, 2.3275025912327903e-23, nan 
-87.125, 69.625, 3.164538325466297e-23, nan 
-86.875, 69.625, 3.0254881746303726e-23, nan 
-86.625, 69.625, 4.583619773785265e-23, nan 
-86.375, 69.625, 5.944547982256672e-23, nan 
-86.125, 69.625, 4.741394154252585e-23, nan 
-85.875, 69.625, 4.8168973776271655e-23, nan 
-85.625, 69.625, 6.647163077137151e-23, nan 
-85.375, 69.625, 5.957349267680352e-23, nan 
-85.125, 69.625, 3.476257160189932e-23, nan 
-84.875, 69.625, 3.283759716585042e-23, nan 
-84.625, 69.625, 3.4706260619998556e-23, nan 
-84.375, 69.625, 4.123549214956267e-23, nan 
-84.125, 69.625, 3.5748062511261004e-23, nan 
-83.875, 69.625, 3.0382281524138534e-23, nan 
-83.625, 69.625, 2.659084361564265e-23, nan 
-83.375, 69.625, 2.830855435843064e-23, nan 
-83.125, 69.625, 2.8146121239148085e-23, nan 
-82.875, 69.625, 2.7416350326670693e-23, nan 
-82.625, 69.625, 2.648873143218145e-23, nan 
-82.375, 69.625, 2.8961595302878636e-23, nan 
-82.125, 69.625, 2.9986788684683217e-23, nan 
-81.875, 69.625, 2.617837183618381e-23, nan 
-81.625, 69.625, 2.6362270088285314e-23, nan 
-81.375, 69.625, 2.3336942927455032e-23, nan 
-81.125, 69.625, 1.9382294209656764e-23, nan 
-80.875, 69.625, 2.9716097225510625e-23, nan 
-80.625, 69.625, 2.8298491179930014e-23, nan 
-80.375, 69.625, 2.9310701967063745e-23, nan 
-80.125, 69.625, 3.32558239268511e-23, nan 
-79.875, 69.625, 4.230480511699662e-23, nan 
-79.625, 69.625, 3.2460270508038387e-23, nan 
-79.375, 69.625, 3.027366079227859e-23, nan 
-79.125, 69.625, 4.036506292430442e-23, nan 
-78.875, 69.625, 3.711285147820666e-23, nan 
-78.625, 69.625, 4.682494329273597e-23, nan 
-78.375, 69.625, 4.4503387406219877e-23, nan 
-78.125, 69.625, 3.2283760783634903e-23, nan 
-77.875, 69.625, 4.2593517620091114e-23, nan 
-77.625, 69.625, 4.3922011674191034e-23, nan 
-77.375, 69.625, 4.5407130108706195e-23, nan 
-77.125, 69.625, 3.131503140418097e-23, nan 
-76.875, 69.625, 5.896073186111393e-23, nan 
-76.625, 69.625, 7.231532541554175e-23, nan 
-76.375, 69.625, 2.6043929945622493e-23, nan 
-76.125, 69.625, 3.0207371283150494e-23, nan 
-75.875, 69.625, 3.361401051144805e-23, nan 
-75.625, 69.625, 2.798254940950593e-23, nan 
-75.375, 69.625, 2.4956202514072943e-22, nan 
-75.125, 69.625, 8.612268214307348e-22, nan 
-74.875, 69.625, 9.418236549126549e-22, nan 
-74.625, 69.625, 3.9237450883801994e-22, nan 
-74.375, 69.625, 1.0387924207161063e-22, nan 
-74.125, 69.625, 6.306300197013543e-23, nan 
-73.875, 69.625, 7.849409979806006e-23, nan 
-73.625, 69.625, 4.912658551254815e-23, nan 
-73.375, 69.625, 6.763644641638566e-23, nan 
-73.125, 69.625, 6.724287186062423e-23, nan 
-72.875, 69.625, 5.1450350933814e-23, nan 
-72.625, 69.625, 6.164189858881716e-23, nan 
-72.375, 69.625, 5.210213241798516e-23, nan 
-72.125, 69.625, 5.379763178107263e-23, nan 
-71.875, 69.625, 5.573043157139922e-23, nan 
-71.625, 69.625, 5.297355533323698e-23, nan 
-71.375, 69.625, 5.791624192902836e-23, nan 
-71.125, 69.625, 6.143494839987435e-23, nan 
-70.875, 69.625, 6.526503742261994e-23, nan 
-70.625, 69.625, 6.2832428164456e-23, nan 
-70.375, 69.625, 5.1001567844169076e-23, nan 
-70.125, 69.625, 5.372517330763497e-23, nan 
-69.875, 69.625, 5.901848423204059e-23, nan 
-69.625, 69.625, 5.556613026271905e-23, nan 
-69.375, 69.625, 4.686321641155721e-23, nan 
-69.125, 69.625, 4.629388862889885e-23, nan 
-68.875, 69.625, 4.888361663634475e-23, nan 
-68.625, 69.625, 4.967056073787324e-23, nan 
-68.375, 69.625, 5.448001930647315e-23, nan 
-68.125, 69.625, 5.850847639377309e-23, nan 
-67.875, 69.625, 5.583441079107301e-23, nan 
-67.625, 69.625, 5.444221527945691e-23, nan 
-67.375, 69.625, 5.505451708201973e-23, nan 
-67.125, 69.625, 5.473982157249237e-23, nan 
-66.875, 69.625, 4.2658141920931713e-23, nan 
-66.625, 69.625, 6.759900293288508e-23, nan 
-66.375, 69.625, 7.257275344501906e-23, nan 
-66.125, 69.625, 8.10827794678741e-23, nan 
-65.875, 69.625, 1.244689745293893e-22, nan 
-65.625, 69.625, 1.2464015726305031e-22, nan 
-65.375, 69.625, 1.2429791054442574e-22, nan 
-65.125, 69.625, 1.129462003460625e-22, nan 
-64.875, 69.625, 1.293222760642769e-22, nan 
-64.625, 69.625, 1.603079851324102e-22, nan 
-64.375, 69.625, 1.3049526817676499e-22, nan 
-64.125, 69.625, 1.3493768450038274e-22, nan 
-63.875, 69.625, 1.8850468229304395e-22, nan 
-63.625, 69.625, 1.5628011637111945e-22, nan 
-63.375, 69.625, 6.02010958584291e-23, nan 
-63.125, 69.625, 6.585882550562507e-23, nan 
-62.875, 69.625, 5.0344278770572147e-23, nan 
-62.625, 69.625, 5.1425319526181375e-23, nan 
-62.375, 69.625, 1.0334784294743433e-22, nan 
-62.125, 69.625, 9.600434336717918e-23, nan 
-61.875, 69.625, 1.0873830695719455e-22, nan 
-61.625, 69.625, 1.8095765861960321e-22, nan 
-61.375, 69.625, 1.5279704608631913e-22, nan 
-61.125, 69.625, 2.368562310002411e-22, nan 
-60.875, 69.625, 4.595594371826363e-22, nan 
-60.625, 69.625, 3.550479221365477e-22, nan 
-60.375, 69.625, 1.606364046540663e-22, nan 
-60.125, 69.625, 2.985694608525462e-22, nan 
-59.875, 69.625, 2.564796489369644e-22, nan 
-59.625, 69.625, 1.2396297509050932e-22, nan 
-59.375, 69.625, 1.2431185105095458e-22, nan 
-59.125, 69.625, 1.148296494680249e-22, nan 
-58.875, 69.625, 1.3385180293007089e-22, nan 
-58.625, 69.625, 1.3651871828318762e-22, nan 
-58.375, 69.625, 1.6125087944911663e-22, nan 
-58.125, 69.625, 1.8170112268609913e-22, nan 
-57.875, 69.625, 1.464743684642909e-22, nan 
-57.625, 69.625, 1.2242401913210554e-22, nan 
-57.375, 69.625, 8.902148720966901e-23, nan 
-57.125, 69.625, 1.418008256448223e-22, nan 
-56.875, 69.625, 1.353859185875614e-22, nan 
-56.625, 69.625, 1.4705002306047664e-22, nan 
-56.375, 69.625, 1.7805228318460425e-22, nan 
-56.125, 69.625, 2.2956369902347725e-22, nan 
-55.875, 69.625, 2.734287986928372e-22, nan 
-55.625, 69.625, 2.351327721999237e-22, nan 
-55.375, 69.625, 1.5821425997310178e-22, nan 
-55.125, 69.625, 1.8058961468313958e-22, nan 
-54.875, 69.625, 2.0510424708503434e-22, nan 
-54.625, 69.625, 1.640128266156731e-22, nan 
-54.375, 69.625, 1.8611152866430113e-22, nan 
-54.125, 69.625, 1.8049380459490726e-22, nan 
-53.875, 69.625, 2.2169514567749697e-22, nan 
-53.625, 69.625, 3.637006774702678e-22, nan 
-53.375, 69.625, 3.2363748997734658e-22, nan 
-53.125, 69.625, 3.1455061964816468e-22, nan 
-52.875, 69.625, 2.2437118792999155e-22, nan 
-52.625, 69.625, 3.8346142261733383e-22, nan 
-52.375, 69.625, 2.235249228033663e-22, nan 
-52.125, 69.625, 3.666450361893897e-22, nan 
-51.875, 69.625, 1.0271466005604075e-21, nan 
-51.625, 69.625, 5.959123066648483e-22, nan 
-51.375, 69.625, 4.0395361563635873e-22, nan 
-51.125, 69.625, 8.068728193622512e-22, nan 
-50.875, 69.625, 5.542930743083814e-22, nan 
-50.625, 69.625, 3.213568790045311e-22, nan 
-50.375, 69.625, 1.901847511860528e-22, nan 
-50.125, 69.625, 3.304178648420446e-22, nan 
-49.875, 69.625, 3.324326595930554e-22, nan 
-49.625, 69.625, 1.4237951990995795e-22, nan 
-49.375, 69.625, 2.4796284084804233e-22, nan 
-49.125, 69.625, 2.7272490071899626e-22, nan 
-48.875, 69.625, 2.8058707829173067e-22, nan 
-48.625, 69.625, 3.54175799594199e-22, nan 
-48.375, 69.625, 4.2278828099422436e-22, nan 
-48.125, 69.625, 3.7615609103502706e-22, nan 
-47.875, 69.625, 3.842509697101941e-22, nan 
-47.625, 69.625, 3.947923445231342e-22, nan 
-47.375, 69.625, 2.2576254033739324e-22, nan 
-47.125, 69.625, 1.945927917234399e-22, nan 
-46.875, 69.625, 7.888149737413945e-23, nan 
-46.625, 69.625, 1.4738318748077728e-22, nan 
-46.375, 69.625, 3.183288370035185e-22, nan 
-46.125, 69.625, 1.6164484392608942e-22, nan 
-45.875, 69.625, 2.230907330744603e-22, nan 
-45.625, 69.625, 2.1021061463171928e-22, nan 
-45.375, 69.625, 1.7513342579821215e-22, nan 
-45.125, 69.625, 5.690018492071082e-22, nan 
-44.875, 69.625, 9.079191454454914e-22, nan 
-44.625, 69.625, 6.860555952575989e-22, nan 
-44.375, 69.625, 5.545915080127457e-22, nan 
-44.125, 69.625, 8.2261189486709e-22, nan 
-43.875, 69.625, 1.4205444317254313e-21, nan 
-43.625, 69.625, 1.0509641658880868e-21, nan 
-43.375, 69.625, 1.3951038563845857e-21, nan 
-43.125, 69.625, 1.756788347696068e-21, nan 
-42.875, 69.625, 1.623696072255764e-21, nan 
-42.625, 69.625, 8.046381583961248e-22, nan 
-42.375, 69.625, 5.623610051981423e-22, nan 
-42.125, 69.625, 5.502643549530866e-22, nan 
-41.875, 69.625, 4.418068713465875e-22, nan 
-41.625, 69.625, 5.055938745015949e-22, nan 
-41.375, 69.625, 3.3419092349167876e-22, nan 
-41.125, 69.625, 6.087552116179091e-22, nan 
-40.875, 69.625, 3.5153637388605836e-22, nan 
-40.625, 69.625, 4.036048910413612e-22, nan 
-40.375, 69.625, 5.44110478318124e-22, nan 
-40.125, 69.625, 7.994741254873377e-22, nan 
-39.875, 69.625, 6.378473166593372e-22, nan 
-39.625, 69.625, 1.83065884113221e-21, nan 
-39.375, 69.625, 1.0580011884834966e-21, nan 
-39.125, 69.625, 1.392251893038559e-21, nan 
-38.875, 69.625, 3.483634358124621e-21, nan 
-38.625, 69.625, 1.0314072652000997e-21, nan 
-38.375, 69.625, 1.0955702744539604e-21, nan 
-38.125, 69.625, 2.162327843772072e-21, nan 
-37.875, 69.625, 1.2066493206252422e-21, nan 
-37.625, 69.625, 1.249890471247e-21, nan 
-37.375, 69.625, 1.4672650236536625e-21, nan 
-37.125, 69.625, 1.745419729867125e-21, nan 
-36.875, 69.625, 1.9430136902630355e-21, nan 
-36.625, 69.625, 1.3961289637410712e-21, nan 
-36.375, 69.625, 2.0256719542876724e-21, nan 
-36.125, 69.625, 3.98933119076841e-21, nan 
-35.875, 69.625, 1.9727886656492172e-21, nan 
-35.625, 69.625, 2.358371528814206e-21, nan 
-35.375, 69.625, 5.641074969074907e-21, nan 
-35.125, 69.625, 3.4163170145491154e-21, nan 
-34.875, 69.625, 2.839589924144634e-21, nan 
-34.625, 69.625, 3.5691559283477714e-21, nan 
-34.375, 69.625, 3.163225467814488e-21, nan 
-34.125, 69.625, 1.6984779606378702e-21, nan 
-33.875, 69.625, 9.52484908788094e-22, nan 
-33.625, 69.625, 7.674518394435702e-22, nan 
-33.375, 69.625, 9.939975328978885e-22, nan 
-33.125, 69.625, 1.7903717956166935e-21, nan 
-32.875, 69.625, 1.0732029704322628e-21, nan 
-32.625, 69.625, 1.058829638059827e-21, nan 
-32.375, 69.625, 3.3137809698388437e-21, nan 
-32.125, 69.625, 1.5127771298594606e-21, nan 
-31.875, 69.625, 1.4774495907030681e-21, nan 
-31.625, 69.625, 1.6485550238219298e-21, nan 
-31.375, 69.625, 1.0590872596795935e-21, nan 
-31.125, 69.625, 1.8860021180683315e-21, nan 
-30.875, 69.625, 2.5398373767595388e-21, nan 
-30.625, 69.625, 1.917306543948991e-21, nan 
-30.375, 69.625, 5.2046025143627876e-21, nan 
-30.125, 69.625, 3.0290559855874e-21, nan 
-29.875, 69.625, 4.351525914657831e-21, nan 
-29.625, 69.625, 5.9652817693982714e-21, nan 
-29.375, 69.625, 5.442682278375646e-21, nan 
-29.125, 69.625, 6.975511358686759e-21, nan 
-28.875, 69.625, 6.712759117317764e-21, nan 
-28.625, 69.625, 7.621708635161156e-21, nan 
-28.375, 69.625, 8.44626512771811e-21, nan 
-28.125, 69.625, 7.969786561913076e-21, nan 
-27.875, 69.625, 6.473205027839127e-21, nan 
-27.625, 69.625, 7.385971041932411e-21, nan 
-27.375, 69.625, 5.9149318803245955e-21, nan 
-27.125, 69.625, 5.269874021737306e-21, nan 
-26.875, 69.625, 4.4736732158545735e-21, nan 
-26.625, 69.625, 9.84978807252295e-21, nan 
-26.375, 69.625, 9.588510503811336e-21, nan 
-26.125, 69.625, 7.54747290121385e-21, nan 
-25.875, 69.625, 8.175683989722646e-21, nan 
-25.625, 69.625, 6.4241278670806486e-21, nan 
-25.375, 69.625, 3.417591429203293e-21, nan 
-25.125, 69.625, 8.67098459792249e-22, nan 
-24.875, 69.625, 1.0755056617039346e-21, nan 
-24.625, 69.625, 1.518041814322513e-21, nan 
-24.375, 69.625, 8.617600751277395e-22, nan 
-24.125, 69.625, 1.0109770637169224e-21, nan 
-23.875, 69.625, 1.7462064758387445e-21, nan 
-23.625, 69.625, 8.153917764601868e-22, nan 
-23.375, 69.625, 1.1029854239255522e-21, nan 
-23.125, 69.625, 1.4855466558572061e-21, nan 
-22.875, 69.625, 1.960392205114535e-21, nan 
-22.625, 69.625, 1.7468900736219513e-21, nan 
-22.375, 69.625, 2.3130981819790897e-21, nan 
-22.125, 69.625, 2.6602731502294592e-21, nan 
-21.875, 69.625, 2.2329263897088517e-21, nan 
-21.625, 69.625, 1.7228925217434127e-21, nan 
-21.375, 69.625, 1.4874029490475306e-21, nan 
-21.125, 69.625, 1.963485476591954e-21, nan 
-20.875, 69.625, 2.784682118030864e-21, nan 
-20.625, 69.625, 2.410714097514488e-21, nan 
-20.375, 69.625, 2.8624181800374518e-21, nan 
-20.125, 69.625, 3.2011796747413432e-21, nan 
-19.875, 69.625, 1.4057755186669639e-21, nan 
-19.625, 69.625, 8.547416264935027e-22, nan 
-19.375, 69.625, 6.942576106617466e-22, nan 
-19.125, 69.625, 9.570069696987506e-22, nan 
-18.875, 69.625, 1.1162264637302351e-21, nan 
-18.625, 69.625, 9.610716231090934e-22, nan 
-18.375, 69.625, 1.0694345245205644e-21, nan 
-18.125, 69.625, 1.2797619709860651e-21, nan 
-17.875, 69.625, 1.2592878788940581e-21, nan 
-17.625, 69.625, 1.6635951150758919e-21, nan 
-17.375, 69.625, 1.4957691754042756e-21, nan 
-17.125, 69.625, 1.4761775454073222e-21, nan 
-16.875, 69.625, 1.2630159512916296e-21, nan 
-16.625, 69.625, 1.8896282371978065e-21, nan 
-16.375, 69.625, 1.913111445256345e-21, nan 
-16.125, 69.625, 2.1893218339588172e-21, nan 
-15.875, 69.625, 1.778457074692267e-21, nan 
-15.625, 69.625, 1.3422504155859946e-21, nan 
-15.375, 69.625, 1.0346171107228131e-21, nan 
-15.125, 69.625, 1.6937944159568783e-21, nan 
-14.875, 69.625, 2.520664807249468e-21, nan 
-14.625, 69.625, 1.0778011293758768e-21, nan 
-14.375, 69.625, 1.8515912029611148e-21, nan 
-14.125, 69.625, 2.5005037280293848e-21, nan 
-13.875, 69.625, 1.8446525636727587e-21, nan 
-13.625, 69.625, 1.5470646888744287e-21, nan 
-13.375, 69.625, 1.1790208073435642e-21, nan 
-13.125, 69.625, 1.4804975600657495e-21, nan 
-12.875, 69.625, 1.1146522940951864e-21, nan 
-12.625, 69.625, 1.1022831998980588e-21, nan 
-12.375, 69.625, 1.0879209272268113e-21, nan 
-12.125, 69.625, 8.734745628868447e-22, nan 
-11.875, 69.625, 1.038799233869722e-21, nan 
-11.625, 69.625, 1.3418500200697948e-21, nan 
-11.375, 69.625, 1.5946039031828519e-21, nan 
-11.125, 69.625, 1.3967715618625299e-21, nan 
-10.875, 69.625, 9.983780270470802e-22, nan 
-10.625, 69.625, 1.5285527076899208e-21, nan 
-10.375, 69.625, 4.050870599443431e-21, nan 
-10.125, 69.625, 4.451597088453607e-21, nan 
-9.875, 69.625, 5.801003878059832e-21, nan 
-9.625, 69.625, 5.4338865148558515e-21, nan 
-9.375, 69.625, 6.193850248281304e-21, nan 
-9.125, 69.625, 7.485216263377174e-21, nan 
-8.875, 69.625, 8.991882973088242e-21, nan 
-8.625, 69.625, 8.977472065372023e-21, nan 
-8.375, 69.625, 4.698759320503959e-20, nan 
-8.125, 69.625, 6.333279066094668e-20, nan 
-7.875, 69.625, 5.734328780093711e-20, nan 
-7.625, 69.625, 5.166018127052054e-20, nan 
-7.375, 69.625, 3.5847141308404725e-20, nan 
-7.125, 69.625, 7.425215350201726e-21, nan 
-6.875, 69.625, 6.26531008633366e-21, nan 
-6.625, 69.625, 3.815572893507721e-21, nan 
-6.375, 69.625, 3.707848568149998e-21, nan 
-6.125, 69.625, 3.433808041667739e-21, nan 
-5.875, 69.625, 2.8629594394821486e-21, nan 
-5.625, 69.625, 2.416221445469751e-21, nan 
-5.375, 69.625, 2.1818160626019906e-21, nan 
-5.125, 69.625, 1.9762452438958207e-21, nan 
-4.875, 69.625, 1.2230812006972097e-21, nan 
-4.625, 69.625, 1.2652815545988402e-21, nan 
-4.375, 69.625, 1.3974612462647469e-21, nan 
-4.125, 69.625, 9.62744322122547e-22, nan 
-3.875, 69.625, 7.389482143360957e-22, nan 
-3.625, 69.625, 1.2559815186322585e-21, nan 
-3.375, 69.625, 1.0192379769617948e-21, nan 
-3.125, 69.625, 5.293417328357384e-22, nan 
-2.875, 69.625, 1.4654423659492962e-21, nan 
-2.625, 69.625, 1.3678267028994754e-21, nan 
-2.375, 69.625, 9.352780693286624e-22, nan 
-2.125, 69.625, 1.1205950387397086e-21, nan 
-1.875, 69.625, 8.725418599865124e-22, nan 
-1.625, 69.625, 6.037242650299638e-22, nan 
-1.375, 69.625, 5.420964989246004e-22, nan 
-1.125, 69.625, 5.112856655307952e-22, nan 
-0.875, 69.625, 5.996288663511196e-22, nan 
-0.625, 69.625, 4.955471958974479e-22, nan 
-0.375, 69.625, 5.2177654814234685e-22, nan 
-0.125, 69.625, 5.948390317030422e-22, nan 
0.125, 69.625, 2.748692161791381e-22, nan 
0.375, 69.625, 5.160342243312948e-22, nan 
0.625, 69.625, 7.259381681300027e-22, nan 
0.875, 69.625, 3.6358770694494344e-22, nan 
1.125, 69.625, 2.231788293158567e-22, nan 
1.375, 69.625, 3.6771627962576924e-22, nan 
1.625, 69.625, 4.796079825673677e-22, nan 
1.875, 69.625, 3.2807682902929374e-22, nan 
2.125, 69.625, 2.999260615803343e-22, nan 
2.375, 69.625, 4.103735302760804e-22, nan 
2.625, 69.625, 5.609385501857253e-22, nan 
2.875, 69.625, 3.652133065660917e-22, nan 
3.125, 69.625, 4.390701761503921e-22, nan 
3.375, 69.625, 4.8926385891801365e-22, nan 
3.625, 69.625, 6.224693088310338e-22, nan 
3.875, 69.625, 4.940469444179442e-22, nan 
4.125, 69.625, 4.976064234387609e-22, nan 
4.375, 69.625, 5.593195687206455e-22, nan 
4.625, 69.625, 4.688985994209178e-22, nan 
4.875, 69.625, 4.0794293304643624e-22, nan 
5.125, 69.625, 3.010282478392794e-22, nan 
5.375, 69.625, 2.3776950035893514e-22, nan 
5.625, 69.625, 3.209842190555604e-22, nan 
5.875, 69.625, 2.1029244728093792e-22, nan 
6.125, 69.625, 1.5222886445698053e-22, nan 
6.375, 69.625, 1.687662212660116e-22, nan 
6.625, 69.625, 2.9751282307177353e-22, nan 
6.875, 69.625, 3.21370580596312e-22, nan 
7.125, 69.625, 2.9016542394870405e-22, nan 
7.375, 69.625, 2.231587302098519e-22, nan 
7.625, 69.625, 2.2488269757041243e-22, nan 
7.875, 69.625, 2.415090379412514e-22, nan 
8.125, 69.625, 1.5676876017691005e-22, nan 
8.375, 69.625, 3.441490376019128e-22, nan 
8.625, 69.625, 3.8117805514989383e-22, nan 
8.875, 69.625, 2.525717261547394e-22, nan 
9.125, 69.625, 6.724111725781264e-22, nan 
9.375, 69.625, 7.87451660749018e-22, nan 
9.625, 69.625, 5.914464703910723e-22, nan 
9.875, 69.625, 7.004077115733533e-22, nan 
10.125, 69.625, 6.6025400241241075e-22, nan 
10.375, 69.625, 4.373153795916753e-22, nan 
10.625, 69.625, 3.422347400735605e-22, nan 
10.875, 69.625, 1.0414480350351154e-22, nan 
11.125, 69.625, 2.3603315487272596e-23, nan 
11.375, 69.625, 1.41788661040806e-22, nan 
11.625, 69.625, 1.5788653975206016e-22, nan 
11.875, 69.625, 1.607700068366949e-22, nan 
12.125, 69.625, 1.641025864184497e-22, nan 
12.375, 69.625, 1.936052252440739e-22, nan 
12.625, 69.625, 1.9187445412757924e-22, nan 
12.875, 69.625, 1.815715666619468e-22, nan 
13.125, 69.625, 1.1035788957327753e-22, nan 
13.375, 69.625, 2.3898988836882803e-22, nan 
13.625, 69.625, 1.7713167878140513e-22, nan 
13.875, 69.625, 2.8813619152910245e-22, nan 
14.125, 69.625, 2.61815765689003e-22, nan 
14.375, 69.625, 1.5745588413900097e-22, nan 
14.625, 69.625, 2.621120278135945e-22, nan 
14.875, 69.625, 3.6151029288519543e-22, nan 
15.125, 69.625, 1.3937721115280887e-22, nan 
15.375, 69.625, 1.590696769870005e-22, nan 
15.625, 69.625, 1.7147499384483763e-22, nan 
15.875, 69.625, 8.321712614713968e-23, nan 
16.125, 69.625, 6.772191400610926e-23, nan 
16.375, 69.625, 8.178791188646253e-23, nan 
16.625, 69.625, 7.084435202516422e-23, nan 
16.875, 69.625, 1.071124761114493e-22, nan 
17.125, 69.625, 1.2928244559551141e-22, nan 
17.375, 69.625, 1.5872975410705995e-22, nan 
17.625, 69.625, 1.576692258969652e-22, nan 
17.875, 69.625, 1.1904729741430002e-22, nan 
18.125, 69.625, 1.9371349975458594e-22, nan 
18.375, 69.625, 1.6692544483055208e-22, nan 
18.625, 69.625, 1.3853407859570443e-22, nan 
18.875, 69.625, 9.135289062956934e-23, nan 
19.125, 69.625, 9.194615706287172e-23, nan 
19.375, 69.625, 1.634425491533262e-22, nan 
19.625, 69.625, 6.310470460367517e-23, nan 
19.875, 69.625, 7.260504471535469e-23, nan 
20.125, 69.625, 6.839258783702573e-23, nan 
20.375, 69.625, 6.200534818157468e-23, nan 
20.625, 69.625, 6.182862117155679e-23, nan 
20.875, 69.625, 7.471639395889073e-23, nan 
21.125, 69.625, 7.646734513857026e-23, nan 
21.375, 69.625, 8.990105110050099e-23, nan 
21.625, 69.625, 8.625921176088653e-23, nan 
21.875, 69.625, 9.746648034568593e-23, nan 
22.125, 69.625, 8.231112287686267e-23, nan 
22.375, 69.625, 7.064829379658472e-23, nan 
22.625, 69.625, 7.27318234105424e-23, nan 
22.875, 69.625, 3.208352058356524e-23, nan 
23.125, 69.625, 5.357809969727999e-23, nan 
23.375, 69.625, 3.941922748100218e-23, nan 
23.625, 69.625, 1.8467038284333462e-23, nan 
23.875, 69.625, 5.268474737430899e-23, nan 
24.125, 69.625, 6.498266844547591e-23, nan 
24.375, 69.625, 4.1729427712319894e-23, nan 
24.625, 69.625, 4.973576410963336e-23, nan 
24.875, 69.625, 7.290732875205295e-23, nan 
25.125, 69.625, 5.0944161394415967e-23, nan 
25.375, 69.625, 5.185793330228614e-23, nan 
25.625, 69.625, 4.9263605116886025e-23, nan 
25.875, 69.625, 3.2488060928520125e-23, nan 
26.125, 69.625, 2.6045135546205056e-23, nan 
26.375, 69.625, 3.606156010921829e-23, nan 
26.625, 69.625, 4.2977036808122575e-23, nan 
26.875, 69.625, 3.5839513668163966e-23, nan 
27.125, 69.625, 1.7864653589327727e-23, nan 
27.375, 69.625, 3.177413043130266e-23, nan 
27.625, 69.625, 3.409045244225629e-23, nan 
27.875, 69.625, 3.5183811462369286e-23, nan 
28.125, 69.625, 3.2248067239695343e-23, nan 
28.375, 69.625, 3.324302908461535e-23, nan 
28.625, 69.625, 3.199336275773453e-23, nan 
28.875, 69.625, 2.422666376101982e-23, nan 
29.125, 69.625, 1.9109344321758906e-23, nan 
29.375, 69.625, 2.2695206656151704e-23, nan 
29.625, 69.625, 2.3765555952784613e-23, nan 
29.875, 69.625, 1.5044598159394692e-23, nan 
30.125, 69.625, 2.6366953181733892e-23, nan 
30.375, 69.625, 1.4864494191566443e-23, nan 
30.625, 69.625, 1.0110207842286017e-23, nan 
30.875, 69.625, 1.7267993524323654e-23, nan 
31.125, 69.625, 1.1696673020370967e-23, nan 
31.375, 69.625, 1.3075264944436361e-23, nan 
31.625, 69.625, 1.2550355385810777e-23, nan 
31.875, 69.625, 1.3963396891886275e-23, nan 
32.125, 69.625, 2.0624908671861684e-23, nan 
32.375, 69.625, 1.7206342063664776e-23, nan 
32.625, 69.625, 2.3532560475952862e-23, nan 
32.875, 69.625, 8.393713404890547e-24, nan 
33.125, 69.625, 1.4554573790036684e-23, nan 
33.375, 69.625, 1.9623621372936005e-23, nan 
33.625, 69.625, 2.4678377893556854e-23, nan 
33.875, 69.625, 2.6309327092239143e-23, nan 
34.125, 69.625, 2.8627015228525596e-23, nan 
34.375, 69.625, 2.6279630727093955e-23, nan 
34.625, 69.625, 1.9022032969873194e-23, nan 
34.875, 69.625, 1.54934365680649e-23, nan 
35.125, 69.625, 2.709179307889919e-23, nan 
35.375, 69.625, 1.9254424741650667e-23, nan 
35.625, 69.625, 2.0102621264951525e-23, nan 
35.875, 69.625, 2.782783369224016e-23, nan 
36.125, 69.625, 2.0574005226629053e-23, nan 
36.375, 69.625, 2.5239254005301856e-23, nan 
36.625, 69.625, 3.0323963295393385e-23, nan 
36.875, 69.625, 1.88275195127156e-23, nan 
37.125, 69.625, 2.4490308379718666e-23, nan 
37.375, 69.625, 3.4900614167890733e-23, nan 
37.625, 69.625, 3.5998482462657154e-23, nan 
37.875, 69.625, 3.9910663536431626e-23, nan 
38.125, 69.625, 3.6621978460146805e-23, nan 
38.375, 69.625, 2.575179706859063e-23, nan 
38.625, 69.625, 1.3381197456630905e-23, nan 
38.875, 69.625, 7.701399693646543e-24, nan 
39.125, 69.625, 8.535612895139497e-24, nan 
39.375, 69.625, 1.1573527821933667e-23, nan 
39.625, 69.625, 1.9966175561047897e-23, nan 
39.875, 69.625, 3.171551943123113e-23, nan 
40.125, 69.625, 4.386987080454762e-23, nan 
40.375, 69.625, 4.4530007007191503e-23, nan 
40.625, 69.625, 3.821026479967608e-23, nan 
40.875, 69.625, 4.857689734687098e-23, nan 
41.125, 69.625, 9.378626184359103e-23, nan 
41.375, 69.625, 2.1260428725627273e-22, nan 
41.625, 69.625, 1.9485576168761023e-22, nan 
41.875, 69.625, 4.5090991779169536e-23, nan 
42.125, 69.625, 3.6451988119701413e-23, nan 
42.375, 69.625, 2.9471764985739614e-23, nan 
42.625, 69.625, 3.101347893152527e-23, nan 
42.875, 69.625, 4.520137811615266e-23, nan 
43.125, 69.625, 3.8810197794091517e-23, nan 
43.375, 69.625, 3.053676168557127e-23, nan 
43.625, 69.625, 7.71390765842475e-24, nan 
43.875, 69.625, 1.3006064516950523e-23, nan 
44.125, 69.625, 1.1543720172566061e-23, nan 
44.375, 69.625, 1.1454025296396799e-23, nan 
44.625, 69.625, 1.3292564727013773e-23, nan 
44.875, 69.625, 1.0174257415531155e-23, nan 
45.125, 69.625, 4.922118574343566e-24, nan 
45.375, 69.625, 3.1866498951689276e-24, nan 
45.625, 69.625, 5.0903415006942094e-24, nan 
45.875, 69.625, 6.888717970638376e-24, nan 
46.125, 69.625, 7.944766061181949e-24, nan 
46.375, 69.625, 9.072653707750092e-24, nan 
46.625, 69.625, 8.97710867662191e-24, nan 
46.875, 69.625, 6.075542676999179e-24, nan 
47.125, 69.625, 4.905336949351361e-24, nan 
47.375, 69.625, 4.932049704974531e-24, nan 
47.625, 69.625, 3.3085444675234872e-24, nan 
47.875, 69.625, 6.2567379185275594e-24, nan 
48.125, 69.625, 5.51129473303815e-24, nan 
48.375, 69.625, 3.1662049313735555e-24, nan 
48.625, 69.625, 6.821461230205007e-24, nan 
48.875, 69.625, 5.6391143934230525e-24, nan 
49.125, 69.625, 7.266992914628953e-24, nan 
49.375, 69.625, 9.055912233897219e-24, nan 
49.625, 69.625, 6.807582325521976e-24, nan 
49.875, 69.625, 5.726268562831186e-24, nan 
50.125, 69.625, 4.1774833166928166e-24, nan 
50.375, 69.625, 5.980814278418869e-24, nan 
50.625, 69.625, 3.568659381951386e-24, nan 
50.875, 69.625, 4.31908740773002e-24, nan 
51.125, 69.625, 5.897683469700098e-24, nan 
51.375, 69.625, 5.101290853527048e-24, nan 
51.625, 69.625, 4.425667963715893e-24, nan 
51.875, 69.625, 6.61950436535681e-24, nan 
52.125, 69.625, 8.79848843129061e-24, nan 
52.375, 69.625, 5.880859880581919e-24, nan 
52.625, 69.625, 5.8267709078288406e-24, nan 
52.875, 69.625, 7.167222347053658e-24, nan 
53.125, 69.625, 2.8234494065967114e-24, nan 
53.375, 69.625, 3.922416197584739e-24, nan 
53.625, 69.625, 3.553524479156833e-24, nan 
53.875, 69.625, 3.0133356114952107e-24, nan 
54.125, 69.625, 8.287975482390675e-24, nan 
54.375, 69.625, 3.7243143863258246e-24, nan 
54.625, 69.625, 5.1064377988652115e-24, nan 
54.875, 69.625, 5.157757875651088e-24, nan 
55.125, 69.625, 4.8660540303992815e-24, nan 
55.375, 69.625, 5.8846298013569334e-24, nan 
55.625, 69.625, 5.101034685922672e-24, nan 
55.875, 69.625, 6.364174856269854e-24, nan 
56.125, 69.625, 4.9128858734100114e-24, nan 
56.375, 69.625, 5.585989028649961e-24, nan 
56.625, 69.625, 2.948211668904196e-24, nan 
56.875, 69.625, 4.373811336231127e-24, nan 
57.125, 69.625, 6.94269615012493e-24, nan 
57.375, 69.625, 5.428739020675173e-24, nan 
57.625, 69.625, 6.462316420647369e-24, nan 
57.875, 69.625, 7.243708958822153e-24, nan 
58.125, 69.625, 6.598692074155732e-24, nan 
58.375, 69.625, 7.284700534917668e-24, nan 
58.625, 69.625, 7.572577071279089e-24, nan 
58.875, 69.625, 7.764477060303934e-24, nan 
59.125, 69.625, 7.977625756295037e-24, nan 
59.375, 69.625, 8.72888324868502e-24, nan 
59.625, 69.625, 7.065251050377546e-24, nan 
59.875, 69.625, 7.032186304876101e-24, nan 
60.125, 69.625, 6.842619063068072e-24, nan 
60.375, 69.625, 5.508140373176329e-24, nan 
60.625, 69.625, 7.812317119976836e-24, nan 
60.875, 69.625, 1.0473709422743537e-23, nan 
61.125, 69.625, 1.0029831294524594e-23, nan 
61.375, 69.625, 7.450362037910625e-24, nan 
61.625, 69.625, 8.872945757113961e-24, nan 
61.875, 69.625, 8.517591324750397e-24, nan 
62.125, 69.625, 6.660716962947584e-24, nan 
62.375, 69.625, 7.050232864592056e-24, nan 
62.625, 69.625, 7.398682347790267e-24, nan 
62.875, 69.625, 8.04992578523859e-24, nan 
63.125, 69.625, 1.0873317334535066e-23, nan 
63.375, 69.625, 9.092883490113304e-24, nan 
63.625, 69.625, 6.957756254685497e-24, nan 
63.875, 69.625, 6.842114228197092e-24, nan 
64.125, 69.625, 6.502585541603577e-24, nan 
64.375, 69.625, 5.163181888829833e-24, nan 
64.625, 69.625, 6.5889368359335865e-24, nan 
64.875, 69.625, 1.9420077980362174e-23, nan 
65.125, 69.625, 8.112761935132461e-24, nan 
65.375, 69.625, 2.841734765760919e-24, nan 
65.625, 69.625, 2.00881719466485e-23, nan 
65.875, 69.625, 1.6219470863138666e-23, nan 
66.125, 69.625, 1.0821043493154345e-23, nan 
66.375, 69.625, 1.2951288502669375e-23, nan 
66.625, 69.625, 1.1803134447749316e-23, nan 
66.875, 69.625, 8.503532507646615e-24, nan 
67.125, 69.625, 6.013593713200946e-24, nan 
67.375, 69.625, 3.927708918121504e-24, nan 
67.625, 69.625, 3.732163614044618e-24, nan 
67.875, 69.625, 2.8417828983821673e-24, nan 
68.125, 69.625, 5.4410869260655e-24, nan 
68.375, 69.625, 5.712043902615535e-24, nan 
68.625, 69.625, 4.9253805270865325e-24, nan 
68.875, 69.625, 4.0589821147683634e-24, nan 
69.125, 69.625, 4.8027342135810164e-24, nan 
69.375, 69.625, 5.770021125535404e-24, nan 
69.625, 69.625, 1.6462896216662361e-24, nan 
69.875, 69.625, 3.904074592212178e-24, nan 
-143.375, 69.875, 2.8539357996317098e-24, nan 
-143.125, 69.875, 3.2681533388650222e-24, nan 
-142.875, 69.875, 4.967753320274181e-24, nan 
-142.625, 69.875, 5.901750456900533e-24, nan 
-142.375, 69.875, 5.6207920014814864e-24, nan 
-142.125, 69.875, 5.48697751285603e-24, nan 
-141.875, 69.875, 5.937793035562244e-24, nan 
-141.625, 69.875, 8.225436252325906e-24, nan 
-141.375, 69.875, 9.449295755489597e-24, nan 
-141.125, 69.875, 5.145598385525818e-24, nan 
-140.875, 69.875, 4.37895227949876e-24, nan 
-140.625, 69.875, 7.792518276742544e-24, nan 
-140.375, 69.875, 1.3560407220834495e-23, nan 
-140.125, 69.875, 7.462648693383394e-24, nan 
-139.875, 69.875, 2.0338368235471264e-24, nan 
-139.625, 69.875, 7.152099178517936e-24, nan 
-139.375, 69.875, 8.814088435283346e-24, nan 
-139.125, 69.875, 5.890508658016752e-24, nan 
-138.875, 69.875, 4.63442771967825e-24, nan 
-138.625, 69.875, 7.845359569176158e-24, nan 
-138.375, 69.875, 8.249183206255367e-24, nan 
-138.125, 69.875, 3.849445830101871e-24, nan 
-137.875, 69.875, 4.009274512050434e-24, nan 
-137.625, 69.875, 3.544875097423228e-24, nan 
-137.375, 69.875, 6.103366651058737e-24, nan 
-137.125, 69.875, 4.173325013358358e-24, nan 
-136.875, 69.875, 3.0416947150182118e-24, nan 
-136.625, 69.875, 3.490406747786338e-24, nan 
-136.375, 69.875, 2.1737767536143388e-24, nan 
-136.125, 69.875, 1.5371939205378389e-24, nan 
-135.875, 69.875, 2.6267601790525255e-24, nan 
-135.625, 69.875, 3.073309353258792e-24, nan 
-135.375, 69.875, 1.794356542266997e-24, nan 
-135.125, 69.875, 3.5240251948286784e-24, nan 
-134.875, 69.875, 5.842422489218241e-24, nan 
-134.625, 69.875, 6.725053271086265e-24, nan 
-134.375, 69.875, 5.954629080867163e-24, nan 
-134.125, 69.875, 9.875062367441104e-24, nan 
-133.875, 69.875, 8.603120706931746e-24, nan 
-133.625, 69.875, 9.104770390307127e-24, nan 
-133.375, 69.875, 9.808396608501044e-24, nan 
-133.125, 69.875, 6.534451049682694e-24, nan 
-132.875, 69.875, 3.564626193565363e-24, nan 
-132.625, 69.875, 4.113630717686811e-24, nan 
-132.375, 69.875, 3.0876531295121045e-24, nan 
-132.125, 69.875, 2.7572998757882306e-24, nan 
-131.875, 69.875, 2.667962901591943e-24, nan 
-131.625, 69.875, 2.214044979781089e-24, nan 
-131.375, 69.875, 3.859642700619213e-24, nan 
-131.125, 69.875, 1.8964071368955917e-24, nan 
-130.875, 69.875, 2.0338252613912396e-24, nan 
-130.625, 69.875, 1.673461779219448e-24, nan 
-130.375, 69.875, 2.4601474730788726e-24, nan 
-130.125, 69.875, 4.474259328417904e-24, nan 
-129.875, 69.875, 3.1748832451324333e-24, nan 
-129.625, 69.875, 1.7671645203587294e-24, nan 
-129.375, 69.875, 2.6081133791856498e-24, nan 
-129.125, 69.875, 2.2238657210319536e-24, nan 
-128.875, 69.875, 3.233526973103621e-24, nan 
-128.625, 69.875, 3.48112522897796e-24, nan 
-128.375, 69.875, 3.859698335686476e-24, nan 
-128.125, 69.875, 3.1573691484215294e-24, nan 
-127.875, 69.875, 3.538642375190877e-24, nan 
-127.625, 69.875, 3.913727935509357e-24, nan 
-127.375, 69.875, 3.793694346399216e-24, nan 
-127.125, 69.875, 5.335384548334014e-24, nan 
-126.875, 69.875, 5.454132284881027e-24, nan 
-126.625, 69.875, 5.237111317814682e-24, nan 
-126.375, 69.875, 4.960624362220707e-24, nan 
-126.125, 69.875, 6.792214393311658e-24, nan 
-125.875, 69.875, 5.176276105580317e-24, nan 
-125.625, 69.875, 9.258266671205557e-24, nan 
-125.375, 69.875, 1.7553718915197107e-23, nan 
-125.125, 69.875, 1.909153501809549e-23, nan 
-124.875, 69.875, 1.8672041525116755e-23, nan 
-124.625, 69.875, 2.0431375222087003e-23, nan 
-124.375, 69.875, 1.7660163981569232e-23, nan 
-124.125, 69.875, 1.6515169313317885e-23, nan 
-123.875, 69.875, 3.928457120402414e-24, nan 
-123.625, 69.875, 1.8997080470922774e-23, nan 
-123.375, 69.875, 2.5117886316289676e-23, nan 
-123.125, 69.875, 2.402455981843559e-23, nan 
-122.875, 69.875, 2.0068817611161596e-23, nan 
-122.625, 69.875, 2.1081362692774513e-23, nan 
-122.375, 69.875, 1.8339882754280522e-23, nan 
-122.125, 69.875, 7.734959074194289e-24, nan 
-121.875, 69.875, 1.4863545513727538e-23, nan 
-121.625, 69.875, 1.4625525282398886e-23, nan 
-121.375, 69.875, 8.424274274392299e-24, nan 
-121.125, 69.875, 1.827399920742086e-23, nan 
-120.875, 69.875, 1.6829844757817605e-23, nan 
-120.625, 69.875, 7.407387903751863e-24, nan 
-120.375, 69.875, 9.748038957581003e-24, nan 
-120.125, 69.875, 9.252410921201266e-24, nan 
-119.875, 69.875, 5.7676786837296165e-24, nan 
-119.625, 69.875, 6.196015451748325e-24, nan 
-119.375, 69.875, 5.157968933637937e-24, nan 
-119.125, 69.875, 2.669122122934042e-24, nan 
-118.875, 69.875, 4.045629758130446e-24, nan 
-118.625, 69.875, 3.775283079452789e-24, nan 
-118.375, 69.875, 7.515006352043954e-24, nan 
-118.125, 69.875, 6.975694488459632e-24, nan 
-117.875, 69.875, 7.566440437715792e-24, nan 
-117.625, 69.875, 5.584329624299251e-24, nan 
-117.375, 69.875, 5.975204991991609e-24, nan 
-117.125, 69.875, 9.917495560144675e-24, nan 
-116.875, 69.875, 4.0010818807809286e-24, nan 
-116.625, 69.875, 6.224436430141449e-24, nan 
-116.375, 69.875, 9.960882718626482e-24, nan 
-116.125, 69.875, 7.010570312459317e-24, nan 
-115.875, 69.875, 6.976747005431797e-24, nan 
-115.625, 69.875, 6.449245996119281e-24, nan 
-115.375, 69.875, 7.509280621884993e-24, nan 
-115.125, 69.875, 7.222455039490391e-24, nan 
-114.875, 69.875, 8.810686865485594e-24, nan 
-114.625, 69.875, 1.1561065412540485e-23, nan 
-114.375, 69.875, 6.822636153216179e-24, nan 
-114.125, 69.875, 9.941484864790142e-24, nan 
-113.875, 69.875, 1.1138427061003724e-23, nan 
-113.625, 69.875, 1.276032910472704e-23, nan 
-113.375, 69.875, 1.6733069601861586e-23, nan 
-113.125, 69.875, 1.133911926008723e-23, nan 
-112.875, 69.875, 1.2287758450503925e-23, nan 
-112.625, 69.875, 1.0796241997361532e-23, nan 
-112.375, 69.875, 8.679895135548247e-24, nan 
-112.125, 69.875, 9.199210607408492e-24, nan 
-111.875, 69.875, 1.0309502613445084e-23, nan 
-111.625, 69.875, 1.2939552114788598e-23, nan 
-111.375, 69.875, 1.1012056712647597e-23, nan 
-111.125, 69.875, 1.0307697165116733e-23, nan 
-110.875, 69.875, 1.1942877582584132e-23, nan 
-110.625, 69.875, 1.2059303870142274e-23, nan 
-110.375, 69.875, 1.7961499193150592e-23, nan 
-110.125, 69.875, 1.2418965600673694e-23, nan 
-109.875, 69.875, 1.3523900822203424e-23, nan 
-109.625, 69.875, 1.3137380864729281e-23, nan 
-109.375, 69.875, 1.2968996298537965e-23, nan 
-109.125, 69.875, 1.34310838289177e-23, nan 
-108.875, 69.875, 1.3111179684134957e-23, nan 
-108.625, 69.875, 1.1402986578543518e-23, nan 
-108.375, 69.875, 9.667444908936863e-24, nan 
-108.125, 69.875, 8.823884380140117e-24, nan 
-107.875, 69.875, 8.724923077182164e-24, nan 
-107.625, 69.875, 9.250290836449986e-24, nan 
-107.375, 69.875, 8.758294342785049e-24, nan 
-107.125, 69.875, 8.255700159290791e-24, nan 
-106.875, 69.875, 8.754634983956582e-24, nan 
-106.625, 69.875, 8.446700837494388e-24, nan 
-106.375, 69.875, 1.3245005206418252e-23, nan 
-106.125, 69.875, 1.4092599201748243e-23, nan 
-105.875, 69.875, 1.2797481061949405e-23, nan 
-105.625, 69.875, 1.5508722908768765e-23, nan 
-105.375, 69.875, 1.8705518562699633e-23, nan 
-105.125, 69.875, 1.678164423280706e-23, nan 
-104.875, 69.875, 2.0097744739171394e-23, nan 
-104.625, 69.875, 1.9917756041956266e-23, nan 
-104.375, 69.875, 1.66903176377637e-23, nan 
-104.125, 69.875, 1.4601910744192897e-23, nan 
-103.875, 69.875, 1.479309581700583e-23, nan 
-103.625, 69.875, 1.621958547673124e-23, nan 
-103.375, 69.875, 1.584808185225802e-23, nan 
-103.125, 69.875, 1.0298049633299401e-23, nan 
-102.875, 69.875, 9.499504021895729e-24, nan 
-102.625, 69.875, 8.915140655899729e-24, nan 
-102.375, 69.875, 6.3084307582669674e-24, nan 
-102.125, 69.875, 7.112184689407895e-24, nan 
-101.875, 69.875, 7.415827461445674e-24, nan 
-101.625, 69.875, 3.967282598006419e-24, nan 
-101.375, 69.875, 6.4522856076494176e-24, nan 
-101.125, 69.875, 1.1816028158731777e-23, nan 
-100.875, 69.875, 1.0210735085590545e-23, nan 
-100.625, 69.875, 1.1612850363478209e-23, nan 
-100.375, 69.875, 1.4468354428370205e-23, nan 
-100.125, 69.875, 1.2385659496106815e-23, nan 
-99.875, 69.875, 1.08922369119012e-23, nan 
-99.625, 69.875, 1.4560192005824966e-23, nan 
-99.375, 69.875, 1.6089737325565628e-23, nan 
-99.125, 69.875, 1.2620017892841443e-23, nan 
-98.875, 69.875, 9.702571144386817e-24, nan 
-98.625, 69.875, 1.5440529424332507e-23, nan 
-98.375, 69.875, 1.3278486398916717e-23, nan 
-98.125, 69.875, 1.7753948688485555e-23, nan 
-97.875, 69.875, 2.334223960046857e-23, nan 
-97.625, 69.875, 2.1648332650264927e-23, nan 
-97.375, 69.875, 2.395852522139103e-23, nan 
-97.125, 69.875, 2.122930478908755e-23, nan 
-96.875, 69.875, 1.9276031042416346e-23, nan 
-96.625, 69.875, 2.364897651855265e-23, nan 
-96.375, 69.875, 3.1437874168492224e-23, nan 
-96.125, 69.875, 2.861223362660129e-23, nan 
-95.875, 69.875, 2.1544950719195417e-23, nan 
-95.625, 69.875, 2.6094061981501582e-23, nan 
-95.375, 69.875, 1.890617856080683e-23, nan 
-95.125, 69.875, 1.6631457583852415e-23, nan 
-94.875, 69.875, 1.7395145331817566e-23, nan 
-94.625, 69.875, 7.355299197469088e-24, nan 
-94.375, 69.875, 4.726447332483385e-24, nan 
-94.125, 69.875, 9.607144570229909e-24, nan 
-93.875, 69.875, 8.505467922844347e-24, nan 
-93.625, 69.875, 9.428985596519291e-23, nan 
-93.375, 69.875, 2.0821167234103545e-23, nan 
-93.125, 69.875, 1.791071368418572e-23, nan 
-92.875, 69.875, 2.240648995815396e-23, nan 
-92.625, 69.875, 2.35876629312288e-23, nan 
-92.375, 69.875, 1.9689662981020498e-23, nan 
-92.125, 69.875, 2.0275658636795887e-23, nan 
-91.875, 69.875, 2.839265857814222e-23, nan 
-91.625, 69.875, 2.4937288634304537e-23, nan 
-91.375, 69.875, 2.24878155103308e-23, nan 
-91.125, 69.875, 2.0199650444563357e-23, nan 
-90.875, 69.875, 2.3535844384305538e-23, nan 
-90.625, 69.875, 2.3183982195566132e-23, nan 
-90.375, 69.875, 2.108571616175173e-23, nan 
-90.125, 69.875, 1.7015175521358343e-23, nan 
-89.875, 69.875, 2.0863874409479754e-23, nan 
-89.625, 69.875, 2.0765951659836553e-23, nan 
-89.375, 69.875, 2.0524066705471034e-23, nan 
-89.125, 69.875, 2.403225977924235e-23, nan 
-88.875, 69.875, 2.539739378794493e-23, nan 
-88.625, 69.875, 2.3640193522443706e-23, nan 
-88.375, 69.875, 3.3930244420843003e-23, nan 
-88.125, 69.875, 2.6905312548512745e-23, nan 
-87.875, 69.875, 2.1818884259242873e-23, nan 
-87.625, 69.875, 2.0383090085390156e-23, nan 
-87.375, 69.875, 2.4068924310973898e-23, nan 
-87.125, 69.875, 3.3183181156364224e-23, nan 
-86.875, 69.875, 3.091104844410384e-23, nan 
-86.625, 69.875, 3.2581831831409565e-23, nan 
-86.375, 69.875, 3.0770601720086645e-23, nan 
-86.125, 69.875, 3.0832114096330123e-23, nan 
-85.875, 69.875, 3.1446775877771564e-23, nan 
-85.625, 69.875, 2.653460801790469e-23, nan 
-85.375, 69.875, 2.897392832282449e-23, nan 
-85.125, 69.875, 2.9309615002615664e-23, nan 
-84.875, 69.875, 2.658606174155865e-23, nan 
-84.625, 69.875, 2.5330808888534552e-23, nan 
-84.375, 69.875, 2.8627168809976604e-23, nan 
-84.125, 69.875, 3.039573462901374e-23, nan 
-83.875, 69.875, 3.010727324080761e-23, nan 
-83.625, 69.875, 2.8019274489911195e-23, nan 
-83.375, 69.875, 2.7276579731625554e-23, nan 
-83.125, 69.875, 3.0096122158783254e-23, nan 
-82.875, 69.875, 3.249463449885921e-23, nan 
-82.625, 69.875, 2.8667215094469623e-23, nan 
-82.375, 69.875, 3.088858609233879e-23, nan 
-82.125, 69.875, 2.551445517441105e-23, nan 
-81.875, 69.875, 2.3925796725053142e-23, nan 
-81.625, 69.875, 3.1010101129472613e-23, nan 
-81.375, 69.875, 3.7880622942062744e-23, nan 
-81.125, 69.875, 4.1579821140876267e-23, nan 
-80.875, 69.875, 3.811217589069302e-23, nan 
-80.625, 69.875, 4.2107528904220176e-23, nan 
-80.375, 69.875, 4.246052047608178e-23, nan 
-80.125, 69.875, 2.574370405117308e-23, nan 
-79.875, 69.875, 3.374440706751024e-23, nan 
-79.625, 69.875, 2.809179878816307e-23, nan 
-79.375, 69.875, 3.087720458930489e-23, nan 
-79.125, 69.875, 3.0563372844347134e-23, nan 
-78.875, 69.875, 3.1722487689550163e-23, nan 
-78.625, 69.875, 4.475774854581969e-23, nan 
-78.375, 69.875, 4.260601406362799e-23, nan 
-78.125, 69.875, 4.227580888893295e-23, nan 
-77.875, 69.875, 3.148002795299541e-23, nan 
-77.625, 69.875, 1.7702514159979682e-23, nan 
-77.375, 69.875, 3.077775810861419e-23, nan 
-77.125, 69.875, 3.9801290236828584e-23, nan 
-76.875, 69.875, 9.390564075852502e-23, nan 
-76.625, 69.875, 6.426345572848799e-23, nan 
-76.375, 69.875, 5.331389760993251e-23, nan 
-76.125, 69.875, 3.159483700324781e-22, nan 
-75.875, 69.875, 8.654751579096196e-22, nan 
-75.625, 69.875, 9.776832508809923e-22, nan 
-75.375, 69.875, 4.989444584366477e-22, nan 
-75.125, 69.875, 1.8336841143492582e-21, nan 
-74.875, 69.875, 1.979095862702789e-21, nan 
-74.625, 69.875, 6.6778483663563955e-22, nan 
-74.375, 69.875, 9.966988390307313e-22, nan 
-74.125, 69.875, 9.599644354361773e-22, nan 
-73.875, 69.875, 3.5384886519278233e-22, nan 
-73.625, 69.875, 1.1860905233989283e-22, nan 
-73.375, 69.875, 8.679779779342926e-23, nan 
-73.125, 69.875, 6.292407850099145e-23, nan 
-72.875, 69.875, 8.017530567295813e-23, nan 
-72.625, 69.875, 9.132330295083635e-23, nan 
-72.375, 69.875, 7.15065761112985e-23, nan 
-72.125, 69.875, 7.884926400286104e-23, nan 
-71.875, 69.875, 7.258725160202859e-23, nan 
-71.625, 69.875, 5.517147053588642e-23, nan 
-71.375, 69.875, 6.330552358713681e-23, nan 
-71.125, 69.875, 6.019955100624825e-23, nan 
-70.875, 69.875, 5.639725924048032e-23, nan 
-70.625, 69.875, 4.8947339111480495e-23, nan 
-70.375, 69.875, 5.2152098931151314e-23, nan 
-70.125, 69.875, 5.116857117951347e-23, nan 
-69.875, 69.875, 5.045848611124876e-23, nan 
-69.625, 69.875, 5.2774501753545646e-23, nan 
-69.375, 69.875, 4.923988483311132e-23, nan 
-69.125, 69.875, 5.029185481710801e-23, nan 
-68.875, 69.875, 4.2911421994952083e-23, nan 
-68.625, 69.875, 4.8214012844112213e-23, nan 
-68.375, 69.875, 4.938660882728627e-23, nan 
-68.125, 69.875, 5.638819307700627e-23, nan 
-67.875, 69.875, 5.920828417083187e-23, nan 
-67.625, 69.875, 6.61226406299957e-23, nan 
-67.375, 69.875, 8.359523023746478e-23, nan 
-67.125, 69.875, 9.553889749538515e-23, nan 
-66.875, 69.875, 9.298316512413734e-23, nan 
-66.625, 69.875, 1.1381442264805233e-22, nan 
-66.375, 69.875, 1.323438685587374e-22, nan 
-66.125, 69.875, 1.21335460109283e-22, nan 
-65.875, 69.875, 1.4503989806380042e-22, nan 
-65.625, 69.875, 1.4845007596833836e-22, nan 
-65.375, 69.875, 1.5218200315777476e-22, nan 
-65.125, 69.875, 1.1260562731702991e-22, nan 
-64.875, 69.875, 7.169547044007296e-23, nan 
-64.625, 69.875, 1.2672632097285714e-22, nan 
-64.375, 69.875, 8.997951970318302e-23, nan 
-64.125, 69.875, 1.481086933293521e-22, nan 
-63.875, 69.875, 1.7895217173080582e-22, nan 
-63.625, 69.875, 9.989228792651805e-23, nan 
-63.375, 69.875, 1.46340956850356e-22, nan 
-63.125, 69.875, 1.300247646773437e-22, nan 
-62.875, 69.875, 6.956490132436182e-23, nan 
-62.625, 69.875, 5.376239571736466e-23, nan 
-62.375, 69.875, 7.633415374277288e-23, nan 
-62.125, 69.875, 6.637665356461615e-23, nan 
-61.875, 69.875, 9.83212789971484e-23, nan 
-61.625, 69.875, 7.444531517870707e-23, nan 
-61.375, 69.875, 7.037650903732872e-23, nan 
-61.125, 69.875, 1.1207281797687056e-22, nan 
-60.875, 69.875, 2.229472500906115e-22, nan 
-60.625, 69.875, 1.9118101736972587e-22, nan 
-60.375, 69.875, 7.081121045367993e-23, nan 
-60.125, 69.875, 1.1946418571103556e-22, nan 
-59.875, 69.875, 1.4085702023853084e-22, nan 
-59.625, 69.875, 1.989607822631233e-22, nan 
-59.375, 69.875, 1.704547737363558e-22, nan 
-59.125, 69.875, 1.411791756808795e-22, nan 
-58.875, 69.875, 1.0951750271968275e-22, nan 
-58.625, 69.875, 1.065507611343212e-22, nan 
-58.375, 69.875, 1.0296918493221811e-22, nan 
-58.125, 69.875, 1.0262745149426825e-22, nan 
-57.875, 69.875, 1.0002357025790219e-22, nan 
-57.625, 69.875, 9.791199684377115e-23, nan 
-57.375, 69.875, 1.2980005586939103e-22, nan 
-57.125, 69.875, 1.459306837638495e-22, nan 
-56.875, 69.875, 1.6328413816287996e-22, nan 
-56.625, 69.875, 2.21294742584905e-22, nan 
-56.375, 69.875, 1.8399680454936275e-22, nan 
-56.125, 69.875, 1.9066824221607565e-22, nan 
-55.875, 69.875, 3.039229093554178e-22, nan 
-55.625, 69.875, 2.468791535647417e-22, nan 
-55.375, 69.875, 1.6107709006529e-22, nan 
-55.125, 69.875, 2.311018801246435e-22, nan 
-54.875, 69.875, 2.2998113310360093e-22, nan 
-54.625, 69.875, 1.7658248886931878e-22, nan 
-54.375, 69.875, 2.838671961094191e-22, nan 
-54.125, 69.875, 2.637942723443299e-22, nan 
-53.875, 69.875, 2.4998965598661064e-22, nan 
-53.625, 69.875, 3.148304071251216e-22, nan 
-53.375, 69.875, 2.881487831447975e-22, nan 
-53.125, 69.875, 2.3993720016166667e-22, nan 
-52.875, 69.875, 3.096490156317479e-22, nan 
-52.625, 69.875, 3.206574011283329e-22, nan 
-52.375, 69.875, 2.6311264603380416e-22, nan 
-52.125, 69.875, 3.3438948808107545e-22, nan 
-51.875, 69.875, 7.615158233553736e-22, nan 
-51.625, 69.875, 5.6663933775732585e-22, nan 
-51.375, 69.875, 4.833726408178318e-22, nan 
-51.125, 69.875, 4.835656389934879e-22, nan 
-50.875, 69.875, 5.06882662749024e-22, nan 
-50.625, 69.875, 4.896353169490297e-22, nan 
-50.375, 69.875, 2.9682125646450365e-22, nan 
-50.125, 69.875, 2.5291778641141145e-22, nan 
-49.875, 69.875, 3.8810769073855605e-22, nan 
-49.625, 69.875, 2.742453496174283e-22, nan 
-49.375, 69.875, 2.9949408054587286e-22, nan 
-49.125, 69.875, 2.588049956081132e-22, nan 
-48.875, 69.875, 2.296558786523532e-22, nan 
-48.625, 69.875, 3.988789469593153e-22, nan 
-48.375, 69.875, 3.2900240520337317e-22, nan 
-48.125, 69.875, 2.6263347163771555e-22, nan 
-47.875, 69.875, 3.8285924480552748e-22, nan 
-47.625, 69.875, 4.621205574448265e-22, nan 
-47.375, 69.875, 4.657469333164972e-22, nan 
-47.125, 69.875, 4.883588738583065e-22, nan 
-46.875, 69.875, 3.8655594195900727e-22, nan 
-46.625, 69.875, 3.9525132488465736e-22, nan 
-46.375, 69.875, 5.086779501669816e-22, nan 
-46.125, 69.875, 2.774087921459335e-22, nan 
-45.875, 69.875, 3.0831927889029046e-22, nan 
-45.625, 69.875, 1.8813689146383078e-22, nan 
-45.375, 69.875, 4.1295388466989537e-22, nan 
-45.125, 69.875, 4.0000936266623436e-22, nan 
-44.875, 69.875, 2.5816499882355444e-22, nan 
-44.625, 69.875, 4.376982319650629e-22, nan 
-44.375, 69.875, 2.3054282307734933e-22, nan 
-44.125, 69.875, 7.060993734856515e-22, nan 
-43.875, 69.875, 1.2649131808696504e-21, nan 
-43.625, 69.875, 9.510337364876283e-22, nan 
-43.375, 69.875, 9.623303713612508e-22, nan 
-43.125, 69.875, 1.5431258777835521e-21, nan 
-42.875, 69.875, 6.067095128720423e-22, nan 
-42.625, 69.875, 7.175229912297402e-22, nan 
-42.375, 69.875, 1.1383980913636846e-21, nan 
-42.125, 69.875, 2.4450404253200997e-22, nan 
-41.875, 69.875, 1.8924620737729534e-22, nan 
-41.625, 69.875, 8.0293732498620515e-22, nan 
-41.375, 69.875, 5.8556338979063765e-22, nan 
-41.125, 69.875, 5.204657322632439e-22, nan 
-40.875, 69.875, 7.312096179280252e-22, nan 
-40.625, 69.875, 6.76973241867554e-22, nan 
-40.375, 69.875, 1.1750807617448707e-21, nan 
-40.125, 69.875, 1.2387208168398043e-21, nan 
-39.875, 69.875, 8.833155082097303e-22, nan 
-39.625, 69.875, 1.92506238523261e-21, nan 
-39.375, 69.875, 2.1266992074975558e-21, nan 
-39.125, 69.875, 2.0711212255771092e-21, nan 
-38.875, 69.875, 2.4215393923767358e-21, nan 
-38.625, 69.875, 1.5178468597337616e-21, nan 
-38.375, 69.875, 1.9649342226298333e-21, nan 
-38.125, 69.875, 9.669890370564522e-22, nan 
-37.875, 69.875, 1.419801207167976e-21, nan 
-37.625, 69.875, 1.6513464045139166e-21, nan 
-37.375, 69.875, 1.395316264656406e-21, nan 
-37.125, 69.875, 1.6219882457616087e-21, nan 
-36.875, 69.875, 1.5306547513022612e-21, nan 
-36.625, 69.875, 1.2744355733286416e-21, nan 
-36.375, 69.875, 2.3335916617569087e-21, nan 
-36.125, 69.875, 4.046877099858485e-21, nan 
-35.875, 69.875, 3.3523799137183853e-21, nan 
-35.625, 69.875, 3.1412694824063796e-21, nan 
-35.375, 69.875, 4.236486709734662e-21, nan 
-35.125, 69.875, 2.890736104469017e-21, nan 
-34.875, 69.875, 1.891869932738124e-21, nan 
-34.625, 69.875, 1.2321146482816346e-21, nan 
-34.375, 69.875, 2.0171552073589933e-21, nan 
-34.125, 69.875, 1.05477604000558e-21, nan 
-33.875, 69.875, 1.1960891651374944e-21, nan 
-33.625, 69.875, 1.1310096671975699e-21, nan 
-33.375, 69.875, 1.5289573447718283e-21, nan 
-33.125, 69.875, 1.527910311378259e-21, nan 
-32.875, 69.875, 1.9711147829763744e-21, nan 
-32.625, 69.875, 3.3420018501744177e-21, nan 
-32.375, 69.875, 2.6716927547413624e-21, nan 
-32.125, 69.875, 1.4155492642461972e-21, nan 
-31.875, 69.875, 8.285608007556858e-22, nan 
-31.625, 69.875, 1.651641645635449e-21, nan 
-31.375, 69.875, 1.6132359459527596e-21, nan 
-31.125, 69.875, 1.965698678301354e-21, nan 
-30.875, 69.875, 2.987850063004935e-21, nan 
-30.625, 69.875, 5.7581313629502705e-21, nan 
-30.375, 69.875, 8.534833050763796e-21, nan 
-30.125, 69.875, 5.435672157864221e-21, nan 
-29.875, 69.875, 7.325312797531078e-21, nan 
-29.625, 69.875, 1.1859690076063248e-20, nan 
-29.375, 69.875, 6.4625334493056e-21, nan 
-29.125, 69.875, 4.15570847452589e-21, nan 
-28.875, 69.875, 8.281445450598696e-21, nan 
-28.625, 69.875, 9.29645273352394e-21, nan 
-28.375, 69.875, 9.351497876892523e-21, nan 
-28.125, 69.875, 1.065627254113328e-20, nan 
-27.875, 69.875, 1.1243417938591038e-20, nan 
-27.625, 69.875, 1.1013182751265253e-20, nan 
-27.375, 69.875, 7.498941475078601e-21, nan 
-27.125, 69.875, 7.690112559746726e-21, nan 
-26.875, 69.875, 9.01743158778885e-21, nan 
-26.625, 69.875, 9.092803772342816e-21, nan 
-26.375, 69.875, 9.4121924740529e-21, nan 
-26.125, 69.875, 9.690588627473683e-21, nan 
-25.875, 69.875, 6.4386123433874946e-21, nan 
-25.625, 69.875, 1.6768758669268689e-21, nan 
-25.375, 69.875, 2.3435966876641725e-21, nan 
-25.125, 69.875, 2.3349938282242508e-21, nan 
-24.875, 69.875, 1.6299310386749079e-21, nan 
-24.625, 69.875, 1.9082785031358957e-21, nan 
-24.375, 69.875, 1.1499699225120502e-21, nan 
-24.125, 69.875, 1.467937173860296e-21, nan 
-23.875, 69.875, 9.489028769909904e-22, nan 
-23.625, 69.875, 1.0827426212691288e-21, nan 
-23.375, 69.875, 4.191407869931026e-22, nan 
-23.125, 69.875, 9.91718892713013e-22, nan 
-22.875, 69.875, 1.0553420113769742e-21, nan 
-22.625, 69.875, 1.735329551434865e-21, nan 
-22.375, 69.875, 2.851812176357088e-21, nan 
-22.125, 69.875, 2.957872797565868e-21, nan 
-21.875, 69.875, 2.2212684227114207e-21, nan 
-21.625, 69.875, 2.219446166631533e-21, nan 
-21.375, 69.875, 1.745385228419594e-21, nan 
-21.125, 69.875, 1.7297449212592244e-21, nan 
-20.875, 69.875, 1.4832304497496264e-21, nan 
-20.625, 69.875, 2.4338330559255715e-21, nan 
-20.375, 69.875, 2.6457508077100924e-21, nan 
-20.125, 69.875, 2.6703725985881404e-21, nan 
-19.875, 69.875, 2.2584440896692312e-21, nan 
-19.625, 69.875, 1.7969206541452273e-21, nan 
-19.375, 69.875, 2.0260129132601005e-21, nan 
-19.125, 69.875, 2.0153657584902656e-21, nan 
-18.875, 69.875, 2.4328793403226498e-21, nan 
-18.625, 69.875, 2.869084830015178e-21, nan 
-18.375, 69.875, 1.9884879906959466e-21, nan 
-18.125, 69.875, 9.191126763952422e-22, nan 
-17.875, 69.875, 1.836638818762924e-21, nan 
-17.625, 69.875, 1.582138026897638e-21, nan 
-17.375, 69.875, 1.9975112139580688e-21, nan 
-17.125, 69.875, 1.936707636994696e-21, nan 
-16.875, 69.875, 1.8023486064071047e-21, nan 
-16.625, 69.875, 2.5397987778899963e-21, nan 
-16.375, 69.875, 1.0664892395236704e-21, nan 
-16.125, 69.875, 2.4927385246798413e-21, nan 
-15.875, 69.875, 2.836208743658524e-21, nan 
-15.625, 69.875, 1.9408014205657703e-21, nan 
-15.375, 69.875, 2.0758528094437664e-21, nan 
-15.125, 69.875, 2.5968609828731234e-21, nan 
-14.875, 69.875, 2.6522832628215186e-21, nan 
-14.625, 69.875, 2.140622170244283e-21, nan 
-14.375, 69.875, 1.9912091202693804e-21, nan 
-14.125, 69.875, 2.2207798366191608e-21, nan 
-13.875, 69.875, 2.0855595944242746e-21, nan 
-13.625, 69.875, 1.3339792810860865e-21, nan 
-13.375, 69.875, 7.634944820898915e-22, nan 
-13.125, 69.875, 1.4888613711646583e-21, nan 
-12.875, 69.875, 7.341278724073067e-22, nan 
-12.625, 69.875, 7.811253104473075e-22, nan 
-12.375, 69.875, 1.2014630203569374e-21, nan 
-12.125, 69.875, 6.205660373314817e-22, nan 
-11.875, 69.875, 9.110468618060336e-22, nan 
-11.625, 69.875, 1.3700589920310546e-21, nan 
-11.375, 69.875, 1.7430823193072736e-21, nan 
-11.125, 69.875, 1.5833827834609086e-21, nan 
-10.875, 69.875, 2.587193330893199e-21, nan 
-10.625, 69.875, 5.856025950930214e-21, nan 
-10.375, 69.875, 4.216982462553119e-21, nan 
-10.125, 69.875, 6.5650235697833755e-21, nan 
-9.875, 69.875, 8.68392471679754e-21, nan 
-9.625, 69.875, 1.2054186101678337e-20, nan 
-9.375, 69.875, 7.254194247538399e-21, nan 
-9.125, 69.875, 6.04762255948913e-20, nan 
-8.875, 69.875, 8.602205828946e-20, nan 
-8.625, 69.875, 7.014855753668318e-20, nan 
-8.375, 69.875, 8.918632412847737e-20, nan 
-8.125, 69.875, 1.1997677040679624e-19, nan 
-7.875, 69.875, 1.0738069746553108e-19, nan 
-7.625, 69.875, 7.719218298289467e-20, nan 
-7.375, 69.875, 5.592910899912363e-20, nan 
-7.125, 69.875, 5.731615804737849e-20, nan 
-6.875, 69.875, 4.7226556845718295e-20, nan 
-6.625, 69.875, 3.0369726301575657e-20, nan 
-6.375, 69.875, 9.09471220790742e-21, nan 
-6.125, 69.875, 6.601919019316897e-21, nan 
-5.875, 69.875, 5.90354283043447e-21, nan 
-5.625, 69.875, 3.2949178306271963e-21, nan 
-5.375, 69.875, 4.762091659790292e-21, nan 
-5.125, 69.875, 4.815490140919548e-21, nan 
-4.875, 69.875, 1.1888864929202878e-21, nan 
-4.625, 69.875, 1.1323250495554029e-21, nan 
-4.375, 69.875, 1.512424531558844e-21, nan 
-4.125, 69.875, 1.3399891371083499e-21, nan 
-3.875, 69.875, 1.0985980973667316e-21, nan 
-3.625, 69.875, 6.732751449734654e-22, nan 
-3.375, 69.875, 8.54417474645476e-22, nan 
-3.125, 69.875, 8.186910298831493e-22, nan 
-2.875, 69.875, 1.1435666552244595e-21, nan 
-2.625, 69.875, 9.624189441917104e-22, nan 
-2.375, 69.875, 4.491272132523226e-22, nan 
-2.125, 69.875, 5.774560649191839e-22, nan 
-1.875, 69.875, 6.9413154376566255e-22, nan 
-1.625, 69.875, 4.598604139188091e-22, nan 
-1.375, 69.875, 4.552138314166605e-22, nan 
-1.125, 69.875, 7.802334136321532e-22, nan 
-0.875, 69.875, 6.968434707992183e-22, nan 
-0.625, 69.875, 6.976555793656782e-22, nan 
-0.375, 69.875, 4.8326108397806e-22, nan 
-0.125, 69.875, 3.820779746291618e-22, nan 
0.125, 69.875, 5.485315255748936e-22, nan 
0.375, 69.875, 4.395947890517871e-22, nan 
0.625, 69.875, 4.33488838168931e-22, nan 
0.875, 69.875, 2.4778607643524364e-22, nan 
1.125, 69.875, 2.681386395136078e-22, nan 
1.375, 69.875, 2.944146573201952e-22, nan 
1.625, 69.875, 4.276824337002074e-22, nan 
1.875, 69.875, 4.248836741564185e-22, nan 
2.125, 69.875, 4.488025688125597e-22, nan 
2.375, 69.875, 6.175423339800013e-22, nan 
2.625, 69.875, 5.652399445596654e-22, nan 
2.875, 69.875, 5.485929255992702e-22, nan 
3.125, 69.875, 5.952211878415368e-22, nan 
3.375, 69.875, 5.672214759679995e-22, nan 
3.625, 69.875, 6.732758947331889e-22, nan 
3.875, 69.875, 6.313141843823447e-22, nan 
4.125, 69.875, 4.855591548374445e-22, nan 
4.375, 69.875, 5.174010150637599e-22, nan 
4.625, 69.875, 5.605789581641525e-22, nan 
4.875, 69.875, 4.198887493304124e-22, nan 
5.125, 69.875, 2.372346041069941e-22, nan 
5.375, 69.875, 1.5446773412624416e-22, nan 
5.625, 69.875, 5.507772724431392e-22, nan 
5.875, 69.875, 5.697511720096254e-22, nan 
6.125, 69.875, 4.866959316238481e-22, nan 
6.375, 69.875, 4.620697918870557e-22, nan 
6.625, 69.875, 4.578442293001218e-22, nan 
6.875, 69.875, 3.963897048502388e-22, nan 
7.125, 69.875, 3.174094169354367e-22, nan 
7.375, 69.875, 1.155926017180901e-22, nan 
7.625, 69.875, 1.328838154196389e-23, nan 
7.875, 69.875, 1.4994304864428399e-22, nan 
8.125, 69.875, 1.4415912857506014e-22, nan 
8.375, 69.875, 2.3244523860539594e-22, nan 
8.625, 69.875, 2.6606651233737834e-22, nan 
8.875, 69.875, 5.660062319185859e-22, nan 
9.125, 69.875, 1.0137099512861063e-21, nan 
9.375, 69.875, 1.1194920088744973e-21, nan 
9.625, 69.875, 6.073494080198758e-22, nan 
9.875, 69.875, 1.0678734934450693e-21, nan 
10.125, 69.875, 1.1687115079014131e-21, nan 
10.375, 69.875, 4.367489697807303e-22, nan 
10.625, 69.875, 2.0397604071578882e-22, nan 
10.875, 69.875, 3.5204338665445163e-22, nan 
11.125, 69.875, 1.263927041819109e-22, nan 
11.375, 69.875, 9.507089537734163e-23, nan 
11.625, 69.875, 6.845122373769419e-23, nan 
11.875, 69.875, 6.105425685558735e-23, nan 
12.125, 69.875, 8.134692513649124e-23, nan 
12.375, 69.875, 1.952521954828394e-22, nan 
12.625, 69.875, 4.117767469480757e-22, nan 
12.875, 69.875, 3.5422810991541117e-22, nan 
13.125, 69.875, 3.603167781403782e-22, nan 
13.375, 69.875, 4.3526241057989275e-22, nan 
13.625, 69.875, 3.9088842233537175e-22, nan 
13.875, 69.875, 5.279967625793945e-22, nan 
14.125, 69.875, 2.4147898147066067e-22, nan 
14.375, 69.875, 2.1330374593312837e-22, nan 
14.625, 69.875, 1.3076961601653676e-22, nan 
14.875, 69.875, 2.3428772088856997e-22, nan 
15.125, 69.875, 1.9065571794136964e-22, nan 
15.375, 69.875, 8.26065313414824e-23, nan 
15.625, 69.875, 4.949965648941331e-23, nan 
15.875, 69.875, 5.811033820832624e-23, nan 
16.125, 69.875, 2.6389869932549078e-23, nan 
16.375, 69.875, 4.781850694264564e-23, nan 
16.625, 69.875, 3.169138157990924e-23, nan 
16.875, 69.875, 5.057647238195187e-23, nan 
17.125, 69.875, 7.23768539940139e-23, nan 
17.375, 69.875, 9.244896937987316e-23, nan 
17.625, 69.875, 1.3157008749359808e-22, nan 
17.875, 69.875, 1.542611193788937e-22, nan 
18.125, 69.875, 1.7909603372477686e-22, nan 
18.375, 69.875, 2.2860400549869063e-22, nan 
18.625, 69.875, 1.6833142285578023e-22, nan 
18.875, 69.875, 1.1846150154691829e-22, nan 
19.125, 69.875, 1.2094084307739099e-22, nan 
19.375, 69.875, 1.4217159495986318e-22, nan 
19.625, 69.875, 7.956996711368783e-23, nan 
19.875, 69.875, 8.071675848190794e-23, nan 
20.125, 69.875, 7.661051490045211e-23, nan 
20.375, 69.875, 8.885866909660412e-23, nan 
20.625, 69.875, 9.408076974254596e-23, nan 
20.875, 69.875, 8.159885752198226e-23, nan 
21.125, 69.875, 7.704992970544012e-23, nan 
21.375, 69.875, 7.734144522290364e-23, nan 
21.625, 69.875, 6.303129306792524e-23, nan 
21.875, 69.875, 5.83577748830257e-23, nan 
22.125, 69.875, 5.298221490931023e-23, nan 
22.375, 69.875, 1.1151846033913675e-22, nan 
22.625, 69.875, 1.2687304112621954e-22, nan 
22.875, 69.875, 6.427076494123462e-23, nan 
23.125, 69.875, 1.064830430679903e-22, nan 
23.375, 69.875, 1.0308066586291215e-22, nan 
23.625, 69.875, 4.8624759230212185e-23, nan 
23.875, 69.875, 1.3447880731900643e-23, nan 
24.125, 69.875, 3.651257583667069e-23, nan 
24.375, 69.875, 3.2819656932134396e-23, nan 
24.625, 69.875, 3.627280826566762e-23, nan 
24.875, 69.875, 5.844695582141177e-23, nan 
25.125, 69.875, 4.563983866833206e-23, nan 
25.375, 69.875, 5.66802298410276e-23, nan 
25.625, 69.875, 4.915116099208075e-23, nan 
25.875, 69.875, 3.785404481491347e-23, nan 
26.125, 69.875, 3.92896667964395e-23, nan 
26.375, 69.875, 3.663168914379377e-23, nan 
26.625, 69.875, 2.784410402294181e-23, nan 
26.875, 69.875, 2.108662695162234e-23, nan 
27.125, 69.875, 2.6004988597304674e-23, nan 
27.375, 69.875, 2.520083609588552e-23, nan 
27.625, 69.875, 5.264464657947861e-23, nan 
27.875, 69.875, 4.5083135207646754e-23, nan 
28.125, 69.875, 3.610058299627867e-23, nan 
28.375, 69.875, 7.338116817965871e-23, nan 
28.625, 69.875, 4.9443336448937115e-23, nan 
28.875, 69.875, 3.285427191512945e-23, nan 
29.125, 69.875, 2.855024987842568e-23, nan 
29.375, 69.875, 2.191913459074098e-23, nan 
29.625, 69.875, 2.785637991162048e-23, nan 
29.875, 69.875, 2.5763547790825117e-23, nan 
30.125, 69.875, 2.6011075707999282e-23, nan 
30.375, 69.875, 1.8682372397715815e-23, nan 
30.625, 69.875, 3.438681734288974e-23, nan 
30.875, 69.875, 1.7790499295459254e-23, nan 
31.125, 69.875, 2.4615663637976017e-23, nan 
31.375, 69.875, 3.5996116818459354e-23, nan 
31.625, 69.875, 2.9983055091603863e-23, nan 
31.875, 69.875, 3.2864944798413516e-23, nan 
32.125, 69.875, 5.2805004406926066e-23, nan 
32.375, 69.875, 4.210185863473871e-23, nan 
32.625, 69.875, 3.3896193568756324e-23, nan 
32.875, 69.875, 2.910974984049013e-23, nan 
33.125, 69.875, 1.3339233262689733e-23, nan 
33.375, 69.875, 2.0693852338077682e-23, nan 
33.625, 69.875, 2.2872829592608265e-23, nan 
33.875, 69.875, 1.8366193533235448e-23, nan 
34.125, 69.875, 2.0327391743552045e-23, nan 
34.375, 69.875, 2.6253391141799538e-23, nan 
34.625, 69.875, 1.8316552971944064e-23, nan 
34.875, 69.875, 1.7357750301711192e-23, nan 
35.125, 69.875, 2.8248249368277616e-23, nan 
35.375, 69.875, 2.5196445218403214e-23, nan 
35.625, 69.875, 1.7452011199303494e-23, nan 
35.875, 69.875, 3.170261895454404e-23, nan 
36.125, 69.875, 2.6378396520184975e-23, nan 
36.375, 69.875, 1.4802353740248918e-23, nan 
36.625, 69.875, 1.394995311472976e-23, nan 
36.875, 69.875, 1.3852166034917976e-23, nan 
37.125, 69.875, 1.7959027628181637e-23, nan 
37.375, 69.875, 2.600475062868119e-23, nan 
37.625, 69.875, 2.2584605078667022e-23, nan 
37.875, 69.875, 1.6478001891457147e-23, nan 
38.125, 69.875, 1.5177315808081613e-23, nan 
38.375, 69.875, 1.2324931159023263e-23, nan 
38.625, 69.875, 1.1845305336464627e-23, nan 
38.875, 69.875, 9.879877241432806e-24, nan 
39.125, 69.875, 1.1109762066025973e-23, nan 
39.375, 69.875, 1.2112186198054607e-23, nan 
39.625, 69.875, 2.0023123203431402e-23, nan 
39.875, 69.875, 2.135209353172859e-23, nan 
40.125, 69.875, 2.3644083992646653e-23, nan 
40.375, 69.875, 1.929732504101538e-23, nan 
40.625, 69.875, 2.4599035832448757e-23, nan 
40.875, 69.875, 3.5457718639174894e-23, nan 
41.125, 69.875, 3.1063336195689867e-23, nan 
41.375, 69.875, 3.1511877536600606e-23, nan 
41.625, 69.875, 2.6493509082222505e-23, nan 
41.875, 69.875, 3.126661983375767e-23, nan 
42.125, 69.875, 2.925508875160306e-23, nan 
42.375, 69.875, 2.8955636588601416e-23, nan 
42.625, 69.875, 2.92097522931645e-23, nan 
42.875, 69.875, 1.335135117632056e-23, nan 
43.125, 69.875, 1.3944982219274038e-23, nan 
43.375, 69.875, 1.9339099292380313e-23, nan 
43.625, 69.875, 9.964391535315874e-24, nan 
43.875, 69.875, 1.5798820258934016e-23, nan 
44.125, 69.875, 1.708488335693246e-23, nan 
44.375, 69.875, 1.483606595321327e-23, nan 
44.625, 69.875, 1.7100585078538032e-23, nan 
44.875, 69.875, 1.6291645074921412e-23, nan 
45.125, 69.875, 1.2621613449790146e-23, nan 
45.375, 69.875, 1.3725524216015827e-23, nan 
45.625, 69.875, 1.339907840712434e-23, nan 
45.875, 69.875, 9.853467639612907e-24, nan 
46.125, 69.875, 5.0183108425909404e-24, nan 
46.375, 69.875, 4.547244693023504e-24, nan 
46.625, 69.875, 3.6548652815782716e-24, nan 
46.875, 69.875, 3.2704275495871313e-24, nan 
47.125, 69.875, 5.782873403459069e-24, nan 
47.375, 69.875, 5.097422487797373e-24, nan 
47.625, 69.875, 5.640680040206884e-24, nan 
47.875, 69.875, 7.620343341029759e-24, nan 
48.125, 69.875, 6.4650792426284554e-24, nan 
48.375, 69.875, 4.876686075868982e-24, nan 
48.625, 69.875, 6.668419319816369e-24, nan 
48.875, 69.875, 5.6354990554933455e-24, nan 
49.125, 69.875, 6.996303861286831e-24, nan 
49.375, 69.875, 9.759959340099869e-24, nan 
49.625, 69.875, 1.223642480134337e-23, nan 
49.875, 69.875, 9.572962288502844e-24, nan 
50.125, 69.875, 1.0770635787762963e-23, nan 
50.375, 69.875, 1.1630769789370388e-23, nan 
50.625, 69.875, 9.139678435764228e-24, nan 
50.875, 69.875, 9.807223612670739e-24, nan 
51.125, 69.875, 9.679792817719946e-24, nan 
51.375, 69.875, 9.080945943643905e-24, nan 
51.625, 69.875, 7.580108414517717e-24, nan 
51.875, 69.875, 5.599387359781402e-24, nan 
52.125, 69.875, 6.772803145961619e-24, nan 
52.375, 69.875, 5.5884745125980525e-24, nan 
52.625, 69.875, 4.466048889169937e-24, nan 
52.875, 69.875, 4.861532813940451e-24, nan 
53.125, 69.875, 4.545987166575022e-24, nan 
53.375, 69.875, 1.0813529501827032e-23, nan 
53.625, 69.875, 5.513690369044076e-24, nan 
53.875, 69.875, 7.142431739343913e-24, nan 
54.125, 69.875, 1.9279975833043925e-23, nan 
54.375, 69.875, 9.195627269283553e-24, nan 
54.625, 69.875, 2.8759791138159065e-24, nan 
54.875, 69.875, 9.416397689658356e-24, nan 
55.125, 69.875, 8.046618217254892e-24, nan 
55.375, 69.875, 3.857331377795974e-24, nan 
55.625, 69.875, 6.259920431900996e-24, nan 
55.875, 69.875, 9.577772903670311e-24, nan 
56.125, 69.875, 6.153831650027196e-24, nan 
56.375, 69.875, 4.465420388616294e-24, nan 
56.625, 69.875, 3.284904391075148e-24, nan 
56.875, 69.875, 5.242429307499307e-24, nan 
57.125, 69.875, 4.570838834609085e-24, nan 
57.375, 69.875, 5.162342084223517e-24, nan 
57.625, 69.875, 7.04817950982294e-24, nan 
57.875, 69.875, 8.83602749077663e-24, nan 
58.125, 69.875, 6.131635415650212e-24, nan 
58.375, 69.875, 7.20914044640911e-24, nan 
58.625, 69.875, 8.135917409772478e-24, nan 
58.875, 69.875, 9.085388160286572e-24, nan 
59.125, 69.875, 8.115560145741383e-24, nan 
59.375, 69.875, 7.346911301111659e-24, nan 
59.625, 69.875, 8.34264599882821e-24, nan 
59.875, 69.875, 7.645391567642472e-24, nan 
60.125, 69.875, 6.389311090221285e-24, nan 
60.375, 69.875, 4.407619915794968e-24, nan 
60.625, 69.875, 1.0300003328122132e-23, nan 
60.875, 69.875, 1.174792635169453e-23, nan 
61.125, 69.875, 8.674531788125167e-24, nan 
61.375, 69.875, 8.641190743883786e-24, nan 
61.625, 69.875, 1.006168007278557e-23, nan 
61.875, 69.875, 8.749475829263674e-24, nan 
62.125, 69.875, 3.689503255104804e-24, nan 
62.375, 69.875, 3.7626009300360934e-24, nan 
62.625, 69.875, 3.9826382893227384e-24, nan 
62.875, 69.875, 1.3879631288959425e-23, nan 
63.125, 69.875, 1.6063178040182886e-23, nan 
63.375, 69.875, 8.112572178634946e-24, nan 
63.625, 69.875, 1.6177544147959901e-23, nan 
63.875, 69.875, 1.7350518006025404e-23, nan 
64.125, 69.875, 1.2615487950957059e-23, nan 
64.375, 69.875, 8.714739186153891e-24, nan 
64.625, 69.875, 1.1317678404227052e-23, nan 
64.875, 69.875, 2.6541235922727894e-23, nan 
65.125, 69.875, 6.1137699870124384e-24, nan 
65.375, 69.875, 9.006458890164438e-24, nan 
65.625, 69.875, 1.8763330280368738e-23, nan 
65.875, 69.875, 1.0268673294378842e-23, nan 
66.125, 69.875, 1.1710362150147901e-23, nan 
66.375, 69.875, 5.196844761558083e-24, nan 
66.625, 69.875, 5.996300906249107e-24, nan 
66.875, 69.875, 9.140310269052246e-24, nan 
67.125, 69.875, 4.2634115281235844e-24, nan 
67.375, 69.875, 5.904747805834934e-24, nan 
67.625, 69.875, 7.222085779891203e-24, nan 
67.875, 69.875, 4.040868656509084e-24, nan 
68.125, 69.875, 5.7258108362210476e-24, nan 
68.375, 69.875, 7.679051585949977e-24, nan 
68.625, 69.875, 5.548518841519847e-24, nan 
68.875, 69.875, 5.573302599309147e-24, nan 
69.125, 69.875, 4.134507243663002e-24, nan 
69.375, 69.875, 3.9761687612446394e-24, nan 
69.625, 69.875, 2.2967532970785633e-24, nan 
69.875, 69.875, 2.3511403491565294e-24, nan 
70.125, 69.875, 2.686693109173776e-24, nan 
70.375, 69.875, 2.7376965937532678e-24, nan 
70.625, 69.875, 3.1090153767677375e-24, nan 
70.875, 69.875, 3.384073616574367e-24, nan 
71.125, 69.875, 3.0879913850990462e-24, nan 
-144.625, 70.125, 7.285263599165576e-25, nan 
-144.375, 70.125, 1.5177191842820707e-24, nan 
-144.125, 70.125, 2.0361609995929624e-24, nan 
-143.875, 70.125, 8.496621619407933e-25, nan 
-143.625, 70.125, 2.8303731419012696e-24, nan 
-143.375, 70.125, 3.940324127895187e-24, nan 
-143.125, 70.125, 3.2810264793277787e-24, nan 
-142.875, 70.125, 5.129198759800229e-24, nan 
-142.625, 70.125, 5.844798011861953e-24, nan 
-142.375, 70.125, 4.778933931818567e-24, nan 
-142.125, 70.125, 5.946650370907751e-24, nan 
-141.875, 70.125, 7.125363456834555e-24, nan 
-141.625, 70.125, 6.909962729743532e-24, nan 
-141.375, 70.125, 4.50560759833458e-24, nan 
-141.125, 70.125, 5.586048952311601e-24, nan 
-140.875, 70.125, 6.324669041898069e-24, nan 
-140.625, 70.125, 5.604450232180512e-24, nan 
-140.375, 70.125, 3.8019936816049536e-24, nan 
-140.125, 70.125, 4.317875569824126e-24, nan 
-139.875, 70.125, 4.376666322550613e-24, nan 
-139.625, 70.125, 4.673880141956377e-24, nan 
-139.375, 70.125, 7.145696949286464e-24, nan 
-139.125, 70.125, 5.6321295180205424e-24, nan 
-138.875, 70.125, 5.536914261257306e-24, nan 
-138.625, 70.125, 4.376648613552856e-24, nan 
-138.375, 70.125, 2.459623036263098e-24, nan 
-138.125, 70.125, 2.1837593593862042e-24, nan 
-137.875, 70.125, 3.312117756432356e-24, nan 
-137.625, 70.125, 2.499635467306431e-24, nan 
-137.375, 70.125, 6.3386972762738365e-25, nan 
-137.125, 70.125, 1.0346686168125367e-24, nan 
-136.875, 70.125, 1.556987033938385e-24, nan 
-136.625, 70.125, 3.371405234408667e-24, nan 
-136.375, 70.125, 4.7591660213623344e-24, nan 
-136.125, 70.125, 4.187041227229532e-24, nan 
-135.875, 70.125, 2.7434354171443145e-24, nan 
-135.625, 70.125, 3.2779360600924883e-24, nan 
-135.375, 70.125, 4.651474270617419e-24, nan 
-135.125, 70.125, 8.077879271382906e-24, nan 
-134.875, 70.125, 1.0963891854895076e-23, nan 
-134.625, 70.125, 8.093110642132621e-24, nan 
-134.375, 70.125, 5.422876042782584e-24, nan 
-134.125, 70.125, 4.951826016823956e-24, nan 
-133.875, 70.125, 6.012225740046255e-24, nan 
-133.625, 70.125, 1.1669126386930884e-23, nan 
-133.375, 70.125, 8.983227637410544e-24, nan 
-133.125, 70.125, 9.266670798653378e-24, nan 
-132.875, 70.125, 1.1894338074901897e-23, nan 
-132.625, 70.125, 7.761486245053438e-24, nan 
-132.375, 70.125, 3.334590848491396e-24, nan 
-132.125, 70.125, 2.966154409116484e-24, nan 
-131.875, 70.125, 2.8561671085418847e-24, nan 
-131.625, 70.125, 2.4442749842780063e-24, nan 
-131.375, 70.125, 4.0048597214776636e-24, nan 
-131.125, 70.125, 4.28368426353861e-24, nan 
-130.875, 70.125, 2.8078209335054684e-24, nan 
-130.625, 70.125, 3.546557392912162e-24, nan 
-130.375, 70.125, 1.9188652944541237e-24, nan 
-130.125, 70.125, 4.35203695665658e-24, nan 
-129.875, 70.125, 4.440941320345286e-24, nan 
-129.625, 70.125, 3.549224627010261e-24, nan 
-129.375, 70.125, 3.625445819502976e-24, nan 
-129.125, 70.125, 3.35535873131223e-24, nan 
-128.875, 70.125, 4.401711624210544e-24, nan 
-128.625, 70.125, 6.948689962893489e-24, nan 
-128.375, 70.125, 5.5405836679600704e-24, nan 
-128.125, 70.125, 3.898024167110229e-24, nan 
-127.875, 70.125, 3.4350037724297566e-24, nan 
-127.625, 70.125, 3.8223095211263486e-24, nan 
-127.375, 70.125, 3.2712828141335855e-24, nan 
-127.125, 70.125, 3.348255019069922e-24, nan 
-126.875, 70.125, 3.136528616942988e-24, nan 
-126.625, 70.125, 2.0974452974737143e-24, nan 
-126.375, 70.125, 3.2908887683565528e-24, nan 
-126.125, 70.125, 5.63042682772066e-24, nan 
-125.875, 70.125, 5.283812835789674e-24, nan 
-125.625, 70.125, 9.203764884764873e-24, nan 
-125.375, 70.125, 1.3344290252517087e-23, nan 
-125.125, 70.125, 2.8655545306398875e-23, nan 
-124.875, 70.125, 2.0688191385065995e-23, nan 
-124.625, 70.125, 1.9671488677927446e-23, nan 
-124.375, 70.125, 2.910846495709903e-23, nan 
-124.125, 70.125, 2.225171068565073e-23, nan 
-123.875, 70.125, 1.400212791667569e-23, nan 
-123.625, 70.125, 1.7614863801902963e-23, nan 
-123.375, 70.125, 2.164331695815524e-23, nan 
-123.125, 70.125, 1.9033942143621743e-23, nan 
-122.875, 70.125, 2.055681937082305e-23, nan 
-122.625, 70.125, 2.757175724715248e-23, nan 
-122.375, 70.125, 2.255166570510792e-23, nan 
-122.125, 70.125, 9.057681633434517e-24, nan 
-121.875, 70.125, 5.509564562483057e-24, nan 
-121.625, 70.125, 6.759933806519251e-24, nan 
-121.375, 70.125, 6.154040284946769e-24, nan 
-121.125, 70.125, 1.231967297957594e-23, nan 
-120.875, 70.125, 1.279942234303175e-23, nan 
-120.625, 70.125, 7.56398694754885e-24, nan 
-120.375, 70.125, 8.083485497276529e-24, nan 
-120.125, 70.125, 7.938874353804663e-24, nan 
-119.875, 70.125, 5.196339717120425e-24, nan 
-119.625, 70.125, 4.166473088806706e-24, nan 
-119.375, 70.125, 5.092924681598763e-24, nan 
-119.125, 70.125, 4.880121919169036e-24, nan 
-118.875, 70.125, 4.818930403032701e-24, nan 
-118.625, 70.125, 5.2594431280184176e-24, nan 
-118.375, 70.125, 8.777181538590138e-24, nan 
-118.125, 70.125, 9.062711937508334e-24, nan 
-117.875, 70.125, 9.043151544509835e-24, nan 
-117.625, 70.125, 6.391755530788548e-24, nan 
-117.375, 70.125, 5.543182510783942e-24, nan 
-117.125, 70.125, 3.493729311578043e-24, nan 
-116.875, 70.125, 3.852598035917704e-24, nan 
-116.625, 70.125, 5.7920944873990845e-24, nan 
-116.375, 70.125, 8.615751778626045e-24, nan 
-116.125, 70.125, 7.578517912187342e-24, nan 
-115.875, 70.125, 5.0065168953091696e-24, nan 
-115.625, 70.125, 8.534241676533142e-24, nan 
-115.375, 70.125, 6.268448640880887e-24, nan 
-115.125, 70.125, 4.5884043622199965e-24, nan 
-114.875, 70.125, 6.360340377307208e-24, nan 
-114.625, 70.125, 7.406182749589904e-24, nan 
-114.375, 70.125, 8.240572628415496e-24, nan 
-114.125, 70.125, 6.1326106729364385e-24, nan 
-113.875, 70.125, 9.994776254222201e-24, nan 
-113.625, 70.125, 1.605926120576508e-23, nan 
-113.375, 70.125, 1.527162784076244e-23, nan 
-113.125, 70.125, 1.1672268913400335e-23, nan 
-112.875, 70.125, 1.6993740149416394e-23, nan 
-112.625, 70.125, 1.4821516561137615e-23, nan 
-112.375, 70.125, 1.1650365793006025e-23, nan 
-112.125, 70.125, 1.4872273925540855e-23, nan 
-111.875, 70.125, 1.7145607048913216e-23, nan 
-111.625, 70.125, 1.0446732021734878e-23, nan 
-111.375, 70.125, 1.2096515340363486e-23, nan 
-111.125, 70.125, 1.7049840968431552e-23, nan 
-110.875, 70.125, 1.2139420615296025e-23, nan 
-110.625, 70.125, 1.0528349452164224e-23, nan 
-110.375, 70.125, 1.1746481708187546e-23, nan 
-110.125, 70.125, 6.770582184475776e-24, nan 
-109.875, 70.125, 6.036733291202889e-24, nan 
-109.625, 70.125, 7.497241503034872e-24, nan 
-109.375, 70.125, 6.182615970955208e-24, nan 
-109.125, 70.125, 1.158681636229076e-23, nan 
-108.875, 70.125, 1.2714307842509912e-23, nan 
-108.625, 70.125, 9.264888904161958e-24, nan 
-108.375, 70.125, 7.440759892682032e-24, nan 
-108.125, 70.125, 1.0706508261066672e-23, nan 
-107.875, 70.125, 9.979128800688176e-24, nan 
-107.625, 70.125, 9.949124693216478e-24, nan 
-107.375, 70.125, 8.938830271798336e-24, nan 
-107.125, 70.125, 1.1412076399010622e-23, nan 
-106.875, 70.125, 1.2099681625683744e-23, nan 
-106.625, 70.125, 1.0707884496475947e-23, nan 
-106.375, 70.125, 1.175581691920891e-23, nan 
-106.125, 70.125, 1.2545447662326768e-23, nan 
-105.875, 70.125, 1.284857820300283e-23, nan 
-105.625, 70.125, 1.194038799047325e-23, nan 
-105.375, 70.125, 1.623828007023063e-23, nan 
-105.125, 70.125, 1.5046020340636097e-23, nan 
-104.875, 70.125, 8.747497117020425e-24, nan 
-104.625, 70.125, 4.9600633754208295e-24, nan 
-104.375, 70.125, 9.147022366998376e-24, nan 
-104.125, 70.125, 1.0497585982098325e-23, nan 
-103.875, 70.125, 1.3964422546337233e-23, nan 
-103.625, 70.125, 1.6791672541227878e-23, nan 
-103.375, 70.125, 1.7157198752652627e-23, nan 
-103.125, 70.125, 1.2541319141441474e-23, nan 
-102.875, 70.125, 1.7670286162910874e-23, nan 
-102.625, 70.125, 1.826096926297874e-23, nan 
-102.375, 70.125, 1.4933428770493744e-23, nan 
-102.125, 70.125, 2.1965801252300596e-23, nan 
-101.875, 70.125, 2.244743003086446e-23, nan 
-101.625, 70.125, 1.9742288961682157e-23, nan 
-101.375, 70.125, 1.2836344737426749e-23, nan 
-101.125, 70.125, 1.853057755520945e-23, nan 
-100.875, 70.125, 1.6596616110533882e-23, nan 
-100.625, 70.125, 1.2742116752960424e-23, nan 
-100.375, 70.125, 1.5147808846413902e-23, nan 
-100.125, 70.125, 8.026327153790006e-24, nan 
-99.875, 70.125, 7.662883145263211e-24, nan 
-99.625, 70.125, 1.6108542132003596e-23, nan 
-99.375, 70.125, 1.0744693521277742e-23, nan 
-99.125, 70.125, 8.693889412015734e-24, nan 
-98.875, 70.125, 1.548178715102884e-23, nan 
-98.625, 70.125, 1.7802138306208483e-23, nan 
-98.375, 70.125, 2.0347362114911922e-23, nan 
-98.125, 70.125, 2.2544596433837053e-23, nan 
-97.875, 70.125, 1.8903366613398385e-23, nan 
-97.625, 70.125, 1.6797246501077974e-23, nan 
-97.375, 70.125, 1.6568213831427696e-23, nan 
-97.125, 70.125, 2.3766942542066527e-23, nan 
-96.875, 70.125, 3.3117285314461473e-23, nan 
-96.625, 70.125, 2.99445543525184e-23, nan 
-96.375, 70.125, 3.69489358704314e-23, nan 
-96.125, 70.125, 3.4751809372557966e-23, nan 
-95.875, 70.125, 2.4140502352815144e-23, nan 
-95.625, 70.125, 2.8203501331530165e-23, nan 
-95.375, 70.125, 2.1920336691247823e-23, nan 
-95.125, 70.125, 1.99474312000246e-23, nan 
-94.875, 70.125, 2.877341219367235e-23, nan 
-94.625, 70.125, 2.3313970369650333e-23, nan 
-94.375, 70.125, 8.957306401049607e-23, nan 
-94.125, 70.125, 2.8179746157874075e-23, nan 
-93.875, 70.125, 2.2556086793593723e-22, nan 
-93.625, 70.125, 2.4570402022624325e-22, nan 
-93.375, 70.125, 2.642325520575174e-22, nan 
-93.125, 70.125, 1.4828380423507963e-22, nan 
-92.875, 70.125, 1.138315654790989e-22, nan 
-92.625, 70.125, 2.0478836115292534e-23, nan 
-92.375, 70.125, 3.400875887364203e-23, nan 
-92.125, 70.125, 3.832146030744657e-23, nan 
-91.875, 70.125, 2.0620109846225016e-23, nan 
-91.625, 70.125, 2.1485066893589157e-23, nan 
-91.375, 70.125, 2.6353565549484903e-23, nan 
-91.125, 70.125, 2.4507329532752557e-23, nan 
-90.875, 70.125, 1.7762448635578835e-23, nan 
-90.625, 70.125, 1.8809511360966508e-23, nan 
-90.375, 70.125, 2.391859994174828e-23, nan 
-90.125, 70.125, 2.10963301221059e-23, nan 
-89.875, 70.125, 2.0339538142505762e-23, nan 
-89.625, 70.125, 2.3399819981619108e-23, nan 
-89.375, 70.125, 2.2922779927385738e-23, nan 
-89.125, 70.125, 2.3502885131401344e-23, nan 
-88.875, 70.125, 2.407413831121406e-23, nan 
-88.625, 70.125, 1.879386481504703e-23, nan 
-88.375, 70.125, 1.9243222480702874e-23, nan 
-88.125, 70.125, 1.8927996594702965e-23, nan 
-87.875, 70.125, 2.162951662695249e-23, nan 
-87.625, 70.125, 1.8596542337809097e-23, nan 
-87.375, 70.125, 1.9701770197877327e-23, nan 
-87.125, 70.125, 1.9282745724791762e-23, nan 
-86.875, 70.125, 2.1788635244739863e-23, nan 
-86.625, 70.125, 3.091202921924325e-23, nan 
-86.375, 70.125, 2.8235576534593384e-23, nan 
-86.125, 70.125, 2.7795223107717183e-23, nan 
-85.875, 70.125, 3.213958827774959e-23, nan 
-85.625, 70.125, 2.908978344771242e-23, nan 
-85.375, 70.125, 3.0840475374639096e-23, nan 
-85.125, 70.125, 2.878168585760677e-23, nan 
-84.875, 70.125, 3.062109121222275e-23, nan 
-84.625, 70.125, 3.109331682774911e-23, nan 
-84.375, 70.125, 2.720336490512424e-23, nan 
-84.125, 70.125, 2.86971288886409e-23, nan 
-83.875, 70.125, 3.32657953098248e-23, nan 
-83.625, 70.125, 3.2676629289589086e-23, nan 
-83.375, 70.125, 3.6762022461568495e-23, nan 
-83.125, 70.125, 3.258177375075116e-23, nan 
-82.875, 70.125, 3.2864581401160314e-23, nan 
-82.625, 70.125, 3.6240050627785777e-23, nan 
-82.375, 70.125, 2.4935139101234832e-23, nan 
-82.125, 70.125, 2.3471622072197792e-23, nan 
-81.875, 70.125, 3.009600218893525e-23, nan 
-81.625, 70.125, 2.8076814693255105e-23, nan 
-81.375, 70.125, 3.3157231167987813e-23, nan 
-81.125, 70.125, 3.580764555599997e-23, nan 
-80.875, 70.125, 2.1684483510272995e-23, nan 
-80.625, 70.125, 2.4882277533326272e-23, nan 
-80.375, 70.125, 2.481970025704122e-23, nan 
-80.125, 70.125, 2.5874375130626468e-23, nan 
-79.875, 70.125, 2.3615356370808745e-23, nan 
-79.625, 70.125, 2.9100414710888294e-23, nan 
-79.375, 70.125, 4.312844577406445e-23, nan 
-79.125, 70.125, 5.063202105015098e-23, nan 
-78.875, 70.125, 4.0873972213953164e-23, nan 
-78.625, 70.125, 4.318445543473106e-23, nan 
-78.375, 70.125, 5.0928231000774684e-23, nan 
-78.125, 70.125, 4.326646720085956e-23, nan 
-77.875, 70.125, 2.4976972844818738e-23, nan 
-77.625, 70.125, 2.990503011518036e-23, nan 
-77.375, 70.125, 8.488857300466824e-24, nan 
-77.125, 70.125, 1.33779349000407e-23, nan 
-76.875, 70.125, 3.9191060929966464e-23, nan 
-76.625, 70.125, 6.64964194642596e-23, nan 
-76.375, 70.125, 5.072842168033475e-23, nan 
-76.125, 70.125, 1.2545996787721229e-22, nan 
-75.875, 70.125, 1.3603981275865174e-22, nan 
-75.625, 70.125, 9.031820712978482e-23, nan 
-75.375, 70.125, 2.7434489189078566e-22, nan 
-75.125, 70.125, 9.832068312658114e-22, nan 
-74.875, 70.125, 1.080106555483123e-21, nan 
-74.625, 70.125, 4.111378117694577e-22, nan 
-74.375, 70.125, 1.4754389346260354e-22, nan 
-74.125, 70.125, 6.978332017050078e-23, nan 
-73.875, 70.125, 4.3146110440304736e-23, nan 
-73.625, 70.125, 1.0487146841532425e-22, nan 
-73.375, 70.125, 6.863155814985658e-23, nan 
-73.125, 70.125, 6.028526690947793e-23, nan 
-72.875, 70.125, 9.89440484091137e-23, nan 
-72.625, 70.125, 5.695890441166972e-23, nan 
-72.375, 70.125, 5.983655431259117e-23, nan 
-72.125, 70.125, 8.160677998146689e-23, nan 
-71.875, 70.125, 9.705191854989211e-23, nan 
-71.625, 70.125, 8.398937069522938e-23, nan 
-71.375, 70.125, 9.43441415337606e-23, nan 
-71.125, 70.125, 1.1385215681946068e-22, nan 
-70.875, 70.125, 9.150428213422055e-23, nan 
-70.625, 70.125, 2.938380701823509e-23, nan 
-70.375, 70.125, 3.540501958187161e-23, nan 
-70.125, 70.125, 3.017444250681833e-23, nan 
-69.875, 70.125, 4.4088732137682347e-23, nan 
-69.625, 70.125, 3.468784802782021e-23, nan 
-69.375, 70.125, 4.218039406540282e-23, nan 
-69.125, 70.125, 4.4567371121873026e-23, nan 
-68.875, 70.125, 5.154669320092307e-23, nan 
-68.625, 70.125, 6.868392745292e-23, nan 
-68.375, 70.125, 7.997717387413189e-23, nan 
-68.125, 70.125, 8.213265404937327e-23, nan 
-67.875, 70.125, 8.19387747013853e-23, nan 
-67.625, 70.125, 1.0356864229477941e-22, nan 
-67.375, 70.125, 9.855756078641812e-23, nan 
-67.125, 70.125, 7.59961042459209e-23, nan 
-66.875, 70.125, 8.712688836406877e-23, nan 
-66.625, 70.125, 7.11412756392704e-23, nan 
-66.375, 70.125, 7.985476233931982e-23, nan 
-66.125, 70.125, 9.831346430137547e-23, nan 
-65.875, 70.125, 7.870960152848763e-23, nan 
-65.625, 70.125, 1.166606765867341e-22, nan 
-65.375, 70.125, 1.5738983725155706e-22, nan 
-65.125, 70.125, 1.7320141831256358e-22, nan 
-64.875, 70.125, 1.253681788410236e-22, nan 
-64.625, 70.125, 1.7809199733534681e-22, nan 
-64.375, 70.125, 1.7906132232889307e-22, nan 
-64.125, 70.125, 1.5919647841060423e-22, nan 
-63.875, 70.125, 1.6467167043925965e-22, nan 
-63.625, 70.125, 1.3382353819456548e-22, nan 
-63.375, 70.125, 1.5352187492392245e-22, nan 
-63.125, 70.125, 1.3958404473111591e-22, nan 
-62.875, 70.125, 1.3972780171756047e-22, nan 
-62.625, 70.125, 1.2437318306500678e-22, nan 
-62.375, 70.125, 1.0206829911697466e-22, nan 
-62.125, 70.125, 6.874199645098178e-23, nan 
-61.875, 70.125, 1.0599352433801855e-22, nan 
-61.625, 70.125, 1.2430562116481512e-22, nan 
-61.375, 70.125, 7.853238817601897e-23, nan 
-61.125, 70.125, 9.985939421927444e-23, nan 
-60.875, 70.125, 1.5312362626702534e-22, nan 
-60.625, 70.125, 1.3325990053676262e-22, nan 
-60.375, 70.125, 1.4996972328816887e-22, nan 
-60.125, 70.125, 1.0790453374581442e-22, nan 
-59.875, 70.125, 1.82726193576602e-22, nan 
-59.625, 70.125, 2.896840503216401e-22, nan 
-59.375, 70.125, 2.278852962130688e-22, nan 
-59.125, 70.125, 2.0114046222219373e-22, nan 
-58.875, 70.125, 2.310612170486382e-22, nan 
-58.625, 70.125, 2.1886504197460175e-22, nan 
-58.375, 70.125, 2.4511833400510063e-22, nan 
-58.125, 70.125, 1.9469460836948187e-22, nan 
-57.875, 70.125, 2.0958825570610545e-22, nan 
-57.625, 70.125, 1.9210318598205271e-22, nan 
-57.375, 70.125, 1.375870537934659e-22, nan 
-57.125, 70.125, 1.2355142372619075e-22, nan 
-56.875, 70.125, 1.324193816101743e-22, nan 
-56.625, 70.125, 1.389158195923841e-22, nan 
-56.375, 70.125, 1.0585588563166615e-22, nan 
-56.125, 70.125, 2.6272319059982993e-23, nan 
-55.875, 70.125, 7.393868705079405e-23, nan 
-55.625, 70.125, 7.772558615864944e-23, nan 
-55.375, 70.125, 7.376350495602455e-23, nan 
-55.125, 70.125, 1.5344576960862361e-22, nan 
-54.875, 70.125, 1.8508605337408928e-22, nan 
-54.625, 70.125, 2.0252562906292838e-22, nan 
-54.375, 70.125, 2.727047669122952e-22, nan 
-54.125, 70.125, 3.2229496644756874e-22, nan 
-53.875, 70.125, 1.860043024544787e-22, nan 
-53.625, 70.125, 1.5941772236528488e-22, nan 
-53.375, 70.125, 1.5749431536317056e-22, nan 
-53.125, 70.125, 2.619876742045344e-22, nan 
-52.875, 70.125, 3.0745554361882756e-22, nan 
-52.625, 70.125, 3.1733699085137194e-22, nan 
-52.375, 70.125, 2.583618808843614e-22, nan 
-52.125, 70.125, 4.368680832776481e-22, nan 
-51.875, 70.125, 9.962104801706148e-22, nan 
-51.625, 70.125, 7.151766682244848e-22, nan 
-51.375, 70.125, 4.557870886581246e-22, nan 
-51.125, 70.125, 8.134348981626204e-22, nan 
-50.875, 70.125, 6.677662514593515e-22, nan 
-50.625, 70.125, 5.021317199881693e-22, nan 
-50.375, 70.125, 4.448654754670156e-22, nan 
-50.125, 70.125, 4.1605599608005984e-22, nan 
-49.875, 70.125, 7.160235111577849e-22, nan 
-49.625, 70.125, 5.594475914697927e-22, nan 
-49.375, 70.125, 3.81909132789544e-22, nan 
-49.125, 70.125, 6.157795055858222e-22, nan 
-48.875, 70.125, 5.2236004383249405e-22, nan 
-48.625, 70.125, 5.217009114507462e-22, nan 
-48.375, 70.125, 5.064578849828408e-22, nan 
-48.125, 70.125, 4.729857229897051e-22, nan 
-47.875, 70.125, 7.421500185924577e-22, nan 
-47.625, 70.125, 5.26795103450491e-22, nan 
-47.375, 70.125, 6.428294667766596e-22, nan 
-47.125, 70.125, 9.465845512894833e-22, nan 
-46.875, 70.125, 4.359149000404581e-22, nan 
-46.625, 70.125, 3.452692886492495e-22, nan 
-46.375, 70.125, 7.052144909983739e-22, nan 
-46.125, 70.125, 7.788395569401041e-22, nan 
-45.875, 70.125, 4.555363788588281e-22, nan 
-45.625, 70.125, 5.147857544716828e-22, nan 
-45.375, 70.125, 9.896526907352131e-22, nan 
-45.125, 70.125, 6.927576923920127e-22, nan 
-44.875, 70.125, 3.7369228094045046e-22, nan 
-44.625, 70.125, 5.805131009202694e-22, nan 
-44.375, 70.125, 7.310825165363579e-22, nan 
-44.125, 70.125, 6.033512292735824e-22, nan 
-43.875, 70.125, 6.639061611185295e-22, nan 
-43.625, 70.125, 8.447193489339391e-22, nan 
-43.375, 70.125, 1.2222181786375798e-21, nan 
-43.125, 70.125, 1.202399787663107e-21, nan 
-42.875, 70.125, 4.140170197775551e-22, nan 
-42.625, 70.125, 9.431064647631968e-22, nan 
-42.375, 70.125, 6.559088454982746e-22, nan 
-42.125, 70.125, 4.815692795566804e-22, nan 
-41.875, 70.125, 4.400751803605457e-22, nan 
-41.625, 70.125, 8.033576676872632e-22, nan 
-41.375, 70.125, 7.491107896366376e-22, nan 
-41.125, 70.125, 8.0910404640622395e-22, nan 
-40.875, 70.125, 1.1009284663216949e-21, nan 
-40.625, 70.125, 4.666939688912524e-22, nan 
-40.375, 70.125, 6.02251168876484e-22, nan 
-40.125, 70.125, 7.3223372895723835e-22, nan 
-39.875, 70.125, 9.215623895514793e-22, nan 
-39.625, 70.125, 1.9084941721374726e-21, nan 
-39.375, 70.125, 1.4783868516511732e-21, nan 
-39.125, 70.125, 1.8375186195157603e-21, nan 
-38.875, 70.125, 2.1935556699964552e-21, nan 
-38.625, 70.125, 9.768040495945178e-22, nan 
-38.375, 70.125, 2.076098958270229e-21, nan 
-38.125, 70.125, 1.507571440821141e-21, nan 
-37.875, 70.125, 1.5440219985115613e-21, nan 
-37.625, 70.125, 1.9444662823763677e-21, nan 
-37.375, 70.125, 1.511198969579074e-21, nan 
-37.125, 70.125, 1.5048589973639957e-21, nan 
-36.875, 70.125, 2.0648141826391078e-21, nan 
-36.625, 70.125, 1.367249300409942e-21, nan 
-36.375, 70.125, 2.9273839498725193e-21, nan 
-36.125, 70.125, 3.90655475814316e-21, nan 
-35.875, 70.125, 4.922228547240733e-21, nan 
-35.625, 70.125, 5.445441189430283e-21, nan 
-35.375, 70.125, 4.642541104446003e-21, nan 
-35.125, 70.125, 3.254527789276746e-21, nan 
-34.875, 70.125, 2.0052060940363296e-21, nan 
-34.625, 70.125, 2.2349598357364592e-21, nan 
-34.375, 70.125, 2.6407038049388244e-21, nan 
-34.125, 70.125, 1.9390554151726387e-21, nan 
-33.875, 70.125, 1.6860867845808186e-21, nan 
-33.625, 70.125, 2.863616413671009e-21, nan 
-33.375, 70.125, 4.815878590279625e-21, nan 
-33.125, 70.125, 2.637638366997887e-21, nan 
-32.875, 70.125, 3.561339403812786e-21, nan 
-32.625, 70.125, 6.995625456039471e-21, nan 
-32.375, 70.125, 3.272429787577524e-21, nan 
-32.125, 70.125, 1.175104985186376e-21, nan 
-31.875, 70.125, 3.2490509266104637e-21, nan 
-31.625, 70.125, 2.3323306161064405e-21, nan 
-31.375, 70.125, 2.3901899534540013e-21, nan 
-31.125, 70.125, 1.5774416434334174e-21, nan 
-30.875, 70.125, 3.8794161620221456e-21, nan 
-30.625, 70.125, 6.117854590842591e-21, nan 
-30.375, 70.125, 7.843486966960854e-21, nan 
-30.125, 70.125, 7.002609392459826e-21, nan 
-29.875, 70.125, 6.980664930802943e-21, nan 
-29.625, 70.125, 9.786417264936017e-21, nan 
-29.375, 70.125, 6.83905742982327e-21, nan 
-29.125, 70.125, 4.439033637174377e-21, nan 
-28.875, 70.125, 9.01511642324097e-21, nan 
-28.625, 70.125, 7.036919201461336e-21, nan 
-28.375, 70.125, 5.626144627302568e-21, nan 
-28.125, 70.125, 1.0986539252050272e-20, nan 
-27.875, 70.125, 1.142294165679748e-20, nan 
-27.625, 70.125, 1.1346899150656809e-20, nan 
-27.375, 70.125, 7.890965289101771e-21, nan 
-27.125, 70.125, 7.17296146805887e-21, nan 
-26.875, 70.125, 8.132205761147101e-21, nan 
-26.625, 70.125, 2.8839894393415886e-21, nan 
-26.375, 70.125, 1.2253009996806257e-21, nan 
-26.125, 70.125, 2.9179091046581507e-21, nan 
-25.875, 70.125, 4.26594510870772e-21, nan 
-25.625, 70.125, 2.333266812685029e-21, nan 
-25.375, 70.125, 2.1478792936090313e-21, nan 
-25.125, 70.125, 2.3109355329586385e-21, nan 
-24.875, 70.125, 2.859719443372804e-21, nan 
-24.625, 70.125, 2.907987518603502e-21, nan 
-24.375, 70.125, 1.7695540983024262e-21, nan 
-24.125, 70.125, 3.532175497361268e-21, nan 
-23.875, 70.125, 1.0204234460529613e-21, nan 
-23.625, 70.125, 1.5330713179538443e-21, nan 
-23.375, 70.125, 2.4818186808442374e-21, nan 
-23.125, 70.125, 1.773523014597164e-21, nan 
-22.875, 70.125, 1.7393495623412155e-21, nan 
-22.625, 70.125, 5.271395093387204e-21, nan 
-22.375, 70.125, 3.8885830109267564e-21, nan 
-22.125, 70.125, 1.5085546658890104e-21, nan 
-21.875, 70.125, 7.378460565172915e-22, nan 
-21.625, 70.125, 7.4577267224086165e-22, nan 
-21.375, 70.125, 1.5481475403553567e-21, nan 
-21.125, 70.125, 2.4314420216050416e-21, nan 
-20.875, 70.125, 1.936894743773491e-21, nan 
-20.625, 70.125, 2.3426525513052235e-21, nan 
-20.375, 70.125, 3.1039736766703588e-21, nan 
-20.125, 70.125, 3.6161593285614054e-21, nan 
-19.875, 70.125, 3.74067897246833e-21, nan 
-19.625, 70.125, 3.962932302504895e-21, nan 
-19.375, 70.125, 4.482506657603917e-21, nan 
-19.125, 70.125, 6.7406181146304324e-21, nan 
-18.875, 70.125, 1.062277251097338e-20, nan 
-18.625, 70.125, 4.9849368887478185e-21, nan 
-18.375, 70.125, 5.931451709203591e-21, nan 
-18.125, 70.125, 6.098136337824032e-21, nan 
-17.875, 70.125, 3.536339643761949e-21, nan 
-17.625, 70.125, 2.794170798698243e-21, nan 
-17.375, 70.125, 3.48117515913411e-21, nan 
-17.125, 70.125, 2.6907112371820946e-21, nan 
-16.875, 70.125, 1.5651360221139001e-21, nan 
-16.625, 70.125, 1.3888534151352084e-21, nan 
-16.375, 70.125, 1.9163287328032654e-21, nan 
-16.125, 70.125, 2.1896723994359274e-21, nan 
-15.875, 70.125, 2.531873910345111e-21, nan 
-15.625, 70.125, 2.5833358958897188e-21, nan 
-15.375, 70.125, 2.489493547462522e-21, nan 
-15.125, 70.125, 2.932059238576647e-21, nan 
-14.875, 70.125, 2.7864977437985187e-21, nan 
-14.625, 70.125, 2.803058633333338e-21, nan 
-14.375, 70.125, 2.4665485334398663e-21, nan 
-14.125, 70.125, 2.311942176890234e-21, nan 
-13.875, 70.125, 2.450264106786372e-21, nan 
-13.625, 70.125, 1.9139767956425257e-21, nan 
-13.375, 70.125, 1.3747316379911624e-21, nan 
-13.125, 70.125, 9.99739555989438e-22, nan 
-12.875, 70.125, 8.01211458380819e-22, nan 
-12.625, 70.125, 1.6178378260167387e-21, nan 
-12.375, 70.125, 1.7436505885388454e-21, nan 
-12.125, 70.125, 2.2044236395422287e-21, nan 
-11.875, 70.125, 2.0505556475252655e-21, nan 
-11.625, 70.125, 1.8880715855774322e-21, nan 
-11.375, 70.125, 2.657558629438489e-21, nan 
-11.125, 70.125, 1.6735899057288315e-21, nan 
-10.875, 70.125, 7.911876769827954e-21, nan 
-10.625, 70.125, 6.029020214428186e-21, nan 
-10.375, 70.125, 6.165365057126685e-21, nan 
-10.125, 70.125, 1.0037058373891112e-20, nan 
-9.875, 70.125, 8.156772487355378e-21, nan 
-9.625, 70.125, 1.630558574461584e-20, nan 
-9.375, 70.125, 4.2588275033981356e-20, nan 
-9.125, 70.125, 9.263053437820182e-20, nan 
-8.875, 70.125, 1.114663220019294e-19, nan 
-8.625, 70.125, 8.608258207395217e-20, nan 
-8.375, 70.125, 1.210743529640666e-19, nan 
-8.125, 70.125, 1.2885493468188061e-19, nan 
-7.875, 70.125, 1.0622870850687916e-19, nan 
-7.625, 70.125, 9.829451773817069e-20, nan 
-7.375, 70.125, 7.529518763117303e-20, nan 
-7.125, 70.125, 6.733210886889134e-20, nan 
-6.875, 70.125, 6.834679337696153e-20, nan 
-6.625, 70.125, 5.033271434074185e-20, nan 
-6.375, 70.125, 6.3527520553705304e-21, nan 
-6.125, 70.125, 7.90653991526306e-21, nan 
-5.875, 70.125, 6.02503570259536e-21, nan 
-5.625, 70.125, 3.0061157412928973e-21, nan 
-5.375, 70.125, 4.37876419488449e-21, nan 
-5.125, 70.125, 3.807361234560744e-21, nan 
-4.875, 70.125, 6.202574527565207e-22, nan 
-4.625, 70.125, 1.4555044499160003e-22, nan 
-4.375, 70.125, 8.458264895389918e-22, nan 
-4.125, 70.125, 1.395411790086559e-21, nan 
-3.875, 70.125, 1.1723693059952025e-21, nan 
-3.625, 70.125, 1.0690262444137757e-21, nan 
-3.375, 70.125, 1.2332306882731592e-21, nan 
-3.125, 70.125, 1.1322168771953103e-21, nan 
-2.875, 70.125, 9.146930867623392e-22, nan 
-2.625, 70.125, 6.734191066114513e-22, nan 
-2.375, 70.125, 6.016862924115688e-22, nan 
-2.125, 70.125, 6.89470179812163e-22, nan 
-1.875, 70.125, 3.5622694030680903e-22, nan 
-1.625, 70.125, 6.618882126452012e-22, nan 
-1.375, 70.125, 5.831517095431102e-22, nan 
-1.125, 70.125, 6.179998091313354e-22, nan 
-0.875, 70.125, 1.241255624990664e-21, nan 
-0.625, 70.125, 1.041769800098019e-21, nan 
-0.375, 70.125, 5.827977930091574e-22, nan 
-0.125, 70.125, 8.588041076199215e-22, nan 
0.125, 70.125, 1.0297503119469214e-21, nan 
0.375, 70.125, 7.513413745014216e-22, nan 
0.625, 70.125, 5.26572964719047e-22, nan 
0.875, 70.125, 7.601973204120397e-22, nan 
1.125, 70.125, 6.002528142341879e-22, nan 
1.375, 70.125, 5.185986286610569e-22, nan 
1.625, 70.125, 5.123596859605571e-22, nan 
1.875, 70.125, 6.409692377312659e-22, nan 
2.125, 70.125, 6.805200669673435e-22, nan 
2.375, 70.125, 6.4075191222297075e-22, nan 
2.625, 70.125, 6.287028896955792e-22, nan 
2.875, 70.125, 6.541073822207609e-22, nan 
3.125, 70.125, 5.745098104152705e-22, nan 
3.375, 70.125, 5.879777566624631e-22, nan 
3.625, 70.125, 5.373801556311645e-22, nan 
3.875, 70.125, 6.607965956274593e-22, nan 
4.125, 70.125, 6.039112775723679e-22, nan 
4.375, 70.125, 5.669244202630336e-22, nan 
4.625, 70.125, 5.246181988378444e-22, nan 
4.875, 70.125, 4.328136762820312e-22, nan 
5.125, 70.125, 5.415231292328199e-22, nan 
5.375, 70.125, 7.772227401951142e-22, nan 
5.625, 70.125, 5.74275800358399e-22, nan 
5.875, 70.125, 6.228102000962582e-22, nan 
6.125, 70.125, 6.837613292724948e-22, nan 
6.375, 70.125, 3.892806788684342e-22, nan 
6.625, 70.125, 1.479882736982788e-22, nan 
6.875, 70.125, 9.591460419496971e-23, nan 
7.125, 70.125, 9.459240160060447e-23, nan 
7.375, 70.125, 5.367440619382514e-23, nan 
7.625, 70.125, 1.1001910447849285e-22, nan 
7.875, 70.125, 2.8264313286054002e-22, nan 
8.125, 70.125, 2.4388591247052317e-22, nan 
8.375, 70.125, 2.2678866048508295e-22, nan 
8.625, 70.125, 3.552280840349361e-22, nan 
8.875, 70.125, 5.007784391626877e-22, nan 
9.125, 70.125, 5.326853416582769e-22, nan 
9.375, 70.125, 5.949609814944803e-22, nan 
9.625, 70.125, 2.6463806741181326e-22, nan 
9.875, 70.125, 4.2189116940968034e-22, nan 
10.125, 70.125, 5.000607168647651e-22, nan 
10.375, 70.125, 2.4042214045202877e-22, nan 
10.625, 70.125, 1.2450820347704943e-22, nan 
10.875, 70.125, 1.189669893532806e-22, nan 
11.125, 70.125, 2.1129502876216539e-22, nan 
11.375, 70.125, 1.6913531649569171e-22, nan 
11.625, 70.125, 1.4382452139790584e-22, nan 
11.875, 70.125, 1.4459518212885424e-22, nan 
12.125, 70.125, 1.5408480900429657e-22, nan 
12.375, 70.125, 2.584983913201016e-22, nan 
12.625, 70.125, 3.846641152545034e-22, nan 
12.875, 70.125, 5.233692803166609e-22, nan 
13.125, 70.125, 3.214384601655838e-22, nan 
13.375, 70.125, 4.445578444905281e-22, nan 
13.625, 70.125, 6.376427760595112e-22, nan 
13.875, 70.125, 5.726122513093003e-22, nan 
14.125, 70.125, 4.714019783362451e-22, nan 
14.375, 70.125, 3.003955063635401e-22, nan 
14.625, 70.125, 2.97957663695456e-22, nan 
14.875, 70.125, 2.271135949900605e-22, nan 
15.125, 70.125, 1.3208837574754876e-22, nan 
15.375, 70.125, 5.2290652369248393e-23, nan 
15.625, 70.125, 2.9806028700517645e-23, nan 
15.875, 70.125, 2.8846853647690415e-23, nan 
16.125, 70.125, 1.9362681666805443e-23, nan 
16.375, 70.125, 3.183280282094829e-23, nan 
16.625, 70.125, 1.1448169010481202e-23, nan 
16.875, 70.125, 5.32050536893412e-23, nan 
17.125, 70.125, 6.03742914139549e-23, nan 
17.375, 70.125, 5.594192980734962e-23, nan 
17.625, 70.125, 7.688838018256512e-23, nan 
17.875, 70.125, 5.125226845389421e-23, nan 
18.125, 70.125, 1.9709467172103126e-22, nan 
18.375, 70.125, 3.2153307851018747e-22, nan 
18.625, 70.125, 2.7353687884203614e-22, nan 
18.875, 70.125, 1.6672371672777638e-22, nan 
19.125, 70.125, 2.0047129284877403e-22, nan 
19.375, 70.125, 1.6184047780799304e-22, nan 
19.625, 70.125, 9.808444158471e-23, nan 
19.875, 70.125, 7.62611391396063e-23, nan 
20.125, 70.125, 9.646087882070727e-23, nan 
20.375, 70.125, 8.832544714595603e-23, nan 
20.625, 70.125, 7.836481236398817e-23, nan 
20.875, 70.125, 6.157404463309046e-23, nan 
21.125, 70.125, 6.964077447105637e-23, nan 
21.375, 70.125, 9.903927515330579e-23, nan 
21.625, 70.125, 8.67550691802441e-23, nan 
21.875, 70.125, 8.11209813653873e-23, nan 
22.125, 70.125, 7.80668548108898e-23, nan 
22.375, 70.125, 8.0415556640572e-23, nan 
22.625, 70.125, 1.0016282190512119e-22, nan 
22.875, 70.125, 7.418675211689348e-23, nan 
23.125, 70.125, 8.521031438958454e-23, nan 
23.375, 70.125, 9.871887886439348e-23, nan 
23.625, 70.125, 1.0280440057498621e-22, nan 
23.875, 70.125, 6.973240280226782e-23, nan 
24.125, 70.125, 5.0063389895371777e-23, nan 
24.375, 70.125, 5.429020830499984e-23, nan 
24.625, 70.125, 4.449066920798082e-23, nan 
24.875, 70.125, 6.877123267255213e-23, nan 
25.125, 70.125, 5.241818354592596e-23, nan 
25.375, 70.125, 1.602541545347192e-23, nan 
25.625, 70.125, 1.5482420517661008e-23, nan 
25.875, 70.125, 3.330769831362445e-23, nan 
26.125, 70.125, 2.970144326145661e-23, nan 
26.375, 70.125, 3.5421068291750586e-23, nan 
26.625, 70.125, 3.37296103021264e-23, nan 
26.875, 70.125, 1.556710498082229e-23, nan 
27.125, 70.125, 3.549085491250514e-23, nan 
27.375, 70.125, 6.286133203233178e-23, nan 
27.625, 70.125, 1.8376158740609667e-23, nan 
27.875, 70.125, 9.962398167000284e-24, nan 
28.125, 70.125, 1.6636841764246037e-23, nan 
28.375, 70.125, 5.55369373368287e-23, nan 
28.625, 70.125, 4.735775322459428e-23, nan 
28.875, 70.125, 2.691063415400607e-23, nan 
29.125, 70.125, 3.208970569087364e-23, nan 
29.375, 70.125, 3.1985302221079663e-23, nan 
29.625, 70.125, 2.5365402912728895e-23, nan 
29.875, 70.125, 2.2467666097959114e-23, nan 
30.125, 70.125, 1.690687789751783e-23, nan 
30.375, 70.125, 2.4472732036098714e-23, nan 
30.625, 70.125, 2.8044392592423024e-23, nan 
30.875, 70.125, 1.952712785192272e-23, nan 
31.125, 70.125, 1.5636400492107532e-23, nan 
31.375, 70.125, 2.4712260905404494e-23, nan 
31.625, 70.125, 2.295182082664702e-23, nan 
31.875, 70.125, 3.0474244094814424e-23, nan 
32.125, 70.125, 4.1092764389240366e-23, nan 
32.375, 70.125, 3.6681047428286415e-23, nan 
32.625, 70.125, 2.984569090358359e-23, nan 
32.875, 70.125, 2.98911402297256e-23, nan 
33.125, 70.125, 2.1353827454129542e-23, nan 
33.375, 70.125, 2.124792778209602e-23, nan 
33.625, 70.125, 2.0469702337599885e-23, nan 
33.875, 70.125, 2.171448837853188e-23, nan 
34.125, 70.125, 1.74447069675322e-23, nan 
34.375, 70.125, 1.604060165058858e-23, nan 
34.625, 70.125, 1.795795596315003e-23, nan 
34.875, 70.125, 1.669499815181386e-23, nan 
35.125, 70.125, 1.8552111917153325e-23, nan 
35.375, 70.125, 1.8293266841216582e-23, nan 
35.625, 70.125, 2.9268231368844755e-23, nan 
35.875, 70.125, 3.904254915868103e-23, nan 
36.125, 70.125, 3.02166024256702e-23, nan 
36.375, 70.125, 3.2295202866734803e-23, nan 
36.625, 70.125, 4.285090427619579e-23, nan 
36.875, 70.125, 2.6475112063497375e-23, nan 
37.125, 70.125, 9.15680847307214e-24, nan 
37.375, 70.125, 1.9910931852472332e-23, nan 
37.625, 70.125, 1.5489473282494375e-23, nan 
37.875, 70.125, 1.185706397605376e-23, nan 
38.125, 70.125, 1.168899640488939e-23, nan 
38.375, 70.125, 1.1012043125064584e-23, nan 
38.625, 70.125, 1.0684658272937776e-23, nan 
38.875, 70.125, 5.0361017070206005e-24, nan 
39.125, 70.125, 7.629222330776305e-24, nan 
39.375, 70.125, 1.238160532522256e-23, nan 
39.625, 70.125, 2.231301640792905e-23, nan 
39.875, 70.125, 2.5918363064369003e-23, nan 
40.125, 70.125, 1.4872446547201452e-23, nan 
40.375, 70.125, 2.292617067857906e-23, nan 
40.625, 70.125, 3.1998121131932254e-23, nan 
40.875, 70.125, 1.3890754067162285e-23, nan 
41.125, 70.125, 1.4968011154512144e-23, nan 
41.375, 70.125, 2.980289526707792e-23, nan 
41.625, 70.125, 1.2681592267683317e-23, nan 
41.875, 70.125, 1.7653209222005355e-23, nan 
42.125, 70.125, 2.2729165719775556e-23, nan 
42.375, 70.125, 2.2983486173526566e-23, nan 
42.625, 70.125, 2.0801682910194345e-23, nan 
42.875, 70.125, 1.325627723379492e-23, nan 
43.125, 70.125, 1.2716971480768014e-23, nan 
43.375, 70.125, 1.57551661884071e-23, nan 
43.625, 70.125, 1.433237343489431e-23, nan 
43.875, 70.125, 1.936479974632317e-23, nan 
44.125, 70.125, 1.8973143310171816e-23, nan 
44.375, 70.125, 1.729716819966511e-23, nan 
44.625, 70.125, 1.8609301088213933e-23, nan 
44.875, 70.125, 1.5875000683707716e-23, nan 
45.125, 70.125, 1.5126667948667765e-23, nan 
45.375, 70.125, 1.4144471875811795e-23, nan 
45.625, 70.125, 1.5482243570983412e-23, nan 
45.875, 70.125, 1.3044321984857964e-23, nan 
46.125, 70.125, 5.276957094706294e-24, nan 
46.375, 70.125, 4.266779782598895e-24, nan 
46.625, 70.125, 4.458785619794023e-24, nan 
46.875, 70.125, 4.374845867691807e-24, nan 
47.125, 70.125, 2.804757954868413e-24, nan 
47.375, 70.125, 3.183359993617065e-24, nan 
47.625, 70.125, 4.759683853861957e-24, nan 
47.875, 70.125, 7.458244116204219e-24, nan 
48.125, 70.125, 6.857436850686292e-24, nan 
48.375, 70.125, 6.46933051191983e-24, nan 
48.625, 70.125, 7.108116846831589e-24, nan 
48.875, 70.125, 1.0496480622021405e-23, nan 
49.125, 70.125, 7.876546858218009e-24, nan 
49.375, 70.125, 9.663204598509041e-24, nan 
49.625, 70.125, 1.694915370140163e-23, nan 
49.875, 70.125, 7.777710927456093e-24, nan 
50.125, 70.125, 7.855003238003044e-24, nan 
50.375, 70.125, 9.886505662978098e-24, nan 
50.625, 70.125, 9.131919100140768e-24, nan 
50.875, 70.125, 7.674317678426139e-24, nan 
51.125, 70.125, 8.870736179621354e-24, nan 
51.375, 70.125, 8.599418626255689e-24, nan 
51.625, 70.125, 3.694673106888634e-24, nan 
51.875, 70.125, 2.0139061870108524e-24, nan 
52.125, 70.125, 7.169970247406416e-24, nan 
52.375, 70.125, 6.567920433954809e-24, nan 
52.625, 70.125, 1.789034379952311e-24, nan 
52.875, 70.125, 5.112805674751899e-24, nan 
53.125, 70.125, 5.113321375162672e-24, nan 
53.375, 70.125, 3.710971443238471e-24, nan 
53.625, 70.125, 3.1625046506952643e-24, nan 
53.875, 70.125, 6.5982334771121324e-24, nan 
54.125, 70.125, 1.212752468686669e-23, nan 
54.375, 70.125, 6.874726094381218e-24, nan 
54.625, 70.125, 2.9244752834989937e-24, nan 
54.875, 70.125, 3.805905718045963e-24, nan 
55.125, 70.125, 3.195167712134066e-24, nan 
55.375, 70.125, 3.0349516408613433e-24, nan 
55.625, 70.125, 5.9373947083605284e-24, nan 
55.875, 70.125, 9.40326026805735e-24, nan 
56.125, 70.125, 6.695241356230821e-24, nan 
56.375, 70.125, 5.4159785332479756e-24, nan 
56.625, 70.125, 6.4039004581733836e-24, nan 
56.875, 70.125, 6.678477843664042e-24, nan 
57.125, 70.125, 4.570716959605927e-24, nan 
57.375, 70.125, 4.507337426827193e-24, nan 
57.625, 70.125, 4.71267976992773e-24, nan 
57.875, 70.125, 4.481589214069683e-24, nan 
58.125, 70.125, 4.575674548101246e-24, nan 
58.375, 70.125, 4.6880129946329485e-24, nan 
58.625, 70.125, 6.0420395688791514e-24, nan 
58.875, 70.125, 5.831620468387015e-24, nan 
59.125, 70.125, 8.224537385262079e-24, nan 
59.375, 70.125, 8.188406043091523e-24, nan 
59.625, 70.125, 7.667991335892067e-24, nan 
59.875, 70.125, 7.102064596490497e-24, nan 
60.125, 70.125, 6.497380390158939e-24, nan 
60.375, 70.125, 5.610226571395931e-24, nan 
60.625, 70.125, 6.594066420922071e-24, nan 
60.875, 70.125, 7.708065584873626e-24, nan 
61.125, 70.125, 7.59061526829733e-24, nan 
61.375, 70.125, 7.404611960160895e-24, nan 
61.625, 70.125, 8.373732093548546e-24, nan 
61.875, 70.125, 7.867272237104192e-24, nan 
62.125, 70.125, 5.444909563995718e-24, nan 
62.375, 70.125, 2.822467783814741e-24, nan 
62.625, 70.125, 4.824900978365589e-24, nan 
62.875, 70.125, 6.381321957986403e-24, nan 
63.125, 70.125, 7.622369512017556e-24, nan 
63.375, 70.125, 7.866636178785958e-24, nan 
63.625, 70.125, 1.2920585287619897e-23, nan 
63.875, 70.125, 1.1867116543109671e-23, nan 
64.125, 70.125, 9.31785687017282e-24, nan 
64.375, 70.125, 1.0239818990665218e-23, nan 
64.625, 70.125, 5.0035408402712765e-24, nan 
64.875, 70.125, 1.0982434310394183e-23, nan 
65.125, 70.125, 3.691476945423398e-24, nan 
65.375, 70.125, 5.006947686116627e-24, nan 
65.625, 70.125, 3.66663331838472e-24, nan 
65.875, 70.125, 7.878919382673722e-24, nan 
66.125, 70.125, 7.98750438854826e-24, nan 
66.375, 70.125, 2.0865232840202553e-24, nan 
66.625, 70.125, 4.2443661169616544e-24, nan 
66.875, 70.125, 8.968882350734254e-24, nan 
67.125, 70.125, 3.217270367559262e-24, nan 
67.375, 70.125, 2.3821359109782647e-24, nan 
67.625, 70.125, 3.669953133414051e-24, nan 
67.875, 70.125, 3.148197448951874e-24, nan 
68.125, 70.125, 3.833830225234158e-24, nan 
68.375, 70.125, 5.833217489050684e-24, nan 
68.625, 70.125, 4.950640574267039e-24, nan 
68.875, 70.125, 5.390129498556252e-24, nan 
69.125, 70.125, 4.512268009829432e-24, nan 
69.375, 70.125, 3.343279953427682e-24, nan 
69.625, 70.125, 3.3003234424952436e-24, nan 
69.875, 70.125, 1.73265251901171e-24, nan 
70.125, 70.125, 2.081800603081404e-24, nan 
70.375, 70.125, 2.0253401831798193e-24, nan 
70.625, 70.125, 2.1126624420368297e-24, nan 
70.875, 70.125, 1.3003636734682224e-24, nan 
71.125, 70.125, 2.864389089792997e-24, nan 
71.375, 70.125, 3.2997908924163705e-24, nan 
71.625, 70.125, 3.1929922191004813e-24, nan 
71.875, 70.125, 2.0835532987555352e-24, nan 
72.125, 70.125, 2.9673740841273713e-24, nan 
72.375, 70.125, 2.7588181903108526e-24, nan 
-145.875, 70.375, 5.258899953530997e-24, nan 
-145.625, 70.375, 5.1599437342762895e-24, nan 
-145.375, 70.375, 1.6186486350897747e-24, nan 
-145.125, 70.375, 2.416463297087964e-24, nan 
-144.875, 70.375, 2.4166140816008473e-24, nan 
-144.625, 70.375, 1.2514429697057863e-24, nan 
-144.375, 70.375, 3.143879272640635e-24, nan 
-144.125, 70.375, 2.235741151691234e-24, nan 
-143.875, 70.375, 1.9422527857436483e-24, nan 
-143.625, 70.375, 3.12535028985118e-24, nan 
-143.375, 70.375, 4.0084092433313926e-24, nan 
-143.125, 70.375, 3.211791838752884e-24, nan 
-142.875, 70.375, 3.849067606654101e-24, nan 
-142.625, 70.375, 5.881244304946168e-24, nan 
-142.375, 70.375, 5.3901849775790735e-24, nan 
-142.125, 70.375, 5.8173453350888264e-24, nan 
-141.875, 70.375, 7.640461193837122e-24, nan 
-141.625, 70.375, 6.786812369213916e-24, nan 
-141.375, 70.375, 2.1461929371477073e-24, nan 
-141.125, 70.375, 4.088245412225309e-24, nan 
-140.875, 70.375, 5.4485584651414656e-24, nan 
-140.625, 70.375, 6.769193300266238e-24, nan 
-140.375, 70.375, 4.240783416722513e-24, nan 
-140.125, 70.375, 6.08649967976281e-24, nan 
-139.875, 70.375, 9.105257876078171e-24, nan 
-139.625, 70.375, 6.670168942396095e-24, nan 
-139.375, 70.375, 7.106469577045726e-24, nan 
-139.125, 70.375, 8.348046235416249e-24, nan 
-138.875, 70.375, 8.125829052521414e-24, nan 
-138.625, 70.375, 4.495143051759636e-24, nan 
-138.375, 70.375, 2.8248214481324248e-24, nan 
-138.125, 70.375, 4.3671453387179675e-24, nan 
-137.875, 70.375, 4.1668489753471695e-24, nan 
-137.625, 70.375, 2.243232403874136e-24, nan 
-137.375, 70.375, 3.431307177170017e-24, nan 
-137.125, 70.375, 7.33727137437407e-24, nan 
-136.875, 70.375, 4.5876058061165374e-24, nan 
-136.625, 70.375, 3.7396662497645485e-24, nan 
-136.375, 70.375, 7.905989715313682e-24, nan 
-136.125, 70.375, 5.6127387723070235e-24, nan 
-135.875, 70.375, 8.81143498235091e-24, nan 
-135.625, 70.375, 1.0627149524049601e-23, nan 
-135.375, 70.375, 6.206977111784884e-24, nan 
-135.125, 70.375, 9.403749068419974e-24, nan 
-134.875, 70.375, 1.4180861697419745e-23, nan 
-134.625, 70.375, 8.90615796169067e-24, nan 
-134.375, 70.375, 3.1867606817066224e-24, nan 
-134.125, 70.375, 6.83303588706386e-24, nan 
-133.875, 70.375, 7.32432245552046e-24, nan 
-133.625, 70.375, 4.225076624774236e-24, nan 
-133.375, 70.375, 5.6971741713474154e-24, nan 
-133.125, 70.375, 1.152615543028947e-23, nan 
-132.875, 70.375, 1.3027813999941588e-23, nan 
-132.625, 70.375, 9.147571372367852e-24, nan 
-132.375, 70.375, 1.0222547914509588e-23, nan 
-132.125, 70.375, 1.0692095948252016e-23, nan 
-131.875, 70.375, 8.47971393013496e-24, nan 
-131.625, 70.375, 5.5146174596290494e-24, nan 
-131.375, 70.375, 4.625409638220602e-24, nan 
-131.125, 70.375, 4.950400441649481e-24, nan 
-130.875, 70.375, 3.241156609558979e-24, nan 
-130.625, 70.375, 3.2656936434203543e-24, nan 
-130.375, 70.375, 2.81216419647543e-24, nan 
-130.125, 70.375, 2.820973121292301e-24, nan 
-129.875, 70.375, 2.83407802773389e-24, nan 
-129.625, 70.375, 2.5965956813063553e-24, nan 
-129.375, 70.375, 5.0600365703807744e-24, nan 
-129.125, 70.375, 2.68861608720026e-24, nan 
-128.875, 70.375, 4.085428728250777e-24, nan 
-128.625, 70.375, 9.283481121384773e-24, nan 
-128.375, 70.375, 6.576947428743222e-24, nan 
-128.125, 70.375, 5.322556393110825e-24, nan 
-127.875, 70.375, 6.156278220606406e-24, nan 
-127.625, 70.375, 5.015313350402046e-24, nan 
-127.375, 70.375, 4.3257863325326546e-24, nan 
-127.125, 70.375, 4.226892299892532e-24, nan 
-126.875, 70.375, 3.664892217770332e-24, nan 
-126.625, 70.375, 3.503533003483375e-24, nan 
-126.375, 70.375, 4.987179489249399e-24, nan 
-126.125, 70.375, 6.6825222297673e-24, nan 
-125.875, 70.375, 7.046402914666455e-24, nan 
-125.625, 70.375, 1.0162014121376257e-23, nan 
-125.375, 70.375, 1.1499774315145809e-23, nan 
-125.125, 70.375, 1.2442779231932114e-23, nan 
-124.875, 70.375, 9.597147268253939e-24, nan 
-124.625, 70.375, 1.3290478988270305e-23, nan 
-124.375, 70.375, 1.844641729529594e-23, nan 
-124.125, 70.375, 1.7030791894199683e-23, nan 
-123.875, 70.375, 1.898040052324653e-23, nan 
-123.625, 70.375, 2.1508161852408592e-23, nan 
-123.375, 70.375, 1.7089044986547414e-23, nan 
-123.125, 70.375, 1.4075640548369516e-23, nan 
-122.875, 70.375, 1.6531353344679218e-23, nan 
-122.625, 70.375, 2.3620219623922878e-23, nan 
-122.375, 70.375, 1.6919012207954508e-23, nan 
-122.125, 70.375, 1.3401178381292845e-23, nan 
-121.875, 70.375, 1.716613638080548e-23, nan 
-121.625, 70.375, 1.1793009882670892e-23, nan 
-121.375, 70.375, 5.4804600230123314e-24, nan 
-121.125, 70.375, 7.14655509876473e-24, nan 
-120.875, 70.375, 9.377358278203955e-24, nan 
-120.625, 70.375, 7.209171192751685e-24, nan 
-120.375, 70.375, 3.578697986515864e-24, nan 
-120.125, 70.375, 3.1833965222882937e-24, nan 
-119.875, 70.375, 3.3046226909592767e-24, nan 
-119.625, 70.375, 2.491324704743377e-24, nan 
-119.375, 70.375, 7.012177775729725e-24, nan 
-119.125, 70.375, 1.0840663140367751e-23, nan 
-118.875, 70.375, 1.0428775446289058e-23, nan 
-118.625, 70.375, 9.557757438008104e-24, nan 
-118.375, 70.375, 1.0889067342956156e-23, nan 
-118.125, 70.375, 1.2191891562962321e-23, nan 
-117.875, 70.375, 1.0222805964237927e-23, nan 
-117.625, 70.375, 6.901665200272078e-24, nan 
-117.375, 70.375, 6.2093083491591564e-24, nan 
-117.125, 70.375, 5.583030431796958e-24, nan 
-116.875, 70.375, 4.7714327596905434e-24, nan 
-116.625, 70.375, 4.8727165938113514e-24, nan 
-116.375, 70.375, 5.78216006450372e-24, nan 
-116.125, 70.375, 7.280828107280072e-24, nan 
-115.875, 70.375, 6.4577352105688905e-24, nan 
-115.625, 70.375, 8.692715315592209e-24, nan 
-115.375, 70.375, 1.2677597089612195e-23, nan 
-115.125, 70.375, 6.81381680302081e-24, nan 
-114.875, 70.375, 4.6615550762846315e-24, nan 
-114.625, 70.375, 1.2577898690639512e-23, nan 
-114.375, 70.375, 8.398456578652496e-24, nan 
-114.125, 70.375, 5.962259555027879e-24, nan 
-113.875, 70.375, 6.450696465227647e-24, nan 
-113.625, 70.375, 5.697712582099307e-24, nan 
-113.375, 70.375, 4.9771847985825956e-24, nan 
-113.125, 70.375, 5.821210288400269e-24, nan 
-112.875, 70.375, 1.1662200404773123e-23, nan 
-112.625, 70.375, 8.669078109109648e-24, nan 
-112.375, 70.375, 1.2243553360176129e-23, nan 
-112.125, 70.375, 1.416237031887959e-23, nan 
-111.875, 70.375, 1.5951487121323263e-23, nan 
-111.625, 70.375, 1.1026340783846403e-23, nan 
-111.375, 70.375, 1.33289501871442e-23, nan 
-111.125, 70.375, 1.6712514187458244e-23, nan 
-110.875, 70.375, 1.0645779278392009e-23, nan 
-110.625, 70.375, 1.4083153792262227e-23, nan 
-110.375, 70.375, 1.324997623257086e-23, nan 
-110.125, 70.375, 4.6206087923653496e-24, nan 
-109.875, 70.375, 7.507073503213932e-24, nan 
-109.625, 70.375, 8.22782894887061e-24, nan 
-109.375, 70.375, 5.300929777505913e-24, nan 
-109.125, 70.375, 4.9463247234173664e-24, nan 
-108.875, 70.375, 4.810931791224368e-24, nan 
-108.625, 70.375, 7.397412692012876e-24, nan 
-108.375, 70.375, 9.430936301675565e-24, nan 
-108.125, 70.375, 8.157490600607994e-24, nan 
-107.875, 70.375, 9.12768795711115e-24, nan 
-107.625, 70.375, 1.015650899239882e-23, nan 
-107.375, 70.375, 9.67098909614363e-24, nan 
-107.125, 70.375, 1.0895768266912006e-23, nan 
-106.875, 70.375, 1.1831850715342708e-23, nan 
-106.625, 70.375, 1.1393339903746392e-23, nan 
-106.375, 70.375, 1.009649795369322e-23, nan 
-106.125, 70.375, 1.2883085928730088e-23, nan 
-105.875, 70.375, 1.0267226185985707e-23, nan 
-105.625, 70.375, 9.151882601556273e-24, nan 
-105.375, 70.375, 9.49329581215153e-24, nan 
-105.125, 70.375, 6.863347136034508e-24, nan 
-104.875, 70.375, 7.276375695420283e-24, nan 
-104.625, 70.375, 1.0344687267638734e-23, nan 
-104.375, 70.375, 6.836544034876523e-24, nan 
-104.125, 70.375, 8.227815530717763e-24, nan 
-103.875, 70.375, 1.0698081881121514e-23, nan 
-103.625, 70.375, 8.589824949714508e-24, nan 
-103.375, 70.375, 6.999252107315111e-24, nan 
-103.125, 70.375, 1.0940051112229942e-23, nan 
-102.875, 70.375, 1.349342361412337e-23, nan 
-102.625, 70.375, 1.7562835854988848e-23, nan 
-102.375, 70.375, 2.0424933148062564e-23, nan 
-102.125, 70.375, 2.4825819357929938e-23, nan 
-101.875, 70.375, 3.3731164265289455e-23, nan 
-101.625, 70.375, 1.991736763592691e-23, nan 
-101.375, 70.375, 1.7297807851019287e-23, nan 
-101.125, 70.375, 1.393301386787691e-23, nan 
-100.875, 70.375, 1.458749134666828e-23, nan 
-100.625, 70.375, 2.9307614094115364e-23, nan 
-100.375, 70.375, 2.3475075107510932e-23, nan 
-100.125, 70.375, 1.894794295908847e-23, nan 
-99.875, 70.375, 1.664731235378162e-23, nan 
-99.625, 70.375, 1.7774049811716147e-23, nan 
-99.375, 70.375, 1.3119971313909062e-23, nan 
-99.125, 70.375, 1.359717936403999e-23, nan 
-98.875, 70.375, 2.302981389073169e-23, nan 
-98.625, 70.375, 2.0506042470875616e-23, nan 
-98.375, 70.375, 1.848932367124518e-23, nan 
-98.125, 70.375, 2.5876146708481976e-23, nan 
-97.875, 70.375, 2.3338806381296962e-23, nan 
-97.625, 70.375, 2.552865961295516e-23, nan 
-97.375, 70.375, 2.894736159398218e-23, nan 
-97.125, 70.375, 3.03553471542458e-23, nan 
-96.875, 70.375, 3.265425108700547e-23, nan 
-96.625, 70.375, 3.1339830064506026e-23, nan 
-96.375, 70.375, 2.900452576083276e-23, nan 
-96.125, 70.375, 1.7415183734149173e-23, nan 
-95.875, 70.375, 1.494564880610956e-23, nan 
-95.625, 70.375, 1.3915459166478396e-23, nan 
-95.375, 70.375, 1.959195422747644e-23, nan 
-95.125, 70.375, 2.6254690166973818e-23, nan 
-94.875, 70.375, 4.0785425471282855e-23, nan 
-94.625, 70.375, 2.024244219904704e-22, nan 
-94.375, 70.375, 2.850464203014538e-22, nan 
-94.125, 70.375, 2.9334491364629896e-22, nan 
-93.875, 70.375, 3.941470617467353e-22, nan 
-93.625, 70.375, 5.504315197968191e-22, nan 
-93.375, 70.375, 5.479337163825802e-22, nan 
-93.125, 70.375, 2.394019209247474e-22, nan 
-92.875, 70.375, 3.458640324485659e-22, nan 
-92.625, 70.375, 2.7040698342350583e-22, nan 
-92.375, 70.375, 1.2094294861482265e-22, nan 
-92.125, 70.375, 7.55905388068182e-23, nan 
-91.875, 70.375, 2.5560433944332062e-23, nan 
-91.625, 70.375, 2.1844718286793344e-23, nan 
-91.375, 70.375, 1.5124026500184603e-23, nan 
-91.125, 70.375, 3.067075995500611e-23, nan 
-90.875, 70.375, 3.3300261222625667e-23, nan 
-90.625, 70.375, 3.2564692805012946e-23, nan 
-90.375, 70.375, 2.861151668420384e-23, nan 
-90.125, 70.375, 3.066508307089637e-23, nan 
-89.875, 70.375, 2.8062757814265206e-23, nan 
-89.625, 70.375, 1.7708030800956037e-23, nan 
-89.375, 70.375, 1.6317859012141337e-23, nan 
-89.125, 70.375, 1.8087116513982408e-23, nan 
-88.875, 70.375, 1.2956486252502827e-23, nan 
-88.625, 70.375, 1.7061933885630676e-23, nan 
-88.375, 70.375, 1.4699893044298913e-23, nan 
-88.125, 70.375, 1.830591737975465e-23, nan 
-87.875, 70.375, 1.984097398403044e-23, nan 
-87.625, 70.375, 1.907001981541486e-23, nan 
-87.375, 70.375, 2.1132370940650427e-23, nan 
-87.125, 70.375, 2.3535510099983023e-23, nan 
-86.875, 70.375, 3.049975070977198e-23, nan 
-86.625, 70.375, 2.524163334958554e-23, nan 
-86.375, 70.375, 3.5297684695408373e-23, nan 
-86.125, 70.375, 4.430177454161662e-23, nan 
-85.875, 70.375, 3.718591322653845e-23, nan 
-85.625, 70.375, 3.511291582877609e-23, nan 
-85.375, 70.375, 4.5235605288193256e-23, nan 
-85.125, 70.375, 4.5412681583716386e-23, nan 
-84.875, 70.375, 3.421138681279894e-23, nan 
-84.625, 70.375, 2.9046484868132964e-23, nan 
-84.375, 70.375, 3.195766751947488e-23, nan 
-84.125, 70.375, 3.873703427593923e-23, nan 
-83.875, 70.375, 3.4341207084902706e-23, nan 
-83.625, 70.375, 3.396869530025182e-23, nan 
-83.375, 70.375, 4.106419311974588e-23, nan 
-83.125, 70.375, 3.4303791944203205e-23, nan 
-82.875, 70.375, 2.97738057824901e-23, nan 
-82.625, 70.375, 2.417120907721483e-23, nan 
-82.375, 70.375, 2.147700434307148e-23, nan 
-82.125, 70.375, 2.3711277927230502e-23, nan 
-81.875, 70.375, 2.70098992653723e-23, nan 
-81.625, 70.375, 3.0911980031700916e-23, nan 
-81.375, 70.375, 3.185211244126954e-23, nan 
-81.125, 70.375, 3.3215273595418574e-23, nan 
-80.875, 70.375, 3.6532404534920835e-23, nan 
-80.625, 70.375, 2.8170078611106134e-23, nan 
-80.375, 70.375, 2.995587400385575e-23, nan 
-80.125, 70.375, 3.666335173021764e-23, nan 
-79.875, 70.375, 3.8701884072392074e-23, nan 
-79.625, 70.375, 2.9629224725095215e-23, nan 
-79.375, 70.375, 3.363817618342075e-23, nan 
-79.125, 70.375, 4.160223943305699e-23, nan 
-78.875, 70.375, 3.6559993367340575e-23, nan 
-78.625, 70.375, 3.13214766142098e-23, nan 
-78.375, 70.375, 3.977151050295532e-23, nan 
-78.125, 70.375, 2.7409941759901976e-23, nan 
-77.875, 70.375, 3.7553140538690343e-23, nan 
-77.625, 70.375, 9.09031757979827e-23, nan 
-77.375, 70.375, 6.050308306776623e-23, nan 
-77.125, 70.375, 9.291921274971183e-23, nan 
-76.875, 70.375, 8.091235095646929e-23, nan 
-76.625, 70.375, 6.211004593014965e-23, nan 
-76.375, 70.375, 6.159025885809712e-23, nan 
-76.125, 70.375, 5.2182732910684376e-23, nan 
-75.875, 70.375, 1.1594090298312075e-22, nan 
-75.625, 70.375, 8.394479851605693e-23, nan 
-75.375, 70.375, 8.266948204283054e-23, nan 
-75.125, 70.375, 9.309362411145509e-23, nan 
-74.875, 70.375, 6.876411132076108e-23, nan 
-74.625, 70.375, 1.1238156809804195e-22, nan 
-74.375, 70.375, 1.9448647428735127e-22, nan 
-74.125, 70.375, 1.5834379271878543e-22, nan 
-73.875, 70.375, 9.179135246614423e-23, nan 
-73.625, 70.375, 1.4939795504325023e-22, nan 
-73.375, 70.375, 1.1585735797447617e-22, nan 
-73.125, 70.375, 3.944088669996068e-23, nan 
-72.875, 70.375, 3.541493878458356e-23, nan 
-72.625, 70.375, 5.153684885978019e-23, nan 
-72.375, 70.375, 5.365983020526147e-23, nan 
-72.125, 70.375, 7.631082446034052e-23, nan 
-71.875, 70.375, 1.3657781627146235e-22, nan 
-71.625, 70.375, 9.401012670749186e-23, nan 
-71.375, 70.375, 8.700970579707323e-23, nan 
-71.125, 70.375, 1.644398659162847e-22, nan 
-70.875, 70.375, 9.318950080776604e-23, nan 
-70.625, 70.375, 5.240502339846615e-23, nan 
-70.375, 70.375, 6.400163231930742e-23, nan 
-70.125, 70.375, 4.190004164236042e-23, nan 
-69.875, 70.375, 4.061544144996711e-23, nan 
-69.625, 70.375, 6.225318533034025e-23, nan 
-69.375, 70.375, 5.726449124099488e-23, nan 
-69.125, 70.375, 6.782965190970272e-23, nan 
-68.875, 70.375, 6.448274724795593e-23, nan 
-68.625, 70.375, 5.576350942879064e-23, nan 
-68.375, 70.375, 7.918758229471688e-23, nan 
-68.125, 70.375, 4.2615458693815415e-23, nan 
-67.875, 70.375, 5.353795493806125e-23, nan 
-67.625, 70.375, 8.787814142004067e-23, nan 
-67.375, 70.375, 6.897839259680613e-23, nan 
-67.125, 70.375, 7.455110245437157e-23, nan 
-66.875, 70.375, 1.098493270977085e-22, nan 
-66.625, 70.375, 1.0430994147869572e-22, nan 
-66.375, 70.375, 9.708019156634988e-23, nan 
-66.125, 70.375, 1.1661176223362827e-22, nan 
-65.875, 70.375, 9.380381213657828e-23, nan 
-65.625, 70.375, 8.872446911379769e-23, nan 
-65.375, 70.375, 7.001491708949014e-23, nan 
-65.125, 70.375, 8.32573087521835e-23, nan 
-64.875, 70.375, 7.75527991512411e-23, nan 
-64.625, 70.375, 7.900948946802083e-23, nan 
-64.375, 70.375, 1.2656030145849976e-22, nan 
-64.125, 70.375, 1.5152916593309836e-22, nan 
-63.875, 70.375, 1.7776305469603027e-22, nan 
-63.625, 70.375, 1.732066164155368e-22, nan 
-63.375, 70.375, 1.851831613940726e-22, nan 
-63.125, 70.375, 2.0502827800000332e-22, nan 
-62.875, 70.375, 2.13639614491608e-22, nan 
-62.625, 70.375, 1.7935592065353706e-22, nan 
-62.375, 70.375, 2.167072435240725e-22, nan 
-62.125, 70.375, 2.3073746759843004e-22, nan 
-61.875, 70.375, 1.9438441802699505e-22, nan 
-61.625, 70.375, 1.568517604653404e-22, nan 
-61.375, 70.375, 1.497144340610721e-22, nan 
-61.125, 70.375, 2.0502888021253091e-22, nan 
-60.875, 70.375, 1.666714006307594e-22, nan 
-60.625, 70.375, 1.619930821702996e-22, nan 
-60.375, 70.375, 2.227857511732066e-22, nan 
-60.125, 70.375, 1.3213963101140425e-22, nan 
-59.875, 70.375, 1.2395938133712306e-22, nan 
-59.625, 70.375, 2.114007030918173e-22, nan 
-59.375, 70.375, 2.577266290737383e-22, nan 
-59.125, 70.375, 2.0508430643650836e-22, nan 
-58.875, 70.375, 3.708891378667253e-22, nan 
-58.625, 70.375, 4.992161803579604e-22, nan 
-58.375, 70.375, 4.1034814701288833e-22, nan 
-58.125, 70.375, 2.6069444096377855e-22, nan 
-57.875, 70.375, 2.797083881204358e-22, nan 
-57.625, 70.375, 2.4926449853356607e-22, nan 
-57.375, 70.375, 2.0030202016286377e-22, nan 
-57.125, 70.375, 1.9468792716065372e-22, nan 
-56.875, 70.375, 1.8155386288207377e-22, nan 
-56.625, 70.375, 1.6212456247961362e-22, nan 
-56.375, 70.375, 1.6468649441239835e-22, nan 
-56.125, 70.375, 2.4939702356904487e-22, nan 
-55.875, 70.375, 1.7295937392530157e-22, nan 
-55.625, 70.375, 1.5634044033122742e-22, nan 
-55.375, 70.375, 1.6229114545999785e-22, nan 
-55.125, 70.375, 1.3547344631649273e-22, nan 
-54.875, 70.375, 1.2639757665871366e-22, nan 
-54.625, 70.375, 2.255576530961893e-22, nan 
-54.375, 70.375, 1.4304808158405286e-22, nan 
-54.125, 70.375, 1.1822650359053554e-22, nan 
-53.875, 70.375, 1.9913360106846183e-22, nan 
-53.625, 70.375, 5.293314666801459e-22, nan 
-53.375, 70.375, 2.5397475440715815e-22, nan 
-53.125, 70.375, 2.2612074199015943e-22, nan 
-52.875, 70.375, 5.131356091857423e-22, nan 
-52.625, 70.375, 3.227634709847522e-22, nan 
-52.375, 70.375, 2.7597693450968696e-22, nan 
-52.125, 70.375, 3.605188595026581e-22, nan 
-51.875, 70.375, 6.144491031202495e-22, nan 
-51.625, 70.375, 4.5119471505109775e-22, nan 
-51.375, 70.375, 2.1684718971343556e-22, nan 
-51.125, 70.375, 2.464363431304921e-22, nan 
-50.875, 70.375, 3.5886789383123845e-22, nan 
-50.625, 70.375, 3.4426528562296848e-22, nan 
-50.375, 70.375, 5.536935971032124e-22, nan 
-50.125, 70.375, 6.019266017956919e-22, nan 
-49.875, 70.375, 6.798668076162538e-22, nan 
-49.625, 70.375, 6.378088348321728e-22, nan 
-49.375, 70.375, 5.648184349128179e-22, nan 
-49.125, 70.375, 7.743077975063107e-22, nan 
-48.875, 70.375, 5.079204111832152e-22, nan 
-48.625, 70.375, 8.706580111757026e-22, nan 
-48.375, 70.375, 7.183398896728707e-22, nan 
-48.125, 70.375, 3.2313554414519716e-22, nan 
-47.875, 70.375, 5.750902885667914e-22, nan 
-47.625, 70.375, 7.009458294363105e-22, nan 
-47.375, 70.375, 4.0284451549210676e-22, nan 
-47.125, 70.375, 6.781933417085265e-22, nan 
-46.875, 70.375, 5.779830492218496e-22, nan 
-46.625, 70.375, 6.320385783132645e-22, nan 
-46.375, 70.375, 6.663478951981343e-22, nan 
-46.125, 70.375, 6.67521103660235e-22, nan 
-45.875, 70.375, 7.657333670811813e-22, nan 
-45.625, 70.375, 8.96765686582483e-22, nan 
-45.375, 70.375, 7.185072837162774e-22, nan 
-45.125, 70.375, 5.856280894907299e-22, nan 
-44.875, 70.375, 7.880140068128481e-22, nan 
-44.625, 70.375, 2.358131141536732e-22, nan 
-44.375, 70.375, 4.318607429321536e-22, nan 
-44.125, 70.375, 6.0016614217627405e-22, nan 
-43.875, 70.375, 5.894832474674964e-22, nan 
-43.625, 70.375, 3.7681274702201324e-22, nan 
-43.375, 70.375, 1.938910207902124e-21, nan 
-43.125, 70.375, 1.1625595017060507e-21, nan 
-42.875, 70.375, 7.947416820393944e-22, nan 
-42.625, 70.375, 2.2365983121024817e-21, nan 
-42.375, 70.375, 1.2634806389716715e-21, nan 
-42.125, 70.375, 7.490613779808809e-22, nan 
-41.875, 70.375, 1.1879029278609031e-21, nan 
-41.625, 70.375, 8.100181354499544e-22, nan 
-41.375, 70.375, 1.308504425219407e-21, nan 
-41.125, 70.375, 8.617657481542857e-22, nan 
-40.875, 70.375, 2.1625724202418236e-21, nan 
-40.625, 70.375, 1.0019838001878835e-21, nan 
-40.375, 70.375, 1.0882334082273572e-21, nan 
-40.125, 70.375, 1.868808806934915e-21, nan 
-39.875, 70.375, 1.033016041410965e-21, nan 
-39.625, 70.375, 1.016192266172443e-21, nan 
-39.375, 70.375, 1.4718169963687183e-21, nan 
-39.125, 70.375, 1.4906344126966726e-21, nan 
-38.875, 70.375, 2.081759361528011e-21, nan 
-38.625, 70.375, 2.1675406849583723e-21, nan 
-38.375, 70.375, 2.2531404923533636e-21, nan 
-38.125, 70.375, 2.6850165578389792e-21, nan 
-37.875, 70.375, 2.219410972687651e-21, nan 
-37.625, 70.375, 1.3646502616485495e-21, nan 
-37.375, 70.375, 1.2490240751668303e-21, nan 
-37.125, 70.375, 8.1891232419782975e-22, nan 
-36.875, 70.375, 2.1554739228383132e-21, nan 
-36.625, 70.375, 4.578244656178428e-21, nan 
-36.375, 70.375, 6.551837603449626e-21, nan 
-36.125, 70.375, 4.337778656152468e-21, nan 
-35.875, 70.375, 7.365667247700004e-21, nan 
-35.625, 70.375, 1.0902216694819058e-20, nan 
-35.375, 70.375, 7.194784408905989e-21, nan 
-35.125, 70.375, 4.506491400545683e-21, nan 
-34.875, 70.375, 7.397202360335842e-21, nan 
-34.625, 70.375, 6.371179965332652e-21, nan 
-34.375, 70.375, 4.10828851520736e-21, nan 
-34.125, 70.375, 2.508219993866345e-21, nan 
-33.875, 70.375, 1.7848697934471854e-21, nan 
-33.625, 70.375, 2.2092066409396107e-21, nan 
-33.375, 70.375, 2.6135459790128185e-21, nan 
-33.125, 70.375, 1.7877592859793916e-21, nan 
-32.875, 70.375, 1.9426437406204404e-21, nan 
-32.625, 70.375, 3.613937070077158e-21, nan 
-32.375, 70.375, 1.423588395909819e-21, nan 
-32.125, 70.375, 9.850399301268755e-22, nan 
-31.875, 70.375, 1.3131772872083852e-21, nan 
-31.625, 70.375, 7.106566836770436e-22, nan 
-31.375, 70.375, 1.3534027936815235e-21, nan 
-31.125, 70.375, 4.166115317901888e-21, nan 
-30.875, 70.375, 7.455252616290423e-21, nan 
-30.625, 70.375, 9.168431015606471e-21, nan 
-30.375, 70.375, 7.882433341658323e-21, nan 
-30.125, 70.375, 9.854302774141968e-21, nan 
-29.875, 70.375, 1.0346620100405405e-20, nan 
-29.625, 70.375, 7.919186998538553e-21, nan 
-29.375, 70.375, 8.162741359901881e-21, nan 
-29.125, 70.375, 8.409369997297708e-21, nan 
-28.875, 70.375, 8.85823609508986e-21, nan 
-28.625, 70.375, 6.995102473035486e-21, nan 
-28.375, 70.375, 8.226173314503714e-21, nan 
-28.125, 70.375, 1.0356685517321253e-20, nan 
-27.875, 70.375, 1.508594314642553e-20, nan 
-27.625, 70.375, 8.758171293689071e-21, nan 
-27.375, 70.375, 8.711937155174376e-21, nan 
-27.125, 70.375, 1.1312764099579028e-20, nan 
-26.875, 70.375, 4.719597746033895e-21, nan 
-26.625, 70.375, 3.627656987267902e-21, nan 
-26.375, 70.375, 4.479714283941062e-21, nan 
-26.125, 70.375, 2.9333205470502618e-21, nan 
-25.875, 70.375, 3.84395989334802e-21, nan 
-25.625, 70.375, 2.4829528915571774e-21, nan 
-25.375, 70.375, 1.366651385594362e-21, nan 
-25.125, 70.375, 2.8820132892396654e-21, nan 
-24.875, 70.375, 2.7501866221777475e-21, nan 
-24.625, 70.375, 4.514498248685601e-21, nan 
-24.375, 70.375, 3.2693694254436208e-21, nan 
-24.125, 70.375, 3.954006034363546e-21, nan 
-23.875, 70.375, 4.4346745574883025e-21, nan 
-23.625, 70.375, 4.006501457647446e-21, nan 
-23.375, 70.375, 7.58845333396995e-21, nan 
-23.125, 70.375, 4.990720066208759e-21, nan 
-22.875, 70.375, 4.3699801620874455e-21, nan 
-22.625, 70.375, 1.2691436598757689e-20, nan 
-22.375, 70.375, 8.431669200478769e-21, nan 
-22.125, 70.375, 2.1931713755348257e-21, nan 
-21.875, 70.375, 5.540797803171912e-21, nan 
-21.625, 70.375, 3.1924095579382302e-21, nan 
-21.375, 70.375, 1.082013988222974e-21, nan 
-21.125, 70.375, 3.683073865677503e-21, nan 
-20.875, 70.375, 3.269773790646444e-21, nan 
-20.625, 70.375, 5.11791329024906e-21, nan 
-20.375, 70.375, 4.892132301230262e-21, nan 
-20.125, 70.375, 5.165670147002224e-21, nan 
-19.875, 70.375, 9.839463368620181e-21, nan 
-19.625, 70.375, 1.4427077121344717e-20, nan 
-19.375, 70.375, 5.939140119589391e-21, nan 
-19.125, 70.375, 1.2393454128491285e-20, nan 
-18.875, 70.375, 2.321592073952491e-20, nan 
-18.625, 70.375, 7.852562919164849e-21, nan 
-18.375, 70.375, 1.337083865969665e-20, nan 
-18.125, 70.375, 1.485617526182835e-20, nan 
-17.875, 70.375, 6.708851033033804e-21, nan 
-17.625, 70.375, 8.832859787294199e-21, nan 
-17.375, 70.375, 8.561149000075424e-21, nan 
-17.125, 70.375, 3.7889815683646764e-21, nan 
-16.875, 70.375, 2.8002664332946207e-21, nan 
-16.625, 70.375, 1.8719627570947746e-21, nan 
-16.375, 70.375, 1.4148265732638959e-21, nan 
-16.125, 70.375, 2.0140140740168107e-21, nan 
-15.875, 70.375, 2.654666142616553e-21, nan 
-15.625, 70.375, 3.354576571269731e-21, nan 
-15.375, 70.375, 3.0119193045598507e-21, nan 
-15.125, 70.375, 3.3762137402691622e-21, nan 
-14.875, 70.375, 3.3761239449263922e-21, nan 
-14.625, 70.375, 3.3647450529498694e-21, nan 
-14.375, 70.375, 3.399887367259435e-21, nan 
-14.125, 70.375, 3.10714408661535e-21, nan 
-13.875, 70.375, 2.5511800560282435e-21, nan 
-13.625, 70.375, 2.2815327547250175e-21, nan 
-13.375, 70.375, 2.1532044146542217e-21, nan 
-13.125, 70.375, 1.1367078465277068e-21, nan 
-12.875, 70.375, 6.555772017927431e-22, nan 
-12.625, 70.375, 1.6679243440149613e-21, nan 
-12.375, 70.375, 1.949590514284556e-21, nan 
-12.125, 70.375, 1.82860214163602e-21, nan 
-11.875, 70.375, 1.987642440549503e-21, nan 
-11.625, 70.375, 2.351067204085393e-21, nan 
-11.375, 70.375, 2.9501155069794742e-21, nan 
-11.125, 70.375, 3.1512902940253337e-21, nan 
-10.875, 70.375, 4.410300826132158e-21, nan 
-10.625, 70.375, 9.14096066025362e-21, nan 
-10.375, 70.375, 1.0192071419530887e-20, nan 
-10.125, 70.375, 9.309510987032712e-21, nan 
-9.875, 70.375, 1.0575064892780531e-20, nan 
-9.625, 70.375, 1.2219911483299901e-20, nan 
-9.375, 70.375, 8.90744099746293e-21, nan 
-9.125, 70.375, 8.378261908309559e-21, nan 
-8.875, 70.375, 1.50111987300856e-20, nan 
-8.625, 70.375, 4.550897443881577e-20, nan 
-8.375, 70.375, 8.484375017494572e-20, nan 
-8.125, 70.375, 8.800558180792223e-20, nan 
-7.875, 70.375, 8.718301866505998e-20, nan 
-7.625, 70.375, 8.809178093003681e-20, nan 
-7.375, 70.375, 6.807388909853946e-20, nan 
-7.125, 70.375, 4.450346287951332e-21, nan 
-6.875, 70.375, 9.321902066695232e-21, nan 
-6.625, 70.375, 8.042303756425142e-21, nan 
-6.375, 70.375, 7.430994469424294e-21, nan 
-6.125, 70.375, 6.1407376128333075e-21, nan 
-5.875, 70.375, 6.115752230653845e-21, nan 
-5.625, 70.375, 4.685919950458749e-21, nan 
-5.375, 70.375, 2.007934870731027e-21, nan 
-5.125, 70.375, 1.083429364723494e-21, nan 
-4.875, 70.375, 1.3639786028430994e-21, nan 
-4.625, 70.375, 4.549317236987324e-22, nan 
-4.375, 70.375, 9.021786481896267e-22, nan 
-4.125, 70.375, 1.2662734549380608e-21, nan 
-3.875, 70.375, 6.887687490973564e-22, nan 
-3.625, 70.375, 8.535062002414416e-22, nan 
-3.375, 70.375, 5.929022116605728e-22, nan 
-3.125, 70.375, 1.0710098141414712e-21, nan 
-2.875, 70.375, 1.4625367548493827e-21, nan 
-2.625, 70.375, 1.102512767798307e-21, nan 
-2.375, 70.375, 1.0826632778053267e-21, nan 
-2.125, 70.375, 1.360580730368251e-21, nan 
-1.875, 70.375, 8.2630166084348115e-22, nan 
-1.625, 70.375, 6.287084206360478e-22, nan 
-1.375, 70.375, 1.7575396737254663e-22, nan 
-1.125, 70.375, 4.131485048987669e-22, nan 
-0.875, 70.375, 7.622571082388147e-22, nan 
-0.625, 70.375, 6.536245562153992e-22, nan 
-0.375, 70.375, 7.773920414503646e-22, nan 
-0.125, 70.375, 6.800078804338616e-22, nan 
0.125, 70.375, 7.419205100836771e-22, nan 
0.375, 70.375, 1.0118237852104034e-21, nan 
0.625, 70.375, 1.0475545739833956e-21, nan 
0.875, 70.375, 8.348363004634892e-22, nan 
1.125, 70.375, 8.873603485447668e-22, nan 
1.375, 70.375, 8.397175824575025e-22, nan 
1.625, 70.375, 7.31815661845395e-22, nan 
1.875, 70.375, 8.453615920825044e-22, nan 
2.125, 70.375, 7.869685403759166e-22, nan 
2.375, 70.375, 7.22766270929922e-22, nan 
2.625, 70.375, 7.548206201829236e-22, nan 
2.875, 70.375, 8.1798531931407e-22, nan 
3.125, 70.375, 8.905436586132678e-22, nan 
3.375, 70.375, 7.851304518441947e-22, nan 
3.625, 70.375, 8.364777244331116e-22, nan 
3.875, 70.375, 8.580759208427455e-22, nan 
4.125, 70.375, 5.08651535955077e-22, nan 
4.375, 70.375, 8.067576744421554e-22, nan 
4.625, 70.375, 9.263911094434852e-22, nan 
4.875, 70.375, 6.545083040413443e-22, nan 
5.125, 70.375, 5.884621076842028e-22, nan 
5.375, 70.375, 8.56941604704017e-22, nan 
5.625, 70.375, 6.2496050781089615e-22, nan 
5.875, 70.375, 5.08105929195591e-22, nan 
6.125, 70.375, 2.871677676359221e-22, nan 
6.375, 70.375, 1.4330914082884e-22, nan 
6.625, 70.375, 5.686328552533731e-23, nan 
6.875, 70.375, 1.033047881894996e-22, nan 
7.125, 70.375, 2.3392937136725973e-22, nan 
7.375, 70.375, 1.2748084849775974e-22, nan 
7.625, 70.375, 2.374148238442234e-22, nan 
7.875, 70.375, 4.591172000761921e-22, nan 
8.125, 70.375, 3.464036678673699e-22, nan 
8.375, 70.375, 2.833963597708067e-22, nan 
8.625, 70.375, 4.326247926507872e-22, nan 
8.875, 70.375, 3.3850945312729537e-22, nan 
9.125, 70.375, 2.733914979739041e-22, nan 
9.375, 70.375, 2.366026886304543e-22, nan 
9.625, 70.375, 2.6927683103433736e-22, nan 
9.875, 70.375, 1.8430670859607273e-22, nan 
10.125, 70.375, 1.230632883926161e-22, nan 
10.375, 70.375, 2.749158256899476e-22, nan 
10.625, 70.375, 2.184098895606194e-22, nan 
10.875, 70.375, 8.697442531254129e-23, nan 
11.125, 70.375, 3.4757042361308445e-22, nan 
11.375, 70.375, 2.6232359037477087e-22, nan 
11.625, 70.375, 1.8340812097909116e-22, nan 
11.875, 70.375, 2.2497295600377903e-22, nan 
12.125, 70.375, 1.3226047881859993e-22, nan 
12.375, 70.375, 1.8377857974513335e-22, nan 
12.625, 70.375, 2.399933329211404e-22, nan 
12.875, 70.375, 1.5481610136421838e-22, nan 
13.125, 70.375, 2.186448681378263e-22, nan 
13.375, 70.375, 2.8401561433972856e-22, nan 
13.625, 70.375, 4.279877484623266e-22, nan 
13.875, 70.375, 3.3384922578385138e-22, nan 
14.125, 70.375, 4.151950173347579e-22, nan 
14.375, 70.375, 2.923203149502247e-22, nan 
14.625, 70.375, 1.9202600532035735e-22, nan 
14.875, 70.375, 1.2211986244262127e-22, nan 
15.125, 70.375, 9.960831129422504e-23, nan 
15.375, 70.375, 8.189701630877645e-23, nan 
15.625, 70.375, 5.1120516994427456e-23, nan 
15.875, 70.375, 4.337504222558483e-23, nan 
16.125, 70.375, 5.646486033439718e-23, nan 
16.375, 70.375, 4.414398348190614e-23, nan 
16.625, 70.375, 3.4718323822741565e-23, nan 
16.875, 70.375, 6.297789043516647e-23, nan 
17.125, 70.375, 5.891008728555953e-23, nan 
17.375, 70.375, 1.4860922874680322e-22, nan 
17.625, 70.375, 2.9718335600251775e-22, nan 
17.875, 70.375, 2.6048002964164607e-22, nan 
18.125, 70.375, 3.2819877841792954e-22, nan 
18.375, 70.375, 6.23414270743159e-22, nan 
18.625, 70.375, 5.9759230274612375e-22, nan 
18.875, 70.375, 2.8830673549480734e-22, nan 
19.125, 70.375, 3.733440972084966e-22, nan 
19.375, 70.375, 3.432413182269581e-22, nan 
19.625, 70.375, 1.7799586511794768e-22, nan 
19.875, 70.375, 9.334820670392711e-23, nan 
20.125, 70.375, 1.0981357078713058e-22, nan 
20.375, 70.375, 1.0421282597092372e-22, nan 
20.625, 70.375, 1.040356564014364e-22, nan 
20.875, 70.375, 7.85060435893417e-23, nan 
21.125, 70.375, 9.7691338851555e-23, nan 
21.375, 70.375, 1.0800342484503027e-22, nan 
21.625, 70.375, 8.076311309868818e-23, nan 
21.875, 70.375, 8.088709116456268e-23, nan 
22.125, 70.375, 8.500002402560105e-23, nan 
22.375, 70.375, 7.196672998995698e-23, nan 
22.625, 70.375, 6.348402426368551e-23, nan 
22.875, 70.375, 9.05859888908386e-23, nan 
23.125, 70.375, 6.350034748970918e-23, nan 
23.375, 70.375, 6.335173056615076e-23, nan 
23.625, 70.375, 1.0446402483985185e-22, nan 
23.875, 70.375, 6.821565097377275e-23, nan 
24.125, 70.375, 4.0329311301891036e-23, nan 
24.375, 70.375, 5.907067360423227e-23, nan 
24.625, 70.375, 6.946742384157316e-23, nan 
24.875, 70.375, 9.256605079643212e-23, nan 
25.125, 70.375, 8.739476996646224e-23, nan 
25.375, 70.375, 6.818094931520475e-23, nan 
25.625, 70.375, 6.711633016011952e-23, nan 
25.875, 70.375, 4.606176903425861e-23, nan 
26.125, 70.375, 2.123365711440877e-23, nan 
26.375, 70.375, 6.157804907455883e-23, nan 
26.625, 70.375, 1.0667023978245855e-22, nan 
26.875, 70.375, 2.0231181789679106e-23, nan 
27.125, 70.375, 6.239454649806995e-23, nan 
27.375, 70.375, 1.2853212057035452e-22, nan 
27.625, 70.375, 3.5915428209167556e-23, nan 
27.875, 70.375, 2.177124932372063e-23, nan 
28.125, 70.375, 5.75223130644822e-23, nan 
28.375, 70.375, 1.1080477827807488e-23, nan 
28.625, 70.375, 1.3672311020952134e-23, nan 
28.875, 70.375, 1.1169119444683283e-23, nan 
29.125, 70.375, 2.3545146622926073e-23, nan 
29.375, 70.375, 2.260451216102152e-23, nan 
29.625, 70.375, 1.8659009943747464e-23, nan 
29.875, 70.375, 2.5549138098825956e-23, nan 
30.125, 70.375, 1.606941828470312e-23, nan 
30.375, 70.375, 2.995153324259987e-23, nan 
30.625, 70.375, 2.4668064003769505e-23, nan 
30.875, 70.375, 3.9055020566187827e-23, nan 
31.125, 70.375, 8.490748003589618e-24, nan 
31.375, 70.375, 2.301638759868269e-23, nan 
31.625, 70.375, 1.6728176196713817e-23, nan 
31.875, 70.375, 1.4215103659366525e-23, nan 
32.125, 70.375, 9.131835257331857e-24, nan 
32.375, 70.375, 1.8358240384445133e-23, nan 
32.625, 70.375, 3.596331218897599e-23, nan 
32.875, 70.375, 3.044391684666107e-23, nan 
33.125, 70.375, 1.839950452441948e-23, nan 
33.375, 70.375, 4.589284281616207e-23, nan 
33.625, 70.375, 3.257246035411252e-23, nan 
33.875, 70.375, 9.176981847393162e-24, nan 
34.125, 70.375, 2.2889141715925547e-23, nan 
34.375, 70.375, 1.327600533905012e-23, nan 
34.625, 70.375, 9.253002805915741e-24, nan 
34.875, 70.375, 1.3656222291931386e-23, nan 
35.125, 70.375, 1.0667576536379358e-23, nan 
35.375, 70.375, 1.3717423686805313e-23, nan 
35.625, 70.375, 1.50328779896777e-23, nan 
35.875, 70.375, 2.0707026287677402e-23, nan 
36.125, 70.375, 2.9440890622251767e-23, nan 
36.375, 70.375, 3.256022285336176e-23, nan 
36.625, 70.375, 3.505710326570686e-23, nan 
36.875, 70.375, 2.718502765854427e-23, nan 
37.125, 70.375, 2.3183737518431512e-23, nan 
37.375, 70.375, 2.332260207493336e-23, nan 
37.625, 70.375, 1.4694276633292145e-23, nan 
37.875, 70.375, 1.0302228683764922e-23, nan 
38.125, 70.375, 1.3475619745735668e-23, nan 
38.375, 70.375, 1.0425697547231493e-23, nan 
38.625, 70.375, 9.111875960790851e-24, nan 
38.875, 70.375, 4.133458585086538e-24, nan 
39.125, 70.375, 1.3179634002052857e-23, nan 
39.375, 70.375, 1.1328582851751778e-23, nan 
39.625, 70.375, 2.6752563315559324e-23, nan 
39.875, 70.375, 4.217213438995614e-23, nan 
40.125, 70.375, 1.7263530330000186e-23, nan 
40.375, 70.375, 4.0889001696631466e-23, nan 
40.625, 70.375, 7.526975578705754e-23, nan 
40.875, 70.375, 5.856618703495231e-23, nan 
41.125, 70.375, 7.311214476804634e-23, nan 
41.375, 70.375, 7.376517152650456e-23, nan 
41.625, 70.375, 7.088959303623187e-23, nan 
41.875, 70.375, 6.228516004054181e-23, nan 
42.125, 70.375, 4.334958628282254e-23, nan 
42.375, 70.375, 2.359611842925027e-23, nan 
42.625, 70.375, 2.2212597730413278e-23, nan 
42.875, 70.375, 2.4184645905725518e-23, nan 
43.125, 70.375, 1.6301489213476004e-23, nan 
43.375, 70.375, 1.2720988444516494e-23, nan 
43.625, 70.375, 1.2298278528468443e-23, nan 
43.875, 70.375, 2.0353643648693337e-23, nan 
44.125, 70.375, 2.0058182190460144e-23, nan 
44.375, 70.375, 1.3007475493600609e-23, nan 
44.625, 70.375, 2.0856665464666892e-23, nan 
44.875, 70.375, 2.2919283996402287e-23, nan 
45.125, 70.375, 1.2804398342688792e-23, nan 
45.375, 70.375, 1.2218627764157198e-23, nan 
45.625, 70.375, 1.7658697909678208e-23, nan 
45.875, 70.375, 1.187440324414826e-23, nan 
46.125, 70.375, 7.116394484600645e-24, nan 
46.375, 70.375, 3.9191505048324655e-24, nan 
46.625, 70.375, 4.451638385905603e-24, nan 
46.875, 70.375, 6.778448649917786e-24, nan 
47.125, 70.375, 6.0250186795646136e-24, nan 
47.375, 70.375, 6.881803622610551e-24, nan 
47.625, 70.375, 7.95222081941752e-24, nan 
47.875, 70.375, 1.2327086837455591e-23, nan 
48.125, 70.375, 1.0699042815648867e-23, nan 
48.375, 70.375, 1.1069125524935274e-23, nan 
48.625, 70.375, 1.4184432098140043e-23, nan 
48.875, 70.375, 1.176496260919836e-23, nan 
49.125, 70.375, 1.444895811333837e-23, nan 
49.375, 70.375, 1.7692867333325903e-23, nan 
49.625, 70.375, 1.6854578149793018e-23, nan 
49.875, 70.375, 8.591062052741286e-24, nan 
50.125, 70.375, 6.116645476797279e-24, nan 
50.375, 70.375, 8.38605011476974e-24, nan 
50.625, 70.375, 8.295852385489814e-24, nan 
50.875, 70.375, 5.3016169467472715e-24, nan 
51.125, 70.375, 8.029928656070573e-24, nan 
51.375, 70.375, 7.394270739082153e-24, nan 
51.625, 70.375, 1.8896181046678665e-24, nan 
51.875, 70.375, 2.997761768851406e-24, nan 
52.125, 70.375, 3.3486400749431696e-24, nan 
52.375, 70.375, 4.759370252738754e-24, nan 
52.625, 70.375, 1.6782317047152504e-24, nan 
52.875, 70.375, 3.3785150049711446e-24, nan 
53.125, 70.375, 4.3944793408762275e-24, nan 
53.375, 70.375, 4.756826365373339e-24, nan 
53.625, 70.375, 2.267741990773988e-24, nan 
53.875, 70.375, 3.397474883874776e-24, nan 
54.125, 70.375, 5.711305860226698e-24, nan 
54.375, 70.375, 4.3132553346572344e-24, nan 
54.625, 70.375, 6.008657623655109e-24, nan 
54.875, 70.375, 7.308538372807749e-24, nan 
55.125, 70.375, 7.642853391353459e-24, nan 
55.375, 70.375, 5.2995723279333655e-24, nan 
55.625, 70.375, 5.788274432662786e-24, nan 
55.875, 70.375, 8.926779738246594e-24, nan 
56.125, 70.375, 8.430235079840023e-24, nan 
56.375, 70.375, 9.291238262544367e-24, nan 
56.625, 70.375, 7.125769824903223e-24, nan 
56.875, 70.375, 1.1544198181431607e-23, nan 
57.125, 70.375, 1.1814260242526173e-23, nan 
57.375, 70.375, 9.112435391845672e-24, nan 
57.625, 70.375, 1.3093558911649617e-23, nan 
57.875, 70.375, 9.37536544842001e-24, nan 
58.125, 70.375, 6.331940259363324e-24, nan 
58.375, 70.375, 9.596765335525677e-24, nan 
58.625, 70.375, 9.583666299571912e-24, nan 
58.875, 70.375, 8.601682656113736e-24, nan 
59.125, 70.375, 1.0511579826216351e-23, nan 
59.375, 70.375, 1.4179667278389095e-23, nan 
59.625, 70.375, 1.506828540180833e-23, nan 
59.875, 70.375, 4.881740143960745e-24, nan 
60.125, 70.375, 6.054107497356718e-24, nan 
60.375, 70.375, 6.280662007315576e-24, nan 
60.625, 70.375, 5.9066396537360214e-24, nan 
60.875, 70.375, 5.887044772804845e-24, nan 
61.125, 70.375, 8.54521220253398e-24, nan 
61.375, 70.375, 9.778732146455144e-24, nan 
61.625, 70.375, 1.0512410082794e-23, nan 
61.875, 70.375, 7.839951147308496e-24, nan 
62.125, 70.375, 7.680042469994331e-24, nan 
62.375, 70.375, 7.537841303244126e-24, nan 
62.625, 70.375, 5.549470975043991e-24, nan 
62.875, 70.375, 4.9966002330250965e-24, nan 
63.125, 70.375, 3.643913186671024e-24, nan 
63.375, 70.375, 4.269437582520168e-24, nan 
63.625, 70.375, 6.517013074651087e-24, nan 
63.875, 70.375, 7.699974040380949e-24, nan 
64.125, 70.375, 9.330027037657845e-24, nan 
64.375, 70.375, 7.85538945887367e-24, nan 
64.625, 70.375, 7.115990283355479e-24, nan 
64.875, 70.375, 6.516300767056074e-24, nan 
65.125, 70.375, 4.751238896793263e-24, nan 
65.375, 70.375, 5.958033938746801e-24, nan 
65.625, 70.375, 2.2607046141325317e-24, nan 
65.875, 70.375, 5.088116410367543e-24, nan 
66.125, 70.375, 5.923116860403446e-24, nan 
66.375, 70.375, 1.5361017000660486e-24, nan 
66.625, 70.375, 3.674980514526701e-24, nan 
66.875, 70.375, 6.467794474398566e-24, nan 
67.125, 70.375, 3.415301182375405e-24, nan 
67.375, 70.375, 4.645175694578335e-24, nan 
67.625, 70.375, 1.7819156125902642e-24, nan 
67.875, 70.375, 3.212277315362742e-24, nan 
68.125, 70.375, 4.5251701263798784e-24, nan 
68.375, 70.375, 3.2852573425998415e-24, nan 
68.625, 70.375, 2.7458639614876554e-24, nan 
68.875, 70.375, 3.029400609808657e-24, nan 
69.125, 70.375, 2.7696978792416937e-24, nan 
69.375, 70.375, 2.8587339940177756e-24, nan 
69.625, 70.375, 4.8645411559439975e-24, nan 
69.875, 70.375, 3.348756716948249e-24, nan 
70.125, 70.375, 1.8936633698586447e-24, nan 
70.375, 70.375, 1.7690522756231275e-24, nan 
70.625, 70.375, 4.353263684473273e-24, nan 
70.875, 70.375, 2.2336661346640853e-24, nan 
71.125, 70.375, 3.0720935934698387e-24, nan 
71.375, 70.375, 2.953265387801868e-24, nan 
71.625, 70.375, 2.4627128124636318e-24, nan 
71.875, 70.375, 2.7227157631137366e-24, nan 
72.125, 70.375, 2.828131097839441e-24, nan 
72.375, 70.375, 1.5411377452820235e-24, nan 
72.625, 70.375, 3.920668114224306e-24, nan 
72.875, 70.375, 4.797719120992546e-24, nan 
73.125, 70.375, 1.6144994663408665e-24, nan 
73.375, 70.375, 4.5514024401577055e-24, nan 
73.625, 70.375, 6.110003098035056e-24, nan 
-147.375, 70.625, 1.8838571284110966e-24, nan 
-147.125, 70.625, 2.448981570371922e-24, nan 
-146.875, 70.625, 1.5108360260534366e-24, nan 
-146.625, 70.625, 1.3705385545555269e-24, nan 
-146.375, 70.625, 1.6806848090334968e-24, nan 
-146.125, 70.625, 1.8946412713345473e-24, nan 
-145.875, 70.625, 3.651602751474733e-24, nan 
-145.625, 70.625, 3.780866691609765e-24, nan 
-145.375, 70.625, 3.027088664044028e-24, nan 
-145.125, 70.625, 2.133746403912717e-24, nan 
-144.875, 70.625, 1.6369999769181666e-24, nan 
-144.625, 70.625, 1.3773011168886558e-24, nan 
-144.375, 70.625, 2.447425605176668e-24, nan 
-144.125, 70.625, 3.747979135061086e-24, nan 
-143.875, 70.625, 3.0281846221457074e-24, nan 
-143.625, 70.625, 2.098858173515226e-24, nan 
-143.375, 70.625, 3.3022272877464667e-24, nan 
-143.125, 70.625, 2.8705791370292966e-24, nan 
-142.875, 70.625, 1.4107534908688408e-24, nan 
-142.625, 70.625, 3.471164906026979e-24, nan 
-142.375, 70.625, 6.278858923816123e-24, nan 
-142.125, 70.625, 5.798454343268247e-24, nan 
-141.875, 70.625, 5.648936068052425e-24, nan 
-141.625, 70.625, 6.477224622602178e-24, nan 
-141.375, 70.625, 4.5126910376392506e-24, nan 
-141.125, 70.625, 2.9690032163236112e-24, nan 
-140.875, 70.625, 3.770714442089397e-24, nan 
-140.625, 70.625, 3.933546418685703e-24, nan 
-140.375, 70.625, 2.7513275235648272e-24, nan 
-140.125, 70.625, 5.010763244722894e-24, nan 
-139.875, 70.625, 7.351418645648772e-24, nan 
-139.625, 70.625, 3.909898963054943e-24, nan 
-139.375, 70.625, 6.359721473073406e-24, nan 
-139.125, 70.625, 6.962842802102374e-24, nan 
-138.875, 70.625, 5.192468139088578e-24, nan 
-138.625, 70.625, 5.590714248157813e-24, nan 
-138.375, 70.625, 3.833619543635166e-24, nan 
-138.125, 70.625, 4.818619249075025e-24, nan 
-137.875, 70.625, 2.253876337537997e-24, nan 
-137.625, 70.625, 1.996795825612825e-24, nan 
-137.375, 70.625, 3.316790658116095e-24, nan 
-137.125, 70.625, 4.907281944640134e-24, nan 
-136.875, 70.625, 4.0748686649033496e-24, nan 
-136.625, 70.625, 5.171928997035114e-24, nan 
-136.375, 70.625, 1.739290401261606e-24, nan 
-136.125, 70.625, 3.2515640123231118e-24, nan 
-135.875, 70.625, 8.081938407493764e-24, nan 
-135.625, 70.625, 8.576513596225833e-24, nan 
-135.375, 70.625, 5.3298774848331645e-24, nan 
-135.125, 70.625, 3.478128766347976e-24, nan 
-134.875, 70.625, 1.0892397803862288e-23, nan 
-134.625, 70.625, 1.1987155347733597e-23, nan 
-134.375, 70.625, 6.003752029956282e-24, nan 
-134.125, 70.625, 1.144701602402445e-23, nan 
-133.875, 70.625, 1.6706509992530692e-23, nan 
-133.625, 70.625, 1.0024777389082862e-23, nan 
-133.375, 70.625, 4.5408026123665264e-24, nan 
-133.125, 70.625, 1.223911305541879e-23, nan 
-132.875, 70.625, 9.363362582692467e-24, nan 
-132.625, 70.625, 5.919269970822767e-24, nan 
-132.375, 70.625, 7.387696937632044e-24, nan 
-132.125, 70.625, 7.939912586467987e-24, nan 
-131.875, 70.625, 7.276986546323748e-24, nan 
-131.625, 70.625, 6.705784822482227e-24, nan 
-131.375, 70.625, 4.639183999106271e-24, nan 
-131.125, 70.625, 4.595020622027436e-24, nan 
-130.875, 70.625, 5.6258317247231544e-24, nan 
-130.625, 70.625, 4.786492986897167e-24, nan 
-130.375, 70.625, 4.566422455863853e-24, nan 
-130.125, 70.625, 3.23515105001629e-24, nan 
-129.875, 70.625, 3.0644548428403877e-24, nan 
-129.625, 70.625, 3.3298298357981585e-24, nan 
-129.375, 70.625, 3.7767125694936705e-24, nan 
-129.125, 70.625, 3.10871321587401e-24, nan 
-128.875, 70.625, 3.376430269227418e-24, nan 
-128.625, 70.625, 5.382199281904056e-24, nan 
-128.375, 70.625, 6.631023832718958e-24, nan 
-128.125, 70.625, 5.9899070699640874e-24, nan 
-127.875, 70.625, 4.82192031889593e-24, nan 
-127.625, 70.625, 5.962665341873553e-24, nan 
-127.375, 70.625, 6.685292053213144e-24, nan 
-127.125, 70.625, 6.41805847380618e-24, nan 
-126.875, 70.625, 5.090031577524463e-24, nan 
-126.625, 70.625, 5.058574587064672e-24, nan 
-126.375, 70.625, 5.525980662140707e-24, nan 
-126.125, 70.625, 6.168467932109802e-24, nan 
-125.875, 70.625, 6.519237043982786e-24, nan 
-125.625, 70.625, 9.001359596363676e-24, nan 
-125.375, 70.625, 7.030086612340362e-24, nan 
-125.125, 70.625, 8.278735529892395e-24, nan 
-124.875, 70.625, 9.801867441327722e-24, nan 
-124.625, 70.625, 8.64630390490367e-24, nan 
-124.375, 70.625, 7.513087279835529e-24, nan 
-124.125, 70.625, 1.3351234317171918e-23, nan 
-123.875, 70.625, 1.6845524132373894e-23, nan 
-123.625, 70.625, 1.9707138280224766e-23, nan 
-123.375, 70.625, 2.023180472496249e-23, nan 
-123.125, 70.625, 1.772942172107653e-23, nan 
-122.875, 70.625, 1.7498533443349872e-23, nan 
-122.625, 70.625, 1.8272413165965088e-23, nan 
-122.375, 70.625, 8.354127298982865e-24, nan 
-122.125, 70.625, 1.0547078509048028e-23, nan 
-121.875, 70.625, 1.3759652340295706e-23, nan 
-121.625, 70.625, 1.4491080600521143e-23, nan 
-121.375, 70.625, 1.1704272788728826e-23, nan 
-121.125, 70.625, 1.2469205025766503e-23, nan 
-120.875, 70.625, 1.7997455159246772e-23, nan 
-120.625, 70.625, 1.3324217013385293e-23, nan 
-120.375, 70.625, 4.0716139563731275e-24, nan 
-120.125, 70.625, 8.285154261570746e-24, nan 
-119.875, 70.625, 8.550025151308046e-24, nan 
-119.625, 70.625, 4.784656908179292e-24, nan 
-119.375, 70.625, 7.779250773310778e-24, nan 
-119.125, 70.625, 1.0628081423112294e-23, nan 
-118.875, 70.625, 9.97320518930343e-24, nan 
-118.625, 70.625, 9.247718837457857e-24, nan 
-118.375, 70.625, 9.574316596285812e-24, nan 
-118.125, 70.625, 1.1094523192023113e-23, nan 
-117.875, 70.625, 8.081162361356302e-24, nan 
-117.625, 70.625, 3.843513766698856e-24, nan 
-117.375, 70.625, 6.922152709112964e-24, nan 
-117.125, 70.625, 7.741693856777272e-24, nan 
-116.875, 70.625, 5.284691756305565e-24, nan 
-116.625, 70.625, 3.2836955169452753e-24, nan 
-116.375, 70.625, 4.385624152575963e-24, nan 
-116.125, 70.625, 7.882374726856838e-24, nan 
-115.875, 70.625, 7.815712982814923e-24, nan 
-115.625, 70.625, 7.182173068970785e-24, nan 
-115.375, 70.625, 8.239250880073781e-24, nan 
-115.125, 70.625, 6.705735659125676e-24, nan 
-114.875, 70.625, 5.880420752861325e-24, nan 
-114.625, 70.625, 5.888412122732403e-24, nan 
-114.375, 70.625, 4.318808744254214e-24, nan 
-114.125, 70.625, 4.0688534881858206e-24, nan 
-113.875, 70.625, 1.0103849996766836e-23, nan 
-113.625, 70.625, 4.886210904200383e-24, nan 
-113.375, 70.625, 4.389326572818306e-24, nan 
-113.125, 70.625, 7.805015890857295e-24, nan 
-112.875, 70.625, 7.65623959611897e-24, nan 
-112.625, 70.625, 4.502339673549335e-24, nan 
-112.375, 70.625, 4.347910991190297e-24, nan 
-112.125, 70.625, 1.2594605059671118e-23, nan 
-111.875, 70.625, 1.0219772030357788e-23, nan 
-111.625, 70.625, 6.681735059391131e-24, nan 
-111.375, 70.625, 1.0016656994445523e-23, nan 
-111.125, 70.625, 1.2285803747203326e-23, nan 
-110.875, 70.625, 8.160799707545049e-24, nan 
-110.625, 70.625, 1.5018722114802032e-23, nan 
-110.375, 70.625, 1.18211471873944e-23, nan 
-110.125, 70.625, 4.67519982910021e-24, nan 
-109.875, 70.625, 1.0932469766340134e-23, nan 
-109.625, 70.625, 1.0004775114783044e-23, nan 
-109.375, 70.625, 5.977177041987908e-24, nan 
-109.125, 70.625, 7.118134498082824e-24, nan 
-108.875, 70.625, 1.3405447476227325e-23, nan 
-108.625, 70.625, 1.3169616993914541e-23, nan 
-108.375, 70.625, 1.1993230782415717e-23, nan 
-108.125, 70.625, 1.2445625787676081e-23, nan 
-107.875, 70.625, 1.4573301627703973e-23, nan 
-107.625, 70.625, 1.3885024126181317e-23, nan 
-107.375, 70.625, 1.4001389108370577e-23, nan 
-107.125, 70.625, 9.48708896807081e-24, nan 
-106.875, 70.625, 6.250907027529717e-24, nan 
-106.625, 70.625, 1.4235023684793508e-23, nan 
-106.375, 70.625, 1.2551304435534301e-23, nan 
-106.125, 70.625, 1.20659254941741e-23, nan 
-105.875, 70.625, 9.707675225456242e-24, nan 
-105.625, 70.625, 8.489798120900481e-24, nan 
-105.375, 70.625, 6.2888421513953845e-24, nan 
-105.125, 70.625, 7.141250303181702e-24, nan 
-104.875, 70.625, 8.855523780476468e-24, nan 
-104.625, 70.625, 1.0456974515006198e-23, nan 
-104.375, 70.625, 1.1141291297014144e-23, nan 
-104.125, 70.625, 8.667293038693928e-24, nan 
-103.875, 70.625, 8.878199431401209e-24, nan 
-103.625, 70.625, 1.0079270369647827e-23, nan 
-103.375, 70.625, 1.2792320916641417e-23, nan 
-103.125, 70.625, 1.467756753353764e-23, nan 
-102.875, 70.625, 1.5244484987724705e-23, nan 
-102.625, 70.625, 1.8628412266610503e-23, nan 
-102.375, 70.625, 2.2934320476718412e-23, nan 
-102.125, 70.625, 1.987478890962771e-23, nan 
-101.875, 70.625, 3.801560704781373e-23, nan 
-101.625, 70.625, 1.9505318906821268e-23, nan 
-101.375, 70.625, 2.8728154778458e-23, nan 
-101.125, 70.625, 3.339242583422312e-23, nan 
-100.875, 70.625, 2.2386094580366555e-23, nan 
-100.625, 70.625, 4.3254468531804567e-23, nan 
-100.375, 70.625, 4.0632370722022037e-23, nan 
-100.125, 70.625, 3.97026731272214e-23, nan 
-99.875, 70.625, 3.715003953666972e-23, nan 
-99.625, 70.625, 2.107749812521845e-23, nan 
-99.375, 70.625, 1.1876193508340662e-23, nan 
-99.125, 70.625, 1.596566956405962e-23, nan 
-98.875, 70.625, 2.163802082556629e-23, nan 
-98.625, 70.625, 2.5361594183238697e-23, nan 
-98.375, 70.625, 2.3253822125213197e-23, nan 
-98.125, 70.625, 3.2016211177394305e-23, nan 
-97.875, 70.625, 3.2446623877192097e-23, nan 
-97.625, 70.625, 2.9561174218995226e-23, nan 
-97.375, 70.625, 2.7868310866741307e-23, nan 
-97.125, 70.625, 2.7173506137012986e-23, nan 
-96.875, 70.625, 2.188917650051236e-23, nan 
-96.625, 70.625, 1.1400506449983907e-23, nan 
-96.375, 70.625, 2.011603747005376e-23, nan 
-96.125, 70.625, 2.278004719658865e-23, nan 
-95.875, 70.625, 1.4144537407177948e-23, nan 
-95.625, 70.625, 7.544180363840234e-24, nan 
-95.375, 70.625, 1.775226689901082e-23, nan 
-95.125, 70.625, 2.112487455548127e-23, nan 
-94.875, 70.625, 1.912682168878963e-23, nan 
-94.625, 70.625, 2.5120416185034512e-23, nan 
-94.375, 70.625, 4.019042674419839e-23, nan 
-94.125, 70.625, 4.928571929017669e-23, nan 
-93.875, 70.625, 2.276404983878181e-22, nan 
-93.625, 70.625, 2.9716751063971046e-22, nan 
-93.375, 70.625, 2.728254291153175e-22, nan 
-93.125, 70.625, 1.2326838258642364e-22, nan 
-92.875, 70.625, 7.873263596442093e-23, nan 
-92.625, 70.625, 2.846249524707357e-23, nan 
-92.375, 70.625, 2.4653688001405346e-23, nan 
-92.125, 70.625, 2.0406213139778014e-23, nan 
-91.875, 70.625, 2.4796942099607522e-23, nan 
-91.625, 70.625, 3.5256280156294956e-23, nan 
-91.375, 70.625, 3.768493584412544e-23, nan 
-91.125, 70.625, 3.1973395126623037e-23, nan 
-90.875, 70.625, 3.458853734259214e-23, nan 
-90.625, 70.625, 3.6320872080646065e-23, nan 
-90.375, 70.625, 2.300831924199129e-23, nan 
-90.125, 70.625, 1.993722154747575e-23, nan 
-89.875, 70.625, 1.6361794859476132e-23, nan 
-89.625, 70.625, 1.3825803636156314e-23, nan 
-89.375, 70.625, 1.381456558640169e-23, nan 
-89.125, 70.625, 1.3803280127441148e-23, nan 
-88.875, 70.625, 1.581954229049666e-23, nan 
-88.625, 70.625, 1.6450231427334798e-23, nan 
-88.375, 70.625, 2.2372034836261414e-23, nan 
-88.125, 70.625, 2.3312539990926945e-23, nan 
-87.875, 70.625, 1.6673108694119186e-23, nan 
-87.625, 70.625, 3.0587914640170313e-23, nan 
-87.375, 70.625, 2.896611237022959e-23, nan 
-87.125, 70.625, 3.271618070510185e-23, nan 
-86.875, 70.625, 3.372675362565097e-23, nan 
-86.625, 70.625, 3.325195038141925e-23, nan 
-86.375, 70.625, 3.841734073541182e-23, nan 
-86.125, 70.625, 4.27062244238918e-23, nan 
-85.875, 70.625, 5.121937873636285e-23, nan 
-85.625, 70.625, 3.9413757488964834e-23, nan 
-85.375, 70.625, 4.112867907866135e-23, nan 
-85.125, 70.625, 5.2559666130452184e-23, nan 
-84.875, 70.625, 3.520108668088242e-23, nan 
-84.625, 70.625, 2.402049940943478e-23, nan 
-84.375, 70.625, 2.4176282167834092e-23, nan 
-84.125, 70.625, 3.318734476412561e-23, nan 
-83.875, 70.625, 2.9996402614762885e-23, nan 
-83.625, 70.625, 2.9130880975354806e-23, nan 
-83.375, 70.625, 1.6051477714320908e-23, nan 
-83.125, 70.625, 1.9590867082258894e-23, nan 
-82.875, 70.625, 2.644166891037639e-23, nan 
-82.625, 70.625, 3.664529028477415e-23, nan 
-82.375, 70.625, 3.8053706943889615e-23, nan 
-82.125, 70.625, 3.7995433252355857e-23, nan 
-81.875, 70.625, 4.289519248598683e-23, nan 
-81.625, 70.625, 4.0760796631861025e-23, nan 
-81.375, 70.625, 3.53552710476044e-23, nan 
-81.125, 70.625, 3.178275590419168e-23, nan 
-80.875, 70.625, 3.3977023366670744e-23, nan 
-80.625, 70.625, 3.0138866774319285e-23, nan 
-80.375, 70.625, 2.1413333723207583e-23, nan 
-80.125, 70.625, 2.2161803380107078e-23, nan 
-79.875, 70.625, 3.4646821713296214e-23, nan 
-79.625, 70.625, 3.4490407070245014e-23, nan 
-79.375, 70.625, 3.723909906898406e-23, nan 
-79.125, 70.625, 3.3765168629450835e-23, nan 
-78.875, 70.625, 4.256942338724239e-23, nan 
-78.625, 70.625, 4.296489530822583e-23, nan 
-78.375, 70.625, 3.067844177490756e-23, nan 
-78.125, 70.625, 3.7022255059777706e-23, nan 
-77.875, 70.625, 5.694688540656369e-23, nan 
-77.625, 70.625, 8.382103609493774e-23, nan 
-77.375, 70.625, 6.94001055840939e-23, nan 
-77.125, 70.625, 9.844012177911226e-23, nan 
-76.875, 70.625, 7.177609453936281e-23, nan 
-76.625, 70.625, 6.220294167709548e-23, nan 
-76.375, 70.625, 3.771818284286961e-23, nan 
-76.125, 70.625, 3.4041668128110654e-23, nan 
-75.875, 70.625, 5.005230585713788e-23, nan 
-75.625, 70.625, 4.125185998563325e-23, nan 
-75.375, 70.625, 7.696928305297892e-23, nan 
-75.125, 70.625, 9.065901833277578e-23, nan 
-74.875, 70.625, 8.600575337651431e-23, nan 
-74.625, 70.625, 1.1060941090151958e-22, nan 
-74.375, 70.625, 1.4208329680884305e-22, nan 
-74.125, 70.625, 1.1995179426608349e-22, nan 
-73.875, 70.625, 5.668172392036558e-23, nan 
-73.625, 70.625, 5.062363015033963e-23, nan 
-73.375, 70.625, 3.615734727907535e-23, nan 
-73.125, 70.625, 3.578884157477677e-23, nan 
-72.875, 70.625, 4.971851607327444e-23, nan 
-72.625, 70.625, 4.051358116265266e-23, nan 
-72.375, 70.625, 5.1101834356899544e-23, nan 
-72.125, 70.625, 6.65328175775791e-23, nan 
-71.875, 70.625, 8.82991636506068e-23, nan 
-71.625, 70.625, 1.0387862715965687e-22, nan 
-71.375, 70.625, 7.732056099713026e-23, nan 
-71.125, 70.625, 1.30169300071357e-22, nan 
-70.875, 70.625, 9.590032007646949e-23, nan 
-70.625, 70.625, 6.486694184744389e-23, nan 
-70.375, 70.625, 5.47739333249671e-23, nan 
-70.125, 70.625, 6.590380929690218e-23, nan 
-69.875, 70.625, 5.508148863046948e-23, nan 
-69.625, 70.625, 5.367436311385521e-23, nan 
-69.375, 70.625, 5.0231582746048243e-23, nan 
-69.125, 70.625, 6.530398905503584e-23, nan 
-68.875, 70.625, 5.118054697481793e-23, nan 
-68.625, 70.625, 5.689964541595367e-23, nan 
-68.375, 70.625, 8.8328944974225e-23, nan 
-68.125, 70.625, 6.790537372730097e-23, nan 
-67.875, 70.625, 6.558795946676457e-23, nan 
-67.625, 70.625, 6.043236911820469e-23, nan 
-67.375, 70.625, 7.088063904126526e-23, nan 
-67.125, 70.625, 8.895370993389746e-23, nan 
-66.875, 70.625, 8.26254938820044e-23, nan 
-66.625, 70.625, 1.0912413146722342e-22, nan 
-66.375, 70.625, 8.982026346691069e-23, nan 
-66.125, 70.625, 1.1781683433764608e-22, nan 
-65.875, 70.625, 1.2327050629425837e-22, nan 
-65.625, 70.625, 8.965010041363093e-23, nan 
-65.375, 70.625, 1.0958178885781528e-22, nan 
-65.125, 70.625, 9.313264391813099e-23, nan 
-64.875, 70.625, 1.3283450362209118e-22, nan 
-64.625, 70.625, 1.2308697914651453e-22, nan 
-64.375, 70.625, 1.2327428142764804e-22, nan 
-64.125, 70.625, 1.112648615341832e-22, nan 
-63.875, 70.625, 1.5386683877599473e-22, nan 
-63.625, 70.625, 1.8152669682130649e-22, nan 
-63.375, 70.625, 1.653713118369667e-22, nan 
-63.125, 70.625, 1.7303067559680568e-22, nan 
-62.875, 70.625, 1.7144595079601636e-22, nan 
-62.625, 70.625, 2.376189508732449e-22, nan 
-62.375, 70.625, 2.9932302140263726e-22, nan 
-62.125, 70.625, 3.5315121246596667e-22, nan 
-61.875, 70.625, 2.50861495432333e-22, nan 
-61.625, 70.625, 2.1889439116507605e-22, nan 
-61.375, 70.625, 2.0684594424015582e-22, nan 
-61.125, 70.625, 2.695239965083871e-22, nan 
-60.875, 70.625, 2.5953835140257934e-22, nan 
-60.625, 70.625, 2.235615330332796e-22, nan 
-60.375, 70.625, 2.558205615036643e-22, nan 
-60.125, 70.625, 3.0704184344543765e-22, nan 
-59.875, 70.625, 1.9938301911382007e-22, nan 
-59.625, 70.625, 1.9981893037030546e-22, nan 
-59.375, 70.625, 3.406387742729928e-22, nan 
-59.125, 70.625, 2.501188742593107e-22, nan 
-58.875, 70.625, 4.747497519887336e-22, nan 
-58.625, 70.625, 7.06005540980681e-22, nan 
-58.375, 70.625, 5.229345288230127e-22, nan 
-58.125, 70.625, 3.6165057355982267e-22, nan 
-57.875, 70.625, 5.176017373717089e-22, nan 
-57.625, 70.625, 4.0829632755550787e-22, nan 
-57.375, 70.625, 2.1188930954926606e-22, nan 
-57.125, 70.625, 2.5001795186197657e-22, nan 
-56.875, 70.625, 1.8560162748135194e-22, nan 
-56.625, 70.625, 2.3595549215867457e-22, nan 
-56.375, 70.625, 2.336710976659342e-22, nan 
-56.125, 70.625, 3.017854906601906e-22, nan 
-55.875, 70.625, 2.383226325468661e-22, nan 
-55.625, 70.625, 2.492658758470741e-22, nan 
-55.375, 70.625, 2.0412513013264147e-22, nan 
-55.125, 70.625, 2.6256289817411724e-22, nan 
-54.875, 70.625, 2.4445170557140748e-22, nan 
-54.625, 70.625, 2.768096851129032e-22, nan 
-54.375, 70.625, 3.1231195667957965e-22, nan 
-54.125, 70.625, 2.500313417751352e-22, nan 
-53.875, 70.625, 2.9655585804728197e-22, nan 
-53.625, 70.625, 3.4888303677798944e-22, nan 
-53.375, 70.625, 1.9780600928229955e-22, nan 
-53.125, 70.625, 2.764236996290277e-22, nan 
-52.875, 70.625, 2.7654628152618214e-22, nan 
-52.625, 70.625, 2.737540319804036e-22, nan 
-52.375, 70.625, 3.7956142026896496e-22, nan 
-52.125, 70.625, 3.3079290950316105e-22, nan 
-51.875, 70.625, 4.745749353633654e-22, nan 
-51.625, 70.625, 5.902439985753933e-22, nan 
-51.375, 70.625, 5.526676951934908e-22, nan 
-51.125, 70.625, 6.682451884359105e-22, nan 
-50.875, 70.625, 6.440049276002236e-22, nan 
-50.625, 70.625, 7.258814611439481e-22, nan 
-50.375, 70.625, 9.925136093275018e-22, nan 
-50.125, 70.625, 6.753753912173797e-22, nan 
-49.875, 70.625, 6.101680726048226e-22, nan 
-49.625, 70.625, 6.361484002439113e-22, nan 
-49.375, 70.625, 7.68673985202389e-22, nan 
-49.125, 70.625, 5.943026088275358e-22, nan 
-48.875, 70.625, 5.977701738905552e-22, nan 
-48.625, 70.625, 1.5234058435524154e-21, nan 
-48.375, 70.625, 8.672289075392659e-22, nan 
-48.125, 70.625, 5.686834050428241e-22, nan 
-47.875, 70.625, 1.3001502418791343e-21, nan 
-47.625, 70.625, 8.977780349786652e-22, nan 
-47.375, 70.625, 4.1475667658021604e-22, nan 
-47.125, 70.625, 4.0116948870354095e-22, nan 
-46.875, 70.625, 4.438342322100472e-22, nan 
-46.625, 70.625, 8.463260905307764e-22, nan 
-46.375, 70.625, 1.0433937385367156e-21, nan 
-46.125, 70.625, 1.161489763135272e-21, nan 
-45.875, 70.625, 1.156625032263277e-21, nan 
-45.625, 70.625, 1.4235845680392265e-21, nan 
-45.375, 70.625, 1.5245213677647093e-21, nan 
-45.125, 70.625, 5.232441297517069e-22, nan 
-44.875, 70.625, 7.5085117246029395e-22, nan 
-44.625, 70.625, 6.700523004424025e-22, nan 
-44.375, 70.625, 1.0758258980437214e-21, nan 
-44.125, 70.625, 1.1672571057642832e-21, nan 
-43.875, 70.625, 1.828370752603355e-21, nan 
-43.625, 70.625, 2.084213303590097e-21, nan 
-43.375, 70.625, 2.3930051953613874e-21, nan 
-43.125, 70.625, 1.716333940338225e-21, nan 
-42.875, 70.625, 2.4287601921287413e-21, nan 
-42.625, 70.625, 1.1709206136550288e-21, nan 
-42.375, 70.625, 4.552836671278137e-22, nan 
-42.125, 70.625, 8.68324091275984e-22, nan 
-41.875, 70.625, 1.2008517483059604e-21, nan 
-41.625, 70.625, 6.235068271479106e-22, nan 
-41.375, 70.625, 1.1834598818329146e-21, nan 
-41.125, 70.625, 1.3446597116229378e-21, nan 
-40.875, 70.625, 1.9712194155181118e-21, nan 
-40.625, 70.625, 1.598662817778267e-21, nan 
-40.375, 70.625, 1.3806515791789125e-21, nan 
-40.125, 70.625, 1.5688794137027342e-21, nan 
-39.875, 70.625, 2.4043212480915993e-21, nan 
-39.625, 70.625, 1.8409726757787518e-21, nan 
-39.375, 70.625, 1.900026154050688e-21, nan 
-39.125, 70.625, 4.2649331336484365e-21, nan 
-38.875, 70.625, 3.751022696851491e-21, nan 
-38.625, 70.625, 2.8656962631782673e-21, nan 
-38.375, 70.625, 4.1873402253006605e-21, nan 
-38.125, 70.625, 4.2668284463341314e-21, nan 
-37.875, 70.625, 2.6950735698274708e-21, nan 
-37.625, 70.625, 1.8203019508093042e-21, nan 
-37.375, 70.625, 2.2232460455402325e-21, nan 
-37.125, 70.625, 3.0240685192435242e-21, nan 
-36.875, 70.625, 3.35130350829299e-21, nan 
-36.625, 70.625, 4.882313583361906e-21, nan 
-36.375, 70.625, 4.6063838716868675e-21, nan 
-36.125, 70.625, 3.757087397778562e-21, nan 
-35.875, 70.625, 5.6202719456315426e-21, nan 
-35.625, 70.625, 6.407430768740703e-21, nan 
-35.375, 70.625, 4.57084204369929e-21, nan 
-35.125, 70.625, 4.4025959404828316e-21, nan 
-34.875, 70.625, 5.173388393655444e-21, nan 
-34.625, 70.625, 4.289706493457962e-21, nan 
-34.375, 70.625, 4.4835582390546175e-21, nan 
-34.125, 70.625, 2.6368145431659916e-21, nan 
-33.875, 70.625, 2.0535608809507717e-21, nan 
-33.625, 70.625, 1.1433283092056984e-21, nan 
-33.375, 70.625, 8.079797960991559e-22, nan 
-33.125, 70.625, 2.279429424616962e-21, nan 
-32.875, 70.625, 2.9764401420270695e-21, nan 
-32.625, 70.625, 3.1838608862962148e-21, nan 
-32.375, 70.625, 1.7373314767483233e-21, nan 
-32.125, 70.625, 2.521652538541891e-21, nan 
-31.875, 70.625, 1.931780934585014e-21, nan 
-31.625, 70.625, 1.7584534115602294e-21, nan 
-31.375, 70.625, 2.784121084202005e-21, nan 
-31.125, 70.625, 6.3301319113528774e-21, nan 
-30.875, 70.625, 1.1905101830567677e-20, nan 
-30.625, 70.625, 1.0775609222443486e-20, nan 
-30.375, 70.625, 1.024341588441417e-20, nan 
-30.125, 70.625, 1.1929648726038182e-20, nan 
-29.875, 70.625, 1.0470265871164852e-20, nan 
-29.625, 70.625, 7.59530668460626e-21, nan 
-29.375, 70.625, 6.309287796708232e-21, nan 
-29.125, 70.625, 8.763201794992452e-21, nan 
-28.875, 70.625, 8.982112361416989e-21, nan 
-28.625, 70.625, 7.980410786526065e-21, nan 
-28.375, 70.625, 8.749921899532767e-21, nan 
-28.125, 70.625, 1.4069578628703883e-20, nan 
-27.875, 70.625, 1.4649330231673912e-20, nan 
-27.625, 70.625, 9.49026748531698e-21, nan 
-27.375, 70.625, 6.4040674818035666e-21, nan 
-27.125, 70.625, 4.87929906906619e-21, nan 
-26.875, 70.625, 3.2980321095934778e-21, nan 
-26.625, 70.625, 6.370394566676813e-21, nan 
-26.375, 70.625, 7.116220289873716e-21, nan 
-26.125, 70.625, 3.481370919168857e-21, nan 
-25.875, 70.625, 4.2794905454175045e-21, nan 
-25.625, 70.625, 5.430199119215407e-21, nan 
-25.375, 70.625, 4.691297903582257e-21, nan 
-25.125, 70.625, 1.23533565003799e-21, nan 
-24.875, 70.625, 9.79537103916073e-22, nan 
-24.625, 70.625, 1.6825791480012093e-21, nan 
-24.375, 70.625, 1.789085204167587e-21, nan 
-24.125, 70.625, 2.948045734847248e-21, nan 
-23.875, 70.625, 4.4449510587866985e-21, nan 
-23.625, 70.625, 3.400144399799133e-21, nan 
-23.375, 70.625, 3.134042329985267e-21, nan 
-23.125, 70.625, 3.469339068278774e-21, nan 
-22.875, 70.625, 4.545492067866802e-21, nan 
-22.625, 70.625, 8.521202243047708e-21, nan 
-22.375, 70.625, 6.241630520585892e-21, nan 
-22.125, 70.625, 3.49298877189252e-21, nan 
-21.875, 70.625, 2.4142572761072126e-21, nan 
-21.625, 70.625, 4.348982416513363e-21, nan 
-21.375, 70.625, 4.291873170050335e-21, nan 
-21.125, 70.625, 5.105444750452766e-21, nan 
-20.875, 70.625, 5.306394746846523e-21, nan 
-20.625, 70.625, 4.733340732890945e-21, nan 
-20.375, 70.625, 4.947945784056609e-21, nan 
-20.125, 70.625, 3.403111009212695e-21, nan 
-19.875, 70.625, 4.864848765431204e-21, nan 
-19.625, 70.625, 5.61264783955831e-21, nan 
-19.375, 70.625, 2.9947582217737076e-21, nan 
-19.125, 70.625, 9.915898554612955e-21, nan 
-18.875, 70.625, 1.684772925220447e-20, nan 
-18.625, 70.625, 7.627087183470894e-21, nan 
-18.375, 70.625, 1.1312988101320095e-20, nan 
-18.125, 70.625, 1.0358952014551976e-20, nan 
-17.875, 70.625, 5.326195625648359e-21, nan 
-17.625, 70.625, 4.569583779303443e-21, nan 
-17.375, 70.625, 5.698120764152833e-21, nan 
-17.125, 70.625, 2.0417621322394793e-21, nan 
-16.875, 70.625, 2.4254468448164453e-21, nan 
-16.625, 70.625, 4.3103511415350735e-21, nan 
-16.375, 70.625, 3.3035127173040182e-21, nan 
-16.125, 70.625, 3.698928924418411e-21, nan 
-15.875, 70.625, 2.2541841469038166e-21, nan 
-15.625, 70.625, 2.7430467904261086e-21, nan 
-15.375, 70.625, 2.7205989640188177e-21, nan 
-15.125, 70.625, 2.6908564860558613e-21, nan 
-14.875, 70.625, 2.6401628870249725e-21, nan 
-14.625, 70.625, 3.0884848003166253e-21, nan 
-14.375, 70.625, 4.1731543169096374e-21, nan 
-14.125, 70.625, 3.425591502826858e-21, nan 
-13.875, 70.625, 3.2740826584844834e-21, nan 
-13.625, 70.625, 3.150800326818202e-21, nan 
-13.375, 70.625, 4.544346872517068e-21, nan 
-13.125, 70.625, 3.2513874777637458e-21, nan 
-12.875, 70.625, 1.4732377015971275e-21, nan 
-12.625, 70.625, 1.3660350368143399e-21, nan 
-12.375, 70.625, 1.416513649540537e-21, nan 
-12.125, 70.625, 1.773356354971377e-21, nan 
-11.875, 70.625, 3.0193162662864423e-21, nan 
-11.625, 70.625, 4.333879370520357e-21, nan 
-11.375, 70.625, 2.405227028991989e-21, nan 
-11.125, 70.625, 3.202458412807034e-21, nan 
-10.875, 70.625, 4.027253682331153e-21, nan 
-10.625, 70.625, 4.504010138691389e-21, nan 
-10.375, 70.625, 4.465112804526098e-21, nan 
-10.125, 70.625, 4.191918736407761e-21, nan 
-9.875, 70.625, 8.185634099451107e-21, nan 
-9.625, 70.625, 9.405128735199014e-21, nan 
-9.375, 70.625, 1.3698317363395e-20, nan 
-9.125, 70.625, 1.1701773128703952e-20, nan 
-8.875, 70.625, 1.4227452592835933e-20, nan 
-8.625, 70.625, 1.5971751553849904e-20, nan 
-8.375, 70.625, 1.4343185916895232e-20, nan 
-8.125, 70.625, 1.6576852944737268e-20, nan 
-7.875, 70.625, 1.3428483142451128e-20, nan 
-7.625, 70.625, 1.0366438326730293e-20, nan 
-7.375, 70.625, 1.1303979735185068e-20, nan 
-7.125, 70.625, 1.3222949218205296e-20, nan 
-6.875, 70.625, 7.487349067052572e-21, nan 
-6.625, 70.625, 8.047326778800875e-21, nan 
-6.375, 70.625, 1.0160868803011854e-20, nan 
-6.125, 70.625, 3.421393841203946e-21, nan 
-5.875, 70.625, 1.6327531306466636e-21, nan 
-5.625, 70.625, 1.362169312326292e-21, nan 
-5.375, 70.625, 6.887872110372559e-22, nan 
-5.125, 70.625, 1.0216607198716077e-21, nan 
-4.875, 70.625, 1.1335438974457472e-21, nan 
-4.625, 70.625, 8.443413247690728e-22, nan 
-4.375, 70.625, 1.077510576720759e-21, nan 
-4.125, 70.625, 1.149572738333273e-21, nan 
-3.875, 70.625, 9.253972357576388e-22, nan 
-3.625, 70.625, 1.1429271913581876e-21, nan 
-3.375, 70.625, 1.2811878073478934e-21, nan 
-3.125, 70.625, 1.456941422370381e-21, nan 
-2.875, 70.625, 1.2606403570501326e-21, nan 
-2.625, 70.625, 1.4098716701338728e-21, nan 
-2.375, 70.625, 1.5016543209929358e-21, nan 
-2.125, 70.625, 9.93852273983774e-22, nan 
-1.875, 70.625, 8.214796420154542e-22, nan 
-1.625, 70.625, 5.455561900111642e-22, nan 
-1.375, 70.625, 4.312667173876665e-22, nan 
-1.125, 70.625, 5.329388260623765e-22, nan 
-0.875, 70.625, 4.640467744047934e-22, nan 
-0.625, 70.625, 9.614119205025126e-22, nan 
-0.375, 70.625, 1.2227514776134936e-21, nan 
-0.125, 70.625, 1.4319442041463261e-21, nan 
0.125, 70.625, 1.189708331900767e-21, nan 
0.375, 70.625, 1.3137429079913731e-21, nan 
0.625, 70.625, 1.463763403290705e-21, nan 
0.875, 70.625, 1.0234896291022807e-21, nan 
1.125, 70.625, 1.0078060954020034e-21, nan 
1.375, 70.625, 9.499814504084442e-22, nan 
1.625, 70.625, 1.0220954896761929e-21, nan 
1.875, 70.625, 7.510849871443718e-22, nan 
2.125, 70.625, 9.78959246955901e-22, nan 
2.375, 70.625, 1.0612172394324728e-21, nan 
2.625, 70.625, 1.000850638178715e-21, nan 
2.875, 70.625, 9.518750637320177e-22, nan 
3.125, 70.625, 9.256322584756387e-22, nan 
3.375, 70.625, 9.69769652595077e-22, nan 
3.625, 70.625, 6.124590370299126e-22, nan 
3.875, 70.625, 3.324351033304117e-22, nan 
4.125, 70.625, 3.1303096854419632e-22, nan 
4.375, 70.625, 4.725185222614287e-22, nan 
4.625, 70.625, 1.0053313308959835e-21, nan 
4.875, 70.625, 8.159497083228017e-22, nan 
5.125, 70.625, 8.45674473087633e-22, nan 
5.375, 70.625, 6.794642699372744e-22, nan 
5.625, 70.625, 5.81207051998967e-22, nan 
5.875, 70.625, 5.22400108885333e-22, nan 
6.125, 70.625, 1.5410926071556363e-22, nan 
6.375, 70.625, 2.2247471073816484e-22, nan 
6.625, 70.625, 1.477049443802911e-22, nan 
6.875, 70.625, 1.052981117778251e-22, nan 
7.125, 70.625, 2.1337627095931064e-22, nan 
7.375, 70.625, 2.7611135807949693e-22, nan 
7.625, 70.625, 3.3625453926070037e-22, nan 
7.875, 70.625, 4.689581392841808e-22, nan 
8.125, 70.625, 4.312202186523486e-22, nan 
8.375, 70.625, 4.683803775699883e-22, nan 
8.625, 70.625, 5.167248088437883e-22, nan 
8.875, 70.625, 4.387745998222803e-22, nan 
9.125, 70.625, 3.08227515042016e-22, nan 
9.375, 70.625, 2.594150768388426e-22, nan 
9.625, 70.625, 4.401261888518024e-22, nan 
9.875, 70.625, 1.8217045525854896e-22, nan 
10.125, 70.625, 1.3884556885503146e-22, nan 
10.375, 70.625, 1.841522439759524e-22, nan 
10.625, 70.625, 1.3241618599650868e-22, nan 
10.875, 70.625, 1.086386179931675e-22, nan 
11.125, 70.625, 2.8217326675288786e-22, nan 
11.375, 70.625, 2.327065676668539e-22, nan 
11.625, 70.625, 1.8531131294914263e-22, nan 
11.875, 70.625, 2.0773314899154247e-22, nan 
12.125, 70.625, 1.9164533497656315e-22, nan 
12.375, 70.625, 1.9043018768480467e-22, nan 
12.625, 70.625, 1.2133496874370725e-22, nan 
12.875, 70.625, 8.623319311517964e-23, nan 
13.125, 70.625, 1.031555357203579e-22, nan 
13.375, 70.625, 9.972176609351365e-23, nan 
13.625, 70.625, 1.1891110686150274e-22, nan 
13.875, 70.625, 1.6125308917381263e-22, nan 
14.125, 70.625, 7.571047546486897e-23, nan 
14.375, 70.625, 1.3036537781557716e-22, nan 
14.625, 70.625, 9.550782986791475e-23, nan 
14.875, 70.625, 1.2068317702224458e-22, nan 
15.125, 70.625, 1.4554542966575524e-22, nan 
15.375, 70.625, 1.017440984912891e-22, nan 
15.625, 70.625, 1.1395772810683556e-22, nan 
15.875, 70.625, 7.235570512725457e-23, nan 
16.125, 70.625, 7.351215948378067e-23, nan 
16.375, 70.625, 8.58937265318683e-23, nan 
16.625, 70.625, 1.4570819078404274e-22, nan 
16.875, 70.625, 8.331281155501563e-23, nan 
17.125, 70.625, 1.068920646386172e-22, nan 
17.375, 70.625, 9.5834741096672e-23, nan 
17.625, 70.625, 1.0816427983896723e-22, nan 
17.875, 70.625, 1.6908059076384916e-22, nan 
18.125, 70.625, 2.52635734803281e-22, nan 
18.375, 70.625, 3.958027377706875e-22, nan 
18.625, 70.625, 3.7377441685616928e-22, nan 
18.875, 70.625, 1.846467307708517e-22, nan 
19.125, 70.625, 1.1225453400856758e-22, nan 
19.375, 70.625, 8.030622899018525e-23, nan 
19.625, 70.625, 8.014644419727399e-23, nan 
19.875, 70.625, 5.793994743250135e-23, nan 
20.125, 70.625, 8.30431614063712e-23, nan 
20.375, 70.625, 8.428411538374215e-23, nan 
20.625, 70.625, 8.337056489875152e-23, nan 
20.875, 70.625, 8.570564295098533e-23, nan 
21.125, 70.625, 9.895952845157083e-23, nan 
21.375, 70.625, 1.063710712780057e-22, nan 
21.625, 70.625, 9.385860822349525e-23, nan 
21.875, 70.625, 8.767811352546877e-23, nan 
22.125, 70.625, 7.807948634009078e-23, nan 
22.375, 70.625, 7.883154126032419e-23, nan 
22.625, 70.625, 8.857344345451669e-23, nan 
22.875, 70.625, 8.975669813364004e-23, nan 
23.125, 70.625, 8.387395398063866e-23, nan 
23.375, 70.625, 3.0147501465856607e-23, nan 
23.625, 70.625, 4.7370011857122546e-23, nan 
23.875, 70.625, 2.6332879024467956e-23, nan 
24.125, 70.625, 4.277520274901285e-23, nan 
24.375, 70.625, 3.7024909702348533e-23, nan 
24.625, 70.625, 4.030682751804044e-23, nan 
24.875, 70.625, 8.954918149156546e-23, nan 
25.125, 70.625, 1.2225544620150394e-22, nan 
25.375, 70.625, 9.370422031608563e-23, nan 
25.625, 70.625, 1.0373598644940159e-22, nan 
25.875, 70.625, 1.2578361750989757e-22, nan 
26.125, 70.625, 1.112685445300947e-22, nan 
26.375, 70.625, 8.872867395248393e-23, nan 
26.625, 70.625, 1.138881942677403e-22, nan 
26.875, 70.625, 5.0749736270273946e-23, nan 
27.125, 70.625, 2.044649141204991e-23, nan 
27.375, 70.625, 1.3944978987331397e-22, nan 
27.625, 70.625, 6.719793840020619e-23, nan 
27.875, 70.625, 1.899083562594653e-23, nan 
28.125, 70.625, 6.58988836591464e-23, nan 
28.375, 70.625, 2.694352164467996e-23, nan 
28.625, 70.625, 1.1666767660474614e-23, nan 
28.875, 70.625, 2.2993194426437407e-23, nan 
29.125, 70.625, 1.962229620370977e-23, nan 
29.375, 70.625, 1.984132792713404e-23, nan 
29.625, 70.625, 4.331201946727381e-23, nan 
29.875, 70.625, 3.7898223575215115e-23, nan 
30.125, 70.625, 4.5849655907747904e-23, nan 
30.375, 70.625, 5.639743208399435e-23, nan 
30.625, 70.625, 5.650036896956029e-23, nan 
30.875, 70.625, 8.234660487168752e-23, nan 
31.125, 70.625, 2.2701335789545394e-23, nan 
31.375, 70.625, 3.2876301442955564e-23, nan 
31.625, 70.625, 3.276253482201998e-23, nan 
31.875, 70.625, 1.4395638131479596e-23, nan 
32.125, 70.625, 2.277102013846788e-23, nan 
32.375, 70.625, 1.1540590488553249e-23, nan 
32.625, 70.625, 1.5628506004937352e-23, nan 
32.875, 70.625, 2.2940846488649333e-23, nan 
33.125, 70.625, 1.3336972715501114e-23, nan 
33.375, 70.625, 2.756088348794742e-23, nan 
33.625, 70.625, 2.20555477799477e-23, nan 
33.875, 70.625, 1.4415494858889377e-23, nan 
34.125, 70.625, 1.3616557212310534e-23, nan 
34.375, 70.625, 4.701343748671005e-24, nan 
34.625, 70.625, 1.7276277113540905e-23, nan 
34.875, 70.625, 1.768348790470115e-23, nan 
35.125, 70.625, 2.197314216590848e-23, nan 
35.375, 70.625, 1.632575587598939e-23, nan 
35.625, 70.625, 1.7705742565958016e-23, nan 
35.875, 70.625, 2.535573885560121e-23, nan 
36.125, 70.625, 1.7623794391198916e-23, nan 
36.375, 70.625, 1.53898654518958e-23, nan 
36.625, 70.625, 8.954272655066954e-24, nan 
36.875, 70.625, 2.344511772847931e-23, nan 
37.125, 70.625, 1.8200747968984808e-23, nan 
37.375, 70.625, 2.0916103406167538e-23, nan 
37.625, 70.625, 1.8873561015655768e-23, nan 
37.875, 70.625, 1.551964578396832e-23, nan 
38.125, 70.625, 2.0287332530434595e-23, nan 
38.375, 70.625, 1.882181872534338e-23, nan 
38.625, 70.625, 2.1363886047636108e-23, nan 
38.875, 70.625, 1.7356645554725597e-23, nan 
39.125, 70.625, 1.6743915818947794e-23, nan 
39.375, 70.625, 2.024425265053104e-23, nan 
39.625, 70.625, 1.498156357919711e-23, nan 
39.875, 70.625, 1.6681069409292084e-23, nan 
40.125, 70.625, 4.0778061468577195e-23, nan 
40.375, 70.625, 5.938983335188565e-23, nan 
40.625, 70.625, 7.200724832087655e-23, nan 
40.875, 70.625, 7.631364006138678e-23, nan 
41.125, 70.625, 1.0150873188315736e-22, nan 
41.375, 70.625, 9.917119217870771e-23, nan 
41.625, 70.625, 9.705548756370704e-23, nan 
41.875, 70.625, 7.116594111313486e-23, nan 
42.125, 70.625, 5.985329722709453e-23, nan 
42.375, 70.625, 5.270641975506676e-23, nan 
42.625, 70.625, 2.7901756573319445e-23, nan 
42.875, 70.625, 1.652774767967995e-23, nan 
43.125, 70.625, 2.1070148400093997e-23, nan 
43.375, 70.625, 1.0423127324367125e-23, nan 
43.625, 70.625, 1.1957705884381822e-23, nan 
43.875, 70.625, 2.0286926703672337e-23, nan 
44.125, 70.625, 8.727983110670784e-24, nan 
44.375, 70.625, 5.630604584865943e-24, nan 
44.625, 70.625, 1.0175705524206883e-23, nan 
44.875, 70.625, 1.2099336687085256e-23, nan 
45.125, 70.625, 7.898292604969208e-24, nan 
45.375, 70.625, 6.982904352903802e-24, nan 
45.625, 70.625, 6.488070237430063e-24, nan 
45.875, 70.625, 7.862890586086988e-24, nan 
46.125, 70.625, 5.5631024236044904e-24, nan 
46.375, 70.625, 2.9601878990447935e-24, nan 
46.625, 70.625, 6.978190248859183e-24, nan 
46.875, 70.625, 1.0353892098314955e-23, nan 
47.125, 70.625, 1.525105082717681e-23, nan 
47.375, 70.625, 1.2630971770021651e-23, nan 
47.625, 70.625, 1.2457821130373291e-23, nan 
47.875, 70.625, 1.6437251791235046e-23, nan 
48.125, 70.625, 1.205390017914489e-23, nan 
48.375, 70.625, 1.4119192987196877e-23, nan 
48.625, 70.625, 1.703739972342675e-23, nan 
48.875, 70.625, 1.3553547911916148e-23, nan 
49.125, 70.625, 1.728536792661074e-23, nan 
49.375, 70.625, 1.7566188632483575e-23, nan 
49.625, 70.625, 1.2130778919972074e-23, nan 
49.875, 70.625, 1.1065613509573762e-23, nan 
50.125, 70.625, 7.411752015591459e-24, nan 
50.375, 70.625, 7.050926020227935e-24, nan 
50.625, 70.625, 7.370908042682518e-24, nan 
50.875, 70.625, 8.437912202885402e-24, nan 
51.125, 70.625, 8.021968860345139e-24, nan 
51.375, 70.625, 8.505038383002208e-24, nan 
51.625, 70.625, 7.295741729940276e-24, nan 
51.875, 70.625, 6.95012727683738e-24, nan 
52.125, 70.625, 9.878996881842252e-24, nan 
52.375, 70.625, 8.792493659012784e-24, nan 
52.625, 70.625, 9.982934553077463e-24, nan 
52.875, 70.625, 1.0625948991987836e-23, nan 
53.125, 70.625, 1.094419109179462e-23, nan 
53.375, 70.625, 1.0855564679910547e-23, nan 
53.625, 70.625, 6.5178763210824345e-24, nan 
53.875, 70.625, 9.952903017516133e-24, nan 
54.125, 70.625, 8.895560159860256e-24, nan 
54.375, 70.625, 9.58776044012436e-24, nan 
54.625, 70.625, 1.060204984225098e-23, nan 
54.875, 70.625, 9.855438244049791e-24, nan 
55.125, 70.625, 1.1149077346464607e-23, nan 
55.375, 70.625, 5.811142745704813e-24, nan 
55.625, 70.625, 9.802463450413901e-24, nan 
55.875, 70.625, 6.994386567051267e-24, nan 
56.125, 70.625, 1.3756197667541322e-23, nan 
56.375, 70.625, 1.3987010463484464e-23, nan 
56.625, 70.625, 8.49084750360406e-24, nan 
56.875, 70.625, 3.0572355824163135e-23, nan 
57.125, 70.625, 1.5208791498712848e-23, nan 
57.375, 70.625, 1.4098486863110442e-23, nan 
57.625, 70.625, 3.757215591116697e-23, nan 
57.875, 70.625, 1.1140650032303578e-23, nan 
58.125, 70.625, 1.385913412333232e-23, nan 
58.375, 70.625, 2.309675459861076e-23, nan 
58.625, 70.625, 2.0646969604718513e-23, nan 
58.875, 70.625, 2.3350224925118728e-23, nan 
59.125, 70.625, 1.9615061081141894e-23, nan 
59.375, 70.625, 2.6832974080479675e-23, nan 
59.625, 70.625, 3.1955660317975846e-23, nan 
59.875, 70.625, 1.687033294970282e-23, nan 
60.125, 70.625, 1.2116270629622063e-23, nan 
60.375, 70.625, 9.805849440398575e-24, nan 
60.625, 70.625, 2.7910193925621013e-24, nan 
60.875, 70.625, 6.616860422943179e-24, nan 
61.125, 70.625, 7.189682292100786e-24, nan 
61.375, 70.625, 6.414289293932344e-24, nan 
61.625, 70.625, 8.257388239595387e-24, nan 
61.875, 70.625, 7.31554817848955e-24, nan 
62.125, 70.625, 6.64947598903131e-24, nan 
62.375, 70.625, 5.4725709463114676e-24, nan 
62.625, 70.625, 4.801854235621628e-24, nan 
62.875, 70.625, 2.390263946197529e-24, nan 
63.125, 70.625, 3.655528289457331e-24, nan 
63.375, 70.625, 1.8685060644356565e-24, nan 
63.625, 70.625, 3.3135410243171604e-24, nan 
63.875, 70.625, 4.7247338617556246e-24, nan 
64.125, 70.625, 4.46800544194722e-24, nan 
64.375, 70.625, 4.37701259601991e-24, nan 
64.625, 70.625, 5.634140917289187e-24, nan 
64.875, 70.625, 6.557226026070435e-24, nan 
65.125, 70.625, 4.438124280352741e-24, nan 
65.375, 70.625, 4.9825398340248835e-24, nan 
65.625, 70.625, 4.006622931117857e-24, nan 
65.875, 70.625, 6.1621484009080286e-24, nan 
66.125, 70.625, 5.36232328871796e-24, nan 
66.375, 70.625, 2.1581345973430176e-24, nan 
66.625, 70.625, 5.4303917396070426e-24, nan 
66.875, 70.625, 4.5656153133703386e-24, nan 
67.125, 70.625, 3.550562294644377e-24, nan 
67.375, 70.625, 3.890956853303296e-24, nan 
67.625, 70.625, 3.697812934420563e-24, nan 
67.875, 70.625, 3.474289571578806e-24, nan 
68.125, 70.625, 4.007615426638717e-24, nan 
68.375, 70.625, 5.649480322334915e-24, nan 
68.625, 70.625, 4.619503109916354e-24, nan 
68.875, 70.625, 3.4503091906854e-24, nan 
69.125, 70.625, 3.0102613248019336e-24, nan 
69.375, 70.625, 4.095796741383059e-24, nan 
69.625, 70.625, 4.846304094841172e-24, nan 
69.875, 70.625, 3.40926737955185e-24, nan 
70.125, 70.625, 2.5346910394514876e-24, nan 
70.375, 70.625, 2.9711368042351226e-24, nan 
70.625, 70.625, 4.027168100968171e-24, nan 
70.875, 70.625, 2.115914702222765e-24, nan 
71.125, 70.625, 2.787527070031476e-24, nan 
71.375, 70.625, 3.361376873278919e-24, nan 
71.625, 70.625, 4.1272804664987156e-24, nan 
71.875, 70.625, 3.7455044363928725e-24, nan 
72.125, 70.625, 3.4003459805453865e-24, nan 
72.375, 70.625, 3.763090294862199e-24, nan 
72.625, 70.625, 4.046621468172251e-24, nan 
72.875, 70.625, 1.7229621418126814e-24, nan 
73.125, 70.625, 1.3345148316105577e-24, nan 
73.375, 70.625, 2.9766690892416868e-24, nan 
73.625, 70.625, 3.583603028064602e-24, nan 
73.875, 70.625, 2.1175172526510547e-24, nan 
74.125, 70.625, 2.385162810671326e-24, nan 
74.375, 70.625, 3.235482003127892e-24, nan 
74.625, 70.625, 4.902704022785747e-24, nan 
74.875, 70.625, 3.123794035636066e-24, nan 
-148.625, 70.875, 3.2275292287192218e-24, nan 
-148.375, 70.875, 3.146513111595008e-24, nan 
-148.125, 70.875, 2.079958904134767e-24, nan 
-147.875, 70.875, 3.5293494214006776e-24, nan 
-147.625, 70.875, 4.2206730106155674e-24, nan 
-147.375, 70.875, 2.367882493795483e-24, nan 
-147.125, 70.875, 3.1067780061217098e-24, nan 
-146.875, 70.875, 3.002617840081994e-24, nan 
-146.625, 70.875, 1.4317037037573835e-24, nan 
-146.375, 70.875, 2.0665059420976014e-24, nan 
-146.125, 70.875, 3.504651476665913e-24, nan 
-145.875, 70.875, 1.6966116214186698e-24, nan 
-145.625, 70.875, 2.7808784027376304e-24, nan 
-145.375, 70.875, 3.8010763781173326e-24, nan 
-145.125, 70.875, 2.078101799646939e-24, nan 
-144.875, 70.875, 2.8653570562949072e-24, nan 
-144.625, 70.875, 2.7102089874081362e-24, nan 
-144.375, 70.875, 1.6421719931555766e-24, nan 
-144.125, 70.875, 3.1152812371817235e-24, nan 
-143.875, 70.875, 3.675188733703418e-24, nan 
-143.625, 70.875, 3.836322585662097e-24, nan 
-143.375, 70.875, 3.658760512716013e-24, nan 
-143.125, 70.875, 8.08707261511764e-24, nan 
-142.875, 70.875, 7.502432855833107e-24, nan 
-142.625, 70.875, 7.63315442321195e-24, nan 
-142.375, 70.875, 6.5982561564348654e-24, nan 
-142.125, 70.875, 4.7315900669481936e-24, nan 
-141.875, 70.875, 4.9118190438770655e-24, nan 
-141.625, 70.875, 6.583264056487177e-24, nan 
-141.375, 70.875, 4.47964732934479e-24, nan 
-141.125, 70.875, 4.063846998414477e-24, nan 
-140.875, 70.875, 5.3433156038055404e-24, nan 
-140.625, 70.875, 4.075556111581644e-24, nan 
-140.375, 70.875, 6.5492537739033964e-24, nan 
-140.125, 70.875, 1.6545676553868204e-24, nan 
-139.875, 70.875, 4.904352436960283e-24, nan 
-139.625, 70.875, 3.6495079388826845e-24, nan 
-139.375, 70.875, 3.109583010674147e-24, nan 
-139.125, 70.875, 4.396494801618086e-24, nan 
-138.875, 70.875, 3.12994398848039e-24, nan 
-138.625, 70.875, 1.6722220100633952e-24, nan 
-138.375, 70.875, 2.7086156510939573e-24, nan 
-138.125, 70.875, 2.5354460974356644e-24, nan 
-137.875, 70.875, 2.0025380221381442e-24, nan 
-137.625, 70.875, 3.3344409642626105e-24, nan 
-137.375, 70.875, 3.596517504269102e-24, nan 
-137.125, 70.875, 1.878107545745308e-24, nan 
-136.875, 70.875, 2.3417983107185e-24, nan 
-136.625, 70.875, 4.916665461191775e-24, nan 
-136.375, 70.875, 6.653870699315405e-24, nan 
-136.125, 70.875, 5.45403148277462e-24, nan 
-135.875, 70.875, 7.175130771028586e-24, nan 
-135.625, 70.875, 1.3230839019794315e-23, nan 
-135.375, 70.875, 1.3019459635996095e-23, nan 
-135.125, 70.875, 8.949440394451207e-24, nan 
-134.875, 70.875, 7.984731677843778e-24, nan 
-134.625, 70.875, 1.0380273926498006e-23, nan 
-134.375, 70.875, 8.6908087971199e-24, nan 
-134.125, 70.875, 4.85430705563894e-24, nan 
-133.875, 70.875, 1.1270067283357563e-23, nan 
-133.625, 70.875, 1.2221391494158679e-23, nan 
-133.375, 70.875, 4.120857723249782e-24, nan 
-133.125, 70.875, 8.908448831300539e-24, nan 
-132.875, 70.875, 7.292661221563635e-24, nan 
-132.625, 70.875, 4.1454600470106145e-24, nan 
-132.375, 70.875, 2.4635543335090627e-24, nan 
-132.125, 70.875, 3.522304060005678e-24, nan 
-131.875, 70.875, 2.1249463884591643e-24, nan 
-131.625, 70.875, 3.650622439271648e-24, nan 
-131.375, 70.875, 3.2872877623117716e-24, nan 
-131.125, 70.875, 3.3589242270261295e-24, nan 
-130.875, 70.875, 3.932865088216019e-24, nan 
-130.625, 70.875, 4.1463332428021835e-24, nan 
-130.375, 70.875, 4.1294632875660215e-24, nan 
-130.125, 70.875, 3.991925537831475e-24, nan 
-129.875, 70.875, 4.453001698921646e-24, nan 
-129.625, 70.875, 5.071484837669828e-24, nan 
-129.375, 70.875, 3.140324668050651e-24, nan 
-129.125, 70.875, 3.5604118290622605e-24, nan 
-128.875, 70.875, 5.3591728402043065e-24, nan 
-128.625, 70.875, 4.760279979857373e-24, nan 
-128.375, 70.875, 3.502285137533616e-24, nan 
-128.125, 70.875, 3.871669021647806e-24, nan 
-127.875, 70.875, 6.539269616217516e-24, nan 
-127.625, 70.875, 5.1336046045653694e-24, nan 
-127.375, 70.875, 5.2351871360284265e-24, nan 
-127.125, 70.875, 7.629075607973167e-24, nan 
-126.875, 70.875, 5.434672948386072e-24, nan 
-126.625, 70.875, 5.4362375005708826e-24, nan 
-126.375, 70.875, 6.790398156797833e-24, nan 
-126.125, 70.875, 6.99382464173144e-24, nan 
-125.875, 70.875, 7.638943165661247e-24, nan 
-125.625, 70.875, 1.153669117894639e-23, nan 
-125.375, 70.875, 4.995822296557121e-24, nan 
-125.125, 70.875, 6.183868021800583e-24, nan 
-124.875, 70.875, 7.974873047094542e-24, nan 
-124.625, 70.875, 7.142803998294148e-24, nan 
-124.375, 70.875, 6.88292231020302e-24, nan 
-124.125, 70.875, 8.973238548893693e-24, nan 
-123.875, 70.875, 9.232925611259892e-24, nan 
-123.625, 70.875, 5.364747356689457e-24, nan 
-123.375, 70.875, 8.763495647577751e-24, nan 
-123.125, 70.875, 1.9210013736403794e-23, nan 
-122.875, 70.875, 2.2638092041129232e-23, nan 
-122.625, 70.875, 2.137144506596416e-23, nan 
-122.375, 70.875, 2.052524681161912e-23, nan 
-122.125, 70.875, 2.1072635341559156e-23, nan 
-121.875, 70.875, 1.7640010241235642e-23, nan 
-121.625, 70.875, 9.60329415884142e-24, nan 
-121.375, 70.875, 1.2757878635858153e-23, nan 
-121.125, 70.875, 1.0737925020344433e-23, nan 
-120.875, 70.875, 1.1440391046298887e-23, nan 
-120.625, 70.875, 1.0206832400195915e-23, nan 
-120.375, 70.875, 6.825895290327215e-24, nan 
-120.125, 70.875, 6.037623067586271e-24, nan 
-119.875, 70.875, 6.9702391855559e-24, nan 
-119.625, 70.875, 6.228846235707887e-24, nan 
-119.375, 70.875, 7.79712054445909e-24, nan 
-119.125, 70.875, 1.0328348637002271e-23, nan 
-118.875, 70.875, 1.0585869836562835e-23, nan 
-118.625, 70.875, 6.842634748294206e-24, nan 
-118.375, 70.875, 9.161820218443167e-24, nan 
-118.125, 70.875, 1.1792724717608628e-23, nan 
-117.875, 70.875, 8.245714581110785e-24, nan 
-117.625, 70.875, 6.3220923677894404e-24, nan 
-117.375, 70.875, 8.375618666623003e-24, nan 
-117.125, 70.875, 5.289307839798743e-24, nan 
-116.875, 70.875, 5.186802429580417e-24, nan 
-116.625, 70.875, 4.747403737016511e-24, nan 
-116.375, 70.875, 4.096559316192111e-24, nan 
-116.125, 70.875, 4.775389271718912e-24, nan 
-115.875, 70.875, 6.787201871711086e-24, nan 
-115.625, 70.875, 7.8087286189744e-24, nan 
-115.375, 70.875, 7.37541126986486e-24, nan 
-115.125, 70.875, 7.363877471683218e-24, nan 
-114.875, 70.875, 7.034551358444988e-24, nan 
-114.625, 70.875, 6.3839510659334435e-24, nan 
-114.375, 70.875, 6.4270584955005445e-24, nan 
-114.125, 70.875, 6.98006846798235e-24, nan 
-113.875, 70.875, 6.680668206807253e-24, nan 
-113.625, 70.875, 4.713064160025015e-24, nan 
-113.375, 70.875, 4.809516293669952e-24, nan 
-113.125, 70.875, 4.633209024230816e-24, nan 
-112.875, 70.875, 4.51549253354322e-24, nan 
-112.625, 70.875, 5.011459009061815e-24, nan 
-112.375, 70.875, 4.744627628294347e-24, nan 
-112.125, 70.875, 1.0210068567903024e-23, nan 
-111.875, 70.875, 1.2099814893344472e-23, nan 
-111.625, 70.875, 7.989743816149611e-24, nan 
-111.375, 70.875, 1.3239425713158673e-23, nan 
-111.125, 70.875, 2.551589973094273e-23, nan 
-110.875, 70.875, 1.4608353891688513e-23, nan 
-110.625, 70.875, 2.0843682722143441e-23, nan 
-110.375, 70.875, 1.0690714071934203e-23, nan 
-110.125, 70.875, 1.3029380382042954e-23, nan 
-109.875, 70.875, 1.3940205644666828e-23, nan 
-109.625, 70.875, 1.483795138271584e-23, nan 
-109.375, 70.875, 1.6823443342738086e-23, nan 
-109.125, 70.875, 2.4200489406480195e-23, nan 
-108.875, 70.875, 2.160876279499012e-23, nan 
-108.625, 70.875, 1.6640723071670805e-23, nan 
-108.375, 70.875, 1.586038373115951e-23, nan 
-108.125, 70.875, 1.4891786197523313e-23, nan 
-107.875, 70.875, 1.5987228563418868e-23, nan 
-107.625, 70.875, 1.702489115420243e-23, nan 
-107.375, 70.875, 1.3963710980345624e-23, nan 
-107.125, 70.875, 1.0196405451358949e-23, nan 
-106.875, 70.875, 1.4505769049766623e-23, nan 
-106.625, 70.875, 1.3120859425463716e-23, nan 
-106.375, 70.875, 1.156363234117586e-23, nan 
-106.125, 70.875, 8.886270765868311e-24, nan 
-105.875, 70.875, 7.901614182931081e-24, nan 
-105.625, 70.875, 7.447124769425903e-24, nan 
-105.375, 70.875, 6.182568441076238e-24, nan 
-105.125, 70.875, 7.320895476085902e-24, nan 
-104.875, 70.875, 8.830951213760279e-24, nan 
-104.625, 70.875, 1.0287258976926101e-23, nan 
-104.375, 70.875, 1.6281255165737977e-23, nan 
-104.125, 70.875, 1.3005056500666505e-23, nan 
-103.875, 70.875, 1.2384427972756246e-23, nan 
-103.625, 70.875, 1.2399734206016158e-23, nan 
-103.375, 70.875, 1.468056022955026e-23, nan 
-103.125, 70.875, 1.4178708743617058e-23, nan 
-102.875, 70.875, 1.320156029170586e-23, nan 
-102.625, 70.875, 1.3274229227560325e-23, nan 
-102.375, 70.875, 1.744364180305568e-23, nan 
-102.125, 70.875, 2.3983209541536533e-23, nan 
-101.875, 70.875, 2.751587089607532e-23, nan 
-101.625, 70.875, 3.1143659751023084e-23, nan 
-101.375, 70.875, 4.7673958975362953e-23, nan 
-101.125, 70.875, 4.396197751271484e-23, nan 
-100.875, 70.875, 4.02996558709895e-23, nan 
-100.625, 70.875, 3.75755752796018e-23, nan 
-100.375, 70.875, 4.636713428324588e-23, nan 
-100.125, 70.875, 6.042982231699456e-23, nan 
-99.875, 70.875, 4.2695925218081675e-23, nan 
-99.625, 70.875, 4.300188882987155e-23, nan 
-99.375, 70.875, 5.0008840263969775e-23, nan 
-99.125, 70.875, 3.2964094457326277e-23, nan 
-98.875, 70.875, 3.4210604792585256e-23, nan 
-98.625, 70.875, 3.9017356251706625e-23, nan 
-98.375, 70.875, 4.077359284852242e-23, nan 
-98.125, 70.875, 4.281401024130225e-23, nan 
-97.875, 70.875, 4.044103127911002e-23, nan 
-97.625, 70.875, 2.779825752207292e-23, nan 
-97.375, 70.875, 1.4701016334494108e-23, nan 
-97.125, 70.875, 1.6105617811255186e-23, nan 
-96.875, 70.875, 1.1462096144953657e-23, nan 
-96.625, 70.875, 3.698177854754983e-24, nan 
-96.375, 70.875, 1.9454428788944838e-23, nan 
-96.125, 70.875, 2.730325329042812e-23, nan 
-95.875, 70.875, 2.1125930536611057e-23, nan 
-95.625, 70.875, 9.79260180877001e-24, nan 
-95.375, 70.875, 1.711478966265058e-23, nan 
-95.125, 70.875, 2.0775176992292335e-23, nan 
-94.875, 70.875, 1.7227320639128896e-23, nan 
-94.625, 70.875, 2.465637788882686e-23, nan 
-94.375, 70.875, 2.0586128945497722e-23, nan 
-94.125, 70.875, 2.3238043009900546e-23, nan 
-93.875, 70.875, 3.3760391023756263e-23, nan 
-93.625, 70.875, 3.8700375379829344e-23, nan 
-93.375, 70.875, 3.108805863743614e-23, nan 
-93.125, 70.875, 3.8477757557091586e-23, nan 
-92.875, 70.875, 2.7998171868531197e-23, nan 
-92.625, 70.875, 3.1623782462780003e-23, nan 
-92.375, 70.875, 3.7698867313327794e-23, nan 
-92.125, 70.875, 3.9139124567071515e-23, nan 
-91.875, 70.875, 3.252017662576182e-23, nan 
-91.625, 70.875, 3.302246718083396e-23, nan 
-91.375, 70.875, 3.9222743164687127e-23, nan 
-91.125, 70.875, 3.07755892745207e-23, nan 
-90.875, 70.875, 2.3605127988507156e-23, nan 
-90.625, 70.875, 1.6190799831684407e-23, nan 
-90.375, 70.875, 2.0785928918047812e-23, nan 
-90.125, 70.875, 1.5748019161867037e-23, nan 
-89.875, 70.875, 1.4626987540489843e-23, nan 
-89.625, 70.875, 1.4751130252078113e-23, nan 
-89.375, 70.875, 1.5411011650571104e-23, nan 
-89.125, 70.875, 2.4607780105971682e-23, nan 
-88.875, 70.875, 2.872331430197959e-23, nan 
-88.625, 70.875, 2.732743418738818e-23, nan 
-88.375, 70.875, 6.857335350019916e-23, nan 
-88.125, 70.875, 7.211622975758606e-23, nan 
-87.875, 70.875, 3.682107439475742e-23, nan 
-87.625, 70.875, 5.400886914083074e-23, nan 
-87.375, 70.875, 5.67564942840007e-23, nan 
-87.125, 70.875, 3.2088952120199716e-23, nan 
-86.875, 70.875, 2.1225698829193557e-23, nan 
-86.625, 70.875, 3.124140168153622e-23, nan 
-86.375, 70.875, 3.7623068423196444e-23, nan 
-86.125, 70.875, 3.9184625525394475e-23, nan 
-85.875, 70.875, 3.4845496443070265e-23, nan 
-85.625, 70.875, 3.697899263565106e-23, nan 
-85.375, 70.875, 3.838074510598198e-23, nan 
-85.125, 70.875, 3.6282283729408345e-23, nan 
-84.875, 70.875, 2.8016866413365517e-23, nan 
-84.625, 70.875, 3.623243474619568e-23, nan 
-84.375, 70.875, 3.604148474045209e-23, nan 
-84.125, 70.875, 2.4499061273327346e-23, nan 
-83.875, 70.875, 3.778550944045466e-23, nan 
-83.625, 70.875, 4.390597166960491e-23, nan 
-83.375, 70.875, 1.853310335521091e-23, nan 
-83.125, 70.875, 1.73078430850653e-23, nan 
-82.875, 70.875, 3.798133149629256e-23, nan 
-82.625, 70.875, 6.115626167566951e-23, nan 
-82.375, 70.875, 6.054250021738289e-23, nan 
-82.125, 70.875, 5.699488501035224e-23, nan 
-81.875, 70.875, 5.585425861194533e-23, nan 
-81.625, 70.875, 5.440289650497774e-23, nan 
-81.375, 70.875, 4.665562122601387e-23, nan 
-81.125, 70.875, 2.7764660180009036e-23, nan 
-80.875, 70.875, 3.090502976120951e-23, nan 
-80.625, 70.875, 3.4563065342502596e-23, nan 
-80.375, 70.875, 3.7448876809049984e-23, nan 
-80.125, 70.875, 3.225244562012108e-23, nan 
-79.875, 70.875, 4.3650440668801957e-23, nan 
-79.625, 70.875, 4.844221674586855e-23, nan 
-79.375, 70.875, 5.1028524075762496e-23, nan 
-79.125, 70.875, 5.459276426772731e-23, nan 
-78.875, 70.875, 5.381151509417707e-23, nan 
-78.625, 70.875, 4.563914501667671e-23, nan 
-78.375, 70.875, 4.8571982703407114e-23, nan 
-78.125, 70.875, 7.252185983604243e-23, nan 
-77.875, 70.875, 6.84976967775744e-23, nan 
-77.625, 70.875, 4.705732368742986e-23, nan 
-77.375, 70.875, 6.050665017276974e-23, nan 
-77.125, 70.875, 5.889764734328016e-23, nan 
-76.875, 70.875, 3.5795609510762707e-23, nan 
-76.625, 70.875, 2.991122401792699e-23, nan 
-76.375, 70.875, 4.662330088275364e-23, nan 
-76.125, 70.875, 5.433721800054519e-23, nan 
-75.875, 70.875, 4.506822105731313e-23, nan 
-75.625, 70.875, 5.193296014246252e-23, nan 
-75.375, 70.875, 6.469035240370361e-23, nan 
-75.125, 70.875, 5.888202151457117e-23, nan 
-74.875, 70.875, 7.381677573603e-23, nan 
-74.625, 70.875, 7.319062852362051e-23, nan 
-74.375, 70.875, 6.186325287793655e-23, nan 
-74.125, 70.875, 5.683371197699688e-23, nan 
-73.875, 70.875, 3.949943889757974e-23, nan 
-73.625, 70.875, 3.393400024807616e-23, nan 
-73.375, 70.875, 4.0292560611199304e-23, nan 
-73.125, 70.875, 5.932042337066972e-23, nan 
-72.875, 70.875, 3.6104832513576255e-23, nan 
-72.625, 70.875, 6.202754310939195e-23, nan 
-72.375, 70.875, 8.172058925377155e-23, nan 
-72.125, 70.875, 6.922830758158573e-23, nan 
-71.875, 70.875, 1.5099269066098827e-22, nan 
-71.625, 70.875, 2.525547509790952e-22, nan 
-71.375, 70.875, 1.1250309550368415e-22, nan 
-71.125, 70.875, 1.366665899031713e-22, nan 
-70.875, 70.875, 1.9309537201894106e-22, nan 
-70.625, 70.875, 9.025243552497777e-23, nan 
-70.375, 70.875, 8.497456299648609e-23, nan 
-70.125, 70.875, 1.0482311650424094e-22, nan 
-69.875, 70.875, 1.0597150398203872e-22, nan 
-69.625, 70.875, 7.030456842544834e-23, nan 
-69.375, 70.875, 6.400468157910596e-23, nan 
-69.125, 70.875, 7.659412078953643e-23, nan 
-68.875, 70.875, 6.125752025026021e-23, nan 
-68.625, 70.875, 6.722171827330752e-23, nan 
-68.375, 70.875, 5.940974631186528e-23, nan 
-68.125, 70.875, 5.967701899274699e-23, nan 
-67.875, 70.875, 6.492223700103887e-23, nan 
-67.625, 70.875, 8.119878959735741e-23, nan 
-67.375, 70.875, 8.530923798226981e-23, nan 
-67.125, 70.875, 1.036584065487312e-22, nan 
-66.875, 70.875, 9.803880802879291e-23, nan 
-66.625, 70.875, 9.908327419567871e-23, nan 
-66.375, 70.875, 1.2067175295421536e-22, nan 
-66.125, 70.875, 1.1353498936659738e-22, nan 
-65.875, 70.875, 1.2269589070385068e-22, nan 
-65.625, 70.875, 1.0329543624834372e-22, nan 
-65.375, 70.875, 9.919624134243103e-23, nan 
-65.125, 70.875, 9.431386926373625e-23, nan 
-64.875, 70.875, 1.626373926861069e-22, nan 
-64.625, 70.875, 1.4053845560522078e-22, nan 
-64.375, 70.875, 1.4204472656404282e-22, nan 
-64.125, 70.875, 1.6685245283182412e-22, nan 
-63.875, 70.875, 1.3661291865857128e-22, nan 
-63.625, 70.875, 1.5682789334206696e-22, nan 
-63.375, 70.875, 1.5267825607459356e-22, nan 
-63.125, 70.875, 1.9117662066076061e-22, nan 
-62.875, 70.875, 2.7805374420012753e-22, nan 
-62.625, 70.875, 2.0298518449469676e-22, nan 
-62.375, 70.875, 3.2103180580135778e-22, nan 
-62.125, 70.875, 4.42887758836485e-22, nan 
-61.875, 70.875, 1.748210436577788e-22, nan 
-61.625, 70.875, 1.9452918701240754e-22, nan 
-61.375, 70.875, 2.6224413867840105e-22, nan 
-61.125, 70.875, 2.037407072198897e-22, nan 
-60.875, 70.875, 2.6171255184378996e-22, nan 
-60.625, 70.875, 2.6004929676607844e-22, nan 
-60.375, 70.875, 2.6097142848860995e-22, nan 
-60.125, 70.875, 2.7116739310565155e-22, nan 
-59.875, 70.875, 2.242625443522951e-22, nan 
-59.625, 70.875, 1.3165342795338866e-22, nan 
-59.375, 70.875, 8.571126038607505e-23, nan 
-59.125, 70.875, 1.6439901401997194e-22, nan 
-58.875, 70.875, 1.7033399159732972e-22, nan 
-58.625, 70.875, 2.865979246626625e-22, nan 
-58.375, 70.875, 2.420512140524173e-22, nan 
-58.125, 70.875, 3.07569730926367e-22, nan 
-57.875, 70.875, 3.043992516406352e-22, nan 
-57.625, 70.875, 3.0317794050755943e-22, nan 
-57.375, 70.875, 3.9401754785360754e-22, nan 
-57.125, 70.875, 2.7122952531763424e-22, nan 
-56.875, 70.875, 2.3326216469466973e-22, nan 
-56.625, 70.875, 2.2492130860196265e-22, nan 
-56.375, 70.875, 2.3012008188047663e-22, nan 
-56.125, 70.875, 2.2776995777566727e-22, nan 
-55.875, 70.875, 2.4868203213076904e-22, nan 
-55.625, 70.875, 3.0567414911089402e-22, nan 
-55.375, 70.875, 3.1200990695136877e-22, nan 
-55.125, 70.875, 4.114832751049261e-22, nan 
-54.875, 70.875, 4.064041713069464e-22, nan 
-54.625, 70.875, 4.393132679590961e-22, nan 
-54.375, 70.875, 4.829101053559079e-22, nan 
-54.125, 70.875, 4.27989559698509e-22, nan 
-53.875, 70.875, 5.278099561069653e-22, nan 
-53.625, 70.875, 4.428853454798276e-22, nan 
-53.375, 70.875, 3.3240974016620344e-22, nan 
-53.125, 70.875, 2.0916489313644931e-22, nan 
-52.875, 70.875, 1.8142398852756544e-22, nan 
-52.625, 70.875, 2.864569868518027e-22, nan 
-52.375, 70.875, 3.092728241379449e-22, nan 
-52.125, 70.875, 6.882478990815942e-22, nan 
-51.875, 70.875, 4.407834716836496e-22, nan 
-51.625, 70.875, 7.173597263467285e-22, nan 
-51.375, 70.875, 7.118376236582943e-22, nan 
-51.125, 70.875, 1.0910573288679707e-21, nan 
-50.875, 70.875, 1.22871888896181e-21, nan 
-50.625, 70.875, 1.3526799699399086e-21, nan 
-50.375, 70.875, 2.1671522170340208e-21, nan 
-50.125, 70.875, 1.872192636964517e-21, nan 
-49.875, 70.875, 1.2099634913459062e-21, nan 
-49.625, 70.875, 1.8279849380370537e-21, nan 
-49.375, 70.875, 1.017567674247923e-21, nan 
-49.125, 70.875, 6.490795761717627e-22, nan 
-48.875, 70.875, 7.255413050355132e-22, nan 
-48.625, 70.875, 9.607364971084258e-22, nan 
-48.375, 70.875, 8.883004878249785e-22, nan 
-48.125, 70.875, 8.032913818948004e-22, nan 
-47.875, 70.875, 9.259663165371388e-22, nan 
-47.625, 70.875, 7.659857923999512e-22, nan 
-47.375, 70.875, 9.609594785901253e-22, nan 
-47.125, 70.875, 9.367578532982847e-22, nan 
-46.875, 70.875, 9.125437461133217e-22, nan 
-46.625, 70.875, 1.421055576494787e-21, nan 
-46.375, 70.875, 1.4584245419902256e-21, nan 
-46.125, 70.875, 1.3527945732841587e-21, nan 
-45.875, 70.875, 1.9311721768475214e-21, nan 
-45.625, 70.875, 1.803120158278341e-21, nan 
-45.375, 70.875, 1.5875358085789917e-21, nan 
-45.125, 70.875, 2.04923163435038e-21, nan 
-44.875, 70.875, 1.620786161122748e-21, nan 
-44.625, 70.875, 1.8382098149778593e-21, nan 
-44.375, 70.875, 3.650786083820833e-21, nan 
-44.125, 70.875, 3.790058621599857e-21, nan 
-43.875, 70.875, 2.480527057806691e-21, nan 
-43.625, 70.875, 4.3363218947017175e-21, nan 
-43.375, 70.875, 5.22489270487055e-21, nan 
-43.125, 70.875, 7.657083884344643e-22, nan 
-42.875, 70.875, 4.111669961040162e-21, nan 
-42.625, 70.875, 2.3571833344894285e-21, nan 
-42.375, 70.875, 3.598728470219561e-22, nan 
-42.125, 70.875, 2.740198463720472e-21, nan 
-41.875, 70.875, 2.138836157006543e-21, nan 
-41.625, 70.875, 1.3428033769279867e-21, nan 
-41.375, 70.875, 1.987519217186851e-21, nan 
-41.125, 70.875, 2.1204787243037656e-21, nan 
-40.875, 70.875, 1.5970410760347166e-21, nan 
-40.625, 70.875, 2.0038363155017857e-21, nan 
-40.375, 70.875, 3.454280137972277e-21, nan 
-40.125, 70.875, 2.305781282933854e-21, nan 
-39.875, 70.875, 3.528596593397531e-21, nan 
-39.625, 70.875, 4.460158567601336e-21, nan 
-39.375, 70.875, 4.878653547794431e-21, nan 
-39.125, 70.875, 5.071774223416611e-21, nan 
-38.875, 70.875, 4.227569458115375e-21, nan 
-38.625, 70.875, 5.766251064501253e-21, nan 
-38.375, 70.875, 3.6081227267892136e-21, nan 
-38.125, 70.875, 4.549804717531789e-21, nan 
-37.875, 70.875, 5.6651699132684286e-21, nan 
-37.625, 70.875, 3.0327641043130045e-21, nan 
-37.375, 70.875, 5.267512653950207e-21, nan 
-37.125, 70.875, 4.4531581661390734e-21, nan 
-36.875, 70.875, 3.235158032895417e-21, nan 
-36.625, 70.875, 3.6769199135911836e-21, nan 
-36.375, 70.875, 3.567303991529801e-21, nan 
-36.125, 70.875, 3.5570513308092514e-21, nan 
-35.875, 70.875, 3.4343578524969225e-21, nan 
-35.625, 70.875, 5.6686091013512424e-21, nan 
-35.375, 70.875, 4.39812319979511e-21, nan 
-35.125, 70.875, 2.077620665451031e-21, nan 
-34.875, 70.875, 2.939468822606647e-21, nan 
-34.625, 70.875, 3.667589406923059e-21, nan 
-34.375, 70.875, 3.945936023340482e-21, nan 
-34.125, 70.875, 3.709196246862539e-21, nan 
-33.875, 70.875, 6.570680841051386e-21, nan 
-33.625, 70.875, 3.580021673448075e-21, nan 
-33.375, 70.875, 4.9764718247779255e-21, nan 
-33.125, 70.875, 5.90971028033258e-21, nan 
-32.875, 70.875, 4.8508421280356535e-21, nan 
-32.625, 70.875, 4.836691740648045e-21, nan 
-32.375, 70.875, 4.558354144747054e-21, nan 
-32.125, 70.875, 3.8871307746388545e-21, nan 
-31.875, 70.875, 3.768091449246556e-21, nan 
-31.625, 70.875, 2.7011672966670386e-21, nan 
-31.375, 70.875, 7.727143611825015e-21, nan 
-31.125, 70.875, 1.6302930987065943e-20, nan 
-30.875, 70.875, 1.5688683551861162e-20, nan 
-30.625, 70.875, 1.2787907456493942e-20, nan 
-30.375, 70.875, 1.6778684385048493e-20, nan 
-30.125, 70.875, 1.5437527610826553e-20, nan 
-29.875, 70.875, 1.1658951248332199e-20, nan 
-29.625, 70.875, 3.387341322041096e-21, nan 
-29.375, 70.875, 5.444980460256998e-21, nan 
-29.125, 70.875, 9.484693673454429e-21, nan 
-28.875, 70.875, 1.5594702625751738e-20, nan 
-28.625, 70.875, 1.163603117900368e-20, nan 
-28.375, 70.875, 9.329151628638326e-21, nan 
-28.125, 70.875, 2.5648550534079476e-20, nan 
-27.875, 70.875, 1.9560860666153188e-20, nan 
-27.625, 70.875, 1.7143063505855106e-20, nan 
-27.375, 70.875, 1.857315082066463e-20, nan 
-27.125, 70.875, 1.5461726759939673e-20, nan 
-26.875, 70.875, 1.4352395356100448e-20, nan 
-26.625, 70.875, 1.5337615387411486e-20, nan 
-26.375, 70.875, 1.5193363113325687e-20, nan 
-26.125, 70.875, 7.871507727573051e-21, nan 
-25.875, 70.875, 1.1519881302076446e-20, nan 
-25.625, 70.875, 1.5161433581377014e-20, nan 
-25.375, 70.875, 1.1765732479796852e-20, nan 
-25.125, 70.875, 3.3469446829942097e-21, nan 
-24.875, 70.875, 7.86344339332583e-21, nan 
-24.625, 70.875, 8.275747025647353e-21, nan 
-24.375, 70.875, 3.074304203261532e-21, nan 
-24.125, 70.875, 8.52088288929305e-21, nan 
-23.875, 70.875, 3.289049366117252e-21, nan 
-23.625, 70.875, 4.339289825258439e-21, nan 
-23.375, 70.875, 5.2020750554065315e-21, nan 
-23.125, 70.875, 3.6663522426734925e-21, nan 
-22.875, 70.875, 4.070961424699614e-21, nan 
-22.625, 70.875, 3.899636501904494e-21, nan 
-22.375, 70.875, 3.476911919837403e-21, nan 
-22.125, 70.875, 2.8017172819813825e-21, nan 
-21.875, 70.875, 2.2634540936626797e-21, nan 
-21.625, 70.875, 3.064155260532036e-21, nan 
-21.375, 70.875, 4.398702195960298e-21, nan 
-21.125, 70.875, 4.5364915889761205e-21, nan 
-20.875, 70.875, 6.4535904860100884e-21, nan 
-20.625, 70.875, 6.341177150336842e-21, nan 
-20.375, 70.875, 7.116416060574302e-21, nan 
-20.125, 70.875, 6.026127935226293e-21, nan 
-19.875, 70.875, 4.973635982867875e-21, nan 
-19.625, 70.875, 5.826303026794809e-21, nan 
-19.375, 70.875, 4.2603261650611966e-21, nan 
-19.125, 70.875, 6.0861941314509146e-21, nan 
-18.875, 70.875, 5.097917742828391e-21, nan 
-18.625, 70.875, 5.256528805847597e-21, nan 
-18.375, 70.875, 3.0706672783443047e-21, nan 
-18.125, 70.875, 5.418538013016116e-21, nan 
-17.875, 70.875, 4.337421995478155e-21, nan 
-17.625, 70.875, 4.20282490152162e-21, nan 
-17.375, 70.875, 6.076263707375404e-21, nan 
-17.125, 70.875, 5.992000786790245e-21, nan 
-16.875, 70.875, 5.0370033000404586e-21, nan 
-16.625, 70.875, 6.0391787962476014e-21, nan 
-16.375, 70.875, 5.401014338283677e-21, nan 
-16.125, 70.875, 4.919276458741086e-21, nan 
-15.875, 70.875, 5.036832535460907e-21, nan 
-15.625, 70.875, 4.2003879459244784e-21, nan 
-15.375, 70.875, 5.936412774912237e-21, nan 
-15.125, 70.875, 5.394531692973246e-21, nan 
-14.875, 70.875, 6.491154859307072e-21, nan 
-14.625, 70.875, 4.832103892393457e-21, nan 
-14.375, 70.875, 7.130506010990105e-21, nan 
-14.125, 70.875, 9.335205015009555e-21, nan 
-13.875, 70.875, 6.452293037359604e-21, nan 
-13.625, 70.875, 5.457870356209298e-21, nan 
-13.375, 70.875, 1.0417574924180195e-20, nan 
-13.125, 70.875, 5.993088232322266e-21, nan 
-12.875, 70.875, 2.2999370928834804e-21, nan 
-12.625, 70.875, 4.0427019630308276e-21, nan 
-12.375, 70.875, 5.126681162602749e-21, nan 
-12.125, 70.875, 3.1279991620508612e-21, nan 
-11.875, 70.875, 3.610469404804533e-21, nan 
-11.625, 70.875, 5.014395547466452e-21, nan 
-11.375, 70.875, 3.998011949205023e-21, nan 
-11.125, 70.875, 4.91183212494831e-21, nan 
-10.875, 70.875, 4.183472279611635e-21, nan 
-10.625, 70.875, 7.926738966327543e-21, nan 
-10.375, 70.875, 8.744274113595713e-21, nan 
-10.125, 70.875, 7.40228275464257e-21, nan 
-9.875, 70.875, 8.582438855322175e-21, nan 
-9.625, 70.875, 4.548270399234925e-21, nan 
-9.375, 70.875, 2.7520978332975963e-21, nan 
-9.125, 70.875, 2.870397918647967e-21, nan 
-8.875, 70.875, 3.72202182894613e-21, nan 
-8.625, 70.875, 1.3852770166061885e-20, nan 
-8.375, 70.875, 1.2581843746382458e-20, nan 
-8.125, 70.875, 1.419986896564626e-20, nan 
-7.875, 70.875, 1.5289524375028928e-20, nan 
-7.625, 70.875, 8.701323390409641e-21, nan 
-7.375, 70.875, 7.894155396803803e-21, nan 
-7.125, 70.875, 1.1134413676533842e-20, nan 
-6.875, 70.875, 3.028514329975431e-21, nan 
-6.625, 70.875, 1.4355797470155926e-21, nan 
-6.375, 70.875, 1.1359625886356687e-21, nan 
-6.125, 70.875, 1.236280105122992e-21, nan 
-5.875, 70.875, 1.0633898605152208e-21, nan 
-5.625, 70.875, 1.2788797272817172e-21, nan 
-5.375, 70.875, 1.446274799536771e-21, nan 
-5.125, 70.875, 1.5146708883508598e-21, nan 
-4.875, 70.875, 1.271696775529849e-21, nan 
-4.625, 70.875, 7.412901052259152e-22, nan 
-4.375, 70.875, 9.357334053435447e-22, nan 
-4.125, 70.875, 7.642173954473539e-22, nan 
-3.875, 70.875, 1.552369348203492e-21, nan 
-3.625, 70.875, 1.8285010641175045e-21, nan 
-3.375, 70.875, 1.493893318738946e-21, nan 
-3.125, 70.875, 1.4862773213409375e-21, nan 
-2.875, 70.875, 1.8111731693328735e-21, nan 
-2.625, 70.875, 2.0364109551308184e-21, nan 
-2.375, 70.875, 1.851195801309501e-21, nan 
-2.125, 70.875, 1.30979132062126e-21, nan 
-1.875, 70.875, 1.6488760990461125e-21, nan 
-1.625, 70.875, 1.579160087677055e-21, nan 
-1.375, 70.875, 1.0129080068421424e-21, nan 
-1.125, 70.875, 6.931484491852983e-22, nan 
-0.875, 70.875, 8.3172902014249825e-22, nan 
-0.625, 70.875, 1.1023288275204602e-21, nan 
-0.375, 70.875, 1.1428233866203362e-21, nan 
-0.125, 70.875, 1.6153695055296568e-21, nan 
0.125, 70.875, 1.6993112259790174e-21, nan 
0.375, 70.875, 1.5109556340833272e-21, nan 
0.625, 70.875, 1.4498571118269892e-21, nan 
0.875, 70.875, 1.3152043068791084e-21, nan 
1.125, 70.875, 1.4044567902118256e-21, nan 
1.375, 70.875, 1.0881298963781511e-21, nan 
1.625, 70.875, 1.0523850713589567e-21, nan 
1.875, 70.875, 8.258742953173598e-22, nan 
2.125, 70.875, 7.451160473456723e-22, nan 
2.375, 70.875, 6.835884744078905e-22, nan 
2.625, 70.875, 9.872407177641076e-22, nan 
2.875, 70.875, 6.950866543302646e-22, nan 
3.125, 70.875, 4.5591598425316e-22, nan 
3.375, 70.875, 4.737975925180448e-22, nan 
3.625, 70.875, 6.3924346635998855e-22, nan 
3.875, 70.875, 5.820550961237354e-22, nan 
4.125, 70.875, 6.425827019823149e-22, nan 
4.375, 70.875, 7.52042240246052e-22, nan 
4.625, 70.875, 9.318931894222112e-22, nan 
4.875, 70.875, 7.117801697438173e-22, nan 
5.125, 70.875, 8.813289798589825e-22, nan 
5.375, 70.875, 2.969853286587727e-22, nan 
5.625, 70.875, 3.0365847349679777e-22, nan 
5.875, 70.875, 2.8580463798757477e-22, nan 
6.125, 70.875, 6.803842710661343e-23, nan 
6.375, 70.875, 4.105844320108114e-22, nan 
6.625, 70.875, 9.612746084093843e-23, nan 
6.875, 70.875, 3.0886384618883887e-22, nan 
7.125, 70.875, 6.189624828107119e-22, nan 
7.375, 70.875, 4.579203598706714e-22, nan 
7.625, 70.875, 6.272078675870723e-22, nan 
7.875, 70.875, 7.290595890082596e-22, nan 
8.125, 70.875, 4.663695278633003e-22, nan 
8.375, 70.875, 5.878611896471002e-22, nan 
8.625, 70.875, 5.770187811718625e-22, nan 
8.875, 70.875, 2.251548976348131e-22, nan 
9.125, 70.875, 1.07411453254553e-22, nan 
9.375, 70.875, 1.2059848622445675e-22, nan 
9.625, 70.875, 2.573120687174194e-22, nan 
9.875, 70.875, 1.98403490013442e-22, nan 
10.125, 70.875, 2.666762162886137e-22, nan 
10.375, 70.875, 1.950928194758677e-22, nan 
10.625, 70.875, 1.6220851774733018e-22, nan 
10.875, 70.875, 2.406583762190863e-22, nan 
11.125, 70.875, 2.416822024059089e-22, nan 
11.375, 70.875, 1.923471890214561e-22, nan 
11.625, 70.875, 2.4121779915360382e-22, nan 
11.875, 70.875, 1.9485902171357233e-22, nan 
12.125, 70.875, 2.1587995236591425e-22, nan 
12.375, 70.875, 1.7903614826066685e-22, nan 
12.625, 70.875, 1.6952993590718814e-22, nan 
12.875, 70.875, 1.8958721773119562e-22, nan 
13.125, 70.875, 1.581094430216264e-22, nan 
13.375, 70.875, 1.4409885786686442e-22, nan 
13.625, 70.875, 1.8000969045828663e-22, nan 
13.875, 70.875, 8.306648648940723e-23, nan 
14.125, 70.875, 6.949465400157762e-23, nan 
14.375, 70.875, 5.651135395910828e-23, nan 
14.625, 70.875, 5.661839358172184e-23, nan 
14.875, 70.875, 9.22723222004052e-23, nan 
15.125, 70.875, 1.1917013938639654e-22, nan 
15.375, 70.875, 7.468816776813706e-23, nan 
15.625, 70.875, 1.0047813722558101e-22, nan 
15.875, 70.875, 2.7250395322467827e-22, nan 
16.125, 70.875, 1.3636358876622074e-22, nan 
16.375, 70.875, 9.172188440374725e-23, nan 
16.625, 70.875, 3.4428042867475832e-22, nan 
16.875, 70.875, 1.1778081973793212e-22, nan 
17.125, 70.875, 5.283348811527362e-23, nan 
17.375, 70.875, 1.7228173737427222e-22, nan 
17.625, 70.875, 1.2393106730512923e-22, nan 
17.875, 70.875, 2.1105707259717074e-22, nan 
18.125, 70.875, 1.1541315335883895e-22, nan 
18.375, 70.875, 1.3270263670114034e-22, nan 
18.625, 70.875, 1.8547232476526406e-22, nan 
18.875, 70.875, 1.1930984395969585e-22, nan 
19.125, 70.875, 1.2297261331516304e-22, nan 
19.375, 70.875, 1.0236382924918865e-22, nan 
19.625, 70.875, 1.131812577389958e-22, nan 
19.875, 70.875, 1.0158053141963168e-22, nan 
20.125, 70.875, 1.0960681211092827e-22, nan 
20.375, 70.875, 1.0455698667522339e-22, nan 
20.625, 70.875, 7.563747959252202e-23, nan 
20.875, 70.875, 7.019371980844147e-23, nan 
21.125, 70.875, 1.0047630602220137e-22, nan 
21.375, 70.875, 9.074340047652106e-23, nan 
21.625, 70.875, 7.9300467884726e-23, nan 
21.875, 70.875, 9.250591745409845e-23, nan 
22.125, 70.875, 8.607952514065799e-23, nan 
22.375, 70.875, 6.012474232816451e-23, nan 
22.625, 70.875, 9.877012517430536e-23, nan 
22.875, 70.875, 9.223849005103231e-23, nan 
23.125, 70.875, 1.032378914792277e-22, nan 
23.375, 70.875, 8.035605528506208e-23, nan 
23.625, 70.875, 7.220697997726343e-23, nan 
23.875, 70.875, 9.081611491548183e-23, nan 
24.125, 70.875, 6.726571053659723e-23, nan 
24.375, 70.875, 5.807720071229438e-23, nan 
24.625, 70.875, 7.890821415317895e-23, nan 
24.875, 70.875, 7.464928058501135e-23, nan 
25.125, 70.875, 4.8242142674804e-23, nan 
25.375, 70.875, 5.565040629164841e-23, nan 
25.625, 70.875, 7.120975965102776e-23, nan 
25.875, 70.875, 1.128598357565651e-22, nan 
26.125, 70.875, 1.3153101017138827e-22, nan 
26.375, 70.875, 1.3031063216410804e-22, nan 
26.625, 70.875, 1.4305647585821008e-22, nan 
26.875, 70.875, 1.5592144728085173e-22, nan 
27.125, 70.875, 1.4282372358543933e-22, nan 
27.375, 70.875, 1.2986061730834119e-22, nan 
27.625, 70.875, 8.330842863281595e-23, nan 
27.875, 70.875, 6.369992994157222e-23, nan 
28.125, 70.875, 7.741387323567271e-23, nan 
28.375, 70.875, 8.876327066684576e-23, nan 
28.625, 70.875, 3.023265719463735e-23, nan 
28.875, 70.875, 1.60591009961963e-23, nan 
29.125, 70.875, 3.0118809365852617e-23, nan 
29.375, 70.875, 3.9140000058675466e-23, nan 
29.625, 70.875, 2.822415993072749e-23, nan 
29.875, 70.875, 1.5503206713755848e-23, nan 
30.125, 70.875, 1.4677540153509738e-23, nan 
30.375, 70.875, 4.751206980328583e-23, nan 
30.625, 70.875, 6.110665047844225e-23, nan 
30.875, 70.875, 5.87070687761151e-23, nan 
31.125, 70.875, 4.09485249227617e-23, nan 
31.375, 70.875, 4.9279684663029423e-23, nan 
31.625, 70.875, 2.1251407950671314e-23, nan 
31.875, 70.875, 2.479475854941236e-23, nan 
32.125, 70.875, 2.3011305304763312e-23, nan 
32.375, 70.875, 1.8945425155365695e-23, nan 
32.625, 70.875, 1.7960401834332468e-23, nan 
32.875, 70.875, 1.766518758955033e-23, nan 
33.125, 70.875, 1.9244551113250516e-23, nan 
33.375, 70.875, 1.1561380773246836e-23, nan 
33.625, 70.875, 1.6166336467018852e-23, nan 
33.875, 70.875, 1.40066739771553e-23, nan 
34.125, 70.875, 1.3791642599657462e-23, nan 
34.375, 70.875, 9.70241365074612e-24, nan 
34.625, 70.875, 9.993564787021759e-24, nan 
34.875, 70.875, 1.1370977383648238e-23, nan 
35.125, 70.875, 1.554614106048236e-23, nan 
35.375, 70.875, 1.2798049885966831e-23, nan 
35.625, 70.875, 1.3905187078864796e-23, nan 
35.875, 70.875, 1.8721150367235875e-23, nan 
36.125, 70.875, 1.1193486837477535e-23, nan 
36.375, 70.875, 1.514289830677297e-23, nan 
36.625, 70.875, 1.2525722253865026e-23, nan 
36.875, 70.875, 2.1651400111436453e-23, nan 
37.125, 70.875, 2.2281990719200858e-23, nan 
37.375, 70.875, 1.574642410571338e-23, nan 
37.625, 70.875, 1.2442826085895043e-23, nan 
37.875, 70.875, 1.6398248249777038e-23, nan 
38.125, 70.875, 2.0378862268899458e-23, nan 
38.375, 70.875, 2.738589120647961e-23, nan 
38.625, 70.875, 1.8286324271206195e-23, nan 
38.875, 70.875, 1.689570520743773e-23, nan 
39.125, 70.875, 1.7294630989612598e-23, nan 
39.375, 70.875, 8.862899070968404e-24, nan 
39.625, 70.875, 5.768428271953578e-24, nan 
39.875, 70.875, 2.2477505194927477e-23, nan 
40.125, 70.875, 2.0595013763006214e-23, nan 
40.375, 70.875, 5.9340228090070796e-24, nan 
40.625, 70.875, 1.5008989853675688e-23, nan 
40.875, 70.875, 3.9542064432304835e-23, nan 
41.125, 70.875, 4.8126199150152724e-23, nan 
41.375, 70.875, 4.605208699147985e-23, nan 
41.625, 70.875, 4.092903876824147e-23, nan 
41.875, 70.875, 1.611094997582831e-23, nan 
42.125, 70.875, 1.2684987734199288e-23, nan 
42.375, 70.875, 8.778667513378229e-24, nan 
42.625, 70.875, 1.5623711260907653e-23, nan 
42.875, 70.875, 1.9277528565347572e-23, nan 
43.125, 70.875, 2.257277519987047e-23, nan 
43.375, 70.875, 2.2912081930611733e-23, nan 
43.625, 70.875, 2.1780812006628135e-23, nan 
43.875, 70.875, 2.408619204416268e-23, nan 
44.125, 70.875, 2.2460848824114654e-23, nan 
44.375, 70.875, 1.454149986087534e-23, nan 
44.625, 70.875, 1.368530405826809e-23, nan 
44.875, 70.875, 1.1226844735737156e-23, nan 
45.125, 70.875, 1.569527546597399e-23, nan 
45.375, 70.875, 1.4966329279451994e-23, nan 
45.625, 70.875, 8.723632114464983e-24, nan 
45.875, 70.875, 2.0780486808165773e-23, nan 
46.125, 70.875, 2.0720113365439664e-23, nan 
46.375, 70.875, 7.185566581020813e-24, nan 
46.625, 70.875, 1.0789766355141684e-23, nan 
46.875, 70.875, 5.83652398268352e-24, nan 
47.125, 70.875, 2.1613270006088988e-23, nan 
47.375, 70.875, 1.5500377937275183e-23, nan 
47.625, 70.875, 1.0473778718851572e-23, nan 
47.875, 70.875, 2.319309102697044e-23, nan 
48.125, 70.875, 1.4706583865912233e-23, nan 
48.375, 70.875, 8.717193034805992e-24, nan 
48.625, 70.875, 1.1195997278505684e-23, nan 
48.875, 70.875, 8.293003675424206e-24, nan 
49.125, 70.875, 7.784466624990717e-24, nan 
49.375, 70.875, 8.824108789957008e-24, nan 
49.625, 70.875, 6.235638581092996e-24, nan 
49.875, 70.875, 8.145342467439995e-24, nan 
50.125, 70.875, 8.892279658651789e-24, nan 
50.375, 70.875, 2.0743816743428924e-23, nan 
50.625, 70.875, 2.812859153775718e-23, nan 
50.875, 70.875, 2.1018587589409227e-23, nan 
51.125, 70.875, 4.903548743564162e-24, nan 
51.375, 70.875, 7.368857383700254e-24, nan 
51.625, 70.875, 8.6803078151675e-24, nan 
51.875, 70.875, 9.045565352634795e-24, nan 
52.125, 70.875, 1.0636641363619231e-23, nan 
52.375, 70.875, 1.1305261075955137e-23, nan 
52.625, 70.875, 1.1511257026410243e-23, nan 
52.875, 70.875, 1.749120069409091e-23, nan 
53.125, 70.875, 1.6960970226254928e-23, nan 
53.375, 70.875, 1.428646634553176e-23, nan 
53.625, 70.875, 2.5401080599803388e-23, nan 
53.875, 70.875, 2.4585537687108713e-23, nan 
54.125, 70.875, 1.75620725733434e-23, nan 
54.375, 70.875, 1.1838994298756422e-23, nan 
54.625, 70.875, 8.06030359049116e-24, nan 
54.875, 70.875, 1.023018555965887e-23, nan 
55.125, 70.875, 1.0114940196229637e-23, nan 
55.375, 70.875, 1.0936630957220627e-23, nan 
55.625, 70.875, 9.203149670375486e-24, nan 
55.875, 70.875, 8.565943104587078e-24, nan 
56.125, 70.875, 1.2098546216141738e-23, nan 
56.375, 70.875, 8.272470562929707e-24, nan 
56.625, 70.875, 6.701995946627404e-24, nan 
56.875, 70.875, 1.3437277188273384e-23, nan 
57.125, 70.875, 8.566845152506639e-24, nan 
57.375, 70.875, 1.470715722983386e-23, nan 
57.625, 70.875, 2.215731971348277e-23, nan 
57.875, 70.875, 1.2727827281182938e-23, nan 
58.125, 70.875, 1.4368376121057798e-23, nan 
58.375, 70.875, 1.462793265860391e-23, nan 
58.625, 70.875, 1.9971389747046196e-23, nan 
58.875, 70.875, 1.824889894775965e-23, nan 
59.125, 70.875, 1.7423768623929538e-23, nan 
59.375, 70.875, 2.2951792787023108e-23, nan 
59.625, 70.875, 2.8293083259029906e-23, nan 
59.875, 70.875, 2.4096106042958547e-23, nan 
60.125, 70.875, 2.1013806461923594e-23, nan 
60.375, 70.875, 1.916496017406852e-23, nan 
60.625, 70.875, 1.716286825491474e-23, nan 
60.875, 70.875, 1.5407725085189558e-23, nan 
61.125, 70.875, 1.0733337541434457e-23, nan 
61.375, 70.875, 9.510814963301239e-24, nan 
61.625, 70.875, 8.132154444271237e-24, nan 
61.875, 70.875, 7.800930768412676e-24, nan 
62.125, 70.875, 9.349630181981242e-24, nan 
62.375, 70.875, 8.410639166818175e-24, nan 
62.625, 70.875, 6.5232101925955945e-24, nan 
62.875, 70.875, 7.037298561038992e-24, nan 
63.125, 70.875, 6.899209759936499e-24, nan 
63.375, 70.875, 4.41783049880181e-24, nan 
63.625, 70.875, 3.1402140470728e-24, nan 
63.875, 70.875, 4.9993028980745756e-24, nan 
64.125, 70.875, 2.78785891086653e-24, nan 
64.375, 70.875, 3.0468797066972937e-24, nan 
64.625, 70.875, 5.638325261120505e-24, nan 
64.875, 70.875, 4.5705213012302286e-24, nan 
65.125, 70.875, 3.220292786738683e-24, nan 
65.375, 70.875, 4.071387100810829e-24, nan 
65.625, 70.875, 7.023880842158081e-24, nan 
65.875, 70.875, 5.463988237810819e-24, nan 
66.125, 70.875, 6.797995052067298e-24, nan 
66.375, 70.875, 7.103704016200483e-24, nan 
66.625, 70.875, 6.829679259698664e-24, nan 
66.875, 70.875, 1.0168165787000347e-23, nan 
67.125, 70.875, 8.476067998114019e-24, nan 
67.375, 70.875, 4.366867601842603e-24, nan 
67.625, 70.875, 5.570231470386386e-24, nan 
67.875, 70.875, 3.31840660382508e-24, nan 
68.125, 70.875, 2.7483579372595823e-24, nan 
68.375, 70.875, 5.105616501419511e-24, nan 
68.625, 70.875, 4.258489096510876e-24, nan 
68.875, 70.875, 3.1781529096446045e-24, nan 
69.125, 70.875, 3.0971981632989295e-24, nan 
69.375, 70.875, 4.529202727702703e-24, nan 
69.625, 70.875, 2.83847748048414e-24, nan 
69.875, 70.875, 1.4225566358913273e-24, nan 
70.125, 70.875, 3.479944497434139e-24, nan 
70.375, 70.875, 3.2169349687898626e-24, nan 
70.625, 70.875, 1.9410355522688335e-24, nan 
70.875, 70.875, 2.3505248068438108e-24, nan 
71.125, 70.875, 2.90156869217339e-24, nan 
71.375, 70.875, 2.945861695561139e-24, nan 
71.625, 70.875, 3.316333391090812e-24, nan 
71.875, 70.875, 3.5191568570334896e-24, nan 
72.125, 70.875, 4.377658345053014e-24, nan 
72.375, 70.875, 4.826519778083969e-24, nan 
72.625, 70.875, 4.0159663904462995e-24, nan 
72.875, 70.875, 4.158434385576459e-24, nan 
73.125, 70.875, 4.473871975618548e-24, nan 
73.375, 70.875, 4.340221029187928e-24, nan 
73.625, 70.875, 6.723562846887492e-24, nan 
73.875, 70.875, 5.885237207779823e-24, nan 
74.125, 70.875, 1.2943073675207546e-24, nan 
74.375, 70.875, 2.9646402648497535e-24, nan 
74.625, 70.875, 3.515776293984212e-24, nan 
74.875, 70.875, 1.584178723463291e-24, nan 
75.125, 70.875, 4.817859102084257e-24, nan 
75.375, 70.875, 3.1895412578435012e-24, nan 
75.625, 70.875, 3.5231175298199314e-24, nan 
75.875, 70.875, 2.5227943676414336e-24, nan 
76.125, 70.875, 2.1526157230653362e-24, nan 
76.375, 70.875, 2.186560173285652e-24, nan 
-150.125, 71.125, 1.6064644417973775e-24, nan 
-149.875, 71.125, 1.6389998628744162e-24, nan 
-149.625, 71.125, 2.2196344749564234e-24, nan 
-149.375, 71.125, 1.6647861556808123e-24, nan 
-149.125, 71.125, 1.565835529042431e-24, nan 
-148.875, 71.125, 1.0862863983592921e-24, nan 
-148.625, 71.125, 1.2053635610829271e-24, nan 
-148.375, 71.125, 1.1006449626966334e-24, nan 
-148.125, 71.125, 1.4416011886440237e-24, nan 
-147.875, 71.125, 2.9952852197651013e-24, nan 
-147.625, 71.125, 4.201882386324022e-24, nan 
-147.375, 71.125, 2.6844599770257535e-24, nan 
-147.125, 71.125, 3.3460437794897226e-24, nan 
-146.875, 71.125, 4.8851390549325815e-24, nan 
-146.625, 71.125, 2.881353158449511e-24, nan 
-146.375, 71.125, 2.0245011666327513e-24, nan 
-146.125, 71.125, 3.453051181911409e-24, nan 
-145.875, 71.125, 2.028608468380285e-24, nan 
-145.625, 71.125, 1.5952404725268917e-24, nan 
-145.375, 71.125, 1.5122633706982235e-24, nan 
-145.125, 71.125, 1.947149188078518e-24, nan 
-144.875, 71.125, 2.3001696538202432e-24, nan 
-144.625, 71.125, 3.2495085086949822e-24, nan 
-144.375, 71.125, 5.027294189893755e-24, nan 
-144.125, 71.125, 4.613465168764893e-24, nan 
-143.875, 71.125, 4.956954038459377e-24, nan 
-143.625, 71.125, 7.460409101877863e-24, nan 
-143.375, 71.125, 5.713215782097686e-24, nan 
-143.125, 71.125, 9.667749799378086e-24, nan 
-142.875, 71.125, 1.4644078681913202e-23, nan 
-142.625, 71.125, 1.2005737937565158e-23, nan 
-142.375, 71.125, 7.077869768437316e-24, nan 
-142.125, 71.125, 1.2032490672681368e-23, nan 
-141.875, 71.125, 1.0467074503172972e-23, nan 
-141.625, 71.125, 6.374084976585588e-24, nan 
-141.375, 71.125, 1.1741310539679857e-24, nan 
-141.125, 71.125, 2.6074655821107823e-24, nan 
-140.875, 71.125, 5.213830032154226e-24, nan 
-140.625, 71.125, 3.8881214164355256e-24, nan 
-140.375, 71.125, 6.1736596893242194e-24, nan 
-140.125, 71.125, 6.0567336509552e-24, nan 
-139.875, 71.125, 4.354580733261981e-24, nan 
-139.625, 71.125, 5.738172233500306e-24, nan 
-139.375, 71.125, 5.839922829670347e-24, nan 
-139.125, 71.125, 1.6628582989893887e-24, nan 
-138.875, 71.125, 1.2627433975525299e-24, nan 
-138.625, 71.125, 1.9009761278777636e-24, nan 
-138.375, 71.125, 1.1172910449111245e-24, nan 
-138.125, 71.125, 1.7534175294425424e-24, nan 
-137.875, 71.125, 2.490671563591939e-24, nan 
-137.625, 71.125, 3.301213100167464e-24, nan 
-137.375, 71.125, 3.4070160507682416e-24, nan 
-137.125, 71.125, 2.0792110627603e-24, nan 
-136.875, 71.125, 2.9381313782287705e-24, nan 
-136.625, 71.125, 4.324820295629465e-24, nan 
-136.375, 71.125, 4.0588888883798054e-24, nan 
-136.125, 71.125, 2.9157946967947503e-24, nan 
-135.875, 71.125, 6.63308937964007e-24, nan 
-135.625, 71.125, 8.715791782081303e-24, nan 
-135.375, 71.125, 8.02391120966515e-24, nan 
-135.125, 71.125, 5.9181305369963895e-24, nan 
-134.875, 71.125, 2.63094726939519e-24, nan 
-134.625, 71.125, 3.3424098446184895e-24, nan 
-134.375, 71.125, 4.498725293786721e-24, nan 
-134.125, 71.125, 4.7224521466779825e-24, nan 
-133.875, 71.125, 8.136952793473971e-24, nan 
-133.625, 71.125, 1.102002766082958e-23, nan 
-133.375, 71.125, 8.689305884300719e-24, nan 
-133.125, 71.125, 4.9168512047378885e-24, nan 
-132.875, 71.125, 6.301970830066639e-24, nan 
-132.625, 71.125, 3.353573573975593e-24, nan 
-132.375, 71.125, 4.021897637223713e-24, nan 
-132.125, 71.125, 4.364865006504427e-24, nan 
-131.875, 71.125, 3.4763138295310794e-24, nan 
-131.625, 71.125, 4.1501977915794606e-24, nan 
-131.375, 71.125, 3.932954137111057e-24, nan 
-131.125, 71.125, 3.522452841677e-24, nan 
-130.875, 71.125, 3.842531465245483e-24, nan 
-130.625, 71.125, 3.2899596954480403e-24, nan 
-130.375, 71.125, 3.3017221692656124e-24, nan 
-130.125, 71.125, 3.6506563085173445e-24, nan 
-129.875, 71.125, 3.439866799393164e-24, nan 
-129.625, 71.125, 4.394129409543987e-24, nan 
-129.375, 71.125, 4.170220494886933e-24, nan 
-129.125, 71.125, 4.886000606281654e-24, nan 
-128.875, 71.125, 5.324661619612786e-24, nan 
-128.625, 71.125, 5.0093644807274764e-24, nan 
-128.375, 71.125, 6.174729510519588e-24, nan 
-128.125, 71.125, 4.603066413984445e-24, nan 
-127.875, 71.125, 1.0290203464083551e-23, nan 
-127.625, 71.125, 6.291991368130574e-24, nan 
-127.375, 71.125, 3.5773002199336885e-24, nan 
-127.125, 71.125, 1.2489477354492983e-23, nan 
-126.875, 71.125, 1.1287995843527764e-23, nan 
-126.625, 71.125, 1.290732138510601e-23, nan 
-126.375, 71.125, 1.877961124579001e-23, nan 
-126.125, 71.125, 1.0686233281288664e-23, nan 
-125.875, 71.125, 1.4899447601035696e-23, nan 
-125.625, 71.125, 2.6244810734909788e-23, nan 
-125.375, 71.125, 8.465923205429939e-24, nan 
-125.125, 71.125, 8.566319592271756e-24, nan 
-124.875, 71.125, 1.3333663730239528e-23, nan 
-124.625, 71.125, 5.354192296194985e-24, nan 
-124.375, 71.125, 4.934890263746646e-24, nan 
-124.125, 71.125, 3.962660674051996e-24, nan 
-123.875, 71.125, 5.813085220874974e-24, nan 
-123.625, 71.125, 6.1156865509201894e-24, nan 
-123.375, 71.125, 5.999483323973155e-24, nan 
-123.125, 71.125, 1.1364996932259712e-23, nan 
-122.875, 71.125, 1.7255900233181924e-23, nan 
-122.625, 71.125, 1.4838231546759014e-23, nan 
-122.375, 71.125, 1.9503621324323885e-23, nan 
-122.125, 71.125, 2.510309813998331e-23, nan 
-121.875, 71.125, 1.994341317713281e-23, nan 
-121.625, 71.125, 1.1271861859948621e-23, nan 
-121.375, 71.125, 1.3668144567679134e-23, nan 
-121.125, 71.125, 1.0373341913221908e-23, nan 
-120.875, 71.125, 9.99972707382376e-24, nan 
-120.625, 71.125, 9.445660787901406e-24, nan 
-120.375, 71.125, 8.010191376477915e-24, nan 
-120.125, 71.125, 8.277875713570579e-24, nan 
-119.875, 71.125, 1.0669698817655527e-23, nan 
-119.625, 71.125, 9.99669292896128e-24, nan 
-119.375, 71.125, 1.1364785234060465e-23, nan 
-119.125, 71.125, 9.081226882582223e-24, nan 
-118.875, 71.125, 8.286807517409047e-24, nan 
-118.625, 71.125, 1.0365288068612014e-23, nan 
-118.375, 71.125, 7.539976086390947e-24, nan 
-118.125, 71.125, 8.399097438731473e-24, nan 
-117.875, 71.125, 1.3249527551298475e-23, nan 
-117.625, 71.125, 7.370533841932555e-24, nan 
-117.375, 71.125, 1.1767393918159357e-23, nan 
-117.125, 71.125, 8.614970318990758e-24, nan 
-116.875, 71.125, 5.054487429722947e-24, nan 
-116.625, 71.125, 5.3228461744746596e-24, nan 
-116.375, 71.125, 5.055329103455821e-24, nan 
-116.125, 71.125, 4.939953746228812e-24, nan 
-115.875, 71.125, 8.044303575820521e-24, nan 
-115.625, 71.125, 1.0371607610016906e-23, nan 
-115.375, 71.125, 7.364353891920698e-24, nan 
-115.125, 71.125, 7.04467359571507e-24, nan 
-114.875, 71.125, 7.101312406163591e-24, nan 
-114.625, 71.125, 7.476876046454318e-24, nan 
-114.375, 71.125, 7.588006472010097e-24, nan 
-114.125, 71.125, 7.648171512892019e-24, nan 
-113.875, 71.125, 7.758175299369327e-24, nan 
-113.625, 71.125, 7.633705921729956e-24, nan 
-113.375, 71.125, 6.687942574273552e-24, nan 
-113.125, 71.125, 5.894487495641143e-24, nan 
-112.875, 71.125, 6.789241890830598e-24, nan 
-112.625, 71.125, 1.424557942274639e-23, nan 
-112.375, 71.125, 2.0695162204438458e-23, nan 
-112.125, 71.125, 1.5859908829459576e-23, nan 
-111.875, 71.125, 2.371112434620362e-23, nan 
-111.625, 71.125, 1.36411238510194e-23, nan 
-111.375, 71.125, 1.6690081541847223e-23, nan 
-111.125, 71.125, 3.913499326528396e-23, nan 
-110.875, 71.125, 1.591727934119199e-23, nan 
-110.625, 71.125, 1.9940466435505634e-23, nan 
-110.375, 71.125, 3.2700160472042887e-23, nan 
-110.125, 71.125, 2.1651898501558608e-23, nan 
-109.875, 71.125, 2.4381580211754578e-23, nan 
-109.625, 71.125, 3.158780427255377e-23, nan 
-109.375, 71.125, 3.4788731695229705e-23, nan 
-109.125, 71.125, 2.7732792840287147e-23, nan 
-108.875, 71.125, 2.289981858896487e-23, nan 
-108.625, 71.125, 2.0079758919277697e-23, nan 
-108.375, 71.125, 1.890767306323973e-23, nan 
-108.125, 71.125, 1.7983430000887932e-23, nan 
-107.875, 71.125, 1.8912700521290944e-23, nan 
-107.625, 71.125, 1.2579206811923798e-23, nan 
-107.375, 71.125, 1.1488656221888094e-23, nan 
-107.125, 71.125, 2.3336091023635187e-23, nan 
-106.875, 71.125, 1.512241619720538e-23, nan 
-106.625, 71.125, 1.0000444068433544e-23, nan 
-106.375, 71.125, 1.0655059414295165e-23, nan 
-106.125, 71.125, 8.884644732522742e-24, nan 
-105.875, 71.125, 1.1792810976586359e-23, nan 
-105.625, 71.125, 1.259510821533205e-23, nan 
-105.375, 71.125, 1.3857689934940955e-23, nan 
-105.125, 71.125, 1.768228452889168e-23, nan 
-104.875, 71.125, 1.2868850929170709e-23, nan 
-104.625, 71.125, 1.4346710564428764e-23, nan 
-104.375, 71.125, 1.7744432150924688e-23, nan 
-104.125, 71.125, 1.4350197193755422e-23, nan 
-103.875, 71.125, 1.4798212483004476e-23, nan 
-103.625, 71.125, 9.267283639341922e-24, nan 
-103.375, 71.125, 1.0258790489705559e-23, nan 
-103.125, 71.125, 1.3308580292508897e-23, nan 
-102.875, 71.125, 1.797945675490372e-23, nan 
-102.625, 71.125, 1.6752292274779733e-23, nan 
-102.375, 71.125, 1.413842932822233e-23, nan 
-102.125, 71.125, 2.579750764698897e-23, nan 
-101.875, 71.125, 2.8919271758991726e-23, nan 
-101.625, 71.125, 2.837620700225494e-23, nan 
-101.375, 71.125, 3.6145707518626486e-23, nan 
-101.125, 71.125, 3.873547777900682e-23, nan 
-100.875, 71.125, 3.862884799037696e-23, nan 
-100.625, 71.125, 3.071999777824193e-23, nan 
-100.375, 71.125, 1.389747129361854e-23, nan 
-100.125, 71.125, 3.6804923830005014e-23, nan 
-99.875, 71.125, 3.56842345854558e-23, nan 
-99.625, 71.125, 3.592219880034359e-23, nan 
-99.375, 71.125, 3.3728193121396187e-23, nan 
-99.125, 71.125, 3.4160797025159447e-23, nan 
-98.875, 71.125, 4.814712420817174e-23, nan 
-98.625, 71.125, 3.317585788953534e-23, nan 
-98.375, 71.125, 4.569945308231205e-23, nan 
-98.125, 71.125, 4.947598255151962e-23, nan 
-97.875, 71.125, 2.6793835431290825e-23, nan 
-97.625, 71.125, 1.1511941054737977e-23, nan 
-97.375, 71.125, 2.8258296755992826e-23, nan 
-97.125, 71.125, 2.4379996695901783e-23, nan 
-96.875, 71.125, 2.6901237767456934e-23, nan 
-96.625, 71.125, 1.797251327960202e-23, nan 
-96.375, 71.125, 2.4710935654315942e-23, nan 
-96.125, 71.125, 3.2261761318848303e-23, nan 
-95.875, 71.125, 2.3493458815542637e-23, nan 
-95.625, 71.125, 2.2471756217257903e-23, nan 
-95.375, 71.125, 2.4805652699568356e-23, nan 
-95.125, 71.125, 1.214545211178145e-23, nan 
-94.875, 71.125, 2.5456955367434455e-23, nan 
-94.625, 71.125, 3.295435631869018e-23, nan 
-94.375, 71.125, 2.3145586988653772e-23, nan 
-94.125, 71.125, 2.4633965580544463e-23, nan 
-93.875, 71.125, 2.2551838448193864e-23, nan 
-93.625, 71.125, 2.446009992738705e-23, nan 
-93.375, 71.125, 3.070835347995951e-23, nan 
-93.125, 71.125, 3.7263053945653335e-23, nan 
-92.875, 71.125, 3.2076987911278764e-23, nan 
-92.625, 71.125, 3.3804210305923236e-23, nan 
-92.375, 71.125, 2.6021984129730584e-23, nan 
-92.125, 71.125, 3.1775373788704255e-23, nan 
-91.875, 71.125, 2.862262401189357e-23, nan 
-91.625, 71.125, 2.2991670293899166e-23, nan 
-91.375, 71.125, 1.737661208571227e-23, nan 
-91.125, 71.125, 2.3380947446608127e-23, nan 
-90.875, 71.125, 1.6494841097567217e-23, nan 
-90.625, 71.125, 1.5081021752469636e-23, nan 
-90.375, 71.125, 1.2045163375262228e-23, nan 
-90.125, 71.125, 1.6637802351545766e-23, nan 
-89.875, 71.125, 2.1308704232694193e-23, nan 
-89.625, 71.125, 2.816133304576893e-23, nan 
-89.375, 71.125, 3.0647754327303497e-23, nan 
-89.125, 71.125, 2.925751641179078e-23, nan 
-88.875, 71.125, 3.4245662422685136e-23, nan 
-88.625, 71.125, 3.643054085135812e-23, nan 
-88.375, 71.125, 5.125880285461865e-23, nan 
-88.125, 71.125, 5.300773218433423e-23, nan 
-87.875, 71.125, 3.4758094560855116e-23, nan 
-87.625, 71.125, 2.4202467594365594e-23, nan 
-87.375, 71.125, 3.0503761997183846e-23, nan 
-87.125, 71.125, 4.771177452566847e-23, nan 
-86.875, 71.125, 3.336431084861984e-23, nan 
-86.625, 71.125, 3.913578001688279e-23, nan 
-86.375, 71.125, 4.6880078010619e-23, nan 
-86.125, 71.125, 3.984563976828813e-23, nan 
-85.875, 71.125, 4.128026503928167e-23, nan 
-85.625, 71.125, 4.115395833297436e-23, nan 
-85.375, 71.125, 3.8624078078712486e-23, nan 
-85.125, 71.125, 3.6712264912637116e-23, nan 
-84.875, 71.125, 3.5104871115141946e-23, nan 
-84.625, 71.125, 3.396244618910795e-23, nan 
-84.375, 71.125, 2.5448581459283463e-23, nan 
-84.125, 71.125, 2.415695506707835e-23, nan 
-83.875, 71.125, 3.371918758023797e-23, nan 
-83.625, 71.125, 3.2257818077743595e-23, nan 
-83.375, 71.125, 3.723177040828276e-23, nan 
-83.125, 71.125, 5.428468741942502e-23, nan 
-82.875, 71.125, 6.713063567128734e-23, nan 
-82.625, 71.125, 6.100518661982224e-23, nan 
-82.375, 71.125, 6.490655495199965e-23, nan 
-82.125, 71.125, 5.918127653668739e-23, nan 
-81.875, 71.125, 4.5361275266241804e-23, nan 
-81.625, 71.125, 5.2217982064547423e-23, nan 
-81.375, 71.125, 6.866909583229919e-23, nan 
-81.125, 71.125, 5.916678889420851e-23, nan 
-80.875, 71.125, 5.468055905375044e-23, nan 
-80.625, 71.125, 6.312148797956e-23, nan 
-80.375, 71.125, 5.817567189790341e-23, nan 
-80.125, 71.125, 5.162817842926285e-23, nan 
-79.875, 71.125, 6.820245970389543e-23, nan 
-79.625, 71.125, 5.338734335407944e-23, nan 
-79.375, 71.125, 5.553950585943001e-23, nan 
-79.125, 71.125, 5.881479703084356e-23, nan 
-78.875, 71.125, 5.514962789733433e-23, nan 
-78.625, 71.125, 4.303533475318283e-23, nan 
-78.375, 71.125, 4.705937391452739e-23, nan 
-78.125, 71.125, 5.735389631578761e-23, nan 
-77.875, 71.125, 5.59816948668154e-23, nan 
-77.625, 71.125, 3.56837038556718e-23, nan 
-77.375, 71.125, 4.1289132618989676e-23, nan 
-77.125, 71.125, 3.9342398715928805e-23, nan 
-76.875, 71.125, 3.336632430468617e-23, nan 
-76.625, 71.125, 3.938489937893824e-23, nan 
-76.375, 71.125, 4.5689143279251545e-23, nan 
-76.125, 71.125, 4.634701668518838e-23, nan 
-75.875, 71.125, 3.815587484891316e-23, nan 
-75.625, 71.125, 3.482612061371885e-23, nan 
-75.375, 71.125, 1.856823228141376e-23, nan 
-75.125, 71.125, 2.5042868899951544e-23, nan 
-74.875, 71.125, 2.1208153825596976e-23, nan 
-74.625, 71.125, 1.3970209666362184e-23, nan 
-74.375, 71.125, 4.1707564854124364e-23, nan 
-74.125, 71.125, 2.487789785173326e-23, nan 
-73.875, 71.125, 2.5038025216044127e-23, nan 
-73.625, 71.125, 8.855986789147154e-23, nan 
-73.375, 71.125, 6.091610759842821e-23, nan 
-73.125, 71.125, 6.055799979689955e-23, nan 
-72.875, 71.125, 8.069701213899695e-23, nan 
-72.625, 71.125, 8.167694001689053e-23, nan 
-72.375, 71.125, 7.837248332120276e-23, nan 
-72.125, 71.125, 8.827008500091102e-23, nan 
-71.875, 71.125, 1.4836064686140989e-22, nan 
-71.625, 71.125, 1.7519351727198767e-22, nan 
-71.375, 71.125, 7.716897213505985e-23, nan 
-71.125, 71.125, 7.979760977568557e-23, nan 
-70.875, 71.125, 9.686039618340526e-23, nan 
-70.625, 71.125, 7.426114447752904e-23, nan 
-70.375, 71.125, 3.3850354311262567e-23, nan 
-70.125, 71.125, 2.244644320616614e-22, nan 
-69.875, 71.125, 2.230702461989536e-22, nan 
-69.625, 71.125, 9.928514576433107e-23, nan 
-69.375, 71.125, 1.5492710092701792e-22, nan 
-69.125, 71.125, 2.005007340753136e-22, nan 
-68.875, 71.125, 1.1985745862032698e-22, nan 
-68.625, 71.125, 6.902048683734846e-23, nan 
-68.375, 71.125, 5.253976002377096e-23, nan 
-68.125, 71.125, 5.056130477892028e-23, nan 
-67.875, 71.125, 5.830567480996671e-23, nan 
-67.625, 71.125, 8.074002502685622e-23, nan 
-67.375, 71.125, 8.690412031561829e-23, nan 
-67.125, 71.125, 9.82148098490203e-23, nan 
-66.875, 71.125, 1.005889345556222e-22, nan 
-66.625, 71.125, 9.662968060507036e-23, nan 
-66.375, 71.125, 1.092941227496905e-22, nan 
-66.125, 71.125, 1.238414973651351e-22, nan 
-65.875, 71.125, 1.3223575376016881e-22, nan 
-65.625, 71.125, 1.321637643145887e-22, nan 
-65.375, 71.125, 1.3956585191520623e-22, nan 
-65.125, 71.125, 1.1185548939751106e-22, nan 
-64.875, 71.125, 9.574642172591327e-23, nan 
-64.625, 71.125, 9.822640142921811e-23, nan 
-64.375, 71.125, 1.053830751917187e-22, nan 
-64.125, 71.125, 1.1821320015098338e-22, nan 
-63.875, 71.125, 1.3042090651996676e-22, nan 
-63.625, 71.125, 1.4161840007444093e-22, nan 
-63.375, 71.125, 1.6740406031903188e-22, nan 
-63.125, 71.125, 1.9209560579113827e-22, nan 
-62.875, 71.125, 2.1962031095727414e-22, nan 
-62.625, 71.125, 1.3539678630565058e-22, nan 
-62.375, 71.125, 1.6240924425801198e-22, nan 
-62.125, 71.125, 2.095735765767016e-22, nan 
-61.875, 71.125, 1.8962025398439967e-22, nan 
-61.625, 71.125, 1.5022165957308916e-22, nan 
-61.375, 71.125, 1.6252886825436904e-22, nan 
-61.125, 71.125, 1.375211792939329e-22, nan 
-60.875, 71.125, 1.970692362296687e-22, nan 
-60.625, 71.125, 2.335920880707506e-22, nan 
-60.375, 71.125, 2.196603123978281e-22, nan 
-60.125, 71.125, 2.4387046605055404e-22, nan 
-59.875, 71.125, 2.4961827282725726e-22, nan 
-59.625, 71.125, 3.031874796824232e-22, nan 
-59.375, 71.125, 3.56298687217025e-22, nan 
-59.125, 71.125, 2.2582488752525707e-22, nan 
-58.875, 71.125, 2.4956435434931634e-22, nan 
-58.625, 71.125, 2.5800174727472446e-22, nan 
-58.375, 71.125, 2.3102088128718447e-22, nan 
-58.125, 71.125, 2.280443483389542e-22, nan 
-57.875, 71.125, 2.838699513298713e-22, nan 
-57.625, 71.125, 2.7840592671790823e-22, nan 
-57.375, 71.125, 3.66297498038416e-22, nan 
-57.125, 71.125, 2.37388945408775e-22, nan 
-56.875, 71.125, 2.4689560022571145e-22, nan 
-56.625, 71.125, 2.0814207464171782e-22, nan 
-56.375, 71.125, 1.8454505526812252e-22, nan 
-56.125, 71.125, 1.9238010320817378e-22, nan 
-55.875, 71.125, 1.5990207556143635e-22, nan 
-55.625, 71.125, 2.1797171183144613e-22, nan 
-55.375, 71.125, 3.87058111697732e-22, nan 
-55.125, 71.125, 5.27353550702745e-22, nan 
-54.875, 71.125, 4.385491470864992e-22, nan 
-54.625, 71.125, 4.594538086472178e-22, nan 
-54.375, 71.125, 6.191113605583976e-22, nan 
-54.125, 71.125, 6.386543300384062e-22, nan 
-53.875, 71.125, 6.192685589381713e-22, nan 
-53.625, 71.125, 6.358165161808169e-22, nan 
-53.375, 71.125, 7.035435868540185e-22, nan 
-53.125, 71.125, 6.9253301465810515e-22, nan 
-52.875, 71.125, 9.800687781500853e-22, nan 
-52.625, 71.125, 7.474118699635686e-22, nan 
-52.375, 71.125, 5.811988856507876e-22, nan 
-52.125, 71.125, 8.202450283155286e-22, nan 
-51.875, 71.125, 8.0648373793779965e-22, nan 
-51.625, 71.125, 1.1973514179389092e-21, nan 
-51.375, 71.125, 1.341249421392215e-21, nan 
-51.125, 71.125, 2.9096053515495817e-21, nan 
-50.875, 71.125, 2.09078810912522e-21, nan 
-50.625, 71.125, 1.8927895242307772e-21, nan 
-50.375, 71.125, 3.8313731824638296e-21, nan 
-50.125, 71.125, 2.9792434669923665e-21, nan 
-49.875, 71.125, 2.0799915587697328e-21, nan 
-49.625, 71.125, 3.1117995379050087e-21, nan 
-49.375, 71.125, 2.3302639681517326e-21, nan 
-49.125, 71.125, 4.874626739159709e-22, nan 
-48.875, 71.125, 1.0757837839107276e-21, nan 
-48.625, 71.125, 1.3276942331270212e-21, nan 
-48.375, 71.125, 7.951285317349517e-22, nan 
-48.125, 71.125, 1.022896062554354e-21, nan 
-47.875, 71.125, 1.2122635705532634e-21, nan 
-47.625, 71.125, 8.373198418121531e-22, nan 
-47.375, 71.125, 1.1668848161832783e-21, nan 
-47.125, 71.125, 1.4917921285301202e-21, nan 
-46.875, 71.125, 1.97482775440455e-21, nan 
-46.625, 71.125, 2.1605009420810043e-21, nan 
-46.375, 71.125, 2.170565094052623e-21, nan 
-46.125, 71.125, 1.7915118945800072e-21, nan 
-45.875, 71.125, 2.4534189108530994e-21, nan 
-45.625, 71.125, 2.1107322475066836e-21, nan 
-45.375, 71.125, 1.9062597170559506e-21, nan 
-45.125, 71.125, 2.5737891913137234e-21, nan 
-44.875, 71.125, 2.76294241883277e-21, nan 
-44.625, 71.125, 1.8065310113619057e-21, nan 
-44.375, 71.125, 2.8765905047952153e-21, nan 
-44.125, 71.125, 3.3079408399645662e-21, nan 
-43.875, 71.125, 3.8253524605608785e-21, nan 
-43.625, 71.125, 2.8897151926502294e-21, nan 
-43.375, 71.125, 3.678483428918208e-21, nan 
-43.125, 71.125, 3.253014975357956e-21, nan 
-42.875, 71.125, 2.6252013593225647e-21, nan 
-42.625, 71.125, 2.0647034578527617e-21, nan 
-42.375, 71.125, 1.4808467615275981e-21, nan 
-42.125, 71.125, 1.7082238154100132e-21, nan 
-41.875, 71.125, 1.8014283468692132e-21, nan 
-41.625, 71.125, 2.2788356240163872e-21, nan 
-41.375, 71.125, 1.639227348293034e-21, nan 
-41.125, 71.125, 2.0704020688671623e-21, nan 
-40.875, 71.125, 2.8494815268677137e-21, nan 
-40.625, 71.125, 1.828774161357161e-21, nan 
-40.375, 71.125, 4.611169151638059e-21, nan 
-40.125, 71.125, 5.7451335708082995e-21, nan 
-39.875, 71.125, 4.371432703577475e-21, nan 
-39.625, 71.125, 5.176001267737553e-21, nan 
-39.375, 71.125, 8.207651094450046e-21, nan 
-39.125, 71.125, 4.456633936482489e-21, nan 
-38.875, 71.125, 3.155897454019533e-21, nan 
-38.625, 71.125, 4.88287486800993e-21, nan 
-38.375, 71.125, 2.1092356716183584e-21, nan 
-38.125, 71.125, 2.1029439427306118e-21, nan 
-37.875, 71.125, 2.8957832934023194e-21, nan 
-37.625, 71.125, 3.073751405539758e-21, nan 
-37.375, 71.125, 7.855079185273047e-21, nan 
-37.125, 71.125, 4.564609450386451e-21, nan 
-36.875, 71.125, 7.028889835929043e-21, nan 
-36.625, 71.125, 7.171566694570431e-21, nan 
-36.375, 71.125, 5.125250001710606e-21, nan 
-36.125, 71.125, 5.295572820852026e-21, nan 
-35.875, 71.125, 4.350206114181249e-21, nan 
-35.625, 71.125, 7.477830974717497e-21, nan 
-35.375, 71.125, 5.2063157867264465e-21, nan 
-35.125, 71.125, 2.2456781161993738e-21, nan 
-34.875, 71.125, 4.1174956302407905e-21, nan 
-34.625, 71.125, 5.567113618436365e-21, nan 
-34.375, 71.125, 1.5220864384339911e-21, nan 
-34.125, 71.125, 1.2117408051547079e-20, nan 
-33.875, 71.125, 1.4995600339456392e-20, nan 
-33.625, 71.125, 5.726666792422226e-21, nan 
-33.375, 71.125, 1.0259302704424829e-20, nan 
-33.125, 71.125, 1.1804615505157204e-20, nan 
-32.875, 71.125, 5.709210367807722e-21, nan 
-32.625, 71.125, 3.452972051420971e-21, nan 
-32.375, 71.125, 7.250526478733505e-21, nan 
-32.125, 71.125, 6.4492326126346466e-21, nan 
-31.875, 71.125, 9.950680010325984e-21, nan 
-31.625, 71.125, 1.2518552596324604e-20, nan 
-31.375, 71.125, 1.5307422453474553e-20, nan 
-31.125, 71.125, 1.539317977373062e-20, nan 
-30.875, 71.125, 1.436240836876546e-20, nan 
-30.625, 71.125, 1.2599754451784139e-20, nan 
-30.375, 71.125, 8.936089649200811e-21, nan 
-30.125, 71.125, 9.880920145530002e-21, nan 
-29.875, 71.125, 9.039575073154233e-21, nan 
-29.625, 71.125, 5.6125320439659605e-21, nan 
-29.375, 71.125, 5.18715696863974e-21, nan 
-29.125, 71.125, 1.1344794688344286e-20, nan 
-28.875, 71.125, 1.5599229364777134e-20, nan 
-28.625, 71.125, 1.435703669874012e-20, nan 
-28.375, 71.125, 1.7486588984822495e-20, nan 
-28.125, 71.125, 2.351122828040854e-20, nan 
-27.875, 71.125, 2.2163255452124925e-20, nan 
-27.625, 71.125, 2.1551389584782352e-20, nan 
-27.375, 71.125, 2.1648799460954966e-20, nan 
-27.125, 71.125, 1.6802618426422614e-20, nan 
-26.875, 71.125, 1.641345246858908e-20, nan 
-26.625, 71.125, 1.7806580866614224e-20, nan 
-26.375, 71.125, 1.5861636667633114e-20, nan 
-26.125, 71.125, 1.4536392875272973e-20, nan 
-25.875, 71.125, 9.575034514021617e-21, nan 
-25.625, 71.125, 1.33943030871651e-20, nan 
-25.375, 71.125, 1.9052486598156215e-20, nan 
-25.125, 71.125, 6.675668820393425e-21, nan 
-24.875, 71.125, 4.680919669009983e-21, nan 
-24.625, 71.125, 9.262680322574438e-21, nan 
-24.375, 71.125, 5.7290492179646655e-21, nan 
-24.125, 71.125, 9.37406674359859e-21, nan 
-23.875, 71.125, 4.502980431223901e-21, nan 
-23.625, 71.125, 4.415604074661423e-21, nan 
-23.375, 71.125, 6.3059641179890006e-21, nan 
-23.125, 71.125, 5.538234430374839e-21, nan 
-22.875, 71.125, 3.914437277517039e-21, nan 
-22.625, 71.125, 4.315801287922904e-21, nan 
-22.375, 71.125, 5.356929426035185e-21, nan 
-22.125, 71.125, 5.674587251323632e-21, nan 
-21.875, 71.125, 4.5136026332765085e-21, nan 
-21.625, 71.125, 5.308376125457828e-21, nan 
-21.375, 71.125, 7.705001962518346e-21, nan 
-21.125, 71.125, 8.92472460208218e-21, nan 
-20.875, 71.125, 8.333520030530312e-21, nan 
-20.625, 71.125, 7.640770171579472e-21, nan 
-20.375, 71.125, 8.628051095099147e-21, nan 
-20.125, 71.125, 7.473811399514387e-21, nan 
-19.875, 71.125, 6.291758035876487e-21, nan 
-19.625, 71.125, 4.32928012600511e-21, nan 
-19.375, 71.125, 5.9204035067044855e-21, nan 
-19.125, 71.125, 4.820868759058888e-21, nan 
-18.875, 71.125, 3.763447874625272e-21, nan 
-18.625, 71.125, 4.8693611532293925e-21, nan 
-18.375, 71.125, 3.1995686512295133e-21, nan 
-18.125, 71.125, 5.8644808654696976e-21, nan 
-17.875, 71.125, 7.625958186061772e-21, nan 
-17.625, 71.125, 4.6438268150236985e-21, nan 
-17.375, 71.125, 5.0685588465754716e-21, nan 
-17.125, 71.125, 8.11707397069167e-21, nan 
-16.875, 71.125, 4.826483980847033e-21, nan 
-16.625, 71.125, 3.3224935023546067e-21, nan 
-16.375, 71.125, 4.512366091624174e-21, nan 
-16.125, 71.125, 4.690890778371322e-21, nan 
-15.875, 71.125, 6.072373540726071e-21, nan 
-15.625, 71.125, 6.173641225689993e-21, nan 
-15.375, 71.125, 7.537414949793148e-21, nan 
-15.125, 71.125, 6.952849378983244e-21, nan 
-14.875, 71.125, 8.029530289314545e-21, nan 
-14.625, 71.125, 6.870089413346044e-21, nan 
-14.375, 71.125, 5.329583159484031e-21, nan 
-14.125, 71.125, 5.692740948716686e-21, nan 
-13.875, 71.125, 4.830243926329879e-21, nan 
-13.625, 71.125, 2.6997838326849137e-21, nan 
-13.375, 71.125, 5.135422212960331e-21, nan 
-13.125, 71.125, 4.415095403901059e-21, nan 
-12.875, 71.125, 2.8404157191012018e-21, nan 
-12.625, 71.125, 2.58800563313633e-21, nan 
-12.375, 71.125, 6.001040910470414e-21, nan 
-12.125, 71.125, 3.558831746733512e-21, nan 
-11.875, 71.125, 4.0695214388116585e-21, nan 
-11.625, 71.125, 4.444306323738252e-21, nan 
-11.375, 71.125, 1.1823586627350253e-20, nan 
-11.125, 71.125, 1.3584460495407373e-20, nan 
-10.875, 71.125, 9.542396511135864e-21, nan 
-10.625, 71.125, 1.820430424516635e-20, nan 
-10.375, 71.125, 2.0764283669948826e-20, nan 
-10.125, 71.125, 1.3806147901215243e-20, nan 
-9.875, 71.125, 1.9015365912239344e-20, nan 
-9.625, 71.125, 9.343841871229255e-21, nan 
-9.375, 71.125, 6.32165128192064e-21, nan 
-9.125, 71.125, 9.882038248201263e-21, nan 
-8.875, 71.125, 1.2775925019409173e-21, nan 
-8.625, 71.125, 1.1352909213199223e-21, nan 
-8.375, 71.125, 1.5529123457352147e-21, nan 
-8.125, 71.125, 2.216904644170596e-21, nan 
-7.875, 71.125, 1.4370291899638726e-21, nan 
-7.625, 71.125, 1.3694904357747131e-21, nan 
-7.375, 71.125, 2.017463214936501e-21, nan 
-7.125, 71.125, 2.3048675114816833e-21, nan 
-6.875, 71.125, 1.316383577851793e-21, nan 
-6.625, 71.125, 2.0055737157725995e-21, nan 
-6.375, 71.125, 2.5915417285790635e-21, nan 
-6.125, 71.125, 2.2728163683722098e-21, nan 
-5.875, 71.125, 1.776840133294934e-21, nan 
-5.625, 71.125, 2.3268503223895083e-21, nan 
-5.375, 71.125, 2.219557868418333e-21, nan 
-5.125, 71.125, 1.7587842921550157e-21, nan 
-4.875, 71.125, 1.4020235237026908e-21, nan 
-4.625, 71.125, 7.834696688822425e-22, nan 
-4.375, 71.125, 1.7447853194044975e-21, nan 
-4.125, 71.125, 1.696295454850969e-21, nan 
-3.875, 71.125, 1.4670365433856845e-21, nan 
-3.625, 71.125, 1.914792455738657e-21, nan 
-3.375, 71.125, 1.768585606780742e-21, nan 
-3.125, 71.125, 1.701407965749301e-21, nan 
-2.875, 71.125, 1.423648204556155e-21, nan 
-2.625, 71.125, 1.3111753512471456e-21, nan 
-2.375, 71.125, 1.2478904260098135e-21, nan 
-2.125, 71.125, 9.128830100014504e-22, nan 
-1.875, 71.125, 1.5466377050073265e-21, nan 
-1.625, 71.125, 1.5523674862971342e-21, nan 
-1.375, 71.125, 1.3086330778172253e-21, nan 
-1.125, 71.125, 1.514491406833031e-21, nan 
-0.875, 71.125, 1.7975275859742264e-21, nan 
-0.625, 71.125, 2.4078806792119953e-21, nan 
-0.375, 71.125, 1.885020307672122e-21, nan 
-0.125, 71.125, 1.8422860445121094e-21, nan 
0.125, 71.125, 2.48428068542724e-21, nan 
0.375, 71.125, 2.105221222398339e-21, nan 
0.625, 71.125, 1.5103899220163458e-21, nan 
0.875, 71.125, 9.04980894672917e-22, nan 
1.125, 71.125, 1.3784444653385415e-21, nan 
1.375, 71.125, 9.8924106284306e-22, nan 
1.625, 71.125, 8.366379439141243e-22, nan 
1.875, 71.125, 1.401050357551963e-21, nan 
2.125, 71.125, 9.3253347587027e-22, nan 
2.375, 71.125, 7.124704929177674e-22, nan 
2.625, 71.125, 1.793802391757572e-21, nan 
2.875, 71.125, 1.1005507010977643e-21, nan 
3.125, 71.125, 5.777570015948996e-22, nan 
3.375, 71.125, 8.519852864861588e-22, nan 
3.625, 71.125, 9.581349447902124e-22, nan 
3.875, 71.125, 1.0697186169793382e-21, nan 
4.125, 71.125, 7.623665319932496e-22, nan 
4.375, 71.125, 4.937227561371476e-22, nan 
4.625, 71.125, 6.376748597293255e-22, nan 
4.875, 71.125, 3.487713003888604e-22, nan 
5.125, 71.125, 1.362237123443086e-22, nan 
5.375, 71.125, 1.246052009181348e-22, nan 
5.625, 71.125, 2.1699938158960123e-22, nan 
5.875, 71.125, 3.7685486344806855e-22, nan 
6.125, 71.125, 7.735503983560471e-23, nan 
6.375, 71.125, 2.0044176244341924e-22, nan 
6.625, 71.125, 2.985863489442508e-22, nan 
6.875, 71.125, 4.1223221857519495e-22, nan 
7.125, 71.125, 5.441021401589939e-22, nan 
7.375, 71.125, 4.379026605831251e-22, nan 
7.625, 71.125, 4.645456683508226e-22, nan 
7.875, 71.125, 5.425432722690258e-22, nan 
8.125, 71.125, 3.724370623221439e-22, nan 
8.375, 71.125, 2.8126482409698737e-22, nan 
8.625, 71.125, 4.01037980895916e-22, nan 
8.875, 71.125, 3.683178161177603e-22, nan 
9.125, 71.125, 3.418393002901892e-22, nan 
9.375, 71.125, 3.825128819773607e-22, nan 
9.625, 71.125, 3.5076782480283876e-22, nan 
9.875, 71.125, 3.4325270465227144e-22, nan 
10.125, 71.125, 2.5645267674978247e-22, nan 
10.375, 71.125, 7.623994201569369e-22, nan 
10.625, 71.125, 2.414796617114035e-22, nan 
10.875, 71.125, 4.879538194863908e-22, nan 
11.125, 71.125, 2.5978970665937853e-22, nan 
11.375, 71.125, 1.6588421847286131e-22, nan 
11.625, 71.125, 6.056877234521894e-22, nan 
11.875, 71.125, 2.3788878013337406e-22, nan 
12.125, 71.125, 1.8596091955119672e-22, nan 
12.375, 71.125, 2.35210192804795e-22, nan 
12.625, 71.125, 1.8592195411779015e-22, nan 
12.875, 71.125, 2.1940850295756173e-22, nan 
13.125, 71.125, 1.7039273033451976e-22, nan 
13.375, 71.125, 1.7638597450631386e-22, nan 
13.625, 71.125, 1.8256567442634657e-22, nan 
13.875, 71.125, 1.6096064195586272e-22, nan 
14.125, 71.125, 1.411627865688825e-22, nan 
14.375, 71.125, 1.4693525481409182e-22, nan 
14.625, 71.125, 1.7632127441749144e-22, nan 
14.875, 71.125, 1.5605416924909956e-22, nan 
15.125, 71.125, 8.735169230857408e-23, nan 
15.375, 71.125, 6.341181955199609e-23, nan 
15.625, 71.125, 4.836817129239794e-23, nan 
15.875, 71.125, 1.65229505649756e-22, nan 
16.125, 71.125, 1.1645260224594686e-22, nan 
16.375, 71.125, 1.1511948709066582e-22, nan 
16.625, 71.125, 2.2548263728304693e-22, nan 
16.875, 71.125, 1.2758307213444633e-22, nan 
17.125, 71.125, 9.620024496554202e-23, nan 
17.375, 71.125, 4.836028064944319e-23, nan 
17.625, 71.125, 5.527969683027466e-23, nan 
17.875, 71.125, 7.218182245829853e-23, nan 
18.125, 71.125, 7.132212946620286e-23, nan 
18.375, 71.125, 1.0953366460719732e-22, nan 
18.625, 71.125, 1.4586075202016257e-22, nan 
18.875, 71.125, 1.1236284062968341e-22, nan 
19.125, 71.125, 1.279066291382469e-22, nan 
19.375, 71.125, 1.3505182016150209e-22, nan 
19.625, 71.125, 1.1458612954006164e-22, nan 
19.875, 71.125, 1.3117733962165028e-22, nan 
20.125, 71.125, 1.3273516558913076e-22, nan 
20.375, 71.125, 1.0730788761730022e-22, nan 
20.625, 71.125, 1.1109532587515586e-22, nan 
20.875, 71.125, 1.1430893639226555e-22, nan 
21.125, 71.125, 1.0109779829097433e-22, nan 
21.375, 71.125, 9.224321192074837e-23, nan 
21.625, 71.125, 1.0618026883430616e-22, nan 
21.875, 71.125, 9.217914385116376e-23, nan 
22.125, 71.125, 8.031714907653956e-23, nan 
22.375, 71.125, 9.834216051744491e-23, nan 
22.625, 71.125, 7.178191027157085e-23, nan 
22.875, 71.125, 1.181164942400244e-22, nan 
23.125, 71.125, 1.0930032768532417e-22, nan 
23.375, 71.125, 8.718117079811776e-23, nan 
23.625, 71.125, 1.0354175767409002e-22, nan 
23.875, 71.125, 1.1504413695761647e-22, nan 
24.125, 71.125, 9.95906740028909e-23, nan 
24.375, 71.125, 9.109332424764756e-23, nan 
24.625, 71.125, 6.883563181153962e-23, nan 
24.875, 71.125, 8.272122416350792e-23, nan 
25.125, 71.125, 7.284159460609647e-23, nan 
25.375, 71.125, 8.133164704976049e-23, nan 
25.625, 71.125, 8.503021904991291e-23, nan 
25.875, 71.125, 7.770697227754526e-23, nan 
26.125, 71.125, 7.999590946587614e-23, nan 
26.375, 71.125, 1.1438046808284932e-22, nan 
26.625, 71.125, 1.4274902844803923e-22, nan 
26.875, 71.125, 1.6982901903979056e-22, nan 
27.125, 71.125, 1.6914841998119788e-22, nan 
27.375, 71.125, 1.653997021637283e-22, nan 
27.625, 71.125, 1.5626309177872352e-22, nan 
27.875, 71.125, 1.426357059811814e-22, nan 
28.125, 71.125, 1.4029068597383715e-22, nan 
28.375, 71.125, 1.2760858864685115e-22, nan 
28.625, 71.125, 1.1993134078812453e-22, nan 
28.875, 71.125, 1.0717237240058976e-22, nan 
29.125, 71.125, 6.821096717331225e-23, nan 
29.375, 71.125, 6.179719477964545e-23, nan 
29.625, 71.125, 3.812604102836414e-23, nan 
29.875, 71.125, 4.046582348162596e-23, nan 
30.125, 71.125, 3.324129616490338e-23, nan 
30.375, 71.125, 2.5427425722425627e-23, nan 
30.625, 71.125, 2.4681324903190313e-23, nan 
30.875, 71.125, 2.947967939616129e-23, nan 
31.125, 71.125, 3.9577390021334115e-23, nan 
31.375, 71.125, 2.9804663141061583e-23, nan 
31.625, 71.125, 1.6149241545103887e-23, nan 
31.875, 71.125, 1.7121404611263523e-23, nan 
32.125, 71.125, 1.967322667281136e-23, nan 
32.375, 71.125, 2.29903684285491e-23, nan 
32.625, 71.125, 1.747007486672269e-23, nan 
32.875, 71.125, 2.1653027960837946e-23, nan 
33.125, 71.125, 2.4255068334607943e-23, nan 
33.375, 71.125, 1.9395290923974302e-23, nan 
33.625, 71.125, 2.4645346945908637e-23, nan 
33.875, 71.125, 1.775470270187764e-23, nan 
34.125, 71.125, 1.5980244241239434e-23, nan 
34.375, 71.125, 2.5462713285896978e-23, nan 
34.625, 71.125, 2.174079300125227e-23, nan 
34.875, 71.125, 1.4176313797690285e-23, nan 
35.125, 71.125, 1.241834734272118e-23, nan 
35.375, 71.125, 2.2919140529528635e-23, nan 
35.625, 71.125, 9.430053415666812e-24, nan 
35.875, 71.125, 1.4925935792080086e-23, nan 
36.125, 71.125, 1.3696404733229044e-23, nan 
36.375, 71.125, 1.6886695870122762e-23, nan 
36.625, 71.125, 1.2415658039091843e-23, nan 
36.875, 71.125, 2.0350837828331286e-23, nan 
37.125, 71.125, 2.257479165603795e-23, nan 
37.375, 71.125, 2.844660963786879e-23, nan 
37.625, 71.125, 3.8482934491721236e-23, nan 
37.875, 71.125, 2.4029985514317374e-23, nan 
38.125, 71.125, 3.9814484964201493e-23, nan 
38.375, 71.125, 5.417638159035446e-23, nan 
38.625, 71.125, 3.050929816703941e-23, nan 
38.875, 71.125, 3.209143624248563e-23, nan 
39.125, 71.125, 2.7360618975825617e-23, nan 
39.375, 71.125, 2.672955018452109e-23, nan 
39.625, 71.125, 2.2036295153373255e-23, nan 
39.875, 71.125, 1.89786465184892e-23, nan 
40.125, 71.125, 3.589783291315878e-23, nan 
40.375, 71.125, 2.1534214189328085e-23, nan 
40.625, 71.125, 1.6007844983783253e-23, nan 
40.875, 71.125, 4.270487409875225e-23, nan 
41.125, 71.125, 3.2566797446101675e-23, nan 
41.375, 71.125, 2.3450471450786062e-23, nan 
41.625, 71.125, 1.7764823519285874e-23, nan 
41.875, 71.125, 1.7413938035288101e-23, nan 
42.125, 71.125, 1.3290790639229344e-23, nan 
42.375, 71.125, 7.674122701467643e-24, nan 
42.625, 71.125, 9.636333986941625e-24, nan 
42.875, 71.125, 7.326183371632037e-24, nan 
43.125, 71.125, 1.2497217081714783e-23, nan 
43.375, 71.125, 1.4942533911821046e-23, nan 
43.625, 71.125, 1.630468839481089e-23, nan 
43.875, 71.125, 2.186840201805223e-23, nan 
44.125, 71.125, 1.9755652577733404e-23, nan 
44.375, 71.125, 1.9817476804943017e-23, nan 
44.625, 71.125, 3.071442285791722e-23, nan 
44.875, 71.125, 1.4291537511435898e-23, nan 
45.125, 71.125, 3.321719505857909e-23, nan 
45.375, 71.125, 4.2921633392592277e-23, nan 
45.625, 71.125, 5.38164492292684e-24, nan 
45.875, 71.125, 4.8589933119877254e-23, nan 
46.125, 71.125, 5.1825541292885244e-23, nan 
46.375, 71.125, 1.1506165033889623e-23, nan 
46.625, 71.125, 2.6916545624858186e-23, nan 
46.875, 71.125, 2.324684206748226e-23, nan 
47.125, 71.125, 2.229082707423583e-23, nan 
47.375, 71.125, 1.5206023031300542e-23, nan 
47.625, 71.125, 1.4264324009410415e-23, nan 
47.875, 71.125, 2.4638463535293987e-23, nan 
48.125, 71.125, 1.617157521104934e-23, nan 
48.375, 71.125, 1.8886466757289205e-23, nan 
48.625, 71.125, 1.754679345455988e-23, nan 
48.875, 71.125, 8.699215503819197e-24, nan 
49.125, 71.125, 5.94501886179052e-24, nan 
49.375, 71.125, 1.2125314021813355e-23, nan 
49.625, 71.125, 2.016054292477256e-23, nan 
49.875, 71.125, 2.652326006588628e-23, nan 
50.125, 71.125, 1.60882418859157e-23, nan 
50.375, 71.125, 3.704183744100089e-23, nan 
50.625, 71.125, 5.1047066251363467e-23, nan 
50.875, 71.125, 3.596707658258665e-23, nan 
51.125, 71.125, 2.2448349985399035e-23, nan 
51.375, 71.125, 3.334936349403833e-23, nan 
51.625, 71.125, 2.6112507312477957e-23, nan 
51.875, 71.125, 1.4827901828627808e-23, nan 
52.125, 71.125, 1.3806750795675325e-23, nan 
52.375, 71.125, 1.8497349745617847e-23, nan 
52.625, 71.125, 9.777335085908939e-24, nan 
52.875, 71.125, 1.0220017274025005e-23, nan 
53.125, 71.125, 1.347110391454439e-23, nan 
53.375, 71.125, 1.1961978288083204e-23, nan 
53.625, 71.125, 2.4081971745684312e-23, nan 
53.875, 71.125, 2.6605712485644684e-23, nan 
54.125, 71.125, 1.787376197736589e-23, nan 
54.375, 71.125, 1.1703034082465285e-23, nan 
54.625, 71.125, 1.669236581450272e-23, nan 
54.875, 71.125, 1.662088894882627e-23, nan 
55.125, 71.125, 1.5038309021634576e-23, nan 
55.375, 71.125, 1.1300863396610901e-23, nan 
55.625, 71.125, 6.761980869034463e-24, nan 
55.875, 71.125, 7.895366577131886e-24, nan 
56.125, 71.125, 6.079693814762136e-24, nan 
56.375, 71.125, 9.151953128563503e-24, nan 
56.625, 71.125, 9.404826519598443e-24, nan 
56.875, 71.125, 8.754957301058586e-24, nan 
57.125, 71.125, 1.7192026822934907e-23, nan 
57.375, 71.125, 1.9768348822291665e-23, nan 
57.625, 71.125, 1.7126671781181985e-23, nan 
57.875, 71.125, 1.5729149154361491e-23, nan 
58.125, 71.125, 1.827567671290466e-23, nan 
58.375, 71.125, 1.9257532510171075e-23, nan 
58.625, 71.125, 1.2677743510902066e-23, nan 
58.875, 71.125, 8.448377688172065e-24, nan 
59.125, 71.125, 4.8963087965747435e-24, nan 
59.375, 71.125, 2.4201268178833388e-24, nan 
59.625, 71.125, 7.041976431444217e-24, nan 
59.875, 71.125, 1.6552563018325137e-23, nan 
60.125, 71.125, 2.897796539954806e-23, nan 
60.375, 71.125, 3.10126956864574e-23, nan 
60.625, 71.125, 2.702982321087527e-23, nan 
60.875, 71.125, 3.406483174903705e-23, nan 
61.125, 71.125, 2.9234029256229487e-23, nan 
61.375, 71.125, 2.061333292533072e-23, nan 
61.625, 71.125, 1.270957705348238e-23, nan 
61.875, 71.125, 9.136850792300567e-24, nan 
62.125, 71.125, 1.1975417096595819e-23, nan 
62.375, 71.125, 1.076844592507561e-23, nan 
62.625, 71.125, 6.932609800187382e-24, nan 
62.875, 71.125, 8.216572482988954e-24, nan 
63.125, 71.125, 6.5489992284466534e-24, nan 
63.375, 71.125, 7.629274730373908e-24, nan 
63.625, 71.125, 7.332744399525502e-24, nan 
63.875, 71.125, 5.920818365436706e-24, nan 
64.125, 71.125, 6.303459067627626e-24, nan 
64.375, 71.125, 6.425702764445931e-24, nan 
64.625, 71.125, 2.6086699057651864e-24, nan 
64.875, 71.125, 5.3138036545548266e-24, nan 
65.125, 71.125, 5.342934841094119e-24, nan 
65.375, 71.125, 2.4622788850728065e-24, nan 
65.625, 71.125, 4.1382131159404044e-24, nan 
65.875, 71.125, 3.2380628720891574e-24, nan 
66.125, 71.125, 3.907260612223713e-24, nan 
66.375, 71.125, 7.230901304046841e-24, nan 
66.625, 71.125, 7.351544090684577e-24, nan 
66.875, 71.125, 7.086857634824416e-24, nan 
67.125, 71.125, 9.32103005884004e-24, nan 
67.375, 71.125, 6.898961782736183e-24, nan 
67.625, 71.125, 5.015172293631016e-24, nan 
67.875, 71.125, 4.391778517185531e-24, nan 
68.125, 71.125, 4.9347560192264565e-24, nan 
68.375, 71.125, 4.544865046464891e-24, nan 
68.625, 71.125, 2.7855423293005556e-24, nan 
68.875, 71.125, 1.0007260597422089e-24, nan 
69.125, 71.125, 1.3368934824512852e-24, nan 
69.375, 71.125, 3.644243578469665e-24, nan 
69.625, 71.125, 2.8396737759500828e-24, nan 
69.875, 71.125, 2.1785168062295357e-24, nan 
70.125, 71.125, 3.0600570334095483e-24, nan 
70.375, 71.125, 2.256463967132339e-24, nan 
70.625, 71.125, 8.266159048659838e-25, nan 
70.875, 71.125, 1.337214833616196e-24, nan 
71.125, 71.125, 1.9576015363831756e-24, nan 
71.375, 71.125, 1.2359107004644695e-24, nan 
71.625, 71.125, 1.9042029259868385e-24, nan 
71.875, 71.125, 3.257594095605176e-24, nan 
72.125, 71.125, 3.4183918397061405e-24, nan 
72.375, 71.125, 4.101166697160542e-24, nan 
72.625, 71.125, 3.4941588154207034e-24, nan 
72.875, 71.125, 3.4985257866467154e-24, nan 
73.125, 71.125, 4.385935484704725e-24, nan 
73.375, 71.125, 8.772896882424061e-24, nan 
73.625, 71.125, 8.566337829971729e-24, nan 
73.875, 71.125, 6.3320431754689365e-24, nan 
74.125, 71.125, 6.74764551226118e-24, nan 
74.375, 71.125, 7.23828624929762e-24, nan 
74.625, 71.125, 3.6454421776886444e-24, nan 
74.875, 71.125, 1.9118264046170667e-24, nan 
75.125, 71.125, 2.7904493246177096e-24, nan 
75.375, 71.125, 1.696314991430058e-24, nan 
75.625, 71.125, 2.279773228521212e-24, nan 
75.875, 71.125, 2.1561168223842066e-24, nan 
76.125, 71.125, 2.249280607255478e-24, nan 
76.375, 71.125, 1.2320317777518843e-24, nan 
76.625, 71.125, 1.7257208566375628e-24, nan 
76.875, 71.125, 4.245998746186557e-24, nan 
77.125, 71.125, 2.6048613328283466e-24, nan 
77.375, 71.125, 4.245192452650217e-24, nan 
77.625, 71.125, 6.365692113274633e-24, nan 
-151.375, 71.375, 1.4534998065580031e-24, nan 
-151.125, 71.375, 1.1960773092060764e-24, nan 
-150.875, 71.375, 1.7915478777867273e-24, nan 
-150.625, 71.375, 2.0932769587990617e-24, nan 
-150.375, 71.375, 1.7512033029363165e-24, nan 
-150.125, 71.375, 1.9432160581781884e-24, nan 
-149.875, 71.375, 2.1004642080707224e-24, nan 
-149.625, 71.375, 1.8978238855656367e-24, nan 
-149.375, 71.375, 2.0744769045312762e-24, nan 
-149.125, 71.375, 1.713740644650835e-24, nan 
-148.875, 71.375, 1.726980014518892e-24, nan 
-148.625, 71.375, 1.4260144781104613e-24, nan 
-148.375, 71.375, 2.373668157356648e-24, nan 
-148.125, 71.375, 1.5092679904587173e-24, nan 
-147.875, 71.375, 1.0964763236910175e-24, nan 
-147.625, 71.375, 1.803508503515344e-24, nan 
-147.375, 71.375, 1.7451223777221512e-24, nan 
-147.125, 71.375, 3.0373102081418952e-24, nan 
-146.875, 71.375, 3.478419842084889e-24, nan 
-146.625, 71.375, 2.536657398068024e-24, nan 
-146.375, 71.375, 2.3615677882093757e-24, nan 
-146.125, 71.375, 2.0046444077194985e-24, nan 
-145.875, 71.375, 1.780417545697344e-24, nan 
-145.625, 71.375, 2.3087746079822927e-24, nan 
-145.375, 71.375, 2.5450214437958952e-24, nan 
-145.125, 71.375, 2.3616902676530268e-24, nan 
-144.875, 71.375, 2.7784450246379667e-24, nan 
-144.625, 71.375, 2.7356682985506777e-24, nan 
-144.375, 71.375, 3.3977222661326686e-24, nan 
-144.125, 71.375, 3.7320130970491176e-24, nan 
-143.875, 71.375, 1.8073258334605756e-24, nan 
-143.625, 71.375, 5.9758331194076985e-24, nan 
-143.375, 71.375, 4.3062053840158906e-24, nan 
-143.125, 71.375, 4.390280440137025e-24, nan 
-142.875, 71.375, 1.1180190878792112e-23, nan 
-142.625, 71.375, 8.051613746975304e-24, nan 
-142.375, 71.375, 4.097433956348516e-24, nan 
-142.125, 71.375, 1.2780138116687342e-23, nan 
-141.875, 71.375, 1.1797585545836986e-23, nan 
-141.625, 71.375, 9.564865657158893e-24, nan 
-141.375, 71.375, 1.0119289264951072e-23, nan 
-141.125, 71.375, 8.064931273692674e-24, nan 
-140.875, 71.375, 8.744492921752884e-24, nan 
-140.625, 71.375, 9.49814176263493e-24, nan 
-140.375, 71.375, 4.5522289061699176e-24, nan 
-140.125, 71.375, 5.5604850611815855e-24, nan 
-139.875, 71.375, 6.80543093457721e-24, nan 
-139.625, 71.375, 7.670980874140946e-24, nan 
-139.375, 71.375, 6.51952727349431e-24, nan 
-139.125, 71.375, 1.114970061419487e-23, nan 
-138.875, 71.375, 8.353491012985618e-24, nan 
-138.625, 71.375, 7.068291915811327e-24, nan 
-138.375, 71.375, 4.441002931790747e-24, nan 
-138.125, 71.375, 4.454896527949008e-24, nan 
-137.875, 71.375, 5.040856085113193e-24, nan 
-137.625, 71.375, 4.968482644028424e-24, nan 
-137.375, 71.375, 4.0631340454080394e-24, nan 
-137.125, 71.375, 2.922056812407316e-24, nan 
-136.875, 71.375, 3.405118502631116e-24, nan 
-136.625, 71.375, 3.834131357520255e-24, nan 
-136.375, 71.375, 5.674141617251482e-24, nan 
-136.125, 71.375, 5.030109762593935e-24, nan 
-135.875, 71.375, 1.7068908835997904e-24, nan 
-135.625, 71.375, 5.275262331049865e-24, nan 
-135.375, 71.375, 3.140259122196535e-24, nan 
-135.125, 71.375, 2.4364956359257e-24, nan 
-134.875, 71.375, 2.7579537625255746e-24, nan 
-134.625, 71.375, 2.6591414509175447e-24, nan 
-134.375, 71.375, 3.482439325508125e-24, nan 
-134.125, 71.375, 3.389638459308914e-24, nan 
-133.875, 71.375, 6.0344125981836804e-24, nan 
-133.625, 71.375, 7.030546452581639e-24, nan 
-133.375, 71.375, 7.288505216612371e-24, nan 
-133.125, 71.375, 4.85912996847922e-24, nan 
-132.875, 71.375, 5.575508077174154e-24, nan 
-132.625, 71.375, 3.74600865868227e-24, nan 
-132.375, 71.375, 3.790444031765377e-24, nan 
-132.125, 71.375, 4.7882138013990754e-24, nan 
-131.875, 71.375, 5.2142106475660154e-24, nan 
-131.625, 71.375, 3.4196332571199185e-24, nan 
-131.375, 71.375, 3.5991351876810955e-24, nan 
-131.125, 71.375, 4.51428791633872e-24, nan 
-130.875, 71.375, 3.419434060283362e-24, nan 
-130.625, 71.375, 2.54249833755155e-24, nan 
-130.375, 71.375, 2.0520349296545794e-24, nan 
-130.125, 71.375, 3.175102404348835e-24, nan 
-129.875, 71.375, 5.6190248307656366e-24, nan 
-129.625, 71.375, 5.3818286797661915e-24, nan 
-129.375, 71.375, 5.3190360195327206e-24, nan 
-129.125, 71.375, 6.87318650126689e-24, nan 
-128.875, 71.375, 6.4723323780605176e-24, nan 
-128.625, 71.375, 6.419506856776407e-24, nan 
-128.375, 71.375, 9.954553228846962e-24, nan 
-128.125, 71.375, 7.884711701150405e-24, nan 
-127.875, 71.375, 7.659489264885014e-24, nan 
-127.625, 71.375, 1.1306079692241272e-23, nan 
-127.375, 71.375, 1.0723313926747596e-23, nan 
-127.125, 71.375, 7.231895728936715e-24, nan 
-126.875, 71.375, 1.947541444538283e-23, nan 
-126.625, 71.375, 2.7118434196145923e-23, nan 
-126.375, 71.375, 1.0117862291315832e-23, nan 
-126.125, 71.375, 2.0363314708455737e-23, nan 
-125.875, 71.375, 3.580556736492927e-23, nan 
-125.625, 71.375, 1.7454722908824045e-23, nan 
-125.375, 71.375, 8.867046815972959e-24, nan 
-125.125, 71.375, 1.9574963629663875e-23, nan 
-124.875, 71.375, 8.984770254376564e-24, nan 
-124.625, 71.375, 8.257080273563815e-24, nan 
-124.375, 71.375, 2.0314635283410607e-23, nan 
-124.125, 71.375, 3.2237322592726176e-23, nan 
-123.875, 71.375, 6.585030717620844e-24, nan 
-123.625, 71.375, 2.4702381901798796e-24, nan 
-123.375, 71.375, 3.230137021850645e-24, nan 
-123.125, 71.375, 6.913439073933246e-24, nan 
-122.875, 71.375, 4.986457156726166e-24, nan 
-122.625, 71.375, 4.559488550448475e-24, nan 
-122.375, 71.375, 1.3658396453368452e-23, nan 
-122.125, 71.375, 1.8109738635873203e-23, nan 
-121.875, 71.375, 1.2743458237839217e-23, nan 
-121.625, 71.375, 9.819675614556625e-24, nan 
-121.375, 71.375, 8.803293462397897e-24, nan 
-121.125, 71.375, 6.232161093865401e-24, nan 
-120.875, 71.375, 7.579498722405597e-24, nan 
-120.625, 71.375, 7.448698331005779e-24, nan 
-120.375, 71.375, 6.785615732282467e-24, nan 
-120.125, 71.375, 7.573219785719237e-24, nan 
-119.875, 71.375, 1.0116470342196637e-23, nan 
-119.625, 71.375, 1.0384013215750308e-23, nan 
-119.375, 71.375, 1.1178518389733196e-23, nan 
-119.125, 71.375, 6.431856800053355e-24, nan 
-118.875, 71.375, 9.416411831161916e-24, nan 
-118.625, 71.375, 7.270885552290558e-24, nan 
-118.375, 71.375, 9.850015037458818e-24, nan 
-118.125, 71.375, 9.932597190557376e-24, nan 
-117.875, 71.375, 8.381878079520145e-24, nan 
-117.625, 71.375, 1.0087121990589098e-23, nan 
-117.375, 71.375, 1.3697449114354587e-23, nan 
-117.125, 71.375, 1.3670473921800663e-23, nan 
-116.875, 71.375, 1.8517290671507238e-23, nan 
-116.625, 71.375, 1.1571456652430742e-23, nan 
-116.375, 71.375, 4.2191754554491366e-24, nan 
-116.125, 71.375, 5.521811758645854e-24, nan 
-115.875, 71.375, 3.99873967467525e-24, nan 
-115.625, 71.375, 4.427975194833404e-24, nan 
-115.375, 71.375, 3.368216838715313e-24, nan 
-115.125, 71.375, 2.941792760078174e-24, nan 
-114.875, 71.375, 2.6495678756397754e-24, nan 
-114.625, 71.375, 3.53619905446713e-24, nan 
-114.375, 71.375, 5.0000082913110036e-24, nan 
-114.125, 71.375, 7.223427462500553e-24, nan 
-113.875, 71.375, 7.000505614399513e-24, nan 
-113.625, 71.375, 6.262801068222036e-24, nan 
-113.375, 71.375, 9.697479721256481e-24, nan 
-113.125, 71.375, 1.617015137546446e-23, nan 
-112.875, 71.375, 1.583526008275871e-23, nan 
-112.625, 71.375, 1.7090922434770488e-23, nan 
-112.375, 71.375, 2.5823470961095752e-23, nan 
-112.125, 71.375, 1.880141282235129e-23, nan 
-111.875, 71.375, 1.5515168727702935e-23, nan 
-111.625, 71.375, 1.245604819226577e-23, nan 
-111.375, 71.375, 1.1691051973838589e-23, nan 
-111.125, 71.375, 8.702534445860209e-24, nan 
-110.875, 71.375, 2.1840257478029746e-23, nan 
-110.625, 71.375, 1.6941169347427282e-23, nan 
-110.375, 71.375, 2.3334674614688554e-23, nan 
-110.125, 71.375, 2.731997993855392e-23, nan 
-109.875, 71.375, 2.61324861386323e-23, nan 
-109.625, 71.375, 3.206243136735213e-23, nan 
-109.375, 71.375, 3.846939345363604e-23, nan 
-109.125, 71.375, 1.5273174840955528e-23, nan 
-108.875, 71.375, 1.3709937599964607e-23, nan 
-108.625, 71.375, 2.4423997795300595e-23, nan 
-108.375, 71.375, 1.9084172205789332e-23, nan 
-108.125, 71.375, 1.6806372983677663e-23, nan 
-107.875, 71.375, 1.672312865335477e-23, nan 
-107.625, 71.375, 1.392780698339338e-23, nan 
-107.375, 71.375, 1.4339037206672285e-23, nan 
-107.125, 71.375, 2.0740282298741887e-23, nan 
-106.875, 71.375, 1.2700414791223081e-23, nan 
-106.625, 71.375, 1.0297671961806538e-23, nan 
-106.375, 71.375, 1.002463614419819e-23, nan 
-106.125, 71.375, 1.2768300096342954e-23, nan 
-105.875, 71.375, 1.3726128820497152e-23, nan 
-105.625, 71.375, 1.3042532411062029e-23, nan 
-105.375, 71.375, 1.3841940929258786e-23, nan 
-105.125, 71.375, 1.419386854658258e-23, nan 
-104.875, 71.375, 1.1364298092360092e-23, nan 
-104.625, 71.375, 1.7415852372302973e-23, nan 
-104.375, 71.375, 9.082846272276392e-24, nan 
-104.125, 71.375, 9.890448710514624e-24, nan 
-103.875, 71.375, 3.0842647183226074e-23, nan 
-103.625, 71.375, 2.3996477301326437e-23, nan 
-103.375, 71.375, 1.653558099303695e-23, nan 
-103.125, 71.375, 2.412373772378175e-23, nan 
-102.875, 71.375, 2.2647968171968617e-23, nan 
-102.625, 71.375, 1.875149475460476e-23, nan 
-102.375, 71.375, 9.546964595003238e-24, nan 
-102.125, 71.375, 4.897355733036638e-24, nan 
-101.875, 71.375, 9.611137422146222e-24, nan 
-101.625, 71.375, 5.941856204863298e-24, nan 
-101.375, 71.375, 9.008729431896464e-24, nan 
-101.125, 71.375, 1.520315562161306e-23, nan 
-100.875, 71.375, 1.555109076781375e-23, nan 
-100.625, 71.375, 1.662767667648561e-23, nan 
-100.375, 71.375, 9.078748790410356e-24, nan 
-100.125, 71.375, 1.841386737142717e-23, nan 
-99.875, 71.375, 1.878574653230733e-23, nan 
-99.625, 71.375, 1.7815402203752753e-23, nan 
-99.375, 71.375, 2.588423294542376e-23, nan 
-99.125, 71.375, 2.019698028356727e-23, nan 
-98.875, 71.375, 2.3242511422509609e-23, nan 
-98.625, 71.375, 2.3896675334873684e-23, nan 
-98.375, 71.375, 2.1697288055312275e-23, nan 
-98.125, 71.375, 3.005024663767273e-23, nan 
-97.875, 71.375, 1.4948180033225057e-23, nan 
-97.625, 71.375, 2.0383218668493744e-23, nan 
-97.375, 71.375, 2.460278441163563e-23, nan 
-97.125, 71.375, 2.4266028180864768e-23, nan 
-96.875, 71.375, 2.3051089312506112e-23, nan 
-96.625, 71.375, 2.4356083578702958e-23, nan 
-96.375, 71.375, 2.3320867460009298e-23, nan 
-96.125, 71.375, 2.0922503155638054e-23, nan 
-95.875, 71.375, 1.9421156310710004e-23, nan 
-95.625, 71.375, 2.3201708207418904e-23, nan 
-95.375, 71.375, 2.5479611369771653e-23, nan 
-95.125, 71.375, 2.7547912130619475e-23, nan 
-94.875, 71.375, 2.0977849484183754e-23, nan 
-94.625, 71.375, 1.951890086946061e-23, nan 
-94.375, 71.375, 2.1643389439878337e-23, nan 
-94.125, 71.375, 2.2308939806521544e-23, nan 
-93.875, 71.375, 2.825046558739079e-23, nan 
-93.625, 71.375, 2.5298367107325857e-23, nan 
-93.375, 71.375, 2.4184477257440724e-23, nan 
-93.125, 71.375, 2.0647971921506248e-23, nan 
-92.875, 71.375, 2.7983058110622346e-23, nan 
-92.625, 71.375, 2.5981542790339176e-23, nan 
-92.375, 71.375, 2.1867906661801298e-23, nan 
-92.125, 71.375, 1.9969306345379842e-23, nan 
-91.875, 71.375, 2.284671194349736e-23, nan 
-91.625, 71.375, 2.3819631818409273e-23, nan 
-91.375, 71.375, 1.953408838956163e-23, nan 
-91.125, 71.375, 1.7230419495903714e-23, nan 
-90.875, 71.375, 2.1153536063977135e-23, nan 
-90.625, 71.375, 2.2367047334951156e-23, nan 
-90.375, 71.375, 2.6076504725391288e-23, nan 
-90.125, 71.375, 2.50231857975175e-23, nan 
-89.875, 71.375, 2.816501880811899e-23, nan 
-89.625, 71.375, 3.0297228399560226e-23, nan 
-89.375, 71.375, 2.8577290863098177e-23, nan 
-89.125, 71.375, 2.8514300276741946e-23, nan 
-88.875, 71.375, 2.3257541888168502e-23, nan 
-88.625, 71.375, 2.3729938751847134e-23, nan 
-88.375, 71.375, 2.4413659648403267e-23, nan 
-88.125, 71.375, 2.3353647658560096e-23, nan 
-87.875, 71.375, 2.4620798359211734e-23, nan 
-87.625, 71.375, 2.9983462440755376e-23, nan 
-87.375, 71.375, 3.711151639720157e-23, nan 
-87.125, 71.375, 4.799852430042942e-23, nan 
-86.875, 71.375, 4.9925366146486515e-23, nan 
-86.625, 71.375, 5.141220407923593e-23, nan 
-86.375, 71.375, 5.667148102604369e-23, nan 
-86.125, 71.375, 5.0459946376828955e-23, nan 
-85.875, 71.375, 5.1267536720870953e-23, nan 
-85.625, 71.375, 5.77147369629217e-23, nan 
-85.375, 71.375, 5.314731340581586e-23, nan 
-85.125, 71.375, 3.1448530225340924e-23, nan 
-84.875, 71.375, 2.676801374937785e-23, nan 
-84.625, 71.375, 4.777443242489908e-23, nan 
-84.375, 71.375, 4.365341189138806e-23, nan 
-84.125, 71.375, 4.3015358410188267e-23, nan 
-83.875, 71.375, 5.938831028870084e-23, nan 
-83.625, 71.375, 6.24477328746138e-23, nan 
-83.375, 71.375, 6.532857219023316e-23, nan 
-83.125, 71.375, 5.645595035697107e-23, nan 
-82.875, 71.375, 5.956852643791341e-23, nan 
-82.625, 71.375, 5.1792672615911974e-23, nan 
-82.375, 71.375, 5.134272237705016e-23, nan 
-82.125, 71.375, 4.414765486752123e-23, nan 
-81.875, 71.375, 4.752977486049403e-23, nan 
-81.625, 71.375, 5.1835836718779945e-23, nan 
-81.375, 71.375, 6.395006324112046e-23, nan 
-81.125, 71.375, 5.708989611693748e-23, nan 
-80.875, 71.375, 5.046715210409712e-23, nan 
-80.625, 71.375, 4.355655739572707e-23, nan 
-80.375, 71.375, 3.780732602221644e-23, nan 
-80.125, 71.375, 3.8748209863277773e-23, nan 
-79.875, 71.375, 5.76017590453626e-23, nan 
-79.625, 71.375, 5.747720200585738e-23, nan 
-79.375, 71.375, 4.3751412072749176e-23, nan 
-79.125, 71.375, 3.404184952743389e-23, nan 
-78.875, 71.375, 5.249745242668571e-23, nan 
-78.625, 71.375, 4.8551132482887746e-23, nan 
-78.375, 71.375, 3.687534283326303e-23, nan 
-78.125, 71.375, 4.277509418515555e-23, nan 
-77.875, 71.375, 4.0810218124864215e-23, nan 
-77.625, 71.375, 3.315045134083648e-23, nan 
-77.375, 71.375, 3.2639859011014636e-23, nan 
-77.125, 71.375, 3.621265401319697e-23, nan 
-76.875, 71.375, 3.8632160233422556e-23, nan 
-76.625, 71.375, 2.4025289175024885e-23, nan 
-76.375, 71.375, 2.348700257679232e-23, nan 
-76.125, 71.375, 3.3872995385767006e-23, nan 
-75.875, 71.375, 3.6901999233909487e-23, nan 
-75.625, 71.375, 3.8873338771037125e-23, nan 
-75.375, 71.375, 4.2849582074613487e-23, nan 
-75.125, 71.375, 1.788449949779731e-23, nan 
-74.875, 71.375, 2.073321255363329e-23, nan 
-74.625, 71.375, 2.6492412816940605e-23, nan 
-74.375, 71.375, 2.6851718078830315e-23, nan 
-74.125, 71.375, 4.4253120983771274e-23, nan 
-73.875, 71.375, 4.897303726334228e-23, nan 
-73.625, 71.375, 7.605973755290893e-23, nan 
-73.375, 71.375, 7.080071896172755e-23, nan 
-73.125, 71.375, 6.051847822458148e-23, nan 
-72.875, 71.375, 5.388403975076039e-23, nan 
-72.625, 71.375, 4.99128391038622e-23, nan 
-72.375, 71.375, 5.0916930200990664e-23, nan 
-72.125, 71.375, 3.390326009456249e-23, nan 
-71.875, 71.375, 4.292516363966711e-23, nan 
-71.625, 71.375, 3.2859056782248654e-23, nan 
-71.375, 71.375, 3.3159796232614793e-23, nan 
-71.125, 71.375, 4.317893003032716e-23, nan 
-70.875, 71.375, 3.5118326510324747e-23, nan 
-70.625, 71.375, 2.1426788926428147e-23, nan 
-70.375, 71.375, 2.6179502757064687e-23, nan 
-70.125, 71.375, 1.3290286284637015e-22, nan 
-69.875, 71.375, 1.024138321145546e-22, nan 
-69.625, 71.375, 3.940199219005516e-23, nan 
-69.375, 71.375, 3.374346947117037e-23, nan 
-69.125, 71.375, 6.97640214828916e-23, nan 
-68.875, 71.375, 7.221907177471556e-23, nan 
-68.625, 71.375, 5.19535630078344e-23, nan 
-68.375, 71.375, 6.808619313285907e-23, nan 
-68.125, 71.375, 5.450173784685813e-23, nan 
-67.875, 71.375, 3.751077398054554e-23, nan 
-67.625, 71.375, 7.837933475302965e-23, nan 
-67.375, 71.375, 1.2275683512204573e-22, nan 
-67.125, 71.375, 1.258428510750896e-22, nan 
-66.875, 71.375, 9.727935040826865e-23, nan 
-66.625, 71.375, 1.083588805671629e-22, nan 
-66.375, 71.375, 1.0977631697232466e-22, nan 
-66.125, 71.375, 1.0217668927908947e-22, nan 
-65.875, 71.375, 1.276271775141306e-22, nan 
-65.625, 71.375, 1.533841662906341e-22, nan 
-65.375, 71.375, 1.8509129632088913e-22, nan 
-65.125, 71.375, 1.5647906086024056e-22, nan 
-64.875, 71.375, 1.5493454164792299e-22, nan 
-64.625, 71.375, 1.5542395499784293e-22, nan 
-64.375, 71.375, 1.3485975300587165e-22, nan 
-64.125, 71.375, 1.1598159512781528e-22, nan 
-63.875, 71.375, 1.1212336130205138e-22, nan 
-63.625, 71.375, 1.312239904150662e-22, nan 
-63.375, 71.375, 1.7244777257594438e-22, nan 
-63.125, 71.375, 1.8167373928466796e-22, nan 
-62.875, 71.375, 1.7456566297562854e-22, nan 
-62.625, 71.375, 1.8361523575481446e-22, nan 
-62.375, 71.375, 2.273311940887753e-22, nan 
-62.125, 71.375, 1.8492606601152926e-22, nan 
-61.875, 71.375, 1.641809513094407e-22, nan 
-61.625, 71.375, 1.5910127057770327e-22, nan 
-61.375, 71.375, 1.6314075706474549e-22, nan 
-61.125, 71.375, 1.7563512580481825e-22, nan 
-60.875, 71.375, 3.788687744791493e-23, nan 
-60.625, 71.375, 1.7146721042996496e-22, nan 
-60.375, 71.375, 2.171480088852818e-22, nan 
-60.125, 71.375, 1.7089703517034214e-22, nan 
-59.875, 71.375, 2.225560268603125e-22, nan 
-59.625, 71.375, 2.9690336518933375e-22, nan 
-59.375, 71.375, 3.552957804166849e-22, nan 
-59.125, 71.375, 2.459226466736275e-22, nan 
-58.875, 71.375, 2.8871830597641038e-22, nan 
-58.625, 71.375, 3.232297666811238e-22, nan 
-58.375, 71.375, 3.0824841736887865e-22, nan 
-58.125, 71.375, 3.8731376278695987e-22, nan 
-57.875, 71.375, 3.9122206832933063e-22, nan 
-57.625, 71.375, 3.1475682839751853e-22, nan 
-57.375, 71.375, 3.561406939837136e-22, nan 
-57.125, 71.375, 4.1250087394058436e-22, nan 
-56.875, 71.375, 3.857236686640176e-22, nan 
-56.625, 71.375, 3.2266564149687644e-22, nan 
-56.375, 71.375, 3.848949410498981e-22, nan 
-56.125, 71.375, 3.780112191095368e-22, nan 
-55.875, 71.375, 3.5983015941193644e-22, nan 
-55.625, 71.375, 3.649771358191903e-22, nan 
-55.375, 71.375, 3.4431854715406435e-22, nan 
-55.125, 71.375, 3.0622205477723877e-22, nan 
-54.875, 71.375, 4.283825254731549e-22, nan 
-54.625, 71.375, 4.690149650494396e-22, nan 
-54.375, 71.375, 3.695833317053488e-22, nan 
-54.125, 71.375, 3.5924307842985777e-22, nan 
-53.875, 71.375, 4.475460064292542e-22, nan 
-53.625, 71.375, 6.044103961928022e-22, nan 
-53.375, 71.375, 5.124794279759517e-22, nan 
-53.125, 71.375, 6.111486042431323e-22, nan 
-52.875, 71.375, 1.402599301578294e-21, nan 
-52.625, 71.375, 9.913549752105445e-22, nan 
-52.375, 71.375, 6.495335468855733e-22, nan 
-52.125, 71.375, 1.316950374267755e-21, nan 
-51.875, 71.375, 8.3895800282287035e-22, nan 
-51.625, 71.375, 1.0863355920958567e-21, nan 
-51.375, 71.375, 2.3520935312973227e-21, nan 
-51.125, 71.375, 1.9954019549327178e-21, nan 
-50.875, 71.375, 1.5641577249224239e-21, nan 
-50.625, 71.375, 1.9618463713095455e-21, nan 
-50.375, 71.375, 2.69931961534042e-21, nan 
-50.125, 71.375, 3.5727342492877124e-21, nan 
-49.875, 71.375, 2.248189791962757e-21, nan 
-49.625, 71.375, 2.6732188986143578e-21, nan 
-49.375, 71.375, 3.53134222939734e-21, nan 
-49.125, 71.375, 1.5590197838357519e-21, nan 
-48.875, 71.375, 1.4101218751229246e-21, nan 
-48.625, 71.375, 1.0837778147382815e-21, nan 
-48.375, 71.375, 8.48313820412699e-22, nan 
-48.125, 71.375, 9.896006386357148e-22, nan 
-47.875, 71.375, 2.23898753761095e-21, nan 
-47.625, 71.375, 2.512188728107939e-21, nan 
-47.375, 71.375, 1.6372199803810228e-21, nan 
-47.125, 71.375, 2.0949620204299147e-21, nan 
-46.875, 71.375, 3.59141812903929e-21, nan 
-46.625, 71.375, 3.883543405770599e-21, nan 
-46.375, 71.375, 3.752446620487853e-21, nan 
-46.125, 71.375, 2.5671917879334647e-21, nan 
-45.875, 71.375, 4.037346851736875e-21, nan 
-45.625, 71.375, 4.0271568543978865e-21, nan 
-45.375, 71.375, 1.9980813121013264e-21, nan 
-45.125, 71.375, 1.6687966166975383e-21, nan 
-44.875, 71.375, 2.4288117689084573e-21, nan 
-44.625, 71.375, 4.133820533598013e-21, nan 
-44.375, 71.375, 3.5413767208424445e-21, nan 
-44.125, 71.375, 3.054463690380536e-21, nan 
-43.875, 71.375, 4.610861128847677e-21, nan 
-43.625, 71.375, 3.471856451614487e-21, nan 
-43.375, 71.375, 2.3966897479759747e-21, nan 
-43.125, 71.375, 2.5179419143084595e-21, nan 
-42.875, 71.375, 3.738950383960813e-21, nan 
-42.625, 71.375, 4.459543390268265e-21, nan 
-42.375, 71.375, 3.755606848782573e-21, nan 
-42.125, 71.375, 4.648920194482259e-21, nan 
-41.875, 71.375, 3.874757738980078e-21, nan 
-41.625, 71.375, 3.5007426601406605e-21, nan 
-41.375, 71.375, 1.937393925278235e-21, nan 
-41.125, 71.375, 2.74934322231369e-21, nan 
-40.875, 71.375, 3.690249171325286e-21, nan 
-40.625, 71.375, 4.79869801174527e-21, nan 
-40.375, 71.375, 4.183815920466114e-21, nan 
-40.125, 71.375, 4.1797557926233696e-21, nan 
-39.875, 71.375, 3.12182003556211e-21, nan 
-39.625, 71.375, 4.960887278743413e-21, nan 
-39.375, 71.375, 6.126098588623086e-21, nan 
-39.125, 71.375, 4.123944837539799e-21, nan 
-38.875, 71.375, 5.66873256754888e-21, nan 
-38.625, 71.375, 6.810878064171594e-21, nan 
-38.375, 71.375, 6.831339856256265e-21, nan 
-38.125, 71.375, 8.47981785681723e-21, nan 
-37.875, 71.375, 8.662490800546336e-21, nan 
-37.625, 71.375, 8.639095787904356e-21, nan 
-37.375, 71.375, 8.27556006736114e-21, nan 
-37.125, 71.375, 6.148754654061809e-21, nan 
-36.875, 71.375, 9.941351434978374e-21, nan 
-36.625, 71.375, 3.7887114435878235e-21, nan 
-36.375, 71.375, 1.5426865795843106e-21, nan 
-36.125, 71.375, 5.479813506129724e-21, nan 
-35.875, 71.375, 4.293260258403778e-21, nan 
-35.625, 71.375, 4.027301692907236e-21, nan 
-35.375, 71.375, 3.898470812485963e-21, nan 
-35.125, 71.375, 3.0347321081099327e-21, nan 
-34.875, 71.375, 5.059283447436141e-21, nan 
-34.625, 71.375, 3.764673206082285e-21, nan 
-34.375, 71.375, 4.621954181927991e-21, nan 
-34.125, 71.375, 9.924749434253473e-21, nan 
-33.875, 71.375, 1.179796349918258e-20, nan 
-33.625, 71.375, 6.377519753698366e-21, nan 
-33.375, 71.375, 4.377389629136033e-21, nan 
-33.125, 71.375, 7.775576239825979e-21, nan 
-32.875, 71.375, 5.383319858439022e-21, nan 
-32.625, 71.375, 7.698310693544422e-21, nan 
-32.375, 71.375, 9.590853289358493e-21, nan 
-32.125, 71.375, 1.8422185125841406e-20, nan 
-31.875, 71.375, 2.39136909284545e-20, nan 
-31.625, 71.375, 1.9100811552372008e-20, nan 
-31.375, 71.375, 1.9067754749286505e-20, nan 
-31.125, 71.375, 2.157769128229182e-20, nan 
-30.875, 71.375, 1.6702611615572718e-20, nan 
-30.625, 71.375, 7.182103092797421e-21, nan 
-30.375, 71.375, 7.66242081164416e-21, nan 
-30.125, 71.375, 1.0563187759951246e-20, nan 
-29.875, 71.375, 8.018238762889889e-21, nan 
-29.625, 71.375, 6.549632955911671e-21, nan 
-29.375, 71.375, 4.403460315329331e-21, nan 
-29.125, 71.375, 6.6811853312903695e-21, nan 
-28.875, 71.375, 6.722742558818397e-21, nan 
-28.625, 71.375, 6.438778400085212e-21, nan 
-28.375, 71.375, 1.7768354248059373e-20, nan 
-28.125, 71.375, 2.0194989933119908e-20, nan 
-27.875, 71.375, 1.5991560117271038e-20, nan 
-27.625, 71.375, 1.869569628931273e-20, nan 
-27.375, 71.375, 1.6422326309666717e-20, nan 
-27.125, 71.375, 9.681182416131802e-21, nan 
-26.875, 71.375, 1.1435511910964505e-20, nan 
-26.625, 71.375, 1.500797818296388e-20, nan 
-26.375, 71.375, 7.657209059952993e-21, nan 
-26.125, 71.375, 7.23193473486084e-21, nan 
-25.875, 71.375, 1.2622203619659228e-20, nan 
-25.625, 71.375, 6.46365674105453e-21, nan 
-25.375, 71.375, 1.370759619479563e-20, nan 
-25.125, 71.375, 1.3665557714059583e-20, nan 
-24.875, 71.375, 1.8933235403973037e-20, nan 
-24.625, 71.375, 5.298770931429877e-21, nan 
-24.375, 71.375, 5.721811835001464e-21, nan 
-24.125, 71.375, 4.770366200385145e-21, nan 
-23.875, 71.375, 4.846883323610907e-21, nan 
-23.625, 71.375, 5.6426817785202835e-21, nan 
-23.375, 71.375, 7.803689366927274e-21, nan 
-23.125, 71.375, 6.5402704535858334e-21, nan 
-22.875, 71.375, 5.386753137261432e-21, nan 
-22.625, 71.375, 6.7296174178514706e-21, nan 
-22.375, 71.375, 7.919198300032668e-21, nan 
-22.125, 71.375, 8.116651822634028e-21, nan 
-21.875, 71.375, 9.210123152005907e-21, nan 
-21.625, 71.375, 9.836713641608685e-21, nan 
-21.375, 71.375, 1.1260419270773484e-20, nan 
-21.125, 71.375, 1.1324159035254424e-20, nan 
-20.875, 71.375, 1.0362090330699473e-20, nan 
-20.625, 71.375, 1.2295495852860728e-20, nan 
-20.375, 71.375, 8.253422377682807e-21, nan 
-20.125, 71.375, 7.025373117497047e-21, nan 
-19.875, 71.375, 1.2114446234880442e-20, nan 
-19.625, 71.375, 5.894196204470681e-21, nan 
-19.375, 71.375, 4.196248288604942e-21, nan 
-19.125, 71.375, 6.631314849361126e-21, nan 
-18.875, 71.375, 3.692183259268337e-21, nan 
-18.625, 71.375, 5.242507246950901e-21, nan 
-18.375, 71.375, 3.2263868191137825e-21, nan 
-18.125, 71.375, 5.431677107495383e-21, nan 
-17.875, 71.375, 7.921528928992035e-21, nan 
-17.625, 71.375, 7.521210353345411e-21, nan 
-17.375, 71.375, 1.1457971733315958e-20, nan 
-17.125, 71.375, 1.445593538493688e-20, nan 
-16.875, 71.375, 1.592026914847927e-20, nan 
-16.625, 71.375, 5.9646719893613626e-21, nan 
-16.375, 71.375, 5.822720306956715e-21, nan 
-16.125, 71.375, 1.7856970452683113e-20, nan 
-15.875, 71.375, 1.5692129008479704e-20, nan 
-15.625, 71.375, 1.8543607772697423e-20, nan 
-15.375, 71.375, 2.078943771993626e-20, nan 
-15.125, 71.375, 1.8897051315088332e-20, nan 
-14.875, 71.375, 1.9673044386248133e-20, nan 
-14.625, 71.375, 1.6512656516803086e-20, nan 
-14.375, 71.375, 5.084124760601977e-21, nan 
-14.125, 71.375, 7.872162241809238e-21, nan 
-13.875, 71.375, 5.042419800019235e-21, nan 
-13.625, 71.375, 5.473238420052748e-21, nan 
-13.375, 71.375, 3.3000418104353338e-21, nan 
-13.125, 71.375, 2.7064059968099483e-21, nan 
-12.875, 71.375, 2.741795353423491e-21, nan 
-12.625, 71.375, 2.510450168907416e-21, nan 
-12.375, 71.375, 2.876827082543654e-21, nan 
-12.125, 71.375, 1.8176254617488303e-21, nan 
-11.875, 71.375, 2.052077983255888e-21, nan 
-11.625, 71.375, 2.524554885969745e-21, nan 
-11.375, 71.375, 2.6538076837680196e-21, nan 
-11.125, 71.375, 7.146682814671624e-21, nan 
-10.875, 71.375, 6.670994647398115e-21, nan 
-10.625, 71.375, 1.4450426941231985e-20, nan 
-10.375, 71.375, 1.5213863176360703e-20, nan 
-10.125, 71.375, 7.547877306928772e-21, nan 
-9.875, 71.375, 1.4475369473846976e-20, nan 
-9.625, 71.375, 3.8708115315583265e-21, nan 
-9.375, 71.375, 2.8518619011704323e-21, nan 
-9.125, 71.375, 2.1791979424301758e-21, nan 
-8.875, 71.375, 3.0285749919870823e-21, nan 
-8.625, 71.375, 2.3145749558741564e-21, nan 
-8.375, 71.375, 2.642379902262958e-21, nan 
-8.125, 71.375, 2.915099823019001e-21, nan 
-7.875, 71.375, 3.8955433918926995e-21, nan 
-7.625, 71.375, 2.651058681404977e-21, nan 
-7.375, 71.375, 3.52646996546892e-21, nan 
-7.125, 71.375, 4.216870476666247e-21, nan 
-6.875, 71.375, 2.7199238465927748e-21, nan 
-6.625, 71.375, 2.851114302070247e-21, nan 
-6.375, 71.375, 2.9492991816261237e-21, nan 
-6.125, 71.375, 3.544625902307238e-21, nan 
-5.875, 71.375, 3.552597776419548e-21, nan 
-5.625, 71.375, 3.0387626487446282e-21, nan 
-5.375, 71.375, 1.5515458877628523e-21, nan 
-5.125, 71.375, 1.277637002392536e-21, nan 
-4.875, 71.375, 1.6719801668104793e-21, nan 
-4.625, 71.375, 1.157704448951021e-21, nan 
-4.375, 71.375, 1.7596531067336107e-21, nan 
-4.125, 71.375, 1.6487548765182181e-21, nan 
-3.875, 71.375, 2.3525382325229047e-21, nan 
-3.625, 71.375, 1.1399088309341833e-21, nan 
-3.375, 71.375, 1.6164765234191514e-21, nan 
-3.125, 71.375, 1.8051455171515663e-21, nan 
-2.875, 71.375, 1.0965262232075344e-21, nan 
-2.625, 71.375, 1.6932085143835783e-21, nan 
-2.375, 71.375, 1.5517699360713385e-21, nan 
-2.125, 71.375, 1.922821072712584e-21, nan 
-1.875, 71.375, 1.6599099821400768e-21, nan 
-1.625, 71.375, 2.0150836899131163e-21, nan 
-1.375, 71.375, 2.0555141019550825e-21, nan 
-1.125, 71.375, 1.741525182901183e-21, nan 
-0.875, 71.375, 1.6594507397396686e-21, nan 
-0.625, 71.375, 1.7851753697700187e-21, nan 
-0.375, 71.375, 1.9299812017001723e-21, nan 
-0.125, 71.375, 1.819550432573382e-21, nan 
0.125, 71.375, 1.8340567239195765e-21, nan 
0.375, 71.375, 2.32533279626112e-21, nan 
0.625, 71.375, 1.794481908403738e-21, nan 
0.875, 71.375, 1.5555774214291269e-21, nan 
1.125, 71.375, 9.619092788891086e-22, nan 
1.375, 71.375, 1.0132860078193482e-21, nan 
1.625, 71.375, 1.288802777878905e-21, nan 
1.875, 71.375, 1.1844268023087556e-21, nan 
2.125, 71.375, 1.0457071789054374e-21, nan 
2.375, 71.375, 1.7172558590241294e-21, nan 
2.625, 71.375, 1.0261851743230897e-21, nan 
2.875, 71.375, 9.488591766070896e-22, nan 
3.125, 71.375, 1.240755107039712e-21, nan 
3.375, 71.375, 1.1338772474217211e-21, nan 
3.625, 71.375, 9.711839434569735e-22, nan 
3.875, 71.375, 1.0910301405553017e-21, nan 
4.125, 71.375, 9.260556171433344e-22, nan 
4.375, 71.375, 3.2963683692248884e-22, nan 
4.625, 71.375, 4.0449263602984857e-22, nan 
4.875, 71.375, 4.200941438459546e-22, nan 
5.125, 71.375, 1.0195155401458596e-22, nan 
5.375, 71.375, 1.7970755782093714e-22, nan 
5.625, 71.375, 1.9656984617788239e-22, nan 
5.875, 71.375, 3.8204529851988415e-22, nan 
6.125, 71.375, 2.2386789652803405e-22, nan 
6.375, 71.375, 9.888565235190916e-23, nan 
6.625, 71.375, 3.410169956842273e-22, nan 
6.875, 71.375, 3.874139420437803e-22, nan 
7.125, 71.375, 2.786622213801334e-22, nan 
7.375, 71.375, 4.2974638706143015e-22, nan 
7.625, 71.375, 4.637518340617254e-22, nan 
7.875, 71.375, 4.911296999824898e-22, nan 
8.125, 71.375, 3.9154710895331167e-22, nan 
8.375, 71.375, 3.4072399641652194e-22, nan 
8.625, 71.375, 3.379809757667253e-22, nan 
8.875, 71.375, 4.467700969952581e-22, nan 
9.125, 71.375, 4.293871269895617e-22, nan 
9.375, 71.375, 6.989308945385159e-22, nan 
9.625, 71.375, 1.1169716059866423e-21, nan 
9.875, 71.375, 4.25260171901355e-22, nan 
10.125, 71.375, 7.0093485758919455e-22, nan 
10.375, 71.375, 1.784035260838279e-21, nan 
10.625, 71.375, 4.48347922607254e-22, nan 
10.875, 71.375, 3.4841873655805544e-22, nan 
11.125, 71.375, 8.559928611688263e-22, nan 
11.375, 71.375, 2.641667558077831e-22, nan 
11.625, 71.375, 3.942291439130944e-22, nan 
11.875, 71.375, 2.898373664556026e-22, nan 
12.125, 71.375, 2.184897644742251e-22, nan 
12.375, 71.375, 2.0742381318995877e-22, nan 
12.625, 71.375, 2.072264855390008e-22, nan 
12.875, 71.375, 1.8717919840943124e-22, nan 
13.125, 71.375, 1.4181037325804336e-22, nan 
13.375, 71.375, 1.8281117207172678e-22, nan 
13.625, 71.375, 1.6057109743437346e-22, nan 
13.875, 71.375, 1.1527522218070765e-22, nan 
14.125, 71.375, 1.4322014286920424e-22, nan 
14.375, 71.375, 2.1169730107619046e-22, nan 
14.625, 71.375, 2.287148455358828e-22, nan 
14.875, 71.375, 2.2019127734964483e-22, nan 
15.125, 71.375, 2.4280460996769787e-22, nan 
15.375, 71.375, 1.9422963440428072e-22, nan 
15.625, 71.375, 1.6572771553262214e-22, nan 
15.875, 71.375, 1.7728316040424717e-22, nan 
16.125, 71.375, 1.146084973308991e-22, nan 
16.375, 71.375, 1.6524981527758126e-22, nan 
16.625, 71.375, 1.7907892205613256e-22, nan 
16.875, 71.375, 1.3975839142468946e-22, nan 
17.125, 71.375, 1.3936538243286152e-22, nan 
17.375, 71.375, 1.2335237448254056e-22, nan 
17.625, 71.375, 1.2173948308133599e-22, nan 
17.875, 71.375, 9.739018404826833e-23, nan 
18.125, 71.375, 7.350400524966239e-23, nan 
18.375, 71.375, 1.0916109314337467e-22, nan 
18.625, 71.375, 1.132209394136482e-22, nan 
18.875, 71.375, 1.4636122767574182e-22, nan 
19.125, 71.375, 1.507858009228537e-22, nan 
19.375, 71.375, 1.6931125690302943e-22, nan 
19.625, 71.375, 1.8670560061016333e-22, nan 
19.875, 71.375, 1.3721138293476046e-22, nan 
20.125, 71.375, 1.4003828974850262e-22, nan 
20.375, 71.375, 9.355227421806892e-23, nan 
20.625, 71.375, 9.813207094494967e-23, nan 
20.875, 71.375, 1.1131767766248188e-22, nan 
21.125, 71.375, 9.442162098796779e-23, nan 
21.375, 71.375, 1.0240016653231492e-22, nan 
21.625, 71.375, 2.081978048486225e-22, nan 
21.875, 71.375, 1.1299781153378037e-22, nan 
22.125, 71.375, 1.0162090270733199e-22, nan 
22.375, 71.375, 2.760830024352656e-22, nan 
22.625, 71.375, 1.0993858932547294e-22, nan 
22.875, 71.375, 9.700248318069052e-23, nan 
23.125, 71.375, 9.73516342820526e-23, nan 
23.375, 71.375, 1.170198901164295e-22, nan 
23.625, 71.375, 1.1073974244074805e-22, nan 
23.875, 71.375, 1.060971825759835e-22, nan 
24.125, 71.375, 1.0837778468234234e-22, nan 
24.375, 71.375, 9.9678157784596e-23, nan 
24.625, 71.375, 8.279497780396705e-23, nan 
24.875, 71.375, 8.903118106155489e-23, nan 
25.125, 71.375, 8.784362443063321e-23, nan 
25.375, 71.375, 9.161241849564416e-23, nan 
25.625, 71.375, 8.135160246746139e-23, nan 
25.875, 71.375, 1.0319983314764333e-22, nan 
26.125, 71.375, 1.2404862298178534e-22, nan 
26.375, 71.375, 1.22301465059586e-22, nan 
26.625, 71.375, 1.244894237656758e-22, nan 
26.875, 71.375, 1.0454451713402148e-22, nan 
27.125, 71.375, 1.4484728023501332e-22, nan 
27.375, 71.375, 2.0498976150454662e-22, nan 
27.625, 71.375, 1.5535454236215072e-22, nan 
27.875, 71.375, 1.137621630204619e-22, nan 
28.125, 71.375, 1.5645780772314948e-22, nan 
28.375, 71.375, 1.4089469872764257e-22, nan 
28.625, 71.375, 1.7151747896614812e-22, nan 
28.875, 71.375, 1.7858675680145427e-22, nan 
29.125, 71.375, 1.3653270845938724e-22, nan 
29.375, 71.375, 1.0991508329072242e-22, nan 
29.625, 71.375, 1.407096054358485e-22, nan 
29.875, 71.375, 1.1572948847365748e-22, nan 
30.125, 71.375, 5.500809447757586e-23, nan 
30.375, 71.375, 5.873842785225052e-23, nan 
30.625, 71.375, 6.479359522005065e-23, nan 
30.875, 71.375, 4.98176016915598e-23, nan 
31.125, 71.375, 3.294523719769266e-23, nan 
31.375, 71.375, 6.300057078201346e-23, nan 
31.625, 71.375, 8.563646180027493e-23, nan 
31.875, 71.375, 6.071992781778384e-23, nan 
32.125, 71.375, 3.0645615499631444e-23, nan 
32.375, 71.375, 2.2279215026983335e-23, nan 
32.625, 71.375, 1.2056467103987957e-23, nan 
32.875, 71.375, 1.7026289636896662e-23, nan 
33.125, 71.375, 1.9763196903657067e-23, nan 
33.375, 71.375, 2.0685755300949998e-23, nan 
33.625, 71.375, 1.93668768888683e-23, nan 
33.875, 71.375, 1.8755415320178033e-23, nan 
34.125, 71.375, 2.839561802179942e-23, nan 
34.375, 71.375, 3.1807275215779095e-23, nan 
34.625, 71.375, 4.846787120230187e-23, nan 
34.875, 71.375, 2.2250894433806853e-23, nan 
35.125, 71.375, 2.990502390660933e-23, nan 
35.375, 71.375, 7.579934021514637e-23, nan 
35.625, 71.375, 3.495914240153437e-23, nan 
35.875, 71.375, 2.7511577713816554e-23, nan 
36.125, 71.375, 3.618598316360534e-23, nan 
36.375, 71.375, 2.75693082562881e-23, nan 
36.625, 71.375, 1.9106964186486595e-23, nan 
36.875, 71.375, 1.2513645364266452e-23, nan 
37.125, 71.375, 1.1570649170121468e-23, nan 
37.375, 71.375, 7.874314809855197e-24, nan 
37.625, 71.375, 2.539064543086021e-23, nan 
37.875, 71.375, 2.2395879532149045e-23, nan 
38.125, 71.375, 3.165689691810989e-23, nan 
38.375, 71.375, 3.8254374795952967e-23, nan 
38.625, 71.375, 2.841158430444667e-23, nan 
38.875, 71.375, 3.637405886077098e-23, nan 
39.125, 71.375, 1.8764675321096277e-23, nan 
39.375, 71.375, 2.7496242280380726e-23, nan 
39.625, 71.375, 1.7070631824197827e-23, nan 
39.875, 71.375, 2.477395825183745e-23, nan 
40.125, 71.375, 1.632276932669529e-23, nan 
40.375, 71.375, 5.336552060881179e-23, nan 
40.625, 71.375, 3.4369928732638807e-23, nan 
40.875, 71.375, 2.820220992362541e-23, nan 
41.125, 71.375, 1.9254193154065104e-23, nan 
41.375, 71.375, 1.65767055466215e-23, nan 
41.625, 71.375, 1.3418668149395774e-23, nan 
41.875, 71.375, 1.3810206664561823e-23, nan 
42.125, 71.375, 1.2372311597443807e-23, nan 
42.375, 71.375, 9.660311346706558e-24, nan 
42.625, 71.375, 1.094120436290257e-23, nan 
42.875, 71.375, 6.562541514197387e-24, nan 
43.125, 71.375, 8.412803213800838e-24, nan 
43.375, 71.375, 6.886627984217423e-24, nan 
43.625, 71.375, 5.896036215700088e-24, nan 
43.875, 71.375, 6.768369191747372e-24, nan 
44.125, 71.375, 1.362309927733949e-23, nan 
44.375, 71.375, 1.502652643786829e-23, nan 
44.625, 71.375, 2.3801942797505235e-23, nan 
44.875, 71.375, 1.7289167784221035e-23, nan 
45.125, 71.375, 1.5686638801561483e-23, nan 
45.375, 71.375, 2.16689801923549e-23, nan 
45.625, 71.375, 1.6041309531262464e-23, nan 
45.875, 71.375, 3.0169417663580524e-23, nan 
46.125, 71.375, 3.604413668841449e-23, nan 
46.375, 71.375, 1.5178251599435156e-23, nan 
46.625, 71.375, 1.1979976732075124e-23, nan 
46.875, 71.375, 1.803348107799143e-23, nan 
47.125, 71.375, 1.3635139889625145e-23, nan 
47.375, 71.375, 1.1783186946081665e-23, nan 
47.625, 71.375, 1.0262101038401148e-23, nan 
47.875, 71.375, 6.598949742677938e-24, nan 
48.125, 71.375, 1.8030364120641603e-23, nan 
48.375, 71.375, 2.1770369920886127e-23, nan 
48.625, 71.375, 2.1882470627384838e-23, nan 
48.875, 71.375, 1.6038637089582133e-23, nan 
49.125, 71.375, 2.1732055081132972e-23, nan 
49.375, 71.375, 3.1126477044020806e-23, nan 
49.625, 71.375, 1.945160534548884e-23, nan 
49.875, 71.375, 1.765792454672421e-23, nan 
50.125, 71.375, 1.3016408847775401e-23, nan 
50.375, 71.375, 1.5994945867648132e-23, nan 
50.625, 71.375, 2.5368512781240233e-23, nan 
50.875, 71.375, 1.5299394362175592e-23, nan 
51.125, 71.375, 7.16257912426891e-24, nan 
51.375, 71.375, 1.7070507410743506e-23, nan 
51.625, 71.375, 9.577881034905141e-24, nan 
51.875, 71.375, 1.39155739247389e-23, nan 
52.125, 71.375, 1.2773513396232716e-23, nan 
52.375, 71.375, 1.4123209702842177e-23, nan 
52.625, 71.375, 1.314192996359249e-23, nan 
52.875, 71.375, 1.3720279546375124e-23, nan 
53.125, 71.375, 1.6081378613680657e-23, nan 
53.375, 71.375, 1.4548859289923915e-23, nan 
53.625, 71.375, 1.5046835580234162e-23, nan 
53.875, 71.375, 1.7310334795479693e-23, nan 
54.125, 71.375, 1.4961066008037795e-23, nan 
54.375, 71.375, 1.3896334587449045e-23, nan 
54.625, 71.375, 1.3986206752590075e-23, nan 
54.875, 71.375, 2.0500258295016803e-23, nan 
55.125, 71.375, 1.9524857664951926e-23, nan 
55.375, 71.375, 7.624200663020873e-24, nan 
55.625, 71.375, 9.503149674121606e-24, nan 
55.875, 71.375, 1.0142562519659889e-23, nan 
56.125, 71.375, 5.45672612072558e-24, nan 
56.375, 71.375, 4.604891957617714e-24, nan 
56.625, 71.375, 6.650695815451425e-24, nan 
56.875, 71.375, 9.028192486704729e-24, nan 
57.125, 71.375, 1.10884886372023e-23, nan 
57.375, 71.375, 1.079270900087748e-23, nan 
57.625, 71.375, 8.966151276587596e-24, nan 
57.875, 71.375, 1.0739417293564597e-23, nan 
58.125, 71.375, 1.523793428225913e-23, nan 
58.375, 71.375, 1.7824800931551802e-23, nan 
58.625, 71.375, 1.6535983536354002e-23, nan 
58.875, 71.375, 1.459937451658515e-23, nan 
59.125, 71.375, 1.55238646645024e-23, nan 
59.375, 71.375, 1.3540389300274954e-23, nan 
59.625, 71.375, 9.47454382091006e-24, nan 
59.875, 71.375, 8.717465219067789e-24, nan 
60.125, 71.375, 9.266593789864716e-24, nan 
60.375, 71.375, 2.4568246190440565e-23, nan 
60.625, 71.375, 3.0901759331259526e-23, nan 
60.875, 71.375, 2.905880890081734e-23, nan 
61.125, 71.375, 3.2462829077171063e-23, nan 
61.375, 71.375, 3.6389824884225575e-23, nan 
61.625, 71.375, 2.357073025263236e-23, nan 
61.875, 71.375, 8.92526235286204e-24, nan 
62.125, 71.375, 9.798948762730006e-24, nan 
62.375, 71.375, 5.818357592951048e-24, nan 
62.625, 71.375, 5.45965826191036e-24, nan 
62.875, 71.375, 5.1319687439506536e-24, nan 
63.125, 71.375, 6.527695963145906e-24, nan 
63.375, 71.375, 7.437692364686272e-24, nan 
63.625, 71.375, 4.173321189848625e-24, nan 
63.875, 71.375, 9.697812678227056e-24, nan 
64.125, 71.375, 9.680069790027935e-24, nan 
64.375, 71.375, 7.583778117845044e-24, nan 
64.625, 71.375, 4.695927500021627e-24, nan 
64.875, 71.375, 6.739128195380057e-24, nan 
65.125, 71.375, 1.0740156483425254e-23, nan 
65.375, 71.375, 5.451349640743766e-24, nan 
65.625, 71.375, 6.379033117193349e-24, nan 
65.875, 71.375, 6.9791098044695e-24, nan 
66.125, 71.375, 6.365557925823442e-24, nan 
66.375, 71.375, 1.0971892215396339e-23, nan 
66.625, 71.375, 1.2161337973620561e-23, nan 
66.875, 71.375, 3.6831365859812086e-24, nan 
67.125, 71.375, 7.78736177463951e-24, nan 
67.375, 71.375, 7.939224519357026e-24, nan 
67.625, 71.375, 6.334811364120031e-24, nan 
67.875, 71.375, 4.345040013474833e-24, nan 
68.125, 71.375, 4.0103276111838e-24, nan 
68.375, 71.375, 7.797936116316974e-24, nan 
68.625, 71.375, 4.0972984997388484e-24, nan 
68.875, 71.375, 3.822538247685656e-24, nan 
69.125, 71.375, 4.237489543821587e-24, nan 
69.375, 71.375, 2.919513967518616e-24, nan 
69.625, 71.375, 4.383048684532491e-24, nan 
69.875, 71.375, 4.0064565372630596e-24, nan 
70.125, 71.375, 1.6801449099102943e-24, nan 
70.375, 71.375, 2.0683608318346816e-24, nan 
70.625, 71.375, 2.538167669183464e-24, nan 
70.875, 71.375, 3.712576452244023e-24, nan 
71.125, 71.375, 2.6215596024498447e-24, nan 
71.375, 71.375, 1.916993386052283e-24, nan 
71.625, 71.375, 1.797545909966614e-24, nan 
71.875, 71.375, 1.464368717005722e-24, nan 
72.125, 71.375, 1.825558757811614e-24, nan 
72.375, 71.375, 2.4149237004518415e-24, nan 
72.625, 71.375, 8.996464944900812e-24, nan 
72.875, 71.375, 4.02305876191027e-24, nan 
73.125, 71.375, 3.309111830157508e-24, nan 
73.375, 71.375, 1.6218791190497957e-23, nan 
73.625, 71.375, 6.520812268271998e-24, nan 
73.875, 71.375, 5.1581145497527784e-24, nan 
74.125, 71.375, 1.0858619020598803e-23, nan 
74.375, 71.375, 6.26550896122007e-24, nan 
74.625, 71.375, 5.410847057256193e-24, nan 
74.875, 71.375, 4.966712117026765e-24, nan 
75.125, 71.375, 2.755305014661048e-24, nan 
75.375, 71.375, 1.7981749588574655e-24, nan 
75.625, 71.375, 2.9195913583159053e-24, nan 
75.875, 71.375, 5.181618108340847e-24, nan 
76.125, 71.375, 7.852276011936352e-24, nan 
76.375, 71.375, 4.299188543508236e-24, nan 
76.625, 71.375, 7.987329391210693e-24, nan 
76.875, 71.375, 1.5197758260439258e-23, nan 
77.125, 71.375, 6.948216535050386e-24, nan 
77.375, 71.375, 6.377659174986832e-24, nan 
77.625, 71.375, 9.160509288542922e-24, nan 
77.875, 71.375, 9.472457155890623e-24, nan 
78.125, 71.375, 1.0312036421942508e-23, nan 
78.375, 71.375, 7.787915695059818e-24, nan 
78.625, 71.375, 7.564821053769353e-24, nan 
78.875, 71.375, 8.583507221579519e-24, nan 
79.125, 71.375, 5.923440210529003e-24, nan 
-152.875, 71.625, 3.955715630679259e-24, nan 
-152.625, 71.625, 2.802725506763398e-24, nan 
-152.375, 71.625, 3.3708420277637085e-24, nan 
-152.125, 71.625, 3.2023192122443885e-24, nan 
-151.875, 71.625, 2.8329361591891053e-24, nan 
-151.625, 71.625, 3.2996150110087162e-24, nan 
-151.375, 71.625, 3.69783811639994e-24, nan 
-151.125, 71.625, 3.583137361168984e-24, nan 
-150.875, 71.625, 2.1328988262219465e-24, nan 
-150.625, 71.625, 2.5244591783101293e-24, nan 
-150.375, 71.625, 2.712290340731739e-24, nan 
-150.125, 71.625, 2.1831086518529924e-24, nan 
-149.875, 71.625, 3.1950246468613956e-24, nan 
-149.625, 71.625, 1.95383124164978e-24, nan 
-149.375, 71.625, 2.2696231711762944e-24, nan 
-149.125, 71.625, 2.9457513445477657e-24, nan 
-148.875, 71.625, 1.949146353937311e-24, nan 
-148.625, 71.625, 2.2428357708013083e-24, nan 
-148.375, 71.625, 1.909216385566012e-24, nan 
-148.125, 71.625, 2.130268854029169e-24, nan 
-147.875, 71.625, 2.141918694476792e-24, nan 
-147.625, 71.625, 7.126833290597905e-25, nan 
-147.375, 71.625, 1.7629599422046506e-24, nan 
-147.125, 71.625, 3.0163286587660813e-24, nan 
-146.875, 71.625, 1.9823864783525582e-24, nan 
-146.625, 71.625, 1.763594956109352e-24, nan 
-146.375, 71.625, 4.512842640759251e-24, nan 
-146.125, 71.625, 2.168338373504832e-24, nan 
-145.875, 71.625, 1.526778988679041e-24, nan 
-145.625, 71.625, 2.984277329856242e-24, nan 
-145.375, 71.625, 2.481391227492708e-24, nan 
-145.125, 71.625, 2.357145050928736e-24, nan 
-144.875, 71.625, 2.3662996868265735e-24, nan 
-144.625, 71.625, 2.5718886249876704e-24, nan 
-144.375, 71.625, 2.296112008049041e-24, nan 
-144.125, 71.625, 1.8653029206974904e-24, nan 
-143.875, 71.625, 1.991537969789007e-24, nan 
-143.625, 71.625, 3.8380108065457695e-24, nan 
-143.375, 71.625, 5.040433720447148e-24, nan 
-143.125, 71.625, 2.9416671640500306e-24, nan 
-142.875, 71.625, 4.092124052453727e-24, nan 
-142.625, 71.625, 4.685860335615307e-24, nan 
-142.375, 71.625, 6.276554926492657e-24, nan 
-142.125, 71.625, 9.058608346154551e-24, nan 
-141.875, 71.625, 9.774584449499053e-24, nan 
-141.625, 71.625, 1.1072643567263753e-23, nan 
-141.375, 71.625, 1.1274656142657813e-23, nan 
-141.125, 71.625, 9.0600350887987e-24, nan 
-140.875, 71.625, 1.1188184312506194e-23, nan 
-140.625, 71.625, 1.315899678560533e-23, nan 
-140.375, 71.625, 7.144003885996366e-24, nan 
-140.125, 71.625, 6.6162165971467264e-24, nan 
-139.875, 71.625, 9.774728813591107e-24, nan 
-139.625, 71.625, 5.33284257896073e-24, nan 
-139.375, 71.625, 5.067340107327443e-24, nan 
-139.125, 71.625, 1.0960985037909368e-23, nan 
-138.875, 71.625, 8.954568585108602e-24, nan 
-138.625, 71.625, 8.034094243386728e-24, nan 
-138.375, 71.625, 7.842461361332019e-24, nan 
-138.125, 71.625, 1.0255656137885957e-23, nan 
-137.875, 71.625, 9.448878302819549e-24, nan 
-137.625, 71.625, 5.795019123839284e-24, nan 
-137.375, 71.625, 5.32297831033889e-24, nan 
-137.125, 71.625, 7.122313364733319e-24, nan 
-136.875, 71.625, 5.343183304862247e-24, nan 
-136.625, 71.625, 4.31724843641147e-24, nan 
-136.375, 71.625, 6.08542686601365e-24, nan 
-136.125, 71.625, 9.519367364515715e-24, nan 
-135.875, 71.625, 5.799959137156149e-24, nan 
-135.625, 71.625, 5.7518420203022464e-24, nan 
-135.375, 71.625, 6.982516839762034e-24, nan 
-135.125, 71.625, 4.579166780584915e-24, nan 
-134.875, 71.625, 3.922285083575987e-24, nan 
-134.625, 71.625, 3.750417979645974e-24, nan 
-134.375, 71.625, 3.857271085658954e-24, nan 
-134.125, 71.625, 1.7176439904211645e-24, nan 
-133.875, 71.625, 1.7301028891579507e-24, nan 
-133.625, 71.625, 3.614569655240547e-24, nan 
-133.375, 71.625, 2.5295189445010837e-24, nan 
-133.125, 71.625, 2.5955070341437065e-24, nan 
-132.875, 71.625, 4.235336027002681e-24, nan 
-132.625, 71.625, 2.656945344683101e-24, nan 
-132.375, 71.625, 4.3155243335983965e-24, nan 
-132.125, 71.625, 7.455195397328335e-24, nan 
-131.875, 71.625, 2.74190933754799e-24, nan 
-131.625, 71.625, 4.2309883819874575e-24, nan 
-131.375, 71.625, 9.379089812665076e-24, nan 
-131.125, 71.625, 5.8982298418428404e-24, nan 
-130.875, 71.625, 3.3056560004702436e-24, nan 
-130.625, 71.625, 5.213151304446811e-24, nan 
-130.375, 71.625, 5.897984161229175e-24, nan 
-130.125, 71.625, 4.941582767682926e-24, nan 
-129.875, 71.625, 7.52336605362184e-24, nan 
-129.625, 71.625, 8.619318262572604e-24, nan 
-129.375, 71.625, 8.21821647096855e-24, nan 
-129.125, 71.625, 6.802260019230121e-24, nan 
-128.875, 71.625, 8.498840273659641e-24, nan 
-128.625, 71.625, 5.7680287521538545e-24, nan 
-128.375, 71.625, 4.717919115232197e-24, nan 
-128.125, 71.625, 6.238684043405574e-24, nan 
-127.875, 71.625, 6.913243468218464e-24, nan 
-127.625, 71.625, 6.2290228693507475e-24, nan 
-127.375, 71.625, 6.0822887668942095e-24, nan 
-127.125, 71.625, 5.1657694018739485e-24, nan 
-126.875, 71.625, 7.078205979639216e-24, nan 
-126.625, 71.625, 1.069941954796769e-23, nan 
-126.375, 71.625, 1.1252104821803546e-23, nan 
-126.125, 71.625, 1.2161379616770896e-23, nan 
-125.875, 71.625, 1.8749551710571827e-23, nan 
-125.625, 71.625, 8.478523879169314e-24, nan 
-125.375, 71.625, 1.424768051066653e-23, nan 
-125.125, 71.625, 1.9435813930343785e-23, nan 
-124.875, 71.625, 3.038598814729304e-23, nan 
-124.625, 71.625, 1.766258498751139e-23, nan 
-124.375, 71.625, 3.9604358246230535e-23, nan 
-124.125, 71.625, 6.353626652794049e-23, nan 
-123.875, 71.625, 1.231306388430441e-23, nan 
-123.625, 71.625, 2.317879064359936e-23, nan 
-123.375, 71.625, 3.5796739777182387e-23, nan 
-123.125, 71.625, 1.2365008257370356e-23, nan 
-122.875, 71.625, 8.517105243687048e-24, nan 
-122.625, 71.625, 7.009248042155788e-24, nan 
-122.375, 71.625, 8.86608697256412e-24, nan 
-122.125, 71.625, 1.0149322061278857e-23, nan 
-121.875, 71.625, 8.66663665848078e-24, nan 
-121.625, 71.625, 7.10256574522554e-24, nan 
-121.375, 71.625, 8.358936938253878e-24, nan 
-121.125, 71.625, 9.965415644501358e-24, nan 
-120.875, 71.625, 7.747652666081109e-24, nan 
-120.625, 71.625, 5.073225347011428e-24, nan 
-120.375, 71.625, 7.988349232836768e-24, nan 
-120.125, 71.625, 8.348144997111358e-24, nan 
-119.875, 71.625, 9.607422338303807e-24, nan 
-119.625, 71.625, 8.197199076311552e-24, nan 
-119.375, 71.625, 1.3643773756391634e-23, nan 
-119.125, 71.625, 1.1182660794825967e-23, nan 
-118.875, 71.625, 1.0590054603856025e-23, nan 
-118.625, 71.625, 1.0558322479091972e-23, nan 
-118.375, 71.625, 1.4685832110834783e-23, nan 
-118.125, 71.625, 8.796165984644737e-24, nan 
-117.875, 71.625, 8.21046236978637e-24, nan 
-117.625, 71.625, 1.036914833321148e-23, nan 
-117.375, 71.625, 4.600825567743823e-24, nan 
-117.125, 71.625, 1.668631967995338e-23, nan 
-116.875, 71.625, 2.5901843343443863e-23, nan 
-116.625, 71.625, 1.1060271653096828e-23, nan 
-116.375, 71.625, 1.142445038783651e-23, nan 
-116.125, 71.625, 1.748437717433669e-23, nan 
-115.875, 71.625, 7.759671326318736e-24, nan 
-115.625, 71.625, 6.099866143045413e-24, nan 
-115.375, 71.625, 4.963410987799235e-24, nan 
-115.125, 71.625, 4.554707623098411e-24, nan 
-114.875, 71.625, 6.803153730643208e-24, nan 
-114.625, 71.625, 4.983328283153607e-24, nan 
-114.375, 71.625, 5.117174251694638e-24, nan 
-114.125, 71.625, 6.966601121688608e-24, nan 
-113.875, 71.625, 5.727770156806337e-24, nan 
-113.625, 71.625, 7.164509188289683e-24, nan 
-113.375, 71.625, 1.2629936885925982e-23, nan 
-113.125, 71.625, 1.5826826244461868e-23, nan 
-112.875, 71.625, 1.2017962072489645e-23, nan 
-112.625, 71.625, 1.3428308884660208e-23, nan 
-112.375, 71.625, 1.6300583976244235e-23, nan 
-112.125, 71.625, 1.4914763298383927e-23, nan 
-111.875, 71.625, 9.335053111194162e-24, nan 
-111.625, 71.625, 1.1013624734904983e-23, nan 
-111.375, 71.625, 2.3789164105194437e-23, nan 
-111.125, 71.625, 6.829257726814562e-24, nan 
-110.875, 71.625, 2.2941300209826607e-23, nan 
-110.625, 71.625, 2.681834747511603e-23, nan 
-110.375, 71.625, 2.7151755779444603e-23, nan 
-110.125, 71.625, 2.3970941849750403e-23, nan 
-109.875, 71.625, 2.9229081930662026e-23, nan 
-109.625, 71.625, 3.4142384698713834e-23, nan 
-109.375, 71.625, 2.480926748630821e-23, nan 
-109.125, 71.625, 1.938532495013517e-23, nan 
-108.875, 71.625, 1.8921854662367789e-23, nan 
-108.625, 71.625, 2.033850010157218e-23, nan 
-108.375, 71.625, 1.835289908488001e-23, nan 
-108.125, 71.625, 1.1382139841889608e-23, nan 
-107.875, 71.625, 1.0579211195889108e-23, nan 
-107.625, 71.625, 6.801546821938232e-24, nan 
-107.375, 71.625, 1.0700280733785552e-23, nan 
-107.125, 71.625, 5.563289379327708e-24, nan 
-106.875, 71.625, 2.9157678276560826e-24, nan 
-106.625, 71.625, 4.264219391007991e-24, nan 
-106.375, 71.625, 1.0386659336955334e-23, nan 
-106.125, 71.625, 1.096663141370131e-23, nan 
-105.875, 71.625, 1.0211306289665954e-23, nan 
-105.625, 71.625, 9.782887979003006e-24, nan 
-105.375, 71.625, 7.748836878264979e-24, nan 
-105.125, 71.625, 5.351594378085201e-24, nan 
-104.875, 71.625, 9.808505498437581e-24, nan 
-104.625, 71.625, 7.59965680508668e-24, nan 
-104.375, 71.625, 1.0576877516278362e-23, nan 
-104.125, 71.625, 1.2966800830550393e-23, nan 
-103.875, 71.625, 2.269427121122029e-23, nan 
-103.625, 71.625, 1.9057157961102193e-23, nan 
-103.375, 71.625, 1.5039231609466763e-23, nan 
-103.125, 71.625, 1.2483784858113754e-23, nan 
-102.875, 71.625, 1.1457746518820589e-23, nan 
-102.625, 71.625, 8.007211438435765e-24, nan 
-102.375, 71.625, 1.2180176698632295e-23, nan 
-102.125, 71.625, 8.679399281399154e-24, nan 
-101.875, 71.625, 8.17257382935361e-24, nan 
-101.625, 71.625, 8.731840594268617e-24, nan 
-101.375, 71.625, 7.980678275184434e-24, nan 
-101.125, 71.625, 1.0234355053909647e-23, nan 
-100.875, 71.625, 9.064522712807471e-24, nan 
-100.625, 71.625, 1.182725923735312e-23, nan 
-100.375, 71.625, 2.279322309390006e-23, nan 
-100.125, 71.625, 2.6183693766921934e-23, nan 
-99.875, 71.625, 1.6739880713174752e-23, nan 
-99.625, 71.625, 2.9195354355509616e-23, nan 
-99.375, 71.625, 2.9637759928124565e-23, nan 
-99.125, 71.625, 2.4188412937036943e-23, nan 
-98.875, 71.625, 2.4518429925394567e-23, nan 
-98.625, 71.625, 1.6570766513813172e-23, nan 
-98.375, 71.625, 2.404390042193675e-23, nan 
-98.125, 71.625, 2.798078958176892e-23, nan 
-97.875, 71.625, 2.3285226190854855e-23, nan 
-97.625, 71.625, 2.2924253069187866e-23, nan 
-97.375, 71.625, 2.0174001760287072e-23, nan 
-97.125, 71.625, 2.5508360663377557e-23, nan 
-96.875, 71.625, 2.9292254200247216e-23, nan 
-96.625, 71.625, 2.1284027948735827e-23, nan 
-96.375, 71.625, 2.3105675598071228e-23, nan 
-96.125, 71.625, 2.5913784323452457e-23, nan 
-95.875, 71.625, 2.254369304803266e-23, nan 
-95.625, 71.625, 2.212613877438684e-23, nan 
-95.375, 71.625, 2.1277571008279572e-23, nan 
-95.125, 71.625, 3.643036888629547e-23, nan 
-94.875, 71.625, 2.5622014357106487e-23, nan 
-94.625, 71.625, 2.64796557313946e-23, nan 
-94.375, 71.625, 4.0222961088011255e-23, nan 
-94.125, 71.625, 2.2429622920676767e-23, nan 
-93.875, 71.625, 3.108081020244911e-23, nan 
-93.625, 71.625, 3.160564504645923e-23, nan 
-93.375, 71.625, 2.0282390583732806e-23, nan 
-93.125, 71.625, 1.7946170190329847e-23, nan 
-92.875, 71.625, 1.7203332426626428e-23, nan 
-92.625, 71.625, 1.6428308053354972e-23, nan 
-92.375, 71.625, 2.3906125267702182e-23, nan 
-92.125, 71.625, 1.969252362417055e-23, nan 
-91.875, 71.625, 2.212847221309284e-23, nan 
-91.625, 71.625, 2.7925146592349244e-23, nan 
-91.375, 71.625, 3.190458328982549e-23, nan 
-91.125, 71.625, 3.189488063252492e-23, nan 
-90.875, 71.625, 2.9234205215548154e-23, nan 
-90.625, 71.625, 3.0399600780284355e-23, nan 
-90.375, 71.625, 3.2206273753570256e-23, nan 
-90.125, 71.625, 2.4882760517870417e-23, nan 
-89.875, 71.625, 2.5423540018839572e-23, nan 
-89.625, 71.625, 2.337551738286993e-23, nan 
-89.375, 71.625, 2.588281603710999e-23, nan 
-89.125, 71.625, 1.8822114766986208e-23, nan 
-88.875, 71.625, 2.3616769590171348e-23, nan 
-88.625, 71.625, 3.067342115904489e-23, nan 
-88.375, 71.625, 2.852635230065401e-23, nan 
-88.125, 71.625, 2.791952091485662e-23, nan 
-87.875, 71.625, 3.088777541777159e-23, nan 
-87.625, 71.625, 4.781359603241133e-23, nan 
-87.375, 71.625, 5.0784298048339803e-23, nan 
-87.125, 71.625, 5.135017340302814e-23, nan 
-86.875, 71.625, 6.3582041655649e-23, nan 
-86.625, 71.625, 6.578996642096993e-23, nan 
-86.375, 71.625, 6.623083697081596e-23, nan 
-86.125, 71.625, 5.369439582652526e-23, nan 
-85.875, 71.625, 4.641607646518947e-23, nan 
-85.625, 71.625, 5.342013827013689e-23, nan 
-85.375, 71.625, 5.464389525099792e-23, nan 
-85.125, 71.625, 3.768602411616006e-23, nan 
-84.875, 71.625, 5.179956636317235e-23, nan 
-84.625, 71.625, 6.401022710610757e-23, nan 
-84.375, 71.625, 7.210988993230527e-23, nan 
-84.125, 71.625, 7.095771163237278e-23, nan 
-83.875, 71.625, 5.698832853001997e-23, nan 
-83.625, 71.625, 7.386400073649935e-23, nan 
-83.375, 71.625, 6.837260874763879e-23, nan 
-83.125, 71.625, 2.999353310816882e-23, nan 
-82.875, 71.625, 2.841406572164695e-23, nan 
-82.625, 71.625, 2.5129866789078647e-23, nan 
-82.375, 71.625, 2.756307848831407e-23, nan 
-82.125, 71.625, 3.6958937326401325e-23, nan 
-81.875, 71.625, 3.259544712723998e-23, nan 
-81.625, 71.625, 3.733052095317768e-23, nan 
-81.375, 71.625, 4.670117888725908e-23, nan 
-81.125, 71.625, 3.3860865666005585e-23, nan 
-80.875, 71.625, 2.7965331410062444e-23, nan 
-80.625, 71.625, 2.6257794579730073e-23, nan 
-80.375, 71.625, 3.968927291358075e-23, nan 
-80.125, 71.625, 4.355194168257092e-23, nan 
-79.875, 71.625, 4.3888065989352037e-23, nan 
-79.625, 71.625, 6.114764624920142e-23, nan 
-79.375, 71.625, 7.735986171633578e-23, nan 
-79.125, 71.625, 8.95936448563938e-23, nan 
-78.875, 71.625, 7.27626347237849e-23, nan 
-78.625, 71.625, 6.504112925407793e-23, nan 
-78.375, 71.625, 4.872600148253713e-23, nan 
-78.125, 71.625, 8.924668060548651e-23, nan 
-77.875, 71.625, 1.2254832168185865e-22, nan 
-77.625, 71.625, 7.594473044949784e-23, nan 
-77.375, 71.625, 4.218412786761884e-23, nan 
-77.125, 71.625, 4.4926137014505954e-23, nan 
-76.875, 71.625, 4.692370844953393e-23, nan 
-76.625, 71.625, 3.733282327482251e-23, nan 
-76.375, 71.625, 4.2495120786814227e-23, nan 
-76.125, 71.625, 3.482623374534199e-23, nan 
-75.875, 71.625, 4.5439995821113875e-23, nan 
-75.625, 71.625, 5.577282468173276e-23, nan 
-75.375, 71.625, 5.570315522501021e-23, nan 
-75.125, 71.625, 3.4131496828628774e-23, nan 
-74.875, 71.625, 4.128183663502657e-23, nan 
-74.625, 71.625, 4.7930917342032806e-23, nan 
-74.375, 71.625, 2.9893715331678656e-23, nan 
-74.125, 71.625, 4.021656679027429e-23, nan 
-73.875, 71.625, 4.708304417102503e-23, nan 
-73.625, 71.625, 4.2914651579297984e-23, nan 
-73.375, 71.625, 4.8915282135728835e-23, nan 
-73.125, 71.625, 3.74606040138431e-23, nan 
-72.875, 71.625, 2.22849715352942e-23, nan 
-72.625, 71.625, 2.6841819915279435e-23, nan 
-72.375, 71.625, 1.9017661878507353e-23, nan 
-72.125, 71.625, 2.837720338413823e-23, nan 
-71.875, 71.625, 3.092613253489829e-23, nan 
-71.625, 71.625, 2.4161514893440933e-23, nan 
-71.375, 71.625, 3.1831773589073056e-23, nan 
-71.125, 71.625, 3.331718377024179e-23, nan 
-70.875, 71.625, 4.085639454791708e-23, nan 
-70.625, 71.625, 2.5166762919190197e-23, nan 
-70.375, 71.625, 2.5463369923300055e-23, nan 
-70.125, 71.625, 3.709030634866072e-23, nan 
-69.875, 71.625, 3.7316589763772023e-23, nan 
-69.625, 71.625, 3.9138447320340927e-23, nan 
-69.375, 71.625, 2.7598361211023993e-23, nan 
-69.125, 71.625, 3.408096645536063e-23, nan 
-68.875, 71.625, 4.953577008151005e-23, nan 
-68.625, 71.625, 7.167538094576572e-23, nan 
-68.375, 71.625, 3.6995326132894824e-23, nan 
-68.125, 71.625, 9.019358659621778e-23, nan 
-67.875, 71.625, 8.908947686310147e-23, nan 
-67.625, 71.625, 4.3373685087615686e-23, nan 
-67.375, 71.625, 1.8444237754795872e-22, nan 
-67.125, 71.625, 1.836771812120933e-22, nan 
-66.875, 71.625, 1.1553708950984549e-22, nan 
-66.625, 71.625, 1.5648751292662136e-22, nan 
-66.375, 71.625, 1.60674351311827e-22, nan 
-66.125, 71.625, 1.0670117869091058e-22, nan 
-65.875, 71.625, 1.0849433776432682e-22, nan 
-65.625, 71.625, 1.1411554005665662e-22, nan 
-65.375, 71.625, 1.5703190529889182e-22, nan 
-65.125, 71.625, 1.079848307700627e-22, nan 
-64.875, 71.625, 1.4821623182769198e-22, nan 
-64.625, 71.625, 1.7518409218959875e-22, nan 
-64.375, 71.625, 1.3250032849928913e-22, nan 
-64.125, 71.625, 1.232984854361128e-22, nan 
-63.875, 71.625, 1.212268025676683e-22, nan 
-63.625, 71.625, 1.392361968016088e-22, nan 
-63.375, 71.625, 1.129840269185201e-22, nan 
-63.125, 71.625, 1.1826360168387155e-22, nan 
-62.875, 71.625, 1.8276979125054372e-22, nan 
-62.625, 71.625, 2.4617257528518183e-22, nan 
-62.375, 71.625, 2.782267273350153e-22, nan 
-62.125, 71.625, 2.432457689911856e-22, nan 
-61.875, 71.625, 2.7432198492043407e-22, nan 
-61.625, 71.625, 3.455984986789791e-22, nan 
-61.375, 71.625, 3.7686275421573083e-22, nan 
-61.125, 71.625, 2.4986215850758125e-22, nan 
-60.875, 71.625, 2.4227963369685678e-22, nan 
-60.625, 71.625, 2.579169730665236e-22, nan 
-60.375, 71.625, 2.209522044908698e-22, nan 
-60.125, 71.625, 1.748112046854022e-22, nan 
-59.875, 71.625, 1.385096853213849e-22, nan 
-59.625, 71.625, 2.0000141991144197e-22, nan 
-59.375, 71.625, 2.1910964045325294e-22, nan 
-59.125, 71.625, 2.0372768476089819e-22, nan 
-58.875, 71.625, 1.7670956000181003e-22, nan 
-58.625, 71.625, 2.9049990311053383e-22, nan 
-58.375, 71.625, 3.2794321486990084e-22, nan 
-58.125, 71.625, 3.211018161575236e-22, nan 
-57.875, 71.625, 2.4007719886461947e-22, nan 
-57.625, 71.625, 3.4850703469806894e-22, nan 
-57.375, 71.625, 4.482662860494318e-22, nan 
-57.125, 71.625, 3.888273800472617e-22, nan 
-56.875, 71.625, 4.912615154924092e-22, nan 
-56.625, 71.625, 6.133214842438555e-22, nan 
-56.375, 71.625, 5.342187797611261e-22, nan 
-56.125, 71.625, 5.201653623987826e-22, nan 
-55.875, 71.625, 5.940373134147552e-22, nan 
-55.625, 71.625, 5.833933831822361e-22, nan 
-55.375, 71.625, 5.9214868565797395e-22, nan 
-55.125, 71.625, 5.33699657171954e-22, nan 
-54.875, 71.625, 5.929292733628467e-22, nan 
-54.625, 71.625, 6.4205711431793445e-22, nan 
-54.375, 71.625, 4.666345184241765e-22, nan 
-54.125, 71.625, 4.793179078907081e-22, nan 
-53.875, 71.625, 5.634006315521524e-22, nan 
-53.625, 71.625, 4.918218446325789e-22, nan 
-53.375, 71.625, 4.783744750021676e-22, nan 
-53.125, 71.625, 4.680446575441469e-22, nan 
-52.875, 71.625, 7.254730914862976e-22, nan 
-52.625, 71.625, 6.710441962590223e-22, nan 
-52.375, 71.625, 8.396639103046604e-22, nan 
-52.125, 71.625, 7.828716607397637e-22, nan 
-51.875, 71.625, 6.144210540120523e-22, nan 
-51.625, 71.625, 1.0149873519936857e-21, nan 
-51.375, 71.625, 1.5078127717303068e-21, nan 
-51.125, 71.625, 1.4756405851707361e-21, nan 
-50.875, 71.625, 1.116643933994879e-21, nan 
-50.625, 71.625, 1.775079705638727e-21, nan 
-50.375, 71.625, 2.2568461973030955e-21, nan 
-50.125, 71.625, 2.144394140435689e-21, nan 
-49.875, 71.625, 1.8051525874209353e-21, nan 
-49.625, 71.625, 1.1589586604287214e-21, nan 
-49.375, 71.625, 1.4829687491117653e-21, nan 
-49.125, 71.625, 1.2867904273084077e-21, nan 
-48.875, 71.625, 1.082683679540755e-21, nan 
-48.625, 71.625, 1.095528676827753e-21, nan 
-48.375, 71.625, 1.0279443453542241e-21, nan 
-48.125, 71.625, 1.1388966788072972e-21, nan 
-47.875, 71.625, 1.5617509924005828e-21, nan 
-47.625, 71.625, 1.800181883228514e-21, nan 
-47.375, 71.625, 1.3925959332397832e-21, nan 
-47.125, 71.625, 1.4697003310060172e-21, nan 
-46.875, 71.625, 3.17154891975166e-21, nan 
-46.625, 71.625, 3.0232168604185677e-21, nan 
-46.375, 71.625, 2.8147299725220806e-21, nan 
-46.125, 71.625, 3.332072640864017e-21, nan 
-45.875, 71.625, 3.411748892102025e-21, nan 
-45.625, 71.625, 3.487303091536359e-21, nan 
-45.375, 71.625, 4.0289156606741954e-21, nan 
-45.125, 71.625, 4.40557923036039e-21, nan 
-44.875, 71.625, 5.0467643129162214e-21, nan 
-44.625, 71.625, 6.445494257566235e-21, nan 
-44.375, 71.625, 7.109662523710373e-21, nan 
-44.125, 71.625, 8.728353112173903e-21, nan 
-43.875, 71.625, 9.650631784210079e-21, nan 
-43.625, 71.625, 1.2419248436749794e-20, nan 
-43.375, 71.625, 1.2562874773664477e-20, nan 
-43.125, 71.625, 1.3236787308855381e-20, nan 
-42.875, 71.625, 1.4502702479649835e-20, nan 
-42.625, 71.625, 1.1771414047983726e-20, nan 
-42.375, 71.625, 5.53575170979012e-21, nan 
-42.125, 71.625, 6.792948453933731e-21, nan 
-41.875, 71.625, 3.362220161822776e-21, nan 
-41.625, 71.625, 2.186648619577727e-21, nan 
-41.375, 71.625, 3.895957821461461e-21, nan 
-41.125, 71.625, 4.526868007701685e-21, nan 
-40.875, 71.625, 6.3773720823187985e-21, nan 
-40.625, 71.625, 9.895523631655501e-21, nan 
-40.375, 71.625, 4.806308779900969e-21, nan 
-40.125, 71.625, 6.7260419691722366e-21, nan 
-39.875, 71.625, 1.0414001646202711e-20, nan 
-39.625, 71.625, 5.8915535204193906e-21, nan 
-39.375, 71.625, 4.371945639832803e-21, nan 
-39.125, 71.625, 5.930725960071808e-21, nan 
-38.875, 71.625, 7.686418481184431e-21, nan 
-38.625, 71.625, 9.019358334061186e-21, nan 
-38.375, 71.625, 8.61840058953828e-21, nan 
-38.125, 71.625, 9.566200336280225e-21, nan 
-37.875, 71.625, 9.667168460058276e-21, nan 
-37.625, 71.625, 8.214931794633427e-21, nan 
-37.375, 71.625, 7.135073970817683e-21, nan 
-37.125, 71.625, 6.5538228853565045e-21, nan 
-36.875, 71.625, 8.160805537220012e-21, nan 
-36.625, 71.625, 7.338779397582573e-21, nan 
-36.375, 71.625, 7.156022182638212e-21, nan 
-36.125, 71.625, 8.919176163506497e-21, nan 
-35.875, 71.625, 6.874590711003124e-21, nan 
-35.625, 71.625, 6.2234027226738445e-21, nan 
-35.375, 71.625, 7.465779228021882e-21, nan 
-35.125, 71.625, 5.508283520997264e-21, nan 
-34.875, 71.625, 7.60482970422658e-21, nan 
-34.625, 71.625, 8.881962458418752e-21, nan 
-34.375, 71.625, 6.058156031643512e-21, nan 
-34.125, 71.625, 4.984732291884508e-21, nan 
-33.875, 71.625, 9.178864209540731e-21, nan 
-33.625, 71.625, 5.497292653750445e-21, nan 
-33.375, 71.625, 8.798650482266708e-21, nan 
-33.125, 71.625, 1.3474788320921926e-20, nan 
-32.875, 71.625, 1.711899006655872e-20, nan 
-32.625, 71.625, 2.390717578781684e-20, nan 
-32.375, 71.625, 2.0387829767073647e-20, nan 
-32.125, 71.625, 2.2325292582248375e-20, nan 
-31.875, 71.625, 2.6442049611975595e-20, nan 
-31.625, 71.625, 1.9205318907218017e-20, nan 
-31.375, 71.625, 1.4758421520813408e-20, nan 
-31.125, 71.625, 1.2230606373049292e-20, nan 
-30.875, 71.625, 6.6368942629094216e-21, nan 
-30.625, 71.625, 1.0875129041272972e-20, nan 
-30.375, 71.625, 1.2388290979140986e-20, nan 
-30.125, 71.625, 3.115180864043585e-21, nan 
-29.875, 71.625, 6.5836010337036936e-21, nan 
-29.625, 71.625, 4.679393981246783e-21, nan 
-29.375, 71.625, 4.3947900186007815e-21, nan 
-29.125, 71.625, 6.357839158732307e-21, nan 
-28.875, 71.625, 4.250138878906332e-21, nan 
-28.625, 71.625, 8.506273980153703e-21, nan 
-28.375, 71.625, 5.758131032989901e-21, nan 
-28.125, 71.625, 6.993419443362356e-21, nan 
-27.875, 71.625, 1.179469123684567e-20, nan 
-27.625, 71.625, 1.1190290432210299e-20, nan 
-27.375, 71.625, 9.364317235403454e-21, nan 
-27.125, 71.625, 1.0950799789890582e-20, nan 
-26.875, 71.625, 1.636294914911306e-20, nan 
-26.625, 71.625, 1.2127361991575225e-20, nan 
-26.375, 71.625, 5.5298514506096216e-21, nan 
-26.125, 71.625, 1.080178217295551e-20, nan 
-25.875, 71.625, 2.2553370958204507e-20, nan 
-25.625, 71.625, 3.449200644876736e-20, nan 
-25.375, 71.625, 2.791534699072712e-20, nan 
-25.125, 71.625, 2.3551202374095e-20, nan 
-24.875, 71.625, 3.737897747312334e-20, nan 
-24.625, 71.625, 1.2013982188410808e-20, nan 
-24.375, 71.625, 1.4408811680824844e-20, nan 
-24.125, 71.625, 1.9765676198368166e-20, nan 
-23.875, 71.625, 6.3326014786976395e-21, nan 
-23.625, 71.625, 7.945599301846846e-21, nan 
-23.375, 71.625, 8.180322432989113e-21, nan 
-23.125, 71.625, 9.843452196540089e-21, nan 
-22.875, 71.625, 8.562685630389441e-21, nan 
-22.625, 71.625, 9.128906760036927e-21, nan 
-22.375, 71.625, 1.1729350672720683e-20, nan 
-22.125, 71.625, 1.3180310277676053e-20, nan 
-21.875, 71.625, 1.3727650324472684e-20, nan 
-21.625, 71.625, 1.1071061294172228e-20, nan 
-21.375, 71.625, 1.3004576008088134e-20, nan 
-21.125, 71.625, 1.2307522258421858e-20, nan 
-20.875, 71.625, 1.3087981195359439e-20, nan 
-20.625, 71.625, 1.0679242200248558e-20, nan 
-20.375, 71.625, 7.169260828472516e-21, nan 
-20.125, 71.625, 1.1162461633531478e-20, nan 
-19.875, 71.625, 9.445984983689997e-21, nan 
-19.625, 71.625, 4.3881067889833605e-21, nan 
-19.375, 71.625, 3.1686600353919186e-21, nan 
-19.125, 71.625, 9.27314509043609e-21, nan 
-18.875, 71.625, 7.328033199940898e-21, nan 
-18.625, 71.625, 3.927488966838954e-21, nan 
-18.375, 71.625, 7.239828040643425e-21, nan 
-18.125, 71.625, 1.991217809692411e-20, nan 
-17.875, 71.625, 2.299998262369975e-20, nan 
-17.625, 71.625, 2.1363720351518896e-20, nan 
-17.375, 71.625, 2.5326685233310268e-20, nan 
-17.125, 71.625, 3.027291828218387e-20, nan 
-16.875, 71.625, 3.0209503998925675e-20, nan 
-16.625, 71.625, 2.0489584696470257e-20, nan 
-16.375, 71.625, 2.8547886255834874e-20, nan 
-16.125, 71.625, 2.317484543461285e-20, nan 
-15.875, 71.625, 2.5967356258376428e-20, nan 
-15.625, 71.625, 2.946467667500833e-20, nan 
-15.375, 71.625, 2.333093111713369e-19, nan 
-15.125, 71.625, 2.247657567129166e-19, nan 
-14.875, 71.625, 1.485254801304842e-19, nan 
-14.625, 71.625, 2.3397418931968783e-20, nan 
-14.375, 71.625, 3.1734556482482765e-20, nan 
-14.125, 71.625, 2.200464604285155e-20, nan 
-13.875, 71.625, 1.4743235158801082e-20, nan 
-13.625, 71.625, 6.014467657082116e-21, nan 
-13.375, 71.625, 5.349099743634805e-21, nan 
-13.125, 71.625, 5.026945633871482e-21, nan 
-12.875, 71.625, 2.460229714787606e-21, nan 
-12.625, 71.625, 1.8142255430231968e-21, nan 
-12.375, 71.625, 3.1366722480599863e-21, nan 
-12.125, 71.625, 1.4716349580742571e-21, nan 
-11.875, 71.625, 5.085060189195852e-21, nan 
-11.625, 71.625, 3.652159013598638e-21, nan 
-11.375, 71.625, 1.985251572039047e-21, nan 
-11.125, 71.625, 6.69879730918895e-21, nan 
-10.875, 71.625, 5.625560284630207e-21, nan 
-10.625, 71.625, 5.0610039739411685e-21, nan 
-10.375, 71.625, 4.600985530374941e-21, nan 
-10.125, 71.625, 4.6472516808014124e-21, nan 
-9.875, 71.625, 4.682695742036947e-21, nan 
-9.625, 71.625, 3.0072626457039444e-21, nan 
-9.375, 71.625, 3.414467395607548e-21, nan 
-9.125, 71.625, 4.635391446009508e-21, nan 
-8.875, 71.625, 3.737349309641538e-21, nan 
-8.625, 71.625, 3.476334740708029e-21, nan 
-8.375, 71.625, 3.739669256861202e-21, nan 
-8.125, 71.625, 4.554022202409772e-21, nan 
-7.875, 71.625, 6.222389649970094e-21, nan 
-7.625, 71.625, 5.66237552369651e-21, nan 
-7.375, 71.625, 5.724224280390063e-21, nan 
-7.125, 71.625, 6.2647647220155e-21, nan 
-6.875, 71.625, 6.012424431541306e-21, nan 
-6.625, 71.625, 5.93675186640837e-21, nan 
-6.375, 71.625, 4.3814128132046945e-21, nan 
-6.125, 71.625, 4.970187035799826e-21, nan 
-5.875, 71.625, 5.962293306125645e-21, nan 
-5.625, 71.625, 4.534904784434328e-21, nan 
-5.375, 71.625, 3.0408206728762398e-21, nan 
-5.125, 71.625, 4.788642165783784e-21, nan 
-4.875, 71.625, 2.4214639584747043e-21, nan 
-4.625, 71.625, 2.512208802719641e-21, nan 
-4.375, 71.625, 1.9484887296142234e-21, nan 
-4.125, 71.625, 1.3380842895755195e-21, nan 
-3.875, 71.625, 2.226448068246905e-21, nan 
-3.625, 71.625, 1.2697784372573004e-21, nan 
-3.375, 71.625, 1.5521683026694436e-21, nan 
-3.125, 71.625, 1.9786731549712475e-21, nan 
-2.875, 71.625, 2.002212812257101e-21, nan 
-2.625, 71.625, 2.138939748178787e-21, nan 
-2.375, 71.625, 2.4983914928486492e-21, nan 
-2.125, 71.625, 2.436572134341397e-21, nan 
-1.875, 71.625, 1.8988973107543957e-21, nan 
-1.625, 71.625, 1.919097330842061e-21, nan 
-1.375, 71.625, 1.725242794957771e-21, nan 
-1.125, 71.625, 1.2986518968867702e-21, nan 
-0.875, 71.625, 1.4468676188595382e-21, nan 
-0.625, 71.625, 1.9982727267152284e-21, nan 
-0.375, 71.625, 4.278988015269109e-21, nan 
-0.125, 71.625, 2.9955211146541944e-21, nan 
0.125, 71.625, 2.659493984778912e-21, nan 
0.375, 71.625, 4.971438436377804e-21, nan 
0.625, 71.625, 3.414938558885712e-21, nan 
0.875, 71.625, 2.6756200282013834e-21, nan 
1.125, 71.625, 1.433048198192567e-21, nan 
1.375, 71.625, 1.683133172646643e-21, nan 
1.625, 71.625, 1.7658549873873943e-21, nan 
1.875, 71.625, 1.971097044319987e-21, nan 
2.125, 71.625, 1.2950678683644247e-21, nan 
2.375, 71.625, 1.430850605662856e-21, nan 
2.625, 71.625, 2.8842517349838205e-21, nan 
2.875, 71.625, 1.337090374305108e-21, nan 
3.125, 71.625, 6.969513455359997e-22, nan 
3.375, 71.625, 1.8011554576178483e-21, nan 
3.625, 71.625, 1.0151608876460444e-21, nan 
3.875, 71.625, 5.343989289908308e-22, nan 
4.125, 71.625, 4.994183972239857e-22, nan 
4.375, 71.625, 3.13324640138634e-22, nan 
4.625, 71.625, 5.251859864553744e-22, nan 
4.875, 71.625, 3.963129740825348e-22, nan 
5.125, 71.625, 4.2057423336107098e-22, nan 
5.375, 71.625, 2.970017322245988e-22, nan 
5.625, 71.625, 3.6289663956467433e-22, nan 
5.875, 71.625, 3.866634416833064e-22, nan 
6.125, 71.625, 3.405736855039988e-22, nan 
6.375, 71.625, 4.426584195084859e-22, nan 
6.625, 71.625, 1.9379645397462038e-22, nan 
6.875, 71.625, 3.9109896350756127e-22, nan 
7.125, 71.625, 4.141557118297324e-22, nan 
7.375, 71.625, 3.920688522620778e-22, nan 
7.625, 71.625, 3.511507973973737e-22, nan 
7.875, 71.625, 5.5608629566619695e-22, nan 
8.125, 71.625, 4.346765431206181e-22, nan 
8.375, 71.625, 5.025264923327784e-22, nan 
8.625, 71.625, 4.68424888277497e-22, nan 
8.875, 71.625, 4.221520650544312e-22, nan 
9.125, 71.625, 4.213148137765303e-22, nan 
9.375, 71.625, 3.177382356805637e-22, nan 
9.625, 71.625, 2.0618140721852031e-22, nan 
9.875, 71.625, 1.3804542230286032e-22, nan 
10.125, 71.625, 2.672019135223042e-22, nan 
10.375, 71.625, 9.808864426352536e-22, nan 
10.625, 71.625, 4.930881243768724e-22, nan 
10.875, 71.625, 1.6886217165844865e-22, nan 
11.125, 71.625, 2.3614937551028053e-22, nan 
11.375, 71.625, 3.1552736063717563e-22, nan 
11.625, 71.625, 4.197158550979267e-22, nan 
11.875, 71.625, 4.1941366862024354e-22, nan 
12.125, 71.625, 1.9148817500474236e-22, nan 
12.375, 71.625, 3.2346073485593016e-22, nan 
12.625, 71.625, 3.2284262557604692e-22, nan 
12.875, 71.625, 8.064135182299663e-23, nan 
13.125, 71.625, 5.431687299545e-23, nan 
13.375, 71.625, 2.1951841273449975e-22, nan 
13.625, 71.625, 1.8447310546736101e-22, nan 
13.875, 71.625, 1.0033010268706396e-22, nan 
14.125, 71.625, 1.26011335443508e-22, nan 
14.375, 71.625, 1.2745392238777666e-22, nan 
14.625, 71.625, 1.2602415549936207e-22, nan 
14.875, 71.625, 1.7657521053132403e-22, nan 
15.125, 71.625, 2.0542197441711603e-22, nan 
15.375, 71.625, 1.4729748585919732e-22, nan 
15.625, 71.625, 1.7733100658955773e-22, nan 
15.875, 71.625, 1.939523862986371e-22, nan 
16.125, 71.625, 1.3405493044516307e-22, nan 
16.375, 71.625, 1.8158276186232076e-22, nan 
16.625, 71.625, 1.7038106152594112e-22, nan 
16.875, 71.625, 1.2816505623643827e-22, nan 
17.125, 71.625, 1.6686616711294829e-22, nan 
17.375, 71.625, 1.6462073276928115e-22, nan 
17.625, 71.625, 1.380157678893987e-22, nan 
17.875, 71.625, 1.785314973667275e-22, nan 
18.125, 71.625, 1.2344699077216504e-22, nan 
18.375, 71.625, 1.0701812438720115e-22, nan 
18.625, 71.625, 1.5077219870821186e-22, nan 
18.875, 71.625, 9.761509447456211e-23, nan 
19.125, 71.625, 1.3216867097293982e-22, nan 
19.375, 71.625, 1.368075595784072e-22, nan 
19.625, 71.625, 1.9634836863112702e-22, nan 
19.875, 71.625, 1.5554969164732053e-22, nan 
20.125, 71.625, 1.5346069728478354e-22, nan 
20.375, 71.625, 1.580318515512391e-22, nan 
20.625, 71.625, 1.1266059652917867e-22, nan 
20.875, 71.625, 1.208293991838786e-22, nan 
21.125, 71.625, 8.504234314260447e-23, nan 
21.375, 71.625, 1.0087866514242276e-22, nan 
21.625, 71.625, 1.0771550270195414e-22, nan 
21.875, 71.625, 9.057331714147173e-23, nan 
22.125, 71.625, 8.693051830974709e-23, nan 
22.375, 71.625, 2.0908592479156895e-22, nan 
22.625, 71.625, 9.014996301457802e-23, nan 
22.875, 71.625, 8.240535781639152e-23, nan 
23.125, 71.625, 9.792153801645347e-23, nan 
23.375, 71.625, 1.3680669867541518e-22, nan 
23.625, 71.625, 1.236217529119915e-22, nan 
23.875, 71.625, 9.845497457646861e-23, nan 
24.125, 71.625, 9.578310968913562e-23, nan 
24.375, 71.625, 9.353582109997982e-23, nan 
24.625, 71.625, 1.1213391102541921e-22, nan 
24.875, 71.625, 9.057335228437291e-23, nan 
25.125, 71.625, 8.953789221224046e-23, nan 
25.375, 71.625, 7.714679641030151e-23, nan 
25.625, 71.625, 9.08149387572791e-23, nan 
25.875, 71.625, 1.0628835446905764e-22, nan 
26.125, 71.625, 1.0174647755142998e-22, nan 
26.375, 71.625, 8.718640262500683e-23, nan 
26.625, 71.625, 1.2204569103802734e-22, nan 
26.875, 71.625, 1.2380066480926194e-22, nan 
27.125, 71.625, 1.2929802867897586e-22, nan 
27.375, 71.625, 1.6082601672658378e-22, nan 
27.625, 71.625, 1.2026319706889153e-22, nan 
27.875, 71.625, 8.553790662487815e-23, nan 
28.125, 71.625, 1.242499619612304e-22, nan 
28.375, 71.625, 1.0330436184551417e-22, nan 
28.625, 71.625, 8.341802128546299e-23, nan 
28.875, 71.625, 7.42575506337027e-23, nan 
29.125, 71.625, 8.452822522424131e-23, nan 
29.375, 71.625, 4.589702776054942e-23, nan 
29.625, 71.625, 7.653710913253464e-23, nan 
29.875, 71.625, 1.5749980623943957e-22, nan 
30.125, 71.625, 7.814947810938259e-23, nan 
30.375, 71.625, 5.307583698451569e-23, nan 
30.625, 71.625, 8.857549061043173e-23, nan 
30.875, 71.625, 7.982103923746326e-23, nan 
31.125, 71.625, 4.2796830730464524e-23, nan 
31.375, 71.625, 8.903353041010221e-23, nan 
31.625, 71.625, 1.5044847764782546e-22, nan 
31.875, 71.625, 9.211711935410171e-23, nan 
32.125, 71.625, 6.27887697579747e-23, nan 
32.375, 71.625, 8.914647539048472e-23, nan 
32.625, 71.625, 7.019312092540455e-23, nan 
32.875, 71.625, 5.743483515143259e-23, nan 
33.125, 71.625, 2.1146430672397971e-23, nan 
33.375, 71.625, 1.453085713559253e-23, nan 
33.625, 71.625, 1.5990942800371068e-23, nan 
33.875, 71.625, 2.6956845299940574e-23, nan 
34.125, 71.625, 3.962278444954094e-23, nan 
34.375, 71.625, 3.564088526334412e-23, nan 
34.625, 71.625, 1.5955495789858247e-23, nan 
34.875, 71.625, 3.094737659847096e-23, nan 
35.125, 71.625, 2.8591569245598205e-23, nan 
35.375, 71.625, 5.462674717136596e-23, nan 
35.625, 71.625, 3.027207154259381e-23, nan 
35.875, 71.625, 2.7250940712639957e-23, nan 
36.125, 71.625, 1.792548145315217e-23, nan 
36.375, 71.625, 7.056908046363725e-24, nan 
36.625, 71.625, 1.9459159913802933e-23, nan 
36.875, 71.625, 1.447600613729531e-23, nan 
37.125, 71.625, 1.0875812162384193e-23, nan 
37.375, 71.625, 8.266679311409934e-24, nan 
37.625, 71.625, 1.7678019433716977e-23, nan 
37.875, 71.625, 3.3677088506309286e-23, nan 
38.125, 71.625, 4.219939454091839e-23, nan 
38.375, 71.625, 2.551798216176725e-23, nan 
38.625, 71.625, 2.757816509443265e-23, nan 
38.875, 71.625, 6.142125032478652e-23, nan 
39.125, 71.625, 2.84439582694299e-23, nan 
39.375, 71.625, 2.0936685934804137e-23, nan 
39.625, 71.625, 8.459071084707905e-23, nan 
39.875, 71.625, 4.042547664686806e-23, nan 
40.125, 71.625, 2.405711475184983e-23, nan 
40.375, 71.625, 1.0044857819194062e-22, nan 
40.625, 71.625, 4.693458151935573e-23, nan 
40.875, 71.625, 2.1020536279762022e-23, nan 
41.125, 71.625, 4.17565773018779e-23, nan 
41.375, 71.625, 2.655389643950044e-23, nan 
41.625, 71.625, 1.6785683222762486e-23, nan 
41.875, 71.625, 1.8260588466029259e-23, nan 
42.125, 71.625, 1.378337420674588e-23, nan 
42.375, 71.625, 1.2032361342887156e-23, nan 
42.625, 71.625, 1.4266727848295743e-23, nan 
42.875, 71.625, 7.619919197493686e-24, nan 
43.125, 71.625, 9.502392126351026e-24, nan 
43.375, 71.625, 4.614808374801918e-24, nan 
43.625, 71.625, 6.353028048044946e-24, nan 
43.875, 71.625, 9.239135314491889e-24, nan 
44.125, 71.625, 7.188962693961331e-24, nan 
44.375, 71.625, 1.0033782417012653e-23, nan 
44.625, 71.625, 1.3229437276468252e-23, nan 
44.875, 71.625, 3.1222578838046327e-24, nan 
45.125, 71.625, 5.8875951649109145e-24, nan 
45.375, 71.625, 1.3088197435958717e-24, nan 
45.625, 71.625, 1.3564953687646857e-23, nan 
45.875, 71.625, 1.0042577250843693e-23, nan 
46.125, 71.625, 1.861551192163414e-23, nan 
46.375, 71.625, 2.2909677816853026e-23, nan 
46.625, 71.625, 1.6706659106657866e-23, nan 
46.875, 71.625, 7.532379067293325e-24, nan 
47.125, 71.625, 2.1707290925103415e-23, nan 
47.375, 71.625, 1.4967618769656818e-23, nan 
47.625, 71.625, 1.8629728674769007e-23, nan 
47.875, 71.625, 1.926428812575768e-23, nan 
48.125, 71.625, 6.557573914978141e-24, nan 
48.375, 71.625, 3.816585449187125e-24, nan 
48.625, 71.625, 9.69231528021329e-24, nan 
48.875, 71.625, 8.202559660735149e-24, nan 
49.125, 71.625, 1.610283900086968e-23, nan 
49.375, 71.625, 2.179472331000788e-23, nan 
49.625, 71.625, 1.6370811067658285e-23, nan 
49.875, 71.625, 1.062649805086409e-23, nan 
50.125, 71.625, 2.429338359911166e-23, nan 
50.375, 71.625, 1.9534598201868128e-23, nan 
50.625, 71.625, 2.1831984618837232e-23, nan 
50.875, 71.625, 6.434060752573006e-24, nan 
51.125, 71.625, 1.2108816481779623e-23, nan 
51.375, 71.625, 6.785097763637846e-24, nan 
51.625, 71.625, 7.150700410270772e-24, nan 
51.875, 71.625, 4.327820066324152e-24, nan 
52.125, 71.625, 7.160359006878242e-24, nan 
52.375, 71.625, 7.351701976629892e-24, nan 
52.625, 71.625, 7.101153192676302e-24, nan 
52.875, 71.625, 1.0938742493715159e-23, nan 
53.125, 71.625, 1.3936935778658092e-23, nan 
53.375, 71.625, 2.1870084954262733e-23, nan 
53.625, 71.625, 2.5251454398404352e-23, nan 
53.875, 71.625, 2.0299581675040012e-23, nan 
54.125, 71.625, 2.771926624375026e-23, nan 
54.375, 71.625, 2.860119252343612e-23, nan 
54.625, 71.625, 1.71610306472558e-23, nan 
54.875, 71.625, 1.2781392187645249e-23, nan 
55.125, 71.625, 1.7170133785370663e-23, nan 
55.375, 71.625, 1.8627227090938724e-23, nan 
55.625, 71.625, 1.2478130798315192e-23, nan 
55.875, 71.625, 1.040164789469391e-23, nan 
56.125, 71.625, 1.1812608804009927e-23, nan 
56.375, 71.625, 1.0291924111799051e-23, nan 
56.625, 71.625, 8.758134363614751e-24, nan 
56.875, 71.625, 3.045497219719998e-24, nan 
57.125, 71.625, 4.319987842002476e-24, nan 
57.375, 71.625, 6.646344434889881e-24, nan 
57.625, 71.625, 6.546219938715382e-24, nan 
57.875, 71.625, 5.401915750042267e-24, nan 
58.125, 71.625, 7.081096451728453e-24, nan 
58.375, 71.625, 6.5463091420775096e-24, nan 
58.625, 71.625, 8.304600696090958e-24, nan 
58.875, 71.625, 1.2107551718018606e-23, nan 
59.125, 71.625, 1.5516093966401442e-23, nan 
59.375, 71.625, 1.322354323012153e-23, nan 
59.625, 71.625, 1.3588889309495098e-23, nan 
59.875, 71.625, 1.4568748819524697e-23, nan 
60.125, 71.625, 9.785275387701871e-24, nan 
60.375, 71.625, 6.205322321712039e-24, nan 
60.625, 71.625, 6.846768999483328e-24, nan 
60.875, 71.625, 1.0630089702318888e-23, nan 
61.125, 71.625, 2.571905640879423e-23, nan 
61.375, 71.625, 2.9835557361962517e-23, nan 
61.625, 71.625, 2.2784965476575645e-23, nan 
61.875, 71.625, 2.0199043200988506e-23, nan 
62.125, 71.625, 2.1881993911656325e-23, nan 
62.375, 71.625, 1.65012499437114e-23, nan 
62.625, 71.625, 6.2128044187797574e-24, nan 
62.875, 71.625, 6.183395733170156e-24, nan 
63.125, 71.625, 9.142096373879033e-24, nan 
63.375, 71.625, 6.066171788077971e-24, nan 
63.625, 71.625, 8.602374642002298e-24, nan 
63.875, 71.625, 1.4308642877455452e-23, nan 
64.125, 71.625, 8.779500194799282e-24, nan 
64.375, 71.625, 6.660553377032532e-24, nan 
64.625, 71.625, 5.039378295105511e-24, nan 
64.875, 71.625, 6.389577063033387e-24, nan 
65.125, 71.625, 9.994446705777948e-24, nan 
65.375, 71.625, 4.777369381237616e-24, nan 
65.625, 71.625, 3.8464728163306896e-24, nan 
65.875, 71.625, 6.3816369742001046e-24, nan 
66.125, 71.625, 4.6992308991933254e-24, nan 
66.375, 71.625, 7.362552059346439e-24, nan 
66.625, 71.625, 6.68116091642366e-24, nan 
66.875, 71.625, 1.1405445908852051e-23, nan 
67.125, 71.625, 7.127789396310994e-24, nan 
67.375, 71.625, 6.261083586405462e-24, nan 
67.625, 71.625, 3.655215987414372e-24, nan 
67.875, 71.625, 1.0838850308309088e-23, nan 
68.125, 71.625, 5.71703294994539e-24, nan 
68.375, 71.625, 6.82536900879752e-24, nan 
68.625, 71.625, 3.2727954859957128e-24, nan 
68.875, 71.625, 4.7771020931890405e-24, nan 
69.125, 71.625, 5.506709702735276e-24, nan 
69.375, 71.625, 4.3544360300276304e-24, nan 
69.625, 71.625, 8.061364704897218e-24, nan 
69.875, 71.625, 7.560453790438557e-24, nan 
70.125, 71.625, 7.92625278993607e-24, nan 
70.375, 71.625, 1.4699615057849857e-23, nan 
70.625, 71.625, 1.7816689440225755e-23, nan 
70.875, 71.625, 5.995634865883069e-24, nan 
71.125, 71.625, 3.995888175638022e-24, nan 
71.375, 71.625, 1.7340287980227443e-24, nan 
71.625, 71.625, 1.691724928302435e-24, nan 
71.875, 71.625, 2.282851369216738e-24, nan 
72.125, 71.625, 3.1400608695231383e-24, nan 
72.375, 71.625, 1.9431762273637213e-24, nan 
72.625, 71.625, 9.369971016450942e-25, nan 
72.875, 71.625, 1.5054629620512105e-24, nan 
73.125, 71.625, 2.103688262815561e-24, nan 
73.375, 71.625, 8.476700108671173e-24, nan 
73.625, 71.625, 4.440914424299567e-24, nan 
73.875, 71.625, 3.1017961634013985e-24, nan 
74.125, 71.625, 1.2866669753131301e-24, nan 
74.375, 71.625, 4.377707305180195e-24, nan 
74.625, 71.625, 5.878174088397357e-24, nan 
74.875, 71.625, 5.730477902647011e-24, nan 
75.125, 71.625, 3.434450995013225e-24, nan 
75.375, 71.625, 4.502969088889076e-24, nan 
75.625, 71.625, 4.540699210613202e-24, nan 
75.875, 71.625, 2.585363540052304e-24, nan 
76.125, 71.625, 2.385055527788633e-24, nan 
76.375, 71.625, 4.1279501316676066e-24, nan 
76.625, 71.625, 6.75412191028159e-24, nan 
76.875, 71.625, 1.0036739023747359e-23, nan 
77.125, 71.625, 5.318133010923473e-24, nan 
77.375, 71.625, 5.825905004083313e-24, nan 
77.625, 71.625, 3.814943636987716e-24, nan 
77.875, 71.625, 1.8327768045648466e-24, nan 
78.125, 71.625, 2.8841085651897746e-24, nan 
78.375, 71.625, 3.0602183036738587e-24, nan 
78.625, 71.625, 3.89297908021075e-24, nan 
78.875, 71.625, 5.581945123214249e-24, nan 
79.125, 71.625, 3.9312085182415326e-24, nan 
79.375, 71.625, 3.2568936517333655e-24, nan 
79.625, 71.625, 4.133777912689338e-24, nan 
79.875, 71.625, 3.5271573867677354e-24, nan 
80.125, 71.625, 4.76520530256423e-24, nan 
80.375, 71.625, 3.661696711041323e-24, nan 
80.625, 71.625, 4.213171726062407e-24, nan 
-154.375, 71.875, 3.850350875633949e-24, nan 
-154.125, 71.875, 3.921012281997464e-24, nan 
-153.875, 71.875, 4.055208887050292e-24, nan 
-153.625, 71.875, 4.172096898675017e-24, nan 
-153.375, 71.875, 4.3213497585148015e-24, nan 
-153.125, 71.875, 4.467940483497421e-24, nan 
-152.875, 71.875, 4.2843789305806135e-24, nan 
-152.625, 71.875, 3.542731013270095e-24, nan 
-152.375, 71.875, 3.529614977721168e-24, nan 
-152.125, 71.875, 3.414355452919521e-24, nan 
-151.875, 71.875, 3.1196796491499324e-24, nan 
-151.625, 71.875, 3.416373466760367e-24, nan 
-151.375, 71.875, 3.32207365116838e-24, nan 
-151.125, 71.875, 2.8779538028285082e-24, nan 
-150.875, 71.875, 3.099364051810645e-24, nan 
-150.625, 71.875, 2.3260088837115852e-24, nan 
-150.375, 71.875, 2.011406548069573e-24, nan 
-150.125, 71.875, 2.266660256264512e-24, nan 
-149.875, 71.875, 1.0928228371492957e-24, nan 
-149.625, 71.875, 9.660540978038783e-25, nan 
-149.375, 71.875, 2.685906060776504e-24, nan 
-149.125, 71.875, 4.5196171372811264e-24, nan 
-148.875, 71.875, 3.402562369126738e-24, nan 
-148.625, 71.875, 1.8373263074308486e-24, nan 
-148.375, 71.875, 1.6368789499195195e-24, nan 
-148.125, 71.875, 2.6008976325782437e-24, nan 
-147.875, 71.875, 3.3973340309671525e-24, nan 
-147.625, 71.875, 3.8258979287297874e-24, nan 
-147.375, 71.875, 2.5604353485190917e-24, nan 
-147.125, 71.875, 1.190899909947395e-24, nan 
-146.875, 71.875, 2.3482845827162317e-24, nan 
-146.625, 71.875, 1.9540775992019126e-24, nan 
-146.375, 71.875, 3.1491583564818532e-24, nan 
-146.125, 71.875, 2.084073321104143e-24, nan 
-145.875, 71.875, 1.4460029218653237e-24, nan 
-145.625, 71.875, 1.1139540495591165e-24, nan 
-145.375, 71.875, 3.2388258730533415e-24, nan 
-145.125, 71.875, 3.533644739607603e-24, nan 
-144.875, 71.875, 2.4869473685589522e-24, nan 
-144.625, 71.875, 3.829075325999255e-24, nan 
-144.375, 71.875, 4.2918912886826605e-24, nan 
-144.125, 71.875, 2.3913061732179145e-24, nan 
-143.875, 71.875, 2.576524733738332e-24, nan 
-143.625, 71.875, 5.482450129799093e-24, nan 
-143.375, 71.875, 3.6400230781387e-24, nan 
-143.125, 71.875, 4.7076070798288496e-24, nan 
-142.875, 71.875, 5.5234945590489184e-24, nan 
-142.625, 71.875, 4.356395311306527e-24, nan 
-142.375, 71.875, 4.959741339796233e-24, nan 
-142.125, 71.875, 6.566683017344125e-24, nan 
-141.875, 71.875, 6.234631160221683e-24, nan 
-141.625, 71.875, 5.563709718944206e-24, nan 
-141.375, 71.875, 9.932756205971544e-24, nan 
-141.125, 71.875, 4.512155206816679e-24, nan 
-140.875, 71.875, 1.0618107464416615e-23, nan 
-140.625, 71.875, 1.8867027031271782e-23, nan 
-140.375, 71.875, 7.045554287053235e-24, nan 
-140.125, 71.875, 9.280106452539529e-24, nan 
-139.875, 71.875, 2.044836146116209e-23, nan 
-139.625, 71.875, 5.830568567786927e-24, nan 
-139.375, 71.875, 4.54824336399337e-24, nan 
-139.125, 71.875, 6.303550474241757e-24, nan 
-138.875, 71.875, 2.8509066252421535e-24, nan 
-138.625, 71.875, 2.5447837667656374e-24, nan 
-138.375, 71.875, 5.599220130782973e-24, nan 
-138.125, 71.875, 1.2475341822608265e-23, nan 
-137.875, 71.875, 8.332812716233636e-24, nan 
-137.625, 71.875, 5.602616557178723e-24, nan 
-137.375, 71.875, 9.171653586715775e-24, nan 
-137.125, 71.875, 8.64706406694634e-24, nan 
-136.875, 71.875, 4.958325340503657e-24, nan 
-136.625, 71.875, 6.343877082378745e-24, nan 
-136.375, 71.875, 5.971420715436891e-24, nan 
-136.125, 71.875, 6.319319061504192e-24, nan 
-135.875, 71.875, 6.612374894270501e-24, nan 
-135.625, 71.875, 2.867730649123477e-24, nan 
-135.375, 71.875, 4.6842869861512804e-24, nan 
-135.125, 71.875, 2.6949789163687324e-24, nan 
-134.875, 71.875, 3.88340515379033e-24, nan 
-134.625, 71.875, 6.766454815748662e-25, nan 
-134.375, 71.875, 1.2817394285738612e-24, nan 
-134.125, 71.875, 2.1278122655485837e-24, nan 
-133.875, 71.875, 5.652986854405394e-25, nan 
-133.625, 71.875, 2.793921406892235e-24, nan 
-133.375, 71.875, 2.701039212662339e-24, nan 
-133.125, 71.875, 2.8925443259615385e-24, nan 
-132.875, 71.875, 4.688155360772854e-24, nan 
-132.625, 71.875, 4.137541852511301e-24, nan 
-132.375, 71.875, 2.3926046351142454e-24, nan 
-132.125, 71.875, 2.2005151955933427e-24, nan 
-131.875, 71.875, 2.019657147270389e-24, nan 
-131.625, 71.875, 3.1896836583829736e-24, nan 
-131.375, 71.875, 7.722442268405548e-24, nan 
-131.125, 71.875, 6.155095136360907e-24, nan 
-130.875, 71.875, 4.239934800657619e-24, nan 
-130.625, 71.875, 6.75644582500725e-24, nan 
-130.375, 71.875, 8.982801460555813e-24, nan 
-130.125, 71.875, 8.041174780290908e-24, nan 
-129.875, 71.875, 5.765709236549703e-24, nan 
-129.625, 71.875, 9.860397116314366e-24, nan 
-129.375, 71.875, 1.275612674079938e-23, nan 
-129.125, 71.875, 6.3569420134016865e-24, nan 
-128.875, 71.875, 9.517482754924806e-24, nan 
-128.625, 71.875, 1.2656091472590245e-23, nan 
-128.375, 71.875, 5.43625250867492e-24, nan 
-128.125, 71.875, 4.8310991540953145e-24, nan 
-127.875, 71.875, 7.887572896388096e-24, nan 
-127.625, 71.875, 9.198316951165698e-24, nan 
-127.375, 71.875, 1.2767660469798939e-23, nan 
-127.125, 71.875, 1.437385280952589e-23, nan 
-126.875, 71.875, 1.1648913721632059e-23, nan 
-126.625, 71.875, 1.4352774797101374e-23, nan 
-126.375, 71.875, 1.6399555971790266e-23, nan 
-126.125, 71.875, 1.0250529976242679e-23, nan 
-125.875, 71.875, 1.5672083374061216e-23, nan 
-125.625, 71.875, 1.6514508052395396e-23, nan 
-125.375, 71.875, 1.395095149650109e-23, nan 
-125.125, 71.875, 1.2429130215230195e-23, nan 
-124.875, 71.875, 8.75273959388695e-24, nan 
-124.625, 71.875, 1.2785538431457814e-23, nan 
-124.375, 71.875, 2.1354699994020846e-23, nan 
-124.125, 71.875, 3.420107036671392e-23, nan 
-123.875, 71.875, 2.0234196814288108e-23, nan 
-123.625, 71.875, 1.64527745176679e-23, nan 
-123.375, 71.875, 1.2001075492591398e-23, nan 
-123.125, 71.875, 1.5753750261575672e-23, nan 
-122.875, 71.875, 1.9540687724453468e-23, nan 
-122.625, 71.875, 1.1095275041946108e-23, nan 
-122.375, 71.875, 9.214867501502419e-24, nan 
-122.125, 71.875, 6.478503763233263e-24, nan 
-121.875, 71.875, 6.46102774197436e-24, nan 
-121.625, 71.875, 6.508893020484968e-24, nan 
-121.375, 71.875, 6.810000988780475e-24, nan 
-121.125, 71.875, 8.095153142209967e-24, nan 
-120.875, 71.875, 7.575669749978497e-24, nan 
-120.625, 71.875, 6.12491762502935e-24, nan 
-120.375, 71.875, 9.76141464164297e-24, nan 
-120.125, 71.875, 1.1584422046624534e-23, nan 
-119.875, 71.875, 1.2209350579473213e-23, nan 
-119.625, 71.875, 1.035187749823061e-23, nan 
-119.375, 71.875, 1.5714813893552578e-23, nan 
-119.125, 71.875, 9.767879381854066e-24, nan 
-118.875, 71.875, 1.2160280822906868e-23, nan 
-118.625, 71.875, 1.6630807906781344e-23, nan 
-118.375, 71.875, 1.8107447461615846e-23, nan 
-118.125, 71.875, 1.1490116510861525e-23, nan 
-117.875, 71.875, 1.1665329553626203e-23, nan 
-117.625, 71.875, 9.053760956442974e-24, nan 
-117.375, 71.875, 4.1287498340761404e-24, nan 
-117.125, 71.875, 1.0169354345474778e-23, nan 
-116.875, 71.875, 1.1768828405271967e-23, nan 
-116.625, 71.875, 6.64983765583266e-24, nan 
-116.375, 71.875, 1.0820359773628998e-23, nan 
-116.125, 71.875, 1.1584855222427981e-23, nan 
-115.875, 71.875, 7.379728272524617e-24, nan 
-115.625, 71.875, 6.151725467899106e-24, nan 
-115.375, 71.875, 5.5848620875665996e-24, nan 
-115.125, 71.875, 4.558905830325412e-24, nan 
-114.875, 71.875, 5.775850058151535e-24, nan 
-114.625, 71.875, 4.637461212442784e-24, nan 
-114.375, 71.875, 3.998358806215369e-24, nan 
-114.125, 71.875, 4.508250598435791e-24, nan 
-113.875, 71.875, 6.0356036384303395e-24, nan 
-113.625, 71.875, 6.880452196646029e-24, nan 
-113.375, 71.875, 6.0742411134972785e-24, nan 
-113.125, 71.875, 1.1457593622095371e-23, nan 
-112.875, 71.875, 1.6657501427106356e-23, nan 
-112.625, 71.875, 1.6206964586593946e-23, nan 
-112.375, 71.875, 1.2368687856209321e-23, nan 
-112.125, 71.875, 2.0694553054917128e-23, nan 
-111.875, 71.875, 2.358354798980822e-23, nan 
-111.625, 71.875, 1.7542686213372146e-23, nan 
-111.375, 71.875, 2.701569382797806e-23, nan 
-111.125, 71.875, 2.060448898751899e-23, nan 
-110.875, 71.875, 2.2343872058953707e-23, nan 
-110.625, 71.875, 2.774162939306008e-23, nan 
-110.375, 71.875, 3.382098318596846e-23, nan 
-110.125, 71.875, 2.9675487312420434e-23, nan 
-109.875, 71.875, 2.2846632191461725e-23, nan 
-109.625, 71.875, 2.8656685763011645e-23, nan 
-109.375, 71.875, 2.642950345272716e-23, nan 
-109.125, 71.875, 1.268103637696459e-23, nan 
-108.875, 71.875, 7.416670177907687e-24, nan 
-108.625, 71.875, 9.980519901479365e-24, nan 
-108.375, 71.875, 1.328142471400326e-23, nan 
-108.125, 71.875, 9.3128025342274e-24, nan 
-107.875, 71.875, 9.904524285246044e-24, nan 
-107.625, 71.875, 9.47905279623371e-24, nan 
-107.375, 71.875, 8.77417839134573e-24, nan 
-107.125, 71.875, 9.579529150137301e-24, nan 
-106.875, 71.875, 9.357966222755376e-24, nan 
-106.625, 71.875, 9.434795841897636e-24, nan 
-106.375, 71.875, 9.700625846052703e-24, nan 
-106.125, 71.875, 9.568318413603077e-24, nan 
-105.875, 71.875, 1.0874229105784022e-23, nan 
-105.625, 71.875, 6.917421099657434e-24, nan 
-105.375, 71.875, 7.88792790558023e-24, nan 
-105.125, 71.875, 1.4727748936585173e-23, nan 
-104.875, 71.875, 8.375983138702021e-24, nan 
-104.625, 71.875, 1.0053349987944445e-23, nan 
-104.375, 71.875, 1.3703583007036196e-23, nan 
-104.125, 71.875, 1.445522586802896e-23, nan 
-103.875, 71.875, 1.4693593384099115e-23, nan 
-103.625, 71.875, 1.3190650457384075e-23, nan 
-103.375, 71.875, 1.1050082753542136e-23, nan 
-103.125, 71.875, 8.528210388854107e-24, nan 
-102.875, 71.875, 1.0298240702938437e-23, nan 
-102.625, 71.875, 1.2810265917020638e-23, nan 
-102.375, 71.875, 1.1579654349141859e-23, nan 
-102.125, 71.875, 1.1033269187357386e-23, nan 
-101.875, 71.875, 1.982115888441566e-23, nan 
-101.625, 71.875, 1.8474170784936903e-23, nan 
-101.375, 71.875, 1.7641582283173047e-23, nan 
-101.125, 71.875, 1.553892196074259e-23, nan 
-100.875, 71.875, 1.805922648217044e-23, nan 
-100.625, 71.875, 1.5854930971926342e-23, nan 
-100.375, 71.875, 2.267085830154033e-23, nan 
-100.125, 71.875, 2.1942218309753213e-23, nan 
-99.875, 71.875, 1.9806172820406787e-23, nan 
-99.625, 71.875, 2.0953771041955825e-23, nan 
-99.375, 71.875, 1.99600438897359e-23, nan 
-99.125, 71.875, 2.0052178761219103e-23, nan 
-98.875, 71.875, 2.2326107963676612e-23, nan 
-98.625, 71.875, 2.1964839075082638e-23, nan 
-98.375, 71.875, 1.6800175519633792e-23, nan 
-98.125, 71.875, 1.8502057232065707e-23, nan 
-97.875, 71.875, 1.9350259984420686e-23, nan 
-97.625, 71.875, 1.4771611423618463e-23, nan 
-97.375, 71.875, 1.9864119792001843e-23, nan 
-97.125, 71.875, 1.5684837521689822e-23, nan 
-96.875, 71.875, 2.4513437215698409e-23, nan 
-96.625, 71.875, 1.936311429541945e-23, nan 
-96.375, 71.875, 1.446898076567523e-23, nan 
-96.125, 71.875, 2.1530489627874322e-23, nan 
-95.875, 71.875, 2.5775387873916828e-23, nan 
-95.625, 71.875, 2.3903219063076766e-23, nan 
-95.375, 71.875, 2.5572520791043213e-23, nan 
-95.125, 71.875, 2.1365464302030947e-23, nan 
-94.875, 71.875, 2.0329442659359696e-23, nan 
-94.625, 71.875, 2.449569197860467e-23, nan 
-94.375, 71.875, 3.1444236156612204e-23, nan 
-94.125, 71.875, 1.528127462473108e-23, nan 
-93.875, 71.875, 1.4879487738898108e-23, nan 
-93.625, 71.875, 1.7499941639957704e-23, nan 
-93.375, 71.875, 1.7754917980446148e-23, nan 
-93.125, 71.875, 1.9213610807703097e-23, nan 
-92.875, 71.875, 1.9912342103358395e-23, nan 
-92.625, 71.875, 2.295862430412532e-23, nan 
-92.375, 71.875, 2.6436592201926166e-23, nan 
-92.125, 71.875, 3.2143792478390623e-23, nan 
-91.875, 71.875, 2.720635255711743e-23, nan 
-91.625, 71.875, 3.082984013884007e-23, nan 
-91.375, 71.875, 3.857788329495983e-23, nan 
-91.125, 71.875, 3.571518771097489e-23, nan 
-90.875, 71.875, 2.4441904681600782e-23, nan 
-90.625, 71.875, 2.5391207367268575e-23, nan 
-90.375, 71.875, 2.3707972630797995e-23, nan 
-90.125, 71.875, 2.3494208047496385e-23, nan 
-89.875, 71.875, 2.2369643570715774e-23, nan 
-89.625, 71.875, 2.0160451629738185e-23, nan 
-89.375, 71.875, 2.934735553710001e-23, nan 
-89.125, 71.875, 4.407842225082839e-23, nan 
-88.875, 71.875, 3.5568567875937496e-23, nan 
-88.625, 71.875, 3.2613558455563024e-23, nan 
-88.375, 71.875, 3.854387164071982e-23, nan 
-88.125, 71.875, 3.4944374683156756e-23, nan 
-87.875, 71.875, 3.831087453885113e-23, nan 
-87.625, 71.875, 5.647050188414574e-23, nan 
-87.375, 71.875, 5.989453233313793e-23, nan 
-87.125, 71.875, 5.52937175971589e-23, nan 
-86.875, 71.875, 5.603289535825581e-23, nan 
-86.625, 71.875, 5.568263406793797e-23, nan 
-86.375, 71.875, 5.152993614933208e-23, nan 
-86.125, 71.875, 3.274166196861411e-23, nan 
-85.875, 71.875, 2.830182251593644e-23, nan 
-85.625, 71.875, 2.894102619419983e-23, nan 
-85.375, 71.875, 3.292259852506171e-23, nan 
-85.125, 71.875, 4.1619852557535723e-23, nan 
-84.875, 71.875, 5.57641569098779e-23, nan 
-84.625, 71.875, 6.139404112566809e-23, nan 
-84.375, 71.875, 5.897611082550983e-23, nan 
-84.125, 71.875, 5.224088256400464e-23, nan 
-83.875, 71.875, 3.9854675165767034e-23, nan 
-83.625, 71.875, 4.3107222909559805e-23, nan 
-83.375, 71.875, 2.426632939430532e-23, nan 
-83.125, 71.875, 2.1375930689716858e-23, nan 
-82.875, 71.875, 3.4679353755858055e-23, nan 
-82.625, 71.875, 2.610665801062501e-23, nan 
-82.375, 71.875, 3.127341155324357e-23, nan 
-82.125, 71.875, 3.6453952956299706e-23, nan 
-81.875, 71.875, 3.888015298731474e-23, nan 
-81.625, 71.875, 6.759771491777195e-23, nan 
-81.375, 71.875, 1.0539275468978128e-22, nan 
-81.125, 71.875, 4.646068120000255e-23, nan 
-80.875, 71.875, 5.530868686566694e-23, nan 
-80.625, 71.875, 7.340330413144778e-23, nan 
-80.375, 71.875, 7.453659666205348e-23, nan 
-80.125, 71.875, 9.436417132080569e-23, nan 
-79.875, 71.875, 1.2055369835985539e-22, nan 
-79.625, 71.875, 9.933714297723304e-23, nan 
-79.375, 71.875, 1.1066632870624886e-22, nan 
-79.125, 71.875, 1.5786409514487216e-22, nan 
-78.875, 71.875, 1.0620065953647373e-22, nan 
-78.625, 71.875, 9.783986062282151e-23, nan 
-78.375, 71.875, 8.314921820953921e-23, nan 
-78.125, 71.875, 1.0857151750623187e-22, nan 
-77.875, 71.875, 1.7165679744905722e-22, nan 
-77.625, 71.875, 8.6839971321421e-23, nan 
-77.375, 71.875, 8.168356263613206e-23, nan 
-77.125, 71.875, 9.37878698601805e-23, nan 
-76.875, 71.875, 4.2911036668231335e-23, nan 
-76.625, 71.875, 3.1749466999508275e-23, nan 
-76.375, 71.875, 3.4618274801652734e-23, nan 
-76.125, 71.875, 2.815363420289818e-23, nan 
-75.875, 71.875, 2.8310803179400306e-23, nan 
-75.625, 71.875, 2.6081224241751206e-23, nan 
-75.375, 71.875, 2.0839312822712098e-23, nan 
-75.125, 71.875, 3.77773054010328e-23, nan 
-74.875, 71.875, 4.3559254491199227e-23, nan 
-74.625, 71.875, 4.371160163346225e-23, nan 
-74.375, 71.875, 4.171207965961717e-23, nan 
-74.125, 71.875, 5.552926661063853e-23, nan 
-73.875, 71.875, 6.767287310800278e-23, nan 
-73.625, 71.875, 6.239258135123739e-23, nan 
-73.375, 71.875, 5.530932875897248e-23, nan 
-73.125, 71.875, 4.6800597265310104e-23, nan 
-72.875, 71.875, 6.265129316455405e-23, nan 
-72.625, 71.875, 6.375840765790884e-23, nan 
-72.375, 71.875, 4.4580615527880544e-23, nan 
-72.125, 71.875, 5.125491045474009e-23, nan 
-71.875, 71.875, 5.756765120022423e-23, nan 
-71.625, 71.875, 3.8970608181964486e-23, nan 
-71.375, 71.875, 4.3495317301836074e-23, nan 
-71.125, 71.875, 4.660527894628511e-23, nan 
-70.875, 71.875, 4.523065695666274e-23, nan 
-70.625, 71.875, 3.3054538258811914e-23, nan 
-70.375, 71.875, 2.5040181525391294e-23, nan 
-70.125, 71.875, 2.2573555126200036e-23, nan 
-69.875, 71.875, 3.956431548056835e-23, nan 
-69.625, 71.875, 2.8512015519281884e-23, nan 
-69.375, 71.875, 3.3989053845920347e-23, nan 
-69.125, 71.875, 2.146152011105291e-23, nan 
-68.875, 71.875, 2.754153750087873e-23, nan 
-68.625, 71.875, 4.7856421705448006e-23, nan 
-68.375, 71.875, 4.0689461940085445e-23, nan 
-68.125, 71.875, 8.538847115409433e-23, nan 
-67.875, 71.875, 8.179371374120859e-23, nan 
-67.625, 71.875, 7.115708600524826e-23, nan 
-67.375, 71.875, 1.3539278365709417e-22, nan 
-67.125, 71.875, 1.4898154588437744e-22, nan 
-66.875, 71.875, 9.495913020902625e-23, nan 
-66.625, 71.875, 7.613497728151917e-23, nan 
-66.375, 71.875, 1.2366076662954564e-22, nan 
-66.125, 71.875, 1.2483992311192982e-22, nan 
-65.875, 71.875, 9.397621385867708e-23, nan 
-65.625, 71.875, 1.2257664432368816e-22, nan 
-65.375, 71.875, 1.553258941369992e-22, nan 
-65.125, 71.875, 1.2017068375448384e-22, nan 
-64.875, 71.875, 9.483658105101117e-23, nan 
-64.625, 71.875, 1.0710145678538482e-22, nan 
-64.375, 71.875, 9.396801801951824e-23, nan 
-64.125, 71.875, 9.927180814244507e-23, nan 
-63.875, 71.875, 1.009004276311813e-22, nan 
-63.625, 71.875, 2.0389597745349099e-22, nan 
-63.375, 71.875, 3.608316826502486e-22, nan 
-63.125, 71.875, 4.840623520326706e-22, nan 
-62.875, 71.875, 2.129894068369307e-22, nan 
-62.625, 71.875, 1.3749096592944896e-22, nan 
-62.375, 71.875, 1.29313127740115e-22, nan 
-62.125, 71.875, 2.0467731200703723e-22, nan 
-61.875, 71.875, 2.0389676935214334e-22, nan 
-61.625, 71.875, 2.6670037723019327e-22, nan 
-61.375, 71.875, 3.8323413011627457e-22, nan 
-61.125, 71.875, 2.670899067152536e-22, nan 
-60.875, 71.875, 2.6214080162906046e-22, nan 
-60.625, 71.875, 2.65609971351231e-22, nan 
-60.375, 71.875, 2.1516864258641646e-22, nan 
-60.125, 71.875, 2.3436862744431334e-22, nan 
-59.875, 71.875, 2.620957831600886e-22, nan 
-59.625, 71.875, 2.263307965055669e-22, nan 
-59.375, 71.875, 1.873702073704814e-22, nan 
-59.125, 71.875, 2.725838063066839e-22, nan 
-58.875, 71.875, 2.2766156302939254e-22, nan 
-58.625, 71.875, 2.5383645410549945e-22, nan 
-58.375, 71.875, 1.9999414614393879e-22, nan 
-58.125, 71.875, 1.2241171186350228e-22, nan 
-57.875, 71.875, 2.4557121873731357e-22, nan 
-57.625, 71.875, 3.2107178448910803e-22, nan 
-57.375, 71.875, 2.213738339767455e-22, nan 
-57.125, 71.875, 2.0637795176050296e-22, nan 
-56.875, 71.875, 5.714001945866653e-22, nan 
-56.625, 71.875, 7.472108633533225e-22, nan 
-56.375, 71.875, 7.130859262500842e-22, nan 
-56.125, 71.875, 8.144571871783199e-22, nan 
-55.875, 71.875, 7.996390410207694e-22, nan 
-55.625, 71.875, 8.664024818047164e-22, nan 
-55.375, 71.875, 8.879235249081844e-22, nan 
-55.125, 71.875, 6.9596857840579465e-22, nan 
-54.875, 71.875, 6.65453821102551e-22, nan 
-54.625, 71.875, 5.057645994513417e-22, nan 
-54.375, 71.875, 3.678960574436205e-22, nan 
-54.125, 71.875, 3.6090953059212916e-22, nan 
-53.875, 71.875, 3.7908082306976737e-22, nan 
-53.625, 71.875, 5.028969715813018e-22, nan 
-53.375, 71.875, 5.099409914813899e-22, nan 
-53.125, 71.875, 4.025338466162588e-22, nan 
-52.875, 71.875, 3.73947847540489e-22, nan 
-52.625, 71.875, 7.270292101268983e-22, nan 
-52.375, 71.875, 9.469236239427577e-22, nan 
-52.125, 71.875, 1.2190469684178593e-21, nan 
-51.875, 71.875, 9.416285483898636e-22, nan 
-51.625, 71.875, 1.1803101089481845e-21, nan 
-51.375, 71.875, 1.5674402973195492e-21, nan 
-51.125, 71.875, 1.2719017585096491e-21, nan 
-50.875, 71.875, 8.881230468249769e-22, nan 
-50.625, 71.875, 1.0517224930327841e-21, nan 
-50.375, 71.875, 5.476074722401972e-22, nan 
-50.125, 71.875, 9.270079969650278e-22, nan 
-49.875, 71.875, 1.6585527753031272e-21, nan 
-49.625, 71.875, 1.6487568634726731e-21, nan 
-49.375, 71.875, 1.4151808100113509e-21, nan 
-49.125, 71.875, 1.902813510364458e-21, nan 
-48.875, 71.875, 1.7174826507849078e-21, nan 
-48.625, 71.875, 1.1503038336197768e-21, nan 
-48.375, 71.875, 9.10601477694693e-22, nan 
-48.125, 71.875, 1.0258176755210722e-21, nan 
-47.875, 71.875, 1.3545244653989732e-21, nan 
-47.625, 71.875, 6.653903683248804e-22, nan 
-47.375, 71.875, 1.819790654328814e-21, nan 
-47.125, 71.875, 2.5968736429889123e-21, nan 
-46.875, 71.875, 3.532537825010559e-21, nan 
-46.625, 71.875, 3.008684507530328e-21, nan 
-46.375, 71.875, 2.95405693337656e-21, nan 
-46.125, 71.875, 4.08909858157936e-21, nan 
-45.875, 71.875, 2.831173646162565e-21, nan 
-45.625, 71.875, 3.293341037888794e-21, nan 
-45.375, 71.875, 5.353517792726587e-21, nan 
-45.125, 71.875, 4.865392474896163e-21, nan 
-44.875, 71.875, 5.110906438469477e-21, nan 
-44.625, 71.875, 6.350008211264327e-21, nan 
-44.375, 71.875, 8.167570974860131e-21, nan 
-44.125, 71.875, 1.0849091654810398e-20, nan 
-43.875, 71.875, 1.2451452309103661e-20, nan 
-43.625, 71.875, 1.5313231780840696e-20, nan 
-43.375, 71.875, 1.4916754060675416e-20, nan 
-43.125, 71.875, 1.8352384075173324e-20, nan 
-42.875, 71.875, 2.3232160331591572e-20, nan 
-42.625, 71.875, 1.9228032809007033e-20, nan 
-42.375, 71.875, 1.1763061204845923e-20, nan 
-42.125, 71.875, 1.69847329535098e-20, nan 
-41.875, 71.875, 1.444071502737739e-20, nan 
-41.625, 71.875, 5.6488187224148725e-21, nan 
-41.375, 71.875, 2.3093099712861716e-21, nan 
-41.125, 71.875, 4.023679875706204e-21, nan 
-40.875, 71.875, 3.4317879635572904e-21, nan 
-40.625, 71.875, 3.522398599462009e-21, nan 
-40.375, 71.875, 2.398238479886602e-21, nan 
-40.125, 71.875, 5.354431620040146e-21, nan 
-39.875, 71.875, 7.579563570413108e-21, nan 
-39.625, 71.875, 5.146335308761299e-21, nan 
-39.375, 71.875, 7.456045860134504e-21, nan 
-39.125, 71.875, 6.046594818916826e-21, nan 
-38.875, 71.875, 4.655009586879178e-21, nan 
-38.625, 71.875, 6.027499577604662e-21, nan 
-38.375, 71.875, 4.02327652711227e-21, nan 
-38.125, 71.875, 2.0658566066183585e-21, nan 
-37.875, 71.875, 1.5369782188375271e-21, nan 
-37.625, 71.875, 6.5711270444943195e-21, nan 
-37.375, 71.875, 8.819070198973352e-21, nan 
-37.125, 71.875, 8.647815236257048e-21, nan 
-36.875, 71.875, 1.0992566412921055e-20, nan 
-36.625, 71.875, 1.1190436796833954e-20, nan 
-36.375, 71.875, 1.014574612082548e-20, nan 
-36.125, 71.875, 1.0272256971244251e-20, nan 
-35.875, 71.875, 9.031227933337988e-21, nan 
-35.625, 71.875, 6.577866175895416e-21, nan 
-35.375, 71.875, 4.9171364248029425e-21, nan 
-35.125, 71.875, 7.282312270383181e-21, nan 
-34.875, 71.875, 1.1885693817481596e-20, nan 
-34.625, 71.875, 1.2745698630846837e-20, nan 
-34.375, 71.875, 6.222151799784327e-21, nan 
-34.125, 71.875, 7.239420007158021e-21, nan 
-33.875, 71.875, 1.7392150590117134e-20, nan 
-33.625, 71.875, 1.2442317798996961e-20, nan 
-33.375, 71.875, 1.374509793929989e-20, nan 
-33.125, 71.875, 1.86736438341317e-20, nan 
-32.875, 71.875, 2.1635832739171272e-20, nan 
-32.625, 71.875, 2.14341953171109e-20, nan 
-32.375, 71.875, 2.0466904011850902e-20, nan 
-32.125, 71.875, 1.9180633667786457e-20, nan 
-31.875, 71.875, 9.55125563600305e-21, nan 
-31.625, 71.875, 1.634067830645414e-20, nan 
-31.375, 71.875, 1.0184101200218158e-20, nan 
-31.125, 71.875, 8.60606160938433e-21, nan 
-30.875, 71.875, 1.2883761866495212e-20, nan 
-30.625, 71.875, 5.8072860081335475e-21, nan 
-30.375, 71.875, 6.218790680970877e-21, nan 
-30.125, 71.875, 7.200578936155937e-21, nan 
-29.875, 71.875, 5.470157440936167e-21, nan 
-29.625, 71.875, 3.441102481016028e-21, nan 
-29.375, 71.875, 1.2412521963102807e-20, nan 
-29.125, 71.875, 1.0706548127944409e-20, nan 
-28.875, 71.875, 8.765872653848814e-21, nan 
-28.625, 71.875, 1.0971540883083862e-20, nan 
-28.375, 71.875, 1.1808924799014595e-20, nan 
-28.125, 71.875, 1.5161576182330913e-20, nan 
-27.875, 71.875, 1.1032224398362743e-20, nan 
-27.625, 71.875, 7.217777822715e-21, nan 
-27.375, 71.875, 1.434597572137525e-20, nan 
-27.125, 71.875, 9.205964866742036e-21, nan 
-26.875, 71.875, 1.6477977816896676e-20, nan 
-26.625, 71.875, 2.1781086834320855e-20, nan 
-26.375, 71.875, 3.3844341028838755e-20, nan 
-26.125, 71.875, 3.6691325435418977e-20, nan 
-25.875, 71.875, 2.944138043887919e-20, nan 
-25.625, 71.875, 4.948229595160469e-20, nan 
-25.375, 71.875, 5.1928014859191903e-20, nan 
-25.125, 71.875, 1.1635972359968201e-20, nan 
-24.875, 71.875, 2.5309100861749525e-20, nan 
-24.625, 71.875, 2.2038454868009405e-20, nan 
-24.375, 71.875, 1.5291415775716205e-20, nan 
-24.125, 71.875, 2.2659335693397174e-20, nan 
-23.875, 71.875, 6.895687631168267e-21, nan 
-23.625, 71.875, 7.736262452857165e-21, nan 
-23.375, 71.875, 6.242975279909419e-21, nan 
-23.125, 71.875, 7.8978608136753e-21, nan 
-22.875, 71.875, 1.72077083211067e-20, nan 
-22.625, 71.875, 1.3133612055288265e-20, nan 
-22.375, 71.875, 1.6799756819439642e-20, nan 
-22.125, 71.875, 1.7615113539540784e-20, nan 
-21.875, 71.875, 1.7764984440643288e-20, nan 
-21.625, 71.875, 1.749888697525433e-20, nan 
-21.375, 71.875, 1.3156894656140844e-20, nan 
-21.125, 71.875, 1.4169205010532624e-20, nan 
-20.875, 71.875, 1.530512761857134e-20, nan 
-20.625, 71.875, 1.334563934050288e-20, nan 
-20.375, 71.875, 7.027541647756664e-21, nan 
-20.125, 71.875, 1.0432028407155437e-20, nan 
-19.875, 71.875, 1.0270982525423624e-20, nan 
-19.625, 71.875, 1.1222960945998663e-20, nan 
-19.375, 71.875, 6.596203552666593e-21, nan 
-19.125, 71.875, 1.2265535928203429e-20, nan 
-18.875, 71.875, 1.2217859084846353e-20, nan 
-18.625, 71.875, 5.732493232575409e-21, nan 
-18.375, 71.875, 6.84157428965988e-21, nan 
-18.125, 71.875, 8.127069713096927e-21, nan 
-17.875, 71.875, 9.669128142877027e-21, nan 
-17.625, 71.875, 1.255739406534226e-20, nan 
-17.375, 71.875, 2.7523404650095504e-20, nan 
-17.125, 71.875, 3.865010735059432e-20, nan 
-16.875, 71.875, 3.569105182606152e-20, nan 
-16.625, 71.875, 2.5776819480243972e-20, nan 
-16.375, 71.875, 4.101513393174783e-20, nan 
-16.125, 71.875, 3.39380397166997e-19, nan 
-15.875, 71.875, 3.1381267500338904e-19, nan 
-15.625, 71.875, 2.164918571283335e-19, nan 
-15.375, 71.875, 5.5290251476076e-19, nan 
-15.125, 71.875, 5.242755677521204e-19, nan 
-14.875, 71.875, 3.5784529512503534e-19, nan 
-14.625, 71.875, 2.477959296544021e-19, nan 
-14.375, 71.875, 2.4747851112941035e-19, nan 
-14.125, 71.875, 1.6972745945676736e-19, nan 
-13.875, 71.875, 1.8246085433279856e-20, nan 
-13.625, 71.875, 2.824685887858944e-20, nan 
-13.375, 71.875, 2.640752788364113e-20, nan 
-13.125, 71.875, 5.571329024349224e-21, nan 
-12.875, 71.875, 2.754537977704386e-21, nan 
-12.625, 71.875, 2.6233146892463946e-21, nan 
-12.375, 71.875, 3.8352839745414365e-21, nan 
-12.125, 71.875, 2.8152006306877804e-21, nan 
-11.875, 71.875, 1.656201557266665e-21, nan 
-11.625, 71.875, 2.3474496679070222e-21, nan 
-11.375, 71.875, 2.7325156748257932e-21, nan 
-11.125, 71.875, 4.266219460913088e-21, nan 
-10.875, 71.875, 3.933919816191889e-21, nan 
-10.625, 71.875, 4.280667199327047e-21, nan 
-10.375, 71.875, 2.9051516363125093e-21, nan 
-10.125, 71.875, 4.0294251251204285e-21, nan 
-9.875, 71.875, 2.5316503705266984e-21, nan 
-9.625, 71.875, 3.3073124327520878e-21, nan 
-9.375, 71.875, 1.994094795802989e-21, nan 
-9.125, 71.875, 6.53891139304023e-21, nan 
-8.875, 71.875, 4.722242144748277e-21, nan 
-8.625, 71.875, 4.465381650049321e-21, nan 
-8.375, 71.875, 5.167426109694514e-21, nan 
-8.125, 71.875, 4.509425074746883e-21, nan 
-7.875, 71.875, 5.479092312828791e-21, nan 
-7.625, 71.875, 7.333160898342545e-21, nan 
-7.375, 71.875, 8.173022077734862e-21, nan 
-7.125, 71.875, 7.877740586189494e-21, nan 
-6.875, 71.875, 8.353767676735091e-21, nan 
-6.625, 71.875, 8.683052616074599e-21, nan 
-6.375, 71.875, 6.715835840706711e-21, nan 
-6.125, 71.875, 5.197688769869877e-21, nan 
-5.875, 71.875, 4.629849628065259e-21, nan 
-5.625, 71.875, 2.8856442652719386e-21, nan 
-5.375, 71.875, 4.01920900217978e-21, nan 
-5.125, 71.875, 6.216144158255909e-21, nan 
-4.875, 71.875, 1.7777546692085387e-21, nan 
-4.625, 71.875, 2.6316309509633704e-21, nan 
-4.375, 71.875, 3.648755660781232e-21, nan 
-4.125, 71.875, 2.0421061646893552e-21, nan 
-3.875, 71.875, 1.446005348912115e-21, nan 
-3.625, 71.875, 2.2132786278430116e-21, nan 
-3.375, 71.875, 2.728006115418397e-21, nan 
-3.125, 71.875, 3.0369673484829257e-21, nan 
-2.875, 71.875, 2.6974119033131247e-21, nan 
-2.625, 71.875, 2.3101326243908313e-21, nan 
-2.375, 71.875, 2.669863462568708e-21, nan 
-2.125, 71.875, 2.1520344480991867e-21, nan 
-1.875, 71.875, 1.7268436234724988e-21, nan 
-1.625, 71.875, 2.232670587504163e-21, nan 
-1.375, 71.875, 2.6214892518420164e-21, nan 
-1.125, 71.875, 2.2826339411770905e-21, nan 
-0.875, 71.875, 2.3699439186694574e-21, nan 
-0.625, 71.875, 2.948086245969349e-21, nan 
-0.375, 71.875, 2.721257381548789e-21, nan 
-0.125, 71.875, 2.805634491316037e-21, nan 
0.125, 71.875, 3.027886850643994e-21, nan 
0.375, 71.875, 3.995853901026049e-21, nan 
0.625, 71.875, 2.9599205894579416e-21, nan 
0.875, 71.875, 3.2864184419669392e-21, nan 
1.125, 71.875, 2.269626300335332e-21, nan 
1.375, 71.875, 7.52920499526058e-22, nan 
1.625, 71.875, 1.1531298481397607e-21, nan 
1.875, 71.875, 7.930991350025518e-22, nan 
2.125, 71.875, 4.619603358581598e-22, nan 
2.375, 71.875, 7.327261606165608e-22, nan 
2.625, 71.875, 1.933479179284929e-21, nan 
2.875, 71.875, 1.33984883479872e-21, nan 
3.125, 71.875, 8.733201183363157e-22, nan 
3.375, 71.875, 2.809877234415867e-22, nan 
3.625, 71.875, 1.3839022990586702e-21, nan 
3.875, 71.875, 7.06092077971228e-22, nan 
4.125, 71.875, 5.678280447444499e-22, nan 
4.375, 71.875, 1.1119502033014418e-21, nan 
4.625, 71.875, 7.532927688589206e-22, nan 
4.875, 71.875, 6.1575807637664285e-22, nan 
5.125, 71.875, 5.834434507307019e-22, nan 
5.375, 71.875, 7.323842712735966e-22, nan 
5.625, 71.875, 6.818141397938808e-22, nan 
5.875, 71.875, 1.7049075752340977e-22, nan 
6.125, 71.875, 9.86036961643561e-22, nan 
6.375, 71.875, 8.844823483346723e-22, nan 
6.625, 71.875, 3.765302019593701e-22, nan 
6.875, 71.875, 7.494991093254029e-22, nan 
7.125, 71.875, 5.607256107602835e-22, nan 
7.375, 71.875, 5.271680922427672e-22, nan 
7.625, 71.875, 7.444844113075694e-22, nan 
7.875, 71.875, 9.039219211888592e-22, nan 
8.125, 71.875, 6.524229955185828e-22, nan 
8.375, 71.875, 6.4801157615610955e-22, nan 
8.625, 71.875, 7.524669512372849e-22, nan 
8.875, 71.875, 5.077672429812351e-22, nan 
9.125, 71.875, 2.4446998144663136e-22, nan 
9.375, 71.875, 2.397951317388916e-22, nan 
9.625, 71.875, 3.3668318025748404e-22, nan 
9.875, 71.875, 3.2842225134518856e-22, nan 
10.125, 71.875, 2.975904076570127e-22, nan 
10.375, 71.875, 3.882513160556001e-22, nan 
10.625, 71.875, 4.465921161339635e-22, nan 
10.875, 71.875, 4.0068087223837645e-22, nan 
11.125, 71.875, 4.814282030558522e-22, nan 
11.375, 71.875, 2.9067816584710617e-22, nan 
11.625, 71.875, 4.599688848252122e-22, nan 
11.875, 71.875, 4.230473894102454e-22, nan 
12.125, 71.875, 2.4642610127820067e-22, nan 
12.375, 71.875, 2.6429774903554375e-22, nan 
12.625, 71.875, 1.110419565210924e-22, nan 
12.875, 71.875, 9.181749089211129e-23, nan 
13.125, 71.875, 2.1007990364210927e-22, nan 
13.375, 71.875, 9.813658678597749e-23, nan 
13.625, 71.875, 1.1402852697050997e-22, nan 
13.875, 71.875, 6.968694273434057e-23, nan 
14.125, 71.875, 1.3191421569268305e-22, nan 
14.375, 71.875, 1.2960688969705113e-22, nan 
14.625, 71.875, 1.423905275369481e-22, nan 
14.875, 71.875, 1.4386189367334309e-22, nan 
15.125, 71.875, 1.2345905646041374e-22, nan 
15.375, 71.875, 1.3238150369641856e-22, nan 
15.625, 71.875, 1.479307397223374e-22, nan 
15.875, 71.875, 1.2420398619968534e-22, nan 
16.125, 71.875, 1.0964998721522028e-22, nan 
16.375, 71.875, 1.9067904954001857e-22, nan 
16.625, 71.875, 1.1296585697965746e-22, nan 
16.875, 71.875, 1.5548813664554796e-22, nan 
17.125, 71.875, 2.7444782815718527e-22, nan 
17.375, 71.875, 1.0539412039221903e-22, nan 
17.625, 71.875, 1.142679377141704e-22, nan 
17.875, 71.875, 1.1872864748236435e-22, nan 
18.125, 71.875, 2.493881831931012e-22, nan 
18.375, 71.875, 2.0621343474407076e-22, nan 
18.625, 71.875, 1.087058468894606e-22, nan 
18.875, 71.875, 2.530699829647676e-22, nan 
19.125, 71.875, 1.8108405316435176e-22, nan 
19.375, 71.875, 9.021155512874784e-23, nan 
19.625, 71.875, 1.0999108329511988e-22, nan 
19.875, 71.875, 1.4798624753569808e-22, nan 
20.125, 71.875, 1.0486248780476793e-22, nan 
20.375, 71.875, 1.1031243599015268e-22, nan 
20.625, 71.875, 1.2053168067318868e-22, nan 
20.875, 71.875, 9.029466639318917e-23, nan 
21.125, 71.875, 9.057748574376309e-23, nan 
21.375, 71.875, 1.8959927998172857e-22, nan 
21.625, 71.875, 1.8793978127580592e-22, nan 
21.875, 71.875, 1.174317596212159e-22, nan 
22.125, 71.875, 1.5065939287678112e-22, nan 
22.375, 71.875, 1.5927122714737694e-22, nan 
22.625, 71.875, 1.0973943912222482e-22, nan 
22.875, 71.875, 6.565037008265262e-23, nan 
23.125, 71.875, 7.039024008177684e-23, nan 
23.375, 71.875, 8.334331547812072e-23, nan 
23.625, 71.875, 8.600620054321336e-23, nan 
23.875, 71.875, 6.476285904633785e-23, nan 
24.125, 71.875, 1.2378758908956715e-22, nan 
24.375, 71.875, 1.1818081054394644e-22, nan 
24.625, 71.875, 1.1730140857936792e-22, nan 
24.875, 71.875, 1.1075644653160563e-22, nan 
25.125, 71.875, 1.1761798919491765e-22, nan 
25.375, 71.875, 1.0385739328202519e-22, nan 
25.625, 71.875, 7.598208680133292e-23, nan 
25.875, 71.875, 8.096772460108979e-23, nan 
26.125, 71.875, 7.272484749910354e-23, nan 
26.375, 71.875, 8.964578514251016e-23, nan 
26.625, 71.875, 1.1321909113087364e-22, nan 
26.875, 71.875, 9.453095308847822e-23, nan 
27.125, 71.875, 7.221891946391951e-23, nan 
27.375, 71.875, 9.090362188150015e-23, nan 
27.625, 71.875, 7.054237627529871e-23, nan 
27.875, 71.875, 6.707359617428668e-23, nan 
28.125, 71.875, 8.367190838191954e-23, nan 
28.375, 71.875, 8.290427231687748e-23, nan 
28.625, 71.875, 6.882059681533213e-23, nan 
28.875, 71.875, 8.813478118299902e-23, nan 
29.125, 71.875, 1.346370148537371e-22, nan 
29.375, 71.875, 7.455010581921297e-23, nan 
29.625, 71.875, 1.0616939851556896e-22, nan 
29.875, 71.875, 2.0367973134134276e-22, nan 
30.125, 71.875, 1.1250688954151447e-22, nan 
30.375, 71.875, 2.546631068528489e-23, nan 
30.625, 71.875, 6.24477288068954e-23, nan 
30.875, 71.875, 6.155974725086033e-23, nan 
31.125, 71.875, 4.219558600084172e-23, nan 
31.375, 71.875, 5.788917763219633e-23, nan 
31.625, 71.875, 6.730604657468103e-23, nan 
31.875, 71.875, 5.579207387055236e-23, nan 
32.125, 71.875, 6.282092398731431e-23, nan 
32.375, 71.875, 5.0580606395518685e-23, nan 
32.625, 71.875, 5.745615392100528e-23, nan 
32.875, 71.875, 6.186487898777615e-23, nan 
33.125, 71.875, 3.5027992029333153e-23, nan 
33.375, 71.875, 4.7455258075192317e-23, nan 
33.625, 71.875, 3.9522135962265846e-23, nan 
33.875, 71.875, 4.938796774760408e-23, nan 
34.125, 71.875, 6.040760057552745e-23, nan 
34.375, 71.875, 5.181285753678772e-23, nan 
34.625, 71.875, 2.2822453135717056e-23, nan 
34.875, 71.875, 2.7710947607023963e-23, nan 
35.125, 71.875, 2.427633413329176e-23, nan 
35.375, 71.875, 1.8520731398247654e-23, nan 
35.625, 71.875, 2.0935424713287438e-23, nan 
35.875, 71.875, 2.5654317587728358e-23, nan 
36.125, 71.875, 3.384900989555868e-23, nan 
36.375, 71.875, 4.177784757999489e-23, nan 
36.625, 71.875, 1.0845213097666779e-22, nan 
36.875, 71.875, 8.734824408350764e-23, nan 
37.125, 71.875, 5.537460603499856e-23, nan 
37.375, 71.875, 2.031864491263713e-23, nan 
37.625, 71.875, 4.319685088393779e-23, nan 
37.875, 71.875, 6.214242284419982e-23, nan 
38.125, 71.875, 5.604699210542927e-23, nan 
38.375, 71.875, 4.9370813137167294e-23, nan 
38.625, 71.875, 4.574831603646317e-23, nan 
38.875, 71.875, 6.818203376919107e-23, nan 
39.125, 71.875, 6.374128216937759e-23, nan 
39.375, 71.875, 4.514298235540319e-23, nan 
39.625, 71.875, 5.807540392135546e-23, nan 
39.875, 71.875, 2.3468534276000905e-23, nan 
40.125, 71.875, 1.803377245523876e-23, nan 
40.375, 71.875, 4.839087498737926e-23, nan 
40.625, 71.875, 3.1984774354085457e-23, nan 
40.875, 71.875, 1.4070834930328332e-23, nan 
41.125, 71.875, 3.2226488608507104e-23, nan 
41.375, 71.875, 3.2784526639351e-23, nan 
41.625, 71.875, 1.9245412472257244e-23, nan 
41.875, 71.875, 1.338000511152856e-23, nan 
42.125, 71.875, 1.2870558274463095e-23, nan 
42.375, 71.875, 1.2327404318531304e-23, nan 
42.625, 71.875, 1.1999245660380531e-23, nan 
42.875, 71.875, 9.785185707071174e-24, nan 
43.125, 71.875, 1.1956440483544337e-23, nan 
43.375, 71.875, 4.986438634656034e-24, nan 
43.625, 71.875, 9.376692787995079e-24, nan 
43.875, 71.875, 8.8302109579728e-24, nan 
44.125, 71.875, 4.630279049876546e-24, nan 
44.375, 71.875, 1.09444319762035e-23, nan 
44.625, 71.875, 4.886812535428686e-24, nan 
44.875, 71.875, 4.520251192562139e-24, nan 
45.125, 71.875, 7.712228252198634e-24, nan 
45.375, 71.875, 1.112600766160152e-23, nan 
45.625, 71.875, 5.99343507728082e-24, nan 
45.875, 71.875, 8.499717191959825e-24, nan 
46.125, 71.875, 1.3962632718506434e-23, nan 
46.375, 71.875, 1.6737003313223944e-23, nan 
46.625, 71.875, 2.0926306883056039e-23, nan 
46.875, 71.875, 3.020069765924582e-23, nan 
47.125, 71.875, 1.8644511075359622e-23, nan 
47.375, 71.875, 2.1502545137266864e-23, nan 
47.625, 71.875, 3.4910148074435946e-23, nan 
47.875, 71.875, 2.451887601032469e-23, nan 
48.125, 71.875, 8.326098760774966e-24, nan 
48.375, 71.875, 1.8779564175679068e-23, nan 
48.625, 71.875, 1.294042740842755e-23, nan 
48.875, 71.875, 1.5254710484836973e-23, nan 
49.125, 71.875, 1.045309659814148e-23, nan 
49.375, 71.875, 2.2755792343741246e-23, nan 
49.625, 71.875, 1.619791902806869e-23, nan 
49.875, 71.875, 1.8865947815519497e-23, nan 
50.125, 71.875, 4.0338166229719383e-23, nan 
50.375, 71.875, 3.646202652578663e-23, nan 
50.625, 71.875, 3.610409126861108e-23, nan 
50.875, 71.875, 2.4292991019554813e-23, nan 
51.125, 71.875, 2.095293726637279e-23, nan 
51.375, 71.875, 2.625327032421391e-23, nan 
51.625, 71.875, 7.371407531243749e-24, nan 
51.875, 71.875, 5.6604529098968706e-24, nan 
52.125, 71.875, 7.63573405130576e-24, nan 
52.375, 71.875, 6.2309902260794156e-24, nan 
52.625, 71.875, 7.608719537360336e-24, nan 
52.875, 71.875, 8.127447385550079e-24, nan 
53.125, 71.875, 8.203524113670197e-24, nan 
53.375, 71.875, 6.417175356699637e-24, nan 
53.625, 71.875, 1.3325381432015086e-23, nan 
53.875, 71.875, 1.7993081041607136e-23, nan 
54.125, 71.875, 2.7217582581739024e-23, nan 
54.375, 71.875, 2.5718018698106502e-23, nan 
54.625, 71.875, 1.7469748279213316e-23, nan 
54.875, 71.875, 2.1013425001082524e-23, nan 
55.125, 71.875, 1.9137902035228052e-23, nan 
55.375, 71.875, 1.366165489275425e-23, nan 
55.625, 71.875, 1.0954738401594573e-23, nan 
55.875, 71.875, 3.987314176937704e-24, nan 
56.125, 71.875, 3.485339622020166e-24, nan 
56.375, 71.875, 5.643822083184539e-24, nan 
56.625, 71.875, 5.472074051866679e-24, nan 
56.875, 71.875, 5.091643444160804e-24, nan 
57.125, 71.875, 3.4565132233714875e-24, nan 
57.375, 71.875, 3.8371611838582224e-24, nan 
57.625, 71.875, 6.092068028226516e-24, nan 
57.875, 71.875, 3.536199788492526e-24, nan 
58.125, 71.875, 3.899850236189412e-24, nan 
58.375, 71.875, 7.158575875425079e-24, nan 
58.625, 71.875, 7.0304453183715e-24, nan 
58.875, 71.875, 2.7789733927398625e-24, nan 
59.125, 71.875, 8.18267087312831e-24, nan 
59.375, 71.875, 1.1362283147852287e-23, nan 
59.625, 71.875, 1.1531556320376865e-23, nan 
59.875, 71.875, 1.1150367689836377e-23, nan 
60.125, 71.875, 1.2933745278263433e-23, nan 
60.375, 71.875, 1.040076326188657e-23, nan 
60.625, 71.875, 8.186682290832646e-24, nan 
60.875, 71.875, 8.347948114389668e-24, nan 
61.125, 71.875, 5.096379779716774e-24, nan 
61.375, 71.875, 7.654027677215786e-24, nan 
61.625, 71.875, 1.1216657023520154e-23, nan 
61.875, 71.875, 1.8170635465131367e-23, nan 
62.125, 71.875, 2.3036120845479972e-23, nan 
62.375, 71.875, 2.3125399158675447e-23, nan 
62.625, 71.875, 1.9820764555397074e-23, nan 
62.875, 71.875, 2.0070949058841483e-23, nan 
63.125, 71.875, 2.4024655603019325e-23, nan 
63.375, 71.875, 1.8173694985685033e-23, nan 
63.625, 71.875, 1.2434304666853304e-23, nan 
63.875, 71.875, 1.2542707798531849e-23, nan 
64.125, 71.875, 8.144049302171206e-24, nan 
64.375, 71.875, 7.654711966014593e-24, nan 
64.625, 71.875, 5.514725014615932e-24, nan 
64.875, 71.875, 1.0157243487011992e-23, nan 
65.125, 71.875, 9.999472939039854e-24, nan 
65.375, 71.875, 5.086293024171687e-24, nan 
65.625, 71.875, 2.8315605778048537e-24, nan 
65.875, 71.875, 4.105343405339801e-24, nan 
66.125, 71.875, 1.4676143022669965e-23, nan 
66.375, 71.875, 1.3080777747554706e-23, nan 
66.625, 71.875, 1.0254504056408497e-23, nan 
66.875, 71.875, 2.03558445477625e-23, nan 
67.125, 71.875, 1.9831598135892485e-23, nan 
67.375, 71.875, 1.174601803378571e-23, nan 
67.625, 71.875, 9.61836833759389e-24, nan 
67.875, 71.875, 2.0782661232023948e-23, nan 
68.125, 71.875, 9.758036377273e-24, nan 
68.375, 71.875, 8.160193155816068e-24, nan 
68.625, 71.875, 9.92683374388391e-24, nan 
68.875, 71.875, 7.240331692299058e-24, nan 
69.125, 71.875, 5.0676360776469005e-24, nan 
69.375, 71.875, 9.031534874167353e-24, nan 
69.625, 71.875, 1.711667344050194e-23, nan 
69.875, 71.875, 1.9881292855765443e-23, nan 
70.125, 71.875, 1.5682747998768605e-23, nan 
70.375, 71.875, 2.9299371398422526e-23, nan 
70.625, 71.875, 3.6549540679237825e-23, nan 
70.875, 71.875, 8.33387257174904e-24, nan 
71.125, 71.875, 1.4107828832782633e-23, nan 
71.375, 71.875, 1.7831069778518135e-23, nan 
71.625, 71.875, 4.760648803983861e-24, nan 
71.875, 71.875, 5.411897961429498e-24, nan 
72.125, 71.875, 4.010721679809888e-24, nan 
72.375, 71.875, 1.967775450183461e-24, nan 
72.625, 71.875, 3.4175902310128486e-24, nan 
72.875, 71.875, 4.173944170894274e-24, nan 
73.125, 71.875, 2.1512558813945246e-24, nan 
73.375, 71.875, 1.426470215564857e-24, nan 
73.625, 71.875, 3.639800284463838e-24, nan 
73.875, 71.875, 3.8328402867425415e-24, nan 
74.125, 71.875, 3.861210467528543e-24, nan 
74.375, 71.875, 4.373884334221538e-24, nan 
74.625, 71.875, 5.58591335965866e-24, nan 
74.875, 71.875, 5.586967417094857e-24, nan 
75.125, 71.875, 2.4921352310722782e-24, nan 
75.375, 71.875, 6.2807008663234734e-24, nan 
75.625, 71.875, 6.252998954074803e-24, nan 
75.875, 71.875, 2.720626747581018e-24, nan 
76.125, 71.875, 2.9097950219823754e-24, nan 
76.375, 71.875, 3.5560039727287835e-24, nan 
76.625, 71.875, 3.6696638594019045e-24, nan 
76.875, 71.875, 1.6097115107746143e-24, nan 
77.125, 71.875, 1.520589386671469e-24, nan 
77.375, 71.875, 3.380241305035394e-24, nan 
77.625, 71.875, 2.754763995752158e-24, nan 
77.875, 71.875, 2.0681275934817553e-24, nan 
78.125, 71.875, 2.3311236135532934e-24, nan 
78.375, 71.875, 2.6914488742296984e-24, nan 
78.625, 71.875, 1.6581198177767918e-24, nan 
78.875, 71.875, 2.142359019933453e-24, nan 
79.125, 71.875, 2.2521449987963138e-24, nan 
79.375, 71.875, 2.4677018959955918e-24, nan 
79.625, 71.875, 1.9129214417306764e-24, nan 
79.875, 71.875, 1.5604078261068678e-24, nan 
80.125, 71.875, 2.3910003603014413e-24, nan 
80.375, 71.875, 3.9206439304798664e-24, nan 
80.625, 71.875, 4.779959096546816e-24, nan 
80.875, 71.875, 3.973122760727248e-24, nan 
81.125, 71.875, 4.04224023264559e-24, nan 
81.375, 71.875, 4.198736018859013e-24, nan 
81.625, 71.875, 3.539294162060208e-24, nan 
81.875, 71.875, 3.954756816519673e-24, nan 
82.125, 71.875, 3.2456827498148473e-24, nan 
-156.125, 72.125, 2.1628745254384895e-24, nan 
-155.875, 72.125, 1.7091514819801397e-24, nan 
-155.625, 72.125, 1.6013082026782378e-24, nan 
-155.375, 72.125, 1.645145139671009e-24, nan 
-155.125, 72.125, 2.507923423933972e-24, nan 
-154.875, 72.125, 1.8880101753229825e-24, nan 
-154.625, 72.125, 1.7304088836746455e-24, nan 
-154.375, 72.125, 2.1534233016169622e-24, nan 
-154.125, 72.125, 2.112479372400413e-24, nan 
-153.875, 72.125, 2.552748236961047e-24, nan 
-153.625, 72.125, 2.9517417439023203e-24, nan 
-153.375, 72.125, 2.7566908433957572e-24, nan 
-153.125, 72.125, 2.7642298707045365e-24, nan 
-152.875, 72.125, 2.373541741398206e-24, nan 
-152.625, 72.125, 2.7392265505238414e-24, nan 
-152.375, 72.125, 2.202236108076407e-24, nan 
-152.125, 72.125, 2.7845960487198116e-24, nan 
-151.875, 72.125, 3.0808983459576093e-24, nan 
-151.625, 72.125, 3.514007991692878e-24, nan 
-151.375, 72.125, 5.245045033715441e-24, nan 
-151.125, 72.125, 4.6294093413122306e-24, nan 
-150.875, 72.125, 3.774306995393135e-24, nan 
-150.625, 72.125, 2.5110395673104016e-24, nan 
-150.375, 72.125, 3.106622676026486e-24, nan 
-150.125, 72.125, 2.2161468322006194e-24, nan 
-149.875, 72.125, 4.772322737810095e-24, nan 
-149.625, 72.125, 3.776787548119871e-24, nan 
-149.375, 72.125, 8.053442545042174e-24, nan 
-149.125, 72.125, 1.0094446831586096e-23, nan 
-148.875, 72.125, 6.711837480416777e-24, nan 
-148.625, 72.125, 2.844834120397686e-24, nan 
-148.375, 72.125, 5.745810580503421e-24, nan 
-148.125, 72.125, 3.0839026827975536e-24, nan 
-147.875, 72.125, 3.768434145972281e-24, nan 
-147.625, 72.125, 5.9682343430000475e-24, nan 
-147.375, 72.125, 2.872511190756364e-24, nan 
-147.125, 72.125, 2.050095641305862e-24, nan 
-146.875, 72.125, 3.18405227705554e-24, nan 
-146.625, 72.125, 5.6622697041602026e-24, nan 
-146.375, 72.125, 3.6294409891619874e-24, nan 
-146.125, 72.125, 3.5194616295326406e-24, nan 
-145.875, 72.125, 1.9688661144845152e-24, nan 
-145.625, 72.125, 3.1691378521100053e-24, nan 
-145.375, 72.125, 2.315540488248324e-24, nan 
-145.125, 72.125, 2.16933616412857e-24, nan 
-144.875, 72.125, 2.7481152491046927e-24, nan 
-144.625, 72.125, 1.913896484843809e-24, nan 
-144.375, 72.125, 2.9649071441051006e-24, nan 
-144.125, 72.125, 3.11143585507762e-24, nan 
-143.875, 72.125, 3.075369784852532e-24, nan 
-143.625, 72.125, 3.123209487487841e-24, nan 
-143.375, 72.125, 3.196364993518775e-24, nan 
-143.125, 72.125, 4.703230716874872e-24, nan 
-142.875, 72.125, 2.6414473787170337e-24, nan 
-142.625, 72.125, 2.2657200460688874e-24, nan 
-142.375, 72.125, 5.7071480646757466e-24, nan 
-142.125, 72.125, 3.686769696413461e-24, nan 
-141.875, 72.125, 2.452752889078752e-24, nan 
-141.625, 72.125, 4.043846704247799e-24, nan 
-141.375, 72.125, 4.592938920278217e-24, nan 
-141.125, 72.125, 2.7290568665112136e-24, nan 
-140.875, 72.125, 7.363202661404551e-24, nan 
-140.625, 72.125, 1.0160188120374236e-23, nan 
-140.375, 72.125, 9.632581694123568e-24, nan 
-140.125, 72.125, 7.002345475566805e-24, nan 
-139.875, 72.125, 1.0958855051909309e-23, nan 
-139.625, 72.125, 9.706851401062305e-24, nan 
-139.375, 72.125, 3.978560183239378e-24, nan 
-139.125, 72.125, 2.846062085771878e-24, nan 
-138.875, 72.125, 3.73089964790328e-24, nan 
-138.625, 72.125, 4.626405262070509e-24, nan 
-138.375, 72.125, 5.195468464684507e-24, nan 
-138.125, 72.125, 7.656317051106203e-24, nan 
-137.875, 72.125, 5.507878456442811e-24, nan 
-137.625, 72.125, 5.3350923469312005e-24, nan 
-137.375, 72.125, 5.4837423354927214e-24, nan 
-137.125, 72.125, 5.1254098443128146e-24, nan 
-136.875, 72.125, 4.211872664153396e-24, nan 
-136.625, 72.125, 7.251788704873795e-24, nan 
-136.375, 72.125, 6.143765459846235e-24, nan 
-136.125, 72.125, 5.9279855538132715e-24, nan 
-135.875, 72.125, 5.9872548299401885e-24, nan 
-135.625, 72.125, 5.3261679545845885e-24, nan 
-135.375, 72.125, 8.630689656370157e-24, nan 
-135.125, 72.125, 4.814211726032468e-24, nan 
-134.875, 72.125, 4.26545026105338e-24, nan 
-134.625, 72.125, 3.680210323608941e-24, nan 
-134.375, 72.125, 3.986215324710581e-24, nan 
-134.125, 72.125, 3.6640507325659045e-24, nan 
-133.875, 72.125, 2.5831407279614266e-24, nan 
-133.625, 72.125, 3.2564204114117636e-24, nan 
-133.375, 72.125, 5.686370684049428e-24, nan 
-133.125, 72.125, 4.871420009617353e-24, nan 
-132.875, 72.125, 7.158332311835789e-24, nan 
-132.625, 72.125, 4.570805335651428e-24, nan 
-132.375, 72.125, 3.907284842429331e-24, nan 
-132.125, 72.125, 3.3120773755384956e-24, nan 
-131.875, 72.125, 3.995258439519345e-24, nan 
-131.625, 72.125, 7.094280398452492e-24, nan 
-131.375, 72.125, 4.936859258715291e-24, nan 
-131.125, 72.125, 3.649532069048274e-24, nan 
-130.875, 72.125, 4.42611313249994e-24, nan 
-130.625, 72.125, 6.396575392642148e-24, nan 
-130.375, 72.125, 8.613305539046933e-24, nan 
-130.125, 72.125, 9.055275870857427e-24, nan 
-129.875, 72.125, 7.70124091009038e-24, nan 
-129.625, 72.125, 6.622670392445755e-24, nan 
-129.375, 72.125, 8.58319282579312e-24, nan 
-129.125, 72.125, 1.3684243229563594e-23, nan 
-128.875, 72.125, 1.2775126150137023e-23, nan 
-128.625, 72.125, 1.0084386081615017e-23, nan 
-128.375, 72.125, 6.8764191579587e-24, nan 
-128.125, 72.125, 1.0986760449751552e-23, nan 
-127.875, 72.125, 1.1649585107520172e-23, nan 
-127.625, 72.125, 9.953441786798041e-24, nan 
-127.375, 72.125, 1.419671514829673e-23, nan 
-127.125, 72.125, 1.6378430767946498e-23, nan 
-126.875, 72.125, 1.2280736448577503e-23, nan 
-126.625, 72.125, 4.9246729604614525e-24, nan 
-126.375, 72.125, 7.628393009051246e-24, nan 
-126.125, 72.125, 1.0065564239529189e-23, nan 
-125.875, 72.125, 1.2342651808030269e-23, nan 
-125.625, 72.125, 1.534709231464271e-23, nan 
-125.375, 72.125, 1.875308722996328e-23, nan 
-125.125, 72.125, 1.630849196885956e-23, nan 
-124.875, 72.125, 2.4973426121133692e-23, nan 
-124.625, 72.125, 2.5443048222568025e-23, nan 
-124.375, 72.125, 1.5539738236042318e-23, nan 
-124.125, 72.125, 2.141162982522733e-23, nan 
-123.875, 72.125, 2.3179067323402058e-23, nan 
-123.625, 72.125, 1.743165620310765e-23, nan 
-123.375, 72.125, 1.2819043071589075e-23, nan 
-123.125, 72.125, 1.563467777356876e-23, nan 
-122.875, 72.125, 2.5641386635820623e-23, nan 
-122.625, 72.125, 1.2531991243130138e-23, nan 
-122.375, 72.125, 1.1603412861867229e-23, nan 
-122.125, 72.125, 1.6780795936723367e-23, nan 
-121.875, 72.125, 9.313310961598519e-24, nan 
-121.625, 72.125, 8.173368881950642e-24, nan 
-121.375, 72.125, 7.787801946471724e-24, nan 
-121.125, 72.125, 9.918704588236594e-24, nan 
-120.875, 72.125, 9.850588241258152e-24, nan 
-120.625, 72.125, 1.4887186121393554e-23, nan 
-120.375, 72.125, 1.4413459440417773e-23, nan 
-120.125, 72.125, 1.540847021145534e-23, nan 
-119.875, 72.125, 1.6792079989517942e-23, nan 
-119.625, 72.125, 1.5216621146770912e-23, nan 
-119.375, 72.125, 1.3961557184639124e-23, nan 
-119.125, 72.125, 1.2308030526708362e-23, nan 
-118.875, 72.125, 1.465556510661877e-23, nan 
-118.625, 72.125, 1.572118948739167e-23, nan 
-118.375, 72.125, 1.605117129272906e-23, nan 
-118.125, 72.125, 1.4903139252612766e-23, nan 
-117.875, 72.125, 1.2939880285383757e-23, nan 
-117.625, 72.125, 5.691626352949874e-24, nan 
-117.375, 72.125, 1.1377191897540766e-23, nan 
-117.125, 72.125, 8.828413560162255e-24, nan 
-116.875, 72.125, 3.483208109811573e-24, nan 
-116.625, 72.125, 7.118577193082102e-24, nan 
-116.375, 72.125, 5.749902636539699e-24, nan 
-116.125, 72.125, 6.460006654943643e-24, nan 
-115.875, 72.125, 8.89424613888439e-24, nan 
-115.625, 72.125, 8.469488336275033e-24, nan 
-115.375, 72.125, 8.516428850768958e-24, nan 
-115.125, 72.125, 8.002311163681025e-24, nan 
-114.875, 72.125, 9.929225769061383e-24, nan 
-114.625, 72.125, 9.61728808133988e-24, nan 
-114.375, 72.125, 7.932456941219797e-24, nan 
-114.125, 72.125, 6.849896838197424e-24, nan 
-113.875, 72.125, 5.310805829413022e-24, nan 
-113.625, 72.125, 3.572509436612759e-24, nan 
-113.375, 72.125, 5.0027941461019205e-24, nan 
-113.125, 72.125, 6.358944012680233e-24, nan 
-112.875, 72.125, 6.051973286394535e-24, nan 
-112.625, 72.125, 6.738865643001426e-24, nan 
-112.375, 72.125, 2.2325851138115452e-23, nan 
-112.125, 72.125, 1.1730698934771587e-23, nan 
-111.875, 72.125, 1.2907819031840045e-23, nan 
-111.625, 72.125, 7.794822778067032e-24, nan 
-111.375, 72.125, 9.770432711332124e-24, nan 
-111.125, 72.125, 3.0190919369500214e-24, nan 
-110.875, 72.125, 8.710994144957361e-24, nan 
-110.625, 72.125, 8.883526527199726e-24, nan 
-110.375, 72.125, 1.4786368020635806e-23, nan 
-110.125, 72.125, 1.0765936361684949e-23, nan 
-109.875, 72.125, 5.033751116356214e-24, nan 
-109.625, 72.125, 8.633306453190119e-24, nan 
-109.375, 72.125, 1.2655596435790177e-23, nan 
-109.125, 72.125, 1.3190668405158869e-23, nan 
-108.875, 72.125, 1.1799665140911432e-23, nan 
-108.625, 72.125, 9.672867960466942e-24, nan 
-108.375, 72.125, 1.2743880778428787e-23, nan 
-108.125, 72.125, 1.1506747790068557e-23, nan 
-107.875, 72.125, 1.0390719399068566e-23, nan 
-107.625, 72.125, 7.739905565947033e-24, nan 
-107.375, 72.125, 4.981826568688854e-24, nan 
-107.125, 72.125, 7.486336472314116e-24, nan 
-106.875, 72.125, 8.612011019616129e-24, nan 
-106.625, 72.125, 8.150626331473454e-24, nan 
-106.375, 72.125, 5.071776098173978e-24, nan 
-106.125, 72.125, 5.623947119332692e-24, nan 
-105.875, 72.125, 5.863585582107265e-24, nan 
-105.625, 72.125, 7.742107004164434e-24, nan 
-105.375, 72.125, 9.217320403147106e-24, nan 
-105.125, 72.125, 1.488267351784072e-23, nan 
-104.875, 72.125, 1.085257489518906e-23, nan 
-104.625, 72.125, 1.1459293586938119e-23, nan 
-104.375, 72.125, 1.128542287276534e-23, nan 
-104.125, 72.125, 1.344579800311827e-23, nan 
-103.875, 72.125, 9.92362351159955e-24, nan 
-103.625, 72.125, 1.0903889612214079e-23, nan 
-103.375, 72.125, 8.18580907306892e-24, nan 
-103.125, 72.125, 6.726847744087299e-24, nan 
-102.875, 72.125, 7.878974982892567e-24, nan 
-102.625, 72.125, 9.498046582278513e-24, nan 
-102.375, 72.125, 1.0809120657124939e-23, nan 
-102.125, 72.125, 1.5711201662290967e-23, nan 
-101.875, 72.125, 2.0816199594616625e-23, nan 
-101.625, 72.125, 2.0504997349770453e-23, nan 
-101.375, 72.125, 2.200081022261929e-23, nan 
-101.125, 72.125, 1.7034757446187698e-23, nan 
-100.875, 72.125, 1.9198437329531627e-23, nan 
-100.625, 72.125, 1.7527715901048802e-23, nan 
-100.375, 72.125, 2.4208866388458295e-23, nan 
-100.125, 72.125, 2.692518690563999e-23, nan 
-99.875, 72.125, 1.6408711805935392e-23, nan 
-99.625, 72.125, 1.7063625205117127e-23, nan 
-99.375, 72.125, 2.1275919867444577e-23, nan 
-99.125, 72.125, 1.614494603896345e-23, nan 
-98.875, 72.125, 1.934477188381658e-23, nan 
-98.625, 72.125, 1.700449121506129e-23, nan 
-98.375, 72.125, 1.4224276944714623e-23, nan 
-98.125, 72.125, 1.3227747442899266e-23, nan 
-97.875, 72.125, 1.7429151244670854e-23, nan 
-97.625, 72.125, 2.724350391243868e-23, nan 
-97.375, 72.125, 1.9982772084950857e-23, nan 
-97.125, 72.125, 2.3417322436530008e-23, nan 
-96.875, 72.125, 2.5825473715590854e-23, nan 
-96.625, 72.125, 2.5692697488557276e-23, nan 
-96.375, 72.125, 2.5566658767165586e-23, nan 
-96.125, 72.125, 2.83962108343504e-23, nan 
-95.875, 72.125, 2.3314370762837038e-23, nan 
-95.625, 72.125, 2.351787686083978e-23, nan 
-95.375, 72.125, 2.0540956508575246e-23, nan 
-95.125, 72.125, 1.2394665829258343e-23, nan 
-94.875, 72.125, 1.579647376457276e-23, nan 
-94.625, 72.125, 1.4239881120803036e-23, nan 
-94.375, 72.125, 1.6541725014329144e-23, nan 
-94.125, 72.125, 2.2381506334529756e-23, nan 
-93.875, 72.125, 2.0864934057569462e-23, nan 
-93.625, 72.125, 2.2450571781106189e-23, nan 
-93.375, 72.125, 2.384940990388538e-23, nan 
-93.125, 72.125, 2.3652764168164673e-23, nan 
-92.875, 72.125, 2.6848753828348196e-23, nan 
-92.625, 72.125, 2.910837937869375e-23, nan 
-92.375, 72.125, 3.130486467058015e-23, nan 
-92.125, 72.125, 2.835419410120839e-23, nan 
-91.875, 72.125, 3.085897963082816e-23, nan 
-91.625, 72.125, 2.766108162465889e-23, nan 
-91.375, 72.125, 1.493401067462713e-23, nan 
-91.125, 72.125, 1.9288453001836548e-23, nan 
-90.875, 72.125, 1.818183400734972e-23, nan 
-90.625, 72.125, 2.2386357011526677e-23, nan 
-90.375, 72.125, 1.681358271444934e-23, nan 
-90.125, 72.125, 2.057188786790569e-23, nan 
-89.875, 72.125, 2.906697493530723e-23, nan 
-89.625, 72.125, 3.415022559551357e-23, nan 
-89.375, 72.125, 4.1581628906782435e-23, nan 
-89.125, 72.125, 4.1152398858044266e-23, nan 
-88.875, 72.125, 4.215394452378236e-23, nan 
-88.625, 72.125, 3.57100780087618e-23, nan 
-88.375, 72.125, 4.169718917186294e-23, nan 
-88.125, 72.125, 4.371176558276634e-23, nan 
-87.875, 72.125, 4.3390877357394876e-23, nan 
-87.625, 72.125, 5.129576460111518e-23, nan 
-87.375, 72.125, 4.285897561873594e-23, nan 
-87.125, 72.125, 3.865304720061261e-23, nan 
-86.875, 72.125, 4.022343281531867e-23, nan 
-86.625, 72.125, 4.185153201171578e-23, nan 
-86.375, 72.125, 4.972055830079342e-23, nan 
-86.125, 72.125, 4.182343944835936e-23, nan 
-85.875, 72.125, 4.312291704081973e-23, nan 
-85.625, 72.125, 4.907400439007108e-23, nan 
-85.375, 72.125, 4.5699775165479275e-23, nan 
-85.125, 72.125, 4.285130572275265e-23, nan 
-84.875, 72.125, 4.24976538495742e-23, nan 
-84.625, 72.125, 4.370660715174938e-23, nan 
-84.375, 72.125, 3.887838084012903e-23, nan 
-84.125, 72.125, 2.8836943053515156e-23, nan 
-83.875, 72.125, 1.916651595336044e-23, nan 
-83.625, 72.125, 2.602406116597947e-23, nan 
-83.375, 72.125, 2.395545840921385e-23, nan 
-83.125, 72.125, 3.5927377647263473e-23, nan 
-82.875, 72.125, 2.797653023942456e-23, nan 
-82.625, 72.125, 6.664607305908447e-23, nan 
-82.375, 72.125, 8.455263599838036e-23, nan 
-82.125, 72.125, 9.555146684766468e-23, nan 
-81.875, 72.125, 1.0951330712077042e-22, nan 
-81.625, 72.125, 1.4575384178156766e-22, nan 
-81.375, 72.125, 2.3045439975831215e-22, nan 
-81.125, 72.125, 1.1006258108046852e-22, nan 
-80.875, 72.125, 1.0419628529728997e-22, nan 
-80.625, 72.125, 1.5595147326346368e-22, nan 
-80.375, 72.125, 9.443949368898814e-23, nan 
-80.125, 72.125, 8.703018240296737e-23, nan 
-79.875, 72.125, 8.71354308627113e-23, nan 
-79.625, 72.125, 1.1182048205701332e-22, nan 
-79.375, 72.125, 1.1953989612772574e-22, nan 
-79.125, 72.125, 1.2353566807831612e-22, nan 
-78.875, 72.125, 1.4619856943446287e-22, nan 
-78.625, 72.125, 1.5149043272738623e-22, nan 
-78.375, 72.125, 1.3899688376146953e-22, nan 
-78.125, 72.125, 5.126913483409564e-23, nan 
-77.875, 72.125, 7.046650202622354e-23, nan 
-77.625, 72.125, 7.317994064860034e-23, nan 
-77.375, 72.125, 7.847871557428266e-23, nan 
-77.125, 72.125, 2.4126857246573195e-23, nan 
-76.875, 72.125, 5.370663883495183e-23, nan 
-76.625, 72.125, 5.616829254955845e-23, nan 
-76.375, 72.125, 2.602588208431045e-23, nan 
-76.125, 72.125, 2.947222778648482e-23, nan 
-75.875, 72.125, 3.494763215534005e-23, nan 
-75.625, 72.125, 4.759244785884796e-23, nan 
-75.375, 72.125, 5.05777151713526e-23, nan 
-75.125, 72.125, 6.295477341051913e-23, nan 
-74.875, 72.125, 4.529487148395294e-23, nan 
-74.625, 72.125, 3.1974475197193174e-23, nan 
-74.375, 72.125, 6.405010118670353e-23, nan 
-74.125, 72.125, 9.460251194477431e-23, nan 
-73.875, 72.125, 7.514184312594682e-23, nan 
-73.625, 72.125, 6.515931830234235e-23, nan 
-73.375, 72.125, 7.53360522083308e-23, nan 
-73.125, 72.125, 9.133812941329058e-23, nan 
-72.875, 72.125, 9.92379941358227e-23, nan 
-72.625, 72.125, 9.859995057302478e-23, nan 
-72.375, 72.125, 5.78081774757298e-23, nan 
-72.125, 72.125, 4.6973725581371876e-23, nan 
-71.875, 72.125, 2.279128608029337e-23, nan 
-71.625, 72.125, 4.7916172584357256e-23, nan 
-71.375, 72.125, 2.3567492893763364e-23, nan 
-71.125, 72.125, 2.404255694401199e-23, nan 
-70.875, 72.125, 3.659381478205022e-23, nan 
-70.625, 72.125, 5.1125783212787646e-23, nan 
-70.375, 72.125, 6.243522102844569e-23, nan 
-70.125, 72.125, 3.4708211393428765e-23, nan 
-69.875, 72.125, 5.147398510522351e-23, nan 
-69.625, 72.125, 4.839518081998862e-23, nan 
-69.375, 72.125, 3.5524581430809713e-23, nan 
-69.125, 72.125, 3.17133845735574e-23, nan 
-68.875, 72.125, 7.519066823710687e-23, nan 
-68.625, 72.125, 1.0527852646604334e-22, nan 
-68.375, 72.125, 7.185428255482396e-23, nan 
-68.125, 72.125, 8.642856963675783e-23, nan 
-67.875, 72.125, 1.2591526282501325e-22, nan 
-67.625, 72.125, 5.309951254197517e-23, nan 
-67.375, 72.125, 1.1689595463476077e-22, nan 
-67.125, 72.125, 1.7173569563987428e-22, nan 
-66.875, 72.125, 1.0865665643771529e-22, nan 
-66.625, 72.125, 1.2637389083329458e-22, nan 
-66.375, 72.125, 1.715045487236547e-22, nan 
-66.125, 72.125, 1.9161471030127708e-22, nan 
-65.875, 72.125, 2.0307335566173445e-22, nan 
-65.625, 72.125, 1.3600141621871613e-22, nan 
-65.375, 72.125, 2.2298154445913283e-22, nan 
-65.125, 72.125, 2.158391952250248e-22, nan 
-64.875, 72.125, 9.50951134912186e-23, nan 
-64.625, 72.125, 1.4034820248062565e-22, nan 
-64.375, 72.125, 2.4844270008603933e-22, nan 
-64.125, 72.125, 3.5138599287834336e-22, nan 
-63.875, 72.125, 4.521463595540523e-22, nan 
-63.625, 72.125, 3.4036957734588613e-22, nan 
-63.375, 72.125, 7.79193793415117e-22, nan 
-63.125, 72.125, 1.0390510229307566e-21, nan 
-62.875, 72.125, 3.3444113511305036e-22, nan 
-62.625, 72.125, 5.918337173618606e-22, nan 
-62.375, 72.125, 7.673604930111472e-22, nan 
-62.125, 72.125, 3.314382772909319e-22, nan 
-61.875, 72.125, 6.653451491228743e-23, nan 
-61.625, 72.125, 1.1846393737807227e-22, nan 
-61.375, 72.125, 2.0998989602993219e-22, nan 
-61.125, 72.125, 1.1835434337612423e-22, nan 
-60.875, 72.125, 1.198880005885389e-22, nan 
-60.625, 72.125, 1.7869064212790312e-22, nan 
-60.375, 72.125, 1.9573469319992656e-22, nan 
-60.125, 72.125, 3.1080052399890678e-22, nan 
-59.875, 72.125, 2.1894341700402474e-22, nan 
-59.625, 72.125, 3.2624478878527018e-22, nan 
-59.375, 72.125, 5.284304705986407e-22, nan 
-59.125, 72.125, 4.787617330756574e-22, nan 
-58.875, 72.125, 4.7489616267958565e-22, nan 
-58.625, 72.125, 7.342216370280365e-22, nan 
-58.375, 72.125, 4.504055648055741e-22, nan 
-58.125, 72.125, 2.9281535795404033e-22, nan 
-57.875, 72.125, 2.3830960184113275e-22, nan 
-57.625, 72.125, 3.7558627682631013e-22, nan 
-57.375, 72.125, 2.948213443504615e-22, nan 
-57.125, 72.125, 4.633905156077969e-22, nan 
-56.875, 72.125, 7.046692573988197e-22, nan 
-56.625, 72.125, 8.312320598177803e-22, nan 
-56.375, 72.125, 8.02241564402912e-22, nan 
-56.125, 72.125, 6.586416769330375e-22, nan 
-55.875, 72.125, 6.737745527636185e-22, nan 
-55.625, 72.125, 6.986741642603216e-22, nan 
-55.375, 72.125, 6.1996103038988695e-22, nan 
-55.125, 72.125, 6.000760535106195e-22, nan 
-54.875, 72.125, 6.572189344882186e-22, nan 
-54.625, 72.125, 6.136630862873006e-22, nan 
-54.375, 72.125, 4.091149815427874e-22, nan 
-54.125, 72.125, 4.50681831892792e-22, nan 
-53.875, 72.125, 2.7288498699287076e-22, nan 
-53.625, 72.125, 3.1071143465846507e-22, nan 
-53.375, 72.125, 4.617943741795186e-22, nan 
-53.125, 72.125, 5.514009541537617e-22, nan 
-52.875, 72.125, 6.411458323440302e-22, nan 
-52.625, 72.125, 7.801850896256326e-22, nan 
-52.375, 72.125, 8.015637410797273e-22, nan 
-52.125, 72.125, 9.198106506157915e-22, nan 
-51.875, 72.125, 9.5825692511395e-22, nan 
-51.625, 72.125, 9.02246907098599e-22, nan 
-51.375, 72.125, 9.964236274120506e-22, nan 
-51.125, 72.125, 1.1633402730584507e-21, nan 
-50.875, 72.125, 7.601934681486174e-22, nan 
-50.625, 72.125, 8.961058459168694e-22, nan 
-50.375, 72.125, 1.0827925372591541e-21, nan 
-50.125, 72.125, 1.0893797762726834e-21, nan 
-49.875, 72.125, 2.043177898873661e-21, nan 
-49.625, 72.125, 1.8798842070510654e-21, nan 
-49.375, 72.125, 1.8595329843801398e-21, nan 
-49.125, 72.125, 2.6349833723392112e-21, nan 
-48.875, 72.125, 2.5219152967652187e-21, nan 
-48.625, 72.125, 2.0733770787527973e-21, nan 
-48.375, 72.125, 1.944444815219562e-21, nan 
-48.125, 72.125, 1.956465014052494e-21, nan 
-47.875, 72.125, 2.5462535377993827e-21, nan 
-47.625, 72.125, 2.553317677562509e-21, nan 
-47.375, 72.125, 2.2248160565093647e-21, nan 
-47.125, 72.125, 2.542143474358495e-21, nan 
-46.875, 72.125, 3.2953102560391148e-21, nan 
-46.625, 72.125, 2.837342804912403e-21, nan 
-46.375, 72.125, 2.7036758619926854e-21, nan 
-46.125, 72.125, 3.096297009752825e-21, nan 
-45.875, 72.125, 3.416380973050137e-21, nan 
-45.625, 72.125, 4.9273581985816544e-21, nan 
-45.375, 72.125, 6.107238056360253e-21, nan 
-45.125, 72.125, 6.6024240796425805e-21, nan 
-44.875, 72.125, 8.40844369697217e-21, nan 
-44.625, 72.125, 9.731314812016968e-21, nan 
-44.375, 72.125, 9.922427024088363e-21, nan 
-44.125, 72.125, 9.200518915609025e-21, nan 
-43.875, 72.125, 1.015908597396881e-20, nan 
-43.625, 72.125, 9.982657046391196e-21, nan 
-43.375, 72.125, 1.1504922521600845e-20, nan 
-43.125, 72.125, 9.623185938093313e-21, nan 
-42.875, 72.125, 1.2329269545860109e-20, nan 
-42.625, 72.125, 1.2467373591474942e-20, nan 
-42.375, 72.125, 1.0551942469971849e-20, nan 
-42.125, 72.125, 9.671939717327984e-21, nan 
-41.875, 72.125, 5.647334686717025e-21, nan 
-41.625, 72.125, 3.3089365389286224e-21, nan 
-41.375, 72.125, 4.652053505487962e-21, nan 
-41.125, 72.125, 4.873718583184032e-21, nan 
-40.875, 72.125, 4.3548513501424585e-21, nan 
-40.625, 72.125, 1.8322542727841754e-21, nan 
-40.375, 72.125, 3.858119238383891e-21, nan 
-40.125, 72.125, 3.228401663861068e-21, nan 
-39.875, 72.125, 4.554380018328856e-21, nan 
-39.625, 72.125, 3.1427246734944535e-21, nan 
-39.375, 72.125, 7.117066464890839e-21, nan 
-39.125, 72.125, 7.63509146274077e-21, nan 
-38.875, 72.125, 4.340686276618467e-21, nan 
-38.625, 72.125, 5.152617895598815e-21, nan 
-38.375, 72.125, 7.036337357028314e-21, nan 
-38.125, 72.125, 7.68160141185251e-21, nan 
-37.875, 72.125, 3.677192955152826e-21, nan 
-37.625, 72.125, 1.5000709466035344e-20, nan 
-37.375, 72.125, 1.8628822897013845e-20, nan 
-37.125, 72.125, 1.4732809114786632e-20, nan 
-36.875, 72.125, 1.8413285121263583e-20, nan 
-36.625, 72.125, 1.974403360595903e-20, nan 
-36.375, 72.125, 1.6042052033337416e-20, nan 
-36.125, 72.125, 1.483181797183066e-20, nan 
-35.875, 72.125, 1.386288175782346e-20, nan 
-35.625, 72.125, 3.1598671977006214e-21, nan 
-35.375, 72.125, 6.822300179224509e-21, nan 
-35.125, 72.125, 1.1959887979905157e-20, nan 
-34.875, 72.125, 8.135749074585932e-21, nan 
-34.625, 72.125, 6.5104737152138605e-21, nan 
-34.375, 72.125, 5.8528657877344246e-21, nan 
-34.125, 72.125, 6.755629187830235e-21, nan 
-33.875, 72.125, 1.3261329382036565e-20, nan 
-33.625, 72.125, 1.3762849881159475e-20, nan 
-33.375, 72.125, 1.3157488788830308e-20, nan 
-33.125, 72.125, 1.6649884957347884e-20, nan 
-32.875, 72.125, 1.2140769940870853e-20, nan 
-32.625, 72.125, 1.600887292524724e-20, nan 
-32.375, 72.125, 1.8277935273820153e-20, nan 
-32.125, 72.125, 1.2704532636168735e-20, nan 
-31.875, 72.125, 1.9995196127291813e-20, nan 
-31.625, 72.125, 2.6166040194997996e-20, nan 
-31.375, 72.125, 2.276525030623947e-20, nan 
-31.125, 72.125, 1.4025238875559045e-20, nan 
-30.875, 72.125, 2.3665258770395632e-20, nan 
-30.625, 72.125, 1.805456945716673e-20, nan 
-30.375, 72.125, 1.2267792954359858e-20, nan 
-30.125, 72.125, 1.707508480399423e-20, nan 
-29.875, 72.125, 1.5729043054329884e-20, nan 
-29.625, 72.125, 2.1747963582555835e-20, nan 
-29.375, 72.125, 1.8304474797058462e-20, nan 
-29.125, 72.125, 2.2863673635063216e-20, nan 
-28.875, 72.125, 2.4581588456897657e-20, nan 
-28.625, 72.125, 1.749109278527733e-20, nan 
-28.375, 72.125, 1.4832262116776036e-20, nan 
-28.125, 72.125, 1.7872667321147776e-20, nan 
-27.875, 72.125, 1.4758635081888594e-20, nan 
-27.625, 72.125, 1.3003634461476273e-20, nan 
-27.375, 72.125, 1.4638235137758967e-20, nan 
-27.125, 72.125, 1.7122879902570042e-20, nan 
-26.875, 72.125, 1.1944160342539351e-20, nan 
-26.625, 72.125, 1.7699513559619938e-20, nan 
-26.375, 72.125, 1.8439467358413427e-20, nan 
-26.125, 72.125, 2.9536134242473955e-20, nan 
-25.875, 72.125, 2.6401367808062125e-20, nan 
-25.625, 72.125, 3.328225786398152e-20, nan 
-25.375, 72.125, 3.731589507800771e-20, nan 
-25.125, 72.125, 2.3024766712954747e-20, nan 
-24.875, 72.125, 2.3504292406600564e-20, nan 
-24.625, 72.125, 9.702049466172928e-21, nan 
-24.375, 72.125, 1.2409835634924247e-20, nan 
-24.125, 72.125, 9.902517020359768e-21, nan 
-23.875, 72.125, 9.30698408696385e-21, nan 
-23.625, 72.125, 2.0702239657630406e-20, nan 
-23.375, 72.125, 1.1553314968908732e-20, nan 
-23.125, 72.125, 1.6585517838016446e-20, nan 
-22.875, 72.125, 2.099310462565357e-20, nan 
-22.625, 72.125, 1.5344690375991448e-20, nan 
-22.375, 72.125, 1.7339487688319087e-20, nan 
-22.125, 72.125, 1.3403395023771113e-20, nan 
-21.875, 72.125, 1.3245060765552541e-20, nan 
-21.625, 72.125, 1.609846028022828e-20, nan 
-21.375, 72.125, 1.2646520469956374e-20, nan 
-21.125, 72.125, 1.9374150314125075e-20, nan 
-20.875, 72.125, 2.1475390997933892e-20, nan 
-20.625, 72.125, 1.5782609455415344e-20, nan 
-20.375, 72.125, 2.1593140579487946e-20, nan 
-20.125, 72.125, 3.301496968627248e-20, nan 
-19.875, 72.125, 4.398213054180879e-20, nan 
-19.625, 72.125, 3.481698400522907e-20, nan 
-19.375, 72.125, 2.9315868655686336e-20, nan 
-19.125, 72.125, 3.043733491271568e-20, nan 
-18.875, 72.125, 2.6542144935733104e-20, nan 
-18.625, 72.125, 7.117216710404052e-21, nan 
-18.375, 72.125, 8.933256858314006e-21, nan 
-18.125, 72.125, 1.5429387470663175e-20, nan 
-17.875, 72.125, 1.801101519863818e-20, nan 
-17.625, 72.125, 1.5860902094788955e-20, nan 
-17.375, 72.125, 1.6757023538240142e-20, nan 
-17.125, 72.125, 4.775278292869398e-20, nan 
-16.875, 72.125, 4.910922491361211e-20, nan 
-16.625, 72.125, 2.2939717032298658e-20, nan 
-16.375, 72.125, 5.819891120813261e-20, nan 
-16.125, 72.125, 6.182083189288127e-20, nan 
-15.875, 72.125, 2.0208242698385447e-20, nan 
-15.625, 72.125, 2.1324019393532763e-20, nan 
-15.375, 72.125, 3.0634718043611896e-19, nan 
-15.125, 72.125, 2.89126444082025e-19, nan 
-14.875, 72.125, 1.9709955389700396e-19, nan 
-14.625, 72.125, 3.0520258777861864e-20, nan 
-14.375, 72.125, 4.0059676144808115e-20, nan 
-14.125, 72.125, 4.9574221466465005e-20, nan 
-13.875, 72.125, 2.0979465471483815e-20, nan 
-13.625, 72.125, 2.3606096648257283e-20, nan 
-13.375, 72.125, 2.986313367610437e-20, nan 
-13.125, 72.125, 1.1786942647503243e-20, nan 
-12.875, 72.125, 4.860390264047052e-21, nan 
-12.625, 72.125, 1.930328330862119e-21, nan 
-12.375, 72.125, 3.3848179309577408e-21, nan 
-12.125, 72.125, 1.8747344022069974e-21, nan 
-11.875, 72.125, 4.027371255189426e-21, nan 
-11.625, 72.125, 1.864367417321125e-21, nan 
-11.375, 72.125, 1.9755452574756655e-21, nan 
-11.125, 72.125, 4.788381297959002e-21, nan 
-10.875, 72.125, 7.40958641955509e-22, nan 
-10.625, 72.125, 3.2915506823825886e-21, nan 
-10.375, 72.125, 3.587059692732335e-21, nan 
-10.125, 72.125, 3.797760555981325e-21, nan 
-9.875, 72.125, 2.6994033679314702e-21, nan 
-9.625, 72.125, 3.1819437572380018e-21, nan 
-9.375, 72.125, 5.314032877080195e-21, nan 
-9.125, 72.125, 5.047493478377191e-21, nan 
-8.875, 72.125, 5.0163884678031996e-21, nan 
-8.625, 72.125, 5.713158187729464e-21, nan 
-8.375, 72.125, 5.207910415925467e-21, nan 
-8.125, 72.125, 4.5017994985304196e-21, nan 
-7.875, 72.125, 3.3402709846023637e-21, nan 
-7.625, 72.125, 4.290665943829893e-21, nan 
-7.375, 72.125, 4.8773680695294274e-21, nan 
-7.125, 72.125, 8.745785050798952e-21, nan 
-6.875, 72.125, 8.176889116823315e-21, nan 
-6.625, 72.125, 9.046272729826512e-21, nan 
-6.375, 72.125, 1.0013042089358273e-20, nan 
-6.125, 72.125, 9.343661973102032e-21, nan 
-5.875, 72.125, 9.129773310835454e-21, nan 
-5.625, 72.125, 5.627743022173421e-21, nan 
-5.375, 72.125, 9.524076793900522e-21, nan 
-5.125, 72.125, 6.826624004458677e-21, nan 
-4.875, 72.125, 3.170498195312189e-21, nan 
-4.625, 72.125, 3.973446799980485e-21, nan 
-4.375, 72.125, 3.939302074042002e-21, nan 
-4.125, 72.125, 3.3691476257468592e-21, nan 
-3.875, 72.125, 4.159706169635905e-21, nan 
-3.625, 72.125, 2.1022162203418095e-21, nan 
-3.375, 72.125, 2.2969813688998672e-21, nan 
-3.125, 72.125, 3.6466050071617126e-21, nan 
-2.875, 72.125, 3.138363782196604e-21, nan 
-2.625, 72.125, 2.136212404559059e-21, nan 
-2.375, 72.125, 1.4995301284084519e-21, nan 
-2.125, 72.125, 2.732004826001901e-21, nan 
-1.875, 72.125, 1.79992709269681e-21, nan 
-1.625, 72.125, 1.5213421891675603e-21, nan 
-1.375, 72.125, 1.5916399558637924e-21, nan 
-1.125, 72.125, 1.5733644961810688e-21, nan 
-0.875, 72.125, 2.135065358818451e-21, nan 
-0.625, 72.125, 2.6594788401627584e-21, nan 
-0.375, 72.125, 2.1283210769104427e-21, nan 
-0.125, 72.125, 3.093660485244744e-21, nan 
0.125, 72.125, 3.1296776611557315e-21, nan 
0.375, 72.125, 3.960340960052898e-21, nan 
0.625, 72.125, 3.328677758606225e-21, nan 
0.875, 72.125, 3.4096684528556466e-21, nan 
1.125, 72.125, 3.2136253733135164e-21, nan 
1.375, 72.125, 1.6762897463000078e-21, nan 
1.625, 72.125, 1.1309137088658529e-21, nan 
1.875, 72.125, 8.74810998881753e-22, nan 
2.125, 72.125, 8.361931617704461e-22, nan 
2.375, 72.125, 5.677114962782339e-22, nan 
2.625, 72.125, 2.8392804900227984e-22, nan 
2.875, 72.125, 1.0528437272275216e-21, nan 
3.125, 72.125, 4.936466438730931e-22, nan 
3.375, 72.125, 1.1333709758612877e-21, nan 
3.625, 72.125, 1.0993927898843192e-21, nan 
3.875, 72.125, 1.738014043604537e-21, nan 
4.125, 72.125, 1.2100712578022333e-21, nan 
4.375, 72.125, 1.3516709617723572e-21, nan 
4.625, 72.125, 7.01951459548936e-22, nan 
4.875, 72.125, 8.493285454026286e-22, nan 
5.125, 72.125, 8.494297023596184e-22, nan 
5.375, 72.125, 5.873864580728622e-22, nan 
5.625, 72.125, 8.707918979692486e-22, nan 
5.875, 72.125, 6.137703024837098e-22, nan 
6.125, 72.125, 9.794657910724757e-22, nan 
6.375, 72.125, 8.3329116320269245e-22, nan 
6.625, 72.125, 6.22190428722438e-22, nan 
6.875, 72.125, 7.120998427577545e-22, nan 
7.125, 72.125, 9.168400023409295e-22, nan 
7.375, 72.125, 7.759412120728486e-22, nan 
7.625, 72.125, 7.3217768593898125e-22, nan 
7.875, 72.125, 1.0004349544851792e-21, nan 
8.125, 72.125, 9.02361992187521e-22, nan 
8.375, 72.125, 7.571494252206049e-22, nan 
8.625, 72.125, 6.030176600823396e-22, nan 
8.875, 72.125, 5.070701997240172e-22, nan 
9.125, 72.125, 3.7360948432350228e-22, nan 
9.375, 72.125, 4.412378501634418e-22, nan 
9.625, 72.125, 4.197560952179321e-22, nan 
9.875, 72.125, 5.005124841136477e-22, nan 
10.125, 72.125, 3.707886232325543e-22, nan 
10.375, 72.125, 5.757269470874326e-22, nan 
10.625, 72.125, 4.1329636730059245e-22, nan 
10.875, 72.125, 4.00639558473026e-22, nan 
11.125, 72.125, 5.63508665153704e-22, nan 
11.375, 72.125, 3.0541271860675077e-22, nan 
11.625, 72.125, 3.2795117128097684e-22, nan 
11.875, 72.125, 3.114974769392163e-22, nan 
12.125, 72.125, 3.6486020773689914e-22, nan 
12.375, 72.125, 2.4787511980204274e-22, nan 
12.625, 72.125, 2.578887816043373e-22, nan 
12.875, 72.125, 2.2391798746915303e-22, nan 
13.125, 72.125, 2.4953569519340696e-22, nan 
13.375, 72.125, 2.1124846119377204e-22, nan 
13.625, 72.125, 1.9091365576960995e-22, nan 
13.875, 72.125, 1.0446754312872733e-22, nan 
14.125, 72.125, 2.401458183926351e-22, nan 
14.375, 72.125, 2.16886412790823e-22, nan 
14.625, 72.125, 1.747534738151244e-22, nan 
14.875, 72.125, 1.0605516927890044e-22, nan 
15.125, 72.125, 1.500236124416202e-22, nan 
15.375, 72.125, 1.9699182102292036e-22, nan 
15.625, 72.125, 1.4449916405474245e-22, nan 
15.875, 72.125, 1.534395530893485e-22, nan 
16.125, 72.125, 1.1065814663252494e-22, nan 
16.375, 72.125, 1.2175236638184624e-22, nan 
16.625, 72.125, 1.11038497056598e-22, nan 
16.875, 72.125, 1.6502307787757595e-22, nan 
17.125, 72.125, 3.2960728123079584e-22, nan 
17.375, 72.125, 9.427738406187964e-23, nan 
17.625, 72.125, 1.9860552029795173e-22, nan 
17.875, 72.125, 2.6059678534443555e-22, nan 
18.125, 72.125, 1.2896151312618972e-22, nan 
18.375, 72.125, 1.654669623423395e-22, nan 
18.625, 72.125, 1.6178467335846358e-22, nan 
18.875, 72.125, 1.6973712682416499e-22, nan 
19.125, 72.125, 1.4272544065676714e-22, nan 
19.375, 72.125, 7.978583971652172e-23, nan 
19.625, 72.125, 1.2356363124910684e-22, nan 
19.875, 72.125, 1.1872762528060862e-22, nan 
20.125, 72.125, 9.979741093041914e-23, nan 
20.375, 72.125, 1.0292924778760631e-22, nan 
20.625, 72.125, 1.8771639762394523e-22, nan 
20.875, 72.125, 2.0886361480809955e-22, nan 
21.125, 72.125, 2.0936542838325097e-22, nan 
21.375, 72.125, 2.1672694156174593e-22, nan 
21.625, 72.125, 2.6780954796475606e-22, nan 
21.875, 72.125, 2.718511845573589e-22, nan 
22.125, 72.125, 1.1567674999963977e-22, nan 
22.375, 72.125, 1.4630362083188527e-22, nan 
22.625, 72.125, 1.3873330380913589e-22, nan 
22.875, 72.125, 7.46713878978517e-23, nan 
23.125, 72.125, 6.913230063489574e-23, nan 
23.375, 72.125, 4.687505251984552e-23, nan 
23.625, 72.125, 4.460066004537503e-23, nan 
23.875, 72.125, 4.59961050266172e-23, nan 
24.125, 72.125, 9.979510820605414e-23, nan 
24.375, 72.125, 7.930783722552318e-23, nan 
24.625, 72.125, 1.0620791550724205e-22, nan 
24.875, 72.125, 1.2994389947396738e-22, nan 
25.125, 72.125, 1.2407479372810005e-22, nan 
25.375, 72.125, 1.1298207180948399e-22, nan 
25.625, 72.125, 1.0461581582559455e-22, nan 
25.875, 72.125, 1.028221163439476e-22, nan 
26.125, 72.125, 6.677774378135636e-23, nan 
26.375, 72.125, 5.577926031482611e-23, nan 
26.625, 72.125, 5.907302172339779e-23, nan 
26.875, 72.125, 5.224042959779045e-23, nan 
27.125, 72.125, 9.738592190315842e-23, nan 
27.375, 72.125, 6.88153683338805e-23, nan 
27.625, 72.125, 5.427327424931012e-23, nan 
27.875, 72.125, 5.169836582678049e-23, nan 
28.125, 72.125, 5.2808789662388337e-23, nan 
28.375, 72.125, 7.548588680860968e-23, nan 
28.625, 72.125, 6.769314488241388e-23, nan 
28.875, 72.125, 4.465333343410465e-23, nan 
29.125, 72.125, 5.628128611554145e-23, nan 
29.375, 72.125, 6.712072462813011e-23, nan 
29.625, 72.125, 9.658516182842091e-23, nan 
29.875, 72.125, 1.1031778575796475e-22, nan 
30.125, 72.125, 8.257685629252059e-23, nan 
30.375, 72.125, 6.535581133543909e-23, nan 
30.625, 72.125, 3.59340779677586e-23, nan 
30.875, 72.125, 1.4375063759638523e-23, nan 
31.125, 72.125, 1.6782209860076685e-23, nan 
31.375, 72.125, 2.015131272782927e-23, nan 
31.625, 72.125, 2.9266215849622687e-23, nan 
31.875, 72.125, 5.839257181249549e-23, nan 
32.125, 72.125, 5.023012035260075e-23, nan 
32.375, 72.125, 3.2094641938675464e-23, nan 
32.625, 72.125, 5.0400131646618e-23, nan 
32.875, 72.125, 3.72129550962812e-23, nan 
33.125, 72.125, 4.9719007464980726e-23, nan 
33.375, 72.125, 3.6332219028755513e-23, nan 
33.625, 72.125, 3.388371898819062e-23, nan 
33.875, 72.125, 7.01228462895804e-23, nan 
34.125, 72.125, 3.8316047418403927e-23, nan 
34.375, 72.125, 3.350992383971058e-23, nan 
34.625, 72.125, 3.096118375575315e-23, nan 
34.875, 72.125, 2.177867637840127e-23, nan 
35.125, 72.125, 1.9288817882422252e-23, nan 
35.375, 72.125, 3.9979329248444693e-23, nan 
35.625, 72.125, 4.800827783890599e-23, nan 
35.875, 72.125, 1.3860038198227563e-22, nan 
36.125, 72.125, 8.914641158259156e-23, nan 
36.375, 72.125, 6.159844713811699e-23, nan 
36.625, 72.125, 2.2265492061296066e-22, nan 
36.875, 72.125, 1.5941441138641273e-22, nan 
37.125, 72.125, 8.122592939473648e-23, nan 
37.375, 72.125, 1.0704622028703208e-22, nan 
37.625, 72.125, 8.643842746406545e-23, nan 
37.875, 72.125, 6.752974525100705e-23, nan 
38.125, 72.125, 1.0780161791526638e-22, nan 
38.375, 72.125, 9.503993995171331e-23, nan 
38.625, 72.125, 5.681247844125692e-23, nan 
38.875, 72.125, 1.2766634314956826e-22, nan 
39.125, 72.125, 1.2591729389575355e-22, nan 
39.375, 72.125, 8.692303221058666e-23, nan 
39.625, 72.125, 8.393207263630807e-23, nan 
39.875, 72.125, 5.943153847048373e-23, nan 
40.125, 72.125, 4.5126152085717703e-23, nan 
40.375, 72.125, 5.455818779446042e-23, nan 
40.625, 72.125, 2.7865892570865226e-23, nan 
40.875, 72.125, 1.5542653913007832e-23, nan 
41.125, 72.125, 2.3023544093930082e-23, nan 
41.375, 72.125, 1.9491961311407307e-23, nan 
41.625, 72.125, 2.5135679770665753e-23, nan 
41.875, 72.125, 2.2871339709972034e-23, nan 
42.125, 72.125, 1.6608419559756428e-23, nan 
42.375, 72.125, 1.5853554955863635e-23, nan 
42.625, 72.125, 2.152944777634165e-23, nan 
42.875, 72.125, 1.1533984101776063e-23, nan 
43.125, 72.125, 1.2324557685969479e-23, nan 
43.375, 72.125, 6.731126522120421e-24, nan 
43.625, 72.125, 5.52250648558455e-24, nan 
43.875, 72.125, 5.649050220885145e-24, nan 
44.125, 72.125, 9.49051705754486e-24, nan 
44.375, 72.125, 5.713629897735589e-24, nan 
44.625, 72.125, 1.0001721805708005e-23, nan 
44.875, 72.125, 8.559496693025924e-24, nan 
45.125, 72.125, 8.03544059458112e-24, nan 
45.375, 72.125, 1.4628338464313515e-23, nan 
45.625, 72.125, 9.957916837085204e-24, nan 
45.875, 72.125, 1.1984270034397662e-23, nan 
46.125, 72.125, 8.987593729226232e-24, nan 
46.375, 72.125, 1.3824582462114097e-23, nan 
46.625, 72.125, 1.762844616731577e-23, nan 
46.875, 72.125, 2.5878506093831995e-23, nan 
47.125, 72.125, 3.2550513582534065e-23, nan 
47.375, 72.125, 1.5486493603244902e-23, nan 
47.625, 72.125, 5.656601921801289e-23, nan 
47.875, 72.125, 6.280974627055935e-23, nan 
48.125, 72.125, 1.8288170282583552e-23, nan 
48.375, 72.125, 3.617308610693287e-23, nan 
48.625, 72.125, 3.605891967977507e-23, nan 
48.875, 72.125, 1.7219335244903613e-23, nan 
49.125, 72.125, 1.3317834465147368e-23, nan 
49.375, 72.125, 2.4160623831583377e-23, nan 
49.625, 72.125, 3.238112777944853e-23, nan 
49.875, 72.125, 1.5980300778275502e-23, nan 
50.125, 72.125, 3.963046846894252e-23, nan 
50.375, 72.125, 6.40604435018522e-23, nan 
50.625, 72.125, 3.1753937691345573e-23, nan 
50.875, 72.125, 2.7022938603906893e-23, nan 
51.125, 72.125, 4.253269821244068e-23, nan 
51.375, 72.125, 2.771870855860993e-23, nan 
51.625, 72.125, 1.4282954899200852e-23, nan 
51.875, 72.125, 9.696737766755897e-24, nan 
52.125, 72.125, 8.744424021526742e-24, nan 
52.375, 72.125, 7.762302977028181e-24, nan 
52.625, 72.125, 8.521583342008894e-24, nan 
52.875, 72.125, 5.3311091841754445e-24, nan 
53.125, 72.125, 6.849671795609855e-24, nan 
53.375, 72.125, 8.68762348461892e-24, nan 
53.625, 72.125, 8.841031470694804e-24, nan 
53.875, 72.125, 1.393954023350985e-23, nan 
54.125, 72.125, 1.5780948235385165e-23, nan 
54.375, 72.125, 1.8627596054771481e-23, nan 
54.625, 72.125, 1.8730733927976437e-23, nan 
54.875, 72.125, 1.8187344222333026e-23, nan 
55.125, 72.125, 2.096778703944455e-23, nan 
55.375, 72.125, 1.417252744452364e-23, nan 
55.625, 72.125, 1.048532025821615e-23, nan 
55.875, 72.125, 8.864068766074063e-24, nan 
56.125, 72.125, 7.846734689371374e-24, nan 
56.375, 72.125, 8.8307022617017e-24, nan 
56.625, 72.125, 5.78925861544046e-24, nan 
56.875, 72.125, 5.427564425412149e-24, nan 
57.125, 72.125, 6.91700926661853e-24, nan 
57.375, 72.125, 8.076140996596318e-24, nan 
57.625, 72.125, 7.75367038979205e-24, nan 
57.875, 72.125, 5.7803630148733394e-24, nan 
58.125, 72.125, 7.41860829931579e-24, nan 
58.375, 72.125, 9.700881094255811e-24, nan 
58.625, 72.125, 6.72248125950475e-24, nan 
58.875, 72.125, 5.426469186482933e-24, nan 
59.125, 72.125, 9.28108026015452e-24, nan 
59.375, 72.125, 7.214650714287229e-24, nan 
59.625, 72.125, 4.942283261490904e-24, nan 
59.875, 72.125, 1.070773647116409e-23, nan 
60.125, 72.125, 1.1734199764835281e-23, nan 
60.375, 72.125, 7.620424725164263e-24, nan 
60.625, 72.125, 1.1429856340317734e-23, nan 
60.875, 72.125, 1.2457692385916645e-23, nan 
61.125, 72.125, 1.1317058640223343e-23, nan 
61.375, 72.125, 6.254712532541307e-24, nan 
61.625, 72.125, 5.127535236194411e-24, nan 
61.875, 72.125, 9.831053776994516e-24, nan 
62.125, 72.125, 8.346913836494166e-24, nan 
62.375, 72.125, 1.0400027328785127e-23, nan 
62.625, 72.125, 1.5320875259605905e-23, nan 
62.875, 72.125, 1.8188479049370587e-23, nan 
63.125, 72.125, 2.122709564676119e-23, nan 
63.375, 72.125, 1.826720816951411e-23, nan 
63.625, 72.125, 1.5377619868730128e-23, nan 
63.875, 72.125, 1.4123166972652513e-23, nan 
64.125, 72.125, 1.286121443707737e-23, nan 
64.375, 72.125, 1.238073064302269e-23, nan 
64.625, 72.125, 8.010037701504642e-24, nan 
64.875, 72.125, 1.613680570741474e-23, nan 
65.125, 72.125, 1.7303480871538465e-23, nan 
65.375, 72.125, 8.734787535931488e-24, nan 
65.625, 72.125, 6.882874515877727e-24, nan 
65.875, 72.125, 6.562121691005733e-24, nan 
66.125, 72.125, 1.0080905287674512e-23, nan 
66.375, 72.125, 5.230344884342169e-24, nan 
66.625, 72.125, 5.967248055713701e-24, nan 
66.875, 72.125, 1.1496430697537968e-23, nan 
67.125, 72.125, 7.919363678763237e-24, nan 
67.375, 72.125, 6.006716154115595e-24, nan 
67.625, 72.125, 1.1409973718862122e-23, nan 
67.875, 72.125, 8.485123358600553e-24, nan 
68.125, 72.125, 4.222934992854047e-24, nan 
68.375, 72.125, 1.5467947879108496e-23, nan 
68.625, 72.125, 8.542471849156152e-24, nan 
68.875, 72.125, 9.82304616028573e-24, nan 
69.125, 72.125, 1.2369339860822581e-23, nan 
69.375, 72.125, 6.417442970621261e-24, nan 
69.625, 72.125, 7.63248290879819e-24, nan 
69.875, 72.125, 6.537471205984973e-24, nan 
70.125, 72.125, 1.0164955432414316e-23, nan 
70.375, 72.125, 1.6152630676413635e-23, nan 
70.625, 72.125, 2.0168468215679563e-23, nan 
70.875, 72.125, 6.759799731754826e-24, nan 
71.125, 72.125, 6.332118133377724e-24, nan 
71.375, 72.125, 5.1776192414176034e-24, nan 
71.625, 72.125, 7.206631344010279e-24, nan 
71.875, 72.125, 8.134331177398495e-24, nan 
72.125, 72.125, 1.8313776011916734e-24, nan 
72.375, 72.125, 4.076234713918727e-24, nan 
72.625, 72.125, 5.4879939482575606e-24, nan 
72.875, 72.125, 4.984919414533686e-24, nan 
73.125, 72.125, 5.797051738943649e-24, nan 
73.375, 72.125, 5.879115210585563e-24, nan 
73.625, 72.125, 6.113866413517268e-24, nan 
73.875, 72.125, 6.108319301050439e-24, nan 
74.125, 72.125, 6.936071906061076e-24, nan 
74.375, 72.125, 6.18786996519052e-24, nan 
74.625, 72.125, 3.5407265901373374e-24, nan 
74.875, 72.125, 5.516277158072247e-24, nan 
75.125, 72.125, 4.5771309096313886e-24, nan 
75.375, 72.125, 3.984275677807244e-24, nan 
75.625, 72.125, 5.2529061955306476e-24, nan 
75.875, 72.125, 5.160405666661339e-24, nan 
76.125, 72.125, 1.5875513198620958e-24, nan 
76.375, 72.125, 5.596625294585646e-25, nan 
76.625, 72.125, 3.9598566254830326e-24, nan 
76.875, 72.125, 1.9616499826847586e-24, nan 
77.125, 72.125, 2.1366379590194887e-24, nan 
77.375, 72.125, 3.838274309755272e-24, nan 
77.625, 72.125, 3.498127683734125e-24, nan 
77.875, 72.125, 2.523199637284167e-24, nan 
78.125, 72.125, 1.8869277632484727e-24, nan 
78.375, 72.125, 2.9446998291989726e-24, nan 
78.625, 72.125, 1.782725741699327e-24, nan 
78.875, 72.125, 1.636077642423774e-24, nan 
79.125, 72.125, 1.734013225800413e-24, nan 
79.375, 72.125, 2.3227500945955607e-24, nan 
79.625, 72.125, 1.9182645277325597e-24, nan 
79.875, 72.125, 1.459144696564186e-24, nan 
80.125, 72.125, 3.2557202814688353e-24, nan 
80.375, 72.125, 4.0420917844241794e-24, nan 
80.625, 72.125, 1.089502040963346e-24, nan 
80.875, 72.125, 4.2134714202410414e-24, nan 
81.125, 72.125, 5.392201112617071e-24, nan 
81.375, 72.125, 2.680324624705739e-24, nan 
81.625, 72.125, 4.7378449469597944e-24, nan 
81.875, 72.125, 3.502929924258611e-24, nan 
82.125, 72.125, 2.9936074263335255e-24, nan 
82.375, 72.125, 3.840390851856762e-24, nan 
82.625, 72.125, 2.7088843493243842e-24, nan 
82.875, 72.125, 3.1087049422587642e-24, nan 
83.125, 72.125, 2.565355200244576e-24, nan 
83.375, 72.125, 2.4749066941537957e-24, nan 
83.625, 72.125, 2.163170890826479e-24, nan 
-157.625, 72.375, 2.9371682330430852e-24, nan 
-157.375, 72.375, 2.9600516038600826e-24, nan 
-157.125, 72.375, 2.6684778952081672e-24, nan 
-156.875, 72.375, 1.915352545465583e-24, nan 
-156.625, 72.375, 2.796444527854309e-24, nan 
-156.375, 72.375, 3.580065039588636e-24, nan 
-156.125, 72.375, 2.0126028921239632e-24, nan 
-155.875, 72.375, 3.1331852494431887e-24, nan 
-155.625, 72.375, 3.624498147456054e-24, nan 
-155.375, 72.375, 1.351877750743861e-24, nan 
-155.125, 72.375, 2.22629509842585e-24, nan 
-154.875, 72.375, 2.0198505148395957e-24, nan 
-154.625, 72.375, 1.5990545428826665e-24, nan 
-154.375, 72.375, 3.602093261605284e-25, nan 
-154.125, 72.375, 7.506816850688581e-24, nan 
-153.875, 72.375, 7.950282712923215e-24, nan 
-153.625, 72.375, 5.420851283533207e-24, nan 
-153.375, 72.375, 3.825058679438736e-24, nan 
-153.125, 72.375, 4.455268839765713e-24, nan 
-152.875, 72.375, 4.6800363736917115e-24, nan 
-152.625, 72.375, 4.998055221144441e-24, nan 
-152.375, 72.375, 5.118921134479178e-24, nan 
-152.125, 72.375, 6.091173544066654e-24, nan 
-151.875, 72.375, 5.6365113905735615e-24, nan 
-151.625, 72.375, 4.072288485628734e-24, nan 
-151.375, 72.375, 6.901109944552013e-24, nan 
-151.125, 72.375, 7.040933130437665e-24, nan 
-150.875, 72.375, 3.491034134531618e-24, nan 
-150.625, 72.375, 5.265370611642376e-24, nan 
-150.375, 72.375, 6.30387093384761e-24, nan 
-150.125, 72.375, 7.919837230918724e-24, nan 
-149.875, 72.375, 9.2297780776723e-24, nan 
-149.625, 72.375, 5.5264544454069566e-24, nan 
-149.375, 72.375, 1.4973581578440026e-23, nan 
-149.125, 72.375, 1.368330462879642e-23, nan 
-148.875, 72.375, 8.47755869389579e-24, nan 
-148.625, 72.375, 6.363344696749314e-24, nan 
-148.375, 72.375, 6.281929786893954e-24, nan 
-148.125, 72.375, 4.389215127512851e-24, nan 
-147.875, 72.375, 3.283156671382815e-24, nan 
-147.625, 72.375, 3.669965155001081e-24, nan 
-147.375, 72.375, 6.592637979046108e-24, nan 
-147.125, 72.375, 3.2389239512239083e-24, nan 
-146.875, 72.375, 3.003348418511537e-24, nan 
-146.625, 72.375, 1.1398626545158462e-23, nan 
-146.375, 72.375, 5.8519104963067225e-24, nan 
-146.125, 72.375, 5.0879132075546255e-24, nan 
-145.875, 72.375, 3.68961316001903e-24, nan 
-145.625, 72.375, 4.358845569696179e-24, nan 
-145.375, 72.375, 2.957281227088628e-24, nan 
-145.125, 72.375, 2.482810583313596e-24, nan 
-144.875, 72.375, 2.075375989868818e-24, nan 
-144.625, 72.375, 2.093163608361181e-24, nan 
-144.375, 72.375, 3.65609807878773e-24, nan 
-144.125, 72.375, 3.381995745944113e-24, nan 
-143.875, 72.375, 3.0658864898330533e-24, nan 
-143.625, 72.375, 3.942822037090631e-24, nan 
-143.375, 72.375, 3.984439020238976e-24, nan 
-143.125, 72.375, 3.708995687668527e-24, nan 
-142.875, 72.375, 3.1121385308282697e-24, nan 
-142.625, 72.375, 3.6211221374986225e-24, nan 
-142.375, 72.375, 4.41322527298429e-24, nan 
-142.125, 72.375, 3.817580839874629e-24, nan 
-141.875, 72.375, 3.970420297914367e-24, nan 
-141.625, 72.375, 3.962003215705843e-24, nan 
-141.375, 72.375, 5.505480845552564e-24, nan 
-141.125, 72.375, 4.460865279573276e-24, nan 
-140.875, 72.375, 5.112232014197518e-24, nan 
-140.625, 72.375, 7.967274393912103e-24, nan 
-140.375, 72.375, 4.836427825403323e-24, nan 
-140.125, 72.375, 3.927361120409417e-24, nan 
-139.875, 72.375, 2.4906665834516472e-24, nan 
-139.625, 72.375, 3.6948351554737594e-24, nan 
-139.375, 72.375, 3.2346963260478398e-24, nan 
-139.125, 72.375, 1.8630967757379504e-24, nan 
-138.875, 72.375, 3.3719970107478145e-24, nan 
-138.625, 72.375, 7.518387740493683e-24, nan 
-138.375, 72.375, 9.026510759903894e-24, nan 
-138.125, 72.375, 8.529589082157904e-24, nan 
-137.875, 72.375, 8.456640896775774e-24, nan 
-137.625, 72.375, 9.984795697628715e-24, nan 
-137.375, 72.375, 8.417277289094733e-24, nan 
-137.125, 72.375, 3.635483345814688e-24, nan 
-136.875, 72.375, 3.8068293493678385e-24, nan 
-136.625, 72.375, 5.789806847456667e-24, nan 
-136.375, 72.375, 4.9732591010091224e-24, nan 
-136.125, 72.375, 4.360090461618135e-24, nan 
-135.875, 72.375, 2.997925294562308e-24, nan 
-135.625, 72.375, 3.1029519212299142e-24, nan 
-135.375, 72.375, 4.571354886141786e-24, nan 
-135.125, 72.375, 2.2569217270214965e-24, nan 
-134.875, 72.375, 3.066531309109391e-24, nan 
-134.625, 72.375, 5.616637688348416e-24, nan 
-134.375, 72.375, 6.716770178165668e-24, nan 
-134.125, 72.375, 7.357719759510207e-24, nan 
-133.875, 72.375, 6.720050475792914e-24, nan 
-133.625, 72.375, 8.281004781774618e-24, nan 
-133.375, 72.375, 1.1560188606643969e-23, nan 
-133.125, 72.375, 7.566147190045136e-24, nan 
-132.875, 72.375, 1.2116873447995456e-23, nan 
-132.625, 72.375, 5.765713638984203e-24, nan 
-132.375, 72.375, 5.9853068515576185e-24, nan 
-132.125, 72.375, 9.655231515506168e-24, nan 
-131.875, 72.375, 3.046820512203571e-24, nan 
-131.625, 72.375, 1.2595847646270462e-23, nan 
-131.375, 72.375, 6.465857274980645e-24, nan 
-131.125, 72.375, 3.608115510263983e-24, nan 
-130.875, 72.375, 7.738284014176614e-24, nan 
-130.625, 72.375, 8.111480764820183e-24, nan 
-130.375, 72.375, 8.92085281532703e-24, nan 
-130.125, 72.375, 1.131029005838767e-23, nan 
-129.875, 72.375, 1.1498889461998561e-23, nan 
-129.625, 72.375, 6.0283176512112514e-24, nan 
-129.375, 72.375, 1.2110899280371073e-23, nan 
-129.125, 72.375, 2.2577553760961855e-23, nan 
-128.875, 72.375, 1.82668170734766e-23, nan 
-128.625, 72.375, 1.2549582508708247e-23, nan 
-128.375, 72.375, 1.830491047354385e-23, nan 
-128.125, 72.375, 1.7309205036331966e-23, nan 
-127.875, 72.375, 1.733583205161613e-23, nan 
-127.625, 72.375, 9.390222790192602e-24, nan 
-127.375, 72.375, 1.0652840615131544e-23, nan 
-127.125, 72.375, 2.1920446544233998e-23, nan 
-126.875, 72.375, 1.4257763255791076e-23, nan 
-126.625, 72.375, 7.495375831784626e-24, nan 
-126.375, 72.375, 1.6380996828003694e-23, nan 
-126.125, 72.375, 1.7156104696566358e-23, nan 
-125.875, 72.375, 1.694156548659266e-23, nan 
-125.625, 72.375, 1.2013225286836808e-23, nan 
-125.375, 72.375, 8.334968129239056e-24, nan 
-125.125, 72.375, 1.670298859929854e-23, nan 
-124.875, 72.375, 2.5053686372728138e-23, nan 
-124.625, 72.375, 1.8953669944789038e-23, nan 
-124.375, 72.375, 1.4018978415598987e-23, nan 
-124.125, 72.375, 1.3452543333424552e-23, nan 
-123.875, 72.375, 1.144529341138728e-23, nan 
-123.625, 72.375, 1.2847872585791028e-23, nan 
-123.375, 72.375, 1.8379413032791154e-23, nan 
-123.125, 72.375, 1.3472225507028593e-23, nan 
-122.875, 72.375, 1.0753540374830017e-23, nan 
-122.625, 72.375, 1.089296576228692e-23, nan 
-122.375, 72.375, 6.430058616357678e-24, nan 
-122.125, 72.375, 5.952993073829406e-24, nan 
-121.875, 72.375, 7.890305632405583e-24, nan 
-121.625, 72.375, 7.982417654087619e-24, nan 
-121.375, 72.375, 8.698889527551542e-24, nan 
-121.125, 72.375, 1.1885116464079132e-23, nan 
-120.875, 72.375, 1.3318524751672654e-23, nan 
-120.625, 72.375, 1.4866405127553447e-23, nan 
-120.375, 72.375, 1.558026900764379e-23, nan 
-120.125, 72.375, 1.7086620441335852e-23, nan 
-119.875, 72.375, 1.4558380940708614e-23, nan 
-119.625, 72.375, 1.396544767684112e-23, nan 
-119.375, 72.375, 1.486783059338522e-23, nan 
-119.125, 72.375, 1.2912202651417588e-23, nan 
-118.875, 72.375, 1.220187985945526e-23, nan 
-118.625, 72.375, 1.593301457504607e-23, nan 
-118.375, 72.375, 1.79178783097548e-23, nan 
-118.125, 72.375, 1.4860592735043915e-23, nan 
-117.875, 72.375, 1.3527819686528965e-23, nan 
-117.625, 72.375, 1.7974919308969944e-23, nan 
-117.375, 72.375, 1.897986479340662e-23, nan 
-117.125, 72.375, 7.978057209207484e-24, nan 
-116.875, 72.375, 4.947195352316825e-24, nan 
-116.625, 72.375, 7.814907747498944e-24, nan 
-116.375, 72.375, 2.5893171348027472e-24, nan 
-116.125, 72.375, 6.550870262936033e-24, nan 
-115.875, 72.375, 5.81959149334504e-24, nan 
-115.625, 72.375, 8.684629245326864e-24, nan 
-115.375, 72.375, 1.060153960727305e-23, nan 
-115.125, 72.375, 1.8024924142014462e-23, nan 
-114.875, 72.375, 1.3890101944353957e-23, nan 
-114.625, 72.375, 1.2868756289328905e-23, nan 
-114.375, 72.375, 1.2242626764582194e-23, nan 
-114.125, 72.375, 9.53435256675016e-24, nan 
-113.875, 72.375, 1.0943332229888971e-23, nan 
-113.625, 72.375, 1.2106095634149082e-23, nan 
-113.375, 72.375, 1.000622313652378e-23, nan 
-113.125, 72.375, 2.928468752544854e-23, nan 
-112.875, 72.375, 1.0865058320652549e-23, nan 
-112.625, 72.375, 9.761126168326856e-24, nan 
-112.375, 72.375, 4.469369527938189e-23, nan 
-112.125, 72.375, 1.2800570408250116e-23, nan 
-111.875, 72.375, 1.7178752288744593e-23, nan 
-111.625, 72.375, 2.2826842648927478e-23, nan 
-111.375, 72.375, 9.480115590238168e-24, nan 
-111.125, 72.375, 7.742315253131877e-24, nan 
-110.875, 72.375, 6.014735842096432e-24, nan 
-110.625, 72.375, 8.374686529364892e-24, nan 
-110.375, 72.375, 1.3401772341197367e-23, nan 
-110.125, 72.375, 1.532963813882674e-23, nan 
-109.875, 72.375, 9.092990469250083e-24, nan 
-109.625, 72.375, 8.744424576507231e-24, nan 
-109.375, 72.375, 1.4709419200884639e-23, nan 
-109.125, 72.375, 1.3070495989270389e-23, nan 
-108.875, 72.375, 1.2597956359652483e-23, nan 
-108.625, 72.375, 1.546385969219328e-23, nan 
-108.375, 72.375, 1.8487211044980454e-23, nan 
-108.125, 72.375, 1.635207981264679e-23, nan 
-107.875, 72.375, 1.3591592607558508e-23, nan 
-107.625, 72.375, 9.491089996496331e-24, nan 
-107.375, 72.375, 9.685304087656852e-24, nan 
-107.125, 72.375, 9.877832297901231e-24, nan 
-106.875, 72.375, 8.034128931175497e-24, nan 
-106.625, 72.375, 6.79340826417619e-24, nan 
-106.375, 72.375, 8.46947750665868e-24, nan 
-106.125, 72.375, 9.436185418564822e-24, nan 
-105.875, 72.375, 8.799652071285051e-24, nan 
-105.625, 72.375, 9.812896283624679e-24, nan 
-105.375, 72.375, 1.1593519629858189e-23, nan 
-105.125, 72.375, 1.2397715276486673e-23, nan 
-104.875, 72.375, 8.98768218309203e-24, nan 
-104.625, 72.375, 9.829636667181408e-24, nan 
-104.375, 72.375, 8.10454246764285e-24, nan 
-104.125, 72.375, 7.15062734600876e-24, nan 
-103.875, 72.375, 8.366010612560432e-24, nan 
-103.625, 72.375, 7.769149275724858e-24, nan 
-103.375, 72.375, 8.924769955031833e-24, nan 
-103.125, 72.375, 1.0041554090290392e-23, nan 
-102.875, 72.375, 9.556193391602534e-24, nan 
-102.625, 72.375, 1.3389089518955036e-23, nan 
-102.375, 72.375, 1.4809790003491555e-23, nan 
-102.125, 72.375, 1.6423252595228176e-23, nan 
-101.875, 72.375, 1.624674685166371e-23, nan 
-101.625, 72.375, 1.4750202249381178e-23, nan 
-101.375, 72.375, 1.1792366683201221e-23, nan 
-101.125, 72.375, 1.3707742965475197e-23, nan 
-100.875, 72.375, 1.3978989197220167e-23, nan 
-100.625, 72.375, 1.652726784731078e-23, nan 
-100.375, 72.375, 1.881455295413664e-23, nan 
-100.125, 72.375, 2.2751990985190368e-23, nan 
-99.875, 72.375, 1.5457913259440403e-23, nan 
-99.625, 72.375, 1.1443363295043292e-23, nan 
-99.375, 72.375, 1.5234968827219748e-23, nan 
-99.125, 72.375, 1.6539660107059294e-23, nan 
-98.875, 72.375, 1.975627817302374e-23, nan 
-98.625, 72.375, 1.8007652522160767e-23, nan 
-98.375, 72.375, 2.0795084915229814e-23, nan 
-98.125, 72.375, 2.632948922234154e-23, nan 
-97.875, 72.375, 2.8416540684915805e-23, nan 
-97.625, 72.375, 2.935216044798882e-23, nan 
-97.375, 72.375, 2.892760864832744e-23, nan 
-97.125, 72.375, 2.766675859348352e-23, nan 
-96.875, 72.375, 1.995842224964893e-23, nan 
-96.625, 72.375, 2.1526076840570445e-23, nan 
-96.375, 72.375, 2.5081650548293238e-23, nan 
-96.125, 72.375, 2.4999115864592198e-23, nan 
-95.875, 72.375, 1.9853526786193906e-23, nan 
-95.625, 72.375, 2.0357547302720972e-23, nan 
-95.375, 72.375, 1.6094628465056554e-23, nan 
-95.125, 72.375, 1.9703737259439402e-23, nan 
-94.875, 72.375, 2.18728842078099e-23, nan 
-94.625, 72.375, 2.4582641599801554e-23, nan 
-94.375, 72.375, 2.329791339803921e-23, nan 
-94.125, 72.375, 2.6404132139152383e-23, nan 
-93.875, 72.375, 2.5063651856359844e-23, nan 
-93.625, 72.375, 2.3482176356160826e-23, nan 
-93.375, 72.375, 2.5363682662622944e-23, nan 
-93.125, 72.375, 2.2545199672135627e-23, nan 
-92.875, 72.375, 2.3883135507622096e-23, nan 
-92.625, 72.375, 2.646215834620858e-23, nan 
-92.375, 72.375, 3.4268194774428127e-23, nan 
-92.125, 72.375, 2.5885413675387299e-23, nan 
-91.875, 72.375, 2.996031041419118e-23, nan 
-91.625, 72.375, 2.6218972370132042e-23, nan 
-91.375, 72.375, 2.853699099452939e-23, nan 
-91.125, 72.375, 2.6893110479284225e-23, nan 
-90.875, 72.375, 2.3921065171037015e-23, nan 
-90.625, 72.375, 2.850648223634283e-23, nan 
-90.375, 72.375, 3.129332328932971e-23, nan 
-90.125, 72.375, 3.333966940533931e-23, nan 
-89.875, 72.375, 3.900334332155871e-23, nan 
-89.625, 72.375, 4.687025525378966e-23, nan 
-89.375, 72.375, 4.286118960616025e-23, nan 
-89.125, 72.375, 3.4399774892061407e-23, nan 
-88.875, 72.375, 4.153471309576956e-23, nan 
-88.625, 72.375, 4.2656802872993523e-23, nan 
-88.375, 72.375, 4.315278395028375e-23, nan 
-88.125, 72.375, 4.1211737882529245e-23, nan 
-87.875, 72.375, 5.109456228089978e-23, nan 
-87.625, 72.375, 3.450164534970614e-23, nan 
-87.375, 72.375, 2.927741108068684e-23, nan 
-87.125, 72.375, 5.216934511125987e-23, nan 
-86.875, 72.375, 4.174629667693852e-23, nan 
-86.625, 72.375, 4.165494563967734e-23, nan 
-86.375, 72.375, 5.886306582616689e-23, nan 
-86.125, 72.375, 4.418527659358877e-23, nan 
-85.875, 72.375, 4.465694843077319e-23, nan 
-85.625, 72.375, 4.536037414723311e-23, nan 
-85.375, 72.375, 4.6405101268200755e-23, nan 
-85.125, 72.375, 4.9539167968280457e-23, nan 
-84.875, 72.375, 2.7660695754688944e-23, nan 
-84.625, 72.375, 3.0153489874211917e-23, nan 
-84.375, 72.375, 3.4194397340333505e-23, nan 
-84.125, 72.375, 2.9686896875538213e-23, nan 
-83.875, 72.375, 1.8580682601210004e-23, nan 
-83.625, 72.375, 3.875016638779825e-23, nan 
-83.375, 72.375, 4.08709554620251e-23, nan 
-83.125, 72.375, 2.7092196559789984e-23, nan 
-82.875, 72.375, 2.0107181097734243e-23, nan 
-82.625, 72.375, 1.780893814934493e-23, nan 
-82.375, 72.375, 1.3351789582375795e-23, nan 
-82.125, 72.375, 4.6643238980588724e-23, nan 
-81.875, 72.375, 7.727879281954635e-23, nan 
-81.625, 72.375, 8.812253657046083e-23, nan 
-81.375, 72.375, 1.564011220544679e-22, nan 
-81.125, 72.375, 7.710334679682143e-23, nan 
-80.875, 72.375, 5.859587505916798e-23, nan 
-80.625, 72.375, 5.1952996561444095e-23, nan 
-80.375, 72.375, 5.447646527788533e-23, nan 
-80.125, 72.375, 6.670294223991293e-23, nan 
-79.875, 72.375, 5.149136152367616e-23, nan 
-79.625, 72.375, 2.260335192222271e-23, nan 
-79.375, 72.375, 5.443033949151565e-23, nan 
-79.125, 72.375, 4.681924682309247e-23, nan 
-78.875, 72.375, 1.0950053764526852e-22, nan 
-78.625, 72.375, 1.2087634234132104e-22, nan 
-78.375, 72.375, 9.541525691877225e-23, nan 
-78.125, 72.375, 7.973907598896736e-23, nan 
-77.875, 72.375, 6.524023731556666e-23, nan 
-77.625, 72.375, 8.422925966905565e-23, nan 
-77.375, 72.375, 1.110616573450424e-22, nan 
-77.125, 72.375, 5.001308536436699e-23, nan 
-76.875, 72.375, 8.08082457320083e-23, nan 
-76.625, 72.375, 8.781639437552328e-23, nan 
-76.375, 72.375, 5.2289118892118016e-23, nan 
-76.125, 72.375, 3.6490512067159295e-23, nan 
-75.875, 72.375, 3.8825558271846535e-23, nan 
-75.625, 72.375, 6.009794490700713e-23, nan 
-75.375, 72.375, 1.0528902189737936e-22, nan 
-75.125, 72.375, 1.4252008539956435e-22, nan 
-74.875, 72.375, 1.5278543629049703e-22, nan 
-74.625, 72.375, 1.5342483525284627e-22, nan 
-74.375, 72.375, 2.130890193864804e-22, nan 
-74.125, 72.375, 2.7142093450112416e-22, nan 
-73.875, 72.375, 1.7678182721385557e-22, nan 
-73.625, 72.375, 1.5962008554646139e-22, nan 
-73.375, 72.375, 2.0782358993133863e-22, nan 
-73.125, 72.375, 1.834657438414137e-22, nan 
-72.875, 72.375, 1.3909052450546606e-22, nan 
-72.625, 72.375, 1.339461345484279e-22, nan 
-72.375, 72.375, 7.894597214017699e-23, nan 
-72.125, 72.375, 1.078244532621628e-22, nan 
-71.875, 72.375, 1.4478420910498824e-22, nan 
-71.625, 72.375, 1.0536323425045098e-22, nan 
-71.375, 72.375, 1.6747970478079425e-22, nan 
-71.125, 72.375, 1.100459165904548e-22, nan 
-70.875, 72.375, 4.6771283300342705e-23, nan 
-70.625, 72.375, 7.182556061161445e-23, nan 
-70.375, 72.375, 7.078552177050942e-23, nan 
-70.125, 72.375, 1.5980194659638785e-22, nan 
-69.875, 72.375, 2.0867023173481848e-22, nan 
-69.625, 72.375, 2.557687624081785e-22, nan 
-69.375, 72.375, 2.2559821399556797e-22, nan 
-69.125, 72.375, 1.1790668750172716e-22, nan 
-68.875, 72.375, 1.5827604633049433e-22, nan 
-68.625, 72.375, 1.439725984683601e-22, nan 
-68.375, 72.375, 1.2613723274496812e-22, nan 
-68.125, 72.375, 1.1341793137006501e-22, nan 
-67.875, 72.375, 2.0198907651607976e-22, nan 
-67.625, 72.375, 1.844535933585035e-22, nan 
-67.375, 72.375, 1.6422786162107667e-22, nan 
-67.125, 72.375, 1.751293211164688e-22, nan 
-66.875, 72.375, 1.9649850122872108e-22, nan 
-66.625, 72.375, 1.7889115187467576e-22, nan 
-66.375, 72.375, 1.80423647099918e-22, nan 
-66.125, 72.375, 9.276124814459262e-23, nan 
-65.875, 72.375, 1.0578123741605227e-22, nan 
-65.625, 72.375, 1.3382285905644267e-22, nan 
-65.375, 72.375, 1.0159863925427397e-22, nan 
-65.125, 72.375, 9.198275291213892e-23, nan 
-64.875, 72.375, 1.3389516656072003e-22, nan 
-64.625, 72.375, 2.2672484642056055e-22, nan 
-64.375, 72.375, 1.1684257260985065e-22, nan 
-64.125, 72.375, 2.3393445766224294e-22, nan 
-63.875, 72.375, 3.0483300057624905e-22, nan 
-63.625, 72.375, 1.2785393312096003e-22, nan 
-63.375, 72.375, 3.4876189717614467e-22, nan 
-63.125, 72.375, 4.6344605330754325e-22, nan 
-62.875, 72.375, 2.6149986852612795e-22, nan 
-62.625, 72.375, 3.1802196848936143e-22, nan 
-62.375, 72.375, 4.052807209185597e-22, nan 
-62.125, 72.375, 3.7041028457690847e-22, nan 
-61.875, 72.375, 3.0849791261504133e-22, nan 
-61.625, 72.375, 2.279032408950823e-22, nan 
-61.375, 72.375, 2.0649754995144436e-22, nan 
-61.125, 72.375, 3.1904506334537164e-22, nan 
-60.875, 72.375, 3.0620719670968447e-22, nan 
-60.625, 72.375, 2.109200262884591e-22, nan 
-60.375, 72.375, 3.289174649284437e-22, nan 
-60.125, 72.375, 3.2389518062844523e-22, nan 
-59.875, 72.375, 2.8510221530131805e-22, nan 
-59.625, 72.375, 3.374356144162413e-22, nan 
-59.375, 72.375, 3.811131752117688e-22, nan 
-59.125, 72.375, 5.311730972372198e-22, nan 
-58.875, 72.375, 7.611795797934249e-22, nan 
-58.625, 72.375, 1.0519247963039723e-21, nan 
-58.375, 72.375, 6.999478576329952e-22, nan 
-58.125, 72.375, 8.093857945745369e-22, nan 
-57.875, 72.375, 1.0378847591952102e-21, nan 
-57.625, 72.375, 8.746364152139554e-22, nan 
-57.375, 72.375, 9.223347862844115e-22, nan 
-57.125, 72.375, 8.28388085793491e-22, nan 
-56.875, 72.375, 9.816811428213802e-22, nan 
-56.625, 72.375, 1.238204011120314e-21, nan 
-56.375, 72.375, 1.007534110752751e-21, nan 
-56.125, 72.375, 6.10817675627861e-22, nan 
-55.875, 72.375, 4.712931784581003e-22, nan 
-55.625, 72.375, 4.432386900896149e-22, nan 
-55.375, 72.375, 4.381323256587466e-22, nan 
-55.125, 72.375, 6.677924325646374e-22, nan 
-54.875, 72.375, 6.970609085795011e-22, nan 
-54.625, 72.375, 4.789161823727275e-22, nan 
-54.375, 72.375, 8.192713583068011e-22, nan 
-54.125, 72.375, 9.169418902325317e-22, nan 
-53.875, 72.375, 2.725483236305895e-22, nan 
-53.625, 72.375, 3.7369221147520477e-22, nan 
-53.375, 72.375, 4.0299190243991914e-22, nan 
-53.125, 72.375, 4.912867729113028e-22, nan 
-52.875, 72.375, 4.623908716735154e-22, nan 
-52.625, 72.375, 6.983368146661602e-22, nan 
-52.375, 72.375, 1.0113410399254143e-21, nan 
-52.125, 72.375, 1.287043434245431e-21, nan 
-51.875, 72.375, 1.2394367954562405e-21, nan 
-51.625, 72.375, 1.2632853967249236e-21, nan 
-51.375, 72.375, 1.436385627390854e-21, nan 
-51.125, 72.375, 1.2589823014169656e-21, nan 
-50.875, 72.375, 1.2797951355929887e-21, nan 
-50.625, 72.375, 1.2763928041902806e-21, nan 
-50.375, 72.375, 1.0489336815458621e-21, nan 
-50.125, 72.375, 1.4903127256485637e-21, nan 
-49.875, 72.375, 1.8035911814396522e-21, nan 
-49.625, 72.375, 1.3761322356109342e-21, nan 
-49.375, 72.375, 1.4331427928065119e-21, nan 
-49.125, 72.375, 2.0773129998593812e-21, nan 
-48.875, 72.375, 2.8299651973779035e-21, nan 
-48.625, 72.375, 3.59919904903696e-21, nan 
-48.375, 72.375, 3.5495800884055585e-21, nan 
-48.125, 72.375, 3.51909323417549e-21, nan 
-47.875, 72.375, 3.868747421111339e-21, nan 
-47.625, 72.375, 3.651414834386976e-21, nan 
-47.375, 72.375, 2.8381319247367775e-21, nan 
-47.125, 72.375, 1.094636605732035e-21, nan 
-46.875, 72.375, 2.0789604888079817e-21, nan 
-46.625, 72.375, 5.1376807413704e-21, nan 
-46.375, 72.375, 4.246226596432791e-21, nan 
-46.125, 72.375, 3.0445705047444733e-21, nan 
-45.875, 72.375, 2.6996825156046908e-21, nan 
-45.625, 72.375, 2.873937727333451e-21, nan 
-45.375, 72.375, 4.2637382179972716e-21, nan 
-45.125, 72.375, 8.059714219933314e-21, nan 
-44.875, 72.375, 1.1334751962248178e-20, nan 
-44.625, 72.375, 9.305153791481085e-21, nan 
-44.375, 72.375, 1.097625561747351e-20, nan 
-44.125, 72.375, 1.524483217770724e-20, nan 
-43.875, 72.375, 7.914716211756414e-21, nan 
-43.625, 72.375, 1.0983285270403902e-20, nan 
-43.375, 72.375, 2.6107143087736822e-20, nan 
-43.125, 72.375, 1.163477930370864e-20, nan 
-42.875, 72.375, 1.2126577705556634e-20, nan 
-42.625, 72.375, 2.3223390061039983e-20, nan 
-42.375, 72.375, 1.3187308937898018e-20, nan 
-42.125, 72.375, 1.0678799553301947e-20, nan 
-41.875, 72.375, 8.881416968450747e-21, nan 
-41.625, 72.375, 8.64850951496673e-21, nan 
-41.375, 72.375, 8.324630252134203e-21, nan 
-41.125, 72.375, 9.896862084758248e-21, nan 
-40.875, 72.375, 4.9073273971698315e-21, nan 
-40.625, 72.375, 4.936707435592426e-21, nan 
-40.375, 72.375, 7.96259674536587e-21, nan 
-40.125, 72.375, 1.0050473102257318e-20, nan 
-39.875, 72.375, 5.7159158818257314e-21, nan 
-39.625, 72.375, 6.894389986512394e-21, nan 
-39.375, 72.375, 6.124427732127445e-21, nan 
-39.125, 72.375, 1.0421340973333042e-20, nan 
-38.875, 72.375, 7.189988145526767e-21, nan 
-38.625, 72.375, 3.2101421119222715e-21, nan 
-38.375, 72.375, 6.944510538251314e-21, nan 
-38.125, 72.375, 9.971679317972403e-21, nan 
-37.875, 72.375, 1.0947132539942692e-20, nan 
-37.625, 72.375, 1.6498773032690714e-20, nan 
-37.375, 72.375, 1.7274331117313213e-20, nan 
-37.125, 72.375, 2.351097393294567e-20, nan 
-36.875, 72.375, 2.4308204094067032e-20, nan 
-36.625, 72.375, 2.3868415390917154e-20, nan 
-36.375, 72.375, 2.1491726558458356e-20, nan 
-36.125, 72.375, 1.855899031379741e-20, nan 
-35.875, 72.375, 1.500085082464401e-20, nan 
-35.625, 72.375, 9.50137579755908e-21, nan 
-35.375, 72.375, 8.044026413110404e-21, nan 
-35.125, 72.375, 1.1416298006607925e-20, nan 
-34.875, 72.375, 9.39488978115915e-21, nan 
-34.625, 72.375, 5.451700048074386e-21, nan 
-34.375, 72.375, 7.949665606143399e-21, nan 
-34.125, 72.375, 8.79448662097855e-21, nan 
-33.875, 72.375, 1.265813602678887e-20, nan 
-33.625, 72.375, 1.8496749209967535e-20, nan 
-33.375, 72.375, 2.075917186408936e-20, nan 
-33.125, 72.375, 2.1812517372777356e-20, nan 
-32.875, 72.375, 2.17335940170984e-20, nan 
-32.625, 72.375, 2.5580362247111074e-20, nan 
-32.375, 72.375, 2.590578416076427e-20, nan 
-32.125, 72.375, 1.7580206653937156e-20, nan 
-31.875, 72.375, 1.8381074224348113e-20, nan 
-31.625, 72.375, 2.491071581972448e-20, nan 
-31.375, 72.375, 2.2600558023301445e-20, nan 
-31.125, 72.375, 3.2259330442853446e-20, nan 
-30.875, 72.375, 2.9999595569065144e-20, nan 
-30.625, 72.375, 2.5095218655950532e-20, nan 
-30.375, 72.375, 6.016421927288303e-20, nan 
-30.125, 72.375, 6.697295816765946e-20, nan 
-29.875, 72.375, 5.3478609057988785e-20, nan 
-29.625, 72.375, 4.2563267065102324e-20, nan 
-29.375, 72.375, 4.600727960172484e-20, nan 
-29.125, 72.375, 4.617623377951486e-20, nan 
-28.875, 72.375, 3.3597308230740545e-20, nan 
-28.625, 72.375, 2.4143643705521606e-20, nan 
-28.375, 72.375, 1.1741117548004185e-20, nan 
-28.125, 72.375, 2.0187649502099234e-20, nan 
-27.875, 72.375, 2.156415919792562e-20, nan 
-27.625, 72.375, 1.5437976354043933e-20, nan 
-27.375, 72.375, 9.841063788434299e-21, nan 
-27.125, 72.375, 2.2745686376139767e-20, nan 
-26.875, 72.375, 2.0385036511173282e-20, nan 
-26.625, 72.375, 2.3901460559872148e-20, nan 
-26.375, 72.375, 2.5895056149350835e-20, nan 
-26.125, 72.375, 1.9922343501332998e-20, nan 
-25.875, 72.375, 3.453585379815196e-20, nan 
-25.625, 72.375, 2.962297470103544e-20, nan 
-25.375, 72.375, 2.760860138159375e-20, nan 
-25.125, 72.375, 3.776919678976943e-20, nan 
-24.875, 72.375, 2.554477481450524e-20, nan 
-24.625, 72.375, 1.8293015825473954e-20, nan 
-24.375, 72.375, 2.4781566041306013e-20, nan 
-24.125, 72.375, 2.0104384316280267e-20, nan 
-23.875, 72.375, 1.622343179104475e-20, nan 
-23.625, 72.375, 2.6049666785931377e-20, nan 
-23.375, 72.375, 2.1767246633038386e-20, nan 
-23.125, 72.375, 1.616350994541119e-20, nan 
-22.875, 72.375, 1.0410216415679707e-20, nan 
-22.625, 72.375, 1.496965329122688e-20, nan 
-22.375, 72.375, 1.2117055523706672e-20, nan 
-22.125, 72.375, 1.748569183589116e-20, nan 
-21.875, 72.375, 2.821362782364529e-20, nan 
-21.625, 72.375, 3.1857513159564705e-20, nan 
-21.375, 72.375, 2.3733693379739267e-20, nan 
-21.125, 72.375, 3.423807884245101e-20, nan 
-20.875, 72.375, 5.966180505952783e-20, nan 
-20.625, 72.375, 6.444822121624695e-20, nan 
-20.375, 72.375, 4.9460793062685634e-20, nan 
-20.125, 72.375, 6.504124246047861e-20, nan 
-19.875, 72.375, 7.885094539391201e-20, nan 
-19.625, 72.375, 5.844030812144021e-20, nan 
-19.375, 72.375, 6.824186301259454e-20, nan 
-19.125, 72.375, 5.596826811988512e-20, nan 
-18.875, 72.375, 5.244128255726787e-20, nan 
-18.625, 72.375, 4.633178711246217e-20, nan 
-18.375, 72.375, 4.0349090934953116e-20, nan 
-18.125, 72.375, 4.040692206495246e-20, nan 
-17.875, 72.375, 1.463291776435886e-20, nan 
-17.625, 72.375, 1.7652886493449616e-20, nan 
-17.375, 72.375, 1.782769629887492e-20, nan 
-17.125, 72.375, 1.2045718074951496e-20, nan 
-16.875, 72.375, 1.2380534939572295e-20, nan 
-16.625, 72.375, 1.9252572768597834e-20, nan 
-16.375, 72.375, 5.037495064724807e-20, nan 
-16.125, 72.375, 5.284706300105959e-20, nan 
-15.875, 72.375, 2.765456772447064e-20, nan 
-15.625, 72.375, 2.771016192120299e-20, nan 
-15.375, 72.375, 3.55425793707867e-20, nan 
-15.125, 72.375, 3.2115285891131436e-20, nan 
-14.875, 72.375, 2.3424765223572757e-20, nan 
-14.625, 72.375, 3.1172511240138647e-20, nan 
-14.375, 72.375, 3.6006559450079154e-20, nan 
-14.125, 72.375, 4.235403380156665e-20, nan 
-13.875, 72.375, 1.0167866186735082e-20, nan 
-13.625, 72.375, 4.382074321428022e-21, nan 
-13.375, 72.375, 5.802359320874381e-21, nan 
-13.125, 72.375, 3.949753553438839e-21, nan 
-12.875, 72.375, 1.99994190722295e-21, nan 
-12.625, 72.375, 5.593304074411108e-21, nan 
-12.375, 72.375, 5.501492938408207e-21, nan 
-12.125, 72.375, 5.075332049868892e-21, nan 
-11.875, 72.375, 4.420323169681904e-21, nan 
-11.625, 72.375, 3.845323925665891e-21, nan 
-11.375, 72.375, 6.047554030725534e-21, nan 
-11.125, 72.375, 9.163333006391928e-21, nan 
-10.875, 72.375, 3.5652615971686675e-21, nan 
-10.625, 72.375, 4.2865172715387954e-21, nan 
-10.375, 72.375, 6.3327890552301845e-21, nan 
-10.125, 72.375, 4.160998599004486e-21, nan 
-9.875, 72.375, 2.5534135698262807e-21, nan 
-9.625, 72.375, 3.798202721271863e-21, nan 
-9.375, 72.375, 4.125027269647709e-21, nan 
-9.125, 72.375, 5.058689992585367e-21, nan 
-8.875, 72.375, 6.137547807993325e-21, nan 
-8.625, 72.375, 5.5425217568404754e-21, nan 
-8.375, 72.375, 6.414371590104272e-21, nan 
-8.125, 72.375, 6.144075541202791e-21, nan 
-7.875, 72.375, 5.3309648109543134e-21, nan 
-7.625, 72.375, 5.4831011009539555e-21, nan 
-7.375, 72.375, 4.266494600543085e-21, nan 
-7.125, 72.375, 3.982173471188949e-21, nan 
-6.875, 72.375, 6.804559956973854e-21, nan 
-6.625, 72.375, 5.167307625582269e-21, nan 
-6.375, 72.375, 8.520567767640488e-21, nan 
-6.125, 72.375, 7.72631042820441e-21, nan 
-5.875, 72.375, 8.076380377743419e-21, nan 
-5.625, 72.375, 9.3298720394674e-21, nan 
-5.375, 72.375, 8.995286071113419e-21, nan 
-5.125, 72.375, 8.765385175286273e-21, nan 
-4.875, 72.375, 8.066792355395979e-21, nan 
-4.625, 72.375, 6.057340494573988e-21, nan 
-4.375, 72.375, 4.876328728746423e-21, nan 
-4.125, 72.375, 4.451559953122181e-21, nan 
-3.875, 72.375, 4.1540286678664904e-21, nan 
-3.625, 72.375, 2.0884894351481523e-21, nan 
-3.375, 72.375, 3.971203041999986e-21, nan 
-3.125, 72.375, 4.567955783669632e-21, nan 
-2.875, 72.375, 3.155618335742678e-21, nan 
-2.625, 72.375, 3.977220082494219e-21, nan 
-2.375, 72.375, 3.311413812449111e-21, nan 
-2.125, 72.375, 3.2894389672244224e-21, nan 
-1.875, 72.375, 1.6843986051969151e-21, nan 
-1.625, 72.375, 1.804148796471314e-21, nan 
-1.375, 72.375, 1.346167983916327e-21, nan 
-1.125, 72.375, 1.8723273105097347e-21, nan 
-0.875, 72.375, 1.832135930994649e-21, nan 
-0.625, 72.375, 2.1907854979928155e-21, nan 
-0.375, 72.375, 1.3647839048245468e-21, nan 
-0.125, 72.375, 1.2979339807273161e-21, nan 
0.125, 72.375, 2.358912378433501e-21, nan 
0.375, 72.375, 2.4642757043721836e-21, nan 
0.625, 72.375, 2.7793648272385468e-21, nan 
0.875, 72.375, 2.878244727483697e-21, nan 
1.125, 72.375, 3.0625638879618805e-21, nan 
1.375, 72.375, 2.8886398021494734e-21, nan 
1.625, 72.375, 2.1948531456333083e-21, nan 
1.875, 72.375, 2.4079061470844968e-21, nan 
2.125, 72.375, 1.7623853208963307e-21, nan 
2.375, 72.375, 9.192373192549287e-22, nan 
2.625, 72.375, 1.4698873789730144e-21, nan 
2.875, 72.375, 1.1992714867575502e-21, nan 
3.125, 72.375, 1.9553512516667942e-21, nan 
3.375, 72.375, 1.8829855593624503e-21, nan 
3.625, 72.375, 1.3458421894807697e-21, nan 
3.875, 72.375, 2.9108084029930917e-21, nan 
4.125, 72.375, 1.4563968235505832e-21, nan 
4.375, 72.375, 1.1569129265340913e-21, nan 
4.625, 72.375, 1.085336290347782e-21, nan 
4.875, 72.375, 6.865675895611998e-22, nan 
5.125, 72.375, 3.79640904383974e-22, nan 
5.375, 72.375, 3.0351433257569117e-22, nan 
5.625, 72.375, 4.0145571483886633e-22, nan 
5.875, 72.375, 3.210970287160697e-22, nan 
6.125, 72.375, 3.8341692621239963e-22, nan 
6.375, 72.375, 5.996979391083962e-22, nan 
6.625, 72.375, 7.230301486700855e-22, nan 
6.875, 72.375, 6.452198674047104e-22, nan 
7.125, 72.375, 5.775660839780028e-22, nan 
7.375, 72.375, 7.005756071462906e-22, nan 
7.625, 72.375, 7.294668810922673e-22, nan 
7.875, 72.375, 8.422999845061943e-22, nan 
8.125, 72.375, 8.119410303394218e-22, nan 
8.375, 72.375, 9.983933403413268e-22, nan 
8.625, 72.375, 1.0945213072120728e-21, nan 
8.875, 72.375, 8.10748468031481e-22, nan 
9.125, 72.375, 8.723997421174547e-22, nan 
9.375, 72.375, 9.055927682489503e-22, nan 
9.625, 72.375, 5.28268958315009e-22, nan 
9.875, 72.375, 4.890530931211719e-22, nan 
10.125, 72.375, 2.5458081169656563e-22, nan 
10.375, 72.375, 4.524124205742372e-22, nan 
10.625, 72.375, 4.489959117113221e-22, nan 
10.875, 72.375, 3.59964810472509e-22, nan 
11.125, 72.375, 5.577751392754303e-22, nan 
11.375, 72.375, 4.265253573992591e-22, nan 
11.625, 72.375, 3.39759565396333e-22, nan 
11.875, 72.375, 3.2058975207242246e-22, nan 
12.125, 72.375, 2.3476995144063107e-22, nan 
12.375, 72.375, 1.7566598676085807e-22, nan 
12.625, 72.375, 2.4529789409737566e-22, nan 
12.875, 72.375, 2.3984227328835505e-22, nan 
13.125, 72.375, 1.8151009478709656e-22, nan 
13.375, 72.375, 2.1904680437610705e-22, nan 
13.625, 72.375, 1.145151233826141e-22, nan 
13.875, 72.375, 6.05137815081254e-23, nan 
14.125, 72.375, 1.4637591643552396e-22, nan 
14.375, 72.375, 2.2608044603755585e-22, nan 
14.625, 72.375, 2.734291641095508e-22, nan 
14.875, 72.375, 2.540681357610687e-22, nan 
15.125, 72.375, 2.477013443088288e-22, nan 
15.375, 72.375, 2.6507462998517494e-22, nan 
15.625, 72.375, 2.36942617792985e-22, nan 
15.875, 72.375, 1.4426647944728747e-22, nan 
16.125, 72.375, 1.5740261998108896e-22, nan 
16.375, 72.375, 1.5937365725256157e-22, nan 
16.625, 72.375, 1.2203809472071302e-22, nan 
16.875, 72.375, 1.597012172169739e-22, nan 
17.125, 72.375, 1.7841795963820627e-22, nan 
17.375, 72.375, 1.124877555086176e-22, nan 
17.625, 72.375, 1.6787805192152876e-22, nan 
17.875, 72.375, 1.915193614164893e-22, nan 
18.125, 72.375, 1.8627976229043357e-22, nan 
18.375, 72.375, 2.0756062385702502e-22, nan 
18.625, 72.375, 1.7832531977156696e-22, nan 
18.875, 72.375, 1.8171475755978133e-22, nan 
19.125, 72.375, 1.8936149040245679e-22, nan 
19.375, 72.375, 1.0388555251550656e-22, nan 
19.625, 72.375, 1.2964891447259983e-22, nan 
19.875, 72.375, 1.25219382495095e-22, nan 
20.125, 72.375, 1.104011987318295e-22, nan 
20.375, 72.375, 1.0141183856780462e-22, nan 
20.625, 72.375, 1.1142379466973591e-22, nan 
20.875, 72.375, 1.2057236447710405e-22, nan 
21.125, 72.375, 7.294863230800446e-23, nan 
21.375, 72.375, 1.497676001599766e-22, nan 
21.625, 72.375, 1.5698151482586517e-22, nan 
21.875, 72.375, 1.7052712062099615e-22, nan 
22.125, 72.375, 1.2544541135976944e-22, nan 
22.375, 72.375, 8.601546946614739e-23, nan 
22.625, 72.375, 6.214783459916577e-23, nan 
22.875, 72.375, 8.747866117872132e-23, nan 
23.125, 72.375, 9.132058343104447e-23, nan 
23.375, 72.375, 5.42557255166921e-23, nan 
23.625, 72.375, 5.863570542754252e-23, nan 
23.875, 72.375, 6.533651039514649e-23, nan 
24.125, 72.375, 7.662491511717466e-23, nan 
24.375, 72.375, 1.1251922092630364e-22, nan 
24.625, 72.375, 8.040888794412615e-23, nan 
24.875, 72.375, 9.208892490846278e-23, nan 
25.125, 72.375, 1.0644925949169364e-22, nan 
25.375, 72.375, 1.1952749452947085e-22, nan 
25.625, 72.375, 1.1236380425472477e-22, nan 
25.875, 72.375, 9.551503667700057e-23, nan 
26.125, 72.375, 1.060826897279899e-22, nan 
26.375, 72.375, 1.4425783356541939e-22, nan 
26.625, 72.375, 9.600762722226198e-23, nan 
26.875, 72.375, 7.30268739772266e-23, nan 
27.125, 72.375, 1.5101798567135723e-22, nan 
27.375, 72.375, 8.912457151559143e-23, nan 
27.625, 72.375, 4.2365526228592784e-23, nan 
27.875, 72.375, 6.856007015015535e-23, nan 
28.125, 72.375, 7.270359512378218e-23, nan 
28.375, 72.375, 6.649702912804863e-23, nan 
28.625, 72.375, 5.192228063374991e-23, nan 
28.875, 72.375, 7.719990783407026e-23, nan 
29.125, 72.375, 3.4414919709754965e-23, nan 
29.375, 72.375, 2.0583164604873322e-23, nan 
29.625, 72.375, 4.6630300715998726e-23, nan 
29.875, 72.375, 5.333171262537284e-23, nan 
30.125, 72.375, 6.856086650754292e-23, nan 
30.375, 72.375, 6.967420558885302e-23, nan 
30.625, 72.375, 6.602657952926704e-23, nan 
30.875, 72.375, 5.707334333641539e-23, nan 
31.125, 72.375, 6.36549215942208e-23, nan 
31.375, 72.375, 3.3891963062629545e-23, nan 
31.625, 72.375, 1.8028611193168095e-23, nan 
31.875, 72.375, 1.7019794397350725e-23, nan 
32.125, 72.375, 3.8332934289944735e-23, nan 
32.375, 72.375, 3.999871894231481e-23, nan 
32.625, 72.375, 4.1032915662659074e-23, nan 
32.875, 72.375, 3.585926585027361e-23, nan 
33.125, 72.375, 3.1963894930017484e-23, nan 
33.375, 72.375, 5.104083411583566e-23, nan 
33.625, 72.375, 4.284554036474413e-23, nan 
33.875, 72.375, 3.5978417617465735e-23, nan 
34.125, 72.375, 3.5215253641391927e-23, nan 
34.375, 72.375, 3.094442724928293e-23, nan 
34.625, 72.375, 1.1274567113105711e-23, nan 
34.875, 72.375, 2.3254434744966748e-23, nan 
35.125, 72.375, 1.9676998054931464e-23, nan 
35.375, 72.375, 2.1041707141472058e-23, nan 
35.625, 72.375, 4.0104999075527874e-23, nan 
35.875, 72.375, 4.494135514315691e-23, nan 
36.125, 72.375, 3.758924967554043e-23, nan 
36.375, 72.375, 4.089984151944391e-23, nan 
36.625, 72.375, 1.0477107847885543e-22, nan 
36.875, 72.375, 8.102604747027768e-23, nan 
37.125, 72.375, 4.687663298011036e-23, nan 
37.375, 72.375, 1.8237918426133508e-23, nan 
37.625, 72.375, 4.6546505917580926e-23, nan 
37.875, 72.375, 6.092003887134555e-23, nan 
38.125, 72.375, 4.082320267397195e-23, nan 
38.375, 72.375, 4.5523610622888134e-23, nan 
38.625, 72.375, 3.478722025587393e-23, nan 
38.875, 72.375, 8.525274417584834e-23, nan 
39.125, 72.375, 7.505070855635395e-23, nan 
39.375, 72.375, 4.1134572640456655e-23, nan 
39.625, 72.375, 4.957269338257618e-23, nan 
39.875, 72.375, 2.3973936057107027e-23, nan 
40.125, 72.375, 1.3650757812599355e-23, nan 
40.375, 72.375, 2.506519614132489e-23, nan 
40.625, 72.375, 1.2045693943511e-23, nan 
40.875, 72.375, 1.02558566072064e-23, nan 
41.125, 72.375, 2.107590048349146e-23, nan 
41.375, 72.375, 1.8410265142545173e-23, nan 
41.625, 72.375, 1.4693450299332165e-23, nan 
41.875, 72.375, 2.4550744946424393e-23, nan 
42.125, 72.375, 1.3304859877680928e-23, nan 
42.375, 72.375, 2.1705490092701746e-23, nan 
42.625, 72.375, 2.5633858948603626e-23, nan 
42.875, 72.375, 9.069029558581376e-24, nan 
43.125, 72.375, 2.1119297054289184e-23, nan 
43.375, 72.375, 1.5661438342990662e-23, nan 
43.625, 72.375, 7.88539051723192e-24, nan 
43.875, 72.375, 1.0850055085736564e-23, nan 
44.125, 72.375, 2.083433632402295e-23, nan 
44.375, 72.375, 5.080916586482622e-24, nan 
44.625, 72.375, 2.3025816844926842e-24, nan 
44.875, 72.375, 1.0737270088091009e-23, nan 
45.125, 72.375, 1.497074234946109e-23, nan 
45.375, 72.375, 1.424091276165747e-23, nan 
45.625, 72.375, 1.2066213866970956e-23, nan 
45.875, 72.375, 2.060138796532867e-23, nan 
46.125, 72.375, 1.46321075369715e-23, nan 
46.375, 72.375, 1.2645575077791621e-23, nan 
46.625, 72.375, 1.8132088292831153e-23, nan 
46.875, 72.375, 2.0432350474706434e-23, nan 
47.125, 72.375, 1.6736982234642363e-23, nan 
47.375, 72.375, 1.872613499779395e-23, nan 
47.625, 72.375, 4.343180502306644e-23, nan 
47.875, 72.375, 4.2474042940396207e-23, nan 
48.125, 72.375, 1.785679434393504e-23, nan 
48.375, 72.375, 1.648464930618775e-23, nan 
48.625, 72.375, 9.859838775915928e-24, nan 
48.875, 72.375, 6.438068007358545e-24, nan 
49.125, 72.375, 1.8257138447648398e-23, nan 
49.375, 72.375, 8.832375711459876e-24, nan 
49.625, 72.375, 7.62320442070642e-24, nan 
49.875, 72.375, 1.1427727399360629e-23, nan 
50.125, 72.375, 2.2953633582885758e-23, nan 
50.375, 72.375, 3.116268938588816e-23, nan 
50.625, 72.375, 1.6679167189724e-23, nan 
50.875, 72.375, 5.050407421846728e-24, nan 
51.125, 72.375, 1.0848566854359606e-23, nan 
51.375, 72.375, 9.715434422805128e-24, nan 
51.625, 72.375, 1.137612554634407e-23, nan 
51.875, 72.375, 1.1584274756778059e-23, nan 
52.125, 72.375, 1.1378555354461588e-23, nan 
52.375, 72.375, 1.0761627205080082e-23, nan 
52.625, 72.375, 9.987741709336973e-24, nan 
52.875, 72.375, 9.669944104227864e-24, nan 
53.125, 72.375, 9.204944527840611e-24, nan 
53.375, 72.375, 7.018350668092063e-24, nan 
53.625, 72.375, 9.612934676149306e-24, nan 
53.875, 72.375, 9.34317884165096e-24, nan 
54.125, 72.375, 1.1357708890581806e-23, nan 
54.375, 72.375, 1.0824168335432829e-23, nan 
54.625, 72.375, 1.5886104341818275e-23, nan 
54.875, 72.375, 1.726130737971513e-23, nan 
55.125, 72.375, 1.919673360562174e-23, nan 
55.375, 72.375, 1.7091191970638e-23, nan 
55.625, 72.375, 1.6239435961946297e-23, nan 
55.875, 72.375, 1.7625953916353485e-23, nan 
56.125, 72.375, 1.482309225849054e-23, nan 
56.375, 72.375, 1.4829667807650972e-23, nan 
56.625, 72.375, 1.4292532666808356e-23, nan 
56.875, 72.375, 1.0440680347342662e-23, nan 
57.125, 72.375, 9.448127875441183e-24, nan 
57.375, 72.375, 1.6249046708754584e-23, nan 
57.625, 72.375, 1.5955501391780825e-23, nan 
57.875, 72.375, 5.7660371475010326e-24, nan 
58.125, 72.375, 1.3250117150692512e-23, nan 
58.375, 72.375, 1.3018324355563673e-23, nan 
58.625, 72.375, 9.748236807797064e-24, nan 
58.875, 72.375, 6.301373101739405e-24, nan 
59.125, 72.375, 1.0155605527158636e-23, nan 
59.375, 72.375, 1.1188280566560977e-23, nan 
59.625, 72.375, 6.011644538993704e-24, nan 
59.875, 72.375, 1.0063359428662694e-23, nan 
60.125, 72.375, 1.866863699482924e-23, nan 
60.375, 72.375, 1.9249942806182044e-23, nan 
60.625, 72.375, 1.5370307129566053e-23, nan 
60.875, 72.375, 1.8116550171448617e-23, nan 
61.125, 72.375, 1.9222814007124928e-23, nan 
61.375, 72.375, 1.3414910669518557e-23, nan 
61.625, 72.375, 3.370237524143893e-24, nan 
61.875, 72.375, 4.0828527563659076e-24, nan 
62.125, 72.375, 5.898504435717663e-24, nan 
62.375, 72.375, 5.492323428486454e-24, nan 
62.625, 72.375, 6.5159927252782544e-24, nan 
62.875, 72.375, 1.0753432613297554e-23, nan 
63.125, 72.375, 1.0896803750511444e-23, nan 
63.375, 72.375, 1.4344804591192183e-23, nan 
63.625, 72.375, 1.4649021326184974e-23, nan 
63.875, 72.375, 1.545384029426828e-23, nan 
64.125, 72.375, 1.614130249643891e-23, nan 
64.375, 72.375, 1.354842668753596e-23, nan 
64.625, 72.375, 1.451533846186225e-23, nan 
64.875, 72.375, 1.4563876503350605e-23, nan 
65.125, 72.375, 1.2044030813180726e-23, nan 
65.375, 72.375, 7.553177174984675e-24, nan 
65.625, 72.375, 6.2830066306784364e-24, nan 
65.875, 72.375, 4.00448680227761e-24, nan 
66.125, 72.375, 8.387923373364555e-24, nan 
66.375, 72.375, 6.841572512114779e-24, nan 
66.625, 72.375, 3.730350295630748e-24, nan 
66.875, 72.375, 9.736450627821737e-24, nan 
67.125, 72.375, 4.5833084743300625e-24, nan 
67.375, 72.375, 6.507900614616054e-24, nan 
67.625, 72.375, 4.6742854759078074e-24, nan 
67.875, 72.375, 4.058633237783434e-24, nan 
68.125, 72.375, 9.294744320389325e-24, nan 
68.375, 72.375, 1.2889828529895095e-23, nan 
68.625, 72.375, 7.894314301574143e-24, nan 
68.875, 72.375, 9.244212951682534e-24, nan 
69.125, 72.375, 1.1527142104514422e-23, nan 
69.375, 72.375, 9.787385156162239e-24, nan 
69.625, 72.375, 5.795083704959457e-24, nan 
69.875, 72.375, 5.6183101314204976e-24, nan 
70.125, 72.375, 7.173928123105428e-24, nan 
70.375, 72.375, 6.5769492555752e-24, nan 
70.625, 72.375, 4.356017552961533e-24, nan 
70.875, 72.375, 7.614336588865088e-24, nan 
71.125, 72.375, 5.785656298691929e-24, nan 
71.375, 72.375, 4.928677431572875e-24, nan 
71.625, 72.375, 9.185173491717189e-24, nan 
71.875, 72.375, 4.997163827097587e-24, nan 
72.125, 72.375, 4.995211706735685e-24, nan 
72.375, 72.375, 6.233645018680094e-24, nan 
72.625, 72.375, 4.905420570766103e-24, nan 
72.875, 72.375, 1.4363271347913837e-24, nan 
73.125, 72.375, 6.4843352042820706e-24, nan 
73.375, 72.375, 5.7923915165055096e-24, nan 
73.625, 72.375, 6.740080949525898e-24, nan 
73.875, 72.375, 7.835995991229536e-24, nan 
74.125, 72.375, 6.1451814242932186e-24, nan 
74.375, 72.375, 5.5576324765708605e-24, nan 
74.625, 72.375, 8.024762687341628e-24, nan 
74.875, 72.375, 1.0270853674064414e-23, nan 
75.125, 72.375, 7.727974932105921e-24, nan 
75.375, 72.375, 6.48685224265298e-24, nan 
75.625, 72.375, 1.227111803297865e-23, nan 
75.875, 72.375, 1.2024287795992816e-23, nan 
76.125, 72.375, 2.3882672123313352e-24, nan 
76.375, 72.375, 5.713131496749441e-24, nan 
76.625, 72.375, 7.735975328775445e-24, nan 
76.875, 72.375, 2.764770958468612e-24, nan 
77.125, 72.375, 3.0976160462536435e-24, nan 
77.375, 72.375, 4.6793250887329886e-24, nan 
77.625, 72.375, 2.932307494598896e-24, nan 
77.875, 72.375, 2.271683492007139e-24, nan 
78.125, 72.375, 2.1003939446803785e-24, nan 
78.375, 72.375, 1.8999587150186132e-24, nan 
78.625, 72.375, 2.2674078437490173e-24, nan 
78.875, 72.375, 1.4975150851784473e-24, nan 
79.125, 72.375, 1.538889142497782e-24, nan 
79.375, 72.375, 1.9012454861072397e-24, nan 
79.625, 72.375, 9.455151152879287e-25, nan 
79.875, 72.375, 2.432754522511227e-24, nan 
80.125, 72.375, 1.8016182867494945e-24, nan 
80.375, 72.375, 2.063248820881267e-24, nan 
80.625, 72.375, 3.1521785004944227e-24, nan 
80.875, 72.375, 2.2114605373235012e-24, nan 
81.125, 72.375, 3.2492493659141057e-24, nan 
81.375, 72.375, 1.7457605377341078e-24, nan 
81.625, 72.375, 2.1897835411334476e-24, nan 
81.875, 72.375, 3.968973343075868e-24, nan 
82.125, 72.375, 2.133821727592094e-24, nan 
82.375, 72.375, 2.6276261986065606e-24, nan 
82.625, 72.375, 4.13943881560478e-24, nan 
82.875, 72.375, 1.999160600806057e-24, nan 
83.125, 72.375, 2.7010638706234388e-24, nan 
83.375, 72.375, 2.5727064363918587e-24, nan 
83.625, 72.375, 2.7599034788548302e-24, nan 
83.875, 72.375, 3.54462559294744e-24, nan 
84.125, 72.375, 3.193843892087133e-24, nan 
84.375, 72.375, 2.870949222853202e-24, nan 
84.625, 72.375, 3.395407288127186e-24, nan 
84.875, 72.375, 3.684109985488108e-24, nan 
85.125, 72.375, 1.4491766916286314e-24, nan 
85.375, 72.375, 2.7673415501574205e-24, nan 
-159.375, 72.625, 1.7267710968924517e-24, nan 
-159.125, 72.625, 3.0567533464454014e-24, nan 
-158.875, 72.625, 2.9860568734415854e-24, nan 
-158.625, 72.625, 2.745229842190204e-24, nan 
-158.375, 72.625, 3.288319564138607e-24, nan 
-158.125, 72.625, 3.524541937728376e-24, nan 
-157.875, 72.625, 3.332417420826282e-24, nan 
-157.625, 72.625, 3.5314458448611276e-24, nan 
-157.375, 72.625, 2.2730846472184616e-24, nan 
-157.125, 72.625, 2.600188956328348e-24, nan 
-156.875, 72.625, 2.0790005788431563e-24, nan 
-156.625, 72.625, 3.052108527687258e-24, nan 
-156.375, 72.625, 2.9684147673778276e-24, nan 
-156.125, 72.625, 1.921061294513969e-24, nan 
-155.875, 72.625, 3.357391303885767e-24, nan 
-155.625, 72.625, 3.8513918417953316e-24, nan 
-155.375, 72.625, 3.342573256509326e-24, nan 
-155.125, 72.625, 3.492032129078336e-24, nan 
-154.875, 72.625, 7.391586308230687e-24, nan 
-154.625, 72.625, 8.224992679771837e-24, nan 
-154.375, 72.625, 6.2806841558733274e-24, nan 
-154.125, 72.625, 1.2365762772477106e-23, nan 
-153.875, 72.625, 1.328172680142212e-23, nan 
-153.625, 72.625, 8.39870417023652e-24, nan 
-153.375, 72.625, 5.4682231441179734e-24, nan 
-153.125, 72.625, 4.023089278616547e-24, nan 
-152.875, 72.625, 4.930293223965533e-24, nan 
-152.625, 72.625, 5.17825992808316e-24, nan 
-152.375, 72.625, 6.4328305285464776e-24, nan 
-152.125, 72.625, 8.948750514880345e-24, nan 
-151.875, 72.625, 9.266656752178828e-24, nan 
-151.625, 72.625, 5.8955417723828395e-24, nan 
-151.375, 72.625, 9.834941268201618e-24, nan 
-151.125, 72.625, 1.1443494195144019e-23, nan 
-150.875, 72.625, 5.429791376216673e-24, nan 
-150.625, 72.625, 1.138058174601045e-23, nan 
-150.375, 72.625, 1.2398899866048327e-23, nan 
-150.125, 72.625, 6.654024738394526e-24, nan 
-149.875, 72.625, 4.78103325998886e-24, nan 
-149.625, 72.625, 5.608257272629657e-24, nan 
-149.375, 72.625, 1.0423445977670558e-23, nan 
-149.125, 72.625, 9.276966516463985e-24, nan 
-148.875, 72.625, 5.3410300271898376e-24, nan 
-148.625, 72.625, 4.581615145299847e-24, nan 
-148.375, 72.625, 7.026402448288098e-24, nan 
-148.125, 72.625, 5.345085255245615e-24, nan 
-147.875, 72.625, 4.837771336298332e-24, nan 
-147.625, 72.625, 5.7322789477116104e-24, nan 
-147.375, 72.625, 4.466159001090694e-24, nan 
-147.125, 72.625, 3.827642246999098e-24, nan 
-146.875, 72.625, 3.581225112263464e-24, nan 
-146.625, 72.625, 8.47776651003655e-24, nan 
-146.375, 72.625, 4.7661053002773175e-24, nan 
-146.125, 72.625, 3.1379614618268287e-24, nan 
-145.875, 72.625, 4.4808911207290705e-24, nan 
-145.625, 72.625, 5.944506203932693e-24, nan 
-145.375, 72.625, 5.7895873111743435e-24, nan 
-145.125, 72.625, 2.8524074791769054e-24, nan 
-144.875, 72.625, 5.452674564965304e-24, nan 
-144.625, 72.625, 5.897981411346973e-24, nan 
-144.375, 72.625, 3.092156558465713e-24, nan 
-144.125, 72.625, 3.738889103181851e-24, nan 
-143.875, 72.625, 2.9374559634849806e-24, nan 
-143.625, 72.625, 4.246988368326225e-24, nan 
-143.375, 72.625, 3.1213093687918496e-24, nan 
-143.125, 72.625, 3.135782623330964e-24, nan 
-142.875, 72.625, 4.515981323255494e-24, nan 
-142.625, 72.625, 4.033722905634586e-24, nan 
-142.375, 72.625, 2.8468937552582968e-24, nan 
-142.125, 72.625, 5.6959989112344085e-24, nan 
-141.875, 72.625, 5.013143089532205e-24, nan 
-141.625, 72.625, 3.7538288999375384e-24, nan 
-141.375, 72.625, 3.7594059680454745e-24, nan 
-141.125, 72.625, 3.3232646966056264e-24, nan 
-140.875, 72.625, 4.502008023737257e-24, nan 
-140.625, 72.625, 3.889406862560184e-24, nan 
-140.375, 72.625, 2.5612539701630978e-24, nan 
-140.125, 72.625, 4.06574566220845e-24, nan 
-139.875, 72.625, 3.1547713695989934e-24, nan 
-139.625, 72.625, 3.493080518829727e-24, nan 
-139.375, 72.625, 4.670395280945076e-24, nan 
-139.125, 72.625, 2.445421924031936e-24, nan 
-138.875, 72.625, 2.202699299690654e-24, nan 
-138.625, 72.625, 3.879881081646124e-24, nan 
-138.375, 72.625, 5.043754532907995e-24, nan 
-138.125, 72.625, 6.754926843323969e-24, nan 
-137.875, 72.625, 8.115404068278058e-24, nan 
-137.625, 72.625, 7.357254665057988e-24, nan 
-137.375, 72.625, 7.498786020119595e-24, nan 
-137.125, 72.625, 8.096703820309646e-24, nan 
-136.875, 72.625, 6.302000035683134e-24, nan 
-136.625, 72.625, 4.7322680971801975e-24, nan 
-136.375, 72.625, 4.7785296365362296e-24, nan 
-136.125, 72.625, 3.978282966661725e-24, nan 
-135.875, 72.625, 1.7066357443728475e-24, nan 
-135.625, 72.625, 3.702307459012747e-24, nan 
-135.375, 72.625, 5.106231042875605e-24, nan 
-135.125, 72.625, 5.29975512392488e-24, nan 
-134.875, 72.625, 3.952732098842089e-24, nan 
-134.625, 72.625, 1.0558268859516695e-23, nan 
-134.375, 72.625, 1.2230258650108522e-23, nan 
-134.125, 72.625, 4.833557526547354e-24, nan 
-133.875, 72.625, 1.1182307685186835e-23, nan 
-133.625, 72.625, 1.7810735038626433e-23, nan 
-133.375, 72.625, 1.3067453531739057e-23, nan 
-133.125, 72.625, 7.720090948592349e-24, nan 
-132.875, 72.625, 1.5708615714874087e-23, nan 
-132.625, 72.625, 1.4724169778289257e-23, nan 
-132.375, 72.625, 9.151822492743968e-24, nan 
-132.125, 72.625, 9.367532666005609e-24, nan 
-131.875, 72.625, 5.875055440807349e-24, nan 
-131.625, 72.625, 1.2872285043126499e-23, nan 
-131.375, 72.625, 1.2030378192633892e-23, nan 
-131.125, 72.625, 1.0951075643312095e-23, nan 
-130.875, 72.625, 1.1988055862355886e-23, nan 
-130.625, 72.625, 1.1580232211412892e-23, nan 
-130.375, 72.625, 1.2854263992317207e-23, nan 
-130.125, 72.625, 1.4609531911374306e-23, nan 
-129.875, 72.625, 6.939375609897244e-24, nan 
-129.625, 72.625, 3.7737798708841585e-24, nan 
-129.375, 72.625, 6.796676238221768e-24, nan 
-129.125, 72.625, 9.208156838264998e-24, nan 
-128.875, 72.625, 1.1399312285893354e-23, nan 
-128.625, 72.625, 8.704583341145074e-24, nan 
-128.375, 72.625, 1.2235661509171463e-23, nan 
-128.125, 72.625, 1.2597477626370487e-23, nan 
-127.875, 72.625, 1.0395090832771977e-23, nan 
-127.625, 72.625, 1.2823991930268157e-23, nan 
-127.375, 72.625, 1.2083850953327315e-23, nan 
-127.125, 72.625, 1.5664356563893066e-23, nan 
-126.875, 72.625, 1.5746109697472642e-23, nan 
-126.625, 72.625, 1.267368677839026e-23, nan 
-126.375, 72.625, 1.83025016284672e-23, nan 
-126.125, 72.625, 3.0372871193495436e-23, nan 
-125.875, 72.625, 3.711439759836331e-23, nan 
-125.625, 72.625, 2.5732627368160978e-23, nan 
-125.375, 72.625, 2.738239979646455e-23, nan 
-125.125, 72.625, 3.4787596114496e-23, nan 
-124.875, 72.625, 2.758678174268219e-23, nan 
-124.625, 72.625, 1.496137321525727e-23, nan 
-124.375, 72.625, 1.6503787993607567e-23, nan 
-124.125, 72.625, 2.2109090813904573e-23, nan 
-123.875, 72.625, 1.8098043614983612e-23, nan 
-123.625, 72.625, 1.6253349423013164e-23, nan 
-123.375, 72.625, 1.8478316310133278e-23, nan 
-123.125, 72.625, 1.6560190671719055e-23, nan 
-122.875, 72.625, 1.195954016804321e-23, nan 
-122.625, 72.625, 1.1758800704733287e-23, nan 
-122.375, 72.625, 1.0993366968364614e-23, nan 
-122.125, 72.625, 9.139411004179342e-24, nan 
-121.875, 72.625, 8.533177192438862e-24, nan 
-121.625, 72.625, 5.005605910523032e-24, nan 
-121.375, 72.625, 5.613635312439068e-24, nan 
-121.125, 72.625, 5.689033368207466e-24, nan 
-120.875, 72.625, 9.82738034132393e-24, nan 
-120.625, 72.625, 7.12520718625432e-24, nan 
-120.375, 72.625, 8.736288335279875e-24, nan 
-120.125, 72.625, 9.487586709156686e-24, nan 
-119.875, 72.625, 1.50432123991646e-23, nan 
-119.625, 72.625, 8.675852099232454e-24, nan 
-119.375, 72.625, 1.0799589338736065e-23, nan 
-119.125, 72.625, 1.2468715879535095e-23, nan 
-118.875, 72.625, 1.0208188438606575e-23, nan 
-118.625, 72.625, 1.1943895303730214e-23, nan 
-118.375, 72.625, 1.1157237691934093e-23, nan 
-118.125, 72.625, 8.774224964531771e-24, nan 
-117.875, 72.625, 6.26768998133222e-24, nan 
-117.625, 72.625, 9.940716701897765e-24, nan 
-117.375, 72.625, 1.4198730809777183e-23, nan 
-117.125, 72.625, 1.1064013510136095e-23, nan 
-116.875, 72.625, 1.5806980007368734e-23, nan 
-116.625, 72.625, 1.480074267656961e-23, nan 
-116.375, 72.625, 2.1741242847840382e-23, nan 
-116.125, 72.625, 1.7489539408169886e-23, nan 
-115.875, 72.625, 1.993844920624248e-23, nan 
-115.625, 72.625, 1.5423959420617625e-23, nan 
-115.375, 72.625, 1.3637885167875896e-23, nan 
-115.125, 72.625, 2.842580280273146e-23, nan 
-114.875, 72.625, 2.1611374770739268e-23, nan 
-114.625, 72.625, 1.7254688545436417e-23, nan 
-114.375, 72.625, 2.03909776140576e-23, nan 
-114.125, 72.625, 1.8993060399933164e-23, nan 
-113.875, 72.625, 2.2053768124766867e-23, nan 
-113.625, 72.625, 2.1175654438660167e-23, nan 
-113.375, 72.625, 1.7620966246053903e-23, nan 
-113.125, 72.625, 1.9404749935752267e-23, nan 
-112.875, 72.625, 1.5089897778605717e-23, nan 
-112.625, 72.625, 1.4103627300647055e-23, nan 
-112.375, 72.625, 2.5625597357524153e-23, nan 
-112.125, 72.625, 1.738027118266013e-23, nan 
-111.875, 72.625, 1.6422773430343453e-23, nan 
-111.625, 72.625, 8.421232566010298e-24, nan 
-111.375, 72.625, 7.037427223531022e-24, nan 
-111.125, 72.625, 1.0478144704624885e-23, nan 
-110.875, 72.625, 7.861672057773083e-24, nan 
-110.625, 72.625, 8.892818953548776e-24, nan 
-110.375, 72.625, 1.6100207314763654e-23, nan 
-110.125, 72.625, 1.472752656967879e-23, nan 
-109.875, 72.625, 7.455265592304895e-24, nan 
-109.625, 72.625, 7.668797227961356e-24, nan 
-109.375, 72.625, 6.670473437110075e-24, nan 
-109.125, 72.625, 8.285470197965174e-24, nan 
-108.875, 72.625, 7.19139402534013e-24, nan 
-108.625, 72.625, 1.3776658649692242e-23, nan 
-108.375, 72.625, 1.9432184756344008e-23, nan 
-108.125, 72.625, 1.5184332709843712e-23, nan 
-107.875, 72.625, 1.4343818956996236e-23, nan 
-107.625, 72.625, 1.5530300174167036e-23, nan 
-107.375, 72.625, 1.4380259147420696e-23, nan 
-107.125, 72.625, 1.2925469185772034e-23, nan 
-106.875, 72.625, 7.10231549372615e-24, nan 
-106.625, 72.625, 4.56729068012303e-24, nan 
-106.375, 72.625, 7.224243958921577e-24, nan 
-106.125, 72.625, 7.939293301184844e-24, nan 
-105.875, 72.625, 7.919317118857697e-24, nan 
-105.625, 72.625, 8.807081022264289e-24, nan 
-105.375, 72.625, 9.884792200551683e-24, nan 
-105.125, 72.625, 1.019296433040586e-23, nan 
-104.875, 72.625, 1.1047204180734269e-23, nan 
-104.625, 72.625, 1.1506219911116697e-23, nan 
-104.375, 72.625, 1.0334584228616575e-23, nan 
-104.125, 72.625, 1.2449306057489092e-23, nan 
-103.875, 72.625, 1.1660144406560758e-23, nan 
-103.625, 72.625, 1.064287629063424e-23, nan 
-103.375, 72.625, 1.1421691871972693e-23, nan 
-103.125, 72.625, 1.395539701703806e-23, nan 
-102.875, 72.625, 1.6311337761367983e-23, nan 
-102.625, 72.625, 1.618549655948055e-23, nan 
-102.375, 72.625, 1.7805201826071145e-23, nan 
-102.125, 72.625, 1.9443062404421491e-23, nan 
-101.875, 72.625, 1.6163108425663473e-23, nan 
-101.625, 72.625, 1.411188281762791e-23, nan 
-101.375, 72.625, 1.384774562005882e-23, nan 
-101.125, 72.625, 1.448978393697844e-23, nan 
-100.875, 72.625, 1.6309752991201255e-23, nan 
-100.625, 72.625, 1.773292482542718e-23, nan 
-100.375, 72.625, 1.68048998808794e-23, nan 
-100.125, 72.625, 1.5181181335030497e-23, nan 
-99.875, 72.625, 1.3321108275191254e-23, nan 
-99.625, 72.625, 1.9265354305962338e-23, nan 
-99.375, 72.625, 1.793370936294541e-23, nan 
-99.125, 72.625, 1.9541506119403573e-23, nan 
-98.875, 72.625, 2.1314190060941302e-23, nan 
-98.625, 72.625, 2.0121339162656212e-23, nan 
-98.375, 72.625, 2.224481064904639e-23, nan 
-98.125, 72.625, 2.5189045596135235e-23, nan 
-97.875, 72.625, 2.2949374877599593e-23, nan 
-97.625, 72.625, 1.906249772140169e-23, nan 
-97.375, 72.625, 1.8980709191516327e-23, nan 
-97.125, 72.625, 1.5056505823219666e-23, nan 
-96.875, 72.625, 1.3981728794929806e-23, nan 
-96.625, 72.625, 1.2099607464918672e-23, nan 
-96.375, 72.625, 1.6754627448912907e-23, nan 
-96.125, 72.625, 1.2688941468502317e-23, nan 
-95.875, 72.625, 1.1175570020340823e-23, nan 
-95.625, 72.625, 1.0960707465745285e-23, nan 
-95.375, 72.625, 1.985106749225372e-23, nan 
-95.125, 72.625, 2.0038086518346503e-23, nan 
-94.875, 72.625, 2.2147826586657948e-23, nan 
-94.625, 72.625, 2.2031808091433843e-23, nan 
-94.375, 72.625, 2.017432310940668e-23, nan 
-94.125, 72.625, 2.171598195462269e-23, nan 
-93.875, 72.625, 1.4959526778573684e-23, nan 
-93.625, 72.625, 1.7943891683377628e-23, nan 
-93.375, 72.625, 2.1288109443275204e-23, nan 
-93.125, 72.625, 2.2236050904943997e-23, nan 
-92.875, 72.625, 2.1092622454354633e-23, nan 
-92.625, 72.625, 1.8053672151282885e-23, nan 
-92.375, 72.625, 2.72026490225594e-23, nan 
-92.125, 72.625, 2.2028424175360294e-23, nan 
-91.875, 72.625, 1.8529730802360338e-23, nan 
-91.625, 72.625, 1.7013575147787342e-23, nan 
-91.375, 72.625, 2.78155802453098e-23, nan 
-91.125, 72.625, 3.537313363429543e-23, nan 
-90.875, 72.625, 2.9356664694840127e-23, nan 
-90.625, 72.625, 3.4541911846319855e-23, nan 
-90.375, 72.625, 3.640148628438721e-23, nan 
-90.125, 72.625, 3.2881375919644435e-23, nan 
-89.875, 72.625, 4.2521565179153283e-23, nan 
-89.625, 72.625, 4.833345233410685e-23, nan 
-89.375, 72.625, 3.485092674425411e-23, nan 
-89.125, 72.625, 2.731733275165967e-23, nan 
-88.875, 72.625, 2.615717938550741e-23, nan 
-88.625, 72.625, 3.443681164695163e-23, nan 
-88.375, 72.625, 2.789274036596631e-23, nan 
-88.125, 72.625, 2.2914860649135514e-23, nan 
-87.875, 72.625, 2.1671943339372102e-23, nan 
-87.625, 72.625, 2.9753827919530786e-23, nan 
-87.375, 72.625, 3.086180038655355e-23, nan 
-87.125, 72.625, 3.772978252579403e-23, nan 
-86.875, 72.625, 4.298759774011514e-23, nan 
-86.625, 72.625, 4.1210831028440735e-23, nan 
-86.375, 72.625, 4.4217680133865084e-23, nan 
-86.125, 72.625, 5.000166254505927e-23, nan 
-85.875, 72.625, 5.674057447956071e-23, nan 
-85.625, 72.625, 4.12869912350081e-23, nan 
-85.375, 72.625, 4.828890191088273e-23, nan 
-85.125, 72.625, 5.975579614794376e-23, nan 
-84.875, 72.625, 2.770741255212087e-23, nan 
-84.625, 72.625, 2.360097668951987e-23, nan 
-84.375, 72.625, 3.7821704504934774e-23, nan 
-84.125, 72.625, 2.3848434057559047e-23, nan 
-83.875, 72.625, 2.550649271630166e-23, nan 
-83.625, 72.625, 3.362845754863336e-23, nan 
-83.375, 72.625, 2.190329709134995e-23, nan 
-83.125, 72.625, 1.5399266769475007e-23, nan 
-82.875, 72.625, 1.533240629117365e-23, nan 
-82.625, 72.625, 1.3280382278865315e-23, nan 
-82.375, 72.625, 2.0554612646708756e-23, nan 
-82.125, 72.625, 2.5041563075639084e-23, nan 
-81.875, 72.625, 3.3324019605648706e-23, nan 
-81.625, 72.625, 2.6167689811733765e-23, nan 
-81.375, 72.625, 2.1243442371275233e-23, nan 
-81.125, 72.625, 3.085259814901789e-23, nan 
-80.875, 72.625, 3.4207496974441785e-23, nan 
-80.625, 72.625, 4.108429096599528e-23, nan 
-80.375, 72.625, 7.337619782945788e-23, nan 
-80.125, 72.625, 8.43849571404919e-23, nan 
-79.875, 72.625, 4.635084146791862e-23, nan 
-79.625, 72.625, 6.678467576249302e-23, nan 
-79.375, 72.625, 7.375911201664464e-23, nan 
-79.125, 72.625, 5.836855450591903e-23, nan 
-78.875, 72.625, 6.120185370360685e-23, nan 
-78.625, 72.625, 6.937360859175609e-23, nan 
-78.375, 72.625, 7.740388403473228e-23, nan 
-78.125, 72.625, 9.26499442258997e-23, nan 
-77.875, 72.625, 9.673144928715383e-23, nan 
-77.625, 72.625, 1.081752131564044e-22, nan 
-77.375, 72.625, 1.0166700950903185e-22, nan 
-77.125, 72.625, 8.530350045277884e-23, nan 
-76.875, 72.625, 1.1343528491973672e-22, nan 
-76.625, 72.625, 1.16703471947226e-22, nan 
-76.375, 72.625, 1.09789750389277e-22, nan 
-76.125, 72.625, 1.22318834962086e-22, nan 
-75.875, 72.625, 7.390302379287101e-23, nan 
-75.625, 72.625, 4.081533715936268e-23, nan 
-75.375, 72.625, 4.633158039424958e-23, nan 
-75.125, 72.625, 7.261624568065678e-23, nan 
-74.875, 72.625, 9.432950488187279e-23, nan 
-74.625, 72.625, 1.3489026955732624e-22, nan 
-74.375, 72.625, 1.6418987863702904e-22, nan 
-74.125, 72.625, 2.018446223079792e-22, nan 
-73.875, 72.625, 1.5783386482941115e-22, nan 
-73.625, 72.625, 1.161134371631154e-22, nan 
-73.375, 72.625, 1.4700703034851677e-22, nan 
-73.125, 72.625, 1.3428517507029757e-22, nan 
-72.875, 72.625, 7.272713533704286e-23, nan 
-72.625, 72.625, 5.758732017484723e-23, nan 
-72.375, 72.625, 9.317465748769121e-23, nan 
-72.125, 72.625, 1.2074391195066473e-22, nan 
-71.875, 72.625, 1.4129270684857464e-22, nan 
-71.625, 72.625, 1.594720118008645e-22, nan 
-71.375, 72.625, 2.5061230994973363e-22, nan 
-71.125, 72.625, 1.4907231842439525e-22, nan 
-70.875, 72.625, 2.3870565086809864e-22, nan 
-70.625, 72.625, 3.482884107100528e-22, nan 
-70.375, 72.625, 2.4683658376810865e-22, nan 
-70.125, 72.625, 2.354603498395735e-22, nan 
-69.875, 72.625, 4.1335102665711044e-22, nan 
-69.625, 72.625, 4.27749861979415e-22, nan 
-69.375, 72.625, 4.307030351803369e-22, nan 
-69.125, 72.625, 3.294311432258061e-22, nan 
-68.875, 72.625, 3.109159874296874e-22, nan 
-68.625, 72.625, 5.949096631221801e-22, nan 
-68.375, 72.625, 4.739409348808642e-22, nan 
-68.125, 72.625, 3.721147299078238e-22, nan 
-67.875, 72.625, 3.5123472180151333e-22, nan 
-67.625, 72.625, 3.2920944362843465e-22, nan 
-67.375, 72.625, 2.513243473629604e-22, nan 
-67.125, 72.625, 6.963217604273238e-23, nan 
-66.875, 72.625, 1.5138111416016854e-22, nan 
-66.625, 72.625, 8.08212676443557e-23, nan 
-66.375, 72.625, 1.6652350870417046e-22, nan 
-66.125, 72.625, 1.1661266505159774e-22, nan 
-65.875, 72.625, 1.4516461442857614e-22, nan 
-65.625, 72.625, 2.18834335193875e-22, nan 
-65.375, 72.625, 1.2724294836771512e-22, nan 
-65.125, 72.625, 1.8436075241351758e-22, nan 
-64.875, 72.625, 2.786055501518501e-22, nan 
-64.625, 72.625, 1.5548813644212182e-22, nan 
-64.375, 72.625, 1.71129231064184e-22, nan 
-64.125, 72.625, 3.9690684938560565e-22, nan 
-63.875, 72.625, 2.490287677304698e-22, nan 
-63.625, 72.625, 2.5240062414321945e-22, nan 
-63.375, 72.625, 5.028907128322909e-22, nan 
-63.125, 72.625, 2.0202533048420334e-22, nan 
-62.875, 72.625, 3.579697855327904e-22, nan 
-62.625, 72.625, 4.849667874531741e-22, nan 
-62.375, 72.625, 4.462889427509998e-22, nan 
-62.125, 72.625, 4.301595688083048e-22, nan 
-61.875, 72.625, 3.463984312913868e-22, nan 
-61.625, 72.625, 4.418134955854234e-22, nan 
-61.375, 72.625, 4.401918315233421e-22, nan 
-61.125, 72.625, 3.4706616500878613e-22, nan 
-60.875, 72.625, 3.4494884915710137e-22, nan 
-60.625, 72.625, 3.192778846031909e-22, nan 
-60.375, 72.625, 3.010435183125598e-22, nan 
-60.125, 72.625, 2.9948246645745047e-22, nan 
-59.875, 72.625, 4.060041030352233e-22, nan 
-59.625, 72.625, 3.506890791748488e-22, nan 
-59.375, 72.625, 3.588658616610543e-22, nan 
-59.125, 72.625, 5.832095949920976e-22, nan 
-58.875, 72.625, 7.946624874031757e-22, nan 
-58.625, 72.625, 8.966967338425766e-22, nan 
-58.375, 72.625, 8.239545757595843e-22, nan 
-58.125, 72.625, 9.153632842804105e-22, nan 
-57.875, 72.625, 1.5475328588674418e-21, nan 
-57.625, 72.625, 1.9164313021758804e-21, nan 
-57.375, 72.625, 1.2291285778670788e-21, nan 
-57.125, 72.625, 7.78546251592814e-22, nan 
-56.875, 72.625, 1.0134557297340636e-21, nan 
-56.625, 72.625, 9.856807371140779e-22, nan 
-56.375, 72.625, 7.658909952129983e-22, nan 
-56.125, 72.625, 9.600863950829507e-22, nan 
-55.875, 72.625, 8.224813029661874e-22, nan 
-55.625, 72.625, 7.588114148343679e-22, nan 
-55.375, 72.625, 6.0883338216353e-22, nan 
-55.125, 72.625, 8.222237412951663e-22, nan 
-54.875, 72.625, 9.00267451025226e-22, nan 
-54.625, 72.625, 7.4260667201444605e-22, nan 
-54.375, 72.625, 7.783410911128894e-22, nan 
-54.125, 72.625, 7.34422027420221e-22, nan 
-53.875, 72.625, 6.939927628740969e-22, nan 
-53.625, 72.625, 4.021006721390783e-22, nan 
-53.375, 72.625, 6.923677374064402e-22, nan 
-53.125, 72.625, 6.027324741458969e-22, nan 
-52.875, 72.625, 8.474775939607342e-22, nan 
-52.625, 72.625, 8.678307320777265e-22, nan 
-52.375, 72.625, 8.797082714022646e-22, nan 
-52.125, 72.625, 1.3499794994920333e-21, nan 
-51.875, 72.625, 1.4288858591129023e-21, nan 
-51.625, 72.625, 1.5829191618320559e-21, nan 
-51.375, 72.625, 1.5057277020093503e-21, nan 
-51.125, 72.625, 1.859523950105673e-21, nan 
-50.875, 72.625, 1.8538299753252014e-21, nan 
-50.625, 72.625, 1.5366650913156895e-21, nan 
-50.375, 72.625, 1.6881824150389118e-21, nan 
-50.125, 72.625, 1.911822310625995e-21, nan 
-49.875, 72.625, 1.9466708801782162e-21, nan 
-49.625, 72.625, 2.241440706021279e-21, nan 
-49.375, 72.625, 2.830716183281666e-21, nan 
-49.125, 72.625, 3.650792209494392e-21, nan 
-48.875, 72.625, 4.006416190290661e-21, nan 
-48.625, 72.625, 4.0459479825835854e-21, nan 
-48.375, 72.625, 4.549380734658647e-21, nan 
-48.125, 72.625, 5.31249735915856e-21, nan 
-47.875, 72.625, 4.219321963706639e-21, nan 
-47.625, 72.625, 4.709651195506906e-21, nan 
-47.375, 72.625, 5.5381160933105316e-21, nan 
-47.125, 72.625, 6.498311084032539e-21, nan 
-46.875, 72.625, 3.391111698906938e-21, nan 
-46.625, 72.625, 8.312724764910902e-21, nan 
-46.375, 72.625, 8.164226257182166e-21, nan 
-46.125, 72.625, 3.420180910330869e-21, nan 
-45.875, 72.625, 8.087106054041862e-21, nan 
-45.625, 72.625, 1.3127720322481654e-20, nan 
-45.375, 72.625, 8.578688062175675e-21, nan 
-45.125, 72.625, 8.255279252561104e-21, nan 
-44.875, 72.625, 1.0728411158800428e-20, nan 
-44.625, 72.625, 8.850714247845663e-21, nan 
-44.375, 72.625, 6.093388166381209e-21, nan 
-44.125, 72.625, 1.0716386657402275e-20, nan 
-43.875, 72.625, 6.959960214696887e-21, nan 
-43.625, 72.625, 9.881316220056981e-21, nan 
-43.375, 72.625, 2.4379436274152346e-20, nan 
-43.125, 72.625, 1.890835190439952e-20, nan 
-42.875, 72.625, 1.3645528176587358e-20, nan 
-42.625, 72.625, 1.619379329159254e-20, nan 
-42.375, 72.625, 1.6415214787237166e-20, nan 
-42.125, 72.625, 1.2220889758462061e-20, nan 
-41.875, 72.625, 9.401756547472288e-21, nan 
-41.625, 72.625, 1.273731831001199e-20, nan 
-41.375, 72.625, 1.4743270287130494e-20, nan 
-41.125, 72.625, 2.2500761949195064e-20, nan 
-40.875, 72.625, 1.489811537962691e-20, nan 
-40.625, 72.625, 1.5053568270007187e-20, nan 
-40.375, 72.625, 2.3584330821531206e-20, nan 
-40.125, 72.625, 2.0918014074617565e-20, nan 
-39.875, 72.625, 9.160373830176873e-21, nan 
-39.625, 72.625, 1.1404405936685197e-20, nan 
-39.375, 72.625, 1.4363443657181675e-20, nan 
-39.125, 72.625, 1.4460154495499854e-20, nan 
-38.875, 72.625, 2.3625826371816352e-20, nan 
-38.625, 72.625, 2.0095705836179637e-20, nan 
-38.375, 72.625, 1.6288580321359806e-20, nan 
-38.125, 72.625, 2.4610322360088553e-20, nan 
-37.875, 72.625, 2.3731791820789874e-20, nan 
-37.625, 72.625, 2.4220171087589535e-20, nan 
-37.375, 72.625, 2.912850193875353e-20, nan 
-37.125, 72.625, 2.2439389553656856e-20, nan 
-36.875, 72.625, 2.4302649271955366e-20, nan 
-36.625, 72.625, 3.0980055331790624e-20, nan 
-36.375, 72.625, 1.6321151068178838e-20, nan 
-36.125, 72.625, 8.081511331931276e-21, nan 
-35.875, 72.625, 2.8882725048512833e-21, nan 
-35.625, 72.625, 1.2228470599215066e-20, nan 
-35.375, 72.625, 8.010278252527082e-21, nan 
-35.125, 72.625, 7.630485985007349e-21, nan 
-34.875, 72.625, 7.534513812063221e-21, nan 
-34.625, 72.625, 1.1185366890540902e-20, nan 
-34.375, 72.625, 1.1808190326431456e-20, nan 
-34.125, 72.625, 9.946556068932257e-21, nan 
-33.875, 72.625, 2.718655260257905e-20, nan 
-33.625, 72.625, 3.745007309311664e-20, nan 
-33.375, 72.625, 5.231071716981276e-20, nan 
-33.125, 72.625, 4.9686359413191784e-20, nan 
-32.875, 72.625, 4.7814233231267394e-20, nan 
-32.625, 72.625, 6.455701755065892e-20, nan 
-32.375, 72.625, 6.197665416013892e-20, nan 
-32.125, 72.625, 3.6079440263381334e-20, nan 
-31.875, 72.625, 3.28317735078014e-20, nan 
-31.625, 72.625, 4.623064223802002e-20, nan 
-31.375, 72.625, 3.298240315181788e-20, nan 
-31.125, 72.625, 1.6520750094830382e-20, nan 
-30.875, 72.625, 1.926799897659008e-20, nan 
-30.625, 72.625, 3.050409367425491e-20, nan 
-30.375, 72.625, 5.207409174122676e-20, nan 
-30.125, 72.625, 5.666064174354313e-20, nan 
-29.875, 72.625, 4.5033818657342534e-20, nan 
-29.625, 72.625, 2.8573392878715464e-20, nan 
-29.375, 72.625, 2.2872087868198562e-20, nan 
-29.125, 72.625, 2.24238850873244e-20, nan 
-28.875, 72.625, 3.371143956028298e-20, nan 
-28.625, 72.625, 5.067648542994066e-20, nan 
-28.375, 72.625, 2.6543384686533287e-20, nan 
-28.125, 72.625, 3.2512881164924195e-20, nan 
-27.875, 72.625, 4.9864151930696744e-20, nan 
-27.625, 72.625, 2.73411121782599e-20, nan 
-27.375, 72.625, 2.713779383567747e-20, nan 
-27.125, 72.625, 4.326199160363328e-20, nan 
-26.875, 72.625, 3.016373757469599e-20, nan 
-26.625, 72.625, 4.6227942451256587e-20, nan 
-26.375, 72.625, 3.4334986660632145e-20, nan 
-26.125, 72.625, 3.738651477149584e-20, nan 
-25.875, 72.625, 4.2932905545944985e-20, nan 
-25.625, 72.625, 3.7188404565985867e-20, nan 
-25.375, 72.625, 3.4182395634374805e-20, nan 
-25.125, 72.625, 3.0830338529906134e-20, nan 
-24.875, 72.625, 3.356584839275658e-20, nan 
-24.625, 72.625, 1.6853955278458488e-20, nan 
-24.375, 72.625, 2.0400939444860376e-20, nan 
-24.125, 72.625, 2.206779100792686e-20, nan 
-23.875, 72.625, 2.0285046417061068e-20, nan 
-23.625, 72.625, 2.4299815256405473e-20, nan 
-23.375, 72.625, 3.1283302085449104e-20, nan 
-23.125, 72.625, 3.0244734520083354e-20, nan 
-22.875, 72.625, 2.5095642278508123e-20, nan 
-22.625, 72.625, 2.719503874167014e-20, nan 
-22.375, 72.625, 3.9788295839686433e-20, nan 
-22.125, 72.625, 2.9393471935230625e-20, nan 
-21.875, 72.625, 2.583145066885162e-20, nan 
-21.625, 72.625, 4.315430696036684e-20, nan 
-21.375, 72.625, 3.6415588820225823e-20, nan 
-21.125, 72.625, 3.9426734772462334e-20, nan 
-20.875, 72.625, 8.455637415264613e-20, nan 
-20.625, 72.625, 5.819264930449377e-20, nan 
-20.375, 72.625, 4.8071740312566504e-20, nan 
-20.125, 72.625, 1.1224032637235627e-19, nan 
-19.875, 72.625, 5.990642706244041e-20, nan 
-19.625, 72.625, 5.252744049855683e-20, nan 
-19.375, 72.625, 7.397080068247973e-20, nan 
-19.125, 72.625, 6.634159022949006e-20, nan 
-18.875, 72.625, 5.31906769585206e-20, nan 
-18.625, 72.625, 1.1232177414121849e-20, nan 
-18.375, 72.625, 3.482260860460228e-20, nan 
-18.125, 72.625, 2.757126564792655e-20, nan 
-17.875, 72.625, 1.9337456074463824e-20, nan 
-17.625, 72.625, 1.179787256562787e-20, nan 
-17.375, 72.625, 1.6511224598198022e-20, nan 
-17.125, 72.625, 2.0537635098151236e-20, nan 
-16.875, 72.625, 1.1910893508887934e-20, nan 
-16.625, 72.625, 1.2677885050307193e-20, nan 
-16.375, 72.625, 1.1400526499630028e-20, nan 
-16.125, 72.625, 4.346296411395408e-21, nan 
-15.875, 72.625, 1.491593706664177e-20, nan 
-15.625, 72.625, 1.9757517290435646e-20, nan 
-15.375, 72.625, 2.941753148021786e-20, nan 
-15.125, 72.625, 2.7011441120793222e-20, nan 
-14.875, 72.625, 1.0503877260869067e-20, nan 
-14.625, 72.625, 1.1112416846785999e-20, nan 
-14.375, 72.625, 1.194682822444779e-20, nan 
-14.125, 72.625, 1.144171957647119e-20, nan 
-13.875, 72.625, 7.768520104596194e-21, nan 
-13.625, 72.625, 6.7520429687547645e-21, nan 
-13.375, 72.625, 9.251744029467668e-21, nan 
-13.125, 72.625, 1.1846076735314556e-20, nan 
-12.875, 72.625, 5.910948934128355e-21, nan 
-12.625, 72.625, 1.3275608578075774e-20, nan 
-12.375, 72.625, 1.4335499985281967e-20, nan 
-12.125, 72.625, 7.565293762542987e-21, nan 
-11.875, 72.625, 1.02365839137612e-20, nan 
-11.625, 72.625, 9.859260355524322e-21, nan 
-11.375, 72.625, 6.846334496327307e-21, nan 
-11.125, 72.625, 7.525263081910383e-21, nan 
-10.875, 72.625, 5.494378502882462e-21, nan 
-10.625, 72.625, 3.323918526632357e-21, nan 
-10.375, 72.625, 4.137090306301285e-21, nan 
-10.125, 72.625, 4.005606989914944e-21, nan 
-9.875, 72.625, 3.717059424976789e-21, nan 
-9.625, 72.625, 4.900018803315511e-21, nan 
-9.375, 72.625, 5.592557427300532e-21, nan 
-9.125, 72.625, 5.450366833581269e-21, nan 
-8.875, 72.625, 4.1362631862535745e-21, nan 
-8.625, 72.625, 5.667421964049583e-21, nan 
-8.375, 72.625, 4.449029250522587e-21, nan 
-8.125, 72.625, 5.365016496158646e-21, nan 
-7.875, 72.625, 6.6038954039019406e-21, nan 
-7.625, 72.625, 5.892556512188947e-21, nan 
-7.375, 72.625, 6.6337242569639225e-21, nan 
-7.125, 72.625, 7.051340515689577e-21, nan 
-6.875, 72.625, 5.646817786150058e-21, nan 
-6.625, 72.625, 6.801774958282612e-21, nan 
-6.375, 72.625, 3.8302206503068964e-21, nan 
-6.125, 72.625, 6.036910982391963e-21, nan 
-5.875, 72.625, 6.1571588655894185e-21, nan 
-5.625, 72.625, 6.0509908369154016e-21, nan 
-5.375, 72.625, 3.831650034125941e-21, nan 
-5.125, 72.625, 6.197953984611641e-21, nan 
-4.875, 72.625, 7.992809578840746e-21, nan 
-4.625, 72.625, 5.929058596915432e-21, nan 
-4.375, 72.625, 5.201137185038957e-21, nan 
-4.125, 72.625, 4.6915832743198106e-21, nan 
-3.875, 72.625, 4.143601231275273e-21, nan 
-3.625, 72.625, 4.856008241351188e-21, nan 
-3.375, 72.625, 3.974244720411232e-21, nan 
-3.125, 72.625, 4.414949373715098e-21, nan 
-2.875, 72.625, 3.5327846415349725e-21, nan 
-2.625, 72.625, 4.046684579532437e-21, nan 
-2.375, 72.625, 3.211350966029256e-21, nan 
-2.125, 72.625, 2.2383781924193587e-21, nan 
-1.875, 72.625, 2.621688537135947e-21, nan 
-1.625, 72.625, 8.975517172156013e-22, nan 
-1.375, 72.625, 1.6251018346066303e-21, nan 
-1.125, 72.625, 2.726892768642791e-21, nan 
-0.875, 72.625, 2.4629999550562387e-21, nan 
-0.625, 72.625, 3.411064105821058e-21, nan 
-0.375, 72.625, 3.1441184110072735e-21, nan 
-0.125, 72.625, 2.5871757696274274e-21, nan 
0.125, 72.625, 3.6006375909961905e-21, nan 
0.375, 72.625, 3.1890377246288246e-21, nan 
0.625, 72.625, 3.0722371036086415e-21, nan 
0.875, 72.625, 1.7106679476029705e-21, nan 
1.125, 72.625, 1.5379955291395809e-21, nan 
1.375, 72.625, 2.86886430665832e-21, nan 
1.625, 72.625, 2.805277606784931e-21, nan 
1.875, 72.625, 3.3661598872240813e-21, nan 
2.125, 72.625, 2.857664560078566e-21, nan 
2.375, 72.625, 2.6270939010788938e-21, nan 
2.625, 72.625, 2.617577918438504e-21, nan 
2.875, 72.625, 1.4253578981075645e-21, nan 
3.125, 72.625, 1.156062022663086e-21, nan 
3.375, 72.625, 8.251771288073923e-22, nan 
3.625, 72.625, 8.420862522843468e-22, nan 
3.875, 72.625, 1.2006730469925627e-21, nan 
4.125, 72.625, 8.1692586826258015e-22, nan 
4.375, 72.625, 4.0153165690021837e-22, nan 
4.625, 72.625, 2.6588518396250336e-22, nan 
4.875, 72.625, 6.613505187197595e-22, nan 
5.125, 72.625, 5.487690667393084e-22, nan 
5.375, 72.625, 4.369828541167315e-22, nan 
5.625, 72.625, 6.035955742280941e-22, nan 
5.875, 72.625, 7.0285550576477e-22, nan 
6.125, 72.625, 6.388984279525707e-22, nan 
6.375, 72.625, 1.3385029236375226e-21, nan 
6.625, 72.625, 9.39237747350163e-22, nan 
6.875, 72.625, 7.345361750372674e-22, nan 
7.125, 72.625, 8.811602357723354e-22, nan 
7.375, 72.625, 7.154551552803292e-22, nan 
7.625, 72.625, 7.333506710419969e-22, nan 
7.875, 72.625, 9.365385064594083e-22, nan 
8.125, 72.625, 1.060686072893468e-21, nan 
8.375, 72.625, 1.2305060506582216e-21, nan 
8.625, 72.625, 9.629988248698006e-22, nan 
8.875, 72.625, 9.569753738568923e-22, nan 
9.125, 72.625, 1.1657441826541726e-21, nan 
9.375, 72.625, 1.028868013220074e-21, nan 
9.625, 72.625, 8.330822319648846e-22, nan 
9.875, 72.625, 6.180210512146703e-22, nan 
10.125, 72.625, 6.472686182687268e-22, nan 
10.375, 72.625, 1.126613237224936e-21, nan 
10.625, 72.625, 7.100322479101064e-22, nan 
10.875, 72.625, 5.130054169340141e-22, nan 
11.125, 72.625, 1.0726452678128154e-21, nan 
11.375, 72.625, 7.101782177676747e-22, nan 
11.625, 72.625, 3.932216598819064e-22, nan 
11.875, 72.625, 5.442269742953273e-22, nan 
12.125, 72.625, 4.0724297795886483e-22, nan 
12.375, 72.625, 2.1644559072034684e-22, nan 
12.625, 72.625, 2.401068082038772e-22, nan 
12.875, 72.625, 1.8977748285121156e-22, nan 
13.125, 72.625, 1.8840198671110833e-22, nan 
13.375, 72.625, 2.0960668848783684e-22, nan 
13.625, 72.625, 1.7992498647999284e-22, nan 
13.875, 72.625, 2.942883749667245e-22, nan 
14.125, 72.625, 1.7537584969546992e-22, nan 
14.375, 72.625, 3.2049048488307653e-22, nan 
14.625, 72.625, 4.1509956451714794e-22, nan 
14.875, 72.625, 2.817017427939616e-22, nan 
15.125, 72.625, 3.0243505297935795e-22, nan 
15.375, 72.625, 3.159373737830236e-22, nan 
15.625, 72.625, 3.171714140155677e-22, nan 
15.875, 72.625, 2.6950128728329242e-22, nan 
16.125, 72.625, 3.5132883775341776e-22, nan 
16.375, 72.625, 2.273453939336609e-22, nan 
16.625, 72.625, 1.883909853416105e-22, nan 
16.875, 72.625, 2.3575656558731276e-22, nan 
17.125, 72.625, 1.8295346667501132e-22, nan 
17.375, 72.625, 1.5260524659034056e-22, nan 
17.625, 72.625, 1.2022202181192598e-22, nan 
17.875, 72.625, 1.6546299809125122e-22, nan 
18.125, 72.625, 2.0993169792828106e-22, nan 
18.375, 72.625, 2.7846282391580755e-22, nan 
18.625, 72.625, 2.337832961414008e-22, nan 
18.875, 72.625, 2.4243139142984915e-22, nan 
19.125, 72.625, 2.3917590925829124e-22, nan 
19.375, 72.625, 2.4988407645793293e-22, nan 
19.625, 72.625, 2.24611368816237e-22, nan 
19.875, 72.625, 1.1450539246934456e-22, nan 
20.125, 72.625, 8.992620896552308e-23, nan 
20.375, 72.625, 1.112749981211735e-22, nan 
20.625, 72.625, 8.315347325903988e-23, nan 
20.875, 72.625, 9.272054890842203e-23, nan 
21.125, 72.625, 1.4852799570494556e-22, nan 
21.375, 72.625, 3.206521603079807e-22, nan 
21.625, 72.625, 4.158909138053981e-22, nan 
21.875, 72.625, 2.846723269001202e-22, nan 
22.125, 72.625, 3.7543068589111395e-22, nan 
22.375, 72.625, 3.1999562439052257e-22, nan 
22.625, 72.625, 1.763028337020266e-22, nan 
22.875, 72.625, 1.3069881293012433e-22, nan 
23.125, 72.625, 6.685360398860665e-23, nan 
23.375, 72.625, 7.98561290521958e-23, nan 
23.625, 72.625, 1.0390051411526089e-22, nan 
23.875, 72.625, 1.0215921604931742e-22, nan 
24.125, 72.625, 1.2069345124800692e-22, nan 
24.375, 72.625, 8.006081641667489e-23, nan 
24.625, 72.625, 8.237081034865145e-23, nan 
24.875, 72.625, 1.3532984656818824e-22, nan 
25.125, 72.625, 1.0094852054233474e-22, nan 
25.375, 72.625, 9.77026999972264e-23, nan 
25.625, 72.625, 6.814359937036429e-23, nan 
25.875, 72.625, 7.901593128021726e-23, nan 
26.125, 72.625, 9.117158682440473e-23, nan 
26.375, 72.625, 2.7399948002835597e-22, nan 
26.625, 72.625, 3.4375905392824196e-22, nan 
26.875, 72.625, 2.6527985338108325e-22, nan 
27.125, 72.625, 1.6525555699798296e-22, nan 
27.375, 72.625, 1.5958718820727872e-22, nan 
27.625, 72.625, 1.3644930771496952e-22, nan 
27.875, 72.625, 2.266519165016113e-22, nan 
28.125, 72.625, 1.8058234074937406e-22, nan 
28.375, 72.625, 2.420159321251433e-22, nan 
28.625, 72.625, 3.740558527560547e-23, nan 
28.875, 72.625, 4.734553474481242e-23, nan 
29.125, 72.625, 6.608424413483405e-23, nan 
29.375, 72.625, 6.298099742040801e-23, nan 
29.625, 72.625, 3.823919660103597e-23, nan 
29.875, 72.625, 4.715744485530267e-23, nan 
30.125, 72.625, 4.182709078625046e-23, nan 
30.375, 72.625, 3.314272958619518e-23, nan 
30.625, 72.625, 7.07607747844762e-23, nan 
30.875, 72.625, 7.686819781460838e-23, nan 
31.125, 72.625, 7.90806690612497e-23, nan 
31.375, 72.625, 4.907850425624961e-23, nan 
31.625, 72.625, 5.788091671208235e-23, nan 
31.875, 72.625, 5.723461486923282e-23, nan 
32.125, 72.625, 4.282071395199425e-23, nan 
32.375, 72.625, 3.268260592466536e-23, nan 
32.625, 72.625, 1.8416311512052257e-23, nan 
32.875, 72.625, 3.682742902601234e-23, nan 
33.125, 72.625, 3.107199743645254e-23, nan 
33.375, 72.625, 2.777961733535732e-23, nan 
33.625, 72.625, 2.211863272576977e-23, nan 
33.875, 72.625, 3.6318482123419616e-23, nan 
34.125, 72.625, 5.075452919458196e-23, nan 
34.375, 72.625, 2.251531327344226e-23, nan 
34.625, 72.625, 1.9566826481336596e-23, nan 
34.875, 72.625, 1.5554698847061962e-23, nan 
35.125, 72.625, 3.295572976100487e-23, nan 
35.375, 72.625, 1.445958427008421e-23, nan 
35.625, 72.625, 2.3263686783656242e-23, nan 
35.875, 72.625, 4.2297158828767693e-23, nan 
36.125, 72.625, 4.138900702075234e-23, nan 
36.375, 72.625, 3.570048739920788e-23, nan 
36.625, 72.625, 3.229015751457926e-23, nan 
36.875, 72.625, 3.1183954192394075e-23, nan 
37.125, 72.625, 5.1801245472304323e-23, nan 
37.375, 72.625, 9.904894049972181e-23, nan 
37.625, 72.625, 6.512995381510605e-23, nan 
37.875, 72.625, 4.9782711072768786e-23, nan 
38.125, 72.625, 9.645510408360029e-23, nan 
38.375, 72.625, 7.499134277433664e-23, nan 
38.625, 72.625, 1.0588483769342108e-22, nan 
38.875, 72.625, 1.4252725487307538e-22, nan 
39.125, 72.625, 9.227261523438316e-23, nan 
39.375, 72.625, 2.5485390120553946e-23, nan 
39.625, 72.625, 6.220528465110538e-23, nan 
39.875, 72.625, 4.162808033863673e-23, nan 
40.125, 72.625, 1.9978270296235096e-23, nan 
40.375, 72.625, 1.991809900617766e-23, nan 
40.625, 72.625, 1.3627075244698058e-23, nan 
40.875, 72.625, 1.3307780777635465e-23, nan 
41.125, 72.625, 1.4661742742774162e-23, nan 
41.375, 72.625, 7.925540071091205e-24, nan 
41.625, 72.625, 2.3693203729299838e-23, nan 
41.875, 72.625, 2.0421488187306018e-23, nan 
42.125, 72.625, 1.5142717642152165e-23, nan 
42.375, 72.625, 4.178364401545427e-23, nan 
42.625, 72.625, 3.4200834080774836e-23, nan 
42.875, 72.625, 1.8101379957232685e-23, nan 
43.125, 72.625, 2.1932834791024822e-23, nan 
43.375, 72.625, 2.855206441081697e-23, nan 
43.625, 72.625, 2.352677971150342e-23, nan 
43.875, 72.625, 1.8754790319810352e-23, nan 
44.125, 72.625, 2.649486667207851e-23, nan 
44.375, 72.625, 2.4933797113301426e-23, nan 
44.625, 72.625, 1.458010949206486e-23, nan 
44.875, 72.625, 1.69315520277107e-23, nan 
45.125, 72.625, 1.692884930449604e-23, nan 
45.375, 72.625, 1.5312360678864635e-23, nan 
45.625, 72.625, 1.873312398386762e-23, nan 
45.875, 72.625, 2.0954248562191164e-23, nan 
46.125, 72.625, 1.863090211511237e-23, nan 
46.375, 72.625, 1.5403780274074803e-23, nan 
46.625, 72.625, 1.433578402990731e-23, nan 
46.875, 72.625, 1.5405485793428416e-23, nan 
47.125, 72.625, 1.841097456424684e-23, nan 
47.375, 72.625, 1.0651308567740805e-23, nan 
47.625, 72.625, 5.6374891422837774e-24, nan 
47.875, 72.625, 1.5191655631102083e-23, nan 
48.125, 72.625, 9.6847001418871e-24, nan 
48.375, 72.625, 1.2469470139092469e-23, nan 
48.625, 72.625, 1.6558426952967512e-23, nan 
48.875, 72.625, 1.7567830318493957e-23, nan 
49.125, 72.625, 1.8710854248301546e-23, nan 
49.375, 72.625, 2.560403188725478e-23, nan 
49.625, 72.625, 1.2227045295256263e-23, nan 
49.875, 72.625, 1.1743561745004533e-23, nan 
50.125, 72.625, 1.966315369816186e-23, nan 
50.375, 72.625, 8.575187636348905e-24, nan 
50.625, 72.625, 7.453952496168291e-24, nan 
50.875, 72.625, 8.118513961890532e-24, nan 
51.125, 72.625, 7.756093847643765e-24, nan 
51.375, 72.625, 7.268258459180646e-24, nan 
51.625, 72.625, 5.2427663499686355e-24, nan 
51.875, 72.625, 5.2570414904149266e-24, nan 
52.125, 72.625, 7.431802870722914e-24, nan 
52.375, 72.625, 1.0030000735881612e-23, nan 
52.625, 72.625, 1.1886753641871083e-23, nan 
52.875, 72.625, 9.214059371830331e-24, nan 
53.125, 72.625, 1.06077173352966e-23, nan 
53.375, 72.625, 9.777630491107388e-24, nan 
53.625, 72.625, 1.031766069370151e-23, nan 
53.875, 72.625, 9.686849334104171e-24, nan 
54.125, 72.625, 1.0940035180484381e-23, nan 
54.375, 72.625, 1.289316398607858e-23, nan 
54.625, 72.625, 1.380673831730643e-23, nan 
54.875, 72.625, 1.2596810143922171e-23, nan 
55.125, 72.625, 1.4404469133152408e-23, nan 
55.375, 72.625, 1.4340917471893132e-23, nan 
55.625, 72.625, 1.4341807794249457e-23, nan 
55.875, 72.625, 1.41389263084479e-23, nan 
56.125, 72.625, 1.6314092474540793e-23, nan 
56.375, 72.625, 1.543851548589824e-23, nan 
56.625, 72.625, 1.5797729376226746e-23, nan 
56.875, 72.625, 1.5604523408591793e-23, nan 
57.125, 72.625, 1.2534294476410372e-23, nan 
57.375, 72.625, 1.41187324204088e-23, nan 
57.625, 72.625, 9.802097168128553e-24, nan 
57.875, 72.625, 3.373390244801015e-24, nan 
58.125, 72.625, 7.41018930359413e-24, nan 
58.375, 72.625, 7.607841017513511e-24, nan 
58.625, 72.625, 5.828355132235944e-24, nan 
58.875, 72.625, 7.77064575203794e-24, nan 
59.125, 72.625, 5.820012292447998e-24, nan 
59.375, 72.625, 8.972078930482075e-24, nan 
59.625, 72.625, 8.99174152747537e-24, nan 
59.875, 72.625, 1.0843135814095796e-23, nan 
60.125, 72.625, 1.8393301871045977e-23, nan 
60.375, 72.625, 1.9231535014961303e-23, nan 
60.625, 72.625, 1.5103267633117153e-23, nan 
60.875, 72.625, 1.9416185312941377e-23, nan 
61.125, 72.625, 1.8563391517466905e-23, nan 
61.375, 72.625, 9.830404179253536e-24, nan 
61.625, 72.625, 4.166166427951538e-24, nan 
61.875, 72.625, 3.034813073133121e-24, nan 
62.125, 72.625, 4.738278794542821e-24, nan 
62.375, 72.625, 2.3903693438261632e-24, nan 
62.625, 72.625, 3.203485045396314e-24, nan 
62.875, 72.625, 3.209514447500013e-24, nan 
63.125, 72.625, 3.575896304809855e-24, nan 
63.375, 72.625, 6.903064837083374e-24, nan 
63.625, 72.625, 8.35461987194662e-24, nan 
63.875, 72.625, 9.864207259852492e-24, nan 
64.125, 72.625, 1.4054872438218572e-23, nan 
64.375, 72.625, 1.5607143786692535e-23, nan 
64.625, 72.625, 1.6569224553200843e-23, nan 
64.875, 72.625, 1.6414705128941247e-23, nan 
65.125, 72.625, 1.5099328026179162e-23, nan 
65.375, 72.625, 1.2445237311673169e-23, nan 
65.625, 72.625, 9.81536581820991e-24, nan 
65.875, 72.625, 1.048170273022634e-23, nan 
66.125, 72.625, 7.546598459043301e-24, nan 
66.375, 72.625, 8.001649164142889e-24, nan 
66.625, 72.625, 7.029009993245995e-24, nan 
66.875, 72.625, 9.270261246935367e-24, nan 
67.125, 72.625, 8.145535836321804e-24, nan 
67.375, 72.625, 5.819310831131769e-24, nan 
67.625, 72.625, 5.6220767037146565e-24, nan 
67.875, 72.625, 5.744356699941205e-24, nan 
68.125, 72.625, 7.881017012906482e-24, nan 
68.375, 72.625, 8.704365561092669e-24, nan 
68.625, 72.625, 5.297033716519453e-24, nan 
68.875, 72.625, 3.864948849686148e-24, nan 
69.125, 72.625, 7.03708567390728e-24, nan 
69.375, 72.625, 8.96669556079318e-24, nan 
69.625, 72.625, 6.88573787806934e-24, nan 
69.875, 72.625, 8.093847168771277e-24, nan 
70.125, 72.625, 1.2620545565620257e-23, nan 
70.375, 72.625, 8.890178091721731e-24, nan 
70.625, 72.625, 7.905961834164701e-24, nan 
70.875, 72.625, 5.09620690082397e-24, nan 
71.125, 72.625, 6.1178070932591894e-24, nan 
71.375, 72.625, 1.157952841937214e-23, nan 
71.625, 72.625, 1.1779243320504048e-23, nan 
71.875, 72.625, 7.950148201503641e-24, nan 
72.125, 72.625, 1.472294641153983e-23, nan 
72.375, 72.625, 1.4568825802976916e-23, nan 
72.625, 72.625, 8.139161261043497e-24, nan 
72.875, 72.625, 5.341027438153959e-24, nan 
73.125, 72.625, 7.087513063187853e-24, nan 
73.375, 72.625, 4.90490028684451e-24, nan 
73.625, 72.625, 4.496518662626998e-24, nan 
73.875, 72.625, 4.633873084134474e-24, nan 
74.125, 72.625, 7.638290617013892e-24, nan 
74.375, 72.625, 5.5239914111260054e-24, nan 
74.625, 72.625, 5.755680516283664e-24, nan 
74.875, 72.625, 7.068330411578056e-24, nan 
75.125, 72.625, 3.590812241873437e-24, nan 
75.375, 72.625, 3.788396632369574e-24, nan 
75.625, 72.625, 6.693262070511819e-24, nan 
75.875, 72.625, 7.093590428036057e-24, nan 
76.125, 72.625, 2.5735127895328213e-24, nan 
76.375, 72.625, 2.469184617065088e-24, nan 
76.625, 72.625, 3.6484792275023874e-24, nan 
76.875, 72.625, 3.9958112977490286e-24, nan 
77.125, 72.625, 4.3732627269660306e-24, nan 
77.375, 72.625, 2.3978387765768284e-24, nan 
77.625, 72.625, 4.73781121079834e-24, nan 
77.875, 72.625, 2.5992569419978284e-24, nan 
78.125, 72.625, 1.4991712883665119e-24, nan 
78.375, 72.625, 2.747276542172958e-24, nan 
78.625, 72.625, 3.0017563208848068e-24, nan 
78.875, 72.625, 2.0431080553594396e-24, nan 
79.125, 72.625, 1.3850685183636275e-24, nan 
79.375, 72.625, 1.981652658913594e-24, nan 
79.625, 72.625, 1.8038375043543886e-24, nan 
79.875, 72.625, 4.875583607367629e-24, nan 
80.125, 72.625, 3.5378067856946645e-24, nan 
80.375, 72.625, 1.606369039420811e-24, nan 
80.625, 72.625, 6.98997221020049e-24, nan 
80.875, 72.625, 4.149875458244931e-24, nan 
81.125, 72.625, 4.317030288675906e-25, nan 
81.375, 72.625, 4.0486897196467e-24, nan 
81.625, 72.625, 3.467267686953697e-24, nan 
81.875, 72.625, 4.822327162391138e-24, nan 
82.125, 72.625, 3.6489032428360126e-24, nan 
82.375, 72.625, 2.6771084834101202e-24, nan 
82.625, 72.625, 5.2049017677699555e-24, nan 
82.875, 72.625, 2.9398017272304037e-24, nan 
83.125, 72.625, 1.4240120561143171e-24, nan 
83.375, 72.625, 2.547373825066445e-24, nan 
83.625, 72.625, 1.3879976484838237e-24, nan 
83.875, 72.625, 2.245680382117916e-24, nan 
84.125, 72.625, 1.806620062962295e-24, nan 
84.375, 72.625, 3.6567018025738885e-24, nan 
84.625, 72.625, 4.368195384952272e-24, nan 
84.875, 72.625, 5.005643665746516e-24, nan 
85.125, 72.625, 4.0702693740212566e-24, nan 
85.375, 72.625, 4.044173705124206e-24, nan 
85.625, 72.625, 4.805268305404427e-24, nan 
85.875, 72.625, 3.111372521578332e-24, nan 
86.125, 72.625, 4.621379304724459e-24, nan 
86.375, 72.625, 4.7645830082240406e-24, nan 
86.625, 72.625, 2.3775648956379895e-24, nan 
86.875, 72.625, 2.111456757016111e-24, nan 
-161.125, 72.875, 2.371430884403587e-24, nan 
-160.875, 72.875, 2.1262905659558296e-24, nan 
-160.625, 72.875, 2.404185793124174e-24, nan 
-160.375, 72.875, 1.970317922577877e-24, nan 
-160.125, 72.875, 2.5331189401140095e-24, nan 
-159.875, 72.875, 2.0637821655303984e-24, nan 
-159.625, 72.875, 2.501319749041918e-24, nan 
-159.375, 72.875, 3.942022496193098e-24, nan 
-159.125, 72.875, 3.19768041978676e-24, nan 
-158.875, 72.875, 1.9676707699032222e-24, nan 
-158.625, 72.875, 3.525133185048297e-24, nan 
-158.375, 72.875, 2.794573867981921e-24, nan 
-158.125, 72.875, 2.8395058362416927e-24, nan 
-157.875, 72.875, 2.48123336241213e-24, nan 
-157.625, 72.875, 2.9334104615947737e-24, nan 
-157.375, 72.875, 2.944059540313829e-24, nan 
-157.125, 72.875, 2.4838764613401217e-24, nan 
-156.875, 72.875, 2.7660393591149827e-24, nan 
-156.625, 72.875, 2.748359653126791e-24, nan 
-156.375, 72.875, 2.9341558678427837e-24, nan 
-156.125, 72.875, 2.5678521662573298e-24, nan 
-155.875, 72.875, 2.1455440802180895e-24, nan 
-155.625, 72.875, 3.2942637208185447e-24, nan 
-155.375, 72.875, 4.257546543752576e-24, nan 
-155.125, 72.875, 3.0419180798348404e-24, nan 
-154.875, 72.875, 4.3459076399042795e-24, nan 
-154.625, 72.875, 4.77178400943533e-24, nan 
-154.375, 72.875, 5.827959910100618e-24, nan 
-154.125, 72.875, 7.43032971578972e-24, nan 
-153.875, 72.875, 7.369843159790973e-24, nan 
-153.625, 72.875, 7.282487502017898e-24, nan 
-153.375, 72.875, 4.632049947755461e-24, nan 
-153.125, 72.875, 4.5268823351134766e-24, nan 
-152.875, 72.875, 5.214329787249144e-24, nan 
-152.625, 72.875, 6.236442189131719e-24, nan 
-152.375, 72.875, 8.764357200538277e-24, nan 
-152.125, 72.875, 9.191573329670103e-24, nan 
-151.875, 72.875, 9.509052578102831e-24, nan 
-151.625, 72.875, 7.32711923791674e-24, nan 
-151.375, 72.875, 6.4726505782336525e-24, nan 
-151.125, 72.875, 7.229733836675855e-24, nan 
-150.875, 72.875, 6.535601393720687e-24, nan 
-150.625, 72.875, 8.952408874989297e-24, nan 
-150.375, 72.875, 8.813973527541089e-24, nan 
-150.125, 72.875, 7.56680759511016e-24, nan 
-149.875, 72.875, 6.914878120200626e-24, nan 
-149.625, 72.875, 4.6656573376641105e-24, nan 
-149.375, 72.875, 6.37998750129338e-24, nan 
-149.125, 72.875, 7.518114136983997e-24, nan 
-148.875, 72.875, 4.895102116572146e-24, nan 
-148.625, 72.875, 4.592006505699865e-24, nan 
-148.375, 72.875, 8.232332911080458e-24, nan 
-148.125, 72.875, 5.765984820323451e-24, nan 
-147.875, 72.875, 3.2178582027438343e-24, nan 
-147.625, 72.875, 1.1476140815154156e-23, nan 
-147.375, 72.875, 7.728726221932339e-24, nan 
-147.125, 72.875, 2.799064073941507e-24, nan 
-146.875, 72.875, 7.857518108543576e-24, nan 
-146.625, 72.875, 6.741833625610277e-24, nan 
-146.375, 72.875, 6.3268138900017015e-24, nan 
-146.125, 72.875, 3.633373967815957e-24, nan 
-145.875, 72.875, 3.844805181420204e-24, nan 
-145.625, 72.875, 4.728333538427663e-24, nan 
-145.375, 72.875, 5.059227536202066e-24, nan 
-145.125, 72.875, 6.602701797966134e-24, nan 
-144.875, 72.875, 5.1540876421324436e-24, nan 
-144.625, 72.875, 5.8435791547039854e-24, nan 
-144.375, 72.875, 7.12661259018328e-24, nan 
-144.125, 72.875, 6.0312373712676586e-24, nan 
-143.875, 72.875, 3.776965769485412e-24, nan 
-143.625, 72.875, 4.5367907140871346e-24, nan 
-143.375, 72.875, 2.0078169738577057e-24, nan 
-143.125, 72.875, 2.108476937094182e-24, nan 
-142.875, 72.875, 2.9140338949997294e-24, nan 
-142.625, 72.875, 5.339724874494312e-24, nan 
-142.375, 72.875, 5.183681491078096e-24, nan 
-142.125, 72.875, 6.4073677334240444e-24, nan 
-141.875, 72.875, 3.910047164099337e-24, nan 
-141.625, 72.875, 3.1912648717872062e-24, nan 
-141.375, 72.875, 3.485405968840596e-24, nan 
-141.125, 72.875, 2.2887222165170548e-24, nan 
-140.875, 72.875, 3.0104390814325686e-24, nan 
-140.625, 72.875, 3.0112151694248704e-24, nan 
-140.375, 72.875, 3.021271784624075e-24, nan 
-140.125, 72.875, 3.773930185231279e-24, nan 
-139.875, 72.875, 2.156754977418546e-24, nan 
-139.625, 72.875, 2.534711976789931e-24, nan 
-139.375, 72.875, 3.422276329253353e-24, nan 
-139.125, 72.875, 2.7633540020152235e-24, nan 
-138.875, 72.875, 5.488960693943238e-24, nan 
-138.625, 72.875, 5.81983620155335e-24, nan 
-138.375, 72.875, 5.4120202771099814e-24, nan 
-138.125, 72.875, 5.9220292896310786e-24, nan 
-137.875, 72.875, 6.818109427268032e-24, nan 
-137.625, 72.875, 5.9943668393946074e-24, nan 
-137.375, 72.875, 4.0148529030098096e-24, nan 
-137.125, 72.875, 6.693145399738025e-24, nan 
-136.875, 72.875, 7.710634068709936e-24, nan 
-136.625, 72.875, 3.470187148778159e-24, nan 
-136.375, 72.875, 4.532100655624715e-24, nan 
-136.125, 72.875, 5.758555548736865e-24, nan 
-135.875, 72.875, 5.066403327934735e-24, nan 
-135.625, 72.875, 3.655400952887459e-24, nan 
-135.375, 72.875, 3.2098157293532343e-24, nan 
-135.125, 72.875, 7.395737862249099e-24, nan 
-134.875, 72.875, 7.124250946052768e-24, nan 
-134.625, 72.875, 8.63735734443816e-24, nan 
-134.375, 72.875, 7.971964602180498e-24, nan 
-134.125, 72.875, 6.987318395402106e-24, nan 
-133.875, 72.875, 1.2841662973516824e-23, nan 
-133.625, 72.875, 1.42943498276949e-23, nan 
-133.375, 72.875, 5.9461428437572544e-24, nan 
-133.125, 72.875, 9.248319521186506e-24, nan 
-132.875, 72.875, 1.2923904514074699e-23, nan 
-132.625, 72.875, 8.65392294376043e-24, nan 
-132.375, 72.875, 6.178445908652918e-24, nan 
-132.125, 72.875, 5.653552478052507e-24, nan 
-131.875, 72.875, 5.393853278036826e-24, nan 
-131.625, 72.875, 3.551401555516351e-24, nan 
-131.375, 72.875, 1.0620127240806836e-23, nan 
-131.125, 72.875, 1.3538658627369376e-23, nan 
-130.875, 72.875, 6.16276066525878e-24, nan 
-130.625, 72.875, 1.0289979804320449e-23, nan 
-130.375, 72.875, 1.3380146657016527e-23, nan 
-130.125, 72.875, 1.0817088676313193e-23, nan 
-129.875, 72.875, 8.431974549835995e-24, nan 
-129.625, 72.875, 1.0580445887722468e-23, nan 
-129.375, 72.875, 1.056095581709907e-23, nan 
-129.125, 72.875, 1.2475894763460456e-23, nan 
-128.875, 72.875, 1.0769958616277372e-23, nan 
-128.625, 72.875, 1.0965077239600394e-23, nan 
-128.375, 72.875, 1.1761093490283446e-23, nan 
-128.125, 72.875, 1.1181527712238406e-23, nan 
-127.875, 72.875, 1.2213768368059783e-23, nan 
-127.625, 72.875, 8.182877121661859e-24, nan 
-127.375, 72.875, 9.270170029339096e-24, nan 
-127.125, 72.875, 6.88455324633142e-24, nan 
-126.875, 72.875, 1.223704480358679e-23, nan 
-126.625, 72.875, 1.2873712013096199e-23, nan 
-126.375, 72.875, 2.2838527226801e-23, nan 
-126.125, 72.875, 3.576111736507962e-23, nan 
-125.875, 72.875, 4.594314188883715e-23, nan 
-125.625, 72.875, 3.4324022344760015e-23, nan 
-125.375, 72.875, 3.5728226875523763e-23, nan 
-125.125, 72.875, 4.0221995816660605e-23, nan 
-124.875, 72.875, 2.9126102135451686e-23, nan 
-124.625, 72.875, 1.3192176550534869e-23, nan 
-124.375, 72.875, 1.6991426152258678e-23, nan 
-124.125, 72.875, 2.665501760397286e-23, nan 
-123.875, 72.875, 2.1233267713067782e-23, nan 
-123.625, 72.875, 1.9522269343739406e-23, nan 
-123.375, 72.875, 2.096334056144374e-23, nan 
-123.125, 72.875, 2.0893915633928828e-23, nan 
-122.875, 72.875, 2.1114683982980442e-23, nan 
-122.625, 72.875, 2.107902641480159e-23, nan 
-122.375, 72.875, 2.026583570457943e-23, nan 
-122.125, 72.875, 1.3792338388435818e-23, nan 
-121.875, 72.875, 7.17211110439186e-24, nan 
-121.625, 72.875, 7.144116611821446e-24, nan 
-121.375, 72.875, 1.059795435518788e-23, nan 
-121.125, 72.875, 1.3238478678822002e-23, nan 
-120.875, 72.875, 1.790584051227822e-23, nan 
-120.625, 72.875, 1.971822063193007e-23, nan 
-120.375, 72.875, 1.2331578265758465e-23, nan 
-120.125, 72.875, 1.2582824808513175e-23, nan 
-119.875, 72.875, 2.787196008647943e-23, nan 
-119.625, 72.875, 1.6027681106436776e-23, nan 
-119.375, 72.875, 1.3923067227867946e-23, nan 
-119.125, 72.875, 2.86436659221791e-23, nan 
-118.875, 72.875, 2.0395062762262562e-23, nan 
-118.625, 72.875, 9.81728590066432e-24, nan 
-118.375, 72.875, 2.309599148861005e-24, nan 
-118.125, 72.875, 7.46634513337386e-24, nan 
-117.875, 72.875, 1.009857863149027e-23, nan 
-117.625, 72.875, 1.1481899242463495e-23, nan 
-117.375, 72.875, 1.1865197592915318e-23, nan 
-117.125, 72.875, 1.4267417262694902e-23, nan 
-116.875, 72.875, 1.926612184567168e-23, nan 
-116.625, 72.875, 1.6657062147583063e-23, nan 
-116.375, 72.875, 2.3504912134560662e-23, nan 
-116.125, 72.875, 1.770247137544254e-23, nan 
-115.875, 72.875, 2.0021986633006106e-23, nan 
-115.625, 72.875, 2.218103814544449e-23, nan 
-115.375, 72.875, 3.036292733075605e-23, nan 
-115.125, 72.875, 2.5388225705948778e-23, nan 
-114.875, 72.875, 2.1379096620874267e-23, nan 
-114.625, 72.875, 2.1055488152523957e-23, nan 
-114.375, 72.875, 2.1534893000149137e-23, nan 
-114.125, 72.875, 1.970740601315536e-23, nan 
-113.875, 72.875, 2.0143281050355197e-23, nan 
-113.625, 72.875, 2.5985281093196258e-23, nan 
-113.375, 72.875, 2.1419373707530956e-23, nan 
-113.125, 72.875, 1.6286786266362763e-23, nan 
-112.875, 72.875, 1.9688851861068496e-23, nan 
-112.625, 72.875, 1.8419473957484885e-23, nan 
-112.375, 72.875, 1.9831950840500553e-23, nan 
-112.125, 72.875, 1.967532620908618e-23, nan 
-111.875, 72.875, 1.2810981072348356e-23, nan 
-111.625, 72.875, 1.4537682611322583e-23, nan 
-111.375, 72.875, 1.6209466470641473e-23, nan 
-111.125, 72.875, 1.335858962653212e-23, nan 
-110.875, 72.875, 1.1436187326716062e-23, nan 
-110.625, 72.875, 5.361950557029259e-24, nan 
-110.375, 72.875, 1.5007443518634748e-23, nan 
-110.125, 72.875, 1.5308835881725844e-23, nan 
-109.875, 72.875, 1.2371374549645073e-23, nan 
-109.625, 72.875, 1.098765500808633e-23, nan 
-109.375, 72.875, 1.0947300471878128e-23, nan 
-109.125, 72.875, 1.0160264510131915e-23, nan 
-108.875, 72.875, 6.958136867207038e-24, nan 
-108.625, 72.875, 5.461188260206554e-24, nan 
-108.375, 72.875, 8.2531270164616e-24, nan 
-108.125, 72.875, 3.1582902135036346e-24, nan 
-107.875, 72.875, 7.446293339178014e-24, nan 
-107.625, 72.875, 1.2720571867545974e-23, nan 
-107.375, 72.875, 1.5426600880056167e-23, nan 
-107.125, 72.875, 1.317577147690566e-23, nan 
-106.875, 72.875, 1.186074503804586e-23, nan 
-106.625, 72.875, 1.7513614239368451e-23, nan 
-106.375, 72.875, 1.1335427503510381e-23, nan 
-106.125, 72.875, 2.1454837340563637e-23, nan 
-105.875, 72.875, 6.608317393183373e-23, nan 
-105.625, 72.875, 2.53420408572597e-23, nan 
-105.375, 72.875, 1.7457098517707308e-23, nan 
-105.125, 72.875, 1.817305023016749e-23, nan 
-104.875, 72.875, 1.9751138838344196e-23, nan 
-104.625, 72.875, 1.59596342896238e-23, nan 
-104.375, 72.875, 1.2853018145220348e-23, nan 
-104.125, 72.875, 1.7003524931971782e-23, nan 
-103.875, 72.875, 1.433386415417789e-23, nan 
-103.625, 72.875, 1.388046245468441e-23, nan 
-103.375, 72.875, 1.5659334488922983e-23, nan 
-103.125, 72.875, 1.6741421704643443e-23, nan 
-102.875, 72.875, 1.8750992786151438e-23, nan 
-102.625, 72.875, 1.6831952516024984e-23, nan 
-102.375, 72.875, 1.8574818748375333e-23, nan 
-102.125, 72.875, 2.1059300988503473e-23, nan 
-101.875, 72.875, 1.686453010980362e-23, nan 
-101.625, 72.875, 1.3762800825436436e-23, nan 
-101.375, 72.875, 1.8184497732172018e-23, nan 
-101.125, 72.875, 1.3524951664622453e-23, nan 
-100.875, 72.875, 1.4892815937081015e-23, nan 
-100.625, 72.875, 1.9969568664765135e-23, nan 
-100.375, 72.875, 1.7875438275186286e-23, nan 
-100.125, 72.875, 1.762063608291667e-23, nan 
-99.875, 72.875, 3.42919702275642e-23, nan 
-99.625, 72.875, 2.541648095721152e-23, nan 
-99.375, 72.875, 1.961740489518554e-23, nan 
-99.125, 72.875, 2.7269357978881437e-23, nan 
-98.875, 72.875, 2.2261889931060434e-23, nan 
-98.625, 72.875, 1.8789646839318337e-23, nan 
-98.375, 72.875, 1.8823429235667343e-23, nan 
-98.125, 72.875, 2.0779087370409315e-23, nan 
-97.875, 72.875, 2.0105138529469995e-23, nan 
-97.625, 72.875, 1.7679121723316746e-23, nan 
-97.375, 72.875, 1.7469957092475478e-23, nan 
-97.125, 72.875, 1.8201378729991907e-23, nan 
-96.875, 72.875, 1.7984727071411723e-23, nan 
-96.625, 72.875, 1.4881751901722757e-23, nan 
-96.375, 72.875, 1.4232013442870018e-23, nan 
-96.125, 72.875, 1.8323047268295828e-23, nan 
-95.875, 72.875, 1.5434850590547194e-23, nan 
-95.625, 72.875, 1.0991907131618569e-23, nan 
-95.375, 72.875, 1.8955075079624397e-23, nan 
-95.125, 72.875, 2.1429028633740546e-23, nan 
-94.875, 72.875, 2.6389623466502754e-23, nan 
-94.625, 72.875, 1.8469052726217667e-23, nan 
-94.375, 72.875, 2.0491039521226438e-23, nan 
-94.125, 72.875, 2.4376156600890558e-23, nan 
-93.875, 72.875, 2.157306321465651e-23, nan 
-93.625, 72.875, 3.567132514794613e-23, nan 
-93.375, 72.875, 2.474868424484639e-23, nan 
-93.125, 72.875, 2.722258674724719e-23, nan 
-92.875, 72.875, 2.2986025759753706e-23, nan 
-92.625, 72.875, 1.976459094528412e-23, nan 
-92.375, 72.875, 2.0230368204058613e-23, nan 
-92.125, 72.875, 2.1504798237787818e-23, nan 
-91.875, 72.875, 2.838297275121911e-23, nan 
-91.625, 72.875, 2.851909210985516e-23, nan 
-91.375, 72.875, 2.4327002067803252e-23, nan 
-91.125, 72.875, 3.500648905789816e-23, nan 
-90.875, 72.875, 3.057587178649977e-23, nan 
-90.625, 72.875, 2.401714299746679e-23, nan 
-90.375, 72.875, 4.122203999788884e-23, nan 
-90.125, 72.875, 3.7598271051504726e-23, nan 
-89.875, 72.875, 2.7795739713240457e-23, nan 
-89.625, 72.875, 4.210458072440186e-23, nan 
-89.375, 72.875, 3.7928710747500114e-23, nan 
-89.125, 72.875, 3.086494149850547e-23, nan 
-88.875, 72.875, 2.3634327474806455e-23, nan 
-88.625, 72.875, 2.250089846855152e-23, nan 
-88.375, 72.875, 2.2251087731013242e-23, nan 
-88.125, 72.875, 2.690625487841673e-23, nan 
-87.875, 72.875, 2.609011930413279e-23, nan 
-87.625, 72.875, 3.226672060440634e-23, nan 
-87.375, 72.875, 3.706001804024623e-23, nan 
-87.125, 72.875, 4.70977352935229e-23, nan 
-86.875, 72.875, 5.580359827569375e-23, nan 
-86.625, 72.875, 4.952465184506078e-23, nan 
-86.375, 72.875, 4.5465517438183065e-23, nan 
-86.125, 72.875, 4.5136094239820704e-23, nan 
-85.875, 72.875, 3.475968501998302e-23, nan 
-85.625, 72.875, 1.4299424246266306e-23, nan 
-85.375, 72.875, 2.3257689126555028e-23, nan 
-85.125, 72.875, 2.970452518556204e-23, nan 
-84.875, 72.875, 3.38792165403678e-23, nan 
-84.625, 72.875, 3.7879222754576553e-23, nan 
-84.375, 72.875, 5.010706135277236e-23, nan 
-84.125, 72.875, 3.7546478184715484e-23, nan 
-83.875, 72.875, 5.1953449463261085e-23, nan 
-83.625, 72.875, 4.719720310762103e-23, nan 
-83.375, 72.875, 2.1390939272571175e-23, nan 
-83.125, 72.875, 1.907271294513959e-23, nan 
-82.875, 72.875, 2.6905404734164767e-23, nan 
-82.625, 72.875, 1.79271877989776e-23, nan 
-82.375, 72.875, 2.2807204659227892e-23, nan 
-82.125, 72.875, 3.0097267416704863e-23, nan 
-81.875, 72.875, 3.6114683575655216e-23, nan 
-81.625, 72.875, 4.6564546737755996e-23, nan 
-81.375, 72.875, 3.4724536861194407e-23, nan 
-81.125, 72.875, 4.4097956663835185e-23, nan 
-80.875, 72.875, 6.347033236432353e-23, nan 
-80.625, 72.875, 5.884865989318642e-23, nan 
-80.375, 72.875, 7.001558399644502e-23, nan 
-80.125, 72.875, 7.052516482724124e-23, nan 
-79.875, 72.875, 6.528536446903718e-23, nan 
-79.625, 72.875, 6.101935125215281e-23, nan 
-79.375, 72.875, 6.392205448573735e-23, nan 
-79.125, 72.875, 7.561034422232767e-23, nan 
-78.875, 72.875, 7.910106502992563e-23, nan 
-78.625, 72.875, 8.411386276680819e-23, nan 
-78.375, 72.875, 8.206805224461246e-23, nan 
-78.125, 72.875, 8.555401458703434e-23, nan 
-77.875, 72.875, 9.16975124649079e-23, nan 
-77.625, 72.875, 9.94947699623855e-23, nan 
-77.375, 72.875, 1.5359522489040515e-22, nan 
-77.125, 72.875, 1.1909434266182635e-22, nan 
-76.875, 72.875, 7.536670795249153e-23, nan 
-76.625, 72.875, 2.1765367827471063e-22, nan 
-76.375, 72.875, 2.142722731549303e-22, nan 
-76.125, 72.875, 1.5049324681170937e-22, nan 
-75.875, 72.875, 1.4257306341698865e-22, nan 
-75.625, 72.875, 1.5920085508688758e-22, nan 
-75.375, 72.875, 9.095105392256531e-23, nan 
-75.125, 72.875, 3.8609633653622196e-23, nan 
-74.875, 72.875, 5.1692323545369674e-23, nan 
-74.625, 72.875, 5.514776919717108e-23, nan 
-74.375, 72.875, 9.55619847783353e-23, nan 
-74.125, 72.875, 1.1068734526498227e-22, nan 
-73.875, 72.875, 1.0577729594458936e-22, nan 
-73.625, 72.875, 8.416031353514719e-23, nan 
-73.375, 72.875, 7.685105052755205e-23, nan 
-73.125, 72.875, 6.958820629411004e-23, nan 
-72.875, 72.875, 5.652149279010748e-23, nan 
-72.625, 72.875, 6.261051052033818e-23, nan 
-72.375, 72.875, 1.1446373132549018e-22, nan 
-72.125, 72.875, 8.995118714111156e-23, nan 
-71.875, 72.875, 9.185114350467448e-23, nan 
-71.625, 72.875, 1.4428098902254965e-22, nan 
-71.375, 72.875, 1.250808324232659e-22, nan 
-71.125, 72.875, 1.5758763438684215e-22, nan 
-70.875, 72.875, 1.8988247183043985e-22, nan 
-70.625, 72.875, 2.0550404004075975e-22, nan 
-70.375, 72.875, 1.668392065228231e-22, nan 
-70.125, 72.875, 9.859464465193067e-23, nan 
-69.875, 72.875, 1.6837385533331941e-22, nan 
-69.625, 72.875, 1.2256331666750823e-22, nan 
-69.375, 72.875, 1.6733536626491196e-22, nan 
-69.125, 72.875, 1.685766982087043e-22, nan 
-68.875, 72.875, 9.961805911165348e-23, nan 
-68.625, 72.875, 4.297692497614582e-22, nan 
-68.375, 72.875, 3.6334216413619045e-22, nan 
-68.125, 72.875, 2.847526078768498e-22, nan 
-67.875, 72.875, 2.89468983514172e-22, nan 
-67.625, 72.875, 2.419816658676629e-22, nan 
-67.375, 72.875, 2.557164578328657e-22, nan 
-67.125, 72.875, 2.2202736931505776e-22, nan 
-66.875, 72.875, 1.7021061968975189e-22, nan 
-66.625, 72.875, 2.3265539635249803e-22, nan 
-66.375, 72.875, 1.5283997547927663e-22, nan 
-66.125, 72.875, 1.4785775122312386e-22, nan 
-65.875, 72.875, 1.6342373425412404e-22, nan 
-65.625, 72.875, 1.8365437691048344e-22, nan 
-65.375, 72.875, 1.6458881655819801e-22, nan 
-65.125, 72.875, 2.0896766463735297e-22, nan 
-64.875, 72.875, 2.653150583277408e-22, nan 
-64.625, 72.875, 1.691008619082236e-22, nan 
-64.375, 72.875, 2.002167866156455e-22, nan 
-64.125, 72.875, 1.1555078822279566e-22, nan 
-63.875, 72.875, 1.9408833818082673e-22, nan 
-63.625, 72.875, 3.4131262129089035e-22, nan 
-63.375, 72.875, 4.723010852658437e-22, nan 
-63.125, 72.875, 2.499783276312355e-22, nan 
-62.875, 72.875, 5.140609462766258e-22, nan 
-62.625, 72.875, 7.913825878474392e-22, nan 
-62.375, 72.875, 4.511318735099579e-22, nan 
-62.125, 72.875, 5.805499970005982e-22, nan 
-61.875, 72.875, 7.447235020461722e-22, nan 
-61.625, 72.875, 5.964390422231794e-22, nan 
-61.375, 72.875, 5.070289465995394e-22, nan 
-61.125, 72.875, 4.575741885192412e-22, nan 
-60.875, 72.875, 5.136469600104787e-22, nan 
-60.625, 72.875, 2.195828907231986e-22, nan 
-60.375, 72.875, 3.233810089057884e-22, nan 
-60.125, 72.875, 4.1294872828306896e-22, nan 
-59.875, 72.875, 6.132872267441041e-22, nan 
-59.625, 72.875, 8.542413300143426e-22, nan 
-59.375, 72.875, 8.0588975740472675e-22, nan 
-59.125, 72.875, 1.5219740236544604e-21, nan 
-58.875, 72.875, 1.4034612462053807e-21, nan 
-58.625, 72.875, 9.52424467501106e-22, nan 
-58.375, 72.875, 1.7598820086796552e-21, nan 
-58.125, 72.875, 1.2886794485252923e-21, nan 
-57.875, 72.875, 2.858759058493351e-21, nan 
-57.625, 72.875, 4.565495736898201e-21, nan 
-57.375, 72.875, 2.493621092191216e-21, nan 
-57.125, 72.875, 2.0439969643468375e-21, nan 
-56.875, 72.875, 3.45783170060953e-21, nan 
-56.625, 72.875, 2.036190393042636e-21, nan 
-56.375, 72.875, 6.892133034704713e-22, nan 
-56.125, 72.875, 1.2068369022911993e-21, nan 
-55.875, 72.875, 1.2028982242861907e-21, nan 
-55.625, 72.875, 9.273338125204713e-22, nan 
-55.375, 72.875, 1.0112890436368604e-21, nan 
-55.125, 72.875, 1.3022516794640994e-21, nan 
-54.875, 72.875, 9.256667969118454e-22, nan 
-54.625, 72.875, 8.430714257913855e-22, nan 
-54.375, 72.875, 9.99697849352128e-22, nan 
-54.125, 72.875, 8.303910474978247e-22, nan 
-53.875, 72.875, 1.0167679486643429e-21, nan 
-53.625, 72.875, 9.488245839491238e-22, nan 
-53.375, 72.875, 8.396017077891451e-22, nan 
-53.125, 72.875, 9.506956332936953e-22, nan 
-52.875, 72.875, 7.949303243088531e-22, nan 
-52.625, 72.875, 1.0929591429373892e-21, nan 
-52.375, 72.875, 8.986291439299301e-22, nan 
-52.125, 72.875, 1.1369558801660657e-21, nan 
-51.875, 72.875, 1.2740575149736526e-21, nan 
-51.625, 72.875, 1.4265541401513927e-21, nan 
-51.375, 72.875, 1.6818945828509565e-21, nan 
-51.125, 72.875, 1.9627569109424264e-21, nan 
-50.875, 72.875, 2.099427286854422e-21, nan 
-50.625, 72.875, 2.3728597480612453e-21, nan 
-50.375, 72.875, 2.4137032526051925e-21, nan 
-50.125, 72.875, 2.677846710108206e-21, nan 
-49.875, 72.875, 3.3303857694819946e-21, nan 
-49.625, 72.875, 3.4615216936361904e-21, nan 
-49.375, 72.875, 3.1788258899199716e-21, nan 
-49.125, 72.875, 3.2446412960043194e-21, nan 
-48.875, 72.875, 3.5373714149013195e-21, nan 
-48.625, 72.875, 3.0718909121297758e-21, nan 
-48.375, 72.875, 2.9921331040988358e-21, nan 
-48.125, 72.875, 4.1845055026443505e-21, nan 
-47.875, 72.875, 4.209001462547818e-21, nan 
-47.625, 72.875, 6.181356432922941e-21, nan 
-47.375, 72.875, 6.596294962719748e-21, nan 
-47.125, 72.875, 7.492240029569534e-21, nan 
-46.875, 72.875, 4.070761805527884e-21, nan 
-46.625, 72.875, 4.0430377281665434e-21, nan 
-46.375, 72.875, 5.858792201690491e-21, nan 
-46.125, 72.875, 7.419822988422116e-21, nan 
-45.875, 72.875, 9.29943431346498e-21, nan 
-45.625, 72.875, 1.2916845579947435e-20, nan 
-45.375, 72.875, 8.92602009455623e-21, nan 
-45.125, 72.875, 7.875816760308536e-21, nan 
-44.875, 72.875, 6.068520553768403e-21, nan 
-44.625, 72.875, 4.019485618811103e-21, nan 
-44.375, 72.875, 6.964980094674069e-21, nan 
-44.125, 72.875, 6.774950056744768e-21, nan 
-43.875, 72.875, 7.858973802295514e-21, nan 
-43.625, 72.875, 1.1697792678941013e-20, nan 
-43.375, 72.875, 1.8864640439859683e-20, nan 
-43.125, 72.875, 1.5827354157581523e-20, nan 
-42.875, 72.875, 1.1424273179460117e-20, nan 
-42.625, 72.875, 7.127365708130226e-21, nan 
-42.375, 72.875, 1.5138271679333954e-20, nan 
-42.125, 72.875, 9.1778463284975e-21, nan 
-41.875, 72.875, 1.1161597835406364e-20, nan 
-41.625, 72.875, 2.0604183285483362e-20, nan 
-41.375, 72.875, 1.9107851140781768e-20, nan 
-41.125, 72.875, 2.4144948518300648e-20, nan 
-40.875, 72.875, 2.6743767224070866e-20, nan 
-40.625, 72.875, 2.277320343351629e-20, nan 
-40.375, 72.875, 2.5051949484840812e-20, nan 
-40.125, 72.875, 2.436340638319355e-20, nan 
-39.875, 72.875, 1.326338468121322e-20, nan 
-39.625, 72.875, 1.0459112184806615e-20, nan 
-39.375, 72.875, 1.3190002826776328e-20, nan 
-39.125, 72.875, 1.8439172614365237e-20, nan 
-38.875, 72.875, 2.0805574985689778e-20, nan 
-38.625, 72.875, 2.0957646293507493e-20, nan 
-38.375, 72.875, 2.3946895965669836e-20, nan 
-38.125, 72.875, 2.2708308533959633e-20, nan 
-37.875, 72.875, 2.3214324082477258e-20, nan 
-37.625, 72.875, 1.9578856750765416e-20, nan 
-37.375, 72.875, 2.4072403882825357e-20, nan 
-37.125, 72.875, 1.787860725769463e-20, nan 
-36.875, 72.875, 1.6280621788373503e-20, nan 
-36.625, 72.875, 9.746609294529653e-21, nan 
-36.375, 72.875, 2.081671044439244e-20, nan 
-36.125, 72.875, 1.9719099978537964e-20, nan 
-35.875, 72.875, 1.5722005785431096e-20, nan 
-35.625, 72.875, 8.271082419027374e-21, nan 
-35.375, 72.875, 3.511147930336266e-21, nan 
-35.125, 72.875, 1.7818858703308736e-20, nan 
-34.875, 72.875, 1.0209037083405244e-20, nan 
-34.625, 72.875, 2.007731783482881e-20, nan 
-34.375, 72.875, 2.574882860015949e-20, nan 
-34.125, 72.875, 4.440208245778206e-20, nan 
-33.875, 72.875, 4.3466185479559736e-20, nan 
-33.625, 72.875, 5.812331025828521e-20, nan 
-33.375, 72.875, 7.984655895463975e-20, nan 
-33.125, 72.875, 6.382013029004529e-20, nan 
-32.875, 72.875, 6.630386349668229e-20, nan 
-32.625, 72.875, 9.563427140783353e-20, nan 
-32.375, 72.875, 8.620749332636181e-20, nan 
-32.125, 72.875, 4.442136025399654e-20, nan 
-31.875, 72.875, 7.185713330805964e-20, nan 
-31.625, 72.875, 7.459684966215895e-20, nan 
-31.375, 72.875, 4.26266557819611e-20, nan 
-31.125, 72.875, 2.800676988482636e-20, nan 
-30.875, 72.875, 3.2999071511889276e-20, nan 
-30.625, 72.875, 2.6621226350570608e-20, nan 
-30.375, 72.875, 2.1359655050078246e-20, nan 
-30.125, 72.875, 2.846720243840096e-20, nan 
-29.875, 72.875, 2.814828261783064e-20, nan 
-29.625, 72.875, 4.853196029686095e-20, nan 
-29.375, 72.875, 8.627210197561717e-20, nan 
-29.125, 72.875, 4.915893053234612e-20, nan 
-28.875, 72.875, 2.775526170351829e-20, nan 
-28.625, 72.875, 1.0408686989762537e-19, nan 
-28.375, 72.875, 5.981607520530159e-20, nan 
-28.125, 72.875, 3.0288638512911326e-20, nan 
-27.875, 72.875, 5.639981306373905e-20, nan 
-27.625, 72.875, 3.516055766947114e-20, nan 
-27.375, 72.875, 3.7681716472615874e-20, nan 
-27.125, 72.875, 5.55067058506738e-20, nan 
-26.875, 72.875, 2.748080743595011e-20, nan 
-26.625, 72.875, 3.3832971928659636e-20, nan 
-26.375, 72.875, 4.4002493472790417e-20, nan 
-26.125, 72.875, 3.9537663515395524e-20, nan 
-25.875, 72.875, 4.377122491606572e-20, nan 
-25.625, 72.875, 3.293862147027526e-20, nan 
-25.375, 72.875, 3.716879275640286e-20, nan 
-25.125, 72.875, 3.3620194196360494e-20, nan 
-24.875, 72.875, 3.144039597730997e-20, nan 
-24.625, 72.875, 2.857039056988636e-20, nan 
-24.375, 72.875, 3.261509730267229e-20, nan 
-24.125, 72.875, 3.3122460403039537e-20, nan 
-23.875, 72.875, 1.8838272517783296e-20, nan 
-23.625, 72.875, 2.979553177859536e-20, nan 
-23.375, 72.875, 5.081440018270252e-20, nan 
-23.125, 72.875, 3.590528007844457e-20, nan 
-22.875, 72.875, 3.748231707712579e-20, nan 
-22.625, 72.875, 3.9801676452128266e-20, nan 
-22.375, 72.875, 4.718832886724143e-20, nan 
-22.125, 72.875, 4.7114023304935626e-20, nan 
-21.875, 72.875, 4.3133374677772574e-20, nan 
-21.625, 72.875, 5.512476110520678e-20, nan 
-21.375, 72.875, 5.3129664409606476e-20, nan 
-21.125, 72.875, 4.417220720766085e-20, nan 
-20.875, 72.875, 4.680762422994503e-20, nan 
-20.625, 72.875, 4.395977342376405e-20, nan 
-20.375, 72.875, 3.37464626538068e-20, nan 
-20.125, 72.875, 7.908397898767042e-20, nan 
-19.875, 72.875, 9.025297691817587e-20, nan 
-19.625, 72.875, 7.397038789907537e-20, nan 
-19.375, 72.875, 4.3345038083494406e-20, nan 
-19.125, 72.875, 9.068133937374634e-20, nan 
-18.875, 72.875, 6.249190901017916e-20, nan 
-18.625, 72.875, 2.4111204752000635e-20, nan 
-18.375, 72.875, 3.7644553299682666e-20, nan 
-18.125, 72.875, 2.7316674587933875e-20, nan 
-17.875, 72.875, 1.9999843332374953e-20, nan 
-17.625, 72.875, 3.065312142723739e-20, nan 
-17.375, 72.875, 3.612308733708171e-20, nan 
-17.125, 72.875, 2.1369505762237666e-20, nan 
-16.875, 72.875, 1.7551972210392937e-20, nan 
-16.625, 72.875, 3.765653491927531e-20, nan 
-16.375, 72.875, 1.6693611132112627e-20, nan 
-16.125, 72.875, 1.5332736983106606e-20, nan 
-15.875, 72.875, 2.0144321291537738e-20, nan 
-15.625, 72.875, 1.6484106784739302e-20, nan 
-15.375, 72.875, 1.871841281424307e-20, nan 
-15.125, 72.875, 1.998101510443774e-20, nan 
-14.875, 72.875, 1.8607923434994486e-20, nan 
-14.625, 72.875, 1.225900282650924e-20, nan 
-14.375, 72.875, 1.9704699119003888e-20, nan 
-14.125, 72.875, 1.9825843081714725e-20, nan 
-13.875, 72.875, 1.4127492017038172e-20, nan 
-13.625, 72.875, 7.046111125542504e-21, nan 
-13.375, 72.875, 1.3258540507214827e-20, nan 
-13.125, 72.875, 1.433741046597925e-20, nan 
-12.875, 72.875, 7.108885237477776e-21, nan 
-12.625, 72.875, 8.70486290650027e-21, nan 
-12.375, 72.875, 1.003867530352938e-20, nan 
-12.125, 72.875, 5.998457449821689e-21, nan 
-11.875, 72.875, 5.5954357575206996e-21, nan 
-11.625, 72.875, 9.009221376873751e-21, nan 
-11.375, 72.875, 5.6148677654320854e-21, nan 
-11.125, 72.875, 6.358291955372835e-21, nan 
-10.875, 72.875, 9.692613440247657e-21, nan 
-10.625, 72.875, 6.728319114096752e-21, nan 
-10.375, 72.875, 5.806934438938608e-21, nan 
-10.125, 72.875, 7.110900867863459e-21, nan 
-9.875, 72.875, 5.736937920699819e-21, nan 
-9.625, 72.875, 2.8249391675005084e-21, nan 
-9.375, 72.875, 5.1524583022350456e-21, nan 
-9.125, 72.875, 6.836804021008742e-21, nan 
-8.875, 72.875, 6.654262802354286e-21, nan 
-8.625, 72.875, 6.590937620981217e-21, nan 
-8.375, 72.875, 7.638701721777152e-21, nan 
-8.125, 72.875, 6.706112842045459e-21, nan 
-7.875, 72.875, 5.808817013984988e-21, nan 
-7.625, 72.875, 5.4584299974018894e-21, nan 
-7.375, 72.875, 5.566748456918858e-21, nan 
-7.125, 72.875, 6.384715130383041e-21, nan 
-6.875, 72.875, 6.773020057495457e-21, nan 
-6.625, 72.875, 4.800998618232448e-21, nan 
-6.375, 72.875, 6.659019600671147e-21, nan 
-6.125, 72.875, 5.754009975485818e-21, nan 
-5.875, 72.875, 9.028633123838168e-21, nan 
-5.625, 72.875, 4.439516121209986e-21, nan 
-5.375, 72.875, 2.906702568003645e-21, nan 
-5.125, 72.875, 6.982390819294889e-21, nan 
-4.875, 72.875, 3.9404019453141874e-21, nan 
-4.625, 72.875, 4.8673415678369574e-21, nan 
-4.375, 72.875, 3.804163031705249e-21, nan 
-4.125, 72.875, 4.709153176004564e-21, nan 
-3.875, 72.875, 4.587007673357439e-21, nan 
-3.625, 72.875, 3.911719832004349e-21, nan 
-3.375, 72.875, 4.020349927077243e-21, nan 
-3.125, 72.875, 4.471870071341202e-21, nan 
-2.875, 72.875, 3.9984967189200356e-21, nan 
-2.625, 72.875, 3.949537688630778e-21, nan 
-2.375, 72.875, 4.265250203727629e-21, nan 
-2.125, 72.875, 2.6980054556317723e-21, nan 
-1.875, 72.875, 3.0648492262950512e-21, nan 
-1.625, 72.875, 1.5931736313271443e-21, nan 
-1.375, 72.875, 1.3752901220971628e-21, nan 
-1.125, 72.875, 2.635396140670643e-21, nan 
-0.875, 72.875, 3.744971809468235e-21, nan 
-0.625, 72.875, 2.4314373448544286e-21, nan 
-0.375, 72.875, 2.683074263363637e-21, nan 
-0.125, 72.875, 3.592060891700754e-21, nan 
0.125, 72.875, 3.3098667577232475e-21, nan 
0.375, 72.875, 4.298100875422731e-21, nan 
0.625, 72.875, 5.197862565376337e-21, nan 
0.875, 72.875, 3.542518331838784e-21, nan 
1.125, 72.875, 3.2040471796744937e-21, nan 
1.375, 72.875, 4.0977761956913685e-21, nan 
1.625, 72.875, 2.6548634760811053e-21, nan 
1.875, 72.875, 3.6212939445007415e-21, nan 
2.125, 72.875, 4.258276376688103e-21, nan 
2.375, 72.875, 3.199556801569696e-21, nan 
2.625, 72.875, 2.9122273077360807e-21, nan 
2.875, 72.875, 3.09905771284798e-21, nan 
3.125, 72.875, 2.5372086338096473e-21, nan 
3.375, 72.875, 1.8762737798479556e-21, nan 
3.625, 72.875, 9.01985182466589e-22, nan 
3.875, 72.875, 1.260355102576021e-21, nan 
4.125, 72.875, 1.903193813024534e-21, nan 
4.375, 72.875, 9.833301729201408e-22, nan 
4.625, 72.875, 8.602834640592808e-22, nan 
4.875, 72.875, 1.4999918937949248e-21, nan 
5.125, 72.875, 1.062550745234677e-21, nan 
5.375, 72.875, 8.89155511508156e-22, nan 
5.625, 72.875, 1.1975438787505469e-21, nan 
5.875, 72.875, 1.0818976052857536e-21, nan 
6.125, 72.875, 1.3863627399765917e-21, nan 
6.375, 72.875, 1.9603396338346386e-21, nan 
6.625, 72.875, 1.262566046066345e-21, nan 
6.875, 72.875, 6.5341265278663305e-22, nan 
7.125, 72.875, 1.042917182001242e-21, nan 
7.375, 72.875, 1.1068022786479736e-21, nan 
7.625, 72.875, 6.285261004850608e-22, nan 
7.875, 72.875, 9.29681524066994e-22, nan 
8.125, 72.875, 1.4147615334511206e-21, nan 
8.375, 72.875, 1.7823570032567845e-21, nan 
8.625, 72.875, 1.603801410923424e-21, nan 
8.875, 72.875, 1.518519359989772e-21, nan 
9.125, 72.875, 1.7976297268056756e-21, nan 
9.375, 72.875, 1.27647245896598e-21, nan 
9.625, 72.875, 6.294666628385212e-22, nan 
9.875, 72.875, 3.2415159858224605e-22, nan 
10.125, 72.875, 4.897024669697684e-22, nan 
10.375, 72.875, 8.615739189751875e-22, nan 
10.625, 72.875, 4.771556335236873e-22, nan 
10.875, 72.875, 5.941683654793621e-22, nan 
11.125, 72.875, 7.830116897775348e-22, nan 
11.375, 72.875, 8.479592947113238e-22, nan 
11.625, 72.875, 6.464991773674879e-22, nan 
11.875, 72.875, 5.824972062751509e-22, nan 
12.125, 72.875, 6.180248037689114e-22, nan 
12.375, 72.875, 4.0312281926273745e-22, nan 
12.625, 72.875, 3.8156928965095075e-22, nan 
12.875, 72.875, 2.255145294426307e-22, nan 
13.125, 72.875, 1.621164307368523e-22, nan 
13.375, 72.875, 4.2318252856564766e-22, nan 
13.625, 72.875, 3.038927713448921e-22, nan 
13.875, 72.875, 3.3974840322761453e-22, nan 
14.125, 72.875, 3.151409942144201e-22, nan 
14.375, 72.875, 3.4962151307157785e-22, nan 
14.625, 72.875, 4.1112858194640742e-22, nan 
14.875, 72.875, 3.671664207858381e-22, nan 
15.125, 72.875, 3.687440393502535e-22, nan 
15.375, 72.875, 2.9563449877417425e-22, nan 
15.625, 72.875, 3.576469156288984e-22, nan 
15.875, 72.875, 3.32676252886402e-22, nan 
16.125, 72.875, 3.912421874337567e-22, nan 
16.375, 72.875, 1.9066268433709988e-22, nan 
16.625, 72.875, 1.6468711378207913e-22, nan 
16.875, 72.875, 2.6055128606062247e-22, nan 
17.125, 72.875, 2.7180495838649545e-22, nan 
17.375, 72.875, 2.507155842014266e-22, nan 
17.625, 72.875, 2.5372457323788666e-22, nan 
17.875, 72.875, 3.816989556897131e-22, nan 
18.125, 72.875, 4.923545725200244e-22, nan 
18.375, 72.875, 4.128283903936041e-22, nan 
18.625, 72.875, 3.5365598869616593e-22, nan 
18.875, 72.875, 5.359585512026478e-22, nan 
19.125, 72.875, 3.700534136955641e-22, nan 
19.375, 72.875, 2.612162452237585e-22, nan 
19.625, 72.875, 2.8286434384808227e-22, nan 
19.875, 72.875, 1.6467140339112722e-22, nan 
20.125, 72.875, 2.1333863518094317e-22, nan 
20.375, 72.875, 2.971692032441705e-22, nan 
20.625, 72.875, 5.327437082918813e-22, nan 
20.875, 72.875, 5.911942218439441e-22, nan 
21.125, 72.875, 4.215857352082333e-22, nan 
21.375, 72.875, 6.287604153453439e-22, nan 
21.625, 72.875, 7.145052920938717e-22, nan 
21.875, 72.875, 5.289998784161889e-22, nan 
22.125, 72.875, 7.842811688662912e-22, nan 
22.375, 72.875, 5.749782833779166e-22, nan 
22.625, 72.875, 2.914716476842563e-22, nan 
22.875, 72.875, 4.457182851189446e-22, nan 
23.125, 72.875, 3.707259075735777e-22, nan 
23.375, 72.875, 2.1375808291722276e-22, nan 
23.625, 72.875, 1.3798194022986965e-22, nan 
23.875, 72.875, 9.879265174917872e-23, nan 
24.125, 72.875, 4.6924220941858504e-23, nan 
24.375, 72.875, 1.0584208952009813e-22, nan 
24.625, 72.875, 8.775037893688293e-23, nan 
24.875, 72.875, 1.1780576336403107e-22, nan 
25.125, 72.875, 9.981545457617372e-23, nan 
25.375, 72.875, 1.8222694089623313e-22, nan 
25.625, 72.875, 3.970767682477315e-22, nan 
25.875, 72.875, 4.961721730366078e-22, nan 
26.125, 72.875, 3.768108263222418e-22, nan 
26.375, 72.875, 4.299026275486675e-22, nan 
26.625, 72.875, 6.715733056903642e-22, nan 
26.875, 72.875, 4.396374678068317e-22, nan 
27.125, 72.875, 4.1334455767657883e-22, nan 
27.375, 72.875, 4.767366631781473e-22, nan 
27.625, 72.875, 2.5346489057707652e-22, nan 
27.875, 72.875, 4.1277002041346973e-22, nan 
28.125, 72.875, 4.016636375446894e-22, nan 
28.375, 72.875, 4.923730057582331e-22, nan 
28.625, 72.875, 2.8055891556564943e-22, nan 
28.875, 72.875, 2.2819250805141645e-22, nan 
29.125, 72.875, 3.5910080866294636e-22, nan 
29.375, 72.875, 8.823000951623527e-23, nan 
29.625, 72.875, 8.721436853044464e-23, nan 
29.875, 72.875, 3.9986858672608165e-23, nan 
30.125, 72.875, 5.0212281809914935e-23, nan 
30.375, 72.875, 5.515236465868589e-23, nan 
30.625, 72.875, 6.02062326401265e-23, nan 
30.875, 72.875, 6.426524015750036e-23, nan 
31.125, 72.875, 3.352130562447039e-23, nan 
31.375, 72.875, 5.682077723756334e-23, nan 
31.625, 72.875, 7.456409025955258e-23, nan 
31.875, 72.875, 6.177378967146498e-23, nan 
32.125, 72.875, 4.734728955692702e-23, nan 
32.375, 72.875, 4.3385177874997745e-23, nan 
32.625, 72.875, 5.407631099071517e-23, nan 
32.875, 72.875, 5.807307962077463e-23, nan 
33.125, 72.875, 6.108531337924044e-23, nan 
33.375, 72.875, 6.595104685876869e-23, nan 
33.625, 72.875, 5.222349123089629e-23, nan 
33.875, 72.875, 7.813883221452676e-23, nan 
34.125, 72.875, 9.230330608382609e-23, nan 
34.375, 72.875, 2.659887016088524e-23, nan 
34.625, 72.875, 4.742721807730624e-23, nan 
34.875, 72.875, 6.250829991173372e-23, nan 
35.125, 72.875, 4.297260718398369e-23, nan 
35.375, 72.875, 4.780932526500434e-23, nan 
35.625, 72.875, 5.601223431917486e-23, nan 
35.875, 72.875, 3.664643023866308e-23, nan 
36.125, 72.875, 5.757610887127853e-23, nan 
36.375, 72.875, 9.428261919953187e-23, nan 
36.625, 72.875, 1.355056462025862e-22, nan 
36.875, 72.875, 4.823813026996752e-23, nan 
37.125, 72.875, 1.1359857178285387e-22, nan 
37.375, 72.875, 2.614306654427923e-22, nan 
37.625, 72.875, 1.5728105443730348e-22, nan 
37.875, 72.875, 1.5002935531526696e-22, nan 
38.125, 72.875, 1.9712895533393637e-22, nan 
38.375, 72.875, 1.4961208657027183e-22, nan 
38.625, 72.875, 1.876500701224116e-22, nan 
38.875, 72.875, 1.2343430469557692e-22, nan 
39.125, 72.875, 8.28605276022149e-23, nan 
39.375, 72.875, 9.127625599801891e-23, nan 
39.625, 72.875, 5.538093066027599e-23, nan 
39.875, 72.875, 3.6959397933878686e-23, nan 
40.125, 72.875, 1.780238394539189e-23, nan 
40.375, 72.875, 1.4385512655653353e-23, nan 
40.625, 72.875, 1.901882726440834e-23, nan 
40.875, 72.875, 2.2224545821955793e-23, nan 
41.125, 72.875, 1.7241807361868197e-23, nan 
41.375, 72.875, 2.663294316157836e-23, nan 
41.625, 72.875, 1.9610315815495602e-23, nan 
41.875, 72.875, 2.4585683091566966e-23, nan 
42.125, 72.875, 3.433667347967402e-23, nan 
42.375, 72.875, 3.7595499728106235e-23, nan 
42.625, 72.875, 4.3062045015187065e-23, nan 
42.875, 72.875, 3.7087775789128164e-23, nan 
43.125, 72.875, 1.9405282194143637e-23, nan 
43.375, 72.875, 2.673619625137691e-23, nan 
43.625, 72.875, 3.2036006565059693e-23, nan 
43.875, 72.875, 2.5954750119665958e-23, nan 
44.125, 72.875, 3.0990064504465364e-23, nan 
44.375, 72.875, 2.643292787472033e-23, nan 
44.625, 72.875, 2.1888827935772203e-23, nan 
44.875, 72.875, 2.3404039804313908e-23, nan 
45.125, 72.875, 2.041585285938371e-23, nan 
45.375, 72.875, 1.851770363189451e-23, nan 
45.625, 72.875, 1.8790952994191543e-23, nan 
45.875, 72.875, 1.858876998191925e-23, nan 
46.125, 72.875, 1.8747573124697725e-23, nan 
46.375, 72.875, 1.226960666914073e-23, nan 
46.625, 72.875, 6.2476585009195524e-24, nan 
46.875, 72.875, 8.47563273330183e-24, nan 
47.125, 72.875, 1.103416167434637e-23, nan 
47.375, 72.875, 1.1880115618547124e-24, nan 
47.625, 72.875, 9.572322195052854e-24, nan 
47.875, 72.875, 1.0869543029611745e-23, nan 
48.125, 72.875, 5.365069794109864e-24, nan 
48.375, 72.875, 7.397669091809228e-24, nan 
48.625, 72.875, 5.405595152280957e-24, nan 
48.875, 72.875, 1.4684564119280992e-23, nan 
49.125, 72.875, 1.3115438783241285e-23, nan 
49.375, 72.875, 1.6986053673684274e-23, nan 
49.625, 72.875, 7.866856360045858e-24, nan 
49.875, 72.875, 6.55066836429751e-24, nan 
50.125, 72.875, 1.0158438040586861e-23, nan 
50.375, 72.875, 9.376909705121173e-24, nan 
50.625, 72.875, 1.048765131377321e-23, nan 
50.875, 72.875, 1.311848485386953e-23, nan 
51.125, 72.875, 1.7147020819766564e-23, nan 
51.375, 72.875, 1.66985747611882e-23, nan 
51.625, 72.875, 1.33229180547719e-23, nan 
51.875, 72.875, 8.59741798413641e-24, nan 
52.125, 72.875, 8.503688920426402e-24, nan 
52.375, 72.875, 8.126374372469941e-24, nan 
52.625, 72.875, 9.081712843394112e-24, nan 
52.875, 72.875, 8.343094027515758e-24, nan 
53.125, 72.875, 7.303810984317868e-24, nan 
53.375, 72.875, 8.020243610115286e-24, nan 
53.625, 72.875, 1.1961321395683732e-23, nan 
53.875, 72.875, 1.0903222447711394e-23, nan 
54.125, 72.875, 1.1531612023104734e-23, nan 
54.375, 72.875, 1.4510421997652882e-23, nan 
54.625, 72.875, 1.311536231638853e-23, nan 
54.875, 72.875, 1.427441967886432e-23, nan 
55.125, 72.875, 1.3135844862982398e-23, nan 
55.375, 72.875, 1.4148536544822694e-23, nan 
55.625, 72.875, 1.468020308619517e-23, nan 
55.875, 72.875, 1.362641834189947e-23, nan 
56.125, 72.875, 1.2602940074635089e-23, nan 
56.375, 72.875, 1.4564514668959508e-23, nan 
56.625, 72.875, 1.2320327066963352e-23, nan 
56.875, 72.875, 1.3030425445894068e-23, nan 
57.125, 72.875, 1.1776775512665183e-23, nan 
57.375, 72.875, 1.5041266811160902e-23, nan 
57.625, 72.875, 1.3593632702586222e-23, nan 
57.875, 72.875, 1.1681483687800633e-23, nan 
58.125, 72.875, 1.092148750453045e-23, nan 
58.375, 72.875, 1.500962218946484e-23, nan 
58.625, 72.875, 1.595196364665779e-23, nan 
58.875, 72.875, 1.3402204871027713e-23, nan 
59.125, 72.875, 1.388728052348093e-23, nan 
59.375, 72.875, 1.9121024269563158e-23, nan 
59.625, 72.875, 1.6829857480866158e-23, nan 
59.875, 72.875, 1.2640894965373155e-23, nan 
60.125, 72.875, 1.6814189693311363e-23, nan 
60.375, 72.875, 2.0239472122032685e-23, nan 
60.625, 72.875, 1.8859834443062233e-23, nan 
60.875, 72.875, 1.857980385637736e-23, nan 
61.125, 72.875, 2.2099185005081464e-23, nan 
61.375, 72.875, 2.2306469008717856e-23, nan 
61.625, 72.875, 1.4900909936484557e-23, nan 
61.875, 72.875, 9.743228300784269e-24, nan 
62.125, 72.875, 4.75612725519386e-24, nan 
62.375, 72.875, 1.0940993890603081e-24, nan 
62.625, 72.875, 3.501556802645972e-24, nan 
62.875, 72.875, 3.0068174435157266e-24, nan 
63.125, 72.875, 3.798037277418748e-24, nan 
63.375, 72.875, 2.4760365806447198e-24, nan 
63.625, 72.875, 3.5349808682799365e-24, nan 
63.875, 72.875, 6.455618146713107e-24, nan 
64.125, 72.875, 7.605724828189022e-24, nan 
64.375, 72.875, 1.0143352813797904e-23, nan 
64.625, 72.875, 1.0982861146695343e-23, nan 
64.875, 72.875, 1.2394261252360872e-23, nan 
65.125, 72.875, 1.2998318421700941e-23, nan 
65.375, 72.875, 1.406804728099564e-23, nan 
65.625, 72.875, 1.4057500078010882e-23, nan 
65.875, 72.875, 1.2820230816003924e-23, nan 
66.125, 72.875, 1.0124516736895893e-23, nan 
66.375, 72.875, 1.035021241572998e-23, nan 
66.625, 72.875, 8.994687894763057e-24, nan 
66.875, 72.875, 7.804471224810422e-24, nan 
67.125, 72.875, 7.501636199960599e-24, nan 
67.375, 72.875, 6.677796967605321e-24, nan 
67.625, 72.875, 6.4667446550914656e-24, nan 
67.875, 72.875, 5.8649329884368145e-24, nan 
68.125, 72.875, 4.887234252305906e-24, nan 
68.375, 72.875, 2.916305997888435e-24, nan 
68.625, 72.875, 3.540439866881424e-24, nan 
68.875, 72.875, 4.617431406089679e-24, nan 
69.125, 72.875, 7.061899325519825e-24, nan 
69.375, 72.875, 5.474956576689844e-24, nan 
69.625, 72.875, 5.779508657102761e-24, nan 
69.875, 72.875, 6.851347468368163e-24, nan 
70.125, 72.875, 1.2232272365885729e-23, nan 
70.375, 72.875, 1.2651862405129272e-23, nan 
70.625, 72.875, 1.1123564531336468e-23, nan 
70.875, 72.875, 1.0249985911224644e-23, nan 
71.125, 72.875, 1.1677168018100863e-23, nan 
71.375, 72.875, 9.982571522374418e-24, nan 
71.625, 72.875, 9.233558311075752e-24, nan 
71.875, 72.875, 8.640367318865095e-24, nan 
72.125, 72.875, 1.0225782836118179e-23, nan 
72.375, 72.875, 8.958711636808286e-24, nan 
72.625, 72.875, 1.0735458781264534e-23, nan 
72.875, 72.875, 6.502112569986015e-24, nan 
73.125, 72.875, 6.419606211291232e-24, nan 
73.375, 72.875, 6.312072317440843e-24, nan 
73.625, 72.875, 9.254444699054154e-24, nan 
73.875, 72.875, 1.1411987590868898e-23, nan 
74.125, 72.875, 8.935533625175121e-24, nan 
74.375, 72.875, 9.827342483698693e-24, nan 
74.625, 72.875, 9.89803791581658e-24, nan 
74.875, 72.875, 7.286488539096688e-24, nan 
75.125, 72.875, 6.3167609472533874e-24, nan 
75.375, 72.875, 8.337165031600489e-24, nan 
75.625, 72.875, 7.636157017392263e-24, nan 
75.875, 72.875, 7.370214636326463e-24, nan 
76.125, 72.875, 5.654862141295517e-24, nan 
76.375, 72.875, 6.77634565273558e-24, nan 
76.625, 72.875, 6.283783534597256e-24, nan 
76.875, 72.875, 6.668937116381142e-24, nan 
77.125, 72.875, 1.0623752523318621e-23, nan 
77.375, 72.875, 7.53205250081955e-24, nan 
77.625, 72.875, 2.3689389073728457e-24, nan 
77.875, 72.875, 4.4355504841801836e-24, nan 
78.125, 72.875, 2.8156543386809482e-24, nan 
78.375, 72.875, 5.673856354067672e-25, nan 
78.625, 72.875, 2.7622394002071745e-24, nan 
78.875, 72.875, 2.4912124202273735e-24, nan 
79.125, 72.875, 1.431001647619316e-24, nan 
79.375, 72.875, 1.7275458364955447e-24, nan 
79.625, 72.875, 2.3886134527376765e-24, nan 
79.875, 72.875, 1.6741298596274955e-24, nan 
80.125, 72.875, 1.5425666918664961e-24, nan 
80.375, 72.875, 8.527459329895522e-25, nan 
80.625, 72.875, 2.7597668354507652e-24, nan 
80.875, 72.875, 1.9274562847763785e-24, nan 
81.125, 72.875, 2.85890176016073e-24, nan 
81.375, 72.875, 2.6700599164347566e-24, nan 
81.625, 72.875, 2.680300588901264e-24, nan 
81.875, 72.875, 2.790218038850864e-24, nan 
82.125, 72.875, 2.8338240053568015e-24, nan 
82.375, 72.875, 2.083979302586978e-24, nan 
82.625, 72.875, 2.309122134255818e-24, nan 
82.875, 72.875, 1.326673726611696e-24, nan 
83.125, 72.875, 2.25130584344708e-24, nan 
83.375, 72.875, 1.5255982427458305e-24, nan 
83.625, 72.875, 8.142365538041554e-25, nan 
83.875, 72.875, 1.696904016535792e-24, nan 
84.125, 72.875, 1.921586723517299e-24, nan 
84.375, 72.875, 1.873531262874038e-24, nan 
84.625, 72.875, 3.868948186381014e-24, nan 
84.875, 72.875, 4.817729497371166e-24, nan 
85.125, 72.875, 3.433184067279455e-24, nan 
85.375, 72.875, 3.6183547240536995e-24, nan 
85.625, 72.875, 4.806787035293158e-24, nan 
85.875, 72.875, 6.4406353744915925e-24, nan 
86.125, 72.875, 5.7147881984080186e-24, nan 
86.375, 72.875, 5.327382212590707e-24, nan 
86.625, 72.875, 8.634963507332919e-24, nan 
86.875, 72.875, 6.3969979582225965e-24, nan 
87.125, 72.875, 5.152000815211851e-24, nan 
87.375, 72.875, 4.63366396355194e-24, nan 
87.625, 72.875, 3.4614741505267784e-24, nan 
87.875, 72.875, 3.1801108745882315e-24, nan 
88.125, 72.875, 3.386059983856711e-24, nan 
88.375, 72.875, 3.569083708540063e-24, nan 
88.625, 72.875, 2.2072722503239063e-24, nan 
-162.875, 73.125, 2.311900164968662e-24, nan 
-162.625, 73.125, 1.9007342524642097e-24, nan 
-162.375, 73.125, 1.680497037679113e-24, nan 
-162.125, 73.125, 3.367973701762791e-24, nan 
-161.875, 73.125, 2.6020424271717916e-24, nan 
-161.625, 73.125, 1.656640068140365e-24, nan 
-161.375, 73.125, 2.3520383167783625e-24, nan 
-161.125, 73.125, 2.4107011931792255e-24, nan 
-160.875, 73.125, 2.1835314216610436e-24, nan 
-160.625, 73.125, 2.001144814382651e-24, nan 
-160.375, 73.125, 1.9865862763231427e-24, nan 
-160.125, 73.125, 1.926806547687571e-24, nan 
-159.875, 73.125, 1.871332641476768e-24, nan 
-159.625, 73.125, 1.6620367330129093e-24, nan 
-159.375, 73.125, 3.182240136201749e-24, nan 
-159.125, 73.125, 2.390878751135123e-24, nan 
-158.875, 73.125, 2.708765625062512e-24, nan 
-158.625, 73.125, 4.229881831938594e-24, nan 
-158.375, 73.125, 4.1243115989410286e-24, nan 
-158.125, 73.125, 9.845736548847578e-24, nan 
-157.875, 73.125, 1.1154391881019025e-23, nan 
-157.625, 73.125, 1.1823336831915916e-23, nan 
-157.375, 73.125, 9.533147073467806e-24, nan 
-157.125, 73.125, 6.1821842764167346e-24, nan 
-156.875, 73.125, 4.7975139791464094e-24, nan 
-156.625, 73.125, 3.0449181608574983e-24, nan 
-156.375, 73.125, 2.1157307511310913e-24, nan 
-156.125, 73.125, 2.800032131148482e-24, nan 
-155.875, 73.125, 2.9035141319343952e-24, nan 
-155.625, 73.125, 3.282897431909089e-24, nan 
-155.375, 73.125, 3.390251995086314e-24, nan 
-155.125, 73.125, 2.9840451989364397e-24, nan 
-154.875, 73.125, 2.7444779421862157e-24, nan 
-154.625, 73.125, 6.328196629628185e-24, nan 
-154.375, 73.125, 4.109749619114955e-24, nan 
-154.125, 73.125, 3.6026812008475185e-24, nan 
-153.875, 73.125, 5.110620272415879e-24, nan 
-153.625, 73.125, 5.69783639348374e-24, nan 
-153.375, 73.125, 4.056761633244174e-24, nan 
-153.125, 73.125, 6.181529710839789e-24, nan 
-152.875, 73.125, 6.896091437797778e-24, nan 
-152.625, 73.125, 6.3663858259396005e-24, nan 
-152.375, 73.125, 7.612556195824581e-24, nan 
-152.125, 73.125, 7.415976148439386e-24, nan 
-151.875, 73.125, 6.826174475359036e-24, nan 
-151.625, 73.125, 1.2085640935531494e-24, nan 
-151.375, 73.125, 1.487382117755537e-24, nan 
-151.125, 73.125, 2.5462357757380103e-24, nan 
-150.875, 73.125, 3.1069311367454003e-24, nan 
-150.625, 73.125, 2.186249734341408e-24, nan 
-150.375, 73.125, 3.490264414982566e-24, nan 
-150.125, 73.125, 5.602767934472261e-24, nan 
-149.875, 73.125, 6.63608284338568e-24, nan 
-149.625, 73.125, 7.041691537009311e-24, nan 
-149.375, 73.125, 6.977618300330533e-24, nan 
-149.125, 73.125, 8.824007413561015e-24, nan 
-148.875, 73.125, 9.961377192921993e-24, nan 
-148.625, 73.125, 6.113806656074114e-24, nan 
-148.375, 73.125, 4.909571609166003e-24, nan 
-148.125, 73.125, 6.5579160540918336e-24, nan 
-147.875, 73.125, 3.758632744436598e-24, nan 
-147.625, 73.125, 7.308162969693361e-24, nan 
-147.375, 73.125, 5.435087957689858e-24, nan 
-147.125, 73.125, 5.18363222353407e-24, nan 
-146.875, 73.125, 5.533676124180874e-24, nan 
-146.625, 73.125, 5.1077811492206714e-24, nan 
-146.375, 73.125, 7.379808776562057e-24, nan 
-146.125, 73.125, 5.054987690732545e-24, nan 
-145.875, 73.125, 4.5082327853599216e-24, nan 
-145.625, 73.125, 5.697523798491148e-24, nan 
-145.375, 73.125, 5.646126037241682e-24, nan 
-145.125, 73.125, 7.952976323035936e-24, nan 
-144.875, 73.125, 6.921447323667661e-24, nan 
-144.625, 73.125, 8.972153037935028e-24, nan 
-144.375, 73.125, 8.481656448164722e-24, nan 
-144.125, 73.125, 7.503071283109334e-24, nan 
-143.875, 73.125, 4.0205994736559345e-24, nan 
-143.625, 73.125, 5.2389189076835415e-24, nan 
-143.375, 73.125, 7.266632009546695e-24, nan 
-143.125, 73.125, 8.906468123458772e-24, nan 
-142.875, 73.125, 4.453814722024716e-24, nan 
-142.625, 73.125, 1.11777459189068e-23, nan 
-142.375, 73.125, 9.450674138860808e-24, nan 
-142.125, 73.125, 8.028582406088005e-24, nan 
-141.875, 73.125, 1.0113838201563508e-23, nan 
-141.625, 73.125, 7.240152565127445e-24, nan 
-141.375, 73.125, 2.8697041773985867e-24, nan 
-141.125, 73.125, 4.441846335846269e-24, nan 
-140.875, 73.125, 4.233221966555828e-24, nan 
-140.625, 73.125, 3.953599983139854e-24, nan 
-140.375, 73.125, 3.8003793719154564e-24, nan 
-140.125, 73.125, 4.0578662035165325e-24, nan 
-139.875, 73.125, 1.9534590287544942e-24, nan 
-139.625, 73.125, 2.1816156495268072e-24, nan 
-139.375, 73.125, 2.9798243271558176e-24, nan 
-139.125, 73.125, 6.955131359126902e-24, nan 
-138.875, 73.125, 6.447997059361221e-24, nan 
-138.625, 73.125, 3.411966702006224e-24, nan 
-138.375, 73.125, 7.375543505519301e-24, nan 
-138.125, 73.125, 7.307483643462408e-24, nan 
-137.875, 73.125, 5.05093147606649e-24, nan 
-137.625, 73.125, 5.824915085405878e-24, nan 
-137.375, 73.125, 6.821485181740724e-24, nan 
-137.125, 73.125, 4.249475339620091e-24, nan 
-136.875, 73.125, 4.979994936488861e-24, nan 
-136.625, 73.125, 5.726912488909088e-24, nan 
-136.375, 73.125, 3.248569426214949e-24, nan 
-136.125, 73.125, 2.142708969802621e-24, nan 
-135.875, 73.125, 3.222985144610572e-24, nan 
-135.625, 73.125, 3.1148328606213725e-24, nan 
-135.375, 73.125, 3.8519577346507355e-24, nan 
-135.125, 73.125, 5.0287945895045055e-24, nan 
-134.875, 73.125, 3.371363414277855e-24, nan 
-134.625, 73.125, 2.803262829059094e-24, nan 
-134.375, 73.125, 2.3532242202375e-24, nan 
-134.125, 73.125, 2.6488471262443314e-24, nan 
-133.875, 73.125, 5.602351560702022e-24, nan 
-133.625, 73.125, 6.37639688625161e-24, nan 
-133.375, 73.125, 6.615751597505959e-24, nan 
-133.125, 73.125, 8.005039954013385e-24, nan 
-132.875, 73.125, 6.74732143175071e-24, nan 
-132.625, 73.125, 5.4884823295751094e-24, nan 
-132.375, 73.125, 3.4898189607422075e-24, nan 
-132.125, 73.125, 2.639378611876366e-24, nan 
-131.875, 73.125, 2.04048044866124e-24, nan 
-131.625, 73.125, 3.644019295504712e-24, nan 
-131.375, 73.125, 7.315232951277421e-24, nan 
-131.125, 73.125, 4.992057516021704e-24, nan 
-130.875, 73.125, 6.04573518827345e-24, nan 
-130.625, 73.125, 1.0797180379863019e-23, nan 
-130.375, 73.125, 5.494183139087563e-24, nan 
-130.125, 73.125, 6.81488864225457e-24, nan 
-129.875, 73.125, 1.0336311843836641e-23, nan 
-129.625, 73.125, 1.2984145967464357e-23, nan 
-129.375, 73.125, 1.323372045030071e-23, nan 
-129.125, 73.125, 1.1666173055239107e-23, nan 
-128.875, 73.125, 1.1586547596307821e-23, nan 
-128.625, 73.125, 8.397710713349844e-24, nan 
-128.375, 73.125, 9.552834143585864e-24, nan 
-128.125, 73.125, 5.456910026164247e-24, nan 
-127.875, 73.125, 8.191236903979188e-24, nan 
-127.625, 73.125, 5.3060499468836104e-24, nan 
-127.375, 73.125, 3.0252583221076026e-24, nan 
-127.125, 73.125, 8.690579969377866e-24, nan 
-126.875, 73.125, 9.122764032438268e-24, nan 
-126.625, 73.125, 1.2778155291853915e-23, nan 
-126.375, 73.125, 2.3362508818994917e-23, nan 
-126.125, 73.125, 3.228381522216223e-23, nan 
-125.875, 73.125, 3.0917277901514913e-23, nan 
-125.625, 73.125, 2.435225630458344e-23, nan 
-125.375, 73.125, 3.501609592944854e-23, nan 
-125.125, 73.125, 2.5655049894814754e-23, nan 
-124.875, 73.125, 2.1482772177857732e-23, nan 
-124.625, 73.125, 2.646192410891313e-23, nan 
-124.375, 73.125, 2.1734194397767328e-23, nan 
-124.125, 73.125, 2.769889925967283e-23, nan 
-123.875, 73.125, 2.568222116158438e-23, nan 
-123.625, 73.125, 2.0272187660690612e-23, nan 
-123.375, 73.125, 2.3494217558315606e-23, nan 
-123.125, 73.125, 1.2885536443628921e-23, nan 
-122.875, 73.125, 2.685291920332789e-23, nan 
-122.625, 73.125, 3.582667024343439e-23, nan 
-122.375, 73.125, 2.1289317328451912e-23, nan 
-122.125, 73.125, 2.1770247960917414e-23, nan 
-121.875, 73.125, 2.692506302860648e-23, nan 
-121.625, 73.125, 2.3204150459436912e-23, nan 
-121.375, 73.125, 1.9275265643844117e-23, nan 
-121.125, 73.125, 1.8810006838083876e-23, nan 
-120.875, 73.125, 2.652178098129687e-23, nan 
-120.625, 73.125, 2.6102149822566348e-23, nan 
-120.375, 73.125, 7.82035490144315e-24, nan 
-120.125, 73.125, 5.5568793992877404e-24, nan 
-119.875, 73.125, 3.5850925530964426e-24, nan 
-119.625, 73.125, 4.071683865320184e-24, nan 
-119.375, 73.125, 1.7594927885774058e-23, nan 
-119.125, 73.125, 2.765798899052695e-23, nan 
-118.875, 73.125, 2.679375293239848e-23, nan 
-118.625, 73.125, 1.527074808838802e-23, nan 
-118.375, 73.125, 2.117755420142095e-23, nan 
-118.125, 73.125, 2.5299091265776872e-23, nan 
-117.875, 73.125, 1.1863897845563546e-23, nan 
-117.625, 73.125, 1.828172099821819e-23, nan 
-117.375, 73.125, 1.9181312564604598e-23, nan 
-117.125, 73.125, 9.861377814398018e-24, nan 
-116.875, 73.125, 1.9248962491991536e-23, nan 
-116.625, 73.125, 2.4460331223907792e-23, nan 
-116.375, 73.125, 1.7277765713821582e-23, nan 
-116.125, 73.125, 3.433172803324778e-23, nan 
-115.875, 73.125, 3.339872485946225e-23, nan 
-115.625, 73.125, 2.5512366346670663e-23, nan 
-115.375, 73.125, 4.7081534978489533e-23, nan 
-115.125, 73.125, 5.0059078213546233e-23, nan 
-114.875, 73.125, 3.9170904106025476e-23, nan 
-114.625, 73.125, 2.256081649557291e-23, nan 
-114.375, 73.125, 2.847035892521917e-23, nan 
-114.125, 73.125, 3.2072977592219114e-23, nan 
-113.875, 73.125, 1.6790917957084937e-23, nan 
-113.625, 73.125, 5.552152645785456e-24, nan 
-113.375, 73.125, 1.0908485393055271e-23, nan 
-113.125, 73.125, 9.096847706718955e-24, nan 
-112.875, 73.125, 1.162775581599571e-23, nan 
-112.625, 73.125, 1.0919704053932291e-23, nan 
-112.375, 73.125, 1.0210642918939619e-23, nan 
-112.125, 73.125, 7.717622783846111e-24, nan 
-111.875, 73.125, 1.1291042661450241e-23, nan 
-111.625, 73.125, 1.402103388388249e-23, nan 
-111.375, 73.125, 1.4466918150604468e-23, nan 
-111.125, 73.125, 1.2963857035995415e-23, nan 
-110.875, 73.125, 1.516840393472302e-23, nan 
-110.625, 73.125, 1.4540624377433933e-23, nan 
-110.375, 73.125, 1.343688177523977e-23, nan 
-110.125, 73.125, 1.5382283093873918e-23, nan 
-109.875, 73.125, 1.5789864617672702e-23, nan 
-109.625, 73.125, 1.2451844835761961e-23, nan 
-109.375, 73.125, 1.0825194956515312e-23, nan 
-109.125, 73.125, 7.747541124840736e-24, nan 
-108.875, 73.125, 1.133153607351383e-23, nan 
-108.625, 73.125, 1.0029080263814659e-23, nan 
-108.375, 73.125, 9.41930098793639e-24, nan 
-108.125, 73.125, 1.6321039343221062e-23, nan 
-107.875, 73.125, 1.2887772350342686e-23, nan 
-107.625, 73.125, 1.2838593734630145e-23, nan 
-107.375, 73.125, 1.1693226702925191e-23, nan 
-107.125, 73.125, 1.9846325240428996e-23, nan 
-106.875, 73.125, 2.3816317781940804e-23, nan 
-106.625, 73.125, 6.309444624038653e-23, nan 
-106.375, 73.125, 4.12390193118263e-23, nan 
-106.125, 73.125, 3.1001291409546184e-23, nan 
-105.875, 73.125, 1.1556953451266647e-22, nan 
-105.625, 73.125, 3.3435283880342254e-23, nan 
-105.375, 73.125, 4.4034614477901614e-23, nan 
-105.125, 73.125, 5.86407523718624e-23, nan 
-104.875, 73.125, 1.6937603617455162e-23, nan 
-104.625, 73.125, 3.3638211885807144e-23, nan 
-104.375, 73.125, 1.7040693680017758e-23, nan 
-104.125, 73.125, 1.6758101935164925e-23, nan 
-103.875, 73.125, 1.6222119265585106e-23, nan 
-103.625, 73.125, 1.6928211951826242e-23, nan 
-103.375, 73.125, 1.3079977783315937e-23, nan 
-103.125, 73.125, 1.2379047001759684e-23, nan 
-102.875, 73.125, 1.6183589611307063e-23, nan 
-102.625, 73.125, 1.3257319468077337e-23, nan 
-102.375, 73.125, 1.4636380673450587e-23, nan 
-102.125, 73.125, 1.853569306716979e-23, nan 
-101.875, 73.125, 1.8727302990489026e-23, nan 
-101.625, 73.125, 1.787130675443377e-23, nan 
-101.375, 73.125, 1.7590351384324058e-23, nan 
-101.125, 73.125, 2.005929148145455e-23, nan 
-100.875, 73.125, 1.9062158644790958e-23, nan 
-100.625, 73.125, 2.083667498712768e-23, nan 
-100.375, 73.125, 2.975617656047329e-23, nan 
-100.125, 73.125, 2.3222713567927995e-23, nan 
-99.875, 73.125, 3.1149897243086183e-23, nan 
-99.625, 73.125, 2.9058090612701e-23, nan 
-99.375, 73.125, 2.0687975698656922e-23, nan 
-99.125, 73.125, 1.7940038325733243e-23, nan 
-98.875, 73.125, 2.0226313915563613e-23, nan 
-98.625, 73.125, 2.3019858753610005e-23, nan 
-98.375, 73.125, 1.8838165392598657e-23, nan 
-98.125, 73.125, 1.9325858861135982e-23, nan 
-97.875, 73.125, 1.8531021137828884e-23, nan 
-97.625, 73.125, 2.0971516901760788e-23, nan 
-97.375, 73.125, 1.8783218555315707e-23, nan 
-97.125, 73.125, 1.9086855715302254e-23, nan 
-96.875, 73.125, 2.1097557496898796e-23, nan 
-96.625, 73.125, 2.2806515969775943e-23, nan 
-96.375, 73.125, 2.823592795989938e-23, nan 
-96.125, 73.125, 2.4157201734920424e-23, nan 
-95.875, 73.125, 2.877421115624265e-23, nan 
-95.625, 73.125, 4.4852208972562826e-23, nan 
-95.375, 73.125, 3.4637071932842174e-23, nan 
-95.125, 73.125, 2.407892953195994e-23, nan 
-94.875, 73.125, 4.129103980739631e-23, nan 
-94.625, 73.125, 4.117845383778445e-23, nan 
-94.375, 73.125, 5.60403557996041e-23, nan 
-94.125, 73.125, 2.610330728560446e-23, nan 
-93.875, 73.125, 5.383437056094767e-23, nan 
-93.625, 73.125, 1.0035197028708995e-22, nan 
-93.375, 73.125, 3.0008802218131044e-23, nan 
-93.125, 73.125, 4.254960076142063e-23, nan 
-92.875, 73.125, 6.884317053301681e-23, nan 
-92.625, 73.125, 3.41688559198216e-23, nan 
-92.375, 73.125, 2.8988684509673585e-23, nan 
-92.125, 73.125, 2.8827757558234743e-23, nan 
-91.875, 73.125, 3.0160906540200373e-23, nan 
-91.625, 73.125, 2.745722691679546e-23, nan 
-91.375, 73.125, 2.6437710270993933e-23, nan 
-91.125, 73.125, 1.7587838831260347e-23, nan 
-90.875, 73.125, 1.8281985084088053e-23, nan 
-90.625, 73.125, 2.5056304149040044e-23, nan 
-90.375, 73.125, 2.695283619671866e-23, nan 
-90.125, 73.125, 3.519512697915546e-23, nan 
-89.875, 73.125, 3.3747696000580244e-23, nan 
-89.625, 73.125, 2.5703083412923886e-23, nan 
-89.375, 73.125, 2.9663040049007046e-23, nan 
-89.125, 73.125, 2.449404798298107e-23, nan 
-88.875, 73.125, 2.450553449864805e-23, nan 
-88.625, 73.125, 1.7163317543778057e-23, nan 
-88.375, 73.125, 1.756961640655148e-23, nan 
-88.125, 73.125, 2.6715039926319256e-23, nan 
-87.875, 73.125, 3.8025178611283355e-23, nan 
-87.625, 73.125, 4.634857754356534e-23, nan 
-87.375, 73.125, 4.436220630226696e-23, nan 
-87.125, 73.125, 5.054640159385149e-23, nan 
-86.875, 73.125, 5.727943104453285e-23, nan 
-86.625, 73.125, 4.126090243400813e-23, nan 
-86.375, 73.125, 3.1759045686963453e-23, nan 
-86.125, 73.125, 2.8799538110700234e-23, nan 
-85.875, 73.125, 1.6196008395385346e-23, nan 
-85.625, 73.125, 5.742457504345112e-23, nan 
-85.375, 73.125, 1.250028706330629e-22, nan 
-85.125, 73.125, 7.865330421871918e-23, nan 
-84.875, 73.125, 3.5883730678905607e-23, nan 
-84.625, 73.125, 7.310496122931901e-23, nan 
-84.375, 73.125, 7.196705387141622e-23, nan 
-84.125, 73.125, 6.557365527347012e-23, nan 
-83.875, 73.125, 9.314671632612649e-23, nan 
-83.625, 73.125, 5.298395122688495e-23, nan 
-83.375, 73.125, 4.568409936759789e-23, nan 
-83.125, 73.125, 6.847625215617031e-23, nan 
-82.875, 73.125, 3.0953204515542047e-23, nan 
-82.625, 73.125, 2.7849598243035573e-23, nan 
-82.375, 73.125, 3.489622060167093e-23, nan 
-82.125, 73.125, 3.417512954220164e-23, nan 
-81.875, 73.125, 3.943305417852672e-23, nan 
-81.625, 73.125, 5.0114647638922604e-23, nan 
-81.375, 73.125, 5.679107537826694e-23, nan 
-81.125, 73.125, 4.5600519469302243e-23, nan 
-80.875, 73.125, 4.8708705175148435e-23, nan 
-80.625, 73.125, 6.967040407715358e-23, nan 
-80.375, 73.125, 6.08339219735061e-23, nan 
-80.125, 73.125, 6.416613970807559e-23, nan 
-79.875, 73.125, 5.308573848369113e-23, nan 
-79.625, 73.125, 5.919938306747532e-23, nan 
-79.375, 73.125, 5.770465686429529e-23, nan 
-79.125, 73.125, 6.143232736974519e-23, nan 
-78.875, 73.125, 7.217097209035553e-23, nan 
-78.625, 73.125, 9.883073034024791e-23, nan 
-78.375, 73.125, 9.81383961032768e-23, nan 
-78.125, 73.125, 9.312471552999581e-23, nan 
-77.875, 73.125, 1.0188414672640775e-22, nan 
-77.625, 73.125, 1.0323299677415563e-22, nan 
-77.375, 73.125, 1.21839077179978e-22, nan 
-77.125, 73.125, 5.130059385749627e-23, nan 
-76.875, 73.125, 1.3134103005912247e-22, nan 
-76.625, 73.125, 8.045841130703606e-23, nan 
-76.375, 73.125, 1.0984017996903781e-22, nan 
-76.125, 73.125, 1.998362884552499e-22, nan 
-75.875, 73.125, 1.0855205080008979e-22, nan 
-75.625, 73.125, 1.1732719652047827e-22, nan 
-75.375, 73.125, 1.8255170797466087e-22, nan 
-75.125, 73.125, 1.3419874680266688e-22, nan 
-74.875, 73.125, 1.2581303213336744e-22, nan 
-74.625, 73.125, 7.981454050713977e-23, nan 
-74.375, 73.125, 1.171561263933232e-22, nan 
-74.125, 73.125, 1.4159919541699166e-22, nan 
-73.875, 73.125, 1.340504125681138e-22, nan 
-73.625, 73.125, 1.3174869338520753e-22, nan 
-73.375, 73.125, 1.2261937498127843e-22, nan 
-73.125, 73.125, 7.695703427714442e-23, nan 
-72.875, 73.125, 7.003704893872829e-23, nan 
-72.625, 73.125, 7.338247069652846e-23, nan 
-72.375, 73.125, 8.323301095900086e-23, nan 
-72.125, 73.125, 7.61454601487057e-23, nan 
-71.875, 73.125, 1.7189362810593528e-22, nan 
-71.625, 73.125, 1.1213317630017776e-22, nan 
-71.375, 73.125, 1.0781321137317646e-22, nan 
-71.125, 73.125, 2.2823607785175504e-22, nan 
-70.875, 73.125, 1.169333328292191e-22, nan 
-70.625, 73.125, 1.5000615933189229e-22, nan 
-70.375, 73.125, 1.6834661707165059e-22, nan 
-70.125, 73.125, 1.2899483374002594e-22, nan 
-69.875, 73.125, 1.2243060787175422e-22, nan 
-69.625, 73.125, 6.07742218271029e-23, nan 
-69.375, 73.125, 1.153486820896864e-22, nan 
-69.125, 73.125, 1.2642541975325036e-22, nan 
-68.875, 73.125, 7.061830677507713e-23, nan 
-68.625, 73.125, 1.7630303377587046e-22, nan 
-68.375, 73.125, 1.8794526397921722e-22, nan 
-68.125, 73.125, 1.830382805251394e-22, nan 
-67.875, 73.125, 2.544865161722907e-22, nan 
-67.625, 73.125, 1.8904176838321068e-22, nan 
-67.375, 73.125, 2.5258161045537822e-22, nan 
-67.125, 73.125, 1.6903973521005215e-22, nan 
-66.875, 73.125, 1.8645498684371498e-22, nan 
-66.625, 73.125, 2.8550594934452115e-22, nan 
-66.375, 73.125, 2.450780286072383e-22, nan 
-66.125, 73.125, 1.8094070225523767e-22, nan 
-65.875, 73.125, 1.533945563224893e-22, nan 
-65.625, 73.125, 2.5270206111784755e-22, nan 
-65.375, 73.125, 3.4469402452624804e-22, nan 
-65.125, 73.125, 3.901168528509678e-22, nan 
-64.875, 73.125, 3.368499932674908e-22, nan 
-64.625, 73.125, 2.3666842847184585e-22, nan 
-64.375, 73.125, 3.7728038428573197e-22, nan 
-64.125, 73.125, 3.199926512770047e-22, nan 
-63.875, 73.125, 1.4075226472622225e-22, nan 
-63.625, 73.125, 3.5329082772516547e-22, nan 
-63.375, 73.125, 3.8270467840061504e-22, nan 
-63.125, 73.125, 3.056473552439441e-22, nan 
-62.875, 73.125, 3.4064981384527706e-22, nan 
-62.625, 73.125, 4.540735422667227e-22, nan 
-62.375, 73.125, 5.510675871646852e-22, nan 
-62.125, 73.125, 7.127506264022973e-22, nan 
-61.875, 73.125, 5.153968906202371e-22, nan 
-61.625, 73.125, 5.483874945498351e-22, nan 
-61.375, 73.125, 7.704035209561794e-22, nan 
-61.125, 73.125, 5.611929869821009e-22, nan 
-60.875, 73.125, 6.839545599010672e-22, nan 
-60.625, 73.125, 5.333941473687904e-22, nan 
-60.375, 73.125, 8.009194443632146e-22, nan 
-60.125, 73.125, 8.468502310276027e-22, nan 
-59.875, 73.125, 1.0013711731350314e-21, nan 
-59.625, 73.125, 1.200321731409077e-21, nan 
-59.375, 73.125, 1.006869681928944e-21, nan 
-59.125, 73.125, 1.675094478800486e-21, nan 
-58.875, 73.125, 1.491320895511066e-21, nan 
-58.625, 73.125, 1.1630866885560412e-21, nan 
-58.375, 73.125, 8.420903192113137e-22, nan 
-58.125, 73.125, 1.1876630737786454e-21, nan 
-57.875, 73.125, 2.1706224993357287e-21, nan 
-57.625, 73.125, 2.780420638231868e-21, nan 
-57.375, 73.125, 1.7271823262279818e-21, nan 
-57.125, 73.125, 4.451397510124672e-22, nan 
-56.875, 73.125, 6.548607189569294e-22, nan 
-56.625, 73.125, 7.65052712547938e-22, nan 
-56.375, 73.125, 5.526953093027993e-22, nan 
-56.125, 73.125, 9.071921025957046e-22, nan 
-55.875, 73.125, 1.3434292842676461e-21, nan 
-55.625, 73.125, 1.2949898774474718e-21, nan 
-55.375, 73.125, 1.706140847600719e-21, nan 
-55.125, 73.125, 1.6237138245810958e-21, nan 
-54.875, 73.125, 1.3504933618407123e-21, nan 
-54.625, 73.125, 1.8320035780200283e-21, nan 
-54.375, 73.125, 1.2760198977362606e-21, nan 
-54.125, 73.125, 1.2845499371692904e-21, nan 
-53.875, 73.125, 2.2195676883489977e-21, nan 
-53.625, 73.125, 1.9724424524708066e-21, nan 
-53.375, 73.125, 6.226924486896028e-22, nan 
-53.125, 73.125, 1.1460315855189165e-21, nan 
-52.875, 73.125, 1.267973311303629e-21, nan 
-52.625, 73.125, 1.341763709637504e-21, nan 
-52.375, 73.125, 1.1671245694230348e-21, nan 
-52.125, 73.125, 1.414618107026883e-21, nan 
-51.875, 73.125, 1.8536841238364017e-21, nan 
-51.625, 73.125, 1.6438341850131656e-21, nan 
-51.375, 73.125, 1.950051264432186e-21, nan 
-51.125, 73.125, 2.0562980610660303e-21, nan 
-50.875, 73.125, 2.137911224958589e-21, nan 
-50.625, 73.125, 2.405365616229675e-21, nan 
-50.375, 73.125, 2.4494250170447967e-21, nan 
-50.125, 73.125, 2.526949823378044e-21, nan 
-49.875, 73.125, 2.733366034017338e-21, nan 
-49.625, 73.125, 2.8211006922173316e-21, nan 
-49.375, 73.125, 2.8541328450704217e-21, nan 
-49.125, 73.125, 2.9397243155667935e-21, nan 
-48.875, 73.125, 3.975360479156496e-21, nan 
-48.625, 73.125, 4.570543662434339e-21, nan 
-48.375, 73.125, 4.2627107702630516e-21, nan 
-48.125, 73.125, 4.859617586051458e-21, nan 
-47.875, 73.125, 4.853921536524861e-21, nan 
-47.625, 73.125, 5.819329656037554e-21, nan 
-47.375, 73.125, 4.5973086213496184e-21, nan 
-47.125, 73.125, 4.502536846401359e-21, nan 
-46.875, 73.125, 1.1085761908271573e-20, nan 
-46.625, 73.125, 1.3080325950883676e-20, nan 
-46.375, 73.125, 7.622385880038533e-21, nan 
-46.125, 73.125, 1.321466153497766e-20, nan 
-45.875, 73.125, 1.484928184121789e-20, nan 
-45.625, 73.125, 9.019027242804011e-21, nan 
-45.375, 73.125, 9.742877268042132e-21, nan 
-45.125, 73.125, 9.884158983085195e-21, nan 
-44.875, 73.125, 8.89508836770488e-21, nan 
-44.625, 73.125, 1.0697555836739422e-20, nan 
-44.375, 73.125, 1.3245280852922906e-20, nan 
-44.125, 73.125, 1.0532959301751944e-20, nan 
-43.875, 73.125, 1.3917828842698604e-20, nan 
-43.625, 73.125, 1.1532990761528015e-20, nan 
-43.375, 73.125, 7.741720168526815e-21, nan 
-43.125, 73.125, 2.200694103768473e-20, nan 
-42.875, 73.125, 1.244699537067524e-20, nan 
-42.625, 73.125, 1.7548833607992156e-20, nan 
-42.375, 73.125, 2.143795785432814e-20, nan 
-42.125, 73.125, 1.4051628226618015e-20, nan 
-41.875, 73.125, 2.2551410461667365e-20, nan 
-41.625, 73.125, 2.0683043896230252e-20, nan 
-41.375, 73.125, 2.6700509902491133e-20, nan 
-41.125, 73.125, 3.872422778956014e-20, nan 
-40.875, 73.125, 2.8960109373536827e-20, nan 
-40.625, 73.125, 3.071504104479765e-20, nan 
-40.375, 73.125, 4.1665539290293194e-20, nan 
-40.125, 73.125, 1.8225463084680895e-20, nan 
-39.875, 73.125, 1.203139297222171e-20, nan 
-39.625, 73.125, 1.4835143786785998e-20, nan 
-39.375, 73.125, 1.8285231400385183e-20, nan 
-39.125, 73.125, 2.5199263850114898e-20, nan 
-38.875, 73.125, 2.707193283691582e-20, nan 
-38.625, 73.125, 2.95732222167636e-20, nan 
-38.375, 73.125, 2.5424391633715842e-20, nan 
-38.125, 73.125, 2.431860207761052e-20, nan 
-37.875, 73.125, 2.756259922955825e-20, nan 
-37.625, 73.125, 1.6900032657929047e-20, nan 
-37.375, 73.125, 2.190065003958476e-20, nan 
-37.125, 73.125, 3.590681042204446e-20, nan 
-36.875, 73.125, 4.861546656750882e-20, nan 
-36.625, 73.125, 2.3869538701968413e-20, nan 
-36.375, 73.125, 4.2151416549832383e-20, nan 
-36.125, 73.125, 2.9595536746080424e-20, nan 
-35.875, 73.125, 2.0390376478221783e-20, nan 
-35.625, 73.125, 2.281866807399128e-20, nan 
-35.375, 73.125, 2.487281466304146e-20, nan 
-35.125, 73.125, 2.1791457458799973e-20, nan 
-34.875, 73.125, 1.4415742201985055e-20, nan 
-34.625, 73.125, 2.3126938825658118e-20, nan 
-34.375, 73.125, 7.113493679341369e-20, nan 
-34.125, 73.125, 7.762179994752182e-20, nan 
-33.875, 73.125, 7.821941332706691e-20, nan 
-33.625, 73.125, 8.136858908756868e-20, nan 
-33.375, 73.125, 8.445977663266514e-20, nan 
-33.125, 73.125, 9.082104080830886e-20, nan 
-32.875, 73.125, 7.807603763115725e-20, nan 
-32.625, 73.125, 8.494546589305768e-20, nan 
-32.375, 73.125, 6.282600499007529e-20, nan 
-32.125, 73.125, 5.71962964927367e-20, nan 
-31.875, 73.125, 6.662511144980497e-20, nan 
-31.625, 73.125, 3.9899627480507144e-20, nan 
-31.375, 73.125, 3.876771896331646e-20, nan 
-31.125, 73.125, 4.408192337419937e-20, nan 
-30.875, 73.125, 4.035246671392276e-20, nan 
-30.625, 73.125, 3.270160774169174e-20, nan 
-30.375, 73.125, 4.697248404431621e-20, nan 
-30.125, 73.125, 3.432878455363507e-20, nan 
-29.875, 73.125, 3.076804697381841e-20, nan 
-29.625, 73.125, 5.036892810651757e-20, nan 
-29.375, 73.125, 3.9227442091007966e-20, nan 
-29.125, 73.125, 3.106087065590305e-20, nan 
-28.875, 73.125, 5.330008355312134e-20, nan 
-28.625, 73.125, 5.091460199265005e-20, nan 
-28.375, 73.125, 4.3227379853183624e-20, nan 
-28.125, 73.125, 4.634774247832187e-20, nan 
-27.875, 73.125, 3.4807092515685603e-20, nan 
-27.625, 73.125, 3.957274644059605e-20, nan 
-27.375, 73.125, 3.631974555526369e-20, nan 
-27.125, 73.125, 4.417687087139023e-20, nan 
-26.875, 73.125, 5.056195133567109e-20, nan 
-26.625, 73.125, 3.900466329020462e-20, nan 
-26.375, 73.125, 3.9692449678706773e-20, nan 
-26.125, 73.125, 4.6999868046868635e-20, nan 
-25.875, 73.125, 3.2148025887439116e-20, nan 
-25.625, 73.125, 3.482329780104157e-20, nan 
-25.375, 73.125, 2.6693810290054338e-20, nan 
-25.125, 73.125, 3.825436595768489e-20, nan 
-24.875, 73.125, 3.415498085393255e-20, nan 
-24.625, 73.125, 3.244098553772969e-20, nan 
-24.375, 73.125, 4.6903058282248656e-20, nan 
-24.125, 73.125, 5.43435390882483e-20, nan 
-23.875, 73.125, 4.726412543359008e-20, nan 
-23.625, 73.125, 6.32034958072523e-20, nan 
-23.375, 73.125, 5.823704343133404e-20, nan 
-23.125, 73.125, 5.861959133943712e-20, nan 
-22.875, 73.125, 5.803181024674138e-20, nan 
-22.625, 73.125, 6.011076161652828e-20, nan 
-22.375, 73.125, 6.013208275528646e-20, nan 
-22.125, 73.125, 4.776671209677457e-20, nan 
-21.875, 73.125, 6.63929144223171e-20, nan 
-21.625, 73.125, 5.392710507927063e-20, nan 
-21.375, 73.125, 3.9926476386672957e-20, nan 
-21.125, 73.125, 2.992033824689555e-20, nan 
-20.875, 73.125, 4.03691997461705e-20, nan 
-20.625, 73.125, 5.0785181343029045e-20, nan 
-20.375, 73.125, 5.670771928719147e-20, nan 
-20.125, 73.125, 5.799535690371817e-20, nan 
-19.875, 73.125, 7.708529971806025e-20, nan 
-19.625, 73.125, 7.63174384840087e-20, nan 
-19.375, 73.125, 3.2863454175944166e-20, nan 
-19.125, 73.125, 7.241215542138266e-21, nan 
-18.875, 73.125, 4.4020373318213195e-20, nan 
-18.625, 73.125, 4.235144651800559e-20, nan 
-18.375, 73.125, 3.3122654250523304e-20, nan 
-18.125, 73.125, 3.302541190310895e-20, nan 
-17.875, 73.125, 3.392145937148148e-20, nan 
-17.625, 73.125, 3.355052880113179e-20, nan 
-17.375, 73.125, 2.770745967595966e-20, nan 
-17.125, 73.125, 2.4791686422818276e-20, nan 
-16.875, 73.125, 2.973657177462654e-20, nan 
-16.625, 73.125, 4.136892600588652e-20, nan 
-16.375, 73.125, 2.792603017338505e-20, nan 
-16.125, 73.125, 2.3637089336787835e-20, nan 
-15.875, 73.125, 2.782526775182849e-20, nan 
-15.625, 73.125, 2.984603075723308e-20, nan 
-15.375, 73.125, 2.9101101633587766e-20, nan 
-15.125, 73.125, 1.4468014932287942e-20, nan 
-14.875, 73.125, 2.2558392373128807e-20, nan 
-14.625, 73.125, 3.0470333901895564e-20, nan 
-14.375, 73.125, 1.630041720891179e-20, nan 
-14.125, 73.125, 1.9589668392971505e-20, nan 
-13.875, 73.125, 2.058636982690993e-20, nan 
-13.625, 73.125, 3.6605888134790396e-21, nan 
-13.375, 73.125, 1.5011605851705373e-20, nan 
-13.125, 73.125, 1.5905534306596847e-20, nan 
-12.875, 73.125, 4.723735816594727e-21, nan 
-12.625, 73.125, 3.3698576554371565e-20, nan 
-12.375, 73.125, 2.4981553468682096e-20, nan 
-12.125, 73.125, 3.401088736236307e-20, nan 
-11.875, 73.125, 3.284300627124576e-20, nan 
-11.625, 73.125, 3.0940685752843637e-20, nan 
-11.375, 73.125, 2.888643615149016e-20, nan 
-11.125, 73.125, 2.1700885102895964e-20, nan 
-10.875, 73.125, 3.193083659920743e-20, nan 
-10.625, 73.125, 6.660487357999527e-21, nan 
-10.375, 73.125, 4.280270713902782e-21, nan 
-10.125, 73.125, 4.306240055020777e-21, nan 
-9.875, 73.125, 5.95014232452571e-21, nan 
-9.625, 73.125, 5.478600345688403e-21, nan 
-9.375, 73.125, 5.067945804936425e-21, nan 
-9.125, 73.125, 6.067312143425916e-21, nan 
-8.875, 73.125, 5.473457747797497e-21, nan 
-8.625, 73.125, 6.462551885258435e-21, nan 
-8.375, 73.125, 9.263529573763954e-21, nan 
-8.125, 73.125, 7.67165379049357e-21, nan 
-7.875, 73.125, 7.664715979958169e-21, nan 
-7.625, 73.125, 9.305107586836134e-21, nan 
-7.375, 73.125, 8.207162710396809e-21, nan 
-7.125, 73.125, 7.963391273384447e-21, nan 
-6.875, 73.125, 6.442897168052282e-21, nan 
-6.625, 73.125, 5.220978404535077e-21, nan 
-6.375, 73.125, 7.182849733784082e-21, nan 
-6.125, 73.125, 4.700888175453161e-21, nan 
-5.875, 73.125, 4.460803533207808e-21, nan 
-5.625, 73.125, 3.7474110574070136e-21, nan 
-5.375, 73.125, 3.82006777129699e-21, nan 
-5.125, 73.125, 4.0976317824401395e-21, nan 
-4.875, 73.125, 5.582676184670749e-21, nan 
-4.625, 73.125, 4.913955463824419e-21, nan 
-4.375, 73.125, 5.202766236466347e-21, nan 
-4.125, 73.125, 4.878799010852429e-21, nan 
-3.875, 73.125, 3.561365630217275e-21, nan 
-3.625, 73.125, 4.544790251757869e-21, nan 
-3.375, 73.125, 1.1378498520645048e-21, nan 
-3.125, 73.125, 3.1526081674815037e-21, nan 
-2.875, 73.125, 4.0274410984373975e-21, nan 
-2.625, 73.125, 3.875747515260472e-21, nan 
-2.375, 73.125, 5.160161687159479e-21, nan 
-2.125, 73.125, 3.779870257363181e-21, nan 
-1.875, 73.125, 3.470859940520427e-21, nan 
-1.625, 73.125, 3.518836052211573e-21, nan 
-1.375, 73.125, 1.9914655539396788e-21, nan 
-1.125, 73.125, 1.581475390909666e-21, nan 
-0.875, 73.125, 3.109973501344913e-21, nan 
-0.625, 73.125, 3.6731997369487845e-21, nan 
-0.375, 73.125, 3.377783876401666e-21, nan 
-0.125, 73.125, 3.831337838669814e-21, nan 
0.125, 73.125, 3.432473358172591e-21, nan 
0.375, 73.125, 3.9940351241967375e-21, nan 
0.625, 73.125, 4.6625047269304835e-21, nan 
0.875, 73.125, 4.959491087439494e-21, nan 
1.125, 73.125, 6.664218668334401e-21, nan 
1.375, 73.125, 5.606273100308559e-21, nan 
1.625, 73.125, 4.7533100280410905e-21, nan 
1.875, 73.125, 5.89728848989481e-21, nan 
2.125, 73.125, 4.501530130710761e-21, nan 
2.375, 73.125, 4.4656882367579855e-21, nan 
2.625, 73.125, 3.1628972209262503e-21, nan 
2.875, 73.125, 2.307611696945876e-21, nan 
3.125, 73.125, 2.6577455755668957e-21, nan 
3.375, 73.125, 1.8144210911009537e-21, nan 
3.625, 73.125, 2.962788813694718e-21, nan 
3.875, 73.125, 1.537250146851361e-21, nan 
4.125, 73.125, 1.4464143743079214e-21, nan 
4.375, 73.125, 8.930355913375222e-22, nan 
4.625, 73.125, 1.0448177926800576e-21, nan 
4.875, 73.125, 1.5361083222587974e-21, nan 
5.125, 73.125, 2.2672287324729804e-21, nan 
5.375, 73.125, 2.422249789714898e-21, nan 
5.625, 73.125, 1.462646943367446e-21, nan 
5.875, 73.125, 1.7955126003284005e-21, nan 
6.125, 73.125, 2.8079999148400078e-21, nan 
6.375, 73.125, 2.3597600174363e-21, nan 
6.625, 73.125, 8.018039286904786e-22, nan 
6.875, 73.125, 1.1431485811439111e-21, nan 
7.125, 73.125, 1.1571666797302014e-21, nan 
7.375, 73.125, 6.767533082375348e-22, nan 
7.625, 73.125, 9.022658800993451e-22, nan 
7.875, 73.125, 8.595187944300779e-22, nan 
8.125, 73.125, 8.178646944539413e-22, nan 
8.375, 73.125, 1.3797554272007565e-21, nan 
8.625, 73.125, 1.7314098350662833e-21, nan 
8.875, 73.125, 1.7494160080871883e-21, nan 
9.125, 73.125, 2.2225095012653416e-21, nan 
9.375, 73.125, 1.9688945232720636e-21, nan 
9.625, 73.125, 1.8321213143380413e-21, nan 
9.875, 73.125, 1.624116033506778e-21, nan 
10.125, 73.125, 1.3234578804743997e-21, nan 
10.375, 73.125, 1.3957200652770934e-21, nan 
10.625, 73.125, 8.973153197167505e-22, nan 
10.875, 73.125, 7.402355209525004e-22, nan 
11.125, 73.125, 6.820398514924722e-22, nan 
11.375, 73.125, 9.286829885806808e-22, nan 
11.625, 73.125, 6.609047171358465e-22, nan 
11.875, 73.125, 7.19309653307043e-22, nan 
12.125, 73.125, 7.724686048711098e-22, nan 
12.375, 73.125, 4.394041009710327e-22, nan 
12.625, 73.125, 4.884063240897718e-22, nan 
12.875, 73.125, 5.307541366682474e-22, nan 
13.125, 73.125, 3.4346329474844044e-22, nan 
13.375, 73.125, 3.513142670146262e-22, nan 
13.625, 73.125, 2.6994177280346226e-22, nan 
13.875, 73.125, 1.849886106107653e-22, nan 
14.125, 73.125, 2.7934309408186294e-22, nan 
14.375, 73.125, 2.990631277929979e-22, nan 
14.625, 73.125, 4.631322279896814e-22, nan 
14.875, 73.125, 5.556275094994228e-22, nan 
15.125, 73.125, 4.856846075419467e-22, nan 
15.375, 73.125, 4.917353425415942e-22, nan 
15.625, 73.125, 6.18143222590785e-22, nan 
15.875, 73.125, 5.138406056894525e-22, nan 
16.125, 73.125, 3.6619252325294563e-22, nan 
16.375, 73.125, 3.109711231713824e-22, nan 
16.625, 73.125, 1.9819322072200191e-22, nan 
16.875, 73.125, 1.3217180210254506e-22, nan 
17.125, 73.125, 1.4417664100457224e-22, nan 
17.375, 73.125, 1.9577946258317878e-22, nan 
17.625, 73.125, 2.3072147702389084e-22, nan 
17.875, 73.125, 2.339464971003765e-22, nan 
18.125, 73.125, 3.6649335388686474e-22, nan 
18.375, 73.125, 3.5567185345499966e-22, nan 
18.625, 73.125, 2.396363505650562e-22, nan 
18.875, 73.125, 4.0907968166910254e-22, nan 
19.125, 73.125, 3.4998377633316133e-22, nan 
19.375, 73.125, 2.418101473204074e-22, nan 
19.625, 73.125, 1.7369426782545904e-22, nan 
19.875, 73.125, 1.7566859376206708e-22, nan 
20.125, 73.125, 2.185277340020181e-22, nan 
20.375, 73.125, 2.7036120246825833e-22, nan 
20.625, 73.125, 4.765236182859269e-22, nan 
20.875, 73.125, 4.630575449171814e-22, nan 
21.125, 73.125, 2.5761830713912843e-22, nan 
21.375, 73.125, 5.732467710572266e-22, nan 
21.625, 73.125, 5.0361223938045915e-22, nan 
21.875, 73.125, 4.87378908579758e-22, nan 
22.125, 73.125, 5.441975640208526e-22, nan 
22.375, 73.125, 4.021715807212531e-22, nan 
22.625, 73.125, 4.634682945609555e-22, nan 
22.875, 73.125, 6.668714190140456e-23, nan 
23.125, 73.125, 1.3352473631679626e-22, nan 
23.375, 73.125, 2.6151731437785724e-22, nan 
23.625, 73.125, 1.3892265196801375e-22, nan 
23.875, 73.125, 9.792513822138296e-23, nan 
24.125, 73.125, 8.417983680180387e-23, nan 
24.375, 73.125, 1.239952450484466e-22, nan 
24.625, 73.125, 9.077925736088617e-23, nan 
24.875, 73.125, 8.213004051546605e-23, nan 
25.125, 73.125, 8.447158232829314e-23, nan 
25.375, 73.125, 1.9720876219569495e-22, nan 
25.625, 73.125, 4.638036334543382e-22, nan 
25.875, 73.125, 3.813313780301186e-22, nan 
26.125, 73.125, 3.0247711950859277e-22, nan 
26.375, 73.125, 7.780577331786884e-22, nan 
26.625, 73.125, 6.877703905008203e-22, nan 
26.875, 73.125, 2.7800191736230694e-22, nan 
27.125, 73.125, 8.519759333321554e-22, nan 
27.375, 73.125, 7.129581473547466e-22, nan 
27.625, 73.125, 2.5884136514981507e-22, nan 
27.875, 73.125, 5.111004630989989e-22, nan 
28.125, 73.125, 4.684265918081512e-22, nan 
28.375, 73.125, 4.589219089961348e-22, nan 
28.625, 73.125, 2.6152148587714265e-22, nan 
28.875, 73.125, 2.0230335461559245e-22, nan 
29.125, 73.125, 3.2902782205735586e-22, nan 
29.375, 73.125, 2.142135179711806e-22, nan 
29.625, 73.125, 1.21057500716807e-22, nan 
29.875, 73.125, 5.37859502039633e-23, nan 
30.125, 73.125, 7.422024901011905e-23, nan 
30.375, 73.125, 7.371540120193811e-23, nan 
30.625, 73.125, 6.228968561073101e-23, nan 
30.875, 73.125, 6.017717659512091e-23, nan 
31.125, 73.125, 5.887991776248681e-23, nan 
31.375, 73.125, 6.602503517557595e-23, nan 
31.625, 73.125, 6.462354245895279e-23, nan 
31.875, 73.125, 5.886028313956734e-23, nan 
32.125, 73.125, 5.829143086666836e-23, nan 
32.375, 73.125, 9.589090431673734e-23, nan 
32.625, 73.125, 7.590137760881097e-23, nan 
32.875, 73.125, 6.592224047942815e-23, nan 
33.125, 73.125, 7.736447064037761e-23, nan 
33.375, 73.125, 5.412084155348715e-23, nan 
33.625, 73.125, 4.921399535543314e-23, nan 
33.875, 73.125, 7.56946027331902e-23, nan 
34.125, 73.125, 7.291923554108942e-23, nan 
34.375, 73.125, 6.081424210332426e-23, nan 
34.625, 73.125, 7.091389234336552e-23, nan 
34.875, 73.125, 7.333061540633106e-23, nan 
35.125, 73.125, 5.2339603433541343e-23, nan 
35.375, 73.125, 3.798784165952659e-23, nan 
35.625, 73.125, 5.808617086894219e-23, nan 
35.875, 73.125, 4.873778649256157e-23, nan 
36.125, 73.125, 4.148115710214663e-23, nan 
36.375, 73.125, 1.14337140599773e-22, nan 
36.625, 73.125, 1.4222224090937857e-22, nan 
36.875, 73.125, 5.279400444806806e-23, nan 
37.125, 73.125, 1.281677701771799e-22, nan 
37.375, 73.125, 2.3152635895491957e-22, nan 
37.625, 73.125, 1.4214301222412984e-22, nan 
37.875, 73.125, 1.2792392619511712e-22, nan 
38.125, 73.125, 1.9640546731732238e-22, nan 
38.375, 73.125, 1.609812088855174e-22, nan 
38.625, 73.125, 1.3559912269806223e-22, nan 
38.875, 73.125, 6.840944957641235e-23, nan 
39.125, 73.125, 8.010537506773213e-23, nan 
39.375, 73.125, 9.06829158819659e-23, nan 
39.625, 73.125, 4.019201808929478e-23, nan 
39.875, 73.125, 2.2793410941931652e-23, nan 
40.125, 73.125, 3.6416225097879247e-23, nan 
40.375, 73.125, 2.5734133488981088e-23, nan 
40.625, 73.125, 3.1292900259311446e-23, nan 
40.875, 73.125, 3.2900924178558837e-23, nan 
41.125, 73.125, 2.8143999976527576e-23, nan 
41.375, 73.125, 3.595547210300442e-23, nan 
41.625, 73.125, 2.1987885881121998e-23, nan 
41.875, 73.125, 3.369530309089662e-23, nan 
42.125, 73.125, 3.889417720400109e-23, nan 
42.375, 73.125, 4.1531362662626216e-23, nan 
42.625, 73.125, 4.21573658350881e-23, nan 
42.875, 73.125, 4.4878206423732776e-23, nan 
43.125, 73.125, 4.4148429539142346e-23, nan 
43.375, 73.125, 1.9873385936185416e-23, nan 
43.625, 73.125, 2.648225869481746e-23, nan 
43.875, 73.125, 2.931195162226871e-23, nan 
44.125, 73.125, 2.725904344489182e-23, nan 
44.375, 73.125, 2.0589232966337505e-23, nan 
44.625, 73.125, 2.266749110914545e-23, nan 
44.875, 73.125, 2.151868168746534e-23, nan 
45.125, 73.125, 1.2798048802543021e-23, nan 
45.375, 73.125, 1.1170343630165399e-23, nan 
45.625, 73.125, 1.3022111813152429e-23, nan 
45.875, 73.125, 1.5574919578174314e-23, nan 
46.125, 73.125, 1.7767941170715992e-23, nan 
46.375, 73.125, 1.2125023600741276e-23, nan 
46.625, 73.125, 1.4278072715472375e-23, nan 
46.875, 73.125, 1.5048763845682942e-23, nan 
47.125, 73.125, 1.144205624442259e-23, nan 
47.375, 73.125, 4.342316394065985e-24, nan 
47.625, 73.125, 6.19024286587563e-24, nan 
47.875, 73.125, 6.152617962284031e-24, nan 
48.125, 73.125, 8.378088621902417e-24, nan 
48.375, 73.125, 1.1965589082740198e-23, nan 
48.625, 73.125, 1.0619879039458179e-23, nan 
48.875, 73.125, 1.1626661335307775e-23, nan 
49.125, 73.125, 1.291664664050896e-23, nan 
49.375, 73.125, 8.707432871383587e-24, nan 
49.625, 73.125, 9.210955549440692e-24, nan 
49.875, 73.125, 7.550784580743094e-24, nan 
50.125, 73.125, 1.7179338889091976e-23, nan 
50.375, 73.125, 1.1919414271452898e-23, nan 
50.625, 73.125, 1.234317773865492e-23, nan 
50.875, 73.125, 1.9469800112493232e-23, nan 
51.125, 73.125, 1.5698436989574868e-23, nan 
51.375, 73.125, 1.6180868221050873e-23, nan 
51.625, 73.125, 1.3792710100212286e-23, nan 
51.875, 73.125, 1.000468493671688e-23, nan 
52.125, 73.125, 9.910654931451393e-24, nan 
52.375, 73.125, 8.640474632661606e-24, nan 
52.625, 73.125, 1.5201240472107982e-23, nan 
52.875, 73.125, 6.461935812390818e-24, nan 
53.125, 73.125, 7.471548333669682e-24, nan 
53.375, 73.125, 1.0554548221794015e-23, nan 
53.625, 73.125, 7.011070311960227e-24, nan 
53.875, 73.125, 8.622185156920748e-24, nan 
54.125, 73.125, 8.209074737494134e-24, nan 
54.375, 73.125, 1.6947107903851178e-23, nan 
54.625, 73.125, 1.4251891059013185e-23, nan 
54.875, 73.125, 1.674555719587471e-23, nan 
55.125, 73.125, 1.6384790831081446e-23, nan 
55.375, 73.125, 1.6959091569063145e-23, nan 
55.625, 73.125, 1.7108730023226665e-23, nan 
55.875, 73.125, 1.4976617876086645e-23, nan 
56.125, 73.125, 1.441283423950704e-23, nan 
56.375, 73.125, 1.4512617016466615e-23, nan 
56.625, 73.125, 1.401594544073745e-23, nan 
56.875, 73.125, 1.2944790835693705e-23, nan 
57.125, 73.125, 1.4129204696398628e-23, nan 
57.375, 73.125, 1.504934655670002e-23, nan 
57.625, 73.125, 1.5505687889065335e-23, nan 
57.875, 73.125, 1.4342554090539212e-23, nan 
58.125, 73.125, 1.3079699555359288e-23, nan 
58.375, 73.125, 2.178973032764326e-23, nan 
58.625, 73.125, 2.4747476518743678e-23, nan 
58.875, 73.125, 1.4714763996276457e-23, nan 
59.125, 73.125, 2.2415520557053262e-23, nan 
59.375, 73.125, 2.765094517255417e-23, nan 
59.625, 73.125, 2.2916277321659515e-23, nan 
59.875, 73.125, 1.467421503005982e-23, nan 
60.125, 73.125, 1.5539150802429596e-23, nan 
60.375, 73.125, 1.8444480089092736e-23, nan 
60.625, 73.125, 1.0397832894805851e-23, nan 
60.875, 73.125, 9.590592755899412e-24, nan 
61.125, 73.125, 1.899421420658975e-23, nan 
61.375, 73.125, 2.135825026273911e-23, nan 
61.625, 73.125, 1.6808450290548258e-23, nan 
61.875, 73.125, 2.0602262241274e-23, nan 
62.125, 73.125, 1.9672807732577044e-23, nan 
62.375, 73.125, 1.4737391669226278e-23, nan 
62.625, 73.125, 7.280221347484547e-24, nan 
62.875, 73.125, 7.968976309703315e-24, nan 
63.125, 73.125, 5.869724443148678e-24, nan 
63.375, 73.125, 5.201900499072419e-24, nan 
63.625, 73.125, 4.188372533705211e-24, nan 
63.875, 73.125, 6.396163337727981e-24, nan 
64.125, 73.125, 3.876695642578451e-24, nan 
64.375, 73.125, 5.4956579578560044e-24, nan 
64.625, 73.125, 8.09337764957338e-24, nan 
64.875, 73.125, 3.2965152845579905e-24, nan 
65.125, 73.125, 5.3001829310144694e-24, nan 
65.375, 73.125, 9.69721366133245e-24, nan 
65.625, 73.125, 1.036284624261617e-23, nan 
65.875, 73.125, 1.1904604560795787e-23, nan 
66.125, 73.125, 1.4646394008895375e-23, nan 
66.375, 73.125, 1.429962304316056e-23, nan 
66.625, 73.125, 1.2386042231570104e-23, nan 
66.875, 73.125, 1.3788251680147947e-23, nan 
67.125, 73.125, 1.0729127472234009e-23, nan 
67.375, 73.125, 5.272264982965536e-24, nan 
67.625, 73.125, 5.125006697847417e-24, nan 
67.875, 73.125, 5.885464719622143e-24, nan 
68.125, 73.125, 3.110985180999909e-24, nan 
68.375, 73.125, 6.156471333172689e-24, nan 
68.625, 73.125, 3.577486269891888e-24, nan 
68.875, 73.125, 3.617474717458451e-24, nan 
69.125, 73.125, 7.387107767278575e-24, nan 
69.375, 73.125, 2.2556355099033254e-24, nan 
69.625, 73.125, 2.7198551026877196e-24, nan 
69.875, 73.125, 3.4290423617093135e-24, nan 
70.125, 73.125, 3.490793649441632e-24, nan 
70.375, 73.125, 4.412790537534911e-24, nan 
70.625, 73.125, 4.208671521709128e-24, nan 
70.875, 73.125, 6.651136552360878e-24, nan 
71.125, 73.125, 8.879577222731998e-24, nan 
71.375, 73.125, 9.225778486333245e-24, nan 
71.625, 73.125, 1.0583207663555315e-23, nan 
71.875, 73.125, 8.738966050175289e-24, nan 
72.125, 73.125, 8.362453107259508e-24, nan 
72.375, 73.125, 9.44538214745221e-24, nan 
72.625, 73.125, 1.15237706576362e-23, nan 
72.875, 73.125, 6.73449471046629e-24, nan 
73.125, 73.125, 7.320046723861744e-24, nan 
73.375, 73.125, 1.2927834653581784e-23, nan 
73.625, 73.125, 1.0204489188174594e-23, nan 
73.875, 73.125, 1.3248545164699713e-23, nan 
74.125, 73.125, 1.8467198259525008e-23, nan 
74.375, 73.125, 2.0289290951219693e-23, nan 
74.625, 73.125, 1.0290969637923702e-23, nan 
74.875, 73.125, 6.821152093792561e-24, nan 
75.125, 73.125, 7.015978102674029e-24, nan 
75.375, 73.125, 1.0430474480009729e-23, nan 
75.625, 73.125, 9.760244045685871e-24, nan 
75.875, 73.125, 9.97133086468938e-24, nan 
76.125, 73.125, 9.683036890240742e-24, nan 
76.375, 73.125, 9.135002774235712e-24, nan 
76.625, 73.125, 1.1511341077525456e-23, nan 
76.875, 73.125, 9.820789211092071e-24, nan 
77.125, 73.125, 1.0421629321274653e-23, nan 
77.375, 73.125, 9.615335830138008e-24, nan 
77.625, 73.125, 9.948843221153457e-24, nan 
77.875, 73.125, 8.409624317712173e-24, nan 
78.125, 73.125, 8.829517304916936e-24, nan 
78.375, 73.125, 7.61262526917029e-24, nan 
78.625, 73.125, 7.524130572479648e-24, nan 
78.875, 73.125, 6.4754986856285904e-24, nan 
79.125, 73.125, 6.346259590024176e-24, nan 
79.375, 73.125, 6.752724943419266e-24, nan 
79.625, 73.125, 5.5348532598404835e-24, nan 
79.875, 73.125, 5.315641628821938e-24, nan 
80.125, 73.125, 4.8058177306213734e-24, nan 
80.375, 73.125, 6.879069883176115e-24, nan 
80.625, 73.125, 4.999196024723262e-24, nan 
80.875, 73.125, 4.924169062481528e-24, nan 
81.125, 73.125, 4.590954739769101e-24, nan 
81.375, 73.125, 4.260180859949655e-24, nan 
81.625, 73.125, 3.201953877786724e-24, nan 
81.875, 73.125, 2.3087156427328285e-24, nan 
82.125, 73.125, 3.6096187346830544e-24, nan 
82.375, 73.125, 4.026523324264173e-24, nan 
82.625, 73.125, 1.5910165277730827e-24, nan 
82.875, 73.125, 2.578018782308938e-24, nan 
83.125, 73.125, 5.876329122011427e-24, nan 
83.375, 73.125, 9.85281206020444e-25, nan 
83.625, 73.125, 1.2889357792115992e-24, nan 
83.875, 73.125, 2.5664997655871463e-24, nan 
84.125, 73.125, 1.2438848181648208e-24, nan 
84.375, 73.125, 1.2088854637390423e-24, nan 
84.625, 73.125, 2.5419347622761728e-24, nan 
84.875, 73.125, 4.2858044544314054e-24, nan 
85.125, 73.125, 3.1228859474250135e-24, nan 
85.375, 73.125, 2.4394829492878484e-24, nan 
85.625, 73.125, 2.938626428716824e-24, nan 
85.875, 73.125, 4.231901126850844e-24, nan 
86.125, 73.125, 3.684021532521142e-24, nan 
86.375, 73.125, 3.4889960658075346e-24, nan 
86.625, 73.125, 7.164723320732896e-24, nan 
86.875, 73.125, 5.679414950605929e-24, nan 
87.125, 73.125, 5.3062509370046806e-24, nan 
87.375, 73.125, 4.553560787767228e-24, nan 
87.625, 73.125, 3.721912636687993e-24, nan 
87.875, 73.125, 4.1082486623625695e-24, nan 
88.125, 73.125, 4.368563478091292e-24, nan 
88.375, 73.125, 3.6284605444948964e-24, nan 
88.625, 73.125, 2.8496988320941232e-24, nan 
88.875, 73.125, 2.0899596026551007e-24, nan 
89.125, 73.125, 3.179108661084254e-24, nan 
89.375, 73.125, 2.7567036864021876e-24, nan 
89.625, 73.125, 3.703015082377812e-24, nan 
89.875, 73.125, 2.9624533143019992e-24, nan 
90.125, 73.125, 3.0112203651521523e-24, nan 
90.375, 73.125, 2.5569254981746996e-24, nan 
-164.875, 73.375, 1.5227917609657311e-24, nan 
-164.625, 73.375, 1.8776155013623514e-24, nan 
-164.375, 73.375, 3.2541489663344748e-24, nan 
-164.125, 73.375, 2.3813376031135532e-24, nan 
-163.875, 73.375, 2.4411425618336487e-24, nan 
-163.625, 73.375, 2.834236017215746e-24, nan 
-163.375, 73.375, 2.6865380836868366e-24, nan 
-163.125, 73.375, 2.3953923396240343e-24, nan 
-162.875, 73.375, 1.971030130174328e-24, nan 
-162.625, 73.375, 2.3854600201843415e-24, nan 
-162.375, 73.375, 2.8230423965090963e-24, nan 
-162.125, 73.375, 2.3944860675856494e-24, nan 
-161.875, 73.375, 2.1649576243286884e-24, nan 
-161.625, 73.375, 3.8844994939383944e-24, nan 
-161.375, 73.375, 3.668404665681662e-24, nan 
-161.125, 73.375, 4.816539048868078e-24, nan 
-160.875, 73.375, 5.984727520753092e-24, nan 
-160.625, 73.375, 4.578496153979123e-24, nan 
-160.375, 73.375, 2.6798306286319595e-24, nan 
-160.125, 73.375, 1.3712169687924809e-24, nan 
-159.875, 73.375, 2.0113655908968504e-24, nan 
-159.625, 73.375, 2.650248929505134e-24, nan 
-159.375, 73.375, 5.697671204784009e-24, nan 
-159.125, 73.375, 8.59356414138199e-24, nan 
-158.875, 73.375, 1.6189689784795827e-23, nan 
-158.625, 73.375, 1.0761854418228494e-23, nan 
-158.375, 73.375, 1.1392475170719788e-23, nan 
-158.125, 73.375, 1.9446195763526293e-23, nan 
-157.875, 73.375, 1.7755917202936934e-23, nan 
-157.625, 73.375, 1.762741834509487e-23, nan 
-157.375, 73.375, 1.226537200672783e-23, nan 
-157.125, 73.375, 1.183225217429923e-23, nan 
-156.875, 73.375, 1.1016894981664994e-23, nan 
-156.625, 73.375, 9.032497579725789e-24, nan 
-156.375, 73.375, 9.191065077512448e-24, nan 
-156.125, 73.375, 8.310013287749174e-24, nan 
-155.875, 73.375, 6.35386798279866e-24, nan 
-155.625, 73.375, 3.683296133563272e-24, nan 
-155.375, 73.375, 3.0022577094620766e-24, nan 
-155.125, 73.375, 3.0677712851538685e-24, nan 
-154.875, 73.375, 2.7023109194616044e-24, nan 
-154.625, 73.375, 2.4835602452329717e-24, nan 
-154.375, 73.375, 1.96763501300222e-24, nan 
-154.125, 73.375, 4.8340353672905244e-24, nan 
-153.875, 73.375, 7.050565976433141e-24, nan 
-153.625, 73.375, 6.3227394125856975e-24, nan 
-153.375, 73.375, 5.586030476019154e-24, nan 
-153.125, 73.375, 9.580124865500588e-24, nan 
-152.875, 73.375, 1.1313424218262615e-23, nan 
-152.625, 73.375, 4.688212887370253e-24, nan 
-152.375, 73.375, 9.553093771509547e-24, nan 
-152.125, 73.375, 1.0715799559929487e-23, nan 
-151.875, 73.375, 7.67403840840877e-24, nan 
-151.625, 73.375, 3.1650666100444764e-24, nan 
-151.375, 73.375, 4.710189534057368e-24, nan 
-151.125, 73.375, 3.129091402750038e-24, nan 
-150.875, 73.375, 2.1750269241523495e-24, nan 
-150.625, 73.375, 1.1486723519811048e-24, nan 
-150.375, 73.375, 1.8509980508959766e-24, nan 
-150.125, 73.375, 2.6518258504235034e-24, nan 
-149.875, 73.375, 2.068549322193457e-24, nan 
-149.625, 73.375, 6.176159530389276e-24, nan 
-149.375, 73.375, 4.66924382922746e-24, nan 
-149.125, 73.375, 6.127542837234892e-24, nan 
-148.875, 73.375, 8.450983026135782e-24, nan 
-148.625, 73.375, 5.63395979038143e-24, nan 
-148.375, 73.375, 5.117831391960906e-24, nan 
-148.125, 73.375, 1.1106033893701945e-23, nan 
-147.875, 73.375, 7.220465179693845e-24, nan 
-147.625, 73.375, 5.6203152929664954e-24, nan 
-147.375, 73.375, 8.909812337809908e-24, nan 
-147.125, 73.375, 6.732493552098185e-24, nan 
-146.875, 73.375, 3.7217053443632035e-24, nan 
-146.625, 73.375, 4.461274796992742e-24, nan 
-146.375, 73.375, 3.2147514818228653e-24, nan 
-146.125, 73.375, 5.1456058105530296e-24, nan 
-145.875, 73.375, 4.792154342824671e-24, nan 
-145.625, 73.375, 2.908172868685686e-24, nan 
-145.375, 73.375, 4.651987475469538e-24, nan 
-145.125, 73.375, 1.01542895310552e-23, nan 
-144.875, 73.375, 9.384215271372743e-24, nan 
-144.625, 73.375, 8.805993424343163e-24, nan 
-144.375, 73.375, 1.4884423894940902e-23, nan 
-144.125, 73.375, 8.453491108062837e-24, nan 
-143.875, 73.375, 5.0841686526397214e-24, nan 
-143.625, 73.375, 9.68404282181873e-24, nan 
-143.375, 73.375, 5.633599134815422e-24, nan 
-143.125, 73.375, 7.71723465909928e-24, nan 
-142.875, 73.375, 8.045781117691802e-24, nan 
-142.625, 73.375, 1.1171043877794421e-23, nan 
-142.375, 73.375, 7.18470666701691e-24, nan 
-142.125, 73.375, 1.2845241807621588e-23, nan 
-141.875, 73.375, 9.331515005026566e-24, nan 
-141.625, 73.375, 9.895516685527924e-24, nan 
-141.375, 73.375, 1.0292965572510189e-23, nan 
-141.125, 73.375, 2.737398540005285e-24, nan 
-140.875, 73.375, 1.6960010781382207e-24, nan 
-140.625, 73.375, 3.592436335003896e-24, nan 
-140.375, 73.375, 2.5060773174150516e-24, nan 
-140.125, 73.375, 2.330871951610785e-24, nan 
-139.875, 73.375, 3.676897255799858e-24, nan 
-139.625, 73.375, 2.7098495938799244e-24, nan 
-139.375, 73.375, 5.496164350402481e-24, nan 
-139.125, 73.375, 9.943562214323298e-24, nan 
-138.875, 73.375, 2.8666274203882638e-24, nan 
-138.625, 73.375, 6.0012868141419115e-24, nan 
-138.375, 73.375, 8.390031864341226e-24, nan 
-138.125, 73.375, 3.6837904344227125e-24, nan 
-137.875, 73.375, 6.568781207221596e-24, nan 
-137.625, 73.375, 6.197050806816777e-24, nan 
-137.375, 73.375, 4.3403957313331875e-24, nan 
-137.125, 73.375, 7.80299595107958e-24, nan 
-136.875, 73.375, 7.412394884624318e-24, nan 
-136.625, 73.375, 4.89960926725795e-24, nan 
-136.375, 73.375, 2.9357012476650202e-24, nan 
-136.125, 73.375, 2.4819055762920336e-24, nan 
-135.875, 73.375, 2.9747796851123887e-24, nan 
-135.625, 73.375, 5.801471032140222e-24, nan 
-135.375, 73.375, 6.876432792252364e-24, nan 
-135.125, 73.375, 5.919464482961149e-24, nan 
-134.875, 73.375, 4.873094219475176e-24, nan 
-134.625, 73.375, 7.887004196641243e-24, nan 
-134.375, 73.375, 9.620765225148603e-24, nan 
-134.125, 73.375, 5.976877713038372e-24, nan 
-133.875, 73.375, 9.591768765062026e-24, nan 
-133.625, 73.375, 1.0462037766056387e-23, nan 
-133.375, 73.375, 6.626485432841266e-24, nan 
-133.125, 73.375, 1.443723265661083e-23, nan 
-132.875, 73.375, 1.1689865703925613e-23, nan 
-132.625, 73.375, 1.2807006435220728e-23, nan 
-132.375, 73.375, 1.6417834307902537e-23, nan 
-132.125, 73.375, 1.5329129231970481e-23, nan 
-131.875, 73.375, 1.582660759445225e-23, nan 
-131.625, 73.375, 1.2840202563157358e-23, nan 
-131.375, 73.375, 1.1694756817148312e-23, nan 
-131.125, 73.375, 6.962985074946532e-24, nan 
-130.875, 73.375, 7.779521718097365e-24, nan 
-130.625, 73.375, 8.457887779436744e-24, nan 
-130.375, 73.375, 1.0718067548543943e-23, nan 
-130.125, 73.375, 1.2842614507830549e-23, nan 
-129.875, 73.375, 1.0194483965044472e-23, nan 
-129.625, 73.375, 7.610308638997128e-24, nan 
-129.375, 73.375, 1.6496829015531635e-23, nan 
-129.125, 73.375, 1.2569661491258813e-23, nan 
-128.875, 73.375, 9.467830487233253e-24, nan 
-128.625, 73.375, 1.7384848129599412e-23, nan 
-128.375, 73.375, 1.2158803775099333e-23, nan 
-128.125, 73.375, 7.679015506584259e-24, nan 
-127.875, 73.375, 1.275963910670974e-23, nan 
-127.625, 73.375, 7.311029599083795e-24, nan 
-127.375, 73.375, 7.34615316175451e-24, nan 
-127.125, 73.375, 1.2220864753560111e-23, nan 
-126.875, 73.375, 8.248784404974875e-24, nan 
-126.625, 73.375, 7.446884511467233e-24, nan 
-126.375, 73.375, 1.082615562939734e-23, nan 
-126.125, 73.375, 1.3795641474296676e-23, nan 
-125.875, 73.375, 3.793000399216633e-24, nan 
-125.625, 73.375, 1.240077651422772e-23, nan 
-125.375, 73.375, 2.036269148471368e-23, nan 
-125.125, 73.375, 1.9869313513880325e-23, nan 
-124.875, 73.375, 2.8699868413642185e-23, nan 
-124.625, 73.375, 2.5963043887942425e-23, nan 
-124.375, 73.375, 2.5149543487354564e-23, nan 
-124.125, 73.375, 3.0976935010099833e-23, nan 
-123.875, 73.375, 2.5286017980933768e-23, nan 
-123.625, 73.375, 2.4671962408593738e-23, nan 
-123.375, 73.375, 1.2877272921061512e-23, nan 
-123.125, 73.375, 1.1844004164957803e-23, nan 
-122.875, 73.375, 1.7894228622339127e-23, nan 
-122.625, 73.375, 1.5971910341959755e-23, nan 
-122.375, 73.375, 1.3524836675513972e-23, nan 
-122.125, 73.375, 6.3420597811062136e-24, nan 
-121.875, 73.375, 5.686803033634007e-24, nan 
-121.625, 73.375, 8.61666206785174e-24, nan 
-121.375, 73.375, 8.944473696408832e-24, nan 
-121.125, 73.375, 1.1969482836631368e-23, nan 
-120.875, 73.375, 1.4236093288627146e-23, nan 
-120.625, 73.375, 1.9315482587275187e-23, nan 
-120.375, 73.375, 1.1421059189896416e-23, nan 
-120.125, 73.375, 1.1435551526392844e-23, nan 
-119.875, 73.375, 1.893868273864626e-23, nan 
-119.625, 73.375, 1.854688434338588e-23, nan 
-119.375, 73.375, 1.3693409660068898e-23, nan 
-119.125, 73.375, 1.774542716859848e-23, nan 
-118.875, 73.375, 1.5969079830651675e-23, nan 
-118.625, 73.375, 1.0310408789141593e-23, nan 
-118.375, 73.375, 1.4332795354230267e-23, nan 
-118.125, 73.375, 1.1817814023399796e-23, nan 
-117.875, 73.375, 1.562816693679117e-23, nan 
-117.625, 73.375, 1.2176409055610922e-23, nan 
-117.375, 73.375, 8.19201117376704e-24, nan 
-117.125, 73.375, 1.0185988611825236e-23, nan 
-116.875, 73.375, 1.3264266076706885e-23, nan 
-116.625, 73.375, 1.2600672904288138e-23, nan 
-116.375, 73.375, 1.474549683247194e-23, nan 
-116.125, 73.375, 1.938432853508186e-23, nan 
-115.875, 73.375, 7.902428507948599e-24, nan 
-115.625, 73.375, 1.4463428054855895e-23, nan 
-115.375, 73.375, 2.4849226278355602e-23, nan 
-115.125, 73.375, 2.436121448330427e-23, nan 
-114.875, 73.375, 2.3052595521549116e-23, nan 
-114.625, 73.375, 1.9546569206706314e-23, nan 
-114.375, 73.375, 1.1062841537119545e-23, nan 
-114.125, 73.375, 1.0327727395872536e-23, nan 
-113.875, 73.375, 1.8258070520515893e-23, nan 
-113.625, 73.375, 1.886988530981634e-23, nan 
-113.375, 73.375, 1.62051818951255e-23, nan 
-113.125, 73.375, 1.0483958530569807e-23, nan 
-112.875, 73.375, 6.515024157386357e-24, nan 
-112.625, 73.375, 8.20678781714534e-24, nan 
-112.375, 73.375, 7.649294113136562e-24, nan 
-112.125, 73.375, 6.301533887020392e-24, nan 
-111.875, 73.375, 5.1532642856192516e-24, nan 
-111.625, 73.375, 4.7367352447735025e-24, nan 
-111.375, 73.375, 2.853556658688944e-24, nan 
-111.125, 73.375, 3.5862340455923585e-24, nan 
-110.875, 73.375, 7.60374273932203e-24, nan 
-110.625, 73.375, 1.3549041877774716e-23, nan 
-110.375, 73.375, 1.0070583568402399e-23, nan 
-110.125, 73.375, 7.581121402867969e-24, nan 
-109.875, 73.375, 1.1199732619787212e-23, nan 
-109.625, 73.375, 1.4426494423462194e-23, nan 
-109.375, 73.375, 1.2118342084434896e-23, nan 
-109.125, 73.375, 8.967915347977266e-24, nan 
-108.875, 73.375, 9.963956570722535e-24, nan 
-108.625, 73.375, 1.378389198139059e-23, nan 
-108.375, 73.375, 1.3054974415233008e-23, nan 
-108.125, 73.375, 1.6176426039793646e-23, nan 
-107.875, 73.375, 1.6568904136762705e-23, nan 
-107.625, 73.375, 1.7482269670350477e-23, nan 
-107.375, 73.375, 1.7196350497180878e-23, nan 
-107.125, 73.375, 1.6139197472367937e-23, nan 
-106.875, 73.375, 2.4167418393780455e-23, nan 
-106.625, 73.375, 2.1864126233880263e-23, nan 
-106.375, 73.375, 3.123728910314075e-23, nan 
-106.125, 73.375, 1.4225655747710877e-23, nan 
-105.875, 73.375, 4.674242234040481e-23, nan 
-105.625, 73.375, 6.0835536107633175e-24, nan 
-105.375, 73.375, 3.157671890673531e-23, nan 
-105.125, 73.375, 1.4384424160583033e-23, nan 
-104.875, 73.375, 1.7527725194510572e-23, nan 
-104.625, 73.375, 2.2639818244241156e-23, nan 
-104.375, 73.375, 1.812959826970437e-23, nan 
-104.125, 73.375, 1.5567795026154587e-23, nan 
-103.875, 73.375, 1.687523412855385e-23, nan 
-103.625, 73.375, 1.415413217454602e-23, nan 
-103.375, 73.375, 1.6509982785800886e-23, nan 
-103.125, 73.375, 1.657669983107649e-23, nan 
-102.875, 73.375, 1.9400379619444644e-23, nan 
-102.625, 73.375, 2.4221307250978308e-23, nan 
-102.375, 73.375, 1.9327339388768505e-23, nan 
-102.125, 73.375, 2.0434667255498576e-23, nan 
-101.875, 73.375, 2.7361057792700423e-23, nan 
-101.625, 73.375, 2.1535041954233448e-23, nan 
-101.375, 73.375, 1.3148964132102542e-23, nan 
-101.125, 73.375, 1.975285195893529e-23, nan 
-100.875, 73.375, 1.9930824275181057e-23, nan 
-100.625, 73.375, 1.904983752278797e-23, nan 
-100.375, 73.375, 2.5316763409830625e-23, nan 
-100.125, 73.375, 2.162266066456215e-23, nan 
-99.875, 73.375, 1.7117962134086247e-23, nan 
-99.625, 73.375, 1.7728641253828132e-23, nan 
-99.375, 73.375, 2.1245848126008132e-23, nan 
-99.125, 73.375, 1.6981967989048494e-23, nan 
-98.875, 73.375, 1.9445529917059518e-23, nan 
-98.625, 73.375, 2.311166208347241e-23, nan 
-98.375, 73.375, 1.6561112579831617e-23, nan 
-98.125, 73.375, 1.3339494313795272e-23, nan 
-97.875, 73.375, 1.937224877544073e-23, nan 
-97.625, 73.375, 1.984501183401401e-23, nan 
-97.375, 73.375, 2.115648119886258e-23, nan 
-97.125, 73.375, 2.5171522039994024e-23, nan 
-96.875, 73.375, 2.1869393582626087e-23, nan 
-96.625, 73.375, 2.6602802640239535e-23, nan 
-96.375, 73.375, 3.111024509897799e-23, nan 
-96.125, 73.375, 1.862983362496491e-23, nan 
-95.875, 73.375, 2.650795623100335e-23, nan 
-95.625, 73.375, 3.6561621122424483e-23, nan 
-95.375, 73.375, 2.9823738350022817e-23, nan 
-95.125, 73.375, 1.5905393982452437e-23, nan 
-94.875, 73.375, 1.342434823495966e-23, nan 
-94.625, 73.375, 2.4216671624990422e-23, nan 
-94.375, 73.375, 2.3864670372698723e-23, nan 
-94.125, 73.375, 3.1640886336847484e-23, nan 
-93.875, 73.375, 4.653081006300718e-23, nan 
-93.625, 73.375, 6.285808628429506e-23, nan 
-93.375, 73.375, 3.783699527652915e-23, nan 
-93.125, 73.375, 4.206196769281426e-23, nan 
-92.875, 73.375, 3.481234332703614e-23, nan 
-92.625, 73.375, 3.87036071075182e-23, nan 
-92.375, 73.375, 4.5054197068284805e-23, nan 
-92.125, 73.375, 4.117342907857643e-23, nan 
-91.875, 73.375, 3.416316031202743e-23, nan 
-91.625, 73.375, 2.5163745990075873e-23, nan 
-91.375, 73.375, 2.1025988962370116e-23, nan 
-91.125, 73.375, 1.240053457856064e-23, nan 
-90.875, 73.375, 1.8294067876729296e-23, nan 
-90.625, 73.375, 2.782372915113734e-23, nan 
-90.375, 73.375, 2.7821140315311243e-23, nan 
-90.125, 73.375, 2.696271190308158e-23, nan 
-89.875, 73.375, 3.280212110324861e-23, nan 
-89.625, 73.375, 3.5943405035669647e-23, nan 
-89.375, 73.375, 2.6735554918864427e-23, nan 
-89.125, 73.375, 2.155865962918431e-23, nan 
-88.875, 73.375, 2.5199241361973463e-23, nan 
-88.625, 73.375, 1.744156075526068e-23, nan 
-88.375, 73.375, 1.0847950632327664e-23, nan 
-88.125, 73.375, 2.3144626072703296e-23, nan 
-87.875, 73.375, 4.310075883652196e-23, nan 
-87.625, 73.375, 5.480020153362105e-23, nan 
-87.375, 73.375, 5.631161813656395e-23, nan 
-87.125, 73.375, 8.429366497828475e-23, nan 
-86.875, 73.375, 8.107274168720704e-23, nan 
-86.625, 73.375, 5.549770135219597e-23, nan 
-86.375, 73.375, 9.611925911224942e-23, nan 
-86.125, 73.375, 1.89163065048801e-22, nan 
-85.875, 73.375, 8.417991574057301e-23, nan 
-85.625, 73.375, 1.589799975087874e-22, nan 
-85.375, 73.375, 3.48232197120681e-22, nan 
-85.125, 73.375, 1.769792206825514e-22, nan 
-84.875, 73.375, 1.6326219301435773e-22, nan 
-84.625, 73.375, 2.312179655749855e-22, nan 
-84.375, 73.375, 1.6189359630377005e-22, nan 
-84.125, 73.375, 1.0980831791076621e-22, nan 
-83.875, 73.375, 9.208658932508735e-23, nan 
-83.625, 73.375, 9.198804350764824e-23, nan 
-83.375, 73.375, 7.108776582567138e-23, nan 
-83.125, 73.375, 7.017438838272816e-23, nan 
-82.875, 73.375, 8.034128351418186e-23, nan 
-82.625, 73.375, 5.720079788829068e-23, nan 
-82.375, 73.375, 4.4616044474565304e-23, nan 
-82.125, 73.375, 3.4707449786956455e-23, nan 
-81.875, 73.375, 4.259013268239118e-23, nan 
-81.625, 73.375, 7.388106940030596e-23, nan 
-81.375, 73.375, 1.1241365050561573e-22, nan 
-81.125, 73.375, 8.080893048535887e-23, nan 
-80.875, 73.375, 1.0532774029477863e-22, nan 
-80.625, 73.375, 1.1003757262317154e-22, nan 
-80.375, 73.375, 1.167939478355735e-22, nan 
-80.125, 73.375, 1.0530683851323322e-22, nan 
-79.875, 73.375, 6.450936734150771e-23, nan 
-79.625, 73.375, 4.770704906771425e-23, nan 
-79.375, 73.375, 4.608664160732673e-23, nan 
-79.125, 73.375, 4.805008884609765e-23, nan 
-78.875, 73.375, 6.66963951246525e-23, nan 
-78.625, 73.375, 7.924997941710195e-23, nan 
-78.375, 73.375, 6.794994900968798e-23, nan 
-78.125, 73.375, 6.878823098166352e-23, nan 
-77.875, 73.375, 7.37870241660257e-23, nan 
-77.625, 73.375, 8.461054857771473e-23, nan 
-77.375, 73.375, 1.262695916433226e-22, nan 
-77.125, 73.375, 1.5695118129624552e-22, nan 
-76.875, 73.375, 1.3908584398189859e-22, nan 
-76.625, 73.375, 1.416644416106658e-22, nan 
-76.375, 73.375, 2.2175465662069104e-22, nan 
-76.125, 73.375, 2.1553415265701127e-22, nan 
-75.875, 73.375, 1.8744294667463446e-22, nan 
-75.625, 73.375, 1.3172165900534128e-22, nan 
-75.375, 73.375, 1.3492733424764523e-22, nan 
-75.125, 73.375, 1.1143229809620007e-22, nan 
-74.875, 73.375, 1.1074302866871985e-22, nan 
-74.625, 73.375, 1.178769449938048e-22, nan 
-74.375, 73.375, 1.0178352097092126e-22, nan 
-74.125, 73.375, 1.0937781147097071e-22, nan 
-73.875, 73.375, 1.4736903246624918e-22, nan 
-73.625, 73.375, 1.7188085463354451e-22, nan 
-73.375, 73.375, 2.0781706598228543e-22, nan 
-73.125, 73.375, 9.04523730205569e-23, nan 
-72.875, 73.375, 1.652996947736747e-22, nan 
-72.625, 73.375, 2.0133062276168423e-22, nan 
-72.375, 73.375, 7.178139685580243e-23, nan 
-72.125, 73.375, 1.9299997994212587e-22, nan 
-71.875, 73.375, 1.5130004022724978e-22, nan 
-71.625, 73.375, 1.6249839478605135e-22, nan 
-71.375, 73.375, 1.4995257442226486e-22, nan 
-71.125, 73.375, 1.3424131539964786e-22, nan 
-70.875, 73.375, 1.5939508634068183e-22, nan 
-70.625, 73.375, 1.535012288379313e-22, nan 
-70.375, 73.375, 1.5018811685930886e-22, nan 
-70.125, 73.375, 1.576577157257063e-22, nan 
-69.875, 73.375, 1.3330101861503416e-22, nan 
-69.625, 73.375, 2.446495432252516e-22, nan 
-69.375, 73.375, 2.4266945227436073e-22, nan 
-69.125, 73.375, 1.7689007920063928e-22, nan 
-68.875, 73.375, 1.1445180269174354e-22, nan 
-68.625, 73.375, 2.696539027660136e-22, nan 
-68.375, 73.375, 3.9251456758983075e-22, nan 
-68.125, 73.375, 3.7847818118404767e-22, nan 
-67.875, 73.375, 2.3130021505552616e-22, nan 
-67.625, 73.375, 3.222687549192396e-22, nan 
-67.375, 73.375, 2.8172042636687634e-22, nan 
-67.125, 73.375, 9.18143362658445e-23, nan 
-66.875, 73.375, 1.730062154367712e-22, nan 
-66.625, 73.375, 2.7897334618212526e-22, nan 
-66.375, 73.375, 2.352136626876953e-22, nan 
-66.125, 73.375, 2.574219151395593e-22, nan 
-65.875, 73.375, 3.1858857407954426e-22, nan 
-65.625, 73.375, 3.1997642810220204e-22, nan 
-65.375, 73.375, 3.867727106982821e-22, nan 
-65.125, 73.375, 5.5316179944394e-22, nan 
-64.875, 73.375, 6.300015332964208e-22, nan 
-64.625, 73.375, 4.756936826152096e-22, nan 
-64.375, 73.375, 4.709149592895178e-22, nan 
-64.125, 73.375, 5.940837092528922e-22, nan 
-63.875, 73.375, 4.735148156971393e-22, nan 
-63.625, 73.375, 2.528481315491874e-22, nan 
-63.375, 73.375, 2.3378135690506263e-22, nan 
-63.125, 73.375, 5.278948498547186e-22, nan 
-62.875, 73.375, 5.202688200293536e-22, nan 
-62.625, 73.375, 5.344240727634209e-22, nan 
-62.375, 73.375, 6.925464771575811e-22, nan 
-62.125, 73.375, 6.404203008445095e-22, nan 
-61.875, 73.375, 5.802849450211424e-22, nan 
-61.625, 73.375, 5.895299185654464e-22, nan 
-61.375, 73.375, 9.971496288522263e-22, nan 
-61.125, 73.375, 9.572604103213838e-22, nan 
-60.875, 73.375, 8.2436736024871365e-22, nan 
-60.625, 73.375, 9.711402130126579e-22, nan 
-60.375, 73.375, 1.091403772828374e-21, nan 
-60.125, 73.375, 9.102277464194948e-22, nan 
-59.875, 73.375, 6.260574394075017e-22, nan 
-59.625, 73.375, 6.255044801896302e-22, nan 
-59.375, 73.375, 6.617711186951988e-22, nan 
-59.125, 73.375, 5.104110603216333e-22, nan 
-58.875, 73.375, 3.866330986305968e-22, nan 
-58.625, 73.375, 5.373930272181279e-22, nan 
-58.375, 73.375, 4.398403340041738e-22, nan 
-58.125, 73.375, 6.600478968116028e-22, nan 
-57.875, 73.375, 6.3218029376024175e-22, nan 
-57.625, 73.375, 7.85561738050126e-22, nan 
-57.375, 73.375, 7.806150231911676e-22, nan 
-57.125, 73.375, 8.378866296688984e-22, nan 
-56.875, 73.375, 5.960415700239182e-22, nan 
-56.625, 73.375, 7.05601854620908e-22, nan 
-56.375, 73.375, 9.950721825502671e-22, nan 
-56.125, 73.375, 1.7138323815285084e-21, nan 
-55.875, 73.375, 1.6941917041542636e-21, nan 
-55.625, 73.375, 1.3021986501662614e-21, nan 
-55.375, 73.375, 1.9147766985796544e-21, nan 
-55.125, 73.375, 1.784428988082482e-21, nan 
-54.875, 73.375, 1.4384625651420503e-21, nan 
-54.625, 73.375, 1.0013415891850977e-21, nan 
-54.375, 73.375, 1.039433312254422e-21, nan 
-54.125, 73.375, 2.0309746629184023e-21, nan 
-53.875, 73.375, 2.7477780121022217e-21, nan 
-53.625, 73.375, 2.4992588329233613e-21, nan 
-53.375, 73.375, 3.831596852387118e-21, nan 
-53.125, 73.375, 4.401536377766555e-21, nan 
-52.875, 73.375, 3.0745136381194958e-21, nan 
-52.625, 73.375, 2.1291230218427517e-21, nan 
-52.375, 73.375, 2.1203865501800347e-21, nan 
-52.125, 73.375, 2.1072541116490266e-21, nan 
-51.875, 73.375, 2.003511024076149e-21, nan 
-51.625, 73.375, 1.884977347595619e-21, nan 
-51.375, 73.375, 2.2154417428969246e-21, nan 
-51.125, 73.375, 2.119453903762853e-21, nan 
-50.875, 73.375, 2.2287079950246013e-21, nan 
-50.625, 73.375, 2.7782676475728095e-21, nan 
-50.375, 73.375, 2.7027463566078075e-21, nan 
-50.125, 73.375, 3.0152622180293643e-21, nan 
-49.875, 73.375, 3.17104379163155e-21, nan 
-49.625, 73.375, 3.960815294763582e-21, nan 
-49.375, 73.375, 4.5385063714184505e-21, nan 
-49.125, 73.375, 4.722313796416509e-21, nan 
-48.875, 73.375, 7.083878960358542e-21, nan 
-48.625, 73.375, 7.076576365574681e-21, nan 
-48.375, 73.375, 7.131021728360834e-21, nan 
-48.125, 73.375, 7.50068728985497e-21, nan 
-47.875, 73.375, 7.500718477923934e-21, nan 
-47.625, 73.375, 1.2964673445922688e-20, nan 
-47.375, 73.375, 1.2596678596106245e-20, nan 
-47.125, 73.375, 1.4162987930660412e-20, nan 
-46.875, 73.375, 1.4732366360831986e-20, nan 
-46.625, 73.375, 1.5073808721774808e-20, nan 
-46.375, 73.375, 8.792423986851305e-21, nan 
-46.125, 73.375, 6.562872644999836e-21, nan 
-45.875, 73.375, 5.567732571414333e-21, nan 
-45.625, 73.375, 7.179976589144253e-21, nan 
-45.375, 73.375, 7.277108293112131e-21, nan 
-45.125, 73.375, 7.221275013802953e-21, nan 
-44.875, 73.375, 8.142703961705787e-21, nan 
-44.625, 73.375, 5.6467809482944715e-21, nan 
-44.375, 73.375, 1.0780553249542052e-20, nan 
-44.125, 73.375, 1.2521054569691283e-20, nan 
-43.875, 73.375, 1.2523484734163905e-20, nan 
-43.625, 73.375, 1.3843062751575382e-20, nan 
-43.375, 73.375, 1.3391871759303746e-20, nan 
-43.125, 73.375, 1.4960459203115702e-20, nan 
-42.875, 73.375, 1.19950975896339e-20, nan 
-42.625, 73.375, 1.3541484803002768e-20, nan 
-42.375, 73.375, 1.2014819192717079e-20, nan 
-42.125, 73.375, 1.2560625098019948e-20, nan 
-41.875, 73.375, 1.7917392952960644e-20, nan 
-41.625, 73.375, 1.8696823901263345e-20, nan 
-41.375, 73.375, 4.0334199109280914e-20, nan 
-41.125, 73.375, 4.9177990192936295e-20, nan 
-40.875, 73.375, 2.9830973519588145e-20, nan 
-40.625, 73.375, 3.139752629386984e-20, nan 
-40.375, 73.375, 4.6482919471826125e-20, nan 
-40.125, 73.375, 3.4884003659381513e-20, nan 
-39.875, 73.375, 3.208436781830444e-20, nan 
-39.625, 73.375, 2.5714942672437014e-20, nan 
-39.375, 73.375, 2.5182330845847077e-20, nan 
-39.125, 73.375, 3.9105093382489086e-20, nan 
-38.875, 73.375, 3.420342786478363e-20, nan 
-38.625, 73.375, 2.562054989011258e-20, nan 
-38.375, 73.375, 2.4630780042351962e-20, nan 
-38.125, 73.375, 2.912841378392683e-20, nan 
-37.875, 73.375, 5.016255420035176e-20, nan 
-37.625, 73.375, 7.765357502437036e-20, nan 
-37.375, 73.375, 6.997741321311631e-20, nan 
-37.125, 73.375, 8.103960392664671e-20, nan 
-36.875, 73.375, 9.750513384993878e-20, nan 
-36.625, 73.375, 6.267067790408173e-20, nan 
-36.375, 73.375, 4.486191584046608e-20, nan 
-36.125, 73.375, 5.1795603009609524e-20, nan 
-35.875, 73.375, 2.9295538815793986e-20, nan 
-35.625, 73.375, 2.38365726215115e-20, nan 
-35.375, 73.375, 3.439438646150931e-20, nan 
-35.125, 73.375, 4.844851879915052e-20, nan 
-34.875, 73.375, 4.528453432272321e-20, nan 
-34.625, 73.375, 4.033325310039066e-20, nan 
-34.375, 73.375, 7.423471668298669e-20, nan 
-34.125, 73.375, 8.9349636334783e-20, nan 
-33.875, 73.375, 7.527924158934868e-20, nan 
-33.625, 73.375, 4.2825868447765745e-20, nan 
-33.375, 73.375, 8.482586630845819e-20, nan 
-33.125, 73.375, 9.291119380655897e-20, nan 
-32.875, 73.375, 5.37531153462199e-20, nan 
-32.625, 73.375, 8.264906139681576e-20, nan 
-32.375, 73.375, 8.744396924437473e-20, nan 
-32.125, 73.375, 4.1551282280423487e-20, nan 
-31.875, 73.375, 5.1902393941808885e-20, nan 
-31.625, 73.375, 5.879175723464926e-20, nan 
-31.375, 73.375, 5.741407893981602e-20, nan 
-31.125, 73.375, 5.716229774742334e-20, nan 
-30.875, 73.375, 5.648898379414878e-20, nan 
-30.625, 73.375, 5.4178267243179995e-20, nan 
-30.375, 73.375, 5.550516080839586e-20, nan 
-30.125, 73.375, 5.211125574100186e-20, nan 
-29.875, 73.375, 4.978480069559194e-20, nan 
-29.625, 73.375, 6.98369674376838e-20, nan 
-29.375, 73.375, 3.573736936931058e-20, nan 
-29.125, 73.375, 4.38966076525178e-20, nan 
-28.875, 73.375, 6.4111771871409e-20, nan 
-28.625, 73.375, 3.302145860066113e-20, nan 
-28.375, 73.375, 4.537180395157212e-20, nan 
-28.125, 73.375, 2.1217003637209616e-20, nan 
-27.875, 73.375, 4.3757142235088105e-20, nan 
-27.625, 73.375, 3.9568529889152833e-20, nan 
-27.375, 73.375, 5.383010934451948e-20, nan 
-27.125, 73.375, 6.885894209552156e-20, nan 
-26.875, 73.375, 4.6473461145067516e-20, nan 
-26.625, 73.375, 5.95575712194607e-20, nan 
-26.375, 73.375, 6.340427864415174e-20, nan 
-26.125, 73.375, 6.386737819254396e-20, nan 
-25.875, 73.375, 5.920606340160827e-20, nan 
-25.625, 73.375, 3.596106532985667e-20, nan 
-25.375, 73.375, 5.550549673736597e-20, nan 
-25.125, 73.375, 5.324187281633901e-20, nan 
-24.875, 73.375, 5.1682655326724273e-20, nan 
-24.625, 73.375, 5.125243711846054e-20, nan 
-24.375, 73.375, 6.458636031383312e-20, nan 
-24.125, 73.375, 7.924591196711377e-20, nan 
-23.875, 73.375, 7.128002679808343e-20, nan 
-23.625, 73.375, 7.479984938191672e-20, nan 
-23.375, 73.375, 7.815232011805833e-20, nan 
-23.125, 73.375, 8.542275799013022e-20, nan 
-22.875, 73.375, 7.670280920671316e-20, nan 
-22.625, 73.375, 5.70787688506511e-20, nan 
-22.375, 73.375, 7.381091870458626e-20, nan 
-22.125, 73.375, 6.9077528903665e-20, nan 
-21.875, 73.375, 5.3889256673554284e-20, nan 
-21.625, 73.375, 4.391627512548942e-20, nan 
-21.375, 73.375, 1.8818352112698223e-20, nan 
-21.125, 73.375, 4.489033795498404e-20, nan 
-20.875, 73.375, 7.509458133685418e-20, nan 
-20.625, 73.375, 5.175489092507783e-20, nan 
-20.375, 73.375, 4.424166078052161e-20, nan 
-20.125, 73.375, 6.715349388136644e-20, nan 
-19.875, 73.375, 4.9356935161319534e-20, nan 
-19.625, 73.375, 4.193151696152523e-20, nan 
-19.375, 73.375, 2.7330296942031824e-20, nan 
-19.125, 73.375, 3.586233613723283e-20, nan 
-18.875, 73.375, 4.120956439480361e-20, nan 
-18.625, 73.375, 3.359006116159734e-20, nan 
-18.375, 73.375, 3.708907695665149e-20, nan 
-18.125, 73.375, 1.6907004595827704e-20, nan 
-17.875, 73.375, 2.1509058173484198e-20, nan 
-17.625, 73.375, 1.432825386366897e-20, nan 
-17.375, 73.375, 1.7309080905267918e-20, nan 
-17.125, 73.375, 2.5312030534830586e-20, nan 
-16.875, 73.375, 3.0016899813868175e-20, nan 
-16.625, 73.375, 2.198058218431671e-20, nan 
-16.375, 73.375, 2.3575273351031528e-20, nan 
-16.125, 73.375, 2.762193816004877e-20, nan 
-15.875, 73.375, 4.690725351518352e-20, nan 
-15.625, 73.375, 3.333111764756163e-20, nan 
-15.375, 73.375, 2.0830732833123425e-20, nan 
-15.125, 73.375, 4.43592906991059e-20, nan 
-14.875, 73.375, 2.939749302454269e-20, nan 
-14.625, 73.375, 3.668298003335708e-20, nan 
-14.375, 73.375, 1.9842818910705756e-20, nan 
-14.125, 73.375, 2.2584771631159106e-20, nan 
-13.875, 73.375, 2.4912287295586002e-20, nan 
-13.625, 73.375, 1.9451352021122466e-20, nan 
-13.375, 73.375, 5.0298774096621844e-20, nan 
-13.125, 73.375, 4.6046283971806517e-20, nan 
-12.875, 73.375, 6.119428529195181e-20, nan 
-12.625, 73.375, 5.805692797860392e-20, nan 
-12.375, 73.375, 5.050717515188978e-20, nan 
-12.125, 73.375, 5.977381371651298e-20, nan 
-11.875, 73.375, 6.389060858625004e-20, nan 
-11.625, 73.375, 1.5630236149448108e-19, nan 
-11.375, 73.375, 5.21539448683869e-20, nan 
-11.125, 73.375, 3.823156123265102e-20, nan 
-10.875, 73.375, 5.511137482968765e-20, nan 
-10.625, 73.375, 4.4638241208725045e-20, nan 
-10.375, 73.375, 2.59849978000718e-20, nan 
-10.125, 73.375, 3.6471522508850713e-20, nan 
-9.875, 73.375, 9.559033739371638e-21, nan 
-9.625, 73.375, 9.980402312795207e-21, nan 
-9.375, 73.375, 7.921415769749516e-21, nan 
-9.125, 73.375, 5.206302710286994e-21, nan 
-8.875, 73.375, 4.042221760259903e-21, nan 
-8.625, 73.375, 4.706434944780283e-21, nan 
-8.375, 73.375, 3.5460259972956294e-21, nan 
-8.125, 73.375, 4.3609204161206884e-21, nan 
-7.875, 73.375, 6.914859546589681e-21, nan 
-7.625, 73.375, 6.831411611509814e-21, nan 
-7.375, 73.375, 8.833730164866646e-21, nan 
-7.125, 73.375, 6.03857115157244e-21, nan 
-6.875, 73.375, 1.004539593518462e-20, nan 
-6.625, 73.375, 8.739260855730153e-21, nan 
-6.375, 73.375, 9.737096540309146e-21, nan 
-6.125, 73.375, 1.0120988693119778e-20, nan 
-5.875, 73.375, 6.696055239161069e-21, nan 
-5.625, 73.375, 7.60186795135536e-21, nan 
-5.375, 73.375, 5.991012352013531e-21, nan 
-5.125, 73.375, 6.5157656512363164e-21, nan 
-4.875, 73.375, 9.126318464281458e-21, nan 
-4.625, 73.375, 4.7720531322921105e-21, nan 
-4.375, 73.375, 5.491549430400693e-21, nan 
-4.125, 73.375, 9.094920555581113e-21, nan 
-3.875, 73.375, 4.314116891762468e-21, nan 
-3.625, 73.375, 2.2607272170064586e-21, nan 
-3.375, 73.375, 4.02792961991209e-21, nan 
-3.125, 73.375, 3.7133298443450625e-21, nan 
-2.875, 73.375, 5.526026984630753e-21, nan 
-2.625, 73.375, 3.7040300129935994e-21, nan 
-2.375, 73.375, 4.576217461731312e-21, nan 
-2.125, 73.375, 4.800249191257519e-21, nan 
-1.875, 73.375, 2.65307007283237e-21, nan 
-1.625, 73.375, 4.811007099002724e-21, nan 
-1.375, 73.375, 1.2059342386885724e-21, nan 
-1.125, 73.375, 4.4413861042000515e-21, nan 
-0.875, 73.375, 3.0871307229700207e-21, nan 
-0.625, 73.375, 3.671441898505729e-21, nan 
-0.375, 73.375, 4.1932827826362465e-21, nan 
-0.125, 73.375, 3.539180792777996e-21, nan 
0.125, 73.375, 4.0041700691690174e-21, nan 
0.375, 73.375, 7.825653230232766e-21, nan 
0.625, 73.375, 8.110306345161054e-21, nan 
0.875, 73.375, 1.1064119647547287e-20, nan 
1.125, 73.375, 9.809756510577342e-21, nan 
1.375, 73.375, 7.927131215094498e-21, nan 
1.625, 73.375, 7.334727401414506e-21, nan 
1.875, 73.375, 6.088068926522631e-21, nan 
2.125, 73.375, 4.0016464080923365e-20, nan 
2.375, 73.375, 5.659772974339225e-20, nan 
2.625, 73.375, 4.153488756796097e-20, nan 
2.875, 73.375, 4.394131602125929e-21, nan 
3.125, 73.375, 1.3134753379050282e-21, nan 
3.375, 73.375, 1.3659709390318624e-21, nan 
3.625, 73.375, 5.416787232435007e-21, nan 
3.875, 73.375, 2.221424145515776e-21, nan 
4.125, 73.375, 2.020595533684463e-21, nan 
4.375, 73.375, 4.486897266656063e-21, nan 
4.625, 73.375, 1.899818496858803e-21, nan 
4.875, 73.375, 2.28403860153594e-21, nan 
5.125, 73.375, 3.8763054846818625e-21, nan 
5.375, 73.375, 3.190471462986246e-21, nan 
5.625, 73.375, 1.5671160261734897e-21, nan 
5.875, 73.375, 1.8680569377254693e-21, nan 
6.125, 73.375, 2.3500385229322227e-21, nan 
6.375, 73.375, 2.625180411707204e-21, nan 
6.625, 73.375, 1.1615236842066758e-21, nan 
6.875, 73.375, 9.678407804948557e-22, nan 
7.125, 73.375, 1.2971726276372024e-21, nan 
7.375, 73.375, 9.79260568985933e-22, nan 
7.625, 73.375, 1.1478372355697433e-21, nan 
7.875, 73.375, 9.436272381841095e-22, nan 
8.125, 73.375, 7.375459782328289e-22, nan 
8.375, 73.375, 1.1058079861530365e-21, nan 
8.625, 73.375, 1.2025218894091912e-21, nan 
8.875, 73.375, 1.3750525388900481e-21, nan 
9.125, 73.375, 1.819182981072547e-21, nan 
9.375, 73.375, 1.6812118756735376e-21, nan 
9.625, 73.375, 1.9134928747405885e-21, nan 
9.875, 73.375, 1.9762652966561978e-21, nan 
10.125, 73.375, 1.3657618306506807e-21, nan 
10.375, 73.375, 1.4584238765872614e-21, nan 
10.625, 73.375, 1.3635990458247578e-21, nan 
10.875, 73.375, 8.16267911629392e-22, nan 
11.125, 73.375, 8.189790857854138e-22, nan 
11.375, 73.375, 4.677232154456097e-22, nan 
11.625, 73.375, 5.844565570891712e-22, nan 
11.875, 73.375, 7.944120132405893e-22, nan 
12.125, 73.375, 5.926697487103145e-22, nan 
12.375, 73.375, 5.450006574599201e-22, nan 
12.625, 73.375, 5.216476737292705e-22, nan 
12.875, 73.375, 4.939423437832364e-22, nan 
13.125, 73.375, 5.442397664981401e-22, nan 
13.375, 73.375, 4.508821325720083e-22, nan 
13.625, 73.375, 3.7069252951151e-22, nan 
13.875, 73.375, 3.531023207541597e-22, nan 
14.125, 73.375, 3.4232162521136442e-22, nan 
14.375, 73.375, 3.2276831428297777e-22, nan 
14.625, 73.375, 4.890591703189556e-22, nan 
14.875, 73.375, 4.70512213839645e-22, nan 
15.125, 73.375, 3.16323095698916e-22, nan 
15.375, 73.375, 5.518033547872939e-22, nan 
15.625, 73.375, 6.572204076911406e-22, nan 
15.875, 73.375, 6.575138530669224e-22, nan 
16.125, 73.375, 6.376343077706729e-22, nan 
16.375, 73.375, 6.028737195326119e-22, nan 
16.625, 73.375, 5.355648407717019e-22, nan 
16.875, 73.375, 5.988483954024182e-22, nan 
17.125, 73.375, 4.912023306763525e-22, nan 
17.375, 73.375, 3.0665529120209487e-22, nan 
17.625, 73.375, 1.7731216099373075e-22, nan 
17.875, 73.375, 2.031233586815447e-22, nan 
18.125, 73.375, 5.2237792857834005e-22, nan 
18.375, 73.375, 1.830977651645028e-22, nan 
18.625, 73.375, 1.2356596510196405e-22, nan 
18.875, 73.375, 3.461815563696666e-22, nan 
19.125, 73.375, 2.5216655925472474e-22, nan 
19.375, 73.375, 2.2028381116817237e-22, nan 
19.625, 73.375, 2.9718565070980074e-22, nan 
19.875, 73.375, 3.035684127241449e-22, nan 
20.125, 73.375, 2.5763872388013e-22, nan 
20.375, 73.375, 2.9930281930763016e-22, nan 
20.625, 73.375, 2.159854712872604e-22, nan 
20.875, 73.375, 2.657281513692e-22, nan 
21.125, 73.375, 2.1758491015364874e-22, nan 
21.375, 73.375, 3.2497494111241617e-22, nan 
21.625, 73.375, 3.054167684147004e-22, nan 
21.875, 73.375, 7.373517055920835e-23, nan 
22.125, 73.375, 1.6061464995398895e-22, nan 
22.375, 73.375, 3.4886052698196503e-22, nan 
22.625, 73.375, 2.8895032292096666e-22, nan 
22.875, 73.375, 1.4324966272165275e-22, nan 
23.125, 73.375, 1.460256737348012e-22, nan 
23.375, 73.375, 1.0424904841498117e-22, nan 
23.625, 73.375, 1.4209832924914182e-22, nan 
23.875, 73.375, 1.3163422188781651e-22, nan 
24.125, 73.375, 1.0700051407067849e-22, nan 
24.375, 73.375, 1.4215438293151762e-22, nan 
24.625, 73.375, 1.4214147190388604e-22, nan 
24.875, 73.375, 1.1063914244151924e-22, nan 
25.125, 73.375, 1.2993825437019436e-22, nan 
25.375, 73.375, 2.105774107308563e-22, nan 
25.625, 73.375, 8.375217890768066e-23, nan 
25.875, 73.375, 9.457190781682495e-23, nan 
26.125, 73.375, 2.6070900592875495e-22, nan 
26.375, 73.375, 3.635301219628422e-22, nan 
26.625, 73.375, 3.5659355636559216e-22, nan 
26.875, 73.375, 3.208133315670408e-22, nan 
27.125, 73.375, 2.5283790725921554e-22, nan 
27.375, 73.375, 3.3480076769483346e-22, nan 
27.625, 73.375, 2.127306808543042e-22, nan 
27.875, 73.375, 2.4906560827649296e-22, nan 
28.125, 73.375, 2.2772425281195994e-22, nan 
28.375, 73.375, 3.007258709756263e-22, nan 
28.625, 73.375, 2.6893287810638075e-22, nan 
28.875, 73.375, 1.2875586869230446e-22, nan 
29.125, 73.375, 1.1411762235124839e-22, nan 
29.375, 73.375, 1.8103839968576116e-22, nan 
29.625, 73.375, 3.877528563641817e-23, nan 
29.875, 73.375, 5.729580764183642e-23, nan 
30.125, 73.375, 3.7731849969202166e-23, nan 
30.375, 73.375, 3.85235645220813e-23, nan 
30.625, 73.375, 5.541996546309209e-23, nan 
30.875, 73.375, 6.877972234280606e-23, nan 
31.125, 73.375, 8.222499642813173e-23, nan 
31.375, 73.375, 6.50876499636127e-23, nan 
31.625, 73.375, 6.621647551395214e-23, nan 
31.875, 73.375, 7.860183045371564e-23, nan 
32.125, 73.375, 4.994761988631505e-23, nan 
32.375, 73.375, 8.714057228360866e-23, nan 
32.625, 73.375, 7.679379552818849e-23, nan 
32.875, 73.375, 7.985239527615329e-23, nan 
33.125, 73.375, 9.955402100549374e-23, nan 
33.375, 73.375, 1.0010801399811791e-22, nan 
33.625, 73.375, 1.1180975074284348e-22, nan 
33.875, 73.375, 1.2428540809912686e-22, nan 
34.125, 73.375, 1.2684554168361873e-22, nan 
34.375, 73.375, 1.1946687671269338e-22, nan 
34.625, 73.375, 1.4646899924923233e-22, nan 
34.875, 73.375, 1.5343167939525833e-22, nan 
35.125, 73.375, 7.369112290831545e-23, nan 
35.375, 73.375, 6.220377989215405e-23, nan 
35.625, 73.375, 6.331377364865206e-23, nan 
35.875, 73.375, 4.7635049088308006e-23, nan 
36.125, 73.375, 5.527591167895971e-23, nan 
36.375, 73.375, 7.235128190798666e-23, nan 
36.625, 73.375, 7.268101954466436e-23, nan 
36.875, 73.375, 4.9409063787967064e-23, nan 
37.125, 73.375, 5.0151411210490215e-23, nan 
37.375, 73.375, 7.915067695164412e-23, nan 
37.625, 73.375, 5.791931283157249e-23, nan 
37.875, 73.375, 6.475101747505626e-23, nan 
38.125, 73.375, 8.706120184336558e-23, nan 
38.375, 73.375, 8.388051098093491e-23, nan 
38.625, 73.375, 9.458908862459744e-23, nan 
38.875, 73.375, 5.208152271125439e-23, nan 
39.125, 73.375, 6.047224295756237e-23, nan 
39.375, 73.375, 6.149076427973511e-23, nan 
39.625, 73.375, 4.8261831488499445e-23, nan 
39.875, 73.375, 2.975757054203207e-23, nan 
40.125, 73.375, 3.0107604067680696e-23, nan 
40.375, 73.375, 3.0446745633539173e-23, nan 
40.625, 73.375, 2.60139286696078e-23, nan 
40.875, 73.375, 2.513933941874484e-23, nan 
41.125, 73.375, 3.3207901699519275e-23, nan 
41.375, 73.375, 3.874207141165574e-23, nan 
41.625, 73.375, 4.0705787093335794e-23, nan 
41.875, 73.375, 3.286138516883381e-23, nan 
42.125, 73.375, 3.2054488209337826e-23, nan 
42.375, 73.375, 4.325393620063811e-23, nan 
42.625, 73.375, 3.674444780023314e-23, nan 
42.875, 73.375, 3.2355954278577313e-23, nan 
43.125, 73.375, 3.486874707940229e-23, nan 
43.375, 73.375, 4.0057427123923397e-23, nan 
43.625, 73.375, 2.5224482810559483e-23, nan 
43.875, 73.375, 1.6347375923672336e-23, nan 
44.125, 73.375, 1.9835601422864835e-23, nan 
44.375, 73.375, 2.4191449000957652e-23, nan 
44.625, 73.375, 3.2165196417902265e-23, nan 
44.875, 73.375, 2.128871623251757e-23, nan 
45.125, 73.375, 1.6923367572753646e-23, nan 
45.375, 73.375, 1.9591708078210393e-23, nan 
45.625, 73.375, 2.2443916612848624e-23, nan 
45.875, 73.375, 8.776113560757273e-24, nan 
46.125, 73.375, 1.3043550569354629e-23, nan 
46.375, 73.375, 2.5432149756104764e-23, nan 
46.625, 73.375, 1.437365386441823e-23, nan 
46.875, 73.375, 1.18641167493847e-23, nan 
47.125, 73.375, 9.48471714604954e-24, nan 
47.375, 73.375, 1.6373602993359195e-23, nan 
47.625, 73.375, 1.513969205995501e-23, nan 
47.875, 73.375, 1.1285844992773426e-23, nan 
48.125, 73.375, 1.540234248888002e-23, nan 
48.375, 73.375, 1.6489550377963532e-23, nan 
48.625, 73.375, 1.5196193976359717e-23, nan 
48.875, 73.375, 1.4981678848145092e-23, nan 
49.125, 73.375, 1.8354035975159055e-23, nan 
49.375, 73.375, 1.6336810582144118e-23, nan 
49.625, 73.375, 1.5824775027608463e-23, nan 
49.875, 73.375, 2.3363991384262853e-23, nan 
50.125, 73.375, 1.6821142826050917e-23, nan 
50.375, 73.375, 1.553124723535178e-23, nan 
50.625, 73.375, 1.9382384203151726e-23, nan 
50.875, 73.375, 6.49329040802149e-24, nan 
51.125, 73.375, 1.090140777507047e-23, nan 
51.375, 73.375, 1.271158100662495e-23, nan 
51.625, 73.375, 6.692278898067536e-24, nan 
51.875, 73.375, 1.4217910320076467e-23, nan 
52.125, 73.375, 1.545388377931874e-23, nan 
52.375, 73.375, 1.2798734525465262e-23, nan 
52.625, 73.375, 1.3220708721492397e-23, nan 
52.875, 73.375, 1.147708308588187e-23, nan 
53.125, 73.375, 1.2375509744944909e-23, nan 
53.375, 73.375, 7.185202440567209e-24, nan 
53.625, 73.375, 1.3446652672097249e-24, nan 
53.875, 73.375, 8.920525347484514e-24, nan 
54.125, 73.375, 1.0595291757420551e-23, nan 
54.375, 73.375, 7.341406174354964e-24, nan 
54.625, 73.375, 8.46824400441298e-24, nan 
54.875, 73.375, 1.1672647387976008e-23, nan 
55.125, 73.375, 1.676900040745306e-23, nan 
55.375, 73.375, 1.5669482331734328e-23, nan 
55.625, 73.375, 1.595798943641488e-23, nan 
55.875, 73.375, 1.5780180681520348e-23, nan 
56.125, 73.375, 2.0167469793507003e-23, nan 
56.375, 73.375, 1.7100577397842912e-23, nan 
56.625, 73.375, 1.5859569073645567e-23, nan 
56.875, 73.375, 1.7547703678466864e-23, nan 
57.125, 73.375, 1.8606708222694616e-23, nan 
57.375, 73.375, 1.7622343401510418e-23, nan 
57.625, 73.375, 1.6182454233952113e-23, nan 
57.875, 73.375, 1.4573816481860288e-23, nan 
58.125, 73.375, 1.354158579162072e-23, nan 
58.375, 73.375, 1.508939088732566e-23, nan 
58.625, 73.375, 7.874836445056785e-24, nan 
58.875, 73.375, 1.6188236427452054e-23, nan 
59.125, 73.375, 1.8877629403184178e-23, nan 
59.375, 73.375, 1.3192307894153218e-23, nan 
59.625, 73.375, 1.893676776484889e-23, nan 
59.875, 73.375, 1.652769167249461e-23, nan 
60.125, 73.375, 1.1847512521525829e-23, nan 
60.375, 73.375, 1.188806536220987e-23, nan 
60.625, 73.375, 1.0910251742142136e-23, nan 
60.875, 73.375, 7.859263727425225e-24, nan 
61.125, 73.375, 6.966036776244166e-24, nan 
61.375, 73.375, 3.9018756057556e-24, nan 
61.625, 73.375, 8.102863795959314e-24, nan 
61.875, 73.375, 2.0586369065542162e-23, nan 
62.125, 73.375, 1.9097973351879053e-23, nan 
62.375, 73.375, 2.262914746992972e-23, nan 
62.625, 73.375, 2.1338782051027575e-23, nan 
62.875, 73.375, 1.9982222654602062e-23, nan 
63.125, 73.375, 2.0632338048409162e-23, nan 
63.375, 73.375, 1.2006896813050763e-23, nan 
63.625, 73.375, 8.16738024908793e-24, nan 
63.875, 73.375, 3.6697169819920855e-24, nan 
64.125, 73.375, 3.36422648352592e-24, nan 
64.375, 73.375, 3.644559555967384e-24, nan 
64.625, 73.375, 5.1202207559968594e-24, nan 
64.875, 73.375, 4.157288534207542e-24, nan 
65.125, 73.375, 2.561618364682437e-24, nan 
65.375, 73.375, 2.7440238072407337e-24, nan 
65.625, 73.375, 1.8062616070681612e-24, nan 
65.875, 73.375, 5.348635204978657e-24, nan 
66.125, 73.375, 8.481045376106982e-24, nan 
66.375, 73.375, 1.2049088160179925e-23, nan 
66.625, 73.375, 1.1370698366545903e-23, nan 
66.875, 73.375, 1.397208672877051e-23, nan 
67.125, 73.375, 1.3133998281133637e-23, nan 
67.375, 73.375, 1.0448601966563379e-23, nan 
67.625, 73.375, 9.731711299966388e-24, nan 
67.875, 73.375, 7.793486382207268e-24, nan 
68.125, 73.375, 8.645197190987221e-24, nan 
68.375, 73.375, 7.325021930192053e-24, nan 
68.625, 73.375, 5.340679159743682e-24, nan 
68.875, 73.375, 8.163443500927553e-24, nan 
69.125, 73.375, 8.329063649518344e-24, nan 
69.375, 73.375, 4.833910543122288e-24, nan 
69.625, 73.375, 2.7395656552815765e-24, nan 
69.875, 73.375, 4.62908736938419e-24, nan 
70.125, 73.375, 5.382727774808722e-24, nan 
70.375, 73.375, 2.8950071563421797e-24, nan 
70.625, 73.375, 3.606280337668404e-24, nan 
70.875, 73.375, 3.925055104849118e-24, nan 
71.125, 73.375, 6.629758771920221e-24, nan 
71.375, 73.375, 7.25741445556664e-24, nan 
71.625, 73.375, 6.961984629476075e-24, nan 
71.875, 73.375, 6.299647192941889e-24, nan 
72.125, 73.375, 7.95698943556273e-24, nan 
72.375, 73.375, 8.344132284079474e-24, nan 
72.625, 73.375, 4.457617089236653e-24, nan 
72.875, 73.375, 6.307910661834832e-24, nan 
73.125, 73.375, 1.2343352740297031e-23, nan 
73.375, 73.375, 1.6145987693401306e-23, nan 
73.625, 73.375, 1.5556731880668348e-23, nan 
73.875, 73.375, 1.6098837674638007e-23, nan 
74.125, 73.375, 2.853745608651609e-23, nan 
74.375, 73.375, 3.3074451805450974e-23, nan 
74.625, 73.375, 1.2402235362112476e-23, nan 
74.875, 73.375, 1.9072808674143778e-23, nan 
75.125, 73.375, 2.2046974546346078e-23, nan 
75.375, 73.375, 1.040556270563971e-23, nan 
75.625, 73.375, 3.853048404537488e-24, nan 
75.875, 73.375, 3.4036672840851005e-24, nan 
76.125, 73.375, 6.897424406072147e-24, nan 
76.375, 73.375, 7.855696335175977e-24, nan 
76.625, 73.375, 9.119150127917165e-24, nan 
76.875, 73.375, 8.323261637778529e-24, nan 
77.125, 73.375, 7.748058362755966e-24, nan 
77.375, 73.375, 7.100148274426597e-24, nan 
77.625, 73.375, 1.0175903594740078e-23, nan 
77.875, 73.375, 8.412926178283622e-24, nan 
78.125, 73.375, 9.138109375519287e-24, nan 
78.375, 73.375, 8.597027088542573e-24, nan 
78.625, 73.375, 8.297036723163309e-24, nan 
78.875, 73.375, 7.687583148329344e-24, nan 
79.125, 73.375, 7.297174142453447e-24, nan 
79.375, 73.375, 7.848730835419771e-24, nan 
79.625, 73.375, 6.649182602722877e-24, nan 
79.875, 73.375, 6.287011526604157e-24, nan 
80.125, 73.375, 7.469407295766126e-24, nan 
80.375, 73.375, 9.351688668931645e-24, nan 
80.625, 73.375, 6.911031689582015e-24, nan 
80.875, 73.375, 7.257257269229692e-24, nan 
81.125, 73.375, 9.655355692360582e-24, nan 
81.375, 73.375, 7.453822404008543e-24, nan 
81.625, 73.375, 7.849731147438397e-24, nan 
81.875, 73.375, 6.106178137402286e-24, nan 
82.125, 73.375, 7.304510513507141e-24, nan 
82.375, 73.375, 6.131314565025533e-24, nan 
82.625, 73.375, 5.967659926344975e-24, nan 
82.875, 73.375, 7.036622061505117e-24, nan 
83.125, 73.375, 7.19001509219688e-24, nan 
83.375, 73.375, 6.1641515666445576e-24, nan 
83.625, 73.375, 5.7747391723386434e-24, nan 
83.875, 73.375, 6.191627415257165e-24, nan 
84.125, 73.375, 4.1027304069395474e-24, nan 
84.375, 73.375, 2.1972686864781644e-24, nan 
84.625, 73.375, 3.35640512929954e-24, nan 
84.875, 73.375, 3.5509724060639104e-24, nan 
85.125, 73.375, 2.9342986376321974e-24, nan 
85.375, 73.375, 1.9573315313346306e-24, nan 
85.625, 73.375, 1.7829621191554354e-24, nan 
85.875, 73.375, 1.1399473105184004e-24, nan 
86.125, 73.375, 7.750547527323031e-25, nan 
86.375, 73.375, 1.562579660570458e-24, nan 
86.625, 73.375, 1.3147298432327857e-24, nan 
86.875, 73.375, 7.279774483913931e-25, nan 
87.125, 73.375, 1.3930477046953218e-24, nan 
87.375, 73.375, 1.9277216441988445e-24, nan 
87.625, 73.375, 2.35902670420369e-24, nan 
87.875, 73.375, 2.7028251315692958e-24, nan 
88.125, 73.375, 3.961495371154105e-24, nan 
88.375, 73.375, 3.399383911761204e-24, nan 
88.625, 73.375, 3.88882812769037e-24, nan 
88.875, 73.375, 3.95957627904453e-24, nan 
89.125, 73.375, 4.05481504543366e-24, nan 
89.375, 73.375, 4.301947454634641e-24, nan 
89.625, 73.375, 4.692767026316381e-24, nan 
89.875, 73.375, 4.2319827848676745e-24, nan 
90.125, 73.375, 3.2166732809912044e-24, nan 
90.375, 73.375, 3.7921913351772676e-24, nan 
90.625, 73.375, 5.056301446099506e-24, nan 
90.875, 73.375, 5.379290584482377e-24, nan 
91.125, 73.375, 4.395175712194073e-24, nan 
91.375, 73.375, 5.209320966885248e-24, nan 
91.625, 73.375, 5.649937305624674e-24, nan 
91.875, 73.375, 4.30846417332918e-24, nan 
92.125, 73.375, 3.722300899674124e-24, nan 
92.375, 73.375, 3.405140575076086e-24, nan 
-166.625, 73.625, 2.6460975121461478e-24, nan 
-166.375, 73.625, 1.7587247711005974e-24, nan 
-166.125, 73.625, 1.6702670835993638e-24, nan 
-165.875, 73.625, 1.4434168658411303e-24, nan 
-165.625, 73.625, 2.3206218268372133e-24, nan 
-165.375, 73.625, 1.3318755855046706e-24, nan 
-165.125, 73.625, 1.6104237827584841e-24, nan 
-164.875, 73.625, 1.9658774513396026e-24, nan 
-164.625, 73.625, 1.4727058176729521e-24, nan 
-164.375, 73.625, 1.2348650248086717e-24, nan 
-164.125, 73.625, 1.2560671851111093e-24, nan 
-163.875, 73.625, 6.278091849362038e-25, nan 
-163.625, 73.625, 5.815824000740242e-25, nan 
-163.375, 73.625, 1.1084252835347047e-24, nan 
-163.125, 73.625, 1.0511003780470396e-24, nan 
-162.875, 73.625, 2.125242048386129e-24, nan 
-162.625, 73.625, 3.355828620809085e-24, nan 
-162.375, 73.625, 6.758273055258236e-24, nan 
-162.125, 73.625, 4.210748540391971e-24, nan 
-161.875, 73.625, 4.651799593318486e-24, nan 
-161.625, 73.625, 7.134665300799549e-24, nan 
-161.375, 73.625, 5.309758990975904e-24, nan 
-161.125, 73.625, 7.218281801835409e-24, nan 
-160.875, 73.625, 8.801173638838392e-24, nan 
-160.625, 73.625, 6.310847406701376e-24, nan 
-160.375, 73.625, 5.3920845782749294e-24, nan 
-160.125, 73.625, 7.474127043111317e-24, nan 
-159.875, 73.625, 6.359770281178245e-24, nan 
-159.625, 73.625, 7.080616088657488e-24, nan 
-159.375, 73.625, 6.731670393671347e-24, nan 
-159.125, 73.625, 5.820317271831565e-24, nan 
-158.875, 73.625, 7.701611878897174e-24, nan 
-158.625, 73.625, 5.827471460497539e-24, nan 
-158.375, 73.625, 2.5611499423599246e-24, nan 
-158.125, 73.625, 8.020595763994774e-24, nan 
-157.875, 73.625, 1.2120378091741606e-23, nan 
-157.625, 73.625, 9.104372822731256e-24, nan 
-157.375, 73.625, 6.6120789273746166e-24, nan 
-157.125, 73.625, 8.92530026909655e-24, nan 
-156.875, 73.625, 7.505218473313516e-24, nan 
-156.625, 73.625, 6.136586283254474e-24, nan 
-156.375, 73.625, 7.887753220638579e-24, nan 
-156.125, 73.625, 7.7545035040202e-24, nan 
-155.875, 73.625, 4.8292908756538784e-24, nan 
-155.625, 73.625, 3.095479412955723e-24, nan 
-155.375, 73.625, 2.786859356281065e-24, nan 
-155.125, 73.625, 2.702899543089769e-24, nan 
-154.875, 73.625, 2.40919198789104e-24, nan 
-154.625, 73.625, 1.980736799382149e-24, nan 
-154.375, 73.625, 3.228091764996299e-24, nan 
-154.125, 73.625, 3.781291681470062e-24, nan 
-153.875, 73.625, 5.9607841065385986e-24, nan 
-153.625, 73.625, 4.296654248229533e-24, nan 
-153.375, 73.625, 5.6599373905935555e-24, nan 
-153.125, 73.625, 1.0148420972038683e-23, nan 
-152.875, 73.625, 7.398125530625515e-24, nan 
-152.625, 73.625, 5.8405413702646534e-24, nan 
-152.375, 73.625, 1.489018512880657e-23, nan 
-152.125, 73.625, 1.11043512281647e-23, nan 
-151.875, 73.625, 9.118184760969153e-24, nan 
-151.625, 73.625, 8.04121064628843e-24, nan 
-151.375, 73.625, 8.692221771836357e-24, nan 
-151.125, 73.625, 6.14479400601596e-24, nan 
-150.875, 73.625, 4.157227254155423e-24, nan 
-150.625, 73.625, 6.051887500478731e-24, nan 
-150.375, 73.625, 2.983054406492812e-24, nan 
-150.125, 73.625, 1.9267023801702115e-24, nan 
-149.875, 73.625, 2.7078010753456843e-24, nan 
-149.625, 73.625, 2.241411942748652e-24, nan 
-149.375, 73.625, 1.0560241133377011e-24, nan 
-149.125, 73.625, 2.10833938389945e-24, nan 
-148.875, 73.625, 1.6021251539903599e-24, nan 
-148.625, 73.625, 2.0752812321137424e-24, nan 
-148.375, 73.625, 2.667458176646577e-24, nan 
-148.125, 73.625, 7.096585483646678e-24, nan 
-147.875, 73.625, 5.4337319139236135e-24, nan 
-147.625, 73.625, 2.771379822344729e-24, nan 
-147.375, 73.625, 1.8812081368730255e-24, nan 
-147.125, 73.625, 1.9049666807716824e-24, nan 
-146.875, 73.625, 2.1629354393045225e-24, nan 
-146.625, 73.625, 2.45255732026185e-24, nan 
-146.375, 73.625, 3.816845714905014e-24, nan 
-146.125, 73.625, 4.7078461865147564e-24, nan 
-145.875, 73.625, 5.053743295023715e-24, nan 
-145.625, 73.625, 5.060627283475239e-24, nan 
-145.375, 73.625, 5.815601017929118e-24, nan 
-145.125, 73.625, 6.1133841320721646e-24, nan 
-144.875, 73.625, 7.207949055581073e-24, nan 
-144.625, 73.625, 5.908303601046694e-24, nan 
-144.375, 73.625, 8.356278474916828e-24, nan 
-144.125, 73.625, 6.729347243605151e-24, nan 
-143.875, 73.625, 4.0523794956344714e-24, nan 
-143.625, 73.625, 7.090370558637555e-24, nan 
-143.375, 73.625, 9.500355073409756e-24, nan 
-143.125, 73.625, 1.0448896867700212e-23, nan 
-142.875, 73.625, 1.3007676534520022e-23, nan 
-142.625, 73.625, 1.492781447938917e-23, nan 
-142.375, 73.625, 1.0917094069034946e-23, nan 
-142.125, 73.625, 1.1179618019190315e-23, nan 
-141.875, 73.625, 1.3880742955255924e-23, nan 
-141.625, 73.625, 1.671553451435289e-23, nan 
-141.375, 73.625, 9.18361418604106e-24, nan 
-141.125, 73.625, 6.486155751508137e-24, nan 
-140.875, 73.625, 9.27510008150021e-24, nan 
-140.625, 73.625, 7.226475065071412e-24, nan 
-140.375, 73.625, 4.0398864927255205e-24, nan 
-140.125, 73.625, 1.9188274557292935e-24, nan 
-139.875, 73.625, 2.367555115792103e-24, nan 
-139.625, 73.625, 2.1506301646412382e-24, nan 
-139.375, 73.625, 2.202979060384783e-24, nan 
-139.125, 73.625, 5.6307948664202884e-24, nan 
-138.875, 73.625, 1.825200212642101e-24, nan 
-138.625, 73.625, 2.8552080312242432e-24, nan 
-138.375, 73.625, 3.858048879693139e-24, nan 
-138.125, 73.625, 5.484720251889572e-24, nan 
-137.875, 73.625, 4.68309324185837e-24, nan 
-137.625, 73.625, 3.6190515473569426e-24, nan 
-137.375, 73.625, 2.863991743614914e-24, nan 
-137.125, 73.625, 5.6694579180072415e-24, nan 
-136.875, 73.625, 5.861488886564145e-24, nan 
-136.625, 73.625, 4.0085293448979785e-24, nan 
-136.375, 73.625, 4.311194028654559e-24, nan 
-136.125, 73.625, 7.579722659098516e-24, nan 
-135.875, 73.625, 5.592959190311306e-24, nan 
-135.625, 73.625, 7.023491388109236e-24, nan 
-135.375, 73.625, 1.3304038536463256e-23, nan 
-135.125, 73.625, 1.2232927126144125e-23, nan 
-134.875, 73.625, 9.246967757343922e-24, nan 
-134.625, 73.625, 1.2250740343052067e-23, nan 
-134.375, 73.625, 1.623725019668186e-23, nan 
-134.125, 73.625, 7.868790314746192e-24, nan 
-133.875, 73.625, 6.0101589050560535e-24, nan 
-133.625, 73.625, 1.0955506851819081e-23, nan 
-133.375, 73.625, 1.0613751403375217e-23, nan 
-133.125, 73.625, 9.034192726907776e-24, nan 
-132.875, 73.625, 5.281589601355573e-24, nan 
-132.625, 73.625, 1.3177505830655027e-23, nan 
-132.375, 73.625, 1.4070977149901338e-23, nan 
-132.125, 73.625, 1.4370867629534145e-23, nan 
-131.875, 73.625, 1.8861847453064448e-23, nan 
-131.625, 73.625, 2.039360362720544e-23, nan 
-131.375, 73.625, 2.249740591841806e-23, nan 
-131.125, 73.625, 2.7807934779205853e-23, nan 
-130.875, 73.625, 1.6470986644724975e-23, nan 
-130.625, 73.625, 1.3571979450980863e-23, nan 
-130.375, 73.625, 1.857962056729472e-23, nan 
-130.125, 73.625, 1.8712627808528348e-23, nan 
-129.875, 73.625, 1.4785573531081513e-23, nan 
-129.625, 73.625, 1.7135409396042063e-23, nan 
-129.375, 73.625, 1.4280320796553908e-23, nan 
-129.125, 73.625, 1.3145321160613237e-23, nan 
-128.875, 73.625, 1.399051600280699e-23, nan 
-128.625, 73.625, 1.4871177444208877e-23, nan 
-128.375, 73.625, 8.393967944266977e-24, nan 
-128.125, 73.625, 1.5658157268018348e-23, nan 
-127.875, 73.625, 1.3629626443669032e-23, nan 
-127.625, 73.625, 8.315546585318842e-24, nan 
-127.375, 73.625, 4.1884456322482784e-24, nan 
-127.125, 73.625, 3.912613601205871e-24, nan 
-126.875, 73.625, 9.106766623488785e-24, nan 
-126.625, 73.625, 8.796980826134852e-24, nan 
-126.375, 73.625, 7.214039619604886e-24, nan 
-126.125, 73.625, 7.251549571808307e-24, nan 
-125.875, 73.625, 9.09358598002493e-24, nan 
-125.625, 73.625, 1.2278948906914182e-23, nan 
-125.375, 73.625, 7.369722958421025e-24, nan 
-125.125, 73.625, 1.4325231958190613e-23, nan 
-124.875, 73.625, 1.698944676538371e-23, nan 
-124.625, 73.625, 1.427252170973807e-23, nan 
-124.375, 73.625, 2.114047381087985e-23, nan 
-124.125, 73.625, 1.5152426258357084e-23, nan 
-123.875, 73.625, 1.0706387129062135e-23, nan 
-123.625, 73.625, 1.4671963355630308e-23, nan 
-123.375, 73.625, 1.1350436847454849e-23, nan 
-123.125, 73.625, 7.133762538572699e-24, nan 
-122.875, 73.625, 6.938067223999417e-24, nan 
-122.625, 73.625, 6.4847085418839026e-24, nan 
-122.375, 73.625, 7.995050641845648e-24, nan 
-122.125, 73.625, 8.345184237871929e-24, nan 
-121.875, 73.625, 7.527249963449574e-24, nan 
-121.625, 73.625, 7.473584850092969e-24, nan 
-121.375, 73.625, 9.018330657266714e-24, nan 
-121.125, 73.625, 6.905074199156509e-24, nan 
-120.875, 73.625, 5.182227407150909e-24, nan 
-120.625, 73.625, 5.212999144040241e-24, nan 
-120.375, 73.625, 8.796859490449166e-24, nan 
-120.125, 73.625, 1.094611349160205e-23, nan 
-119.875, 73.625, 1.3981488926706032e-23, nan 
-119.625, 73.625, 1.8877482275369155e-23, nan 
-119.375, 73.625, 1.5137930422954364e-23, nan 
-119.125, 73.625, 1.3883863393438695e-23, nan 
-118.875, 73.625, 1.0161211806798432e-23, nan 
-118.625, 73.625, 8.735900777934426e-24, nan 
-118.375, 73.625, 1.0364422095786993e-23, nan 
-118.125, 73.625, 2.1796817655738794e-23, nan 
-117.875, 73.625, 2.1397259030599835e-23, nan 
-117.625, 73.625, 9.454818009181237e-24, nan 
-117.375, 73.625, 1.1191715608447934e-23, nan 
-117.125, 73.625, 1.70124063964112e-23, nan 
-116.875, 73.625, 1.1563615543016796e-23, nan 
-116.625, 73.625, 9.917472816858458e-24, nan 
-116.375, 73.625, 1.5633094059630396e-23, nan 
-116.125, 73.625, 1.6981415644114777e-23, nan 
-115.875, 73.625, 1.0643237083370036e-23, nan 
-115.625, 73.625, 1.1928551542294769e-23, nan 
-115.375, 73.625, 1.2751979934504078e-23, nan 
-115.125, 73.625, 7.946547982495526e-24, nan 
-114.875, 73.625, 7.195079784107168e-24, nan 
-114.625, 73.625, 5.938548560067916e-24, nan 
-114.375, 73.625, 5.9369512927234825e-24, nan 
-114.125, 73.625, 4.569700580778213e-24, nan 
-113.875, 73.625, 2.993578036571734e-23, nan 
-113.625, 73.625, 2.4080147467156582e-23, nan 
-113.375, 73.625, 1.8071783262495794e-23, nan 
-113.125, 73.625, 5.969624639852032e-23, nan 
-112.875, 73.625, 4.630024625490839e-23, nan 
-112.625, 73.625, 3.252123261782038e-23, nan 
-112.375, 73.625, 2.1732832243253892e-23, nan 
-112.125, 73.625, 2.612566939839157e-23, nan 
-111.875, 73.625, 1.1755873021437916e-23, nan 
-111.625, 73.625, 9.583279930226455e-24, nan 
-111.375, 73.625, 9.313264152369241e-24, nan 
-111.125, 73.625, 1.5690918456600947e-23, nan 
-110.875, 73.625, 1.713852022533623e-23, nan 
-110.625, 73.625, 1.4103936001815407e-23, nan 
-110.375, 73.625, 1.615943979193727e-23, nan 
-110.125, 73.625, 1.3867668531568876e-23, nan 
-109.875, 73.625, 1.1017671016259542e-23, nan 
-109.625, 73.625, 1.523817063881864e-23, nan 
-109.375, 73.625, 2.398235416382106e-23, nan 
-109.125, 73.625, 2.1386874701900855e-23, nan 
-108.875, 73.625, 1.3265956205967193e-23, nan 
-108.625, 73.625, 1.8218944311327997e-23, nan 
-108.375, 73.625, 1.8010888130216202e-23, nan 
-108.125, 73.625, 8.481972299566471e-24, nan 
-107.875, 73.625, 1.3762747748956466e-23, nan 
-107.625, 73.625, 1.8022416236141034e-23, nan 
-107.375, 73.625, 1.2764955783270978e-23, nan 
-107.125, 73.625, 1.360018977977023e-23, nan 
-106.875, 73.625, 1.820784576159946e-23, nan 
-106.625, 73.625, 1.88263042993146e-23, nan 
-106.375, 73.625, 1.9679317602402017e-23, nan 
-106.125, 73.625, 2.4785380375301866e-23, nan 
-105.875, 73.625, 2.4633057158960927e-23, nan 
-105.625, 73.625, 3.468223342886137e-23, nan 
-105.375, 73.625, 4.289069466193716e-23, nan 
-105.125, 73.625, 2.2219576640185816e-23, nan 
-104.875, 73.625, 2.7115756769032365e-23, nan 
-104.625, 73.625, 3.159312708595312e-23, nan 
-104.375, 73.625, 1.7522244909905175e-23, nan 
-104.125, 73.625, 1.643378371435414e-23, nan 
-103.875, 73.625, 1.732454295078221e-23, nan 
-103.625, 73.625, 1.589824453002507e-23, nan 
-103.375, 73.625, 1.9076741632497318e-23, nan 
-103.125, 73.625, 1.3804243651897713e-23, nan 
-102.875, 73.625, 1.536003592119923e-23, nan 
-102.625, 73.625, 1.4564721077295052e-23, nan 
-102.375, 73.625, 5.6071563283721726e-24, nan 
-102.125, 73.625, 8.866606056540226e-24, nan 
-101.875, 73.625, 3.25046880195317e-23, nan 
-101.625, 73.625, 2.2950562670325494e-23, nan 
-101.375, 73.625, 2.1465031823903177e-23, nan 
-101.125, 73.625, 1.902033351992807e-23, nan 
-100.875, 73.625, 2.1496712296748148e-23, nan 
-100.625, 73.625, 2.5621478730725117e-23, nan 
-100.375, 73.625, 1.7679287245869545e-23, nan 
-100.125, 73.625, 1.7422980559175056e-23, nan 
-99.875, 73.625, 1.9274244652459334e-23, nan 
-99.625, 73.625, 1.9954658421567483e-23, nan 
-99.375, 73.625, 2.1170822437092965e-23, nan 
-99.125, 73.625, 1.408855869583823e-23, nan 
-98.875, 73.625, 1.2141607471831193e-23, nan 
-98.625, 73.625, 1.3304265842816124e-23, nan 
-98.375, 73.625, 2.40271263559514e-23, nan 
-98.125, 73.625, 1.3900610500036773e-23, nan 
-97.875, 73.625, 1.7521537457854002e-23, nan 
-97.625, 73.625, 1.856401970697335e-23, nan 
-97.375, 73.625, 1.965920068365385e-23, nan 
-97.125, 73.625, 1.601465837180884e-23, nan 
-96.875, 73.625, 1.5032786427394477e-23, nan 
-96.625, 73.625, 1.6573286367631078e-23, nan 
-96.375, 73.625, 1.0839663298395454e-23, nan 
-96.125, 73.625, 7.033342732398298e-24, nan 
-95.875, 73.625, 1.1369580703122839e-23, nan 
-95.625, 73.625, 1.3791289406163266e-23, nan 
-95.375, 73.625, 1.0183693104988694e-23, nan 
-95.125, 73.625, 2.0098783456887223e-23, nan 
-94.875, 73.625, 2.2159393286493216e-23, nan 
-94.625, 73.625, 2.168674945154395e-23, nan 
-94.375, 73.625, 2.1938889807495321e-23, nan 
-94.125, 73.625, 3.379121331838965e-23, nan 
-93.875, 73.625, 4.1411396098944053e-23, nan 
-93.625, 73.625, 3.508018116043966e-23, nan 
-93.375, 73.625, 3.6978401034827377e-23, nan 
-93.125, 73.625, 5.067598592884326e-23, nan 
-92.875, 73.625, 4.5737138342602714e-23, nan 
-92.625, 73.625, 4.087319319313943e-23, nan 
-92.375, 73.625, 4.0463787353109476e-23, nan 
-92.125, 73.625, 4.955781467008643e-23, nan 
-91.875, 73.625, 3.665602393316672e-23, nan 
-91.625, 73.625, 2.914041709038998e-23, nan 
-91.375, 73.625, 2.863484272093807e-23, nan 
-91.125, 73.625, 3.362475982763723e-23, nan 
-90.875, 73.625, 3.5574372203012337e-23, nan 
-90.625, 73.625, 2.872297557243082e-23, nan 
-90.375, 73.625, 4.2653444091142086e-23, nan 
-90.125, 73.625, 3.469595193841326e-23, nan 
-89.875, 73.625, 2.612598831456312e-23, nan 
-89.625, 73.625, 4.294053194072591e-23, nan 
-89.375, 73.625, 3.12307750776324e-23, nan 
-89.125, 73.625, 2.130452739239671e-23, nan 
-88.875, 73.625, 3.4418934467458885e-23, nan 
-88.625, 73.625, 4.5930160313729624e-23, nan 
-88.375, 73.625, 5.0163696188392145e-23, nan 
-88.125, 73.625, 6.287546388399605e-23, nan 
-87.875, 73.625, 5.490145868865e-23, nan 
-87.625, 73.625, 3.549405021077494e-23, nan 
-87.375, 73.625, 7.64336185173382e-23, nan 
-87.125, 73.625, 1.119354959322251e-22, nan 
-86.875, 73.625, 8.838291787246131e-23, nan 
-86.625, 73.625, 8.987692021706521e-23, nan 
-86.375, 73.625, 9.719106241862106e-23, nan 
-86.125, 73.625, 8.98085167383043e-23, nan 
-85.875, 73.625, 1.2693289596140684e-22, nan 
-85.625, 73.625, 1.8633761837605363e-22, nan 
-85.375, 73.625, 2.036861123727311e-22, nan 
-85.125, 73.625, 2.0714605173006155e-22, nan 
-84.875, 73.625, 3.215768949172406e-22, nan 
-84.625, 73.625, 2.120653331909445e-22, nan 
-84.375, 73.625, 1.783864414188243e-22, nan 
-84.125, 73.625, 2.5839540577579166e-22, nan 
-83.875, 73.625, 1.9142105613090306e-22, nan 
-83.625, 73.625, 1.0658510848977224e-22, nan 
-83.375, 73.625, 1.1749265584852535e-22, nan 
-83.125, 73.625, 6.449102191062824e-23, nan 
-82.875, 73.625, 6.233436899985869e-23, nan 
-82.625, 73.625, 6.993450720006855e-23, nan 
-82.375, 73.625, 5.378813848110001e-23, nan 
-82.125, 73.625, 5.133379327362341e-23, nan 
-81.875, 73.625, 4.4424046414499707e-23, nan 
-81.625, 73.625, 8.20516628142725e-23, nan 
-81.375, 73.625, 1.11655658325319e-22, nan 
-81.125, 73.625, 1.2916392714156314e-22, nan 
-80.875, 73.625, 1.2327485796065488e-22, nan 
-80.625, 73.625, 8.862618933248164e-23, nan 
-80.375, 73.625, 1.6122368717793202e-22, nan 
-80.125, 73.625, 1.1882319968587074e-22, nan 
-79.875, 73.625, 6.833913151255122e-23, nan 
-79.625, 73.625, 6.742648067287428e-23, nan 
-79.375, 73.625, 9.273669108723736e-23, nan 
-79.125, 73.625, 8.780601408316392e-23, nan 
-78.875, 73.625, 6.946584718408328e-23, nan 
-78.625, 73.625, 6.631969124850584e-23, nan 
-78.375, 73.625, 5.990322740196742e-23, nan 
-78.125, 73.625, 3.163635481104887e-23, nan 
-77.875, 73.625, 4.846445380168997e-23, nan 
-77.625, 73.625, 9.904832457441106e-23, nan 
-77.375, 73.625, 9.451135654796819e-23, nan 
-77.125, 73.625, 7.316002480896276e-23, nan 
-76.875, 73.625, 1.0580596309456718e-22, nan 
-76.625, 73.625, 1.5764982065160285e-22, nan 
-76.375, 73.625, 1.3943700150247795e-22, nan 
-76.125, 73.625, 2.4101469721095264e-22, nan 
-75.875, 73.625, 3.361485602282001e-22, nan 
-75.625, 73.625, 1.1653729534573083e-22, nan 
-75.375, 73.625, 1.6066632145274374e-22, nan 
-75.125, 73.625, 2.3334071563932688e-22, nan 
-74.875, 73.625, 1.4437597675518295e-22, nan 
-74.625, 73.625, 9.811928807927652e-23, nan 
-74.375, 73.625, 1.2388158923632454e-22, nan 
-74.125, 73.625, 1.730761850759429e-22, nan 
-73.875, 73.625, 1.3879155213530049e-22, nan 
-73.625, 73.625, 2.129320106206958e-22, nan 
-73.375, 73.625, 2.3555821338950536e-22, nan 
-73.125, 73.625, 1.3105481160769996e-22, nan 
-72.875, 73.625, 3.7898447300285006e-22, nan 
-72.625, 73.625, 3.8156852409268363e-22, nan 
-72.375, 73.625, 8.557119172348243e-23, nan 
-72.125, 73.625, 3.7460246643358864e-22, nan 
-71.875, 73.625, 3.1577999982818435e-22, nan 
-71.625, 73.625, 2.152048883912296e-22, nan 
-71.375, 73.625, 1.8327979045401383e-22, nan 
-71.125, 73.625, 1.7621899965162272e-22, nan 
-70.875, 73.625, 2.430484930070596e-22, nan 
-70.625, 73.625, 1.5924770815287729e-22, nan 
-70.375, 73.625, 1.3862949726939525e-22, nan 
-70.125, 73.625, 2.0889578449048298e-22, nan 
-69.875, 73.625, 1.764259604103235e-22, nan 
-69.625, 73.625, 2.4384157473643926e-22, nan 
-69.375, 73.625, 1.1677610087658974e-22, nan 
-69.125, 73.625, 1.1388801800784937e-22, nan 
-68.875, 73.625, 3.056643507547004e-22, nan 
-68.625, 73.625, 2.5818434775147303e-22, nan 
-68.375, 73.625, 2.0374751800349775e-22, nan 
-68.125, 73.625, 4.380572741001359e-22, nan 
-67.875, 73.625, 3.254308947301024e-22, nan 
-67.625, 73.625, 1.8297858556470756e-22, nan 
-67.375, 73.625, 3.0088483333739754e-22, nan 
-67.125, 73.625, 2.1304338897787564e-22, nan 
-66.875, 73.625, 1.6795791904583112e-22, nan 
-66.625, 73.625, 3.6245230739722514e-22, nan 
-66.375, 73.625, 2.5292847043904382e-22, nan 
-66.125, 73.625, 2.4277160896038114e-22, nan 
-65.875, 73.625, 3.387329381589722e-22, nan 
-65.625, 73.625, 1.8521041714494449e-22, nan 
-65.375, 73.625, 3.3430351552861605e-22, nan 
-65.125, 73.625, 5.579919432796767e-22, nan 
-64.875, 73.625, 5.194828874344741e-22, nan 
-64.625, 73.625, 4.578331582924149e-22, nan 
-64.375, 73.625, 5.48238458530603e-22, nan 
-64.125, 73.625, 6.074526331996659e-22, nan 
-63.875, 73.625, 5.749323214916955e-22, nan 
-63.625, 73.625, 1.261150888108054e-22, nan 
-63.375, 73.625, 2.226955436730803e-22, nan 
-63.125, 73.625, 4.529491387295116e-22, nan 
-62.875, 73.625, 7.396048228580725e-22, nan 
-62.625, 73.625, 9.132271238155754e-22, nan 
-62.375, 73.625, 1.2945321833090129e-21, nan 
-62.125, 73.625, 1.2583444619377393e-21, nan 
-61.875, 73.625, 1.235024576059131e-21, nan 
-61.625, 73.625, 1.2075347697224004e-21, nan 
-61.375, 73.625, 1.0413367517108485e-21, nan 
-61.125, 73.625, 9.13226433085541e-22, nan 
-60.875, 73.625, 7.49185008543114e-22, nan 
-60.625, 73.625, 6.557687916961508e-22, nan 
-60.375, 73.625, 7.19661006256344e-22, nan 
-60.125, 73.625, 6.373447897404726e-22, nan 
-59.875, 73.625, 5.06059833215311e-22, nan 
-59.625, 73.625, 4.24544353271215e-22, nan 
-59.375, 73.625, 5.37562962669672e-22, nan 
-59.125, 73.625, 6.067319169502244e-22, nan 
-58.875, 73.625, 7.141415685339122e-22, nan 
-58.625, 73.625, 7.386468503781568e-22, nan 
-58.375, 73.625, 7.0593638473656485e-22, nan 
-58.125, 73.625, 9.008752880719766e-22, nan 
-57.875, 73.625, 1.1312869879721672e-21, nan 
-57.625, 73.625, 9.929634670977587e-22, nan 
-57.375, 73.625, 1.0532894587074279e-21, nan 
-57.125, 73.625, 1.3696868299785054e-21, nan 
-56.875, 73.625, 1.3028725374922006e-21, nan 
-56.625, 73.625, 1.244662778339095e-21, nan 
-56.375, 73.625, 1.1738940276481387e-21, nan 
-56.125, 73.625, 1.6002304150519846e-21, nan 
-55.875, 73.625, 1.8502656686390942e-21, nan 
-55.625, 73.625, 1.9856437383308066e-21, nan 
-55.375, 73.625, 1.5551844715955364e-21, nan 
-55.125, 73.625, 1.7728839865745656e-21, nan 
-54.875, 73.625, 1.9296703616189667e-21, nan 
-54.625, 73.625, 1.8025793473727356e-21, nan 
-54.375, 73.625, 1.881560416644613e-21, nan 
-54.125, 73.625, 2.2672249868888047e-21, nan 
-53.875, 73.625, 2.01078887255602e-21, nan 
-53.625, 73.625, 1.999746632038949e-21, nan 
-53.375, 73.625, 4.5769732957404264e-21, nan 
-53.125, 73.625, 5.01375911029841e-21, nan 
-52.875, 73.625, 4.1103261385205506e-21, nan 
-52.625, 73.625, 4.7854353864002126e-21, nan 
-52.375, 73.625, 5.7077052859829186e-21, nan 
-52.125, 73.625, 5.3228715168001014e-21, nan 
-51.875, 73.625, 4.87351530592215e-21, nan 
-51.625, 73.625, 4.616825225512362e-21, nan 
-51.375, 73.625, 4.031253947750303e-21, nan 
-51.125, 73.625, 3.788874720912437e-21, nan 
-50.875, 73.625, 4.498340393072072e-21, nan 
-50.625, 73.625, 4.310998982657948e-21, nan 
-50.375, 73.625, 3.477079134716416e-21, nan 
-50.125, 73.625, 3.774471368148541e-21, nan 
-49.875, 73.625, 4.253147434262882e-21, nan 
-49.625, 73.625, 5.745424354758917e-21, nan 
-49.375, 73.625, 7.312949788136964e-21, nan 
-49.125, 73.625, 6.593847145556762e-21, nan 
-48.875, 73.625, 7.920866872369285e-21, nan 
-48.625, 73.625, 7.644123244098337e-21, nan 
-48.375, 73.625, 7.590514675408571e-21, nan 
-48.125, 73.625, 1.0880024645108318e-20, nan 
-47.875, 73.625, 1.4818292825296547e-20, nan 
-47.625, 73.625, 1.3810072857708702e-20, nan 
-47.375, 73.625, 1.6010264757054044e-20, nan 
-47.125, 73.625, 2.2240113352727108e-20, nan 
-46.875, 73.625, 1.6332913908394832e-20, nan 
-46.625, 73.625, 1.187420091738751e-20, nan 
-46.375, 73.625, 7.838814695213823e-21, nan 
-46.125, 73.625, 9.406041247180561e-21, nan 
-45.875, 73.625, 1.075800217432195e-20, nan 
-45.625, 73.625, 5.7324746125407084e-21, nan 
-45.375, 73.625, 5.903956683230621e-21, nan 
-45.125, 73.625, 1.108255038164511e-20, nan 
-44.875, 73.625, 7.947560640942888e-21, nan 
-44.625, 73.625, 1.1818510031412847e-20, nan 
-44.375, 73.625, 1.8384886481978977e-20, nan 
-44.125, 73.625, 1.8540428931876352e-20, nan 
-43.875, 73.625, 1.0203979203992715e-20, nan 
-43.625, 73.625, 2.3621739480931057e-20, nan 
-43.375, 73.625, 2.4843110954232125e-20, nan 
-43.125, 73.625, 1.4639184758877805e-20, nan 
-42.875, 73.625, 1.623314482665166e-20, nan 
-42.625, 73.625, 1.8068681665577675e-20, nan 
-42.375, 73.625, 2.741044049241544e-20, nan 
-42.125, 73.625, 5.671746175774323e-20, nan 
-41.875, 73.625, 5.474456265195547e-20, nan 
-41.625, 73.625, 3.155165938879416e-20, nan 
-41.375, 73.625, 7.614698608837941e-20, nan 
-41.125, 73.625, 7.800315151891735e-20, nan 
-40.875, 73.625, 1.575015634377339e-20, nan 
-40.625, 73.625, 2.481522827954309e-20, nan 
-40.375, 73.625, 5.500618244197334e-20, nan 
-40.125, 73.625, 4.301229623307167e-20, nan 
-39.875, 73.625, 3.563182563719233e-20, nan 
-39.625, 73.625, 4.2624676146948415e-20, nan 
-39.375, 73.625, 4.3601551231173185e-20, nan 
-39.125, 73.625, 4.555474970048273e-20, nan 
-38.875, 73.625, 3.7924159045281424e-20, nan 
-38.625, 73.625, 4.0091807393138896e-20, nan 
-38.375, 73.625, 6.351572435457877e-20, nan 
-38.125, 73.625, 6.882519084998566e-20, nan 
-37.875, 73.625, 8.916706982319749e-20, nan 
-37.625, 73.625, 8.83025094689046e-20, nan 
-37.375, 73.625, 9.689342896109587e-20, nan 
-37.125, 73.625, 1.2928144227397367e-19, nan 
-36.875, 73.625, 9.739140120640065e-20, nan 
-36.625, 73.625, 1.0928470918869288e-19, nan 
-36.375, 73.625, 1.1963446526307444e-19, nan 
-36.125, 73.625, 9.833765776504597e-20, nan 
-35.875, 73.625, 1.0894784134913912e-19, nan 
-35.625, 73.625, 9.485264602819029e-20, nan 
-35.375, 73.625, 4.205103765927967e-20, nan 
-35.125, 73.625, 8.175485703776373e-20, nan 
-34.875, 73.625, 4.471641150629321e-20, nan 
-34.625, 73.625, 7.152809409802268e-20, nan 
-34.375, 73.625, 8.44991083265516e-20, nan 
-34.125, 73.625, 9.456706177323544e-20, nan 
-33.875, 73.625, 7.608110973778268e-20, nan 
-33.625, 73.625, 6.336062127346e-20, nan 
-33.375, 73.625, 1.120270009665826e-19, nan 
-33.125, 73.625, 5.49611719445175e-20, nan 
-32.875, 73.625, 3.4376357351703074e-20, nan 
-32.625, 73.625, 4.2771295939661285e-20, nan 
-32.375, 73.625, 3.806899570907971e-20, nan 
-32.125, 73.625, 2.831093986045309e-20, nan 
-31.875, 73.625, 4.312923614280862e-20, nan 
-31.625, 73.625, 7.920759381958058e-20, nan 
-31.375, 73.625, 7.156679730249335e-20, nan 
-31.125, 73.625, 7.139206357512314e-20, nan 
-30.875, 73.625, 9.023177074925922e-20, nan 
-30.625, 73.625, 1.0474691768124576e-19, nan 
-30.375, 73.625, 7.142737532602751e-20, nan 
-30.125, 73.625, 5.2258876800926115e-20, nan 
-29.875, 73.625, 9.737428562530064e-20, nan 
-29.625, 73.625, 8.74958446450602e-20, nan 
-29.375, 73.625, 4.357956637511918e-20, nan 
-29.125, 73.625, 3.500034203365087e-20, nan 
-28.875, 73.625, 3.978804822654203e-20, nan 
-28.625, 73.625, 2.6765254367381758e-20, nan 
-28.375, 73.625, 3.559312680619115e-20, nan 
-28.125, 73.625, 4.043682409929441e-20, nan 
-27.875, 73.625, 4.657773084627841e-20, nan 
-27.625, 73.625, 4.4794494995258304e-20, nan 
-27.375, 73.625, 5.787994132179882e-20, nan 
-27.125, 73.625, 5.787391829703723e-20, nan 
-26.875, 73.625, 6.099222964519497e-20, nan 
-26.625, 73.625, 7.768719374285253e-20, nan 
-26.375, 73.625, 6.650533672575568e-20, nan 
-26.125, 73.625, 6.557235409565098e-20, nan 
-25.875, 73.625, 6.773329861381025e-20, nan 
-25.625, 73.625, 7.620544975138605e-20, nan 
-25.375, 73.625, 6.927192126343788e-20, nan 
-25.125, 73.625, 7.381998440150957e-20, nan 
-24.875, 73.625, 8.516122056495272e-20, nan 
-24.625, 73.625, 9.600221262123768e-20, nan 
-24.375, 73.625, 1.0786585553899566e-19, nan 
-24.125, 73.625, 9.98777443324951e-20, nan 
-23.875, 73.625, 1.4286618182660252e-19, nan 
-23.625, 73.625, 1.1825704821968097e-19, nan 
-23.375, 73.625, 1.0490410548211803e-19, nan 
-23.125, 73.625, 8.455348125018078e-20, nan 
-22.875, 73.625, 9.570423299090245e-20, nan 
-22.625, 73.625, 8.291599398039168e-20, nan 
-22.375, 73.625, 9.394272213366021e-20, nan 
-22.125, 73.625, 8.16453836585199e-20, nan 
-21.875, 73.625, 5.346417432934643e-20, nan 
-21.625, 73.625, 7.790458020836508e-20, nan 
-21.375, 73.625, 3.2030712165445906e-20, nan 
-21.125, 73.625, 4.106824117851788e-20, nan 
-20.875, 73.625, 6.455262642191002e-20, nan 
-20.625, 73.625, 5.0327395490964913e-20, nan 
-20.375, 73.625, 7.023049290354441e-20, nan 
-20.125, 73.625, 3.7937694124868e-20, nan 
-19.875, 73.625, 4.8393229858874335e-20, nan 
-19.625, 73.625, 4.921024650833323e-20, nan 
-19.375, 73.625, 3.5126206395598115e-20, nan 
-19.125, 73.625, 4.0357553249775035e-20, nan 
-18.875, 73.625, 4.169661014308515e-20, nan 
-18.625, 73.625, 3.8102833820041216e-20, nan 
-18.375, 73.625, 3.1533481303748796e-20, nan 
-18.125, 73.625, 2.3218438997122978e-20, nan 
-17.875, 73.625, 2.4464855350904657e-20, nan 
-17.625, 73.625, 1.3778401694525164e-20, nan 
-17.375, 73.625, 3.847599483633805e-20, nan 
-17.125, 73.625, 3.570936391681307e-20, nan 
-16.875, 73.625, 1.8958075352873038e-20, nan 
-16.625, 73.625, 3.042786445455663e-20, nan 
-16.375, 73.625, 4.3316106013237403e-20, nan 
-16.125, 73.625, 3.2374627374605767e-20, nan 
-15.875, 73.625, 2.0336037349682225e-20, nan 
-15.625, 73.625, 2.7569986732575604e-20, nan 
-15.375, 73.625, 2.728586058517659e-20, nan 
-15.125, 73.625, 4.452429329900671e-20, nan 
-14.875, 73.625, 3.2795683674078775e-20, nan 
-14.625, 73.625, 3.365137488508839e-20, nan 
-14.375, 73.625, 4.772268864297821e-20, nan 
-14.125, 73.625, 4.2926945572527054e-20, nan 
-13.875, 73.625, 3.9387500428326105e-20, nan 
-13.625, 73.625, 7.148331910480989e-20, nan 
-13.375, 73.625, 5.67167625277685e-20, nan 
-13.125, 73.625, 4.7072067493160075e-20, nan 
-12.875, 73.625, 8.345614717752717e-20, nan 
-12.625, 73.625, 8.611173930577488e-20, nan 
-12.375, 73.625, 2.3185456631997475e-19, nan 
-12.125, 73.625, 5.545277513073416e-20, nan 
-11.875, 73.625, 1.163755555083098e-19, nan 
-11.625, 73.625, 3.783319044598414e-19, nan 
-11.375, 73.625, 3.8107368246096064e-20, nan 
-11.125, 73.625, 7.192823831787503e-20, nan 
-10.875, 73.625, 1.9423514066364198e-19, nan 
-10.625, 73.625, 4.9735448859981894e-20, nan 
-10.375, 73.625, 4.349374306845243e-20, nan 
-10.125, 73.625, 3.659195507559878e-20, nan 
-9.875, 73.625, 2.2895982347498458e-20, nan 
-9.625, 73.625, 1.597710196612622e-20, nan 
-9.375, 73.625, 7.8922811157999e-21, nan 
-9.125, 73.625, 9.740804490184971e-21, nan 
-8.875, 73.625, 3.1962676120661624e-21, nan 
-8.625, 73.625, 4.811740093542937e-21, nan 
-8.375, 73.625, 9.253138357779925e-21, nan 
-8.125, 73.625, 7.745606353502757e-21, nan 
-7.875, 73.625, 6.5430536496391594e-21, nan 
-7.625, 73.625, 7.213366832613711e-21, nan 
-7.375, 73.625, 8.136095146851155e-21, nan 
-7.125, 73.625, 9.055347992338831e-21, nan 
-6.875, 73.625, 1.4802462320430782e-20, nan 
-6.625, 73.625, 1.291814814539705e-20, nan 
-6.375, 73.625, 8.001974851449531e-21, nan 
-6.125, 73.625, 1.2831746240606089e-20, nan 
-5.875, 73.625, 1.105275800862746e-20, nan 
-5.625, 73.625, 8.92341732326181e-21, nan 
-5.375, 73.625, 4.966117623790953e-21, nan 
-5.125, 73.625, 5.319176315943238e-21, nan 
-4.875, 73.625, 8.117981523750337e-21, nan 
-4.625, 73.625, 4.2957108676216275e-21, nan 
-4.375, 73.625, 3.5122467215521584e-21, nan 
-4.125, 73.625, 4.683276133288928e-21, nan 
-3.875, 73.625, 3.6189557730676935e-21, nan 
-3.625, 73.625, 3.714222466227286e-21, nan 
-3.375, 73.625, 4.75287780838419e-21, nan 
-3.125, 73.625, 4.345593030035568e-21, nan 
-2.875, 73.625, 3.698988338950742e-21, nan 
-2.625, 73.625, 3.609729597244818e-21, nan 
-2.375, 73.625, 4.422250675014328e-21, nan 
-2.125, 73.625, 5.5096933937502416e-21, nan 
-1.875, 73.625, 5.402195879145296e-21, nan 
-1.625, 73.625, 8.924251716347732e-21, nan 
-1.375, 73.625, 6.354495768072175e-21, nan 
-1.125, 73.625, 6.292608838753006e-21, nan 
-0.875, 73.625, 6.0757691335424344e-21, nan 
-0.625, 73.625, 5.1866894785412574e-21, nan 
-0.375, 73.625, 5.366154520642172e-21, nan 
-0.125, 73.625, 4.3508968936248194e-21, nan 
0.125, 73.625, 1.5654935186603665e-20, nan 
0.375, 73.625, 1.5535552530549222e-20, nan 
0.625, 73.625, 7.540953914542844e-21, nan 
0.875, 73.625, 1.8999163486931774e-20, nan 
1.125, 73.625, 1.5449076483754953e-20, nan 
1.375, 73.625, 5.584121911155417e-20, nan 
1.625, 73.625, 8.032614777769172e-20, nan 
1.875, 73.625, 6.419673289880093e-20, nan 
2.125, 73.625, 9.676772497390634e-20, nan 
2.375, 73.625, 1.321956345701026e-19, nan 
2.625, 73.625, 9.967516094067857e-20, nan 
2.875, 73.625, 4.941322723644407e-20, nan 
3.125, 73.625, 6.219465620467414e-20, nan 
3.375, 73.625, 4.565714150586679e-20, nan 
3.625, 73.625, 4.030408573498323e-21, nan 
3.875, 73.625, 4.3160955983224774e-21, nan 
4.125, 73.625, 2.3449941930599636e-21, nan 
4.375, 73.625, 2.5672241230193546e-21, nan 
4.625, 73.625, 2.806091834014736e-21, nan 
4.875, 73.625, 3.6836844631647196e-21, nan 
5.125, 73.625, 2.3345791519396424e-21, nan 
5.375, 73.625, 2.6804031927549197e-21, nan 
5.625, 73.625, 2.120157229047073e-21, nan 
5.875, 73.625, 1.6568585777086616e-21, nan 
6.125, 73.625, 1.3298484921421385e-21, nan 
6.375, 73.625, 1.1993143208434744e-21, nan 
6.625, 73.625, 1.3487539906657067e-21, nan 
6.875, 73.625, 1.104144537141539e-21, nan 
7.125, 73.625, 7.1786840997051925e-22, nan 
7.375, 73.625, 4.40789106194204e-22, nan 
7.625, 73.625, 3.8551183364904887e-22, nan 
7.875, 73.625, 9.021691803966067e-22, nan 
8.125, 73.625, 7.912430710601595e-22, nan 
8.375, 73.625, 1.2605619958384928e-21, nan 
8.625, 73.625, 1.2024534401413472e-21, nan 
8.875, 73.625, 1.2425300435549296e-21, nan 
9.125, 73.625, 1.3098424320698485e-21, nan 
9.375, 73.625, 1.5628770765717299e-21, nan 
9.625, 73.625, 1.5375428417507286e-21, nan 
9.875, 73.625, 1.4582093090854537e-21, nan 
10.125, 73.625, 1.231783798161227e-21, nan 
10.375, 73.625, 1.343215948673203e-21, nan 
10.625, 73.625, 1.352225303506703e-21, nan 
10.875, 73.625, 8.417832286903182e-22, nan 
11.125, 73.625, 6.387683596863736e-22, nan 
11.375, 73.625, 6.086517923786304e-22, nan 
11.625, 73.625, 6.4713437360735645e-22, nan 
11.875, 73.625, 4.1187211264794596e-22, nan 
12.125, 73.625, 5.0731210292034075e-22, nan 
12.375, 73.625, 6.073095622855426e-22, nan 
12.625, 73.625, 6.364623340426153e-22, nan 
12.875, 73.625, 7.885509823912842e-22, nan 
13.125, 73.625, 8.337854861086042e-22, nan 
13.375, 73.625, 8.0449837267523645e-22, nan 
13.625, 73.625, 6.462745611163092e-22, nan 
13.875, 73.625, 5.075440777789405e-22, nan 
14.125, 73.625, 4.487621194689717e-22, nan 
14.375, 73.625, 4.170896883588923e-22, nan 
14.625, 73.625, 7.8126244743734545e-22, nan 
14.875, 73.625, 7.271950410654627e-22, nan 
15.125, 73.625, 4.588879092823611e-22, nan 
15.375, 73.625, 4.641231400609477e-22, nan 
15.625, 73.625, 4.320378030827682e-22, nan 
15.875, 73.625, 4.1149802829262577e-22, nan 
16.125, 73.625, 3.78310413054537e-22, nan 
16.375, 73.625, 3.027163922319305e-22, nan 
16.625, 73.625, 3.726117177813592e-22, nan 
16.875, 73.625, 5.551250592074396e-22, nan 
17.125, 73.625, 3.9533417713135726e-22, nan 
17.375, 73.625, 2.493345956355123e-22, nan 
17.625, 73.625, 3.447731488391903e-22, nan 
17.875, 73.625, 3.914565430258518e-22, nan 
18.125, 73.625, 5.989474826870254e-22, nan 
18.375, 73.625, 2.731925566999127e-22, nan 
18.625, 73.625, 2.5171429755350926e-22, nan 
18.875, 73.625, 3.7337366254023014e-22, nan 
19.125, 73.625, 3.0580644462118685e-22, nan 
19.375, 73.625, 2.9770762593507717e-22, nan 
19.625, 73.625, 3.4714106002807407e-22, nan 
19.875, 73.625, 3.1842099788992166e-22, nan 
20.125, 73.625, 2.8931960767988123e-22, nan 
20.375, 73.625, 2.7283779749846863e-22, nan 
20.625, 73.625, 1.9288966623824953e-22, nan 
20.875, 73.625, 1.6293650411750042e-22, nan 
21.125, 73.625, 1.6266525853638282e-22, nan 
21.375, 73.625, 9.465636117280769e-23, nan 
21.625, 73.625, 9.070977023238923e-23, nan 
21.875, 73.625, 8.322095324133321e-23, nan 
22.125, 73.625, 1.2130997002716895e-22, nan 
22.375, 73.625, 1.6628869935663663e-22, nan 
22.625, 73.625, 1.3305845400588849e-22, nan 
22.875, 73.625, 1.873782254454367e-22, nan 
23.125, 73.625, 1.855900051137627e-22, nan 
23.375, 73.625, 1.423889435553872e-22, nan 
23.625, 73.625, 2.0283725369694538e-22, nan 
23.875, 73.625, 2.0943700996965717e-22, nan 
24.125, 73.625, 1.284393057496404e-22, nan 
24.375, 73.625, 3.527179401765749e-22, nan 
24.625, 73.625, 4.638741813203448e-22, nan 
24.875, 73.625, 5.1388377507276227e-23, nan 
25.125, 73.625, 3.9370972606725703e-22, nan 
25.375, 73.625, 6.022856143349619e-22, nan 
25.625, 73.625, 1.488912822842068e-22, nan 
25.875, 73.625, 2.321650292964771e-22, nan 
26.125, 73.625, 3.5198207321734015e-22, nan 
26.375, 73.625, 1.365639061677849e-22, nan 
26.625, 73.625, 6.067049442724359e-23, nan 
26.875, 73.625, 2.294869130222965e-22, nan 
27.125, 73.625, 1.1522253015143659e-22, nan 
27.375, 73.625, 1.8540706078234428e-22, nan 
27.625, 73.625, 1.4551325745206846e-22, nan 
27.875, 73.625, 1.7380325192270432e-22, nan 
28.125, 73.625, 1.3454510793825526e-22, nan 
28.375, 73.625, 1.7185614323553322e-22, nan 
28.625, 73.625, 2.0981584626058613e-22, nan 
28.875, 73.625, 4.20362125735997e-23, nan 
29.125, 73.625, 4.0997947422582707e-23, nan 
29.375, 73.625, 1.0191850445851846e-22, nan 
29.625, 73.625, 4.149998766596972e-23, nan 
29.875, 73.625, 4.587658344683932e-23, nan 
30.125, 73.625, 6.780662046776521e-23, nan 
30.375, 73.625, 4.982822593269839e-23, nan 
30.625, 73.625, 4.445830994875547e-23, nan 
30.875, 73.625, 2.923578368739918e-23, nan 
31.125, 73.625, 6.804368749321931e-23, nan 
31.375, 73.625, 7.598337881168351e-23, nan 
31.625, 73.625, 9.159898146925186e-23, nan 
31.875, 73.625, 1.2608249319103232e-22, nan 
32.125, 73.625, 1.086688886857222e-22, nan 
32.375, 73.625, 5.845030679874248e-23, nan 
32.625, 73.625, 6.49801575188489e-23, nan 
32.875, 73.625, 4.9538151278497926e-23, nan 
33.125, 73.625, 4.819808982344597e-23, nan 
33.375, 73.625, 8.311563944363212e-23, nan 
33.625, 73.625, 6.991917309662929e-23, nan 
33.875, 73.625, 6.302352786175329e-23, nan 
34.125, 73.625, 8.431087432773371e-23, nan 
34.375, 73.625, 1.0146093537231677e-22, nan 
34.625, 73.625, 1.2431079176073984e-22, nan 
34.875, 73.625, 1.3994991381816713e-22, nan 
35.125, 73.625, 8.287597213188605e-23, nan 
35.375, 73.625, 6.695231465835909e-23, nan 
35.625, 73.625, 6.963774352022808e-23, nan 
35.875, 73.625, 3.8083668082622775e-23, nan 
36.125, 73.625, 4.990113568319943e-23, nan 
36.375, 73.625, 4.6955916450263116e-23, nan 
36.625, 73.625, 3.734528721854195e-23, nan 
36.875, 73.625, 3.423590499789343e-23, nan 
37.125, 73.625, 4.1443698297982506e-23, nan 
37.375, 73.625, 4.970139094422079e-23, nan 
37.625, 73.625, 3.876046851500434e-23, nan 
37.875, 73.625, 5.509527888986296e-23, nan 
38.125, 73.625, 5.969206083963083e-23, nan 
38.375, 73.625, 8.435954751778817e-23, nan 
38.625, 73.625, 7.20328589032191e-23, nan 
38.875, 73.625, 7.785536639483584e-23, nan 
39.125, 73.625, 8.797499540820754e-23, nan 
39.375, 73.625, 9.43286712043491e-23, nan 
39.625, 73.625, 7.553576787706476e-23, nan 
39.875, 73.625, 5.390295602689614e-23, nan 
40.125, 73.625, 9.62448914606177e-23, nan 
40.375, 73.625, 1.0241376926927721e-22, nan 
40.625, 73.625, 5.612559397203981e-23, nan 
40.875, 73.625, 5.634335800630254e-23, nan 
41.125, 73.625, 6.154726202709923e-23, nan 
41.375, 73.625, 4.2268644281330446e-23, nan 
41.625, 73.625, 3.498782642146449e-23, nan 
41.875, 73.625, 2.8329495189162586e-23, nan 
42.125, 73.625, 1.8797043978744218e-23, nan 
42.375, 73.625, 1.87701848074715e-23, nan 
42.625, 73.625, 2.9297187004393356e-23, nan 
42.875, 73.625, 1.6267730892950006e-23, nan 
43.125, 73.625, 1.4328132180635002e-23, nan 
43.375, 73.625, 3.8927444739343833e-23, nan 
43.625, 73.625, 5.82410441178692e-23, nan 
43.875, 73.625, 5.2189869045764464e-23, nan 
44.125, 73.625, 4.9893327487865515e-23, nan 
44.375, 73.625, 4.483559226149355e-23, nan 
44.625, 73.625, 3.4706059352319036e-23, nan 
44.875, 73.625, 2.4356684362561875e-23, nan 
45.125, 73.625, 2.1368523977707885e-23, nan 
45.375, 73.625, 2.26806859342498e-23, nan 
45.625, 73.625, 2.399486451275073e-23, nan 
45.875, 73.625, 1.655539403604371e-23, nan 
46.125, 73.625, 1.8926451433106098e-23, nan 
46.375, 73.625, 3.469126154029066e-23, nan 
46.625, 73.625, 1.8181805376130164e-23, nan 
46.875, 73.625, 2.0668867652929796e-23, nan 
47.125, 73.625, 2.7187597972323577e-23, nan 
47.375, 73.625, 1.988510909614076e-23, nan 
47.625, 73.625, 1.4202117064943736e-23, nan 
47.875, 73.625, 8.518869137702523e-24, nan 
48.125, 73.625, 1.2364918005595517e-23, nan 
48.375, 73.625, 9.960937293068023e-24, nan 
48.625, 73.625, 1.3702276116619848e-23, nan 
48.875, 73.625, 1.3049241716824485e-23, nan 
49.125, 73.625, 1.8172211706721242e-23, nan 
49.375, 73.625, 1.3692613190428704e-23, nan 
49.625, 73.625, 1.2910265691745646e-23, nan 
49.875, 73.625, 1.7753523233913865e-23, nan 
50.125, 73.625, 1.0447863118127319e-23, nan 
50.375, 73.625, 6.777854465954445e-24, nan 
50.625, 73.625, 4.993221821360882e-24, nan 
50.875, 73.625, 9.594878004166642e-24, nan 
51.125, 73.625, 3.552691782096291e-24, nan 
51.375, 73.625, 6.869602988182902e-24, nan 
51.625, 73.625, 9.20563045692481e-24, nan 
51.875, 73.625, 1.1574235484575831e-23, nan 
52.125, 73.625, 1.4385134589087041e-23, nan 
52.375, 73.625, 1.2655312972369109e-23, nan 
52.625, 73.625, 2.3650710918163883e-23, nan 
52.875, 73.625, 2.0334345442587163e-23, nan 
53.125, 73.625, 1.4649747364266382e-23, nan 
53.375, 73.625, 9.769702436794204e-24, nan 
53.625, 73.625, 4.757112302478995e-24, nan 
53.875, 73.625, 9.945601415053791e-24, nan 
54.125, 73.625, 5.890221778108802e-24, nan 
54.375, 73.625, 4.15283876788872e-24, nan 
54.625, 73.625, 1.1330514397762557e-23, nan 
54.875, 73.625, 8.90378096407113e-24, nan 
55.125, 73.625, 9.761964680406583e-24, nan 
55.375, 73.625, 8.330283066429748e-24, nan 
55.625, 73.625, 1.5231263840639577e-23, nan 
55.875, 73.625, 2.2692585598731805e-23, nan 
56.125, 73.625, 1.4411027586232345e-23, nan 
56.375, 73.625, 1.612376712967131e-23, nan 
56.625, 73.625, 2.0645920497369443e-23, nan 
56.875, 73.625, 2.0906333588669394e-23, nan 
57.125, 73.625, 1.6439464528880194e-23, nan 
57.375, 73.625, 1.590173741538237e-23, nan 
57.625, 73.625, 1.8793383935232726e-23, nan 
57.875, 73.625, 1.8897506049893055e-23, nan 
58.125, 73.625, 1.7162428350952123e-23, nan 
58.375, 73.625, 1.3131360797680851e-23, nan 
58.625, 73.625, 1.3491134695585254e-23, nan 
58.875, 73.625, 9.115350211219859e-24, nan 
59.125, 73.625, 1.1289321997113063e-23, nan 
59.375, 73.625, 1.1066551629743467e-23, nan 
59.625, 73.625, 1.484026268239872e-23, nan 
59.875, 73.625, 1.4032559641747034e-23, nan 
60.125, 73.625, 1.4692982132237271e-23, nan 
60.375, 73.625, 1.1113323007743168e-23, nan 
60.625, 73.625, 1.8722064962724543e-23, nan 
60.875, 73.625, 1.7682861999441867e-23, nan 
61.125, 73.625, 1.404759470550051e-23, nan 
61.375, 73.625, 1.5612273244531825e-23, nan 
61.625, 73.625, 1.9204455392475887e-23, nan 
61.875, 73.625, 2.3866060475606735e-23, nan 
62.125, 73.625, 1.9407219414810344e-23, nan 
62.375, 73.625, 2.873646745930817e-23, nan 
62.625, 73.625, 2.0440681077997285e-23, nan 
62.875, 73.625, 2.4739299294220406e-23, nan 
63.125, 73.625, 2.842750939471046e-23, nan 
63.375, 73.625, 1.9942619998936707e-23, nan 
63.625, 73.625, 2.1223728318012048e-23, nan 
63.875, 73.625, 2.1258504698466592e-23, nan 
64.125, 73.625, 1.7855541173770475e-23, nan 
64.375, 73.625, 1.1476185814450053e-23, nan 
64.625, 73.625, 8.607687632271542e-24, nan 
64.875, 73.625, 5.300277946129348e-24, nan 
65.125, 73.625, 1.8433691391794295e-24, nan 
65.375, 73.625, 2.910214104782567e-24, nan 
65.625, 73.625, 3.437024624865222e-24, nan 
65.875, 73.625, 3.7865710101818444e-24, nan 
66.125, 73.625, 4.502192155922829e-24, nan 
66.375, 73.625, 4.434112958835481e-24, nan 
66.625, 73.625, 5.995781457044265e-24, nan 
66.875, 73.625, 7.362282514484636e-24, nan 
67.125, 73.625, 7.648048329757003e-24, nan 
67.375, 73.625, 8.513844365671813e-24, nan 
67.625, 73.625, 8.653673722394031e-24, nan 
67.875, 73.625, 8.761147918971215e-24, nan 
68.125, 73.625, 9.356302881270096e-24, nan 
68.375, 73.625, 8.580010459383537e-24, nan 
68.625, 73.625, 9.682277917538484e-24, nan 
68.875, 73.625, 1.0755553240127823e-23, nan 
69.125, 73.625, 9.27065172438527e-24, nan 
69.375, 73.625, 5.889388742314485e-24, nan 
69.625, 73.625, 6.1221299047144676e-24, nan 
69.875, 73.625, 4.048023645962168e-24, nan 
70.125, 73.625, 5.981747752441559e-24, nan 
70.375, 73.625, 7.956292321484278e-24, nan 
70.625, 73.625, 6.236445479822988e-24, nan 
70.875, 73.625, 8.300911748577583e-24, nan 
71.125, 73.625, 4.176153960552484e-24, nan 
71.375, 73.625, 9.530292394898946e-24, nan 
71.625, 73.625, 7.25587255066813e-24, nan 
71.875, 73.625, 4.244930046045449e-24, nan 
72.125, 73.625, 1.0091056636900458e-23, nan 
72.375, 73.625, 7.218381722461746e-24, nan 
72.625, 73.625, 4.996969787163477e-24, nan 
72.875, 73.625, 3.875826905275076e-24, nan 
73.125, 73.625, 4.7218085777618134e-24, nan 
73.375, 73.625, 9.898443073425374e-24, nan 
73.625, 73.625, 7.316533030748858e-24, nan 
73.875, 73.625, 8.292123477526126e-24, nan 
74.125, 73.625, 1.4885370932886282e-23, nan 
74.375, 73.625, 1.3981809444902328e-23, nan 
74.625, 73.625, 5.928667154373049e-24, nan 
74.875, 73.625, 9.208551893018692e-24, nan 
75.125, 73.625, 1.1155754998715278e-23, nan 
75.375, 73.625, 8.971624060353274e-24, nan 
75.625, 73.625, 6.950846252117638e-24, nan 
75.875, 73.625, 1.034575972207898e-23, nan 
76.125, 73.625, 7.804645251955419e-24, nan 
76.375, 73.625, 5.771701541353695e-24, nan 
76.625, 73.625, 5.320831857028933e-24, nan 
76.875, 73.625, 4.179065545839287e-24, nan 
77.125, 73.625, 4.7363145734254585e-24, nan 
77.375, 73.625, 6.3099764050557274e-24, nan 
77.625, 73.625, 4.743272146849833e-24, nan 
77.875, 73.625, 4.169218866081672e-24, nan 
78.125, 73.625, 6.314380718921624e-24, nan 
78.375, 73.625, 3.480821272635083e-24, nan 
78.625, 73.625, 5.816290596506542e-24, nan 
78.875, 73.625, 4.741256364267189e-24, nan 
79.125, 73.625, 2.722520845582213e-24, nan 
79.375, 73.625, 2.968435023941651e-24, nan 
79.625, 73.625, 3.7226107023079176e-24, nan 
79.875, 73.625, 2.937398502896589e-24, nan 
80.125, 73.625, 5.396504536378334e-24, nan 
80.375, 73.625, 2.447163725311202e-24, nan 
80.625, 73.625, 4.1768997245441515e-24, nan 
80.875, 73.625, 4.222848632034267e-24, nan 
81.125, 73.625, 6.930695963888944e-24, nan 
81.375, 73.625, 5.7937895818355875e-24, nan 
81.625, 73.625, 6.68515143387312e-24, nan 
81.875, 73.625, 6.464594695448095e-24, nan 
82.125, 73.625, 6.576356105489839e-24, nan 
82.375, 73.625, 5.6117228541782505e-24, nan 
82.625, 73.625, 5.921790145738652e-24, nan 
82.875, 73.625, 7.140602734013921e-24, nan 
83.125, 73.625, 5.636519454598066e-24, nan 
83.375, 73.625, 7.586982549776197e-24, nan 
83.625, 73.625, 7.914999954547886e-24, nan 
83.875, 73.625, 6.983544130635785e-24, nan 
84.125, 73.625, 6.382672643187062e-24, nan 
84.375, 73.625, 5.2958080551104885e-24, nan 
84.625, 73.625, 4.49863826439833e-24, nan 
84.875, 73.625, 2.1694253010282288e-24, nan 
85.125, 73.625, 3.5829060605063406e-24, nan 
85.375, 73.625, 2.3163331521347284e-24, nan 
85.625, 73.625, 2.485877697685662e-24, nan 
85.875, 73.625, 3.122389330480761e-24, nan 
86.125, 73.625, 2.8894476894277527e-24, nan 
86.375, 73.625, 4.7679469501889484e-24, nan 
86.625, 73.625, 6.0131627719736566e-24, nan 
86.875, 73.625, 3.6777668263079795e-24, nan 
87.125, 73.625, 3.543165365673144e-24, nan 
87.375, 73.625, 3.976341908608001e-24, nan 
87.625, 73.625, 3.0918213829517282e-24, nan 
87.875, 73.625, 3.139242230435651e-24, nan 
88.125, 73.625, 2.082886559257286e-24, nan 
88.375, 73.625, 3.205153246756264e-24, nan 
88.625, 73.625, 3.181916138430909e-24, nan 
88.875, 73.625, 3.839238948792534e-24, nan 
89.125, 73.625, 3.95449129401962e-24, nan 
89.375, 73.625, 5.73440447872811e-24, nan 
89.625, 73.625, 5.738961037147338e-24, nan 
89.875, 73.625, 4.031642751203916e-24, nan 
90.125, 73.625, 6.4110374062115566e-24, nan 
90.375, 73.625, 6.822915485160253e-24, nan 
90.625, 73.625, 5.238498936959457e-24, nan 
90.875, 73.625, 5.9621477692570375e-24, nan 
91.125, 73.625, 4.8624647228682854e-24, nan 
91.375, 73.625, 4.599035382300464e-24, nan 
91.625, 73.625, 5.2554075752359366e-24, nan 
91.875, 73.625, 3.8178317569189146e-24, nan 
92.125, 73.625, 3.2614583682540823e-24, nan 
92.375, 73.625, 3.0789637462911327e-24, nan 
92.625, 73.625, 3.427415599847629e-24, nan 
92.875, 73.625, 2.4112216981403113e-24, nan 
93.125, 73.625, 2.8877770285552446e-24, nan 
93.375, 73.625, 3.8293526564359666e-24, nan 
93.625, 73.625, 3.075319447808228e-24, nan 
93.875, 73.625, 3.6064262442303765e-24, nan 
94.125, 73.625, 4.43188664265792e-24, nan 
94.375, 73.625, 4.978502526829673e-24, nan 
-168.875, 73.875, 5.5012416910060906e-24, nan 
-168.625, 73.875, 6.935456374387179e-24, nan 
-168.375, 73.875, 7.338977771526886e-24, nan 
-168.125, 73.875, 4.606422761417623e-24, nan 
-167.875, 73.875, 5.080710618225613e-24, nan 
-167.625, 73.875, 3.839605496822142e-24, nan 
-167.375, 73.875, 2.27462797926056e-24, nan 
-167.125, 73.875, 4.6237337968298685e-24, nan 
-166.875, 73.875, 2.8910920967766714e-24, nan 
-166.625, 73.875, 2.4318493623100286e-24, nan 
-166.375, 73.875, 3.346780216312588e-24, nan 
-166.125, 73.875, 2.251815259228141e-24, nan 
-165.875, 73.875, 1.7051902484279793e-24, nan 
-165.625, 73.875, 1.4001190082904173e-24, nan 
-165.375, 73.875, 6.819539411198147e-25, nan 
-165.125, 73.875, 1.2238312190314402e-24, nan 
-164.875, 73.875, 1.3397290355939509e-24, nan 
-164.625, 73.875, 2.2265120280109334e-24, nan 
-164.375, 73.875, 2.5758155675157477e-24, nan 
-164.125, 73.875, 5.112474576113668e-24, nan 
-163.875, 73.875, 5.190683700486328e-24, nan 
-163.625, 73.875, 4.3147058915249435e-24, nan 
-163.375, 73.875, 5.7255737399582885e-24, nan 
-163.125, 73.875, 5.350401089012352e-24, nan 
-162.875, 73.875, 4.0345746909583165e-24, nan 
-162.625, 73.875, 6.433610450854988e-24, nan 
-162.375, 73.875, 7.58070014648765e-24, nan 
-162.125, 73.875, 7.923726921610449e-24, nan 
-161.875, 73.875, 6.768359958482317e-24, nan 
-161.625, 73.875, 9.252184790148394e-24, nan 
-161.375, 73.875, 1.1463408904522694e-23, nan 
-161.125, 73.875, 1.0988225156642158e-23, nan 
-160.875, 73.875, 9.778793670649404e-24, nan 
-160.625, 73.875, 7.558686789588625e-24, nan 
-160.375, 73.875, 6.651140888847905e-24, nan 
-160.125, 73.875, 8.541386663262158e-24, nan 
-159.875, 73.875, 6.181457380328203e-24, nan 
-159.625, 73.875, 1.004880287964588e-23, nan 
-159.375, 73.875, 1.0456034406642605e-23, nan 
-159.125, 73.875, 7.437379210707022e-24, nan 
-158.875, 73.875, 9.802259353640551e-24, nan 
-158.625, 73.875, 9.338261753250715e-24, nan 
-158.375, 73.875, 4.5007314786175704e-24, nan 
-158.125, 73.875, 7.102085782919672e-24, nan 
-157.875, 73.875, 6.475700232705539e-24, nan 
-157.625, 73.875, 6.801922989182463e-24, nan 
-157.375, 73.875, 7.648957171709868e-24, nan 
-157.125, 73.875, 8.046387699899727e-24, nan 
-156.875, 73.875, 6.481841954079174e-24, nan 
-156.625, 73.875, 2.89322089881652e-24, nan 
-156.375, 73.875, 5.5180422687664746e-24, nan 
-156.125, 73.875, 4.517920389754055e-24, nan 
-155.875, 73.875, 4.56101636797577e-24, nan 
-155.625, 73.875, 5.1485852529031465e-24, nan 
-155.375, 73.875, 4.399783610205403e-24, nan 
-155.125, 73.875, 3.568715090663465e-24, nan 
-154.875, 73.875, 4.0431402396795934e-24, nan 
-154.625, 73.875, 3.4263400088794726e-24, nan 
-154.375, 73.875, 3.639021328455829e-24, nan 
-154.125, 73.875, 3.790169423548653e-24, nan 
-153.875, 73.875, 2.313253919545354e-24, nan 
-153.625, 73.875, 3.3446258735955535e-24, nan 
-153.375, 73.875, 4.1132825034559635e-24, nan 
-153.125, 73.875, 6.507023052635114e-24, nan 
-152.875, 73.875, 4.80524162147304e-24, nan 
-152.625, 73.875, 5.457432476180952e-24, nan 
-152.375, 73.875, 1.1230476191276228e-23, nan 
-152.125, 73.875, 7.483921263377217e-24, nan 
-151.875, 73.875, 6.286350767240988e-24, nan 
-151.625, 73.875, 1.2014633601881331e-23, nan 
-151.375, 73.875, 6.776446487358536e-24, nan 
-151.125, 73.875, 4.276199099311318e-24, nan 
-150.875, 73.875, 8.21355962748968e-24, nan 
-150.625, 73.875, 3.9546834971459125e-24, nan 
-150.375, 73.875, 1.700575476488298e-24, nan 
-150.125, 73.875, 2.3473327195641186e-24, nan 
-149.875, 73.875, 2.5566515708469198e-24, nan 
-149.625, 73.875, 1.6038889539464575e-24, nan 
-149.375, 73.875, 1.832345563595235e-24, nan 
-149.125, 73.875, 1.8170768903369533e-24, nan 
-148.875, 73.875, 2.2750611289643233e-24, nan 
-148.625, 73.875, 1.672538283506629e-24, nan 
-148.375, 73.875, 2.6940499390951066e-24, nan 
-148.125, 73.875, 4.335935336293637e-24, nan 
-147.875, 73.875, 4.699440135462403e-24, nan 
-147.625, 73.875, 7.287671502562562e-24, nan 
-147.375, 73.875, 5.0345777737762025e-24, nan 
-147.125, 73.875, 4.15057349590887e-24, nan 
-146.875, 73.875, 3.953450381094979e-24, nan 
-146.625, 73.875, 2.893626575518164e-24, nan 
-146.375, 73.875, 2.1112331003302746e-24, nan 
-146.125, 73.875, 2.0520214447881293e-24, nan 
-145.875, 73.875, 1.44865423572758e-24, nan 
-145.625, 73.875, 2.1067048305136645e-24, nan 
-145.375, 73.875, 2.474730497418748e-24, nan 
-145.125, 73.875, 4.050998579806321e-24, nan 
-144.875, 73.875, 4.383371121946974e-24, nan 
-144.625, 73.875, 4.355186533603827e-24, nan 
-144.375, 73.875, 4.105096633913412e-24, nan 
-144.125, 73.875, 6.82121137863649e-24, nan 
-143.875, 73.875, 6.3026454510217336e-24, nan 
-143.625, 73.875, 3.402468610406675e-24, nan 
-143.375, 73.875, 1.4511867352341644e-23, nan 
-143.125, 73.875, 1.9165929562234337e-23, nan 
-142.875, 73.875, 1.433862231028026e-23, nan 
-142.625, 73.875, 1.4026516824788638e-23, nan 
-142.375, 73.875, 1.681453759870645e-23, nan 
-142.125, 73.875, 1.0840279221575444e-23, nan 
-141.875, 73.875, 6.988519436027413e-24, nan 
-141.625, 73.875, 8.357629920610378e-24, nan 
-141.375, 73.875, 6.221203095477539e-24, nan 
-141.125, 73.875, 5.2859569501932145e-24, nan 
-140.875, 73.875, 3.608288134482557e-24, nan 
-140.625, 73.875, 4.266367583093105e-24, nan 
-140.375, 73.875, 1.6357080359424684e-24, nan 
-140.125, 73.875, 2.1880096859013e-24, nan 
-139.875, 73.875, 2.423786775968904e-24, nan 
-139.625, 73.875, 2.1156025815473453e-24, nan 
-139.375, 73.875, 1.5169629577008305e-24, nan 
-139.125, 73.875, 3.5006539686069e-24, nan 
-138.875, 73.875, 4.8822985344278455e-24, nan 
-138.625, 73.875, 6.082183665179728e-24, nan 
-138.375, 73.875, 4.191579666578118e-24, nan 
-138.125, 73.875, 8.705452418991459e-24, nan 
-137.875, 73.875, 6.89332216256539e-24, nan 
-137.625, 73.875, 4.422021174302181e-24, nan 
-137.375, 73.875, 6.75389353781679e-24, nan 
-137.125, 73.875, 8.035171141901124e-24, nan 
-136.875, 73.875, 6.788482130475475e-24, nan 
-136.625, 73.875, 5.877641420071495e-24, nan 
-136.375, 73.875, 8.485949345985657e-24, nan 
-136.125, 73.875, 1.0704572796654075e-23, nan 
-135.875, 73.875, 6.517840467794273e-24, nan 
-135.625, 73.875, 6.200257414590547e-24, nan 
-135.375, 73.875, 7.149909671879376e-24, nan 
-135.125, 73.875, 9.622985821286757e-24, nan 
-134.875, 73.875, 1.2673471214426947e-23, nan 
-134.625, 73.875, 9.17959116965389e-24, nan 
-134.375, 73.875, 1.1424002089162377e-23, nan 
-134.125, 73.875, 1.5045817644217517e-23, nan 
-133.875, 73.875, 1.5909611625460808e-23, nan 
-133.625, 73.875, 1.6443457719591797e-23, nan 
-133.375, 73.875, 1.3565637943522125e-23, nan 
-133.125, 73.875, 1.4443821191881975e-23, nan 
-132.875, 73.875, 1.408952367922873e-23, nan 
-132.625, 73.875, 1.5339447957074624e-23, nan 
-132.375, 73.875, 1.7110139685462597e-23, nan 
-132.125, 73.875, 1.724868195035143e-23, nan 
-131.875, 73.875, 1.616100345808825e-23, nan 
-131.625, 73.875, 2.0124454061894636e-23, nan 
-131.375, 73.875, 2.8231729083555675e-23, nan 
-131.125, 73.875, 3.3314537226273316e-23, nan 
-130.875, 73.875, 1.9560839882407122e-23, nan 
-130.625, 73.875, 2.602700690741499e-23, nan 
-130.375, 73.875, 2.3801205469246689e-23, nan 
-130.125, 73.875, 2.0279337325665686e-23, nan 
-129.875, 73.875, 1.5838887875101097e-23, nan 
-129.625, 73.875, 2.2076773571205006e-23, nan 
-129.375, 73.875, 2.2580252483806266e-23, nan 
-129.125, 73.875, 1.6059570398770634e-23, nan 
-128.875, 73.875, 1.8229512747301468e-23, nan 
-128.625, 73.875, 1.7325868011419404e-23, nan 
-128.375, 73.875, 1.4954758742512774e-23, nan 
-128.125, 73.875, 1.1884089534288996e-23, nan 
-127.875, 73.875, 1.2401094468221624e-23, nan 
-127.625, 73.875, 1.4462949851673002e-23, nan 
-127.375, 73.875, 1.7839267279609107e-23, nan 
-127.125, 73.875, 1.3536126178047456e-23, nan 
-126.875, 73.875, 1.3643121091445273e-23, nan 
-126.625, 73.875, 1.99141699733099e-23, nan 
-126.375, 73.875, 1.0832273036610773e-23, nan 
-126.125, 73.875, 6.519593832035239e-24, nan 
-125.875, 73.875, 1.0465597034988602e-23, nan 
-125.625, 73.875, 1.3517655157293015e-23, nan 
-125.375, 73.875, 1.2553182529663573e-23, nan 
-125.125, 73.875, 1.369617860086233e-23, nan 
-124.875, 73.875, 1.7086271265431726e-23, nan 
-124.625, 73.875, 2.835087463533557e-23, nan 
-124.375, 73.875, 3.678159504211894e-23, nan 
-124.125, 73.875, 2.0842822797518464e-23, nan 
-123.875, 73.875, 2.7702918183364574e-23, nan 
-123.625, 73.875, 2.999184257514468e-23, nan 
-123.375, 73.875, 1.2524378211158575e-23, nan 
-123.125, 73.875, 1.5435051213496675e-23, nan 
-122.875, 73.875, 1.5454179693462072e-23, nan 
-122.625, 73.875, 7.307669627979442e-24, nan 
-122.375, 73.875, 7.911681754494517e-24, nan 
-122.125, 73.875, 7.277037713577147e-24, nan 
-121.875, 73.875, 8.136310241457124e-24, nan 
-121.625, 73.875, 5.1922815956011475e-24, nan 
-121.375, 73.875, 3.970223089641521e-24, nan 
-121.125, 73.875, 8.101838672289083e-24, nan 
-120.875, 73.875, 7.698118157617582e-24, nan 
-120.625, 73.875, 6.746800364445137e-24, nan 
-120.375, 73.875, 8.227082714699852e-24, nan 
-120.125, 73.875, 7.94837516644498e-24, nan 
-119.875, 73.875, 9.949937609269119e-24, nan 
-119.625, 73.875, 2.0579266459005075e-23, nan 
-119.375, 73.875, 1.8680731310117154e-23, nan 
-119.125, 73.875, 1.4670371901624318e-23, nan 
-118.875, 73.875, 2.0543303221110435e-23, nan 
-118.625, 73.875, 2.0553362430403235e-23, nan 
-118.375, 73.875, 1.2279776455354194e-23, nan 
-118.125, 73.875, 1.903635418892788e-23, nan 
-117.875, 73.875, 1.9670149070280354e-23, nan 
-117.625, 73.875, 1.2225799478856636e-23, nan 
-117.375, 73.875, 1.9147718975404973e-23, nan 
-117.125, 73.875, 1.9155322398187815e-23, nan 
-116.875, 73.875, 1.433754291824276e-23, nan 
-116.625, 73.875, 2.7474737510689036e-23, nan 
-116.375, 73.875, 2.8220429264928566e-23, nan 
-116.125, 73.875, 1.2407222073254526e-23, nan 
-115.875, 73.875, 1.1169555390950019e-23, nan 
-115.625, 73.875, 1.6857913510270585e-23, nan 
-115.375, 73.875, 1.3798193624903768e-23, nan 
-115.125, 73.875, 1.2053722551925707e-23, nan 
-114.875, 73.875, 4.5209401088008594e-24, nan 
-114.625, 73.875, 6.922668881219693e-24, nan 
-114.375, 73.875, 1.5329751791202818e-23, nan 
-114.125, 73.875, 1.3496236123819987e-23, nan 
-113.875, 73.875, 2.724022262472971e-23, nan 
-113.625, 73.875, 3.2286133028793106e-23, nan 
-113.375, 73.875, 3.7634854250706066e-23, nan 
-113.125, 73.875, 7.18806237693097e-23, nan 
-112.875, 73.875, 1.004641131094313e-22, nan 
-112.625, 73.875, 6.687862253977738e-23, nan 
-112.375, 73.875, 6.820508399263748e-23, nan 
-112.125, 73.875, 1.2341148191465572e-22, nan 
-111.875, 73.875, 7.030694051037167e-23, nan 
-111.625, 73.875, 3.6578378472282964e-23, nan 
-111.375, 73.875, 4.542622592674619e-23, nan 
-111.125, 73.875, 3.3047326683943275e-23, nan 
-110.875, 73.875, 2.988472362837301e-23, nan 
-110.625, 73.875, 2.4193231914024614e-23, nan 
-110.375, 73.875, 2.0301529368071946e-23, nan 
-110.125, 73.875, 2.716041661606022e-23, nan 
-109.875, 73.875, 1.983377323550053e-23, nan 
-109.625, 73.875, 1.9473467550058467e-23, nan 
-109.375, 73.875, 2.363843810519649e-23, nan 
-109.125, 73.875, 2.260562654989367e-23, nan 
-108.875, 73.875, 2.0423952930233893e-23, nan 
-108.625, 73.875, 1.8410855830680226e-23, nan 
-108.375, 73.875, 1.7254668836195417e-23, nan 
-108.125, 73.875, 1.7747565402822324e-23, nan 
-107.875, 73.875, 1.7094527817551203e-23, nan 
-107.625, 73.875, 1.0478686770913441e-23, nan 
-107.375, 73.875, 1.2545628257664564e-23, nan 
-107.125, 73.875, 1.1128877052397217e-23, nan 
-106.875, 73.875, 1.3132298405512454e-23, nan 
-106.625, 73.875, 2.0698057635075602e-23, nan 
-106.375, 73.875, 1.1649959116052023e-23, nan 
-106.125, 73.875, 2.083860696104434e-23, nan 
-105.875, 73.875, 2.3028002595370492e-23, nan 
-105.625, 73.875, 2.922827611468769e-23, nan 
-105.375, 73.875, 3.3390590315375817e-23, nan 
-105.125, 73.875, 2.336745380887329e-23, nan 
-104.875, 73.875, 1.925293454569567e-23, nan 
-104.625, 73.875, 1.8885812193214706e-23, nan 
-104.375, 73.875, 1.2473167858596985e-23, nan 
-104.125, 73.875, 1.045717111741586e-23, nan 
-103.875, 73.875, 1.1515561471790913e-23, nan 
-103.625, 73.875, 1.0759424320415843e-23, nan 
-103.375, 73.875, 1.2807306465063033e-23, nan 
-103.125, 73.875, 2.21323653473851e-23, nan 
-102.875, 73.875, 2.598838115154548e-23, nan 
-102.625, 73.875, 2.0006407627098025e-23, nan 
-102.375, 73.875, 3.2196357291480864e-23, nan 
-102.125, 73.875, 3.2007617048643256e-23, nan 
-101.875, 73.875, 3.872347695015708e-23, nan 
-101.625, 73.875, 2.5054700942594822e-23, nan 
-101.375, 73.875, 3.5589742136832955e-23, nan 
-101.125, 73.875, 2.6075071193595122e-23, nan 
-100.875, 73.875, 2.1318775074340626e-23, nan 
-100.625, 73.875, 3.3827715026908324e-23, nan 
-100.375, 73.875, 2.3069857354918436e-23, nan 
-100.125, 73.875, 1.880474877240612e-23, nan 
-99.875, 73.875, 1.4961596673897578e-23, nan 
-99.625, 73.875, 1.9627296947628245e-23, nan 
-99.375, 73.875, 2.9616014709422494e-23, nan 
-99.125, 73.875, 3.843116374783812e-23, nan 
-98.875, 73.875, 9.14306724670045e-24, nan 
-98.625, 73.875, 3.7090095870297346e-23, nan 
-98.375, 73.875, 6.728882633708085e-23, nan 
-98.125, 73.875, 1.070148190660395e-23, nan 
-97.875, 73.875, 2.727072695523952e-23, nan 
-97.625, 73.875, 4.6024769818535995e-23, nan 
-97.375, 73.875, 2.0748631293259361e-23, nan 
-97.125, 73.875, 1.5630819071511215e-23, nan 
-96.875, 73.875, 2.206179752245308e-23, nan 
-96.625, 73.875, 1.763920076971999e-23, nan 
-96.375, 73.875, 1.0087603213808728e-23, nan 
-96.125, 73.875, 2.384755834524726e-23, nan 
-95.875, 73.875, 1.7861153428312394e-23, nan 
-95.625, 73.875, 1.1625946820396345e-23, nan 
-95.375, 73.875, 1.4921080144371226e-23, nan 
-95.125, 73.875, 2.0055119498846655e-23, nan 
-94.875, 73.875, 2.451023541023277e-23, nan 
-94.625, 73.875, 2.720092323270373e-23, nan 
-94.375, 73.875, 2.3240523973456625e-23, nan 
-94.125, 73.875, 2.653596086705891e-23, nan 
-93.875, 73.875, 2.3925132733380962e-23, nan 
-93.625, 73.875, 3.568985438970043e-23, nan 
-93.375, 73.875, 3.0281077141801005e-23, nan 
-93.125, 73.875, 3.698241184838827e-23, nan 
-92.875, 73.875, 4.0654642933362023e-23, nan 
-92.625, 73.875, 3.366431753684065e-23, nan 
-92.375, 73.875, 2.3992982500077855e-23, nan 
-92.125, 73.875, 2.4763149174835314e-23, nan 
-91.875, 73.875, 2.477318476493777e-23, nan 
-91.625, 73.875, 2.8902987731177316e-23, nan 
-91.375, 73.875, 3.015953022519725e-23, nan 
-91.125, 73.875, 3.4639076961589834e-23, nan 
-90.875, 73.875, 3.4352810269445845e-23, nan 
-90.625, 73.875, 2.3378502261762307e-23, nan 
-90.375, 73.875, 3.055129671611777e-23, nan 
-90.125, 73.875, 2.1295053731068142e-23, nan 
-89.875, 73.875, 1.6094739956600316e-23, nan 
-89.625, 73.875, 3.161858470057221e-23, nan 
-89.375, 73.875, 5.0140425718044964e-23, nan 
-89.125, 73.875, 5.569011163292816e-23, nan 
-88.875, 73.875, 6.517646863157693e-23, nan 
-88.625, 73.875, 8.121483014833341e-23, nan 
-88.375, 73.875, 6.599894270646379e-23, nan 
-88.125, 73.875, 5.591884242659105e-23, nan 
-87.875, 73.875, 4.897129347473021e-23, nan 
-87.625, 73.875, 3.796528661113219e-23, nan 
-87.375, 73.875, 6.076291577915036e-23, nan 
-87.125, 73.875, 1.1051235449487867e-22, nan 
-86.875, 73.875, 1.3087199496042764e-22, nan 
-86.625, 73.875, 1.2707391843894838e-22, nan 
-86.375, 73.875, 1.3609540281065857e-22, nan 
-86.125, 73.875, 1.4157098913048667e-22, nan 
-85.875, 73.875, 1.1223891486895547e-22, nan 
-85.625, 73.875, 1.313592866622632e-22, nan 
-85.375, 73.875, 8.624332835025625e-23, nan 
-85.125, 73.875, 1.1194589746388258e-22, nan 
-84.875, 73.875, 1.814876807907698e-22, nan 
-84.625, 73.875, 1.3161082082778095e-22, nan 
-84.375, 73.875, 6.375645910261912e-23, nan 
-84.125, 73.875, 1.0949613188336371e-22, nan 
-83.875, 73.875, 1.06934853205564e-22, nan 
-83.625, 73.875, 8.836036594743275e-23, nan 
-83.375, 73.875, 7.699951476411847e-23, nan 
-83.125, 73.875, 6.40573248393653e-23, nan 
-82.875, 73.875, 4.331403560506369e-23, nan 
-82.625, 73.875, 2.5746059152651818e-23, nan 
-82.375, 73.875, 4.345710336888825e-23, nan 
-82.125, 73.875, 2.772379687393479e-23, nan 
-81.875, 73.875, 2.3649515028314582e-23, nan 
-81.625, 73.875, 4.2688815672772405e-23, nan 
-81.375, 73.875, 1.5292276195665689e-22, nan 
-81.125, 73.875, 1.6890336547653952e-22, nan 
-80.875, 73.875, 1.2182561035459133e-22, nan 
-80.625, 73.875, 1.4661918792930802e-22, nan 
-80.375, 73.875, 1.7257345887154935e-22, nan 
-80.125, 73.875, 1.1621598997005103e-22, nan 
-79.875, 73.875, 5.97366538784543e-23, nan 
-79.625, 73.875, 6.886763128367312e-23, nan 
-79.375, 73.875, 5.345114088536084e-23, nan 
-79.125, 73.875, 9.940387874212753e-23, nan 
-78.875, 73.875, 9.108817638947767e-23, nan 
-78.625, 73.875, 3.1206571506647706e-23, nan 
-78.375, 73.875, 2.9030678532583906e-23, nan 
-78.125, 73.875, 3.7615307163674743e-23, nan 
-77.875, 73.875, 3.3058210103364935e-23, nan 
-77.625, 73.875, 5.740745191179415e-23, nan 
-77.375, 73.875, 6.998926715707988e-23, nan 
-77.125, 73.875, 7.434581669411361e-23, nan 
-76.875, 73.875, 1.0269078158994114e-22, nan 
-76.625, 73.875, 1.3281812464620134e-22, nan 
-76.375, 73.875, 1.3360726752686747e-22, nan 
-76.125, 73.875, 1.646644516640662e-22, nan 
-75.875, 73.875, 2.2916866818987786e-22, nan 
-75.625, 73.875, 1.2990076630189107e-22, nan 
-75.375, 73.875, 1.0402383458965348e-22, nan 
-75.125, 73.875, 8.23680353582744e-23, nan 
-74.875, 73.875, 6.329762214195163e-23, nan 
-74.625, 73.875, 4.2881386460717673e-23, nan 
-74.375, 73.875, 6.758589019542695e-23, nan 
-74.125, 73.875, 7.25952271770181e-23, nan 
-73.875, 73.875, 7.991857972291167e-23, nan 
-73.625, 73.875, 1.6806174344398361e-22, nan 
-73.375, 73.875, 2.0209584798013013e-22, nan 
-73.125, 73.875, 7.65851045368383e-23, nan 
-72.875, 73.875, 2.6670425559991946e-22, nan 
-72.625, 73.875, 2.6317356066899524e-22, nan 
-72.375, 73.875, 2.136995776453835e-22, nan 
-72.125, 73.875, 2.319419245594305e-22, nan 
-71.875, 73.875, 1.7481242136718174e-22, nan 
-71.625, 73.875, 2.9716563462762283e-22, nan 
-71.375, 73.875, 2.698740046882698e-22, nan 
-71.125, 73.875, 1.5642569343945028e-22, nan 
-70.875, 73.875, 1.97254452593743e-22, nan 
-70.625, 73.875, 2.3916223185280116e-22, nan 
-70.375, 73.875, 2.062194518669872e-22, nan 
-70.125, 73.875, 2.0759199202464174e-22, nan 
-69.875, 73.875, 2.2460193802848416e-22, nan 
-69.625, 73.875, 2.5965047269706487e-22, nan 
-69.375, 73.875, 2.0127529837747235e-22, nan 
-69.125, 73.875, 1.1180579891530289e-22, nan 
-68.875, 73.875, 2.7871923179330395e-22, nan 
-68.625, 73.875, 2.6074972511083677e-22, nan 
-68.375, 73.875, 1.123763148782769e-22, nan 
-68.125, 73.875, 2.6126670283832237e-22, nan 
-67.875, 73.875, 2.339822343310605e-22, nan 
-67.625, 73.875, 1.8955144007377601e-22, nan 
-67.375, 73.875, 1.9093481314151232e-22, nan 
-67.125, 73.875, 1.745215438642984e-22, nan 
-66.875, 73.875, 2.614547412353086e-22, nan 
-66.625, 73.875, 3.500081779190237e-22, nan 
-66.375, 73.875, 5.040211145536916e-22, nan 
-66.125, 73.875, 6.091556092677444e-22, nan 
-65.875, 73.875, 6.520946645870103e-22, nan 
-65.625, 73.875, 5.79592325317214e-22, nan 
-65.375, 73.875, 4.1346345764206075e-22, nan 
-65.125, 73.875, 4.112294432568733e-22, nan 
-64.875, 73.875, 4.0111011268899457e-22, nan 
-64.625, 73.875, 2.495523373955303e-22, nan 
-64.375, 73.875, 5.948006097139925e-22, nan 
-64.125, 73.875, 6.716077275889797e-22, nan 
-63.875, 73.875, 6.155247767114593e-22, nan 
-63.625, 73.875, 9.42132760005988e-22, nan 
-63.375, 73.875, 9.812735590127716e-22, nan 
-63.125, 73.875, 1.3599915852625962e-21, nan 
-62.875, 73.875, 1.5871947137791808e-21, nan 
-62.625, 73.875, 1.7200739155177586e-21, nan 
-62.375, 73.875, 1.5451799072875243e-21, nan 
-62.125, 73.875, 1.5674017184876858e-21, nan 
-61.875, 73.875, 1.6329437481567955e-21, nan 
-61.625, 73.875, 7.694490950171001e-22, nan 
-61.375, 73.875, 5.607701958157934e-22, nan 
-61.125, 73.875, 6.389590981527167e-22, nan 
-60.875, 73.875, 5.497361725859477e-22, nan 
-60.625, 73.875, 5.394560639311681e-22, nan 
-60.375, 73.875, 5.758652674545129e-22, nan 
-60.125, 73.875, 4.701396509873424e-22, nan 
-59.875, 73.875, 4.384565168989778e-22, nan 
-59.625, 73.875, 4.951920247711586e-22, nan 
-59.375, 73.875, 5.942527317328132e-22, nan 
-59.125, 73.875, 7.08963634995598e-22, nan 
-58.875, 73.875, 8.325301878590534e-22, nan 
-58.625, 73.875, 1.1850456217091883e-21, nan 
-58.375, 73.875, 1.8024009489260166e-21, nan 
-58.125, 73.875, 1.95553619798962e-21, nan 
-57.875, 73.875, 1.794074220453041e-21, nan 
-57.625, 73.875, 1.9193687757729354e-21, nan 
-57.375, 73.875, 1.930677620650426e-21, nan 
-57.125, 73.875, 1.8463667790253533e-21, nan 
-56.875, 73.875, 1.5488719667254385e-21, nan 
-56.625, 73.875, 1.796078219115529e-21, nan 
-56.375, 73.875, 2.0638192352325024e-21, nan 
-56.125, 73.875, 1.9262923340133606e-21, nan 
-55.875, 73.875, 2.225847230782632e-21, nan 
-55.625, 73.875, 2.0264513419706065e-21, nan 
-55.375, 73.875, 2.0179915078637164e-21, nan 
-55.125, 73.875, 2.1105679064547913e-21, nan 
-54.875, 73.875, 2.0316837546754996e-21, nan 
-54.625, 73.875, 2.379232954838077e-21, nan 
-54.375, 73.875, 1.72999444574856e-21, nan 
-54.125, 73.875, 1.9587529621177496e-21, nan 
-53.875, 73.875, 1.934918727134019e-21, nan 
-53.625, 73.875, 2.3377045814020127e-21, nan 
-53.375, 73.875, 2.6458869975795e-21, nan 
-53.125, 73.875, 2.426826462249031e-21, nan 
-52.875, 73.875, 4.261889104501494e-21, nan 
-52.625, 73.875, 5.197470380612995e-21, nan 
-52.375, 73.875, 5.8317243013482755e-21, nan 
-52.125, 73.875, 6.05784676151758e-21, nan 
-51.875, 73.875, 5.517375057711533e-21, nan 
-51.625, 73.875, 5.208178404096114e-21, nan 
-51.375, 73.875, 5.069282613455206e-21, nan 
-51.125, 73.875, 5.12759781399939e-21, nan 
-50.875, 73.875, 5.890692041234992e-21, nan 
-50.625, 73.875, 5.289856681302554e-21, nan 
-50.375, 73.875, 4.941049043502246e-21, nan 
-50.125, 73.875, 6.334617952721491e-21, nan 
-49.875, 73.875, 5.098422352051156e-21, nan 
-49.625, 73.875, 5.866390977835941e-21, nan 
-49.375, 73.875, 6.085650944088105e-21, nan 
-49.125, 73.875, 6.535337098060196e-21, nan 
-48.875, 73.875, 5.211939234322434e-21, nan 
-48.625, 73.875, 5.027615607273068e-21, nan 
-48.375, 73.875, 8.692327634129302e-21, nan 
-48.125, 73.875, 1.3903181929710275e-20, nan 
-47.875, 73.875, 1.4019703290476804e-20, nan 
-47.625, 73.875, 1.2521242822638339e-20, nan 
-47.375, 73.875, 1.5703698286930996e-20, nan 
-47.125, 73.875, 1.6461453697867084e-20, nan 
-46.875, 73.875, 1.553784734871337e-20, nan 
-46.625, 73.875, 7.116986680185998e-21, nan 
-46.375, 73.875, 9.18256033374142e-21, nan 
-46.125, 73.875, 1.2829936603175181e-20, nan 
-45.875, 73.875, 1.1518457912669776e-20, nan 
-45.625, 73.875, 2.1505015432612537e-20, nan 
-45.375, 73.875, 1.4068753361510058e-20, nan 
-45.125, 73.875, 1.73341644057383e-20, nan 
-44.875, 73.875, 2.095916349035088e-20, nan 
-44.625, 73.875, 2.0460355658945882e-20, nan 
-44.375, 73.875, 1.6699734960332515e-20, nan 
-44.125, 73.875, 1.0246360493943923e-20, nan 
-43.875, 73.875, 1.1146627230955995e-20, nan 
-43.625, 73.875, 1.466253926205469e-20, nan 
-43.375, 73.875, 1.9854811483439853e-20, nan 
-43.125, 73.875, 1.558887659541289e-20, nan 
-42.875, 73.875, 2.0570423171877833e-20, nan 
-42.625, 73.875, 4.413219328427082e-20, nan 
-42.375, 73.875, 3.234049640660003e-20, nan 
-42.125, 73.875, 3.163799044094559e-20, nan 
-41.875, 73.875, 5.264424329679694e-20, nan 
-41.625, 73.875, 5.2427278275238996e-20, nan 
-41.375, 73.875, 4.1778682328467734e-20, nan 
-41.125, 73.875, 4.168200221801631e-20, nan 
-40.875, 73.875, 5.0337169676462516e-20, nan 
-40.625, 73.875, 4.4012562890316875e-20, nan 
-40.375, 73.875, 5.813996399691734e-20, nan 
-40.125, 73.875, 5.738816839422105e-20, nan 
-39.875, 73.875, 7.412905589189499e-20, nan 
-39.625, 73.875, 5.512885535851207e-20, nan 
-39.375, 73.875, 6.758779225958918e-20, nan 
-39.125, 73.875, 7.205317376324636e-20, nan 
-38.875, 73.875, 5.90247421552599e-20, nan 
-38.625, 73.875, 4.993151368980425e-20, nan 
-38.375, 73.875, 6.904833134375748e-20, nan 
-38.125, 73.875, 6.256638082770208e-20, nan 
-37.875, 73.875, 5.560262074697835e-20, nan 
-37.625, 73.875, 7.68737073067798e-20, nan 
-37.375, 73.875, 1.0361898222259896e-19, nan 
-37.125, 73.875, 1.2807351788607032e-19, nan 
-36.875, 73.875, 1.1153253562711043e-19, nan 
-36.625, 73.875, 1.152775109065214e-19, nan 
-36.375, 73.875, 1.169720515666462e-19, nan 
-36.125, 73.875, 1.033720343805762e-19, nan 
-35.875, 73.875, 9.284697621064043e-20, nan 
-35.625, 73.875, 4.952834240494714e-20, nan 
-35.375, 73.875, 5.280453332278815e-20, nan 
-35.125, 73.875, 6.953103745883875e-20, nan 
-34.875, 73.875, 5.126564067950783e-20, nan 
-34.625, 73.875, 7.174104887260281e-20, nan 
-34.375, 73.875, 5.424924510580303e-20, nan 
-34.125, 73.875, 3.520885371194952e-20, nan 
-33.875, 73.875, 7.646969734889228e-20, nan 
-33.625, 73.875, 5.696466308435358e-20, nan 
-33.375, 73.875, 7.577466683839598e-20, nan 
-33.125, 73.875, 6.085734307483911e-20, nan 
-32.875, 73.875, 3.9253390354842455e-20, nan 
-32.625, 73.875, 4.121758098265291e-20, nan 
-32.375, 73.875, 5.0325347163594703e-20, nan 
-32.125, 73.875, 4.2632393177168765e-20, nan 
-31.875, 73.875, 1.1741011611232544e-19, nan 
-31.625, 73.875, 9.462999146083665e-20, nan 
-31.375, 73.875, 8.539104093629453e-20, nan 
-31.125, 73.875, 1.4128985174999184e-19, nan 
-30.875, 73.875, 8.802435200036398e-20, nan 
-30.625, 73.875, 9.899482822024497e-20, nan 
-30.375, 73.875, 6.955162156006191e-20, nan 
-30.125, 73.875, 5.707526959894703e-20, nan 
-29.875, 73.875, 6.330622681894476e-20, nan 
-29.625, 73.875, 7.157467435308945e-20, nan 
-29.375, 73.875, 4.263017458868828e-20, nan 
-29.125, 73.875, 3.7318029352302775e-20, nan 
-28.875, 73.875, 4.683282969160023e-20, nan 
-28.625, 73.875, 7.009896569239484e-20, nan 
-28.375, 73.875, 8.417219132114072e-20, nan 
-28.125, 73.875, 6.226720499854329e-20, nan 
-27.875, 73.875, 8.802778002323383e-20, nan 
-27.625, 73.875, 1.316502537779525e-19, nan 
-27.375, 73.875, 1.2475481708231178e-19, nan 
-27.125, 73.875, 9.531572137157477e-20, nan 
-26.875, 73.875, 1.2730831283369173e-19, nan 
-26.625, 73.875, 1.3301610941700123e-19, nan 
-26.375, 73.875, 8.258993033726129e-20, nan 
-26.125, 73.875, 7.226095392816721e-20, nan 
-25.875, 73.875, 7.441246270632642e-20, nan 
-25.625, 73.875, 1.4700222627123983e-19, nan 
-25.375, 73.875, 1.106226952588511e-19, nan 
-25.125, 73.875, 1.1667709244601265e-19, nan 
-24.875, 73.875, 1.8413443017560384e-19, nan 
-24.625, 73.875, 2.577298368981928e-19, nan 
-24.375, 73.875, 2.2938183252216485e-19, nan 
-24.125, 73.875, 1.6224226466132466e-19, nan 
-23.875, 73.875, 2.6075164163037485e-19, nan 
-23.625, 73.875, 2.1366668030210185e-19, nan 
-23.375, 73.875, 1.3211828643058227e-19, nan 
-23.125, 73.875, 8.799248500595502e-20, nan 
-22.875, 73.875, 1.299752542339288e-19, nan 
-22.625, 73.875, 8.426991962627019e-20, nan 
-22.375, 73.875, 9.652104943340626e-20, nan 
-22.125, 73.875, 1.3567419589579436e-19, nan 
-21.875, 73.875, 5.577432704676283e-20, nan 
-21.625, 73.875, 7.686985260065722e-20, nan 
-21.375, 73.875, 8.654072614399282e-20, nan 
-21.125, 73.875, 1.0707340049391473e-19, nan 
-20.875, 73.875, 8.352336150551609e-20, nan 
-20.625, 73.875, 8.577743536533826e-20, nan 
-20.375, 73.875, 1.2385630800072477e-19, nan 
-20.125, 73.875, 3.9876210331846146e-20, nan 
-19.875, 73.875, 9.063352282117049e-20, nan 
-19.625, 73.875, 5.584870990928042e-20, nan 
-19.375, 73.875, 6.601360705905427e-20, nan 
-19.125, 73.875, 9.361940340522718e-20, nan 
-18.875, 73.875, 7.132694564441668e-20, nan 
-18.625, 73.875, 6.557772413174186e-20, nan 
-18.375, 73.875, 7.27025120779494e-20, nan 
-18.125, 73.875, 5.818075381506752e-20, nan 
-17.875, 73.875, 2.7011636004487764e-20, nan 
-17.625, 73.875, 1.0693296520521688e-20, nan 
-17.375, 73.875, 4.5304290364004155e-20, nan 
-17.125, 73.875, 1.496740570683716e-20, nan 
-16.875, 73.875, 1.3987324733906808e-20, nan 
-16.625, 73.875, 3.6749592952643425e-20, nan 
-16.375, 73.875, 4.4984060584833903e-20, nan 
-16.125, 73.875, 2.6097675398536123e-20, nan 
-15.875, 73.875, 1.7835756223731466e-20, nan 
-15.625, 73.875, 4.173014771918813e-20, nan 
-15.375, 73.875, 4.0769168681527994e-20, nan 
-15.125, 73.875, 3.9379157632731485e-20, nan 
-14.875, 73.875, 3.043077073991704e-20, nan 
-14.625, 73.875, 4.131463328575599e-20, nan 
-14.375, 73.875, 4.7253235094131494e-20, nan 
-14.125, 73.875, 4.782500835929813e-20, nan 
-13.875, 73.875, 4.0515263021909994e-20, nan 
-13.625, 73.875, 4.8711246228652373e-20, nan 
-13.375, 73.875, 5.1727368096718655e-20, nan 
-13.125, 73.875, 4.9758099650807356e-20, nan 
-12.875, 73.875, 6.891703240513441e-20, nan 
-12.625, 73.875, 6.927196241418448e-20, nan 
-12.375, 73.875, 5.0350576647775434e-20, nan 
-12.125, 73.875, 5.912181086403411e-20, nan 
-11.875, 73.875, 7.636164351385768e-20, nan 
-11.625, 73.875, 1.9884170974018038e-19, nan 
-11.375, 73.875, 6.72920714290686e-20, nan 
-11.125, 73.875, 4.6537562894939125e-20, nan 
-10.875, 73.875, 4.6623027607008784e-20, nan 
-10.625, 73.875, 4.131176445294215e-20, nan 
-10.375, 73.875, 2.1734015053479805e-20, nan 
-10.125, 73.875, 1.550445333041756e-20, nan 
-9.875, 73.875, 8.542578668969201e-21, nan 
-9.625, 73.875, 6.347277752726184e-21, nan 
-9.375, 73.875, 4.649289610519241e-21, nan 
-9.125, 73.875, 8.298619048440047e-21, nan 
-8.875, 73.875, 4.918401186057994e-21, nan 
-8.625, 73.875, 6.515139648827484e-21, nan 
-8.375, 73.875, 7.983592888187345e-21, nan 
-8.125, 73.875, 8.648836734597436e-21, nan 
-7.875, 73.875, 9.066648172811788e-21, nan 
-7.625, 73.875, 1.542577604681809e-20, nan 
-7.375, 73.875, 2.0368117221845703e-20, nan 
-7.125, 73.875, 1.3437598417567418e-20, nan 
-6.875, 73.875, 1.5718627657383954e-20, nan 
-6.625, 73.875, 1.50843819774032e-20, nan 
-6.375, 73.875, 9.68630634522757e-21, nan 
-6.125, 73.875, 9.235726061411573e-21, nan 
-5.875, 73.875, 6.812898041284063e-21, nan 
-5.625, 73.875, 8.432428765603423e-21, nan 
-5.375, 73.875, 6.546125963363049e-21, nan 
-5.125, 73.875, 4.685658367017686e-21, nan 
-4.875, 73.875, 5.159149727906137e-21, nan 
-4.625, 73.875, 8.868137117309088e-21, nan 
-4.375, 73.875, 8.594440654045494e-21, nan 
-4.125, 73.875, 9.913317416231284e-21, nan 
-3.875, 73.875, 7.795129752947205e-21, nan 
-3.625, 73.875, 6.738614557980213e-21, nan 
-3.375, 73.875, 8.455455736156304e-21, nan 
-3.125, 73.875, 7.865844952816984e-21, nan 
-2.875, 73.875, 9.658874718469386e-21, nan 
-2.625, 73.875, 5.97543507250444e-21, nan 
-2.375, 73.875, 5.991816437771844e-21, nan 
-2.125, 73.875, 9.715678734096055e-21, nan 
-1.875, 73.875, 7.853205702737256e-21, nan 
-1.625, 73.875, 7.288558312215635e-21, nan 
-1.375, 73.875, 5.3126781609080785e-21, nan 
-1.125, 73.875, 5.888373284721704e-21, nan 
-0.875, 73.875, 5.146522706013938e-21, nan 
-0.625, 73.875, 2.781029351689669e-21, nan 
-0.375, 73.875, 4.9135358496312754e-21, nan 
-0.125, 73.875, 9.398417668719223e-21, nan 
0.125, 73.875, 1.1096763482544155e-20, nan 
0.375, 73.875, 1.568882730745336e-20, nan 
0.625, 73.875, 1.1185844951304357e-20, nan 
0.875, 73.875, 1.2546009277500456e-20, nan 
1.125, 73.875, 1.409237939147288e-20, nan 
1.375, 73.875, 9.296931230465707e-21, nan 
1.625, 73.875, 8.9379692566485e-21, nan 
1.875, 73.875, 7.436024649824916e-21, nan 
2.125, 73.875, 4.8746966671592026e-20, nan 
2.375, 73.875, 6.75229984500057e-20, nan 
2.625, 73.875, 4.922820282212171e-20, nan 
2.875, 73.875, 3.41826024006947e-21, nan 
3.125, 73.875, 3.461731937829452e-21, nan 
3.375, 73.875, 6.4213812878582405e-21, nan 
3.625, 73.875, 3.878609034506361e-21, nan 
3.875, 73.875, 3.627263796791743e-21, nan 
4.125, 73.875, 3.2993209882143447e-21, nan 
4.375, 73.875, 1.3793258349151027e-21, nan 
4.625, 73.875, 2.286062036660559e-21, nan 
4.875, 73.875, 3.1187765559380803e-21, nan 
5.125, 73.875, 2.4375707256297254e-21, nan 
5.375, 73.875, 1.5804570349869737e-21, nan 
5.625, 73.875, 2.2025205562684373e-21, nan 
5.875, 73.875, 1.6959146296783816e-21, nan 
6.125, 73.875, 1.043571313834023e-21, nan 
6.375, 73.875, 2.0232997316825993e-21, nan 
6.625, 73.875, 1.5595823340850494e-21, nan 
6.875, 73.875, 1.736690695057168e-21, nan 
7.125, 73.875, 1.8358379631706565e-21, nan 
7.375, 73.875, 1.1725871087053198e-21, nan 
7.625, 73.875, 1.5712620087351657e-21, nan 
7.875, 73.875, 2.105445707576981e-21, nan 
8.125, 73.875, 1.2007864034946113e-21, nan 
8.375, 73.875, 1.2576420225735868e-21, nan 
8.625, 73.875, 1.1520042623763146e-21, nan 
8.875, 73.875, 1.2154335134811035e-21, nan 
9.125, 73.875, 1.8956157932661312e-21, nan 
9.375, 73.875, 1.3879368149934238e-21, nan 
9.625, 73.875, 1.2683419722883703e-21, nan 
9.875, 73.875, 2.033010800360708e-21, nan 
10.125, 73.875, 1.5773510719664369e-21, nan 
10.375, 73.875, 1.4945280185821737e-21, nan 
10.625, 73.875, 1.4641260523560343e-21, nan 
10.875, 73.875, 9.352974899579114e-22, nan 
11.125, 73.875, 1.4263757119975688e-21, nan 
11.375, 73.875, 1.4064975972802764e-21, nan 
11.625, 73.875, 9.992230722090161e-22, nan 
11.875, 73.875, 6.853398209598602e-22, nan 
12.125, 73.875, 8.971173474858214e-22, nan 
12.375, 73.875, 7.111615377138414e-22, nan 
12.625, 73.875, 4.893057680338231e-22, nan 
12.875, 73.875, 9.720919391287035e-22, nan 
13.125, 73.875, 1.0295367322329748e-21, nan 
13.375, 73.875, 7.344588681739365e-22, nan 
13.625, 73.875, 1.0656800528078616e-21, nan 
13.875, 73.875, 1.3271894456870988e-21, nan 
14.125, 73.875, 9.575777249604358e-22, nan 
14.375, 73.875, 6.185476726127655e-22, nan 
14.625, 73.875, 1.4117396221851077e-21, nan 
14.875, 73.875, 1.0843376163713447e-21, nan 
15.125, 73.875, 3.951423330472297e-22, nan 
15.375, 73.875, 5.599492394358058e-22, nan 
15.625, 73.875, 3.5683272513720324e-22, nan 
15.875, 73.875, 1.9813928167798542e-22, nan 
16.125, 73.875, 3.0328069832659303e-22, nan 
16.375, 73.875, 2.464530204501078e-22, nan 
16.625, 73.875, 3.1452802025901026e-22, nan 
16.875, 73.875, 4.238954536314038e-22, nan 
17.125, 73.875, 5.634245556870995e-22, nan 
17.375, 73.875, 4.742913054792753e-22, nan 
17.625, 73.875, 4.334196540645432e-22, nan 
17.875, 73.875, 5.868612983275856e-22, nan 
18.125, 73.875, 6.089524618135044e-22, nan 
18.375, 73.875, 3.673728056526656e-22, nan 
18.625, 73.875, 2.6787009886473253e-22, nan 
18.875, 73.875, 2.8695133764042523e-22, nan 
19.125, 73.875, 3.1360594275328404e-22, nan 
19.375, 73.875, 2.406207372738228e-22, nan 
19.625, 73.875, 2.2372357919429936e-22, nan 
19.875, 73.875, 2.583456935858419e-22, nan 
20.125, 73.875, 2.519766939310691e-22, nan 
20.375, 73.875, 2.2118191542610928e-22, nan 
20.625, 73.875, 2.509856895639145e-22, nan 
20.875, 73.875, 1.969459130597183e-22, nan 
21.125, 73.875, 2.6534206422931647e-22, nan 
21.375, 73.875, 1.843972440056561e-22, nan 
21.625, 73.875, 2.1004782387310997e-22, nan 
21.875, 73.875, 2.802754880556017e-22, nan 
22.125, 73.875, 3.1008545400689213e-22, nan 
22.375, 73.875, 3.090042675581441e-22, nan 
22.625, 73.875, 2.6821153934620035e-22, nan 
22.875, 73.875, 4.27293115650384e-22, nan 
23.125, 73.875, 3.4312674781474217e-22, nan 
23.375, 73.875, 1.5167207043583386e-22, nan 
23.625, 73.875, 1.5599136753827409e-22, nan 
23.875, 73.875, 1.3226789381442837e-22, nan 
24.125, 73.875, 1.0810138016885133e-22, nan 
24.375, 73.875, 2.3175696726914743e-22, nan 
24.625, 73.875, 1.9907203593251906e-22, nan 
24.875, 73.875, 1.1687788960440363e-22, nan 
25.125, 73.875, 2.51047807309651e-22, nan 
25.375, 73.875, 2.6295948601214077e-22, nan 
25.625, 73.875, 5.906278389955166e-23, nan 
25.875, 73.875, 6.869615657312477e-23, nan 
26.125, 73.875, 1.579141996717973e-22, nan 
26.375, 73.875, 1.8307408366361855e-22, nan 
26.625, 73.875, 8.946104081388063e-23, nan 
26.875, 73.875, 2.3698480772823424e-22, nan 
27.125, 73.875, 2.647493986253287e-22, nan 
27.375, 73.875, 1.137749011671531e-22, nan 
27.625, 73.875, 1.7770080237486756e-22, nan 
27.875, 73.875, 1.822272943742137e-22, nan 
28.125, 73.875, 8.126841858099195e-23, nan 
28.375, 73.875, 1.7827140840156496e-22, nan 
28.625, 73.875, 1.542213580847899e-22, nan 
28.875, 73.875, 4.6692145499000496e-23, nan 
29.125, 73.875, 9.584645075070099e-23, nan 
29.375, 73.875, 9.777691328136118e-23, nan 
29.625, 73.875, 8.460470906776166e-23, nan 
29.875, 73.875, 1.0745006021755455e-22, nan 
30.125, 73.875, 8.344941765330558e-23, nan 
30.375, 73.875, 5.394845936531226e-23, nan 
30.625, 73.875, 7.822263717396606e-23, nan 
30.875, 73.875, 8.978374656719624e-23, nan 
31.125, 73.875, 1.5274113047876457e-22, nan 
31.375, 73.875, 1.369106643411447e-22, nan 
31.625, 73.875, 1.2857490945873805e-22, nan 
31.875, 73.875, 2.3006138991356904e-22, nan 
32.125, 73.875, 1.775053330814433e-22, nan 
32.375, 73.875, 4.6892787955819697e-23, nan 
32.625, 73.875, 8.019107590295365e-23, nan 
32.875, 73.875, 6.197248315032602e-23, nan 
33.125, 73.875, 6.690505143145887e-23, nan 
33.375, 73.875, 1.068833403260882e-22, nan 
33.625, 73.875, 3.5261519741310087e-23, nan 
33.875, 73.875, 1.825884172984424e-23, nan 
34.125, 73.875, 7.512582273631695e-23, nan 
34.375, 73.875, 5.1471205023137924e-23, nan 
34.625, 73.875, 8.764970029894628e-23, nan 
34.875, 73.875, 9.283646441937092e-23, nan 
35.125, 73.875, 4.2484875648992084e-23, nan 
35.375, 73.875, 6.00415757934547e-23, nan 
35.625, 73.875, 8.340837409204488e-23, nan 
35.875, 73.875, 3.451030273043416e-23, nan 
36.125, 73.875, 3.4593607426501926e-23, nan 
36.375, 73.875, 9.875103831329194e-23, nan 
36.625, 73.875, 3.897938838099016e-23, nan 
36.875, 73.875, 4.5448988178801433e-23, nan 
37.125, 73.875, 5.847979801243095e-23, nan 
37.375, 73.875, 4.0786739725730515e-23, nan 
37.625, 73.875, 4.864150019302754e-23, nan 
37.875, 73.875, 4.705417962271382e-23, nan 
38.125, 73.875, 6.966846358276506e-23, nan 
38.375, 73.875, 7.536285539786535e-23, nan 
38.625, 73.875, 7.86754236016402e-23, nan 
38.875, 73.875, 7.73734695576802e-23, nan 
39.125, 73.875, 5.839720222443733e-23, nan 
39.375, 73.875, 7.763181353701236e-23, nan 
39.625, 73.875, 4.576920249072411e-23, nan 
39.875, 73.875, 4.7858560270269524e-23, nan 
40.125, 73.875, 7.033284012147593e-23, nan 
40.375, 73.875, 7.720795363748205e-23, nan 
40.625, 73.875, 5.242591629682708e-23, nan 
40.875, 73.875, 2.885747096594147e-23, nan 
41.125, 73.875, 4.5927199589382e-23, nan 
41.375, 73.875, 1.9259115569847236e-23, nan 
41.625, 73.875, 3.585496447802639e-23, nan 
41.875, 73.875, 6.531157617253059e-23, nan 
42.125, 73.875, 2.6260625419104142e-23, nan 
42.375, 73.875, 1.9659504734201627e-23, nan 
42.625, 73.875, 4.935362520611057e-23, nan 
42.875, 73.875, 4.3474446263066586e-23, nan 
43.125, 73.875, 6.021899987963214e-23, nan 
43.375, 73.875, 5.2056959468851576e-23, nan 
43.625, 73.875, 6.32743958755325e-23, nan 
43.875, 73.875, 7.462221478855928e-23, nan 
44.125, 73.875, 8.209166192968158e-23, nan 
44.375, 73.875, 7.227126625809408e-23, nan 
44.625, 73.875, 3.5151814793963586e-23, nan 
44.875, 73.875, 4.5561596069879606e-23, nan 
45.125, 73.875, 4.420625015878201e-23, nan 
45.375, 73.875, 2.850299492073764e-23, nan 
45.625, 73.875, 2.673270138720227e-23, nan 
45.875, 73.875, 2.65116900560873e-23, nan 
46.125, 73.875, 1.1264658967864681e-23, nan 
46.375, 73.875, 1.377882383178029e-23, nan 
46.625, 73.875, 3.64330662210136e-23, nan 
46.875, 73.875, 3.444401921489192e-23, nan 
47.125, 73.875, 2.9142178566579277e-23, nan 
47.375, 73.875, 3.585578399592044e-23, nan 
47.625, 73.875, 3.4049876213543946e-23, nan 
47.875, 73.875, 2.861692381713594e-23, nan 
48.125, 73.875, 8.093495001056388e-24, nan 
48.375, 73.875, 1.4206034950424634e-23, nan 
48.625, 73.875, 1.6031108458013897e-23, nan 
48.875, 73.875, 3.94500601308647e-24, nan 
49.125, 73.875, 7.678302969317026e-24, nan 
49.375, 73.875, 1.4431312196798104e-23, nan 
49.625, 73.875, 1.489680357263091e-23, nan 
49.875, 73.875, 9.578998768943581e-24, nan 
50.125, 73.875, 1.0215443463674711e-23, nan 
50.375, 73.875, 1.2234847800490657e-23, nan 
50.625, 73.875, 7.692792247450973e-24, nan 
50.875, 73.875, 1.1398878045548002e-23, nan 
51.125, 73.875, 1.9260578193807624e-23, nan 
51.375, 73.875, 2.161752972093585e-23, nan 
51.625, 73.875, 2.0730623024022605e-23, nan 
51.875, 73.875, 3.519000052524677e-23, nan 
52.125, 73.875, 2.8395510312060627e-23, nan 
52.375, 73.875, 2.335098323752766e-23, nan 
52.625, 73.875, 4.7357292109459455e-23, nan 
52.875, 73.875, 3.4827023120381903e-23, nan 
53.125, 73.875, 2.1918579528821347e-23, nan 
53.375, 73.875, 2.127562039906235e-23, nan 
53.625, 73.875, 1.4702954875513706e-23, nan 
53.875, 73.875, 1.1812568752707652e-23, nan 
54.125, 73.875, 7.090821779625204e-24, nan 
54.375, 73.875, 6.27931761523123e-24, nan 
54.625, 73.875, 1.0139964981607518e-23, nan 
54.875, 73.875, 1.377327269018498e-23, nan 
55.125, 73.875, 1.4570345910615812e-23, nan 
55.375, 73.875, 1.2199259093623227e-23, nan 
55.625, 73.875, 1.4570905754181127e-23, nan 
55.875, 73.875, 1.758528547450327e-23, nan 
56.125, 73.875, 1.5792313420024707e-23, nan 
56.375, 73.875, 1.282987349347777e-23, nan 
56.625, 73.875, 1.402611671846653e-23, nan 
56.875, 73.875, 1.430032819766435e-23, nan 
57.125, 73.875, 1.3504847970433508e-23, nan 
57.375, 73.875, 1.2591514773798999e-23, nan 
57.625, 73.875, 1.4458311073731985e-23, nan 
57.875, 73.875, 1.4650569597126473e-23, nan 
58.125, 73.875, 1.5863713534748912e-23, nan 
58.375, 73.875, 1.3366838368944594e-23, nan 
58.625, 73.875, 1.514292173467314e-23, nan 
58.875, 73.875, 1.561066132127261e-23, nan 
59.125, 73.875, 1.5209897299400106e-23, nan 
59.375, 73.875, 1.8812960935259418e-23, nan 
59.625, 73.875, 1.438546826870231e-23, nan 
59.875, 73.875, 1.28704418258168e-23, nan 
60.125, 73.875, 1.6784428589725702e-23, nan 
60.375, 73.875, 1.6136540066768816e-23, nan 
60.625, 73.875, 1.862228168179381e-23, nan 
60.875, 73.875, 1.7477423624342213e-23, nan 
61.125, 73.875, 1.4787091894419705e-23, nan 
61.375, 73.875, 1.5291536310804442e-23, nan 
61.625, 73.875, 1.791914678155368e-23, nan 
61.875, 73.875, 2.3207337792422211e-23, nan 
62.125, 73.875, 1.7944007779291502e-23, nan 
62.375, 73.875, 2.150447077353636e-23, nan 
62.625, 73.875, 1.6527657921128355e-23, nan 
62.875, 73.875, 1.3066744328232253e-23, nan 
63.125, 73.875, 1.0249528939024694e-23, nan 
63.375, 73.875, 1.445973674256785e-23, nan 
63.625, 73.875, 1.4189255285181387e-23, nan 
63.875, 73.875, 1.3049324467764751e-23, nan 
64.125, 73.875, 2.1153051409935836e-23, nan 
64.375, 73.875, 1.522402434072241e-23, nan 
64.625, 73.875, 1.2874666822891985e-23, nan 
64.875, 73.875, 1.584587718249785e-23, nan 
65.125, 73.875, 1.0065660835671443e-23, nan 
65.375, 73.875, 7.500778364964107e-24, nan 
65.625, 73.875, 4.753453218164581e-24, nan 
65.875, 73.875, 4.5564698597394014e-24, nan 
66.125, 73.875, 5.334440884550608e-24, nan 
66.375, 73.875, 5.4455802625959045e-24, nan 
66.625, 73.875, 8.478797627594545e-24, nan 
66.875, 73.875, 2.2030406542393555e-23, nan 
67.125, 73.875, 2.605765818899792e-23, nan 
67.375, 73.875, 7.457326417779017e-24, nan 
67.625, 73.875, 8.335126353990966e-24, nan 
67.875, 73.875, 6.692809883155016e-24, nan 
68.125, 73.875, 4.9395329410858536e-24, nan 
68.375, 73.875, 5.8465743708398565e-24, nan 
68.625, 73.875, 1.0993202596013651e-23, nan 
68.875, 73.875, 1.4128730435765398e-23, nan 
69.125, 73.875, 1.4995962861963382e-23, nan 
69.375, 73.875, 1.3875853012213073e-23, nan 
69.625, 73.875, 1.4867106069717463e-23, nan 
69.875, 73.875, 1.363477777538659e-23, nan 
70.125, 73.875, 8.803744628236041e-24, nan 
70.375, 73.875, 1.2672720809441245e-23, nan 
70.625, 73.875, 9.172696253338959e-24, nan 
70.875, 73.875, 8.708588307087644e-24, nan 
71.125, 73.875, 7.096238860401215e-24, nan 
71.375, 73.875, 7.101374430768442e-24, nan 
71.625, 73.875, 5.199740633827533e-24, nan 
71.875, 73.875, 3.870645232892302e-24, nan 
72.125, 73.875, 6.137525132839429e-24, nan 
72.375, 73.875, 4.176224120287665e-24, nan 
72.625, 73.875, 3.105189997785998e-24, nan 
72.875, 73.875, 5.047581543761122e-24, nan 
73.125, 73.875, 6.460642412872213e-24, nan 
73.375, 73.875, 4.848220768089275e-24, nan 
73.625, 73.875, 3.5274191085382994e-24, nan 
73.875, 73.875, 4.705264749909129e-24, nan 
74.125, 73.875, 1.0898213754528521e-23, nan 
74.375, 73.875, 8.441068138108034e-24, nan 
74.625, 73.875, 7.109310706553353e-24, nan 
74.875, 73.875, 6.3437552140105126e-24, nan 
75.125, 73.875, 6.0890998720936526e-24, nan 
75.375, 73.875, 5.743383639392216e-24, nan 
75.625, 73.875, 8.090481053663963e-24, nan 
75.875, 73.875, 9.598885173382123e-24, nan 
76.125, 73.875, 7.302760148272596e-24, nan 
76.375, 73.875, 8.822312227237211e-24, nan 
76.625, 73.875, 8.267550618711158e-24, nan 
76.875, 73.875, 7.535944201607258e-24, nan 
77.125, 73.875, 1.0407384782159945e-23, nan 
77.375, 73.875, 1.0642215683317093e-23, nan 
77.625, 73.875, 2.2341856914972857e-23, nan 
77.875, 73.875, 1.8116628855049452e-23, nan 
78.125, 73.875, 1.8734382686195068e-23, nan 
78.375, 73.875, 1.5745332522317612e-23, nan 
78.625, 73.875, 1.5204538775005968e-23, nan 
78.875, 73.875, 1.414053698198008e-23, nan 
79.125, 73.875, 1.4930431615556585e-23, nan 
79.375, 73.875, 7.203613318051475e-24, nan 
79.625, 73.875, 3.1281277427420114e-24, nan 
79.875, 73.875, 2.940380117417291e-24, nan 
80.125, 73.875, 2.6928414312871964e-24, nan 
80.375, 73.875, 3.443383215289903e-24, nan 
80.625, 73.875, 3.6742712228177806e-24, nan 
80.875, 73.875, 3.8425716417349466e-24, nan 
81.125, 73.875, 7.545445914970409e-24, nan 
81.375, 73.875, 3.2155219310365948e-24, nan 
81.625, 73.875, 3.1474980141424652e-24, nan 
81.875, 73.875, 3.576151236526287e-24, nan 
82.125, 73.875, 2.7614676178867292e-24, nan 
82.375, 73.875, 3.7466126632002525e-24, nan 
82.625, 73.875, 4.258771476697804e-24, nan 
82.875, 73.875, 2.4614486309462074e-24, nan 
83.125, 73.875, 2.6009242223173948e-24, nan 
83.375, 73.875, 4.220115505571119e-24, nan 
83.625, 73.875, 5.5219858033752435e-24, nan 
83.875, 73.875, 4.521697046407422e-24, nan 
84.125, 73.875, 7.761748553323553e-24, nan 
84.375, 73.875, 6.846511663746299e-24, nan 
84.625, 73.875, 5.153404059049993e-24, nan 
84.875, 73.875, 6.232131898631468e-24, nan 
85.125, 73.875, 4.2070337667253474e-24, nan 
85.375, 73.875, 4.018956765396271e-24, nan 
85.625, 73.875, 2.8252617907386788e-24, nan 
85.875, 73.875, 3.6694891499535074e-24, nan 
86.125, 73.875, 3.6037824370578525e-24, nan 
86.375, 73.875, 5.077202252721987e-24, nan 
86.625, 73.875, 5.7907578529098944e-24, nan 
86.875, 73.875, 3.726279712591798e-24, nan 
87.125, 73.875, 3.2169826172679816e-24, nan 
87.375, 73.875, 2.500748561996566e-24, nan 
87.625, 73.875, 2.450273574630559e-24, nan 
87.875, 73.875, 4.226522012941125e-24, nan 
88.125, 73.875, 1.9074440110045397e-24, nan 
88.375, 73.875, 1.89269480739863e-24, nan 
88.625, 73.875, 2.6514818350119053e-24, nan 
88.875, 73.875, 5.229666178087507e-24, nan 
89.125, 73.875, 3.8083610425193825e-24, nan 
89.375, 73.875, 2.5015274914829924e-24, nan 
89.625, 73.875, 3.577933355560888e-24, nan 
89.875, 73.875, 3.2117974712409735e-24, nan 
90.125, 73.875, 4.761897917460812e-24, nan 
90.375, 73.875, 3.821796465578308e-24, nan 
90.625, 73.875, 2.993511661550063e-24, nan 
90.875, 73.875, 3.7673400394102854e-24, nan 
91.125, 73.875, 1.3113849434505033e-24, nan 
91.375, 73.875, 3.6988263829874e-24, nan 
91.625, 73.875, 4.1748368307291905e-24, nan 
91.875, 73.875, 2.19659785258136e-24, nan 
92.125, 73.875, 5.3648153632838895e-24, nan 
92.375, 73.875, 6.515938466929641e-24, nan 
92.625, 73.875, 5.6816282212701834e-24, nan 
92.875, 73.875, 3.437456749475532e-24, nan 
93.125, 73.875, 4.249119981123203e-24, nan 
93.375, 73.875, 5.579326362296725e-24, nan 
93.625, 73.875, 4.904456460149084e-24, nan 
93.875, 73.875, 4.922663763446455e-24, nan 
94.125, 73.875, 4.403189060056463e-24, nan 
94.375, 73.875, 4.623218087532072e-24, nan 
94.625, 73.875, 5.469337751486351e-24, nan 
94.875, 73.875, 4.917801925096009e-24, nan 
95.125, 73.875, 1.2778511358916196e-23, nan 
95.375, 73.875, 1.2465200779250217e-23, nan 
95.625, 73.875, 5.031851600519165e-24, nan 
95.875, 73.875, 1.0305981218940512e-23, nan 
96.125, 73.875, 1.7174716239163393e-23, nan 
96.375, 73.875, 1.451006190319305e-23, nan 
-171.125, 74.125, 3.0907637680210477e-24, nan 
-170.875, 74.125, 3.453712287633695e-24, nan 
-170.625, 74.125, 2.877749264616302e-24, nan 
-170.375, 74.125, 1.0786770109781588e-23, nan 
-170.125, 74.125, 9.887774536251694e-24, nan 
-169.875, 74.125, 5.400633415237929e-24, nan 
-169.625, 74.125, 5.2439324392278556e-24, nan 
-169.375, 74.125, 5.21788905786007e-24, nan 
-169.125, 74.125, 7.454156897673733e-24, nan 
-168.875, 74.125, 4.814212816097833e-24, nan 
-168.625, 74.125, 5.53260661699268e-24, nan 
-168.375, 74.125, 4.053739212754618e-24, nan 
-168.125, 74.125, 3.0135958016228825e-24, nan 
-167.875, 74.125, 1.679743054381145e-24, nan 
-167.625, 74.125, 9.328249135542838e-25, nan 
-167.375, 74.125, 1.7733227936160464e-24, nan 
-167.125, 74.125, 3.1248878329912715e-24, nan 
-166.875, 74.125, 1.9041764263618925e-24, nan 
-166.625, 74.125, 2.1087181441317003e-24, nan 
-166.375, 74.125, 1.7391410137775833e-24, nan 
-166.125, 74.125, 1.9378806335743e-24, nan 
-165.875, 74.125, 1.4043549280850145e-24, nan 
-165.625, 74.125, 1.4186730698473486e-24, nan 
-165.375, 74.125, 1.5978476415506316e-24, nan 
-165.125, 74.125, 2.113286015222452e-24, nan 
-164.875, 74.125, 7.021262756311567e-24, nan 
-164.625, 74.125, 9.849531950046222e-24, nan 
-164.375, 74.125, 5.206732640685441e-24, nan 
-164.125, 74.125, 1.0354906573705451e-23, nan 
-163.875, 74.125, 1.277040171316555e-23, nan 
-163.625, 74.125, 7.970860431318022e-24, nan 
-163.375, 74.125, 8.819325124830404e-24, nan 
-163.125, 74.125, 8.812927153627689e-24, nan 
-162.875, 74.125, 7.375165370924675e-24, nan 
-162.625, 74.125, 9.499116913872165e-24, nan 
-162.375, 74.125, 7.612734439505143e-24, nan 
-162.125, 74.125, 5.577691539222674e-24, nan 
-161.875, 74.125, 6.532399342985088e-24, nan 
-161.625, 74.125, 7.833326470906955e-24, nan 
-161.375, 74.125, 8.821736438128231e-24, nan 
-161.125, 74.125, 9.530380929190793e-24, nan 
-160.875, 74.125, 8.382505220495876e-24, nan 
-160.625, 74.125, 7.106206226435254e-24, nan 
-160.375, 74.125, 4.9595894856885334e-24, nan 
-160.125, 74.125, 2.9429811952771064e-24, nan 
-159.875, 74.125, 4.688188057875725e-24, nan 
-159.625, 74.125, 7.92445995120425e-24, nan 
-159.375, 74.125, 7.582217513198616e-24, nan 
-159.125, 74.125, 6.1777203870852536e-24, nan 
-158.875, 74.125, 7.60788384708112e-24, nan 
-158.625, 74.125, 8.18398673409819e-24, nan 
-158.375, 74.125, 1.2879467870944659e-23, nan 
-158.125, 74.125, 1.2482992919224501e-23, nan 
-157.875, 74.125, 1.0213192987634351e-23, nan 
-157.625, 74.125, 1.8937446103054128e-23, nan 
-157.375, 74.125, 2.170031010947742e-23, nan 
-157.125, 74.125, 1.9130072236320273e-23, nan 
-156.875, 74.125, 1.3280428675862417e-23, nan 
-156.625, 74.125, 1.1725221580319034e-23, nan 
-156.375, 74.125, 9.778270955896975e-24, nan 
-156.125, 74.125, 7.229536811011553e-24, nan 
-155.875, 74.125, 6.126605650037714e-24, nan 
-155.625, 74.125, 6.433824837083182e-24, nan 
-155.375, 74.125, 6.097811888334692e-24, nan 
-155.125, 74.125, 5.537628832997128e-24, nan 
-154.875, 74.125, 4.9451029615468245e-24, nan 
-154.625, 74.125, 4.613986082731648e-24, nan 
-154.375, 74.125, 3.698876240242137e-24, nan 
-154.125, 74.125, 1.2021425600242849e-24, nan 
-153.875, 74.125, 1.063940709611135e-24, nan 
-153.625, 74.125, 9.679340308046647e-25, nan 
-153.375, 74.125, 1.6081856833932742e-24, nan 
-153.125, 74.125, 1.780659360181756e-24, nan 
-152.875, 74.125, 2.816922383922407e-24, nan 
-152.625, 74.125, 3.345331929291555e-24, nan 
-152.375, 74.125, 3.87027462403323e-24, nan 
-152.125, 74.125, 3.882908166297763e-24, nan 
-151.875, 74.125, 3.539209745839981e-24, nan 
-151.625, 74.125, 8.387531904438472e-24, nan 
-151.375, 74.125, 6.6027429823358765e-24, nan 
-151.125, 74.125, 6.1256609009586806e-24, nan 
-150.875, 74.125, 3.987461311938092e-24, nan 
-150.625, 74.125, 4.702836377999912e-24, nan 
-150.375, 74.125, 5.96806271159449e-24, nan 
-150.125, 74.125, 4.4888961010577504e-24, nan 
-149.875, 74.125, 3.43337431093178e-24, nan 
-149.625, 74.125, 3.89317080112796e-24, nan 
-149.375, 74.125, 3.667821261532384e-24, nan 
-149.125, 74.125, 3.27398943339386e-24, nan 
-148.875, 74.125, 2.4440121097295738e-24, nan 
-148.625, 74.125, 5.326406187053025e-24, nan 
-148.375, 74.125, 9.617488988398619e-24, nan 
-148.125, 74.125, 4.028735369742978e-24, nan 
-147.875, 74.125, 6.926199554493648e-24, nan 
-147.625, 74.125, 1.3470047479616555e-23, nan 
-147.375, 74.125, 6.57445740698953e-24, nan 
-147.125, 74.125, 6.194548042532228e-24, nan 
-146.875, 74.125, 7.811172463405871e-24, nan 
-146.625, 74.125, 5.57272540273247e-24, nan 
-146.375, 74.125, 5.2627880506095805e-24, nan 
-146.125, 74.125, 4.571475655534347e-24, nan 
-145.875, 74.125, 4.7446097275070115e-24, nan 
-145.625, 74.125, 4.052484124553331e-24, nan 
-145.375, 74.125, 4.228831238450139e-24, nan 
-145.125, 74.125, 5.246697254446317e-24, nan 
-144.875, 74.125, 4.0848658655654056e-24, nan 
-144.625, 74.125, 3.626768458328169e-24, nan 
-144.375, 74.125, 2.7297607105500686e-24, nan 
-144.125, 74.125, 2.7301186807142728e-24, nan 
-143.875, 74.125, 6.919673313031834e-24, nan 
-143.625, 74.125, 9.5303737316119e-24, nan 
-143.375, 74.125, 3.526981348239919e-24, nan 
-143.125, 74.125, 2.2119618861849333e-23, nan 
-142.875, 74.125, 2.4480902202055088e-23, nan 
-142.625, 74.125, 1.422056728222646e-23, nan 
-142.375, 74.125, 2.265986894496501e-23, nan 
-142.125, 74.125, 2.0931844530542392e-23, nan 
-141.875, 74.125, 1.6948157288629406e-23, nan 
-141.625, 74.125, 9.664470152547307e-24, nan 
-141.375, 74.125, 5.505574312817777e-24, nan 
-141.125, 74.125, 9.205789764323896e-24, nan 
-140.875, 74.125, 7.51015002322658e-24, nan 
-140.625, 74.125, 5.997153131772254e-24, nan 
-140.375, 74.125, 5.601434557048042e-24, nan 
-140.125, 74.125, 6.24660535170393e-24, nan 
-139.875, 74.125, 6.4677066335562506e-24, nan 
-139.625, 74.125, 7.779315023886001e-24, nan 
-139.375, 74.125, 9.369011911942685e-24, nan 
-139.125, 74.125, 5.319405496968694e-24, nan 
-138.875, 74.125, 3.872875625824528e-24, nan 
-138.625, 74.125, 9.394234376409353e-24, nan 
-138.375, 74.125, 5.9430637607644514e-24, nan 
-138.125, 74.125, 5.9700757589691824e-24, nan 
-137.875, 74.125, 6.187166888760161e-24, nan 
-137.625, 74.125, 5.505267314313951e-24, nan 
-137.375, 74.125, 6.834123535773556e-24, nan 
-137.125, 74.125, 8.360017935209299e-24, nan 
-136.875, 74.125, 6.870936603081745e-24, nan 
-136.625, 74.125, 6.904209974890456e-24, nan 
-136.375, 74.125, 8.10921794008244e-24, nan 
-136.125, 74.125, 1.0108799946615169e-23, nan 
-135.875, 74.125, 8.234681788166924e-24, nan 
-135.625, 74.125, 7.863355544327091e-24, nan 
-135.375, 74.125, 7.469053560234521e-24, nan 
-135.125, 74.125, 1.1013726741921092e-23, nan 
-134.875, 74.125, 9.287911199366591e-24, nan 
-134.625, 74.125, 1.3208949781332238e-23, nan 
-134.375, 74.125, 1.8493182661235774e-23, nan 
-134.125, 74.125, 1.7232647307614757e-23, nan 
-133.875, 74.125, 1.8378941285147968e-23, nan 
-133.625, 74.125, 1.934535317965173e-23, nan 
-133.375, 74.125, 1.975638907499395e-23, nan 
-133.125, 74.125, 1.3647478528932178e-23, nan 
-132.875, 74.125, 1.2732505204163057e-23, nan 
-132.625, 74.125, 1.603878019475561e-23, nan 
-132.375, 74.125, 1.2577123154896095e-23, nan 
-132.125, 74.125, 9.152650891083196e-24, nan 
-131.875, 74.125, 1.2886079761313086e-23, nan 
-131.625, 74.125, 8.670131662991725e-24, nan 
-131.375, 74.125, 7.444899007176999e-24, nan 
-131.125, 74.125, 1.489640174324807e-23, nan 
-130.875, 74.125, 2.1780092981649947e-23, nan 
-130.625, 74.125, 2.879448156552733e-23, nan 
-130.375, 74.125, 2.828888256997024e-23, nan 
-130.125, 74.125, 2.336726164434396e-23, nan 
-129.875, 74.125, 2.64057040409373e-23, nan 
-129.625, 74.125, 2.1546282830345042e-23, nan 
-129.375, 74.125, 1.6538191066627886e-23, nan 
-129.125, 74.125, 1.0599381085738317e-23, nan 
-128.875, 74.125, 1.3512901082706086e-23, nan 
-128.625, 74.125, 1.3851951386014955e-23, nan 
-128.375, 74.125, 1.3101028909926446e-23, nan 
-128.125, 74.125, 1.1318207038896448e-23, nan 
-127.875, 74.125, 1.094554012365145e-23, nan 
-127.625, 74.125, 1.6592838075403373e-23, nan 
-127.375, 74.125, 1.6328539089719704e-23, nan 
-127.125, 74.125, 1.735625242044936e-23, nan 
-126.875, 74.125, 1.1765190207973589e-23, nan 
-126.625, 74.125, 1.2826962465379053e-23, nan 
-126.375, 74.125, 1.3333141933611637e-23, nan 
-126.125, 74.125, 8.681371154927647e-24, nan 
-125.875, 74.125, 1.1118157899565043e-23, nan 
-125.625, 74.125, 2.0886911140695284e-23, nan 
-125.375, 74.125, 2.3312698514120444e-23, nan 
-125.125, 74.125, 3.9309026623176646e-23, nan 
-124.875, 74.125, 4.721841156855762e-23, nan 
-124.625, 74.125, 2.63100829295996e-23, nan 
-124.375, 74.125, 3.603948638228309e-23, nan 
-124.125, 74.125, 4.175239037351014e-23, nan 
-123.875, 74.125, 2.148522872769666e-23, nan 
-123.625, 74.125, 1.8989775180406682e-23, nan 
-123.375, 74.125, 1.8357582651748777e-23, nan 
-123.125, 74.125, 1.630240364463076e-23, nan 
-122.875, 74.125, 1.7035917894020177e-23, nan 
-122.625, 74.125, 3.785159439070469e-24, nan 
-122.375, 74.125, 9.849799542928142e-24, nan 
-122.125, 74.125, 1.5392113215733054e-23, nan 
-121.875, 74.125, 4.3016878680597746e-24, nan 
-121.625, 74.125, 5.367292618769612e-24, nan 
-121.375, 74.125, 7.976098640970877e-24, nan 
-121.125, 74.125, 5.255065396856643e-24, nan 
-120.875, 74.125, 6.645390631837267e-24, nan 
-120.625, 74.125, 6.790292383488939e-24, nan 
-120.375, 74.125, 6.059522689432272e-24, nan 
-120.125, 74.125, 6.493763356569641e-24, nan 
-119.875, 74.125, 7.85021280641996e-24, nan 
-119.625, 74.125, 7.663930189856923e-24, nan 
-119.375, 74.125, 1.4116597238172696e-23, nan 
-119.125, 74.125, 1.4600114866642947e-23, nan 
-118.875, 74.125, 1.648046779250714e-23, nan 
-118.625, 74.125, 1.6141354027213406e-23, nan 
-118.375, 74.125, 1.2844930732606127e-23, nan 
-118.125, 74.125, 1.0118035630442518e-23, nan 
-117.875, 74.125, 3.702744199277348e-24, nan 
-117.625, 74.125, 3.231105794411802e-24, nan 
-117.375, 74.125, 5.366400701387562e-24, nan 
-117.125, 74.125, 5.6853632490996075e-24, nan 
-116.875, 74.125, 1.9910955297491012e-23, nan 
-116.625, 74.125, 3.354101026520788e-23, nan 
-116.375, 74.125, 2.5603577666491697e-23, nan 
-116.125, 74.125, 2.790720472571116e-23, nan 
-115.875, 74.125, 4.0973029831332896e-23, nan 
-115.625, 74.125, 2.4582985071811957e-23, nan 
-115.375, 74.125, 1.5159767040510954e-23, nan 
-115.125, 74.125, 1.8881760492443868e-23, nan 
-114.875, 74.125, 8.265610805368492e-24, nan 
-114.625, 74.125, 1.4232025064532456e-23, nan 
-114.375, 74.125, 2.3659684893850024e-23, nan 
-114.125, 74.125, 4.406003350657249e-23, nan 
-113.875, 74.125, 4.186614403056631e-23, nan 
-113.625, 74.125, 4.0757946833338796e-23, nan 
-113.375, 74.125, 5.378585829167192e-23, nan 
-113.125, 74.125, 3.8835587945720335e-23, nan 
-112.875, 74.125, 3.22014787822011e-23, nan 
-112.625, 74.125, 4.28636801351588e-23, nan 
-112.375, 74.125, 6.815495582066196e-23, nan 
-112.125, 74.125, 8.724686545504061e-23, nan 
-111.875, 74.125, 6.408369635653323e-23, nan 
-111.625, 74.125, 6.532607367568307e-23, nan 
-111.375, 74.125, 6.042343670152836e-23, nan 
-111.125, 74.125, 3.615344866738244e-23, nan 
-110.875, 74.125, 2.320777623741489e-23, nan 
-110.625, 74.125, 2.10962986670543e-23, nan 
-110.375, 74.125, 1.5899314563123505e-23, nan 
-110.125, 74.125, 2.9752727186678105e-23, nan 
-109.875, 74.125, 1.9912554056674477e-23, nan 
-109.625, 74.125, 1.8278301403464264e-23, nan 
-109.375, 74.125, 2.4596280565372603e-23, nan 
-109.125, 74.125, 1.793425533628789e-23, nan 
-108.875, 74.125, 1.9421214029185476e-23, nan 
-108.625, 74.125, 1.7582449637300793e-23, nan 
-108.375, 74.125, 1.7917494004815303e-23, nan 
-108.125, 74.125, 2.422156078692442e-23, nan 
-107.875, 74.125, 2.275551157406753e-23, nan 
-107.625, 74.125, 2.1179351546852955e-23, nan 
-107.375, 74.125, 2.7569778545417956e-23, nan 
-107.125, 74.125, 2.0008265438841793e-23, nan 
-106.875, 74.125, 1.88092585560215e-23, nan 
-106.625, 74.125, 4.563437483918197e-23, nan 
-106.375, 74.125, 2.2057984553236325e-23, nan 
-106.125, 74.125, 1.8107661050758377e-23, nan 
-105.875, 74.125, 2.977049051040093e-23, nan 
-105.625, 74.125, 1.7195560380073794e-23, nan 
-105.375, 74.125, 1.5864159371639932e-23, nan 
-105.125, 74.125, 1.8067770940958456e-23, nan 
-104.875, 74.125, 1.5319769653971663e-23, nan 
-104.625, 74.125, 9.208696325676732e-24, nan 
-104.375, 74.125, 1.626415038398816e-23, nan 
-104.125, 74.125, 1.7804802892644443e-23, nan 
-103.875, 74.125, 1.866499932142312e-23, nan 
-103.625, 74.125, 1.8899285495785312e-23, nan 
-103.375, 74.125, 1.8880878127113343e-23, nan 
-103.125, 74.125, 5.0537378739727756e-24, nan 
-102.875, 74.125, 6.1939350134410425e-24, nan 
-102.625, 74.125, 1.072070465997421e-23, nan 
-102.375, 74.125, 1.919266591423845e-23, nan 
-102.125, 74.125, 2.2993602632583206e-23, nan 
-101.875, 74.125, 3.196629380301293e-23, nan 
-101.625, 74.125, 2.780707381599524e-23, nan 
-101.375, 74.125, 2.639307524988324e-23, nan 
-101.125, 74.125, 3.1518293309701677e-23, nan 
-100.875, 74.125, 3.125956141774655e-23, nan 
-100.625, 74.125, 1.9314566387261707e-23, nan 
-100.375, 74.125, 1.3233190889078017e-23, nan 
-100.125, 74.125, 1.2190710668822275e-23, nan 
-99.875, 74.125, 7.749451621058246e-24, nan 
-99.625, 74.125, 1.056271121725831e-23, nan 
-99.375, 74.125, 7.900416893080289e-24, nan 
-99.125, 74.125, 4.823741410557199e-24, nan 
-98.875, 74.125, 7.201207291680769e-24, nan 
-98.625, 74.125, 1.9895840575016494e-23, nan 
-98.375, 74.125, 3.4635424454885157e-23, nan 
-98.125, 74.125, 1.5484856632509758e-23, nan 
-97.875, 74.125, 1.2650399887317085e-23, nan 
-97.625, 74.125, 1.65288299541729e-23, nan 
-97.375, 74.125, 1.829153328783071e-23, nan 
-97.125, 74.125, 1.653984474234879e-23, nan 
-96.875, 74.125, 2.2163618327165424e-23, nan 
-96.625, 74.125, 1.862173406015039e-23, nan 
-96.375, 74.125, 2.1052431116958862e-23, nan 
-96.125, 74.125, 3.1726983167552964e-23, nan 
-95.875, 74.125, 2.799955862497318e-23, nan 
-95.625, 74.125, 1.999717232391197e-23, nan 
-95.375, 74.125, 3.759531681861958e-23, nan 
-95.125, 74.125, 4.250207782675347e-23, nan 
-94.875, 74.125, 2.931246010122951e-23, nan 
-94.625, 74.125, 3.7382274582855373e-23, nan 
-94.375, 74.125, 4.0880204061384943e-23, nan 
-94.125, 74.125, 2.9969887945558094e-23, nan 
-93.875, 74.125, 1.9603089095740819e-23, nan 
-93.625, 74.125, 2.5466737919598962e-23, nan 
-93.375, 74.125, 1.4776009837435952e-23, nan 
-93.125, 74.125, 2.190246603875236e-23, nan 
-92.875, 74.125, 4.1775142639230457e-23, nan 
-92.625, 74.125, 4.208140224215922e-23, nan 
-92.375, 74.125, 4.137811972135372e-23, nan 
-92.125, 74.125, 3.827735096978086e-23, nan 
-91.875, 74.125, 3.5784122444517196e-23, nan 
-91.625, 74.125, 4.2621686257370327e-23, nan 
-91.375, 74.125, 2.857032483397049e-23, nan 
-91.125, 74.125, 2.0699338763813546e-23, nan 
-90.875, 74.125, 2.495212618994825e-23, nan 
-90.625, 74.125, 1.9265301706854759e-23, nan 
-90.375, 74.125, 1.8399902406867131e-23, nan 
-90.125, 74.125, 3.3234207003488945e-23, nan 
-89.875, 74.125, 2.4291809742625605e-23, nan 
-89.625, 74.125, 2.4832504921728877e-23, nan 
-89.375, 74.125, 3.235308087655122e-23, nan 
-89.125, 74.125, 8.425144791536302e-23, nan 
-88.875, 74.125, 8.864785675813607e-23, nan 
-88.625, 74.125, 7.473493656711738e-23, nan 
-88.375, 74.125, 9.410410024688287e-23, nan 
-88.125, 74.125, 9.577535421363599e-23, nan 
-87.875, 74.125, 9.308514820192285e-23, nan 
-87.625, 74.125, 6.360421975731184e-23, nan 
-87.375, 74.125, 1.17028252157997e-22, nan 
-87.125, 74.125, 1.6098253641271907e-22, nan 
-86.875, 74.125, 1.3462446122085603e-22, nan 
-86.625, 74.125, 1.3221783962142504e-22, nan 
-86.375, 74.125, 1.62258898840057e-22, nan 
-86.125, 74.125, 1.2790738422173043e-22, nan 
-85.875, 74.125, 8.655322694620985e-23, nan 
-85.625, 74.125, 1.0188874728861123e-22, nan 
-85.375, 74.125, 8.434345709338614e-23, nan 
-85.125, 74.125, 9.081075544996203e-23, nan 
-84.875, 74.125, 1.4355000084667958e-22, nan 
-84.625, 74.125, 9.943713667359167e-23, nan 
-84.375, 74.125, 6.805240679180449e-23, nan 
-84.125, 74.125, 9.147627671180246e-23, nan 
-83.875, 74.125, 5.448368441276901e-23, nan 
-83.625, 74.125, 3.695390225997286e-23, nan 
-83.375, 74.125, 4.055478767625291e-23, nan 
-83.125, 74.125, 4.986706905130321e-23, nan 
-82.875, 74.125, 5.549198318820015e-23, nan 
-82.625, 74.125, 4.249164365804381e-23, nan 
-82.375, 74.125, 5.861155278708532e-23, nan 
-82.125, 74.125, 7.336371991222286e-23, nan 
-81.875, 74.125, 7.057691327035471e-23, nan 
-81.625, 74.125, 7.354715841975581e-23, nan 
-81.375, 74.125, 8.512541491162394e-23, nan 
-81.125, 74.125, 1.0411709063147582e-22, nan 
-80.875, 74.125, 9.14904873304878e-23, nan 
-80.625, 74.125, 6.607119028480048e-23, nan 
-80.375, 74.125, 7.776505776152356e-23, nan 
-80.125, 74.125, 6.572111024011841e-23, nan 
-79.875, 74.125, 8.25674640371979e-23, nan 
-79.625, 74.125, 5.222246575095619e-23, nan 
-79.375, 74.125, 4.494965293367495e-23, nan 
-79.125, 74.125, 7.55849784467948e-23, nan 
-78.875, 74.125, 5.33468014133935e-23, nan 
-78.625, 74.125, 3.383285744843023e-23, nan 
-78.375, 74.125, 4.806689984783857e-23, nan 
-78.125, 74.125, 3.4807334101475794e-23, nan 
-77.875, 74.125, 3.743395342904614e-23, nan 
-77.625, 74.125, 5.967737999517118e-23, nan 
-77.375, 74.125, 7.392486864992515e-23, nan 
-77.125, 74.125, 1.1362028092005614e-22, nan 
-76.875, 74.125, 1.6648886271388334e-22, nan 
-76.625, 74.125, 1.6143151797794393e-22, nan 
-76.375, 74.125, 2.1711058507738783e-22, nan 
-76.125, 74.125, 1.4876921666733006e-22, nan 
-75.875, 74.125, 1.5858882649812755e-22, nan 
-75.625, 74.125, 1.8810824279482417e-22, nan 
-75.375, 74.125, 1.3050715019443503e-22, nan 
-75.125, 74.125, 1.319998277205932e-22, nan 
-74.875, 74.125, 7.294958973495614e-23, nan 
-74.625, 74.125, 1.273781671213164e-22, nan 
-74.375, 74.125, 1.2621955660920417e-22, nan 
-74.125, 74.125, 1.3057892946516993e-22, nan 
-73.875, 74.125, 2.11517267451555e-22, nan 
-73.625, 74.125, 1.4485809779810981e-22, nan 
-73.375, 74.125, 1.9599443585181016e-22, nan 
-73.125, 74.125, 1.9909857919459656e-22, nan 
-72.875, 74.125, 1.8828424551598512e-22, nan 
-72.625, 74.125, 1.9738068552993648e-22, nan 
-72.375, 74.125, 1.2344876174246629e-22, nan 
-72.125, 74.125, 2.0602519710818973e-22, nan 
-71.875, 74.125, 3.1980924553964637e-22, nan 
-71.625, 74.125, 1.911143619150326e-22, nan 
-71.375, 74.125, 1.952962570492463e-22, nan 
-71.125, 74.125, 1.471140334507536e-22, nan 
-70.875, 74.125, 1.9818971980837865e-22, nan 
-70.625, 74.125, 2.562158483974031e-22, nan 
-70.375, 74.125, 3.003703023910239e-22, nan 
-70.125, 74.125, 3.026996578502777e-22, nan 
-69.875, 74.125, 2.881264227857996e-22, nan 
-69.625, 74.125, 3.0941367513168263e-22, nan 
-69.375, 74.125, 1.6971514796352415e-22, nan 
-69.125, 74.125, 1.4463938304399493e-22, nan 
-68.875, 74.125, 2.473099257065017e-22, nan 
-68.625, 74.125, 4.179149228888001e-22, nan 
-68.375, 74.125, 2.9549330591964665e-22, nan 
-68.125, 74.125, 4.184163271053281e-22, nan 
-67.875, 74.125, 4.672515031891945e-22, nan 
-67.625, 74.125, 4.459168292777701e-22, nan 
-67.375, 74.125, 4.582568241927362e-22, nan 
-67.125, 74.125, 6.301482795096703e-22, nan 
-66.875, 74.125, 4.75460361046633e-22, nan 
-66.625, 74.125, 4.671440270739071e-22, nan 
-66.375, 74.125, 6.296350211339753e-22, nan 
-66.125, 74.125, 7.275928000861272e-22, nan 
-65.875, 74.125, 7.017807814100637e-22, nan 
-65.625, 74.125, 6.318526263355401e-22, nan 
-65.375, 74.125, 5.609362191602275e-22, nan 
-65.125, 74.125, 4.1972007347498928e-22, nan 
-64.875, 74.125, 4.308296565820063e-22, nan 
-64.625, 74.125, 5.918374256858118e-22, nan 
-64.375, 74.125, 6.600823706625588e-22, nan 
-64.125, 74.125, 7.566829168752838e-22, nan 
-63.875, 74.125, 7.563746345642323e-22, nan 
-63.625, 74.125, 1.0572871954193663e-21, nan 
-63.375, 74.125, 1.1395988586687352e-21, nan 
-63.125, 74.125, 1.1094717761649835e-21, nan 
-62.875, 74.125, 1.1001994793344626e-21, nan 
-62.625, 74.125, 1.1782249560025175e-21, nan 
-62.375, 74.125, 5.096229344040154e-22, nan 
-62.125, 74.125, 4.637106075366224e-22, nan 
-61.875, 74.125, 5.391748449608692e-22, nan 
-61.625, 74.125, 5.242588516387756e-22, nan 
-61.375, 74.125, 5.6487373087741375e-22, nan 
-61.125, 74.125, 6.117011149665646e-22, nan 
-60.875, 74.125, 5.165912252345799e-22, nan 
-60.625, 74.125, 5.6802608561318665e-22, nan 
-60.375, 74.125, 1.4679987940053235e-21, nan 
-60.125, 74.125, 1.1245430081040133e-21, nan 
-59.875, 74.125, 5.806443917894603e-22, nan 
-59.625, 74.125, 5.750656379180179e-22, nan 
-59.375, 74.125, 3.958092641592539e-22, nan 
-59.125, 74.125, 1.7009095805412638e-21, nan 
-58.875, 74.125, 1.7978312384910462e-21, nan 
-58.625, 74.125, 1.7330763470097926e-21, nan 
-58.375, 74.125, 2.1185637919737525e-21, nan 
-58.125, 74.125, 2.1892945539370587e-21, nan 
-57.875, 74.125, 1.9370438501294675e-21, nan 
-57.625, 74.125, 1.4940380809560508e-21, nan 
-57.375, 74.125, 1.29147681439929e-21, nan 
-57.125, 74.125, 1.8234889519697726e-21, nan 
-56.875, 74.125, 1.8577943601056632e-21, nan 
-56.625, 74.125, 1.7744836054910013e-21, nan 
-56.375, 74.125, 2.069737914279406e-21, nan 
-56.125, 74.125, 2.1071773158642074e-21, nan 
-55.875, 74.125, 1.9565434674340277e-21, nan 
-55.625, 74.125, 2.389480335210082e-21, nan 
-55.375, 74.125, 2.925021671384073e-21, nan 
-55.125, 74.125, 2.4326301333639106e-21, nan 
-54.875, 74.125, 3.274217568689427e-21, nan 
-54.625, 74.125, 3.423295039003942e-21, nan 
-54.375, 74.125, 3.0633159694569107e-21, nan 
-54.125, 74.125, 4.249378742208005e-21, nan 
-53.875, 74.125, 3.017215253674709e-21, nan 
-53.625, 74.125, 3.784953775451732e-21, nan 
-53.375, 74.125, 3.391733890710828e-21, nan 
-53.125, 74.125, 2.859487623110172e-21, nan 
-52.875, 74.125, 3.1999012439379406e-21, nan 
-52.625, 74.125, 2.462622828553679e-21, nan 
-52.375, 74.125, 1.4145075925627387e-21, nan 
-52.125, 74.125, 2.75598584323609e-21, nan 
-51.875, 74.125, 2.379289990979208e-21, nan 
-51.625, 74.125, 2.6264906676109036e-21, nan 
-51.375, 74.125, 3.977483365528435e-21, nan 
-51.125, 74.125, 3.6117492104837084e-21, nan 
-50.875, 74.125, 4.5653030009087314e-21, nan 
-50.625, 74.125, 4.3799984588776485e-21, nan 
-50.375, 74.125, 4.671562404738388e-21, nan 
-50.125, 74.125, 5.992330671285046e-21, nan 
-49.875, 74.125, 5.318477438535198e-21, nan 
-49.625, 74.125, 6.049426217466057e-21, nan 
-49.375, 74.125, 5.4455122619907016e-21, nan 
-49.125, 74.125, 4.708069315025294e-21, nan 
-48.875, 74.125, 5.1459480390021215e-21, nan 
-48.625, 74.125, 8.068014938020953e-21, nan 
-48.375, 74.125, 9.466394891668714e-21, nan 
-48.125, 74.125, 1.229032226483006e-20, nan 
-47.875, 74.125, 1.0951347741081986e-20, nan 
-47.625, 74.125, 1.2773638331318987e-20, nan 
-47.375, 74.125, 1.3645862800902418e-20, nan 
-47.125, 74.125, 9.577533773330367e-21, nan 
-46.875, 74.125, 1.1456816586120745e-20, nan 
-46.625, 74.125, 1.400352848920517e-20, nan 
-46.375, 74.125, 1.2672904781287675e-20, nan 
-46.125, 74.125, 1.2782915386375887e-20, nan 
-45.875, 74.125, 1.880751476666109e-20, nan 
-45.625, 74.125, 2.1260081213205054e-20, nan 
-45.375, 74.125, 1.826535675784708e-20, nan 
-45.125, 74.125, 1.7896833327186892e-20, nan 
-44.875, 74.125, 2.045429605813562e-20, nan 
-44.625, 74.125, 2.908575162069946e-20, nan 
-44.375, 74.125, 1.2463855822776505e-20, nan 
-44.125, 74.125, 1.8934646329979687e-20, nan 
-43.875, 74.125, 2.636099764520961e-20, nan 
-43.625, 74.125, 1.9920423286968183e-20, nan 
-43.375, 74.125, 2.6363958574687415e-20, nan 
-43.125, 74.125, 2.6399757936789006e-20, nan 
-42.875, 74.125, 3.659169207984672e-20, nan 
-42.625, 74.125, 5.562405144379615e-20, nan 
-42.375, 74.125, 4.723216191260889e-20, nan 
-42.125, 74.125, 4.899730607654381e-20, nan 
-41.875, 74.125, 6.44045509901577e-20, nan 
-41.625, 74.125, 4.799143488257353e-20, nan 
-41.375, 74.125, 3.353575632254707e-20, nan 
-41.125, 74.125, 5.698234618472352e-20, nan 
-40.875, 74.125, 6.260453120247192e-20, nan 
-40.625, 74.125, 6.055294910422444e-20, nan 
-40.375, 74.125, 1.2355006617739784e-19, nan 
-40.125, 74.125, 9.648523982829989e-20, nan 
-39.875, 74.125, 1.0916697446729282e-19, nan 
-39.625, 74.125, 7.835936234697606e-20, nan 
-39.375, 74.125, 7.723073011301443e-20, nan 
-39.125, 74.125, 1.0366930336270076e-19, nan 
-38.875, 74.125, 7.354383823750885e-20, nan 
-38.625, 74.125, 7.621733519712995e-20, nan 
-38.375, 74.125, 7.870387060323578e-20, nan 
-38.125, 74.125, 6.704468779916186e-20, nan 
-37.875, 74.125, 7.103896375337939e-20, nan 
-37.625, 74.125, 1.1167977615655786e-19, nan 
-37.375, 74.125, 1.208787445813526e-19, nan 
-37.125, 74.125, 1.0371659835626738e-19, nan 
-36.875, 74.125, 9.416737437219088e-20, nan 
-36.625, 74.125, 1.0273513615161164e-19, nan 
-36.375, 74.125, 7.622909237581712e-20, nan 
-36.125, 74.125, 6.121745039125828e-20, nan 
-35.875, 74.125, 3.99932989398862e-20, nan 
-35.625, 74.125, 4.2515026428675554e-20, nan 
-35.375, 74.125, 4.15667362299843e-20, nan 
-35.125, 74.125, 5.021697600322622e-20, nan 
-34.875, 74.125, 7.215584138863086e-20, nan 
-34.625, 74.125, 6.063311969630203e-20, nan 
-34.375, 74.125, 3.9840216980808543e-20, nan 
-34.125, 74.125, 3.031096906611852e-20, nan 
-33.875, 74.125, 9.541952255315805e-20, nan 
-33.625, 74.125, 1.10695354284942e-19, nan 
-33.375, 74.125, 9.377355603400114e-20, nan 
-33.125, 74.125, 1.0668094838262819e-19, nan 
-32.875, 74.125, 9.672277661140054e-20, nan 
-32.625, 74.125, 1.6859801368976877e-19, nan 
-32.375, 74.125, 1.4492375475513103e-19, nan 
-32.125, 74.125, 9.801274331877381e-20, nan 
-31.875, 74.125, 8.204393051503977e-20, nan 
-31.625, 74.125, 1.276476808637424e-19, nan 
-31.375, 74.125, 1.3213570925408776e-19, nan 
-31.125, 74.125, 1.3421916468204959e-19, nan 
-30.875, 74.125, 1.4377966568024952e-19, nan 
-30.625, 74.125, 1.338109072319938e-19, nan 
-30.375, 74.125, 1.2781172663204973e-19, nan 
-30.125, 74.125, 1.148854048723892e-19, nan 
-29.875, 74.125, 8.329655281654314e-20, nan 
-29.625, 74.125, 1.0884255141424163e-19, nan 
-29.375, 74.125, 8.679167368940677e-20, nan 
-29.125, 74.125, 5.708788058659392e-20, nan 
-28.875, 74.125, 4.7175649835659246e-20, nan 
-28.625, 74.125, 8.991630182218098e-20, nan 
-28.375, 74.125, 9.261579815337876e-20, nan 
-28.125, 74.125, 7.802947452456261e-20, nan 
-27.875, 74.125, 1.2316082482088215e-19, nan 
-27.625, 74.125, 1.3284618787637027e-19, nan 
-27.375, 74.125, 1.81434633054216e-19, nan 
-27.125, 74.125, 1.5951119857111136e-19, nan 
-26.875, 74.125, 1.5690044260463905e-19, nan 
-26.625, 74.125, 1.870880971907006e-19, nan 
-26.375, 74.125, 1.4182655752829134e-19, nan 
-26.125, 74.125, 1.3068386768334963e-19, nan 
-25.875, 74.125, 9.759667997774968e-20, nan 
-25.625, 74.125, 1.12021244646188e-19, nan 
-25.375, 74.125, 2.0751405422828903e-19, nan 
-25.125, 74.125, 2.2786543293811925e-19, nan 
-24.875, 74.125, 2.66325772703877e-19, nan 
-24.625, 74.125, 2.720850829889126e-19, nan 
-24.375, 74.125, 2.7325226240153147e-19, nan 
-24.125, 74.125, 2.3715640777176365e-19, nan 
-23.875, 74.125, 2.1327703072080544e-19, nan 
-23.625, 74.125, 1.819463693454557e-19, nan 
-23.375, 74.125, 1.1385566567708295e-19, nan 
-23.125, 74.125, 1.2786028957662563e-19, nan 
-22.875, 74.125, 1.369394987220896e-19, nan 
-22.625, 74.125, 1.0691176752811362e-19, nan 
-22.375, 74.125, 1.1402784185969785e-19, nan 
-22.125, 74.125, 1.7872308576174437e-19, nan 
-21.875, 74.125, 8.69013745991544e-20, nan 
-21.625, 74.125, 5.163626159894874e-20, nan 
-21.375, 74.125, 9.368605348292547e-20, nan 
-21.125, 74.125, 7.696090157297201e-20, nan 
-20.875, 74.125, 1.131791904984076e-19, nan 
-20.625, 74.125, 1.395552508602362e-19, nan 
-20.375, 74.125, 1.0064117776833555e-19, nan 
-20.125, 74.125, 8.692010942336202e-20, nan 
-19.875, 74.125, 7.178312542694449e-20, nan 
-19.625, 74.125, 6.72966953754096e-20, nan 
-19.375, 74.125, 8.860473037897627e-20, nan 
-19.125, 74.125, 8.21261557042188e-20, nan 
-18.875, 74.125, 1.0481818551309323e-19, nan 
-18.625, 74.125, 8.903058928320322e-20, nan 
-18.375, 74.125, 7.131711397616004e-20, nan 
-18.125, 74.125, 9.364182839554495e-20, nan 
-17.875, 74.125, 5.761539667202896e-20, nan 
-17.625, 74.125, 3.754581227069992e-20, nan 
-17.375, 74.125, 4.4800913969547525e-20, nan 
-17.125, 74.125, 3.738967172953602e-20, nan 
-16.875, 74.125, 2.2827935482180978e-20, nan 
-16.625, 74.125, 2.994807649666747e-20, nan 
-16.375, 74.125, 3.406394131984937e-20, nan 
-16.125, 74.125, 3.473425785335077e-20, nan 
-15.875, 74.125, 3.0084667128114703e-20, nan 
-15.625, 74.125, 3.5876362862327035e-20, nan 
-15.375, 74.125, 3.5995955214989997e-20, nan 
-15.125, 74.125, 4.654178950095054e-20, nan 
-14.875, 74.125, 2.6797955959812305e-20, nan 
-14.625, 74.125, 5.436723434098406e-20, nan 
-14.375, 74.125, 8.236508295880795e-20, nan 
-14.125, 74.125, 1.3965582067012622e-19, nan 
-13.875, 74.125, 1.1731822601757374e-19, nan 
-13.625, 74.125, 1.1927279396344228e-19, nan 
-13.375, 74.125, 1.4821136866021807e-19, nan 
-13.125, 74.125, 1.1643007020126633e-19, nan 
-12.875, 74.125, 9.804015604652622e-20, nan 
-12.625, 74.125, 1.9443004759961546e-19, nan 
-12.375, 74.125, 1.6702008529142676e-19, nan 
-12.125, 74.125, 8.298420000614282e-20, nan 
-11.875, 74.125, 1.5213134693328333e-19, nan 
-11.625, 74.125, 1.699317445656322e-19, nan 
-11.375, 74.125, 1.3294352626067596e-19, nan 
-11.125, 74.125, 7.267792613620838e-20, nan 
-10.875, 74.125, 4.665851012194294e-20, nan 
-10.625, 74.125, 5.3812170963818785e-20, nan 
-10.375, 74.125, 4.2979662202302585e-20, nan 
-10.125, 74.125, 2.2457058878460728e-20, nan 
-9.875, 74.125, 1.2708854493850442e-20, nan 
-9.625, 74.125, 1.4291221704411064e-20, nan 
-9.375, 74.125, 9.490404803947584e-21, nan 
-9.125, 74.125, 9.768905982815885e-21, nan 
-8.875, 74.125, 1.1311625791241063e-20, nan 
-8.625, 74.125, 1.2187098569998743e-20, nan 
-8.375, 74.125, 2.3764908390823483e-20, nan 
-8.125, 74.125, 3.5982762464252817e-20, nan 
-7.875, 74.125, 2.3677015597136305e-20, nan 
-7.625, 74.125, 2.2562101592386892e-20, nan 
-7.375, 74.125, 3.640185341495698e-20, nan 
-7.125, 74.125, 2.1471114011286963e-20, nan 
-6.875, 74.125, 8.924799005345186e-21, nan 
-6.625, 74.125, 5.520940512316571e-21, nan 
-6.375, 74.125, 2.9314533949947723e-21, nan 
-6.125, 74.125, 7.832593317155037e-21, nan 
-5.875, 74.125, 6.858708071139601e-21, nan 
-5.625, 74.125, 9.74634380205206e-21, nan 
-5.375, 74.125, 1.6642086314062074e-20, nan 
-5.125, 74.125, 1.4722038917166425e-20, nan 
-4.875, 74.125, 1.3396141988384755e-20, nan 
-4.625, 74.125, 1.6497029150197677e-20, nan 
-4.375, 74.125, 1.4386526905771884e-20, nan 
-4.125, 74.125, 1.1816602228102141e-20, nan 
-3.875, 74.125, 1.130535208992254e-20, nan 
-3.625, 74.125, 7.079074795017288e-21, nan 
-3.375, 74.125, 6.4782480384199095e-21, nan 
-3.125, 74.125, 8.827928755534274e-21, nan 
-2.875, 74.125, 8.347270348020725e-21, nan 
-2.625, 74.125, 5.897934554575663e-21, nan 
-2.375, 74.125, 5.205358460708341e-21, nan 
-2.125, 74.125, 6.4897611666022746e-21, nan 
-1.875, 74.125, 4.0847977700259566e-21, nan 
-1.625, 74.125, 2.4252508195702695e-21, nan 
-1.375, 74.125, 3.7604830785565016e-21, nan 
-1.125, 74.125, 5.5770900178182724e-21, nan 
-0.875, 74.125, 1.7239581927387967e-20, nan 
-0.625, 74.125, 1.6746733479752586e-20, nan 
-0.375, 74.125, 1.2190098165042755e-20, nan 
-0.125, 74.125, 1.8425083666364625e-20, nan 
0.125, 74.125, 1.8020147451433043e-20, nan 
0.375, 74.125, 1.3587741120108213e-20, nan 
0.625, 74.125, 1.0891524997590778e-20, nan 
0.875, 74.125, 3.403461443341374e-21, nan 
1.125, 74.125, 7.575953532123053e-21, nan 
1.375, 74.125, 7.81975828999464e-21, nan 
1.625, 74.125, 5.1083571441741696e-21, nan 
1.875, 74.125, 6.3574434862889596e-21, nan 
2.125, 74.125, 6.132829271219453e-21, nan 
2.375, 74.125, 6.267441252457133e-21, nan 
2.625, 74.125, 5.9378391874689585e-21, nan 
2.875, 74.125, 3.1386221378989943e-21, nan 
3.125, 74.125, 4.571398533295704e-21, nan 
3.375, 74.125, 6.1901864943305805e-21, nan 
3.625, 74.125, 2.1348101652670023e-21, nan 
3.875, 74.125, 4.254621145775042e-21, nan 
4.125, 74.125, 4.956255512948785e-21, nan 
4.375, 74.125, 2.4438065311773188e-21, nan 
4.625, 74.125, 2.0194036230751027e-21, nan 
4.875, 74.125, 4.4981333667127585e-21, nan 
5.125, 74.125, 3.0311406362354805e-21, nan 
5.375, 74.125, 2.370634864086825e-21, nan 
5.625, 74.125, 3.663493972136796e-21, nan 
5.875, 74.125, 2.5948814390416727e-21, nan 
6.125, 74.125, 1.9534836018129833e-21, nan 
6.375, 74.125, 1.7685100749408715e-21, nan 
6.625, 74.125, 2.4507730974733614e-21, nan 
6.875, 74.125, 2.3531973249833375e-21, nan 
7.125, 74.125, 1.4398129722053689e-21, nan 
7.375, 74.125, 1.6368282977288825e-21, nan 
7.625, 74.125, 1.813279085652537e-21, nan 
7.875, 74.125, 1.389998925104693e-21, nan 
8.125, 74.125, 9.814638939899813e-22, nan 
8.375, 74.125, 1.4676306766974107e-21, nan 
8.625, 74.125, 1.3254398281303105e-21, nan 
8.875, 74.125, 7.401911344026426e-22, nan 
9.125, 74.125, 1.0693720269468126e-21, nan 
9.375, 74.125, 9.43509955684768e-22, nan 
9.625, 74.125, 8.376843643239886e-22, nan 
9.875, 74.125, 1.1884670794942897e-21, nan 
10.125, 74.125, 1.8253140896828527e-21, nan 
10.375, 74.125, 1.3235300213597964e-21, nan 
10.625, 74.125, 1.290376341959444e-21, nan 
10.875, 74.125, 1.5911804642955298e-21, nan 
11.125, 74.125, 1.7295956783326072e-21, nan 
11.375, 74.125, 1.5360173705522967e-21, nan 
11.625, 74.125, 1.0681394207461004e-21, nan 
11.875, 74.125, 1.0279788064531601e-21, nan 
12.125, 74.125, 1.3989092458346032e-21, nan 
12.375, 74.125, 1.1819871019734595e-21, nan 
12.625, 74.125, 8.26175210172341e-22, nan 
12.875, 74.125, 9.548732511007016e-22, nan 
13.125, 74.125, 7.591710787009968e-22, nan 
13.375, 74.125, 5.152697026252574e-22, nan 
13.625, 74.125, 5.660498931144795e-22, nan 
13.875, 74.125, 4.848779173989261e-22, nan 
14.125, 74.125, 4.253436822303811e-22, nan 
14.375, 74.125, 1.4288326801811956e-22, nan 
14.625, 74.125, 6.977998617310853e-22, nan 
14.875, 74.125, 4.675476374987914e-22, nan 
15.125, 74.125, 2.6312188691217916e-22, nan 
15.375, 74.125, 5.756928400033483e-22, nan 
15.625, 74.125, 3.0688508763267755e-22, nan 
15.875, 74.125, 2.4144904150976847e-22, nan 
16.125, 74.125, 5.367773986922737e-22, nan 
16.375, 74.125, 2.6992879412006063e-22, nan 
16.625, 74.125, 4.202430827149688e-22, nan 
16.875, 74.125, 8.763348650695608e-22, nan 
17.125, 74.125, 8.19939465660045e-22, nan 
17.375, 74.125, 8.242055771875522e-22, nan 
17.625, 74.125, 9.150838458441499e-22, nan 
17.875, 74.125, 8.163593227156768e-22, nan 
18.125, 74.125, 9.726050072620925e-22, nan 
18.375, 74.125, 5.6939189553383815e-22, nan 
18.625, 74.125, 3.8866838937124285e-22, nan 
18.875, 74.125, 5.062743880911285e-22, nan 
19.125, 74.125, 3.943892261304292e-22, nan 
19.375, 74.125, 2.3277011704141633e-22, nan 
19.625, 74.125, 1.4739969117438908e-22, nan 
19.875, 74.125, 1.2505537045817403e-22, nan 
20.125, 74.125, 1.9682439769946669e-22, nan 
20.375, 74.125, 1.7650214122285262e-22, nan 
20.625, 74.125, 1.8225857674418442e-22, nan 
20.875, 74.125, 1.174000400709022e-22, nan 
21.125, 74.125, 1.619012588670721e-22, nan 
21.375, 74.125, 1.9939371833507672e-22, nan 
21.625, 74.125, 1.4706165046930493e-22, nan 
21.875, 74.125, 2.0828726822772237e-22, nan 
22.125, 74.125, 9.338648655042554e-23, nan 
22.375, 74.125, 1.6783777666699158e-22, nan 
22.625, 74.125, 1.7762581078900426e-22, nan 
22.875, 74.125, 2.8021433325466116e-22, nan 
23.125, 74.125, 2.7588007140592506e-22, nan 
23.375, 74.125, 2.0353796279289737e-22, nan 
23.625, 74.125, 1.4443242417395857e-22, nan 
23.875, 74.125, 1.667321664090629e-22, nan 
24.125, 74.125, 1.5076823337076895e-22, nan 
24.375, 74.125, 7.806058324010527e-23, nan 
24.625, 74.125, 2.008400228991799e-22, nan 
24.875, 74.125, 1.6334547220011947e-22, nan 
25.125, 74.125, 1.346729564868855e-22, nan 
25.375, 74.125, 1.8390644666822713e-22, nan 
25.625, 74.125, 1.3774487834855025e-22, nan 
25.875, 74.125, 9.600436002746923e-23, nan 
26.125, 74.125, 7.645766085934902e-23, nan 
26.375, 74.125, 4.226103969205073e-23, nan 
26.625, 74.125, 9.585887817603907e-23, nan 
26.875, 74.125, 1.2768069347773705e-22, nan 
27.125, 74.125, 1.3868175142764743e-22, nan 
27.375, 74.125, 1.254079114406121e-22, nan 
27.625, 74.125, 4.423589883100631e-23, nan 
27.875, 74.125, 5.725579363878098e-23, nan 
28.125, 74.125, 1.1352090134418032e-22, nan 
28.375, 74.125, 1.141723660593853e-22, nan 
28.625, 74.125, 1.1149908403261737e-22, nan 
28.875, 74.125, 7.665791521276372e-23, nan 
29.125, 74.125, 4.533411574042817e-23, nan 
29.375, 74.125, 1.3853637814775192e-22, nan 
29.625, 74.125, 1.3519048222821165e-22, nan 
29.875, 74.125, 1.5063332120194866e-22, nan 
30.125, 74.125, 1.0081083003509184e-22, nan 
30.375, 74.125, 9.47377274994617e-23, nan 
30.625, 74.125, 1.5911894218246062e-22, nan 
30.875, 74.125, 6.568872093704057e-23, nan 
31.125, 74.125, 5.992596540120418e-23, nan 
31.375, 74.125, 8.899624831590389e-23, nan 
31.625, 74.125, 9.995079174403749e-23, nan 
31.875, 74.125, 1.9448106532974372e-22, nan 
32.125, 74.125, 1.414493421812307e-22, nan 
32.375, 74.125, 1.1137135200312347e-22, nan 
32.625, 74.125, 1.492281890137102e-22, nan 
32.875, 74.125, 8.062511208866967e-23, nan 
33.125, 74.125, 1.173719255799507e-22, nan 
33.375, 74.125, 1.339619201474795e-22, nan 
33.625, 74.125, 1.0421522504033882e-22, nan 
33.875, 74.125, 1.3429175551095992e-22, nan 
34.125, 74.125, 1.4115360265696007e-22, nan 
34.375, 74.125, 1.125949329956619e-22, nan 
34.625, 74.125, 1.1461118442592663e-22, nan 
34.875, 74.125, 1.2906419652107916e-22, nan 
35.125, 74.125, 4.49018013793143e-23, nan 
35.375, 74.125, 5.019375648743618e-23, nan 
35.625, 74.125, 9.486517234432202e-23, nan 
35.875, 74.125, 6.668777590660255e-23, nan 
36.125, 74.125, 6.983318356908394e-23, nan 
36.375, 74.125, 6.98812725354328e-23, nan 
36.625, 74.125, 4.8359917440809624e-23, nan 
36.875, 74.125, 6.215173199460918e-23, nan 
37.125, 74.125, 3.6868742218558493e-23, nan 
37.375, 74.125, 3.335656408007078e-23, nan 
37.625, 74.125, 4.5225706975956735e-23, nan 
37.875, 74.125, 4.7666406652308256e-23, nan 
38.125, 74.125, 3.570565594263284e-23, nan 
38.375, 74.125, 1.952665874076998e-23, nan 
38.625, 74.125, 7.553960392060226e-23, nan 
38.875, 74.125, 6.06893610447314e-23, nan 
39.125, 74.125, 2.650198647602204e-23, nan 
39.375, 74.125, 4.184983038533952e-23, nan 
39.625, 74.125, 3.5803402495235623e-23, nan 
39.875, 74.125, 2.6270363910726183e-23, nan 
40.125, 74.125, 1.6534631439864774e-23, nan 
40.375, 74.125, 1.9403444071639563e-23, nan 
40.625, 74.125, 4.0579227560334915e-23, nan 
40.875, 74.125, 1.675533607013205e-23, nan 
41.125, 74.125, 1.678539693033283e-23, nan 
41.375, 74.125, 2.2544487984008048e-23, nan 
41.625, 74.125, 1.8754670047418757e-23, nan 
41.875, 74.125, 3.209203537527348e-23, nan 
42.125, 74.125, 2.4354402503999073e-23, nan 
42.375, 74.125, 3.292403992404754e-23, nan 
42.625, 74.125, 4.6518521795383784e-23, nan 
42.875, 74.125, 5.306804222720083e-23, nan 
43.125, 74.125, 4.627845008216611e-23, nan 
43.375, 74.125, 7.496087332845958e-23, nan 
43.625, 74.125, 9.382210730359389e-23, nan 
43.875, 74.125, 5.505151288248952e-23, nan 
44.125, 74.125, 4.863591469171893e-23, nan 
44.375, 74.125, 7.855705902806103e-23, nan 
44.625, 74.125, 3.9824276523020667e-23, nan 
44.875, 74.125, 2.3158458101759846e-23, nan 
45.125, 74.125, 1.609892876534883e-23, nan 
45.375, 74.125, 2.1765187107576632e-23, nan 
45.625, 74.125, 1.1643714775090074e-23, nan 
45.875, 74.125, 1.5216636594273872e-23, nan 
46.125, 74.125, 1.3420009139505444e-23, nan 
46.375, 74.125, 8.402499628280001e-24, nan 
46.625, 74.125, 2.4840885458435734e-23, nan 
46.875, 74.125, 3.17164363290446e-23, nan 
47.125, 74.125, 2.3473435047559496e-23, nan 
47.375, 74.125, 3.089841717534283e-23, nan 
47.625, 74.125, 3.184152509502583e-23, nan 
47.875, 74.125, 2.313913671098224e-23, nan 
48.125, 74.125, 1.4574238571198853e-23, nan 
48.375, 74.125, 1.0425846206358011e-23, nan 
48.625, 74.125, 1.7760763408113977e-23, nan 
48.875, 74.125, 1.2533906551336424e-23, nan 
49.125, 74.125, 5.58041198054483e-24, nan 
49.375, 74.125, 2.3283107629878334e-23, nan 
49.625, 74.125, 2.1484702598758902e-23, nan 
49.875, 74.125, 8.76388452192709e-24, nan 
50.125, 74.125, 1.6241602023459115e-23, nan 
50.375, 74.125, 2.8229490826834506e-23, nan 
50.625, 74.125, 2.53436550581484e-23, nan 
50.875, 74.125, 1.3082058998661349e-23, nan 
51.125, 74.125, 3.3782664433266216e-23, nan 
51.375, 74.125, 3.4808406310004045e-23, nan 
51.625, 74.125, 1.3533245170497263e-23, nan 
51.875, 74.125, 2.3528760499073092e-23, nan 
52.125, 74.125, 1.624466112508009e-23, nan 
52.375, 74.125, 1.0619341778556498e-23, nan 
52.625, 74.125, 2.385526455665296e-23, nan 
52.875, 74.125, 1.5498402548923725e-23, nan 
53.125, 74.125, 1.033670330102309e-23, nan 
53.375, 74.125, 1.3953195881811182e-23, nan 
53.625, 74.125, 1.3028207565291306e-23, nan 
53.875, 74.125, 8.202113001475972e-24, nan 
54.125, 74.125, 1.4664925450006654e-23, nan 
54.375, 74.125, 9.077693844486006e-24, nan 
54.625, 74.125, 1.1026550381927717e-23, nan 
54.875, 74.125, 1.2052220465477624e-23, nan 
55.125, 74.125, 1.2263715165241425e-23, nan 
55.375, 74.125, 1.2848094359233503e-23, nan 
55.625, 74.125, 1.70248297706314e-23, nan 
55.875, 74.125, 1.6246100000627437e-23, nan 
56.125, 74.125, 1.94563442839615e-23, nan 
56.375, 74.125, 1.662261315592105e-23, nan 
56.625, 74.125, 2.0713305745981753e-23, nan 
56.875, 74.125, 2.3741327097094055e-23, nan 
57.125, 74.125, 1.731536875271993e-23, nan 
57.375, 74.125, 2.0198844784464814e-23, nan 
57.625, 74.125, 1.782816225157048e-23, nan 
57.875, 74.125, 1.403327596129116e-23, nan 
58.125, 74.125, 4.6722490727509845e-24, nan 
58.375, 74.125, 4.1101978991410876e-24, nan 
58.625, 74.125, 6.785447364993565e-24, nan 
58.875, 74.125, 1.1022206635691369e-23, nan 
59.125, 74.125, 1.112721478367198e-23, nan 
59.375, 74.125, 1.4848613627758303e-23, nan 
59.625, 74.125, 1.1918570195279534e-23, nan 
59.875, 74.125, 1.165752545601793e-23, nan 
60.125, 74.125, 1.1768120130978196e-23, nan 
60.375, 74.125, 1.2306720992381327e-23, nan 
60.625, 74.125, 1.2252094692008117e-23, nan 
60.875, 74.125, 1.0288818204469219e-23, nan 
61.125, 74.125, 1.2726765669735312e-23, nan 
61.375, 74.125, 8.70637302419811e-24, nan 
61.625, 74.125, 8.542176552949855e-24, nan 
61.875, 74.125, 5.929452266897886e-24, nan 
62.125, 74.125, 7.865715955642493e-24, nan 
62.375, 74.125, 8.159221489380912e-24, nan 
62.625, 74.125, 9.00339466113893e-24, nan 
62.875, 74.125, 8.875945468881805e-24, nan 
63.125, 74.125, 9.779086180513039e-24, nan 
63.375, 74.125, 1.3260811179908747e-23, nan 
63.625, 74.125, 8.95562144173485e-24, nan 
63.875, 74.125, 6.240209713217183e-24, nan 
64.125, 74.125, 7.99158845774136e-24, nan 
64.375, 74.125, 7.801072908919573e-24, nan 
64.625, 74.125, 1.256750163809548e-23, nan 
64.875, 74.125, 1.449175375012781e-23, nan 
65.125, 74.125, 1.2430940306573626e-23, nan 
65.375, 74.125, 1.249759458198483e-23, nan 
65.625, 74.125, 1.2554123369413171e-23, nan 
65.875, 74.125, 1.0693592906283696e-23, nan 
66.125, 74.125, 3.548952517175063e-23, nan 
66.375, 74.125, 4.1351907185924774e-23, nan 
66.625, 74.125, 1.2002859396249166e-23, nan 
66.875, 74.125, 5.710525134876384e-23, nan 
67.125, 74.125, 6.728036327292604e-23, nan 
67.375, 74.125, 1.5709924348317613e-23, nan 
67.625, 74.125, 2.8862235253300994e-23, nan 
67.875, 74.125, 3.224748747653405e-23, nan 
68.125, 74.125, 5.541784733077785e-24, nan 
68.375, 74.125, 5.938533565570755e-24, nan 
68.625, 74.125, 6.305289721210562e-24, nan 
68.875, 74.125, 9.686044393345047e-24, nan 
69.125, 74.125, 1.3684158882036672e-23, nan 
69.375, 74.125, 1.6120945158510654e-23, nan 
69.625, 74.125, 1.4290005163399577e-23, nan 
69.875, 74.125, 1.5005349745499322e-23, nan 
70.125, 74.125, 1.57753741333635e-23, nan 
70.375, 74.125, 1.1102050169282194e-23, nan 
70.625, 74.125, 7.130764247041009e-24, nan 
70.875, 74.125, 6.26837249983036e-24, nan 
71.125, 74.125, 4.525636063247203e-24, nan 
71.375, 74.125, 3.1333786148858978e-24, nan 
71.625, 74.125, 1.9551803079306507e-24, nan 
71.875, 74.125, 5.114232509011841e-24, nan 
72.125, 74.125, 4.0334567649411e-24, nan 
72.375, 74.125, 1.3795439996975693e-24, nan 
72.625, 74.125, 4.3012133799862785e-24, nan 
72.875, 74.125, 3.2206773736803943e-24, nan 
73.125, 74.125, 3.3065321864068316e-24, nan 
73.375, 74.125, 3.094619867709579e-24, nan 
73.625, 74.125, 2.795691320618125e-24, nan 
73.875, 74.125, 2.80757171260403e-24, nan 
74.125, 74.125, 4.8947259054109585e-24, nan 
74.375, 74.125, 5.347611300787711e-24, nan 
74.625, 74.125, 5.796018710832932e-24, nan 
74.875, 74.125, 6.2754140870237985e-24, nan 
75.125, 74.125, 7.597064914521584e-24, nan 
75.375, 74.125, 7.989372501104487e-24, nan 
75.625, 74.125, 7.214869743125677e-24, nan 
75.875, 74.125, 7.020629287201059e-24, nan 
76.125, 74.125, 7.992750554946535e-24, nan 
76.375, 74.125, 9.046923856034707e-24, nan 
76.625, 74.125, 7.434419251582393e-24, nan 
76.875, 74.125, 2.2177265126345676e-23, nan 
77.125, 74.125, 1.8685271251582114e-23, nan 
77.375, 74.125, 1.821971180554594e-23, nan 
77.625, 74.125, 2.97163705718293e-23, nan 
77.875, 74.125, 2.3421575372233745e-23, nan 
78.125, 74.125, 2.325020605458939e-23, nan 
78.375, 74.125, 1.3977784972789413e-23, nan 
78.625, 74.125, 1.8976440255091782e-23, nan 
78.875, 74.125, 2.297695380598125e-23, nan 
79.125, 74.125, 2.8778277554026715e-23, nan 
79.375, 74.125, 1.9058617958512313e-23, nan 
79.625, 74.125, 1.877551640945849e-23, nan 
79.875, 74.125, 2.1276492268509905e-23, nan 
80.125, 74.125, 1.346241121976698e-23, nan 
80.375, 74.125, 1.4969081988783543e-23, nan 
80.625, 74.125, 2.7809635239381376e-24, nan 
80.875, 74.125, 1.1916160743024588e-23, nan 
81.125, 74.125, 2.1665216819343085e-23, nan 
81.375, 74.125, 2.6703764597661725e-24, nan 
81.625, 74.125, 6.22405764432116e-24, nan 
81.875, 74.125, 1.1064991672190087e-23, nan 
82.125, 74.125, 2.849542572304988e-24, nan 
82.375, 74.125, 4.00413821462603e-24, nan 
82.625, 74.125, 3.67334230633729e-24, nan 
82.875, 74.125, 2.6061421140217834e-24, nan 
83.125, 74.125, 2.296802058455873e-24, nan 
83.375, 74.125, 1.6323240493908324e-24, nan 
83.625, 74.125, 3.163842171741853e-24, nan 
83.875, 74.125, 5.738881791034444e-24, nan 
84.125, 74.125, 6.435979523185492e-24, nan 
84.375, 74.125, 6.734599354974742e-24, nan 
84.625, 74.125, 6.1094067910467334e-24, nan 
84.875, 74.125, 6.5352244685133175e-24, nan 
85.125, 74.125, 5.894501952802352e-24, nan 
85.375, 74.125, 5.153783556571812e-24, nan 
85.625, 74.125, 3.315445932174481e-24, nan 
85.875, 74.125, 2.21409637659568e-24, nan 
86.125, 74.125, 1.5015549742543741e-24, nan 
86.375, 74.125, 1.9768567343706898e-24, nan 
86.625, 74.125, 2.1722170243853296e-24, nan 
86.875, 74.125, 3.1029680641060213e-24, nan 
87.125, 74.125, 4.647473114584018e-24, nan 
87.375, 74.125, 2.025127790464536e-24, nan 
87.625, 74.125, 3.585170881743639e-24, nan 
87.875, 74.125, 8.239755390508737e-24, nan 
88.125, 74.125, 5.299391344468097e-24, nan 
88.375, 74.125, 5.151831260850077e-24, nan 
88.625, 74.125, 5.870984614804371e-24, nan 
88.875, 74.125, 6.817714927165862e-24, nan 
89.125, 74.125, 5.7373166667203985e-24, nan 
89.375, 74.125, 2.7458585500041126e-24, nan 
89.625, 74.125, 3.888118400465443e-24, nan 
89.875, 74.125, 4.412779894517259e-24, nan 
90.125, 74.125, 2.44855478558959e-24, nan 
90.375, 74.125, 3.905924385299575e-24, nan 
90.625, 74.125, 5.0993535002908804e-24, nan 
90.875, 74.125, 3.4193774655394934e-24, nan 
91.125, 74.125, 3.0174386908204586e-24, nan 
91.375, 74.125, 3.2911921298768655e-24, nan 
91.625, 74.125, 2.5749945358444595e-24, nan 
91.875, 74.125, 2.8872794625301845e-24, nan 
92.125, 74.125, 3.647641355162304e-24, nan 
92.375, 74.125, 3.8022420033649704e-24, nan 
92.625, 74.125, 3.7793540510568185e-24, nan 
92.875, 74.125, 2.369812832234009e-24, nan 
93.125, 74.125, 1.6812015439102623e-24, nan 
93.375, 74.125, 1.2729355247644386e-24, nan 
93.625, 74.125, 1.2686753296820984e-24, nan 
93.875, 74.125, 2.849305363873697e-24, nan 
94.125, 74.125, 2.5090275038660355e-24, nan 
94.375, 74.125, 1.963086829366019e-23, nan 
94.625, 74.125, 1.819391815543727e-23, nan 
94.875, 74.125, 8.765985429108665e-24, nan 
95.125, 74.125, 3.160770092381212e-23, nan 
95.375, 74.125, 3.112729698390336e-23, nan 
95.625, 74.125, 1.3199208891469739e-23, nan 
95.875, 74.125, 1.4972275597060165e-23, nan 
96.125, 74.125, 1.5518213366834226e-23, nan 
96.375, 74.125, 9.725836542441406e-24, nan 
96.625, 74.125, 2.001344580990604e-23, nan 
96.875, 74.125, 2.0065218079227964e-23, nan 
97.125, 74.125, 1.2338870279534308e-23, nan 
97.375, 74.125, 2.135967581829124e-23, nan 
97.625, 74.125, 2.04839455388881e-23, nan 
97.875, 74.125, 1.3939574095889086e-23, nan 
98.125, 74.125, 1.4499121776767457e-23, nan 
98.375, 74.125, 1.3855766112973283e-23, nan 
98.625, 74.125, 1.3194626073792353e-23, nan 
-173.375, 74.375, 4.473828773351701e-24, nan 
-173.125, 74.375, 8.144667020348927e-24, nan 
-172.875, 74.375, 6.248157495148477e-24, nan 
-172.625, 74.375, 3.826192879884912e-24, nan 
-172.375, 74.375, 3.8747212011103705e-24, nan 
-172.125, 74.375, 3.597986515372456e-24, nan 
-171.875, 74.375, 4.309480792105463e-24, nan 
-171.625, 74.375, 5.367393643554932e-24, nan 
-171.375, 74.375, 3.866589054402091e-24, nan 
-171.125, 74.375, 3.416354932524293e-24, nan 
-170.875, 74.375, 5.03362689291871e-24, nan 
-170.625, 74.375, 2.5382357769932623e-24, nan 
-170.375, 74.375, 2.8285995574442634e-24, nan 
-170.125, 74.375, 2.9669771885971846e-24, nan 
-169.875, 74.375, 3.0500401183916903e-24, nan 
-169.625, 74.375, 3.756982154757598e-24, nan 
-169.375, 74.375, 2.6421829887736008e-24, nan 
-169.125, 74.375, 3.1169716066074225e-24, nan 
-168.875, 74.375, 3.5126146705269244e-24, nan 
-168.625, 74.375, 3.371969460256799e-24, nan 
-168.375, 74.375, 3.339235594210878e-24, nan 
-168.125, 74.375, 2.1763707565279377e-24, nan 
-167.875, 74.375, 2.153226671921789e-24, nan 
-167.625, 74.375, 2.9547582553851324e-24, nan 
-167.375, 74.375, 4.049636988352916e-24, nan 
-167.125, 74.375, 4.848777486345751e-24, nan 
-166.875, 74.375, 4.00377573125161e-24, nan 
-166.625, 74.375, 4.118055257960188e-24, nan 
-166.375, 74.375, 4.903484697291066e-24, nan 
-166.125, 74.375, 4.3944604248970776e-24, nan 
-165.875, 74.375, 4.206116772001281e-24, nan 
-165.625, 74.375, 3.167715365856464e-24, nan 
-165.375, 74.375, 3.372527065858052e-24, nan 
-165.125, 74.375, 2.6045956013272022e-24, nan 
-164.875, 74.375, 6.353428448930408e-25, nan 
-164.625, 74.375, 2.6778121892608457e-24, nan 
-164.375, 74.375, 3.5235303760084826e-24, nan 
-164.125, 74.375, 5.696347377804011e-24, nan 
-163.875, 74.375, 7.097859359300847e-24, nan 
-163.625, 74.375, 5.5045228187872986e-24, nan 
-163.375, 74.375, 6.657505534584546e-24, nan 
-163.125, 74.375, 6.787255210772753e-24, nan 
-162.875, 74.375, 5.8345815478334196e-24, nan 
-162.625, 74.375, 6.323826985187451e-24, nan 
-162.375, 74.375, 5.058639015967389e-24, nan 
-162.125, 74.375, 4.2322123011702674e-24, nan 
-161.875, 74.375, 2.6227359875352494e-24, nan 
-161.625, 74.375, 2.086110600535501e-24, nan 
-161.375, 74.375, 3.5180791914950724e-24, nan 
-161.125, 74.375, 2.2181997030679918e-24, nan 
-160.875, 74.375, 2.2864019834261364e-24, nan 
-160.625, 74.375, 2.5509386986056664e-24, nan 
-160.375, 74.375, 2.7057951711100878e-24, nan 
-160.125, 74.375, 3.592701919976298e-24, nan 
-159.875, 74.375, 1.990570739538379e-24, nan 
-159.625, 74.375, 1.6300433473920663e-24, nan 
-159.375, 74.375, 2.351466069411026e-24, nan 
-159.125, 74.375, 1.340870165680399e-24, nan 
-158.875, 74.375, 2.5449625937303277e-24, nan 
-158.625, 74.375, 1.8098090798287898e-24, nan 
-158.375, 74.375, 1.9721019789311223e-24, nan 
-158.125, 74.375, 3.78857933876149e-24, nan 
-157.875, 74.375, 4.975020917950834e-24, nan 
-157.625, 74.375, 1.2422125953038379e-23, nan 
-157.375, 74.375, 1.469907261832208e-23, nan 
-157.125, 74.375, 1.4029898708038658e-23, nan 
-156.875, 74.375, 1.0701438997092809e-23, nan 
-156.625, 74.375, 8.124487039466497e-24, nan 
-156.375, 74.375, 5.991519235273124e-24, nan 
-156.125, 74.375, 5.179374691666298e-24, nan 
-155.875, 74.375, 5.595848804745148e-24, nan 
-155.625, 74.375, 5.175332584802776e-24, nan 
-155.375, 74.375, 4.643940148522886e-24, nan 
-155.125, 74.375, 3.8366223873230346e-24, nan 
-154.875, 74.375, 2.2884136724655358e-24, nan 
-154.625, 74.375, 2.0097605777558065e-24, nan 
-154.375, 74.375, 1.086928238875863e-24, nan 
-154.125, 74.375, 3.4135146058762765e-24, nan 
-153.875, 74.375, 2.0884228679678998e-24, nan 
-153.625, 74.375, 1.2563015801370462e-24, nan 
-153.375, 74.375, 1.6611070046826e-24, nan 
-153.125, 74.375, 1.7479518219229124e-24, nan 
-152.875, 74.375, 2.138002243629747e-24, nan 
-152.625, 74.375, 4.431626242855343e-24, nan 
-152.375, 74.375, 6.776670393684332e-24, nan 
-152.125, 74.375, 8.80563277159791e-24, nan 
-151.875, 74.375, 6.142690242280137e-24, nan 
-151.625, 74.375, 7.024790822813456e-24, nan 
-151.375, 74.375, 9.458764988129514e-24, nan 
-151.125, 74.375, 1.1063028022366927e-23, nan 
-150.875, 74.375, 8.757940083852785e-24, nan 
-150.625, 74.375, 9.819404645062563e-24, nan 
-150.375, 74.375, 8.195981626962395e-24, nan 
-150.125, 74.375, 5.936916886676373e-24, nan 
-149.875, 74.375, 3.912254801411191e-24, nan 
-149.625, 74.375, 6.1189884690589775e-24, nan 
-149.375, 74.375, 7.499630627718604e-24, nan 
-149.125, 74.375, 4.729558222158387e-24, nan 
-148.875, 74.375, 6.4138863019896516e-24, nan 
-148.625, 74.375, 7.009388994008619e-24, nan 
-148.375, 74.375, 7.213638203823876e-24, nan 
-148.125, 74.375, 6.4066900538828956e-24, nan 
-147.875, 74.375, 6.814276808871972e-24, nan 
-147.625, 74.375, 8.399171105572947e-24, nan 
-147.375, 74.375, 9.022902702609351e-24, nan 
-147.125, 74.375, 6.96792710466174e-24, nan 
-146.875, 74.375, 5.979533375813391e-24, nan 
-146.625, 74.375, 6.107833323494213e-24, nan 
-146.375, 74.375, 6.185307322017635e-24, nan 
-146.125, 74.375, 4.912400837238665e-24, nan 
-145.875, 74.375, 6.618962819630274e-24, nan 
-145.625, 74.375, 6.944063014026728e-24, nan 
-145.375, 74.375, 3.70389790458834e-24, nan 
-145.125, 74.375, 5.2466406669751175e-24, nan 
-144.875, 74.375, 4.0507838865882145e-24, nan 
-144.625, 74.375, 4.343469967627362e-24, nan 
-144.375, 74.375, 5.058102564406125e-24, nan 
-144.125, 74.375, 3.53571449208745e-24, nan 
-143.875, 74.375, 3.335396810043499e-24, nan 
-143.625, 74.375, 3.612880891468973e-24, nan 
-143.375, 74.375, 4.898049153584071e-24, nan 
-143.125, 74.375, 7.637851512462141e-24, nan 
-142.875, 74.375, 8.865223000544564e-24, nan 
-142.625, 74.375, 1.036532349592333e-23, nan 
-142.375, 74.375, 1.2330662097622576e-23, nan 
-142.125, 74.375, 9.07631028331152e-24, nan 
-141.875, 74.375, 1.3055654118630789e-23, nan 
-141.625, 74.375, 8.791037570063973e-24, nan 
-141.375, 74.375, 5.595459072131833e-24, nan 
-141.125, 74.375, 7.08436370992796e-24, nan 
-140.875, 74.375, 9.319464694055308e-24, nan 
-140.625, 74.375, 8.501697612074367e-24, nan 
-140.375, 74.375, 9.695003989785323e-24, nan 
-140.125, 74.375, 9.794362413381582e-24, nan 
-139.875, 74.375, 9.104776312085304e-24, nan 
-139.625, 74.375, 1.0284302555756997e-23, nan 
-139.375, 74.375, 8.647112468880931e-24, nan 
-139.125, 74.375, 8.222916720918159e-24, nan 
-138.875, 74.375, 1.3168030062519623e-23, nan 
-138.625, 74.375, 8.786631360836192e-24, nan 
-138.375, 74.375, 6.376985235045017e-24, nan 
-138.125, 74.375, 8.316303363234311e-24, nan 
-137.875, 74.375, 5.719744416313605e-24, nan 
-137.625, 74.375, 6.212424504737127e-24, nan 
-137.375, 74.375, 8.123235276207281e-24, nan 
-137.125, 74.375, 1.0057817596295642e-23, nan 
-136.875, 74.375, 8.666245192586248e-24, nan 
-136.625, 74.375, 1.2901795888049526e-23, nan 
-136.375, 74.375, 1.5104590831716062e-23, nan 
-136.125, 74.375, 1.50958015301965e-23, nan 
-135.875, 74.375, 2.022255207069758e-23, nan 
-135.625, 74.375, 2.4079678543380035e-23, nan 
-135.375, 74.375, 2.1439924881229815e-23, nan 
-135.125, 74.375, 1.8157293813161655e-23, nan 
-134.875, 74.375, 1.965967978092239e-23, nan 
-134.625, 74.375, 1.9996849356946196e-23, nan 
-134.375, 74.375, 1.7005610783828066e-23, nan 
-134.125, 74.375, 1.645062766345053e-23, nan 
-133.875, 74.375, 1.148558015102542e-23, nan 
-133.625, 74.375, 9.444216217765493e-24, nan 
-133.375, 74.375, 1.6893922103568856e-23, nan 
-133.125, 74.375, 1.3794767423415905e-23, nan 
-132.875, 74.375, 1.794479280776781e-23, nan 
-132.625, 74.375, 1.7357243129852986e-23, nan 
-132.375, 74.375, 2.649951169627983e-23, nan 
-132.125, 74.375, 2.860230000236604e-23, nan 
-131.875, 74.375, 2.129165242712757e-23, nan 
-131.625, 74.375, 1.5878544605610922e-23, nan 
-131.375, 74.375, 1.1316310263607704e-23, nan 
-131.125, 74.375, 2.6159242619011992e-23, nan 
-130.875, 74.375, 2.134484240624898e-23, nan 
-130.625, 74.375, 2.605739785459321e-23, nan 
-130.375, 74.375, 3.469467522486875e-23, nan 
-130.125, 74.375, 1.9781131209276908e-23, nan 
-129.875, 74.375, 2.552283472189239e-23, nan 
-129.625, 74.375, 1.6479116157076744e-23, nan 
-129.375, 74.375, 2.07001301820559e-23, nan 
-129.125, 74.375, 9.37712157408289e-24, nan 
-128.875, 74.375, 1.4374046498662134e-23, nan 
-128.625, 74.375, 1.8224426587245863e-23, nan 
-128.375, 74.375, 8.981687537895356e-24, nan 
-128.125, 74.375, 9.916570971595929e-24, nan 
-127.875, 74.375, 1.2973281231087136e-23, nan 
-127.625, 74.375, 1.4294921097865055e-23, nan 
-127.375, 74.375, 1.5381990927183796e-23, nan 
-127.125, 74.375, 1.7758630797148618e-23, nan 
-126.875, 74.375, 1.3274416035196178e-23, nan 
-126.625, 74.375, 1.4794902486699426e-23, nan 
-126.375, 74.375, 2.2076220034911838e-23, nan 
-126.125, 74.375, 2.1817720340397557e-23, nan 
-125.875, 74.375, 3.4285631619318596e-23, nan 
-125.625, 74.375, 1.8110014054963587e-23, nan 
-125.375, 74.375, 3.714645361257174e-23, nan 
-125.125, 74.375, 6.563202001353e-23, nan 
-124.875, 74.375, 4.122158641906419e-23, nan 
-124.625, 74.375, 2.8752465277817896e-23, nan 
-124.375, 74.375, 3.755377970140629e-23, nan 
-124.125, 74.375, 2.6469105714361306e-23, nan 
-123.875, 74.375, 1.6039283967477255e-23, nan 
-123.625, 74.375, 8.223310513869539e-24, nan 
-123.375, 74.375, 2.385985277170334e-24, nan 
-123.125, 74.375, 5.224682253136686e-24, nan 
-122.875, 74.375, 5.438594943034367e-24, nan 
-122.625, 74.375, 8.646664004087106e-24, nan 
-122.375, 74.375, 5.975299978208638e-24, nan 
-122.125, 74.375, 8.934745971764842e-24, nan 
-121.875, 74.375, 6.933908566708001e-24, nan 
-121.625, 74.375, 1.2645077101371351e-23, nan 
-121.375, 74.375, 7.947556745936113e-24, nan 
-121.125, 74.375, 3.868674814831951e-24, nan 
-120.875, 74.375, 5.1634390693257004e-24, nan 
-120.625, 74.375, 6.82867271076588e-24, nan 
-120.375, 74.375, 4.181248290034244e-24, nan 
-120.125, 74.375, 5.8286342398862245e-24, nan 
-119.875, 74.375, 9.340248449625538e-24, nan 
-119.625, 74.375, 3.49157360904824e-24, nan 
-119.375, 74.375, 8.154229745747215e-24, nan 
-119.125, 74.375, 1.2200948905833952e-23, nan 
-118.875, 74.375, 8.810177745604299e-24, nan 
-118.625, 74.375, 9.32259681169466e-24, nan 
-118.375, 74.375, 1.1531655078602882e-23, nan 
-118.125, 74.375, 1.613881224367196e-23, nan 
-117.875, 74.375, 1.5049001297003656e-23, nan 
-117.625, 74.375, 7.190520606025695e-24, nan 
-117.375, 74.375, 7.910987593469813e-24, nan 
-117.125, 74.375, 8.995206553724082e-24, nan 
-116.875, 74.375, 5.123561922263517e-24, nan 
-116.625, 74.375, 4.7890559041769195e-24, nan 
-116.375, 74.375, 9.491377209944426e-24, nan 
-116.125, 74.375, 2.2802827038720036e-23, nan 
-115.875, 74.375, 2.6251232389062163e-23, nan 
-115.625, 74.375, 1.945476776770923e-23, nan 
-115.375, 74.375, 1.5595965477278563e-23, nan 
-115.125, 74.375, 1.0621682681095086e-23, nan 
-114.875, 74.375, 1.9332125757965462e-23, nan 
-114.625, 74.375, 2.999105267971567e-23, nan 
-114.375, 74.375, 3.499781212503996e-23, nan 
-114.125, 74.375, 3.461541073985278e-23, nan 
-113.875, 74.375, 3.413638168530573e-23, nan 
-113.625, 74.375, 4.0639765161393973e-23, nan 
-113.375, 74.375, 4.344874617268603e-23, nan 
-113.125, 74.375, 3.406190394990075e-23, nan 
-112.875, 74.375, 3.333665117845688e-23, nan 
-112.625, 74.375, 5.143627460672875e-23, nan 
-112.375, 74.375, 5.691979954635151e-23, nan 
-112.125, 74.375, 5.82132790254497e-23, nan 
-111.875, 74.375, 6.683804059625441e-23, nan 
-111.625, 74.375, 6.697764816195223e-23, nan 
-111.375, 74.375, 6.209274598995903e-23, nan 
-111.125, 74.375, 4.935597064089776e-23, nan 
-110.875, 74.375, 4.840028100271807e-23, nan 
-110.625, 74.375, 4.497734791941433e-23, nan 
-110.375, 74.375, 3.7750173481746883e-23, nan 
-110.125, 74.375, 3.565772137914117e-23, nan 
-109.875, 74.375, 1.843861148761164e-23, nan 
-109.625, 74.375, 2.7254116701755764e-23, nan 
-109.375, 74.375, 2.747421802447127e-23, nan 
-109.125, 74.375, 1.6580084986397702e-23, nan 
-108.875, 74.375, 1.3771524136547507e-23, nan 
-108.625, 74.375, 1.907316194616088e-23, nan 
-108.375, 74.375, 1.9945053840032063e-23, nan 
-108.125, 74.375, 1.5515068809578897e-23, nan 
-107.875, 74.375, 1.6531744700800745e-23, nan 
-107.625, 74.375, 1.9700291553242497e-23, nan 
-107.375, 74.375, 2.310960593762321e-23, nan 
-107.125, 74.375, 1.9006369664817977e-23, nan 
-106.875, 74.375, 1.9731291797101092e-23, nan 
-106.625, 74.375, 3.351366219538935e-23, nan 
-106.375, 74.375, 1.95435416758766e-23, nan 
-106.125, 74.375, 1.0666392797450402e-23, nan 
-105.875, 74.375, 9.580239610919027e-24, nan 
-105.625, 74.375, 1.67644276205203e-23, nan 
-105.375, 74.375, 1.8185961150896073e-23, nan 
-105.125, 74.375, 1.6573253008713052e-23, nan 
-104.875, 74.375, 2.829435409334714e-23, nan 
-104.625, 74.375, 1.7612124736199877e-23, nan 
-104.375, 74.375, 2.0497808940479538e-23, nan 
-104.125, 74.375, 2.605563445279263e-23, nan 
-103.875, 74.375, 3.456003449143423e-23, nan 
-103.625, 74.375, 4.287203322306132e-23, nan 
-103.375, 74.375, 2.9632451970148524e-23, nan 
-103.125, 74.375, 2.6355398407504525e-23, nan 
-102.875, 74.375, 2.7502238003067456e-23, nan 
-102.625, 74.375, 2.9523050489010986e-23, nan 
-102.375, 74.375, 2.916841909620394e-23, nan 
-102.125, 74.375, 3.7525011194413095e-23, nan 
-101.875, 74.375, 4.1146027908975695e-23, nan 
-101.625, 74.375, 3.834623883308421e-23, nan 
-101.375, 74.375, 3.0336004415286523e-23, nan 
-101.125, 74.375, 3.0160416100289425e-23, nan 
-100.875, 74.375, 2.8888709855162803e-23, nan 
-100.625, 74.375, 1.727669962946271e-23, nan 
-100.375, 74.375, 1.3273099038609843e-23, nan 
-100.125, 74.375, 1.2099636270776679e-23, nan 
-99.875, 74.375, 8.18182113943746e-24, nan 
-99.625, 74.375, 1.7457279397744625e-23, nan 
-99.375, 74.375, 9.785489982643743e-24, nan 
-99.125, 74.375, 8.208719960336286e-24, nan 
-98.875, 74.375, 1.1140549285129529e-23, nan 
-98.625, 74.375, 1.3112560649669209e-23, nan 
-98.375, 74.375, 9.941347214646774e-24, nan 
-98.125, 74.375, 8.439918465290652e-24, nan 
-97.875, 74.375, 1.73486393334607e-23, nan 
-97.625, 74.375, 2.7266202054417154e-23, nan 
-97.375, 74.375, 2.721549146686417e-23, nan 
-97.125, 74.375, 3.2360062120031157e-23, nan 
-96.875, 74.375, 3.636552002441902e-23, nan 
-96.625, 74.375, 3.689761368401138e-23, nan 
-96.375, 74.375, 3.1954478864737426e-23, nan 
-96.125, 74.375, 2.6146373348013597e-23, nan 
-95.875, 74.375, 2.8559049865942e-23, nan 
-95.625, 74.375, 2.2840156652192398e-23, nan 
-95.375, 74.375, 2.7736582369710226e-23, nan 
-95.125, 74.375, 3.711766941558756e-23, nan 
-94.875, 74.375, 2.780732710930425e-23, nan 
-94.625, 74.375, 2.167666644622958e-23, nan 
-94.375, 74.375, 1.9124063383982705e-23, nan 
-94.125, 74.375, 1.9238908811732454e-23, nan 
-93.875, 74.375, 3.134633335188269e-23, nan 
-93.625, 74.375, 4.283615412929373e-23, nan 
-93.375, 74.375, 4.8082659461558444e-23, nan 
-93.125, 74.375, 4.774821523823945e-23, nan 
-92.875, 74.375, 5.418630197302885e-23, nan 
-92.625, 74.375, 5.232179925424417e-23, nan 
-92.375, 74.375, 5.0911575161537957e-23, nan 
-92.125, 74.375, 3.015096185258857e-23, nan 
-91.875, 74.375, 2.1420839932541566e-23, nan 
-91.625, 74.375, 4.904424903725022e-23, nan 
-91.375, 74.375, 3.88070736295028e-23, nan 
-91.125, 74.375, 2.6097211210853998e-23, nan 
-90.875, 74.375, 3.139292146857712e-23, nan 
-90.625, 74.375, 2.884572627267385e-23, nan 
-90.375, 74.375, 2.4919078183455106e-23, nan 
-90.125, 74.375, 2.9727409861828006e-23, nan 
-89.875, 74.375, 2.5897811625264443e-23, nan 
-89.625, 74.375, 2.775375283652912e-23, nan 
-89.375, 74.375, 6.105802906384542e-23, nan 
-89.125, 74.375, 7.309637341844027e-23, nan 
-88.875, 74.375, 5.258708845680809e-23, nan 
-88.625, 74.375, 6.109499244809814e-23, nan 
-88.375, 74.375, 9.22064102341395e-23, nan 
-88.125, 74.375, 7.63331519595716e-23, nan 
-87.875, 74.375, 6.490076294184034e-23, nan 
-87.625, 74.375, 8.724633325776099e-23, nan 
-87.375, 74.375, 1.1304247450567771e-22, nan 
-87.125, 74.375, 1.170724826202472e-22, nan 
-86.875, 74.375, 9.7820888765846e-23, nan 
-86.625, 74.375, 1.084666191394911e-22, nan 
-86.375, 74.375, 1.1617106819861405e-22, nan 
-86.125, 74.375, 4.3755337241245204e-23, nan 
-85.875, 74.375, 5.268568553031842e-23, nan 
-85.625, 74.375, 7.530807452706823e-23, nan 
-85.375, 74.375, 5.10811436926818e-23, nan 
-85.125, 74.375, 7.065049282170507e-23, nan 
-84.875, 74.375, 1.2628313513662155e-22, nan 
-84.625, 74.375, 7.823271648157223e-23, nan 
-84.375, 74.375, 1.0196470990561379e-22, nan 
-84.125, 74.375, 3.6684931409011696e-23, nan 
-83.875, 74.375, 5.42643027397333e-23, nan 
-83.625, 74.375, 4.071242436364763e-23, nan 
-83.375, 74.375, 1.8063596479660948e-23, nan 
-83.125, 74.375, 2.3941632452932544e-23, nan 
-82.875, 74.375, 6.124565219042388e-23, nan 
-82.625, 74.375, 9.550308776872078e-23, nan 
-82.375, 74.375, 9.19173909316845e-23, nan 
-82.125, 74.375, 6.745932160292265e-23, nan 
-81.875, 74.375, 9.443963520746661e-23, nan 
-81.625, 74.375, 1.4208890095205136e-22, nan 
-81.375, 74.375, 1.045206446981923e-22, nan 
-81.125, 74.375, 1.3441649676554196e-22, nan 
-80.875, 74.375, 1.1878965339947152e-22, nan 
-80.625, 74.375, 1.019149926653046e-22, nan 
-80.375, 74.375, 1.4140074445762122e-22, nan 
-80.125, 74.375, 9.126341012269723e-23, nan 
-79.875, 74.375, 1.1332591227676726e-22, nan 
-79.625, 74.375, 7.026140172158177e-23, nan 
-79.375, 74.375, 2.3869132786737108e-23, nan 
-79.125, 74.375, 7.22884979192813e-23, nan 
-78.875, 74.375, 5.627937056678994e-23, nan 
-78.625, 74.375, 8.837362289119683e-24, nan 
-78.375, 74.375, 1.0375496663720085e-22, nan 
-78.125, 74.375, 1.4428162718668647e-22, nan 
-77.875, 74.375, 2.2073943377491825e-22, nan 
-77.625, 74.375, 2.30088138854277e-22, nan 
-77.375, 74.375, 2.17269275351226e-22, nan 
-77.125, 74.375, 2.2129973261569765e-22, nan 
-76.875, 74.375, 2.424934773691734e-22, nan 
-76.625, 74.375, 1.508380108522617e-22, nan 
-76.375, 74.375, 1.4932499083948965e-22, nan 
-76.125, 74.375, 1.248348381664566e-22, nan 
-75.875, 74.375, 1.2896646335746016e-22, nan 
-75.625, 74.375, 1.237656130155583e-22, nan 
-75.375, 74.375, 1.0325040547785034e-22, nan 
-75.125, 74.375, 2.308795096312149e-22, nan 
-74.875, 74.375, 1.7185702770493172e-22, nan 
-74.625, 74.375, 7.530659673286181e-23, nan 
-74.375, 74.375, 2.674166491820254e-22, nan 
-74.125, 74.375, 9.573719068593171e-23, nan 
-73.875, 74.375, 1.1202114088251259e-22, nan 
-73.625, 74.375, 2.0983260843734836e-22, nan 
-73.375, 74.375, 1.7035220857546268e-22, nan 
-73.125, 74.375, 1.712056652530355e-22, nan 
-72.875, 74.375, 1.5355432534042163e-22, nan 
-72.625, 74.375, 1.3072823172061405e-22, nan 
-72.375, 74.375, 1.3974005918399666e-22, nan 
-72.125, 74.375, 1.7096899569974826e-22, nan 
-71.875, 74.375, 2.77699609080655e-22, nan 
-71.625, 74.375, 2.3874828249947585e-22, nan 
-71.375, 74.375, 1.411375968091409e-22, nan 
-71.125, 74.375, 3.474465607917608e-22, nan 
-70.875, 74.375, 5.299708335650348e-22, nan 
-70.625, 74.375, 3.071679519923624e-22, nan 
-70.375, 74.375, 4.249888766231484e-22, nan 
-70.125, 74.375, 6.2052190734080255e-22, nan 
-69.875, 74.375, 4.752997838966297e-22, nan 
-69.625, 74.375, 4.438147382187843e-22, nan 
-69.375, 74.375, 5.826918909122765e-22, nan 
-69.125, 74.375, 4.828991277129144e-22, nan 
-68.875, 74.375, 6.774879592488642e-22, nan 
-68.625, 74.375, 5.726999958798415e-22, nan 
-68.375, 74.375, 4.454573985286135e-22, nan 
-68.125, 74.375, 5.975886893968211e-22, nan 
-67.875, 74.375, 5.109493275559727e-22, nan 
-67.625, 74.375, 5.476343051388127e-22, nan 
-67.375, 74.375, 5.264819963022646e-22, nan 
-67.125, 74.375, 6.311991514991762e-22, nan 
-66.875, 74.375, 4.5215764780472445e-22, nan 
-66.625, 74.375, 5.095985992861392e-22, nan 
-66.375, 74.375, 3.2798618662810448e-22, nan 
-66.125, 74.375, 2.446367143124584e-22, nan 
-65.875, 74.375, 3.4352811018617513e-22, nan 
-65.625, 74.375, 2.383310617845782e-22, nan 
-65.375, 74.375, 1.8612638113404967e-22, nan 
-65.125, 74.375, 2.4110714346587856e-22, nan 
-64.875, 74.375, 3.171900811019702e-22, nan 
-64.625, 74.375, 4.610384687879212e-22, nan 
-64.375, 74.375, 4.05836588836851e-22, nan 
-64.125, 74.375, 4.6540038765322515e-22, nan 
-63.875, 74.375, 5.244630443219864e-22, nan 
-63.625, 74.375, 4.1411710080794753e-22, nan 
-63.375, 74.375, 4.299721104485558e-22, nan 
-63.125, 74.375, 4.991967266977596e-22, nan 
-62.875, 74.375, 5.321807276325501e-22, nan 
-62.625, 74.375, 5.807559096132874e-22, nan 
-62.375, 74.375, 5.253983319691304e-22, nan 
-62.125, 74.375, 5.212908364387117e-22, nan 
-61.875, 74.375, 6.282641167732786e-22, nan 
-61.625, 74.375, 5.003369061296617e-22, nan 
-61.375, 74.375, 5.905172839548537e-22, nan 
-61.125, 74.375, 1.7192442536638313e-21, nan 
-60.875, 74.375, 1.5365264142748771e-21, nan 
-60.625, 74.375, 3.36147842082257e-22, nan 
-60.375, 74.375, 3.2128515842171664e-21, nan 
-60.125, 74.375, 3.0055473462381013e-21, nan 
-59.875, 74.375, 1.105834682903528e-21, nan 
-59.625, 74.375, 2.1463133305795524e-21, nan 
-59.375, 74.375, 2.3008562922258456e-21, nan 
-59.125, 74.375, 2.0248260715840027e-21, nan 
-58.875, 74.375, 2.018532635077841e-21, nan 
-58.625, 74.375, 2.0265314546449883e-21, nan 
-58.375, 74.375, 1.6234627324890641e-21, nan 
-58.125, 74.375, 1.3344563312460413e-21, nan 
-57.875, 74.375, 1.680935107168336e-21, nan 
-57.625, 74.375, 1.9689454351255027e-21, nan 
-57.375, 74.375, 2.173574469466173e-21, nan 
-57.125, 74.375, 2.281875090249835e-21, nan 
-56.875, 74.375, 2.733803510282283e-21, nan 
-56.625, 74.375, 2.815948838579683e-21, nan 
-56.375, 74.375, 2.1281383881941867e-21, nan 
-56.125, 74.375, 2.7065348976221e-21, nan 
-55.875, 74.375, 2.9079590855310524e-21, nan 
-55.625, 74.375, 3.2260335140069684e-21, nan 
-55.375, 74.375, 3.787189947957199e-21, nan 
-55.125, 74.375, 3.596973163022546e-21, nan 
-54.875, 74.375, 3.452981708661223e-21, nan 
-54.625, 74.375, 3.404858063544819e-21, nan 
-54.375, 74.375, 4.0215792648861594e-21, nan 
-54.125, 74.375, 4.494784157117407e-21, nan 
-53.875, 74.375, 3.3289856706831485e-21, nan 
-53.625, 74.375, 3.3062010812532013e-21, nan 
-53.375, 74.375, 2.31029707345173e-21, nan 
-53.125, 74.375, 4.257364467596612e-21, nan 
-52.875, 74.375, 4.8116481141793474e-21, nan 
-52.625, 74.375, 4.682654830345814e-21, nan 
-52.375, 74.375, 2.9641888787356623e-21, nan 
-52.125, 74.375, 4.29545006717511e-21, nan 
-51.875, 74.375, 3.7671164134563435e-21, nan 
-51.625, 74.375, 4.637968381606864e-21, nan 
-51.375, 74.375, 1.0788733027215321e-20, nan 
-51.125, 74.375, 6.023917902245672e-21, nan 
-50.875, 74.375, 4.014115523326066e-21, nan 
-50.625, 74.375, 8.488466183838822e-21, nan 
-50.375, 74.375, 6.1953140215549265e-21, nan 
-50.125, 74.375, 2.8907028014125263e-21, nan 
-49.875, 74.375, 3.202548595971806e-21, nan 
-49.625, 74.375, 6.742309177093789e-21, nan 
-49.375, 74.375, 5.455261821651677e-21, nan 
-49.125, 74.375, 4.396482784488454e-21, nan 
-48.875, 74.375, 7.100693648836008e-21, nan 
-48.625, 74.375, 1.3233412865859207e-20, nan 
-48.375, 74.375, 2.036097180993138e-20, nan 
-48.125, 74.375, 1.940375812481673e-20, nan 
-47.875, 74.375, 1.615143136526156e-20, nan 
-47.625, 74.375, 2.5300980520410976e-20, nan 
-47.375, 74.375, 2.5037815024209503e-20, nan 
-47.125, 74.375, 1.387105600603095e-20, nan 
-46.875, 74.375, 1.7563023518985584e-20, nan 
-46.625, 74.375, 2.4964106062000174e-20, nan 
-46.375, 74.375, 2.307492611073387e-20, nan 
-46.125, 74.375, 1.9947089096646985e-20, nan 
-45.875, 74.375, 2.663083448668267e-20, nan 
-45.625, 74.375, 2.4308232208862585e-20, nan 
-45.375, 74.375, 1.3914916466652083e-20, nan 
-45.125, 74.375, 1.4808577053499916e-20, nan 
-44.875, 74.375, 1.339998016380581e-20, nan 
-44.625, 74.375, 1.3126828102662657e-20, nan 
-44.375, 74.375, 2.0722680860123683e-20, nan 
-44.125, 74.375, 1.8169330833122972e-20, nan 
-43.875, 74.375, 2.186922374630599e-20, nan 
-43.625, 74.375, 4.32078427621709e-20, nan 
-43.375, 74.375, 4.7142056334617927e-20, nan 
-43.125, 74.375, 4.505507002974458e-20, nan 
-42.875, 74.375, 8.808387814812223e-20, nan 
-42.625, 74.375, 9.211024768498365e-20, nan 
-42.375, 74.375, 9.388695113210296e-20, nan 
-42.125, 74.375, 9.950671602127534e-20, nan 
-41.875, 74.375, 6.677825397925954e-20, nan 
-41.625, 74.375, 7.174076059798428e-20, nan 
-41.375, 74.375, 6.767488961425186e-20, nan 
-41.125, 74.375, 1.3419695894108572e-19, nan 
-40.875, 74.375, 9.348332661536085e-20, nan 
-40.625, 74.375, 6.446298205384964e-20, nan 
-40.375, 74.375, 2.777691051474368e-19, nan 
-40.125, 74.375, 2.639032402934648e-19, nan 
-39.875, 74.375, 1.1178742249185185e-19, nan 
-39.625, 74.375, 2.187436191764211e-19, nan 
-39.375, 74.375, 2.178327514802187e-19, nan 
-39.125, 74.375, 1.0533698267973583e-19, nan 
-38.875, 74.375, 7.688547505614907e-20, nan 
-38.625, 74.375, 6.073883320560241e-20, nan 
-38.375, 74.375, 7.083383512760784e-20, nan 
-38.125, 74.375, 7.354678885195955e-20, nan 
-37.875, 74.375, 3.432643006202089e-20, nan 
-37.625, 74.375, 8.295431740817876e-20, nan 
-37.375, 74.375, 7.813124332127422e-20, nan 
-37.125, 74.375, 3.7331625098011023e-20, nan 
-36.875, 74.375, 5.919981007795045e-20, nan 
-36.625, 74.375, 1.1773792947769354e-19, nan 
-36.375, 74.375, 1.0867790781915116e-19, nan 
-36.125, 74.375, 1.1095043166844704e-19, nan 
-35.875, 74.375, 1.1758833136060015e-19, nan 
-35.625, 74.375, 9.120333963107907e-20, nan 
-35.375, 74.375, 1.2199670653551533e-19, nan 
-35.125, 74.375, 8.170828316032692e-20, nan 
-34.875, 74.375, 8.55646138263415e-20, nan 
-34.625, 74.375, 7.5793902754169e-20, nan 
-34.375, 74.375, 1.2969182066953826e-19, nan 
-34.125, 74.375, 1.7054959367168563e-19, nan 
-33.875, 74.375, 1.8251269521393217e-19, nan 
-33.625, 74.375, 1.8291557519822246e-19, nan 
-33.375, 74.375, 2.6617311329360784e-19, nan 
-33.125, 74.375, 2.1419107439590717e-19, nan 
-32.875, 74.375, 1.2125169614131698e-19, nan 
-32.625, 74.375, 3.7237175468917537e-19, nan 
-32.375, 74.375, 3.6503770346611632e-19, nan 
-32.125, 74.375, 2.899852245797223e-19, nan 
-31.875, 74.375, 2.778327232853885e-19, nan 
-31.625, 74.375, 2.826299239434071e-19, nan 
-31.375, 74.375, 2.8351015708294807e-19, nan 
-31.125, 74.375, 1.9102694191321264e-19, nan 
-30.875, 74.375, 1.4534588927328934e-19, nan 
-30.625, 74.375, 6.172406840125613e-20, nan 
-30.375, 74.375, 1.2059423053747737e-19, nan 
-30.125, 74.375, 1.633403570393964e-19, nan 
-29.875, 74.375, 1.0828595698579781e-19, nan 
-29.625, 74.375, 1.760922578890076e-19, nan 
-29.375, 74.375, 1.7576273050026568e-19, nan 
-29.125, 74.375, 1.0168663806985387e-19, nan 
-28.875, 74.375, 1.8626290941772352e-19, nan 
-28.625, 74.375, 2.4102019334372946e-19, nan 
-28.375, 74.375, 2.228378381638185e-19, nan 
-28.125, 74.375, 1.7200063314621921e-19, nan 
-27.875, 74.375, 2.265333061753577e-19, nan 
-27.625, 74.375, 2.7484989323345607e-19, nan 
-27.375, 74.375, 3.1130180414371277e-19, nan 
-27.125, 74.375, 2.1564169480543775e-19, nan 
-26.875, 74.375, 2.1635626796977178e-19, nan 
-26.625, 74.375, 3.25143303611816e-19, nan 
-26.375, 74.375, 1.9837298615795108e-19, nan 
-26.125, 74.375, 1.0354532782034332e-19, nan 
-25.875, 74.375, 2.445753849230859e-19, nan 
-25.625, 74.375, 2.5218462280171803e-19, nan 
-25.375, 74.375, 2.4934978532259723e-19, nan 
-25.125, 74.375, 3.179420837256163e-19, nan 
-24.875, 74.375, 3.5130335875820623e-19, nan 
-24.625, 74.375, 3.521648853287298e-19, nan 
-24.375, 74.375, 2.5367977810851927e-19, nan 
-24.125, 74.375, 2.4109264606213627e-19, nan 
-23.875, 74.375, 2.8306685011546667e-19, nan 
-23.625, 74.375, 1.3995222649308095e-19, nan 
-23.375, 74.375, 1.1814259556185026e-19, nan 
-23.125, 74.375, 1.157968347603225e-19, nan 
-22.875, 74.375, 6.762124171388576e-20, nan 
-22.625, 74.375, 1.1124988851157176e-19, nan 
-22.375, 74.375, 1.4347057473471865e-19, nan 
-22.125, 74.375, 1.1739153320343693e-19, nan 
-21.875, 74.375, 7.95038077081561e-20, nan 
-21.625, 74.375, 2.0475356358144814e-19, nan 
-21.375, 74.375, 2.351684575051534e-19, nan 
-21.125, 74.375, 9.504365192543963e-20, nan 
-20.875, 74.375, 3.0447419270869716e-19, nan 
-20.625, 74.375, 3.428588026844279e-19, nan 
-20.375, 74.375, 1.7001760422344197e-19, nan 
-20.125, 74.375, 1.5766177513072862e-19, nan 
-19.875, 74.375, 1.9523659009103505e-19, nan 
-19.625, 74.375, 1.5054757150922198e-19, nan 
-19.375, 74.375, 8.201842818934492e-20, nan 
-19.125, 74.375, 7.455443279961742e-20, nan 
-18.875, 74.375, 8.586637794831055e-20, nan 
-18.625, 74.375, 5.755053137206868e-20, nan 
-18.375, 74.375, 6.066647369456727e-20, nan 
-18.125, 74.375, 4.8533714763238664e-20, nan 
-17.875, 74.375, 3.5072667547482054e-20, nan 
-17.625, 74.375, 4.1082396409467544e-20, nan 
-17.375, 74.375, 5.483070450028503e-20, nan 
-17.125, 74.375, 4.534007845971435e-20, nan 
-16.875, 74.375, 7.79908401907508e-20, nan 
-16.625, 74.375, 5.543921435775862e-20, nan 
-16.375, 74.375, 9.024032319798328e-20, nan 
-16.125, 74.375, 7.523806601201242e-20, nan 
-15.875, 74.375, 5.893605381005674e-20, nan 
-15.625, 74.375, 5.09758782982015e-20, nan 
-15.375, 74.375, 1.0002981059047021e-19, nan 
-15.125, 74.375, 1.7614853891442907e-19, nan 
-14.875, 74.375, 2.3818257824847813e-19, nan 
-14.625, 74.375, 1.864520708183797e-19, nan 
-14.375, 74.375, 2.13553140633552e-19, nan 
-14.125, 74.375, 2.636861644655053e-19, nan 
-13.875, 74.375, 1.8435727226449757e-19, nan 
-13.625, 74.375, 2.309395978168574e-19, nan 
-13.375, 74.375, 7.367468778604386e-19, nan 
-13.125, 74.375, 8.451509921855233e-19, nan 
-12.875, 74.375, 8.45286798888345e-19, nan 
-12.625, 74.375, 6.078563960752771e-19, nan 
-12.375, 74.375, 7.871855478592426e-20, nan 
-12.125, 74.375, 6.600427478257639e-20, nan 
-11.875, 74.375, 1.0145763916105124e-19, nan 
-11.625, 74.375, 1.0656317689068282e-19, nan 
-11.375, 74.375, 1.08740435758716e-19, nan 
-11.125, 74.375, 5.538625474713575e-20, nan 
-10.875, 74.375, 4.8212240363103715e-20, nan 
-10.625, 74.375, 4.704787162524867e-20, nan 
-10.375, 74.375, 3.233901209380333e-20, nan 
-10.125, 74.375, 2.2522574373375684e-20, nan 
-9.875, 74.375, 2.6790158502079833e-20, nan 
-9.625, 74.375, 4.0606851385710044e-20, nan 
-9.375, 74.375, 2.950325837035799e-20, nan 
-9.125, 74.375, 1.563707951067702e-20, nan 
-8.875, 74.375, 1.754324426782166e-20, nan 
-8.625, 74.375, 1.6790311256381432e-20, nan 
-8.375, 74.375, 2.0029984639030073e-20, nan 
-8.125, 74.375, 3.512045070039889e-20, nan 
-7.875, 74.375, 1.9249679502655005e-20, nan 
-7.625, 74.375, 2.3751531714485055e-20, nan 
-7.375, 74.375, 2.690513004077034e-20, nan 
-7.125, 74.375, 1.662913098569472e-20, nan 
-6.875, 74.375, 1.2755608254534423e-20, nan 
-6.625, 74.375, 1.2651432888005272e-20, nan 
-6.375, 74.375, 1.1019158084440167e-20, nan 
-6.125, 74.375, 1.32459149421303e-20, nan 
-5.875, 74.375, 1.5889553011706526e-20, nan 
-5.625, 74.375, 2.2705439212190132e-20, nan 
-5.375, 74.375, 1.7361779463790863e-20, nan 
-5.125, 74.375, 1.7640278314145366e-20, nan 
-4.875, 74.375, 1.7235713789607998e-20, nan 
-4.625, 74.375, 1.495687009554952e-20, nan 
-4.375, 74.375, 1.3435258458632637e-20, nan 
-4.125, 74.375, 9.325958937959623e-21, nan 
-3.875, 74.375, 1.1442834453127728e-20, nan 
-3.625, 74.375, 5.7153204454246356e-21, nan 
-3.375, 74.375, 4.659004322207229e-21, nan 
-3.125, 74.375, 2.0998678435499877e-21, nan 
-2.875, 74.375, 5.249152323217898e-21, nan 
-2.625, 74.375, 6.629311701969087e-21, nan 
-2.375, 74.375, 5.3275443203538306e-21, nan 
-2.125, 74.375, 6.17893448813252e-21, nan 
-1.875, 74.375, 6.107193029991628e-21, nan 
-1.625, 74.375, 4.268946034362089e-21, nan 
-1.375, 74.375, 4.647429610329167e-21, nan 
-1.125, 74.375, 6.753606351900316e-21, nan 
-0.875, 74.375, 1.1231149381827603e-20, nan 
-0.625, 74.375, 1.1039839411447129e-20, nan 
-0.375, 74.375, 7.723887760966944e-21, nan 
-0.125, 74.375, 1.1387543757630549e-20, nan 
0.125, 74.375, 1.0961879698427455e-20, nan 
0.375, 74.375, 7.034162296665625e-21, nan 
0.625, 74.375, 7.175633787762169e-21, nan 
0.875, 74.375, 2.2824517290101206e-21, nan 
1.125, 74.375, 5.646393245368874e-21, nan 
1.375, 74.375, 6.585478006207514e-21, nan 
1.625, 74.375, 5.6855946024394374e-21, nan 
1.875, 74.375, 5.257598212596238e-21, nan 
2.125, 74.375, 6.796114131766277e-21, nan 
2.375, 74.375, 5.9330430872989636e-21, nan 
2.625, 74.375, 3.946440780265572e-21, nan 
2.875, 74.375, 3.4719336048933134e-21, nan 
3.125, 74.375, 3.957392737407215e-21, nan 
3.375, 74.375, 2.371019153842134e-21, nan 
3.625, 74.375, 2.8912265071898835e-21, nan 
3.875, 74.375, 3.643937954357666e-21, nan 
4.125, 74.375, 3.3009147602355336e-21, nan 
4.375, 74.375, 2.0351360250272565e-21, nan 
4.625, 74.375, 1.5640736476921552e-21, nan 
4.875, 74.375, 9.353601258013619e-22, nan 
5.125, 74.375, 7.729851635125717e-22, nan 
5.375, 74.375, 1.676185990570644e-21, nan 
5.625, 74.375, 3.51963172545429e-21, nan 
5.875, 74.375, 3.945618892050878e-21, nan 
6.125, 74.375, 4.058648407675962e-21, nan 
6.375, 74.375, 2.756756286651118e-21, nan 
6.625, 74.375, 3.460076496035397e-21, nan 
6.875, 74.375, 3.738312151598927e-21, nan 
7.125, 74.375, 1.458588988410025e-21, nan 
7.375, 74.375, 1.0127270099915325e-21, nan 
7.625, 74.375, 1.0000101512807005e-21, nan 
7.875, 74.375, 8.360781602270452e-22, nan 
8.125, 74.375, 1.173705159850715e-21, nan 
8.375, 74.375, 1.895540352500357e-21, nan 
8.625, 74.375, 1.902220840445911e-21, nan 
8.875, 74.375, 1.1451179689037792e-21, nan 
9.125, 74.375, 1.7373067525463748e-21, nan 
9.375, 74.375, 1.7832879796767066e-21, nan 
9.625, 74.375, 1.1472891420337715e-21, nan 
9.875, 74.375, 6.560380917340971e-22, nan 
10.125, 74.375, 8.852135304763002e-22, nan 
10.375, 74.375, 3.343831025938996e-22, nan 
10.625, 74.375, 6.393483445461091e-22, nan 
10.875, 74.375, 1.4156527328803594e-21, nan 
11.125, 74.375, 1.421285713719836e-21, nan 
11.375, 74.375, 1.1468073666180479e-21, nan 
11.625, 74.375, 9.65179548668338e-22, nan 
11.875, 74.375, 1.1490596715620076e-21, nan 
12.125, 74.375, 1.1326874294140133e-21, nan 
12.375, 74.375, 1.752026925498009e-21, nan 
12.625, 74.375, 1.5424056719807546e-21, nan 
12.875, 74.375, 1.2609165939278653e-21, nan 
13.125, 74.375, 1.9638039981722105e-21, nan 
13.375, 74.375, 1.820185942633478e-21, nan 
13.625, 74.375, 1.068884834873639e-21, nan 
13.875, 74.375, 8.907748237054569e-22, nan 
14.125, 74.375, 9.56499476925957e-22, nan 
14.375, 74.375, 2.076537363259427e-22, nan 
14.625, 74.375, 3.860453740219089e-22, nan 
14.875, 74.375, 5.189034070258937e-22, nan 
15.125, 74.375, 3.902731499908413e-22, nan 
15.375, 74.375, 6.811916008552202e-22, nan 
15.625, 74.375, 5.491768427551715e-22, nan 
15.875, 74.375, 3.351111178285327e-22, nan 
16.125, 74.375, 7.246716568278733e-22, nan 
16.375, 74.375, 3.2282592570843917e-22, nan 
16.625, 74.375, 2.991495975494349e-22, nan 
16.875, 74.375, 4.806778598393014e-22, nan 
17.125, 74.375, 4.845209288851637e-22, nan 
17.375, 74.375, 4.899521383422575e-22, nan 
17.625, 74.375, 6.188668323469035e-22, nan 
17.875, 74.375, 5.761715062033735e-22, nan 
18.125, 74.375, 5.610472681267543e-22, nan 
18.375, 74.375, 4.439100319591987e-22, nan 
18.625, 74.375, 5.019144430378593e-22, nan 
18.875, 74.375, 1.4972575781659273e-22, nan 
19.125, 74.375, 1.8020248611103697e-22, nan 
19.375, 74.375, 2.8640991322453757e-22, nan 
19.625, 74.375, 2.4549174304673148e-22, nan 
19.875, 74.375, 1.483045473404243e-22, nan 
20.125, 74.375, 1.5488181299302095e-22, nan 
20.375, 74.375, 2.276707803843132e-22, nan 
20.625, 74.375, 1.876550125498596e-22, nan 
20.875, 74.375, 1.3500271074613893e-22, nan 
21.125, 74.375, 1.3666785546946238e-22, nan 
21.375, 74.375, 2.497040032652902e-22, nan 
21.625, 74.375, 2.521720521530317e-22, nan 
21.875, 74.375, 2.873563840198996e-22, nan 
22.125, 74.375, 2.223292887864484e-22, nan 
22.375, 74.375, 2.177498062764707e-22, nan 
22.625, 74.375, 2.4831697023734617e-22, nan 
22.875, 74.375, 1.7211042727389575e-22, nan 
23.125, 74.375, 1.4080951286294098e-22, nan 
23.375, 74.375, 1.4551856999183216e-22, nan 
23.625, 74.375, 1.8689310665606484e-22, nan 
23.875, 74.375, 2.5470889713670726e-22, nan 
24.125, 74.375, 1.457320491928883e-22, nan 
24.375, 74.375, 1.48616585726223e-22, nan 
24.625, 74.375, 1.546735050748821e-22, nan 
24.875, 74.375, 1.0244538958550514e-22, nan 
25.125, 74.375, 9.727190794126199e-23, nan 
25.375, 74.375, 1.179248674927642e-22, nan 
25.625, 74.375, 1.1879753988338718e-22, nan 
25.875, 74.375, 1.3129735145922514e-22, nan 
26.125, 74.375, 9.332882132056333e-23, nan 
26.375, 74.375, 7.111839264689908e-23, nan 
26.625, 74.375, 1.1458209066537936e-22, nan 
26.875, 74.375, 9.025366430987957e-23, nan 
27.125, 74.375, 4.000523028241047e-23, nan 
27.375, 74.375, 1.08841160250521e-22, nan 
27.625, 74.375, 9.229072393480376e-23, nan 
27.875, 74.375, 5.2003713187520197e-23, nan 
28.125, 74.375, 7.825890473381794e-23, nan 
28.375, 74.375, 6.23946659270897e-23, nan 
28.625, 74.375, 1.3871312024504619e-22, nan 
28.875, 74.375, 4.909701564455108e-23, nan 
29.125, 74.375, 8.25342780935759e-23, nan 
29.375, 74.375, 1.60426287694245e-22, nan 
29.625, 74.375, 6.745286378518535e-23, nan 
29.875, 74.375, 7.940255716516214e-23, nan 
30.125, 74.375, 4.076845252384747e-23, nan 
30.375, 74.375, 5.516855696880304e-23, nan 
30.625, 74.375, 1.05182458506687e-22, nan 
30.875, 74.375, 6.397355934309939e-23, nan 
31.125, 74.375, 9.042959189164086e-23, nan 
31.375, 74.375, 8.55754804096257e-23, nan 
31.625, 74.375, 7.357201602929668e-23, nan 
31.875, 74.375, 6.477709814329392e-23, nan 
32.125, 74.375, 1.0865750320741449e-22, nan 
32.375, 74.375, 1.0975542832230115e-22, nan 
32.625, 74.375, 1.0591690101814742e-22, nan 
32.875, 74.375, 9.73158673749642e-23, nan 
33.125, 74.375, 6.807792982045418e-23, nan 
33.375, 74.375, 8.09464527093466e-23, nan 
33.625, 74.375, 8.878875613304669e-23, nan 
33.875, 74.375, 1.2515261182167737e-22, nan 
34.125, 74.375, 1.717907318057788e-22, nan 
34.375, 74.375, 1.8518424152171916e-22, nan 
34.625, 74.375, 1.7099059410642944e-22, nan 
34.875, 74.375, 1.6129561988385562e-22, nan 
35.125, 74.375, 1.7079388729114325e-22, nan 
35.375, 74.375, 1.603713181584223e-22, nan 
35.625, 74.375, 9.744170778492676e-23, nan 
35.875, 74.375, 8.258818952606299e-23, nan 
36.125, 74.375, 7.971385423260859e-23, nan 
36.375, 74.375, 8.181351346766812e-23, nan 
36.625, 74.375, 9.544195016790816e-23, nan 
36.875, 74.375, 8.400508284611129e-23, nan 
37.125, 74.375, 6.507322200967469e-23, nan 
37.375, 74.375, 6.692263961941661e-23, nan 
37.625, 74.375, 6.355730247605848e-23, nan 
37.875, 74.375, 7.138097021896611e-23, nan 
38.125, 74.375, 7.324017156199324e-23, nan 
38.375, 74.375, 6.435818971786157e-23, nan 
38.625, 74.375, 9.859760052210562e-23, nan 
38.875, 74.375, 9.898554745442341e-23, nan 
39.125, 74.375, 6.824023247337258e-23, nan 
39.375, 74.375, 6.375341807877918e-23, nan 
39.625, 74.375, 4.0939708766174294e-23, nan 
39.875, 74.375, 2.697296862273797e-23, nan 
40.125, 74.375, 2.187565163408428e-23, nan 
40.375, 74.375, 2.3689257974494283e-23, nan 
40.625, 74.375, 2.865664277846079e-23, nan 
40.875, 74.375, 2.36384564206451e-23, nan 
41.125, 74.375, 8.186888469335971e-23, nan 
41.375, 74.375, 1.807916730965312e-23, nan 
41.625, 74.375, 3.641062929794355e-23, nan 
41.875, 74.375, 2.376566284589521e-23, nan 
42.125, 74.375, 1.3687253290040025e-23, nan 
42.375, 74.375, 6.758170496827585e-23, nan 
42.625, 74.375, 1.9788708299835142e-23, nan 
42.875, 74.375, 2.0228555683170517e-23, nan 
43.125, 74.375, 4.445833437826848e-23, nan 
43.375, 74.375, 6.480823125837919e-23, nan 
43.625, 74.375, 5.784622310239984e-23, nan 
43.875, 74.375, 4.0957092284653635e-23, nan 
44.125, 74.375, 3.6563902561242776e-23, nan 
44.375, 74.375, 2.875766100746038e-23, nan 
44.625, 74.375, 3.1843583721671445e-23, nan 
44.875, 74.375, 2.8054536650055437e-23, nan 
45.125, 74.375, 2.632415242158691e-23, nan 
45.375, 74.375, 2.5768739235780484e-23, nan 
45.625, 74.375, 1.9089269236596932e-23, nan 
45.875, 74.375, 1.333156160755468e-23, nan 
46.125, 74.375, 1.6868207831012485e-23, nan 
46.375, 74.375, 1.4590408289087022e-23, nan 
46.625, 74.375, 8.577652418691771e-24, nan 
46.875, 74.375, 1.6181989496434154e-23, nan 
47.125, 74.375, 2.6443431795943168e-23, nan 
47.375, 74.375, 3.081740547430028e-23, nan 
47.625, 74.375, 3.3350163093546335e-23, nan 
47.875, 74.375, 3.860922024836079e-23, nan 
48.125, 74.375, 3.512296653641075e-23, nan 
48.375, 74.375, 3.3360997738341516e-23, nan 
48.625, 74.375, 3.633953017908875e-23, nan 
48.875, 74.375, 1.9663747311451445e-23, nan 
49.125, 74.375, 1.7582464948808193e-23, nan 
49.375, 74.375, 1.4079336887001624e-23, nan 
49.625, 74.375, 1.661162617327865e-23, nan 
49.875, 74.375, 9.653277711216705e-24, nan 
50.125, 74.375, 9.582553755930267e-24, nan 
50.375, 74.375, 1.3534407219783028e-23, nan 
50.625, 74.375, 1.5915836840672445e-23, nan 
50.875, 74.375, 1.0298684076265792e-23, nan 
51.125, 74.375, 1.4611538732269994e-23, nan 
51.375, 74.375, 2.0375010601540813e-23, nan 
51.625, 74.375, 1.4201372897039203e-23, nan 
51.875, 74.375, 1.0864043455622881e-23, nan 
52.125, 74.375, 8.729401712512112e-24, nan 
52.375, 74.375, 9.974656589934612e-24, nan 
52.625, 74.375, 1.504849172519905e-23, nan 
52.875, 74.375, 2.129208718770118e-23, nan 
53.125, 74.375, 1.0801890721759036e-23, nan 
53.375, 74.375, 1.6940219384349877e-23, nan 
53.625, 74.375, 3.001834279676444e-23, nan 
53.875, 74.375, 1.0604565193015681e-23, nan 
54.125, 74.375, 2.019918506014098e-23, nan 
54.375, 74.375, 1.6931377602599966e-23, nan 
54.625, 74.375, 1.2056199721652084e-23, nan 
54.875, 74.375, 1.0831003458744967e-23, nan 
55.125, 74.375, 1.2408833707182213e-23, nan 
55.375, 74.375, 1.392950767603483e-23, nan 
55.625, 74.375, 9.188141600797083e-24, nan 
55.875, 74.375, 1.549748802893841e-23, nan 
56.125, 74.375, 1.6268643368677287e-23, nan 
56.375, 74.375, 1.7973131238307424e-23, nan 
56.625, 74.375, 1.6351808020286934e-23, nan 
56.875, 74.375, 2.271422507623832e-23, nan 
57.125, 74.375, 2.2746869573359752e-23, nan 
57.375, 74.375, 2.539821349093452e-23, nan 
57.625, 74.375, 2.2808065099403151e-23, nan 
57.875, 74.375, 1.7256691517673558e-23, nan 
58.125, 74.375, 1.9299067938388018e-23, nan 
58.375, 74.375, 1.5048349933870972e-23, nan 
58.625, 74.375, 1.1485072074793111e-23, nan 
58.875, 74.375, 9.828716005846303e-24, nan 
59.125, 74.375, 1.3304741406383847e-23, nan 
59.375, 74.375, 1.1675048494084406e-23, nan 
59.625, 74.375, 1.1346612743207608e-23, nan 
59.875, 74.375, 5.848031642553921e-24, nan 
60.125, 74.375, 7.796119973097568e-24, nan 
60.375, 74.375, 7.7367317520586e-24, nan 
60.625, 74.375, 6.798781510986141e-24, nan 
60.875, 74.375, 6.091786539629471e-24, nan 
61.125, 74.375, 7.112451228305195e-24, nan 
61.375, 74.375, 7.911854938860408e-24, nan 
61.625, 74.375, 6.449113670535036e-24, nan 
61.875, 74.375, 9.797619779595979e-24, nan 
62.125, 74.375, 8.092384907146768e-24, nan 
62.375, 74.375, 6.318371137914973e-24, nan 
62.625, 74.375, 6.352719631863347e-24, nan 
62.875, 74.375, 8.764559415182902e-24, nan 
63.125, 74.375, 6.5415975382942124e-24, nan 
63.375, 74.375, 7.081418074218803e-24, nan 
63.625, 74.375, 5.380412079082448e-24, nan 
63.875, 74.375, 6.86748853699537e-24, nan 
64.125, 74.375, 6.940479790731958e-24, nan 
64.375, 74.375, 8.4482128794766e-24, nan 
64.625, 74.375, 1.4780490673518082e-23, nan 
64.875, 74.375, 2.0010466315103942e-23, nan 
65.125, 74.375, 1.354876373558898e-23, nan 
65.375, 74.375, 1.517638457926323e-23, nan 
65.625, 74.375, 1.8488678880790824e-23, nan 
65.875, 74.375, 9.460726216656225e-24, nan 
66.125, 74.375, 6.794684433318467e-24, nan 
66.375, 74.375, 7.073440785709271e-24, nan 
66.625, 74.375, 3.347878283881531e-24, nan 
66.875, 74.375, 3.008084736630023e-23, nan 
67.125, 74.375, 3.6376430218211485e-23, nan 
67.375, 74.375, 1.3426718982937944e-23, nan 
67.625, 74.375, 7.480321938686346e-24, nan 
67.875, 74.375, 7.70359627294053e-24, nan 
68.125, 74.375, 7.540432641907221e-24, nan 
68.375, 74.375, 7.619534178364564e-24, nan 
68.625, 74.375, 5.5477870184563275e-24, nan 
68.875, 74.375, 5.067245546629517e-24, nan 
69.125, 74.375, 7.408552598665703e-24, nan 
69.375, 74.375, 8.680194350631909e-24, nan 
69.625, 74.375, 1.1403143255803222e-23, nan 
69.875, 74.375, 1.2019687877548777e-23, nan 
70.125, 74.375, 1.2392203182511541e-23, nan 
70.375, 74.375, 1.0878753810354306e-23, nan 
70.625, 74.375, 9.494914563516096e-24, nan 
70.875, 74.375, 9.179275337137029e-24, nan 
71.125, 74.375, 8.897137204591763e-24, nan 
71.375, 74.375, 7.09776686157214e-24, nan 
71.625, 74.375, 6.028548879589458e-24, nan 
71.875, 74.375, 1.0380993284973872e-23, nan 
72.125, 74.375, 1.2138296821486608e-23, nan 
72.375, 74.375, 4.661351005285511e-24, nan 
72.625, 74.375, 4.5015111070167115e-24, nan 
72.875, 74.375, 4.583515625335326e-24, nan 
73.125, 74.375, 4.440794069398846e-24, nan 
73.375, 74.375, 4.9604782270613806e-24, nan 
73.625, 74.375, 5.245728897792259e-24, nan 
73.875, 74.375, 3.628171786878383e-24, nan 
74.125, 74.375, 4.390216096012919e-24, nan 
74.375, 74.375, 3.0387859033520284e-24, nan 
74.625, 74.375, 2.0625828822460685e-24, nan 
74.875, 74.375, 3.922424877502815e-24, nan 
75.125, 74.375, 4.755010274122488e-24, nan 
75.375, 74.375, 6.0591573537061495e-24, nan 
75.625, 74.375, 6.320098440861255e-24, nan 
75.875, 74.375, 8.073231915622982e-24, nan 
76.125, 74.375, 8.73909957922619e-24, nan 
76.375, 74.375, 8.19159568710401e-24, nan 
76.625, 74.375, 6.926031807894108e-24, nan 
76.875, 74.375, 2.3642472666885208e-23, nan 
77.125, 74.375, 2.3697372632410867e-23, nan 
77.375, 74.375, 2.3103150061147643e-23, nan 
77.625, 74.375, 3.007891315735678e-23, nan 
77.875, 74.375, 2.8913651310658814e-23, nan 
78.125, 74.375, 2.751074157426139e-23, nan 
78.375, 74.375, 2.2424214236722136e-23, nan 
78.625, 74.375, 2.5241936472874862e-23, nan 
78.875, 74.375, 2.8532014466899935e-23, nan 
79.125, 74.375, 2.3320630933968306e-23, nan 
79.375, 74.375, 2.134728143490345e-23, nan 
79.625, 74.375, 2.3083700939883364e-23, nan 
79.875, 74.375, 1.0285407588050959e-23, nan 
80.125, 74.375, 6.466440453535583e-24, nan 
80.375, 74.375, 4.786567265575427e-24, nan 
80.625, 74.375, 3.6885259748063364e-24, nan 
80.875, 74.375, 9.064570504796131e-24, nan 
81.125, 74.375, 1.148446159045483e-23, nan 
81.375, 74.375, 3.5538338935348744e-24, nan 
81.625, 74.375, 2.608691674758628e-24, nan 
81.875, 74.375, 2.1054279514675796e-24, nan 
82.125, 74.375, 2.2648965450199388e-24, nan 
82.375, 74.375, 3.5610494080198175e-24, nan 
82.625, 74.375, 2.83107165540364e-24, nan 
82.875, 74.375, 2.944647770622749e-24, nan 
83.125, 74.375, 3.534850054698411e-24, nan 
83.375, 74.375, 2.88128508870593e-24, nan 
83.625, 74.375, 4.318182596258334e-24, nan 
83.875, 74.375, 6.588592339959084e-24, nan 
84.125, 74.375, 5.776730266389633e-24, nan 
84.375, 74.375, 7.723925709708198e-24, nan 
84.625, 74.375, 1.039921208097305e-23, nan 
84.875, 74.375, 8.997896677136613e-24, nan 
85.125, 74.375, 9.189826124393978e-24, nan 
85.375, 74.375, 1.3569626526567774e-23, nan 
85.625, 74.375, 1.2873629187556161e-23, nan 
85.875, 74.375, 6.06840319915172e-24, nan 
86.125, 74.375, 8.896331535013493e-24, nan 
86.375, 74.375, 7.409265177267533e-24, nan 
86.625, 74.375, 3.1720963035133765e-24, nan 
86.875, 74.375, 2.7195701030254585e-24, nan 
87.125, 74.375, 1.9655114609164464e-24, nan 
87.375, 74.375, 2.4758311266100126e-24, nan 
87.625, 74.375, 3.249202382310407e-24, nan 
87.875, 74.375, 5.142590890651943e-24, nan 
88.125, 74.375, 3.2774950304444376e-24, nan 
88.375, 74.375, 5.531729132001585e-24, nan 
88.625, 74.375, 5.998812665328926e-24, nan 
88.875, 74.375, 3.2010340926527426e-24, nan 
89.125, 74.375, 3.7455570141651345e-24, nan 
89.375, 74.375, 3.521939515552764e-24, nan 
89.625, 74.375, 2.46863423081432e-24, nan 
89.875, 74.375, 3.3345933609901e-24, nan 
90.125, 74.375, 1.9831314955144515e-24, nan 
90.375, 74.375, 3.423514685994977e-24, nan 
90.625, 74.375, 4.889069131046814e-24, nan 
90.875, 74.375, 3.135969412847347e-24, nan 
91.125, 74.375, 3.0387317368741286e-24, nan 
91.375, 74.375, 3.0202407400787704e-24, nan 
91.625, 74.375, 2.527160419828004e-24, nan 
91.875, 74.375, 3.026270050083981e-24, nan 
92.125, 74.375, 2.2593724912448096e-24, nan 
92.375, 74.375, 1.9774388026203327e-24, nan 
92.625, 74.375, 2.500265192590824e-24, nan 
92.875, 74.375, 2.2614769619924105e-24, nan 
93.125, 74.375, 1.6622197650855944e-24, nan 
93.375, 74.375, 2.0382479242615983e-24, nan 
93.625, 74.375, 1.1570744207597874e-24, nan 
93.875, 74.375, 2.796422696308268e-24, nan 
94.125, 74.375, 2.149603264816628e-24, nan 
94.375, 74.375, 1.2882055859116038e-24, nan 
94.625, 74.375, 2.2162009817660145e-24, nan 
94.875, 74.375, 3.0301322374828187e-24, nan 
95.125, 74.375, 1.7448250877373615e-23, nan 
95.375, 74.375, 1.6730970470582533e-23, nan 
95.625, 74.375, 7.706009148972663e-24, nan 
95.875, 74.375, 5.9028312003317715e-24, nan 
96.125, 74.375, 5.1751029091922756e-24, nan 
96.375, 74.375, 1.8242004759585624e-23, nan 
96.625, 74.375, 1.710663874842324e-23, nan 
96.875, 74.375, 1.11711441628641e-23, nan 
97.125, 74.375, 2.5866584393535616e-23, nan 
97.375, 74.375, 2.3115548519461873e-23, nan 
97.625, 74.375, 1.5296826749407502e-23, nan 
97.875, 74.375, 1.3110690938603753e-23, nan 
98.125, 74.375, 1.4779385008245117e-23, nan 
98.375, 74.375, 1.40830471893794e-23, nan 
98.625, 74.375, 1.3027483428917408e-23, nan 
98.875, 74.375, 9.405724110794117e-24, nan 
99.125, 74.375, 9.628749288833173e-24, nan 
99.375, 74.375, 8.032977349813321e-24, nan 
99.625, 74.375, 4.7230498646997475e-24, nan 
99.875, 74.375, 2.155783027981599e-24, nan 
100.125, 74.375, 4.4917036505374476e-24, nan 
100.375, 74.375, 5.0521295862054384e-24, nan 
100.625, 74.375, 3.005826964327386e-24, nan 
100.875, 74.375, 4.30171492653506e-24, nan 
101.125, 74.375, 4.159755430538968e-24, nan 
-175.875, 74.625, 1.2715499969822237e-24, nan 
-175.625, 74.625, 1.087997604305336e-24, nan 
-175.375, 74.625, 2.0540092499274066e-24, nan 
-175.125, 74.625, 1.5936222659860003e-24, nan 
-174.875, 74.625, 3.323374857256768e-24, nan 
-174.625, 74.625, 4.179419685024119e-24, nan 
-174.375, 74.625, 1.717923413290499e-24, nan 
-174.125, 74.625, 5.529245706814619e-24, nan 
-173.875, 74.625, 5.537836219738828e-24, nan 
-173.625, 74.625, 4.6135465320614595e-24, nan 
-173.375, 74.625, 3.756161469663784e-24, nan 
-173.125, 74.625, 2.010046797885134e-24, nan 
-172.875, 74.625, 1.371693442860745e-24, nan 
-172.625, 74.625, 3.334428992687825e-24, nan 
-172.375, 74.625, 3.636900931311539e-24, nan 
-172.125, 74.625, 3.480114136168974e-24, nan 
-171.875, 74.625, 3.2938461637870147e-24, nan 
-171.625, 74.625, 3.72578130035392e-24, nan 
-171.375, 74.625, 3.765781477683513e-24, nan 
-171.125, 74.625, 2.1605036311349726e-24, nan 
-170.875, 74.625, 1.4293632684214501e-24, nan 
-170.625, 74.625, 2.1698791811776335e-24, nan 
-170.375, 74.625, 3.09007435577005e-24, nan 
-170.125, 74.625, 2.166076988047992e-24, nan 
-169.875, 74.625, 2.1240298176282616e-24, nan 
-169.625, 74.625, 1.917685684015007e-24, nan 
-169.375, 74.625, 2.4270739089066862e-24, nan 
-169.125, 74.625, 2.1672084893510243e-24, nan 
-168.875, 74.625, 3.474691587502856e-24, nan 
-168.625, 74.625, 4.72617911146348e-24, nan 
-168.375, 74.625, 7.506905778752806e-24, nan 
-168.125, 74.625, 6.855597724764657e-24, nan 
-167.875, 74.625, 7.894617426509436e-24, nan 
-167.625, 74.625, 7.996094393730409e-24, nan 
-167.375, 74.625, 7.760293094842113e-24, nan 
-167.125, 74.625, 8.112006054938889e-24, nan 
-166.875, 74.625, 4.4876583793823165e-24, nan 
-166.625, 74.625, 4.028618441744992e-24, nan 
-166.375, 74.625, 6.31761428072972e-24, nan 
-166.125, 74.625, 5.575758960812519e-24, nan 
-165.875, 74.625, 6.692740435598806e-24, nan 
-165.625, 74.625, 6.532737168601019e-24, nan 
-165.375, 74.625, 5.915562021353028e-24, nan 
-165.125, 74.625, 5.930428644056185e-24, nan 
-164.875, 74.625, 4.768914252904786e-24, nan 
-164.625, 74.625, 3.775050125090529e-24, nan 
-164.375, 74.625, 3.1220057129943154e-24, nan 
-164.125, 74.625, 2.1104165056063966e-24, nan 
-163.875, 74.625, 1.6189980718756744e-24, nan 
-163.625, 74.625, 1.2544256153848893e-24, nan 
-163.375, 74.625, 1.6201120388567015e-24, nan 
-163.125, 74.625, 1.2626882208707609e-24, nan 
-162.875, 74.625, 1.1929719284380814e-24, nan 
-162.625, 74.625, 2.0397514806283737e-24, nan 
-162.375, 74.625, 1.1215333039937156e-24, nan 
-162.125, 74.625, 1.62931837938431e-24, nan 
-161.875, 74.625, 2.212917816623914e-24, nan 
-161.625, 74.625, 2.061708458605896e-24, nan 
-161.375, 74.625, 2.283955151041419e-24, nan 
-161.125, 74.625, 2.3780557697924467e-24, nan 
-160.875, 74.625, 2.6635540444683607e-24, nan 
-160.625, 74.625, 1.8379903432242963e-24, nan 
-160.375, 74.625, 2.03534314780498e-24, nan 
-160.125, 74.625, 4.042042107459277e-24, nan 
-159.875, 74.625, 2.4953804957419803e-24, nan 
-159.625, 74.625, 1.6740228380633985e-24, nan 
-159.375, 74.625, 2.4941091187658277e-24, nan 
-159.125, 74.625, 2.5595639190261875e-24, nan 
-158.875, 74.625, 2.1318714166949717e-24, nan 
-158.625, 74.625, 1.5554504962931235e-24, nan 
-158.375, 74.625, 2.550502054804182e-24, nan 
-158.125, 74.625, 1.7788403083527253e-24, nan 
-157.875, 74.625, 2.9042746172588706e-24, nan 
-157.625, 74.625, 4.082698959096372e-24, nan 
-157.375, 74.625, 4.079559893731125e-24, nan 
-157.125, 74.625, 2.152589891779621e-24, nan 
-156.875, 74.625, 1.9520191098486805e-24, nan 
-156.625, 74.625, 1.0631296173530213e-24, nan 
-156.375, 74.625, 1.2306993798344076e-24, nan 
-156.125, 74.625, 2.054570569263797e-24, nan 
-155.875, 74.625, 1.3160180279826975e-24, nan 
-155.625, 74.625, 3.768282289789531e-24, nan 
-155.375, 74.625, 3.6485562293670324e-24, nan 
-155.125, 74.625, 2.388812753101604e-24, nan 
-154.875, 74.625, 5.5799450734410124e-24, nan 
-154.625, 74.625, 4.5932460692824625e-24, nan 
-154.375, 74.625, 1.84349849475053e-24, nan 
-154.125, 74.625, 8.758899448342879e-24, nan 
-153.875, 74.625, 6.568047985631901e-24, nan 
-153.625, 74.625, 2.5380956985859945e-24, nan 
-153.375, 74.625, 5.154784890104527e-24, nan 
-153.125, 74.625, 4.8216139756759706e-24, nan 
-152.875, 74.625, 3.378766013049807e-24, nan 
-152.625, 74.625, 4.630055968191508e-24, nan 
-152.375, 74.625, 9.756956609618873e-24, nan 
-152.125, 74.625, 8.940312460973597e-24, nan 
-151.875, 74.625, 1.5778306918068244e-23, nan 
-151.625, 74.625, 1.3674076247991276e-23, nan 
-151.375, 74.625, 1.3716294211346074e-23, nan 
-151.125, 74.625, 2.1455050447209627e-23, nan 
-150.875, 74.625, 1.6406217118258404e-23, nan 
-150.625, 74.625, 2.1799240047699208e-23, nan 
-150.375, 74.625, 1.445352046711945e-23, nan 
-150.125, 74.625, 1.2708218155536482e-23, nan 
-149.875, 74.625, 1.3548389322964162e-23, nan 
-149.625, 74.625, 1.3700624848700995e-23, nan 
-149.375, 74.625, 1.1968291973004446e-23, nan 
-149.125, 74.625, 9.435101729905147e-24, nan 
-148.875, 74.625, 7.332695004387687e-24, nan 
-148.625, 74.625, 4.240396140117525e-24, nan 
-148.375, 74.625, 6.916457455600343e-24, nan 
-148.125, 74.625, 3.608538722972139e-24, nan 
-147.875, 74.625, 4.496316871341837e-24, nan 
-147.625, 74.625, 6.904704315871345e-24, nan 
-147.375, 74.625, 8.553558650650141e-24, nan 
-147.125, 74.625, 7.192340847196433e-24, nan 
-146.875, 74.625, 6.186774065076104e-24, nan 
-146.625, 74.625, 5.555787867008989e-24, nan 
-146.375, 74.625, 4.5214619946418866e-24, nan 
-146.125, 74.625, 1.522688700456887e-24, nan 
-145.875, 74.625, 4.344557989921637e-24, nan 
-145.625, 74.625, 3.6833718356681424e-24, nan 
-145.375, 74.625, 2.0263994220924416e-24, nan 
-145.125, 74.625, 2.985340059952011e-24, nan 
-144.875, 74.625, 2.0938671003078617e-24, nan 
-144.625, 74.625, 3.597420624115189e-24, nan 
-144.375, 74.625, 3.677488589821826e-24, nan 
-144.125, 74.625, 1.8400105554783355e-24, nan 
-143.875, 74.625, 3.2876856250479168e-24, nan 
-143.625, 74.625, 5.870777760956343e-24, nan 
-143.375, 74.625, 1.0005621882346264e-23, nan 
-143.125, 74.625, 7.468177671302127e-24, nan 
-142.875, 74.625, 1.1127594105859491e-23, nan 
-142.625, 74.625, 1.598256084241089e-23, nan 
-142.375, 74.625, 1.1838847424077747e-23, nan 
-142.125, 74.625, 8.738240661792356e-24, nan 
-141.875, 74.625, 9.761433464740543e-24, nan 
-141.625, 74.625, 1.1487801762564815e-23, nan 
-141.375, 74.625, 9.731265323369946e-24, nan 
-141.125, 74.625, 8.934977803562875e-24, nan 
-140.875, 74.625, 1.2256980040524185e-23, nan 
-140.625, 74.625, 1.2036377849041991e-23, nan 
-140.375, 74.625, 8.86153569195122e-24, nan 
-140.125, 74.625, 8.934816681313954e-24, nan 
-139.875, 74.625, 7.475535543454786e-24, nan 
-139.625, 74.625, 6.1551149880853365e-24, nan 
-139.375, 74.625, 7.29111476579321e-24, nan 
-139.125, 74.625, 8.372285412485927e-24, nan 
-138.875, 74.625, 1.357703215758444e-23, nan 
-138.625, 74.625, 1.4465127402786799e-23, nan 
-138.375, 74.625, 1.1296437539392252e-23, nan 
-138.125, 74.625, 1.333258562636484e-23, nan 
-137.875, 74.625, 1.7716733997288338e-23, nan 
-137.625, 74.625, 6.679901511454529e-24, nan 
-137.375, 74.625, 7.983601914866545e-24, nan 
-137.125, 74.625, 1.0336777898372611e-23, nan 
-136.875, 74.625, 1.0349780166620066e-23, nan 
-136.625, 74.625, 9.031556890855948e-24, nan 
-136.375, 74.625, 1.2949174922001898e-23, nan 
-136.125, 74.625, 1.7505677966988133e-23, nan 
-135.875, 74.625, 1.779490581806158e-23, nan 
-135.625, 74.625, 1.9582484165880365e-23, nan 
-135.375, 74.625, 1.7962795599163036e-23, nan 
-135.125, 74.625, 1.4517763835100338e-23, nan 
-134.875, 74.625, 1.25468669215931e-23, nan 
-134.625, 74.625, 1.096964700950741e-23, nan 
-134.375, 74.625, 6.84626610761391e-24, nan 
-134.125, 74.625, 9.415951879163309e-24, nan 
-133.875, 74.625, 1.0951104662723663e-23, nan 
-133.625, 74.625, 1.8292592693251738e-23, nan 
-133.375, 74.625, 1.2342422773533433e-23, nan 
-133.125, 74.625, 2.3976394020336836e-23, nan 
-132.875, 74.625, 2.718894867668919e-23, nan 
-132.625, 74.625, 2.1734212342052435e-23, nan 
-132.375, 74.625, 4.960767772762936e-23, nan 
-132.125, 74.625, 4.4530566140195965e-23, nan 
-131.875, 74.625, 3.695279287619709e-23, nan 
-131.625, 74.625, 3.3312318575058845e-23, nan 
-131.375, 74.625, 3.0267312463498904e-23, nan 
-131.125, 74.625, 3.0015535741326615e-23, nan 
-130.875, 74.625, 1.7703967579916093e-23, nan 
-130.625, 74.625, 2.731566123471149e-23, nan 
-130.375, 74.625, 2.349513669238146e-23, nan 
-130.125, 74.625, 1.8650097158706073e-23, nan 
-129.875, 74.625, 3.2953404030081814e-23, nan 
-129.625, 74.625, 2.37021026691761e-23, nan 
-129.375, 74.625, 2.3454195134259342e-23, nan 
-129.125, 74.625, 1.0916118186713813e-23, nan 
-128.875, 74.625, 1.6651861541567903e-23, nan 
-128.625, 74.625, 1.3232832201735869e-23, nan 
-128.375, 74.625, 1.0418047170274745e-23, nan 
-128.125, 74.625, 1.5072531750289787e-23, nan 
-127.875, 74.625, 9.475771774495835e-24, nan 
-127.625, 74.625, 1.0181604278318137e-23, nan 
-127.375, 74.625, 9.00378639861496e-24, nan 
-127.125, 74.625, 9.011319292742075e-24, nan 
-126.875, 74.625, 1.3322111944819555e-23, nan 
-126.625, 74.625, 1.2552370901136052e-23, nan 
-126.375, 74.625, 1.638025188805099e-23, nan 
-126.125, 74.625, 1.6635540212920014e-23, nan 
-125.875, 74.625, 1.0239807611381694e-23, nan 
-125.625, 74.625, 1.1105307294741241e-23, nan 
-125.375, 74.625, 2.577627413743063e-23, nan 
-125.125, 74.625, 3.2107250915327166e-23, nan 
-124.875, 74.625, 1.9036321499279714e-23, nan 
-124.625, 74.625, 1.4385686022971186e-23, nan 
-124.375, 74.625, 1.4465810491666206e-23, nan 
-124.125, 74.625, 1.2536420230757832e-23, nan 
-123.875, 74.625, 5.147222857642002e-24, nan 
-123.625, 74.625, 8.038937301304292e-24, nan 
-123.375, 74.625, 1.2834458165260905e-23, nan 
-123.125, 74.625, 1.6262895699876402e-23, nan 
-122.875, 74.625, 1.5858606580603778e-23, nan 
-122.625, 74.625, 1.7404690857948533e-23, nan 
-122.375, 74.625, 2.3796629183691957e-23, nan 
-122.125, 74.625, 2.3904099738503617e-23, nan 
-121.875, 74.625, 2.247043190483148e-23, nan 
-121.625, 74.625, 2.6399356717732737e-23, nan 
-121.375, 74.625, 1.7829720258317126e-23, nan 
-121.125, 74.625, 1.263058521208936e-23, nan 
-120.875, 74.625, 2.0210264235204405e-23, nan 
-120.625, 74.625, 1.277147030882163e-23, nan 
-120.375, 74.625, 3.256362657436721e-24, nan 
-120.125, 74.625, 7.776697062087805e-24, nan 
-119.875, 74.625, 1.3519508303882963e-23, nan 
-119.625, 74.625, 4.6184730977737375e-24, nan 
-119.375, 74.625, 8.621491264135799e-24, nan 
-119.125, 74.625, 1.745326895016515e-23, nan 
-118.875, 74.625, 9.254832711968141e-24, nan 
-118.625, 74.625, 6.31215813069675e-24, nan 
-118.375, 74.625, 1.254597687737524e-23, nan 
-118.125, 74.625, 1.6531795270340435e-23, nan 
-117.875, 74.625, 1.390799286740918e-23, nan 
-117.625, 74.625, 7.940138709835935e-24, nan 
-117.375, 74.625, 8.773062354732766e-24, nan 
-117.125, 74.625, 1.047595127819278e-23, nan 
-116.875, 74.625, 3.587501968048813e-24, nan 
-116.625, 74.625, 5.5698627529420505e-24, nan 
-116.375, 74.625, 8.444470807625491e-24, nan 
-116.125, 74.625, 3.0065730125621376e-24, nan 
-115.875, 74.625, 4.8727894919837595e-24, nan 
-115.625, 74.625, 9.831689519741245e-24, nan 
-115.375, 74.625, 1.574264248922316e-23, nan 
-115.125, 74.625, 1.4443842024834006e-23, nan 
-114.875, 74.625, 1.682490134556578e-23, nan 
-114.625, 74.625, 1.98240614118517e-23, nan 
-114.375, 74.625, 2.15509458071852e-23, nan 
-114.125, 74.625, 1.6335633322006242e-23, nan 
-113.875, 74.625, 1.1327279619257103e-23, nan 
-113.625, 74.625, 2.234913643289035e-23, nan 
-113.375, 74.625, 1.906414101443954e-23, nan 
-113.125, 74.625, 2.2203060971238927e-23, nan 
-112.875, 74.625, 4.184277520752622e-23, nan 
-112.625, 74.625, 5.357554234011261e-23, nan 
-112.375, 74.625, 5.073824778048195e-23, nan 
-112.125, 74.625, 7.793823466068188e-23, nan 
-111.875, 74.625, 1.0089693113992093e-22, nan 
-111.625, 74.625, 5.929082805574771e-23, nan 
-111.375, 74.625, 6.035026573444139e-23, nan 
-111.125, 74.625, 1.1506673733965463e-22, nan 
-110.875, 74.625, 1.03042374635917e-22, nan 
-110.625, 74.625, 4.400628096838566e-23, nan 
-110.375, 74.625, 8.567177396730069e-23, nan 
-110.125, 74.625, 1.0487236861350765e-22, nan 
-109.875, 74.625, 4.9044320079580636e-23, nan 
-109.625, 74.625, 3.9347254516612306e-23, nan 
-109.375, 74.625, 4.518032129811365e-23, nan 
-109.125, 74.625, 2.880802548428159e-23, nan 
-108.875, 74.625, 3.509481422763007e-23, nan 
-108.625, 74.625, 3.123460958109383e-23, nan 
-108.375, 74.625, 1.8198469236030202e-23, nan 
-108.125, 74.625, 7.315321881347254e-24, nan 
-107.875, 74.625, 1.3769980996008682e-23, nan 
-107.625, 74.625, 1.0517200615740142e-23, nan 
-107.375, 74.625, 1.537664358143703e-23, nan 
-107.125, 74.625, 1.4670653514621277e-23, nan 
-106.875, 74.625, 1.3631251163304385e-23, nan 
-106.625, 74.625, 2.3967384457192703e-23, nan 
-106.375, 74.625, 2.0361537890077253e-23, nan 
-106.125, 74.625, 1.778711297986851e-23, nan 
-105.875, 74.625, 1.4256997646600875e-23, nan 
-105.625, 74.625, 1.253248297067853e-23, nan 
-105.375, 74.625, 2.8397158794130455e-23, nan 
-105.125, 74.625, 3.9578712209023995e-23, nan 
-104.875, 74.625, 2.545455547955451e-23, nan 
-104.625, 74.625, 2.7790245283165747e-23, nan 
-104.375, 74.625, 5.239824504148565e-23, nan 
-104.125, 74.625, 3.4919355898245947e-23, nan 
-103.875, 74.625, 4.2524084068478345e-23, nan 
-103.625, 74.625, 7.594016091013584e-23, nan 
-103.375, 74.625, 3.387889274660884e-23, nan 
-103.125, 74.625, 3.026787691919574e-23, nan 
-102.875, 74.625, 6.207146097205826e-23, nan 
-102.625, 74.625, 3.9186779627254665e-23, nan 
-102.375, 74.625, 3.03178284941284e-23, nan 
-102.125, 74.625, 3.482634583640521e-23, nan 
-101.875, 74.625, 3.35433038152613e-23, nan 
-101.625, 74.625, 2.777410921270221e-23, nan 
-101.375, 74.625, 1.340869141912834e-23, nan 
-101.125, 74.625, 2.1237139184302053e-23, nan 
-100.875, 74.625, 2.2563455036643128e-23, nan 
-100.625, 74.625, 2.438222483971882e-23, nan 
-100.375, 74.625, 1.8003058979334064e-23, nan 
-100.125, 74.625, 1.0652212613123046e-23, nan 
-99.875, 74.625, 1.3825735532565747e-23, nan 
-99.625, 74.625, 2.0353704166444355e-23, nan 
-99.375, 74.625, 2.3822864379123095e-23, nan 
-99.125, 74.625, 9.053211021740269e-24, nan 
-98.875, 74.625, 1.2066720576552303e-23, nan 
-98.625, 74.625, 2.0507845678310683e-23, nan 
-98.375, 74.625, 1.1985431378329169e-23, nan 
-98.125, 74.625, 2.3363522472670475e-23, nan 
-97.875, 74.625, 3.426339112714232e-23, nan 
-97.625, 74.625, 2.8909692599856056e-23, nan 
-97.375, 74.625, 3.920309652014782e-23, nan 
-97.125, 74.625, 3.984951019556608e-23, nan 
-96.875, 74.625, 3.445382321011661e-23, nan 
-96.625, 74.625, 3.867454677823569e-23, nan 
-96.375, 74.625, 3.677857126232566e-23, nan 
-96.125, 74.625, 2.4219041697400185e-23, nan 
-95.875, 74.625, 1.642762727951653e-23, nan 
-95.625, 74.625, 2.210626189810514e-23, nan 
-95.375, 74.625, 2.141546726174696e-23, nan 
-95.125, 74.625, 3.842230567054819e-23, nan 
-94.875, 74.625, 4.630376762622766e-23, nan 
-94.625, 74.625, 4.2002985938655066e-23, nan 
-94.375, 74.625, 4.0310356899904416e-23, nan 
-94.125, 74.625, 5.166258069879067e-23, nan 
-93.875, 74.625, 5.000165852506312e-23, nan 
-93.625, 74.625, 4.8803836157844677e-23, nan 
-93.375, 74.625, 5.673431140146156e-23, nan 
-93.125, 74.625, 5.365046568572722e-23, nan 
-92.875, 74.625, 4.023905148534633e-23, nan 
-92.625, 74.625, 2.3706554190302075e-23, nan 
-92.375, 74.625, 1.7546845006890832e-23, nan 
-92.125, 74.625, 1.7857472507372147e-23, nan 
-91.875, 74.625, 2.205379978413472e-23, nan 
-91.625, 74.625, 2.3643196192238637e-23, nan 
-91.375, 74.625, 1.0882524329736522e-23, nan 
-91.125, 74.625, 1.7423371320002084e-23, nan 
-90.875, 74.625, 1.7011770704319318e-23, nan 
-90.625, 74.625, 1.2036738738572158e-23, nan 
-90.375, 74.625, 1.9222838838920772e-23, nan 
-90.125, 74.625, 1.7726774470421413e-23, nan 
-89.875, 74.625, 3.1983426485169344e-23, nan 
-89.625, 74.625, 1.1466713217120392e-23, nan 
-89.375, 74.625, 3.083701859170555e-23, nan 
-89.125, 74.625, 6.780838104725599e-23, nan 
-88.875, 74.625, 5.77277656254705e-23, nan 
-88.625, 74.625, 5.0494045234822846e-23, nan 
-88.375, 74.625, 7.906352135245529e-23, nan 
-88.125, 74.625, 7.072605529530045e-23, nan 
-87.875, 74.625, 4.8464147478846167e-23, nan 
-87.625, 74.625, 9.292503727879332e-23, nan 
-87.375, 74.625, 1.2149968625890622e-22, nan 
-87.125, 74.625, 1.0456887723903046e-22, nan 
-86.875, 74.625, 9.715293290180313e-23, nan 
-86.625, 74.625, 1.2753461876337434e-22, nan 
-86.375, 74.625, 1.0437168057120958e-22, nan 
-86.125, 74.625, 1.3921146710426025e-23, nan 
-85.875, 74.625, 5.486112671325455e-23, nan 
-85.625, 74.625, 1.241456656840465e-22, nan 
-85.375, 74.625, 9.484657656429124e-23, nan 
-85.125, 74.625, 1.3049804807911232e-22, nan 
-84.875, 74.625, 2.6557269258424283e-22, nan 
-84.625, 74.625, 1.1931647369015086e-22, nan 
-84.375, 74.625, 9.002383302830385e-23, nan 
-84.125, 74.625, 2.091972643481249e-22, nan 
-83.875, 74.625, 1.5718173349100143e-22, nan 
-83.625, 74.625, 1.0275444335955004e-22, nan 
-83.375, 74.625, 7.191797000340416e-23, nan 
-83.125, 74.625, 6.722100706096399e-23, nan 
-82.875, 74.625, 9.755913572577544e-23, nan 
-82.625, 74.625, 1.0498273409175973e-22, nan 
-82.375, 74.625, 1.3467136665737019e-22, nan 
-82.125, 74.625, 1.1296961892440394e-22, nan 
-81.875, 74.625, 9.149831747123564e-23, nan 
-81.625, 74.625, 1.3632036683021423e-22, nan 
-81.375, 74.625, 1.3527930144509342e-22, nan 
-81.125, 74.625, 1.264503416800259e-22, nan 
-80.875, 74.625, 1.6464573177296268e-22, nan 
-80.625, 74.625, 1.4977466235207578e-22, nan 
-80.375, 74.625, 1.1055971001318365e-22, nan 
-80.125, 74.625, 1.9593602586205561e-22, nan 
-79.875, 74.625, 1.8430758262429035e-22, nan 
-79.625, 74.625, 8.244242955906172e-23, nan 
-79.375, 74.625, 1.2484022840178512e-22, nan 
-79.125, 74.625, 1.0685025029630276e-22, nan 
-78.875, 74.625, 8.614187611610512e-23, nan 
-78.625, 74.625, 1.9619417457137405e-22, nan 
-78.375, 74.625, 2.7898188703944404e-22, nan 
-78.125, 74.625, 2.6291100616296537e-22, nan 
-77.875, 74.625, 2.4521329302010173e-22, nan 
-77.625, 74.625, 2.9574785189047036e-22, nan 
-77.375, 74.625, 3.081135463144996e-22, nan 
-77.125, 74.625, 1.2584424560966616e-22, nan 
-76.875, 74.625, 1.117696165564435e-22, nan 
-76.625, 74.625, 1.1455206711138644e-22, nan 
-76.375, 74.625, 1.1305101972801127e-22, nan 
-76.125, 74.625, 1.619938303753859e-22, nan 
-75.875, 74.625, 1.4324960109502482e-22, nan 
-75.625, 74.625, 1.1935112692035295e-22, nan 
-75.375, 74.625, 1.9725300280909175e-22, nan 
-75.125, 74.625, 2.947377753548364e-22, nan 
-74.875, 74.625, 2.141484953791837e-22, nan 
-74.625, 74.625, 1.1081625319652301e-22, nan 
-74.375, 74.625, 1.67046919716119e-22, nan 
-74.125, 74.625, 9.860489431129031e-23, nan 
-73.875, 74.625, 8.021656289061926e-23, nan 
-73.625, 74.625, 8.9170674981908e-23, nan 
-73.375, 74.625, 7.621535711451049e-23, nan 
-73.125, 74.625, 1.2385723924449445e-22, nan 
-72.875, 74.625, 1.2887922617765848e-22, nan 
-72.625, 74.625, 8.545049591607273e-23, nan 
-72.375, 74.625, 1.4849676304555034e-22, nan 
-72.125, 74.625, 1.707632182650202e-22, nan 
-71.875, 74.625, 1.3305569175441243e-22, nan 
-71.625, 74.625, 1.9702717103640333e-22, nan 
-71.375, 74.625, 1.1951475296712374e-22, nan 
-71.125, 74.625, 2.6047262379958825e-22, nan 
-70.875, 74.625, 3.712535657387741e-22, nan 
-70.625, 74.625, 1.6328532335036768e-22, nan 
-70.375, 74.625, 4.732087898888134e-22, nan 
-70.125, 74.625, 8.698460273938323e-22, nan 
-69.875, 74.625, 7.306224317835649e-22, nan 
-69.625, 74.625, 7.909113380541407e-22, nan 
-69.375, 74.625, 8.501901777853479e-22, nan 
-69.125, 74.625, 2.325521243046728e-21, nan 
-68.875, 74.625, 1.3855900510637926e-21, nan 
-68.625, 74.625, 3.7013014839727155e-22, nan 
-68.375, 74.625, 6.234893524321972e-22, nan 
-68.125, 74.625, 5.259427157655008e-22, nan 
-67.875, 74.625, 4.870956094486704e-22, nan 
-67.625, 74.625, 4.2085506643584613e-22, nan 
-67.375, 74.625, 6.050287370862224e-22, nan 
-67.125, 74.625, 7.838816932785899e-22, nan 
-66.875, 74.625, 5.071326556065693e-22, nan 
-66.625, 74.625, 6.422379723369948e-22, nan 
-66.375, 74.625, 7.418797578221835e-22, nan 
-66.125, 74.625, 3.4289338825058477e-22, nan 
-65.875, 74.625, 2.0611255241598257e-22, nan 
-65.625, 74.625, 1.7388126622704164e-22, nan 
-65.375, 74.625, 2.3142619281517025e-22, nan 
-65.125, 74.625, 2.8547406622588945e-22, nan 
-64.875, 74.625, 2.9446461374505154e-22, nan 
-64.625, 74.625, 3.6139937118086175e-22, nan 
-64.375, 74.625, 3.7866476504515974e-22, nan 
-64.125, 74.625, 4.0582188919520952e-22, nan 
-63.875, 74.625, 4.288551948403316e-22, nan 
-63.625, 74.625, 4.62462502467022e-22, nan 
-63.375, 74.625, 4.821058342236405e-22, nan 
-63.125, 74.625, 4.285236504811325e-22, nan 
-62.875, 74.625, 5.012388148019896e-22, nan 
-62.625, 74.625, 5.636227873538884e-22, nan 
-62.375, 74.625, 5.309714022309781e-22, nan 
-62.125, 74.625, 5.350702209385393e-22, nan 
-61.875, 74.625, 6.758442624611457e-22, nan 
-61.625, 74.625, 3.957724776043475e-22, nan 
-61.375, 74.625, 1.0956234888307209e-21, nan 
-61.125, 74.625, 1.8743548137386338e-21, nan 
-60.875, 74.625, 1.5306895040707029e-21, nan 
-60.625, 74.625, 1.2335272781226328e-21, nan 
-60.375, 74.625, 2.3538979193583225e-21, nan 
-60.125, 74.625, 2.412543792785879e-21, nan 
-59.875, 74.625, 2.0349707039940343e-21, nan 
-59.625, 74.625, 1.996453294794414e-21, nan 
-59.375, 74.625, 2.098598545510333e-21, nan 
-59.125, 74.625, 2.272409687816701e-21, nan 
-58.875, 74.625, 2.228407249427698e-21, nan 
-58.625, 74.625, 2.073865526993133e-21, nan 
-58.375, 74.625, 1.8606972825211857e-21, nan 
-58.125, 74.625, 1.5701027717761633e-21, nan 
-57.875, 74.625, 1.9540896782386704e-21, nan 
-57.625, 74.625, 2.6983203991144292e-21, nan 
-57.375, 74.625, 3.3422035131339172e-21, nan 
-57.125, 74.625, 2.58590609929386e-21, nan 
-56.875, 74.625, 3.175882446122483e-21, nan 
-56.625, 74.625, 2.733423353835456e-21, nan 
-56.375, 74.625, 2.3175554385615023e-21, nan 
-56.125, 74.625, 2.392754668996129e-21, nan 
-55.875, 74.625, 2.8784908687434945e-21, nan 
-55.625, 74.625, 2.9804290980411023e-21, nan 
-55.375, 74.625, 3.433103964325899e-21, nan 
-55.125, 74.625, 3.681697367439366e-21, nan 
-54.875, 74.625, 3.0292455325516027e-21, nan 
-54.625, 74.625, 3.132782705896003e-21, nan 
-54.375, 74.625, 3.25771288825203e-21, nan 
-54.125, 74.625, 2.2334499620125513e-21, nan 
-53.875, 74.625, 5.862753771699687e-21, nan 
-53.625, 74.625, 7.488793609070747e-21, nan 
-53.375, 74.625, 6.545009885076539e-21, nan 
-53.125, 74.625, 8.330451064037533e-21, nan 
-52.875, 74.625, 1.480413813470879e-20, nan 
-52.625, 74.625, 1.517261155799627e-20, nan 
-52.375, 74.625, 1.0688903394274538e-20, nan 
-52.125, 74.625, 9.851312238988708e-21, nan 
-51.875, 74.625, 1.2424087606675845e-20, nan 
-51.625, 74.625, 1.0221264448264857e-20, nan 
-51.375, 74.625, 8.51881779263533e-21, nan 
-51.125, 74.625, 5.2689478245933845e-21, nan 
-50.875, 74.625, 5.281748994660097e-21, nan 
-50.625, 74.625, 3.792405839713272e-21, nan 
-50.375, 74.625, 4.304761977603747e-21, nan 
-50.125, 74.625, 4.591083133635305e-21, nan 
-49.875, 74.625, 4.879375221560694e-21, nan 
-49.625, 74.625, 1.658444368947222e-21, nan 
-49.375, 74.625, 2.6675445949837416e-21, nan 
-49.125, 74.625, 1.1327539836009422e-20, nan 
-48.875, 74.625, 1.2996046523150732e-20, nan 
-48.625, 74.625, 2.2311251338722658e-20, nan 
-48.375, 74.625, 2.3377073465239053e-20, nan 
-48.125, 74.625, 2.112512722609668e-20, nan 
-47.875, 74.625, 2.0186083442470727e-20, nan 
-47.625, 74.625, 2.115372228221288e-20, nan 
-47.375, 74.625, 1.767314202765642e-20, nan 
-47.125, 74.625, 9.540697695070756e-21, nan 
-46.875, 74.625, 1.5476260890311845e-20, nan 
-46.625, 74.625, 2.4519984306920634e-20, nan 
-46.375, 74.625, 2.4655685984149562e-20, nan 
-46.125, 74.625, 2.1748705471481488e-20, nan 
-45.875, 74.625, 2.7524655156489223e-20, nan 
-45.625, 74.625, 2.7814058662046714e-20, nan 
-45.375, 74.625, 2.4493848271254734e-20, nan 
-45.125, 74.625, 1.8692493775540778e-20, nan 
-44.875, 74.625, 1.476680628491678e-20, nan 
-44.625, 74.625, 2.2582487590575225e-20, nan 
-44.375, 74.625, 2.9854755796048283e-20, nan 
-44.125, 74.625, 2.1838628329757633e-20, nan 
-43.875, 74.625, 1.8595784087690773e-20, nan 
-43.625, 74.625, 4.686255037799675e-20, nan 
-43.375, 74.625, 4.7858727573837905e-20, nan 
-43.125, 74.625, 4.4045023453887964e-20, nan 
-42.875, 74.625, 9.00338890455427e-20, nan 
-42.625, 74.625, 9.884646000782514e-20, nan 
-42.375, 74.625, 8.310837652803677e-20, nan 
-42.125, 74.625, 9.069166226206811e-20, nan 
-41.875, 74.625, 8.3826192323753e-20, nan 
-41.625, 74.625, 9.383542453820852e-20, nan 
-41.375, 74.625, 6.338018535633627e-20, nan 
-41.125, 74.625, 4.159604986922554e-20, nan 
-40.875, 74.625, 9.637180881356341e-20, nan 
-40.625, 74.625, 1.3035060034342472e-19, nan 
-40.375, 74.625, 1.7663744988642068e-19, nan 
-40.125, 74.625, 1.718482881230003e-19, nan 
-39.875, 74.625, 1.3071039620391298e-19, nan 
-39.625, 74.625, 1.1362221689324898e-19, nan 
-39.375, 74.625, 7.535025037393317e-20, nan 
-39.125, 74.625, 6.696872220028425e-20, nan 
-38.875, 74.625, 6.087282221392404e-20, nan 
-38.625, 74.625, 5.290601564139462e-20, nan 
-38.375, 74.625, 5.222109211110485e-20, nan 
-38.125, 74.625, 6.784815879533537e-20, nan 
-37.875, 74.625, 5.66697538498376e-20, nan 
-37.625, 74.625, 6.033174129246324e-20, nan 
-37.375, 74.625, 2.237299561847878e-20, nan 
-37.125, 74.625, 1.9982013121768842e-20, nan 
-36.875, 74.625, 2.7662675062776095e-20, nan 
-36.625, 74.625, 6.033555795261297e-20, nan 
-36.375, 74.625, 5.359279594059147e-20, nan 
-36.125, 74.625, 3.587736138331562e-20, nan 
-35.875, 74.625, 9.706691226662237e-20, nan 
-35.625, 74.625, 5.165932311463738e-20, nan 
-35.375, 74.625, 9.393753113310758e-20, nan 
-35.125, 74.625, 1.0045646227023544e-19, nan 
-34.875, 74.625, 9.887747560505773e-20, nan 
-34.625, 74.625, 1.9957784399154658e-19, nan 
-34.375, 74.625, 2.2290936929505667e-19, nan 
-34.125, 74.625, 1.6211497852363593e-19, nan 
-33.875, 74.625, 2.966268759833578e-19, nan 
-33.625, 74.625, 3.0829026016156646e-19, nan 
-33.375, 74.625, 2.3184515138127303e-19, nan 
-33.125, 74.625, 3.131214388342251e-19, nan 
-32.875, 74.625, 3.726811112503792e-19, nan 
-32.625, 74.625, 2.8583345949660085e-19, nan 
-32.375, 74.625, 3.120016573838704e-19, nan 
-32.125, 74.625, 2.329867065127969e-19, nan 
-31.875, 74.625, 2.417468549229593e-19, nan 
-31.625, 74.625, 2.0759246163891814e-19, nan 
-31.375, 74.625, 2.0664125585728135e-19, nan 
-31.125, 74.625, 1.7194842872526684e-19, nan 
-30.875, 74.625, 2.451114864986864e-19, nan 
-30.625, 74.625, 1.810348553963968e-19, nan 
-30.375, 74.625, 1.2747452220879854e-19, nan 
-30.125, 74.625, 1.7393588882476416e-19, nan 
-29.875, 74.625, 1.738661627169063e-19, nan 
-29.625, 74.625, 1.7078151579795133e-19, nan 
-29.375, 74.625, 1.4361396103672024e-19, nan 
-29.125, 74.625, 1.227639510066887e-19, nan 
-28.875, 74.625, 1.4813287982019897e-19, nan 
-28.625, 74.625, 1.881992830843672e-19, nan 
-28.375, 74.625, 2.390370928650262e-19, nan 
-28.125, 74.625, 4.657590527428472e-19, nan 
-27.875, 74.625, 3.239434963585037e-19, nan 
-27.625, 74.625, 2.151921379582917e-19, nan 
-27.375, 74.625, 3.997853165558251e-19, nan 
-27.125, 74.625, 3.750660007243748e-19, nan 
-26.875, 74.625, 2.3483856926917854e-19, nan 
-26.625, 74.625, 1.6649992646689392e-19, nan 
-26.375, 74.625, 3.53068665086136e-19, nan 
-26.125, 74.625, 3.3612623129380956e-19, nan 
-25.875, 74.625, 3.3547640250376435e-19, nan 
-25.625, 74.625, 4.8058452871839365e-19, nan 
-25.375, 74.625, 3.904759077476503e-19, nan 
-25.125, 74.625, 3.963876110600846e-19, nan 
-24.875, 74.625, 4.401397761228461e-19, nan 
-24.625, 74.625, 3.5475776597083516e-19, nan 
-24.375, 74.625, 3.085657235264285e-19, nan 
-24.125, 74.625, 3.536130180625439e-19, nan 
-23.875, 74.625, 3.2093922072407225e-19, nan 
-23.625, 74.625, 2.4048893662275634e-19, nan 
-23.375, 74.625, 3.118483522871202e-19, nan 
-23.125, 74.625, 2.3502989877341847e-19, nan 
-22.875, 74.625, 1.3810657396786387e-19, nan 
-22.625, 74.625, 5.994486751567568e-20, nan 
-22.375, 74.625, 2.988038692405374e-19, nan 
-22.125, 74.625, 1.0012351198520618e-19, nan 
-21.875, 74.625, 3.262683305253582e-20, nan 
-21.625, 74.625, 1.348803825698647e-19, nan 
-21.375, 74.625, 1.6919993058094858e-19, nan 
-21.125, 74.625, 1.6816281831035678e-19, nan 
-20.875, 74.625, 3.4655326200481217e-19, nan 
-20.625, 74.625, 2.106795829418684e-19, nan 
-20.375, 74.625, 1.5997826271612562e-19, nan 
-20.125, 74.625, 2.4222363410747794e-19, nan 
-19.875, 74.625, 2.2925802843776493e-19, nan 
-19.625, 74.625, 1.074851556949158e-19, nan 
-19.375, 74.625, 1.4288502833147707e-19, nan 
-19.125, 74.625, 1.5260442816201704e-19, nan 
-18.875, 74.625, 1.0300046608531121e-19, nan 
-18.625, 74.625, 1.1320899144099227e-19, nan 
-18.375, 74.625, 5.868153706955276e-20, nan 
-18.125, 74.625, 6.762078807859769e-20, nan 
-17.875, 74.625, 6.366523320578697e-20, nan 
-17.625, 74.625, 1.0420124677277269e-19, nan 
-17.375, 74.625, 9.234162851967447e-20, nan 
-17.125, 74.625, 2.1014372691291752e-19, nan 
-16.875, 74.625, 2.724178916810822e-19, nan 
-16.625, 74.625, 2.926717144086388e-19, nan 
-16.375, 74.625, 1.8213092047471123e-19, nan 
-16.125, 74.625, 1.0593702045394012e-19, nan 
-15.875, 74.625, 8.762342268766679e-20, nan 
-15.625, 74.625, 5.614188025256561e-20, nan 
-15.375, 74.625, 2.544359673409411e-19, nan 
-15.125, 74.625, 3.82713441945076e-19, nan 
-14.875, 74.625, 1.9054585000568188e-19, nan 
-14.625, 74.625, 3.27463337941743e-19, nan 
-14.375, 74.625, 6.209336421813926e-19, nan 
-14.125, 74.625, 1.308653098678924e-18, nan 
-13.875, 74.625, 1.6608373155348115e-18, nan 
-13.625, 74.625, 1.3089765624909084e-18, nan 
-13.375, 74.625, 1.7549035200220517e-18, nan 
-13.125, 74.625, 2.3130059424843884e-18, nan 
-12.875, 74.625, 1.9660096526860275e-18, nan 
-12.625, 74.625, 1.202049771431291e-18, nan 
-12.375, 74.625, 1.1004253062089745e-18, nan 
-12.125, 74.625, 9.837408781335522e-19, nan 
-11.875, 74.625, 6.821339133630042e-19, nan 
-11.625, 74.625, 1.327006220149622e-19, nan 
-11.375, 74.625, 7.36436379564013e-20, nan 
-11.125, 74.625, 6.198609117813942e-20, nan 
-10.875, 74.625, 3.562081843412457e-20, nan 
-10.625, 74.625, 6.717251521050982e-20, nan 
-10.375, 74.625, 7.364359996137702e-20, nan 
-10.125, 74.625, 4.4183506467498606e-20, nan 
-9.875, 74.625, 4.2883483082062684e-20, nan 
-9.625, 74.625, 8.777047901837966e-20, nan 
-9.375, 74.625, 5.0344089560649897e-20, nan 
-9.125, 74.625, 1.5512957324307658e-20, nan 
-8.875, 74.625, 3.706305470546524e-20, nan 
-8.625, 74.625, 2.0648567595624126e-20, nan 
-8.375, 74.625, 3.7559695705325646e-20, nan 
-8.125, 74.625, 3.231081651932434e-20, nan 
-7.875, 74.625, 2.0030958004468498e-20, nan 
-7.625, 74.625, 3.7919519190903324e-20, nan 
-7.375, 74.625, 2.154292447387804e-20, nan 
-7.125, 74.625, 1.5634834981296206e-20, nan 
-6.875, 74.625, 1.1766387572845657e-20, nan 
-6.625, 74.625, 1.524943797367328e-20, nan 
-6.375, 74.625, 2.7819312876593674e-20, nan 
-6.125, 74.625, 1.964919199117288e-20, nan 
-5.875, 74.625, 1.690444085790521e-20, nan 
-5.625, 74.625, 3.010451706505108e-20, nan 
-5.375, 74.625, 2.693874876672669e-20, nan 
-5.125, 74.625, 2.082097555690906e-20, nan 
-4.875, 74.625, 1.00308221695862e-20, nan 
-4.625, 74.625, 1.6130697794122246e-20, nan 
-4.375, 74.625, 1.6138067051034304e-20, nan 
-4.125, 74.625, 1.075613741088852e-20, nan 
-3.875, 74.625, 3.795392964867508e-21, nan 
-3.625, 74.625, 7.829012702657662e-21, nan 
-3.375, 74.625, 8.41021305536211e-21, nan 
-3.125, 74.625, 6.647104524489905e-21, nan 
-2.875, 74.625, 1.0823694631881863e-20, nan 
-2.625, 74.625, 1.1785900643523422e-20, nan 
-2.375, 74.625, 1.2470801643389626e-20, nan 
-2.125, 74.625, 8.202686598294573e-21, nan 
-1.875, 74.625, 7.107125511764368e-21, nan 
-1.625, 74.625, 9.006340804920292e-21, nan 
-1.375, 74.625, 6.619684863994558e-21, nan 
-1.125, 74.625, 6.031843076640456e-21, nan 
-0.875, 74.625, 5.590493384783326e-21, nan 
-0.625, 74.625, 4.945182290636955e-21, nan 
-0.375, 74.625, 8.171587452403797e-21, nan 
-0.125, 74.625, 6.613166463428706e-21, nan 
0.125, 74.625, 8.814422090575602e-21, nan 
0.375, 74.625, 6.700156906297461e-21, nan 
0.625, 74.625, 6.161609281460135e-21, nan 
0.875, 74.625, 6.348172483567452e-21, nan 
1.125, 74.625, 9.13273423824017e-21, nan 
1.375, 74.625, 5.083488931747375e-21, nan 
1.625, 74.625, 4.128823880671326e-21, nan 
1.875, 74.625, 1.0580354773627672e-20, nan 
2.125, 74.625, 4.571987034872929e-21, nan 
2.375, 74.625, 4.000877287617727e-21, nan 
2.625, 74.625, 4.8078723461325494e-21, nan 
2.875, 74.625, 3.581671872943222e-21, nan 
3.125, 74.625, 4.2541197515570276e-21, nan 
3.375, 74.625, 2.998616837427659e-21, nan 
3.625, 74.625, 3.010712084293766e-21, nan 
3.875, 74.625, 3.189916776310749e-21, nan 
4.125, 74.625, 2.3532353718238775e-21, nan 
4.375, 74.625, 2.5519758000164285e-21, nan 
4.625, 74.625, 2.8485367041366928e-21, nan 
4.875, 74.625, 1.9519428209211905e-21, nan 
5.125, 74.625, 2.3288084799314633e-21, nan 
5.375, 74.625, 2.7593418699138824e-21, nan 
5.625, 74.625, 2.874988716497299e-21, nan 
5.875, 74.625, 3.548632631715082e-21, nan 
6.125, 74.625, 2.174460621015866e-21, nan 
6.375, 74.625, 2.470958677048318e-21, nan 
6.625, 74.625, 3.039544426710948e-21, nan 
6.875, 74.625, 1.6792402903219913e-21, nan 
7.125, 74.625, 1.5151734888222193e-21, nan 
7.375, 74.625, 1.2427103749345385e-21, nan 
7.625, 74.625, 1.160534318590039e-21, nan 
7.875, 74.625, 6.051210117489879e-22, nan 
8.125, 74.625, 1.2136434355877955e-21, nan 
8.375, 74.625, 1.4851723910904084e-21, nan 
8.625, 74.625, 1.710037453788454e-21, nan 
8.875, 74.625, 1.666851420498162e-21, nan 
9.125, 74.625, 2.009785652512965e-21, nan 
9.375, 74.625, 1.842406365354648e-21, nan 
9.625, 74.625, 1.6214216032931109e-21, nan 
9.875, 74.625, 1.2191195762855542e-21, nan 
10.125, 74.625, 7.215563119873854e-22, nan 
10.375, 74.625, 1.4862075909485572e-21, nan 
10.625, 74.625, 4.103704320130976e-22, nan 
10.875, 74.625, 1.0531374802852589e-21, nan 
11.125, 74.625, 9.032924006890825e-22, nan 
11.375, 74.625, 9.328313016221955e-22, nan 
11.625, 74.625, 1.2824846883633174e-21, nan 
11.875, 74.625, 1.8433232588222146e-21, nan 
12.125, 74.625, 2.0861158540935805e-21, nan 
12.375, 74.625, 3.7111366577743504e-21, nan 
12.625, 74.625, 3.2421763344148367e-21, nan 
12.875, 74.625, 2.325512452954131e-21, nan 
13.125, 74.625, 3.779667065873159e-21, nan 
13.375, 74.625, 3.1192275385770793e-21, nan 
13.625, 74.625, 2.0774419591097826e-21, nan 
13.875, 74.625, 1.550864517544111e-21, nan 
14.125, 74.625, 1.3394300255941349e-21, nan 
14.375, 74.625, 1.9069957626020623e-21, nan 
14.625, 74.625, 2.0660883384474666e-21, nan 
14.875, 74.625, 2.7271666935033715e-21, nan 
15.125, 74.625, 3.2443333567027895e-21, nan 
15.375, 74.625, 1.2291988097198527e-21, nan 
15.625, 74.625, 6.113061547249559e-22, nan 
15.875, 74.625, 5.765108403366696e-22, nan 
16.125, 74.625, 8.298045650652252e-22, nan 
16.375, 74.625, 3.0282003934165137e-22, nan 
16.625, 74.625, 3.667561101406349e-22, nan 
16.875, 74.625, 4.393665244269182e-22, nan 
17.125, 74.625, 8.261985709476667e-22, nan 
17.375, 74.625, 7.6567846483710565e-22, nan 
17.625, 74.625, 4.710154658980723e-22, nan 
17.875, 74.625, 6.702964749025815e-22, nan 
18.125, 74.625, 7.840026155932822e-22, nan 
18.375, 74.625, 4.25521831113471e-22, nan 
18.625, 74.625, 2.8469956715826912e-22, nan 
18.875, 74.625, 3.810174601116721e-22, nan 
19.125, 74.625, 2.0785637752467402e-22, nan 
19.375, 74.625, 1.9352120332686498e-22, nan 
19.625, 74.625, 1.5454405386404087e-22, nan 
19.875, 74.625, 2.0777247220271514e-22, nan 
20.125, 74.625, 1.6658874783393248e-22, nan 
20.375, 74.625, 1.7406190495604726e-22, nan 
20.625, 74.625, 1.7241776895279033e-22, nan 
20.875, 74.625, 1.7712128902821093e-22, nan 
21.125, 74.625, 2.6823786418181045e-22, nan 
21.375, 74.625, 4.785922202708508e-22, nan 
21.625, 74.625, 4.334079397795479e-22, nan 
21.875, 74.625, 4.312316149402455e-22, nan 
22.125, 74.625, 5.308489478354028e-22, nan 
22.375, 74.625, 4.305541152886778e-22, nan 
22.625, 74.625, 4.193397684251932e-22, nan 
22.875, 74.625, 1.538954592533356e-22, nan 
23.125, 74.625, 2.0666652048266944e-22, nan 
23.375, 74.625, 2.4908740997240363e-22, nan 
23.625, 74.625, 1.8355256428346748e-22, nan 
23.875, 74.625, 2.4747750707219403e-22, nan 
24.125, 74.625, 2.209218285393647e-22, nan 
24.375, 74.625, 2.433131334109333e-22, nan 
24.625, 74.625, 1.4082239575822028e-22, nan 
24.875, 74.625, 1.21128976202363e-22, nan 
25.125, 74.625, 1.159948862124664e-22, nan 
25.375, 74.625, 1.3575074172118223e-22, nan 
25.625, 74.625, 7.301509121481961e-23, nan 
25.875, 74.625, 1.2381028594606516e-22, nan 
26.125, 74.625, 1.0672825860574234e-22, nan 
26.375, 74.625, 5.655367484260453e-23, nan 
26.625, 74.625, 5.499839891886199e-23, nan 
26.875, 74.625, 8.033539269825293e-23, nan 
27.125, 74.625, 1.164308593196652e-22, nan 
27.375, 74.625, 9.741937991619863e-23, nan 
27.625, 74.625, 7.066944036627435e-23, nan 
27.875, 74.625, 5.869983716585568e-23, nan 
28.125, 74.625, 8.645643084455787e-23, nan 
28.375, 74.625, 3.0343291035588856e-23, nan 
28.625, 74.625, 8.217088316027373e-23, nan 
28.875, 74.625, 5.088696912375071e-23, nan 
29.125, 74.625, 1.227327315298399e-22, nan 
29.375, 74.625, 1.3843589190335915e-22, nan 
29.625, 74.625, 7.853440778114573e-23, nan 
29.875, 74.625, 1.1784744875357534e-22, nan 
30.125, 74.625, 9.420747544525524e-23, nan 
30.375, 74.625, 1.442365500921856e-22, nan 
30.625, 74.625, 8.143798688912908e-23, nan 
30.875, 74.625, 6.272772454579921e-23, nan 
31.125, 74.625, 1.5289803013220378e-22, nan 
31.375, 74.625, 1.2100076420862053e-22, nan 
31.625, 74.625, 9.48859716532325e-23, nan 
31.875, 74.625, 1.183377941603244e-22, nan 
32.125, 74.625, 7.129112264134335e-23, nan 
32.375, 74.625, 9.337368060447748e-23, nan 
32.625, 74.625, 1.063590912420053e-22, nan 
32.875, 74.625, 3.5689946939228273e-23, nan 
33.125, 74.625, 5.438418214213237e-23, nan 
33.375, 74.625, 5.638814488255672e-23, nan 
33.625, 74.625, 5.698361570575015e-23, nan 
33.875, 74.625, 8.528976868259519e-23, nan 
34.125, 74.625, 1.2754188309132746e-22, nan 
34.375, 74.625, 1.3667218794943044e-22, nan 
34.625, 74.625, 1.076324824290279e-22, nan 
34.875, 74.625, 1.6777752213781413e-22, nan 
35.125, 74.625, 1.9232688480486277e-22, nan 
35.375, 74.625, 2.065199096274027e-22, nan 
35.625, 74.625, 1.4413848835382007e-22, nan 
35.875, 74.625, 1.283977830290007e-22, nan 
36.125, 74.625, 1.9920148546843653e-22, nan 
36.375, 74.625, 1.4383123822117527e-22, nan 
36.625, 74.625, 1.121127138077505e-22, nan 
36.875, 74.625, 1.1900349566128807e-22, nan 
37.125, 74.625, 1.3881811892531766e-22, nan 
37.375, 74.625, 1.3433390311739877e-22, nan 
37.625, 74.625, 1.0762769575455615e-22, nan 
37.875, 74.625, 1.2232308751619305e-22, nan 
38.125, 74.625, 1.0827501939495087e-22, nan 
38.375, 74.625, 9.266584275090818e-23, nan 
38.625, 74.625, 7.983253020974695e-23, nan 
38.875, 74.625, 7.630504648341917e-23, nan 
39.125, 74.625, 1.1726558762330069e-22, nan 
39.375, 74.625, 9.79579142989785e-23, nan 
39.625, 74.625, 4.6204110797879345e-23, nan 
39.875, 74.625, 1.1757027959145186e-22, nan 
40.125, 74.625, 9.399626750988191e-23, nan 
40.375, 74.625, 9.944304316194902e-23, nan 
40.625, 74.625, 4.632107879720725e-23, nan 
40.875, 74.625, 2.386839392322731e-23, nan 
41.125, 74.625, 1.7348393657128297e-22, nan 
41.375, 74.625, 2.4460588041908994e-23, nan 
41.625, 74.625, 2.78226495817694e-23, nan 
41.875, 74.625, 1.06101780529787e-22, nan 
42.125, 74.625, 2.658175671578669e-23, nan 
42.375, 74.625, 6.324550328210631e-23, nan 
42.625, 74.625, 3.989010433508131e-23, nan 
42.875, 74.625, 2.521828248186247e-23, nan 
43.125, 74.625, 4.5281592524072675e-23, nan 
43.375, 74.625, 4.875327409104296e-23, nan 
43.625, 74.625, 1.22264438912868e-23, nan 
43.875, 74.625, 1.40065172266848e-23, nan 
44.125, 74.625, 3.436235980062505e-23, nan 
44.375, 74.625, 4.925714652953919e-23, nan 
44.625, 74.625, 4.045417460368593e-23, nan 
44.875, 74.625, 3.6724068772372444e-23, nan 
45.125, 74.625, 7.726607567437443e-23, nan 
45.375, 74.625, 4.981963231177554e-23, nan 
45.625, 74.625, 2.3817332026595383e-23, nan 
45.875, 74.625, 3.6989310843162496e-23, nan 
46.125, 74.625, 2.8817841989895635e-23, nan 
46.375, 74.625, 1.6579562884655545e-23, nan 
46.625, 74.625, 1.38058515265918e-23, nan 
46.875, 74.625, 1.7931078073194118e-23, nan 
47.125, 74.625, 1.616451079673077e-23, nan 
47.375, 74.625, 1.0757298521679031e-23, nan 
47.625, 74.625, 1.3814625231978237e-23, nan 
47.875, 74.625, 2.2077559032481356e-23, nan 
48.125, 74.625, 2.4026489036750097e-23, nan 
48.375, 74.625, 2.248374597648126e-23, nan 
48.625, 74.625, 2.724213694713344e-23, nan 
48.875, 74.625, 2.1013732769494583e-23, nan 
49.125, 74.625, 1.7546944199570674e-23, nan 
49.375, 74.625, 1.4150608732239455e-23, nan 
49.625, 74.625, 1.2014067748784774e-23, nan 
49.875, 74.625, 9.741790900787632e-24, nan 
50.125, 74.625, 5.751905358905013e-24, nan 
50.375, 74.625, 5.1812364560557725e-24, nan 
50.625, 74.625, 6.396045768395091e-24, nan 
50.875, 74.625, 9.219763165060819e-24, nan 
51.125, 74.625, 1.2826158594777784e-23, nan 
51.375, 74.625, 1.3859258523210356e-23, nan 
51.625, 74.625, 8.8460998628822e-24, nan 
51.875, 74.625, 1.1511002735702102e-23, nan 
52.125, 74.625, 1.0119677879559418e-23, nan 
52.375, 74.625, 7.013856304349396e-24, nan 
52.625, 74.625, 1.1113804119014969e-23, nan 
52.875, 74.625, 6.041844119562585e-24, nan 
53.125, 74.625, 1.0081430820276141e-23, nan 
53.375, 74.625, 1.7306614147877094e-23, nan 
53.625, 74.625, 1.8436694755704924e-23, nan 
53.875, 74.625, 1.7293253866064806e-23, nan 
54.125, 74.625, 1.7643741943340844e-23, nan 
54.375, 74.625, 1.0737946902776244e-23, nan 
54.625, 74.625, 1.7498332930685192e-23, nan 
54.875, 74.625, 1.531194152487616e-23, nan 
55.125, 74.625, 1.8295914663657274e-23, nan 
55.375, 74.625, 1.9185368872564172e-23, nan 
55.625, 74.625, 1.1723841900663723e-23, nan 
55.875, 74.625, 1.661622533396527e-23, nan 
56.125, 74.625, 1.3693266959714077e-23, nan 
56.375, 74.625, 2.0324800890163415e-23, nan 
56.625, 74.625, 1.838400937615827e-23, nan 
56.875, 74.625, 1.83510343443688e-23, nan 
57.125, 74.625, 2.103624214756957e-23, nan 
57.375, 74.625, 1.9695086144674363e-23, nan 
57.625, 74.625, 1.86342579738719e-23, nan 
57.875, 74.625, 1.0129162782751113e-23, nan 
58.125, 74.625, 1.3454849237081341e-23, nan 
58.375, 74.625, 1.5176586383151012e-23, nan 
58.625, 74.625, 1.4611145186871824e-23, nan 
58.875, 74.625, 1.460513566215147e-23, nan 
59.125, 74.625, 2.2010551888539438e-23, nan 
59.375, 74.625, 2.653508935545458e-23, nan 
59.625, 74.625, 1.7420957938259042e-23, nan 
59.875, 74.625, 2.1613127897426757e-23, nan 
60.125, 74.625, 3.5147484205711565e-23, nan 
60.375, 74.625, 2.1165534764402575e-23, nan 
60.625, 74.625, 1.7841184421115598e-23, nan 
60.875, 74.625, 1.6352615849768034e-23, nan 
61.125, 74.625, 1.3085007907241867e-23, nan 
61.375, 74.625, 1.4359190308656836e-23, nan 
61.625, 74.625, 8.882946510155285e-24, nan 
61.875, 74.625, 1.0679876665123097e-23, nan 
62.125, 74.625, 1.0584205043853044e-23, nan 
62.375, 74.625, 9.176368322009698e-24, nan 
62.625, 74.625, 9.571525959857977e-24, nan 
62.875, 74.625, 1.1569013082381564e-23, nan 
63.125, 74.625, 9.518667509907209e-24, nan 
63.375, 74.625, 9.289507353314525e-24, nan 
63.625, 74.625, 1.1589855222358245e-23, nan 
63.875, 74.625, 1.4469672572924763e-23, nan 
64.125, 74.625, 1.3848691864326496e-23, nan 
64.375, 74.625, 1.7365959773432575e-23, nan 
64.625, 74.625, 2.6203086915206783e-23, nan 
64.875, 74.625, 3.205331409858502e-23, nan 
65.125, 74.625, 2.24332011939748e-23, nan 
65.375, 74.625, 2.3416797118953863e-23, nan 
65.625, 74.625, 3.04700158094584e-23, nan 
65.875, 74.625, 6.674895826740169e-24, nan 
66.125, 74.625, 8.642557150390828e-24, nan 
66.375, 74.625, 1.6466094510866826e-23, nan 
66.625, 74.625, 6.685270751623092e-24, nan 
66.875, 74.625, 4.995300490850639e-24, nan 
67.125, 74.625, 7.391204589507363e-24, nan 
67.375, 74.625, 5.607034688280176e-24, nan 
67.625, 74.625, 3.875541842590915e-24, nan 
67.875, 74.625, 5.9787535535235696e-24, nan 
68.125, 74.625, 5.0268795914306686e-24, nan 
68.375, 74.625, 6.5119267798535266e-24, nan 
68.625, 74.625, 4.557933489535898e-24, nan 
68.875, 74.625, 3.604887872715127e-24, nan 
69.125, 74.625, 6.2676483971186866e-24, nan 
69.375, 74.625, 7.674586648712378e-24, nan 
69.625, 74.625, 9.808287888818505e-24, nan 
69.875, 74.625, 9.974702267016996e-24, nan 
70.125, 74.625, 1.0308842217433739e-23, nan 
70.375, 74.625, 1.185082637159565e-23, nan 
70.625, 74.625, 1.2389669379056036e-23, nan 
70.875, 74.625, 1.512602365586677e-23, nan 
71.125, 74.625, 2.396131572011609e-23, nan 
71.375, 74.625, 2.653126714259184e-23, nan 
71.625, 74.625, 1.5141949565708578e-23, nan 
71.875, 74.625, 2.4166398662995904e-23, nan 
72.125, 74.625, 2.986971666168716e-23, nan 
72.375, 74.625, 1.087073011237793e-23, nan 
72.625, 74.625, 1.4676908775995916e-23, nan 
72.875, 74.625, 1.7264647908247778e-23, nan 
73.125, 74.625, 8.72316264367288e-24, nan 
73.375, 74.625, 1.244497743694787e-23, nan 
73.625, 74.625, 9.619313740496851e-24, nan 
73.875, 74.625, 7.336526820799006e-24, nan 
74.125, 74.625, 1.1255571861517064e-23, nan 
74.375, 74.625, 4.74913837865862e-24, nan 
74.625, 74.625, 7.265225686562646e-24, nan 
74.875, 74.625, 1.3074502160015349e-23, nan 
75.125, 74.625, 4.174355444268772e-24, nan 
75.375, 74.625, 5.732049167898569e-24, nan 
75.625, 74.625, 8.906742865154674e-24, nan 
75.875, 74.625, 9.294449823206828e-24, nan 
76.125, 74.625, 1.1358266174618995e-23, nan 
76.375, 74.625, 9.409664259559554e-24, nan 
76.625, 74.625, 7.13727079368052e-24, nan 
76.875, 74.625, 1.0347417050724476e-23, nan 
77.125, 74.625, 9.430295293884366e-24, nan 
77.375, 74.625, 8.98803973369265e-24, nan 
77.625, 74.625, 2.132652483483042e-23, nan 
77.875, 74.625, 1.827739338917331e-23, nan 
78.125, 74.625, 1.9049700514710692e-23, nan 
78.375, 74.625, 1.8782483334052916e-23, nan 
78.625, 74.625, 1.50493182104844e-23, nan 
78.875, 74.625, 1.7970701587053884e-23, nan 
79.125, 74.625, 1.0798974215503463e-23, nan 
79.375, 74.625, 5.293340950050106e-24, nan 
79.625, 74.625, 7.118668183129378e-24, nan 
79.875, 74.625, 4.398752059249392e-24, nan 
80.125, 74.625, 3.804428920053162e-24, nan 
80.375, 74.625, 2.4900195799018695e-24, nan 
80.625, 74.625, 3.838852549692168e-24, nan 
80.875, 74.625, 6.623793750586776e-24, nan 
81.125, 74.625, 5.377743809259562e-24, nan 
81.375, 74.625, 4.684648563739519e-24, nan 
81.625, 74.625, 4.367961918339175e-24, nan 
81.875, 74.625, 3.655753288606108e-24, nan 
82.125, 74.625, 3.2841813348444137e-24, nan 
82.375, 74.625, 4.7659747999199876e-24, nan 
82.625, 74.625, 4.405157616182968e-24, nan 
82.875, 74.625, 3.456209784293281e-24, nan 
83.125, 74.625, 5.662869253578775e-24, nan 
83.375, 74.625, 4.7341728135406924e-24, nan 
83.625, 74.625, 5.9391505957530584e-24, nan 
83.875, 74.625, 5.5907322226599024e-24, nan 
84.125, 74.625, 5.6593775248431866e-24, nan 
84.375, 74.625, 6.5448544256364935e-24, nan 
84.625, 74.625, 7.049319559411455e-24, nan 
84.875, 74.625, 6.641159383409441e-24, nan 
85.125, 74.625, 8.356300033839279e-24, nan 
85.375, 74.625, 1.1158368437012244e-23, nan 
85.625, 74.625, 9.71063283597264e-24, nan 
85.875, 74.625, 6.420597835157928e-24, nan 
86.125, 74.625, 8.117111435275745e-24, nan 
86.375, 74.625, 5.380118480472954e-24, nan 
86.625, 74.625, 5.3287299005548136e-24, nan 
86.875, 74.625, 5.781265558695725e-24, nan 
87.125, 74.625, 4.319427421161723e-24, nan 
87.375, 74.625, 4.1005845482139845e-24, nan 
87.625, 74.625, 3.6790604760226385e-24, nan 
87.875, 74.625, 1.858823184269758e-24, nan 
88.125, 74.625, 2.475015029690192e-24, nan 
88.375, 74.625, 4.257982803764059e-24, nan 
88.625, 74.625, 4.297628359058087e-24, nan 
88.875, 74.625, 2.7831346140461887e-24, nan 
89.125, 74.625, 1.314576605793615e-24, nan 
89.375, 74.625, 9.95363445062287e-25, nan 
89.625, 74.625, 1.3771852711583692e-24, nan 
89.875, 74.625, 2.4721449626202776e-24, nan 
90.125, 74.625, 1.6412922843049575e-24, nan 
90.375, 74.625, 2.4962347073592478e-24, nan 
90.625, 74.625, 3.0463295176171434e-24, nan 
90.875, 74.625, 2.121960759587943e-24, nan 
91.125, 74.625, 2.0128461056604634e-24, nan 
91.375, 74.625, 1.3212221202098309e-24, nan 
91.625, 74.625, 1.5761845925617293e-24, nan 
91.875, 74.625, 1.6564878234993953e-24, nan 
92.125, 74.625, 1.4954635445423182e-24, nan 
92.375, 74.625, 1.771013275904297e-24, nan 
92.625, 74.625, 2.330876147887862e-24, nan 
92.875, 74.625, 2.9920660280833056e-24, nan 
93.125, 74.625, 2.1288802257227104e-24, nan 
93.375, 74.625, 2.3518253841130153e-24, nan 
93.625, 74.625, 2.304475156149399e-24, nan 
93.875, 74.625, 2.1732086739293454e-24, nan 
94.125, 74.625, 2.841720930017416e-24, nan 
94.375, 74.625, 2.94342115497615e-24, nan 
94.625, 74.625, 1.957385594031117e-24, nan 
94.875, 74.625, 2.035047357832339e-24, nan 
95.125, 74.625, 1.887446739814186e-24, nan 
95.375, 74.625, 1.8971844336076535e-24, nan 
95.625, 74.625, 2.6852292655953217e-24, nan 
95.875, 74.625, 2.879228957465766e-24, nan 
96.125, 74.625, 3.878554707392494e-24, nan 
96.375, 74.625, 2.976464547273006e-24, nan 
96.625, 74.625, 3.2875556828577073e-24, nan 
96.875, 74.625, 5.1496516164282276e-24, nan 
97.125, 74.625, 1.6998525959605672e-23, nan 
97.375, 74.625, 1.549873283688327e-23, nan 
97.625, 74.625, 1.1775433500400439e-23, nan 
97.875, 74.625, 1.1769285851129691e-23, nan 
98.125, 74.625, 1.0794557172833327e-23, nan 
98.375, 74.625, 8.813769260630958e-24, nan 
98.625, 74.625, 7.563019523270553e-24, nan 
98.875, 74.625, 3.380795410866339e-24, nan 
99.125, 74.625, 3.164988210006481e-24, nan 
99.375, 74.625, 1.205207373762404e-24, nan 
99.625, 74.625, 2.3118699617843197e-24, nan 
99.875, 74.625, 1.4901187374874484e-24, nan 
100.125, 74.625, 3.366057655366332e-24, nan 
100.375, 74.625, 2.4383614666995156e-24, nan 
100.625, 74.625, 3.1663246246721447e-24, nan 
100.875, 74.625, 3.0733342736141604e-24, nan 
101.125, 74.625, 2.939606518757401e-24, nan 
101.375, 74.625, 4.3544185695913396e-24, nan 
101.625, 74.625, 2.9422177443830167e-24, nan 
101.875, 74.625, 2.3809167655225746e-24, nan 
102.125, 74.625, 5.685263826887796e-24, nan 
102.375, 74.625, 2.6249410349764336e-24, nan 
102.625, 74.625, 3.4343633402511216e-24, nan 
102.875, 74.625, 1.4919625659872257e-24, nan 
103.125, 74.625, 2.5682578307468413e-24, nan 
103.375, 74.625, 2.269748206045775e-24, nan 
103.625, 74.625, 1.5853143993513054e-24, nan 
-178.625, 74.875, 3.0253346442768517e-24, nan 
-178.375, 74.875, 3.556803946601763e-24, nan 
-178.125, 74.875, 3.933945744308355e-24, nan 
-177.875, 74.875, 3.708544209644732e-24, nan 
-177.625, 74.875, 4.106325359651673e-24, nan 
-177.375, 74.875, 3.104305923974317e-24, nan 
-177.125, 74.875, 2.111640713799215e-24, nan 
-176.875, 74.875, 1.767188032693693e-24, nan 
-176.625, 74.875, 1.8336377221091472e-24, nan 
-176.375, 74.875, 1.9070374784301546e-24, nan 
-176.125, 74.875, 2.6698873582918407e-24, nan 
-175.875, 74.875, 2.7371166215863674e-24, nan 
-175.625, 74.875, 2.1525925874832923e-24, nan 
-175.375, 74.875, 3.7233147275631784e-24, nan 
-175.125, 74.875, 3.539087723121987e-24, nan 
-174.875, 74.875, 2.2747294511163125e-24, nan 
-174.625, 74.875, 1.9195700268836374e-24, nan 
-174.375, 74.875, 2.136729105368328e-24, nan 
-174.125, 74.875, 2.207818889257125e-24, nan 
-173.875, 74.875, 1.986595499840322e-24, nan 
-173.625, 74.875, 2.38550339333468e-24, nan 
-173.375, 74.875, 1.8986699898426118e-24, nan 
-173.125, 74.875, 1.6198944612176287e-24, nan 
-172.875, 74.875, 1.4721827770390055e-24, nan 
-172.625, 74.875, 1.2960671659138569e-24, nan 
-172.375, 74.875, 1.0629280847862884e-24, nan 
-172.125, 74.875, 1.5873192878806635e-24, nan 
-171.875, 74.875, 1.6055663517078424e-24, nan 
-171.625, 74.875, 2.2087118888685985e-24, nan 
-171.375, 74.875, 3.0068103008588454e-24, nan 
-171.125, 74.875, 1.753008725647216e-24, nan 
-170.875, 74.875, 3.097152126840194e-24, nan 
-170.625, 74.875, 2.6746810445311813e-24, nan 
-170.375, 74.875, 2.6452340861656094e-24, nan 
-170.125, 74.875, 3.708804710349238e-24, nan 
-169.875, 74.875, 2.194674607532842e-24, nan 
-169.625, 74.875, 1.957986951029045e-24, nan 
-169.375, 74.875, 1.672344298888485e-24, nan 
-169.125, 74.875, 1.93312972021609e-24, nan 
-168.875, 74.875, 2.0899330877383516e-24, nan 
-168.625, 74.875, 3.670039908980689e-24, nan 
-168.375, 74.875, 6.397844587759622e-24, nan 
-168.125, 74.875, 6.699284729763599e-24, nan 
-167.875, 74.875, 9.199592547605152e-24, nan 
-167.625, 74.875, 8.116527400042892e-24, nan 
-167.375, 74.875, 7.730000263430926e-24, nan 
-167.125, 74.875, 1.0794498500113286e-23, nan 
-166.875, 74.875, 7.721733120678081e-24, nan 
-166.625, 74.875, 7.360756313128804e-24, nan 
-166.375, 74.875, 8.198042134981136e-24, nan 
-166.125, 74.875, 7.140857867913394e-24, nan 
-165.875, 74.875, 8.549982321615982e-24, nan 
-165.625, 74.875, 6.980248864467334e-24, nan 
-165.375, 74.875, 4.736160485524212e-24, nan 
-165.125, 74.875, 6.226883493235079e-24, nan 
-164.875, 74.875, 4.239956030606012e-24, nan 
-164.625, 74.875, 2.434245228813151e-24, nan 
-164.375, 74.875, 1.5582474686425177e-24, nan 
-164.125, 74.875, 9.470820301563723e-25, nan 
-163.875, 74.875, 2.6244220007871447e-24, nan 
-163.625, 74.875, 3.991872970654903e-24, nan 
-163.375, 74.875, 1.7947763176276366e-24, nan 
-163.125, 74.875, 1.4199077770641423e-24, nan 
-162.875, 74.875, 2.1528039500852464e-24, nan 
-162.625, 74.875, 1.3897727778110705e-24, nan 
-162.375, 74.875, 1.1285143791882835e-24, nan 
-162.125, 74.875, 2.0850308794136334e-24, nan 
-161.875, 74.875, 2.2998649215422055e-24, nan 
-161.625, 74.875, 1.8845811992255475e-24, nan 
-161.375, 74.875, 1.699983283735035e-24, nan 
-161.125, 74.875, 2.2315635478911738e-24, nan 
-160.875, 74.875, 2.252801051625861e-24, nan 
-160.625, 74.875, 2.7684161252515297e-24, nan 
-160.375, 74.875, 2.7892025247894137e-24, nan 
-160.125, 74.875, 3.384450171160132e-24, nan 
-159.875, 74.875, 3.3223442396544254e-24, nan 
-159.625, 74.875, 1.5787442801611605e-24, nan 
-159.375, 74.875, 2.4540279153760044e-24, nan 
-159.125, 74.875, 4.41480270588111e-24, nan 
-158.875, 74.875, 1.877916146430408e-24, nan 
-158.625, 74.875, 1.4697406410635576e-24, nan 
-158.375, 74.875, 3.394216382160718e-24, nan 
-158.125, 74.875, 4.7142954341653815e-24, nan 
-157.875, 74.875, 2.5928370567556783e-24, nan 
-157.625, 74.875, 5.736288069374061e-24, nan 
-157.375, 74.875, 8.2026086242388e-24, nan 
-157.125, 74.875, 4.505682221437569e-24, nan 
-156.875, 74.875, 3.635295399432088e-24, nan 
-156.625, 74.875, 5.4759662832067164e-24, nan 
-156.375, 74.875, 5.693688299225048e-24, nan 
-156.125, 74.875, 6.03714182119766e-24, nan 
-155.875, 74.875, 1.836498094773705e-24, nan 
-155.625, 74.875, 6.623268398930722e-24, nan 
-155.375, 74.875, 8.04112687813007e-24, nan 
-155.125, 74.875, 3.1970582494202193e-24, nan 
-154.875, 74.875, 3.2910550462691316e-24, nan 
-154.625, 74.875, 4.57931223092903e-24, nan 
-154.375, 74.875, 4.005764066179862e-24, nan 
-154.125, 74.875, 6.095390036752873e-24, nan 
-153.875, 74.875, 4.663592154654526e-24, nan 
-153.625, 74.875, 3.3761771406957284e-24, nan 
-153.375, 74.875, 3.9412574263912046e-24, nan 
-153.125, 74.875, 3.929619326999811e-24, nan 
-152.875, 74.875, 3.283171248177362e-24, nan 
-152.625, 74.875, 3.370262932656113e-24, nan 
-152.375, 74.875, 5.9959088163208315e-24, nan 
-152.125, 74.875, 6.3329362515911254e-24, nan 
-151.875, 74.875, 5.4687742507389655e-24, nan 
-151.625, 74.875, 7.349753013161557e-24, nan 
-151.375, 74.875, 8.553774353943627e-24, nan 
-151.125, 74.875, 1.5192433242452992e-23, nan 
-150.875, 74.875, 1.251143128853118e-23, nan 
-150.625, 74.875, 1.5051580381279195e-23, nan 
-150.375, 74.875, 1.590018914675251e-23, nan 
-150.125, 74.875, 1.1493545994063064e-23, nan 
-149.875, 74.875, 8.431054282589399e-24, nan 
-149.625, 74.875, 1.0020311860445128e-23, nan 
-149.375, 74.875, 6.758731169678701e-24, nan 
-149.125, 74.875, 6.693675609031497e-24, nan 
-148.875, 74.875, 2.8452949951144788e-24, nan 
-148.625, 74.875, 1.885267951153976e-24, nan 
-148.375, 74.875, 6.3937479198302936e-24, nan 
-148.125, 74.875, 2.8541059629034753e-24, nan 
-147.875, 74.875, 2.8499651977623623e-24, nan 
-147.625, 74.875, 4.4594630648288734e-24, nan 
-147.375, 74.875, 4.69180356817162e-24, nan 
-147.125, 74.875, 6.66698896735804e-24, nan 
-146.875, 74.875, 7.573386774930529e-24, nan 
-146.625, 74.875, 6.772573850428314e-24, nan 
-146.375, 74.875, 8.696579028262986e-24, nan 
-146.125, 74.875, 9.069886619493869e-24, nan 
-145.875, 74.875, 6.730743316455926e-24, nan 
-145.625, 74.875, 7.739694535043033e-24, nan 
-145.375, 74.875, 5.426786687689781e-24, nan 
-145.125, 74.875, 4.457014572707803e-24, nan 
-144.875, 74.875, 2.8114936562597692e-24, nan 
-144.625, 74.875, 4.2978983537844166e-24, nan 
-144.375, 74.875, 6.595947230465741e-24, nan 
-144.125, 74.875, 6.432541011076654e-24, nan 
-143.875, 74.875, 7.363575337114406e-24, nan 
-143.625, 74.875, 7.230119486305169e-24, nan 
-143.375, 74.875, 1.2742451967681465e-23, nan 
-143.125, 74.875, 1.4801781709525867e-23, nan 
-142.875, 74.875, 1.433036331658428e-23, nan 
-142.625, 74.875, 1.559101956601481e-23, nan 
-142.375, 74.875, 1.4928606055246702e-23, nan 
-142.125, 74.875, 1.6807574429548807e-23, nan 
-141.875, 74.875, 8.238218771699432e-24, nan 
-141.625, 74.875, 1.0385866209916885e-23, nan 
-141.375, 74.875, 1.3959461260987615e-23, nan 
-141.125, 74.875, 1.0689579462253041e-23, nan 
-140.875, 74.875, 1.395032111308423e-23, nan 
-140.625, 74.875, 1.909190229613381e-23, nan 
-140.375, 74.875, 1.1184009316535217e-23, nan 
-140.125, 74.875, 1.0046804449495253e-23, nan 
-139.875, 74.875, 1.0156841144614412e-23, nan 
-139.625, 74.875, 7.465384380716466e-24, nan 
-139.375, 74.875, 9.660394808927937e-24, nan 
-139.125, 74.875, 1.0564439390807314e-23, nan 
-138.875, 74.875, 6.82917167288288e-24, nan 
-138.625, 74.875, 1.0690008432601562e-23, nan 
-138.375, 74.875, 1.7472749788848655e-23, nan 
-138.125, 74.875, 1.3394529538438605e-23, nan 
-137.875, 74.875, 1.3737244208773676e-23, nan 
-137.625, 74.875, 1.41002883369115e-23, nan 
-137.375, 74.875, 7.208850879580425e-24, nan 
-137.125, 74.875, 7.722164996464975e-24, nan 
-136.875, 74.875, 1.1622660934667771e-23, nan 
-136.625, 74.875, 6.243776982656673e-24, nan 
-136.375, 74.875, 1.0096626495394383e-23, nan 
-136.125, 74.875, 1.3351073691473588e-23, nan 
-135.875, 74.875, 8.118153009127162e-24, nan 
-135.625, 74.875, 1.006552064854233e-23, nan 
-135.375, 74.875, 1.0203004443761167e-23, nan 
-135.125, 74.875, 6.856777504045203e-24, nan 
-134.875, 74.875, 7.55215026568439e-24, nan 
-134.625, 74.875, 5.921594422313857e-24, nan 
-134.375, 74.875, 9.146533714171888e-24, nan 
-134.125, 74.875, 7.724395276149462e-24, nan 
-133.875, 74.875, 3.773606450204808e-24, nan 
-133.625, 74.875, 4.4829075018124354e-24, nan 
-133.375, 74.875, 4.75593288838243e-24, nan 
-133.125, 74.875, 7.332411777933644e-24, nan 
-132.875, 74.875, 1.3887551861692534e-23, nan 
-132.625, 74.875, 1.9438186823799589e-23, nan 
-132.375, 74.875, 2.8628797091208957e-23, nan 
-132.125, 74.875, 2.5945973761907497e-23, nan 
-131.875, 74.875, 2.2299398464612046e-23, nan 
-131.625, 74.875, 2.2410571170272453e-23, nan 
-131.375, 74.875, 1.4387305481520444e-23, nan 
-131.125, 74.875, 1.3178783230206608e-23, nan 
-130.875, 74.875, 2.407697777702214e-23, nan 
-130.625, 74.875, 1.708852159173022e-23, nan 
-130.375, 74.875, 1.7273724272394462e-23, nan 
-130.125, 74.875, 3.1325105601044796e-23, nan 
-129.875, 74.875, 3.09291455203549e-23, nan 
-129.625, 74.875, 2.217556205748288e-23, nan 
-129.375, 74.875, 2.4215876085432803e-23, nan 
-129.125, 74.875, 2.0877594990851068e-23, nan 
-128.875, 74.875, 1.8319531624624268e-23, nan 
-128.625, 74.875, 1.0506055560491538e-23, nan 
-128.375, 74.875, 1.2330617190786029e-23, nan 
-128.125, 74.875, 1.688142264655886e-23, nan 
-127.875, 74.875, 8.743196652795894e-24, nan 
-127.625, 74.875, 1.1097284650077529e-23, nan 
-127.375, 74.875, 7.902750894920539e-24, nan 
-127.125, 74.875, 1.0737080120765344e-23, nan 
-126.875, 74.875, 1.2295134147662656e-23, nan 
-126.625, 74.875, 7.96933743776102e-24, nan 
-126.375, 74.875, 1.2689119297664694e-23, nan 
-126.125, 74.875, 1.671215505133695e-23, nan 
-125.875, 74.875, 8.23196149435297e-24, nan 
-125.625, 74.875, 7.830716603749371e-24, nan 
-125.375, 74.875, 8.176700975067885e-24, nan 
-125.125, 74.875, 9.970568168586483e-24, nan 
-124.875, 74.875, 1.5631832772718848e-23, nan 
-124.625, 74.875, 1.9084448694585053e-23, nan 
-124.375, 74.875, 2.007101819013934e-23, nan 
-124.125, 74.875, 1.6125584574030304e-23, nan 
-123.875, 74.875, 2.3047757877048264e-23, nan 
-123.625, 74.875, 2.2044910274093067e-23, nan 
-123.375, 74.875, 2.0067529187993114e-23, nan 
-123.125, 74.875, 2.5613423877988684e-23, nan 
-122.875, 74.875, 2.4167948377642727e-23, nan 
-122.625, 74.875, 2.1526675582458415e-23, nan 
-122.375, 74.875, 2.8483522534287106e-23, nan 
-122.125, 74.875, 2.865039248082437e-23, nan 
-121.875, 74.875, 3.4064887760800736e-23, nan 
-121.625, 74.875, 2.891597777175131e-23, nan 
-121.375, 74.875, 2.9757663269790816e-23, nan 
-121.125, 74.875, 2.8151281101458776e-23, nan 
-120.875, 74.875, 2.728108695331633e-23, nan 
-120.625, 74.875, 2.266101729698233e-23, nan 
-120.375, 74.875, 6.955301470576701e-24, nan 
-120.125, 74.875, 8.612660029984538e-24, nan 
-119.875, 74.875, 6.92703188482973e-24, nan 
-119.625, 74.875, 5.851957795939859e-24, nan 
-119.375, 74.875, 3.782359427246461e-24, nan 
-119.125, 74.875, 8.298707907177841e-24, nan 
-118.875, 74.875, 7.292971644955845e-24, nan 
-118.625, 74.875, 9.149669600912571e-24, nan 
-118.375, 74.875, 6.3264822767940284e-24, nan 
-118.125, 74.875, 4.856101638766653e-24, nan 
-117.875, 74.875, 4.5136334989346834e-24, nan 
-117.625, 74.875, 9.922486320812706e-24, nan 
-117.375, 74.875, 8.43306247533937e-24, nan 
-117.125, 74.875, 7.909741081030444e-24, nan 
-116.875, 74.875, 5.300224987729602e-24, nan 
-116.625, 74.875, 5.286909198217063e-24, nan 
-116.375, 74.875, 7.096408892427307e-24, nan 
-116.125, 74.875, 8.08474652497951e-24, nan 
-115.875, 74.875, 1.0965530396208591e-23, nan 
-115.625, 74.875, 1.1331012685796712e-23, nan 
-115.375, 74.875, 1.18108694026387e-23, nan 
-115.125, 74.875, 1.7573188674869395e-23, nan 
-114.875, 74.875, 1.3311325651082452e-23, nan 
-114.625, 74.875, 1.1834383626145345e-23, nan 
-114.375, 74.875, 1.2248723304853539e-23, nan 
-114.125, 74.875, 1.6807151504052028e-23, nan 
-113.875, 74.875, 1.2764660452995614e-23, nan 
-113.625, 74.875, 1.9779178182309982e-23, nan 
-113.375, 74.875, 2.254984467376798e-23, nan 
-113.125, 74.875, 2.6047985279388293e-23, nan 
-112.875, 74.875, 3.3401334138102157e-23, nan 
-112.625, 74.875, 4.41495214624478e-23, nan 
-112.375, 74.875, 2.7167027023963075e-23, nan 
-112.125, 74.875, 3.056656692006072e-23, nan 
-111.875, 74.875, 6.932856961902873e-23, nan 
-111.625, 74.875, 5.650607466233156e-23, nan 
-111.375, 74.875, 1.9838115385723504e-23, nan 
-111.125, 74.875, 8.737714651475764e-23, nan 
-110.875, 74.875, 9.793167567558206e-23, nan 
-110.625, 74.875, 3.618541781449455e-23, nan 
-110.375, 74.875, 6.992422215263373e-23, nan 
-110.125, 74.875, 8.675653153223452e-23, nan 
-109.875, 74.875, 5.276601099664611e-23, nan 
-109.625, 74.875, 4.340590568718684e-23, nan 
-109.375, 74.875, 3.7102608371342466e-23, nan 
-109.125, 74.875, 2.838884247603254e-23, nan 
-108.875, 74.875, 4.310315959900265e-23, nan 
-108.625, 74.875, 4.6474356584706036e-23, nan 
-108.375, 74.875, 1.7674373808683202e-23, nan 
-108.125, 74.875, 2.4447508783560747e-23, nan 
-107.875, 74.875, 3.0060487402079586e-23, nan 
-107.625, 74.875, 1.392656745065914e-23, nan 
-107.375, 74.875, 1.1397623865071829e-23, nan 
-107.125, 74.875, 1.0735223254537097e-23, nan 
-106.875, 74.875, 1.413219961770603e-23, nan 
-106.625, 74.875, 4.1813590340713237e-23, nan 
-106.375, 74.875, 4.1533015102189377e-23, nan 
-106.125, 74.875, 2.05689874224931e-23, nan 
-105.875, 74.875, 4.6054891361245664e-23, nan 
-105.625, 74.875, 4.383085820110346e-23, nan 
-105.375, 74.875, 2.3723781537952772e-23, nan 
-105.125, 74.875, 2.1589830848400888e-23, nan 
-104.875, 74.875, 2.6884086212934305e-23, nan 
-104.625, 74.875, 2.5678503138098378e-23, nan 
-104.375, 74.875, 4.2773667614181995e-23, nan 
-104.125, 74.875, 3.9674997081809426e-23, nan 
-103.875, 74.875, 4.25548411724851e-23, nan 
-103.625, 74.875, 4.9022470244725046e-23, nan 
-103.375, 74.875, 3.571961068030171e-23, nan 
-103.125, 74.875, 3.4016955452072816e-23, nan 
-102.875, 74.875, 3.851320085325516e-23, nan 
-102.625, 74.875, 1.7533381122516122e-23, nan 
-102.375, 74.875, 3.339475453240125e-23, nan 
-102.125, 74.875, 2.907081826347997e-23, nan 
-101.875, 74.875, 2.290454857703355e-23, nan 
-101.625, 74.875, 4.6339964828838694e-23, nan 
-101.375, 74.875, 3.0006505157883125e-23, nan 
-101.125, 74.875, 2.766746244104162e-23, nan 
-100.875, 74.875, 5.173299059917482e-23, nan 
-100.625, 74.875, 4.1950051914132864e-23, nan 
-100.375, 74.875, 1.5589386286762878e-23, nan 
-100.125, 74.875, 2.475247419585169e-23, nan 
-99.875, 74.875, 2.1014302770639794e-23, nan 
-99.625, 74.875, 2.848263041368556e-23, nan 
-99.375, 74.875, 3.3307687171249185e-23, nan 
-99.125, 74.875, 2.3200634659488153e-23, nan 
-98.875, 74.875, 3.9041206371852914e-23, nan 
-98.625, 74.875, 3.22942701396761e-23, nan 
-98.375, 74.875, 2.4286023477145174e-23, nan 
-98.125, 74.875, 3.30499538799101e-23, nan 
-97.875, 74.875, 3.565466863504391e-23, nan 
-97.625, 74.875, 4.2696183529463793e-23, nan 
-97.375, 74.875, 4.67945390909629e-23, nan 
-97.125, 74.875, 3.631490803829538e-23, nan 
-96.875, 74.875, 3.220551138452291e-23, nan 
-96.625, 74.875, 3.520061344426666e-23, nan 
-96.375, 74.875, 2.9262861540538076e-23, nan 
-96.125, 74.875, 1.5808801299664026e-23, nan 
-95.875, 74.875, 3.84110765411783e-23, nan 
-95.625, 74.875, 5.736668827690289e-23, nan 
-95.375, 74.875, 4.6687968862325037e-23, nan 
-95.125, 74.875, 4.7197164993146896e-23, nan 
-94.875, 74.875, 7.914424127570519e-23, nan 
-94.625, 74.875, 6.668350233919193e-23, nan 
-94.375, 74.875, 3.2158385815500935e-23, nan 
-94.125, 74.875, 3.9857562193411386e-23, nan 
-93.875, 74.875, 3.0438965976505634e-23, nan 
-93.625, 74.875, 1.6059799316511335e-23, nan 
-93.375, 74.875, 1.6608343705964847e-23, nan 
-93.125, 74.875, 1.0194420041936806e-23, nan 
-92.875, 74.875, 2.1161696748471035e-23, nan 
-92.625, 74.875, 2.3414153459108438e-23, nan 
-92.375, 74.875, 1.488293314724304e-23, nan 
-92.125, 74.875, 3.6843957757091557e-23, nan 
-91.875, 74.875, 5.143765205397481e-23, nan 
-91.625, 74.875, 3.3991791468907183e-23, nan 
-91.375, 74.875, 2.96025743948506e-23, nan 
-91.125, 74.875, 4.520424205430043e-23, nan 
-90.875, 74.875, 3.312977759851449e-23, nan 
-90.625, 74.875, 2.878355772193228e-23, nan 
-90.375, 74.875, 2.801739054369635e-23, nan 
-90.125, 74.875, 4.371234401145157e-23, nan 
-89.875, 74.875, 4.5069012410474844e-23, nan 
-89.625, 74.875, 2.044895430777289e-23, nan 
-89.375, 74.875, 6.921489018654526e-23, nan 
-89.125, 74.875, 6.286190776756495e-23, nan 
-88.875, 74.875, 1.0626154722335478e-22, nan 
-88.625, 74.875, 5.740657551202689e-23, nan 
-88.375, 74.875, 2.572478894187819e-22, nan 
-88.125, 74.875, 1.298555298137308e-22, nan 
-87.875, 74.875, 1.510113369035853e-22, nan 
-87.625, 74.875, 7.074951271908603e-23, nan 
-87.375, 74.875, 9.403818774926676e-23, nan 
-87.125, 74.875, 1.0057721617688815e-22, nan 
-86.875, 74.875, 7.785874330210033e-23, nan 
-86.625, 74.875, 6.518411136802512e-23, nan 
-86.375, 74.875, 8.648907994903976e-23, nan 
-86.125, 74.875, 1.071911812588843e-22, nan 
-85.875, 74.875, 1.0152688072907298e-22, nan 
-85.625, 74.875, 1.2832756172124691e-22, nan 
-85.375, 74.875, 1.916432072485647e-22, nan 
-85.125, 74.875, 2.4070537318556774e-22, nan 
-84.875, 74.875, 2.458396297534989e-22, nan 
-84.625, 74.875, 1.9998085644207604e-22, nan 
-84.375, 74.875, 2.1104625078570243e-22, nan 
-84.125, 74.875, 3.6038653459771663e-22, nan 
-83.875, 74.875, 3.1858565400748006e-22, nan 
-83.625, 74.875, 1.849380038561011e-22, nan 
-83.375, 74.875, 2.1201131680755975e-22, nan 
-83.125, 74.875, 2.3069757980313946e-22, nan 
-82.875, 74.875, 1.7768640955873995e-22, nan 
-82.625, 74.875, 9.996379873355613e-23, nan 
-82.375, 74.875, 1.4048789934458089e-22, nan 
-82.125, 74.875, 1.2653728985135428e-22, nan 
-81.875, 74.875, 1.0168661954777384e-22, nan 
-81.625, 74.875, 1.116437932235397e-22, nan 
-81.375, 74.875, 1.1212938498752752e-22, nan 
-81.125, 74.875, 1.114088412103768e-22, nan 
-80.875, 74.875, 1.484298763991018e-22, nan 
-80.625, 74.875, 1.0771102793687406e-22, nan 
-80.375, 74.875, 1.1254724248451484e-22, nan 
-80.125, 74.875, 1.6189432173093162e-22, nan 
-79.875, 74.875, 1.1142782977721457e-22, nan 
-79.625, 74.875, 5.045686018868778e-23, nan 
-79.375, 74.875, 1.0094640918106184e-22, nan 
-79.125, 74.875, 1.0964926909907569e-22, nan 
-78.875, 74.875, 1.2038994987528935e-22, nan 
-78.625, 74.875, 1.1482588800233907e-22, nan 
-78.375, 74.875, 1.7453446628240073e-22, nan 
-78.125, 74.875, 1.6264594481445978e-22, nan 
-77.875, 74.875, 5.331006970296072e-23, nan 
-77.625, 74.875, 7.317858582965996e-23, nan 
-77.375, 74.875, 1.0922086718252222e-22, nan 
-77.125, 74.875, 7.972182276670734e-23, nan 
-76.875, 74.875, 1.302888505794128e-22, nan 
-76.625, 74.875, 1.443887366530256e-22, nan 
-76.375, 74.875, 1.0118217777563002e-22, nan 
-76.125, 74.875, 5.729243137245958e-23, nan 
-75.875, 74.875, 2.0159200943147232e-22, nan 
-75.625, 74.875, 7.247681389322572e-23, nan 
-75.375, 74.875, 2.0534097399284515e-22, nan 
-75.125, 74.875, 4.0395649693399096e-22, nan 
-74.875, 74.875, 1.4822904752540467e-22, nan 
-74.625, 74.875, 1.4708554647446204e-22, nan 
-74.375, 74.875, 2.0389338483099496e-22, nan 
-74.125, 74.875, 1.0948593748811874e-22, nan 
-73.875, 74.875, 7.848892927127571e-23, nan 
-73.625, 74.875, 5.804391511157684e-23, nan 
-73.375, 74.875, 8.987336837684422e-23, nan 
-73.125, 74.875, 9.06850265422774e-23, nan 
-72.875, 74.875, 5.454530548214602e-23, nan 
-72.625, 74.875, 1.0274383404668277e-22, nan 
-72.375, 74.875, 1.6251739938449582e-22, nan 
-72.125, 74.875, 1.2538577850389223e-22, nan 
-71.875, 74.875, 9.23564123138284e-23, nan 
-71.625, 74.875, 1.2276552303056643e-22, nan 
-71.375, 74.875, 1.439891093500875e-22, nan 
-71.125, 74.875, 2.4890993438022836e-22, nan 
-70.875, 74.875, 4.9180544082238435e-22, nan 
-70.625, 74.875, 4.123394156155924e-22, nan 
-70.375, 74.875, 5.248199260822009e-22, nan 
-70.125, 74.875, 7.111788346169283e-22, nan 
-69.875, 74.875, 2.8101378486889337e-21, nan 
-69.625, 74.875, 1.489018067329649e-21, nan 
-69.375, 74.875, 3.2987120329065866e-22, nan 
-69.125, 74.875, 5.392965193506933e-21, nan 
-68.875, 74.875, 2.926156697174782e-21, nan 
-68.625, 74.875, 5.734101449496086e-22, nan 
-68.375, 74.875, 4.161970537437851e-21, nan 
-68.125, 74.875, 2.473852061077374e-21, nan 
-67.875, 74.875, 1.1487436432867466e-21, nan 
-67.625, 74.875, 9.631831861890606e-22, nan 
-67.375, 74.875, 1.0208081055018287e-21, nan 
-67.125, 74.875, 1.195314681652839e-21, nan 
-66.875, 74.875, 8.816629820075285e-22, nan 
-66.625, 74.875, 5.909977079520399e-22, nan 
-66.375, 74.875, 2.6182165503285087e-22, nan 
-66.125, 74.875, 1.4990404330631452e-22, nan 
-65.875, 74.875, 1.8094600061402544e-22, nan 
-65.625, 74.875, 2.177076552269158e-22, nan 
-65.375, 74.875, 2.77388099336773e-22, nan 
-65.125, 74.875, 3.054718730344915e-22, nan 
-64.875, 74.875, 3.249190701202841e-22, nan 
-64.625, 74.875, 2.958810289107421e-22, nan 
-64.375, 74.875, 3.4493870833499213e-22, nan 
-64.125, 74.875, 3.8542914964946376e-22, nan 
-63.875, 74.875, 2.8570911928293136e-22, nan 
-63.625, 74.875, 2.1369697253452316e-22, nan 
-63.375, 74.875, 3.037343531144868e-22, nan 
-63.125, 74.875, 3.3594467819039968e-22, nan 
-62.875, 74.875, 4.1514412169849573e-22, nan 
-62.625, 74.875, 6.622849815099838e-22, nan 
-62.375, 74.875, 5.95416538046704e-22, nan 
-62.125, 74.875, 8.596473440172447e-22, nan 
-61.875, 74.875, 1.3019658958221267e-21, nan 
-61.625, 74.875, 1.3828487241907867e-21, nan 
-61.375, 74.875, 1.7393533957961248e-21, nan 
-61.125, 74.875, 1.854373209351186e-21, nan 
-60.875, 74.875, 1.948538665884892e-21, nan 
-60.625, 74.875, 1.9838534968409696e-21, nan 
-60.375, 74.875, 1.7951089338313015e-21, nan 
-60.125, 74.875, 1.6873636946771994e-21, nan 
-59.875, 74.875, 2.0008003077676833e-21, nan 
-59.625, 74.875, 1.8714535561920816e-21, nan 
-59.375, 74.875, 1.8355637412037838e-21, nan 
-59.125, 74.875, 1.6493966341842664e-21, nan 
-58.875, 74.875, 1.3853983659102341e-21, nan 
-58.625, 74.875, 1.4414484765596266e-21, nan 
-58.375, 74.875, 1.3329607428104258e-21, nan 
-58.125, 74.875, 1.9607218259014725e-21, nan 
-57.875, 74.875, 2.3301940298230156e-21, nan 
-57.625, 74.875, 2.762869496764053e-21, nan 
-57.375, 74.875, 3.4327925452481255e-21, nan 
-57.125, 74.875, 3.0963105707642222e-21, nan 
-56.875, 74.875, 3.449904074848274e-21, nan 
-56.625, 74.875, 1.748652893893934e-21, nan 
-56.375, 74.875, 1.8795672568239656e-21, nan 
-56.125, 74.875, 1.9403826665287954e-21, nan 
-55.875, 74.875, 2.0388120554011094e-21, nan 
-55.625, 74.875, 2.9801253644132185e-21, nan 
-55.375, 74.875, 2.8449640198042937e-21, nan 
-55.125, 74.875, 2.7595875777657575e-21, nan 
-54.875, 74.875, 3.840643032062748e-21, nan 
-54.625, 74.875, 3.2922635786005896e-21, nan 
-54.375, 74.875, 4.188859383069439e-21, nan 
-54.125, 74.875, 3.684658813186933e-21, nan 
-53.875, 74.875, 2.5913219699225916e-21, nan 
-53.625, 74.875, 6.11748606866123e-21, nan 
-53.375, 74.875, 4.53899280354671e-21, nan 
-53.125, 74.875, 6.137215463979318e-21, nan 
-52.875, 74.875, 9.681911594822067e-21, nan 
-52.625, 74.875, 8.12066767961038e-21, nan 
-52.375, 74.875, 8.047283313856049e-21, nan 
-52.125, 74.875, 3.796701257236396e-21, nan 
-51.875, 74.875, 5.483899292187073e-21, nan 
-51.625, 74.875, 5.2195404405587635e-21, nan 
-51.375, 74.875, 5.177193233857992e-21, nan 
-51.125, 74.875, 6.871757990943215e-21, nan 
-50.875, 74.875, 7.08217533898617e-21, nan 
-50.625, 74.875, 6.3874892836249836e-21, nan 
-50.375, 74.875, 6.298518860502881e-21, nan 
-50.125, 74.875, 6.7624845545166174e-21, nan 
-49.875, 74.875, 1.0146185602293634e-20, nan 
-49.625, 74.875, 1.1847932359748418e-20, nan 
-49.375, 74.875, 1.766982776480741e-20, nan 
-49.125, 74.875, 1.9481346400561973e-20, nan 
-48.875, 74.875, 2.126121108133171e-20, nan 
-48.625, 74.875, 2.553061227811798e-20, nan 
-48.375, 74.875, 2.3207279558583996e-20, nan 
-48.125, 74.875, 2.338169047169112e-20, nan 
-47.875, 74.875, 1.1653053803933092e-20, nan 
-47.625, 74.875, 5.625918482718648e-21, nan 
-47.375, 74.875, 1.0683858695073398e-20, nan 
-47.125, 74.875, 2.1401729989950612e-20, nan 
-46.875, 74.875, 2.9625791076726456e-20, nan 
-46.625, 74.875, 2.1138948188984726e-20, nan 
-46.375, 74.875, 2.5886879643047943e-20, nan 
-46.125, 74.875, 3.4971886148729026e-20, nan 
-45.875, 74.875, 2.3707100508039354e-20, nan 
-45.625, 74.875, 1.5228893792853603e-20, nan 
-45.375, 74.875, 1.7511713165541984e-20, nan 
-45.125, 74.875, 2.5203037790972005e-20, nan 
-44.875, 74.875, 3.169396414043567e-20, nan 
-44.625, 74.875, 2.0557237496378386e-20, nan 
-44.375, 74.875, 1.6519470569835735e-20, nan 
-44.125, 74.875, 2.5406358085917914e-20, nan 
-43.875, 74.875, 3.447288342276192e-20, nan 
-43.625, 74.875, 5.697234286051335e-20, nan 
-43.375, 74.875, 6.424626891408597e-20, nan 
-43.125, 74.875, 5.783655531482009e-20, nan 
-42.875, 74.875, 6.974307363484177e-20, nan 
-42.625, 74.875, 6.849538515733257e-20, nan 
-42.375, 74.875, 6.179214500503612e-20, nan 
-42.125, 74.875, 5.109964184157337e-20, nan 
-41.875, 74.875, 1.0279339577255985e-19, nan 
-41.625, 74.875, 6.615017117301163e-20, nan 
-41.375, 74.875, 4.590758556543618e-20, nan 
-41.125, 74.875, 9.831633508584664e-20, nan 
-40.875, 74.875, 9.054835756055606e-20, nan 
-40.625, 74.875, 1.0289090232598127e-19, nan 
-40.375, 74.875, 9.92097028265153e-20, nan 
-40.125, 74.875, 6.836660282719257e-20, nan 
-39.875, 74.875, 8.929880504324812e-20, nan 
-39.625, 74.875, 9.047004417540064e-20, nan 
-39.375, 74.875, 6.742109587469815e-20, nan 
-39.125, 74.875, 8.365892488739213e-20, nan 
-38.875, 74.875, 8.994570923171997e-20, nan 
-38.625, 74.875, 6.152339065221942e-20, nan 
-38.375, 74.875, 5.685066501507481e-20, nan 
-38.125, 74.875, 4.652943378679033e-20, nan 
-37.875, 74.875, 5.889741577708645e-20, nan 
-37.625, 74.875, 8.282177418227587e-20, nan 
-37.375, 74.875, 7.717122595723869e-20, nan 
-37.125, 74.875, 5.856141225095477e-20, nan 
-36.875, 74.875, 6.85385413157413e-20, nan 
-36.625, 74.875, 1.1881675825005618e-19, nan 
-36.375, 74.875, 8.067092454557114e-20, nan 
-36.125, 74.875, 1.1408188056400913e-19, nan 
-35.875, 74.875, 1.092754348427667e-19, nan 
-35.625, 74.875, 9.685747817071399e-20, nan 
-35.375, 74.875, 1.8916118782043687e-19, nan 
-35.125, 74.875, 1.8827727590811324e-19, nan 
-34.875, 74.875, 2.2116296905381424e-19, nan 
-34.625, 74.875, 1.5861240275364685e-19, nan 
-34.375, 74.875, 2.6411156527605607e-19, nan 
-34.125, 74.875, 3.8260288231121384e-19, nan 
-33.875, 74.875, 4.5173687678276255e-19, nan 
-33.625, 74.875, 4.955310497382736e-19, nan 
-33.375, 74.875, 5.245947699405835e-19, nan 
-33.125, 74.875, 8.155754187487132e-19, nan 
-32.875, 74.875, 9.927543800951797e-19, nan 
-32.625, 74.875, 5.038922020724188e-19, nan 
-32.375, 74.875, 6.427930488716929e-19, nan 
-32.125, 74.875, 6.1849536499036995e-19, nan 
-31.875, 74.875, 5.057534844784841e-19, nan 
-31.625, 74.875, 5.895140848718502e-19, nan 
-31.375, 74.875, 5.83873544652156e-19, nan 
-31.125, 74.875, 7.785215733718212e-19, nan 
-30.875, 74.875, 4.0344573347600382e-19, nan 
-30.625, 74.875, 4.3185416686683825e-19, nan 
-30.375, 74.875, 4.1823921639230746e-19, nan 
-30.125, 74.875, 5.318393895925576e-19, nan 
-29.875, 74.875, 4.0679329325439557e-19, nan 
-29.625, 74.875, 3.5965101873152573e-19, nan 
-29.375, 74.875, 4.2366577254415383e-19, nan 
-29.125, 74.875, 4.030479913058497e-19, nan 
-28.875, 74.875, 5.875720938742812e-19, nan 
-28.625, 74.875, 6.063589750929736e-19, nan 
-28.375, 74.875, 4.227608561676478e-19, nan 
-28.125, 74.875, 6.001003445879519e-19, nan 
-27.875, 74.875, 5.035825539293535e-19, nan 
-27.625, 74.875, 4.705694928862255e-19, nan 
-27.375, 74.875, 3.100110252106418e-19, nan 
-27.125, 74.875, 4.1286313794160676e-19, nan 
-26.875, 74.875, 5.39931035528316e-19, nan 
-26.625, 74.875, 4.662737991338624e-19, nan 
-26.375, 74.875, 3.750689058062282e-19, nan 
-26.125, 74.875, 4.470074084582195e-19, nan 
-25.875, 74.875, 5.790580113976626e-19, nan 
-25.625, 74.875, 6.263035795536737e-19, nan 
-25.375, 74.875, 5.074842892453538e-19, nan 
-25.125, 74.875, 5.232606237651654e-19, nan 
-24.875, 74.875, 5.820196395473395e-19, nan 
-24.625, 74.875, 5.0222745325602585e-19, nan 
-24.375, 74.875, 4.645303284605101e-19, nan 
-24.125, 74.875, 4.447572302035303e-19, nan 
-23.875, 74.875, 4.0321413232231664e-19, nan 
-23.625, 74.875, 3.940021610893276e-19, nan 
-23.375, 74.875, 3.68614160236029e-19, nan 
-23.125, 74.875, 3.570079114448591e-19, nan 
-22.875, 74.875, 1.7423072703660638e-19, nan 
-22.625, 74.875, 1.4601479484396167e-19, nan 
-22.375, 74.875, 4.814165173728473e-19, nan 
-22.125, 74.875, 2.6760088791517323e-19, nan 
-21.875, 74.875, 1.0008979016449202e-19, nan 
-21.625, 74.875, 4.364692276178419e-19, nan 
-21.375, 74.875, 4.875566053791175e-19, nan 
-21.125, 74.875, 3.9647612651499083e-19, nan 
-20.875, 74.875, 3.9786381352798895e-19, nan 
-20.625, 74.875, 3.7687368546769712e-19, nan 
-20.375, 74.875, 3.60595731876276e-19, nan 
-20.125, 74.875, 3.01330304584075e-19, nan 
-19.875, 74.875, 6.929002963953134e-19, nan 
-19.625, 74.875, 9.68482439165911e-19, nan 
-19.375, 74.875, 1.7027829782071605e-19, nan 
-19.125, 74.875, 2.978334750805032e-19, nan 
-18.875, 74.875, 2.500460041354688e-19, nan 
-18.625, 74.875, 1.3435852222993294e-19, nan 
-18.375, 74.875, 7.625689144151403e-20, nan 
-18.125, 74.875, 1.7623462224103327e-19, nan 
-17.875, 74.875, 2.2424957389160084e-19, nan 
-17.625, 74.875, 4.9601463702032e-19, nan 
-17.375, 74.875, 5.077549431239658e-19, nan 
-17.125, 74.875, 3.0011680318586914e-19, nan 
-16.875, 74.875, 6.678873901614216e-19, nan 
-16.625, 74.875, 7.9243569910581555e-19, nan 
-16.375, 74.875, 2.230123209895524e-19, nan 
-16.125, 74.875, 2.432582739285755e-19, nan 
-15.875, 74.875, 3.47020585078538e-19, nan 
-15.625, 74.875, 1.5633465540217138e-19, nan 
-15.375, 74.875, 9.430861971100997e-20, nan 
-15.125, 74.875, 2.9479452513475945e-19, nan 
-14.875, 74.875, 2.363957809825561e-19, nan 
-14.625, 74.875, 3.6786785507587644e-19, nan 
-14.375, 74.875, 3.540832756198071e-19, nan 
-14.125, 74.875, 2.277398215024193e-19, nan 
-13.875, 74.875, 3.1988366528940796e-19, nan 
-13.625, 74.875, 4.886243640093087e-19, nan 
-13.375, 74.875, 1.0498342439473467e-18, nan 
-13.125, 74.875, 1.0845304097437104e-18, nan 
-12.875, 74.875, 1.0707771438508743e-18, nan 
-12.625, 74.875, 8.697499911619793e-19, nan 
-12.375, 74.875, 2.9535051720421623e-19, nan 
-12.125, 74.875, 1.5452079684892304e-19, nan 
-11.875, 74.875, 1.983367218348682e-19, nan 
-11.625, 74.875, 1.6028106092162918e-19, nan 
-11.375, 74.875, 1.011103991686167e-19, nan 
-11.125, 74.875, 1.2939037799732216e-19, nan 
-10.875, 74.875, 3.892195656170209e-20, nan 
-10.625, 74.875, 4.384725466032578e-20, nan 
-10.375, 74.875, 4.999378641603545e-20, nan 
-10.125, 74.875, 4.001165970468007e-20, nan 
-9.875, 74.875, 3.842097413678357e-20, nan 
-9.625, 74.875, 5.423077912251885e-20, nan 
-9.375, 74.875, 3.746045947782582e-20, nan 
-9.125, 74.875, 2.757303316409321e-20, nan 
-8.875, 74.875, 1.9539706649571402e-20, nan 
-8.625, 74.875, 2.6186574755533576e-20, nan 
-8.375, 74.875, 2.458167724329834e-20, nan 
-8.125, 74.875, 2.3821892405760312e-20, nan 
-7.875, 74.875, 2.1098378483362292e-20, nan 
-7.625, 74.875, 1.9456959182463556e-20, nan 
-7.375, 74.875, 1.849435969782108e-20, nan 
-7.125, 74.875, 2.228532857881158e-20, nan 
-6.875, 74.875, 2.825677271368082e-20, nan 
-6.625, 74.875, 2.8851453871294713e-20, nan 
-6.375, 74.875, 4.0373148244957506e-20, nan 
-6.125, 74.875, 3.9425480723575524e-20, nan 
-5.875, 74.875, 3.107795779617151e-20, nan 
-5.625, 74.875, 3.605386858417758e-20, nan 
-5.375, 74.875, 3.394378322615975e-20, nan 
-5.125, 74.875, 2.0334455879109085e-20, nan 
-4.875, 74.875, 7.021539775313139e-21, nan 
-4.625, 74.875, 6.764751380791961e-21, nan 
-4.375, 74.875, 1.2455530073256699e-20, nan 
-4.125, 74.875, 1.8712991857191373e-20, nan 
-3.875, 74.875, 8.90202280842235e-21, nan 
-3.625, 74.875, 1.4632508400401832e-20, nan 
-3.375, 74.875, 9.535070951740453e-21, nan 
-3.125, 74.875, 7.12859949050711e-21, nan 
-2.875, 74.875, 1.687032759242042e-20, nan 
-2.625, 74.875, 7.819521491893346e-21, nan 
-2.375, 74.875, 6.586080625334543e-21, nan 
-2.125, 74.875, 7.279709352408474e-21, nan 
-1.875, 74.875, 3.264404894625188e-21, nan 
-1.625, 74.875, 2.4776885821490935e-21, nan 
-1.375, 74.875, 3.7360246544807875e-21, nan 
-1.125, 74.875, 4.0364409217846344e-21, nan 
-0.875, 74.875, 5.548837253421258e-21, nan 
-0.625, 74.875, 7.307335078535124e-21, nan 
-0.375, 74.875, 1.2119733185130791e-20, nan 
-0.125, 74.875, 6.958715868079534e-21, nan 
0.125, 74.875, 8.846483840575022e-21, nan 
0.375, 74.875, 1.0968632901711227e-20, nan 
0.625, 74.875, 6.106173243598653e-21, nan 
0.875, 74.875, 9.280822515973995e-21, nan 
1.125, 74.875, 2.4735617059154266e-21, nan 
1.375, 74.875, 4.151133600604326e-21, nan 
1.625, 74.875, 8.435206917248947e-21, nan 
1.875, 74.875, 7.485388176123904e-21, nan 
2.125, 74.875, 3.790138515807005e-21, nan 
2.375, 74.875, 2.66821973889874e-21, nan 
2.625, 74.875, 3.1153793760791987e-21, nan 
2.875, 74.875, 3.3353382030034784e-21, nan 
3.125, 74.875, 2.0200874165346208e-21, nan 
3.375, 74.875, 1.742154946493212e-21, nan 
3.625, 74.875, 2.8750303107114567e-21, nan 
3.875, 74.875, 3.3293335479035346e-21, nan 
4.125, 74.875, 3.2682036999360027e-21, nan 
4.375, 74.875, 3.0971853638607755e-21, nan 
4.625, 74.875, 3.652003041987835e-21, nan 
4.875, 74.875, 4.487316937250322e-21, nan 
5.125, 74.875, 3.1596266507744628e-21, nan 
5.375, 74.875, 3.72558031064424e-21, nan 
5.625, 74.875, 3.731347074651201e-21, nan 
5.875, 74.875, 3.586097933739256e-21, nan 
6.125, 74.875, 2.7448959409293137e-21, nan 
6.375, 74.875, 1.3764488916566986e-21, nan 
6.625, 74.875, 2.4940971658301957e-21, nan 
6.875, 74.875, 1.180595408225389e-21, nan 
7.125, 74.875, 1.2524778165492888e-21, nan 
7.375, 74.875, 5.3984015643759e-22, nan 
7.625, 74.875, 8.303835822174916e-22, nan 
7.875, 74.875, 1.01112793991662e-21, nan 
8.125, 74.875, 9.703476937967596e-22, nan 
8.375, 74.875, 1.0327798458835493e-21, nan 
8.625, 74.875, 1.4706950405876718e-21, nan 
8.875, 74.875, 2.1198617289961745e-21, nan 
9.125, 74.875, 1.8161230894694022e-21, nan 
9.375, 74.875, 1.6029782863747044e-21, nan 
9.625, 74.875, 1.3177272047680067e-21, nan 
9.875, 74.875, 2.1054199289637012e-21, nan 
10.125, 74.875, 1.5405555190131513e-21, nan 
10.375, 74.875, 1.3690536715298266e-21, nan 
10.625, 74.875, 1.9819970143330743e-21, nan 
10.875, 74.875, 1.6298464125167896e-21, nan 
11.125, 74.875, 1.0463825798397591e-21, nan 
11.375, 74.875, 1.2724579394044457e-21, nan 
11.625, 74.875, 1.497123198054541e-21, nan 
11.875, 74.875, 2.7193871085281114e-21, nan 
12.125, 74.875, 2.516927645629874e-21, nan 
12.375, 74.875, 2.619516193313163e-21, nan 
12.625, 74.875, 3.3320481435418467e-21, nan 
12.875, 74.875, 3.0940026311723447e-21, nan 
13.125, 74.875, 3.774792757107934e-21, nan 
13.375, 74.875, 3.783676975866842e-21, nan 
13.625, 74.875, 3.184096863584198e-21, nan 
13.875, 74.875, 3.485534613888152e-21, nan 
14.125, 74.875, 6.684800706916281e-21, nan 
14.375, 74.875, 6.612026681361931e-21, nan 
14.625, 74.875, 4.20169663154984e-21, nan 
14.875, 74.875, 7.000987102079003e-21, nan 
15.125, 74.875, 8.719067043088672e-21, nan 
15.375, 74.875, 1.778559837679874e-21, nan 
15.625, 74.875, 3.120236266131489e-21, nan 
15.875, 74.875, 4.362661032492936e-21, nan 
16.125, 74.875, 1.3358771409937795e-21, nan 
16.375, 74.875, 1.0319397311493563e-21, nan 
16.625, 74.875, 9.760125281009523e-22, nan 
16.875, 74.875, 8.746671086976493e-22, nan 
17.125, 74.875, 1.482324097902169e-21, nan 
17.375, 74.875, 1.233307997554666e-21, nan 
17.625, 74.875, 9.547593709717793e-22, nan 
17.875, 74.875, 4.777853936172242e-22, nan 
18.125, 74.875, 6.696940995273858e-22, nan 
18.375, 74.875, 5.78381482167249e-22, nan 
18.625, 74.875, 2.144911452128135e-22, nan 
18.875, 74.875, 3.658366264510033e-22, nan 
19.125, 74.875, 3.409831472553155e-22, nan 
19.375, 74.875, 3.335650765764761e-22, nan 
19.625, 74.875, 2.102243836027822e-22, nan 
19.875, 74.875, 1.367929981623968e-22, nan 
20.125, 74.875, 2.1393963153297876e-22, nan 
20.375, 74.875, 1.2875818657044507e-22, nan 
20.625, 74.875, 1.947395653792259e-22, nan 
20.875, 74.875, 1.4374548699901372e-22, nan 
21.125, 74.875, 6.247970328244366e-23, nan 
21.375, 74.875, 2.7810579309419956e-22, nan 
21.625, 74.875, 4.0759565306396765e-22, nan 
21.875, 74.875, 4.0814609037626844e-22, nan 
22.125, 74.875, 4.457975938775847e-22, nan 
22.375, 74.875, 3.658332821259272e-22, nan 
22.625, 74.875, 3.4489814165370035e-22, nan 
22.875, 74.875, 2.807822265964219e-22, nan 
23.125, 74.875, 1.2685909852043904e-22, nan 
23.375, 74.875, 1.641348964048622e-22, nan 
23.625, 74.875, 1.669060800203165e-22, nan 
23.875, 74.875, 1.9955114647937865e-22, nan 
24.125, 74.875, 1.6388574995818414e-22, nan 
24.375, 74.875, 2.527306439723102e-22, nan 
24.625, 74.875, 2.0437036550128813e-22, nan 
24.875, 74.875, 1.7926542778762737e-22, nan 
25.125, 74.875, 1.873475673294809e-22, nan 
25.375, 74.875, 1.8719484431450103e-22, nan 
25.625, 74.875, 1.4686521184200374e-22, nan 
25.875, 74.875, 1.6048665579894307e-22, nan 
26.125, 74.875, 2.5465724495173695e-22, nan 
26.375, 74.875, 1.8092938420302474e-22, nan 
26.625, 74.875, 1.4527607226518352e-22, nan 
26.875, 74.875, 2.215465680838208e-22, nan 
27.125, 74.875, 2.7062335770715894e-22, nan 
27.375, 74.875, 1.8862340338011383e-22, nan 
27.625, 74.875, 1.2038015504240275e-22, nan 
27.875, 74.875, 1.7692710848128222e-22, nan 
28.125, 74.875, 1.7602115826789899e-22, nan 
28.375, 74.875, 9.337330677971112e-23, nan 
28.625, 74.875, 1.3323467631553167e-22, nan 
28.875, 74.875, 7.109024752168501e-23, nan 
29.125, 74.875, 6.793873839529913e-23, nan 
29.375, 74.875, 1.2999433207141769e-22, nan 
29.625, 74.875, 4.101216321068239e-23, nan 
29.875, 74.875, 5.929069761211591e-23, nan 
30.125, 74.875, 6.030895886355224e-23, nan 
30.375, 74.875, 5.951699729011445e-23, nan 
30.625, 74.875, 1.859410209642903e-23, nan 
30.875, 74.875, 2.0405397875947354e-23, nan 
31.125, 74.875, 6.98961357191341e-23, nan 
31.375, 74.875, 1.776945036616026e-22, nan 
31.625, 74.875, 6.449105823638776e-23, nan 
31.875, 74.875, 3.2611001327856756e-23, nan 
32.125, 74.875, 7.030591054708015e-23, nan 
32.375, 74.875, 5.2567834561420785e-23, nan 
32.625, 74.875, 5.23477085039752e-23, nan 
32.875, 74.875, 6.425167005226288e-23, nan 
33.125, 74.875, 3.7859358276752016e-23, nan 
33.375, 74.875, 2.7537870782936697e-23, nan 
33.625, 74.875, 3.9329372906879476e-23, nan 
33.875, 74.875, 5.628254005937378e-23, nan 
34.125, 74.875, 5.795400864717996e-23, nan 
34.375, 74.875, 6.685692175013844e-23, nan 
34.625, 74.875, 1.0636030347896608e-22, nan 
34.875, 74.875, 1.5349446855779422e-22, nan 
35.125, 74.875, 1.3504589479265638e-22, nan 
35.375, 74.875, 1.0717167337956634e-22, nan 
35.625, 74.875, 1.3384452828964513e-22, nan 
35.875, 74.875, 1.4883738768786376e-22, nan 
36.125, 74.875, 1.9645810028331956e-22, nan 
36.375, 74.875, 1.3316185655140622e-22, nan 
36.625, 74.875, 1.3216383396488988e-22, nan 
36.875, 74.875, 2.608882325406897e-22, nan 
37.125, 74.875, 2.2461720094681835e-22, nan 
37.375, 74.875, 1.9838338608684463e-22, nan 
37.625, 74.875, 1.5204686388684248e-22, nan 
37.875, 74.875, 1.5119863504422214e-22, nan 
38.125, 74.875, 1.4019770705700349e-22, nan 
38.375, 74.875, 9.16821516989717e-23, nan 
38.625, 74.875, 1.0534699052206702e-22, nan 
38.875, 74.875, 5.624329616343256e-23, nan 
39.125, 74.875, 5.727182482760708e-23, nan 
39.375, 74.875, 6.127432346753535e-23, nan 
39.625, 74.875, 3.604095450509972e-23, nan 
39.875, 74.875, 1.1282388395715766e-22, nan 
40.125, 74.875, 8.675272790928964e-23, nan 
40.375, 74.875, 8.103321564225913e-23, nan 
40.625, 74.875, 1.443228353437307e-22, nan 
40.875, 74.875, 9.801372323435676e-23, nan 
41.125, 74.875, 1.265778655791473e-22, nan 
41.375, 74.875, 7.524614012703998e-23, nan 
41.625, 74.875, 6.630100293588048e-23, nan 
41.875, 74.875, 7.59344960721893e-23, nan 
42.125, 74.875, 3.904789668463527e-23, nan 
42.375, 74.875, 5.596573612705544e-23, nan 
42.625, 74.875, 3.604992131614044e-23, nan 
42.875, 74.875, 3.376918386039113e-23, nan 
43.125, 74.875, 1.493371248852638e-23, nan 
43.375, 74.875, 3.093828322516485e-23, nan 
43.625, 74.875, 3.17516377147381e-23, nan 
43.875, 74.875, 2.268274306600333e-23, nan 
44.125, 74.875, 3.216710065753612e-23, nan 
44.375, 74.875, 4.1143379994428865e-23, nan 
44.625, 74.875, 2.9063133475021e-23, nan 
44.875, 74.875, 3.351382899824713e-23, nan 
45.125, 74.875, 5.86728422593422e-23, nan 
45.375, 74.875, 3.658066984715796e-23, nan 
45.625, 74.875, 1.9603037202810498e-23, nan 
45.875, 74.875, 2.125893126960933e-23, nan 
46.125, 74.875, 2.0132626416860067e-23, nan 
46.375, 74.875, 1.1969928964427027e-23, nan 
46.625, 74.875, 1.6661038717766955e-23, nan 
46.875, 74.875, 2.0215468562876983e-23, nan 
47.125, 74.875, 2.7163114125184646e-23, nan 
47.375, 74.875, 1.9362881161642564e-23, nan 
47.625, 74.875, 1.3267563452696354e-23, nan 
47.875, 74.875, 2.8132654976385e-23, nan 
48.125, 74.875, 1.4855470755385804e-23, nan 
48.375, 74.875, 1.2035846813448106e-23, nan 
48.625, 74.875, 1.0864094399895392e-23, nan 
48.875, 74.875, 1.7481556300205957e-23, nan 
49.125, 74.875, 1.5721563225131125e-23, nan 
49.375, 74.875, 1.5389707553943343e-23, nan 
49.625, 74.875, 9.492765816110723e-24, nan 
49.875, 74.875, 8.563135106874355e-24, nan 
50.125, 74.875, 5.588893432056758e-24, nan 
50.375, 74.875, 9.961268604693317e-24, nan 
50.625, 74.875, 1.0870836834265431e-23, nan 
50.875, 74.875, 1.4193709491259861e-23, nan 
51.125, 74.875, 1.5925728120722516e-23, nan 
51.375, 74.875, 1.7343680692974297e-23, nan 
51.625, 74.875, 1.6868709274495516e-23, nan 
51.875, 74.875, 1.415054673166388e-23, nan 
52.125, 74.875, 1.3051677709660857e-23, nan 
52.375, 74.875, 1.3331964499590746e-23, nan 
52.625, 74.875, 1.0440297553770228e-23, nan 
52.875, 74.875, 1.2641222715254292e-23, nan 
53.125, 74.875, 1.0655808379883656e-23, nan 
53.375, 74.875, 1.44445993991629e-23, nan 
53.625, 74.875, 1.744712830442997e-23, nan 
53.875, 74.875, 1.4376626746507915e-23, nan 
54.125, 74.875, 8.74361477475031e-24, nan 
54.375, 74.875, 9.567128048481608e-24, nan 
54.625, 74.875, 1.0602415185361598e-23, nan 
54.875, 74.875, 2.6989826829983486e-23, nan 
55.125, 74.875, 1.9746511325811342e-23, nan 
55.375, 74.875, 1.7061828227841384e-23, nan 
55.625, 74.875, 2.8314810038895134e-23, nan 
55.875, 74.875, 2.117365837402698e-23, nan 
56.125, 74.875, 1.7745601621467032e-23, nan 
56.375, 74.875, 2.4486379464648774e-23, nan 
56.625, 74.875, 3.57695995634131e-23, nan 
56.875, 74.875, 3.647086244019325e-23, nan 
57.125, 74.875, 2.1590204915566306e-23, nan 
57.375, 74.875, 3.8120994069211075e-23, nan 
57.625, 74.875, 4.4137944327867367e-23, nan 
57.875, 74.875, 1.491957112933983e-23, nan 
58.125, 74.875, 1.9177789566683643e-23, nan 
58.375, 74.875, 2.650044801448587e-23, nan 
58.625, 74.875, 1.489404397551082e-23, nan 
58.875, 74.875, 1.190439883920315e-23, nan 
59.125, 74.875, 7.79933806856862e-24, nan 
59.375, 74.875, 8.223949618858432e-24, nan 
59.625, 74.875, 1.2046172584729389e-23, nan 
59.875, 74.875, 1.7405896713019108e-23, nan 
60.125, 74.875, 2.354200115980794e-23, nan 
60.375, 74.875, 1.6120198501283464e-23, nan 
60.625, 74.875, 1.4090931681453878e-23, nan 
60.875, 74.875, 9.633048128250009e-24, nan 
61.125, 74.875, 5.9785991695003314e-24, nan 
61.375, 74.875, 6.84555192941627e-24, nan 
61.625, 74.875, 1.1269725763250128e-23, nan 
61.875, 74.875, 1.9588147237316035e-23, nan 
62.125, 74.875, 2.0540712060084677e-23, nan 
62.375, 74.875, 1.3728246671282142e-23, nan 
62.625, 74.875, 1.1142767400639116e-23, nan 
62.875, 74.875, 9.878415905080652e-24, nan 
63.125, 74.875, 1.0070461822656912e-23, nan 
63.375, 74.875, 1.1413966661168816e-23, nan 
63.625, 74.875, 1.5066117414762042e-23, nan 
63.875, 74.875, 2.1003204973327077e-23, nan 
64.125, 74.875, 2.189441735392096e-23, nan 
64.375, 74.875, 1.3651167434359343e-23, nan 
64.625, 74.875, 3.470686663930185e-23, nan 
64.875, 74.875, 4.358182494495298e-23, nan 
65.125, 74.875, 3.075205194209969e-23, nan 
65.375, 74.875, 2.963210891600026e-23, nan 
65.625, 74.875, 3.693439342252183e-23, nan 
65.875, 74.875, 2.539506403477398e-23, nan 
66.125, 74.875, 6.878704388078711e-24, nan 
66.375, 74.875, 9.624396250497342e-24, nan 
66.625, 74.875, 5.672697416710328e-24, nan 
66.875, 74.875, 3.256792280925591e-24, nan 
67.125, 74.875, 3.8152578084426055e-24, nan 
67.375, 74.875, 5.2781990591219866e-24, nan 
67.625, 74.875, 4.616500776124846e-24, nan 
67.875, 74.875, 7.321542704266962e-24, nan 
68.125, 74.875, 9.227887696159372e-24, nan 
68.375, 74.875, 3.673521051030783e-24, nan 
68.625, 74.875, 5.859188787539886e-24, nan 
68.875, 74.875, 1.0864804388902328e-23, nan 
69.125, 74.875, 4.768674309665848e-24, nan 
69.375, 74.875, 5.761412896577073e-24, nan 
69.625, 74.875, 6.656716169852033e-24, nan 
69.875, 74.875, 8.2478333655069e-24, nan 
70.125, 74.875, 7.96893808030564e-24, nan 
70.375, 74.875, 1.0606576049208652e-23, nan 
70.625, 74.875, 8.473495331585014e-24, nan 
70.875, 74.875, 1.302761884289908e-23, nan 
71.125, 74.875, 2.839925293234929e-23, nan 
71.375, 74.875, 2.76185958891207e-23, nan 
71.625, 74.875, 1.570959466484768e-23, nan 
71.875, 74.875, 3.340619555425e-23, nan 
72.125, 74.875, 3.247721800717037e-23, nan 
72.375, 74.875, 1.3255160040877955e-23, nan 
72.625, 74.875, 1.5896683229426922e-23, nan 
72.875, 74.875, 1.517163988957425e-23, nan 
73.125, 74.875, 7.571401859316096e-24, nan 
73.375, 74.875, 8.874676839145325e-24, nan 
73.625, 74.875, 5.2920761808194845e-24, nan 
73.875, 74.875, 8.177435895977352e-24, nan 
74.125, 74.875, 9.563189146332816e-24, nan 
74.375, 74.875, 1.0671367861745837e-23, nan 
74.625, 74.875, 1.0433812183054471e-23, nan 
74.875, 74.875, 1.315601440996492e-23, nan 
75.125, 74.875, 1.2920415597469254e-23, nan 
75.375, 74.875, 4.305547841758027e-24, nan 
75.625, 74.875, 5.682648826717704e-24, nan 
75.875, 74.875, 7.608950295338337e-24, nan 
76.125, 74.875, 3.428026858353686e-24, nan 
76.375, 74.875, 5.882772620386414e-24, nan 
76.625, 74.875, 5.3406382406923375e-24, nan 
76.875, 74.875, 9.599387400284492e-24, nan 
77.125, 74.875, 1.0021800296425931e-23, nan 
77.375, 74.875, 1.0501094375740022e-23, nan 
77.625, 74.875, 6.820511094987332e-24, nan 
77.875, 74.875, 8.042586513289495e-24, nan 
78.125, 74.875, 1.091147858543748e-23, nan 
78.375, 74.875, 5.5257022324568e-24, nan 
78.625, 74.875, 4.019017993485583e-24, nan 
78.875, 74.875, 4.995382416653252e-24, nan 
79.125, 74.875, 4.028205624426205e-24, nan 
79.375, 74.875, 4.355319224436994e-24, nan 
79.625, 74.875, 4.831172824109989e-24, nan 
79.875, 74.875, 3.811701286601053e-24, nan 
80.125, 74.875, 4.882748980376455e-24, nan 
80.375, 74.875, 4.496347752431812e-24, nan 
80.625, 74.875, 4.0128000348432384e-24, nan 
80.875, 74.875, 2.7491274111392862e-24, nan 
81.125, 74.875, 2.3674487333330517e-24, nan 
81.375, 74.875, 3.621363943798105e-24, nan 
81.625, 74.875, 5.1458983565121944e-24, nan 
81.875, 74.875, 3.99000304904531e-24, nan 
82.125, 74.875, 4.524817426839376e-24, nan 
82.375, 74.875, 5.526420756360875e-24, nan 
82.625, 74.875, 5.716690277538371e-24, nan 
82.875, 74.875, 4.7103801219225845e-24, nan 
83.125, 74.875, 6.1606598006842615e-24, nan 
83.375, 74.875, 9.170939705965075e-24, nan 
83.625, 74.875, 5.1547712125691555e-24, nan 
83.875, 74.875, 6.380996130991552e-24, nan 
84.125, 74.875, 7.140292525661856e-24, nan 
84.375, 74.875, 6.400119856596319e-24, nan 
84.625, 74.875, 6.638664879655777e-24, nan 
84.875, 74.875, 6.431232877858334e-24, nan 
85.125, 74.875, 5.9432678654341914e-24, nan 
85.375, 74.875, 6.977829424003151e-24, nan 
85.625, 74.875, 4.326497121968653e-24, nan 
85.875, 74.875, 3.271710952216427e-24, nan 
86.125, 74.875, 2.65479639364025e-24, nan 
86.375, 74.875, 4.201012807378844e-24, nan 
86.625, 74.875, 5.396043409596572e-24, nan 
86.875, 74.875, 6.416679734548436e-24, nan 
87.125, 74.875, 6.5295830171623685e-24, nan 
87.375, 74.875, 5.542486514807958e-24, nan 
87.625, 74.875, 5.5784847293659704e-24, nan 
87.875, 74.875, 6.974454977590323e-24, nan 
88.125, 74.875, 4.2986084929949804e-24, nan 
88.375, 74.875, 4.7579973326614646e-24, nan 
88.625, 74.875, 6.033917139257218e-24, nan 
88.875, 74.875, 2.9190785535577078e-24, nan 
89.125, 74.875, 3.9570535522092575e-24, nan 
89.375, 74.875, 3.874124427973636e-24, nan 
89.625, 74.875, 1.4366827049927754e-24, nan 
89.875, 74.875, 2.6452079586459933e-24, nan 
90.125, 74.875, 2.5989959878812626e-24, nan 
90.375, 74.875, 2.5128971122095867e-24, nan 
90.625, 74.875, 1.1441414281530093e-24, nan 
90.875, 74.875, 1.4040386247486042e-24, nan 
91.125, 74.875, 1.5021785044413e-24, nan 
91.375, 74.875, 1.4898554412268492e-24, nan 
91.625, 74.875, 1.2643481269652565e-24, nan 
91.875, 74.875, 1.739646694192799e-24, nan 
92.125, 74.875, 1.7857526049953298e-24, nan 
92.375, 74.875, 2.4925046044337518e-24, nan 
92.625, 74.875, 2.625464489658833e-24, nan 
92.875, 74.875, 2.3714242798663516e-24, nan 
93.125, 74.875, 1.2710091677628434e-24, nan 
93.375, 74.875, 2.4186921285243757e-24, nan 
93.625, 74.875, 2.2862695628896357e-24, nan 
93.875, 74.875, 2.4202449678118743e-24, nan 
94.125, 74.875, 3.232058257773008e-24, nan 
94.375, 74.875, 3.59049844722466e-24, nan 
94.625, 74.875, 2.1033440878928965e-24, nan 
94.875, 74.875, 2.1426350789118266e-24, nan 
95.125, 74.875, 2.3894918969446715e-24, nan 
95.375, 74.875, 1.1077783577591885e-24, nan 
95.625, 74.875, 1.2304645566158631e-24, nan 
95.875, 74.875, 5.596317772050791e-25, nan 
96.125, 74.875, 7.541704986117167e-25, nan 
96.375, 74.875, 1.7306742394725603e-24, nan 
96.625, 74.875, 2.5255537405871813e-24, nan 
96.875, 74.875, 2.780049324368077e-24, nan 
97.125, 74.875, 1.3153084550443634e-24, nan 
97.375, 74.875, 2.2221514852496356e-24, nan 
97.625, 74.875, 2.3657810162997038e-24, nan 
97.875, 74.875, 2.838480508205383e-24, nan 
98.125, 74.875, 4.1071877996255675e-24, nan 
98.375, 74.875, 7.165649262442214e-24, nan 
98.625, 74.875, 3.914599582560243e-24, nan 
98.875, 74.875, 4.726142626280132e-24, nan 
99.125, 74.875, 1.098076948676913e-23, nan 
99.375, 74.875, 6.953575576231816e-24, nan 
99.625, 74.875, 4.245228809370388e-24, nan 
99.875, 74.875, 6.270360735248915e-24, nan 
100.125, 74.875, 5.496629778915835e-24, nan 
100.375, 74.875, 5.623721848255205e-24, nan 
100.625, 74.875, 5.1259970463677874e-24, nan 
100.875, 74.875, 4.879356482922185e-24, nan 
101.125, 74.875, 5.698207052269872e-24, nan 
101.375, 74.875, 5.71501242817321e-24, nan 
101.625, 74.875, 4.6112389267564094e-24, nan 
101.875, 74.875, 2.2973010755005156e-24, nan 
102.125, 74.875, 9.419876864880708e-24, nan 
102.375, 74.875, 5.101802644962501e-24, nan 
102.625, 74.875, 5.219519040157451e-24, nan 
102.875, 74.875, 7.330463134780934e-24, nan 
103.125, 74.875, 5.005383777591525e-24, nan 
103.375, 74.875, 5.239127524873081e-24, nan 
103.625, 74.875, 2.609494332785624e-24, nan 
103.875, 74.875, 1.6551088192801306e-24, nan 
104.125, 74.875, 2.028473558475589e-24, nan 
104.375, 74.875, 1.4185976318959855e-24, nan 
104.625, 74.875, 1.6217040259586597e-24, nan 
104.875, 74.875, 1.9191084489336375e-24, nan 
105.125, 74.875, 2.1283607692830862e-24, nan 
105.375, 74.875, 1.7792396550833864e-24, nan 
105.625, 74.875, 3.0150763185394736e-24, nan 
105.875, 74.875, 1.9899686052729658e-24, nan 
106.125, 74.875, 3.1772603412435296e-24, nan 
-179.875, 75.125, 1.5001597981920382e-24, nan 
-179.625, 75.125, 1.4504727876104817e-24, nan 
-179.375, 75.125, 1.624278353384266e-24, nan 
-179.125, 75.125, 1.9226164325167443e-24, nan 
-178.875, 75.125, 2.0261144315246765e-24, nan 
-178.625, 75.125, 2.7724419628339283e-24, nan 
-178.375, 75.125, 2.290751093692091e-24, nan 
-178.125, 75.125, 3.7160440939209646e-24, nan 
-177.875, 75.125, 3.359573268494544e-24, nan 
-177.625, 75.125, 3.171701650422591e-24, nan 
-177.375, 75.125, 3.1067032139802614e-24, nan 
-177.125, 75.125, 2.6832971413984363e-24, nan 
-176.875, 75.125, 1.9367863374856728e-24, nan 
-176.625, 75.125, 1.190807817556442e-24, nan 
-176.375, 75.125, 1.0657352252199709e-24, nan 
-176.125, 75.125, 7.741157657276326e-25, nan 
-175.875, 75.125, 1.6287176531185048e-24, nan 
-175.625, 75.125, 5.985200810084099e-25, nan 
-175.375, 75.125, 1.6252600691793262e-24, nan 
-175.125, 75.125, 2.2976764634777247e-24, nan 
-174.875, 75.125, 2.0630960273128696e-24, nan 
-174.625, 75.125, 2.2446588277732234e-24, nan 
-174.375, 75.125, 2.7408971636253196e-24, nan 
-174.125, 75.125, 3.5072384079885865e-24, nan 
-173.875, 75.125, 2.1837155693514264e-24, nan 
-173.625, 75.125, 3.2602037102958933e-24, nan 
-173.375, 75.125, 2.2327671858512735e-24, nan 
-173.125, 75.125, 2.1930023340873677e-24, nan 
-172.875, 75.125, 2.0771410360932105e-24, nan 
-172.625, 75.125, 1.6529969442004535e-24, nan 
-172.375, 75.125, 2.104834792395163e-24, nan 
-172.125, 75.125, 1.333035634774927e-24, nan 
-171.875, 75.125, 1.403312180210812e-24, nan 
-171.625, 75.125, 1.5825478158569995e-24, nan 
-171.375, 75.125, 1.7329057300415244e-24, nan 
-171.125, 75.125, 8.794311084046446e-25, nan 
-170.875, 75.125, 7.567319594567425e-25, nan 
-170.625, 75.125, 1.5379198780927557e-24, nan 
-170.375, 75.125, 3.588873945980756e-24, nan 
-170.125, 75.125, 4.405403721949938e-24, nan 
-169.875, 75.125, 3.0792193944883587e-24, nan 
-169.625, 75.125, 3.2598843580183537e-24, nan 
-169.375, 75.125, 3.517929879262258e-24, nan 
-169.125, 75.125, 2.7763973172108092e-24, nan 
-168.875, 75.125, 1.5503437754501282e-24, nan 
-168.625, 75.125, 1.752382966497632e-24, nan 
-168.375, 75.125, 1.7614218278021554e-24, nan 
-168.125, 75.125, 2.6417798010243106e-24, nan 
-167.875, 75.125, 4.717624397621663e-24, nan 
-167.625, 75.125, 3.742475339709522e-24, nan 
-167.375, 75.125, 6.445695027780276e-24, nan 
-167.125, 75.125, 8.621139911122043e-24, nan 
-166.875, 75.125, 6.3155014329188764e-24, nan 
-166.625, 75.125, 8.570738078777438e-24, nan 
-166.375, 75.125, 8.061078067499556e-24, nan 
-166.125, 75.125, 5.299436544250279e-24, nan 
-165.875, 75.125, 6.922442703776008e-24, nan 
-165.625, 75.125, 8.23310233898961e-24, nan 
-165.375, 75.125, 7.911755508035176e-24, nan 
-165.125, 75.125, 6.525206715161056e-24, nan 
-164.875, 75.125, 5.370228494738757e-24, nan 
-164.625, 75.125, 4.556971823568381e-24, nan 
-164.375, 75.125, 3.2020988601097827e-24, nan 
-164.125, 75.125, 1.9020138519280794e-24, nan 
-163.875, 75.125, 5.277695874587348e-24, nan 
-163.625, 75.125, 6.0486236953768956e-24, nan 
-163.375, 75.125, 2.8215985305004444e-24, nan 
-163.125, 75.125, 3.1101655473645398e-24, nan 
-162.875, 75.125, 4.0032503726804264e-24, nan 
-162.625, 75.125, 2.433370484208596e-24, nan 
-162.375, 75.125, 1.0534167789157137e-24, nan 
-162.125, 75.125, 1.4202135070555385e-24, nan 
-161.875, 75.125, 1.3373361582273746e-24, nan 
-161.625, 75.125, 7.489781044084133e-25, nan 
-161.375, 75.125, 2.7324403529485622e-24, nan 
-161.125, 75.125, 3.778862692644313e-24, nan 
-160.875, 75.125, 4.469733293732729e-24, nan 
-160.625, 75.125, 4.699463820699624e-24, nan 
-160.375, 75.125, 6.012100161243899e-24, nan 
-160.125, 75.125, 6.562195515918049e-24, nan 
-159.875, 75.125, 1.3292837818985853e-24, nan 
-159.625, 75.125, 2.467836205345602e-24, nan 
-159.375, 75.125, 4.509178129480968e-24, nan 
-159.125, 75.125, 4.807561307978207e-24, nan 
-158.875, 75.125, 2.9888549364644953e-24, nan 
-158.625, 75.125, 2.39710998024897e-24, nan 
-158.375, 75.125, 4.2572952721445556e-24, nan 
-158.125, 75.125, 3.9060859774640686e-24, nan 
-157.875, 75.125, 3.68714889587722e-24, nan 
-157.625, 75.125, 6.97620258072252e-24, nan 
-157.375, 75.125, 1.1664704025251658e-23, nan 
-157.125, 75.125, 9.15530983843523e-24, nan 
-156.875, 75.125, 9.692493656864225e-24, nan 
-156.625, 75.125, 8.735936395526035e-24, nan 
-156.375, 75.125, 7.611143797567836e-24, nan 
-156.125, 75.125, 8.787437838459826e-24, nan 
-155.875, 75.125, 1.0958050080420412e-23, nan 
-155.625, 75.125, 5.480192923985622e-24, nan 
-155.375, 75.125, 7.169129050484327e-24, nan 
-155.125, 75.125, 7.251981079058348e-24, nan 
-154.875, 75.125, 5.63815056182041e-24, nan 
-154.625, 75.125, 3.3771832369746514e-24, nan 
-154.375, 75.125, 5.621583814279308e-24, nan 
-154.125, 75.125, 6.3354746810215584e-24, nan 
-153.875, 75.125, 3.796420885360258e-24, nan 
-153.625, 75.125, 3.326227176376298e-24, nan 
-153.375, 75.125, 2.6277370024841117e-24, nan 
-153.125, 75.125, 2.6571746629502766e-24, nan 
-152.875, 75.125, 3.497783831963348e-24, nan 
-152.625, 75.125, 2.6821786797243487e-24, nan 
-152.375, 75.125, 4.430485252527348e-24, nan 
-152.125, 75.125, 3.5400382103102704e-24, nan 
-151.875, 75.125, 3.679193488965357e-24, nan 
-151.625, 75.125, 6.2562451789341184e-24, nan 
-151.375, 75.125, 5.085916413956992e-24, nan 
-151.125, 75.125, 4.284558314519382e-24, nan 
-150.875, 75.125, 4.91511579169372e-24, nan 
-150.625, 75.125, 3.979390217854032e-24, nan 
-150.375, 75.125, 9.949348336767893e-24, nan 
-150.125, 75.125, 6.91708960584166e-24, nan 
-149.875, 75.125, 5.056188005550366e-24, nan 
-149.625, 75.125, 3.650764680482607e-24, nan 
-149.375, 75.125, 3.112289599095576e-24, nan 
-149.125, 75.125, 2.6833388136131908e-24, nan 
-148.875, 75.125, 2.1622537829912914e-24, nan 
-148.625, 75.125, 2.409037087690602e-24, nan 
-148.375, 75.125, 3.797879985500546e-24, nan 
-148.125, 75.125, 2.3497920247487976e-24, nan 
-147.875, 75.125, 2.035142479274058e-24, nan 
-147.625, 75.125, 1.8478831798251865e-24, nan 
-147.375, 75.125, 2.2575782710389552e-24, nan 
-147.125, 75.125, 2.8988112031921267e-24, nan 
-146.875, 75.125, 2.4759812188049374e-24, nan 
-146.625, 75.125, 5.0879618733805015e-24, nan 
-146.375, 75.125, 8.268664525068514e-24, nan 
-146.125, 75.125, 9.13461028873037e-24, nan 
-145.875, 75.125, 8.538482137662326e-24, nan 
-145.625, 75.125, 9.409657936981604e-24, nan 
-145.375, 75.125, 7.60852610110011e-24, nan 
-145.125, 75.125, 1.0889067258212955e-23, nan 
-144.875, 75.125, 1.3269172439127303e-23, nan 
-144.625, 75.125, 7.40912408351777e-24, nan 
-144.375, 75.125, 9.9895491164977e-24, nan 
-144.125, 75.125, 1.1469587305485329e-23, nan 
-143.875, 75.125, 1.3145177648441579e-23, nan 
-143.625, 75.125, 1.0578443354103842e-23, nan 
-143.375, 75.125, 7.936139089570273e-24, nan 
-143.125, 75.125, 2.6255189798496596e-23, nan 
-142.875, 75.125, 3.715476362333671e-23, nan 
-142.625, 75.125, 1.7936056820040926e-23, nan 
-142.375, 75.125, 2.3202675994226513e-23, nan 
-142.125, 75.125, 3.015074937441905e-23, nan 
-141.875, 75.125, 9.950098986503168e-24, nan 
-141.625, 75.125, 1.1017154255276159e-23, nan 
-141.375, 75.125, 2.5656176753061433e-23, nan 
-141.125, 75.125, 1.3940298902373614e-23, nan 
-140.875, 75.125, 1.0341711502065848e-23, nan 
-140.625, 75.125, 2.3667804189055585e-23, nan 
-140.375, 75.125, 1.9425711999148527e-23, nan 
-140.125, 75.125, 7.876638489606877e-24, nan 
-139.875, 75.125, 7.229450268195636e-24, nan 
-139.625, 75.125, 1.0098101834439333e-23, nan 
-139.375, 75.125, 9.120309813195146e-24, nan 
-139.125, 75.125, 9.078275064326583e-24, nan 
-138.875, 75.125, 8.800044291847462e-24, nan 
-138.625, 75.125, 1.564839221131039e-23, nan 
-138.375, 75.125, 1.4087457433434137e-23, nan 
-138.125, 75.125, 1.0972403387047882e-23, nan 
-137.875, 75.125, 1.455912404572354e-23, nan 
-137.625, 75.125, 1.2918052878664902e-23, nan 
-137.375, 75.125, 8.423345556541113e-24, nan 
-137.125, 75.125, 5.7216020889261194e-24, nan 
-136.875, 75.125, 6.252494044341352e-24, nan 
-136.625, 75.125, 4.792711214583347e-24, nan 
-136.375, 75.125, 7.025866998621772e-24, nan 
-136.125, 75.125, 7.652425057623034e-24, nan 
-135.875, 75.125, 2.7179603719124223e-24, nan 
-135.625, 75.125, 5.3323582038862704e-24, nan 
-135.375, 75.125, 6.572072968406063e-24, nan 
-135.125, 75.125, 6.4402707594922225e-24, nan 
-134.875, 75.125, 6.3102496514291175e-24, nan 
-134.625, 75.125, 7.72700751134859e-24, nan 
-134.375, 75.125, 9.365478376493054e-24, nan 
-134.125, 75.125, 5.15050417289458e-24, nan 
-133.875, 75.125, 4.45017568467459e-24, nan 
-133.625, 75.125, 7.249735189161414e-24, nan 
-133.375, 75.125, 1.3164773796843182e-23, nan 
-133.125, 75.125, 6.117494207819505e-24, nan 
-132.875, 75.125, 9.700485196809939e-24, nan 
-132.625, 75.125, 1.9644610380470808e-23, nan 
-132.375, 75.125, 7.13353831793165e-24, nan 
-132.125, 75.125, 1.631347895168536e-23, nan 
-131.875, 75.125, 1.535292060353663e-23, nan 
-131.625, 75.125, 2.2266753665671315e-23, nan 
-131.375, 75.125, 1.2425907490704923e-23, nan 
-131.125, 75.125, 7.074378131236735e-24, nan 
-130.875, 75.125, 7.529410011822808e-24, nan 
-130.625, 75.125, 2.0501534389412825e-23, nan 
-130.375, 75.125, 1.8456011574511296e-23, nan 
-130.125, 75.125, 2.237128320769126e-23, nan 
-129.875, 75.125, 1.876855396577431e-23, nan 
-129.625, 75.125, 1.667144750784382e-23, nan 
-129.375, 75.125, 1.7914785039114062e-23, nan 
-129.125, 75.125, 2.0533765984372834e-23, nan 
-128.875, 75.125, 1.9779850580925357e-23, nan 
-128.625, 75.125, 1.9381367817075466e-23, nan 
-128.375, 75.125, 1.9432457598316844e-23, nan 
-128.125, 75.125, 1.8394479344082357e-23, nan 
-127.875, 75.125, 1.5542634698623148e-23, nan 
-127.625, 75.125, 2.6218858874307182e-23, nan 
-127.375, 75.125, 1.6664650104026198e-23, nan 
-127.125, 75.125, 2.0812584128166623e-24, nan 
-126.875, 75.125, 7.017026717879409e-24, nan 
-126.625, 75.125, 1.660332426314349e-23, nan 
-126.375, 75.125, 1.5301381211630554e-23, nan 
-126.125, 75.125, 1.7818568174111424e-23, nan 
-125.875, 75.125, 1.073425425817904e-23, nan 
-125.625, 75.125, 6.670029287934255e-24, nan 
-125.375, 75.125, 7.243780257042875e-24, nan 
-125.125, 75.125, 1.647286014695032e-23, nan 
-124.875, 75.125, 1.3465935586784667e-23, nan 
-124.625, 75.125, 1.1154822269034534e-23, nan 
-124.375, 75.125, 2.1211107296211533e-23, nan 
-124.125, 75.125, 2.24285952381132e-23, nan 
-123.875, 75.125, 2.0187515369060143e-23, nan 
-123.625, 75.125, 1.8181730506626124e-23, nan 
-123.375, 75.125, 2.6419287307498888e-23, nan 
-123.125, 75.125, 2.433875681150604e-23, nan 
-122.875, 75.125, 2.65417753881374e-23, nan 
-122.625, 75.125, 2.875677896718726e-23, nan 
-122.375, 75.125, 2.5696163430457786e-23, nan 
-122.125, 75.125, 3.6085420957264185e-23, nan 
-121.875, 75.125, 2.4823967519484085e-23, nan 
-121.625, 75.125, 2.3253701806820682e-23, nan 
-121.375, 75.125, 2.653415053245966e-23, nan 
-121.125, 75.125, 2.9003235570237015e-23, nan 
-120.875, 75.125, 2.984741920328421e-23, nan 
-120.625, 75.125, 1.7445577554795257e-23, nan 
-120.375, 75.125, 4.4749215214925034e-24, nan 
-120.125, 75.125, 1.3574359078333893e-23, nan 
-119.875, 75.125, 1.4827621866342444e-23, nan 
-119.625, 75.125, 1.3051665777746707e-23, nan 
-119.375, 75.125, 1.595220630240082e-23, nan 
-119.125, 75.125, 1.4383231867663065e-23, nan 
-118.875, 75.125, 1.3227946191329981e-23, nan 
-118.625, 75.125, 1.7209445220661114e-23, nan 
-118.375, 75.125, 6.421296572141498e-24, nan 
-118.125, 75.125, 1.342802639662772e-23, nan 
-117.875, 75.125, 1.341080383344159e-23, nan 
-117.625, 75.125, 1.1780786239522905e-23, nan 
-117.375, 75.125, 1.5295377236235896e-23, nan 
-117.125, 75.125, 1.4388532216759185e-23, nan 
-116.875, 75.125, 1.371627893392449e-23, nan 
-116.625, 75.125, 1.7525781631517716e-23, nan 
-116.375, 75.125, 1.7073823880780445e-23, nan 
-116.125, 75.125, 1.0324168276475834e-23, nan 
-115.875, 75.125, 1.9099217192767633e-23, nan 
-115.625, 75.125, 2.2129717016668808e-23, nan 
-115.375, 75.125, 2.250099506909972e-23, nan 
-115.125, 75.125, 1.8944171694961865e-23, nan 
-114.875, 75.125, 1.6580101898223593e-23, nan 
-114.625, 75.125, 2.511199935340924e-23, nan 
-114.375, 75.125, 2.658749646362284e-23, nan 
-114.125, 75.125, 3.1635669728770344e-23, nan 
-113.875, 75.125, 4.1642723708621316e-23, nan 
-113.625, 75.125, 1.8375380500027795e-23, nan 
-113.375, 75.125, 4.4043308540004924e-23, nan 
-113.125, 75.125, 5.56224747428322e-23, nan 
-112.875, 75.125, 2.242433017142439e-23, nan 
-112.625, 75.125, 3.010664645992142e-23, nan 
-112.375, 75.125, 3.559948413785113e-23, nan 
-112.125, 75.125, 2.6835920172404764e-23, nan 
-111.875, 75.125, 1.8699338432264392e-23, nan 
-111.625, 75.125, 1.645445252556784e-23, nan 
-111.375, 75.125, 1.2269228082029571e-23, nan 
-111.125, 75.125, 3.316075963264554e-23, nan 
-110.875, 75.125, 3.6762672330771866e-23, nan 
-110.625, 75.125, 1.6863228294692607e-23, nan 
-110.375, 75.125, 3.5116827910482844e-23, nan 
-110.125, 75.125, 3.170978710076439e-23, nan 
-109.875, 75.125, 3.415089656945902e-23, nan 
-109.625, 75.125, 3.1326634171025705e-23, nan 
-109.375, 75.125, 2.3731933019670223e-23, nan 
-109.125, 75.125, 2.7955064169744024e-23, nan 
-108.875, 75.125, 3.185970807226963e-23, nan 
-108.625, 75.125, 2.806315223109885e-23, nan 
-108.375, 75.125, 2.88926347376639e-23, nan 
-108.125, 75.125, 4.1070768178452955e-23, nan 
-107.875, 75.125, 3.265905520129239e-23, nan 
-107.625, 75.125, 1.6119266720639877e-23, nan 
-107.375, 75.125, 2.1667063635599239e-23, nan 
-107.125, 75.125, 2.3639223148417656e-23, nan 
-106.875, 75.125, 1.6416476586131108e-23, nan 
-106.625, 75.125, 1.578724931549171e-23, nan 
-106.375, 75.125, 2.93270377772179e-23, nan 
-106.125, 75.125, 2.5844427721292738e-23, nan 
-105.875, 75.125, 3.5276023745668416e-23, nan 
-105.625, 75.125, 4.717937758661785e-23, nan 
-105.375, 75.125, 5.008342333823525e-23, nan 
-105.125, 75.125, 4.214810917739173e-23, nan 
-104.875, 75.125, 3.5278970211564696e-23, nan 
-104.625, 75.125, 3.515950020163377e-23, nan 
-104.375, 75.125, 2.9591151112482246e-23, nan 
-104.125, 75.125, 1.5950975090115726e-23, nan 
-103.875, 75.125, 3.3913268583917606e-23, nan 
-103.625, 75.125, 7.494856283814944e-23, nan 
-103.375, 75.125, 3.0622935110966765e-23, nan 
-103.125, 75.125, 3.98886000515613e-23, nan 
-102.875, 75.125, 1.090643867478708e-22, nan 
-102.625, 75.125, 2.6809448607010384e-23, nan 
-102.375, 75.125, 6.865125999360101e-23, nan 
-102.125, 75.125, 6.557213990262617e-23, nan 
-101.875, 75.125, 1.860001238922556e-23, nan 
-101.625, 75.125, 5.185598726126712e-23, nan 
-101.375, 75.125, 1.801722704132805e-23, nan 
-101.125, 75.125, 1.5313348599677085e-23, nan 
-100.875, 75.125, 1.785300956809743e-23, nan 
-100.625, 75.125, 2.1298170338064755e-23, nan 
-100.375, 75.125, 1.4525699284578187e-23, nan 
-100.125, 75.125, 1.5482310077339797e-23, nan 
-99.875, 75.125, 1.4647512026670506e-23, nan 
-99.625, 75.125, 1.5233657072008675e-23, nan 
-99.375, 75.125, 1.5541924003928938e-23, nan 
-99.125, 75.125, 2.3962744347958698e-23, nan 
-98.875, 75.125, 3.089168787568922e-23, nan 
-98.625, 75.125, 2.5829907861095083e-23, nan 
-98.375, 75.125, 2.817988322423206e-23, nan 
-98.125, 75.125, 3.1608325483643843e-23, nan 
-97.875, 75.125, 2.6815739043657374e-23, nan 
-97.625, 75.125, 3.7091972898102764e-23, nan 
-97.375, 75.125, 3.6864822757154054e-23, nan 
-97.125, 75.125, 2.3205726915954142e-23, nan 
-96.875, 75.125, 1.202872407936259e-23, nan 
-96.625, 75.125, 1.1961591636123425e-23, nan 
-96.375, 75.125, 2.0105694186725303e-23, nan 
-96.125, 75.125, 8.771674827776316e-24, nan 
-95.875, 75.125, 3.5575733330427145e-23, nan 
-95.625, 75.125, 5.796938519915384e-23, nan 
-95.375, 75.125, 4.124541529045828e-23, nan 
-95.125, 75.125, 3.5901592028675406e-23, nan 
-94.875, 75.125, 5.326474162384394e-23, nan 
-94.625, 75.125, 3.8277743518510764e-23, nan 
-94.375, 75.125, 2.513016749187068e-23, nan 
-94.125, 75.125, 2.2392348946907944e-23, nan 
-93.875, 75.125, 2.311502467004933e-23, nan 
-93.625, 75.125, 2.1734835156188626e-23, nan 
-93.375, 75.125, 2.557280998207379e-23, nan 
-93.125, 75.125, 2.3756999549290242e-23, nan 
-92.875, 75.125, 1.4423473721618567e-23, nan 
-92.625, 75.125, 1.4641828471893856e-23, nan 
-92.375, 75.125, 1.791722986108421e-23, nan 
-92.125, 75.125, 2.692644309875082e-23, nan 
-91.875, 75.125, 3.684193015487205e-23, nan 
-91.625, 75.125, 3.0351454652393554e-23, nan 
-91.375, 75.125, 3.404808405239268e-23, nan 
-91.125, 75.125, 3.6750430852778956e-23, nan 
-90.875, 75.125, 1.5990772550759872e-23, nan 
-90.625, 75.125, 2.580507685264302e-23, nan 
-90.375, 75.125, 3.1812277618594364e-23, nan 
-90.125, 75.125, 5.636481437499353e-23, nan 
-89.875, 75.125, 6.906729244922559e-23, nan 
-89.625, 75.125, 1.0466653892907335e-22, nan 
-89.375, 75.125, 8.887048689259131e-23, nan 
-89.125, 75.125, 3.846664418018162e-22, nan 
-88.875, 75.125, 2.455836803416031e-22, nan 
-88.625, 75.125, 2.0154188749746611e-22, nan 
-88.375, 75.125, 6.564835586792226e-22, nan 
-88.125, 75.125, 2.4935418059599376e-22, nan 
-87.875, 75.125, 3.9172510331343302e-22, nan 
-87.625, 75.125, 3.7753463552064634e-22, nan 
-87.375, 75.125, 1.1463781141920573e-22, nan 
-87.125, 75.125, 2.8477122793064263e-22, nan 
-86.875, 75.125, 8.9483846207255e-23, nan 
-86.625, 75.125, 8.812610954116462e-23, nan 
-86.375, 75.125, 3.9370951594262685e-23, nan 
-86.125, 75.125, 5.905850494821587e-23, nan 
-85.875, 75.125, 6.394005223338731e-23, nan 
-85.625, 75.125, 8.812181412748284e-23, nan 
-85.375, 75.125, 1.1554395181830657e-22, nan 
-85.125, 75.125, 1.005232885056922e-22, nan 
-84.875, 75.125, 9.680923677471344e-23, nan 
-84.625, 75.125, 1.6920519909079017e-22, nan 
-84.375, 75.125, 1.49272133066124e-22, nan 
-84.125, 75.125, 2.38940905636135e-22, nan 
-83.875, 75.125, 2.043555434732093e-22, nan 
-83.625, 75.125, 1.1168296867548756e-22, nan 
-83.375, 75.125, 1.0675841482025822e-22, nan 
-83.125, 75.125, 5.34878901518818e-23, nan 
-82.875, 75.125, 5.83075925957187e-23, nan 
-82.625, 75.125, 9.87251661195205e-23, nan 
-82.375, 75.125, 1.1657682877680725e-22, nan 
-82.125, 75.125, 1.0138571077391504e-22, nan 
-81.875, 75.125, 9.157104009135584e-23, nan 
-81.625, 75.125, 1.2015985474037095e-22, nan 
-81.375, 75.125, 1.1441750479733537e-22, nan 
-81.125, 75.125, 1.0341688405049795e-22, nan 
-80.875, 75.125, 7.73166199916681e-23, nan 
-80.625, 75.125, 8.723877839858974e-23, nan 
-80.375, 75.125, 9.152076487338532e-23, nan 
-80.125, 75.125, 8.761219183196176e-23, nan 
-79.875, 75.125, 7.45496400104202e-23, nan 
-79.625, 75.125, 6.645137303399328e-23, nan 
-79.375, 75.125, 4.766233148201491e-23, nan 
-79.125, 75.125, 6.508869110542768e-23, nan 
-78.875, 75.125, 7.47503188072633e-23, nan 
-78.625, 75.125, 5.509668993752404e-23, nan 
-78.375, 75.125, 7.52158208884804e-23, nan 
-78.125, 75.125, 7.17581817316852e-23, nan 
-77.875, 75.125, 5.679636864669439e-23, nan 
-77.625, 75.125, 1.6129472110670908e-22, nan 
-77.375, 75.125, 1.6807748249411438e-22, nan 
-77.125, 75.125, 1.3417250754885848e-22, nan 
-76.875, 75.125, 2.690899919889443e-22, nan 
-76.625, 75.125, 2.363714670135541e-22, nan 
-76.375, 75.125, 1.645730393155917e-22, nan 
-76.125, 75.125, 1.585969520136807e-22, nan 
-75.875, 75.125, 1.7325185276052148e-22, nan 
-75.625, 75.125, 1.2187202349434962e-22, nan 
-75.375, 75.125, 1.3688268424135673e-22, nan 
-75.125, 75.125, 2.238578704496178e-22, nan 
-74.875, 75.125, 1.2274395478920314e-22, nan 
-74.625, 75.125, 1.3244009027382623e-22, nan 
-74.375, 75.125, 1.417957279956635e-22, nan 
-74.125, 75.125, 1.9165773785355072e-22, nan 
-73.875, 75.125, 2.477387446610491e-22, nan 
-73.625, 75.125, 1.9131393093745308e-22, nan 
-73.375, 75.125, 2.244159950246128e-22, nan 
-73.125, 75.125, 3.049556501813622e-22, nan 
-72.875, 75.125, 2.7876075869541836e-22, nan 
-72.625, 75.125, 3.342107966269968e-22, nan 
-72.375, 75.125, 4.198045758238141e-22, nan 
-72.125, 75.125, 5.034683251358101e-22, nan 
-71.875, 75.125, 3.677498961547762e-22, nan 
-71.625, 75.125, 4.46500420830861e-22, nan 
-71.375, 75.125, 4.31899772328614e-22, nan 
-71.125, 75.125, 4.306746964964117e-22, nan 
-70.875, 75.125, 5.29235772923639e-22, nan 
-70.625, 75.125, 5.182281720665145e-22, nan 
-70.375, 75.125, 5.381515692496491e-22, nan 
-70.125, 75.125, 3.04342750856705e-22, nan 
-69.875, 75.125, 3.000753110899067e-21, nan 
-69.625, 75.125, 2.6801346037189593e-21, nan 
-69.375, 75.125, 9.437614603043482e-22, nan 
-69.125, 75.125, 5.956397816747827e-21, nan 
-68.875, 75.125, 5.209047556913336e-21, nan 
-68.625, 75.125, 1.038462422416548e-21, nan 
-68.375, 75.125, 4.889832733110967e-21, nan 
-68.125, 75.125, 4.356894543413296e-21, nan 
-67.875, 75.125, 1.1481845634949035e-21, nan 
-67.625, 75.125, 1.5871745632403055e-21, nan 
-67.375, 75.125, 1.892631939509656e-21, nan 
-67.125, 75.125, 1.2747956141127626e-21, nan 
-66.875, 75.125, 6.893107340385275e-22, nan 
-66.625, 75.125, 3.126844418713196e-22, nan 
-66.375, 75.125, 1.523432319465838e-22, nan 
-66.125, 75.125, 1.9291750759774139e-22, nan 
-65.875, 75.125, 1.980299830593896e-22, nan 
-65.625, 75.125, 2.1469637909179575e-22, nan 
-65.375, 75.125, 2.602658565091715e-22, nan 
-65.125, 75.125, 2.725995370267788e-22, nan 
-64.875, 75.125, 2.2923960630303655e-22, nan 
-64.625, 75.125, 2.4147828171312006e-22, nan 
-64.375, 75.125, 2.5150537836164085e-22, nan 
-64.125, 75.125, 3.480526253107315e-22, nan 
-63.875, 75.125, 4.317436718077239e-22, nan 
-63.625, 75.125, 4.5584114868791465e-22, nan 
-63.375, 75.125, 5.604649276209983e-22, nan 
-63.125, 75.125, 5.16740662263984e-22, nan 
-62.875, 75.125, 6.5885124981162445e-22, nan 
-62.625, 75.125, 8.847198892659183e-22, nan 
-62.375, 75.125, 9.157878395250917e-22, nan 
-62.125, 75.125, 1.1634305937414853e-21, nan 
-61.875, 75.125, 1.3256543666315697e-21, nan 
-61.625, 75.125, 1.4959735276981128e-21, nan 
-61.375, 75.125, 1.695514899511093e-21, nan 
-61.125, 75.125, 1.536752894632577e-21, nan 
-60.875, 75.125, 1.4514821657491248e-21, nan 
-60.625, 75.125, 1.5998046302431455e-21, nan 
-60.375, 75.125, 1.6678534575119948e-21, nan 
-60.125, 75.125, 1.4877261301523569e-21, nan 
-59.875, 75.125, 1.5769900003616402e-21, nan 
-59.625, 75.125, 1.3036929789952798e-21, nan 
-59.375, 75.125, 1.3135482472903496e-21, nan 
-59.125, 75.125, 1.0006113910887372e-21, nan 
-58.875, 75.125, 9.394760453386005e-22, nan 
-58.625, 75.125, 3.6981973325673937e-22, nan 
-58.375, 75.125, 8.213057776183158e-22, nan 
-58.125, 75.125, 1.755644134192541e-21, nan 
-57.875, 75.125, 2.77534702333028e-21, nan 
-57.625, 75.125, 2.6717082859362763e-21, nan 
-57.375, 75.125, 2.4118439354150722e-21, nan 
-57.125, 75.125, 2.5620069404911297e-21, nan 
-56.875, 75.125, 2.3371635074201264e-21, nan 
-56.625, 75.125, 1.2975471806465684e-21, nan 
-56.375, 75.125, 1.857464006832023e-21, nan 
-56.125, 75.125, 2.245752537006968e-21, nan 
-55.875, 75.125, 3.531144494866687e-21, nan 
-55.625, 75.125, 4.3910271942594205e-21, nan 
-55.375, 75.125, 3.891551878285264e-21, nan 
-55.125, 75.125, 5.011452627600887e-21, nan 
-54.875, 75.125, 5.433727153219512e-21, nan 
-54.625, 75.125, 4.675384360470773e-21, nan 
-54.375, 75.125, 5.391269305129193e-21, nan 
-54.125, 75.125, 4.538328066627829e-21, nan 
-53.875, 75.125, 2.736354580352975e-21, nan 
-53.625, 75.125, 5.0345620674207974e-21, nan 
-53.375, 75.125, 4.538151045178045e-21, nan 
-53.125, 75.125, 3.6194527219963954e-21, nan 
-52.875, 75.125, 2.1593011502195737e-21, nan 
-52.625, 75.125, 4.4314580573582414e-21, nan 
-52.375, 75.125, 4.239299312918274e-21, nan 
-52.125, 75.125, 2.3187818689745658e-21, nan 
-51.875, 75.125, 3.571215686678588e-21, nan 
-51.625, 75.125, 4.857284395114829e-21, nan 
-51.375, 75.125, 4.282433988308222e-21, nan 
-51.125, 75.125, 3.723717168089793e-21, nan 
-50.875, 75.125, 5.269989576724268e-21, nan 
-50.625, 75.125, 6.278009843128313e-21, nan 
-50.375, 75.125, 8.254412249859806e-21, nan 
-50.125, 75.125, 9.047853307083263e-21, nan 
-49.875, 75.125, 8.368124612439086e-21, nan 
-49.625, 75.125, 1.3347242383434295e-20, nan 
-49.375, 75.125, 1.5231003766588825e-20, nan 
-49.125, 75.125, 1.5207395813326563e-20, nan 
-48.875, 75.125, 1.3949873270700678e-20, nan 
-48.625, 75.125, 1.4732784404276104e-20, nan 
-48.375, 75.125, 1.5585251623039863e-20, nan 
-48.125, 75.125, 1.0783342808833005e-20, nan 
-47.875, 75.125, 1.5218187824270062e-20, nan 
-47.625, 75.125, 2.2332636299538286e-20, nan 
-47.375, 75.125, 2.0863355726607224e-20, nan 
-47.125, 75.125, 2.220266137557405e-20, nan 
-46.875, 75.125, 2.3690473361604337e-20, nan 
-46.625, 75.125, 1.3574152970868604e-20, nan 
-46.375, 75.125, 1.9852133097589e-20, nan 
-46.125, 75.125, 2.3569442252194818e-20, nan 
-45.875, 75.125, 1.9785093319683826e-20, nan 
-45.625, 75.125, 1.7926882642468487e-20, nan 
-45.375, 75.125, 1.6824015432281394e-20, nan 
-45.125, 75.125, 4.5555706598602966e-20, nan 
-44.875, 75.125, 4.8926472901639556e-20, nan 
-44.625, 75.125, 2.2845675578511663e-20, nan 
-44.375, 75.125, 3.5955044935336616e-20, nan 
-44.125, 75.125, 5.319449201998639e-20, nan 
-43.875, 75.125, 1.832197544844369e-20, nan 
-43.625, 75.125, 4.675404080386192e-20, nan 
-43.375, 75.125, 1.0471381728527065e-19, nan 
-43.125, 75.125, 5.66589652527164e-20, nan 
-42.875, 75.125, 6.82306196784177e-20, nan 
-42.625, 75.125, 9.451767463188184e-20, nan 
-42.375, 75.125, 6.421024190989401e-20, nan 
-42.125, 75.125, 5.932302463917733e-20, nan 
-41.875, 75.125, 6.002187920194257e-20, nan 
-41.625, 75.125, 8.139877360276284e-20, nan 
-41.375, 75.125, 1.5529877795226829e-19, nan 
-41.125, 75.125, 1.514165839546492e-19, nan 
-40.875, 75.125, 9.678341410663892e-20, nan 
-40.625, 75.125, 8.920356784674907e-20, nan 
-40.375, 75.125, 1.0680086380030167e-19, nan 
-40.125, 75.125, 5.239003722913082e-20, nan 
-39.875, 75.125, 7.097402014858663e-20, nan 
-39.625, 75.125, 6.506092538768647e-20, nan 
-39.375, 75.125, 2.9687884911981647e-20, nan 
-39.125, 75.125, 2.930989836430798e-20, nan 
-38.875, 75.125, 4.06511317187641e-20, nan 
-38.625, 75.125, 4.909882411754176e-20, nan 
-38.375, 75.125, 4.2112764045051614e-20, nan 
-38.125, 75.125, 4.8151695824174075e-20, nan 
-37.875, 75.125, 6.136968165809704e-20, nan 
-37.625, 75.125, 6.77382713874779e-20, nan 
-37.375, 75.125, 7.088922010643973e-20, nan 
-37.125, 75.125, 8.065363975592594e-20, nan 
-36.875, 75.125, 1.016311456933326e-19, nan 
-36.625, 75.125, 1.2645633631605781e-19, nan 
-36.375, 75.125, 7.182615895593214e-20, nan 
-36.125, 75.125, 1.5488187025309824e-19, nan 
-35.875, 75.125, 1.4378675071898005e-19, nan 
-35.625, 75.125, 1.0008644366836555e-19, nan 
-35.375, 75.125, 8.903647783037285e-20, nan 
-35.125, 75.125, 2.2208199290404235e-19, nan 
-34.875, 75.125, 1.78232642206385e-19, nan 
-34.625, 75.125, 9.395992290048975e-20, nan 
-34.375, 75.125, 2.58073428851063e-19, nan 
-34.125, 75.125, 1.8577721018461245e-19, nan 
-33.875, 75.125, 2.046025211232654e-19, nan 
-33.625, 75.125, 3.1585825052495993e-19, nan 
-33.375, 75.125, 4.762173694808929e-19, nan 
-33.125, 75.125, 7.096498558990848e-19, nan 
-32.875, 75.125, 9.546855932331407e-19, nan 
-32.625, 75.125, 6.943792143527304e-19, nan 
-32.375, 75.125, 8.006740776504988e-19, nan 
-32.125, 75.125, 6.915555582971422e-19, nan 
-31.875, 75.125, 8.634207839124484e-19, nan 
-31.625, 75.125, 8.035348178045291e-19, nan 
-31.375, 75.125, 8.566773820358727e-19, nan 
-31.125, 75.125, 1.5548066121214968e-18, nan 
-30.875, 75.125, 5.468219624989322e-19, nan 
-30.625, 75.125, 6.943253170160986e-19, nan 
-30.375, 75.125, 1.1482471796671547e-18, nan 
-30.125, 75.125, 9.377921234979186e-19, nan 
-29.875, 75.125, 7.205257583363824e-19, nan 
-29.625, 75.125, 8.493193101834695e-19, nan 
-29.375, 75.125, 1.1304265142514987e-18, nan 
-29.125, 75.125, 7.695058140066681e-19, nan 
-28.875, 75.125, 6.897172503890259e-19, nan 
-28.625, 75.125, 8.235920969131571e-19, nan 
-28.375, 75.125, 6.388833572125599e-19, nan 
-28.125, 75.125, 5.558341760209254e-19, nan 
-27.875, 75.125, 8.157924220446043e-19, nan 
-27.625, 75.125, 7.574012593404574e-19, nan 
-27.375, 75.125, 6.275759582617289e-19, nan 
-27.125, 75.125, 7.897800033906594e-19, nan 
-26.875, 75.125, 8.100470141574202e-19, nan 
-26.625, 75.125, 7.282016696479376e-19, nan 
-26.375, 75.125, 5.306730185967578e-19, nan 
-26.125, 75.125, 7.260117617931015e-19, nan 
-25.875, 75.125, 6.464207569956709e-19, nan 
-25.625, 75.125, 6.272726975280826e-19, nan 
-25.375, 75.125, 4.975894116537714e-19, nan 
-25.125, 75.125, 4.298873792454492e-19, nan 
-24.875, 75.125, 4.403633816029277e-19, nan 
-24.625, 75.125, 5.463417920637848e-19, nan 
-24.375, 75.125, 4.310421058517987e-19, nan 
-24.125, 75.125, 4.883872486311044e-19, nan 
-23.875, 75.125, 4.666963287274779e-19, nan 
-23.625, 75.125, 4.620941131736652e-19, nan 
-23.375, 75.125, 4.268373730913507e-19, nan 
-23.125, 75.125, 6.749034970007222e-19, nan 
-22.875, 75.125, 3.0690805986125304e-19, nan 
-22.625, 75.125, 3.343239344518351e-19, nan 
-22.375, 75.125, 8.756094694472702e-19, nan 
-22.125, 75.125, 2.9531858638989083e-19, nan 
-21.875, 75.125, 4.04631486448435e-19, nan 
-21.625, 75.125, 6.728149499162408e-19, nan 
-21.375, 75.125, 5.3563648202477425e-19, nan 
-21.125, 75.125, 7.259391808122952e-19, nan 
-20.875, 75.125, 4.757796540064532e-19, nan 
-20.625, 75.125, 1.445343818732019e-18, nan 
-20.375, 75.125, 2.3906885640340577e-18, nan 
-20.125, 75.125, 3.5453385446287974e-19, nan 
-19.875, 75.125, 2.4488492393237154e-18, nan 
-19.625, 75.125, 3.3169125986071876e-18, nan 
-19.375, 75.125, 2.50416732687491e-19, nan 
-19.125, 75.125, 1.5994921853049756e-18, nan 
-18.875, 75.125, 1.7426419708556754e-18, nan 
-18.625, 75.125, 2.7113525672194056e-19, nan 
-18.375, 75.125, 3.984007206046844e-19, nan 
-18.125, 75.125, 3.684498751484873e-19, nan 
-17.875, 75.125, 1.7318930500535076e-19, nan 
-17.625, 75.125, 1.6987881640781042e-19, nan 
-17.375, 75.125, 1.5241734695602281e-19, nan 
-17.125, 75.125, 2.1608244645020887e-19, nan 
-16.875, 75.125, 4.5399031362273315e-19, nan 
-16.625, 75.125, 5.311881626726473e-19, nan 
-16.375, 75.125, 2.5330302662220884e-19, nan 
-16.125, 75.125, 3.1612357082188657e-19, nan 
-15.875, 75.125, 2.694198376996086e-19, nan 
-15.625, 75.125, 2.419854756717002e-19, nan 
-15.375, 75.125, 2.999004387848778e-19, nan 
-15.125, 75.125, 2.4461802650273266e-19, nan 
-14.875, 75.125, 2.1988264407832687e-19, nan 
-14.625, 75.125, 2.2762587934220515e-19, nan 
-14.375, 75.125, 2.3203130426133163e-19, nan 
-14.125, 75.125, 1.8371539421475703e-19, nan 
-13.875, 75.125, 2.1190734945815544e-19, nan 
-13.625, 75.125, 2.554861785407714e-19, nan 
-13.375, 75.125, 2.0518947587282302e-19, nan 
-13.125, 75.125, 1.8286667529980739e-19, nan 
-12.875, 75.125, 1.2101373141570592e-19, nan 
-12.625, 75.125, 2.5197092217134174e-19, nan 
-12.375, 75.125, 2.579555941965492e-19, nan 
-12.125, 75.125, 1.360372994504732e-19, nan 
-11.875, 75.125, 1.4337148672629384e-19, nan 
-11.625, 75.125, 5.79971479305999e-20, nan 
-11.375, 75.125, 3.851089041986426e-20, nan 
-11.125, 75.125, 5.125994697666448e-20, nan 
-10.875, 75.125, 6.382028590176313e-20, nan 
-10.625, 75.125, 8.480758745633536e-20, nan 
-10.375, 75.125, 9.70630683289895e-20, nan 
-10.125, 75.125, 7.45258635340141e-20, nan 
-9.875, 75.125, 5.146266992258838e-20, nan 
-9.625, 75.125, 4.6451745137045844e-20, nan 
-9.375, 75.125, 3.859042255865612e-20, nan 
-9.125, 75.125, 3.300807053587859e-20, nan 
-8.875, 75.125, 4.121502880163453e-20, nan 
-8.625, 75.125, 3.872810167888859e-20, nan 
-8.375, 75.125, 3.660808563648438e-20, nan 
-8.125, 75.125, 4.5367904572262136e-20, nan 
-7.875, 75.125, 4.9218667704895745e-20, nan 
-7.625, 75.125, 6.463620722570375e-20, nan 
-7.375, 75.125, 5.199336730631546e-20, nan 
-7.125, 75.125, 6.543272030340559e-20, nan 
-6.875, 75.125, 4.4609272794690823e-20, nan 
-6.625, 75.125, 4.0110747931373845e-20, nan 
-6.375, 75.125, 3.266602931206963e-20, nan 
-6.125, 75.125, 3.194524956521522e-20, nan 
-5.875, 75.125, 2.8836574024363677e-20, nan 
-5.625, 75.125, 2.6757286570582752e-20, nan 
-5.375, 75.125, 2.5685283288698687e-20, nan 
-5.125, 75.125, 2.138285630152915e-20, nan 
-4.875, 75.125, 2.6463774253193e-20, nan 
-4.625, 75.125, 2.936557128441768e-20, nan 
-4.375, 75.125, 3.7269381933416946e-20, nan 
-4.125, 75.125, 3.124595957741085e-20, nan 
-3.875, 75.125, 3.2115128970455015e-20, nan 
-3.625, 75.125, 2.5606991420765304e-20, nan 
-3.375, 75.125, 1.2689160629133874e-20, nan 
-3.125, 75.125, 1.1067982907461637e-20, nan 
-2.875, 75.125, 9.114958726072732e-21, nan 
-2.625, 75.125, 9.475488245523036e-21, nan 
-2.375, 75.125, 6.677368721242221e-21, nan 
-2.125, 75.125, 1.0325065815510767e-21, nan 
-1.875, 75.125, 6.296714219386603e-21, nan 
-1.625, 75.125, 4.383641668851637e-21, nan 
-1.375, 75.125, 5.919651618382113e-21, nan 
-1.125, 75.125, 7.361989757939612e-21, nan 
-0.875, 75.125, 5.348714212663788e-21, nan 
-0.625, 75.125, 5.832970605275165e-21, nan 
-0.375, 75.125, 7.036762252914276e-21, nan 
-0.125, 75.125, 5.887495491123803e-21, nan 
0.125, 75.125, 6.0162412144861806e-21, nan 
0.375, 75.125, 7.73267811339935e-21, nan 
0.625, 75.125, 5.958604018213247e-21, nan 
0.875, 75.125, 6.581393677444153e-21, nan 
1.125, 75.125, 5.2764680259900345e-21, nan 
1.375, 75.125, 4.370680626306056e-21, nan 
1.625, 75.125, 6.942636991841898e-21, nan 
1.875, 75.125, 3.713800746969541e-21, nan 
2.125, 75.125, 2.2380122524475985e-21, nan 
2.375, 75.125, 4.455570883816336e-21, nan 
2.625, 75.125, 5.448303942820404e-21, nan 
2.875, 75.125, 2.8543360400961265e-21, nan 
3.125, 75.125, 3.012101832289348e-21, nan 
3.375, 75.125, 4.389140667346408e-21, nan 
3.625, 75.125, 2.76455532728223e-21, nan 
3.875, 75.125, 2.696955070427797e-21, nan 
4.125, 75.125, 1.752499037225811e-21, nan 
4.375, 75.125, 4.251658321601711e-21, nan 
4.625, 75.125, 3.445816154661981e-21, nan 
4.875, 75.125, 4.273204940774877e-21, nan 
5.125, 75.125, 5.12371845920579e-21, nan 
5.375, 75.125, 4.224884313921677e-21, nan 
5.625, 75.125, 4.947479293062072e-21, nan 
5.875, 75.125, 4.1503629832075695e-21, nan 
6.125, 75.125, 3.9346295603963606e-21, nan 
6.375, 75.125, 3.0229232194862294e-21, nan 
6.625, 75.125, 1.969591152723354e-21, nan 
6.875, 75.125, 2.107010562570061e-21, nan 
7.125, 75.125, 9.839322205891076e-22, nan 
7.375, 75.125, 1.7925681787827052e-21, nan 
7.625, 75.125, 4.2297668521964084e-22, nan 
7.875, 75.125, 4.821072761560053e-22, nan 
8.125, 75.125, 1.4491122277276784e-21, nan 
8.375, 75.125, 1.260928398376525e-21, nan 
8.625, 75.125, 1.2111091346835072e-21, nan 
8.875, 75.125, 1.7313514936799982e-21, nan 
9.125, 75.125, 1.5838866186682902e-21, nan 
9.375, 75.125, 1.2589249674544477e-21, nan 
9.625, 75.125, 8.95769991713547e-22, nan 
9.875, 75.125, 1.284925552302171e-21, nan 
10.125, 75.125, 9.787546581295154e-22, nan 
10.375, 75.125, 6.961086242042076e-22, nan 
10.625, 75.125, 1.7054721853436508e-21, nan 
10.875, 75.125, 1.2066137420871833e-21, nan 
11.125, 75.125, 1.0123467372085022e-21, nan 
11.375, 75.125, 1.2551470148471128e-21, nan 
11.625, 75.125, 2.247599344549295e-21, nan 
11.875, 75.125, 1.6954741649403577e-21, nan 
12.125, 75.125, 1.933585240576498e-21, nan 
12.375, 75.125, 2.849862626469028e-21, nan 
12.625, 75.125, 3.713266469153207e-21, nan 
12.875, 75.125, 3.7239428064704574e-21, nan 
13.125, 75.125, 4.1916440215506295e-21, nan 
13.375, 75.125, 5.025756739967001e-21, nan 
13.625, 75.125, 5.2183342909171805e-21, nan 
13.875, 75.125, 4.587585243527403e-21, nan 
14.125, 75.125, 6.037055659719638e-21, nan 
14.375, 75.125, 5.0456884504197634e-21, nan 
14.625, 75.125, 5.641667619369112e-21, nan 
14.875, 75.125, 5.866088338088529e-21, nan 
15.125, 75.125, 4.5685372947172855e-21, nan 
15.375, 75.125, 3.8311642177230674e-21, nan 
15.625, 75.125, 1.5614875192515607e-21, nan 
15.875, 75.125, 8.468386926709859e-22, nan 
16.125, 75.125, 8.147780358346844e-22, nan 
16.375, 75.125, 1.053072834639846e-21, nan 
16.625, 75.125, 5.647363973632837e-22, nan 
16.875, 75.125, 9.228926511912467e-22, nan 
17.125, 75.125, 1.5923718375208753e-21, nan 
17.375, 75.125, 9.382657732194504e-22, nan 
17.625, 75.125, 8.724329231630557e-22, nan 
17.875, 75.125, 8.097357113976109e-22, nan 
18.125, 75.125, 5.3054706592635905e-22, nan 
18.375, 75.125, 3.8108224620630686e-22, nan 
18.625, 75.125, 4.238563050177799e-22, nan 
18.875, 75.125, 4.276748153746249e-22, nan 
19.125, 75.125, 2.5825062101986536e-22, nan 
19.375, 75.125, 2.1314665039199774e-22, nan 
19.625, 75.125, 2.3480783736729894e-22, nan 
19.875, 75.125, 2.5686932952116794e-22, nan 
20.125, 75.125, 2.3457201763395636e-22, nan 
20.375, 75.125, 2.1512164099586513e-22, nan 
20.625, 75.125, 2.470236258948734e-22, nan 
20.875, 75.125, 1.7094440151590392e-22, nan 
21.125, 75.125, 6.520501325102777e-22, nan 
21.375, 75.125, 6.3792249044031975e-22, nan 
21.625, 75.125, 4.0448959506254047e-22, nan 
21.875, 75.125, 4.480539503694945e-22, nan 
22.125, 75.125, 2.478628875729924e-22, nan 
22.375, 75.125, 1.9857066343158831e-22, nan 
22.625, 75.125, 1.4752529386391748e-22, nan 
22.875, 75.125, 2.4939004671336353e-22, nan 
23.125, 75.125, 2.211933218210586e-22, nan 
23.375, 75.125, 2.3660206342192167e-22, nan 
23.625, 75.125, 1.7300418279675945e-22, nan 
23.875, 75.125, 2.147305942102199e-22, nan 
24.125, 75.125, 1.583873551055409e-22, nan 
24.375, 75.125, 1.4285828671204094e-22, nan 
24.625, 75.125, 2.0599534739942703e-22, nan 
24.875, 75.125, 2.216521061389574e-22, nan 
25.125, 75.125, 2.315940782335645e-22, nan 
25.375, 75.125, 3.147802568457544e-22, nan 
25.625, 75.125, 2.5285999708744613e-22, nan 
25.875, 75.125, 1.9845485158137448e-22, nan 
26.125, 75.125, 2.884232152387796e-22, nan 
26.375, 75.125, 1.7606676754160466e-22, nan 
26.625, 75.125, 2.6694668885611775e-22, nan 
26.875, 75.125, 1.1342208144971552e-22, nan 
27.125, 75.125, 1.2263388595503376e-22, nan 
27.375, 75.125, 2.495518993524667e-22, nan 
27.625, 75.125, 1.447824707326491e-22, nan 
27.875, 75.125, 6.905957798229316e-23, nan 
28.125, 75.125, 1.8101141744161868e-22, nan 
28.375, 75.125, 1.1686859707250092e-22, nan 
28.625, 75.125, 1.052055114872431e-22, nan 
28.875, 75.125, 9.469377462433577e-23, nan 
29.125, 75.125, 1.089707967875617e-22, nan 
29.375, 75.125, 1.0253494753593527e-22, nan 
29.625, 75.125, 7.877954722359999e-23, nan 
29.875, 75.125, 2.223404036208775e-22, nan 
30.125, 75.125, 2.8643961187540865e-22, nan 
30.375, 75.125, 4.2024689683721813e-22, nan 
30.625, 75.125, 2.9591178763119496e-22, nan 
30.875, 75.125, 1.1878574797489044e-22, nan 
31.125, 75.125, 1.200477917635353e-22, nan 
31.375, 75.125, 4.265087376869687e-22, nan 
31.625, 75.125, 1.3656374403376164e-22, nan 
31.875, 75.125, 7.373751544481703e-23, nan 
32.125, 75.125, 2.441328232357064e-22, nan 
32.375, 75.125, 7.059528963185255e-23, nan 
32.625, 75.125, 1.688483759897682e-23, nan 
32.875, 75.125, 5.253086528338078e-23, nan 
33.125, 75.125, 8.515979932026654e-24, nan 
33.375, 75.125, 2.0211523016755855e-23, nan 
33.625, 75.125, 2.448566361343555e-23, nan 
33.875, 75.125, 4.752195127085278e-23, nan 
34.125, 75.125, 7.452953143165295e-23, nan 
34.375, 75.125, 1.3958605509593574e-22, nan 
34.625, 75.125, 1.4217247542614428e-22, nan 
34.875, 75.125, 1.4182196658870423e-22, nan 
35.125, 75.125, 1.2851922812428841e-22, nan 
35.375, 75.125, 1.1896096716837897e-22, nan 
35.625, 75.125, 1.0818780650953026e-22, nan 
35.875, 75.125, 1.0216485924424574e-22, nan 
36.125, 75.125, 1.1281353336341344e-22, nan 
36.375, 75.125, 1.1019826166553947e-22, nan 
36.625, 75.125, 1.560207936525191e-22, nan 
36.875, 75.125, 2.0035041038720402e-22, nan 
37.125, 75.125, 1.8865534787136843e-22, nan 
37.375, 75.125, 1.7530252819702512e-22, nan 
37.625, 75.125, 1.1592432715929245e-22, nan 
37.875, 75.125, 9.986475926166634e-23, nan 
38.125, 75.125, 8.34770913892951e-23, nan 
38.375, 75.125, 8.713589444618602e-23, nan 
38.625, 75.125, 1.0209073332364865e-22, nan 
38.875, 75.125, 6.435086769093264e-23, nan 
39.125, 75.125, 6.27511103159216e-23, nan 
39.375, 75.125, 5.0019144242795456e-23, nan 
39.625, 75.125, 6.120771435316456e-23, nan 
39.875, 75.125, 5.409203098182015e-23, nan 
40.125, 75.125, 3.746775898924783e-23, nan 
40.375, 75.125, 6.686866440815518e-23, nan 
40.625, 75.125, 1.0153490893580232e-22, nan 
40.875, 75.125, 7.294612133380737e-23, nan 
41.125, 75.125, 7.996459943912428e-23, nan 
41.375, 75.125, 3.452403694378497e-23, nan 
41.625, 75.125, 2.5659991549204368e-23, nan 
41.875, 75.125, 4.537390910275421e-23, nan 
42.125, 75.125, 4.4164823546799705e-23, nan 
42.375, 75.125, 6.444900075347379e-23, nan 
42.625, 75.125, 5.454469994810552e-23, nan 
42.875, 75.125, 4.2736761835543204e-23, nan 
43.125, 75.125, 4.986757050529708e-23, nan 
43.375, 75.125, 4.132009990647132e-23, nan 
43.625, 75.125, 3.902642980598577e-23, nan 
43.875, 75.125, 3.723775252548751e-23, nan 
44.125, 75.125, 3.0899825198626474e-23, nan 
44.375, 75.125, 4.326205683882414e-23, nan 
44.625, 75.125, 3.976599006486668e-23, nan 
44.875, 75.125, 3.3532902676498806e-23, nan 
45.125, 75.125, 1.7467772178780553e-23, nan 
45.375, 75.125, 1.9574951971243217e-23, nan 
45.625, 75.125, 2.947420095415185e-23, nan 
45.875, 75.125, 2.174292383606999e-23, nan 
46.125, 75.125, 2.347557997495895e-23, nan 
46.375, 75.125, 1.6521230457535476e-23, nan 
46.625, 75.125, 2.0329931772461673e-23, nan 
46.875, 75.125, 2.1675762803167215e-23, nan 
47.125, 75.125, 1.7925260553082536e-23, nan 
47.375, 75.125, 2.284124596966804e-23, nan 
47.625, 75.125, 1.2999573310879634e-23, nan 
47.875, 75.125, 1.631798151141155e-23, nan 
48.125, 75.125, 2.343118770035329e-23, nan 
48.375, 75.125, 1.7988612277889017e-23, nan 
48.625, 75.125, 8.890201400368768e-24, nan 
48.875, 75.125, 2.4876237998397165e-23, nan 
49.125, 75.125, 2.6308660898666337e-23, nan 
49.375, 75.125, 2.198017271137022e-23, nan 
49.625, 75.125, 1.6786634338750403e-23, nan 
49.875, 75.125, 1.9285143868383862e-23, nan 
50.125, 75.125, 1.5943020788071254e-23, nan 
50.375, 75.125, 1.143280304374161e-23, nan 
50.625, 75.125, 1.0683408590144877e-23, nan 
50.875, 75.125, 6.744922810960836e-24, nan 
51.125, 75.125, 1.3930468407332894e-23, nan 
51.375, 75.125, 1.9020142397408373e-23, nan 
51.625, 75.125, 1.5445938932356938e-23, nan 
51.875, 75.125, 1.8465831833857465e-23, nan 
52.125, 75.125, 1.956547604298292e-23, nan 
52.375, 75.125, 1.8978675982561257e-23, nan 
52.625, 75.125, 1.5450993350000064e-23, nan 
52.875, 75.125, 6.912865457501607e-24, nan 
53.125, 75.125, 2.219903422625527e-23, nan 
53.375, 75.125, 1.8432180211592602e-23, nan 
53.625, 75.125, 1.7309317032300896e-23, nan 
53.875, 75.125, 2.0636194060228743e-23, nan 
54.125, 75.125, 1.6439402734512513e-23, nan 
54.375, 75.125, 1.4382482948213406e-23, nan 
54.625, 75.125, 5.983829432320898e-24, nan 
54.875, 75.125, 2.8916701526352007e-24, nan 
55.125, 75.125, 5.06530508952393e-24, nan 
55.375, 75.125, 1.1427483402285008e-23, nan 
55.625, 75.125, 1.6980343669139348e-23, nan 
55.875, 75.125, 1.7550354810031835e-23, nan 
56.125, 75.125, 1.9139797408813237e-23, nan 
56.375, 75.125, 4.069282428210414e-23, nan 
56.625, 75.125, 3.3843674419136784e-23, nan 
56.875, 75.125, 3.196409198262045e-23, nan 
57.125, 75.125, 3.753617955534238e-23, nan 
57.375, 75.125, 3.27960294792618e-23, nan 
57.625, 75.125, 3.2647966805494457e-23, nan 
57.875, 75.125, 1.78352882101375e-23, nan 
58.125, 75.125, 1.2597147980880214e-23, nan 
58.375, 75.125, 1.675317241592738e-23, nan 
58.625, 75.125, 1.45825605881497e-23, nan 
58.875, 75.125, 6.351164031401188e-24, nan 
59.125, 75.125, 4.019218990849729e-24, nan 
59.375, 75.125, 4.636833629757176e-24, nan 
59.625, 75.125, 4.561419930109612e-24, nan 
59.875, 75.125, 6.038291895980342e-24, nan 
60.125, 75.125, 4.445795158571199e-24, nan 
60.375, 75.125, 4.3969152917883176e-24, nan 
60.625, 75.125, 4.636518460138983e-24, nan 
60.875, 75.125, 1.1948614895909897e-23, nan 
61.125, 75.125, 2.3855190408074856e-23, nan 
61.375, 75.125, 2.251573417581321e-23, nan 
61.625, 75.125, 1.4767513590948538e-23, nan 
61.875, 75.125, 3.7364548424213796e-23, nan 
62.125, 75.125, 4.1438854620785965e-23, nan 
62.375, 75.125, 3.295834924631679e-23, nan 
62.625, 75.125, 2.8663458850430534e-23, nan 
62.875, 75.125, 2.914033196621401e-23, nan 
63.125, 75.125, 2.85855203112086e-23, nan 
63.375, 75.125, 1.987958127843177e-23, nan 
63.625, 75.125, 1.5205520404724582e-23, nan 
63.875, 75.125, 1.186836033763135e-23, nan 
64.125, 75.125, 1.384016744188032e-23, nan 
64.375, 75.125, 2.0890485158893237e-23, nan 
64.625, 75.125, 1.611469207284523e-23, nan 
64.875, 75.125, 2.71951017346734e-23, nan 
65.125, 75.125, 3.439912716697951e-23, nan 
65.375, 75.125, 2.6432322952564436e-23, nan 
65.625, 75.125, 2.743552896019207e-23, nan 
65.875, 75.125, 3.0936490260639695e-23, nan 
66.125, 75.125, 1.994435299768406e-23, nan 
66.375, 75.125, 1.1781759552247626e-23, nan 
66.625, 75.125, 8.875857656830348e-24, nan 
66.875, 75.125, 4.316622302739228e-24, nan 
67.125, 75.125, 4.049787742832322e-24, nan 
67.375, 75.125, 5.7059654098018254e-24, nan 
67.625, 75.125, 4.058261921003968e-24, nan 
67.875, 75.125, 5.47323185439538e-24, nan 
68.125, 75.125, 5.65297937377376e-24, nan 
68.375, 75.125, 6.0884873334694526e-24, nan 
68.625, 75.125, 5.992013760370607e-24, nan 
68.875, 75.125, 5.7227230679157885e-24, nan 
69.125, 75.125, 2.63363435938228e-24, nan 
69.375, 75.125, 2.8567277430676162e-24, nan 
69.625, 75.125, 3.40380714999381e-24, nan 
69.875, 75.125, 2.852328739837709e-24, nan 
70.125, 75.125, 3.126982516366926e-24, nan 
70.375, 75.125, 6.0822730703147905e-24, nan 
70.625, 75.125, 1.0025277206653686e-23, nan 
70.875, 75.125, 1.157504199667419e-23, nan 
71.125, 75.125, 1.1295179741384313e-23, nan 
71.375, 75.125, 1.1166953797754936e-23, nan 
71.625, 75.125, 1.3273126222157147e-23, nan 
71.875, 75.125, 2.2292895683014414e-23, nan 
72.125, 75.125, 1.846277320612321e-23, nan 
72.375, 75.125, 1.0582224309714232e-23, nan 
72.625, 75.125, 1.0602080897174113e-23, nan 
72.875, 75.125, 1.1135900811243669e-23, nan 
73.125, 75.125, 2.4264700964886647e-24, nan 
73.375, 75.125, 7.104691745605616e-24, nan 
73.625, 75.125, 6.5605300552573485e-24, nan 
73.875, 75.125, 2.696037286913143e-24, nan 
74.125, 75.125, 3.999715977853075e-24, nan 
74.375, 75.125, 8.285590556824145e-24, nan 
74.625, 75.125, 7.696438319252982e-24, nan 
74.875, 75.125, 8.905011167923413e-24, nan 
75.125, 75.125, 9.831210232540805e-24, nan 
75.375, 75.125, 5.611554179950589e-24, nan 
75.625, 75.125, 5.607351386458775e-24, nan 
75.875, 75.125, 7.95625930307525e-24, nan 
76.125, 75.125, 7.842211917326337e-24, nan 
76.375, 75.125, 7.749710895721554e-24, nan 
76.625, 75.125, 9.42880526393651e-24, nan 
76.875, 75.125, 1.0665996986208157e-23, nan 
77.125, 75.125, 9.994678136879494e-24, nan 
77.375, 75.125, 7.408112472544972e-24, nan 
77.625, 75.125, 7.999984810103746e-24, nan 
77.875, 75.125, 6.3012216593029364e-24, nan 
78.125, 75.125, 7.138589205102675e-24, nan 
78.375, 75.125, 4.89977376808935e-24, nan 
78.625, 75.125, 6.717412177910704e-24, nan 
78.875, 75.125, 3.696128329046815e-24, nan 
79.125, 75.125, 2.6444365580494543e-24, nan 
79.375, 75.125, 5.6867264264332365e-24, nan 
79.625, 75.125, 3.891387305606986e-24, nan 
79.875, 75.125, 3.132999141345195e-24, nan 
80.125, 75.125, 5.487365866399823e-24, nan 
80.375, 75.125, 6.659824717651417e-24, nan 
80.625, 75.125, 6.151889341065565e-24, nan 
80.875, 75.125, 4.6463660634460126e-24, nan 
81.125, 75.125, 7.134699714301364e-24, nan 
81.375, 75.125, 7.429383882521697e-24, nan 
81.625, 75.125, 2.3200005579431664e-24, nan 
81.875, 75.125, 2.5779807395534853e-24, nan 
82.125, 75.125, 8.388804312215491e-24, nan 
82.375, 75.125, 1.0133205159304144e-23, nan 
82.625, 75.125, 8.952124100996014e-24, nan 
82.875, 75.125, 1.1842903424686863e-23, nan 
83.125, 75.125, 7.939786092317304e-24, nan 
83.375, 75.125, 8.511236436378062e-24, nan 
83.625, 75.125, 4.72942237257064e-24, nan 
83.875, 75.125, 4.298243541249693e-24, nan 
84.125, 75.125, 2.816812935498551e-24, nan 
84.375, 75.125, 2.8448123953629152e-24, nan 
84.625, 75.125, 2.9917670143775175e-24, nan 
84.875, 75.125, 3.278659537413748e-24, nan 
85.125, 75.125, 2.9442068517375307e-24, nan 
85.375, 75.125, 3.0781168279600604e-24, nan 
85.625, 75.125, 3.405668697951056e-24, nan 
85.875, 75.125, 2.5447506097647164e-24, nan 
86.125, 75.125, 3.080112871454971e-24, nan 
86.375, 75.125, 3.758126107259497e-24, nan 
86.625, 75.125, 4.739900698938924e-24, nan 
86.875, 75.125, 7.93624901863416e-24, nan 
87.125, 75.125, 5.098171869745221e-24, nan 
87.375, 75.125, 5.2251493754762316e-24, nan 
87.625, 75.125, 9.976745518728424e-24, nan 
87.875, 75.125, 5.7991507443518974e-24, nan 
88.125, 75.125, 4.939389669484821e-24, nan 
88.375, 75.125, 7.08752893556645e-24, nan 
88.625, 75.125, 7.353019797579052e-24, nan 
88.875, 75.125, 4.878210287406576e-24, nan 
89.125, 75.125, 4.883270977141652e-24, nan 
89.375, 75.125, 7.150969065223074e-24, nan 
89.625, 75.125, 4.287542204344335e-24, nan 
89.875, 75.125, 1.129452175354953e-24, nan 
90.125, 75.125, 3.475710629364889e-24, nan 
90.375, 75.125, 3.407838036764164e-24, nan 
90.625, 75.125, 1.4229055799822867e-24, nan 
90.875, 75.125, 2.1434939935587198e-24, nan 
91.125, 75.125, 1.8330572086190447e-24, nan 
91.375, 75.125, 1.388277760047057e-24, nan 
91.625, 75.125, 1.3171968090136747e-24, nan 
91.875, 75.125, 1.4719461525199503e-24, nan 
92.125, 75.125, 1.5898515435773782e-24, nan 
92.375, 75.125, 3.2505726897756405e-24, nan 
92.625, 75.125, 2.863672625886231e-24, nan 
92.875, 75.125, 2.067994052012126e-24, nan 
93.125, 75.125, 3.0931134708812948e-24, nan 
93.375, 75.125, 2.9666995463306653e-24, nan 
93.625, 75.125, 3.3623086220070435e-24, nan 
93.875, 75.125, 3.2980929084451716e-24, nan 
94.125, 75.125, 2.708838761578832e-24, nan 
94.375, 75.125, 3.3006328034533482e-24, nan 
94.625, 75.125, 2.5844262357022927e-24, nan 
94.875, 75.125, 2.9755360767268535e-24, nan 
95.125, 75.125, 5.880988087621929e-24, nan 
95.375, 75.125, 5.18485544277787e-24, nan 
95.625, 75.125, 3.913263528676702e-24, nan 
95.875, 75.125, 4.829641279740977e-24, nan 
96.125, 75.125, 3.2990928836443845e-24, nan 
96.375, 75.125, 2.6675223178345355e-24, nan 
96.625, 75.125, 3.259852928925864e-24, nan 
96.875, 75.125, 3.2995085021433456e-24, nan 
97.125, 75.125, 2.0641133895836516e-24, nan 
97.375, 75.125, 3.948461101449587e-24, nan 
97.625, 75.125, 4.082497882448351e-24, nan 
97.875, 75.125, 1.8966282755919133e-24, nan 
98.125, 75.125, 2.765023821368921e-24, nan 
98.375, 75.125, 4.168122958022323e-24, nan 
98.625, 75.125, 3.2615184313899037e-24, nan 
98.875, 75.125, 3.900191653689682e-24, nan 
99.125, 75.125, 6.173857276148165e-24, nan 
99.375, 75.125, 5.244077021689864e-24, nan 
99.625, 75.125, 4.566711807557596e-24, nan 
99.875, 75.125, 3.628423191838414e-24, nan 
100.125, 75.125, 1.2634527354143756e-24, nan 
100.375, 75.125, 6.0943321561585184e-24, nan 
100.625, 75.125, 4.191085547156694e-24, nan 
100.875, 75.125, 5.849276921944813e-24, nan 
101.125, 75.125, 6.3609474124910196e-24, nan 
101.375, 75.125, 4.427373070291944e-24, nan 
101.625, 75.125, 6.0807964030560834e-24, nan 
101.875, 75.125, 2.929094328974245e-24, nan 
102.125, 75.125, 7.835806247860098e-24, nan 
102.375, 75.125, 6.161477830093103e-24, nan 
102.625, 75.125, 7.398706264430054e-24, nan 
102.875, 75.125, 5.959917613071479e-24, nan 
103.125, 75.125, 5.7460962689816945e-24, nan 
103.375, 75.125, 6.939814075898456e-24, nan 
103.625, 75.125, 2.7208603619800307e-24, nan 
103.875, 75.125, 2.8756075746229306e-24, nan 
104.125, 75.125, 3.883234646928671e-24, nan 
104.375, 75.125, 3.054481494784098e-24, nan 
104.625, 75.125, 1.798457211739728e-24, nan 
104.875, 75.125, 2.210928557861837e-24, nan 
105.125, 75.125, 2.3176879624987308e-24, nan 
105.375, 75.125, 1.6210145962113408e-24, nan 
105.625, 75.125, 1.9792585157655935e-24, nan 
105.875, 75.125, 1.4863723155037326e-24, nan 
106.125, 75.125, 1.292969992441635e-24, nan 
106.375, 75.125, 2.2161584528649323e-25, nan 
106.625, 75.125, 8.33036258782174e-25, nan 
106.875, 75.125, 1.7523921086326744e-24, nan 
107.125, 75.125, 1.21701589451595e-24, nan 
107.375, 75.125, 2.834425351344826e-24, nan 
107.625, 75.125, 2.409503575071499e-24, nan 
107.875, 75.125, 2.5317397313452073e-24, nan 
108.125, 75.125, 3.0939464817327217e-24, nan 
108.375, 75.125, 4.6021666796259784e-24, nan 
108.625, 75.125, 4.4675350550744286e-24, nan 
108.875, 75.125, 3.735481173684307e-24, nan 
109.125, 75.125, 5.688039284872364e-24, nan 
178.375, 75.125, 2.0106896760373153e-24, nan 
178.625, 75.125, 3.518320793709982e-24, nan 
178.875, 75.125, 2.5736685534207785e-24, nan 
179.125, 75.125, 1.225465614745152e-24, nan 
179.375, 75.125, 1.4819540597676732e-24, nan 
179.625, 75.125, 1.5894733113391615e-24, nan 
179.875, 75.125, 9.20087700951279e-25, nan 
-179.875, 75.375, 3.0120597779947732e-24, nan 
-179.625, 75.375, 2.561842722314883e-24, nan 
-179.375, 75.375, 3.177782400007895e-24, nan 
-179.125, 75.375, 2.9717011437415813e-24, nan 
-178.875, 75.375, 2.29330648476604e-24, nan 
-178.625, 75.375, 3.2209400419047925e-24, nan 
-178.375, 75.375, 3.517539323832969e-24, nan 
-178.125, 75.375, 2.2363009529609898e-24, nan 
-177.875, 75.375, 2.4648224942754212e-24, nan 
-177.625, 75.375, 1.9311931389121096e-24, nan 
-177.375, 75.375, 2.0502062821966678e-24, nan 
-177.125, 75.375, 2.2241930638173102e-24, nan 
-176.875, 75.375, 3.8353722048722236e-24, nan 
-176.625, 75.375, 3.561487103429158e-24, nan 
-176.375, 75.375, 2.785317902503049e-24, nan 
-176.125, 75.375, 1.751745775183988e-24, nan 
-175.875, 75.375, 2.4987766703241815e-24, nan 
-175.625, 75.375, 1.759962375264094e-24, nan 
-175.375, 75.375, 1.52125862520215e-24, nan 
-175.125, 75.375, 8.748005305087648e-25, nan 
-174.875, 75.375, 8.208934697463621e-25, nan 
-174.625, 75.375, 3.2033835294516702e-24, nan 
-174.375, 75.375, 2.7120912159567935e-24, nan 
-174.125, 75.375, 3.15527212428099e-24, nan 
-173.875, 75.375, 2.4064853646420483e-24, nan 
-173.625, 75.375, 2.715766785597412e-24, nan 
-173.375, 75.375, 2.4418741612148785e-24, nan 
-173.125, 75.375, 1.6652475515766235e-24, nan 
-172.875, 75.375, 1.5239890410204971e-24, nan 
-172.625, 75.375, 1.3487888882725716e-24, nan 
-172.375, 75.375, 1.666868594839589e-24, nan 
-172.125, 75.375, 1.5057875420148923e-24, nan 
-171.875, 75.375, 1.3703684150979036e-24, nan 
-171.625, 75.375, 1.4572361445282306e-24, nan 
-171.375, 75.375, 1.6209263919128527e-24, nan 
-171.125, 75.375, 1.4359587082421826e-24, nan 
-170.875, 75.375, 9.832303965888709e-25, nan 
-170.625, 75.375, 1.954179177816781e-24, nan 
-170.375, 75.375, 3.862865206668122e-24, nan 
-170.125, 75.375, 5.064521361801171e-24, nan 
-169.875, 75.375, 3.705595036061851e-24, nan 
-169.625, 75.375, 3.863034055760636e-24, nan 
-169.375, 75.375, 4.695331789000314e-24, nan 
-169.125, 75.375, 3.723155857216514e-24, nan 
-168.875, 75.375, 3.913919881944616e-24, nan 
-168.625, 75.375, 4.233872418329782e-24, nan 
-168.375, 75.375, 3.610223406208894e-24, nan 
-168.125, 75.375, 3.376501908758646e-24, nan 
-167.875, 75.375, 5.865509173329014e-24, nan 
-167.625, 75.375, 4.231035824397106e-24, nan 
-167.375, 75.375, 1.989106181439742e-24, nan 
-167.125, 75.375, 4.450825230738443e-24, nan 
-166.875, 75.375, 4.529061927278796e-24, nan 
-166.625, 75.375, 6.665410789863991e-24, nan 
-166.375, 75.375, 8.48281655983564e-24, nan 
-166.125, 75.375, 1.1246598480799346e-23, nan 
-165.875, 75.375, 8.834007595057334e-24, nan 
-165.625, 75.375, 8.100977059397269e-24, nan 
-165.375, 75.375, 1.3438830761736877e-23, nan 
-165.125, 75.375, 1.263588928957499e-23, nan 
-164.875, 75.375, 9.944567267059794e-24, nan 
-164.625, 75.375, 9.656096073342369e-24, nan 
-164.375, 75.375, 9.90720266026264e-24, nan 
-164.125, 75.375, 9.523241012430414e-24, nan 
-163.875, 75.375, 7.22515601307916e-24, nan 
-163.625, 75.375, 5.205071391416575e-24, nan 
-163.375, 75.375, 2.7171656022730555e-24, nan 
-163.125, 75.375, 3.443608806890179e-24, nan 
-162.875, 75.375, 4.226887856051464e-24, nan 
-162.625, 75.375, 4.783300741240962e-24, nan 
-162.375, 75.375, 3.6973870308540065e-24, nan 
-162.125, 75.375, 1.900718302140129e-24, nan 
-161.875, 75.375, 2.483447337875269e-24, nan 
-161.625, 75.375, 2.21926881714841e-24, nan 
-161.375, 75.375, 2.258861602780318e-24, nan 
-161.125, 75.375, 2.2796758231167975e-24, nan 
-160.875, 75.375, 3.1007145040257882e-24, nan 
-160.625, 75.375, 4.8493313985618445e-24, nan 
-160.375, 75.375, 5.9813077102268456e-24, nan 
-160.125, 75.375, 3.747775680629956e-24, nan 
-159.875, 75.375, 4.177258910706188e-24, nan 
-159.625, 75.375, 4.14249744515429e-24, nan 
-159.375, 75.375, 2.4069248287392774e-24, nan 
-159.125, 75.375, 1.342634810451396e-24, nan 
-158.875, 75.375, 8.76055958977882e-25, nan 
-158.625, 75.375, 4.5932157499748905e-24, nan 
-158.375, 75.375, 1.0239073950246492e-23, nan 
-158.125, 75.375, 1.649549498344163e-23, nan 
-157.875, 75.375, 1.3568547087800415e-23, nan 
-157.625, 75.375, 1.4955463119760707e-23, nan 
-157.375, 75.375, 2.2454526332261843e-23, nan 
-157.125, 75.375, 1.8781191572725054e-23, nan 
-156.875, 75.375, 1.3837328260252296e-23, nan 
-156.625, 75.375, 6.2524472276145485e-24, nan 
-156.375, 75.375, 8.702949577858106e-24, nan 
-156.125, 75.375, 1.009046960134503e-23, nan 
-155.875, 75.375, 1.179102226709722e-23, nan 
-155.625, 75.375, 9.500560283480601e-24, nan 
-155.375, 75.375, 1.3911163355472286e-23, nan 
-155.125, 75.375, 1.5034484556693352e-23, nan 
-154.875, 75.375, 1.1001482482174825e-23, nan 
-154.625, 75.375, 1.32826232384352e-23, nan 
-154.375, 75.375, 1.400666813674403e-23, nan 
-154.125, 75.375, 9.99518281509328e-24, nan 
-153.875, 75.375, 6.739177711003448e-24, nan 
-153.625, 75.375, 4.128419982068561e-24, nan 
-153.375, 75.375, 2.88928914301037e-24, nan 
-153.125, 75.375, 3.445568625823459e-24, nan 
-152.875, 75.375, 5.515402517796073e-24, nan 
-152.625, 75.375, 4.48227065373198e-24, nan 
-152.375, 75.375, 3.486191605173079e-24, nan 
-152.125, 75.375, 4.475757263769486e-24, nan 
-151.875, 75.375, 4.799280229616509e-24, nan 
-151.625, 75.375, 5.1834722843740226e-24, nan 
-151.375, 75.375, 4.8525922898469954e-24, nan 
-151.125, 75.375, 4.552351385602218e-24, nan 
-150.875, 75.375, 3.3558063534190216e-24, nan 
-150.625, 75.375, 3.67645842716413e-24, nan 
-150.375, 75.375, 2.0150812447911062e-24, nan 
-150.125, 75.375, 3.5838629615700796e-24, nan 
-149.875, 75.375, 4.020644633229707e-24, nan 
-149.625, 75.375, 2.8043778318872982e-24, nan 
-149.375, 75.375, 3.0168353338185035e-24, nan 
-149.125, 75.375, 4.826750094977676e-24, nan 
-148.875, 75.375, 5.2306980868137366e-24, nan 
-148.625, 75.375, 3.1547651241956686e-24, nan 
-148.375, 75.375, 5.802039516267159e-24, nan 
-148.125, 75.375, 5.062265717432419e-24, nan 
-147.875, 75.375, 3.2112764119874894e-24, nan 
-147.625, 75.375, 2.4727606330793435e-24, nan 
-147.375, 75.375, 3.515735978096399e-24, nan 
-147.125, 75.375, 5.218450981373331e-24, nan 
-146.875, 75.375, 7.951649062084046e-24, nan 
-146.625, 75.375, 4.764004429810075e-24, nan 
-146.375, 75.375, 7.516357240318245e-24, nan 
-146.125, 75.375, 2.1495259076275925e-23, nan 
-145.875, 75.375, 2.8946358574217534e-23, nan 
-145.625, 75.375, 2.6221334076268792e-23, nan 
-145.375, 75.375, 1.5741709924843678e-23, nan 
-145.125, 75.375, 2.81030640285178e-23, nan 
-144.875, 75.375, 3.243832654537408e-23, nan 
-144.625, 75.375, 1.321971505967785e-23, nan 
-144.375, 75.375, 1.3576016600063675e-23, nan 
-144.125, 75.375, 1.4736323966353756e-23, nan 
-143.875, 75.375, 1.179160936129265e-23, nan 
-143.625, 75.375, 2.376031677003337e-23, nan 
-143.375, 75.375, 2.1562179340158684e-23, nan 
-143.125, 75.375, 2.1200249352680162e-23, nan 
-142.875, 75.375, 3.608433855353415e-23, nan 
-142.625, 75.375, 2.4063492725113126e-23, nan 
-142.375, 75.375, 2.1804586092882204e-23, nan 
-142.125, 75.375, 2.0400981208774764e-23, nan 
-141.875, 75.375, 1.6002745756337382e-23, nan 
-141.625, 75.375, 1.8872060360247536e-23, nan 
-141.375, 75.375, 1.0961299331369507e-23, nan 
-141.125, 75.375, 6.848689838510476e-24, nan 
-140.875, 75.375, 6.400583769614703e-24, nan 
-140.625, 75.375, 1.2236510918701483e-23, nan 
-140.375, 75.375, 1.257135399555266e-23, nan 
-140.125, 75.375, 7.589089013162275e-24, nan 
-139.875, 75.375, 1.0718735088028028e-23, nan 
-139.625, 75.375, 7.82433293527739e-24, nan 
-139.375, 75.375, 1.103160784418696e-23, nan 
-139.125, 75.375, 8.700321890602067e-24, nan 
-138.875, 75.375, 4.082791768611535e-24, nan 
-138.625, 75.375, 8.582430651833533e-24, nan 
-138.375, 75.375, 1.3038767933862493e-23, nan 
-138.125, 75.375, 1.4788142148470415e-23, nan 
-137.875, 75.375, 1.4022461583594352e-23, nan 
-137.625, 75.375, 1.2788966291676327e-23, nan 
-137.375, 75.375, 1.7358890525664272e-23, nan 
-137.125, 75.375, 1.8988358505932533e-23, nan 
-136.875, 75.375, 7.557357810402344e-24, nan 
-136.625, 75.375, 9.613046557861512e-24, nan 
-136.375, 75.375, 1.2397912132910362e-23, nan 
-136.125, 75.375, 4.1132699463015496e-24, nan 
-135.875, 75.375, 4.0632759574608426e-24, nan 
-135.625, 75.375, 3.972357078898469e-24, nan 
-135.375, 75.375, 5.222752280680807e-24, nan 
-135.125, 75.375, 4.065490517926354e-24, nan 
-134.875, 75.375, 4.234048897813947e-24, nan 
-134.625, 75.375, 5.457407810454037e-24, nan 
-134.375, 75.375, 4.55111427734238e-24, nan 
-134.125, 75.375, 3.153685270106435e-24, nan 
-133.875, 75.375, 2.489483935159947e-24, nan 
-133.625, 75.375, 2.557336254011137e-24, nan 
-133.375, 75.375, 3.460888644697085e-24, nan 
-133.125, 75.375, 5.2121524399620706e-24, nan 
-132.875, 75.375, 7.490022181655891e-24, nan 
-132.625, 75.375, 1.4931789297106174e-23, nan 
-132.375, 75.375, 2.0207323964903968e-23, nan 
-132.125, 75.375, 1.5387515703772986e-23, nan 
-131.875, 75.375, 2.1540615893902705e-23, nan 
-131.625, 75.375, 3.777426734256463e-23, nan 
-131.375, 75.375, 7.474160104742019e-24, nan 
-131.125, 75.375, 1.1146061027780454e-23, nan 
-130.875, 75.375, 2.5692128894371827e-23, nan 
-130.625, 75.375, 2.3982335485430737e-23, nan 
-130.375, 75.375, 2.1867721291243533e-23, nan 
-130.125, 75.375, 1.8996970709834432e-23, nan 
-129.875, 75.375, 2.1568361246304457e-23, nan 
-129.625, 75.375, 2.0998087932637347e-23, nan 
-129.375, 75.375, 2.067357161018475e-23, nan 
-129.125, 75.375, 2.4655335295162834e-23, nan 
-128.875, 75.375, 2.0094004739284513e-23, nan 
-128.625, 75.375, 2.318272779743805e-23, nan 
-128.375, 75.375, 5.004124887699698e-23, nan 
-128.125, 75.375, 4.414086076163239e-23, nan 
-127.875, 75.375, 2.8060559899872217e-23, nan 
-127.625, 75.375, 4.937484102802897e-23, nan 
-127.375, 75.375, 3.9854020334008674e-23, nan 
-127.125, 75.375, 2.1366531926716775e-23, nan 
-126.875, 75.375, 2.2018558240419422e-23, nan 
-126.625, 75.375, 2.1525244056712154e-23, nan 
-126.375, 75.375, 2.8396672347197716e-23, nan 
-126.125, 75.375, 2.150340122827344e-23, nan 
-125.875, 75.375, 1.6734632185677266e-23, nan 
-125.625, 75.375, 1.7580796555147598e-23, nan 
-125.375, 75.375, 1.6118503033557444e-23, nan 
-125.125, 75.375, 1.2101580778160676e-23, nan 
-124.875, 75.375, 1.8907715368974673e-23, nan 
-124.625, 75.375, 1.9536791985222337e-23, nan 
-124.375, 75.375, 1.6867751500956902e-23, nan 
-124.125, 75.375, 2.2124549004871768e-23, nan 
-123.875, 75.375, 2.1823216228026156e-23, nan 
-123.625, 75.375, 2.2143600658859914e-23, nan 
-123.375, 75.375, 1.9613505369987763e-23, nan 
-123.125, 75.375, 2.1088053192740627e-23, nan 
-122.875, 75.375, 2.797100478387723e-23, nan 
-122.625, 75.375, 3.2009120942243993e-23, nan 
-122.375, 75.375, 4.518516441228939e-23, nan 
-122.125, 75.375, 5.380717985881694e-23, nan 
-121.875, 75.375, 4.148255062627938e-23, nan 
-121.625, 75.375, 5.984086516198032e-23, nan 
-121.375, 75.375, 5.620794129968208e-23, nan 
-121.125, 75.375, 4.557003351904491e-23, nan 
-120.875, 75.375, 3.3392394553524303e-23, nan 
-120.625, 75.375, 3.083109709813782e-23, nan 
-120.375, 75.375, 3.2026903438868186e-23, nan 
-120.125, 75.375, 2.98020889743708e-23, nan 
-119.875, 75.375, 2.5577411212091088e-23, nan 
-119.625, 75.375, 1.9753396610067027e-23, nan 
-119.375, 75.375, 1.7871108734691808e-23, nan 
-119.125, 75.375, 2.042755296960193e-23, nan 
-118.875, 75.375, 8.269003385492007e-24, nan 
-118.625, 75.375, 7.547177370491122e-24, nan 
-118.375, 75.375, 9.019138130242981e-24, nan 
-118.125, 75.375, 1.3061470426522225e-23, nan 
-117.875, 75.375, 1.213851917201981e-23, nan 
-117.625, 75.375, 1.055454034648869e-23, nan 
-117.375, 75.375, 1.1843046436009148e-23, nan 
-117.125, 75.375, 1.0269767460100736e-23, nan 
-116.875, 75.375, 1.6776870793952886e-23, nan 
-116.625, 75.375, 1.6128462038397682e-23, nan 
-116.375, 75.375, 1.8316317515618637e-23, nan 
-116.125, 75.375, 2.3866807859110594e-23, nan 
-115.875, 75.375, 1.5923337388300286e-23, nan 
-115.625, 75.375, 2.092341224552035e-23, nan 
-115.375, 75.375, 3.865544545336855e-23, nan 
-115.125, 75.375, 4.992153186665646e-23, nan 
-114.875, 75.375, 1.543261366081953e-23, nan 
-114.625, 75.375, 4.260431655888014e-23, nan 
-114.375, 75.375, 8.181990138156547e-23, nan 
-114.125, 75.375, 3.4670063806610774e-23, nan 
-113.875, 75.375, 2.9314313671450066e-23, nan 
-113.625, 75.375, 5.0711289897530284e-23, nan 
-113.375, 75.375, 3.3830387984520457e-23, nan 
-113.125, 75.375, 2.03403588843244e-23, nan 
-112.875, 75.375, 7.365179684192644e-24, nan 
-112.625, 75.375, 1.7876687936387745e-23, nan 
-112.375, 75.375, 1.7802684878380647e-23, nan 
-112.125, 75.375, 1.4080316247915248e-23, nan 
-111.875, 75.375, 1.0213482268507193e-23, nan 
-111.625, 75.375, 1.3074830589955737e-23, nan 
-111.375, 75.375, 5.75405274192587e-24, nan 
-111.125, 75.375, 1.674715086258678e-23, nan 
-110.875, 75.375, 2.2321269045862056e-23, nan 
-110.625, 75.375, 4.2696721060551445e-24, nan 
-110.375, 75.375, 1.9655377036128258e-23, nan 
-110.125, 75.375, 1.479966532387742e-23, nan 
-109.875, 75.375, 1.334273386570384e-23, nan 
-109.625, 75.375, 1.690331788563601e-23, nan 
-109.375, 75.375, 2.8112503784391125e-23, nan 
-109.125, 75.375, 3.707211473691435e-23, nan 
-108.875, 75.375, 2.973014116843499e-23, nan 
-108.625, 75.375, 3.0801890590944746e-23, nan 
-108.375, 75.375, 3.885902153019533e-23, nan 
-108.125, 75.375, 3.411103073688264e-23, nan 
-107.875, 75.375, 3.146405650950667e-23, nan 
-107.625, 75.375, 2.803864499762941e-23, nan 
-107.375, 75.375, 2.233363101836273e-23, nan 
-107.125, 75.375, 2.6240964795815826e-23, nan 
-106.875, 75.375, 2.770347590329516e-23, nan 
-106.625, 75.375, 2.61467338182666e-23, nan 
-106.375, 75.375, 2.9947174214724983e-23, nan 
-106.125, 75.375, 2.5114974889341082e-23, nan 
-105.875, 75.375, 2.5038295079085282e-23, nan 
-105.625, 75.375, 2.7638973391597637e-23, nan 
-105.375, 75.375, 3.5861338603135573e-23, nan 
-105.125, 75.375, 2.9355860467934536e-23, nan 
-104.875, 75.375, 1.7925087358985536e-23, nan 
-104.625, 75.375, 1.3064332144628504e-23, nan 
-104.375, 75.375, 2.534568331167595e-23, nan 
-104.125, 75.375, 4.301360846760196e-23, nan 
-103.875, 75.375, 3.1881214663399476e-23, nan 
-103.625, 75.375, 3.7990056935789736e-23, nan 
-103.375, 75.375, 4.9975895820088066e-23, nan 
-103.125, 75.375, 3.900561339345954e-23, nan 
-102.875, 75.375, 5.530819228864229e-23, nan 
-102.625, 75.375, 3.8156125989046644e-23, nan 
-102.375, 75.375, 4.924492351135263e-23, nan 
-102.125, 75.375, 5.845819827234669e-23, nan 
-101.875, 75.375, 4.537708921028974e-23, nan 
-101.625, 75.375, 3.284296816001758e-23, nan 
-101.375, 75.375, 1.9764360401089466e-23, nan 
-101.125, 75.375, 2.092318239817124e-23, nan 
-100.875, 75.375, 4.71830689383234e-23, nan 
-100.625, 75.375, 3.2567169313683746e-23, nan 
-100.375, 75.375, 2.2354950284276992e-23, nan 
-100.125, 75.375, 1.9791505662188716e-23, nan 
-99.875, 75.375, 1.9212078023857482e-23, nan 
-99.625, 75.375, 1.098626816975707e-23, nan 
-99.375, 75.375, 1.5609042345564323e-23, nan 
-99.125, 75.375, 1.5908088801825882e-23, nan 
-98.875, 75.375, 7.968883678757218e-24, nan 
-98.625, 75.375, 1.0287568967461245e-23, nan 
-98.375, 75.375, 1.353419121650556e-23, nan 
-98.125, 75.375, 1.1647153264190684e-23, nan 
-97.875, 75.375, 2.0951237153018802e-23, nan 
-97.625, 75.375, 1.8406444765175337e-23, nan 
-97.375, 75.375, 1.5789496287926094e-23, nan 
-97.125, 75.375, 2.8817919618807503e-23, nan 
-96.875, 75.375, 3.0685832139758746e-23, nan 
-96.625, 75.375, 2.686692523167355e-23, nan 
-96.375, 75.375, 2.690435870838979e-23, nan 
-96.125, 75.375, 3.444387110396987e-23, nan 
-95.875, 75.375, 3.2999780258414587e-23, nan 
-95.625, 75.375, 3.7066403642884084e-23, nan 
-95.375, 75.375, 4.225614037963703e-23, nan 
-95.125, 75.375, 2.4040181138854975e-23, nan 
-94.875, 75.375, 1.513678504648733e-23, nan 
-94.625, 75.375, 1.4058726354661517e-23, nan 
-94.375, 75.375, 2.0482924141375058e-23, nan 
-94.125, 75.375, 1.4757306374035027e-23, nan 
-93.875, 75.375, 1.2566463571328815e-23, nan 
-93.625, 75.375, 1.6111218502764073e-23, nan 
-93.375, 75.375, 1.5117946939046263e-23, nan 
-93.125, 75.375, 1.500256325160366e-23, nan 
-92.875, 75.375, 1.5315526931210247e-23, nan 
-92.625, 75.375, 1.2325854402903999e-23, nan 
-92.375, 75.375, 1.4543918219548965e-23, nan 
-92.125, 75.375, 1.6962416442908147e-23, nan 
-91.875, 75.375, 1.775005339586145e-23, nan 
-91.625, 75.375, 2.146217822999879e-23, nan 
-91.375, 75.375, 3.8307919737480135e-23, nan 
-91.125, 75.375, 4.3141383070872456e-23, nan 
-90.875, 75.375, 3.1545215638312905e-23, nan 
-90.625, 75.375, 4.9447575029942263e-23, nan 
-90.375, 75.375, 5.604843611594761e-23, nan 
-90.125, 75.375, 4.1457495887551103e-23, nan 
-89.875, 75.375, 4.1873953374826875e-23, nan 
-89.625, 75.375, 6.546136685385087e-23, nan 
-89.375, 75.375, 6.662336539824387e-23, nan 
-89.125, 75.375, 9.990649127569944e-23, nan 
-88.875, 75.375, 1.0434300920132781e-22, nan 
-88.625, 75.375, 7.54544621496237e-23, nan 
-88.375, 75.375, 3.253508142693289e-22, nan 
-88.125, 75.375, 1.0458992969515525e-22, nan 
-87.875, 75.375, 1.900518784449645e-22, nan 
-87.625, 75.375, 1.243164950953531e-22, nan 
-87.375, 75.375, 9.192255328766097e-23, nan 
-87.125, 75.375, 9.506480513192474e-23, nan 
-86.875, 75.375, 1.1327920712647836e-22, nan 
-86.625, 75.375, 7.125183185378544e-23, nan 
-86.375, 75.375, 5.49332812186202e-23, nan 
-86.125, 75.375, 5.938598881983956e-23, nan 
-85.875, 75.375, 4.4929785375615404e-23, nan 
-85.625, 75.375, 3.923838331578504e-23, nan 
-85.375, 75.375, 5.008119078399372e-23, nan 
-85.125, 75.375, 5.1578478003009124e-23, nan 
-84.875, 75.375, 6.562039261493092e-23, nan 
-84.625, 75.375, 6.468112237244076e-23, nan 
-84.375, 75.375, 6.85957355900459e-23, nan 
-84.125, 75.375, 7.655539955328828e-23, nan 
-83.875, 75.375, 6.019321064653502e-23, nan 
-83.625, 75.375, 8.580598294137453e-23, nan 
-83.375, 75.375, 7.785852020705514e-23, nan 
-83.125, 75.375, 9.134685477597865e-23, nan 
-82.875, 75.375, 8.511144122831533e-23, nan 
-82.625, 75.375, 9.779542191929313e-23, nan 
-82.375, 75.375, 1.1530516367515568e-22, nan 
-82.125, 75.375, 1.0072315760152809e-22, nan 
-81.875, 75.375, 1.0366751677028093e-22, nan 
-81.625, 75.375, 1.0774521599438515e-22, nan 
-81.375, 75.375, 9.608082466671982e-23, nan 
-81.125, 75.375, 9.02883326779319e-23, nan 
-80.875, 75.375, 8.315465311146245e-23, nan 
-80.625, 75.375, 8.431786734177318e-23, nan 
-80.375, 75.375, 7.106360525576776e-23, nan 
-80.125, 75.375, 6.360310937258436e-23, nan 
-79.875, 75.375, 8.33370080962525e-23, nan 
-79.625, 75.375, 1.2030077196926978e-22, nan 
-79.375, 75.375, 1.243047095894538e-22, nan 
-79.125, 75.375, 1.2427764686642274e-22, nan 
-78.875, 75.375, 1.141249441317146e-22, nan 
-78.625, 75.375, 1.2888983428498645e-22, nan 
-78.375, 75.375, 1.243380327555304e-22, nan 
-78.125, 75.375, 1.0399440132654587e-22, nan 
-77.875, 75.375, 1.0801073327714084e-22, nan 
-77.625, 75.375, 7.451199341263685e-23, nan 
-77.375, 75.375, 2.3017788288600024e-22, nan 
-77.125, 75.375, 3.783931939082417e-22, nan 
-76.875, 75.375, 2.173872650408362e-22, nan 
-76.625, 75.375, 1.8554367123687734e-22, nan 
-76.375, 75.375, 4.596347283341617e-22, nan 
-76.125, 75.375, 2.5991991068680103e-22, nan 
-75.875, 75.375, 7.791533072354147e-23, nan 
-75.625, 75.375, 2.680315805401418e-22, nan 
-75.375, 75.375, 1.847558892220858e-22, nan 
-75.125, 75.375, 1.2940526311461557e-22, nan 
-74.875, 75.375, 7.059516969636336e-23, nan 
-74.625, 75.375, 1.108965554755547e-22, nan 
-74.375, 75.375, 1.5130680340599087e-22, nan 
-74.125, 75.375, 2.4435123801114027e-22, nan 
-73.875, 75.375, 2.6055181540614826e-22, nan 
-73.625, 75.375, 2.4912870861031466e-22, nan 
-73.375, 75.375, 3.2553626686696112e-22, nan 
-73.125, 75.375, 3.032008282766143e-22, nan 
-72.875, 75.375, 3.4103901263254705e-22, nan 
-72.625, 75.375, 3.9474177732861875e-22, nan 
-72.375, 75.375, 4.436648880583605e-22, nan 
-72.125, 75.375, 4.847208635858681e-22, nan 
-71.875, 75.375, 4.403630776576636e-22, nan 
-71.625, 75.375, 4.510244398470104e-22, nan 
-71.375, 75.375, 4.764814342622553e-22, nan 
-71.125, 75.375, 4.2198576295634735e-22, nan 
-70.875, 75.375, 4.086380437673898e-22, nan 
-70.625, 75.375, 4.764144146561212e-22, nan 
-70.375, 75.375, 4.629517568393969e-22, nan 
-70.125, 75.375, 4.1753238311857587e-22, nan 
-69.875, 75.375, 4.0650807086224802e-22, nan 
-69.625, 75.375, 3.783287389912325e-22, nan 
-69.375, 75.375, 6.157039817838131e-22, nan 
-69.125, 75.375, 2.961903253170602e-21, nan 
-68.875, 75.375, 2.4844003658299525e-21, nan 
-68.625, 75.375, 2.5239989369836484e-22, nan 
-68.375, 75.375, 6.739216392055801e-22, nan 
-68.125, 75.375, 7.006971807329623e-22, nan 
-67.875, 75.375, 6.675221137501204e-22, nan 
-67.625, 75.375, 8.232671398730157e-22, nan 
-67.375, 75.375, 1.020442107722049e-21, nan 
-67.125, 75.375, 1.0855059763263754e-21, nan 
-66.875, 75.375, 9.790887597377692e-22, nan 
-66.625, 75.375, 1.027150208453706e-21, nan 
-66.375, 75.375, 8.417721406138012e-22, nan 
-66.125, 75.375, 6.431611504082774e-22, nan 
-65.875, 75.375, 3.3481161141469784e-22, nan 
-65.625, 75.375, 2.6626111118554053e-22, nan 
-65.375, 75.375, 3.275956285515317e-22, nan 
-65.125, 75.375, 3.410218259895749e-22, nan 
-64.875, 75.375, 3.6713227513008288e-22, nan 
-64.625, 75.375, 3.7938131727096102e-22, nan 
-64.375, 75.375, 4.123755268445908e-22, nan 
-64.125, 75.375, 4.708203300419174e-22, nan 
-63.875, 75.375, 5.212026126161601e-22, nan 
-63.625, 75.375, 5.760205127503565e-22, nan 
-63.375, 75.375, 6.614536129133907e-22, nan 
-63.125, 75.375, 7.058636171616694e-22, nan 
-62.875, 75.375, 7.317267973618041e-22, nan 
-62.625, 75.375, 8.105194053507579e-22, nan 
-62.375, 75.375, 9.549387891962134e-22, nan 
-62.125, 75.375, 1.1462420194140755e-21, nan 
-61.875, 75.375, 1.0909658373440336e-21, nan 
-61.625, 75.375, 1.1887762589991925e-21, nan 
-61.375, 75.375, 1.38175861737078e-21, nan 
-61.125, 75.375, 1.4680583441357842e-21, nan 
-60.875, 75.375, 1.5458862994216499e-21, nan 
-60.625, 75.375, 1.6041437027104533e-21, nan 
-60.375, 75.375, 1.7196254861756866e-21, nan 
-60.125, 75.375, 1.5613076118881753e-21, nan 
-59.875, 75.375, 1.2186578226225237e-21, nan 
-59.625, 75.375, 1.2607641634536609e-21, nan 
-59.375, 75.375, 1.5846279900822393e-21, nan 
-59.125, 75.375, 1.5501501074386342e-21, nan 
-58.875, 75.375, 2.135562685573225e-21, nan 
-58.625, 75.375, 3.021411753914281e-21, nan 
-58.375, 75.375, 3.485897726909018e-21, nan 
-58.125, 75.375, 3.45224179365751e-21, nan 
-57.875, 75.375, 3.758590725551284e-21, nan 
-57.625, 75.375, 3.872501075630993e-21, nan 
-57.375, 75.375, 3.1275975126388792e-21, nan 
-57.125, 75.375, 1.9450399435672936e-21, nan 
-56.875, 75.375, 2.093518949647434e-21, nan 
-56.625, 75.375, 2.7936901649416143e-21, nan 
-56.375, 75.375, 1.6920615415389555e-21, nan 
-56.125, 75.375, 2.6365673931522725e-21, nan 
-55.875, 75.375, 4.0537648145153275e-21, nan 
-55.625, 75.375, 3.524284528817312e-21, nan 
-55.375, 75.375, 4.290126301424704e-21, nan 
-55.125, 75.375, 2.4556376709109042e-21, nan 
-54.875, 75.375, 3.1942204750878322e-21, nan 
-54.625, 75.375, 5.114892595935723e-21, nan 
-54.375, 75.375, 3.168304374231579e-21, nan 
-54.125, 75.375, 2.272142107447318e-21, nan 
-53.875, 75.375, 4.2154963805332515e-21, nan 
-53.625, 75.375, 3.4321464859946805e-21, nan 
-53.375, 75.375, 1.4951463865951239e-21, nan 
-53.125, 75.375, 3.703733840857234e-21, nan 
-52.875, 75.375, 4.188297256198195e-21, nan 
-52.625, 75.375, 2.4197857576198406e-21, nan 
-52.375, 75.375, 2.1846088021253415e-21, nan 
-52.125, 75.375, 4.3586840546583844e-21, nan 
-51.875, 75.375, 4.7618560009286576e-21, nan 
-51.625, 75.375, 5.8356294682766614e-21, nan 
-51.375, 75.375, 6.947473334205657e-21, nan 
-51.125, 75.375, 7.376505588875694e-21, nan 
-50.875, 75.375, 1.0272481928414094e-20, nan 
-50.625, 75.375, 7.66890039713424e-21, nan 
-50.375, 75.375, 7.073054542857534e-21, nan 
-50.125, 75.375, 6.472814399004917e-21, nan 
-49.875, 75.375, 5.863113191879612e-21, nan 
-49.625, 75.375, 1.3207191083399914e-20, nan 
-49.375, 75.375, 8.991696901669847e-21, nan 
-49.125, 75.375, 1.3117021077725202e-20, nan 
-48.875, 75.375, 1.731729124019518e-20, nan 
-48.625, 75.375, 1.2460700624131222e-20, nan 
-48.375, 75.375, 2.1065290028529602e-20, nan 
-48.125, 75.375, 2.2012061173361062e-20, nan 
-47.875, 75.375, 1.7961639946849425e-20, nan 
-47.625, 75.375, 2.601637191431493e-20, nan 
-47.375, 75.375, 3.222476886150939e-20, nan 
-47.125, 75.375, 4.281275573856178e-20, nan 
-46.875, 75.375, 4.320023877281647e-20, nan 
-46.625, 75.375, 1.660470385750342e-20, nan 
-46.375, 75.375, 4.444762891394231e-20, nan 
-46.125, 75.375, 5.403929296761315e-20, nan 
-45.875, 75.375, 2.947050206040131e-20, nan 
-45.625, 75.375, 3.2184102723969483e-20, nan 
-45.375, 75.375, 4.065522717492285e-20, nan 
-45.125, 75.375, 5.425388430114085e-20, nan 
-44.875, 75.375, 5.678196890222378e-20, nan 
-44.625, 75.375, 2.175554215323128e-20, nan 
-44.375, 75.375, 4.035676732529079e-20, nan 
-44.125, 75.375, 5.34921374823995e-20, nan 
-43.875, 75.375, 3.2783891160579424e-20, nan 
-43.625, 75.375, 4.921431975495458e-20, nan 
-43.375, 75.375, 7.534388970444357e-20, nan 
-43.125, 75.375, 4.3996248237719253e-20, nan 
-42.875, 75.375, 3.955510360672371e-20, nan 
-42.625, 75.375, 5.163010332689692e-20, nan 
-42.375, 75.375, 7.085645939070457e-20, nan 
-42.125, 75.375, 1.492884251297752e-19, nan 
-41.875, 75.375, 1.6819203260351245e-19, nan 
-41.625, 75.375, 1.253620841927377e-19, nan 
-41.375, 75.375, 3.279598614221911e-19, nan 
-41.125, 75.375, 3.597959109358232e-19, nan 
-40.875, 75.375, 1.8181451316813355e-19, nan 
-40.625, 75.375, 2.4402054752225563e-19, nan 
-40.375, 75.375, 2.8522669169829607e-19, nan 
-40.125, 75.375, 1.7180131839231457e-19, nan 
-39.875, 75.375, 9.003131275652989e-20, nan 
-39.625, 75.375, 6.795502081990948e-20, nan 
-39.375, 75.375, 8.457269042504492e-20, nan 
-39.125, 75.375, 9.600299607049058e-20, nan 
-38.875, 75.375, 1.0901451349739876e-19, nan 
-38.625, 75.375, 1.3829965700720576e-19, nan 
-38.375, 75.375, 3.076549622774744e-19, nan 
-38.125, 75.375, 3.216079355696417e-19, nan 
-37.875, 75.375, 4.381942782817118e-19, nan 
-37.625, 75.375, 2.1029634694286312e-19, nan 
-37.375, 75.375, 1.0799109206109215e-19, nan 
-37.125, 75.375, 2.256848483047438e-19, nan 
-36.875, 75.375, 7.793286516214092e-20, nan 
-36.625, 75.375, 1.1717856639020663e-19, nan 
-36.375, 75.375, 2.5103217466987387e-19, nan 
-36.125, 75.375, 2.2264340512212623e-19, nan 
-35.875, 75.375, 1.6993129721455032e-19, nan 
-35.625, 75.375, 2.5435481498858583e-19, nan 
-35.375, 75.375, 2.846750840610515e-19, nan 
-35.125, 75.375, 3.131913300711946e-19, nan 
-34.875, 75.375, 2.472740900488747e-19, nan 
-34.625, 75.375, 2.7487715155121565e-19, nan 
-34.375, 75.375, 3.728021097299483e-19, nan 
-34.125, 75.375, 3.7864971233497214e-19, nan 
-33.875, 75.375, 4.2439171086756695e-19, nan 
-33.625, 75.375, 5.870515442649804e-19, nan 
-33.375, 75.375, 6.287783849166326e-19, nan 
-33.125, 75.375, 5.952351105035084e-19, nan 
-32.875, 75.375, 6.76466214030598e-19, nan 
-32.625, 75.375, 1.01591780184246e-18, nan 
-32.375, 75.375, 9.468808193513656e-19, nan 
-32.125, 75.375, 7.698271890743203e-19, nan 
-31.875, 75.375, 5.551429670256671e-19, nan 
-31.625, 75.375, 7.705653708173174e-19, nan 
-31.375, 75.375, 1.2159100016732552e-18, nan 
-31.125, 75.375, 1.3190194092386537e-18, nan 
-30.875, 75.375, 1.1580890487954522e-18, nan 
-30.625, 75.375, 1.0277988313250888e-18, nan 
-30.375, 75.375, 7.138093774794162e-19, nan 
-30.125, 75.375, 5.73619554838269e-19, nan 
-29.875, 75.375, 8.533316654362066e-19, nan 
-29.625, 75.375, 1.1188145279487753e-18, nan 
-29.375, 75.375, 1.1265442000755807e-18, nan 
-29.125, 75.375, 9.739969448613667e-19, nan 
-28.875, 75.375, 1.0184948483685375e-18, nan 
-28.625, 75.375, 1.1311057415289599e-18, nan 
-28.375, 75.375, 7.084397933003376e-19, nan 
-28.125, 75.375, 8.153995148476102e-19, nan 
-27.875, 75.375, 1.2064805464134687e-18, nan 
-27.625, 75.375, 8.994730496382114e-19, nan 
-27.375, 75.375, 8.717835142986586e-19, nan 
-27.125, 75.375, 5.731811769544912e-19, nan 
-26.875, 75.375, 7.003609303925315e-19, nan 
-26.625, 75.375, 5.045713858443393e-19, nan 
-26.375, 75.375, 6.613102991482725e-19, nan 
-26.125, 75.375, 6.732022274248017e-19, nan 
-25.875, 75.375, 3.676840480115533e-19, nan 
-25.625, 75.375, 5.447659347196771e-19, nan 
-25.375, 75.375, 5.226263394836485e-19, nan 
-25.125, 75.375, 5.730961953641187e-19, nan 
-24.875, 75.375, 1.0395463190466553e-18, nan 
-24.625, 75.375, 7.84906983119681e-19, nan 
-24.375, 75.375, 6.716965713879285e-19, nan 
-24.125, 75.375, 9.87726424731758e-19, nan 
-23.875, 75.375, 6.199281045004267e-19, nan 
-23.625, 75.375, 5.820738368711859e-19, nan 
-23.375, 75.375, 1.0153035124346762e-19, nan 
-23.125, 75.375, 3.6675322563180627e-19, nan 
-22.875, 75.375, 5.077526777090458e-19, nan 
-22.625, 75.375, 2.916317328401091e-19, nan 
-22.375, 75.375, 5.295914864968354e-19, nan 
-22.125, 75.375, 3.8823636577086416e-19, nan 
-21.875, 75.375, 2.6588249952153163e-19, nan 
-21.625, 75.375, 1.7541754878108232e-19, nan 
-21.375, 75.375, 6.315106551035677e-19, nan 
-21.125, 75.375, 1.1633342602478713e-18, nan 
-20.875, 75.375, 5.656144381435059e-19, nan 
-20.625, 75.375, 5.754315396852011e-19, nan 
-20.375, 75.375, 9.518793354756595e-19, nan 
-20.125, 75.375, 4.80900581448192e-19, nan 
-19.875, 75.375, 1.2971833447743283e-18, nan 
-19.625, 75.375, 1.8074060673118492e-18, nan 
-19.375, 75.375, 4.2986667902425783e-19, nan 
-19.125, 75.375, 5.060880228587829e-19, nan 
-18.875, 75.375, 4.93739803284939e-19, nan 
-18.625, 75.375, 2.242560936337045e-19, nan 
-18.375, 75.375, 2.927313987215999e-19, nan 
-18.125, 75.375, 9.921835506001406e-20, nan 
-17.875, 75.375, 4.7191136730006424e-20, nan 
-17.625, 75.375, 1.6949788835294175e-19, nan 
-17.375, 75.375, 1.1600201848621372e-19, nan 
-17.125, 75.375, 1.6525298202521658e-19, nan 
-16.875, 75.375, 1.2676952348372876e-19, nan 
-16.625, 75.375, 7.894019596141608e-20, nan 
-16.375, 75.375, 1.3614812713500297e-19, nan 
-16.125, 75.375, 2.9226894243318638e-19, nan 
-15.875, 75.375, 2.855415923642301e-19, nan 
-15.625, 75.375, 3.171290650302363e-19, nan 
-15.375, 75.375, 3.4851551986238106e-19, nan 
-15.125, 75.375, 3.8251303067581883e-19, nan 
-14.875, 75.375, 3.3235719809421053e-19, nan 
-14.625, 75.375, 2.3587574796116985e-19, nan 
-14.375, 75.375, 2.9411505481556124e-19, nan 
-14.125, 75.375, 2.1550320393161594e-19, nan 
-13.875, 75.375, 1.775870196996845e-19, nan 
-13.625, 75.375, 1.6656233081156482e-19, nan 
-13.375, 75.375, 1.781230508731929e-19, nan 
-13.125, 75.375, 1.6106849046737121e-19, nan 
-12.875, 75.375, 1.6268235601204805e-19, nan 
-12.625, 75.375, 1.7979993742679158e-19, nan 
-12.375, 75.375, 1.5025443236501926e-19, nan 
-12.125, 75.375, 1.1877900279994328e-19, nan 
-11.875, 75.375, 1.3968653422541093e-19, nan 
-11.625, 75.375, 1.397450887645891e-19, nan 
-11.375, 75.375, 1.3160925271746515e-19, nan 
-11.125, 75.375, 1.495645274475235e-19, nan 
-10.875, 75.375, 1.16078372798034e-19, nan 
-10.625, 75.375, 1.3534541474676565e-19, nan 
-10.375, 75.375, 1.5044723839571954e-19, nan 
-10.125, 75.375, 1.0814226132124079e-19, nan 
-9.875, 75.375, 3.717137083474311e-20, nan 
-9.625, 75.375, 5.513231898669976e-20, nan 
-9.375, 75.375, 4.594196876282284e-20, nan 
-9.125, 75.375, 4.405919762226078e-20, nan 
-8.875, 75.375, 6.485211997975031e-20, nan 
-8.625, 75.375, 7.741853870323283e-20, nan 
-8.375, 75.375, 1.0112371009396686e-19, nan 
-8.125, 75.375, 7.690524653952653e-20, nan 
-7.875, 75.375, 9.023954961665083e-20, nan 
-7.625, 75.375, 1.0470570620106355e-19, nan 
-7.375, 75.375, 7.39102282356913e-20, nan 
-7.125, 75.375, 9.945997608398007e-20, nan 
-6.875, 75.375, 5.641638977449738e-20, nan 
-6.625, 75.375, 4.9654478283174585e-20, nan 
-6.375, 75.375, 5.201051709565109e-20, nan 
-6.125, 75.375, 3.2186803898049555e-20, nan 
-5.875, 75.375, 2.4204026422102324e-20, nan 
-5.625, 75.375, 1.519565801914926e-20, nan 
-5.375, 75.375, 4.006295340535996e-20, nan 
-5.125, 75.375, 6.69985313791889e-20, nan 
-4.875, 75.375, 4.447599135892079e-20, nan 
-4.625, 75.375, 5.698771417568915e-20, nan 
-4.375, 75.375, 7.69712641070375e-20, nan 
-4.125, 75.375, 4.924089307370616e-20, nan 
-3.875, 75.375, 6.466784870251349e-20, nan 
-3.625, 75.375, 5.51202865640008e-20, nan 
-3.375, 75.375, 2.76775904004562e-20, nan 
-3.125, 75.375, 3.647275246692188e-20, nan 
-2.875, 75.375, 4.030273858279434e-20, nan 
-2.625, 75.375, 2.3087416104750184e-20, nan 
-2.375, 75.375, 1.0978424961198055e-20, nan 
-2.125, 75.375, 9.659365783129676e-21, nan 
-1.875, 75.375, 7.732144137738863e-21, nan 
-1.625, 75.375, 9.039025444078657e-21, nan 
-1.375, 75.375, 8.424128063081994e-21, nan 
-1.125, 75.375, 5.782283869731279e-21, nan 
-0.875, 75.375, 3.428512462907788e-21, nan 
-0.625, 75.375, 6.293048929307887e-21, nan 
-0.375, 75.375, 6.321285503467537e-21, nan 
-0.125, 75.375, 6.841813902821016e-21, nan 
0.125, 75.375, 9.1236109960052e-21, nan 
0.375, 75.375, 7.502084784030897e-21, nan 
0.625, 75.375, 6.739619596875015e-21, nan 
0.875, 75.375, 7.293719793601023e-21, nan 
1.125, 75.375, 5.057806065448061e-21, nan 
1.375, 75.375, 3.928053965089673e-21, nan 
1.625, 75.375, 1.2658798689511577e-21, nan 
1.875, 75.375, 1.1710760602512205e-21, nan 
2.125, 75.375, 5.813202548055976e-21, nan 
2.375, 75.375, 1.0680247127323788e-20, nan 
2.625, 75.375, 5.107364330737933e-21, nan 
2.875, 75.375, 5.683518195646623e-21, nan 
3.125, 75.375, 1.069976582461655e-20, nan 
3.375, 75.375, 4.5888581189647705e-21, nan 
3.625, 75.375, 4.549261385386987e-21, nan 
3.875, 75.375, 4.310395698738587e-21, nan 
4.125, 75.375, 3.375292689517609e-21, nan 
4.375, 75.375, 4.295614195226631e-21, nan 
4.625, 75.375, 5.472450472811195e-21, nan 
4.875, 75.375, 5.600304888525867e-21, nan 
5.125, 75.375, 5.384765460933706e-21, nan 
5.375, 75.375, 5.2931920463528505e-21, nan 
5.625, 75.375, 5.6825019124313576e-21, nan 
5.875, 75.375, 5.226449226347068e-21, nan 
6.125, 75.375, 3.894264523342308e-21, nan 
6.375, 75.375, 2.5883576444314167e-21, nan 
6.625, 75.375, 2.4782816794943582e-21, nan 
6.875, 75.375, 2.6508981331869496e-21, nan 
7.125, 75.375, 1.0269192843209191e-21, nan 
7.375, 75.375, 1.532946940894673e-21, nan 
7.625, 75.375, 1.5180020299959729e-21, nan 
7.875, 75.375, 1.3844400515502984e-21, nan 
8.125, 75.375, 6.1510500421658575e-22, nan 
8.375, 75.375, 1.8070467151844164e-21, nan 
8.625, 75.375, 2.3586739603100707e-21, nan 
8.875, 75.375, 1.6714233153575507e-21, nan 
9.125, 75.375, 1.5721978232249664e-21, nan 
9.375, 75.375, 1.751846045094598e-21, nan 
9.625, 75.375, 1.0710623571882846e-21, nan 
9.875, 75.375, 1.2480819505419073e-21, nan 
10.125, 75.375, 1.2979975033966746e-21, nan 
10.375, 75.375, 7.642606618187974e-22, nan 
10.625, 75.375, 6.638283584340332e-22, nan 
10.875, 75.375, 6.388115638278317e-22, nan 
11.125, 75.375, 6.556061384659401e-22, nan 
11.375, 75.375, 1.1822073246459308e-21, nan 
11.625, 75.375, 1.223567110315193e-21, nan 
11.875, 75.375, 2.4352562072021785e-21, nan 
12.125, 75.375, 2.613930311293553e-21, nan 
12.375, 75.375, 3.58674934665314e-21, nan 
12.625, 75.375, 4.601269266102091e-21, nan 
12.875, 75.375, 4.453510042088497e-21, nan 
13.125, 75.375, 4.232020083689504e-21, nan 
13.375, 75.375, 4.60582625591174e-21, nan 
13.625, 75.375, 4.6949886178243206e-21, nan 
13.875, 75.375, 3.721350829876627e-21, nan 
14.125, 75.375, 3.397759107316841e-21, nan 
14.375, 75.375, 5.4456936558587315e-21, nan 
14.625, 75.375, 4.47291239509173e-21, nan 
14.875, 75.375, 6.311952385883029e-21, nan 
15.125, 75.375, 4.997921406947056e-21, nan 
15.375, 75.375, 4.404347490530698e-21, nan 
15.625, 75.375, 4.2872905610417576e-21, nan 
15.875, 75.375, 2.880562863703607e-21, nan 
16.125, 75.375, 1.9186632951021798e-21, nan 
16.375, 75.375, 1.4449687438223526e-21, nan 
16.625, 75.375, 8.814514855950145e-22, nan 
16.875, 75.375, 1.1267708928429584e-21, nan 
17.125, 75.375, 9.677068535173216e-22, nan 
17.375, 75.375, 8.91100347604966e-22, nan 
17.625, 75.375, 6.410190903224783e-22, nan 
17.875, 75.375, 5.767492981836237e-22, nan 
18.125, 75.375, 3.304865313598253e-22, nan 
18.375, 75.375, 3.4595623591442266e-22, nan 
18.625, 75.375, 5.465265149283705e-22, nan 
18.875, 75.375, 7.626466826087875e-22, nan 
19.125, 75.375, 4.466328802612335e-22, nan 
19.375, 75.375, 5.505851190451512e-22, nan 
19.625, 75.375, 9.034662218968034e-22, nan 
19.875, 75.375, 3.374210051542233e-22, nan 
20.125, 75.375, 5.138836367447535e-22, nan 
20.375, 75.375, 6.413197259543496e-22, nan 
20.625, 75.375, 8.724198402504512e-22, nan 
20.875, 75.375, 5.323949043015972e-22, nan 
21.125, 75.375, 9.10106182930284e-22, nan 
21.375, 75.375, 1.2798358340451657e-21, nan 
21.625, 75.375, 8.354885167693332e-22, nan 
21.875, 75.375, 6.005539741906679e-22, nan 
22.125, 75.375, 6.025758219724386e-22, nan 
22.375, 75.375, 3.760345700347472e-22, nan 
22.625, 75.375, 4.278724437125285e-22, nan 
22.875, 75.375, 4.207491716859101e-22, nan 
23.125, 75.375, 2.0026457395999482e-22, nan 
23.375, 75.375, 2.40866643246759e-22, nan 
23.625, 75.375, 2.0094262475098902e-22, nan 
23.875, 75.375, 1.3997048587580794e-22, nan 
24.125, 75.375, 3.0168218788605293e-22, nan 
24.375, 75.375, 6.969656866138886e-23, nan 
24.625, 75.375, 1.4762418585735512e-22, nan 
24.875, 75.375, 2.9843152833781107e-22, nan 
25.125, 75.375, 1.915193624965617e-22, nan 
25.375, 75.375, 2.6639078374739407e-22, nan 
25.625, 75.375, 4.644579564779122e-22, nan 
25.875, 75.375, 5.786270309728657e-22, nan 
26.125, 75.375, 4.61981655838064e-22, nan 
26.375, 75.375, 4.822401886716867e-22, nan 
26.625, 75.375, 6.991741243361056e-22, nan 
26.875, 75.375, 4.87516487503547e-22, nan 
27.125, 75.375, 2.1777587395702275e-22, nan 
27.375, 75.375, 3.324167102038969e-22, nan 
27.625, 75.375, 2.3021433146488104e-22, nan 
27.875, 75.375, 1.9446008399170338e-22, nan 
28.125, 75.375, 2.641176436986781e-22, nan 
28.375, 75.375, 2.188623105615674e-22, nan 
28.625, 75.375, 2.8906667783983832e-22, nan 
28.875, 75.375, 2.337178088993422e-22, nan 
29.125, 75.375, 2.7922553024562145e-22, nan 
29.375, 75.375, 3.268125837287506e-22, nan 
29.625, 75.375, 5.020614202738943e-22, nan 
29.875, 75.375, 3.124647877378175e-22, nan 
30.125, 75.375, 5.64394494836816e-22, nan 
30.375, 75.375, 9.204631619176796e-22, nan 
30.625, 75.375, 2.749354557946322e-22, nan 
30.875, 75.375, 2.861413756686696e-22, nan 
31.125, 75.375, 5.0259578468985025e-22, nan 
31.375, 75.375, 1.9825077235132166e-22, nan 
31.625, 75.375, 9.769677849857769e-23, nan 
31.875, 75.375, 5.707274799180171e-23, nan 
32.125, 75.375, 1.1452459423129287e-22, nan 
32.375, 75.375, 9.085094653445916e-23, nan 
32.625, 75.375, 3.447646035843048e-23, nan 
32.875, 75.375, 1.0410879589729877e-22, nan 
33.125, 75.375, 2.6110920248735643e-23, nan 
33.375, 75.375, 5.892096967079619e-23, nan 
33.625, 75.375, 1.8271726380011905e-22, nan 
33.875, 75.375, 1.7657798198099168e-22, nan 
34.125, 75.375, 1.6785460376334985e-22, nan 
34.375, 75.375, 1.9168491572391661e-22, nan 
34.625, 75.375, 1.9407893512562187e-22, nan 
34.875, 75.375, 1.7390841504768424e-22, nan 
35.125, 75.375, 3.5821761571848263e-23, nan 
35.375, 75.375, 7.024176941008947e-23, nan 
35.625, 75.375, 1.0082240201652888e-22, nan 
35.875, 75.375, 1.4641279183909562e-22, nan 
36.125, 75.375, 1.2887759533365135e-22, nan 
36.375, 75.375, 1.4074276896913807e-22, nan 
36.625, 75.375, 1.6925309257841384e-22, nan 
36.875, 75.375, 1.2079991053554733e-22, nan 
37.125, 75.375, 1.1279097957535763e-22, nan 
37.375, 75.375, 7.801712120412723e-23, nan 
37.625, 75.375, 8.34520424617232e-23, nan 
37.875, 75.375, 4.259933738725476e-23, nan 
38.125, 75.375, 3.5967423550475185e-23, nan 
38.375, 75.375, 3.8599140627877975e-23, nan 
38.625, 75.375, 2.0966764814931632e-23, nan 
38.875, 75.375, 2.667299177324023e-23, nan 
39.125, 75.375, 2.488959402485249e-23, nan 
39.375, 75.375, 2.0709857610167976e-23, nan 
39.625, 75.375, 4.6884131061506773e-23, nan 
39.875, 75.375, 6.197716781057377e-23, nan 
40.125, 75.375, 7.112349078626624e-23, nan 
40.375, 75.375, 3.68443569229794e-23, nan 
40.625, 75.375, 6.509146028601148e-23, nan 
40.875, 75.375, 8.558456565630323e-23, nan 
41.125, 75.375, 3.003194310204527e-23, nan 
41.375, 75.375, 2.6010192562269983e-23, nan 
41.625, 75.375, 3.379034113186437e-23, nan 
41.875, 75.375, 2.6382913286833207e-23, nan 
42.125, 75.375, 4.4982020867774485e-23, nan 
42.375, 75.375, 5.174012882624945e-23, nan 
42.625, 75.375, 3.208111391661055e-23, nan 
42.875, 75.375, 4.2209354107792516e-23, nan 
43.125, 75.375, 4.1090200569687974e-23, nan 
43.375, 75.375, 4.451798613599829e-23, nan 
43.625, 75.375, 3.2139274627289966e-23, nan 
43.875, 75.375, 3.19140727498973e-23, nan 
44.125, 75.375, 1.74755350746636e-23, nan 
44.375, 75.375, 5.1123144452646294e-23, nan 
44.625, 75.375, 5.457512467105446e-23, nan 
44.875, 75.375, 1.8559577616690496e-23, nan 
45.125, 75.375, 3.6853193041972886e-23, nan 
45.375, 75.375, 3.041620324474839e-23, nan 
45.625, 75.375, 3.095341652666983e-23, nan 
45.875, 75.375, 2.6017532347149596e-23, nan 
46.125, 75.375, 2.602605819896466e-23, nan 
46.375, 75.375, 2.743769076842851e-23, nan 
46.625, 75.375, 2.6709487450460744e-23, nan 
46.875, 75.375, 2.685098289792934e-23, nan 
47.125, 75.375, 1.8917837513069777e-23, nan 
47.375, 75.375, 2.096265242225718e-23, nan 
47.625, 75.375, 1.2612366726448381e-23, nan 
47.875, 75.375, 1.2731871784180245e-23, nan 
48.125, 75.375, 1.364969197435075e-23, nan 
48.375, 75.375, 1.48717800930361e-23, nan 
48.625, 75.375, 1.4281383693133204e-23, nan 
48.875, 75.375, 1.1979661953346445e-23, nan 
49.125, 75.375, 1.5768987105876954e-23, nan 
49.375, 75.375, 1.636604191962013e-23, nan 
49.625, 75.375, 2.0838576053831328e-23, nan 
49.875, 75.375, 1.3958012192229484e-23, nan 
50.125, 75.375, 1.1193178930699104e-23, nan 
50.375, 75.375, 2.883848063792593e-23, nan 
50.625, 75.375, 7.907252263931055e-24, nan 
50.875, 75.375, 7.888340961532269e-24, nan 
51.125, 75.375, 2.6389241541517066e-23, nan 
51.375, 75.375, 5.048454182756517e-24, nan 
51.625, 75.375, 1.1147059879072956e-23, nan 
51.875, 75.375, 1.1500050926852581e-23, nan 
52.125, 75.375, 1.6907617723348163e-23, nan 
52.375, 75.375, 1.8320582946930745e-23, nan 
52.625, 75.375, 2.3167924420256877e-23, nan 
52.875, 75.375, 1.9420547114645374e-23, nan 
53.125, 75.375, 1.997099572744219e-23, nan 
53.375, 75.375, 2.2984914412100468e-23, nan 
53.625, 75.375, 2.818816018066162e-23, nan 
53.875, 75.375, 2.914030914677857e-23, nan 
54.125, 75.375, 1.6416224092847314e-23, nan 
54.375, 75.375, 2.5373465809544175e-23, nan 
54.625, 75.375, 2.3795595733415262e-23, nan 
54.875, 75.375, 9.194312214419495e-24, nan 
55.125, 75.375, 9.868995888337175e-24, nan 
55.375, 75.375, 8.723195626196212e-24, nan 
55.625, 75.375, 1.1073501205073139e-23, nan 
55.875, 75.375, 1.5122688713251042e-23, nan 
56.125, 75.375, 3.597052855435846e-23, nan 
56.375, 75.375, 4.733535906715055e-23, nan 
56.625, 75.375, 4.270798279935803e-23, nan 
56.875, 75.375, 3.8038562582160795e-23, nan 
57.125, 75.375, 5.072281897920684e-23, nan 
57.375, 75.375, 4.273259425022498e-23, nan 
57.625, 75.375, 1.7006694536095637e-23, nan 
57.875, 75.375, 2.5214796445786386e-23, nan 
58.125, 75.375, 2.1502934367100212e-23, nan 
58.375, 75.375, 1.4681520805293292e-23, nan 
58.625, 75.375, 7.32539413132135e-24, nan 
58.875, 75.375, 7.60344948996175e-24, nan 
59.125, 75.375, 7.888717368850735e-24, nan 
59.375, 75.375, 9.256657200735194e-24, nan 
59.625, 75.375, 7.136169624036421e-24, nan 
59.875, 75.375, 1.1101545007469205e-23, nan 
60.125, 75.375, 7.982432242994693e-24, nan 
60.375, 75.375, 5.077034527796281e-24, nan 
60.625, 75.375, 6.533324835361937e-24, nan 
60.875, 75.375, 4.45092952194217e-24, nan 
61.125, 75.375, 4.711242768565689e-24, nan 
61.375, 75.375, 7.060336425698316e-24, nan 
61.625, 75.375, 9.025317706171141e-24, nan 
61.875, 75.375, 2.071540138474546e-23, nan 
62.125, 75.375, 2.8822549378952807e-23, nan 
62.375, 75.375, 2.864212776364969e-23, nan 
62.625, 75.375, 2.2083649717531245e-23, nan 
62.875, 75.375, 2.958020590968474e-23, nan 
63.125, 75.375, 3.0726401817386525e-23, nan 
63.375, 75.375, 1.652983335587412e-23, nan 
63.625, 75.375, 1.455888731291919e-23, nan 
63.875, 75.375, 1.5378254025387297e-23, nan 
64.125, 75.375, 1.2351609259750956e-23, nan 
64.375, 75.375, 2.3518400585769553e-23, nan 
64.625, 75.375, 1.7659287178757736e-23, nan 
64.875, 75.375, 1.2323524851440408e-23, nan 
65.125, 75.375, 3.451447852915099e-23, nan 
65.375, 75.375, 3.463680756921354e-23, nan 
65.625, 75.375, 2.2705799879404378e-23, nan 
65.875, 75.375, 3.04682296886374e-23, nan 
66.125, 75.375, 3.260551193729129e-23, nan 
66.375, 75.375, 2.1473477468523922e-23, nan 
66.625, 75.375, 1.711795769864965e-23, nan 
66.875, 75.375, 1.2132205471826822e-23, nan 
67.125, 75.375, 1.1135632054911588e-23, nan 
67.375, 75.375, 5.082255539989176e-24, nan 
67.625, 75.375, 2.0624482258641452e-24, nan 
67.875, 75.375, 3.2908939391308238e-24, nan 
68.125, 75.375, 7.505018368956208e-24, nan 
68.375, 75.375, 6.95744727404429e-24, nan 
68.625, 75.375, 5.9702704649394366e-24, nan 
68.875, 75.375, 5.743094500100268e-24, nan 
69.125, 75.375, 5.199293393289913e-24, nan 
69.375, 75.375, 5.3600092911897866e-24, nan 
69.625, 75.375, 3.465525725780465e-24, nan 
69.875, 75.375, 2.9748071869218284e-24, nan 
70.125, 75.375, 1.434984883305706e-24, nan 
70.375, 75.375, 2.6505182625211103e-24, nan 
70.625, 75.375, 5.920075726158644e-24, nan 
70.875, 75.375, 4.2091565248436804e-24, nan 
71.125, 75.375, 3.6523191568903715e-24, nan 
71.375, 75.375, 6.727008724473855e-24, nan 
71.625, 75.375, 8.374600575686218e-24, nan 
71.875, 75.375, 1.3156139243838462e-23, nan 
72.125, 75.375, 1.341843368686821e-23, nan 
72.375, 75.375, 1.2941272257650961e-23, nan 
72.625, 75.375, 1.387474777351754e-23, nan 
72.875, 75.375, 1.3068568366551249e-23, nan 
73.125, 75.375, 1.1884396873285487e-23, nan 
73.375, 75.375, 1.1352961860449738e-23, nan 
73.625, 75.375, 3.908089655734937e-24, nan 
73.875, 75.375, 3.623295618218675e-24, nan 
74.125, 75.375, 4.19490516158154e-24, nan 
74.375, 75.375, 4.170038960598033e-24, nan 
74.625, 75.375, 2.2870998497166307e-24, nan 
74.875, 75.375, 2.0479341805566418e-24, nan 
75.125, 75.375, 5.317519352167888e-24, nan 
75.375, 75.375, 5.764017666466275e-24, nan 
75.625, 75.375, 5.7813100759352725e-24, nan 
75.875, 75.375, 6.371238741436999e-24, nan 
76.125, 75.375, 6.1833600392707814e-24, nan 
76.375, 75.375, 5.978292686615514e-24, nan 
76.625, 75.375, 6.727726604352762e-24, nan 
76.875, 75.375, 8.493979632207121e-24, nan 
77.125, 75.375, 1.049159684590885e-23, nan 
77.375, 75.375, 8.660243645699423e-24, nan 
77.625, 75.375, 1.1404655502732244e-23, nan 
77.875, 75.375, 1.0018234432170552e-23, nan 
78.125, 75.375, 9.62208741452582e-24, nan 
78.375, 75.375, 1.2370874553616016e-23, nan 
78.625, 75.375, 8.805189094922686e-24, nan 
78.875, 75.375, 8.347080231384032e-24, nan 
79.125, 75.375, 7.517437992340725e-24, nan 
79.375, 75.375, 8.97113351022579e-24, nan 
79.625, 75.375, 8.222401019049457e-24, nan 
79.875, 75.375, 5.7557982784844314e-24, nan 
80.125, 75.375, 4.1168661819415485e-24, nan 
80.375, 75.375, 3.2279998229126654e-24, nan 
80.625, 75.375, 3.8165996425640995e-24, nan 
80.875, 75.375, 5.322759584088893e-24, nan 
81.125, 75.375, 5.289776799068283e-24, nan 
81.375, 75.375, 8.690712562484459e-24, nan 
81.625, 75.375, 1.2452959228628121e-23, nan 
81.875, 75.375, 9.506812738202733e-24, nan 
82.125, 75.375, 1.4687030360598938e-23, nan 
82.375, 75.375, 1.90638875004823e-23, nan 
82.625, 75.375, 1.6060629784387206e-23, nan 
82.875, 75.375, 1.8665726600910273e-23, nan 
83.125, 75.375, 9.157621818723218e-24, nan 
83.375, 75.375, 8.551582529624211e-24, nan 
83.625, 75.375, 1.1244839236561994e-23, nan 
83.875, 75.375, 7.290476918361256e-24, nan 
84.125, 75.375, 4.288006068403327e-24, nan 
84.375, 75.375, 5.051881565768596e-24, nan 
84.625, 75.375, 4.087776362720956e-24, nan 
84.875, 75.375, 2.8797141668234278e-24, nan 
85.125, 75.375, 2.9926982632853734e-24, nan 
85.375, 75.375, 2.7827196963034275e-24, nan 
85.625, 75.375, 3.0958514813612548e-24, nan 
85.875, 75.375, 2.3858442975624565e-24, nan 
86.125, 75.375, 2.8027211408494664e-24, nan 
86.375, 75.375, 3.4121437148494924e-24, nan 
86.625, 75.375, 4.3360166491893654e-24, nan 
86.875, 75.375, 4.073510307888645e-24, nan 
87.125, 75.375, 5.005692239033594e-24, nan 
87.375, 75.375, 4.577208933495063e-24, nan 
87.625, 75.375, 6.880788115015655e-24, nan 
87.875, 75.375, 4.633777645095934e-24, nan 
88.125, 75.375, 3.2558246377978318e-24, nan 
88.375, 75.375, 1.0200988344198557e-23, nan 
88.625, 75.375, 7.986895437316548e-24, nan 
88.875, 75.375, 8.421088551179532e-24, nan 
89.125, 75.375, 1.1100874835844106e-23, nan 
89.375, 75.375, 8.29936103079591e-24, nan 
89.625, 75.375, 8.941259704550933e-24, nan 
89.875, 75.375, 2.2700378128159894e-24, nan 
90.125, 75.375, 4.0622421853714164e-24, nan 
90.375, 75.375, 3.5859110952962254e-24, nan 
90.625, 75.375, 1.2161725501838297e-24, nan 
90.875, 75.375, 6.131065153750805e-24, nan 
91.125, 75.375, 1.2300661513427867e-24, nan 
91.375, 75.375, 8.125591146769855e-25, nan 
91.625, 75.375, 3.007555130479253e-24, nan 
91.875, 75.375, 1.595501801607971e-24, nan 
92.125, 75.375, 1.674132151345065e-24, nan 
92.375, 75.375, 2.6511443869610938e-24, nan 
92.625, 75.375, 3.2751524826541095e-24, nan 
92.875, 75.375, 4.414433157191158e-24, nan 
93.125, 75.375, 4.0877566541715966e-24, nan 
93.375, 75.375, 6.10892290087344e-24, nan 
93.625, 75.375, 7.060183171703293e-24, nan 
93.875, 75.375, 3.430386993939506e-24, nan 
94.125, 75.375, 4.037592745796082e-24, nan 
94.375, 75.375, 5.999436895919101e-24, nan 
94.625, 75.375, 6.56097980533648e-24, nan 
94.875, 75.375, 5.281986665057151e-24, nan 
95.125, 75.375, 8.653784111875105e-24, nan 
95.375, 75.375, 9.268555004406701e-24, nan 
95.625, 75.375, 7.260395314988154e-24, nan 
95.875, 75.375, 7.055737603548607e-24, nan 
96.125, 75.375, 7.604384895812215e-24, nan 
96.375, 75.375, 6.010355527315002e-24, nan 
96.625, 75.375, 5.4475206980718864e-24, nan 
96.875, 75.375, 4.849480781339804e-24, nan 
97.125, 75.375, 3.459659396314123e-24, nan 
97.375, 75.375, 3.908853617988469e-24, nan 
97.625, 75.375, 2.5218806475723994e-24, nan 
97.875, 75.375, 2.7777229438969296e-24, nan 
98.125, 75.375, 3.0408877352502477e-24, nan 
98.375, 75.375, 2.0707254558537546e-24, nan 
98.625, 75.375, 1.6830267346993583e-24, nan 
98.875, 75.375, 1.4274070214286026e-24, nan 
99.125, 75.375, 1.66917949257691e-24, nan 
99.375, 75.375, 1.2675122822259046e-24, nan 
99.625, 75.375, 1.641526272580216e-24, nan 
99.875, 75.375, 2.6286364682826124e-24, nan 
100.125, 75.375, 2.069256441608135e-24, nan 
100.375, 75.375, 1.7486572828800644e-24, nan 
100.625, 75.375, 2.298205350891735e-24, nan 
100.875, 75.375, 2.3748195565637688e-24, nan 
101.125, 75.375, 3.0051984456915387e-24, nan 
101.375, 75.375, 4.65330382878787e-24, nan 
101.625, 75.375, 3.347555495362732e-24, nan 
101.875, 75.375, 4.071053371066699e-24, nan 
102.125, 75.375, 5.7522501718237665e-24, nan 
102.375, 75.375, 4.0172198438801226e-24, nan 
102.625, 75.375, 5.1881394462756074e-24, nan 
102.875, 75.375, 2.7257653268587337e-24, nan 
103.125, 75.375, 1.8772860401966325e-24, nan 
103.375, 75.375, 1.2026713653685198e-24, nan 
103.625, 75.375, 1.5919635527540996e-24, nan 
103.875, 75.375, 1.6535440867280064e-24, nan 
104.125, 75.375, 2.2025724316189447e-24, nan 
104.375, 75.375, 1.974280419030752e-24, nan 
104.625, 75.375, 1.2738710340799433e-24, nan 
104.875, 75.375, 2.6305734851307354e-24, nan 
105.125, 75.375, 2.649915062577177e-24, nan 
105.375, 75.375, 1.1227495456794452e-24, nan 
105.625, 75.375, 1.6349527637319294e-24, nan 
105.875, 75.375, 1.3455522055645334e-24, nan 
106.125, 75.375, 1.1297563637510639e-24, nan 
106.375, 75.375, 1.958623760703261e-24, nan 
106.625, 75.375, 1.745959867483544e-24, nan 
106.875, 75.375, 2.0012362244720748e-24, nan 
107.125, 75.375, 1.8616669148710374e-24, nan 
107.375, 75.375, 1.877721097675009e-24, nan 
107.625, 75.375, 1.2062595134958484e-24, nan 
107.875, 75.375, 2.662191005229188e-24, nan 
108.125, 75.375, 1.5860232952596364e-24, nan 
108.375, 75.375, 1.9887429555855294e-24, nan 
108.625, 75.375, 3.1697908888826185e-24, nan 
108.875, 75.375, 3.158339091259987e-24, nan 
109.125, 75.375, 4.2830603461490794e-24, nan 
109.375, 75.375, 3.738599474060356e-24, nan 
109.625, 75.375, 3.557805934525351e-24, nan 
109.875, 75.375, 2.0427498276645964e-24, nan 
110.125, 75.375, 3.0089163188548796e-24, nan 
110.375, 75.375, 3.874569922025128e-24, nan 
110.625, 75.375, 2.9638729118807326e-24, nan 
110.875, 75.375, 2.55778573153304e-24, nan 
111.125, 75.375, 2.8418049823142885e-24, nan 
111.375, 75.375, 2.9794829154510906e-24, nan 
111.625, 75.375, 1.9841068539032708e-24, nan 
111.875, 75.375, 1.5902187478316187e-24, nan 
112.125, 75.375, 1.1246232564536264e-24, nan 
112.375, 75.375, 9.035604123817794e-25, nan 
175.125, 75.375, 4.823996965784235e-24, nan 
175.375, 75.375, 3.2920634234287126e-24, nan 
175.625, 75.375, 4.089571377525162e-24, nan 
175.875, 75.375, 4.738004993274783e-24, nan 
176.125, 75.375, 1.529192386830826e-24, nan 
176.375, 75.375, 2.1823857196000734e-24, nan 
176.625, 75.375, 2.6082307922368763e-24, nan 
176.875, 75.375, 8.476019727409873e-25, nan 
177.125, 75.375, 1.143099279502234e-24, nan 
177.375, 75.375, 1.57744603588089e-24, nan 
177.625, 75.375, 1.2052384627728455e-24, nan 
177.875, 75.375, 8.304395694594552e-25, nan 
178.125, 75.375, 4.307610139253518e-24, nan 
178.375, 75.375, 2.5832508552988588e-24, nan 
178.625, 75.375, 3.057002776226808e-24, nan 
178.875, 75.375, 4.074340576664921e-24, nan 
179.125, 75.375, 3.1693076281017485e-24, nan 
179.375, 75.375, 3.021041377555556e-24, nan 
179.625, 75.375, 2.5946047335749895e-24, nan 
179.875, 75.375, 3.3964213133705016e-24, nan 
-179.875, 75.625, 2.742897498871793e-24, nan 
-179.625, 75.625, 4.5745217007348994e-24, nan 
-179.375, 75.625, 3.547338252554815e-24, nan 
-179.125, 75.625, 5.607633283075111e-24, nan 
-178.875, 75.625, 6.412126151752602e-24, nan 
-178.625, 75.625, 6.105866616466959e-24, nan 
-178.375, 75.625, 5.811325447189726e-24, nan 
-178.125, 75.625, 5.880549573042412e-24, nan 
-177.875, 75.625, 4.4558692767700284e-24, nan 
-177.625, 75.625, 3.8479426538650025e-24, nan 
-177.375, 75.625, 2.9487818246461367e-24, nan 
-177.125, 75.625, 4.4171611086270584e-24, nan 
-176.875, 75.625, 4.3187266743661696e-24, nan 
-176.625, 75.625, 3.2255174596789645e-24, nan 
-176.375, 75.625, 2.4834299953820827e-24, nan 
-176.125, 75.625, 1.3153885485527115e-24, nan 
-175.875, 75.625, 6.943562130805344e-25, nan 
-175.625, 75.625, 1.3941634194921288e-24, nan 
-175.375, 75.625, 7.9166800677262775e-25, nan 
-175.125, 75.625, 1.085870973016915e-24, nan 
-174.875, 75.625, 1.2859758708654204e-24, nan 
-174.625, 75.625, 1.725760479786968e-24, nan 
-174.375, 75.625, 9.819759504209368e-25, nan 
-174.125, 75.625, 9.909160300085013e-25, nan 
-173.875, 75.625, 1.0745920511113096e-24, nan 
-173.625, 75.625, 1.3859017458494213e-24, nan 
-173.375, 75.625, 1.0626088027013314e-24, nan 
-173.125, 75.625, 1.2452543151859845e-24, nan 
-172.875, 75.625, 1.1315907890413375e-24, nan 
-172.625, 75.625, 1.114350838619428e-24, nan 
-172.375, 75.625, 1.3173826184461557e-24, nan 
-172.125, 75.625, 1.2192533208057063e-24, nan 
-171.875, 75.625, 1.4333127690884798e-24, nan 
-171.625, 75.625, 1.8836738452403927e-24, nan 
-171.375, 75.625, 1.7979209546679376e-24, nan 
-171.125, 75.625, 2.0224158297499127e-24, nan 
-170.875, 75.625, 2.1875262870337675e-24, nan 
-170.625, 75.625, 3.210117232350948e-24, nan 
-170.375, 75.625, 4.512904321478425e-24, nan 
-170.125, 75.625, 5.148907429342388e-24, nan 
-169.875, 75.625, 5.090080601273227e-24, nan 
-169.625, 75.625, 4.4974700284277664e-24, nan 
-169.375, 75.625, 4.728238564981136e-24, nan 
-169.125, 75.625, 6.262711127578046e-24, nan 
-168.875, 75.625, 6.848760462958191e-24, nan 
-168.625, 75.625, 8.488043251034823e-24, nan 
-168.375, 75.625, 9.453133693875887e-24, nan 
-168.125, 75.625, 9.961767628001173e-24, nan 
-167.875, 75.625, 1.497478306394133e-23, nan 
-167.625, 75.625, 1.008698362564345e-23, nan 
-167.375, 75.625, 6.75250625217788e-24, nan 
-167.125, 75.625, 6.83449916793989e-24, nan 
-166.875, 75.625, 8.513100765947206e-24, nan 
-166.625, 75.625, 1.254593892135279e-23, nan 
-166.375, 75.625, 1.211090117961284e-23, nan 
-166.125, 75.625, 1.0361976523741867e-23, nan 
-165.875, 75.625, 7.618497936095273e-24, nan 
-165.625, 75.625, 7.640728898568132e-24, nan 
-165.375, 75.625, 8.612663536037663e-24, nan 
-165.125, 75.625, 7.292831558798238e-24, nan 
-164.875, 75.625, 6.403187316780097e-24, nan 
-164.625, 75.625, 6.655993775499187e-24, nan 
-164.375, 75.625, 9.687046525546883e-24, nan 
-164.125, 75.625, 1.1008790350027442e-23, nan 
-163.875, 75.625, 8.385125588262622e-24, nan 
-163.625, 75.625, 7.112996041430793e-24, nan 
-163.375, 75.625, 4.858586392557107e-24, nan 
-163.125, 75.625, 2.9254183156182313e-24, nan 
-162.875, 75.625, 4.354193089277678e-24, nan 
-162.625, 75.625, 6.159463442892335e-24, nan 
-162.375, 75.625, 4.51656918624781e-24, nan 
-162.125, 75.625, 3.034582954311422e-24, nan 
-161.875, 75.625, 3.4107243701938884e-24, nan 
-161.625, 75.625, 3.1245738293706003e-24, nan 
-161.375, 75.625, 4.7794227538856304e-24, nan 
-161.125, 75.625, 4.866146087265119e-24, nan 
-160.875, 75.625, 3.348261526553472e-24, nan 
-160.625, 75.625, 2.803604531681573e-24, nan 
-160.375, 75.625, 3.1556088802759034e-24, nan 
-160.125, 75.625, 3.874819456453005e-24, nan 
-159.875, 75.625, 4.899372974864958e-24, nan 
-159.625, 75.625, 4.2278980781688656e-24, nan 
-159.375, 75.625, 3.2472710851392595e-24, nan 
-159.125, 75.625, 3.3970026132161595e-24, nan 
-158.875, 75.625, 4.273815009001083e-24, nan 
-158.625, 75.625, 5.482586095058134e-24, nan 
-158.375, 75.625, 3.476543750160504e-24, nan 
-158.125, 75.625, 5.035626456050938e-24, nan 
-157.875, 75.625, 8.100401650636797e-24, nan 
-157.625, 75.625, 1.2920847455734746e-23, nan 
-157.375, 75.625, 1.5042909010136953e-23, nan 
-157.125, 75.625, 1.6231408502119186e-23, nan 
-156.875, 75.625, 1.0961416030563464e-23, nan 
-156.625, 75.625, 8.622282678041538e-24, nan 
-156.375, 75.625, 1.545551306266379e-23, nan 
-156.125, 75.625, 1.6809197313083337e-23, nan 
-155.875, 75.625, 1.631886442572318e-23, nan 
-155.625, 75.625, 1.1608902058606378e-23, nan 
-155.375, 75.625, 9.823889382839186e-24, nan 
-155.125, 75.625, 1.0715458242054588e-23, nan 
-154.875, 75.625, 1.2434882520181848e-23, nan 
-154.625, 75.625, 1.2389860012461421e-23, nan 
-154.375, 75.625, 1.2196500651588087e-23, nan 
-154.125, 75.625, 1.242458539901051e-23, nan 
-153.875, 75.625, 9.526998464740458e-24, nan 
-153.625, 75.625, 1.0206562639814462e-23, nan 
-153.375, 75.625, 8.004723277356084e-24, nan 
-153.125, 75.625, 1.0161330331338705e-23, nan 
-152.875, 75.625, 8.998257908131113e-24, nan 
-152.625, 75.625, 8.10270327606553e-24, nan 
-152.375, 75.625, 8.881200353610847e-24, nan 
-152.125, 75.625, 9.07831650256816e-24, nan 
-151.875, 75.625, 6.1384958043678874e-24, nan 
-151.625, 75.625, 5.170926554380408e-24, nan 
-151.375, 75.625, 4.697384789107812e-24, nan 
-151.125, 75.625, 5.579109636189976e-24, nan 
-150.875, 75.625, 4.2018113394636495e-24, nan 
-150.625, 75.625, 3.7865784310464505e-24, nan 
-150.375, 75.625, 2.1432334392261492e-24, nan 
-150.125, 75.625, 3.67296851614655e-24, nan 
-149.875, 75.625, 3.4538144785071125e-24, nan 
-149.625, 75.625, 4.717886277683526e-24, nan 
-149.375, 75.625, 4.9377196728285335e-24, nan 
-149.125, 75.625, 4.1715092669150564e-24, nan 
-148.875, 75.625, 7.192812584217973e-24, nan 
-148.625, 75.625, 5.5090130493325416e-24, nan 
-148.375, 75.625, 1.0113702013771042e-23, nan 
-148.125, 75.625, 1.0609809996091037e-23, nan 
-147.875, 75.625, 6.191261309691522e-24, nan 
-147.625, 75.625, 6.2084403189541976e-24, nan 
-147.375, 75.625, 1.2046620947248671e-23, nan 
-147.125, 75.625, 1.640397732914984e-23, nan 
-146.875, 75.625, 1.9308971561190607e-23, nan 
-146.625, 75.625, 1.6939073389968867e-23, nan 
-146.375, 75.625, 1.2080150668014324e-23, nan 
-146.125, 75.625, 2.0207516148876498e-23, nan 
-145.875, 75.625, 2.4791800512346876e-23, nan 
-145.625, 75.625, 1.7378399776962384e-23, nan 
-145.375, 75.625, 1.1005473211820394e-23, nan 
-145.125, 75.625, 2.2163053834378262e-23, nan 
-144.875, 75.625, 3.0577082262903047e-23, nan 
-144.625, 75.625, 2.4752668283790035e-23, nan 
-144.375, 75.625, 1.8616904648664534e-23, nan 
-144.125, 75.625, 1.3198150216242881e-23, nan 
-143.875, 75.625, 1.4805366058252157e-23, nan 
-143.625, 75.625, 2.005359490145728e-23, nan 
-143.375, 75.625, 2.0156138474260943e-23, nan 
-143.125, 75.625, 1.6309836837729067e-23, nan 
-142.875, 75.625, 1.1889515544120407e-23, nan 
-142.625, 75.625, 1.2001088115341492e-23, nan 
-142.375, 75.625, 1.419474366884853e-23, nan 
-142.125, 75.625, 2.2777994115442412e-23, nan 
-141.875, 75.625, 1.3233193464905249e-23, nan 
-141.625, 75.625, 9.247798673334703e-24, nan 
-141.375, 75.625, 1.0187751864994938e-23, nan 
-141.125, 75.625, 1.2615703446189314e-23, nan 
-140.875, 75.625, 1.450874528513744e-23, nan 
-140.625, 75.625, 1.009859174991605e-23, nan 
-140.375, 75.625, 5.5207107801446986e-24, nan 
-140.125, 75.625, 2.4063033839838233e-24, nan 
-139.875, 75.625, 5.455188334217429e-24, nan 
-139.625, 75.625, 2.6139744098162526e-24, nan 
-139.375, 75.625, 8.37167128295338e-24, nan 
-139.125, 75.625, 7.893046031270699e-24, nan 
-138.875, 75.625, 6.445254145978334e-24, nan 
-138.625, 75.625, 7.758044494360261e-24, nan 
-138.375, 75.625, 6.460664676210717e-24, nan 
-138.125, 75.625, 3.712843535255442e-24, nan 
-137.875, 75.625, 5.803130189555348e-24, nan 
-137.625, 75.625, 5.537815212228191e-24, nan 
-137.375, 75.625, 7.555548358420331e-24, nan 
-137.125, 75.625, 1.1256910606972016e-23, nan 
-136.875, 75.625, 2.6781345693774427e-24, nan 
-136.625, 75.625, 6.577340463789478e-24, nan 
-136.375, 75.625, 4.3441969194591925e-24, nan 
-136.125, 75.625, 6.050366847125513e-24, nan 
-135.875, 75.625, 5.147430712414489e-24, nan 
-135.625, 75.625, 4.6642889834127656e-24, nan 
-135.375, 75.625, 4.7148753624124786e-24, nan 
-135.125, 75.625, 5.646941745074688e-24, nan 
-134.875, 75.625, 5.6429420826671094e-24, nan 
-134.625, 75.625, 4.558899276900946e-24, nan 
-134.375, 75.625, 5.857386508586495e-24, nan 
-134.125, 75.625, 5.338732350572164e-24, nan 
-133.875, 75.625, 1.7346888490989765e-24, nan 
-133.625, 75.625, 9.939740598793592e-24, nan 
-133.375, 75.625, 7.781813483731783e-24, nan 
-133.125, 75.625, 7.495368522391912e-24, nan 
-132.875, 75.625, 1.0045567089584138e-23, nan 
-132.625, 75.625, 1.4839058200823817e-23, nan 
-132.375, 75.625, 1.6442348133943347e-23, nan 
-132.125, 75.625, 2.201659191965569e-23, nan 
-131.875, 75.625, 1.3459651672807206e-23, nan 
-131.625, 75.625, 1.5815985590785732e-23, nan 
-131.375, 75.625, 1.53264265523133e-23, nan 
-131.125, 75.625, 1.878386317423068e-23, nan 
-130.875, 75.625, 2.427493526747257e-23, nan 
-130.625, 75.625, 2.701479986830095e-23, nan 
-130.375, 75.625, 3.1517150562199646e-23, nan 
-130.125, 75.625, 3.214763214096955e-23, nan 
-129.875, 75.625, 1.6685598878532684e-23, nan 
-129.625, 75.625, 1.8848224143578055e-23, nan 
-129.375, 75.625, 1.8138216707245313e-23, nan 
-129.125, 75.625, 1.8379955210366256e-23, nan 
-128.875, 75.625, 1.4640657471451205e-23, nan 
-128.625, 75.625, 2.0439546722998394e-23, nan 
-128.375, 75.625, 2.5177647478520674e-23, nan 
-128.125, 75.625, 2.6598184874257223e-23, nan 
-127.875, 75.625, 2.681668725887348e-23, nan 
-127.625, 75.625, 1.1078881801073634e-23, nan 
-127.375, 75.625, 1.3173428320933983e-23, nan 
-127.125, 75.625, 1.375956641784593e-23, nan 
-126.875, 75.625, 9.573404519831638e-24, nan 
-126.625, 75.625, 1.1569299947055722e-23, nan 
-126.375, 75.625, 1.4111735171269237e-23, nan 
-126.125, 75.625, 1.39842150273026e-23, nan 
-125.875, 75.625, 9.978683969551448e-24, nan 
-125.625, 75.625, 6.668527261518989e-24, nan 
-125.375, 75.625, 4.7877354058199245e-24, nan 
-125.125, 75.625, 7.977977273243013e-24, nan 
-124.875, 75.625, 1.2388170991474697e-23, nan 
-124.625, 75.625, 6.883662759270178e-24, nan 
-124.375, 75.625, 6.609965585815422e-24, nan 
-124.125, 75.625, 1.0493133075977653e-23, nan 
-123.875, 75.625, 1.0025472437815594e-23, nan 
-123.625, 75.625, 1.5417162531225374e-23, nan 
-123.375, 75.625, 1.0670274424114386e-23, nan 
-123.125, 75.625, 1.180909011173744e-23, nan 
-122.875, 75.625, 1.2434047110236652e-23, nan 
-122.625, 75.625, 1.2781759975008461e-23, nan 
-122.375, 75.625, 1.3699486980988817e-23, nan 
-122.125, 75.625, 2.0151992435987715e-23, nan 
-121.875, 75.625, 3.420716473569643e-23, nan 
-121.625, 75.625, 4.673556032458634e-23, nan 
-121.375, 75.625, 3.240487052595272e-23, nan 
-121.125, 75.625, 3.054888303210035e-23, nan 
-120.875, 75.625, 3.178070255573059e-23, nan 
-120.625, 75.625, 2.7147314007138426e-23, nan 
-120.375, 75.625, 2.25523767833266e-23, nan 
-120.125, 75.625, 1.6742568428722888e-23, nan 
-119.875, 75.625, 1.422966231866253e-23, nan 
-119.625, 75.625, 1.3451074295587563e-23, nan 
-119.375, 75.625, 8.660995337927438e-24, nan 
-119.125, 75.625, 2.4710516744774978e-23, nan 
-118.875, 75.625, 1.656566349259845e-23, nan 
-118.625, 75.625, 7.289915813035994e-24, nan 
-118.375, 75.625, 6.332968261799248e-24, nan 
-118.125, 75.625, 5.2177022555125456e-24, nan 
-117.875, 75.625, 1.604962755087015e-23, nan 
-117.625, 75.625, 9.555510514961586e-24, nan 
-117.375, 75.625, 1.567068651830577e-23, nan 
-117.125, 75.625, 4.268579089772993e-24, nan 
-116.875, 75.625, 6.635468414129e-24, nan 
-116.625, 75.625, 1.372339441107584e-23, nan 
-116.375, 75.625, 1.3511234413438364e-23, nan 
-116.125, 75.625, 1.1383637347726373e-23, nan 
-115.875, 75.625, 8.570816715037115e-24, nan 
-115.625, 75.625, 1.2072915995032832e-23, nan 
-115.375, 75.625, 1.5372024217670785e-23, nan 
-115.125, 75.625, 2.0725358723607626e-23, nan 
-114.875, 75.625, 1.8033432745747328e-23, nan 
-114.625, 75.625, 2.0882006555925434e-23, nan 
-114.375, 75.625, 3.704869251700177e-23, nan 
-114.125, 75.625, 2.790850364821216e-23, nan 
-113.875, 75.625, 4.9054554674995394e-23, nan 
-113.625, 75.625, 3.364942758185285e-23, nan 
-113.375, 75.625, 1.2866744673396915e-23, nan 
-113.125, 75.625, 7.656449673424075e-24, nan 
-112.875, 75.625, 1.085467355227852e-23, nan 
-112.625, 75.625, 1.6281281420400635e-23, nan 
-112.375, 75.625, 2.3106211868388868e-23, nan 
-112.125, 75.625, 1.3923039078887816e-23, nan 
-111.875, 75.625, 1.9101525702111203e-23, nan 
-111.625, 75.625, 2.4025561651170917e-23, nan 
-111.375, 75.625, 2.2548483976927188e-23, nan 
-111.125, 75.625, 1.0593959885512546e-23, nan 
-110.875, 75.625, 1.0884637545053042e-23, nan 
-110.625, 75.625, 5.337410851967325e-24, nan 
-110.375, 75.625, 1.4586615841948332e-23, nan 
-110.125, 75.625, 1.3981626884733545e-23, nan 
-109.875, 75.625, 1.0279664502507568e-23, nan 
-109.625, 75.625, 1.162050953613963e-23, nan 
-109.375, 75.625, 9.398740307686824e-24, nan 
-109.125, 75.625, 1.5808256821979897e-23, nan 
-108.875, 75.625, 1.7714321786156732e-23, nan 
-108.625, 75.625, 1.230345898805766e-23, nan 
-108.375, 75.625, 1.6633682159393885e-23, nan 
-108.125, 75.625, 1.9024640647973756e-23, nan 
-107.875, 75.625, 2.453738479408103e-23, nan 
-107.625, 75.625, 3.0258255599127034e-23, nan 
-107.375, 75.625, 2.5399949047099916e-23, nan 
-107.125, 75.625, 2.8684506736435494e-23, nan 
-106.875, 75.625, 2.996446534625795e-23, nan 
-106.625, 75.625, 2.746520521417405e-23, nan 
-106.375, 75.625, 3.5263523653843046e-23, nan 
-106.125, 75.625, 2.650617011167399e-23, nan 
-105.875, 75.625, 2.690698497129115e-23, nan 
-105.625, 75.625, 2.6617648768238385e-23, nan 
-105.375, 75.625, 1.3063105815234722e-23, nan 
-105.125, 75.625, 2.0369127163264174e-23, nan 
-104.875, 75.625, 2.4176533758918134e-23, nan 
-104.625, 75.625, 2.0689253306351258e-23, nan 
-104.375, 75.625, 4.492917513059827e-23, nan 
-104.125, 75.625, 2.266497683567925e-23, nan 
-103.875, 75.625, 2.630536651844171e-23, nan 
-103.625, 75.625, 3.206515092637086e-23, nan 
-103.375, 75.625, 4.546135840227136e-23, nan 
-103.125, 75.625, 4.35253323168046e-23, nan 
-102.875, 75.625, 2.1270176717788582e-23, nan 
-102.625, 75.625, 5.347734555583923e-23, nan 
-102.375, 75.625, 2.3685179203157567e-23, nan 
-102.125, 75.625, 1.0524924298032845e-22, nan 
-101.875, 75.625, 9.32669479987666e-23, nan 
-101.625, 75.625, 5.486773053988181e-23, nan 
-101.375, 75.625, 3.778817658777287e-23, nan 
-101.125, 75.625, 2.671538725660211e-23, nan 
-100.875, 75.625, 8.840470754892972e-23, nan 
-100.625, 75.625, 7.070248749268117e-23, nan 
-100.375, 75.625, 5.809030209927138e-23, nan 
-100.125, 75.625, 4.218979741469625e-23, nan 
-99.875, 75.625, 5.0286692548714166e-23, nan 
-99.625, 75.625, 4.3022804592845274e-23, nan 
-99.375, 75.625, 4.0200517397096226e-23, nan 
-99.125, 75.625, 4.103464494140043e-23, nan 
-98.875, 75.625, 3.5879878593504366e-23, nan 
-98.625, 75.625, 3.334814331901879e-23, nan 
-98.375, 75.625, 2.0801375484688334e-23, nan 
-98.125, 75.625, 2.0881671242385669e-23, nan 
-97.875, 75.625, 3.284448761124262e-23, nan 
-97.625, 75.625, 2.18625477791531e-23, nan 
-97.375, 75.625, 1.6567830723479204e-23, nan 
-97.125, 75.625, 2.691358388285813e-23, nan 
-96.875, 75.625, 2.839706826265997e-23, nan 
-96.625, 75.625, 2.0867292402485437e-23, nan 
-96.375, 75.625, 1.64411708247714e-23, nan 
-96.125, 75.625, 1.1098990420989724e-23, nan 
-95.875, 75.625, 1.327214808424745e-23, nan 
-95.625, 75.625, 1.2954928243267545e-23, nan 
-95.375, 75.625, 1.2525221737490683e-23, nan 
-95.125, 75.625, 1.3618553734448637e-23, nan 
-94.875, 75.625, 2.2311158259088084e-23, nan 
-94.625, 75.625, 1.7796909857074678e-23, nan 
-94.375, 75.625, 2.1261231297309742e-23, nan 
-94.125, 75.625, 1.4654842254309658e-23, nan 
-93.875, 75.625, 1.3021650696039514e-23, nan 
-93.625, 75.625, 1.715988853106919e-23, nan 
-93.375, 75.625, 1.8969304414648668e-23, nan 
-93.125, 75.625, 2.293271811303619e-23, nan 
-92.875, 75.625, 1.7802237543459086e-23, nan 
-92.625, 75.625, 2.4579848087320636e-23, nan 
-92.375, 75.625, 3.5520870853568156e-23, nan 
-92.125, 75.625, 4.547377443680979e-23, nan 
-91.875, 75.625, 4.1908644414362945e-23, nan 
-91.625, 75.625, 3.6798602837999743e-23, nan 
-91.375, 75.625, 4.007215781256409e-23, nan 
-91.125, 75.625, 5.476563438567903e-23, nan 
-90.875, 75.625, 5.255622697959882e-23, nan 
-90.625, 75.625, 7.079074921850593e-23, nan 
-90.375, 75.625, 8.173578745008926e-23, nan 
-90.125, 75.625, 8.90360672492066e-23, nan 
-89.875, 75.625, 1.0074549417048533e-22, nan 
-89.625, 75.625, 1.3449892135395817e-22, nan 
-89.375, 75.625, 1.2768165239941657e-22, nan 
-89.125, 75.625, 1.4356503560243419e-22, nan 
-88.875, 75.625, 1.3634291433393258e-22, nan 
-88.625, 75.625, 1.1405979450099024e-22, nan 
-88.375, 75.625, 1.066201733499767e-22, nan 
-88.125, 75.625, 9.00937594604221e-23, nan 
-87.875, 75.625, 9.153074968369403e-23, nan 
-87.625, 75.625, 9.887966437875062e-23, nan 
-87.375, 75.625, 6.674739098817395e-23, nan 
-87.125, 75.625, 4.7943193103737475e-23, nan 
-86.875, 75.625, 6.092553840754861e-23, nan 
-86.625, 75.625, 4.5238269648194375e-23, nan 
-86.375, 75.625, 4.6840812133340987e-23, nan 
-86.125, 75.625, 2.6303239794505654e-23, nan 
-85.875, 75.625, 4.6494955176995065e-23, nan 
-85.625, 75.625, 3.946694997011616e-23, nan 
-85.375, 75.625, 4.832391824541094e-23, nan 
-85.125, 75.625, 6.595139431297858e-23, nan 
-84.875, 75.625, 7.913919215273846e-23, nan 
-84.625, 75.625, 5.2238931067567125e-23, nan 
-84.375, 75.625, 5.860504188441261e-23, nan 
-84.125, 75.625, 4.158497353280048e-23, nan 
-83.875, 75.625, 6.471176536134144e-23, nan 
-83.625, 75.625, 9.832015388487586e-23, nan 
-83.375, 75.625, 9.499893927674283e-23, nan 
-83.125, 75.625, 1.1192026558159059e-22, nan 
-82.875, 75.625, 9.971258614687581e-23, nan 
-82.625, 75.625, 7.640563390619675e-23, nan 
-82.375, 75.625, 4.4651477642772816e-23, nan 
-82.125, 75.625, 1.23962553753016e-22, nan 
-81.875, 75.625, 1.4929055422242074e-22, nan 
-81.625, 75.625, 1.3571466743292071e-22, nan 
-81.375, 75.625, 1.069850215668917e-22, nan 
-81.125, 75.625, 1.1153445505741461e-22, nan 
-80.875, 75.625, 9.415681369280985e-23, nan 
-80.625, 75.625, 6.698379723438149e-23, nan 
-80.375, 75.625, 6.254633722980181e-23, nan 
-80.125, 75.625, 8.341943483090075e-23, nan 
-79.875, 75.625, 1.265080393043208e-22, nan 
-79.625, 75.625, 1.2035307246713975e-22, nan 
-79.375, 75.625, 5.907846640383897e-23, nan 
-79.125, 75.625, 6.193158216936165e-23, nan 
-78.875, 75.625, 4.4449357875962284e-23, nan 
-78.625, 75.625, 4.309378023579544e-23, nan 
-78.375, 75.625, 4.248926871868201e-23, nan 
-78.125, 75.625, 3.328851790348522e-23, nan 
-77.875, 75.625, 4.942070200041918e-23, nan 
-77.625, 75.625, 5.530499151195596e-23, nan 
-77.375, 75.625, 1.3148759555395465e-22, nan 
-77.125, 75.625, 1.1528752567664807e-22, nan 
-76.875, 75.625, 3.3477467647375516e-23, nan 
-76.625, 75.625, 5.836625780115039e-23, nan 
-76.375, 75.625, 1.5337479830358937e-22, nan 
-76.125, 75.625, 1.1909670845533617e-22, nan 
-75.875, 75.625, 6.933758660215887e-23, nan 
-75.625, 75.625, 7.110890832745907e-23, nan 
-75.375, 75.625, 1.4372003716075996e-22, nan 
-75.125, 75.625, 2.1230449855305435e-22, nan 
-74.875, 75.625, 2.2906919127641245e-22, nan 
-74.625, 75.625, 2.277641814037464e-22, nan 
-74.375, 75.625, 2.167069799831152e-22, nan 
-74.125, 75.625, 2.8778858271929766e-22, nan 
-73.875, 75.625, 3.039462932558193e-22, nan 
-73.625, 75.625, 3.0081389183512924e-22, nan 
-73.375, 75.625, 3.3961670430236374e-22, nan 
-73.125, 75.625, 3.0317009884919948e-22, nan 
-72.875, 75.625, 3.074382966134402e-22, nan 
-72.625, 75.625, 3.5707360017771143e-22, nan 
-72.375, 75.625, 3.4968421681806e-22, nan 
-72.125, 75.625, 2.2045599680517574e-22, nan 
-71.875, 75.625, 3.252628536274786e-22, nan 
-71.625, 75.625, 3.295932194601938e-22, nan 
-71.375, 75.625, 3.428903597281143e-22, nan 
-71.125, 75.625, 3.0796246511787844e-22, nan 
-70.875, 75.625, 3.146723473804192e-22, nan 
-70.625, 75.625, 3.1634504101505236e-22, nan 
-70.375, 75.625, 3.9664189441170106e-22, nan 
-70.125, 75.625, 2.9499052361655624e-22, nan 
-69.875, 75.625, 4.492723648509346e-22, nan 
-69.625, 75.625, 4.218236259924731e-22, nan 
-69.375, 75.625, 2.643700743456885e-22, nan 
-69.125, 75.625, 3.7574497450869103e-22, nan 
-68.875, 75.625, 3.8301801092284456e-22, nan 
-68.625, 75.625, 4.1512579804651923e-22, nan 
-68.375, 75.625, 4.989652909861472e-22, nan 
-68.125, 75.625, 3.761866418858262e-22, nan 
-67.875, 75.625, 4.1841656233021814e-22, nan 
-67.625, 75.625, 6.022690646202718e-22, nan 
-67.375, 75.625, 6.763844271222972e-22, nan 
-67.125, 75.625, 9.459638516465975e-22, nan 
-66.875, 75.625, 9.753678656298367e-22, nan 
-66.625, 75.625, 1.0810543484373343e-21, nan 
-66.375, 75.625, 1.09150602516061e-21, nan 
-66.125, 75.625, 1.2031135262054659e-21, nan 
-65.875, 75.625, 1.0249477709113845e-21, nan 
-65.625, 75.625, 9.116693342739663e-22, nan 
-65.375, 75.625, 7.270858940058393e-22, nan 
-65.125, 75.625, 6.239349138367332e-22, nan 
-64.875, 75.625, 3.8727428417696113e-22, nan 
-64.625, 75.625, 4.618944789399332e-22, nan 
-64.375, 75.625, 4.835426104380476e-22, nan 
-64.125, 75.625, 5.331592885102249e-22, nan 
-63.875, 75.625, 6.251676968329986e-22, nan 
-63.625, 75.625, 7.27365314079089e-22, nan 
-63.375, 75.625, 7.727003454789453e-22, nan 
-63.125, 75.625, 8.703481693045783e-22, nan 
-62.875, 75.625, 9.712742836237657e-22, nan 
-62.625, 75.625, 1.0752733428656847e-21, nan 
-62.375, 75.625, 1.1908922701034998e-21, nan 
-62.125, 75.625, 1.372783880424957e-21, nan 
-61.875, 75.625, 1.6237361461983766e-21, nan 
-61.625, 75.625, 1.812323332259623e-21, nan 
-61.375, 75.625, 1.790743219930083e-21, nan 
-61.125, 75.625, 1.8817610112076814e-21, nan 
-60.875, 75.625, 2.030257545606218e-21, nan 
-60.625, 75.625, 2.325213314456467e-21, nan 
-60.375, 75.625, 2.277099961348116e-21, nan 
-60.125, 75.625, 2.0066002784143597e-21, nan 
-59.875, 75.625, 1.9703537048389198e-21, nan 
-59.625, 75.625, 2.210139574918938e-21, nan 
-59.375, 75.625, 2.264206683147755e-21, nan 
-59.125, 75.625, 2.2147047638180383e-21, nan 
-58.875, 75.625, 2.5936484546985325e-21, nan 
-58.625, 75.625, 2.786908387866234e-21, nan 
-58.375, 75.625, 3.0258599646644987e-21, nan 
-58.125, 75.625, 3.1379417993686592e-21, nan 
-57.875, 75.625, 2.84561437049582e-21, nan 
-57.625, 75.625, 2.7333629382561413e-21, nan 
-57.375, 75.625, 1.9451123280238624e-21, nan 
-57.125, 75.625, 1.937345264726783e-21, nan 
-56.875, 75.625, 2.8902079861327807e-21, nan 
-56.625, 75.625, 3.0631912349748608e-21, nan 
-56.375, 75.625, 3.970635282966775e-21, nan 
-56.125, 75.625, 1.6141139662490253e-21, nan 
-55.875, 75.625, 1.0056238663850541e-21, nan 
-55.625, 75.625, 1.5457001284199824e-21, nan 
-55.375, 75.625, 2.3477377286506566e-21, nan 
-55.125, 75.625, 3.4295550347713184e-21, nan 
-54.875, 75.625, 2.568355734426552e-21, nan 
-54.625, 75.625, 4.401128672400779e-21, nan 
-54.375, 75.625, 4.6933254248514314e-21, nan 
-54.125, 75.625, 4.9242761709657706e-21, nan 
-53.875, 75.625, 6.126421935471274e-21, nan 
-53.625, 75.625, 4.575207553988008e-21, nan 
-53.375, 75.625, 4.463316206722294e-21, nan 
-53.125, 75.625, 5.2450384869702184e-21, nan 
-52.875, 75.625, 4.571453940235972e-21, nan 
-52.625, 75.625, 3.966506769927868e-21, nan 
-52.375, 75.625, 3.501695241719828e-21, nan 
-52.125, 75.625, 3.678437845168042e-21, nan 
-51.875, 75.625, 4.939714677041309e-21, nan 
-51.625, 75.625, 5.884784182230065e-21, nan 
-51.375, 75.625, 8.433899749757084e-21, nan 
-51.125, 75.625, 7.757413336851637e-21, nan 
-50.875, 75.625, 9.075313052996727e-21, nan 
-50.625, 75.625, 7.107447624193691e-21, nan 
-50.375, 75.625, 6.985067314636839e-21, nan 
-50.125, 75.625, 7.273156018574063e-21, nan 
-49.875, 75.625, 7.998132473796132e-21, nan 
-49.625, 75.625, 9.956896379516867e-21, nan 
-49.375, 75.625, 9.632292900387492e-21, nan 
-49.125, 75.625, 7.57239900025228e-21, nan 
-48.875, 75.625, 1.1553244580197605e-20, nan 
-48.625, 75.625, 1.0075102410419066e-20, nan 
-48.375, 75.625, 1.4051344973279793e-20, nan 
-48.125, 75.625, 1.6174547285427356e-20, nan 
-47.875, 75.625, 1.1878409431141445e-20, nan 
-47.625, 75.625, 1.647267754435731e-20, nan 
-47.375, 75.625, 1.876130125974885e-20, nan 
-47.125, 75.625, 2.1605436573248774e-20, nan 
-46.875, 75.625, 2.806140021110486e-20, nan 
-46.625, 75.625, 1.2025581233478277e-20, nan 
-46.375, 75.625, 2.6433316961093825e-20, nan 
-46.125, 75.625, 3.52060717518232e-20, nan 
-45.875, 75.625, 7.768152255044288e-21, nan 
-45.625, 75.625, 1.444098159455332e-20, nan 
-45.375, 75.625, 2.4703426268771898e-20, nan 
-45.125, 75.625, 3.426340437674501e-20, nan 
-44.875, 75.625, 4.167231109560107e-20, nan 
-44.625, 75.625, 3.6173903201150223e-20, nan 
-44.375, 75.625, 3.575705446741443e-20, nan 
-44.125, 75.625, 3.912416271527056e-20, nan 
-43.875, 75.625, 4.103857080207944e-20, nan 
-43.625, 75.625, 3.7526294966129406e-20, nan 
-43.375, 75.625, 4.541123229645441e-20, nan 
-43.125, 75.625, 5.819356383362551e-20, nan 
-42.875, 75.625, 6.57749355355908e-20, nan 
-42.625, 75.625, 7.566536575091416e-20, nan 
-42.375, 75.625, 6.790572113277963e-20, nan 
-42.125, 75.625, 8.2853691748031e-20, nan 
-41.875, 75.625, 7.979236699198015e-20, nan 
-41.625, 75.625, 8.03849055205761e-20, nan 
-41.375, 75.625, 1.364160697662864e-19, nan 
-41.125, 75.625, 1.6853655431770753e-19, nan 
-40.875, 75.625, 8.707428658976601e-20, nan 
-40.625, 75.625, 5.058406712552348e-20, nan 
-40.375, 75.625, 1.0326112276496081e-19, nan 
-40.125, 75.625, 1.1022014728210954e-19, nan 
-39.875, 75.625, 1.032071213330049e-19, nan 
-39.625, 75.625, 1.7787625939223713e-19, nan 
-39.375, 75.625, 1.8428994899576229e-19, nan 
-39.125, 75.625, 2.6555028450161716e-19, nan 
-38.875, 75.625, 1.619162166497415e-19, nan 
-38.625, 75.625, 2.316796948356295e-19, nan 
-38.375, 75.625, 5.339589795222671e-19, nan 
-38.125, 75.625, 6.0661222447500295e-19, nan 
-37.875, 75.625, 8.67652946525347e-19, nan 
-37.625, 75.625, 3.6125056491895325e-19, nan 
-37.375, 75.625, 1.2269023874480178e-19, nan 
-37.125, 75.625, 3.436701662655492e-19, nan 
-36.875, 75.625, 3.6197680302406027e-19, nan 
-36.625, 75.625, 5.743953807919692e-19, nan 
-36.375, 75.625, 2.7433267277411747e-19, nan 
-36.125, 75.625, 2.49632043017448e-19, nan 
-35.875, 75.625, 1.864258018224172e-19, nan 
-35.625, 75.625, 2.6570651579017448e-19, nan 
-35.375, 75.625, 3.243680396188647e-19, nan 
-35.125, 75.625, 4.1394650784690925e-19, nan 
-34.875, 75.625, 4.072877754318437e-19, nan 
-34.625, 75.625, 5.049595416908787e-19, nan 
-34.375, 75.625, 7.034952515256592e-19, nan 
-34.125, 75.625, 8.629984010463446e-19, nan 
-33.875, 75.625, 7.201330003886362e-19, nan 
-33.625, 75.625, 4.618159184862022e-19, nan 
-33.375, 75.625, 5.135449935737523e-19, nan 
-33.125, 75.625, 3.185519400257753e-19, nan 
-32.875, 75.625, 8.459214953775171e-19, nan 
-32.625, 75.625, 9.707740171359076e-19, nan 
-32.375, 75.625, 1.1054038488385268e-18, nan 
-32.125, 75.625, 1.1943157779272764e-18, nan 
-31.875, 75.625, 8.372891053041511e-19, nan 
-31.625, 75.625, 1.090676917202654e-18, nan 
-31.375, 75.625, 1.8290769614010877e-18, nan 
-31.125, 75.625, 2.2838743311573017e-18, nan 
-30.875, 75.625, 2.5483630076185076e-18, nan 
-30.625, 75.625, 2.0757066010417178e-18, nan 
-30.375, 75.625, 1.1295963531590044e-18, nan 
-30.125, 75.625, 1.3426312267412344e-18, nan 
-29.875, 75.625, 2.29609737725225e-18, nan 
-29.625, 75.625, 2.2806659767852997e-18, nan 
-29.375, 75.625, 1.946236400732039e-18, nan 
-29.125, 75.625, 1.2468668034698873e-18, nan 
-28.875, 75.625, 8.913029595350293e-19, nan 
-28.625, 75.625, 1.1629415210526614e-18, nan 
-28.375, 75.625, 9.816874855371267e-19, nan 
-28.125, 75.625, 1.080955694337439e-18, nan 
-27.875, 75.625, 3.759674148450712e-19, nan 
-27.625, 75.625, 4.769638247544635e-19, nan 
-27.375, 75.625, 7.487097245328412e-19, nan 
-27.125, 75.625, 1.0952074808190489e-18, nan 
-26.875, 75.625, 8.91783660861638e-19, nan 
-26.625, 75.625, 6.09165554907603e-19, nan 
-26.375, 75.625, 9.627507044213148e-19, nan 
-26.125, 75.625, 9.520683206105063e-19, nan 
-25.875, 75.625, 8.909632807962979e-19, nan 
-25.625, 75.625, 1.137569266187358e-18, nan 
-25.375, 75.625, 1.1896142424147457e-18, nan 
-25.125, 75.625, 1.2366490435307836e-18, nan 
-24.875, 75.625, 1.086939711578294e-18, nan 
-24.625, 75.625, 1.0650798817629602e-18, nan 
-24.375, 75.625, 1.0257086289620727e-18, nan 
-24.125, 75.625, 7.850196718708741e-19, nan 
-23.875, 75.625, 7.08086365356213e-19, nan 
-23.625, 75.625, 5.711975637219934e-19, nan 
-23.375, 75.625, 2.6422115607410827e-19, nan 
-23.125, 75.625, 2.056874411642186e-19, nan 
-22.875, 75.625, 2.467293791553908e-19, nan 
-22.625, 75.625, 1.4366701502649647e-19, nan 
-22.375, 75.625, 4.753268717202942e-19, nan 
-22.125, 75.625, 7.480724971821945e-19, nan 
-21.875, 75.625, 3.6799345583900866e-19, nan 
-21.625, 75.625, 3.5377583906752668e-19, nan 
-21.375, 75.625, 4.440210984091458e-19, nan 
-21.125, 75.625, 6.863740872348817e-19, nan 
-20.875, 75.625, 7.069236593376247e-19, nan 
-20.625, 75.625, 4.3014983695777395e-19, nan 
-20.375, 75.625, 6.149770265553679e-19, nan 
-20.125, 75.625, 3.977114173115124e-19, nan 
-19.875, 75.625, 2.807903964390125e-19, nan 
-19.625, 75.625, 3.621992519998393e-19, nan 
-19.375, 75.625, 3.2068427399084025e-19, nan 
-19.125, 75.625, 2.2515084458760743e-19, nan 
-18.875, 75.625, 1.9436016534622392e-19, nan 
-18.625, 75.625, 1.2461962355557461e-19, nan 
-18.375, 75.625, 2.0010629190145302e-19, nan 
-18.125, 75.625, 1.9937111621279194e-19, nan 
-17.875, 75.625, 1.664538711693045e-19, nan 
-17.625, 75.625, 1.1582092862845916e-19, nan 
-17.375, 75.625, 2.267895162396554e-19, nan 
-17.125, 75.625, 1.4157868215255824e-19, nan 
-16.875, 75.625, 8.842648751330495e-20, nan 
-16.625, 75.625, 8.734977011410154e-20, nan 
-16.375, 75.625, 1.137402878367219e-19, nan 
-16.125, 75.625, 1.0343104535559522e-19, nan 
-15.875, 75.625, 1.329049353431579e-19, nan 
-15.625, 75.625, 1.4137796011345918e-19, nan 
-15.375, 75.625, 2.866645969895785e-19, nan 
-15.125, 75.625, 3.077222639211381e-19, nan 
-14.875, 75.625, 2.7993121296899003e-19, nan 
-14.625, 75.625, 2.702392710384685e-19, nan 
-14.375, 75.625, 3.1128220781584065e-19, nan 
-14.125, 75.625, 2.381606906723085e-19, nan 
-13.875, 75.625, 1.9587333668490746e-19, nan 
-13.625, 75.625, 1.7403199341518786e-19, nan 
-13.375, 75.625, 1.3912185080040165e-19, nan 
-13.125, 75.625, 1.4304582031262907e-19, nan 
-12.875, 75.625, 1.4301551594132089e-19, nan 
-12.625, 75.625, 1.3657299865574866e-19, nan 
-12.375, 75.625, 1.1673018592480688e-19, nan 
-12.125, 75.625, 1.1416403593695934e-19, nan 
-11.875, 75.625, 1.4431740923230818e-19, nan 
-11.625, 75.625, 1.6332184941756516e-19, nan 
-11.375, 75.625, 1.3599531553682197e-19, nan 
-11.125, 75.625, 1.15444641044793e-19, nan 
-10.875, 75.625, 1.1070386893334875e-19, nan 
-10.625, 75.625, 1.218064736510661e-19, nan 
-10.375, 75.625, 1.343657913063077e-19, nan 
-10.125, 75.625, 8.580201742272038e-20, nan 
-9.875, 75.625, 7.399181874232508e-20, nan 
-9.625, 75.625, 7.961102467392245e-20, nan 
-9.375, 75.625, 7.638821759175131e-20, nan 
-9.125, 75.625, 8.02258936928386e-20, nan 
-8.875, 75.625, 9.076860555546573e-20, nan 
-8.625, 75.625, 8.746627370489595e-20, nan 
-8.375, 75.625, 5.674538221348679e-20, nan 
-8.125, 75.625, 7.218510013118994e-20, nan 
-7.875, 75.625, 6.503070547568696e-20, nan 
-7.625, 75.625, 7.640463153728451e-20, nan 
-7.375, 75.625, 8.382488223835799e-20, nan 
-7.125, 75.625, 5.106522890574635e-20, nan 
-6.875, 75.625, 2.9411823683856307e-20, nan 
-6.625, 75.625, 2.4076905465226533e-20, nan 
-6.375, 75.625, 3.158686213278943e-20, nan 
-6.125, 75.625, 3.905248843674702e-20, nan 
-5.875, 75.625, 2.6208477037527027e-20, nan 
-5.625, 75.625, 2.3359289046681235e-20, nan 
-5.375, 75.625, 2.1106269767067653e-20, nan 
-5.125, 75.625, 2.2194843214996867e-20, nan 
-4.875, 75.625, 2.5948880284013236e-20, nan 
-4.625, 75.625, 3.0763215637231414e-20, nan 
-4.375, 75.625, 4.273730344054798e-20, nan 
-4.125, 75.625, 3.4640937917031663e-20, nan 
-3.875, 75.625, 4.273841384478595e-20, nan 
-3.625, 75.625, 3.870850251658859e-20, nan 
-3.375, 75.625, 3.2314304239311515e-20, nan 
-3.125, 75.625, 6.814578472162476e-21, nan 
-2.875, 75.625, 1.3800451129614106e-20, nan 
-2.625, 75.625, 1.0179206734818325e-20, nan 
-2.375, 75.625, 2.144165402377027e-20, nan 
-2.125, 75.625, 1.1869625994911219e-20, nan 
-1.875, 75.625, 9.533246701114437e-21, nan 
-1.625, 75.625, 1.0246362065013536e-20, nan 
-1.375, 75.625, 6.368035446740238e-21, nan 
-1.125, 75.625, 6.1211278088623906e-21, nan 
-0.875, 75.625, 5.822996708391817e-21, nan 
-0.625, 75.625, 6.371877847018548e-21, nan 
-0.375, 75.625, 5.664169790993203e-21, nan 
-0.125, 75.625, 5.5613328705901124e-21, nan 
0.125, 75.625, 6.7127760933266836e-21, nan 
0.375, 75.625, 4.536872680421981e-21, nan 
0.625, 75.625, 6.478199646943956e-21, nan 
0.875, 75.625, 7.373346519680204e-21, nan 
1.125, 75.625, 5.435181164566282e-21, nan 
1.375, 75.625, 5.3965809643593174e-21, nan 
1.625, 75.625, 4.682854924032417e-21, nan 
1.875, 75.625, 4.872093767389974e-21, nan 
2.125, 75.625, 6.1405624550923975e-21, nan 
2.375, 75.625, 5.8564839208887884e-21, nan 
2.625, 75.625, 4.3904452179172745e-21, nan 
2.875, 75.625, 7.509540371560696e-21, nan 
3.125, 75.625, 6.6657908242808165e-21, nan 
3.375, 75.625, 2.4002894673973182e-21, nan 
3.625, 75.625, 4.115503763535562e-21, nan 
3.875, 75.625, 3.908298755370999e-21, nan 
4.125, 75.625, 3.2647310334087113e-21, nan 
4.375, 75.625, 8.118804481898857e-21, nan 
4.625, 75.625, 7.90084439713595e-21, nan 
4.875, 75.625, 5.4639172455718e-21, nan 
5.125, 75.625, 5.296074216170017e-21, nan 
5.375, 75.625, 4.3529483008344726e-21, nan 
5.625, 75.625, 8.54251598852709e-21, nan 
5.875, 75.625, 7.198410011240893e-21, nan 
6.125, 75.625, 4.483361420823752e-21, nan 
6.375, 75.625, 4.232209097992978e-21, nan 
6.625, 75.625, 4.544309837627566e-21, nan 
6.875, 75.625, 2.6576119969711416e-21, nan 
7.125, 75.625, 1.1408028543389157e-21, nan 
7.375, 75.625, 1.3240805808109693e-21, nan 
7.625, 75.625, 1.2972173485122708e-21, nan 
7.875, 75.625, 1.064083962852685e-21, nan 
8.125, 75.625, 1.1023317013437378e-21, nan 
8.375, 75.625, 1.713546306641924e-21, nan 
8.625, 75.625, 1.7314431291954743e-21, nan 
8.875, 75.625, 1.0805072331763408e-21, nan 
9.125, 75.625, 1.1322865416459266e-21, nan 
9.375, 75.625, 1.1572215297988164e-21, nan 
9.625, 75.625, 1.5181885438175111e-21, nan 
9.875, 75.625, 1.8016165968840745e-21, nan 
10.125, 75.625, 1.2970425922516992e-21, nan 
10.375, 75.625, 9.954106009907434e-22, nan 
10.625, 75.625, 7.424784707374865e-22, nan 
10.875, 75.625, 5.476979953428129e-22, nan 
11.125, 75.625, 1.5649058238148831e-21, nan 
11.375, 75.625, 2.8874817862198428e-21, nan 
11.625, 75.625, 3.563296324138468e-21, nan 
11.875, 75.625, 3.928131262817272e-21, nan 
12.125, 75.625, 3.630713107184689e-21, nan 
12.375, 75.625, 3.6585618920624115e-21, nan 
12.625, 75.625, 4.131756368013033e-21, nan 
12.875, 75.625, 4.293561959176568e-21, nan 
13.125, 75.625, 4.187103726788593e-21, nan 
13.375, 75.625, 4.556198553931434e-21, nan 
13.625, 75.625, 3.6564263679834466e-21, nan 
13.875, 75.625, 2.7690687656196377e-21, nan 
14.125, 75.625, 3.579080635361765e-21, nan 
14.375, 75.625, 4.7129788258088336e-21, nan 
14.625, 75.625, 4.4700419005072476e-21, nan 
14.875, 75.625, 4.427036870625536e-21, nan 
15.125, 75.625, 4.2207889281981574e-21, nan 
15.375, 75.625, 3.8207173246891376e-21, nan 
15.625, 75.625, 3.4290705491693365e-21, nan 
15.875, 75.625, 3.2562650305186424e-21, nan 
16.125, 75.625, 3.1121360907838764e-21, nan 
16.375, 75.625, 2.6030450660426002e-21, nan 
16.625, 75.625, 1.9804039837321335e-21, nan 
16.875, 75.625, 1.0427187573430176e-21, nan 
17.125, 75.625, 9.10103225334782e-22, nan 
17.375, 75.625, 7.747916427798459e-22, nan 
17.625, 75.625, 6.8390502172356695e-22, nan 
17.875, 75.625, 5.0503516398385215e-22, nan 
18.125, 75.625, 4.695822242883387e-22, nan 
18.375, 75.625, 2.7451091913829996e-22, nan 
18.625, 75.625, 3.954033121238959e-22, nan 
18.875, 75.625, 5.330729312652088e-22, nan 
19.125, 75.625, 4.1346747585426175e-22, nan 
19.375, 75.625, 4.418447442848731e-22, nan 
19.625, 75.625, 7.204151522725599e-22, nan 
19.875, 75.625, 4.713597069226616e-22, nan 
20.125, 75.625, 5.3665485675828065e-22, nan 
20.375, 75.625, 6.005300458011924e-22, nan 
20.625, 75.625, 5.255964834612337e-22, nan 
20.875, 75.625, 4.430390842244186e-22, nan 
21.125, 75.625, 7.464414432488937e-22, nan 
21.375, 75.625, 7.509271342689682e-22, nan 
21.625, 75.625, 5.618188274273074e-22, nan 
21.875, 75.625, 3.861300502684494e-22, nan 
22.125, 75.625, 2.4538429917752487e-22, nan 
22.375, 75.625, 3.835850024997088e-22, nan 
22.625, 75.625, 2.434031630208939e-22, nan 
22.875, 75.625, 1.9716485523658858e-22, nan 
23.125, 75.625, 1.4017507775158623e-22, nan 
23.375, 75.625, 1.3962542564093632e-22, nan 
23.625, 75.625, 9.836256322652807e-23, nan 
23.875, 75.625, 9.325755526712813e-23, nan 
24.125, 75.625, 1.1661452185633253e-22, nan 
24.375, 75.625, 1.1745897487980624e-22, nan 
24.625, 75.625, 1.2302973586874385e-22, nan 
24.875, 75.625, 1.5690449316570778e-22, nan 
25.125, 75.625, 1.9550998128541244e-22, nan 
25.375, 75.625, 2.260695733681875e-22, nan 
25.625, 75.625, 1.6256543723197595e-22, nan 
25.875, 75.625, 2.0324587081812333e-22, nan 
26.125, 75.625, 1.9012519136400388e-22, nan 
26.375, 75.625, 3.3190640320634673e-22, nan 
26.625, 75.625, 4.16322974895588e-22, nan 
26.875, 75.625, 3.5373931983303753e-22, nan 
27.125, 75.625, 2.205371515705423e-22, nan 
27.375, 75.625, 1.9137408078555128e-22, nan 
27.625, 75.625, 2.449615679048784e-22, nan 
27.875, 75.625, 1.8566199768078565e-22, nan 
28.125, 75.625, 2.4893849591902397e-22, nan 
28.375, 75.625, 2.493128222558293e-22, nan 
28.625, 75.625, 3.2388606241282614e-22, nan 
28.875, 75.625, 2.6251243320958673e-22, nan 
29.125, 75.625, 2.5935196386574503e-22, nan 
29.375, 75.625, 1.708510635117489e-22, nan 
29.625, 75.625, 1.637811148160574e-22, nan 
29.875, 75.625, 2.64916602890544e-22, nan 
30.125, 75.625, 3.0942886960398505e-22, nan 
30.375, 75.625, 4.416557633407772e-22, nan 
30.625, 75.625, 2.4320184682825247e-22, nan 
30.875, 75.625, 8.729784593108396e-23, nan 
31.125, 75.625, 4.676359723663793e-23, nan 
31.375, 75.625, 5.558606814887391e-23, nan 
31.625, 75.625, 4.702571317369301e-23, nan 
31.875, 75.625, 1.534501404401332e-22, nan 
32.125, 75.625, 1.2277364577465376e-22, nan 
32.375, 75.625, 5.326332518141291e-23, nan 
32.625, 75.625, 4.570847299660141e-23, nan 
32.875, 75.625, 5.482920284538108e-23, nan 
33.125, 75.625, 5.782651979962224e-23, nan 
33.375, 75.625, 6.573928816663297e-23, nan 
33.625, 75.625, 5.601403001749763e-23, nan 
33.875, 75.625, 6.619256800920296e-23, nan 
34.125, 75.625, 6.972647155461636e-23, nan 
34.375, 75.625, 7.407245954619405e-23, nan 
34.625, 75.625, 7.853417081864541e-23, nan 
34.875, 75.625, 7.484904293000172e-23, nan 
35.125, 75.625, 6.612624588387189e-23, nan 
35.375, 75.625, 9.17945336391303e-23, nan 
35.625, 75.625, 8.145541404390605e-23, nan 
35.875, 75.625, 1.0835999538908444e-22, nan 
36.125, 75.625, 4.502897894237441e-23, nan 
36.375, 75.625, 5.2499623682519085e-23, nan 
36.625, 75.625, 7.173312107989424e-23, nan 
36.875, 75.625, 9.020350960428395e-23, nan 
37.125, 75.625, 1.0996862943671455e-22, nan 
37.375, 75.625, 6.27825279940922e-23, nan 
37.625, 75.625, 2.6377447266968795e-23, nan 
37.875, 75.625, 2.37193818239471e-23, nan 
38.125, 75.625, 2.3079485386288108e-23, nan 
38.375, 75.625, 2.744748922106494e-23, nan 
38.625, 75.625, 2.825191756434598e-23, nan 
38.875, 75.625, 2.845293644496981e-23, nan 
39.125, 75.625, 1.9028761837709484e-23, nan 
39.375, 75.625, 1.3607652682731133e-23, nan 
39.625, 75.625, 1.6413540955296948e-23, nan 
39.875, 75.625, 2.3747429891715386e-23, nan 
40.125, 75.625, 2.7754183254319994e-23, nan 
40.375, 75.625, 3.009243982305494e-23, nan 
40.625, 75.625, 4.178798645649942e-23, nan 
40.875, 75.625, 6.595489255123902e-23, nan 
41.125, 75.625, 7.767704081555861e-23, nan 
41.375, 75.625, 3.741989828451276e-23, nan 
41.625, 75.625, 2.685222493538438e-23, nan 
41.875, 75.625, 2.258645085798182e-23, nan 
42.125, 75.625, 5.005508242372427e-23, nan 
42.375, 75.625, 1.085851332234429e-22, nan 
42.625, 75.625, 3.2014598837029905e-23, nan 
42.875, 75.625, 3.368512682391712e-23, nan 
43.125, 75.625, 5.932891567001375e-23, nan 
43.375, 75.625, 7.427249242157832e-23, nan 
43.625, 75.625, 5.310349799532597e-23, nan 
43.875, 75.625, 3.1584063687585354e-23, nan 
44.125, 75.625, 2.286767180295347e-23, nan 
44.375, 75.625, 6.543744404994853e-23, nan 
44.625, 75.625, 9.575424765592718e-23, nan 
44.875, 75.625, 2.5095287093750932e-23, nan 
45.125, 75.625, 1.1693503808219835e-23, nan 
45.375, 75.625, 1.4216931838726514e-23, nan 
45.625, 75.625, 3.299677073160287e-23, nan 
45.875, 75.625, 4.447760061678173e-23, nan 
46.125, 75.625, 1.3418185703604064e-23, nan 
46.375, 75.625, 2.313111892053091e-23, nan 
46.625, 75.625, 1.6187774767491295e-23, nan 
46.875, 75.625, 2.894596954766275e-23, nan 
47.125, 75.625, 2.6183304016077363e-23, nan 
47.375, 75.625, 2.747965137177511e-23, nan 
47.625, 75.625, 1.9966442403207368e-23, nan 
47.875, 75.625, 1.8021462948740872e-23, nan 
48.125, 75.625, 1.9527056226424107e-23, nan 
48.375, 75.625, 1.8942930605576548e-23, nan 
48.625, 75.625, 1.5980798752839066e-23, nan 
48.875, 75.625, 1.1992517883300278e-23, nan 
49.125, 75.625, 1.1390456921635481e-23, nan 
49.375, 75.625, 7.348992269306814e-24, nan 
49.625, 75.625, 6.486468620357453e-24, nan 
49.875, 75.625, 1.9412097713181284e-23, nan 
50.125, 75.625, 1.1955567340030086e-23, nan 
50.375, 75.625, 1.8061511056554305e-23, nan 
50.625, 75.625, 7.560478946934387e-24, nan 
50.875, 75.625, 2.8617888807736805e-24, nan 
51.125, 75.625, 3.1585512633954257e-23, nan 
51.375, 75.625, 9.557568646484414e-24, nan 
51.625, 75.625, 1.1082687313849152e-23, nan 
51.875, 75.625, 9.680528044889443e-24, nan 
52.125, 75.625, 1.991573652246079e-23, nan 
52.375, 75.625, 1.424288726342025e-23, nan 
52.625, 75.625, 1.6547909282633538e-23, nan 
52.875, 75.625, 1.4324673267100072e-23, nan 
53.125, 75.625, 1.2960899409975355e-23, nan 
53.375, 75.625, 2.071629957939712e-23, nan 
53.625, 75.625, 1.5297561384899693e-23, nan 
53.875, 75.625, 2.1175294638668942e-23, nan 
54.125, 75.625, 1.5476667288086156e-23, nan 
54.375, 75.625, 1.3726547689544295e-23, nan 
54.625, 75.625, 1.2806484133582162e-23, nan 
54.875, 75.625, 1.4625709440177393e-23, nan 
55.125, 75.625, 2.0578747802455002e-23, nan 
55.375, 75.625, 2.66552163595986e-23, nan 
55.625, 75.625, 3.79125158780168e-23, nan 
55.875, 75.625, 3.603493499782804e-23, nan 
56.125, 75.625, 2.574976763648721e-23, nan 
56.375, 75.625, 3.371660047329629e-23, nan 
56.625, 75.625, 3.225746419401923e-23, nan 
56.875, 75.625, 4.044397959591988e-23, nan 
57.125, 75.625, 3.6093761966257735e-23, nan 
57.375, 75.625, 2.5630802105704927e-23, nan 
57.625, 75.625, 1.554302698338323e-23, nan 
57.875, 75.625, 1.1613271338298677e-23, nan 
58.125, 75.625, 2.0083116463040584e-23, nan 
58.375, 75.625, 1.776960883277349e-23, nan 
58.625, 75.625, 1.491159145525902e-23, nan 
58.875, 75.625, 1.385118094310066e-23, nan 
59.125, 75.625, 1.3252177592949627e-23, nan 
59.375, 75.625, 1.111971750597137e-23, nan 
59.625, 75.625, 7.026430939967959e-24, nan 
59.875, 75.625, 1.6606214732285625e-23, nan 
60.125, 75.625, 1.7038933135986312e-23, nan 
60.375, 75.625, 5.6345804652971405e-24, nan 
60.625, 75.625, 6.632449911957936e-24, nan 
60.875, 75.625, 5.242363347129237e-24, nan 
61.125, 75.625, 6.538135216221725e-24, nan 
61.375, 75.625, 7.420818542326698e-24, nan 
61.625, 75.625, 3.677835929551291e-24, nan 
61.875, 75.625, 8.916664449393712e-24, nan 
62.125, 75.625, 5.711277795962098e-24, nan 
62.375, 75.625, 4.538282902461277e-24, nan 
62.625, 75.625, 8.03858239896178e-24, nan 
62.875, 75.625, 1.7043802940544992e-23, nan 
63.125, 75.625, 1.769993010783679e-23, nan 
63.375, 75.625, 1.539152809267637e-23, nan 
63.625, 75.625, 1.8164534752861023e-23, nan 
63.875, 75.625, 1.4242548177070165e-23, nan 
64.125, 75.625, 1.4242762431883673e-23, nan 
64.375, 75.625, 1.7184850442395006e-23, nan 
64.625, 75.625, 1.575021903419045e-23, nan 
64.875, 75.625, 1.5166934236221465e-23, nan 
65.125, 75.625, 1.8875011782950156e-23, nan 
65.375, 75.625, 1.5928755720795685e-23, nan 
65.625, 75.625, 2.1531396474806002e-23, nan 
65.875, 75.625, 2.290427854466924e-23, nan 
66.125, 75.625, 2.6032454985226704e-23, nan 
66.375, 75.625, 1.3394483026770333e-23, nan 
66.625, 75.625, 1.5640607721444624e-23, nan 
66.875, 75.625, 1.9666186524119135e-23, nan 
67.125, 75.625, 1.9272312173667035e-23, nan 
67.375, 75.625, 1.6954472277468746e-23, nan 
67.625, 75.625, 1.0497543238867731e-23, nan 
67.875, 75.625, 8.087746296518938e-24, nan 
68.125, 75.625, 9.120351962813777e-24, nan 
68.375, 75.625, 5.3452634743157526e-24, nan 
68.625, 75.625, 4.256024403237266e-24, nan 
68.875, 75.625, 6.828872305572866e-24, nan 
69.125, 75.625, 3.832502807074602e-24, nan 
69.375, 75.625, 5.476724560835968e-24, nan 
69.625, 75.625, 5.5611692646328e-24, nan 
69.875, 75.625, 7.3315110072669e-24, nan 
70.125, 75.625, 5.685991298801431e-24, nan 
70.375, 75.625, 5.267422045508929e-24, nan 
70.625, 75.625, 6.43721154569818e-24, nan 
70.875, 75.625, 4.2049030140756444e-24, nan 
71.125, 75.625, 3.55478255479716e-24, nan 
71.375, 75.625, 3.57620927515482e-24, nan 
71.625, 75.625, 5.803845042304834e-24, nan 
71.875, 75.625, 5.4961098512035444e-24, nan 
72.125, 75.625, 5.560332608619465e-24, nan 
72.375, 75.625, 8.000474728885649e-24, nan 
72.625, 75.625, 9.105929979458964e-24, nan 
72.875, 75.625, 9.411416881911392e-24, nan 
73.125, 75.625, 9.48473571322728e-24, nan 
73.375, 75.625, 1.1253252911097186e-23, nan 
73.625, 75.625, 7.999438618646972e-24, nan 
73.875, 75.625, 5.412645717983705e-24, nan 
74.125, 75.625, 3.6970532268407195e-24, nan 
74.375, 75.625, 4.355831946934359e-24, nan 
74.625, 75.625, 5.9533559842420074e-24, nan 
74.875, 75.625, 3.779890783709804e-24, nan 
75.125, 75.625, 4.539587033951567e-24, nan 
75.375, 75.625, 5.204868057278974e-24, nan 
75.625, 75.625, 6.447783194370609e-24, nan 
75.875, 75.625, 7.41566430693054e-24, nan 
76.125, 75.625, 5.472586500553542e-24, nan 
76.375, 75.625, 4.8553237451227104e-24, nan 
76.625, 75.625, 5.233479650077854e-24, nan 
76.875, 75.625, 4.9168148284156836e-24, nan 
77.125, 75.625, 5.552679329197415e-24, nan 
77.375, 75.625, 4.260080827940863e-24, nan 
77.625, 75.625, 3.779998186245701e-24, nan 
77.875, 75.625, 5.568306049390096e-24, nan 
78.125, 75.625, 5.324643187933844e-24, nan 
78.375, 75.625, 1.042205471140974e-23, nan 
78.625, 75.625, 9.509732280931949e-24, nan 
78.875, 75.625, 9.714115841479426e-24, nan 
79.125, 75.625, 9.188342753109964e-24, nan 
79.375, 75.625, 8.942378885232458e-24, nan 
79.625, 75.625, 8.868500134335561e-24, nan 
79.875, 75.625, 6.3483467342885425e-24, nan 
80.125, 75.625, 6.4462288120531706e-24, nan 
80.375, 75.625, 5.857569869588862e-24, nan 
80.625, 75.625, 3.621609873865854e-24, nan 
80.875, 75.625, 3.874425732202004e-24, nan 
81.125, 75.625, 3.4193771644197155e-24, nan 
81.375, 75.625, 4.3396610923549574e-24, nan 
81.625, 75.625, 3.890805393321917e-24, nan 
81.875, 75.625, 5.908624085525813e-24, nan 
82.125, 75.625, 1.0370842101924496e-23, nan 
82.375, 75.625, 1.1256293337921582e-23, nan 
82.625, 75.625, 8.248830225675867e-24, nan 
82.875, 75.625, 1.0883137230634468e-23, nan 
83.125, 75.625, 8.694693775151574e-24, nan 
83.375, 75.625, 7.838049449811818e-24, nan 
83.625, 75.625, 4.901750682481802e-24, nan 
83.875, 75.625, 4.079358749727494e-24, nan 
84.125, 75.625, 4.264190049591033e-24, nan 
84.375, 75.625, 5.168694109342027e-24, nan 
84.625, 75.625, 4.5422009039945725e-24, nan 
84.875, 75.625, 2.652884423815821e-24, nan 
85.125, 75.625, 1.353057953263626e-24, nan 
85.375, 75.625, 2.5721944423639115e-24, nan 
85.625, 75.625, 2.1766792525748516e-24, nan 
85.875, 75.625, 1.4379827076682258e-24, nan 
86.125, 75.625, 1.82029013434528e-24, nan 
86.375, 75.625, 2.4314748227524147e-24, nan 
86.625, 75.625, 2.888657689594486e-24, nan 
86.875, 75.625, 1.825315734137943e-24, nan 
87.125, 75.625, 1.966526660960188e-24, nan 
87.375, 75.625, 1.891384109495396e-24, nan 
87.625, 75.625, 2.6924247462349966e-24, nan 
87.875, 75.625, 3.040683947611724e-24, nan 
88.125, 75.625, 4.066972057208782e-24, nan 
88.375, 75.625, 4.310669869956831e-24, nan 
88.625, 75.625, 5.161050150866918e-24, nan 
88.875, 75.625, 4.5554732224119534e-24, nan 
89.125, 75.625, 6.676937861768969e-24, nan 
89.375, 75.625, 5.611268115538124e-24, nan 
89.625, 75.625, 5.1090998279569994e-24, nan 
89.875, 75.625, 4.897966352607367e-24, nan 
90.125, 75.625, 4.211141385541804e-24, nan 
90.375, 75.625, 3.08265818972173e-24, nan 
90.625, 75.625, 3.401162604815995e-24, nan 
90.875, 75.625, 4.622990068320486e-24, nan 
91.125, 75.625, 9.360946284205527e-25, nan 
91.375, 75.625, 1.743867396121197e-24, nan 
91.625, 75.625, 1.8567718986537058e-24, nan 
91.875, 75.625, 2.2047365304838558e-24, nan 
92.125, 75.625, 1.1344286700277265e-24, nan 
92.375, 75.625, 2.0955327730372543e-24, nan 
92.625, 75.625, 1.7372953034801583e-24, nan 
92.875, 75.625, 2.334355148793948e-24, nan 
93.125, 75.625, 4.033915727453742e-24, nan 
93.375, 75.625, 5.5171172941076565e-24, nan 
93.625, 75.625, 5.870246935501753e-24, nan 
93.875, 75.625, 4.1230026032508626e-24, nan 
94.125, 75.625, 4.382750885874146e-24, nan 
94.375, 75.625, 5.09541174072147e-24, nan 
94.625, 75.625, 5.168989725306867e-24, nan 
94.875, 75.625, 4.38716193133453e-24, nan 
95.125, 75.625, 6.956122976636564e-24, nan 
95.375, 75.625, 7.969640583252902e-24, nan 
95.625, 75.625, 5.3831675182998734e-24, nan 
95.875, 75.625, 6.048014106529286e-24, nan 
96.125, 75.625, 5.584827082858718e-24, nan 
96.375, 75.625, 5.195566722152907e-24, nan 
96.625, 75.625, 5.317484571284046e-24, nan 
96.875, 75.625, 3.10301797773096e-24, nan 
97.125, 75.625, 3.34120617950902e-24, nan 
97.375, 75.625, 3.401742247108585e-24, nan 
97.625, 75.625, 3.966436669220251e-24, nan 
97.875, 75.625, 4.096354666338898e-24, nan 
98.125, 75.625, 3.735783056946039e-24, nan 
98.375, 75.625, 2.7680889849344746e-24, nan 
98.625, 75.625, 2.9392576879021077e-24, nan 
98.875, 75.625, 4.452536413610716e-24, nan 
99.125, 75.625, 4.3794760256801665e-24, nan 
99.375, 75.625, 4.189094686091887e-24, nan 
99.625, 75.625, 6.854292590021743e-24, nan 
99.875, 75.625, 6.216809839018356e-24, nan 
100.125, 75.625, 4.890755689990713e-24, nan 
100.375, 75.625, 2.0760017700305906e-24, nan 
100.625, 75.625, 2.9889043564146313e-24, nan 
100.875, 75.625, 4.510057718343621e-24, nan 
101.125, 75.625, 5.418498292726026e-24, nan 
101.375, 75.625, 4.206211624729822e-24, nan 
101.625, 75.625, 4.953308261597509e-24, nan 
101.875, 75.625, 4.238297785511398e-24, nan 
102.125, 75.625, 2.7245514778358967e-24, nan 
102.375, 75.625, 3.744977133045792e-24, nan 
102.625, 75.625, 2.690988969408935e-24, nan 
102.875, 75.625, 3.2992750331341765e-24, nan 
103.125, 75.625, 2.5772971948095846e-24, nan 
103.375, 75.625, 1.1095781621617278e-24, nan 
103.625, 75.625, 1.4340338842985476e-24, nan 
103.875, 75.625, 1.4189500048789244e-24, nan 
104.125, 75.625, 1.7257060307657408e-24, nan 
104.375, 75.625, 2.2080668523883065e-24, nan 
104.625, 75.625, 1.6658423266795104e-24, nan 
104.875, 75.625, 2.5573783021427114e-24, nan 
105.125, 75.625, 2.454145055323318e-24, nan 
105.375, 75.625, 1.8609745278962097e-24, nan 
105.625, 75.625, 2.6372601704707806e-24, nan 
105.875, 75.625, 2.1220062494193082e-24, nan 
106.125, 75.625, 1.9724556175019803e-24, nan 
106.375, 75.625, 2.0038901709182675e-24, nan 
106.625, 75.625, 1.8915828852324563e-24, nan 
106.875, 75.625, 2.1357346671731505e-24, nan 
107.125, 75.625, 2.0897087685410862e-24, nan 
107.375, 75.625, 2.0140163683535003e-24, nan 
107.625, 75.625, 1.8450115694324398e-24, nan 
107.875, 75.625, 2.214566864493242e-24, nan 
108.125, 75.625, 2.1930619484772788e-24, nan 
108.375, 75.625, 1.080846894152774e-24, nan 
108.625, 75.625, 1.2210621703079003e-24, nan 
108.875, 75.625, 1.7776287800896452e-24, nan 
109.125, 75.625, 1.6528140156469201e-24, nan 
109.375, 75.625, 1.9017264714122302e-24, nan 
109.625, 75.625, 1.0676958739670244e-24, nan 
109.875, 75.625, 9.627179454081763e-25, nan 
110.125, 75.625, 2.317020246671467e-24, nan 
110.375, 75.625, 2.8849370159197932e-24, nan 
110.625, 75.625, 1.8751188015735367e-24, nan 
110.875, 75.625, 8.401598700939232e-25, nan 
111.125, 75.625, 7.94978063290617e-25, nan 
111.375, 75.625, 7.635406299070909e-25, nan 
111.625, 75.625, 1.3327838899068928e-24, nan 
111.875, 75.625, 1.1464794874742373e-24, nan 
112.125, 75.625, 7.473988358018953e-25, nan 
112.375, 75.625, 9.90075320969628e-25, nan 
112.625, 75.625, 9.249763900555586e-25, nan 
112.875, 75.625, 4.5496572375083e-25, nan 
113.125, 75.625, 6.096963477344426e-25, nan 
113.375, 75.625, 6.149187069105107e-25, nan 
113.625, 75.625, 6.0812003271224425e-25, nan 
113.875, 75.625, 1.3012676901840119e-24, nan 
114.125, 75.625, 1.1258612884298109e-24, nan 
114.375, 75.625, 1.663376392196746e-24, nan 
114.625, 75.625, 1.5333882751215778e-24, nan 
114.875, 75.625, 1.514326416656988e-24, nan 
115.125, 75.625, 1.9360599897501143e-24, nan 
115.375, 75.625, 1.5780481423153283e-24, nan 
115.625, 75.625, 2.0232795287641237e-24, nan 
115.875, 75.625, 1.583393354302351e-24, nan 
116.125, 75.625, 9.082833424294992e-25, nan 
171.375, 75.625, 1.750710525294915e-24, nan 
171.625, 75.625, 1.2085567628691988e-24, nan 
171.875, 75.625, 8.143706990390878e-25, nan 
172.125, 75.625, 6.669956260653608e-25, nan 
172.375, 75.625, 7.599709206919811e-25, nan 
172.625, 75.625, 6.409172437296188e-25, nan 
172.875, 75.625, 5.064369257258307e-25, nan 
173.125, 75.625, 1.896904702523314e-24, nan 
173.375, 75.625, 2.4023052160057314e-24, nan 
173.625, 75.625, 9.526367653713204e-25, nan 
173.875, 75.625, 1.9913604991593218e-24, nan 
174.125, 75.625, 3.797330456644654e-24, nan 
174.375, 75.625, 5.081973254420205e-24, nan 
174.625, 75.625, 4.501347989656025e-24, nan 
174.875, 75.625, 2.6908481038862905e-24, nan 
175.125, 75.625, 2.996680954873625e-24, nan 
175.375, 75.625, 4.4218810739760105e-24, nan 
175.625, 75.625, 5.257578787494927e-24, nan 
175.875, 75.625, 4.802101829928812e-24, nan 
176.125, 75.625, 2.8278232247989838e-24, nan 
176.375, 75.625, 2.004261075872416e-24, nan 
176.625, 75.625, 1.5241866390301776e-24, nan 
176.875, 75.625, 1.2555490845182058e-24, nan 
177.125, 75.625, 1.808666933797919e-24, nan 
177.375, 75.625, 1.705858349965122e-24, nan 
177.625, 75.625, 1.4239619855105936e-24, nan 
177.875, 75.625, 1.7983201073617905e-24, nan 
178.125, 75.625, 2.8506229619000013e-24, nan 
178.375, 75.625, 3.1689589582629557e-24, nan 
178.625, 75.625, 3.12124381283508e-24, nan 
178.875, 75.625, 4.268339542138029e-24, nan 
179.125, 75.625, 4.7442181167141366e-24, nan 
179.375, 75.625, 3.6828008784644e-24, nan 
179.625, 75.625, 2.4432711784958685e-24, nan 
179.875, 75.625, 2.9948991949766544e-24, nan 
-179.875, 75.875, 7.065975842360835e-24, nan 
-179.625, 75.875, 6.859523247302392e-24, nan 
-179.375, 75.875, 5.588405382372712e-24, nan 
-179.125, 75.875, 6.220406931344957e-24, nan 
-178.875, 75.875, 7.653515450755978e-24, nan 
-178.625, 75.875, 9.18335376477028e-24, nan 
-178.375, 75.875, 6.959095509715797e-24, nan 
-178.125, 75.875, 7.886339848249792e-24, nan 
-177.875, 75.875, 4.4248357477841875e-24, nan 
-177.625, 75.875, 3.361404555205825e-24, nan 
-177.375, 75.875, 3.1195603334174626e-24, nan 
-177.125, 75.875, 4.613173539582784e-24, nan 
-176.875, 75.875, 4.1336024918140585e-24, nan 
-176.625, 75.875, 3.474740589935133e-24, nan 
-176.375, 75.875, 3.0298801873958624e-24, nan 
-176.125, 75.875, 2.3719826560479814e-24, nan 
-175.875, 75.875, 2.7182170533954013e-24, nan 
-175.625, 75.875, 2.8679100887078506e-24, nan 
-175.375, 75.875, 2.5883443454814035e-24, nan 
-175.125, 75.875, 2.707212797752047e-24, nan 
-174.875, 75.875, 2.3640462078522746e-24, nan 
-174.625, 75.875, 1.6998799067937753e-24, nan 
-174.375, 75.875, 1.20148309850426e-24, nan 
-174.125, 75.875, 1.228161454435484e-24, nan 
-173.875, 75.875, 1.827454342390719e-24, nan 
-173.625, 75.875, 1.2106579584977549e-24, nan 
-173.375, 75.875, 1.395334517741268e-24, nan 
-173.125, 75.875, 1.1259951470803398e-24, nan 
-172.875, 75.875, 6.0219061247420915e-25, nan 
-172.625, 75.875, 1.2635390192653303e-24, nan 
-172.375, 75.875, 1.852630170203178e-24, nan 
-172.125, 75.875, 2.758270568577516e-24, nan 
-171.875, 75.875, 2.7633353727018738e-24, nan 
-171.625, 75.875, 2.111082278997366e-24, nan 
-171.375, 75.875, 3.0388694359416817e-24, nan 
-171.125, 75.875, 4.282373013204561e-24, nan 
-170.875, 75.875, 4.3433070116530135e-24, nan 
-170.625, 75.875, 3.998978690994628e-24, nan 
-170.375, 75.875, 3.38645723026816e-24, nan 
-170.125, 75.875, 4.1688608328749886e-24, nan 
-169.875, 75.875, 6.712230047278774e-24, nan 
-169.625, 75.875, 7.14493209041228e-24, nan 
-169.375, 75.875, 7.205559689625033e-24, nan 
-169.125, 75.875, 5.222321575861931e-24, nan 
-168.875, 75.875, 5.759506827627193e-24, nan 
-168.625, 75.875, 6.723825880880907e-24, nan 
-168.375, 75.875, 7.446932390964138e-24, nan 
-168.125, 75.875, 6.385397527063042e-24, nan 
-167.875, 75.875, 8.830686125355676e-24, nan 
-167.625, 75.875, 8.426484457683414e-24, nan 
-167.375, 75.875, 5.937415442238719e-24, nan 
-167.125, 75.875, 2.9389541689541545e-24, nan 
-166.875, 75.875, 3.6203511370284594e-24, nan 
-166.625, 75.875, 3.82025457528601e-24, nan 
-166.375, 75.875, 7.218481977651248e-24, nan 
-166.125, 75.875, 5.904494375826578e-24, nan 
-165.875, 75.875, 3.311985469263763e-24, nan 
-165.625, 75.875, 4.428240551914262e-24, nan 
-165.375, 75.875, 4.2911178621067776e-24, nan 
-165.125, 75.875, 2.3860305031947262e-24, nan 
-164.875, 75.875, 2.7321666046807468e-24, nan 
-164.625, 75.875, 4.188705145890318e-24, nan 
-164.375, 75.875, 7.269525106036734e-24, nan 
-164.125, 75.875, 7.614156706203907e-24, nan 
-163.875, 75.875, 7.349942697934801e-24, nan 
-163.625, 75.875, 7.333072014064409e-24, nan 
-163.375, 75.875, 5.351147546649481e-24, nan 
-163.125, 75.875, 2.9726854908063168e-24, nan 
-162.875, 75.875, 2.6546550032766772e-24, nan 
-162.625, 75.875, 4.939022910945931e-24, nan 
-162.375, 75.875, 5.153521713220321e-24, nan 
-162.125, 75.875, 4.772362456374826e-24, nan 
-161.875, 75.875, 3.315743531744908e-24, nan 
-161.625, 75.875, 1.9414269543917668e-24, nan 
-161.375, 75.875, 3.845296525680962e-24, nan 
-161.125, 75.875, 4.5462312457832866e-24, nan 
-160.875, 75.875, 4.889307369918075e-24, nan 
-160.625, 75.875, 3.649668357168701e-24, nan 
-160.375, 75.875, 2.355225949325438e-24, nan 
-160.125, 75.875, 4.9918367583773604e-24, nan 
-159.875, 75.875, 4.8717167460343645e-24, nan 
-159.625, 75.875, 4.5199451958072105e-24, nan 
-159.375, 75.875, 3.995321382178411e-24, nan 
-159.125, 75.875, 4.241263786242678e-24, nan 
-158.875, 75.875, 4.832798323543727e-24, nan 
-158.625, 75.875, 6.647760312652144e-24, nan 
-158.375, 75.875, 5.2673210878406976e-24, nan 
-158.125, 75.875, 6.511139949097213e-24, nan 
-157.875, 75.875, 6.933562418816224e-24, nan 
-157.625, 75.875, 7.967805443159382e-24, nan 
-157.375, 75.875, 6.110618800386082e-24, nan 
-157.125, 75.875, 9.216144314494384e-24, nan 
-156.875, 75.875, 9.890484088211458e-24, nan 
-156.625, 75.875, 9.816838488018341e-24, nan 
-156.375, 75.875, 1.3817674537712768e-23, nan 
-156.125, 75.875, 1.51188984568473e-23, nan 
-155.875, 75.875, 9.795874560819694e-24, nan 
-155.625, 75.875, 8.31052996748328e-24, nan 
-155.375, 75.875, 7.998494514153984e-24, nan 
-155.125, 75.875, 1.383217305784636e-23, nan 
-154.875, 75.875, 1.4410642843102924e-23, nan 
-154.625, 75.875, 8.051762615670834e-24, nan 
-154.375, 75.875, 6.898952989657512e-24, nan 
-154.125, 75.875, 9.031153474317443e-24, nan 
-153.875, 75.875, 1.0765274697161796e-23, nan 
-153.625, 75.875, 1.3433203713813475e-23, nan 
-153.375, 75.875, 1.381931057066883e-23, nan 
-153.125, 75.875, 1.0062066927793897e-23, nan 
-152.875, 75.875, 9.461300611596848e-24, nan 
-152.625, 75.875, 1.2244231384929063e-23, nan 
-152.375, 75.875, 1.331501880338471e-23, nan 
-152.125, 75.875, 1.3201022049176896e-23, nan 
-151.875, 75.875, 1.1630264710709154e-23, nan 
-151.625, 75.875, 9.97257789434799e-24, nan 
-151.375, 75.875, 5.3549588920507414e-24, nan 
-151.125, 75.875, 4.516095129835134e-24, nan 
-150.875, 75.875, 5.656409044215454e-24, nan 
-150.625, 75.875, 4.6193601699882614e-24, nan 
-150.375, 75.875, 3.2867081206551097e-24, nan 
-150.125, 75.875, 5.620440918568478e-24, nan 
-149.875, 75.875, 8.793162482488264e-24, nan 
-149.625, 75.875, 1.0598728624474673e-23, nan 
-149.375, 75.875, 7.511713295106924e-24, nan 
-149.125, 75.875, 1.771286041009468e-24, nan 
-148.875, 75.875, 5.4661428363568576e-24, nan 
-148.625, 75.875, 4.643995451597283e-24, nan 
-148.375, 75.875, 6.4398282566318496e-24, nan 
-148.125, 75.875, 4.553863126573351e-24, nan 
-147.875, 75.875, 1.1261282755179574e-23, nan 
-147.625, 75.875, 1.2786087887342233e-23, nan 
-147.375, 75.875, 9.501915529662717e-24, nan 
-147.125, 75.875, 1.0113771011763872e-23, nan 
-146.875, 75.875, 1.1732799220812091e-23, nan 
-146.625, 75.875, 1.9860758464342327e-23, nan 
-146.375, 75.875, 1.5209178423846058e-23, nan 
-146.125, 75.875, 8.876125897779743e-24, nan 
-145.875, 75.875, 8.950480357338562e-24, nan 
-145.625, 75.875, 1.0321628929460492e-23, nan 
-145.375, 75.875, 1.2662073036866728e-23, nan 
-145.125, 75.875, 1.5163166753003823e-23, nan 
-144.875, 75.875, 1.7862421977690967e-23, nan 
-144.625, 75.875, 1.503979634901403e-23, nan 
-144.375, 75.875, 1.5717484668239908e-23, nan 
-144.125, 75.875, 1.1423212861790978e-23, nan 
-143.875, 75.875, 1.543945504401087e-23, nan 
-143.625, 75.875, 6.533199028315555e-24, nan 
-143.375, 75.875, 6.72015348138826e-24, nan 
-143.125, 75.875, 1.0400923323321121e-23, nan 
-142.875, 75.875, 8.67713840069257e-24, nan 
-142.625, 75.875, 1.1216804378362492e-23, nan 
-142.375, 75.875, 1.2687808023710841e-23, nan 
-142.125, 75.875, 1.4339978442602116e-23, nan 
-141.875, 75.875, 8.478701074512767e-24, nan 
-141.625, 75.875, 4.7459355251551315e-24, nan 
-141.375, 75.875, 6.840742676633264e-24, nan 
-141.125, 75.875, 7.585851579212347e-24, nan 
-140.875, 75.875, 7.735236971069429e-24, nan 
-140.625, 75.875, 7.895874405003976e-24, nan 
-140.375, 75.875, 6.0227578227062335e-24, nan 
-140.125, 75.875, 7.273683094643839e-24, nan 
-139.875, 75.875, 9.431633681697131e-24, nan 
-139.625, 75.875, 8.89035731922803e-24, nan 
-139.375, 75.875, 3.61339606722245e-24, nan 
-139.125, 75.875, 5.7407372335594016e-24, nan 
-138.875, 75.875, 5.5255462309661374e-24, nan 
-138.625, 75.875, 1.265355310683331e-23, nan 
-138.375, 75.875, 8.863098651560164e-24, nan 
-138.125, 75.875, 2.821395645673214e-24, nan 
-137.875, 75.875, 2.6541935757936713e-24, nan 
-137.625, 75.875, 3.55498146964507e-24, nan 
-137.375, 75.875, 6.748392175445662e-24, nan 
-137.125, 75.875, 3.48687328587281e-24, nan 
-136.875, 75.875, 5.046074067403135e-24, nan 
-136.625, 75.875, 5.9941414255685545e-24, nan 
-136.375, 75.875, 8.43102625329599e-24, nan 
-136.125, 75.875, 1.0165388926412556e-23, nan 
-135.875, 75.875, 4.144053655939609e-24, nan 
-135.625, 75.875, 9.33484546445279e-24, nan 
-135.375, 75.875, 1.2338855567905349e-23, nan 
-135.125, 75.875, 1.1144914107905295e-23, nan 
-134.875, 75.875, 9.55784056965309e-24, nan 
-134.625, 75.875, 9.1845930280768e-24, nan 
-134.375, 75.875, 9.505167056581472e-24, nan 
-134.125, 75.875, 1.1697598579556036e-23, nan 
-133.875, 75.875, 1.2815176133326534e-23, nan 
-133.625, 75.875, 1.7351765432775696e-23, nan 
-133.375, 75.875, 2.5433842427676235e-23, nan 
-133.125, 75.875, 2.3699929549564297e-23, nan 
-132.875, 75.875, 2.839736862454414e-23, nan 
-132.625, 75.875, 3.170128843817598e-23, nan 
-132.375, 75.875, 3.053476774033333e-23, nan 
-132.125, 75.875, 2.9909277732729476e-23, nan 
-131.875, 75.875, 8.459057785317905e-24, nan 
-131.625, 75.875, 6.89111355227562e-24, nan 
-131.375, 75.875, 1.3367430374448517e-23, nan 
-131.125, 75.875, 2.216813639177807e-23, nan 
-130.875, 75.875, 2.7788359959671864e-23, nan 
-130.625, 75.875, 2.970672809147334e-23, nan 
-130.375, 75.875, 3.9152598204933136e-23, nan 
-130.125, 75.875, 4.50178044966145e-23, nan 
-129.875, 75.875, 3.372189285725909e-23, nan 
-129.625, 75.875, 3.4727698494328586e-23, nan 
-129.375, 75.875, 4.002308074858308e-23, nan 
-129.125, 75.875, 4.334518169818239e-23, nan 
-128.875, 75.875, 5.778100673473849e-23, nan 
-128.625, 75.875, 5.402649113638646e-23, nan 
-128.375, 75.875, 4.799781722585173e-23, nan 
-128.125, 75.875, 4.079106094010381e-23, nan 
-127.875, 75.875, 3.492061519946095e-23, nan 
-127.625, 75.875, 3.0180199673902406e-23, nan 
-127.375, 75.875, 1.5249874677655717e-23, nan 
-127.125, 75.875, 2.029273153225071e-23, nan 
-126.875, 75.875, 1.9183928055717394e-23, nan 
-126.625, 75.875, 7.289906272504651e-24, nan 
-126.375, 75.875, 1.295311628093805e-23, nan 
-126.125, 75.875, 1.4466314699947253e-23, nan 
-125.875, 75.875, 1.4932600338691174e-23, nan 
-125.625, 75.875, 1.292155747588615e-23, nan 
-125.375, 75.875, 5.890865131370465e-24, nan 
-125.125, 75.875, 9.692943174012444e-24, nan 
-124.875, 75.875, 1.0960094364272507e-23, nan 
-124.625, 75.875, 4.97686300155074e-24, nan 
-124.375, 75.875, 6.615429107782176e-24, nan 
-124.125, 75.875, 7.869942062739442e-24, nan 
-123.875, 75.875, 9.347861438216075e-24, nan 
-123.625, 75.875, 1.0232258927686715e-23, nan 
-123.375, 75.875, 5.420216699470952e-24, nan 
-123.125, 75.875, 7.647210960613568e-24, nan 
-122.875, 75.875, 1.0811436837355517e-23, nan 
-122.625, 75.875, 1.3085109676310903e-23, nan 
-122.375, 75.875, 1.5260371306826517e-23, nan 
-122.125, 75.875, 1.04386270202185e-23, nan 
-121.875, 75.875, 1.0587676609068387e-23, nan 
-121.625, 75.875, 1.182524763619301e-23, nan 
-121.375, 75.875, 1.0803392279561558e-23, nan 
-121.125, 75.875, 1.5966182795149544e-23, nan 
-120.875, 75.875, 1.775905233930014e-23, nan 
-120.625, 75.875, 1.132522271983098e-23, nan 
-120.375, 75.875, 8.180524798572915e-24, nan 
-120.125, 75.875, 7.08490997518947e-24, nan 
-119.875, 75.875, 1.1070671001802195e-23, nan 
-119.625, 75.875, 1.1387839883946702e-23, nan 
-119.375, 75.875, 7.71098486013443e-24, nan 
-119.125, 75.875, 1.46974513510309e-23, nan 
-118.875, 75.875, 1.2517853716040995e-23, nan 
-118.625, 75.875, 1.7491711664716663e-23, nan 
-118.375, 75.875, 8.059949740070759e-24, nan 
-118.125, 75.875, 4.158221201686942e-24, nan 
-117.875, 75.875, 1.0998068233988353e-23, nan 
-117.625, 75.875, 4.630814214323969e-24, nan 
-117.375, 75.875, 2.7257523599829067e-23, nan 
-117.125, 75.875, 1.0560354099535624e-23, nan 
-116.875, 75.875, 1.1986645425474987e-23, nan 
-116.625, 75.875, 1.672544721948642e-23, nan 
-116.375, 75.875, 1.3862861746843098e-23, nan 
-116.125, 75.875, 1.4175011051427244e-23, nan 
-115.875, 75.875, 8.15852891746759e-24, nan 
-115.625, 75.875, 1.908837066414975e-23, nan 
-115.375, 75.875, 3.556729378743659e-23, nan 
-115.125, 75.875, 5.894590689188525e-23, nan 
-114.875, 75.875, 5.997025979240274e-23, nan 
-114.625, 75.875, 4.611796854161657e-23, nan 
-114.375, 75.875, 4.762012390632107e-23, nan 
-114.125, 75.875, 5.697704204043886e-23, nan 
-113.875, 75.875, 7.252391087325835e-23, nan 
-113.625, 75.875, 7.109853477371517e-23, nan 
-113.375, 75.875, 3.5270163140038065e-23, nan 
-113.125, 75.875, 1.1160719656525166e-23, nan 
-112.875, 75.875, 1.9458333852143055e-23, nan 
-112.625, 75.875, 2.7540090668852876e-23, nan 
-112.375, 75.875, 3.4625188549924653e-23, nan 
-112.125, 75.875, 1.8314631031729507e-23, nan 
-111.875, 75.875, 2.8113172543409564e-23, nan 
-111.625, 75.875, 3.8244767028022766e-23, nan 
-111.375, 75.875, 3.7092849833987506e-23, nan 
-111.125, 75.875, 2.61628617610153e-23, nan 
-110.875, 75.875, 2.2341892314733468e-23, nan 
-110.625, 75.875, 2.4091663577289725e-23, nan 
-110.375, 75.875, 3.556483308912902e-23, nan 
-110.125, 75.875, 3.781801892742375e-23, nan 
-109.875, 75.875, 1.4413040529460938e-23, nan 
-109.625, 75.875, 8.82507191189816e-24, nan 
-109.375, 75.875, 7.068134981295437e-24, nan 
-109.125, 75.875, 8.674457333368077e-24, nan 
-108.875, 75.875, 1.5175765665284676e-23, nan 
-108.625, 75.875, 1.6392912404551147e-23, nan 
-108.375, 75.875, 1.2844301104961563e-23, nan 
-108.125, 75.875, 1.5591692447670438e-23, nan 
-107.875, 75.875, 9.946369685539006e-24, nan 
-107.625, 75.875, 2.1788085965889783e-23, nan 
-107.375, 75.875, 1.690307628050547e-23, nan 
-107.125, 75.875, 1.7377074913042118e-23, nan 
-106.875, 75.875, 2.1323136398979915e-23, nan 
-106.625, 75.875, 9.561492724970496e-24, nan 
-106.375, 75.875, 7.324355445445721e-24, nan 
-106.125, 75.875, 1.756341417946879e-23, nan 
-105.875, 75.875, 1.853382870112335e-23, nan 
-105.625, 75.875, 2.2071300442828297e-23, nan 
-105.375, 75.875, 1.9708812570380063e-23, nan 
-105.125, 75.875, 2.3626047343518836e-23, nan 
-104.875, 75.875, 4.2833619455379566e-23, nan 
-104.625, 75.875, 2.7482893383887217e-23, nan 
-104.375, 75.875, 3.284375337551847e-23, nan 
-104.125, 75.875, 2.3356573562474677e-23, nan 
-103.875, 75.875, 1.540339968321174e-23, nan 
-103.625, 75.875, 5.2102013782276204e-23, nan 
-103.375, 75.875, 3.1632060836952164e-23, nan 
-103.125, 75.875, 2.0417533449297452e-23, nan 
-102.875, 75.875, 3.0193782527926664e-23, nan 
-102.625, 75.875, 3.8290621024892834e-23, nan 
-102.375, 75.875, 3.330404245938655e-23, nan 
-102.125, 75.875, 7.567820911592608e-23, nan 
-101.875, 75.875, 7.127683916037564e-23, nan 
-101.625, 75.875, 5.378847648005017e-23, nan 
-101.375, 75.875, 3.735752917662905e-23, nan 
-101.125, 75.875, 4.093172640776286e-23, nan 
-100.875, 75.875, 7.044369621458172e-23, nan 
-100.625, 75.875, 5.920732262350401e-23, nan 
-100.375, 75.875, 5.53062019222816e-23, nan 
-100.125, 75.875, 4.1475576770772653e-23, nan 
-99.875, 75.875, 4.4681771070079025e-23, nan 
-99.625, 75.875, 2.774814738576596e-23, nan 
-99.375, 75.875, 3.189265190455794e-23, nan 
-99.125, 75.875, 2.8302211575587536e-23, nan 
-98.875, 75.875, 2.8580701515376976e-23, nan 
-98.625, 75.875, 1.3217626625401926e-23, nan 
-98.375, 75.875, 1.5119146457339342e-23, nan 
-98.125, 75.875, 1.565565553728458e-23, nan 
-97.875, 75.875, 1.405652314487531e-23, nan 
-97.625, 75.875, 1.2247472105848889e-23, nan 
-97.375, 75.875, 1.1390810916994266e-23, nan 
-97.125, 75.875, 1.0471077377544623e-23, nan 
-96.875, 75.875, 1.1732956705561134e-23, nan 
-96.625, 75.875, 1.0003831121811949e-23, nan 
-96.375, 75.875, 1.1331463104345064e-23, nan 
-96.125, 75.875, 1.2561686227018725e-23, nan 
-95.875, 75.875, 1.4049420575200497e-23, nan 
-95.625, 75.875, 2.097694116997679e-23, nan 
-95.375, 75.875, 2.087918001940209e-23, nan 
-95.125, 75.875, 2.4563513360417824e-23, nan 
-94.875, 75.875, 2.7643620015343754e-23, nan 
-94.625, 75.875, 2.331711687675469e-23, nan 
-94.375, 75.875, 3.511701026689636e-23, nan 
-94.125, 75.875, 3.7894849260683264e-23, nan 
-93.875, 75.875, 1.8162303986064067e-23, nan 
-93.625, 75.875, 1.2749564217752709e-23, nan 
-93.375, 75.875, 1.2706651419669356e-23, nan 
-93.125, 75.875, 3.166555998908226e-23, nan 
-92.875, 75.875, 3.506724634338488e-23, nan 
-92.625, 75.875, 4.55130600358389e-23, nan 
-92.375, 75.875, 4.1487388134553903e-23, nan 
-92.125, 75.875, 4.0541931367257573e-23, nan 
-91.875, 75.875, 5.89908693164271e-23, nan 
-91.625, 75.875, 6.39328159906421e-23, nan 
-91.375, 75.875, 7.351901047057867e-23, nan 
-91.125, 75.875, 9.014689278339327e-23, nan 
-90.875, 75.875, 1.3600586100833982e-22, nan 
-90.625, 75.875, 1.344548222255872e-22, nan 
-90.375, 75.875, 1.8140839779566662e-22, nan 
-90.125, 75.875, 2.2436670372722783e-22, nan 
-89.875, 75.875, 2.0127111349328289e-22, nan 
-89.625, 75.875, 2.025241664343437e-22, nan 
-89.375, 75.875, 2.1327923727117154e-22, nan 
-89.125, 75.875, 2.3731710922962982e-22, nan 
-88.875, 75.875, 2.5931277110600295e-22, nan 
-88.625, 75.875, 2.490290278535481e-22, nan 
-88.375, 75.875, 2.0166486548038123e-22, nan 
-88.125, 75.875, 1.4146140221125535e-22, nan 
-87.875, 75.875, 1.067834735761602e-22, nan 
-87.625, 75.875, 7.413039901591759e-23, nan 
-87.375, 75.875, 4.8812128795664143e-23, nan 
-87.125, 75.875, 4.688729029424249e-23, nan 
-86.875, 75.875, 3.9244765904154756e-23, nan 
-86.625, 75.875, 4.0395360930163423e-23, nan 
-86.375, 75.875, 5.639494543965819e-23, nan 
-86.125, 75.875, 3.772154445727118e-23, nan 
-85.875, 75.875, 4.4079386305927994e-23, nan 
-85.625, 75.875, 4.6162694893204947e-23, nan 
-85.375, 75.875, 4.280138676026995e-23, nan 
-85.125, 75.875, 4.8004832637813666e-23, nan 
-84.875, 75.875, 5.981450563053853e-23, nan 
-84.625, 75.875, 5.908684710407018e-23, nan 
-84.375, 75.875, 7.404936982971813e-23, nan 
-84.125, 75.875, 7.956636681997924e-23, nan 
-83.875, 75.875, 5.980581341763347e-23, nan 
-83.625, 75.875, 5.0414055646796e-23, nan 
-83.375, 75.875, 4.445492948126855e-23, nan 
-83.125, 75.875, 6.624933274171316e-23, nan 
-82.875, 75.875, 1.019934058547999e-22, nan 
-82.625, 75.875, 8.692078222586444e-23, nan 
-82.375, 75.875, 1.0046121960151268e-22, nan 
-82.125, 75.875, 1.2170708278632252e-22, nan 
-81.875, 75.875, 1.3339284302528692e-22, nan 
-81.625, 75.875, 1.208413408899538e-22, nan 
-81.375, 75.875, 9.788923081193857e-23, nan 
-81.125, 75.875, 1.057692116784265e-22, nan 
-80.875, 75.875, 1.2238056541808448e-22, nan 
-80.625, 75.875, 1.3845612116570554e-22, nan 
-80.375, 75.875, 1.1108294638792698e-22, nan 
-80.125, 75.875, 1.0561537907573874e-22, nan 
-79.875, 75.875, 9.364773022982388e-23, nan 
-79.625, 75.875, 8.322286382095179e-23, nan 
-79.375, 75.875, 7.591501786136417e-23, nan 
-79.125, 75.875, 8.833484512297919e-23, nan 
-78.875, 75.875, 8.102667263869369e-23, nan 
-78.625, 75.875, 4.6181876586375856e-23, nan 
-78.375, 75.875, 4.9263140224886503e-23, nan 
-78.125, 75.875, 7.270626657140732e-23, nan 
-77.875, 75.875, 9.523141381152477e-23, nan 
-77.625, 75.875, 5.915247930694718e-23, nan 
-77.375, 75.875, 6.674021481262536e-23, nan 
-77.125, 75.875, 8.825814336788724e-23, nan 
-76.875, 75.875, 6.121911710350221e-23, nan 
-76.625, 75.875, 9.949705629734575e-23, nan 
-76.375, 75.875, 6.028165425887441e-23, nan 
-76.125, 75.875, 4.690298418804731e-23, nan 
-75.875, 75.875, 8.49406391836065e-23, nan 
-75.625, 75.875, 1.49097856848858e-22, nan 
-75.375, 75.875, 2.0118139230701077e-22, nan 
-75.125, 75.875, 4.310391582969484e-22, nan 
-74.875, 75.875, 2.137488305823582e-22, nan 
-74.625, 75.875, 3.1782719527869555e-22, nan 
-74.375, 75.875, 2.6065566841437474e-22, nan 
-74.125, 75.875, 3.930364382908067e-22, nan 
-73.875, 75.875, 2.879041753822211e-22, nan 
-73.625, 75.875, 3.0153661768512237e-22, nan 
-73.375, 75.875, 3.074121115761137e-22, nan 
-73.125, 75.875, 3.011393836470391e-22, nan 
-72.875, 75.875, 3.562698443088051e-22, nan 
-72.625, 75.875, 3.2825264767152557e-22, nan 
-72.375, 75.875, 3.0691464618640674e-22, nan 
-72.125, 75.875, 2.7603820010848307e-22, nan 
-71.875, 75.875, 3.0226635852874056e-22, nan 
-71.625, 75.875, 3.046791436590952e-22, nan 
-71.375, 75.875, 2.330423145756894e-22, nan 
-71.125, 75.875, 2.569035289879905e-22, nan 
-70.875, 75.875, 2.673942732795046e-22, nan 
-70.625, 75.875, 2.517844462493847e-22, nan 
-70.375, 75.875, 2.601883680451147e-22, nan 
-70.125, 75.875, 3.497788773727668e-22, nan 
-69.875, 75.875, 2.4131972901085613e-22, nan 
-69.625, 75.875, 2.520972080945033e-22, nan 
-69.375, 75.875, 2.4005004147869665e-22, nan 
-69.125, 75.875, 4.702221719492301e-22, nan 
-68.875, 75.875, 4.725596826380644e-22, nan 
-68.625, 75.875, 3.482389856580195e-22, nan 
-68.375, 75.875, 3.610489158772827e-22, nan 
-68.125, 75.875, 3.61403677993386e-22, nan 
-67.875, 75.875, 4.327503930081152e-22, nan 
-67.625, 75.875, 6.701056381566883e-22, nan 
-67.375, 75.875, 7.603770985504484e-22, nan 
-67.125, 75.875, 7.330381214969875e-22, nan 
-66.875, 75.875, 7.824247806752694e-22, nan 
-66.625, 75.875, 1.0586967797560806e-21, nan 
-66.375, 75.875, 1.3355922035974679e-21, nan 
-66.125, 75.875, 1.5278955587557777e-21, nan 
-65.875, 75.875, 1.6643563276486486e-21, nan 
-65.625, 75.875, 1.6551913603870416e-21, nan 
-65.375, 75.875, 1.721498757415696e-21, nan 
-65.125, 75.875, 1.2853829741772347e-21, nan 
-64.875, 75.875, 1.405725915926585e-21, nan 
-64.625, 75.875, 9.809571828246926e-22, nan 
-64.375, 75.875, 1.09772592197464e-21, nan 
-64.125, 75.875, 8.820961134074712e-22, nan 
-63.875, 75.875, 1.1488840826636953e-21, nan 
-63.625, 75.875, 1.1266975368796455e-21, nan 
-63.375, 75.875, 1.1948004438038107e-21, nan 
-63.125, 75.875, 1.349062313099277e-21, nan 
-62.875, 75.875, 1.5602035985067006e-21, nan 
-62.625, 75.875, 1.6875303418308795e-21, nan 
-62.375, 75.875, 2.0265886823042795e-21, nan 
-62.125, 75.875, 2.2092087963083534e-21, nan 
-61.875, 75.875, 2.7281493898804424e-21, nan 
-61.625, 75.875, 2.608902052225547e-21, nan 
-61.375, 75.875, 2.4574965345676074e-21, nan 
-61.125, 75.875, 2.4765418137368146e-21, nan 
-60.875, 75.875, 2.4452795158579814e-21, nan 
-60.625, 75.875, 2.542664801727847e-21, nan 
-60.375, 75.875, 2.112441775507478e-21, nan 
-60.125, 75.875, 1.7771169714435308e-21, nan 
-59.875, 75.875, 1.868048571767174e-21, nan 
-59.625, 75.875, 1.8076167101297577e-21, nan 
-59.375, 75.875, 1.4686826013288817e-21, nan 
-59.125, 75.875, 1.898178474711486e-21, nan 
-58.875, 75.875, 1.8562629233564286e-21, nan 
-58.625, 75.875, 1.7653823932207727e-21, nan 
-58.375, 75.875, 1.9534863746450044e-21, nan 
-58.125, 75.875, 1.893272426877308e-21, nan 
-57.875, 75.875, 2.1118103139204833e-21, nan 
-57.625, 75.875, 1.9414966995059658e-21, nan 
-57.375, 75.875, 2.537233132692997e-21, nan 
-57.125, 75.875, 2.933456538257603e-21, nan 
-56.875, 75.875, 2.817180820421521e-21, nan 
-56.625, 75.875, 3.418620962413937e-21, nan 
-56.375, 75.875, 4.955611532695279e-21, nan 
-56.125, 75.875, 5.012321529628617e-21, nan 
-55.875, 75.875, 5.4508176489022116e-21, nan 
-55.625, 75.875, 4.007552421464741e-21, nan 
-55.375, 75.875, 2.926246365146659e-21, nan 
-55.125, 75.875, 3.808803663071583e-21, nan 
-54.875, 75.875, 4.385333043933398e-21, nan 
-54.625, 75.875, 6.556786129569202e-21, nan 
-54.375, 75.875, 6.618617950904136e-21, nan 
-54.125, 75.875, 5.958352320888666e-21, nan 
-53.875, 75.875, 9.279342970704772e-21, nan 
-53.625, 75.875, 9.459325019425378e-21, nan 
-53.375, 75.875, 6.35612593312844e-21, nan 
-53.125, 75.875, 5.650586245915476e-21, nan 
-52.875, 75.875, 4.737260697327588e-21, nan 
-52.625, 75.875, 6.988822768635614e-21, nan 
-52.375, 75.875, 8.437646696256617e-21, nan 
-52.125, 75.875, 5.479336650574245e-21, nan 
-51.875, 75.875, 3.2036676072734e-21, nan 
-51.625, 75.875, 2.7651252561068094e-21, nan 
-51.375, 75.875, 2.218875800470197e-21, nan 
-51.125, 75.875, 1.4349659665854677e-21, nan 
-50.875, 75.875, 1.556436367724162e-21, nan 
-50.625, 75.875, 4.450595645350382e-21, nan 
-50.375, 75.875, 7.204999257876521e-21, nan 
-50.125, 75.875, 6.928644886942578e-21, nan 
-49.875, 75.875, 1.0896823923581751e-20, nan 
-49.625, 75.875, 1.2283255859333013e-20, nan 
-49.375, 75.875, 9.819362607531257e-21, nan 
-49.125, 75.875, 7.450932105221891e-21, nan 
-48.875, 75.875, 7.682662092613963e-21, nan 
-48.625, 75.875, 9.460219244338655e-21, nan 
-48.375, 75.875, 1.2369964999059315e-20, nan 
-48.125, 75.875, 2.040516065021122e-20, nan 
-47.875, 75.875, 2.1952647568137536e-20, nan 
-47.625, 75.875, 2.6438994518115347e-20, nan 
-47.375, 75.875, 2.9387651341117664e-20, nan 
-47.125, 75.875, 2.657041358418442e-20, nan 
-46.875, 75.875, 2.7590996687125294e-20, nan 
-46.625, 75.875, 2.461438088742851e-20, nan 
-46.375, 75.875, 2.792514723324087e-20, nan 
-46.125, 75.875, 4.302473673451277e-20, nan 
-45.875, 75.875, 3.1845236232803466e-20, nan 
-45.625, 75.875, 5.431827885001161e-20, nan 
-45.375, 75.875, 3.9358815027346824e-20, nan 
-45.125, 75.875, 2.3695692134568032e-20, nan 
-44.875, 75.875, 2.7099948475720613e-20, nan 
-44.625, 75.875, 3.443706212502536e-20, nan 
-44.375, 75.875, 4.2534543761577897e-20, nan 
-44.125, 75.875, 3.5982549553697955e-20, nan 
-43.875, 75.875, 3.4150492412281245e-20, nan 
-43.625, 75.875, 4.249996057214639e-20, nan 
-43.375, 75.875, 6.178107488014463e-20, nan 
-43.125, 75.875, 6.038272877863657e-20, nan 
-42.875, 75.875, 6.124420213990877e-20, nan 
-42.625, 75.875, 8.086743823276192e-20, nan 
-42.375, 75.875, 1.060422370555153e-19, nan 
-42.125, 75.875, 1.4058718833396765e-19, nan 
-41.875, 75.875, 1.2469117647028982e-19, nan 
-41.625, 75.875, 4.9802935975284635e-20, nan 
-41.375, 75.875, 5.890464679820468e-20, nan 
-41.125, 75.875, 9.750040125597938e-20, nan 
-40.875, 75.875, 1.2985022205733492e-19, nan 
-40.625, 75.875, 1.366477185489098e-19, nan 
-40.375, 75.875, 1.4137554233394976e-19, nan 
-40.125, 75.875, 1.3775722191699074e-19, nan 
-39.875, 75.875, 1.1825226571776076e-19, nan 
-39.625, 75.875, 4.832936429281939e-20, nan 
-39.375, 75.875, 1.0176051718394171e-19, nan 
-39.125, 75.875, 1.7068801608652042e-19, nan 
-38.875, 75.875, 2.1619309923406975e-19, nan 
-38.625, 75.875, 3.1947628915593273e-19, nan 
-38.375, 75.875, 5.213036765505075e-19, nan 
-38.125, 75.875, 4.580358061236796e-19, nan 
-37.875, 75.875, 5.385099928463281e-19, nan 
-37.625, 75.875, 4.551866852443226e-19, nan 
-37.375, 75.875, 5.547649183900932e-19, nan 
-37.125, 75.875, 4.1069694680556633e-19, nan 
-36.875, 75.875, 2.2672581976761035e-19, nan 
-36.625, 75.875, 1.767603826168712e-19, nan 
-36.375, 75.875, 1.2273310190419236e-19, nan 
-36.125, 75.875, 3.660195890963318e-19, nan 
-35.875, 75.875, 3.485476564085064e-19, nan 
-35.625, 75.875, 5.263107143454451e-19, nan 
-35.375, 75.875, 5.168448225798668e-19, nan 
-35.125, 75.875, 4.418427753470327e-19, nan 
-34.875, 75.875, 4.967105880669028e-19, nan 
-34.625, 75.875, 7.211441148995256e-19, nan 
-34.375, 75.875, 1.1173464638089295e-18, nan 
-34.125, 75.875, 1.2841131625491797e-18, nan 
-33.875, 75.875, 1.0695357887029158e-18, nan 
-33.625, 75.875, 7.7978612190134995e-19, nan 
-33.375, 75.875, 7.825976625787157e-19, nan 
-33.125, 75.875, 8.643964782222078e-19, nan 
-32.875, 75.875, 1.5296283380453569e-18, nan 
-32.625, 75.875, 1.5586674284897627e-18, nan 
-32.375, 75.875, 1.4754799233411058e-18, nan 
-32.125, 75.875, 1.7332103574943178e-18, nan 
-31.875, 75.875, 1.8722323843741856e-18, nan 
-31.625, 75.875, 1.3825413991771404e-18, nan 
-31.375, 75.875, 8.05791777618469e-19, nan 
-31.125, 75.875, 2.7776499892847637e-18, nan 
-30.875, 75.875, 3.1713375586187016e-18, nan 
-30.625, 75.875, 3.606087977927885e-18, nan 
-30.375, 75.875, 2.502003355600974e-18, nan 
-30.125, 75.875, 1.5203405550311332e-18, nan 
-29.875, 75.875, 3.0159987769142013e-18, nan 
-29.625, 75.875, 2.817821294574749e-18, nan 
-29.375, 75.875, 3.4232076160049272e-18, nan 
-29.125, 75.875, 2.737560130724868e-18, nan 
-28.875, 75.875, 1.9634547624032732e-18, nan 
-28.625, 75.875, 1.3802162209870336e-18, nan 
-28.375, 75.875, 1.2428244884598813e-18, nan 
-28.125, 75.875, 1.976772263619176e-18, nan 
-27.875, 75.875, 2.1963167679452455e-18, nan 
-27.625, 75.875, 2.70840265975583e-18, nan 
-27.375, 75.875, 4.013243072484624e-18, nan 
-27.125, 75.875, 2.3570692689261e-18, nan 
-26.875, 75.875, 2.3425170145985642e-18, nan 
-26.625, 75.875, 2.4026150868611043e-18, nan 
-26.375, 75.875, 2.5593463553297058e-18, nan 
-26.125, 75.875, 1.8382786394366945e-18, nan 
-25.875, 75.875, 2.148854283859662e-18, nan 
-25.625, 75.875, 1.705395924303912e-18, nan 
-25.375, 75.875, 1.6550996961891134e-18, nan 
-25.125, 75.875, 2.100330078009273e-18, nan 
-24.875, 75.875, 2.196459638481349e-18, nan 
-24.625, 75.875, 1.988995913401681e-18, nan 
-24.375, 75.875, 1.1784132475951782e-18, nan 
-24.125, 75.875, 7.538041119206995e-19, nan 
-23.875, 75.875, 1.6101129252806289e-18, nan 
-23.625, 75.875, 1.760551466324678e-18, nan 
-23.375, 75.875, 1.1733170143982181e-18, nan 
-23.125, 75.875, 2.76423156454071e-19, nan 
-22.875, 75.875, 1.7383336260542824e-19, nan 
-22.625, 75.875, 5.815292493115916e-19, nan 
-22.375, 75.875, 8.609872693554227e-19, nan 
-22.125, 75.875, 7.949165340918547e-19, nan 
-21.875, 75.875, 6.888457003100039e-19, nan 
-21.625, 75.875, 9.050837502469714e-19, nan 
-21.375, 75.875, 8.617089855997314e-19, nan 
-21.125, 75.875, 1.0624149697277821e-18, nan 
-20.875, 75.875, 8.227581518805826e-19, nan 
-20.625, 75.875, 6.629040079861214e-19, nan 
-20.375, 75.875, 5.756061509633192e-19, nan 
-20.125, 75.875, 5.971424382533356e-19, nan 
-19.875, 75.875, 5.461316966139717e-19, nan 
-19.625, 75.875, 5.449682462834271e-19, nan 
-19.375, 75.875, 4.7714869807113775e-19, nan 
-19.125, 75.875, 2.7933807534591333e-19, nan 
-18.875, 75.875, 3.490049021642418e-19, nan 
-18.625, 75.875, 4.1656858073996467e-19, nan 
-18.375, 75.875, 3.248365592130838e-19, nan 
-18.125, 75.875, 3.277921746213844e-19, nan 
-17.875, 75.875, 2.6326317739213334e-19, nan 
-17.625, 75.875, 2.7877798962442125e-19, nan 
-17.375, 75.875, 4.0204977426476184e-19, nan 
-17.125, 75.875, 4.800726456068019e-19, nan 
-16.875, 75.875, 2.577507055026604e-19, nan 
-16.625, 75.875, 3.19296300176941e-19, nan 
-16.375, 75.875, 3.1558807737295113e-19, nan 
-16.125, 75.875, 3.866709150581251e-19, nan 
-15.875, 75.875, 4.068852173674674e-19, nan 
-15.625, 75.875, 3.8130050839933894e-19, nan 
-15.375, 75.875, 3.4966078515751593e-19, nan 
-15.125, 75.875, 3.431820166733292e-19, nan 
-14.875, 75.875, 3.45854793726869e-19, nan 
-14.625, 75.875, 2.6983463050776006e-19, nan 
-14.375, 75.875, 2.657083142276515e-19, nan 
-14.125, 75.875, 2.5293263229884085e-19, nan 
-13.875, 75.875, 2.0345840415281545e-19, nan 
-13.625, 75.875, 2.0878838918808306e-19, nan 
-13.375, 75.875, 2.066808515616243e-19, nan 
-13.125, 75.875, 1.5564736442741026e-19, nan 
-12.875, 75.875, 1.560885538717008e-19, nan 
-12.625, 75.875, 1.397937147371809e-19, nan 
-12.375, 75.875, 1.3826568958276996e-19, nan 
-12.125, 75.875, 1.3818186692435684e-19, nan 
-11.875, 75.875, 1.102612011372931e-19, nan 
-11.625, 75.875, 1.2150921312450873e-19, nan 
-11.375, 75.875, 1.3862316799752306e-19, nan 
-11.125, 75.875, 1.37008758658943e-19, nan 
-10.875, 75.875, 1.3890702553541391e-19, nan 
-10.625, 75.875, 1.2415897486102878e-19, nan 
-10.375, 75.875, 1.2464854991522658e-19, nan 
-10.125, 75.875, 9.081067655465162e-20, nan 
-9.875, 75.875, 8.78479847139555e-20, nan 
-9.625, 75.875, 1.1483639625478916e-19, nan 
-9.375, 75.875, 8.551291329230073e-20, nan 
-9.125, 75.875, 9.66360471790361e-20, nan 
-8.875, 75.875, 1.0591642765800124e-19, nan 
-8.625, 75.875, 1.5112618203651828e-19, nan 
-8.375, 75.875, 9.384904973467427e-20, nan 
-8.125, 75.875, 8.218787210093542e-20, nan 
-7.875, 75.875, 8.357055940722743e-20, nan 
-7.625, 75.875, 8.093454466797028e-20, nan 
-7.375, 75.875, 1.4516939270048888e-19, nan 
-7.125, 75.875, 8.46719119910392e-20, nan 
-6.875, 75.875, 5.237637104688137e-20, nan 
-6.625, 75.875, 2.5712411510820998e-20, nan 
-6.375, 75.875, 3.0410419700216424e-20, nan 
-6.125, 75.875, 4.7999497625860377e-20, nan 
-5.875, 75.875, 3.2134508907103235e-20, nan 
-5.625, 75.875, 2.4038085511567437e-20, nan 
-5.375, 75.875, 2.1382907031898822e-20, nan 
-5.125, 75.875, 2.1587249992129066e-20, nan 
-4.875, 75.875, 1.8492663960937105e-20, nan 
-4.625, 75.875, 1.3276244280609545e-20, nan 
-4.375, 75.875, 2.6216661735841426e-20, nan 
-4.125, 75.875, 2.4716250311180067e-20, nan 
-3.875, 75.875, 3.409686119369513e-20, nan 
-3.625, 75.875, 4.357971049231697e-20, nan 
-3.375, 75.875, 3.8368085846811784e-20, nan 
-3.125, 75.875, 1.8199464466944005e-20, nan 
-2.875, 75.875, 1.49123186069725e-20, nan 
-2.625, 75.875, 2.0514962656560642e-20, nan 
-2.375, 75.875, 3.9283503670403663e-20, nan 
-2.125, 75.875, 2.5733153586147875e-20, nan 
-1.875, 75.875, 1.7107520071781157e-20, nan 
-1.625, 75.875, 7.494590708797194e-21, nan 
-1.375, 75.875, 8.40441975264624e-21, nan 
-1.125, 75.875, 1.0177629630521054e-20, nan 
-0.875, 75.875, 3.1921272658817084e-21, nan 
-0.625, 75.875, 4.9394096252619326e-21, nan 
-0.375, 75.875, 4.510645875271113e-21, nan 
-0.125, 75.875, 8.012090945476223e-21, nan 
0.125, 75.875, 7.201163031996736e-21, nan 
0.375, 75.875, 4.974203227839898e-21, nan 
0.625, 75.875, 4.720277328382816e-21, nan 
0.875, 75.875, 6.286879350012731e-21, nan 
1.125, 75.875, 4.833551685358831e-21, nan 
1.375, 75.875, 6.480081101516782e-21, nan 
1.625, 75.875, 5.802418219452714e-21, nan 
1.875, 75.875, 5.231348411234346e-21, nan 
2.125, 75.875, 5.5893434883651044e-21, nan 
2.375, 75.875, 7.325243354055201e-21, nan 
2.625, 75.875, 1.2945231017438199e-20, nan 
2.875, 75.875, 2.2932659867729653e-20, nan 
3.125, 75.875, 2.077475191411186e-20, nan 
3.375, 75.875, 1.6918114704136305e-20, nan 
3.625, 75.875, 9.20465888140273e-21, nan 
3.875, 75.875, 5.405217133815013e-21, nan 
4.125, 75.875, 6.5259125088264415e-21, nan 
4.375, 75.875, 6.27514707221608e-21, nan 
4.625, 75.875, 8.174758252732323e-21, nan 
4.875, 75.875, 7.053623101606103e-21, nan 
5.125, 75.875, 7.674610202391681e-21, nan 
5.375, 75.875, 8.05768903553995e-21, nan 
5.625, 75.875, 9.319380573666213e-21, nan 
5.875, 75.875, 8.894305024370192e-21, nan 
6.125, 75.875, 6.6833155218339436e-21, nan 
6.375, 75.875, 7.415523915484377e-21, nan 
6.625, 75.875, 8.824439861600802e-21, nan 
6.875, 75.875, 7.061452856455276e-21, nan 
7.125, 75.875, 4.239846203051008e-21, nan 
7.375, 75.875, 1.6562040799086904e-21, nan 
7.625, 75.875, 2.015453646064869e-21, nan 
7.875, 75.875, 1.90245650865201e-21, nan 
8.125, 75.875, 1.3789328079902777e-21, nan 
8.375, 75.875, 1.586954646400202e-21, nan 
8.625, 75.875, 2.0764182303854444e-21, nan 
8.875, 75.875, 1.6362690671032528e-21, nan 
9.125, 75.875, 9.385790375443783e-22, nan 
9.375, 75.875, 1.2787033617365364e-21, nan 
9.625, 75.875, 6.259399896142448e-22, nan 
9.875, 75.875, 1.1798310985874883e-21, nan 
10.125, 75.875, 1.0919793597801366e-21, nan 
10.375, 75.875, 7.403961834918858e-22, nan 
10.625, 75.875, 8.610759885527453e-22, nan 
10.875, 75.875, 1.8142057478829865e-22, nan 
11.125, 75.875, 4.88008665197351e-22, nan 
11.375, 75.875, 5.61492322601683e-22, nan 
11.625, 75.875, 1.2435149908381236e-21, nan 
11.875, 75.875, 2.0593517798863e-21, nan 
12.125, 75.875, 1.3345419453610784e-21, nan 
12.375, 75.875, 3.351316516393664e-21, nan 
12.625, 75.875, 3.751319657117781e-21, nan 
12.875, 75.875, 3.3607987436550384e-21, nan 
13.125, 75.875, 3.990855991308689e-21, nan 
13.375, 75.875, 3.965667729798522e-21, nan 
13.625, 75.875, 4.962058407240644e-21, nan 
13.875, 75.875, 5.1505418680266134e-21, nan 
14.125, 75.875, 4.458596164129959e-21, nan 
14.375, 75.875, 4.2119957269758185e-21, nan 
14.625, 75.875, 3.7506340995933476e-21, nan 
14.875, 75.875, 3.659622384226615e-21, nan 
15.125, 75.875, 3.630637644483595e-21, nan 
15.375, 75.875, 3.1807125799946564e-21, nan 
15.625, 75.875, 2.424094185654777e-21, nan 
15.875, 75.875, 1.8452677189800972e-21, nan 
16.125, 75.875, 1.733210298798405e-21, nan 
16.375, 75.875, 1.1082568861921711e-21, nan 
16.625, 75.875, 6.999238399936849e-22, nan 
16.875, 75.875, 6.402126708947263e-22, nan 
17.125, 75.875, 8.42252634011791e-22, nan 
17.375, 75.875, 8.65487944350763e-22, nan 
17.625, 75.875, 1.1736200610240066e-21, nan 
17.875, 75.875, 5.272341123616191e-22, nan 
18.125, 75.875, 6.212137170351121e-22, nan 
18.375, 75.875, 9.845520845546395e-22, nan 
18.625, 75.875, 8.08808357969247e-22, nan 
18.875, 75.875, 1.65923264767515e-21, nan 
19.125, 75.875, 5.967793541932684e-22, nan 
19.375, 75.875, 2.889664645033442e-22, nan 
19.625, 75.875, 3.488450436497426e-22, nan 
19.875, 75.875, 4.795251941198148e-22, nan 
20.125, 75.875, 5.920334648937209e-22, nan 
20.375, 75.875, 7.453453420563627e-22, nan 
20.625, 75.875, 7.264638711194634e-22, nan 
20.875, 75.875, 6.522218401711547e-22, nan 
21.125, 75.875, 6.406829805565393e-22, nan 
21.375, 75.875, 5.583625504964121e-22, nan 
21.625, 75.875, 4.919610546295563e-22, nan 
21.875, 75.875, 5.88727491527913e-22, nan 
22.125, 75.875, 5.9765892028711205e-22, nan 
22.375, 75.875, 5.645289322777731e-22, nan 
22.625, 75.875, 5.771488380828773e-22, nan 
22.875, 75.875, 3.341711224476487e-22, nan 
23.125, 75.875, 2.618753848989552e-22, nan 
23.375, 75.875, 2.0421456605932559e-22, nan 
23.625, 75.875, 4.1041374341313916e-22, nan 
23.875, 75.875, 4.375040698240092e-22, nan 
24.125, 75.875, 3.41613586984443e-22, nan 
24.375, 75.875, 2.558889940771376e-22, nan 
24.625, 75.875, 2.0824129088609568e-22, nan 
24.875, 75.875, 2.105262480487581e-22, nan 
25.125, 75.875, 2.6935044567308015e-22, nan 
25.375, 75.875, 2.6440542809159457e-22, nan 
25.625, 75.875, 1.9990432836179593e-22, nan 
25.875, 75.875, 2.6332060995337182e-22, nan 
26.125, 75.875, 2.640819926630352e-22, nan 
26.375, 75.875, 2.2901065813086567e-22, nan 
26.625, 75.875, 2.5194354697095433e-22, nan 
26.875, 75.875, 2.149446717289941e-22, nan 
27.125, 75.875, 1.8959054704105575e-22, nan 
27.375, 75.875, 2.0848597398473958e-22, nan 
27.625, 75.875, 1.5024574480361896e-22, nan 
27.875, 75.875, 1.6017308325331155e-22, nan 
28.125, 75.875, 1.191085337242615e-22, nan 
28.375, 75.875, 1.2443183881374448e-22, nan 
28.625, 75.875, 1.2208032191730826e-22, nan 
28.875, 75.875, 1.0872422784238357e-22, nan 
29.125, 75.875, 8.520351083842248e-23, nan 
29.375, 75.875, 1.0711465263601438e-22, nan 
29.625, 75.875, 1.7168326413037664e-22, nan 
29.875, 75.875, 1.8863832419238404e-22, nan 
30.125, 75.875, 1.4869822067483304e-22, nan 
30.375, 75.875, 1.0950363521642765e-22, nan 
30.625, 75.875, 6.389014899351804e-23, nan 
30.875, 75.875, 7.489243705679842e-23, nan 
31.125, 75.875, 6.894755706613791e-23, nan 
31.375, 75.875, 5.573679797229477e-23, nan 
31.625, 75.875, 6.469533277771392e-23, nan 
31.875, 75.875, 1.2814618438598601e-22, nan 
32.125, 75.875, 1.21921975700193e-22, nan 
32.375, 75.875, 8.391961958102155e-23, nan 
32.625, 75.875, 6.179258286415582e-23, nan 
32.875, 75.875, 5.946836998497895e-23, nan 
33.125, 75.875, 8.079241574283698e-23, nan 
33.375, 75.875, 8.34773470600631e-23, nan 
33.625, 75.875, 6.629347794150757e-23, nan 
33.875, 75.875, 6.11355026509135e-23, nan 
34.125, 75.875, 5.854104427783348e-23, nan 
34.375, 75.875, 9.340376206918706e-23, nan 
34.625, 75.875, 1.1374898621042304e-22, nan 
34.875, 75.875, 9.13323294596786e-23, nan 
35.125, 75.875, 8.553052473596213e-23, nan 
35.375, 75.875, 8.981957689950445e-23, nan 
35.625, 75.875, 8.171998381475414e-23, nan 
35.875, 75.875, 8.764583325760374e-23, nan 
36.125, 75.875, 6.063551559245509e-23, nan 
36.375, 75.875, 4.165199112322463e-23, nan 
36.625, 75.875, 6.345093578906221e-23, nan 
36.875, 75.875, 1.1151852893207586e-22, nan 
37.125, 75.875, 1.2096242609963971e-22, nan 
37.375, 75.875, 1.1743575108224088e-22, nan 
37.625, 75.875, 3.895107999038505e-23, nan 
37.875, 75.875, 4.378061458084934e-23, nan 
38.125, 75.875, 6.885367444895349e-23, nan 
38.375, 75.875, 5.498690072539623e-23, nan 
38.625, 75.875, 5.326539469619849e-23, nan 
38.875, 75.875, 2.3619747990846442e-23, nan 
39.125, 75.875, 2.2415400286375515e-23, nan 
39.375, 75.875, 1.4827494050963356e-23, nan 
39.625, 75.875, 1.9646922640575158e-23, nan 
39.875, 75.875, 2.5158124055043407e-23, nan 
40.125, 75.875, 2.659282013923052e-23, nan 
40.375, 75.875, 1.9426187322955286e-23, nan 
40.625, 75.875, 1.9719240790471175e-23, nan 
40.875, 75.875, 2.943925424661152e-23, nan 
41.125, 75.875, 3.109873196256776e-23, nan 
41.375, 75.875, 3.4951855108285506e-23, nan 
41.625, 75.875, 1.9413039233822124e-23, nan 
41.875, 75.875, 2.331782976909892e-23, nan 
42.125, 75.875, 3.719211228170344e-23, nan 
42.375, 75.875, 6.72698644158132e-23, nan 
42.625, 75.875, 3.697944338070108e-23, nan 
42.875, 75.875, 2.3929206005482634e-23, nan 
43.125, 75.875, 2.598143672192761e-23, nan 
43.375, 75.875, 4.0885799438398223e-23, nan 
43.625, 75.875, 3.1253097832647044e-23, nan 
43.875, 75.875, 1.357159455039444e-23, nan 
44.125, 75.875, 2.041040069822398e-23, nan 
44.375, 75.875, 3.7710360082886766e-23, nan 
44.625, 75.875, 5.564303169380531e-23, nan 
44.875, 75.875, 3.1559584138107977e-23, nan 
45.125, 75.875, 2.6205405910597694e-23, nan 
45.375, 75.875, 2.5659525477542183e-23, nan 
45.625, 75.875, 3.815607789034239e-23, nan 
45.875, 75.875, 3.660400704164402e-23, nan 
46.125, 75.875, 3.025075792599225e-23, nan 
46.375, 75.875, 2.403238862035179e-23, nan 
46.625, 75.875, 1.919546985972305e-23, nan 
46.875, 75.875, 2.3890434835394123e-23, nan 
47.125, 75.875, 2.440343737769367e-23, nan 
47.375, 75.875, 2.958753857479401e-23, nan 
47.625, 75.875, 2.3598388033364637e-23, nan 
47.875, 75.875, 2.0230473058942688e-23, nan 
48.125, 75.875, 1.2947199973336213e-23, nan 
48.375, 75.875, 1.5423351927004034e-23, nan 
48.625, 75.875, 1.0036882744957869e-23, nan 
48.875, 75.875, 1.8206274998579562e-23, nan 
49.125, 75.875, 9.530809695712097e-24, nan 
49.375, 75.875, 5.384575985381561e-24, nan 
49.625, 75.875, 6.645668576476184e-24, nan 
49.875, 75.875, 2.0477847634475436e-23, nan 
50.125, 75.875, 1.4666879127772172e-23, nan 
50.375, 75.875, 1.6103723216562512e-23, nan 
50.625, 75.875, 7.431634488696189e-24, nan 
50.875, 75.875, 4.919149527760275e-24, nan 
51.125, 75.875, 2.0823740909854747e-23, nan 
51.375, 75.875, 1.1037720685107441e-23, nan 
51.625, 75.875, 1.2153349108678047e-23, nan 
51.875, 75.875, 7.751080034823873e-24, nan 
52.125, 75.875, 9.762597039640615e-24, nan 
52.375, 75.875, 1.8008054083474797e-23, nan 
52.625, 75.875, 2.2560419766937184e-23, nan 
52.875, 75.875, 1.510152790700455e-23, nan 
53.125, 75.875, 1.5741598335156e-23, nan 
53.375, 75.875, 2.1122463140808455e-23, nan 
53.625, 75.875, 1.839180008168963e-23, nan 
53.875, 75.875, 2.0230705040509318e-23, nan 
54.125, 75.875, 1.8044144575267686e-23, nan 
54.375, 75.875, 1.9334182512669827e-23, nan 
54.625, 75.875, 2.6071477132061768e-23, nan 
54.875, 75.875, 2.354123785188649e-23, nan 
55.125, 75.875, 3.4915515630127777e-23, nan 
55.375, 75.875, 3.661537443765551e-23, nan 
55.625, 75.875, 3.5556708555376994e-23, nan 
55.875, 75.875, 2.740861597357285e-23, nan 
56.125, 75.875, 1.6234003158257387e-23, nan 
56.375, 75.875, 4.6385602503569093e-23, nan 
56.625, 75.875, 4.521038569660538e-23, nan 
56.875, 75.875, 3.833655373973686e-23, nan 
57.125, 75.875, 2.8830832004354795e-23, nan 
57.375, 75.875, 1.594362488161328e-23, nan 
57.625, 75.875, 1.6039976561456495e-23, nan 
57.875, 75.875, 2.0981345189918525e-23, nan 
58.125, 75.875, 2.201577187192411e-23, nan 
58.375, 75.875, 1.6933979055616824e-23, nan 
58.625, 75.875, 1.1082697880492e-23, nan 
58.875, 75.875, 5.965352923925807e-24, nan 
59.125, 75.875, 7.277398115609316e-24, nan 
59.375, 75.875, 1.1623871552892003e-23, nan 
59.625, 75.875, 4.825473070761353e-24, nan 
59.875, 75.875, 1.1386885204565186e-23, nan 
60.125, 75.875, 1.2924674330534384e-23, nan 
60.375, 75.875, 6.5904031912350535e-24, nan 
60.625, 75.875, 6.3255946926248275e-24, nan 
60.875, 75.875, 3.969321802756692e-24, nan 
61.125, 75.875, 4.918821948604005e-24, nan 
61.375, 75.875, 3.9773637303676956e-24, nan 
61.625, 75.875, 6.210722173641184e-24, nan 
61.875, 75.875, 8.517073423421143e-24, nan 
62.125, 75.875, 9.698129565172619e-24, nan 
62.375, 75.875, 9.485775787463555e-24, nan 
62.625, 75.875, 8.055416629132476e-24, nan 
62.875, 75.875, 4.703304213174172e-24, nan 
63.125, 75.875, 7.597445257085114e-24, nan 
63.375, 75.875, 7.884912305543695e-24, nan 
63.625, 75.875, 1.0845048879455037e-23, nan 
63.875, 75.875, 9.195101720963214e-24, nan 
64.125, 75.875, 1.2719057384585929e-23, nan 
64.375, 75.875, 1.29202522677744e-23, nan 
64.625, 75.875, 2.3954187530888443e-23, nan 
64.875, 75.875, 1.6957800130898087e-23, nan 
65.125, 75.875, 1.3654519374829814e-23, nan 
65.375, 75.875, 1.84031211420697e-23, nan 
65.625, 75.875, 2.1229985384047996e-23, nan 
65.875, 75.875, 4.1668227174165825e-23, nan 
66.125, 75.875, 2.4004482687355455e-23, nan 
66.375, 75.875, 1.1152933315615079e-23, nan 
66.625, 75.875, 8.057740590124286e-24, nan 
66.875, 75.875, 1.6946012489561355e-23, nan 
67.125, 75.875, 2.8478317698442933e-23, nan 
67.375, 75.875, 1.7724812318591865e-23, nan 
67.625, 75.875, 1.0932595391637896e-23, nan 
67.875, 75.875, 8.61703311362155e-24, nan 
68.125, 75.875, 7.567360285596054e-24, nan 
68.375, 75.875, 5.549656518115999e-24, nan 
68.625, 75.875, 7.271949343795122e-24, nan 
68.875, 75.875, 6.774241502016023e-24, nan 
69.125, 75.875, 3.2973724902438214e-24, nan 
69.375, 75.875, 4.787418681503748e-24, nan 
69.625, 75.875, 5.42055542639014e-24, nan 
69.875, 75.875, 7.761855232244938e-24, nan 
70.125, 75.875, 7.602241821150993e-24, nan 
70.375, 75.875, 7.247560320051426e-24, nan 
70.625, 75.875, 6.645236436736652e-24, nan 
70.875, 75.875, 5.129034158721132e-24, nan 
71.125, 75.875, 4.887874609885054e-24, nan 
71.375, 75.875, 5.212574923924289e-24, nan 
71.625, 75.875, 5.0028557410915086e-24, nan 
71.875, 75.875, 7.269789296680052e-24, nan 
72.125, 75.875, 7.581215407952661e-24, nan 
72.375, 75.875, 1.0366610115957134e-23, nan 
72.625, 75.875, 1.1584086719719605e-23, nan 
72.875, 75.875, 1.092321751999214e-23, nan 
73.125, 75.875, 9.476623684989249e-24, nan 
73.375, 75.875, 9.350310485710376e-24, nan 
73.625, 75.875, 8.88184101488748e-24, nan 
73.875, 75.875, 8.679398656282271e-24, nan 
74.125, 75.875, 1.1958461527965742e-23, nan 
74.375, 75.875, 9.39307437191207e-24, nan 
74.625, 75.875, 1.0558033535421687e-23, nan 
74.875, 75.875, 5.021574289029877e-24, nan 
75.125, 75.875, 5.450059259774951e-24, nan 
75.375, 75.875, 5.257049212873817e-24, nan 
75.625, 75.875, 5.782477698408766e-24, nan 
75.875, 75.875, 6.556455052895612e-24, nan 
76.125, 75.875, 6.575322349526535e-24, nan 
76.375, 75.875, 7.332078854498865e-24, nan 
76.625, 75.875, 7.91510414216286e-24, nan 
76.875, 75.875, 8.398076115987925e-24, nan 
77.125, 75.875, 1.022458493440243e-23, nan 
77.375, 75.875, 8.324131740278307e-24, nan 
77.625, 75.875, 4.238974980168165e-24, nan 
77.875, 75.875, 3.2152325755896855e-24, nan 
78.125, 75.875, 5.2102960681301296e-24, nan 
78.375, 75.875, 8.911801232345613e-24, nan 
78.625, 75.875, 1.1070321059022367e-23, nan 
78.875, 75.875, 1.1009251509870301e-23, nan 
79.125, 75.875, 6.367876021763854e-24, nan 
79.375, 75.875, 6.832057452532999e-24, nan 
79.625, 75.875, 6.375294851685192e-24, nan 
79.875, 75.875, 8.27262823698364e-24, nan 
80.125, 75.875, 1.1235380515158217e-23, nan 
80.375, 75.875, 6.407664152883217e-24, nan 
80.625, 75.875, 7.261290139851201e-24, nan 
80.875, 75.875, 4.6244274930536846e-24, nan 
81.125, 75.875, 2.2253039487422517e-24, nan 
81.375, 75.875, 2.8390529882184415e-24, nan 
81.625, 75.875, 3.0754051251828812e-24, nan 
81.875, 75.875, 3.218015523493135e-24, nan 
82.125, 75.875, 2.325176519736466e-24, nan 
82.375, 75.875, 2.1145964120290337e-24, nan 
82.625, 75.875, 2.075321933235511e-24, nan 
82.875, 75.875, 2.9332306718243653e-24, nan 
83.125, 75.875, 5.665628330126283e-24, nan 
83.375, 75.875, 5.254486102646244e-24, nan 
83.625, 75.875, 3.5070854645961726e-24, nan 
83.875, 75.875, 7.874142243954522e-25, nan 
84.125, 75.875, 1.191447401100506e-24, nan 
84.375, 75.875, 1.5901885962239248e-24, nan 
84.625, 75.875, 2.9384835594486917e-24, nan 
84.875, 75.875, 1.3817570779713358e-24, nan 
85.125, 75.875, 1.029655514104334e-24, nan 
85.375, 75.875, 1.3638791330399793e-24, nan 
85.625, 75.875, 3.578330685670784e-24, nan 
85.875, 75.875, 1.7803431177066223e-24, nan 
86.125, 75.875, 2.5176805262104117e-24, nan 
86.375, 75.875, 1.7494654901471766e-24, nan 
86.625, 75.875, 2.5200784185153352e-24, nan 
86.875, 75.875, 1.737701065995236e-24, nan 
87.125, 75.875, 8.951032092846857e-25, nan 
87.375, 75.875, 1.755507088624993e-24, nan 
87.625, 75.875, 3.704418561893725e-24, nan 
87.875, 75.875, 3.894599707709151e-24, nan 
88.125, 75.875, 3.1954318774870224e-24, nan 
88.375, 75.875, 4.4582671222082974e-24, nan 
88.625, 75.875, 5.6594823284883966e-24, nan 
88.875, 75.875, 5.418041943493891e-24, nan 
89.125, 75.875, 5.479540917951913e-24, nan 
89.375, 75.875, 7.595296851921777e-24, nan 
89.625, 75.875, 4.885630431835042e-24, nan 
89.875, 75.875, 5.129935877164458e-24, nan 
90.125, 75.875, 5.350851957235597e-24, nan 
90.375, 75.875, 5.9128567855047946e-24, nan 
90.625, 75.875, 1.1463444144189574e-23, nan 
90.875, 75.875, 3.1975088701807e-24, nan 
91.125, 75.875, 1.3075949025266591e-24, nan 
91.375, 75.875, 3.853181717938234e-24, nan 
91.625, 75.875, 3.847137718676576e-24, nan 
91.875, 75.875, 4.938379578814634e-24, nan 
92.125, 75.875, 3.669918318752912e-24, nan 
92.375, 75.875, 5.515765640336194e-24, nan 
92.625, 75.875, 5.35420824466876e-24, nan 
92.875, 75.875, 3.262714881867253e-24, nan 
93.125, 75.875, 2.3530205352161207e-24, nan 
93.375, 75.875, 1.6471270168533096e-24, nan 
93.625, 75.875, 3.5029412107900904e-24, nan 
93.875, 75.875, 3.5866800986286646e-24, nan 
94.125, 75.875, 2.7141857796399374e-24, nan 
94.375, 75.875, 4.45417412215353e-24, nan 
94.625, 75.875, 4.749086362683545e-24, nan 
94.875, 75.875, 3.760613003382163e-24, nan 
95.125, 75.875, 4.162445810482849e-24, nan 
95.375, 75.875, 5.798112182584153e-24, nan 
95.625, 75.875, 4.3688721132970115e-24, nan 
95.875, 75.875, 4.30970933640519e-24, nan 
96.125, 75.875, 2.3225170317023105e-24, nan 
96.375, 75.875, 1.9465743224594618e-24, nan 
96.625, 75.875, 2.7943833097915418e-24, nan 
96.875, 75.875, 3.1277025043007994e-24, nan 
97.125, 75.875, 4.283129701586444e-24, nan 
97.375, 75.875, 4.4159821572623034e-24, nan 
97.625, 75.875, 4.740762026273068e-24, nan 
97.875, 75.875, 4.976651255394189e-24, nan 
98.125, 75.875, 3.708310323670234e-24, nan 
98.375, 75.875, 3.39632159810167e-24, nan 
98.625, 75.875, 4.4912221923782284e-24, nan 
98.875, 75.875, 4.7122845184098496e-24, nan 
99.125, 75.875, 5.32902818769191e-24, nan 
99.375, 75.875, 4.733432986361806e-24, nan 
99.625, 75.875, 7.116054388065903e-24, nan 
99.875, 75.875, 6.435614514791329e-24, nan 
100.125, 75.875, 4.697326371897259e-24, nan 
100.375, 75.875, 4.201457254906797e-24, nan 
100.625, 75.875, 3.7301389637315266e-24, nan 
100.875, 75.875, 4.422668724694661e-24, nan 
101.125, 75.875, 4.857645111878438e-24, nan 
101.375, 75.875, 3.26727317829188e-24, nan 
101.625, 75.875, 4.4188884521386466e-24, nan 
101.875, 75.875, 3.769709821935551e-24, nan 
102.125, 75.875, 1.8409139655042183e-24, nan 
102.375, 75.875, 1.1304055759866968e-24, nan 
102.625, 75.875, 1.5862908176975361e-24, nan 
102.875, 75.875, 9.577537558382668e-25, nan 
103.125, 75.875, 1.4193354466643853e-24, nan 
103.375, 75.875, 1.45820485925762e-24, nan 
103.625, 75.875, 1.994819397724777e-24, nan 
103.875, 75.875, 2.0097239678768368e-24, nan 
104.125, 75.875, 1.5979055398715104e-24, nan 
104.375, 75.875, 3.55267445049386e-24, nan 
104.625, 75.875, 1.8274346814272492e-24, nan 
104.875, 75.875, 1.0227449126416888e-24, nan 
105.125, 75.875, 1.28859320586652e-24, nan 
105.375, 75.875, 1.8587693130804058e-24, nan 
105.625, 75.875, 2.4245503454653284e-24, nan 
105.875, 75.875, 2.1736015323530448e-24, nan 
106.125, 75.875, 1.6420930970231477e-24, nan 
106.375, 75.875, 7.457034904336721e-25, nan 
106.625, 75.875, 8.500684177297489e-25, nan 
106.875, 75.875, 8.908393035020593e-25, nan 
107.125, 75.875, 8.751081877666075e-25, nan 
107.375, 75.875, 1.7122245479886333e-24, nan 
107.625, 75.875, 2.867523344287883e-24, nan 
107.875, 75.875, 2.5070360235578556e-24, nan 
108.125, 75.875, 2.2109702490365203e-24, nan 
108.375, 75.875, 9.425386571991563e-25, nan 
108.625, 75.875, 2.0998028402157836e-24, nan 
108.875, 75.875, 4.072800341369379e-24, nan 
109.125, 75.875, 3.092319043041389e-24, nan 
109.375, 75.875, 2.1363892002298104e-24, nan 
109.625, 75.875, 1.2657681452614767e-24, nan 
109.875, 75.875, 1.182411146224149e-24, nan 
110.125, 75.875, 1.8305897776150332e-24, nan 
110.375, 75.875, 1.5881384943740684e-24, nan 
110.625, 75.875, 9.832593201678169e-25, nan 
110.875, 75.875, 9.019810181940624e-25, nan 
111.125, 75.875, 9.784033268071216e-25, nan 
111.375, 75.875, 1.075947187895359e-24, nan 
111.625, 75.875, 1.885235972702028e-24, nan 
111.875, 75.875, 1.939336118398288e-24, nan 
112.125, 75.875, 7.284981276286322e-25, nan 
112.375, 75.875, 1.5445947372344764e-24, nan 
112.625, 75.875, 6.24162431385971e-25, nan 
112.875, 75.875, 1.2981543594905379e-24, nan 
113.125, 75.875, 1.333202239177659e-24, nan 
113.375, 75.875, 1.7016222837768086e-24, nan 
113.625, 75.875, 2.01166859769931e-24, nan 
113.875, 75.875, 1.2749329641850287e-24, nan 
114.125, 75.875, 1.870313277522234e-24, nan 
114.375, 75.875, 1.2027358920181962e-24, nan 
114.625, 75.875, 1.841881739318209e-24, nan 
114.875, 75.875, 1.9974017152510426e-24, nan 
115.125, 75.875, 1.8622215184568727e-24, nan 
115.375, 75.875, 3.5217454213162795e-24, nan 
115.625, 75.875, 2.3579611926241807e-24, nan 
115.875, 75.875, 1.497015754710728e-24, nan 
116.125, 75.875, 3.2962875176089272e-24, nan 
116.375, 75.875, 2.189486372428647e-24, nan 
116.625, 75.875, 2.9378041480188678e-24, nan 
116.875, 75.875, 2.4895471610178123e-24, nan 
117.125, 75.875, 3.25677771475756e-24, nan 
117.375, 75.875, 3.558717057548477e-24, nan 
117.625, 75.875, 3.162825689040425e-24, nan 
117.875, 75.875, 4.132701193281998e-24, nan 
118.125, 75.875, 3.0347622796158226e-24, nan 
118.375, 75.875, 3.417812369931527e-24, nan 
118.625, 75.875, 2.4946640188673528e-24, nan 
118.875, 75.875, 2.3849486516687102e-24, nan 
119.125, 75.875, 1.5284218254271887e-24, nan 
119.375, 75.875, 2.5361645637580097e-24, nan 
119.625, 75.875, 1.8553920077428447e-24, nan 
119.875, 75.875, 2.613469847864038e-24, nan 
120.125, 75.875, 1.0189376312337065e-24, nan 
120.375, 75.875, 9.081137486576527e-25, nan 
120.625, 75.875, 9.028746231907602e-25, nan 
167.125, 75.875, 3.916274140520058e-24, nan 
167.375, 75.875, 2.8126471023223996e-24, nan 
167.625, 75.875, 4.4190570555605345e-24, nan 
167.875, 75.875, 4.127521436432201e-24, nan 
168.125, 75.875, 3.281213578697855e-24, nan 
168.375, 75.875, 2.9416059870182875e-24, nan 
168.625, 75.875, 2.027602128158853e-24, nan 
168.875, 75.875, 1.2759061901549144e-24, nan 
169.125, 75.875, 1.108071022772031e-24, nan 
169.375, 75.875, 1.4025614217649227e-24, nan 
169.625, 75.875, 1.5226110618363386e-24, nan 
169.875, 75.875, 1.5670410418843213e-24, nan 
170.125, 75.875, 1.1934226549324462e-24, nan 
170.375, 75.875, 8.210663604482774e-25, nan 
170.625, 75.875, 1.907678709229596e-24, nan 
170.875, 75.875, 2.6544470830188184e-24, nan 
171.125, 75.875, 3.028713429172436e-24, nan 
171.375, 75.875, 2.7580740066782723e-24, nan 
171.625, 75.875, 1.1365577038604068e-24, nan 
171.875, 75.875, 9.231852302599421e-25, nan 
172.125, 75.875, 1.5852211088889237e-24, nan 
172.375, 75.875, 2.3032417548202225e-24, nan 
172.625, 75.875, 1.733497184404974e-24, nan 
172.875, 75.875, 1.2343498554883937e-24, nan 
173.125, 75.875, 1.518618820948296e-24, nan 
173.375, 75.875, 1.6740257653730455e-24, nan 
173.625, 75.875, 1.5108850763710577e-24, nan 
173.875, 75.875, 3.078688991690372e-24, nan 
174.125, 75.875, 3.915397813896763e-24, nan 
174.375, 75.875, 3.2022365512974725e-24, nan 
174.625, 75.875, 3.6368465463996844e-24, nan 
174.875, 75.875, 4.064984282418047e-24, nan 
175.125, 75.875, 4.6470235333835e-24, nan 
175.375, 75.875, 4.939116581011039e-24, nan 
175.625, 75.875, 4.050229241920018e-24, nan 
175.875, 75.875, 4.53491680204998e-24, nan 
176.125, 75.875, 4.690963732788262e-24, nan 
176.375, 75.875, 3.605446674244734e-24, nan 
176.625, 75.875, 2.61782762887545e-24, nan 
176.875, 75.875, 1.801409228875022e-24, nan 
177.125, 75.875, 2.824544096718108e-24, nan 
177.375, 75.875, 3.667241487029067e-24, nan 
177.625, 75.875, 3.879918666312211e-24, nan 
177.875, 75.875, 3.4967660433390035e-24, nan 
178.125, 75.875, 2.7969896635093967e-24, nan 
178.375, 75.875, 4.999237635439406e-24, nan 
178.625, 75.875, 5.179499677326212e-24, nan 
178.875, 75.875, 8.306619441626328e-24, nan 
179.125, 75.875, 8.127210920167016e-24, nan 
179.375, 75.875, 5.0338079542475216e-24, nan 
179.625, 75.875, 4.631763377294326e-24, nan 
179.875, 75.875, 4.959081970046057e-24, nan 
-179.875, 76.125, 6.35442164795688e-24, nan 
-179.625, 76.125, 5.841182341450422e-24, nan 
-179.375, 76.125, 6.0698430084820054e-24, nan 
-179.125, 76.125, 4.250050086031199e-24, nan 
-178.875, 76.125, 5.2648043365151706e-24, nan 
-178.625, 76.125, 7.637698977358479e-24, nan 
-178.375, 76.125, 6.5208040143319395e-24, nan 
-178.125, 76.125, 7.49415058454239e-24, nan 
-177.875, 76.125, 3.584035075672142e-24, nan 
-177.625, 76.125, 2.4238928887676942e-24, nan 
-177.375, 76.125, 3.27161796685658e-24, nan 
-177.125, 76.125, 2.7593906889627745e-24, nan 
-176.875, 76.125, 4.3882173037828146e-24, nan 
-176.625, 76.125, 2.4382546895338887e-24, nan 
-176.375, 76.125, 2.6948248706523195e-24, nan 
-176.125, 76.125, 2.089894276287159e-24, nan 
-175.875, 76.125, 1.7097792234657097e-24, nan 
-175.625, 76.125, 1.0004068710263972e-24, nan 
-175.375, 76.125, 1.5402499038416143e-24, nan 
-175.125, 76.125, 1.967051379029726e-24, nan 
-174.875, 76.125, 2.487178626948535e-24, nan 
-174.625, 76.125, 2.026079477030597e-24, nan 
-174.375, 76.125, 1.6286219589057151e-24, nan 
-174.125, 76.125, 1.1751277216811569e-24, nan 
-173.875, 76.125, 2.107283685064222e-24, nan 
-173.625, 76.125, 2.193225500199157e-24, nan 
-173.375, 76.125, 3.052702980245873e-24, nan 
-173.125, 76.125, 4.7739515349241545e-24, nan 
-172.875, 76.125, 3.260270295351338e-24, nan 
-172.625, 76.125, 6.1962760037442804e-24, nan 
-172.375, 76.125, 4.1683805784805456e-24, nan 
-172.125, 76.125, 3.486740769393877e-24, nan 
-171.875, 76.125, 4.738264983591802e-24, nan 
-171.625, 76.125, 2.5599101796208278e-24, nan 
-171.375, 76.125, 2.527428460862661e-24, nan 
-171.125, 76.125, 4.9631843661433065e-24, nan 
-170.875, 76.125, 4.957727383529972e-24, nan 
-170.625, 76.125, 4.230059903227025e-24, nan 
-170.375, 76.125, 4.980417069273261e-24, nan 
-170.125, 76.125, 6.262322539564491e-24, nan 
-169.875, 76.125, 7.11484948192971e-24, nan 
-169.625, 76.125, 6.77648804782683e-24, nan 
-169.375, 76.125, 6.755419725953775e-24, nan 
-169.125, 76.125, 6.78778507477843e-24, nan 
-168.875, 76.125, 4.967783283110223e-24, nan 
-168.625, 76.125, 3.3385217299898496e-24, nan 
-168.375, 76.125, 3.993498476941396e-24, nan 
-168.125, 76.125, 3.937355053166067e-24, nan 
-167.875, 76.125, 5.6225139662935814e-24, nan 
-167.625, 76.125, 8.28633155991772e-24, nan 
-167.375, 76.125, 6.620700904443601e-24, nan 
-167.125, 76.125, 5.006765542705874e-24, nan 
-166.875, 76.125, 6.118442924945353e-24, nan 
-166.625, 76.125, 6.14656044403001e-24, nan 
-166.375, 76.125, 4.425438602350703e-24, nan 
-166.125, 76.125, 4.535525663826144e-24, nan 
-165.875, 76.125, 5.5009110759729095e-24, nan 
-165.625, 76.125, 6.474917941718876e-24, nan 
-165.375, 76.125, 5.276817437221649e-24, nan 
-165.125, 76.125, 4.794618238904208e-24, nan 
-164.875, 76.125, 4.415203391737868e-24, nan 
-164.625, 76.125, 5.06074856085963e-24, nan 
-164.375, 76.125, 6.116446789580053e-24, nan 
-164.125, 76.125, 5.73245128784289e-24, nan 
-163.875, 76.125, 5.3170612023624494e-24, nan 
-163.625, 76.125, 4.712654085142734e-24, nan 
-163.375, 76.125, 5.0067305157465985e-24, nan 
-163.125, 76.125, 6.836677515215096e-24, nan 
-162.875, 76.125, 6.562044234573437e-24, nan 
-162.625, 76.125, 6.671902447540548e-24, nan 
-162.375, 76.125, 5.8538502859220645e-24, nan 
-162.125, 76.125, 3.5843911857391085e-24, nan 
-161.875, 76.125, 2.5027065735507192e-24, nan 
-161.625, 76.125, 2.6929200402756456e-24, nan 
-161.375, 76.125, 3.040330266662279e-24, nan 
-161.125, 76.125, 2.7699840814314695e-24, nan 
-160.875, 76.125, 3.9346051877399445e-24, nan 
-160.625, 76.125, 3.665566942295912e-24, nan 
-160.375, 76.125, 3.916618152838756e-24, nan 
-160.125, 76.125, 4.218855379955526e-24, nan 
-159.875, 76.125, 3.7210619898021064e-24, nan 
-159.625, 76.125, 3.5363223610192556e-24, nan 
-159.375, 76.125, 3.780860308796448e-24, nan 
-159.125, 76.125, 3.709476721567226e-24, nan 
-158.875, 76.125, 5.4765900425425735e-24, nan 
-158.625, 76.125, 6.099684480566958e-24, nan 
-158.375, 76.125, 1.1564199164301527e-23, nan 
-158.125, 76.125, 1.3972307520006078e-23, nan 
-157.875, 76.125, 1.0807437091313925e-23, nan 
-157.625, 76.125, 1.09946601866569e-23, nan 
-157.375, 76.125, 1.2221442060955207e-23, nan 
-157.125, 76.125, 1.8737221098350813e-23, nan 
-156.875, 76.125, 1.7170997211608865e-23, nan 
-156.625, 76.125, 1.1337058088288146e-23, nan 
-156.375, 76.125, 1.2095752558067103e-23, nan 
-156.125, 76.125, 9.782405826110273e-24, nan 
-155.875, 76.125, 8.143908518353581e-24, nan 
-155.625, 76.125, 3.780908410414723e-24, nan 
-155.375, 76.125, 6.897397689679158e-24, nan 
-155.125, 76.125, 9.742002375233349e-24, nan 
-154.875, 76.125, 1.0982671942921212e-23, nan 
-154.625, 76.125, 1.2156069996005563e-23, nan 
-154.375, 76.125, 9.99769635790329e-24, nan 
-154.125, 76.125, 1.0107464792195708e-23, nan 
-153.875, 76.125, 1.1664667864012138e-23, nan 
-153.625, 76.125, 1.7845227618235793e-23, nan 
-153.375, 76.125, 1.7447462219022595e-23, nan 
-153.125, 76.125, 1.1312636918889845e-23, nan 
-152.875, 76.125, 8.671387030146643e-24, nan 
-152.625, 76.125, 2.1565488708404043e-23, nan 
-152.375, 76.125, 1.9998958210853007e-23, nan 
-152.125, 76.125, 1.812072041556758e-23, nan 
-151.875, 76.125, 2.044642527479758e-23, nan 
-151.625, 76.125, 1.685178505062675e-23, nan 
-151.375, 76.125, 8.989030286478191e-24, nan 
-151.125, 76.125, 1.1212540509916253e-23, nan 
-150.875, 76.125, 1.017817087277219e-23, nan 
-150.625, 76.125, 1.050661112024741e-23, nan 
-150.375, 76.125, 9.512032244202581e-24, nan 
-150.125, 76.125, 7.263019421042757e-24, nan 
-149.875, 76.125, 1.2813745291615677e-23, nan 
-149.625, 76.125, 1.1861066828784726e-23, nan 
-149.375, 76.125, 4.849022243145464e-24, nan 
-149.125, 76.125, 3.03769844978322e-24, nan 
-148.875, 76.125, 6.98322472188334e-24, nan 
-148.625, 76.125, 6.420127913177318e-24, nan 
-148.375, 76.125, 5.872868380661034e-24, nan 
-148.125, 76.125, 2.9995222874536667e-24, nan 
-147.875, 76.125, 5.628266499929095e-24, nan 
-147.625, 76.125, 1.0378385035697583e-23, nan 
-147.375, 76.125, 8.66118180796503e-24, nan 
-147.125, 76.125, 1.1821496810037129e-23, nan 
-146.875, 76.125, 8.257319709036672e-24, nan 
-146.625, 76.125, 1.5170654981414756e-23, nan 
-146.375, 76.125, 1.3158791712290237e-23, nan 
-146.125, 76.125, 1.02016583409219e-23, nan 
-145.875, 76.125, 1.0472543488636246e-23, nan 
-145.625, 76.125, 8.860837153663316e-24, nan 
-145.375, 76.125, 1.0900804016456612e-23, nan 
-145.125, 76.125, 5.4430983489380195e-24, nan 
-144.875, 76.125, 4.8774638669593686e-24, nan 
-144.625, 76.125, 4.283111900292914e-24, nan 
-144.375, 76.125, 1.0794235634401223e-23, nan 
-144.125, 76.125, 8.81857927841417e-24, nan 
-143.875, 76.125, 1.2476162103052119e-23, nan 
-143.625, 76.125, 6.980227849075903e-24, nan 
-143.375, 76.125, 6.89543754806052e-24, nan 
-143.125, 76.125, 1.0750587311454457e-23, nan 
-142.875, 76.125, 7.967204371228755e-24, nan 
-142.625, 76.125, 8.453671359525602e-24, nan 
-142.375, 76.125, 7.892407383035354e-24, nan 
-142.125, 76.125, 5.483408049679876e-24, nan 
-141.875, 76.125, 1.0406572130065654e-23, nan 
-141.625, 76.125, 1.0420748692314609e-23, nan 
-141.375, 76.125, 1.2698730920405951e-23, nan 
-141.125, 76.125, 1.0346563049749062e-23, nan 
-140.875, 76.125, 1.3068998215678281e-23, nan 
-140.625, 76.125, 1.3218762200047375e-23, nan 
-140.375, 76.125, 1.7107606094214975e-23, nan 
-140.125, 76.125, 1.1722799279201921e-23, nan 
-139.875, 76.125, 1.3004015698949542e-23, nan 
-139.625, 76.125, 1.1026171904228166e-23, nan 
-139.375, 76.125, 4.680187911750795e-24, nan 
-139.125, 76.125, 7.274953247515789e-24, nan 
-138.875, 76.125, 8.70243182256257e-24, nan 
-138.625, 76.125, 1.1450705043568588e-23, nan 
-138.375, 76.125, 7.983092821220922e-24, nan 
-138.125, 76.125, 7.274188179339372e-24, nan 
-137.875, 76.125, 7.176214916819459e-24, nan 
-137.625, 76.125, 4.712456087946486e-24, nan 
-137.375, 76.125, 6.009867593165934e-24, nan 
-137.125, 76.125, 2.295599353575922e-24, nan 
-136.875, 76.125, 5.401221795121307e-24, nan 
-136.625, 76.125, 6.0447709646042925e-24, nan 
-136.375, 76.125, 1.4657849970457694e-23, nan 
-136.125, 76.125, 1.8321349233460986e-23, nan 
-135.875, 76.125, 1.801154980666258e-23, nan 
-135.625, 76.125, 2.9225892329515646e-23, nan 
-135.375, 76.125, 2.805969989768602e-23, nan 
-135.125, 76.125, 2.1541866879918838e-23, nan 
-134.875, 76.125, 2.2841148476704102e-23, nan 
-134.625, 76.125, 2.920729204753591e-23, nan 
-134.375, 76.125, 2.5829157997598033e-23, nan 
-134.125, 76.125, 3.254931959031107e-23, nan 
-133.875, 76.125, 3.5904412165129985e-23, nan 
-133.625, 76.125, 3.390774636055865e-23, nan 
-133.375, 76.125, 3.755102039790675e-23, nan 
-133.125, 76.125, 3.539146724854237e-23, nan 
-132.875, 76.125, 4.475211542767811e-23, nan 
-132.625, 76.125, 4.943501228462469e-23, nan 
-132.375, 76.125, 4.3100350166689113e-23, nan 
-132.125, 76.125, 2.765915305681611e-23, nan 
-131.875, 76.125, 2.0688687911939843e-23, nan 
-131.625, 76.125, 2.6121368854572055e-23, nan 
-131.375, 76.125, 3.242621590497885e-23, nan 
-131.125, 76.125, 2.940680463192762e-23, nan 
-130.875, 76.125, 2.208304551725636e-23, nan 
-130.625, 76.125, 6.25644606391015e-24, nan 
-130.375, 76.125, 9.793080517017026e-24, nan 
-130.125, 76.125, 6.885276703481239e-24, nan 
-129.875, 76.125, 2.057142847406903e-23, nan 
-129.625, 76.125, 2.4185556883287368e-23, nan 
-129.375, 76.125, 3.219703393663016e-23, nan 
-129.125, 76.125, 3.151752311891612e-23, nan 
-128.875, 76.125, 4.855611990461372e-23, nan 
-128.625, 76.125, 5.890040316501788e-23, nan 
-128.375, 76.125, 6.09521128901977e-23, nan 
-128.125, 76.125, 5.474677418484676e-23, nan 
-127.875, 76.125, 4.3739582596314103e-23, nan 
-127.625, 76.125, 3.747767393697978e-23, nan 
-127.375, 76.125, 3.337499223551183e-23, nan 
-127.125, 76.125, 4.0828463755941327e-23, nan 
-126.875, 76.125, 4.203411131485918e-23, nan 
-126.625, 76.125, 2.919178508972837e-23, nan 
-126.375, 76.125, 2.1030194165501278e-23, nan 
-126.125, 76.125, 2.895163687421961e-24, nan 
-125.875, 76.125, 8.358387381325846e-24, nan 
-125.625, 76.125, 1.2487579174060374e-23, nan 
-125.375, 76.125, 1.1977253277270941e-23, nan 
-125.125, 76.125, 1.2211211233863366e-23, nan 
-124.875, 76.125, 1.2467219069810473e-23, nan 
-124.625, 76.125, 1.0278720161291546e-23, nan 
-124.375, 76.125, 9.23852713306319e-24, nan 
-124.125, 76.125, 1.797379183443721e-23, nan 
-123.875, 76.125, 1.5844916012701576e-23, nan 
-123.625, 76.125, 9.721772412956102e-24, nan 
-123.375, 76.125, 8.496568444678777e-24, nan 
-123.125, 76.125, 7.321412364881408e-24, nan 
-122.875, 76.125, 1.2082358783454158e-23, nan 
-122.625, 76.125, 1.3092842769240083e-23, nan 
-122.375, 76.125, 1.556919926680173e-23, nan 
-122.125, 76.125, 1.9738762195714076e-23, nan 
-121.875, 76.125, 1.662187649452033e-23, nan 
-121.625, 76.125, 1.235390544310772e-23, nan 
-121.375, 76.125, 1.6350339548480838e-23, nan 
-121.125, 76.125, 1.1333529958329464e-23, nan 
-120.875, 76.125, 8.789777124158419e-24, nan 
-120.625, 76.125, 9.829669333819599e-24, nan 
-120.375, 76.125, 1.2032910946435683e-23, nan 
-120.125, 76.125, 1.3763477698635115e-23, nan 
-119.875, 76.125, 1.556125859037208e-23, nan 
-119.625, 76.125, 1.7922026805809162e-23, nan 
-119.375, 76.125, 1.3007818863048085e-23, nan 
-119.125, 76.125, 1.6364240718972015e-23, nan 
-118.875, 76.125, 1.8377906848857603e-23, nan 
-118.625, 76.125, 1.5588471195684452e-23, nan 
-118.375, 76.125, 2.0878309293202563e-23, nan 
-118.125, 76.125, 1.5933842980495446e-23, nan 
-117.875, 76.125, 1.56029923529362e-23, nan 
-117.625, 76.125, 1.2952240697558818e-23, nan 
-117.375, 76.125, 1.9422592957281295e-23, nan 
-117.125, 76.125, 2.1446769298654216e-23, nan 
-116.875, 76.125, 1.8316332830338518e-23, nan 
-116.625, 76.125, 1.8193187497499432e-23, nan 
-116.375, 76.125, 2.6179185163291125e-23, nan 
-116.125, 76.125, 2.5847756575022262e-23, nan 
-115.875, 76.125, 3.417680255809213e-23, nan 
-115.625, 76.125, 4.7718823506085185e-23, nan 
-115.375, 76.125, 5.608683849751787e-23, nan 
-115.125, 76.125, 5.03233406531194e-23, nan 
-114.875, 76.125, 4.940753743081451e-23, nan 
-114.625, 76.125, 6.338633739182478e-23, nan 
-114.375, 76.125, 8.423398980559064e-23, nan 
-114.125, 76.125, 9.551013832638373e-23, nan 
-113.875, 76.125, 6.408028890662956e-23, nan 
-113.625, 76.125, 4.614239765022981e-23, nan 
-113.375, 76.125, 4.7266372392280344e-23, nan 
-113.125, 76.125, 6.626681998566987e-23, nan 
-112.875, 76.125, 7.46655292345842e-23, nan 
-112.625, 76.125, 5.773798516972123e-23, nan 
-112.375, 76.125, 4.0275300484264984e-23, nan 
-112.125, 76.125, 6.631982436492836e-23, nan 
-111.875, 76.125, 7.491262520443359e-23, nan 
-111.625, 76.125, 8.672758493590427e-23, nan 
-111.375, 76.125, 9.701523948332428e-23, nan 
-111.125, 76.125, 8.264182710108854e-23, nan 
-110.875, 76.125, 7.659733321601055e-23, nan 
-110.625, 76.125, 7.198444530066133e-23, nan 
-110.375, 76.125, 7.024163824329537e-23, nan 
-110.125, 76.125, 4.947560387314979e-23, nan 
-109.875, 76.125, 2.0218809177495818e-23, nan 
-109.625, 76.125, 1.6446401650144343e-23, nan 
-109.375, 76.125, 1.4017986791493382e-23, nan 
-109.125, 76.125, 1.6835598608636375e-23, nan 
-108.875, 76.125, 1.8359199958855484e-23, nan 
-108.625, 76.125, 1.2404183875644608e-23, nan 
-108.375, 76.125, 9.582692993896406e-24, nan 
-108.125, 76.125, 1.3826456936825663e-23, nan 
-107.875, 76.125, 1.0673961505885138e-23, nan 
-107.625, 76.125, 5.019573944894694e-24, nan 
-107.375, 76.125, 6.4871997683322524e-24, nan 
-107.125, 76.125, 1.9725145392176772e-23, nan 
-106.875, 76.125, 3.035579356773656e-23, nan 
-106.625, 76.125, 2.768408885743635e-23, nan 
-106.375, 76.125, 1.519780645384646e-23, nan 
-106.125, 76.125, 1.1792300573687428e-23, nan 
-105.875, 76.125, 1.5759419266118397e-23, nan 
-105.625, 76.125, 2.777090945115418e-23, nan 
-105.375, 76.125, 2.5601674991258932e-23, nan 
-105.125, 76.125, 3.3907581668529176e-23, nan 
-104.875, 76.125, 3.071915743181282e-23, nan 
-104.625, 76.125, 2.0800612071132035e-23, nan 
-104.375, 76.125, 2.4412332812654164e-23, nan 
-104.125, 76.125, 1.7908977885137008e-23, nan 
-103.875, 76.125, 4.006581107714758e-23, nan 
-103.625, 76.125, 5.0189447987358824e-23, nan 
-103.375, 76.125, 3.49834718230287e-23, nan 
-103.125, 76.125, 2.73932385788266e-23, nan 
-102.875, 76.125, 3.2554787020202265e-23, nan 
-102.625, 76.125, 4.9298011860561757e-23, nan 
-102.375, 76.125, 5.761947442365864e-23, nan 
-102.125, 76.125, 3.1880957199727206e-23, nan 
-101.875, 76.125, 3.1137276806963844e-23, nan 
-101.625, 76.125, 3.142580564850065e-23, nan 
-101.375, 76.125, 3.727368937128933e-23, nan 
-101.125, 76.125, 4.4120580401587776e-23, nan 
-100.875, 76.125, 4.8459684883605506e-23, nan 
-100.625, 76.125, 3.4345907502352604e-23, nan 
-100.375, 76.125, 2.0919544968392436e-23, nan 
-100.125, 76.125, 2.4382031865045137e-23, nan 
-99.875, 76.125, 2.4352622174951066e-23, nan 
-99.625, 76.125, 3.457052977318942e-23, nan 
-99.375, 76.125, 1.751174981059164e-23, nan 
-99.125, 76.125, 1.6466723405935622e-23, nan 
-98.875, 76.125, 2.3869067840163843e-23, nan 
-98.625, 76.125, 2.2025414100642612e-23, nan 
-98.375, 76.125, 2.0795020710081614e-23, nan 
-98.125, 76.125, 2.126146646489237e-23, nan 
-97.875, 76.125, 1.6103679497802872e-23, nan 
-97.625, 76.125, 1.584451315075805e-23, nan 
-97.375, 76.125, 1.7820573949367303e-23, nan 
-97.125, 76.125, 1.247064526492584e-23, nan 
-96.875, 76.125, 9.948977293123892e-24, nan 
-96.625, 76.125, 5.796130659562272e-24, nan 
-96.375, 76.125, 9.141213786543809e-24, nan 
-96.125, 76.125, 1.456843195605977e-23, nan 
-95.875, 76.125, 8.090181454896525e-24, nan 
-95.625, 76.125, 1.9968173479203404e-23, nan 
-95.375, 76.125, 1.2525323681440406e-23, nan 
-95.125, 76.125, 4.524331239543474e-23, nan 
-94.875, 76.125, 3.001327177890895e-23, nan 
-94.625, 76.125, 2.8860600460715355e-23, nan 
-94.375, 76.125, 3.878232283900878e-23, nan 
-94.125, 76.125, 3.772573227909259e-23, nan 
-93.875, 76.125, 4.35699974074399e-23, nan 
-93.625, 76.125, 3.373426111493278e-23, nan 
-93.375, 76.125, 3.1078441771391814e-23, nan 
-93.125, 76.125, 3.693390945792362e-23, nan 
-92.875, 76.125, 4.400903211416806e-23, nan 
-92.625, 76.125, 4.7709713324099727e-23, nan 
-92.375, 76.125, 7.096736932890502e-23, nan 
-92.125, 76.125, 9.730360127790274e-23, nan 
-91.875, 76.125, 1.2592737553533126e-22, nan 
-91.625, 76.125, 1.755021755812674e-22, nan 
-91.375, 76.125, 2.1310385573490354e-22, nan 
-91.125, 76.125, 1.7515664225214905e-22, nan 
-90.875, 76.125, 1.627297786039443e-22, nan 
-90.625, 76.125, 2.040836356602165e-22, nan 
-90.375, 76.125, 2.8880053862195655e-22, nan 
-90.125, 76.125, 3.622150583538585e-22, nan 
-89.875, 76.125, 2.6665092360986195e-22, nan 
-89.625, 76.125, 1.4323234237699606e-22, nan 
-89.375, 76.125, 2.650810781220243e-22, nan 
-89.125, 76.125, 3.2160718530232673e-22, nan 
-88.875, 76.125, 3.854815558117791e-22, nan 
-88.625, 76.125, 3.9842073664560575e-22, nan 
-88.375, 76.125, 2.864154663186242e-22, nan 
-88.125, 76.125, 1.9644681524843578e-22, nan 
-87.875, 76.125, 2.216015521734115e-22, nan 
-87.625, 76.125, 2.624349442620994e-22, nan 
-87.375, 76.125, 2.4412220280734466e-22, nan 
-87.125, 76.125, 1.5979002684258553e-22, nan 
-86.875, 76.125, 8.700004097281971e-23, nan 
-86.625, 76.125, 4.3629885884945345e-23, nan 
-86.375, 76.125, 4.197932046905887e-23, nan 
-86.125, 76.125, 4.088566713135736e-23, nan 
-85.875, 76.125, 6.26190748954327e-23, nan 
-85.625, 76.125, 8.076027411292423e-23, nan 
-85.375, 76.125, 9.735517197429672e-23, nan 
-85.125, 76.125, 7.273718373308189e-23, nan 
-84.875, 76.125, 7.097160394380547e-23, nan 
-84.625, 76.125, 7.25032305898589e-23, nan 
-84.375, 76.125, 9.647623527526984e-23, nan 
-84.125, 76.125, 1.158091206608221e-22, nan 
-83.875, 76.125, 8.79225262085095e-23, nan 
-83.625, 76.125, 8.44710725946938e-23, nan 
-83.375, 76.125, 7.857368041633323e-23, nan 
-83.125, 76.125, 5.922280525222971e-23, nan 
-82.875, 76.125, 8.810163264161982e-23, nan 
-82.625, 76.125, 8.616069510944861e-23, nan 
-82.375, 76.125, 1.0225009762464006e-22, nan 
-82.125, 76.125, 9.43693256483747e-23, nan 
-81.875, 76.125, 1.0769223916822222e-22, nan 
-81.625, 76.125, 1.090022496462279e-22, nan 
-81.375, 76.125, 8.670767935529414e-23, nan 
-81.125, 76.125, 5.784557278049704e-23, nan 
-80.875, 76.125, 1.383175326050874e-22, nan 
-80.625, 76.125, 1.716612583706235e-22, nan 
-80.375, 76.125, 1.6667782532448475e-22, nan 
-80.125, 76.125, 1.4660478456073793e-22, nan 
-79.875, 76.125, 1.119339993266618e-22, nan 
-79.625, 76.125, 1.193059470820556e-22, nan 
-79.375, 76.125, 1.583017735278112e-22, nan 
-79.125, 76.125, 1.75598469052686e-22, nan 
-78.875, 76.125, 1.5067133224075908e-22, nan 
-78.625, 76.125, 1.173150749898351e-22, nan 
-78.375, 76.125, 9.082948621925063e-23, nan 
-78.125, 76.125, 7.16400883687939e-23, nan 
-77.875, 76.125, 8.327093461731983e-23, nan 
-77.625, 76.125, 8.148253640003645e-23, nan 
-77.375, 76.125, 1.0707766364514836e-22, nan 
-77.125, 76.125, 1.5044429216091037e-22, nan 
-76.875, 76.125, 1.2713712995782663e-22, nan 
-76.625, 76.125, 1.579752350411478e-22, nan 
-76.375, 76.125, 3.1447079446311593e-22, nan 
-76.125, 76.125, 1.1090400902203267e-22, nan 
-75.875, 76.125, 1.7577995787516412e-22, nan 
-75.625, 76.125, 1.9816551611948334e-22, nan 
-75.375, 76.125, 2.5265400030206334e-22, nan 
-75.125, 76.125, 6.679228565639345e-22, nan 
-74.875, 76.125, 2.476768746053725e-22, nan 
-74.625, 76.125, 4.425791732822045e-22, nan 
-74.375, 76.125, 3.3144842278377646e-22, nan 
-74.125, 76.125, 5.081043355790589e-22, nan 
-73.875, 76.125, 5.15141919967729e-22, nan 
-73.625, 76.125, 3.623999455942624e-22, nan 
-73.375, 76.125, 4.6013613059459965e-22, nan 
-73.125, 76.125, 4.251043099749585e-22, nan 
-72.875, 76.125, 5.676752674033047e-22, nan 
-72.625, 76.125, 4.5493293552779365e-22, nan 
-72.375, 76.125, 4.3511061718343475e-22, nan 
-72.125, 76.125, 4.189517863084598e-22, nan 
-71.875, 76.125, 4.0874666584485587e-22, nan 
-71.625, 76.125, 4.602214584690369e-22, nan 
-71.375, 76.125, 4.721016740355713e-22, nan 
-71.125, 76.125, 4.42562922939974e-22, nan 
-70.875, 76.125, 3.8674068281055565e-22, nan 
-70.625, 76.125, 3.402422270358092e-22, nan 
-70.375, 76.125, 3.185899947749327e-22, nan 
-70.125, 76.125, 4.484745566062871e-22, nan 
-69.875, 76.125, 3.927949595513383e-22, nan 
-69.625, 76.125, 1.5814984068231645e-22, nan 
-69.375, 76.125, 6.39237623907336e-23, nan 
-69.125, 76.125, 1.0796286884693327e-22, nan 
-68.875, 76.125, 8.275383837347226e-23, nan 
-68.625, 76.125, 1.9619847972596248e-22, nan 
-68.375, 76.125, 3.879421467753233e-22, nan 
-68.125, 76.125, 4.550530139112267e-22, nan 
-67.875, 76.125, 4.218199748475386e-22, nan 
-67.625, 76.125, 5.416798806732047e-22, nan 
-67.375, 76.125, 6.626060908872659e-22, nan 
-67.125, 76.125, 6.463180731271718e-22, nan 
-66.875, 76.125, 5.808307030660716e-22, nan 
-66.625, 76.125, 6.886401896123272e-22, nan 
-66.375, 76.125, 1.2308886412690638e-21, nan 
-66.125, 76.125, 1.1793326510740649e-21, nan 
-65.875, 76.125, 1.7309908180799505e-21, nan 
-65.625, 76.125, 1.8801945358550314e-21, nan 
-65.375, 76.125, 2.1574099721637597e-21, nan 
-65.125, 76.125, 2.4811999968084006e-21, nan 
-64.875, 76.125, 2.3860116057237315e-21, nan 
-64.625, 76.125, 2.601069269380345e-21, nan 
-64.375, 76.125, 1.9453036873827223e-21, nan 
-64.125, 76.125, 2.453731765008723e-21, nan 
-63.875, 76.125, 2.0762469500884762e-21, nan 
-63.625, 76.125, 2.184367620374849e-21, nan 
-63.375, 76.125, 2.1912873063757262e-21, nan 
-63.125, 76.125, 2.473890553225636e-21, nan 
-62.875, 76.125, 2.3721040404296397e-21, nan 
-62.625, 76.125, 2.3345978332492817e-21, nan 
-62.375, 76.125, 2.310616440265289e-21, nan 
-62.125, 76.125, 2.327590447440218e-21, nan 
-61.875, 76.125, 2.6384684379810544e-21, nan 
-61.625, 76.125, 2.478320293885606e-21, nan 
-61.375, 76.125, 2.5068571743453203e-21, nan 
-61.125, 76.125, 1.9975018395521444e-21, nan 
-60.875, 76.125, 1.714643724802101e-21, nan 
-60.625, 76.125, 1.0306707401066633e-21, nan 
-60.375, 76.125, 1.3231107047979434e-21, nan 
-60.125, 76.125, 1.480436024507042e-21, nan 
-59.875, 76.125, 1.863539481666259e-21, nan 
-59.625, 76.125, 1.9913552521781255e-21, nan 
-59.375, 76.125, 2.2845238123121673e-21, nan 
-59.125, 76.125, 2.092162864678684e-21, nan 
-58.875, 76.125, 2.432602445576826e-21, nan 
-58.625, 76.125, 2.2591268095408407e-21, nan 
-58.375, 76.125, 2.580400849963131e-21, nan 
-58.125, 76.125, 2.804474906117863e-21, nan 
-57.875, 76.125, 2.668430973950945e-21, nan 
-57.625, 76.125, 2.348100921001654e-21, nan 
-57.375, 76.125, 2.8005995449970575e-21, nan 
-57.125, 76.125, 3.1045749125916765e-21, nan 
-56.875, 76.125, 3.3740943206282116e-21, nan 
-56.625, 76.125, 3.59002347238795e-21, nan 
-56.375, 76.125, 4.6579317061514435e-21, nan 
-56.125, 76.125, 4.325846578512674e-21, nan 
-55.875, 76.125, 4.051476129416422e-21, nan 
-55.625, 76.125, 2.7423507901544128e-21, nan 
-55.375, 76.125, 2.9996245861155675e-20, nan 
-55.125, 76.125, 2.706909087724294e-20, nan 
-54.875, 76.125, 2.0252833817163282e-20, nan 
-54.625, 76.125, 1.145906593592926e-20, nan 
-54.375, 76.125, 8.886400986616115e-21, nan 
-54.125, 76.125, 5.3496046582515255e-21, nan 
-53.875, 76.125, 1.0006753569780962e-20, nan 
-53.625, 76.125, 1.6651860947622505e-20, nan 
-53.375, 76.125, 9.001024424214865e-21, nan 
-53.125, 76.125, 6.249096486044876e-21, nan 
-52.875, 76.125, 3.2207993904655164e-21, nan 
-52.625, 76.125, 9.544859764635132e-21, nan 
-52.375, 76.125, 1.5809674854590943e-20, nan 
-52.125, 76.125, 9.216831216464717e-21, nan 
-51.875, 76.125, 7.570906272672052e-21, nan 
-51.625, 76.125, 7.645349007968115e-21, nan 
-51.375, 76.125, 6.52467677802237e-21, nan 
-51.125, 76.125, 1.1055455534746636e-20, nan 
-50.875, 76.125, 9.57845608074824e-21, nan 
-50.625, 76.125, 9.07420230066025e-21, nan 
-50.375, 76.125, 1.1418678551580483e-20, nan 
-50.125, 76.125, 9.887137880156855e-21, nan 
-49.875, 76.125, 1.386812245399881e-20, nan 
-49.625, 76.125, 1.4824229799698823e-20, nan 
-49.375, 76.125, 1.6013589689568152e-20, nan 
-49.125, 76.125, 1.9778976748778084e-20, nan 
-48.875, 76.125, 2.647075057682895e-20, nan 
-48.625, 76.125, 2.760638602813813e-20, nan 
-48.375, 76.125, 2.7700507923309436e-20, nan 
-48.125, 76.125, 2.2074334792429505e-20, nan 
-47.875, 76.125, 2.4459205796677908e-20, nan 
-47.625, 76.125, 3.252406354107103e-20, nan 
-47.375, 76.125, 3.8966773807104e-20, nan 
-47.125, 76.125, 3.759651305931074e-20, nan 
-46.875, 76.125, 2.087751950065535e-20, nan 
-46.625, 76.125, 2.0964429815613333e-20, nan 
-46.375, 76.125, 2.345370764212539e-20, nan 
-46.125, 76.125, 3.903141977845028e-20, nan 
-45.875, 76.125, 3.4203170077893556e-20, nan 
-45.625, 76.125, 4.912662558267252e-20, nan 
-45.375, 76.125, 3.9076021790592915e-20, nan 
-45.125, 76.125, 3.0341616275163166e-20, nan 
-44.875, 76.125, 2.905955036919419e-20, nan 
-44.625, 76.125, 3.031226928292884e-20, nan 
-44.375, 76.125, 3.0600576483304526e-20, nan 
-44.125, 76.125, 3.046724331192846e-20, nan 
-43.875, 76.125, 2.7045393707219506e-20, nan 
-43.625, 76.125, 3.1372035530289667e-20, nan 
-43.375, 76.125, 4.1397478318673556e-20, nan 
-43.125, 76.125, 3.780888995090284e-20, nan 
-42.875, 76.125, 3.8147809805910916e-20, nan 
-42.625, 76.125, 3.9027450717745413e-20, nan 
-42.375, 76.125, 5.1924931535951487e-20, nan 
-42.125, 76.125, 6.567983418316692e-20, nan 
-41.875, 76.125, 7.210799351223672e-20, nan 
-41.625, 76.125, 7.060846791397903e-20, nan 
-41.375, 76.125, 7.140635740329673e-20, nan 
-41.125, 76.125, 7.419420688784408e-20, nan 
-40.875, 76.125, 9.629372696920563e-20, nan 
-40.625, 76.125, 1.3103798482928232e-19, nan 
-40.375, 76.125, 1.6025604389672622e-19, nan 
-40.125, 76.125, 1.9676644258495642e-19, nan 
-39.875, 76.125, 2.7392095625706706e-19, nan 
-39.625, 76.125, 3.172771280030373e-19, nan 
-39.375, 76.125, 2.3208610040572977e-19, nan 
-39.125, 76.125, 1.963893693206513e-19, nan 
-38.875, 76.125, 4.6926579590540395e-19, nan 
-38.625, 76.125, 7.919515723755135e-19, nan 
-38.375, 76.125, 9.481721534133755e-19, nan 
-38.125, 76.125, 6.375298387292372e-19, nan 
-37.875, 76.125, 3.381576324292364e-19, nan 
-37.625, 76.125, 7.629383099147543e-19, nan 
-37.375, 76.125, 1.2269897179949566e-18, nan 
-37.125, 76.125, 1.145459825249597e-18, nan 
-36.875, 76.125, 6.436106710412481e-19, nan 
-36.625, 76.125, 2.0623131104405304e-19, nan 
-36.375, 76.125, 4.145263464277167e-19, nan 
-36.125, 76.125, 6.633153964645653e-19, nan 
-35.875, 76.125, 5.168701402535512e-19, nan 
-35.625, 76.125, 2.9853539384735257e-19, nan 
-35.375, 76.125, 3.3470920693964365e-19, nan 
-35.125, 76.125, 7.676522447306152e-19, nan 
-34.875, 76.125, 6.082096594221966e-19, nan 
-34.625, 76.125, 6.535097791698537e-19, nan 
-34.375, 76.125, 8.19693493055852e-19, nan 
-34.125, 76.125, 1.2684931048036079e-18, nan 
-33.875, 76.125, 2.403448930125974e-18, nan 
-33.625, 76.125, 2.296509128268113e-18, nan 
-33.375, 76.125, 2.3533825873587816e-18, nan 
-33.125, 76.125, 1.3308462275690562e-18, nan 
-32.875, 76.125, 2.1472023799165423e-18, nan 
-32.625, 76.125, 3.596239608395125e-18, nan 
-32.375, 76.125, 3.272598565167521e-18, nan 
-32.125, 76.125, 3.4635342936287377e-18, nan 
-31.875, 76.125, 2.7904484918692654e-18, nan 
-31.625, 76.125, 2.0416684428168697e-18, nan 
-31.375, 76.125, 4.379153387535099e-18, nan 
-31.125, 76.125, 4.6309724388606265e-18, nan 
-30.875, 76.125, 4.43690615122097e-18, nan 
-30.625, 76.125, 5.227295446333338e-18, nan 
-30.375, 76.125, 4.074135844116227e-18, nan 
-30.125, 76.125, 4.2149083247881415e-18, nan 
-29.875, 76.125, 3.1059771213345652e-18, nan 
-29.625, 76.125, 5.198189976933794e-18, nan 
-29.375, 76.125, 4.708132949416475e-18, nan 
-29.125, 76.125, 4.05965008831174e-18, nan 
-28.875, 76.125, 4.74291600593161e-18, nan 
-28.625, 76.125, 4.937401744401661e-18, nan 
-28.375, 76.125, 7.59783726021474e-18, nan 
-28.125, 76.125, 6.30243377335805e-18, nan 
-27.875, 76.125, 7.28248970197728e-18, nan 
-27.625, 76.125, 1.0268679155275522e-17, nan 
-27.375, 76.125, 1.421962061489299e-17, nan 
-27.125, 76.125, 5.887288182823525e-18, nan 
-26.875, 76.125, 1.7532933226061335e-17, nan 
-26.625, 76.125, 5.324789603201311e-18, nan 
-26.375, 76.125, 4.285372942983279e-18, nan 
-26.125, 76.125, 8.926640892871846e-18, nan 
-25.875, 76.125, 4.603957383367036e-18, nan 
-25.625, 76.125, 6.147661094518577e-18, nan 
-25.375, 76.125, 4.981044159867202e-18, nan 
-25.125, 76.125, 2.6281592106430086e-18, nan 
-24.875, 76.125, 3.901656102414137e-18, nan 
-24.625, 76.125, 3.1605177800671434e-18, nan 
-24.375, 76.125, 2.619363530197629e-18, nan 
-24.125, 76.125, 1.4555695726250514e-18, nan 
-23.875, 76.125, 1.9893190501080085e-18, nan 
-23.625, 76.125, 2.4266237029283773e-18, nan 
-23.375, 76.125, 2.1678823597615005e-18, nan 
-23.125, 76.125, 1.3488086735013726e-18, nan 
-22.875, 76.125, 1.0018933000817947e-18, nan 
-22.625, 76.125, 1.7473625011476865e-18, nan 
-22.375, 76.125, 1.2876952947457094e-18, nan 
-22.125, 76.125, 1.2868013058741103e-18, nan 
-21.875, 76.125, 1.4896264312234096e-18, nan 
-21.625, 76.125, 1.441137290689455e-18, nan 
-21.375, 76.125, 1.5373323417571955e-18, nan 
-21.125, 76.125, 1.383211435077152e-18, nan 
-20.875, 76.125, 1.2362688524985212e-18, nan 
-20.625, 76.125, 1.3890798021925802e-18, nan 
-20.375, 76.125, 1.0246110388698913e-18, nan 
-20.125, 76.125, 1.1137954444474959e-18, nan 
-19.875, 76.125, 8.29950459197963e-19, nan 
-19.625, 76.125, 8.463532067057965e-19, nan 
-19.375, 76.125, 5.244335354934509e-19, nan 
-19.125, 76.125, 4.007869808623391e-19, nan 
-18.875, 76.125, 7.35589905006141e-19, nan 
-18.625, 76.125, 7.020725570478109e-19, nan 
-18.375, 76.125, 1.036598575778116e-18, nan 
-18.125, 76.125, 5.579934136464275e-19, nan 
-17.875, 76.125, 5.134083124315906e-19, nan 
-17.625, 76.125, 4.889181034816426e-19, nan 
-17.375, 76.125, 4.41939368668516e-19, nan 
-17.125, 76.125, 7.398673971530762e-19, nan 
-16.875, 76.125, 4.383056454382356e-19, nan 
-16.625, 76.125, 4.691557063607135e-19, nan 
-16.375, 76.125, 4.632193523878678e-19, nan 
-16.125, 76.125, 5.013258502552764e-19, nan 
-15.875, 76.125, 4.75012563126633e-19, nan 
-15.625, 76.125, 4.645973062573928e-19, nan 
-15.375, 76.125, 4.238764801659819e-19, nan 
-15.125, 76.125, 3.569542223278072e-19, nan 
-14.875, 76.125, 3.5060215565586105e-19, nan 
-14.625, 76.125, 2.782570252632926e-19, nan 
-14.375, 76.125, 2.530337079978557e-19, nan 
-14.125, 76.125, 2.6352320484247205e-19, nan 
-13.875, 76.125, 1.8341265807452971e-19, nan 
-13.625, 76.125, 1.4959445080519082e-19, nan 
-13.375, 76.125, 1.5663098824010233e-19, nan 
-13.125, 76.125, 1.1528923987387108e-19, nan 
-12.875, 76.125, 1.341551980850728e-19, nan 
-12.625, 76.125, 1.3318112024338944e-19, nan 
-12.375, 76.125, 1.7308697770505527e-19, nan 
-12.125, 76.125, 1.5573552855871116e-19, nan 
-11.875, 76.125, 9.76502551938593e-20, nan 
-11.625, 76.125, 1.4019737473979672e-19, nan 
-11.375, 76.125, 1.215492737096149e-19, nan 
-11.125, 76.125, 1.4768910519158524e-19, nan 
-10.875, 76.125, 1.3610127558874876e-19, nan 
-10.625, 76.125, 1.1481817078268495e-19, nan 
-10.375, 76.125, 1.116760220453948e-19, nan 
-10.125, 76.125, 8.905185056449601e-20, nan 
-9.875, 76.125, 7.799658947338634e-20, nan 
-9.625, 76.125, 1.1360525024204794e-19, nan 
-9.375, 76.125, 1.181694440522564e-19, nan 
-9.125, 76.125, 1.4516558942388398e-19, nan 
-8.875, 76.125, 1.164015850479888e-19, nan 
-8.625, 76.125, 1.023351472996361e-19, nan 
-8.375, 76.125, 9.110678029101704e-20, nan 
-8.125, 76.125, 9.140047416311453e-20, nan 
-7.875, 76.125, 1.4493557051131002e-19, nan 
-7.625, 76.125, 9.647608325983107e-20, nan 
-7.375, 76.125, 1.0719141672595015e-19, nan 
-7.125, 76.125, 5.813597572459393e-20, nan 
-6.875, 76.125, 3.019234447601161e-20, nan 
-6.625, 76.125, 2.865773292044809e-20, nan 
-6.375, 76.125, 1.607368870276648e-20, nan 
-6.125, 76.125, 2.0220406966778142e-20, nan 
-5.875, 76.125, 2.224499946342077e-20, nan 
-5.625, 76.125, 2.589454476498261e-20, nan 
-5.375, 76.125, 2.8871193079472364e-20, nan 
-5.125, 76.125, 3.4971291594243787e-20, nan 
-4.875, 76.125, 2.557462249259748e-20, nan 
-4.625, 76.125, 2.9634771477680433e-20, nan 
-4.375, 76.125, 3.312560444692626e-20, nan 
-4.125, 76.125, 2.8343097696803815e-20, nan 
-3.875, 76.125, 2.594028958081135e-20, nan 
-3.625, 76.125, 1.6913228695520992e-20, nan 
-3.375, 76.125, 8.747589065599072e-21, nan 
-3.125, 76.125, 1.1232946674565364e-20, nan 
-2.875, 76.125, 1.6852119209347315e-20, nan 
-2.625, 76.125, 1.9514583152180678e-20, nan 
-2.375, 76.125, 2.0559856585503442e-20, nan 
-2.125, 76.125, 2.1510189888021667e-20, nan 
-1.875, 76.125, 1.3111366436442349e-20, nan 
-1.625, 76.125, 1.1651608407343544e-20, nan 
-1.375, 76.125, 6.983883795136669e-21, nan 
-1.125, 76.125, 3.564529481918287e-21, nan 
-0.875, 76.125, 1.4624548618635008e-20, nan 
-0.625, 76.125, 1.0033334265081938e-20, nan 
-0.375, 76.125, 8.865924183326915e-21, nan 
-0.125, 76.125, 9.967750888322144e-21, nan 
0.125, 76.125, 1.0414002159723648e-20, nan 
0.375, 76.125, 8.112892546203857e-21, nan 
0.625, 76.125, 7.393935165599577e-21, nan 
0.875, 76.125, 7.401453793680728e-21, nan 
1.125, 76.125, 1.0199543954761445e-20, nan 
1.375, 76.125, 1.8870440041373528e-20, nan 
1.625, 76.125, 2.9142821028653554e-20, nan 
1.875, 76.125, 2.7068064758546234e-20, nan 
2.125, 76.125, 1.6983718713528023e-20, nan 
2.375, 76.125, 1.425665575100168e-20, nan 
2.625, 76.125, 2.844448207600527e-20, nan 
2.875, 76.125, 4.855150975230193e-20, nan 
3.125, 76.125, 4.605897094197313e-20, nan 
3.375, 76.125, 3.122015060751967e-20, nan 
3.625, 76.125, 1.5665500002021035e-20, nan 
3.875, 76.125, 1.243754907032342e-20, nan 
4.125, 76.125, 2.09133150065911e-20, nan 
4.375, 76.125, 2.00970251331111e-20, nan 
4.625, 76.125, 1.2782389631693468e-20, nan 
4.875, 76.125, 8.588231234869719e-21, nan 
5.125, 76.125, 5.1157764178021175e-21, nan 
5.375, 76.125, 4.646057677924722e-21, nan 
5.625, 76.125, 5.9743112400631566e-21, nan 
5.875, 76.125, 8.636736830168733e-21, nan 
6.125, 76.125, 6.388768227761944e-21, nan 
6.375, 76.125, 6.321467073145818e-21, nan 
6.625, 76.125, 6.198640006409618e-21, nan 
6.875, 76.125, 6.171370065322092e-21, nan 
7.125, 76.125, 5.463379803682035e-21, nan 
7.375, 76.125, 3.739725639130201e-21, nan 
7.625, 76.125, 3.0817558320319893e-21, nan 
7.875, 76.125, 2.006424415401129e-21, nan 
8.125, 76.125, 2.0036384924190694e-21, nan 
8.375, 76.125, 1.3602486280578803e-21, nan 
8.625, 76.125, 1.6539266927456743e-21, nan 
8.875, 76.125, 1.476977668212721e-21, nan 
9.125, 76.125, 8.827479572074245e-22, nan 
9.375, 76.125, 9.924406798081145e-22, nan 
9.625, 76.125, 4.302311956518658e-22, nan 
9.875, 76.125, 5.337948811966245e-22, nan 
10.125, 76.125, 8.2910091186294975e-22, nan 
10.375, 76.125, 3.235675403849169e-22, nan 
10.625, 76.125, 7.278420956520683e-22, nan 
10.875, 76.125, 3.696804919076148e-22, nan 
11.125, 76.125, 5.1759124444000005e-22, nan 
11.375, 76.125, 4.2235529513465653e-22, nan 
11.625, 76.125, 8.183541754416288e-22, nan 
11.875, 76.125, 9.975515215459641e-22, nan 
12.125, 76.125, 7.711492341744387e-22, nan 
12.375, 76.125, 9.835974170941816e-22, nan 
12.625, 76.125, 1.2319063963287586e-21, nan 
12.875, 76.125, 2.1507674943149854e-21, nan 
13.125, 76.125, 2.989551386968795e-21, nan 
13.375, 76.125, 2.418809219261398e-21, nan 
13.625, 76.125, 3.6212709831929916e-21, nan 
13.875, 76.125, 3.967471034066609e-21, nan 
14.125, 76.125, 2.9734435143313913e-21, nan 
14.375, 76.125, 2.2531869732670875e-21, nan 
14.625, 76.125, 2.4854589983119527e-21, nan 
14.875, 76.125, 1.7040236906646912e-21, nan 
15.125, 76.125, 1.2134063451152036e-21, nan 
15.375, 76.125, 1.3744426177606895e-21, nan 
15.625, 76.125, 1.4735378066878595e-21, nan 
15.875, 76.125, 9.020725074453897e-22, nan 
16.125, 76.125, 8.812707449504448e-22, nan 
16.375, 76.125, 8.964711646822045e-22, nan 
16.625, 76.125, 1.0265652837481638e-21, nan 
16.875, 76.125, 1.1331259509596476e-21, nan 
17.125, 76.125, 3.7344291709592137e-22, nan 
17.375, 76.125, 7.448101965733655e-22, nan 
17.625, 76.125, 3.837942426607183e-22, nan 
17.875, 76.125, 5.00877952833657e-22, nan 
18.125, 76.125, 8.00708880246956e-22, nan 
18.375, 76.125, 9.791879481345377e-22, nan 
18.625, 76.125, 7.963432283193496e-22, nan 
18.875, 76.125, 1.2591795593683114e-21, nan 
19.125, 76.125, 5.685784561539585e-22, nan 
19.375, 76.125, 5.2826356955870175e-22, nan 
19.625, 76.125, 6.060495535602515e-22, nan 
19.875, 76.125, 2.6293909189302655e-22, nan 
20.125, 76.125, 3.592091753741336e-22, nan 
20.375, 76.125, 3.51631373675073e-22, nan 
20.625, 76.125, 2.473636623680543e-22, nan 
20.875, 76.125, 3.619042775619493e-22, nan 
21.125, 76.125, 3.6492840934452043e-22, nan 
21.375, 76.125, 2.4624013205411214e-22, nan 
21.625, 76.125, 3.9773092093851698e-22, nan 
21.875, 76.125, 5.377550089701308e-22, nan 
22.125, 76.125, 5.797507538120756e-22, nan 
22.375, 76.125, 6.034575872907218e-22, nan 
22.625, 76.125, 4.973967989990286e-22, nan 
22.875, 76.125, 3.826199207115336e-22, nan 
23.125, 76.125, 4.770277213135092e-22, nan 
23.375, 76.125, 3.2915001774178876e-22, nan 
23.625, 76.125, 4.2175759283418076e-22, nan 
23.875, 76.125, 4.2309541359438017e-22, nan 
24.125, 76.125, 4.106858398933939e-22, nan 
24.375, 76.125, 2.8867095399165313e-22, nan 
24.625, 76.125, 2.2659227034056745e-22, nan 
24.875, 76.125, 1.5598048741837882e-22, nan 
25.125, 76.125, 1.3014567619073924e-22, nan 
25.375, 76.125, 2.0855644920436708e-22, nan 
25.625, 76.125, 1.2847370205567329e-22, nan 
25.875, 76.125, 1.4188576073313982e-22, nan 
26.125, 76.125, 2.1825606071252216e-22, nan 
26.375, 76.125, 2.2134491202390146e-22, nan 
26.625, 76.125, 2.7134219459163735e-22, nan 
26.875, 76.125, 2.4446011764775834e-22, nan 
27.125, 76.125, 1.7293574715867293e-22, nan 
27.375, 76.125, 2.0536657558000315e-22, nan 
27.625, 76.125, 2.3374972116436194e-22, nan 
27.875, 76.125, 2.1755244622271733e-22, nan 
28.125, 76.125, 1.6405815201492453e-22, nan 
28.375, 76.125, 1.3367020026164838e-22, nan 
28.625, 76.125, 1.478297439712391e-22, nan 
28.875, 76.125, 1.854236253911962e-22, nan 
29.125, 76.125, 2.1029116813095308e-22, nan 
29.375, 76.125, 1.5405578358236987e-22, nan 
29.625, 76.125, 1.6503582854675752e-22, nan 
29.875, 76.125, 2.0790356611990928e-22, nan 
30.125, 76.125, 1.7299547211605945e-22, nan 
30.375, 76.125, 1.2294102888194202e-22, nan 
30.625, 76.125, 1.2006076097618008e-22, nan 
30.875, 76.125, 1.3206797419084402e-22, nan 
31.125, 76.125, 1.7109243130625426e-22, nan 
31.375, 76.125, 1.2653559798934727e-22, nan 
31.625, 76.125, 5.767906243978963e-23, nan 
31.875, 76.125, 9.978134680189164e-23, nan 
32.125, 76.125, 9.428204660580154e-23, nan 
32.375, 76.125, 5.848687191700762e-23, nan 
32.625, 76.125, 3.830778636177669e-23, nan 
32.875, 76.125, 5.614551527131182e-23, nan 
33.125, 76.125, 7.460069383769985e-23, nan 
33.375, 76.125, 3.3988071134183456e-23, nan 
33.625, 76.125, 7.74723618207886e-23, nan 
33.875, 76.125, 9.202143450499707e-23, nan 
34.125, 76.125, 8.57739952508933e-23, nan 
34.375, 76.125, 1.1293864141261798e-22, nan 
34.625, 76.125, 1.0601885727621655e-22, nan 
34.875, 76.125, 9.521091581343777e-23, nan 
35.125, 76.125, 8.626096701121427e-23, nan 
35.375, 76.125, 1.176648880803855e-22, nan 
35.625, 76.125, 1.015160561948641e-22, nan 
35.875, 76.125, 7.034481905248144e-23, nan 
36.125, 76.125, 6.376593819677151e-23, nan 
36.375, 76.125, 4.541396635033395e-23, nan 
36.625, 76.125, 1.107170324832486e-22, nan 
36.875, 76.125, 8.496742912462195e-23, nan 
37.125, 76.125, 7.529017705864415e-23, nan 
37.375, 76.125, 1.006861168011122e-22, nan 
37.625, 76.125, 5.519194453745304e-23, nan 
37.875, 76.125, 6.066927776358917e-23, nan 
38.125, 76.125, 4.6504059514497037e-23, nan 
38.375, 76.125, 3.1204211344566005e-23, nan 
38.625, 76.125, 2.1478627183206732e-23, nan 
38.875, 76.125, 1.743973538625371e-23, nan 
39.125, 76.125, 2.4744691975161994e-23, nan 
39.375, 76.125, 1.761186983600932e-23, nan 
39.625, 76.125, 1.9363868477476948e-23, nan 
39.875, 76.125, 2.3374796603847905e-23, nan 
40.125, 76.125, 2.1513688580546536e-23, nan 
40.375, 76.125, 2.125037248568731e-23, nan 
40.625, 76.125, 2.0750528924824526e-23, nan 
40.875, 76.125, 4.6265666846359385e-23, nan 
41.125, 76.125, 2.986448944871738e-23, nan 
41.375, 76.125, 2.77472581182472e-23, nan 
41.625, 76.125, 2.381181886849824e-23, nan 
41.875, 76.125, 2.615232286332358e-23, nan 
42.125, 76.125, 3.420652702200856e-23, nan 
42.375, 76.125, 3.239815083699986e-23, nan 
42.625, 76.125, 3.616824124088437e-23, nan 
42.875, 76.125, 2.683803359953332e-23, nan 
43.125, 76.125, 3.385176916922899e-23, nan 
43.375, 76.125, 4.1999280727113114e-23, nan 
43.625, 76.125, 3.7199034715605234e-23, nan 
43.875, 76.125, 4.0151074258683376e-23, nan 
44.125, 76.125, 3.685863796056533e-23, nan 
44.375, 76.125, 3.9177047399675645e-23, nan 
44.625, 76.125, 3.529808861905404e-23, nan 
44.875, 76.125, 3.144395452993332e-23, nan 
45.125, 76.125, 3.933972041256486e-23, nan 
45.375, 76.125, 3.8770229577671934e-23, nan 
45.625, 76.125, 4.5423833079538465e-23, nan 
45.875, 76.125, 3.122764007679583e-23, nan 
46.125, 76.125, 2.1804973585488015e-23, nan 
46.375, 76.125, 3.241594846854541e-23, nan 
46.625, 76.125, 3.840285239543065e-23, nan 
46.875, 76.125, 2.4997140535122072e-23, nan 
47.125, 76.125, 4.374225833313666e-23, nan 
47.375, 76.125, 3.734187204916543e-23, nan 
47.625, 76.125, 2.037968303749888e-23, nan 
47.875, 76.125, 1.9245311384778368e-23, nan 
48.125, 76.125, 1.84837723312954e-23, nan 
48.375, 76.125, 3.190644826451636e-23, nan 
48.625, 76.125, 2.5623190601006107e-23, nan 
48.875, 76.125, 2.119381475872819e-23, nan 
49.125, 76.125, 1.0217782229285226e-23, nan 
49.375, 76.125, 4.491077046913856e-24, nan 
49.625, 76.125, 1.470261509420979e-23, nan 
49.875, 76.125, 2.831212390749905e-23, nan 
50.125, 76.125, 2.0649909548888278e-23, nan 
50.375, 76.125, 8.948520388660644e-24, nan 
50.625, 76.125, 7.850471149996777e-24, nan 
50.875, 76.125, 6.850669240162047e-24, nan 
51.125, 76.125, 1.6824567382579304e-23, nan 
51.375, 76.125, 1.5983435087579113e-23, nan 
51.625, 76.125, 4.241906758243512e-24, nan 
51.875, 76.125, 1.2668925774662054e-23, nan 
52.125, 76.125, 1.300780424568646e-24, nan 
52.375, 76.125, 2.688315273846405e-23, nan 
52.625, 76.125, 3.512484402354234e-23, nan 
52.875, 76.125, 9.244870579623894e-24, nan 
53.125, 76.125, 1.2550924080088315e-23, nan 
53.375, 76.125, 1.2829884348085328e-23, nan 
53.625, 76.125, 1.7316766830157177e-23, nan 
53.875, 76.125, 2.0920913776678938e-23, nan 
54.125, 76.125, 1.9411839322408113e-23, nan 
54.375, 76.125, 1.7970534964318942e-23, nan 
54.625, 76.125, 2.7208814658929114e-23, nan 
54.875, 76.125, 2.9113457401022906e-23, nan 
55.125, 76.125, 2.878022951390267e-23, nan 
55.375, 76.125, 3.5415452501907377e-23, nan 
55.625, 76.125, 4.0018008279344364e-23, nan 
55.875, 76.125, 2.666271661178323e-23, nan 
56.125, 76.125, 2.3808961792642142e-23, nan 
56.375, 76.125, 2.789581703148502e-23, nan 
56.625, 76.125, 3.5077872176220493e-23, nan 
56.875, 76.125, 4.0746479421248863e-23, nan 
57.125, 76.125, 2.420739165306372e-23, nan 
57.375, 76.125, 1.3915513891705496e-23, nan 
57.625, 76.125, 6.946591899093786e-24, nan 
57.875, 76.125, 1.388343246440101e-23, nan 
58.125, 76.125, 1.8264046463171595e-23, nan 
58.375, 76.125, 1.420823474770804e-23, nan 
58.625, 76.125, 9.353807813695129e-24, nan 
58.875, 76.125, 3.5343123478204916e-24, nan 
59.125, 76.125, 5.062152061547138e-24, nan 
59.375, 76.125, 1.0165922259650261e-23, nan 
59.625, 76.125, 6.3689514403125914e-24, nan 
59.875, 76.125, 5.570535829032331e-24, nan 
60.125, 76.125, 4.74212394060076e-24, nan 
60.375, 76.125, 8.79535354130277e-24, nan 
60.625, 76.125, 1.1551147615086226e-23, nan 
60.875, 76.125, 1.3592293064478767e-23, nan 
61.125, 76.125, 1.369084458909085e-23, nan 
61.375, 76.125, 9.293412973486067e-24, nan 
61.625, 76.125, 8.294856592543742e-24, nan 
61.875, 76.125, 1.533088023702812e-23, nan 
62.125, 76.125, 2.598636769920867e-23, nan 
62.375, 76.125, 3.221183308653812e-23, nan 
62.625, 76.125, 3.3718379333032654e-23, nan 
62.875, 76.125, 1.833827391672422e-23, nan 
63.125, 76.125, 1.0181237530517108e-23, nan 
63.375, 76.125, 9.114478808148915e-24, nan 
63.625, 76.125, 1.0318098699801342e-23, nan 
63.875, 76.125, 9.218472744222714e-24, nan 
64.125, 76.125, 4.961930751043081e-24, nan 
64.375, 76.125, 6.99095301373376e-24, nan 
64.625, 76.125, 9.076639728651096e-24, nan 
64.875, 76.125, 1.6189744486031473e-23, nan 
65.125, 76.125, 1.4978387788539596e-23, nan 
65.375, 76.125, 1.577557635818975e-23, nan 
65.625, 76.125, 1.7515611672912182e-23, nan 
65.875, 76.125, 2.710760166189692e-23, nan 
66.125, 76.125, 2.095548245787064e-23, nan 
66.375, 76.125, 2.123116703199751e-23, nan 
66.625, 76.125, 1.66336834920669e-23, nan 
66.875, 76.125, 1.1370009047249439e-23, nan 
67.125, 76.125, 8.773077177216063e-24, nan 
67.375, 76.125, 1.0773490004485803e-23, nan 
67.625, 76.125, 1.4537665500389384e-23, nan 
67.875, 76.125, 1.4755883441664048e-23, nan 
68.125, 76.125, 8.262335406785149e-24, nan 
68.375, 76.125, 6.545184839109959e-24, nan 
68.625, 76.125, 7.681843360572843e-24, nan 
68.875, 76.125, 3.192554466397149e-24, nan 
69.125, 76.125, 5.4570505222294564e-24, nan 
69.375, 76.125, 5.543012087163381e-24, nan 
69.625, 76.125, 3.691818959238074e-24, nan 
69.875, 76.125, 4.439925366039918e-24, nan 
70.125, 76.125, 6.3592803580066425e-24, nan 
70.375, 76.125, 5.5642761628048096e-24, nan 
70.625, 76.125, 3.0194516505134947e-24, nan 
70.875, 76.125, 3.2408423009517658e-24, nan 
71.125, 76.125, 7.396251073292087e-24, nan 
71.375, 76.125, 8.865306694167842e-24, nan 
71.625, 76.125, 7.006567888501986e-24, nan 
71.875, 76.125, 6.703392240391742e-24, nan 
72.125, 76.125, 7.273619184640899e-24, nan 
72.375, 76.125, 1.24418952451552e-23, nan 
72.625, 76.125, 1.429801966192661e-23, nan 
72.875, 76.125, 7.545213502158846e-24, nan 
73.125, 76.125, 8.221170391905866e-24, nan 
73.375, 76.125, 8.304113140564631e-24, nan 
73.625, 76.125, 9.932326245949939e-24, nan 
73.875, 76.125, 1.1475536688400519e-23, nan 
74.125, 76.125, 1.1303757355562679e-23, nan 
74.375, 76.125, 9.395236119599169e-24, nan 
74.625, 76.125, 9.847480892189574e-24, nan 
74.875, 76.125, 7.039325073363716e-24, nan 
75.125, 76.125, 6.254311886555557e-24, nan 
75.375, 76.125, 5.4068386240124065e-24, nan 
75.625, 76.125, 6.4045848058696796e-24, nan 
75.875, 76.125, 5.002255651277675e-24, nan 
76.125, 76.125, 7.284453254571772e-24, nan 
76.375, 76.125, 9.675690170346242e-24, nan 
76.625, 76.125, 1.2052687776132285e-23, nan 
76.875, 76.125, 1.2348403170141739e-23, nan 
77.125, 76.125, 1.468795917416628e-23, nan 
77.375, 76.125, 9.156725227679212e-24, nan 
77.625, 76.125, 9.028471289863282e-24, nan 
77.875, 76.125, 1.0367765084745267e-23, nan 
78.125, 76.125, 1.4342731135757068e-23, nan 
78.375, 76.125, 1.5196436027080382e-23, nan 
78.625, 76.125, 7.963050883434714e-24, nan 
78.875, 76.125, 4.320683006236225e-24, nan 
79.125, 76.125, 5.329040950425064e-24, nan 
79.375, 76.125, 7.76933003520638e-24, nan 
79.625, 76.125, 8.10336117841321e-24, nan 
79.875, 76.125, 8.157751244008385e-24, nan 
80.125, 76.125, 9.786876641899273e-24, nan 
80.375, 76.125, 5.219103758948873e-24, nan 
80.625, 76.125, 8.70716656346842e-24, nan 
80.875, 76.125, 4.582294340363816e-24, nan 
81.125, 76.125, 5.6919742172178436e-24, nan 
81.375, 76.125, 2.4775010898803446e-24, nan 
81.625, 76.125, 4.070282789938702e-24, nan 
81.875, 76.125, 3.468921796769247e-24, nan 
82.125, 76.125, 2.9721516843351932e-24, nan 
82.375, 76.125, 3.0584109257987868e-24, nan 
82.625, 76.125, 1.4843601002664114e-24, nan 
82.875, 76.125, 1.780725160552892e-24, nan 
83.125, 76.125, 2.0140089286234475e-24, nan 
83.375, 76.125, 2.3006508104152128e-24, nan 
83.625, 76.125, 1.6487920872342102e-24, nan 
83.875, 76.125, 1.1317452049325392e-24, nan 
84.125, 76.125, 1.7963993056609784e-24, nan 
84.375, 76.125, 2.9336786131770795e-24, nan 
84.625, 76.125, 3.409299101309921e-24, nan 
84.875, 76.125, 1.653323610142663e-24, nan 
85.125, 76.125, 1.898611728207324e-24, nan 
85.375, 76.125, 2.7471461711352236e-24, nan 
85.625, 76.125, 4.157251319495944e-24, nan 
85.875, 76.125, 3.0562238936811616e-24, nan 
86.125, 76.125, 5.960460170362299e-24, nan 
86.375, 76.125, 5.764662362253242e-24, nan 
86.625, 76.125, 3.875056792481215e-24, nan 
86.875, 76.125, 2.788274854173218e-24, nan 
87.125, 76.125, 3.793338584722393e-24, nan 
87.375, 76.125, 4.850996343219509e-24, nan 
87.625, 76.125, 4.9888772001466235e-24, nan 
87.875, 76.125, 4.228402020969172e-24, nan 
88.125, 76.125, 3.161865808764084e-24, nan 
88.375, 76.125, 8.364653981803883e-24, nan 
88.625, 76.125, 8.738327878633084e-24, nan 
88.875, 76.125, 9.857723910128985e-24, nan 
89.125, 76.125, 7.543737511339073e-24, nan 
89.375, 76.125, 3.4837247832140245e-24, nan 
89.625, 76.125, 6.3550748077884064e-24, nan 
89.875, 76.125, 3.9932526084357544e-24, nan 
90.125, 76.125, 7.613583765842864e-24, nan 
90.375, 76.125, 5.7360621906274265e-24, nan 
90.625, 76.125, 9.159229829280539e-24, nan 
90.875, 76.125, 1.2761765301331952e-23, nan 
91.125, 76.125, 8.885579949310182e-24, nan 
91.375, 76.125, 7.622888450431022e-24, nan 
91.625, 76.125, 5.645344441474268e-24, nan 
91.875, 76.125, 5.370062998249905e-24, nan 
92.125, 76.125, 7.36123571971091e-24, nan 
92.375, 76.125, 5.607973876897369e-24, nan 
92.625, 76.125, 5.684748698143395e-24, nan 
92.875, 76.125, 5.85367527176502e-24, nan 
93.125, 76.125, 5.161815888400354e-24, nan 
93.375, 76.125, 5.953454742923947e-24, nan 
93.625, 76.125, 3.877915431169923e-24, nan 
93.875, 76.125, 2.6476815058502194e-24, nan 
94.125, 76.125, 3.6106436146223286e-24, nan 
94.375, 76.125, 2.798092670524021e-24, nan 
94.625, 76.125, 2.466481643227577e-24, nan 
94.875, 76.125, 2.7457608041035133e-24, nan 
95.125, 76.125, 2.7486524915973296e-24, nan 
95.375, 76.125, 3.5058788528829865e-24, nan 
95.625, 76.125, 3.821369112974685e-24, nan 
95.875, 76.125, 3.083590086354232e-24, nan 
96.125, 76.125, 3.263680848242853e-24, nan 
96.375, 76.125, 3.825830599499616e-24, nan 
96.625, 76.125, 3.296195677083594e-24, nan 
96.875, 76.125, 3.419967597419213e-24, nan 
97.125, 76.125, 3.8724647096850364e-24, nan 
97.375, 76.125, 3.602258793147217e-24, nan 
97.625, 76.125, 4.292363020568992e-24, nan 
97.875, 76.125, 3.61128535213438e-24, nan 
98.125, 76.125, 2.4272084230478506e-24, nan 
98.375, 76.125, 3.505942594248015e-24, nan 
98.625, 76.125, 3.3485140771163076e-24, nan 
98.875, 76.125, 2.665113430388041e-24, nan 
99.125, 76.125, 2.2318013886549682e-24, nan 
99.375, 76.125, 1.797497083932446e-24, nan 
99.625, 76.125, 1.096765764935387e-24, nan 
99.875, 76.125, 1.8691158492899587e-24, nan 
100.125, 76.125, 1.819222028082447e-24, nan 
100.375, 76.125, 3.31517990294205e-24, nan 
100.625, 76.125, 4.371876769713738e-24, nan 
100.875, 76.125, 2.1052170972006017e-24, nan 
101.125, 76.125, 1.6331777488271782e-24, nan 
101.375, 76.125, 1.5342745894455194e-24, nan 
101.625, 76.125, 1.005628011342128e-24, nan 
101.875, 76.125, 1.6041430925285568e-24, nan 
102.125, 76.125, 2.323651495875685e-24, nan 
102.375, 76.125, 1.4752377139471544e-24, nan 
102.625, 76.125, 9.836541804313582e-25, nan 
102.875, 76.125, 1.9463708216838123e-24, nan 
103.125, 76.125, 3.0216943337067545e-24, nan 
103.375, 76.125, 1.980893293999694e-24, nan 
103.625, 76.125, 2.1057642622887185e-24, nan 
103.875, 76.125, 1.928967226220712e-24, nan 
104.125, 76.125, 2.877813437605414e-24, nan 
104.375, 76.125, 5.7880683739904684e-24, nan 
104.625, 76.125, 3.0788697988200504e-24, nan 
104.875, 76.125, 1.7520323042020757e-24, nan 
105.125, 76.125, 2.238568851089074e-24, nan 
105.375, 76.125, 2.402621255550623e-24, nan 
105.625, 76.125, 2.844341375792469e-24, nan 
105.875, 76.125, 1.79649283396154e-24, nan 
106.125, 76.125, 1.7921142133095995e-24, nan 
106.375, 76.125, 1.1539243494518435e-24, nan 
106.625, 76.125, 1.713391298505007e-24, nan 
106.875, 76.125, 2.2094909881137064e-24, nan 
107.125, 76.125, 2.2662104338751347e-24, nan 
107.375, 76.125, 1.7057187117547722e-24, nan 
107.625, 76.125, 3.1657892976084544e-24, nan 
107.875, 76.125, 3.6044684548308466e-24, nan 
108.125, 76.125, 2.0831369750414147e-24, nan 
108.375, 76.125, 2.1490256542330348e-24, nan 
108.625, 76.125, 2.904075830927797e-24, nan 
108.875, 76.125, 3.396410020469305e-24, nan 
109.125, 76.125, 2.3001868149121357e-24, nan 
109.375, 76.125, 1.3277627212213e-24, nan 
109.625, 76.125, 3.0543878129613787e-24, nan 
109.875, 76.125, 2.0701777741874495e-24, nan 
110.125, 76.125, 3.139597624909734e-24, nan 
110.375, 76.125, 1.870885664971861e-24, nan 
110.625, 76.125, 2.177518357100527e-24, nan 
110.875, 76.125, 1.9764613907648716e-24, nan 
111.125, 76.125, 1.8135620481985252e-24, nan 
111.375, 76.125, 1.700972141421414e-24, nan 
111.625, 76.125, 1.843713000106607e-24, nan 
111.875, 76.125, 1.9490924688586626e-24, nan 
112.125, 76.125, 1.58900668372496e-24, nan 
112.375, 76.125, 2.4650086893931603e-24, nan 
112.625, 76.125, 2.5849094044112343e-24, nan 
112.875, 76.125, 2.7414838847827e-24, nan 
113.125, 76.125, 1.8892593892278354e-24, nan 
113.375, 76.125, 1.455289696866189e-24, nan 
113.625, 76.125, 1.2399213685611749e-24, nan 
113.875, 76.125, 1.1902112204949114e-24, nan 
114.125, 76.125, 2.6036793354388743e-24, nan 
114.375, 76.125, 1.8111522144695463e-24, nan 
114.625, 76.125, 1.0433242997401863e-24, nan 
114.875, 76.125, 2.3274440757802763e-24, nan 
115.125, 76.125, 3.176728021135437e-24, nan 
115.375, 76.125, 3.3569530015148724e-24, nan 
115.625, 76.125, 2.4973589477036413e-24, nan 
115.875, 76.125, 2.2244078796273496e-24, nan 
116.125, 76.125, 3.0768809738768665e-24, nan 
116.375, 76.125, 2.321584295213322e-24, nan 
116.625, 76.125, 2.6018871400315435e-24, nan 
116.875, 76.125, 2.4351905250679692e-24, nan 
117.125, 76.125, 2.8011745334860597e-24, nan 
117.375, 76.125, 2.325928985663284e-24, nan 
117.625, 76.125, 2.516601319476982e-24, nan 
117.875, 76.125, 2.6587825616229967e-24, nan 
118.125, 76.125, 2.278517431223171e-24, nan 
118.375, 76.125, 1.7788324446765015e-24, nan 
118.625, 76.125, 2.1371795720275235e-24, nan 
118.875, 76.125, 1.4273289952042696e-24, nan 
119.125, 76.125, 1.1907029305245934e-24, nan 
119.375, 76.125, 1.1665620404865333e-24, nan 
119.625, 76.125, 3.431427545047931e-24, nan 
119.875, 76.125, 4.393745434950045e-24, nan 
120.125, 76.125, 2.5756715195978217e-24, nan 
120.375, 76.125, 1.679121968591472e-24, nan 
120.625, 76.125, 1.3177914969145475e-24, nan 
120.875, 76.125, 2.665237978896434e-24, nan 
121.125, 76.125, 3.0896234498253674e-24, nan 
121.375, 76.125, 2.1816290995127675e-24, nan 
121.625, 76.125, 1.3963206841358766e-24, nan 
121.875, 76.125, 1.1654332607565198e-24, nan 
122.125, 76.125, 1.3303888100239167e-24, nan 
122.375, 76.125, 1.2360940621538977e-24, nan 
122.625, 76.125, 2.623424673037321e-24, nan 
122.875, 76.125, 2.3374453615745237e-24, nan 
123.125, 76.125, 1.2561787032581214e-24, nan 
123.375, 76.125, 1.2626647770661967e-24, nan 
123.625, 76.125, 1.8692401298925294e-24, nan 
123.875, 76.125, 2.2657687639717276e-24, nan 
124.125, 76.125, 1.8699812713759415e-24, nan 
124.375, 76.125, 1.4509639033273565e-24, nan 
124.625, 76.125, 1.3997091803903173e-24, nan 
124.875, 76.125, 8.60303128765458e-25, nan 
125.125, 76.125, 1.2695219674292497e-24, nan 
125.375, 76.125, 1.1942174850224401e-24, nan 
125.625, 76.125, 1.2986789424086691e-24, nan 
125.875, 76.125, 1.5780586032076075e-24, nan 
126.125, 76.125, 1.3174588910809236e-24, nan 
161.375, 76.125, 3.556602830459474e-24, nan 
161.625, 76.125, 3.2657234821795916e-24, nan 
161.875, 76.125, 3.272373405191625e-24, nan 
162.125, 76.125, 3.0122579330034724e-24, nan 
162.375, 76.125, 2.241890759339545e-24, nan 
162.625, 76.125, 1.759934493486823e-24, nan 
162.875, 76.125, 1.9530969775777912e-24, nan 
163.125, 76.125, 3.331694280012477e-24, nan 
163.375, 76.125, 2.9742492018846247e-24, nan 
163.625, 76.125, 2.9696283204525813e-24, nan 
163.875, 76.125, 2.9537090924275115e-24, nan 
164.125, 76.125, 3.3910979474530924e-24, nan 
164.375, 76.125, 2.1497895060085255e-24, nan 
164.625, 76.125, 1.8599004095767926e-24, nan 
164.875, 76.125, 2.3884277088445774e-24, nan 
165.125, 76.125, 2.1530928584211758e-24, nan 
165.375, 76.125, 2.453761292288421e-24, nan 
165.625, 76.125, 1.949614189479894e-24, nan 
165.875, 76.125, 2.211545478901222e-24, nan 
166.125, 76.125, 2.9336157857784787e-24, nan 
166.375, 76.125, 2.417066790956336e-24, nan 
166.625, 76.125, 3.376376333254922e-24, nan 
166.875, 76.125, 3.732602695192967e-24, nan 
167.125, 76.125, 4.079165384218304e-24, nan 
167.375, 76.125, 4.986847263364851e-24, nan 
167.625, 76.125, 5.111952151872531e-24, nan 
167.875, 76.125, 5.7189113529898316e-24, nan 
168.125, 76.125, 4.246018151394181e-24, nan 
168.375, 76.125, 4.696746826326372e-24, nan 
168.625, 76.125, 3.11481717612944e-24, nan 
168.875, 76.125, 4.991991731793523e-24, nan 
169.125, 76.125, 3.033765403805486e-24, nan 
169.375, 76.125, 1.6058860509495248e-24, nan 
169.625, 76.125, 7.9581570190441035e-25, nan 
169.875, 76.125, 1.190225568297642e-24, nan 
170.125, 76.125, 9.594148214774204e-25, nan 
170.375, 76.125, 3.933360184970308e-25, nan 
170.625, 76.125, 9.09352088657268e-25, nan 
170.875, 76.125, 1.4195878903284481e-24, nan 
171.125, 76.125, 2.4295577831952084e-24, nan 
171.375, 76.125, 3.765899293945543e-24, nan 
171.625, 76.125, 1.116616467616502e-24, nan 
171.875, 76.125, 1.5288070050598775e-24, nan 
172.125, 76.125, 1.7074616714713726e-24, nan 
172.375, 76.125, 1.6675442174295186e-24, nan 
172.625, 76.125, 1.9594849738908776e-24, nan 
172.875, 76.125, 2.328590557757678e-24, nan 
173.125, 76.125, 2.1942155626448235e-24, nan 
173.375, 76.125, 1.8303165478447338e-24, nan 
173.625, 76.125, 1.8501855106063548e-24, nan 
173.875, 76.125, 3.305884588718322e-24, nan 
174.125, 76.125, 4.2343356905431595e-24, nan 
174.375, 76.125, 3.2914845278287765e-24, nan 
174.625, 76.125, 3.5807731649724086e-24, nan 
174.875, 76.125, 4.383250803090555e-24, nan 
175.125, 76.125, 5.158119177199208e-24, nan 
175.375, 76.125, 4.8707955788699465e-24, nan 
175.625, 76.125, 3.645751478003524e-24, nan 
175.875, 76.125, 3.615882062937967e-24, nan 
176.125, 76.125, 4.293740887325554e-24, nan 
176.375, 76.125, 3.9565716729706814e-24, nan 
176.625, 76.125, 2.988194199841943e-24, nan 
176.875, 76.125, 2.1401165938745036e-24, nan 
177.125, 76.125, 1.896593405971436e-24, nan 
177.375, 76.125, 3.187819933291617e-24, nan 
177.625, 76.125, 2.7261975577028367e-24, nan 
177.875, 76.125, 2.07817961695135e-24, nan 
178.125, 76.125, 9.637731654658501e-25, nan 
178.375, 76.125, 2.9818197603970466e-24, nan 
178.625, 76.125, 3.9788736627500364e-24, nan 
178.875, 76.125, 4.519920215213742e-24, nan 
179.125, 76.125, 4.3847997677269956e-24, nan 
179.375, 76.125, 3.925378777670498e-24, nan 
179.625, 76.125, 3.869447249291868e-24, nan 
179.875, 76.125, 4.245995737760808e-24, nan 
-179.875, 76.375, 5.672123599823064e-24, nan 
-179.625, 76.375, 5.9711311901274716e-24, nan 
-179.375, 76.375, 5.703879404232111e-24, nan 
-179.125, 76.375, 4.328127952032245e-24, nan 
-178.875, 76.375, 5.73535846721575e-24, nan 
-178.625, 76.375, 7.87341695421536e-24, nan 
-178.375, 76.375, 8.30445118625859e-24, nan 
-178.125, 76.375, 7.690336148060309e-24, nan 
-177.875, 76.375, 6.0487999114328966e-24, nan 
-177.625, 76.375, 3.775767560701574e-24, nan 
-177.375, 76.375, 1.2974893546447025e-24, nan 
-177.125, 76.375, 1.5206534390778422e-24, nan 
-176.875, 76.375, 9.795117451850909e-25, nan 
-176.625, 76.375, 9.727683681922736e-25, nan 
-176.375, 76.375, 1.400545438872209e-24, nan 
-176.125, 76.375, 1.2365555320193648e-24, nan 
-175.875, 76.375, 1.0663024246123467e-24, nan 
-175.625, 76.375, 1.6377813897115006e-24, nan 
-175.375, 76.375, 1.1772972829694947e-24, nan 
-175.125, 76.375, 1.2339258819322291e-24, nan 
-174.875, 76.375, 1.2656278361646604e-24, nan 
-174.625, 76.375, 2.230658852830015e-24, nan 
-174.375, 76.375, 3.311721125273458e-24, nan 
-174.125, 76.375, 2.8696053057560746e-24, nan 
-173.875, 76.375, 3.930304901148302e-24, nan 
-173.625, 76.375, 7.098009443347645e-24, nan 
-173.375, 76.375, 1.2425846777678965e-23, nan 
-173.125, 76.375, 1.0346170920830735e-23, nan 
-172.875, 76.375, 7.543758702911096e-24, nan 
-172.625, 76.375, 1.1067235443439343e-23, nan 
-172.375, 76.375, 1.2410802528450008e-23, nan 
-172.125, 76.375, 8.42836210115957e-24, nan 
-171.875, 76.375, 6.130708772408205e-24, nan 
-171.625, 76.375, 5.892191727472966e-24, nan 
-171.375, 76.375, 6.913214870668773e-24, nan 
-171.125, 76.375, 9.714075866627839e-24, nan 
-170.875, 76.375, 7.533374961566524e-24, nan 
-170.625, 76.375, 9.253541794488558e-24, nan 
-170.375, 76.375, 7.461246170827321e-24, nan 
-170.125, 76.375, 7.003014954624498e-24, nan 
-169.875, 76.375, 6.526114065229281e-24, nan 
-169.625, 76.375, 5.7187910815544e-24, nan 
-169.375, 76.375, 4.313551917392396e-24, nan 
-169.125, 76.375, 5.120805797830404e-24, nan 
-168.875, 76.375, 4.1504017111112935e-24, nan 
-168.625, 76.375, 7.519535885038816e-24, nan 
-168.375, 76.375, 6.280071381913454e-24, nan 
-168.125, 76.375, 4.6539653563942064e-24, nan 
-167.875, 76.375, 7.311682323893901e-24, nan 
-167.625, 76.375, 8.122932464571476e-24, nan 
-167.375, 76.375, 5.614583245396012e-24, nan 
-167.125, 76.375, 5.465426263406669e-24, nan 
-166.875, 76.375, 6.594609435604219e-24, nan 
-166.625, 76.375, 6.024268504335342e-24, nan 
-166.375, 76.375, 6.698945635613293e-24, nan 
-166.125, 76.375, 4.721024823449652e-24, nan 
-165.875, 76.375, 6.249136716025769e-24, nan 
-165.625, 76.375, 8.485772340338832e-24, nan 
-165.375, 76.375, 6.057263093883325e-24, nan 
-165.125, 76.375, 5.8533269128576284e-24, nan 
-164.875, 76.375, 9.455013687003639e-24, nan 
-164.625, 76.375, 1.0662428822485645e-23, nan 
-164.375, 76.375, 1.0009537020937047e-23, nan 
-164.125, 76.375, 9.757881883895182e-24, nan 
-163.875, 76.375, 9.4975472503121e-24, nan 
-163.625, 76.375, 8.02996961736409e-24, nan 
-163.375, 76.375, 7.065816254071786e-24, nan 
-163.125, 76.375, 7.231112997259307e-24, nan 
-162.875, 76.375, 7.668313483000621e-24, nan 
-162.625, 76.375, 8.95571582081287e-24, nan 
-162.375, 76.375, 7.382795505425368e-24, nan 
-162.125, 76.375, 6.118567808570622e-24, nan 
-161.875, 76.375, 5.8975318775552046e-24, nan 
-161.625, 76.375, 6.077654650817792e-24, nan 
-161.375, 76.375, 7.81070616546774e-24, nan 
-161.125, 76.375, 6.163392360194141e-24, nan 
-160.875, 76.375, 6.072827558074213e-24, nan 
-160.625, 76.375, 4.537991614438784e-24, nan 
-160.375, 76.375, 5.3807190632929326e-24, nan 
-160.125, 76.375, 3.549017368932354e-24, nan 
-159.875, 76.375, 4.841460270878569e-24, nan 
-159.625, 76.375, 4.824757143364079e-24, nan 
-159.375, 76.375, 6.04225258336738e-24, nan 
-159.125, 76.375, 5.111797416652732e-24, nan 
-158.875, 76.375, 4.026080655416736e-24, nan 
-158.625, 76.375, 3.815320923635152e-24, nan 
-158.375, 76.375, 5.0078540489853046e-24, nan 
-158.125, 76.375, 1.2866125249153495e-23, nan 
-157.875, 76.375, 1.2986196028069205e-23, nan 
-157.625, 76.375, 9.943007031291358e-24, nan 
-157.375, 76.375, 1.2311037801167796e-23, nan 
-157.125, 76.375, 1.5780979041623674e-23, nan 
-156.875, 76.375, 1.5893855353220423e-23, nan 
-156.625, 76.375, 1.4538871255931412e-23, nan 
-156.375, 76.375, 1.326668447379497e-23, nan 
-156.125, 76.375, 1.325746881966056e-23, nan 
-155.875, 76.375, 1.3950812064743427e-23, nan 
-155.625, 76.375, 1.7228876211603264e-23, nan 
-155.375, 76.375, 1.5118358014298142e-23, nan 
-155.125, 76.375, 1.3888946493531875e-23, nan 
-154.875, 76.375, 1.285520612848669e-23, nan 
-154.625, 76.375, 1.3281343891560016e-23, nan 
-154.375, 76.375, 1.4026793192648227e-23, nan 
-154.125, 76.375, 1.3625393435893043e-23, nan 
-153.875, 76.375, 1.2138191605399186e-23, nan 
-153.625, 76.375, 1.8182539986577687e-23, nan 
-153.375, 76.375, 1.5906983282781287e-23, nan 
-153.125, 76.375, 1.2741601676580947e-23, nan 
-152.875, 76.375, 1.2748520597419284e-23, nan 
-152.625, 76.375, 1.808098814904723e-23, nan 
-152.375, 76.375, 1.5504615893972472e-23, nan 
-152.125, 76.375, 1.442513047985326e-23, nan 
-151.875, 76.375, 1.4421156327602428e-23, nan 
-151.625, 76.375, 1.2987849080652117e-23, nan 
-151.375, 76.375, 1.2793348873591246e-23, nan 
-151.125, 76.375, 7.755098467853985e-24, nan 
-150.875, 76.375, 8.229588762564519e-24, nan 
-150.625, 76.375, 5.161183279052663e-24, nan 
-150.375, 76.375, 4.712964723367325e-24, nan 
-150.125, 76.375, 6.190452583912253e-24, nan 
-149.875, 76.375, 8.796250819903318e-24, nan 
-149.625, 76.375, 8.201741653479295e-24, nan 
-149.375, 76.375, 2.5179785101408707e-24, nan 
-149.125, 76.375, 4.3051419578761214e-24, nan 
-148.875, 76.375, 9.418007621455674e-24, nan 
-148.625, 76.375, 1.3238121751297252e-23, nan 
-148.375, 76.375, 1.3471185575332934e-23, nan 
-148.125, 76.375, 1.3255239709742887e-23, nan 
-147.875, 76.375, 1.1356330212679086e-23, nan 
-147.625, 76.375, 1.2808544394153145e-23, nan 
-147.375, 76.375, 1.3156739781742419e-23, nan 
-147.125, 76.375, 1.5580795853202084e-23, nan 
-146.875, 76.375, 1.2919485465029695e-23, nan 
-146.625, 76.375, 1.5564090927632768e-23, nan 
-146.375, 76.375, 1.824335486669132e-23, nan 
-146.125, 76.375, 2.030032881714924e-23, nan 
-145.875, 76.375, 1.5822045208279432e-23, nan 
-145.625, 76.375, 1.0650204758976414e-23, nan 
-145.375, 76.375, 1.1047459292433798e-23, nan 
-145.125, 76.375, 1.2614181081406244e-23, nan 
-144.875, 76.375, 8.314236373415649e-24, nan 
-144.625, 76.375, 1.102102317402696e-23, nan 
-144.375, 76.375, 1.2696550229147067e-23, nan 
-144.125, 76.375, 1.3985650847828648e-23, nan 
-143.875, 76.375, 9.484744435234694e-24, nan 
-143.625, 76.375, 4.757361622113859e-24, nan 
-143.375, 76.375, 3.650643454430035e-24, nan 
-143.125, 76.375, 4.466723907480247e-24, nan 
-142.875, 76.375, 5.145567561373353e-24, nan 
-142.625, 76.375, 8.264208695299354e-24, nan 
-142.375, 76.375, 1.2861936910514108e-23, nan 
-142.125, 76.375, 1.5381461120386726e-23, nan 
-141.875, 76.375, 1.4791310496583814e-23, nan 
-141.625, 76.375, 2.2334753633330336e-23, nan 
-141.375, 76.375, 2.0269685426407747e-23, nan 
-141.125, 76.375, 2.409355922732075e-23, nan 
-140.875, 76.375, 2.311867339535031e-23, nan 
-140.625, 76.375, 2.2300931320628967e-23, nan 
-140.375, 76.375, 2.777319261461531e-23, nan 
-140.125, 76.375, 1.7085029793681595e-23, nan 
-139.875, 76.375, 1.585578051756955e-23, nan 
-139.625, 76.375, 1.1243270541325555e-23, nan 
-139.375, 76.375, 1.2271785093774335e-23, nan 
-139.125, 76.375, 2.0838946817344956e-23, nan 
-138.875, 76.375, 1.8994663511337378e-23, nan 
-138.625, 76.375, 1.8665385532064037e-23, nan 
-138.375, 76.375, 1.834025542248735e-23, nan 
-138.125, 76.375, 9.192521454937027e-24, nan 
-137.875, 76.375, 1.2129079174964974e-23, nan 
-137.625, 76.375, 1.6115422019493526e-23, nan 
-137.375, 76.375, 2.0196078489033403e-23, nan 
-137.125, 76.375, 2.044070713835236e-23, nan 
-136.875, 76.375, 2.662037204879577e-23, nan 
-136.625, 76.375, 1.9078556983798685e-23, nan 
-136.375, 76.375, 1.9521030647282202e-23, nan 
-136.125, 76.375, 1.7295734891078498e-23, nan 
-135.875, 76.375, 2.5384511011008867e-23, nan 
-135.625, 76.375, 4.468725223815288e-23, nan 
-135.375, 76.375, 4.037776600419638e-23, nan 
-135.125, 76.375, 2.9566724322290895e-23, nan 
-134.875, 76.375, 1.5159053571178882e-23, nan 
-134.625, 76.375, 3.138014565540814e-23, nan 
-134.375, 76.375, 5.338911567635134e-23, nan 
-134.125, 76.375, 7.651028277423276e-23, nan 
-133.875, 76.375, 7.634039526499438e-23, nan 
-133.625, 76.375, 5.130822168202583e-23, nan 
-133.375, 76.375, 3.795638644191339e-23, nan 
-133.125, 76.375, 3.521221937716576e-23, nan 
-132.875, 76.375, 4.345152903842594e-23, nan 
-132.625, 76.375, 4.9722328954087244e-23, nan 
-132.375, 76.375, 4.3436239813175573e-23, nan 
-132.125, 76.375, 2.7675858450192695e-23, nan 
-131.875, 76.375, 2.600402014606066e-23, nan 
-131.625, 76.375, 2.6403939714401555e-23, nan 
-131.375, 76.375, 2.6418097460463937e-23, nan 
-131.125, 76.375, 2.6308780350984974e-23, nan 
-130.875, 76.375, 2.0634913315593937e-23, nan 
-130.625, 76.375, 1.755178907356054e-23, nan 
-130.375, 76.375, 1.7747771696184055e-23, nan 
-130.125, 76.375, 1.5662929490622185e-23, nan 
-129.875, 76.375, 1.7260912091136542e-23, nan 
-129.625, 76.375, 1.2901670178643003e-23, nan 
-129.375, 76.375, 4.57514701874543e-23, nan 
-129.125, 76.375, 5.609630643014152e-23, nan 
-128.875, 76.375, 3.3660916903519664e-23, nan 
-128.625, 76.375, 3.3185575799494367e-23, nan 
-128.375, 76.375, 3.577595046660775e-23, nan 
-128.125, 76.375, 3.358539619228871e-23, nan 
-127.875, 76.375, 2.7089566679388735e-23, nan 
-127.625, 76.375, 2.2049705344496812e-23, nan 
-127.375, 76.375, 2.4615798218724468e-23, nan 
-127.125, 76.375, 2.613858055953591e-23, nan 
-126.875, 76.375, 3.0719237092567956e-23, nan 
-126.625, 76.375, 3.044274220024734e-23, nan 
-126.375, 76.375, 2.0572849876855483e-23, nan 
-126.125, 76.375, 1.3903366719643206e-23, nan 
-125.875, 76.375, 1.2121996362769509e-23, nan 
-125.625, 76.375, 1.3561325719347016e-23, nan 
-125.375, 76.375, 1.5872160353437113e-23, nan 
-125.125, 76.375, 1.3883311143551567e-23, nan 
-124.875, 76.375, 1.4199103779068293e-23, nan 
-124.625, 76.375, 1.322186314715214e-23, nan 
-124.375, 76.375, 1.0027528887688802e-23, nan 
-124.125, 76.375, 1.633974279115325e-23, nan 
-123.875, 76.375, 1.4802688582347196e-23, nan 
-123.625, 76.375, 7.443960572424308e-24, nan 
-123.375, 76.375, 8.544014971272603e-24, nan 
-123.125, 76.375, 8.619779791542873e-24, nan 
-122.875, 76.375, 8.602732066376528e-24, nan 
-122.625, 76.375, 1.0913980296676244e-23, nan 
-122.375, 76.375, 1.4369878873936758e-23, nan 
-122.125, 76.375, 1.7971122756985558e-23, nan 
-121.875, 76.375, 1.5006401085196105e-23, nan 
-121.625, 76.375, 1.1244522850536877e-23, nan 
-121.375, 76.375, 1.4312471983176157e-23, nan 
-121.125, 76.375, 1.3181516496688726e-23, nan 
-120.875, 76.375, 1.1799476664921724e-23, nan 
-120.625, 76.375, 8.872579555411773e-24, nan 
-120.375, 76.375, 8.268664695204422e-24, nan 
-120.125, 76.375, 8.606965750626304e-24, nan 
-119.875, 76.375, 1.2309674592972146e-23, nan 
-119.625, 76.375, 1.1369579639318071e-23, nan 
-119.375, 76.375, 1.3062722970329733e-23, nan 
-119.125, 76.375, 1.5600953349635632e-23, nan 
-118.875, 76.375, 1.861850627321258e-23, nan 
-118.625, 76.375, 1.5750663085515867e-23, nan 
-118.375, 76.375, 1.7500960718571747e-23, nan 
-118.125, 76.375, 1.6928589113812536e-23, nan 
-117.875, 76.375, 2.2270894462875513e-23, nan 
-117.625, 76.375, 2.0540631257174307e-23, nan 
-117.375, 76.375, 2.3840752879811358e-23, nan 
-117.125, 76.375, 2.4102449306782563e-23, nan 
-116.875, 76.375, 1.7916192342604604e-23, nan 
-116.625, 76.375, 2.925319463398939e-23, nan 
-116.375, 76.375, 3.014155765406472e-23, nan 
-116.125, 76.375, 4.068577183148045e-23, nan 
-115.875, 76.375, 4.304882065711955e-23, nan 
-115.625, 76.375, 2.8426545639990233e-23, nan 
-115.375, 76.375, 2.823697408806532e-23, nan 
-115.125, 76.375, 2.731745605624942e-23, nan 
-114.875, 76.375, 3.9644135614150116e-23, nan 
-114.625, 76.375, 5.498239540465404e-23, nan 
-114.375, 76.375, 7.35520546860717e-23, nan 
-114.125, 76.375, 7.877086636914348e-23, nan 
-113.875, 76.375, 5.480007282300634e-23, nan 
-113.625, 76.375, 2.881532789210038e-23, nan 
-113.375, 76.375, 4.835401509568794e-23, nan 
-113.125, 76.375, 7.92199004185224e-23, nan 
-112.875, 76.375, 7.337591375807482e-23, nan 
-112.625, 76.375, 5.970377951632287e-23, nan 
-112.375, 76.375, 5.498854219807611e-23, nan 
-112.125, 76.375, 7.797349130690347e-23, nan 
-111.875, 76.375, 7.799668220538531e-23, nan 
-111.625, 76.375, 8.615542967292261e-23, nan 
-111.375, 76.375, 1.035120368025162e-22, nan 
-111.125, 76.375, 1.1078217224420563e-22, nan 
-110.875, 76.375, 1.0058396012179644e-22, nan 
-110.625, 76.375, 9.584107606778675e-23, nan 
-110.375, 76.375, 8.347256782116396e-23, nan 
-110.125, 76.375, 5.759252863745971e-23, nan 
-109.875, 76.375, 7.810192135870687e-23, nan 
-109.625, 76.375, 6.776194498473507e-23, nan 
-109.375, 76.375, 6.551555739505555e-23, nan 
-109.125, 76.375, 5.2814248739074857e-23, nan 
-108.875, 76.375, 3.310757227088325e-23, nan 
-108.625, 76.375, 2.9448978186682396e-23, nan 
-108.375, 76.375, 3.3856858378899437e-23, nan 
-108.125, 76.375, 2.2293784028829804e-23, nan 
-107.875, 76.375, 1.978810900024895e-23, nan 
-107.625, 76.375, 1.0385088278322926e-23, nan 
-107.375, 76.375, 1.4083675572427995e-23, nan 
-107.125, 76.375, 1.8069196141921822e-23, nan 
-106.875, 76.375, 2.1601594848968228e-23, nan 
-106.625, 76.375, 2.610368676359603e-23, nan 
-106.375, 76.375, 1.7178919318852004e-23, nan 
-106.125, 76.375, 1.5985893523171106e-23, nan 
-105.875, 76.375, 1.0231180304489193e-23, nan 
-105.625, 76.375, 1.304998268661167e-23, nan 
-105.375, 76.375, 1.681710357284039e-23, nan 
-105.125, 76.375, 2.1114377713749065e-23, nan 
-104.875, 76.375, 1.2596404092932424e-23, nan 
-104.625, 76.375, 1.8443701934408448e-23, nan 
-104.375, 76.375, 5.675433419046686e-23, nan 
-104.125, 76.375, 9.079251156330569e-23, nan 
-103.875, 76.375, 8.361934176659027e-23, nan 
-103.625, 76.375, 3.1772961279082637e-23, nan 
-103.375, 76.375, 2.4354922670170887e-23, nan 
-103.125, 76.375, 2.21973626186528e-23, nan 
-102.875, 76.375, 2.272569621657592e-23, nan 
-102.625, 76.375, 4.156294261052236e-23, nan 
-102.375, 76.375, 4.9065824885954603e-23, nan 
-102.125, 76.375, 3.272879939481522e-23, nan 
-101.875, 76.375, 2.0034105422766705e-23, nan 
-101.625, 76.375, 1.444738951342036e-23, nan 
-101.375, 76.375, 1.9569001414339795e-23, nan 
-101.125, 76.375, 2.2019900617817235e-23, nan 
-100.875, 76.375, 5.0037647507289525e-23, nan 
-100.625, 76.375, 3.346301775016386e-23, nan 
-100.375, 76.375, 3.2993579385111445e-23, nan 
-100.125, 76.375, 2.9184381024439106e-23, nan 
-99.875, 76.375, 2.3788084669184323e-23, nan 
-99.625, 76.375, 1.8702646786524313e-23, nan 
-99.375, 76.375, 1.6373788953732272e-23, nan 
-99.125, 76.375, 2.285736779343487e-23, nan 
-98.875, 76.375, 3.112392237420163e-23, nan 
-98.625, 76.375, 2.968094735135718e-23, nan 
-98.375, 76.375, 2.838943310505178e-23, nan 
-98.125, 76.375, 3.2261746551354744e-23, nan 
-97.875, 76.375, 3.242020799916313e-23, nan 
-97.625, 76.375, 2.0477321837031125e-23, nan 
-97.375, 76.375, 1.4061817862883018e-23, nan 
-97.125, 76.375, 1.550595029072801e-23, nan 
-96.875, 76.375, 2.6797113454416476e-23, nan 
-96.625, 76.375, 2.7416217755823293e-23, nan 
-96.375, 76.375, 4.4346906220403165e-23, nan 
-96.125, 76.375, 2.857692184702859e-23, nan 
-95.875, 76.375, 2.683817724955906e-23, nan 
-95.625, 76.375, 4.005533800025895e-23, nan 
-95.375, 76.375, 2.0928778047225457e-23, nan 
-95.125, 76.375, 7.07889284022126e-23, nan 
-94.875, 76.375, 1.8924630470830122e-23, nan 
-94.625, 76.375, 3.91324991364275e-23, nan 
-94.375, 76.375, 5.550201741009109e-23, nan 
-94.125, 76.375, 3.648171991065098e-23, nan 
-93.875, 76.375, 8.161487449149257e-23, nan 
-93.625, 76.375, 5.624338272633547e-23, nan 
-93.375, 76.375, 6.239152779699935e-23, nan 
-93.125, 76.375, 6.592885116419831e-23, nan 
-92.875, 76.375, 5.601286033897e-23, nan 
-92.625, 76.375, 8.181769134991949e-23, nan 
-92.375, 76.375, 8.332547112643677e-23, nan 
-92.125, 76.375, 8.64584744557452e-23, nan 
-91.875, 76.375, 7.654839279982562e-23, nan 
-91.625, 76.375, 8.432787282623823e-23, nan 
-91.375, 76.375, 1.16355562414345e-22, nan 
-91.125, 76.375, 1.1125870145001592e-22, nan 
-90.875, 76.375, 9.217763305420024e-23, nan 
-90.625, 76.375, 1.1215712253051448e-22, nan 
-90.375, 76.375, 1.7007252752413293e-22, nan 
-90.125, 76.375, 2.244335628475257e-22, nan 
-89.875, 76.375, 1.992587386719939e-22, nan 
-89.625, 76.375, 1.4027725132245304e-22, nan 
-89.375, 76.375, 1.7560805882654421e-22, nan 
-89.125, 76.375, 2.0477692747463075e-22, nan 
-88.875, 76.375, 2.2655646612004224e-22, nan 
-88.625, 76.375, 2.5723765225785976e-22, nan 
-88.375, 76.375, 1.99542912640349e-22, nan 
-88.125, 76.375, 8.550872664188663e-23, nan 
-87.875, 76.375, 6.304660291820488e-23, nan 
-87.625, 76.375, 7.515607616051642e-23, nan 
-87.375, 76.375, 4.6568582063145775e-23, nan 
-87.125, 76.375, 4.5972524014659015e-23, nan 
-86.875, 76.375, 5.766183961440987e-23, nan 
-86.625, 76.375, 5.791403065032993e-23, nan 
-86.375, 76.375, 6.889746820910413e-23, nan 
-86.125, 76.375, 6.461610959254288e-23, nan 
-85.875, 76.375, 6.310147815570427e-23, nan 
-85.625, 76.375, 6.853051010054958e-23, nan 
-85.375, 76.375, 7.535692691606327e-23, nan 
-85.125, 76.375, 7.578187509884985e-23, nan 
-84.875, 76.375, 7.743304388181924e-23, nan 
-84.625, 76.375, 5.778560299048928e-23, nan 
-84.375, 76.375, 5.294847884883808e-23, nan 
-84.125, 76.375, 4.809734406943374e-23, nan 
-83.875, 76.375, 6.582473932686719e-23, nan 
-83.625, 76.375, 6.53657241357907e-23, nan 
-83.375, 76.375, 7.426304554888138e-23, nan 
-83.125, 76.375, 6.168976973297996e-23, nan 
-82.875, 76.375, 4.4235575173350015e-23, nan 
-82.625, 76.375, 7.154834293119735e-23, nan 
-82.375, 76.375, 6.709143606468441e-23, nan 
-82.125, 76.375, 1.0469420301521861e-22, nan 
-81.875, 76.375, 1.0199040946003898e-22, nan 
-81.625, 76.375, 1.0892846118896312e-22, nan 
-81.375, 76.375, 1.258928475604162e-22, nan 
-81.125, 76.375, 1.3916125115342647e-22, nan 
-80.875, 76.375, 3.3533007443109006e-22, nan 
-80.625, 76.375, 2.640770812930211e-22, nan 
-80.375, 76.375, 1.5777724123223534e-22, nan 
-80.125, 76.375, 1.3712313734653472e-22, nan 
-79.875, 76.375, 1.4082099130305087e-22, nan 
-79.625, 76.375, 2.366598742976116e-22, nan 
-79.375, 76.375, 2.1054497559429992e-22, nan 
-79.125, 76.375, 1.5991041811154246e-22, nan 
-78.875, 76.375, 1.4127867461356105e-22, nan 
-78.625, 76.375, 1.3988113737542497e-22, nan 
-78.375, 76.375, 1.0582157821359617e-22, nan 
-78.125, 76.375, 7.105758754635096e-23, nan 
-77.875, 76.375, 6.847633168340743e-23, nan 
-77.625, 76.375, 1.297428786487238e-22, nan 
-77.375, 76.375, 1.164978513261088e-22, nan 
-77.125, 76.375, 1.3671792225763313e-22, nan 
-76.875, 76.375, 1.2591914190015562e-22, nan 
-76.625, 76.375, 1.6647673217016787e-22, nan 
-76.375, 76.375, 2.860253659802962e-22, nan 
-76.125, 76.375, 1.8735246309704363e-22, nan 
-75.875, 76.375, 1.8342256163214103e-22, nan 
-75.625, 76.375, 1.9169940154925484e-22, nan 
-75.375, 76.375, 2.9345345316547527e-22, nan 
-75.125, 76.375, 6.123254411773353e-22, nan 
-74.875, 76.375, 3.724026790720377e-22, nan 
-74.625, 76.375, 3.81177940764655e-22, nan 
-74.375, 76.375, 2.8426715955756687e-22, nan 
-74.125, 76.375, 4.338324664514373e-22, nan 
-73.875, 76.375, 5.130874044388359e-22, nan 
-73.625, 76.375, 5.286809329386293e-22, nan 
-73.375, 76.375, 5.614041338731098e-22, nan 
-73.125, 76.375, 5.861846778266827e-22, nan 
-72.875, 76.375, 6.131907249477495e-22, nan 
-72.625, 76.375, 5.315118582016326e-22, nan 
-72.375, 76.375, 5.764637079484482e-22, nan 
-72.125, 76.375, 5.115199559976969e-22, nan 
-71.875, 76.375, 4.853388520701137e-22, nan 
-71.625, 76.375, 4.956869402943767e-22, nan 
-71.375, 76.375, 4.506098135533593e-22, nan 
-71.125, 76.375, 4.260516593015863e-22, nan 
-70.875, 76.375, 3.4957360509324254e-22, nan 
-70.625, 76.375, 3.2961692675282566e-22, nan 
-70.375, 76.375, 4.486432268149094e-22, nan 
-70.125, 76.375, 4.27770628376972e-22, nan 
-69.875, 76.375, 3.1810547104125328e-22, nan 
-69.625, 76.375, 2.7854205382574025e-22, nan 
-69.375, 76.375, 3.097189359496175e-22, nan 
-69.125, 76.375, 1.8825441858973791e-22, nan 
-68.875, 76.375, 2.1906282460013005e-22, nan 
-68.625, 76.375, 3.011567334620683e-22, nan 
-68.375, 76.375, 2.689025708911844e-22, nan 
-68.125, 76.375, 6.235577122025345e-22, nan 
-67.875, 76.375, 5.721694190166932e-22, nan 
-67.625, 76.375, 3.912752251717609e-22, nan 
-67.375, 76.375, 3.6546306940988013e-22, nan 
-67.125, 76.375, 5.700455733138752e-22, nan 
-66.875, 76.375, 6.980012028792089e-22, nan 
-66.625, 76.375, 7.838471976568592e-22, nan 
-66.375, 76.375, 6.677983530854348e-22, nan 
-66.125, 76.375, 4.922156899864019e-22, nan 
-65.875, 76.375, 5.775969956637481e-22, nan 
-65.625, 76.375, 1.415843326310336e-21, nan 
-65.375, 76.375, 1.8569872645165043e-21, nan 
-65.125, 76.375, 2.4392972272175733e-21, nan 
-64.875, 76.375, 2.1571471794646203e-21, nan 
-64.625, 76.375, 2.4442649828718083e-21, nan 
-64.375, 76.375, 1.677038393178817e-21, nan 
-64.125, 76.375, 2.2931583669704388e-21, nan 
-63.875, 76.375, 2.001368171334199e-21, nan 
-63.625, 76.375, 2.00307174819264e-21, nan 
-63.375, 76.375, 1.968162776644852e-21, nan 
-63.125, 76.375, 1.897191132285487e-21, nan 
-62.875, 76.375, 1.6131059174151255e-21, nan 
-62.625, 76.375, 1.5864209428044137e-21, nan 
-62.375, 76.375, 1.3430056166737846e-21, nan 
-62.125, 76.375, 1.1812613306157786e-21, nan 
-61.875, 76.375, 5.345550216918282e-22, nan 
-61.625, 76.375, 7.480441807659555e-22, nan 
-61.375, 76.375, 9.961578712858289e-22, nan 
-61.125, 76.375, 1.434186195765517e-21, nan 
-60.875, 76.375, 1.6241493542385533e-21, nan 
-60.625, 76.375, 1.973008907281886e-21, nan 
-60.375, 76.375, 1.0425978871685088e-21, nan 
-60.125, 76.375, 1.9432089219227895e-21, nan 
-59.875, 76.375, 2.1676959113297133e-21, nan 
-59.625, 76.375, 2.6408159830572652e-21, nan 
-59.375, 76.375, 3.3801058209032836e-21, nan 
-59.125, 76.375, 2.0886142023690793e-21, nan 
-58.875, 76.375, 3.580456502991646e-21, nan 
-58.625, 76.375, 2.5880995306602214e-21, nan 
-58.375, 76.375, 1.9030552007771396e-21, nan 
-58.125, 76.375, 2.21987361222193e-21, nan 
-57.875, 76.375, 2.561969255942104e-21, nan 
-57.625, 76.375, 2.8815164550514176e-21, nan 
-57.375, 76.375, 4.718383305542116e-21, nan 
-57.125, 76.375, 2.9840734025904694e-20, nan 
-56.875, 76.375, 3.3256719112023235e-20, nan 
-56.625, 76.375, 6.451687093892507e-20, nan 
-56.375, 76.375, 2.8470414945819915e-20, nan 
-56.125, 76.375, 4.0231619713682154e-20, nan 
-55.875, 76.375, 6.020698272915069e-20, nan 
-55.625, 76.375, 6.63675168572361e-20, nan 
-55.375, 76.375, 5.90907599334411e-20, nan 
-55.125, 76.375, 5.672872011637678e-20, nan 
-54.875, 76.375, 5.147676157184127e-20, nan 
-54.625, 76.375, 4.477565011504706e-20, nan 
-54.375, 76.375, 4.605605559054794e-20, nan 
-54.125, 76.375, 5.03809931732873e-20, nan 
-53.875, 76.375, 5.749737935771909e-20, nan 
-53.625, 76.375, 3.6408245129186764e-20, nan 
-53.375, 76.375, 2.3378662941602845e-20, nan 
-53.125, 76.375, 1.3770557733097527e-20, nan 
-52.875, 76.375, 9.158295944374559e-21, nan 
-52.625, 76.375, 7.924963525224272e-21, nan 
-52.375, 76.375, 1.5562429372013825e-20, nan 
-52.125, 76.375, 1.4778720081601673e-20, nan 
-51.875, 76.375, 1.565739553218309e-20, nan 
-51.625, 76.375, 1.4737933451712842e-20, nan 
-51.375, 76.375, 1.5031245838666903e-20, nan 
-51.125, 76.375, 1.9940689770384916e-20, nan 
-50.875, 76.375, 2.054599930687362e-20, nan 
-50.625, 76.375, 1.9782475297440943e-20, nan 
-50.375, 76.375, 1.91695791762643e-20, nan 
-50.125, 76.375, 1.9897501156236827e-20, nan 
-49.875, 76.375, 1.727673044454859e-20, nan 
-49.625, 76.375, 1.7868148129436497e-20, nan 
-49.375, 76.375, 1.9691372463358406e-20, nan 
-49.125, 76.375, 2.4288881531481024e-20, nan 
-48.875, 76.375, 2.816799252222847e-20, nan 
-48.625, 76.375, 2.683412376091801e-20, nan 
-48.375, 76.375, 2.521206462102286e-20, nan 
-48.125, 76.375, 1.8986676230000928e-20, nan 
-47.875, 76.375, 1.5449048663496276e-20, nan 
-47.625, 76.375, 9.864485384647628e-21, nan 
-47.375, 76.375, 9.833113634698134e-21, nan 
-47.125, 76.375, 8.775960916312476e-21, nan 
-46.875, 76.375, 1.1483619166606402e-20, nan 
-46.625, 76.375, 2.174862556895761e-20, nan 
-46.375, 76.375, 2.9063397186553007e-20, nan 
-46.125, 76.375, 3.279868435672968e-20, nan 
-45.875, 76.375, 3.110522107675865e-20, nan 
-45.625, 76.375, 3.236089395528125e-20, nan 
-45.375, 76.375, 2.8865364069710426e-20, nan 
-45.125, 76.375, 3.8531892207010005e-20, nan 
-44.875, 76.375, 4.588467660421572e-20, nan 
-44.625, 76.375, 6.542955117262251e-20, nan 
-44.375, 76.375, 5.476030028316914e-20, nan 
-44.125, 76.375, 4.0282932324800065e-20, nan 
-43.875, 76.375, 2.4047795106179427e-20, nan 
-43.625, 76.375, 2.775122005501706e-20, nan 
-43.375, 76.375, 6.229417622261064e-20, nan 
-43.125, 76.375, 6.21217320610534e-20, nan 
-42.875, 76.375, 7.34504208169545e-20, nan 
-42.625, 76.375, 8.007213085460923e-20, nan 
-42.375, 76.375, 7.048005844321168e-20, nan 
-42.125, 76.375, 5.449161056327715e-20, nan 
-41.875, 76.375, 4.640363029642465e-20, nan 
-41.625, 76.375, 9.787160336091148e-20, nan 
-41.375, 76.375, 1.3246094317512103e-19, nan 
-41.125, 76.375, 1.2121380287907513e-19, nan 
-40.875, 76.375, 1.217996178933314e-19, nan 
-40.625, 76.375, 1.4051231727293054e-19, nan 
-40.375, 76.375, 1.724633019759617e-19, nan 
-40.125, 76.375, 2.2314810676761473e-19, nan 
-39.875, 76.375, 2.651390677274194e-19, nan 
-39.625, 76.375, 2.829634409741784e-19, nan 
-39.375, 76.375, 2.442935622194437e-19, nan 
-39.125, 76.375, 3.0623270045656176e-19, nan 
-38.875, 76.375, 4.58511068158121e-19, nan 
-38.625, 76.375, 5.814860637965741e-19, nan 
-38.375, 76.375, 5.908715954246691e-19, nan 
-38.125, 76.375, 3.9966866182084594e-19, nan 
-37.875, 76.375, 4.872656919724165e-19, nan 
-37.625, 76.375, 5.66081284686737e-19, nan 
-37.375, 76.375, 5.953627648670666e-19, nan 
-37.125, 76.375, 5.599749018781052e-19, nan 
-36.875, 76.375, 2.7380281478082184e-19, nan 
-36.625, 76.375, 3.2106400593086204e-19, nan 
-36.375, 76.375, 3.5271037388252503e-19, nan 
-36.125, 76.375, 3.237603513078293e-19, nan 
-35.875, 76.375, 3.8282035484473485e-19, nan 
-35.625, 76.375, 4.915954188383282e-19, nan 
-35.375, 76.375, 4.1499798662791977e-19, nan 
-35.125, 76.375, 1.95587187257449e-19, nan 
-34.875, 76.375, 2.46501028323876e-19, nan 
-34.625, 76.375, 3.528712035900043e-19, nan 
-34.375, 76.375, 6.742435850804921e-19, nan 
-34.125, 76.375, 9.443872784111616e-19, nan 
-33.875, 76.375, 1.5815667152092868e-18, nan 
-33.625, 76.375, 1.6168630243172882e-18, nan 
-33.375, 76.375, 1.7996257509036854e-18, nan 
-33.125, 76.375, 9.424095554600003e-19, nan 
-32.875, 76.375, 1.2188490526259606e-18, nan 
-32.625, 76.375, 1.284474066639766e-18, nan 
-32.375, 76.375, 1.3731679945937567e-18, nan 
-32.125, 76.375, 1.2771325805498658e-18, nan 
-31.875, 76.375, 8.159257119273334e-19, nan 
-31.625, 76.375, 1.2195929803018955e-18, nan 
-31.375, 76.375, 4.782473065547586e-18, nan 
-31.125, 76.375, 4.845357224226217e-18, nan 
-30.875, 76.375, 4.1813578899169694e-18, nan 
-30.625, 76.375, 4.658907149828094e-18, nan 
-30.375, 76.375, 4.227816879044287e-18, nan 
-30.125, 76.375, 5.10899034781586e-18, nan 
-29.875, 76.375, 3.069415355685964e-18, nan 
-29.625, 76.375, 1.0961430910099687e-17, nan 
-29.375, 76.375, 9.672294478661161e-18, nan 
-29.125, 76.375, 7.73073879804335e-18, nan 
-28.875, 76.375, 1.005968509844584e-17, nan 
-28.625, 76.375, 5.883385442736185e-18, nan 
-28.375, 76.375, 1.5946109457999948e-17, nan 
-28.125, 76.375, 2.0445512838497628e-17, nan 
-27.875, 76.375, 1.4409652500092914e-17, nan 
-27.625, 76.375, 2.7439978450545482e-17, nan 
-27.375, 76.375, 3.921081609746572e-17, nan 
-27.125, 76.375, 8.725499818152558e-18, nan 
-26.875, 76.375, 6.683786573048439e-17, nan 
-26.625, 76.375, 1.0630253196440902e-17, nan 
-26.375, 76.375, 1.6375500341626668e-17, nan 
-26.125, 76.375, 3.0477220661523815e-17, nan 
-25.875, 76.375, 7.871668462960873e-18, nan 
-25.625, 76.375, 3.239804499852264e-17, nan 
-25.375, 76.375, 1.283856627748141e-17, nan 
-25.125, 76.375, 7.424652149149436e-18, nan 
-24.875, 76.375, 7.240952250700708e-18, nan 
-24.625, 76.375, 6.171590325268953e-18, nan 
-24.375, 76.375, 4.9739506476322556e-18, nan 
-24.125, 76.375, 5.292927270144756e-18, nan 
-23.875, 76.375, 3.479889717823559e-18, nan 
-23.625, 76.375, 5.781399655466066e-18, nan 
-23.375, 76.375, 5.209924465110385e-18, nan 
-23.125, 76.375, 4.0001999024976184e-18, nan 
-22.875, 76.375, 3.5820356688421285e-18, nan 
-22.625, 76.375, 2.7288476849304514e-18, nan 
-22.375, 76.375, 2.7226532037767768e-18, nan 
-22.125, 76.375, 3.1796893540997286e-18, nan 
-21.875, 76.375, 3.525138437849727e-18, nan 
-21.625, 76.375, 2.7954040491274385e-18, nan 
-21.375, 76.375, 2.069793491818105e-18, nan 
-21.125, 76.375, 1.765514317958886e-18, nan 
-20.875, 76.375, 2.1034489939693428e-18, nan 
-20.625, 76.375, 2.3071775695416253e-18, nan 
-20.375, 76.375, 1.6957966089217353e-18, nan 
-20.125, 76.375, 1.6989627475867228e-18, nan 
-19.875, 76.375, 1.3074493425528502e-18, nan 
-19.625, 76.375, 1.4462303208168024e-18, nan 
-19.375, 76.375, 1.2155692752890815e-18, nan 
-19.125, 76.375, 1.01506444777317e-18, nan 
-18.875, 76.375, 9.149815662091454e-19, nan 
-18.625, 76.375, 8.883322791866457e-19, nan 
-18.375, 76.375, 1.2481766984119912e-18, nan 
-18.125, 76.375, 9.033049752024172e-19, nan 
-17.875, 76.375, 9.269727543542658e-19, nan 
-17.625, 76.375, 6.022052441662056e-19, nan 
-17.375, 76.375, 5.524941289231043e-19, nan 
-17.125, 76.375, 3.087884419402934e-19, nan 
-16.875, 76.375, 4.1448958451801727e-19, nan 
-16.625, 76.375, 3.442628304841164e-19, nan 
-16.375, 76.375, 3.4284026576891553e-19, nan 
-16.125, 76.375, 2.6395762153648124e-19, nan 
-15.875, 76.375, 3.0637002269889195e-19, nan 
-15.625, 76.375, 3.087802089823383e-19, nan 
-15.375, 76.375, 2.582389588057924e-19, nan 
-15.125, 76.375, 1.805830144855614e-19, nan 
-14.875, 76.375, 1.3091559437168482e-19, nan 
-14.625, 76.375, 1.2927041290748702e-19, nan 
-14.375, 76.375, 9.324464607171563e-20, nan 
-14.125, 76.375, 1.7592449568111362e-19, nan 
-13.875, 76.375, 1.3534071408260543e-19, nan 
-13.625, 76.375, 1.3990156947249861e-19, nan 
-13.375, 76.375, 1.1358744863930463e-19, nan 
-13.125, 76.375, 1.3453501654071034e-19, nan 
-12.875, 76.375, 1.2898066502596214e-19, nan 
-12.625, 76.375, 2.2188969376789353e-19, nan 
-12.375, 76.375, 1.7028962509317127e-19, nan 
-12.125, 76.375, 1.4344449109648245e-19, nan 
-11.875, 76.375, 9.181732978548776e-20, nan 
-11.625, 76.375, 8.615363478250558e-20, nan 
-11.375, 76.375, 1.1466858566471063e-19, nan 
-11.125, 76.375, 1.333367013902727e-19, nan 
-10.875, 76.375, 1.7055447127584965e-19, nan 
-10.625, 76.375, 1.4261120725427167e-19, nan 
-10.375, 76.375, 1.0571402112209954e-19, nan 
-10.125, 76.375, 8.82415071812479e-20, nan 
-9.875, 76.375, 9.422712683721192e-20, nan 
-9.625, 76.375, 1.2360540085921688e-19, nan 
-9.375, 76.375, 1.167860636471725e-19, nan 
-9.125, 76.375, 9.223058171158792e-20, nan 
-8.875, 76.375, 1.0077167042302237e-19, nan 
-8.625, 76.375, 1.0614763271418954e-19, nan 
-8.375, 76.375, 9.297299370770213e-20, nan 
-8.125, 76.375, 9.806978472956407e-20, nan 
-7.875, 76.375, 1.433622444593323e-19, nan 
-7.625, 76.375, 1.0215243573005374e-19, nan 
-7.375, 76.375, 8.553341183109479e-20, nan 
-7.125, 76.375, 6.806299649638883e-20, nan 
-6.875, 76.375, 6.383926149638492e-20, nan 
-6.625, 76.375, 8.256862175202709e-20, nan 
-6.375, 76.375, 6.095006293267905e-20, nan 
-6.125, 76.375, 4.405999864058682e-20, nan 
-5.875, 76.375, 4.4136095277839006e-20, nan 
-5.625, 76.375, 3.32886677672865e-20, nan 
-5.375, 76.375, 2.7645192661083363e-20, nan 
-5.125, 76.375, 4.509119985096074e-20, nan 
-4.875, 76.375, 3.3208797306916756e-20, nan 
-4.625, 76.375, 4.249206523651425e-20, nan 
-4.375, 76.375, 3.8487897860864887e-20, nan 
-4.125, 76.375, 3.3564873068257566e-20, nan 
-3.875, 76.375, 2.6156346047564655e-20, nan 
-3.625, 76.375, 1.7996272943353773e-20, nan 
-3.375, 76.375, 2.4653713072941038e-20, nan 
-3.125, 76.375, 2.3064876343161178e-20, nan 
-2.875, 76.375, 3.500590015489873e-20, nan 
-2.625, 76.375, 2.0727355354104776e-20, nan 
-2.375, 76.375, 1.8028999736833547e-20, nan 
-2.125, 76.375, 1.6227832140655537e-20, nan 
-1.875, 76.375, 1.7320317059112117e-20, nan 
-1.625, 76.375, 3.1429945579829664e-20, nan 
-1.375, 76.375, 1.6101824358458588e-20, nan 
-1.125, 76.375, 8.725124337625514e-21, nan 
-0.875, 76.375, 1.487470086585947e-20, nan 
-0.625, 76.375, 1.4343109888747112e-20, nan 
-0.375, 76.375, 8.170924826824746e-21, nan 
-0.125, 76.375, 9.914950490945012e-21, nan 
0.125, 76.375, 1.205672671329655e-20, nan 
0.375, 76.375, 1.010072701909137e-20, nan 
0.625, 76.375, 1.1799429978324668e-20, nan 
0.875, 76.375, 1.3033687623001729e-20, nan 
1.125, 76.375, 1.0353599704122812e-20, nan 
1.375, 76.375, 1.1499338767990417e-20, nan 
1.625, 76.375, 5.677121063799885e-21, nan 
1.875, 76.375, 5.718259327239081e-21, nan 
2.125, 76.375, 1.460704418087316e-20, nan 
2.375, 76.375, 1.4525403857836753e-20, nan 
2.625, 76.375, 1.8599946868566344e-20, nan 
2.875, 76.375, 2.870509459172745e-20, nan 
3.125, 76.375, 2.7047123479478435e-20, nan 
3.375, 76.375, 1.9670610563047756e-20, nan 
3.625, 76.375, 1.0394874452784735e-20, nan 
3.875, 76.375, 4.964116539956702e-21, nan 
4.125, 76.375, 3.579433605800268e-21, nan 
4.375, 76.375, 2.886629638503707e-21, nan 
4.625, 76.375, 5.1090903895846385e-21, nan 
4.875, 76.375, 3.671197633134459e-21, nan 
5.125, 76.375, 2.6235117042206623e-21, nan 
5.375, 76.375, 4.416762486784384e-21, nan 
5.625, 76.375, 4.2314363992475635e-21, nan 
5.875, 76.375, 4.716121042228106e-21, nan 
6.125, 76.375, 4.580936592831945e-21, nan 
6.375, 76.375, 5.088039221233455e-21, nan 
6.625, 76.375, 3.912224525151495e-21, nan 
6.875, 76.375, 4.895661702881673e-21, nan 
7.125, 76.375, 5.492998079914943e-21, nan 
7.375, 76.375, 4.735569454278518e-21, nan 
7.625, 76.375, 4.027454072662587e-21, nan 
7.875, 76.375, 3.474938190599494e-21, nan 
8.125, 76.375, 2.636215780813361e-21, nan 
8.375, 76.375, 4.2368537710279516e-21, nan 
8.625, 76.375, 1.7532959564957005e-21, nan 
8.875, 76.375, 1.2561103122151242e-21, nan 
9.125, 76.375, 1.3035047702909668e-21, nan 
9.375, 76.375, 1.9320505252291996e-21, nan 
9.625, 76.375, 1.785429390693967e-21, nan 
9.875, 76.375, 9.161852281955496e-22, nan 
10.125, 76.375, 1.5121460156121978e-21, nan 
10.375, 76.375, 9.498154961037267e-22, nan 
10.625, 76.375, 1.283515904233797e-21, nan 
10.875, 76.375, 7.207482629234294e-22, nan 
11.125, 76.375, 1.0501449286272541e-21, nan 
11.375, 76.375, 7.425877013528772e-22, nan 
11.625, 76.375, 9.92756927520829e-22, nan 
11.875, 76.375, 1.1860585261141975e-21, nan 
12.125, 76.375, 6.323732683364922e-22, nan 
12.375, 76.375, 1.0694907418936625e-21, nan 
12.625, 76.375, 3.824217429904359e-22, nan 
12.875, 76.375, 3.419090662769165e-22, nan 
13.125, 76.375, 5.311962272832558e-22, nan 
13.375, 76.375, 7.514013334543659e-22, nan 
13.625, 76.375, 1.152377613175758e-21, nan 
13.875, 76.375, 1.6382009819849115e-21, nan 
14.125, 76.375, 1.2299757108699513e-21, nan 
14.375, 76.375, 8.833184652506495e-22, nan 
14.625, 76.375, 1.3285050561250189e-21, nan 
14.875, 76.375, 1.2811374029991938e-21, nan 
15.125, 76.375, 1.5835467801178591e-21, nan 
15.375, 76.375, 1.6036993788422194e-21, nan 
15.625, 76.375, 1.383057367232709e-21, nan 
15.875, 76.375, 1.2189546000679479e-21, nan 
16.125, 76.375, 8.353979902919343e-22, nan 
16.375, 76.375, 1.2334044799154112e-21, nan 
16.625, 76.375, 1.6198216466267175e-21, nan 
16.875, 76.375, 1.2382218371592377e-21, nan 
17.125, 76.375, 7.908732459281965e-22, nan 
17.375, 76.375, 3.958178106554743e-22, nan 
17.625, 76.375, 6.236955187106559e-22, nan 
17.875, 76.375, 3.5563521738559425e-22, nan 
18.125, 76.375, 3.0050367880935215e-22, nan 
18.375, 76.375, 4.25318670337105e-22, nan 
18.625, 76.375, 5.394698257303987e-22, nan 
18.875, 76.375, 8.312674156519381e-22, nan 
19.125, 76.375, 7.189860334673831e-22, nan 
19.375, 76.375, 6.629103174775331e-22, nan 
19.625, 76.375, 5.64933669988441e-22, nan 
19.875, 76.375, 3.5958473733637056e-22, nan 
20.125, 76.375, 4.571727068240906e-22, nan 
20.375, 76.375, 4.938106152026022e-22, nan 
20.625, 76.375, 4.839942395162764e-22, nan 
20.875, 76.375, 3.699486254001082e-22, nan 
21.125, 76.375, 2.8743671858482946e-22, nan 
21.375, 76.375, 2.2632819201444005e-22, nan 
21.625, 76.375, 2.3446517777240267e-22, nan 
21.875, 76.375, 2.4159295446904726e-22, nan 
22.125, 76.375, 3.295612521407357e-22, nan 
22.375, 76.375, 5.28447941384314e-22, nan 
22.625, 76.375, 3.2323627550443314e-22, nan 
22.875, 76.375, 3.0796456969561665e-22, nan 
23.125, 76.375, 3.8374757909149767e-22, nan 
23.375, 76.375, 3.064947758139313e-22, nan 
23.625, 76.375, 2.5942942893233553e-22, nan 
23.875, 76.375, 1.833148065991396e-22, nan 
24.125, 76.375, 1.59743023437031e-22, nan 
24.375, 76.375, 1.9881988473244738e-22, nan 
24.625, 76.375, 1.4723170350265252e-22, nan 
24.875, 76.375, 1.2388978627196655e-22, nan 
25.125, 76.375, 1.780785087404236e-22, nan 
25.375, 76.375, 1.2907315876179103e-22, nan 
25.625, 76.375, 1.5765918809599618e-22, nan 
25.875, 76.375, 2.5039403832763656e-22, nan 
26.125, 76.375, 4.748162838466775e-22, nan 
26.375, 76.375, 4.144343014122207e-22, nan 
26.625, 76.375, 3.1558607747132616e-22, nan 
26.875, 76.375, 2.2118377289310127e-22, nan 
27.125, 76.375, 1.428006362677148e-22, nan 
27.375, 76.375, 1.9049788018368916e-22, nan 
27.625, 76.375, 3.3996512711799367e-22, nan 
27.875, 76.375, 2.180315094288807e-22, nan 
28.125, 76.375, 1.5359242071497105e-22, nan 
28.375, 76.375, 1.5939703067853266e-22, nan 
28.625, 76.375, 1.7461499935510664e-22, nan 
28.875, 76.375, 2.413105521932595e-22, nan 
29.125, 76.375, 2.473858092150528e-22, nan 
29.375, 76.375, 2.0487352146912844e-22, nan 
29.625, 76.375, 1.685193971687149e-22, nan 
29.875, 76.375, 1.711105415168738e-22, nan 
30.125, 76.375, 1.6706988035645853e-22, nan 
30.375, 76.375, 2.0251848750479441e-22, nan 
30.625, 76.375, 1.5463826529206256e-22, nan 
30.875, 76.375, 1.4184875816500897e-22, nan 
31.125, 76.375, 1.8132055822314917e-22, nan 
31.375, 76.375, 1.4990371910665564e-22, nan 
31.625, 76.375, 1.4982187966938362e-22, nan 
31.875, 76.375, 1.3193057778813857e-22, nan 
32.125, 76.375, 1.019483689460589e-22, nan 
32.375, 76.375, 1.932716345740333e-22, nan 
32.625, 76.375, 1.311360488484573e-22, nan 
32.875, 76.375, 8.270808382134331e-23, nan 
33.125, 76.375, 9.632523884627294e-23, nan 
33.375, 76.375, 5.099006865808602e-23, nan 
33.625, 76.375, 8.6975785382438e-23, nan 
33.875, 76.375, 1.0495498265979425e-22, nan 
34.125, 76.375, 7.431843973748132e-23, nan 
34.375, 76.375, 9.069411786171531e-23, nan 
34.625, 76.375, 5.2782267275354674e-23, nan 
34.875, 76.375, 5.444020621438728e-23, nan 
35.125, 76.375, 5.535637121153213e-23, nan 
35.375, 76.375, 6.86380920011686e-23, nan 
35.625, 76.375, 6.756952948987178e-23, nan 
35.875, 76.375, 5.142230805486646e-23, nan 
36.125, 76.375, 3.690153782146762e-23, nan 
36.375, 76.375, 3.5207079318696375e-23, nan 
36.625, 76.375, 8.298429237343353e-23, nan 
36.875, 76.375, 8.499359316849094e-23, nan 
37.125, 76.375, 5.633064033534995e-23, nan 
37.375, 76.375, 6.169764040143273e-23, nan 
37.625, 76.375, 3.5877456169828597e-23, nan 
37.875, 76.375, 2.83256144910651e-23, nan 
38.125, 76.375, 4.0635523505813056e-23, nan 
38.375, 76.375, 3.564117707349914e-23, nan 
38.625, 76.375, 3.014574337074474e-23, nan 
38.875, 76.375, 1.9130803343412392e-23, nan 
39.125, 76.375, 4.0256011850042627e-23, nan 
39.375, 76.375, 4.578161723266372e-23, nan 
39.625, 76.375, 5.84602777917264e-23, nan 
39.875, 76.375, 4.529022664794004e-23, nan 
40.125, 76.375, 1.8530216586080176e-23, nan 
40.375, 76.375, 3.1418313070808744e-23, nan 
40.625, 76.375, 3.879421347130174e-23, nan 
40.875, 76.375, 7.889510451122466e-23, nan 
41.125, 76.375, 6.169936055621038e-23, nan 
41.375, 76.375, 2.09667326706112e-23, nan 
41.625, 76.375, 2.4144972528360518e-23, nan 
41.875, 76.375, 3.7185964956050836e-23, nan 
42.125, 76.375, 4.29688497301199e-23, nan 
42.375, 76.375, 3.956435155467245e-23, nan 
42.625, 76.375, 2.2129043586360234e-23, nan 
42.875, 76.375, 2.422289979212351e-23, nan 
43.125, 76.375, 3.602569372453925e-23, nan 
43.375, 76.375, 6.059000389147749e-23, nan 
43.625, 76.375, 5.843812422865945e-23, nan 
43.875, 76.375, 4.2898628313620486e-23, nan 
44.125, 76.375, 4.989689250362176e-23, nan 
44.375, 76.375, 4.1364490519341116e-23, nan 
44.625, 76.375, 6.136361121576753e-23, nan 
44.875, 76.375, 5.860958765765176e-23, nan 
45.125, 76.375, 4.4618974952137695e-23, nan 
45.375, 76.375, 5.541361576434677e-23, nan 
45.625, 76.375, 5.458962152761646e-23, nan 
45.875, 76.375, 8.51890549179589e-23, nan 
46.125, 76.375, 5.372198720245917e-23, nan 
46.375, 76.375, 5.133906858718439e-23, nan 
46.625, 76.375, 7.090848040230221e-23, nan 
46.875, 76.375, 6.539425142998017e-23, nan 
47.125, 76.375, 4.297009620330628e-23, nan 
47.375, 76.375, 5.0092661839800946e-23, nan 
47.625, 76.375, 2.5601158588337837e-23, nan 
47.875, 76.375, 1.829910113133286e-23, nan 
48.125, 76.375, 8.727986155601297e-24, nan 
48.375, 76.375, 1.5797730455042376e-23, nan 
48.625, 76.375, 2.503164233538632e-23, nan 
48.875, 76.375, 3.6823463586423835e-23, nan 
49.125, 76.375, 2.4173625015179505e-23, nan 
49.375, 76.375, 1.8701789859164887e-23, nan 
49.625, 76.375, 2.279490084820836e-23, nan 
49.875, 76.375, 2.2517415721872075e-23, nan 
50.125, 76.375, 2.2478217855253912e-23, nan 
50.375, 76.375, 1.760903235164545e-23, nan 
50.625, 76.375, 2.391928487887313e-23, nan 
50.875, 76.375, 1.1936263772973252e-23, nan 
51.125, 76.375, 1.4163084864582376e-23, nan 
51.375, 76.375, 1.1156219857710321e-23, nan 
51.625, 76.375, 5.2868045583127876e-24, nan 
51.875, 76.375, 1.194331231313699e-23, nan 
52.125, 76.375, 1.1002583291870604e-23, nan 
52.375, 76.375, 1.954278655106103e-23, nan 
52.625, 76.375, 2.4811848648106297e-23, nan 
52.875, 76.375, 3.6722827669006886e-24, nan 
53.125, 76.375, 1.7614016505135916e-23, nan 
53.375, 76.375, 1.875922288287245e-24, nan 
53.625, 76.375, 1.011150134417934e-23, nan 
53.875, 76.375, 1.80959146840164e-23, nan 
54.125, 76.375, 8.448284565758995e-24, nan 
54.375, 76.375, 1.1403041338961224e-23, nan 
54.625, 76.375, 1.9196932662459186e-23, nan 
54.875, 76.375, 3.242180690620753e-23, nan 
55.125, 76.375, 3.384835712984908e-23, nan 
55.375, 76.375, 4.607006848637275e-23, nan 
55.625, 76.375, 3.443008843759186e-23, nan 
55.875, 76.375, 2.916298069807129e-23, nan 
56.125, 76.375, 2.98818971383805e-23, nan 
56.375, 76.375, 3.167367718861897e-23, nan 
56.625, 76.375, 4.6148682842479504e-23, nan 
56.875, 76.375, 3.2332370303724315e-23, nan 
57.125, 76.375, 2.2937144608399885e-23, nan 
57.375, 76.375, 1.0502848375734247e-23, nan 
57.625, 76.375, 1.3193388859643107e-23, nan 
57.875, 76.375, 1.5915044544176178e-23, nan 
58.125, 76.375, 1.0311225015389376e-23, nan 
58.375, 76.375, 1.1199286700228929e-23, nan 
58.625, 76.375, 1.0696438217378166e-23, nan 
58.875, 76.375, 5.393141244516823e-24, nan 
59.125, 76.375, 5.0886971572478e-24, nan 
59.375, 76.375, 5.619954933875206e-24, nan 
59.625, 76.375, 6.5722326674535124e-24, nan 
59.875, 76.375, 6.955180255309884e-24, nan 
60.125, 76.375, 4.147171252979086e-24, nan 
60.375, 76.375, 5.167042714391091e-24, nan 
60.625, 76.375, 1.4192385465595053e-23, nan 
60.875, 76.375, 3.038540214547301e-23, nan 
61.125, 76.375, 3.713437975463132e-23, nan 
61.375, 76.375, 3.722736627675522e-23, nan 
61.625, 76.375, 2.0270211107030736e-23, nan 
61.875, 76.375, 2.487703419359774e-23, nan 
62.125, 76.375, 5.142864428822827e-23, nan 
62.375, 76.375, 6.546714956225884e-23, nan 
62.625, 76.375, 7.217567790222369e-23, nan 
62.875, 76.375, 4.1332287133825745e-23, nan 
63.125, 76.375, 1.2238958687302295e-23, nan 
63.375, 76.375, 2.224010451176705e-23, nan 
63.625, 76.375, 2.9124817689109665e-23, nan 
63.875, 76.375, 3.5395480756081055e-23, nan 
64.125, 76.375, 1.879673155849117e-23, nan 
64.375, 76.375, 1.386053729634539e-23, nan 
64.625, 76.375, 4.091546670333109e-24, nan 
64.875, 76.375, 1.0791015618933416e-23, nan 
65.125, 76.375, 8.117069545815264e-24, nan 
65.375, 76.375, 7.709370066266689e-24, nan 
65.625, 76.375, 1.4416016354904635e-23, nan 
65.875, 76.375, 1.232136109845706e-23, nan 
66.125, 76.375, 1.0866979609855487e-23, nan 
66.375, 76.375, 1.4585371255257128e-23, nan 
66.625, 76.375, 1.0446161755371082e-23, nan 
66.875, 76.375, 3.0053840061303313e-24, nan 
67.125, 76.375, 4.834093168034774e-24, nan 
67.375, 76.375, 3.7498398577163744e-24, nan 
67.625, 76.375, 4.6760155016457875e-24, nan 
67.875, 76.375, 5.2339375239500954e-24, nan 
68.125, 76.375, 4.789233840369108e-24, nan 
68.375, 76.375, 3.3951868844088135e-24, nan 
68.625, 76.375, 3.100170607926996e-24, nan 
68.875, 76.375, 2.7949818713341928e-24, nan 
69.125, 76.375, 3.474248433619128e-24, nan 
69.375, 76.375, 3.971675850221523e-24, nan 
69.625, 76.375, 4.889777678094293e-24, nan 
69.875, 76.375, 2.7579586098367156e-24, nan 
70.125, 76.375, 3.9987561600612626e-24, nan 
70.375, 76.375, 2.5280819580940376e-24, nan 
70.625, 76.375, 2.9283282672922537e-24, nan 
70.875, 76.375, 4.2488900398923926e-24, nan 
71.125, 76.375, 4.9030678377538e-24, nan 
71.375, 76.375, 5.68167004280132e-24, nan 
71.625, 76.375, 6.959159359264786e-24, nan 
71.875, 76.375, 3.6812819405795226e-24, nan 
72.125, 76.375, 5.782642195200751e-24, nan 
72.375, 76.375, 5.187362587475636e-24, nan 
72.625, 76.375, 6.309401856741315e-24, nan 
72.875, 76.375, 5.321532209512772e-24, nan 
73.125, 76.375, 4.654394998915512e-24, nan 
73.375, 76.375, 6.5054188819252304e-24, nan 
73.625, 76.375, 5.171210987584923e-24, nan 
73.875, 76.375, 5.816462290878047e-24, nan 
74.125, 76.375, 6.725736304461224e-24, nan 
74.375, 76.375, 5.6714862403569935e-24, nan 
74.625, 76.375, 5.598436969623476e-24, nan 
74.875, 76.375, 6.4142577582076816e-24, nan 
75.125, 76.375, 6.4840255256173155e-24, nan 
75.375, 76.375, 5.93318271037969e-24, nan 
75.625, 76.375, 6.575362675948289e-24, nan 
75.875, 76.375, 4.88513105089076e-24, nan 
76.125, 76.375, 6.530604186877867e-24, nan 
76.375, 76.375, 6.0331665086915506e-24, nan 
76.625, 76.375, 9.974262123153791e-24, nan 
76.875, 76.375, 2.0909990606784885e-23, nan 
77.125, 76.375, 1.2441919195703845e-23, nan 
77.375, 76.375, 9.152489524728478e-24, nan 
77.625, 76.375, 8.220492073507133e-24, nan 
77.875, 76.375, 1.3258585746337494e-23, nan 
78.125, 76.375, 3.3747306507027e-23, nan 
78.375, 76.375, 1.7177749503879592e-23, nan 
78.625, 76.375, 8.051862243984679e-24, nan 
78.875, 76.375, 2.482250004440952e-24, nan 
79.125, 76.375, 5.396243819159105e-24, nan 
79.375, 76.375, 1.4709434197534075e-23, nan 
79.625, 76.375, 1.0156894693903376e-23, nan 
79.875, 76.375, 8.898100126156283e-24, nan 
80.125, 76.375, 9.002497880650327e-24, nan 
80.375, 76.375, 8.826141477273713e-24, nan 
80.625, 76.375, 7.767996812173992e-24, nan 
80.875, 76.375, 6.898224303338335e-24, nan 
81.125, 76.375, 8.974817753663489e-24, nan 
81.375, 76.375, 8.137907979617048e-24, nan 
81.625, 76.375, 5.293484650048341e-24, nan 
81.875, 76.375, 6.837557988086266e-24, nan 
82.125, 76.375, 3.677484049344258e-24, nan 
82.375, 76.375, 3.8463949778082885e-24, nan 
82.625, 76.375, 1.7884135578213206e-24, nan 
82.875, 76.375, 2.8344054649831748e-24, nan 
83.125, 76.375, 2.4468723585732173e-24, nan 
83.375, 76.375, 2.4275552766118924e-24, nan 
83.625, 76.375, 2.173791922514993e-24, nan 
83.875, 76.375, 2.5857107734295046e-24, nan 
84.125, 76.375, 3.540477569115731e-24, nan 
84.375, 76.375, 2.8823034757041755e-24, nan 
84.625, 76.375, 3.581669061436329e-24, nan 
84.875, 76.375, 3.388548367692143e-24, nan 
85.125, 76.375, 2.475797567541705e-24, nan 
85.375, 76.375, 2.4063302249015684e-24, nan 
85.625, 76.375, 2.760068846077688e-24, nan 
85.875, 76.375, 4.242860269836162e-24, nan 
86.125, 76.375, 5.458770409982881e-24, nan 
86.375, 76.375, 6.1785628835167506e-24, nan 
86.625, 76.375, 1.0000696250484217e-23, nan 
86.875, 76.375, 8.307461909493247e-24, nan 
87.125, 76.375, 9.441767229984174e-24, nan 
87.375, 76.375, 7.78334094250873e-24, nan 
87.625, 76.375, 7.089669882517043e-24, nan 
87.875, 76.375, 7.743975316563153e-24, nan 
88.125, 76.375, 6.035721512556908e-24, nan 
88.375, 76.375, 7.596751213536487e-24, nan 
88.625, 76.375, 1.0539683643910654e-23, nan 
88.875, 76.375, 1.2857363444817616e-23, nan 
89.125, 76.375, 1.2030256177241016e-23, nan 
89.375, 76.375, 7.240739808720099e-24, nan 
89.625, 76.375, 8.439887054976367e-24, nan 
89.875, 76.375, 1.0897159713953946e-23, nan 
90.125, 76.375, 1.289747841623992e-23, nan 
90.375, 76.375, 9.891828154943715e-24, nan 
90.625, 76.375, 5.804822356936209e-24, nan 
90.875, 76.375, 1.4910588115939634e-23, nan 
91.125, 76.375, 1.3768363314017573e-23, nan 
91.375, 76.375, 1.5298474757238567e-23, nan 
91.625, 76.375, 1.0166704259613034e-23, nan 
91.875, 76.375, 4.1802611051224515e-24, nan 
92.125, 76.375, 4.00052497282557e-24, nan 
92.375, 76.375, 5.526013457662039e-24, nan 
92.625, 76.375, 4.8640204700669464e-24, nan 
92.875, 76.375, 5.581435165525484e-24, nan 
93.125, 76.375, 5.4019677549501805e-24, nan 
93.375, 76.375, 6.578012573020648e-24, nan 
93.625, 76.375, 4.108821974767127e-24, nan 
93.875, 76.375, 2.8811732201691084e-24, nan 
94.125, 76.375, 3.9820838615260166e-24, nan 
94.375, 76.375, 3.2841101788975923e-24, nan 
94.625, 76.375, 3.284118936212545e-24, nan 
94.875, 76.375, 2.8992742684922698e-24, nan 
95.125, 76.375, 2.8822133481644847e-24, nan 
95.375, 76.375, 2.51139828935501e-24, nan 
95.625, 76.375, 3.199182106225562e-24, nan 
95.875, 76.375, 2.8213489242312953e-24, nan 
96.125, 76.375, 2.919600384696893e-24, nan 
96.375, 76.375, 3.046926404976774e-24, nan 
96.625, 76.375, 2.388116292874938e-24, nan 
96.875, 76.375, 3.1182496755700233e-24, nan 
97.125, 76.375, 2.8316132783436956e-24, nan 
97.375, 76.375, 2.257188000284761e-24, nan 
97.625, 76.375, 1.2791436664130256e-24, nan 
97.875, 76.375, 1.3217316059558025e-24, nan 
98.125, 76.375, 2.8318881579901095e-24, nan 
98.375, 76.375, 4.038022666307602e-24, nan 
98.625, 76.375, 3.647635299186482e-24, nan 
98.875, 76.375, 3.974338162776112e-24, nan 
99.125, 76.375, 4.660319656141432e-24, nan 
99.375, 76.375, 5.347178552700377e-24, nan 
99.625, 76.375, 4.083873791823295e-24, nan 
99.875, 76.375, 5.736492884507305e-24, nan 
100.125, 76.375, 5.678234799020214e-24, nan 
100.375, 76.375, 6.850753976822315e-24, nan 
100.625, 76.375, 9.820008391477346e-24, nan 
100.875, 76.375, 4.129903614071434e-24, nan 
101.125, 76.375, 2.919787519135205e-24, nan 
101.375, 76.375, 2.4139706739637863e-24, nan 
101.625, 76.375, 3.387026888505573e-24, nan 
101.875, 76.375, 5.4086942751343105e-24, nan 
102.125, 76.375, 3.882800537874525e-24, nan 
102.375, 76.375, 2.6737084306535412e-24, nan 
102.625, 76.375, 2.0235438800378297e-24, nan 
102.875, 76.375, 1.4011641584571406e-24, nan 
103.125, 76.375, 1.7308152654448465e-24, nan 
103.375, 76.375, 2.0079893353758956e-24, nan 
103.625, 76.375, 1.966704055519345e-24, nan 
103.875, 76.375, 1.709188169550254e-24, nan 
104.125, 76.375, 3.0665995018036604e-24, nan 
104.375, 76.375, 4.533968059867674e-24, nan 
104.625, 76.375, 3.0779968149372655e-24, nan 
104.875, 76.375, 2.0283127185318918e-24, nan 
105.125, 76.375, 2.224989032454222e-24, nan 
105.375, 76.375, 2.2749428318417e-24, nan 
105.625, 76.375, 2.253312473478566e-24, nan 
105.875, 76.375, 2.6340191603521528e-24, nan 
106.125, 76.375, 2.7281920795466293e-24, nan 
106.375, 76.375, 2.6529989511669185e-24, nan 
106.625, 76.375, 2.410619336565207e-24, nan 
106.875, 76.375, 2.9132805791503823e-24, nan 
107.125, 76.375, 2.6541036854576306e-24, nan 
107.375, 76.375, 2.5344746612292758e-24, nan 
107.625, 76.375, 3.480947703139029e-24, nan 
107.875, 76.375, 3.605496447964886e-24, nan 
108.125, 76.375, 2.3428425013845038e-24, nan 
108.375, 76.375, 1.6036298856611837e-24, nan 
108.625, 76.375, 3.027851173824203e-24, nan 
108.875, 76.375, 1.844904783852723e-24, nan 
109.125, 76.375, 2.0546195040561064e-24, nan 
109.375, 76.375, 2.5763980406476696e-24, nan 
109.625, 76.375, 3.102658885448862e-24, nan 
109.875, 76.375, 3.0504036548922805e-24, nan 
110.125, 76.375, 2.6555352272080434e-24, nan 
110.375, 76.375, 1.7958427546273426e-24, nan 
110.625, 76.375, 2.394286625570179e-24, nan 
110.875, 76.375, 1.6196619602290773e-24, nan 
111.125, 76.375, 2.9023637224375472e-24, nan 
111.375, 76.375, 2.4725414995789337e-24, nan 
111.625, 76.375, 2.408161806295034e-24, nan 
111.875, 76.375, 2.1600325372991142e-24, nan 
112.125, 76.375, 2.6346019356702967e-24, nan 
112.375, 76.375, 3.2940155835090555e-24, nan 
112.625, 76.375, 3.0498441897115157e-24, nan 
112.875, 76.375, 3.011358221855469e-24, nan 
113.125, 76.375, 2.781370056129723e-24, nan 
113.375, 76.375, 2.8084694956111825e-24, nan 
113.625, 76.375, 2.6855125068225453e-24, nan 
113.875, 76.375, 3.087063263607955e-24, nan 
114.125, 76.375, 3.0239792424911836e-24, nan 
114.375, 76.375, 4.395762279718757e-24, nan 
114.625, 76.375, 1.415922164209829e-24, nan 
114.875, 76.375, 2.868332869513973e-24, nan 
115.125, 76.375, 3.465119804971302e-24, nan 
115.375, 76.375, 2.6454726640391387e-24, nan 
115.625, 76.375, 3.362317801766928e-24, nan 
115.875, 76.375, 5.0282800953351215e-24, nan 
116.125, 76.375, 2.5593924111312125e-24, nan 
116.375, 76.375, 2.3605689953277272e-24, nan 
116.625, 76.375, 2.425324569984699e-24, nan 
116.875, 76.375, 2.243374705894771e-24, nan 
117.125, 76.375, 2.4522115007791158e-24, nan 
117.375, 76.375, 2.814351596913369e-24, nan 
117.625, 76.375, 4.3673173684209754e-24, nan 
117.875, 76.375, 6.522528344100688e-24, nan 
118.125, 76.375, 7.875520044897093e-24, nan 
118.375, 76.375, 5.146988600370292e-24, nan 
118.625, 76.375, 6.750413478365262e-24, nan 
118.875, 76.375, 2.7128473559001446e-24, nan 
119.125, 76.375, 2.8925349659700124e-24, nan 
119.375, 76.375, 1.1581111307216788e-24, nan 
119.625, 76.375, 2.693921772027834e-24, nan 
119.875, 76.375, 2.8885768151153978e-24, nan 
120.125, 76.375, 3.3971435321137655e-24, nan 
120.375, 76.375, 2.550318288425918e-24, nan 
120.625, 76.375, 1.2729306462192547e-24, nan 
120.875, 76.375, 2.251198877371082e-24, nan 
121.125, 76.375, 1.7239629429177975e-24, nan 
121.375, 76.375, 1.2896176725470983e-24, nan 
121.625, 76.375, 2.8548740074939094e-24, nan 
121.875, 76.375, 2.2336081521656498e-24, nan 
122.125, 76.375, 3.1836699253771606e-24, nan 
122.375, 76.375, 1.016585677982466e-24, nan 
122.625, 76.375, 2.257433507609234e-24, nan 
122.875, 76.375, 2.9257337918498996e-24, nan 
123.125, 76.375, 2.0646448689194998e-24, nan 
123.375, 76.375, 1.9445778554383258e-24, nan 
123.625, 76.375, 1.1022834398049987e-24, nan 
123.875, 76.375, 1.0666313307010868e-24, nan 
124.125, 76.375, 1.2743106790734868e-24, nan 
124.375, 76.375, 1.4331551341664508e-24, nan 
124.625, 76.375, 1.5091049683532635e-24, nan 
124.875, 76.375, 1.0044419359891848e-24, nan 
125.125, 76.375, 1.0694104169347678e-24, nan 
125.375, 76.375, 1.0411860916075037e-24, nan 
125.625, 76.375, 1.0045138294635543e-24, nan 
125.875, 76.375, 1.646332275990814e-24, nan 
126.125, 76.375, 6.797334193081639e-25, nan 
126.375, 76.375, 5.71376791915453e-25, nan 
126.625, 76.375, 9.822296011783686e-25, nan 
126.875, 76.375, 9.685935474883988e-25, nan 
127.125, 76.375, 1.3913170884078644e-24, nan 
127.375, 76.375, 1.6361915697568514e-24, nan 
127.625, 76.375, 2.0244157139041664e-24, nan 
127.875, 76.375, 1.8858278495941896e-24, nan 
128.125, 76.375, 2.129861511514373e-24, nan 
128.375, 76.375, 1.916991581972839e-24, nan 
128.625, 76.375, 1.8884803453262567e-24, nan 
128.875, 76.375, 2.1046018592944655e-24, nan 
129.125, 76.375, 2.6180295106625876e-24, nan 
129.375, 76.375, 3.041436310104617e-24, nan 
129.625, 76.375, 2.4131543656608155e-24, nan 
129.875, 76.375, 2.2160811703428807e-24, nan 
130.125, 76.375, 2.182214208797377e-24, nan 
130.375, 76.375, 2.0450357576928793e-24, nan 
130.625, 76.375, 1.9147334986542163e-24, nan 
130.875, 76.375, 1.8378070503533334e-24, nan 
131.125, 76.375, 1.885918431517621e-24, nan 
131.375, 76.375, 2.067891613690617e-24, nan 
131.625, 76.375, 1.6936273905763946e-24, nan 
131.875, 76.375, 1.8709097280957512e-24, nan 
132.125, 76.375, 1.4423963151082991e-24, nan 
132.375, 76.375, 1.2997965378935936e-24, nan 
132.625, 76.375, 7.959471740363905e-25, nan 
132.875, 76.375, 6.244555661507069e-25, nan 
133.125, 76.375, 7.07370699765074e-25, nan 
133.375, 76.375, 7.233149959147288e-25, nan 
133.625, 76.375, 1.0199161909787918e-24, nan 
133.875, 76.375, 5.789227863316373e-25, nan 
134.125, 76.375, 9.02218801592261e-25, nan 
134.375, 76.375, 1.3269173808376699e-24, nan 
134.625, 76.375, 6.778570603801788e-25, nan 
134.875, 76.375, 7.254425309184004e-25, nan 
152.625, 76.375, 1.671564838093165e-24, nan 
152.875, 76.375, 1.5389588595285326e-24, nan 
153.125, 76.375, 2.0610243411912422e-24, nan 
153.375, 76.375, 1.8589342533755553e-24, nan 
153.625, 76.375, 1.900652229100851e-24, nan 
153.875, 76.375, 1.5010781491123032e-24, nan 
154.125, 76.375, 1.948220969004865e-24, nan 
154.375, 76.375, 2.256009793751132e-24, nan 
154.625, 76.375, 1.9933617450515354e-24, nan 
154.875, 76.375, 1.729542320198701e-24, nan 
155.125, 76.375, 1.4612800631828077e-24, nan 
155.375, 76.375, 1.971687434159951e-24, nan 
155.625, 76.375, 2.247963377295597e-24, nan 
155.875, 76.375, 1.7170974688982047e-24, nan 
156.125, 76.375, 1.1368640369664922e-24, nan 
156.375, 76.375, 5.4584400649323725e-25, nan 
156.625, 76.375, 1.932843951892822e-24, nan 
156.875, 76.375, 3.142292220634055e-24, nan 
157.125, 76.375, 2.0143883213357328e-24, nan 
157.375, 76.375, 1.832822487875167e-24, nan 
157.625, 76.375, 2.344395184142811e-24, nan 
157.875, 76.375, 2.647130120298857e-24, nan 
158.125, 76.375, 3.3100033888799914e-24, nan 
158.375, 76.375, 2.2886579187982324e-24, nan 
158.625, 76.375, 1.7717956348507676e-24, nan 
158.875, 76.375, 2.3310057287770487e-24, nan 
159.125, 76.375, 1.63383472170545e-24, nan 
159.375, 76.375, 1.4701661590041133e-24, nan 
159.625, 76.375, 9.786335309422587e-25, nan 
159.875, 76.375, 2.6771130939483188e-24, nan 
160.125, 76.375, 3.329792961126706e-24, nan 
160.375, 76.375, 4.1098483055770156e-24, nan 
160.625, 76.375, 8.176513562967853e-24, nan 
160.875, 76.375, 7.602587490370526e-24, nan 
161.125, 76.375, 3.483818555643335e-24, nan 
161.375, 76.375, 4.011317095651325e-24, nan 
161.625, 76.375, 4.497098034502703e-24, nan 
161.875, 76.375, 6.307916728757315e-24, nan 
162.125, 76.375, 6.1539799213718246e-24, nan 
162.375, 76.375, 3.454945449002821e-24, nan 
162.625, 76.375, 2.6276198953114133e-24, nan 
162.875, 76.375, 2.2021851150113014e-24, nan 
163.125, 76.375, 3.4817510290724676e-24, nan 
163.375, 76.375, 3.3961205296745166e-24, nan 
163.625, 76.375, 2.652000992012077e-24, nan 
163.875, 76.375, 1.8146608001104216e-24, nan 
164.125, 76.375, 2.161582491918214e-24, nan 
164.375, 76.375, 2.744725916169497e-24, nan 
164.625, 76.375, 4.716306799409601e-24, nan 
164.875, 76.375, 5.551675089310901e-24, nan 
165.125, 76.375, 5.867858376628177e-24, nan 
165.375, 76.375, 5.7220969109033095e-24, nan 
165.625, 76.375, 6.769791605290214e-24, nan 
165.875, 76.375, 7.22374087728577e-24, nan 
166.125, 76.375, 5.964534585981731e-24, nan 
166.375, 76.375, 4.77074586174014e-24, nan 
166.625, 76.375, 4.6777983004566776e-24, nan 
166.875, 76.375, 5.247990757308252e-24, nan 
167.125, 76.375, 6.85213283519632e-24, nan 
167.375, 76.375, 7.213135366108437e-24, nan 
167.625, 76.375, 4.139365207376926e-24, nan 
167.875, 76.375, 5.87440948052265e-24, nan 
168.125, 76.375, 4.878966784516084e-24, nan 
168.375, 76.375, 5.2945104115590314e-24, nan 
168.625, 76.375, 5.478481225737133e-24, nan 
168.875, 76.375, 5.498476696919033e-24, nan 
169.125, 76.375, 5.239883938109849e-24, nan 
169.375, 76.375, 3.1156804869384368e-24, nan 
169.625, 76.375, 2.913125859477466e-24, nan 
169.875, 76.375, 2.1711232196190648e-24, nan 
170.125, 76.375, 4.3588936916231e-24, nan 
170.375, 76.375, 2.676687447581302e-24, nan 
170.625, 76.375, 2.134297769503931e-24, nan 
170.875, 76.375, 1.822376564532676e-24, nan 
171.125, 76.375, 2.927060345707209e-24, nan 
171.375, 76.375, 6.5584608978029546e-24, nan 
171.625, 76.375, 1.7678794050651e-24, nan 
171.875, 76.375, 1.1745074152194752e-24, nan 
172.125, 76.375, 1.8943056132644906e-24, nan 
172.375, 76.375, 2.4339305127059964e-24, nan 
172.625, 76.375, 3.4194578812606894e-24, nan 
172.875, 76.375, 1.4287973423475594e-24, nan 
173.125, 76.375, 7.702296866855739e-25, nan 
173.375, 76.375, 9.711403798459567e-25, nan 
173.625, 76.375, 8.813189657384893e-25, nan 
173.875, 76.375, 1.6824854818968147e-24, nan 
174.125, 76.375, 2.3177459583481373e-24, nan 
174.375, 76.375, 1.93035258034833e-24, nan 
174.625, 76.375, 2.303225605552454e-24, nan 
174.875, 76.375, 2.231253310450889e-24, nan 
175.125, 76.375, 2.3968904950059636e-24, nan 
175.375, 76.375, 2.3244617235113552e-24, nan 
175.625, 76.375, 2.9511786694016773e-24, nan 
175.875, 76.375, 2.5913654411954817e-24, nan 
176.125, 76.375, 2.494245556457207e-24, nan 
176.375, 76.375, 2.406394658749713e-24, nan 
176.625, 76.375, 2.1197853775411117e-24, nan 
176.875, 76.375, 2.7310629520622465e-24, nan 
177.125, 76.375, 3.50914971442093e-24, nan 
177.375, 76.375, 4.705565632061308e-24, nan 
177.625, 76.375, 3.930796103883864e-24, nan 
177.875, 76.375, 2.7556879433932388e-24, nan 
178.125, 76.375, 2.3161744946569522e-24, nan 
178.375, 76.375, 2.596241412088952e-24, nan 
178.625, 76.375, 3.458654679930514e-24, nan 
178.875, 76.375, 2.8766873645944706e-24, nan 
179.125, 76.375, 2.5891603854354415e-24, nan 
179.375, 76.375, 2.7562767714936316e-24, nan 
179.625, 76.375, 3.75005784090286e-24, nan 
179.875, 76.375, 3.7896695988357776e-24, nan 
-179.875, 76.625, 3.5699515457576865e-24, nan 
-179.625, 76.625, 2.970932613141205e-24, nan 
-179.375, 76.625, 2.9611067815508496e-24, nan 
-179.125, 76.625, 2.6408075342154617e-24, nan 
-178.875, 76.625, 4.094409524329523e-24, nan 
-178.625, 76.625, 6.48428640876307e-24, nan 
-178.375, 76.625, 8.74420242687882e-24, nan 
-178.125, 76.625, 6.663790464780234e-24, nan 
-177.875, 76.625, 6.860135100068255e-24, nan 
-177.625, 76.625, 5.037588012155005e-24, nan 
-177.375, 76.625, 5.555165155941502e-24, nan 
-177.125, 76.625, 6.899555105446833e-24, nan 
-176.875, 76.625, 4.8065961471841094e-24, nan 
-176.625, 76.625, 4.406809924717105e-24, nan 
-176.375, 76.625, 7.7662392194689655e-25, nan 
-176.125, 76.625, 8.872531957072016e-25, nan 
-175.875, 76.625, 1.283676380946783e-24, nan 
-175.625, 76.625, 3.978607184867568e-24, nan 
-175.375, 76.625, 3.314984345192387e-24, nan 
-175.125, 76.625, 5.463749369075938e-24, nan 
-174.875, 76.625, 7.129718733689898e-24, nan 
-174.625, 76.625, 8.137510598257648e-24, nan 
-174.375, 76.625, 4.272204889074781e-24, nan 
-174.125, 76.625, 3.2914289376805166e-24, nan 
-173.875, 76.625, 3.021814016173112e-24, nan 
-173.625, 76.625, 8.633485480526877e-24, nan 
-173.375, 76.625, 1.647703172087079e-23, nan 
-173.125, 76.625, 9.370094927854123e-24, nan 
-172.875, 76.625, 6.5929154809480645e-24, nan 
-172.625, 76.625, 7.791951729809246e-24, nan 
-172.375, 76.625, 8.713183170839324e-24, nan 
-172.125, 76.625, 7.842997360221075e-24, nan 
-171.875, 76.625, 8.755644170710902e-24, nan 
-171.625, 76.625, 6.2108984913271885e-24, nan 
-171.375, 76.625, 4.132283040929834e-24, nan 
-171.125, 76.625, 2.2030162572179694e-24, nan 
-170.875, 76.625, 3.1361097124884024e-24, nan 
-170.625, 76.625, 1.346204252501299e-23, nan 
-170.375, 76.625, 9.15225746813263e-24, nan 
-170.125, 76.625, 7.024929232498779e-24, nan 
-169.875, 76.625, 8.928287342643282e-24, nan 
-169.625, 76.625, 7.24628592177019e-24, nan 
-169.375, 76.625, 1.0506289376471612e-23, nan 
-169.125, 76.625, 1.2270757426255081e-23, nan 
-168.875, 76.625, 7.820544471199979e-24, nan 
-168.625, 76.625, 1.3263720886422323e-23, nan 
-168.375, 76.625, 8.430420532940127e-24, nan 
-168.125, 76.625, 6.388649521967569e-24, nan 
-167.875, 76.625, 9.695224934069206e-24, nan 
-167.625, 76.625, 1.1343693459711687e-23, nan 
-167.375, 76.625, 1.1071829107987089e-23, nan 
-167.125, 76.625, 9.422039014068714e-24, nan 
-166.875, 76.625, 1.3162736189508733e-23, nan 
-166.625, 76.625, 1.5585374092190694e-23, nan 
-166.375, 76.625, 2.0671847557167627e-23, nan 
-166.125, 76.625, 1.347708927493157e-23, nan 
-165.875, 76.625, 6.774391049914378e-24, nan 
-165.625, 76.625, 7.633388569643645e-24, nan 
-165.375, 76.625, 1.1568162062743224e-23, nan 
-165.125, 76.625, 1.1532462339209566e-23, nan 
-164.875, 76.625, 1.3921237430029275e-23, nan 
-164.625, 76.625, 3.084865741726736e-23, nan 
-164.375, 76.625, 3.03627179234734e-23, nan 
-164.125, 76.625, 1.4771903188999636e-23, nan 
-163.875, 76.625, 1.2151570497575902e-23, nan 
-163.625, 76.625, 1.7052515616042947e-23, nan 
-163.375, 76.625, 1.4990808630238138e-23, nan 
-163.125, 76.625, 1.3084943130366472e-23, nan 
-162.875, 76.625, 1.1216397316411122e-23, nan 
-162.625, 76.625, 8.83888986808648e-24, nan 
-162.375, 76.625, 8.344089763502211e-24, nan 
-162.125, 76.625, 7.747829426510807e-24, nan 
-161.875, 76.625, 7.954140587947462e-24, nan 
-161.625, 76.625, 8.375542145997442e-24, nan 
-161.375, 76.625, 8.588435832570709e-24, nan 
-161.125, 76.625, 7.012992755701065e-24, nan 
-160.875, 76.625, 6.397816477886094e-24, nan 
-160.625, 76.625, 6.1012781011541554e-24, nan 
-160.375, 76.625, 5.912945056420217e-24, nan 
-160.125, 76.625, 4.450575391931779e-24, nan 
-159.875, 76.625, 3.629791107461036e-24, nan 
-159.625, 76.625, 4.384392801049032e-24, nan 
-159.375, 76.625, 2.87232610531294e-24, nan 
-159.125, 76.625, 3.418205760540225e-24, nan 
-158.875, 76.625, 4.847325421654236e-24, nan 
-158.625, 76.625, 5.472025152831963e-24, nan 
-158.375, 76.625, 7.096135550246569e-24, nan 
-158.125, 76.625, 8.813037975181155e-24, nan 
-157.875, 76.625, 6.961942786000758e-24, nan 
-157.625, 76.625, 7.055819804388455e-24, nan 
-157.375, 76.625, 7.858455112560758e-24, nan 
-157.125, 76.625, 4.622242412630291e-24, nan 
-156.875, 76.625, 6.566664915917989e-24, nan 
-156.625, 76.625, 9.396331335345844e-24, nan 
-156.375, 76.625, 6.140697321502666e-24, nan 
-156.125, 76.625, 9.664802295971209e-24, nan 
-155.875, 76.625, 9.711579609178557e-24, nan 
-155.625, 76.625, 1.364712709930936e-23, nan 
-155.375, 76.625, 1.2416730971234274e-23, nan 
-155.125, 76.625, 9.942220421572344e-24, nan 
-154.875, 76.625, 8.441065407254369e-24, nan 
-154.625, 76.625, 5.29378067892407e-24, nan 
-154.375, 76.625, 7.123222398504157e-24, nan 
-154.125, 76.625, 8.19266931813523e-24, nan 
-153.875, 76.625, 1.410828063524129e-23, nan 
-153.625, 76.625, 1.5252783581453918e-23, nan 
-153.375, 76.625, 1.5463211748444377e-23, nan 
-153.125, 76.625, 1.5933688186935963e-23, nan 
-152.875, 76.625, 1.2037428121594407e-23, nan 
-152.625, 76.625, 6.753634940656484e-24, nan 
-152.375, 76.625, 9.226204249245862e-24, nan 
-152.125, 76.625, 8.607050843680065e-24, nan 
-151.875, 76.625, 7.059590521924685e-24, nan 
-151.625, 76.625, 5.961049533930895e-24, nan 
-151.375, 76.625, 1.1594742705503777e-23, nan 
-151.125, 76.625, 9.451704546041765e-24, nan 
-150.875, 76.625, 1.3142988641993275e-23, nan 
-150.625, 76.625, 6.616349517908832e-24, nan 
-150.375, 76.625, 5.24887681704125e-24, nan 
-150.125, 76.625, 7.014833951627893e-24, nan 
-149.875, 76.625, 9.344638810768534e-24, nan 
-149.625, 76.625, 1.3444778930998158e-23, nan 
-149.375, 76.625, 9.12049271809373e-24, nan 
-149.125, 76.625, 8.338120395526866e-24, nan 
-148.875, 76.625, 9.238908236663486e-24, nan 
-148.625, 76.625, 1.273869618268109e-23, nan 
-148.375, 76.625, 1.0979803719175342e-23, nan 
-148.125, 76.625, 1.1350668052586813e-23, nan 
-147.875, 76.625, 1.3644964842049268e-23, nan 
-147.625, 76.625, 1.836359396985188e-23, nan 
-147.375, 76.625, 2.13847196069984e-23, nan 
-147.125, 76.625, 3.1437248988938505e-23, nan 
-146.875, 76.625, 8.044079010328871e-24, nan 
-146.625, 76.625, 3.947627717021919e-23, nan 
-146.375, 76.625, 7.431272093777933e-23, nan 
-146.125, 76.625, 8.775766723900255e-23, nan 
-145.875, 76.625, 7.161518671463429e-23, nan 
-145.625, 76.625, 5.848275458282929e-23, nan 
-145.375, 76.625, 8.114410414214071e-23, nan 
-145.125, 76.625, 6.924370220784384e-23, nan 
-144.875, 76.625, 2.6068007845191416e-23, nan 
-144.625, 76.625, 1.5185381264873818e-23, nan 
-144.375, 76.625, 3.051449638910137e-23, nan 
-144.125, 76.625, 4.452138581312369e-23, nan 
-143.875, 76.625, 2.714202200575208e-23, nan 
-143.625, 76.625, 1.7614932406127002e-23, nan 
-143.375, 76.625, 1.7633980241042377e-23, nan 
-143.125, 76.625, 1.6298993467586113e-23, nan 
-142.875, 76.625, 1.913731757407393e-23, nan 
-142.625, 76.625, 2.0756770276261703e-23, nan 
-142.375, 76.625, 3.706275331730486e-23, nan 
-142.125, 76.625, 3.81917414555867e-23, nan 
-141.875, 76.625, 3.654525387038754e-23, nan 
-141.625, 76.625, 4.219313208002485e-23, nan 
-141.375, 76.625, 4.2461875325629174e-23, nan 
-141.125, 76.625, 5.2347874503914214e-23, nan 
-140.875, 76.625, 5.339217349302107e-23, nan 
-140.625, 76.625, 3.561002574810217e-23, nan 
-140.375, 76.625, 4.944287754920244e-23, nan 
-140.125, 76.625, 4.1246477449508737e-23, nan 
-139.875, 76.625, 3.7890190290364745e-23, nan 
-139.625, 76.625, 3.955081317868962e-23, nan 
-139.375, 76.625, 2.599819662290183e-23, nan 
-139.125, 76.625, 3.733101677829314e-23, nan 
-138.875, 76.625, 3.410961127870192e-23, nan 
-138.625, 76.625, 2.2741759191521688e-23, nan 
-138.375, 76.625, 2.3436824467788527e-23, nan 
-138.125, 76.625, 1.1224122927098209e-23, nan 
-137.875, 76.625, 1.4197951853717962e-23, nan 
-137.625, 76.625, 2.6618381839175105e-23, nan 
-137.375, 76.625, 3.444906998693118e-23, nan 
-137.125, 76.625, 3.427883815515136e-23, nan 
-136.875, 76.625, 3.317211173549995e-23, nan 
-136.625, 76.625, 3.87665828922925e-23, nan 
-136.375, 76.625, 3.619929041572645e-23, nan 
-136.125, 76.625, 3.681854739375934e-23, nan 
-135.875, 76.625, 2.817491844632999e-23, nan 
-135.625, 76.625, 2.5815949977721924e-23, nan 
-135.375, 76.625, 2.653291566417527e-23, nan 
-135.125, 76.625, 2.5690213120887494e-23, nan 
-134.875, 76.625, 2.7691339187495895e-23, nan 
-134.625, 76.625, 3.29835371522012e-23, nan 
-134.375, 76.625, 4.6337086162996196e-23, nan 
-134.125, 76.625, 6.334696062707356e-23, nan 
-133.875, 76.625, 6.198661636137517e-23, nan 
-133.625, 76.625, 4.381278566720019e-23, nan 
-133.375, 76.625, 3.4564863889550625e-23, nan 
-133.125, 76.625, 2.4360723197513494e-23, nan 
-132.875, 76.625, 7.37014532749673e-24, nan 
-132.625, 76.625, 8.560504676710916e-24, nan 
-132.375, 76.625, 2.0387740117739563e-23, nan 
-132.125, 76.625, 2.184506966118468e-23, nan 
-131.875, 76.625, 2.372837835845288e-23, nan 
-131.625, 76.625, 3.407804513236139e-23, nan 
-131.375, 76.625, 2.713355180401859e-23, nan 
-131.125, 76.625, 1.9497276834645366e-23, nan 
-130.875, 76.625, 2.427201201029987e-23, nan 
-130.625, 76.625, 4.4400367534016205e-23, nan 
-130.375, 76.625, 5.410303107606485e-23, nan 
-130.125, 76.625, 4.1329492816220975e-23, nan 
-129.875, 76.625, 4.914205146639791e-23, nan 
-129.625, 76.625, 3.04387843520783e-23, nan 
-129.375, 76.625, 8.390055290928786e-23, nan 
-129.125, 76.625, 1.1102061414374014e-22, nan 
-128.875, 76.625, 7.398864418672935e-23, nan 
-128.625, 76.625, 7.65275543684304e-23, nan 
-128.375, 76.625, 6.629851768328252e-23, nan 
-128.125, 76.625, 5.243727656586839e-23, nan 
-127.875, 76.625, 5.309617586625384e-23, nan 
-127.625, 76.625, 3.670706212165182e-23, nan 
-127.375, 76.625, 3.452858884126079e-23, nan 
-127.125, 76.625, 2.978465750136775e-23, nan 
-126.875, 76.625, 3.112366466014879e-23, nan 
-126.625, 76.625, 3.061759189236979e-23, nan 
-126.375, 76.625, 2.713751761790863e-23, nan 
-126.125, 76.625, 1.6955800696294976e-23, nan 
-125.875, 76.625, 1.0767100809963935e-23, nan 
-125.625, 76.625, 1.1436221039963996e-23, nan 
-125.375, 76.625, 8.84785664552872e-24, nan 
-125.125, 76.625, 1.1998629521896899e-23, nan 
-124.875, 76.625, 1.1876141043044287e-23, nan 
-124.625, 76.625, 9.319512360016335e-24, nan 
-124.375, 76.625, 4.546412167279893e-24, nan 
-124.125, 76.625, 4.981753246789922e-24, nan 
-123.875, 76.625, 5.5657254297963265e-24, nan 
-123.625, 76.625, 6.42272894844319e-24, nan 
-123.375, 76.625, 7.306902897731427e-24, nan 
-123.125, 76.625, 5.707381979943621e-24, nan 
-122.875, 76.625, 3.6845197704902765e-24, nan 
-122.625, 76.625, 4.594844100831809e-24, nan 
-122.375, 76.625, 4.816629527741641e-24, nan 
-122.125, 76.625, 6.651965635345106e-24, nan 
-121.875, 76.625, 7.348054431739097e-24, nan 
-121.625, 76.625, 3.470100680563704e-24, nan 
-121.375, 76.625, 4.745974041585012e-24, nan 
-121.125, 76.625, 4.954201595324507e-24, nan 
-120.875, 76.625, 4.5390742852163985e-24, nan 
-120.625, 76.625, 2.9567331086463573e-24, nan 
-120.375, 76.625, 3.1454732181872612e-24, nan 
-120.125, 76.625, 4.584471849954825e-24, nan 
-119.875, 76.625, 4.890269000211836e-24, nan 
-119.625, 76.625, 4.6505871483229715e-24, nan 
-119.375, 76.625, 4.852302309436919e-24, nan 
-119.125, 76.625, 8.124323163750144e-24, nan 
-118.875, 76.625, 5.527761670498348e-24, nan 
-118.625, 76.625, 1.0380262826903718e-23, nan 
-118.375, 76.625, 4.632432744225878e-24, nan 
-118.125, 76.625, 5.535075619089413e-24, nan 
-117.875, 76.625, 9.11949053136323e-24, nan 
-117.625, 76.625, 1.6949408709953843e-23, nan 
-117.375, 76.625, 1.2409101019184932e-23, nan 
-117.125, 76.625, 1.3239331901230462e-23, nan 
-116.875, 76.625, 1.7797081779301966e-23, nan 
-116.625, 76.625, 2.2931125471796915e-23, nan 
-116.375, 76.625, 3.2829566414894016e-23, nan 
-116.125, 76.625, 2.684482741923828e-23, nan 
-115.875, 76.625, 2.0830823876634604e-23, nan 
-115.625, 76.625, 2.262133562371627e-23, nan 
-115.375, 76.625, 2.2975475939114166e-23, nan 
-115.125, 76.625, 3.9530843529092077e-23, nan 
-114.875, 76.625, 3.0139923563535135e-23, nan 
-114.625, 76.625, 3.2410868658518474e-23, nan 
-114.375, 76.625, 4.7061780432967726e-23, nan 
-114.125, 76.625, 4.783455854271882e-23, nan 
-113.875, 76.625, 5.131023506191313e-23, nan 
-113.625, 76.625, 3.911962306356453e-23, nan 
-113.375, 76.625, 5.40373939347977e-23, nan 
-113.125, 76.625, 6.26230051111897e-23, nan 
-112.875, 76.625, 4.682889095787192e-23, nan 
-112.625, 76.625, 6.41144209823955e-23, nan 
-112.375, 76.625, 5.546881205991995e-23, nan 
-112.125, 76.625, 8.739650680548732e-23, nan 
-111.875, 76.625, 7.758381454729607e-23, nan 
-111.625, 76.625, 8.218863641026415e-23, nan 
-111.375, 76.625, 6.763307727590148e-23, nan 
-111.125, 76.625, 4.747205190469069e-23, nan 
-110.875, 76.625, 6.094283343891306e-23, nan 
-110.625, 76.625, 5.842737627907212e-23, nan 
-110.375, 76.625, 5.411786085185302e-23, nan 
-110.125, 76.625, 6.661224851583743e-23, nan 
-109.875, 76.625, 7.100781561221525e-23, nan 
-109.625, 76.625, 6.366825051256719e-23, nan 
-109.375, 76.625, 5.470020049051957e-23, nan 
-109.125, 76.625, 4.930138363832277e-23, nan 
-108.875, 76.625, 6.997673946417091e-23, nan 
-108.625, 76.625, 6.339995987033883e-23, nan 
-108.375, 76.625, 4.581800729246095e-23, nan 
-108.125, 76.625, 2.6897463373573855e-23, nan 
-107.875, 76.625, 2.1910110881125463e-23, nan 
-107.625, 76.625, 2.3388587397122304e-23, nan 
-107.375, 76.625, 5.091675645757812e-23, nan 
-107.125, 76.625, 5.809534936912757e-23, nan 
-106.875, 76.625, 3.914479423836797e-23, nan 
-106.625, 76.625, 2.781966589096065e-23, nan 
-106.375, 76.625, 1.2364278112474163e-23, nan 
-106.125, 76.625, 1.0234223324060894e-23, nan 
-105.875, 76.625, 2.471413728095916e-23, nan 
-105.625, 76.625, 6.211941817689452e-23, nan 
-105.375, 76.625, 9.511652009559064e-23, nan 
-105.125, 76.625, 8.108682478034143e-23, nan 
-104.875, 76.625, 2.2178587678449166e-23, nan 
-104.625, 76.625, 3.140046279255424e-23, nan 
-104.375, 76.625, 1.2096281869100207e-22, nan 
-104.125, 76.625, 1.8777503855527348e-22, nan 
-103.875, 76.625, 1.458895200211629e-22, nan 
-103.625, 76.625, 2.902785847235834e-23, nan 
-103.375, 76.625, 1.7894244174532615e-23, nan 
-103.125, 76.625, 5.571200932536853e-23, nan 
-102.875, 76.625, 9.302378567651302e-23, nan 
-102.625, 76.625, 7.828322038288232e-23, nan 
-102.375, 76.625, 2.532813715961326e-23, nan 
-102.125, 76.625, 4.0650078889755224e-23, nan 
-101.875, 76.625, 4.1578372614251493e-23, nan 
-101.625, 76.625, 3.7512723309409263e-23, nan 
-101.375, 76.625, 4.340886359434177e-23, nan 
-101.125, 76.625, 2.2979112839499153e-23, nan 
-100.875, 76.625, 6.936413817813181e-23, nan 
-100.625, 76.625, 9.366916514626523e-23, nan 
-100.375, 76.625, 8.19680276934415e-23, nan 
-100.125, 76.625, 5.696240235996536e-23, nan 
-99.875, 76.625, 2.4079110437512824e-23, nan 
-99.625, 76.625, 3.69776014170291e-23, nan 
-99.375, 76.625, 3.417428341337889e-23, nan 
-99.125, 76.625, 2.7669254091498834e-23, nan 
-98.875, 76.625, 2.46908996115062e-23, nan 
-98.625, 76.625, 3.8596219125798435e-23, nan 
-98.375, 76.625, 3.531574805787379e-23, nan 
-98.125, 76.625, 3.411655843552009e-23, nan 
-97.875, 76.625, 3.47159851128885e-23, nan 
-97.625, 76.625, 2.3788999163377016e-23, nan 
-97.375, 76.625, 3.7096269102335644e-23, nan 
-97.125, 76.625, 3.68873993262779e-23, nan 
-96.875, 76.625, 3.38515558496643e-23, nan 
-96.625, 76.625, 4.657711797156783e-23, nan 
-96.375, 76.625, 3.80915322939264e-23, nan 
-96.125, 76.625, 4.446144673816174e-23, nan 
-95.875, 76.625, 3.142046596769202e-23, nan 
-95.625, 76.625, 3.9447865410897506e-23, nan 
-95.375, 76.625, 5.39215618116702e-23, nan 
-95.125, 76.625, 6.094128821041244e-23, nan 
-94.875, 76.625, 6.145073390977431e-23, nan 
-94.625, 76.625, 4.5373310848261737e-23, nan 
-94.375, 76.625, 4.9299621407205704e-23, nan 
-94.125, 76.625, 2.920424894164131e-23, nan 
-93.875, 76.625, 3.957335374622871e-23, nan 
-93.625, 76.625, 3.711481234982849e-23, nan 
-93.375, 76.625, 3.152046586221779e-23, nan 
-93.125, 76.625, 4.8290938251642936e-23, nan 
-92.875, 76.625, 3.0597869014957194e-23, nan 
-92.625, 76.625, 4.176353329438382e-23, nan 
-92.375, 76.625, 5.536641587219804e-23, nan 
-92.125, 76.625, 5.981056460334185e-23, nan 
-91.875, 76.625, 4.901554174921768e-23, nan 
-91.625, 76.625, 6.457181535716343e-23, nan 
-91.375, 76.625, 1.3487486048397144e-22, nan 
-91.125, 76.625, 9.881063528044193e-23, nan 
-90.875, 76.625, 8.432337813267932e-23, nan 
-90.625, 76.625, 8.096674238578253e-23, nan 
-90.375, 76.625, 9.976249788001998e-23, nan 
-90.125, 76.625, 1.4076072440786932e-22, nan 
-89.875, 76.625, 1.324017855708591e-22, nan 
-89.625, 76.625, 8.547365207899725e-23, nan 
-89.375, 76.625, 6.932694333703049e-23, nan 
-89.125, 76.625, 8.041395124691433e-23, nan 
-88.875, 76.625, 7.691124608699481e-23, nan 
-88.625, 76.625, 4.035295037324551e-23, nan 
-88.375, 76.625, 4.5113010987108156e-23, nan 
-88.125, 76.625, 6.244682084081172e-23, nan 
-87.875, 76.625, 3.0592657212048365e-23, nan 
-87.625, 76.625, 3.3375160561624245e-23, nan 
-87.375, 76.625, 4.708113236861891e-23, nan 
-87.125, 76.625, 4.6490649822223736e-23, nan 
-86.875, 76.625, 6.505412789983692e-23, nan 
-86.625, 76.625, 6.311986620727125e-23, nan 
-86.375, 76.625, 6.872162709253934e-23, nan 
-86.125, 76.625, 5.559207940331928e-23, nan 
-85.875, 76.625, 4.5457710859594686e-23, nan 
-85.625, 76.625, 6.557786737778173e-23, nan 
-85.375, 76.625, 5.840599419516921e-23, nan 
-85.125, 76.625, 3.9977469156873686e-23, nan 
-84.875, 76.625, 3.421371926797934e-23, nan 
-84.625, 76.625, 3.9935792198702606e-23, nan 
-84.375, 76.625, 5.283742062207504e-23, nan 
-84.125, 76.625, 7.084431412934675e-23, nan 
-83.875, 76.625, 7.749025513682517e-23, nan 
-83.625, 76.625, 8.032291229274413e-23, nan 
-83.375, 76.625, 6.520864976544624e-23, nan 
-83.125, 76.625, 9.356359056096128e-23, nan 
-82.875, 76.625, 9.028307654155449e-23, nan 
-82.625, 76.625, 1.2602175432127193e-22, nan 
-82.375, 76.625, 1.1608316636289034e-22, nan 
-82.125, 76.625, 1.1359268445551915e-22, nan 
-81.875, 76.625, 1.2725785463446423e-22, nan 
-81.625, 76.625, 1.154082782217408e-22, nan 
-81.375, 76.625, 1.633005596957088e-22, nan 
-81.125, 76.625, 1.4925883277377504e-22, nan 
-80.875, 76.625, 2.675910991137745e-22, nan 
-80.625, 76.625, 2.0548520848699805e-22, nan 
-80.375, 76.625, 9.795096112655583e-23, nan 
-80.125, 76.625, 9.132852387632562e-23, nan 
-79.875, 76.625, 1.2799782216795277e-22, nan 
-79.625, 76.625, 1.1435444611033934e-22, nan 
-79.375, 76.625, 1.545365395023259e-22, nan 
-79.125, 76.625, 1.1403941925615724e-22, nan 
-78.875, 76.625, 1.6953576698151903e-22, nan 
-78.625, 76.625, 1.3705027210199672e-22, nan 
-78.375, 76.625, 1.3228484729309946e-22, nan 
-78.125, 76.625, 1.477280204795606e-22, nan 
-77.875, 76.625, 1.644801436965142e-22, nan 
-77.625, 76.625, 2.381503722972527e-22, nan 
-77.375, 76.625, 1.8341026841358266e-22, nan 
-77.125, 76.625, 1.4855946172140338e-22, nan 
-76.875, 76.625, 9.29412534705758e-23, nan 
-76.625, 76.625, 1.6217112684946585e-22, nan 
-76.375, 76.625, 2.9791348521647633e-22, nan 
-76.125, 76.625, 2.428861413936704e-22, nan 
-75.875, 76.625, 2.299528756064654e-22, nan 
-75.625, 76.625, 1.8024726386289632e-22, nan 
-75.375, 76.625, 3.434200217429215e-22, nan 
-75.125, 76.625, 5.165842482890187e-22, nan 
-74.875, 76.625, 3.9675906157843426e-22, nan 
-74.625, 76.625, 4.0921132295547733e-22, nan 
-74.375, 76.625, 4.622086613229224e-22, nan 
-74.125, 76.625, 5.534770050953878e-22, nan 
-73.875, 76.625, 5.301997704082339e-22, nan 
-73.625, 76.625, 5.476477059010616e-22, nan 
-73.375, 76.625, 4.761888397204058e-22, nan 
-73.125, 76.625, 5.914960606727556e-22, nan 
-72.875, 76.625, 6.484685911246195e-22, nan 
-72.625, 76.625, 6.057644525465806e-22, nan 
-72.375, 76.625, 4.82282776827007e-22, nan 
-72.125, 76.625, 3.884061508894056e-22, nan 
-71.875, 76.625, 3.1298256990204755e-22, nan 
-71.625, 76.625, 2.931263495164729e-22, nan 
-71.375, 76.625, 2.4384347192335325e-22, nan 
-71.125, 76.625, 3.1893370620513474e-22, nan 
-70.875, 76.625, 3.6175021466739253e-22, nan 
-70.625, 76.625, 3.228681561960916e-22, nan 
-70.375, 76.625, 3.9488568735849664e-22, nan 
-70.125, 76.625, 3.5168629728050705e-22, nan 
-69.875, 76.625, 1.370551145995598e-21, nan 
-69.625, 76.625, 1.4231470689671297e-21, nan 
-69.375, 76.625, 5.131286846197228e-21, nan 
-69.125, 76.625, 2.6587070349831623e-21, nan 
-68.875, 76.625, 4.794120742601654e-22, nan 
-68.625, 76.625, 2.855959091253098e-22, nan 
-68.375, 76.625, 2.724599263999009e-22, nan 
-68.125, 76.625, 5.093979725140935e-22, nan 
-67.875, 76.625, 4.823457335549433e-22, nan 
-67.625, 76.625, 3.729172459676385e-22, nan 
-67.375, 76.625, 3.209234112695594e-22, nan 
-67.125, 76.625, 3.020373089375679e-22, nan 
-66.875, 76.625, 3.4435496739703556e-22, nan 
-66.625, 76.625, 4.131268144115667e-22, nan 
-66.375, 76.625, 4.835770005759752e-22, nan 
-66.125, 76.625, 3.83255485780519e-22, nan 
-65.875, 76.625, 4.330119034543465e-22, nan 
-65.625, 76.625, 7.381663542951212e-22, nan 
-65.375, 76.625, 9.573424508803254e-22, nan 
-65.125, 76.625, 8.786909033348006e-22, nan 
-64.875, 76.625, 5.811994608389202e-22, nan 
-64.625, 76.625, 6.497491539322981e-22, nan 
-64.375, 76.625, 4.805593251223407e-22, nan 
-64.125, 76.625, 3.355248756477264e-22, nan 
-63.875, 76.625, 2.269242824110035e-22, nan 
-63.625, 76.625, 3.2628643010767096e-22, nan 
-63.375, 76.625, 5.522929979682717e-22, nan 
-63.125, 76.625, 4.384966215977984e-22, nan 
-62.875, 76.625, 6.707518634474303e-22, nan 
-62.625, 76.625, 6.845033095528455e-22, nan 
-62.375, 76.625, 3.941791869307772e-22, nan 
-62.125, 76.625, 5.870757110389385e-22, nan 
-61.875, 76.625, 7.91740644128612e-22, nan 
-61.625, 76.625, 7.711848990272938e-22, nan 
-61.375, 76.625, 9.067990767780483e-22, nan 
-61.125, 76.625, 1.1887930199798369e-21, nan 
-60.875, 76.625, 1.0854014094065939e-21, nan 
-60.625, 76.625, 1.1726491860267986e-21, nan 
-60.375, 76.625, 6.7802373208663615e-22, nan 
-60.125, 76.625, 9.271974318294895e-22, nan 
-59.875, 76.625, 1.5285001047312254e-21, nan 
-59.625, 76.625, 1.7634769901884138e-21, nan 
-59.375, 76.625, 2.338472651209229e-21, nan 
-59.125, 76.625, 2.7533651095332927e-21, nan 
-58.875, 76.625, 2.8494672320218857e-21, nan 
-58.625, 76.625, 1.8567462293432734e-21, nan 
-58.375, 76.625, 1.988252262148972e-20, nan 
-58.125, 76.625, 2.3056449817131514e-20, nan 
-57.875, 76.625, 4.099126572064153e-20, nan 
-57.625, 76.625, 1.2722298647596919e-20, nan 
-57.375, 76.625, 2.3929969791674063e-20, nan 
-57.125, 76.625, 4.355270896649082e-20, nan 
-56.875, 76.625, 6.016364888579548e-20, nan 
-56.625, 76.625, 8.335539234258853e-20, nan 
-56.375, 76.625, 6.622148704253342e-20, nan 
-56.125, 76.625, 6.617981640728777e-20, nan 
-55.875, 76.625, 7.290576341103e-20, nan 
-55.625, 76.625, 7.716873437924546e-20, nan 
-55.375, 76.625, 6.443983927400324e-20, nan 
-55.125, 76.625, 8.750586036180938e-20, nan 
-54.875, 76.625, 1.0779256177693844e-19, nan 
-54.625, 76.625, 9.173451390781335e-20, nan 
-54.375, 76.625, 7.34600686260542e-20, nan 
-54.125, 76.625, 6.345059634715289e-20, nan 
-53.875, 76.625, 6.781384021583928e-20, nan 
-53.625, 76.625, 7.64920770191221e-20, nan 
-53.375, 76.625, 6.83857847522434e-20, nan 
-53.125, 76.625, 5.911014226789176e-20, nan 
-52.875, 76.625, 4.697193978843759e-20, nan 
-52.625, 76.625, 4.7773046401517267e-20, nan 
-52.375, 76.625, 2.368675581055276e-20, nan 
-52.125, 76.625, 1.9052998967290666e-20, nan 
-51.875, 76.625, 1.3896878224547788e-20, nan 
-51.625, 76.625, 1.56003572891416e-20, nan 
-51.375, 76.625, 1.6503670389057783e-20, nan 
-51.125, 76.625, 1.7976501572926314e-20, nan 
-50.875, 76.625, 1.9111294464919744e-20, nan 
-50.625, 76.625, 1.475650614483077e-20, nan 
-50.375, 76.625, 1.3901981691487843e-20, nan 
-50.125, 76.625, 1.5128552768933353e-20, nan 
-49.875, 76.625, 1.4421492193500524e-20, nan 
-49.625, 76.625, 1.3209518502189835e-20, nan 
-49.375, 76.625, 1.2137999949790184e-20, nan 
-49.125, 76.625, 1.1147417404695097e-20, nan 
-48.875, 76.625, 1.4989854252065533e-20, nan 
-48.625, 76.625, 2.0109481876608782e-20, nan 
-48.375, 76.625, 2.0822475227013335e-20, nan 
-48.125, 76.625, 2.4561215532111805e-20, nan 
-47.875, 76.625, 2.0245144517384854e-20, nan 
-47.625, 76.625, 1.410456516068438e-20, nan 
-47.375, 76.625, 1.4254278095491342e-20, nan 
-47.125, 76.625, 1.7282271368965023e-20, nan 
-46.875, 76.625, 2.5249211327087165e-20, nan 
-46.625, 76.625, 2.886799138132262e-20, nan 
-46.375, 76.625, 3.5644317567854127e-20, nan 
-46.125, 76.625, 4.453037262048842e-20, nan 
-45.875, 76.625, 4.5312295922203844e-20, nan 
-45.625, 76.625, 4.1991499221687685e-20, nan 
-45.375, 76.625, 3.374267586555895e-20, nan 
-45.125, 76.625, 4.015681345693726e-20, nan 
-44.875, 76.625, 5.400976325252888e-20, nan 
-44.625, 76.625, 9.543549946982681e-20, nan 
-44.375, 76.625, 9.507272150225748e-20, nan 
-44.125, 76.625, 8.216845565677583e-20, nan 
-43.875, 76.625, 4.593629177859656e-20, nan 
-43.625, 76.625, 4.5037100575246095e-20, nan 
-43.375, 76.625, 1.0851399013553815e-19, nan 
-43.125, 76.625, 1.2337562392468002e-19, nan 
-42.875, 76.625, 1.1888976489252677e-19, nan 
-42.625, 76.625, 8.657990555753145e-20, nan 
-42.375, 76.625, 6.524574166250271e-20, nan 
-42.125, 76.625, 6.421619158110532e-20, nan 
-41.875, 76.625, 8.231219222815581e-20, nan 
-41.625, 76.625, 1.218776517811487e-19, nan 
-41.375, 76.625, 1.3423858568105557e-19, nan 
-41.125, 76.625, 1.2977038177467673e-19, nan 
-40.875, 76.625, 1.1881397303989574e-19, nan 
-40.625, 76.625, 1.1327784177898626e-19, nan 
-40.375, 76.625, 1.453350351980991e-19, nan 
-40.125, 76.625, 1.7845911744268699e-19, nan 
-39.875, 76.625, 2.13060245551545e-19, nan 
-39.625, 76.625, 2.407647025152085e-19, nan 
-39.375, 76.625, 2.5076559506930485e-19, nan 
-39.125, 76.625, 2.8197887009612956e-19, nan 
-38.875, 76.625, 3.5449024291312656e-19, nan 
-38.625, 76.625, 4.648860063529644e-19, nan 
-38.375, 76.625, 5.046731477973858e-19, nan 
-38.125, 76.625, 3.968023996686253e-19, nan 
-37.875, 76.625, 4.297870853633531e-19, nan 
-37.625, 76.625, 4.756566404719513e-19, nan 
-37.375, 76.625, 3.733633726598079e-19, nan 
-37.125, 76.625, 2.654252461409141e-19, nan 
-36.875, 76.625, 3.079993278236537e-19, nan 
-36.625, 76.625, 3.265305255835226e-19, nan 
-36.375, 76.625, 3.0761966647047177e-19, nan 
-36.125, 76.625, 5.392908329908725e-19, nan 
-35.875, 76.625, 6.38986954693541e-19, nan 
-35.625, 76.625, 7.840322608423418e-19, nan 
-35.375, 76.625, 6.999150366681311e-19, nan 
-35.125, 76.625, 4.987649737858904e-19, nan 
-34.875, 76.625, 5.353960909073254e-19, nan 
-34.625, 76.625, 7.775063389438416e-19, nan 
-34.375, 76.625, 1.160930354126122e-18, nan 
-34.125, 76.625, 1.2091249076693512e-18, nan 
-33.875, 76.625, 1.0056911706131394e-18, nan 
-33.625, 76.625, 8.016409247011239e-19, nan 
-33.375, 76.625, 1.0656099087081398e-18, nan 
-33.125, 76.625, 1.1690343487356616e-18, nan 
-32.875, 76.625, 1.3936183827563338e-18, nan 
-32.625, 76.625, 1.522312973108754e-18, nan 
-32.375, 76.625, 1.5520156618303179e-18, nan 
-32.125, 76.625, 1.0585731837653343e-18, nan 
-31.875, 76.625, 1.0779710403690644e-18, nan 
-31.625, 76.625, 1.908490919801914e-18, nan 
-31.375, 76.625, 2.361730425629546e-18, nan 
-31.125, 76.625, 3.180562405555724e-18, nan 
-30.875, 76.625, 2.932587731080544e-18, nan 
-30.625, 76.625, 3.5716102694289965e-18, nan 
-30.375, 76.625, 3.3591156014690222e-18, nan 
-30.125, 76.625, 1.2346406321379593e-18, nan 
-29.875, 76.625, 4.518606994057297e-18, nan 
-29.625, 76.625, 1.4737210097979452e-17, nan 
-29.375, 76.625, 1.805279924433411e-17, nan 
-29.125, 76.625, 2.046575070837468e-17, nan 
-28.875, 76.625, 1.8827138323941602e-17, nan 
-28.625, 76.625, 1.704803792592841e-17, nan 
-28.375, 76.625, 2.6340127873371794e-17, nan 
-28.125, 76.625, 2.5315154095860852e-17, nan 
-27.875, 76.625, 2.938850757423781e-17, nan 
-27.625, 76.625, 4.6928481228888814e-17, nan 
-27.375, 76.625, 8.212380336984985e-17, nan 
-27.125, 76.625, 3.2603304065307475e-17, nan 
-26.875, 76.625, 1.2216352586951777e-16, nan 
-26.625, 76.625, 4.069850002343457e-17, nan 
-26.375, 76.625, 4.310373042116521e-17, nan 
-26.125, 76.625, 5.844773509744928e-17, nan 
-25.875, 76.625, 2.376300272793378e-17, nan 
-25.625, 76.625, 4.293887090159146e-17, nan 
-25.375, 76.625, 3.9693407611811925e-17, nan 
-25.125, 76.625, 2.768784781416699e-17, nan 
-24.875, 76.625, 8.668967334931042e-18, nan 
-24.625, 76.625, 6.353535425299828e-18, nan 
-24.375, 76.625, 8.548761394032641e-18, nan 
-24.125, 76.625, 1.961428731511282e-17, nan 
-23.875, 76.625, 8.757621334361543e-18, nan 
-23.625, 76.625, 7.724370920272308e-18, nan 
-23.375, 76.625, 7.325283079140697e-18, nan 
-23.125, 76.625, 5.965249349757207e-18, nan 
-22.875, 76.625, 5.411614649746063e-18, nan 
-22.625, 76.625, 3.1802583926150002e-18, nan 
-22.375, 76.625, 5.625556799634769e-18, nan 
-22.125, 76.625, 5.652545804893457e-18, nan 
-21.875, 76.625, 4.560152398902871e-18, nan 
-21.625, 76.625, 4.530998942844901e-18, nan 
-21.375, 76.625, 3.3414994118921025e-18, nan 
-21.125, 76.625, 3.607362807868543e-18, nan 
-20.875, 76.625, 3.392481710285753e-18, nan 
-20.625, 76.625, 2.981344802475853e-18, nan 
-20.375, 76.625, 2.7339617595339075e-18, nan 
-20.125, 76.625, 1.7275581757709519e-18, nan 
-19.875, 76.625, 1.617490123413749e-18, nan 
-19.625, 76.625, 1.223223086088038e-18, nan 
-19.375, 76.625, 1.758889018013752e-18, nan 
-19.125, 76.625, 1.7007831150312017e-18, nan 
-18.875, 76.625, 1.4835415975044341e-18, nan 
-18.625, 76.625, 1.1533094575596427e-18, nan 
-18.375, 76.625, 1.1514973632968963e-18, nan 
-18.125, 76.625, 6.462522738729936e-19, nan 
-17.875, 76.625, 1.192724169345544e-18, nan 
-17.625, 76.625, 9.880606973087462e-19, nan 
-17.375, 76.625, 7.75875667411526e-19, nan 
-17.125, 76.625, 7.015839744588768e-19, nan 
-16.875, 76.625, 4.1425859527504178e-19, nan 
-16.625, 76.625, 3.8595863277366395e-19, nan 
-16.375, 76.625, 2.870557244269137e-19, nan 
-16.125, 76.625, 2.6047124231887505e-19, nan 
-15.875, 76.625, 3.342744210317537e-19, nan 
-15.625, 76.625, 2.454075572862882e-19, nan 
-15.375, 76.625, 2.754488749603853e-19, nan 
-15.125, 76.625, 4.214250735751068e-19, nan 
-14.875, 76.625, 3.4021995273677464e-19, nan 
-14.625, 76.625, 3.197979211485057e-19, nan 
-14.375, 76.625, 3.1160217308887716e-19, nan 
-14.125, 76.625, 2.2895955963129874e-19, nan 
-13.875, 76.625, 2.6519976601510865e-19, nan 
-13.625, 76.625, 2.1804599542087824e-19, nan 
-13.375, 76.625, 1.807225252247984e-19, nan 
-13.125, 76.625, 1.805610953338973e-19, nan 
-12.875, 76.625, 1.1736702281408965e-19, nan 
-12.625, 76.625, 2.2544194388510354e-19, nan 
-12.375, 76.625, 1.5902656753357265e-19, nan 
-12.125, 76.625, 1.6624921584764452e-19, nan 
-11.875, 76.625, 1.6429947476203743e-19, nan 
-11.625, 76.625, 1.3109130567167723e-19, nan 
-11.375, 76.625, 7.217509197698618e-20, nan 
-11.125, 76.625, 7.457991607449465e-20, nan 
-10.875, 76.625, 9.970747155385425e-20, nan 
-10.625, 76.625, 1.343043256826034e-19, nan 
-10.375, 76.625, 1.2568478515610794e-19, nan 
-10.125, 76.625, 1.2771971856440278e-19, nan 
-9.875, 76.625, 1.2993493902481894e-19, nan 
-9.625, 76.625, 1.3656103084036167e-19, nan 
-9.375, 76.625, 1.238761137160872e-19, nan 
-9.125, 76.625, 9.72989890431272e-20, nan 
-8.875, 76.625, 1.0578939109975319e-19, nan 
-8.625, 76.625, 1.1498355784604007e-19, nan 
-8.375, 76.625, 1.0541111293299229e-19, nan 
-8.125, 76.625, 9.86218228575731e-20, nan 
-7.875, 76.625, 9.655402694817242e-20, nan 
-7.625, 76.625, 1.2074844538311727e-19, nan 
-7.375, 76.625, 9.2907436114305e-20, nan 
-7.125, 76.625, 1.0238007739076681e-19, nan 
-6.875, 76.625, 8.658495490062627e-20, nan 
-6.625, 76.625, 8.114920796258561e-20, nan 
-6.375, 76.625, 1.0737661533642791e-19, nan 
-6.125, 76.625, 7.228400450814557e-20, nan 
-5.875, 76.625, 7.796849787625516e-20, nan 
-5.625, 76.625, 6.054815694216546e-20, nan 
-5.375, 76.625, 4.920352198685325e-20, nan 
-5.125, 76.625, 4.8454977923655867e-20, nan 
-4.875, 76.625, 4.002576718183335e-20, nan 
-4.625, 76.625, 3.382699832737126e-20, nan 
-4.375, 76.625, 4.035135296634923e-20, nan 
-4.125, 76.625, 4.0675187279390937e-20, nan 
-3.875, 76.625, 3.7922508799945873e-20, nan 
-3.625, 76.625, 3.19018514490737e-20, nan 
-3.375, 76.625, 2.8051755003730703e-20, nan 
-3.125, 76.625, 3.0886767554864095e-20, nan 
-2.875, 76.625, 3.2199399782870083e-20, nan 
-2.625, 76.625, 2.1773695424415725e-20, nan 
-2.375, 76.625, 2.258908002521554e-20, nan 
-2.125, 76.625, 2.560041040990908e-20, nan 
-1.875, 76.625, 2.5752810289762182e-20, nan 
-1.625, 76.625, 2.9514702558999824e-20, nan 
-1.375, 76.625, 2.0649354840175103e-20, nan 
-1.125, 76.625, 1.977068197450646e-20, nan 
-0.875, 76.625, 1.743186388218456e-20, nan 
-0.625, 76.625, 1.6138784439995015e-20, nan 
-0.375, 76.625, 1.1666802276015356e-20, nan 
-0.125, 76.625, 1.272725686233114e-20, nan 
0.125, 76.625, 1.6112856270433296e-20, nan 
0.375, 76.625, 1.0941622227835127e-20, nan 
0.625, 76.625, 1.0604573676795916e-20, nan 
0.875, 76.625, 1.0108276814630368e-20, nan 
1.125, 76.625, 1.0720183223558022e-20, nan 
1.375, 76.625, 1.0992893370078664e-20, nan 
1.625, 76.625, 8.435495695149672e-21, nan 
1.875, 76.625, 8.749553134533086e-21, nan 
2.125, 76.625, 1.198027719356624e-20, nan 
2.375, 76.625, 8.657632185188076e-21, nan 
2.625, 76.625, 7.534684785293097e-21, nan 
2.875, 76.625, 5.567997637696453e-21, nan 
3.125, 76.625, 6.2244764575115134e-21, nan 
3.375, 76.625, 4.966352675972474e-21, nan 
3.625, 76.625, 7.399637665853752e-21, nan 
3.875, 76.625, 5.7321259111085675e-21, nan 
4.125, 76.625, 3.1457960607500376e-21, nan 
4.375, 76.625, 3.502344321225952e-21, nan 
4.625, 76.625, 4.695686909994351e-21, nan 
4.875, 76.625, 6.2129872657592896e-21, nan 
5.125, 76.625, 6.779668529055058e-21, nan 
5.375, 76.625, 8.481476269547831e-21, nan 
5.625, 76.625, 9.35357021894076e-21, nan 
5.875, 76.625, 8.238791654504034e-21, nan 
6.125, 76.625, 6.0536281022041476e-21, nan 
6.375, 76.625, 6.31205129080545e-21, nan 
6.625, 76.625, 6.968052836572352e-21, nan 
6.875, 76.625, 8.020403253805156e-21, nan 
7.125, 76.625, 8.585976292902174e-21, nan 
7.375, 76.625, 5.6862544322454416e-21, nan 
7.625, 76.625, 4.542315082951095e-21, nan 
7.875, 76.625, 4.62407599142444e-21, nan 
8.125, 76.625, 2.281385292618286e-21, nan 
8.375, 76.625, 4.6828493938980026e-21, nan 
8.625, 76.625, 1.7238409241798796e-21, nan 
8.875, 76.625, 2.704121405985574e-21, nan 
9.125, 76.625, 4.184088882121243e-21, nan 
9.375, 76.625, 4.339248395694402e-21, nan 
9.625, 76.625, 4.409696887993803e-21, nan 
9.875, 76.625, 3.91514797472404e-21, nan 
10.125, 76.625, 1.6569910424834561e-21, nan 
10.375, 76.625, 1.6764764743291884e-21, nan 
10.625, 76.625, 1.5040112987729864e-21, nan 
10.875, 76.625, 8.490414782469084e-22, nan 
11.125, 76.625, 1.0658895606516603e-21, nan 
11.375, 76.625, 1.1175719253622877e-21, nan 
11.625, 76.625, 9.978263828306806e-22, nan 
11.875, 76.625, 1.1526799976218364e-21, nan 
12.125, 76.625, 4.283461603580673e-22, nan 
12.375, 76.625, 1.1487197906083244e-21, nan 
12.625, 76.625, 7.591944209018269e-22, nan 
12.875, 76.625, 8.989615442502374e-22, nan 
13.125, 76.625, 1.1496062460316376e-21, nan 
13.375, 76.625, 1.4035925337711317e-21, nan 
13.625, 76.625, 8.999653223023176e-22, nan 
13.875, 76.625, 1.1450440202767997e-21, nan 
14.125, 76.625, 9.896256131919048e-22, nan 
14.375, 76.625, 1.003813660449359e-21, nan 
14.625, 76.625, 1.267903077952865e-21, nan 
14.875, 76.625, 1.350706903415089e-21, nan 
15.125, 76.625, 1.1527529601193085e-21, nan 
15.375, 76.625, 9.472239302355003e-22, nan 
15.625, 76.625, 1.0411545432296006e-21, nan 
15.875, 76.625, 1.45718765646454e-21, nan 
16.125, 76.625, 1.019547130405975e-21, nan 
16.375, 76.625, 1.1831063130964694e-21, nan 
16.625, 76.625, 1.3825101065679473e-21, nan 
16.875, 76.625, 8.41751736367822e-22, nan 
17.125, 76.625, 8.979117299538636e-22, nan 
17.375, 76.625, 5.79395205849686e-22, nan 
17.625, 76.625, 4.207855260446081e-22, nan 
17.875, 76.625, 6.3486871365249945e-22, nan 
18.125, 76.625, 2.6349967324232777e-22, nan 
18.375, 76.625, 4.777540456084372e-22, nan 
18.625, 76.625, 3.3006325647083186e-22, nan 
18.875, 76.625, 8.419584027568082e-22, nan 
19.125, 76.625, 7.8673819304270095e-22, nan 
19.375, 76.625, 4.956909551415928e-22, nan 
19.625, 76.625, 1.507545897372691e-22, nan 
19.875, 76.625, 2.9675430383142587e-22, nan 
20.125, 76.625, 6.383612699622996e-22, nan 
20.375, 76.625, 6.373373749819401e-22, nan 
20.625, 76.625, 4.877839479404191e-22, nan 
20.875, 76.625, 3.3981159720018173e-22, nan 
21.125, 76.625, 2.8150782851729636e-22, nan 
21.375, 76.625, 4.511972667122603e-22, nan 
21.625, 76.625, 3.254496593693922e-22, nan 
21.875, 76.625, 2.1102009738089155e-22, nan 
22.125, 76.625, 2.1841991261208136e-22, nan 
22.375, 76.625, 2.304716720787528e-22, nan 
22.625, 76.625, 4.0647289287430622e-22, nan 
22.875, 76.625, 3.6602393307076385e-22, nan 
23.125, 76.625, 2.5902790387392153e-22, nan 
23.375, 76.625, 3.009414710690556e-22, nan 
23.625, 76.625, 3.5916168734911555e-22, nan 
23.875, 76.625, 3.9394603193828437e-22, nan 
24.125, 76.625, 3.030069845212898e-22, nan 
24.375, 76.625, 3.1989628207563168e-22, nan 
24.625, 76.625, 2.3486333958855863e-22, nan 
24.875, 76.625, 5.0248289278608075e-22, nan 
25.125, 76.625, 4.390777431008303e-22, nan 
25.375, 76.625, 5.659279433429553e-22, nan 
25.625, 76.625, 3.986014249956161e-22, nan 
25.875, 76.625, 5.321580091601832e-22, nan 
26.125, 76.625, 7.688371920733768e-22, nan 
26.375, 76.625, 1.4037194949595741e-21, nan 
26.625, 76.625, 2.8639637642084907e-21, nan 
26.875, 76.625, 6.517006164645275e-22, nan 
27.125, 76.625, 4.458344335812051e-22, nan 
27.375, 76.625, 3.3467352605092895e-22, nan 
27.625, 76.625, 4.1464702369792096e-22, nan 
27.875, 76.625, 6.553813368827851e-22, nan 
28.125, 76.625, 4.043604071046928e-22, nan 
28.375, 76.625, 2.2158539635484217e-22, nan 
28.625, 76.625, 2.795757815653433e-22, nan 
28.875, 76.625, 1.219323795670104e-22, nan 
29.125, 76.625, 2.7506771649913597e-22, nan 
29.375, 76.625, 3.0107743957394634e-22, nan 
29.625, 76.625, 1.7748430639482286e-22, nan 
29.875, 76.625, 1.750771458815616e-22, nan 
30.125, 76.625, 1.6976298216468525e-22, nan 
30.375, 76.625, 1.7373125238772736e-22, nan 
30.625, 76.625, 2.1319575433067863e-22, nan 
30.875, 76.625, 2.0200254456179856e-22, nan 
31.125, 76.625, 2.1463513362670867e-22, nan 
31.375, 76.625, 1.7538140978298845e-22, nan 
31.625, 76.625, 1.691871472248913e-22, nan 
31.875, 76.625, 1.5819352642499802e-22, nan 
32.125, 76.625, 1.4706132083023477e-22, nan 
32.375, 76.625, 1.9526405225591175e-22, nan 
32.625, 76.625, 1.3678908876563569e-22, nan 
32.875, 76.625, 1.1577206351722484e-22, nan 
33.125, 76.625, 8.856961939781891e-23, nan 
33.375, 76.625, 1.0621179024754096e-22, nan 
33.625, 76.625, 9.51374659862557e-23, nan 
33.875, 76.625, 7.708615042919309e-23, nan 
34.125, 76.625, 9.68428340053895e-23, nan 
34.375, 76.625, 1.1549066511380442e-22, nan 
34.625, 76.625, 7.649305693058801e-23, nan 
34.875, 76.625, 7.84475229671686e-23, nan 
35.125, 76.625, 8.63588281465964e-23, nan 
35.375, 76.625, 8.917064639460496e-23, nan 
35.625, 76.625, 7.040838339572847e-23, nan 
35.875, 76.625, 6.17825025830047e-23, nan 
36.125, 76.625, 8.82837032986238e-23, nan 
36.375, 76.625, 7.754959127855035e-23, nan 
36.625, 76.625, 5.894366631838402e-23, nan 
36.875, 76.625, 6.783584643370613e-23, nan 
37.125, 76.625, 6.210220972958196e-23, nan 
37.375, 76.625, 6.242672438351331e-23, nan 
37.625, 76.625, 5.990475893758028e-23, nan 
37.875, 76.625, 4.0391782902281635e-23, nan 
38.125, 76.625, 3.965714326006099e-23, nan 
38.375, 76.625, 5.462465816802081e-23, nan 
38.625, 76.625, 4.620938136604255e-23, nan 
38.875, 76.625, 5.237537983521498e-23, nan 
39.125, 76.625, 4.409349375269891e-23, nan 
39.375, 76.625, 5.767585607446895e-23, nan 
39.625, 76.625, 4.9937762380974734e-23, nan 
39.875, 76.625, 3.2574552524723475e-23, nan 
40.125, 76.625, 3.21430114170836e-23, nan 
40.375, 76.625, 4.182131440851701e-23, nan 
40.625, 76.625, 3.6659171677814914e-23, nan 
40.875, 76.625, 5.700556088545974e-23, nan 
41.125, 76.625, 3.730445691923096e-23, nan 
41.375, 76.625, 1.9846619506000583e-23, nan 
41.625, 76.625, 2.660380450986394e-23, nan 
41.875, 76.625, 1.8111784364418702e-23, nan 
42.125, 76.625, 2.815171094770111e-23, nan 
42.375, 76.625, 3.46729315935269e-23, nan 
42.625, 76.625, 2.5072640403654943e-23, nan 
42.875, 76.625, 1.8426577448850935e-23, nan 
43.125, 76.625, 2.6753625819775465e-23, nan 
43.375, 76.625, 2.917446868884971e-23, nan 
43.625, 76.625, 3.087561249201942e-23, nan 
43.875, 76.625, 2.947422801549459e-23, nan 
44.125, 76.625, 8.361846812736761e-23, nan 
44.375, 76.625, 9.388828139417435e-23, nan 
44.625, 76.625, 1.2646940082311498e-22, nan 
44.875, 76.625, 8.967172139256203e-23, nan 
45.125, 76.625, 2.9799444502363997e-23, nan 
45.375, 76.625, 1.0937474190540063e-22, nan 
45.625, 76.625, 1.0965662314739313e-22, nan 
45.875, 76.625, 1.6873332131633885e-22, nan 
46.125, 76.625, 9.393095049831467e-23, nan 
46.375, 76.625, 1.0125965956171209e-22, nan 
46.625, 76.625, 9.226595684637755e-23, nan 
46.875, 76.625, 9.246670002310984e-23, nan 
47.125, 76.625, 5.1733547403807785e-23, nan 
47.375, 76.625, 5.151637358853911e-23, nan 
47.625, 76.625, 5.312881576676158e-23, nan 
47.875, 76.625, 4.7746407285683205e-23, nan 
48.125, 76.625, 4.7209714412327397e-23, nan 
48.375, 76.625, 3.237082876666369e-23, nan 
48.625, 76.625, 3.605860734772796e-23, nan 
48.875, 76.625, 3.0842386702923224e-23, nan 
49.125, 76.625, 2.6399224329865142e-23, nan 
49.375, 76.625, 2.856561654566292e-23, nan 
49.625, 76.625, 4.1824213277814265e-23, nan 
49.875, 76.625, 3.3656542044767574e-23, nan 
50.125, 76.625, 2.613375192011966e-23, nan 
50.375, 76.625, 2.3670868234458382e-23, nan 
50.625, 76.625, 3.9671961361514933e-23, nan 
50.875, 76.625, 2.9317898860774247e-23, nan 
51.125, 76.625, 2.8390594884417417e-23, nan 
51.375, 76.625, 1.982686667880801e-23, nan 
51.625, 76.625, 1.7793865746928804e-23, nan 
51.875, 76.625, 2.2186903683127068e-23, nan 
52.125, 76.625, 2.2098039688823318e-23, nan 
52.375, 76.625, 2.3196865975476067e-23, nan 
52.625, 76.625, 1.7692384110253777e-23, nan 
52.875, 76.625, 1.1845373942212192e-23, nan 
53.125, 76.625, 1.8495713907043854e-23, nan 
53.375, 76.625, 1.5800269989109097e-23, nan 
53.625, 76.625, 1.6325812683385807e-23, nan 
53.875, 76.625, 1.5891371745034115e-23, nan 
54.125, 76.625, 9.671776030842468e-24, nan 
54.375, 76.625, 1.4571969977547074e-23, nan 
54.625, 76.625, 1.7529782630950285e-23, nan 
54.875, 76.625, 2.4053831154578206e-23, nan 
55.125, 76.625, 2.683365689554592e-23, nan 
55.375, 76.625, 3.744930719502895e-23, nan 
55.625, 76.625, 3.653708114614903e-23, nan 
55.875, 76.625, 3.366649034517009e-23, nan 
56.125, 76.625, 3.4058666846912025e-23, nan 
56.375, 76.625, 4.324757875226217e-23, nan 
56.625, 76.625, 5.1045285736705954e-23, nan 
56.875, 76.625, 4.73277596010001e-23, nan 
57.125, 76.625, 3.661903542905466e-23, nan 
57.375, 76.625, 2.5123810273190926e-23, nan 
57.625, 76.625, 2.307883637921412e-23, nan 
57.875, 76.625, 1.2500653081825904e-23, nan 
58.125, 76.625, 1.2554309848548535e-23, nan 
58.375, 76.625, 1.3729893121047278e-23, nan 
58.625, 76.625, 1.277947059850197e-23, nan 
58.875, 76.625, 1.0923108884713858e-23, nan 
59.125, 76.625, 1.2878461645616055e-23, nan 
59.375, 76.625, 9.002201002278052e-24, nan 
59.625, 76.625, 1.644273019952543e-23, nan 
59.875, 76.625, 1.7688881556420572e-23, nan 
60.125, 76.625, 1.3820128422972924e-23, nan 
60.375, 76.625, 6.161934670937359e-24, nan 
60.625, 76.625, 1.1107351957926247e-23, nan 
60.875, 76.625, 7.489180081273421e-24, nan 
61.125, 76.625, 7.701289318530164e-24, nan 
61.375, 76.625, 6.5255409061811166e-24, nan 
61.625, 76.625, 6.481144066299222e-24, nan 
61.875, 76.625, 2.106021432225243e-23, nan 
62.125, 76.625, 3.2411438452270347e-23, nan 
62.375, 76.625, 3.8588711149870686e-23, nan 
62.625, 76.625, 4.1292061120397184e-23, nan 
62.875, 76.625, 2.7328815056851494e-23, nan 
63.125, 76.625, 1.1067964854514946e-23, nan 
63.375, 76.625, 7.842380021612369e-24, nan 
63.625, 76.625, 1.2411812170587158e-23, nan 
63.875, 76.625, 1.7115237697144677e-23, nan 
64.125, 76.625, 2.015262589212455e-23, nan 
64.375, 76.625, 1.4034043918109895e-23, nan 
64.625, 76.625, 1.0482929580936768e-23, nan 
64.875, 76.625, 9.653067932756495e-24, nan 
65.125, 76.625, 9.922593625461295e-24, nan 
65.375, 76.625, 1.132953340355039e-23, nan 
65.625, 76.625, 8.40780065851599e-24, nan 
65.875, 76.625, 1.2299841893387632e-23, nan 
66.125, 76.625, 6.595528519857421e-24, nan 
66.375, 76.625, 8.021617662190133e-24, nan 
66.625, 76.625, 1.1605616528274904e-23, nan 
66.875, 76.625, 7.586569019759905e-24, nan 
67.125, 76.625, 6.658109404655046e-24, nan 
67.375, 76.625, 6.3610416194879875e-24, nan 
67.625, 76.625, 4.422122537819127e-24, nan 
67.875, 76.625, 5.478406198161389e-24, nan 
68.125, 76.625, 5.491855288080024e-24, nan 
68.375, 76.625, 6.257788196771768e-24, nan 
68.625, 76.625, 3.120457077047662e-24, nan 
68.875, 76.625, 2.6574869757841952e-24, nan 
69.125, 76.625, 2.2800071132743325e-24, nan 
69.375, 76.625, 4.363456967506972e-24, nan 
69.625, 76.625, 8.544138463325416e-24, nan 
69.875, 76.625, 3.662409234562717e-24, nan 
70.125, 76.625, 2.4916641430812195e-24, nan 
70.375, 76.625, 3.455013970852178e-24, nan 
70.625, 76.625, 4.9070482804370334e-24, nan 
70.875, 76.625, 5.25115067412063e-24, nan 
71.125, 76.625, 1.4513184509369087e-23, nan 
71.375, 76.625, 1.5042250261508747e-23, nan 
71.625, 76.625, 1.434208889513453e-23, nan 
71.875, 76.625, 1.5158316865903245e-23, nan 
72.125, 76.625, 1.5555034493367022e-23, nan 
72.375, 76.625, 1.480501675796709e-23, nan 
72.625, 76.625, 1.3567283333075467e-23, nan 
72.875, 76.625, 1.0346224055919534e-23, nan 
73.125, 76.625, 5.459556249664677e-24, nan 
73.375, 76.625, 3.076785249977875e-24, nan 
73.625, 76.625, 3.718524091193567e-24, nan 
73.875, 76.625, 3.586797313608918e-24, nan 
74.125, 76.625, 3.542215685190218e-24, nan 
74.375, 76.625, 4.746052131498105e-24, nan 
74.625, 76.625, 4.904148585726891e-24, nan 
74.875, 76.625, 5.713269452579106e-24, nan 
75.125, 76.625, 4.9062798704715686e-24, nan 
75.375, 76.625, 3.624815697990542e-24, nan 
75.625, 76.625, 5.777479375614506e-24, nan 
75.875, 76.625, 7.130402822527488e-24, nan 
76.125, 76.625, 6.1956342203006815e-24, nan 
76.375, 76.625, 4.719324408393343e-24, nan 
76.625, 76.625, 3.658832776047093e-24, nan 
76.875, 76.625, 6.4408437614484216e-24, nan 
77.125, 76.625, 8.229906800432893e-24, nan 
77.375, 76.625, 6.998226206309053e-24, nan 
77.625, 76.625, 6.696769410296017e-24, nan 
77.875, 76.625, 9.836486732550524e-24, nan 
78.125, 76.625, 2.2242912887489068e-23, nan 
78.375, 76.625, 1.0620343582372484e-23, nan 
78.625, 76.625, 7.082827955942074e-24, nan 
78.875, 76.625, 4.8284531972175594e-24, nan 
79.125, 76.625, 3.716312312949908e-24, nan 
79.375, 76.625, 2.2602168159105247e-24, nan 
79.625, 76.625, 3.816166258343075e-24, nan 
79.875, 76.625, 6.1673958707649985e-24, nan 
80.125, 76.625, 6.129374676874205e-24, nan 
80.375, 76.625, 9.208687992903275e-24, nan 
80.625, 76.625, 3.901843224821342e-24, nan 
80.875, 76.625, 8.062649266136508e-24, nan 
81.125, 76.625, 1.0565180058266614e-23, nan 
81.375, 76.625, 9.413425735323883e-24, nan 
81.625, 76.625, 8.107277320934033e-24, nan 
81.875, 76.625, 7.9115537630371e-24, nan 
82.125, 76.625, 6.793535593657972e-24, nan 
82.375, 76.625, 6.4410606444328466e-24, nan 
82.625, 76.625, 5.573787486155894e-24, nan 
82.875, 76.625, 5.95326921337147e-24, nan 
83.125, 76.625, 6.68055626109754e-24, nan 
83.375, 76.625, 4.574186985010509e-24, nan 
83.625, 76.625, 2.4914765899143155e-24, nan 
83.875, 76.625, 2.6852393284102946e-24, nan 
84.125, 76.625, 3.3983276191541494e-24, nan 
84.375, 76.625, 3.094784447753369e-24, nan 
84.625, 76.625, 3.687141717430453e-24, nan 
84.875, 76.625, 3.540204015534944e-24, nan 
85.125, 76.625, 6.721834562697022e-24, nan 
85.375, 76.625, 9.31835879419671e-24, nan 
85.625, 76.625, 7.93781618631127e-24, nan 
85.875, 76.625, 1.2351384281050848e-23, nan 
86.125, 76.625, 1.0196198546391e-23, nan 
86.375, 76.625, 7.382011764702667e-24, nan 
86.625, 76.625, 1.2876239825695001e-23, nan 
86.875, 76.625, 1.1929431249325306e-23, nan 
87.125, 76.625, 1.7001255412334267e-23, nan 
87.375, 76.625, 9.960691786022611e-24, nan 
87.625, 76.625, 3.2610949815072215e-24, nan 
87.875, 76.625, 6.200292870656331e-24, nan 
88.125, 76.625, 1.53840955483523e-23, nan 
88.375, 76.625, 3.0921171971872117e-23, nan 
88.625, 76.625, 2.4991976727089183e-23, nan 
88.875, 76.625, 1.6483627259688542e-23, nan 
89.125, 76.625, 2.6199962767199775e-23, nan 
89.375, 76.625, 2.2508133045451343e-23, nan 
89.625, 76.625, 2.8180075531778184e-23, nan 
89.875, 76.625, 2.4161177840524037e-23, nan 
90.125, 76.625, 1.463668989993052e-23, nan 
90.375, 76.625, 5.5085069769234884e-24, nan 
90.625, 76.625, 9.094806489474146e-24, nan 
90.875, 76.625, 1.0936373893892244e-23, nan 
91.125, 76.625, 8.324959620506468e-24, nan 
91.375, 76.625, 1.3654157593960823e-23, nan 
91.625, 76.625, 7.955618185354544e-24, nan 
91.875, 76.625, 6.2007532461514986e-24, nan 
92.125, 76.625, 6.554786684674816e-24, nan 
92.375, 76.625, 6.53763374839435e-24, nan 
92.625, 76.625, 8.159255330067118e-24, nan 
92.875, 76.625, 5.345143741578096e-24, nan 
93.125, 76.625, 2.160493622925013e-24, nan 
93.375, 76.625, 1.6407443750410856e-24, nan 
93.625, 76.625, 2.3277431474433873e-24, nan 
93.875, 76.625, 2.3266501326889057e-24, nan 
94.125, 76.625, 2.950729719179775e-24, nan 
94.375, 76.625, 3.2172846418553032e-24, nan 
94.625, 76.625, 2.8216339700334916e-24, nan 
94.875, 76.625, 2.952724304649611e-24, nan 
95.125, 76.625, 3.0179389922898904e-24, nan 
95.375, 76.625, 5.316430732062579e-24, nan 
95.625, 76.625, 5.9252229723631345e-24, nan 
95.875, 76.625, 4.20103835945047e-24, nan 
96.125, 76.625, 2.675380090297395e-24, nan 
96.375, 76.625, 1.2864069832182674e-24, nan 
96.625, 76.625, 2.4838045992871298e-24, nan 
96.875, 76.625, 3.1442328338420266e-24, nan 
97.125, 76.625, 2.7578379968341962e-24, nan 
97.375, 76.625, 2.4600182121488187e-24, nan 
97.625, 76.625, 1.645729307256599e-24, nan 
97.875, 76.625, 2.2833667130343004e-24, nan 
98.125, 76.625, 2.6704311204237337e-24, nan 
98.375, 76.625, 3.0305828928811904e-24, nan 
98.625, 76.625, 2.5868818372786114e-24, nan 
98.875, 76.625, 2.148158055141266e-24, nan 
99.125, 76.625, 2.6252911109336446e-24, nan 
99.375, 76.625, 3.5983581076297474e-24, nan 
99.625, 76.625, 4.502717931325239e-24, nan 
99.875, 76.625, 4.953558749586023e-24, nan 
100.125, 76.625, 4.523956823652416e-24, nan 
100.375, 76.625, 4.959856285413849e-24, nan 
100.625, 76.625, 6.618520142940645e-24, nan 
100.875, 76.625, 3.627296290862787e-24, nan 
101.125, 76.625, 2.8201332737835107e-24, nan 
101.375, 76.625, 1.5999559144799497e-24, nan 
101.625, 76.625, 2.374684156839863e-24, nan 
101.875, 76.625, 4.7313142211063554e-24, nan 
102.125, 76.625, 3.6550614808353426e-24, nan 
102.375, 76.625, 3.10043986605669e-24, nan 
102.625, 76.625, 2.6285212263660526e-24, nan 
102.875, 76.625, 1.4907569322169378e-24, nan 
103.125, 76.625, 1.5316563874670625e-24, nan 
103.375, 76.625, 1.99702660998094e-24, nan 
103.625, 76.625, 2.100569894151564e-24, nan 
103.875, 76.625, 1.74899888785962e-24, nan 
104.125, 76.625, 2.2978628017800282e-24, nan 
104.375, 76.625, 2.045587363488373e-24, nan 
104.625, 76.625, 1.962248090750662e-24, nan 
104.875, 76.625, 1.5446555544599806e-24, nan 
105.125, 76.625, 1.6057257472802564e-24, nan 
105.375, 76.625, 2.1768341995520763e-24, nan 
105.625, 76.625, 2.0515054958085095e-24, nan 
105.875, 76.625, 2.1394947767886993e-24, nan 
106.125, 76.625, 2.3595566563236207e-24, nan 
106.375, 76.625, 2.3917442644460192e-24, nan 
106.625, 76.625, 2.0157861009401444e-24, nan 
106.875, 76.625, 2.512606192978739e-24, nan 
107.125, 76.625, 1.8004732349565535e-24, nan 
107.375, 76.625, 2.4792069949726338e-24, nan 
107.625, 76.625, 8.560569758566813e-25, nan 
107.875, 76.625, 7.48324394820115e-25, nan 
108.125, 76.625, 1.5330416193752841e-24, nan 
108.375, 76.625, 1.9809446017556455e-24, nan 
108.625, 76.625, 1.839940982524912e-24, nan 
108.875, 76.625, 1.9305267235199596e-24, nan 
109.125, 76.625, 1.4062656331276536e-24, nan 
109.375, 76.625, 2.182064924867526e-24, nan 
109.625, 76.625, 2.207336331883161e-24, nan 
109.875, 76.625, 2.8615632182787944e-24, nan 
110.125, 76.625, 1.867595371580157e-24, nan 
110.375, 76.625, 2.2552976921432265e-24, nan 
110.625, 76.625, 2.1235651056077498e-24, nan 
110.875, 76.625, 1.9187820730473047e-24, nan 
111.125, 76.625, 2.9031562565401963e-24, nan 
111.375, 76.625, 2.6196845869185477e-24, nan 
111.625, 76.625, 2.7300684101725796e-24, nan 
111.875, 76.625, 2.3760369700888278e-24, nan 
112.125, 76.625, 2.645682122031163e-24, nan 
112.375, 76.625, 2.4045858087671484e-24, nan 
112.625, 76.625, 1.992298386475536e-24, nan 
112.875, 76.625, 1.5206108608178198e-24, nan 
113.125, 76.625, 6.4905566828794596e-24, nan 
113.375, 76.625, 5.2841257102751774e-24, nan 
113.625, 76.625, 3.742754894093034e-24, nan 
113.875, 76.625, 2.683801431961195e-24, nan 
114.125, 76.625, 2.3722260997359473e-24, nan 
114.375, 76.625, 1.0871717252673737e-23, nan 
114.625, 76.625, 5.8035174767064686e-24, nan 
114.875, 76.625, 4.093541449096783e-24, nan 
115.125, 76.625, 1.4457195462279594e-24, nan 
115.375, 76.625, 1.6799612323432438e-24, nan 
115.625, 76.625, 6.130742063371334e-24, nan 
115.875, 76.625, 9.05558362774834e-24, nan 
116.125, 76.625, 6.163082378209478e-24, nan 
116.375, 76.625, 3.7047329401387374e-24, nan 
116.625, 76.625, 6.243367578531935e-24, nan 
116.875, 76.625, 7.905369616467215e-24, nan 
117.125, 76.625, 6.991376322147865e-24, nan 
117.375, 76.625, 5.955260976630383e-24, nan 
117.625, 76.625, 5.636531241606299e-24, nan 
117.875, 76.625, 1.1310129935397494e-23, nan 
118.125, 76.625, 1.3589196233376685e-23, nan 
118.375, 76.625, 7.115502168213896e-24, nan 
118.625, 76.625, 9.16763502910843e-24, nan 
118.875, 76.625, 3.505734313013982e-24, nan 
119.125, 76.625, 5.7635957544479934e-24, nan 
119.375, 76.625, 6.878180645926301e-24, nan 
119.625, 76.625, 4.717303040903148e-24, nan 
119.875, 76.625, 5.202576724585071e-24, nan 
120.125, 76.625, 5.0579641692421846e-24, nan 
120.375, 76.625, 2.3284191718188006e-24, nan 
120.625, 76.625, 1.4825465867869921e-24, nan 
120.875, 76.625, 1.304608379673771e-24, nan 
121.125, 76.625, 1.6935582918860572e-24, nan 
121.375, 76.625, 3.720903240148161e-24, nan 
121.625, 76.625, 2.903310883589353e-24, nan 
121.875, 76.625, 1.7570241693186196e-24, nan 
122.125, 76.625, 2.1905583039046934e-24, nan 
122.375, 76.625, 9.49588385562194e-25, nan 
122.625, 76.625, 8.97064118773198e-25, nan 
122.875, 76.625, 1.8266413562247407e-24, nan 
123.125, 76.625, 1.2798105253029763e-24, nan 
123.375, 76.625, 8.28632730813873e-25, nan 
123.625, 76.625, 1.050359332258865e-24, nan 
123.875, 76.625, 1.2434031104428638e-24, nan 
124.125, 76.625, 1.7571340384314142e-24, nan 
124.375, 76.625, 1.506108900934568e-24, nan 
124.625, 76.625, 1.259343670097054e-24, nan 
124.875, 76.625, 9.51131029197546e-25, nan 
125.125, 76.625, 1.5556390265307514e-24, nan 
125.375, 76.625, 2.966291771521962e-24, nan 
125.625, 76.625, 1.916216211344351e-24, nan 
125.875, 76.625, 1.5068761047790725e-24, nan 
126.125, 76.625, 1.1925888532196692e-24, nan 
126.375, 76.625, 9.644934323501683e-25, nan 
126.625, 76.625, 1.817764903827192e-24, nan 
126.875, 76.625, 1.8348784884030306e-24, nan 
127.125, 76.625, 1.4519903541370608e-24, nan 
127.375, 76.625, 1.4949072281233767e-24, nan 
127.625, 76.625, 1.8382218918991857e-24, nan 
127.875, 76.625, 2.4145439933998837e-24, nan 
128.125, 76.625, 2.772477599207858e-24, nan 
128.375, 76.625, 2.5674240934847672e-24, nan 
128.625, 76.625, 3.046579808081496e-24, nan 
128.875, 76.625, 3.315272803727918e-24, nan 
129.125, 76.625, 2.3805493602300733e-24, nan 
129.375, 76.625, 2.5152046986756537e-24, nan 
129.625, 76.625, 2.0692097836403507e-24, nan 
129.875, 76.625, 2.532197146784884e-24, nan 
130.125, 76.625, 2.038257549020739e-24, nan 
130.375, 76.625, 1.955172965648015e-24, nan 
130.625, 76.625, 2.3287501759071035e-24, nan 
130.875, 76.625, 2.094493638643935e-24, nan 
131.125, 76.625, 1.6276618460236624e-24, nan 
131.375, 76.625, 1.801325075108708e-24, nan 
131.625, 76.625, 1.8867465084689323e-24, nan 
131.875, 76.625, 2.1083724488887527e-24, nan 
132.125, 76.625, 1.7445042268247922e-24, nan 
132.375, 76.625, 1.5416758572517523e-24, nan 
132.625, 76.625, 1.2541418150163925e-24, nan 
132.875, 76.625, 3.5630229281667103e-25, nan 
133.125, 76.625, 6.905914120425455e-25, nan 
133.375, 76.625, 9.816709139646216e-25, nan 
133.625, 76.625, 6.610372713168301e-25, nan 
133.875, 76.625, 3.3464846756072526e-25, nan 
134.125, 76.625, 8.1379585818188875e-25, nan 
134.375, 76.625, 1.8395935642434577e-24, nan 
134.625, 76.625, 2.2499867385116554e-24, nan 
134.875, 76.625, 1.377151644799909e-24, nan 
135.125, 76.625, 1.2216109220547033e-24, nan 
135.375, 76.625, 7.085851131289435e-25, nan 
135.625, 76.625, 8.652542938849244e-25, nan 
135.875, 76.625, 9.550158794872811e-25, nan 
136.125, 76.625, 1.025707369986763e-24, nan 
136.375, 76.625, 1.3476576431356003e-24, nan 
136.625, 76.625, 1.5962688772751285e-24, nan 
136.875, 76.625, 2.0498527272333414e-24, nan 
137.125, 76.625, 2.496135204895687e-24, nan 
137.375, 76.625, 2.5380615395607247e-24, nan 
137.625, 76.625, 4.0766045454453665e-24, nan 
137.875, 76.625, 3.656401709626984e-24, nan 
138.125, 76.625, 3.129315475147119e-24, nan 
138.375, 76.625, 3.2804400934425086e-24, nan 
138.625, 76.625, 3.543584157479603e-24, nan 
138.875, 76.625, 4.467527475580439e-24, nan 
139.125, 76.625, 4.5164623996289535e-24, nan 
139.375, 76.625, 3.1452700118326433e-24, nan 
139.625, 76.625, 1.941163845654698e-24, nan 
139.875, 76.625, 1.66238119706008e-24, nan 
140.125, 76.625, 8.9123312857712e-25, nan 
140.375, 76.625, 7.5841367826275125e-25, nan 
140.625, 76.625, 7.311796735306547e-25, nan 
140.875, 76.625, 5.941337838498085e-25, nan 
141.125, 76.625, 5.1856506652303975e-25, nan 
141.375, 76.625, 5.361574046789894e-25, nan 
141.625, 76.625, 7.005049125102402e-25, nan 
141.875, 76.625, 6.235720617522968e-25, nan 
142.125, 76.625, 9.692853139198262e-25, nan 
142.375, 76.625, 1.4491425751370927e-24, nan 
142.625, 76.625, 1.690241218949536e-24, nan 
142.875, 76.625, 2.1278704005056434e-24, nan 
143.125, 76.625, 2.291413871732308e-24, nan 
143.375, 76.625, 2.0121593739486413e-24, nan 
143.625, 76.625, 2.0807650583148105e-24, nan 
143.875, 76.625, 1.9783275333801435e-24, nan 
144.125, 76.625, 2.266363144808146e-24, nan 
144.375, 76.625, 2.3883144075319026e-24, nan 
144.625, 76.625, 2.152186025351398e-24, nan 
144.875, 76.625, 1.796519653703314e-24, nan 
145.125, 76.625, 1.6854569952759033e-24, nan 
145.375, 76.625, 1.6215668436839276e-24, nan 
145.625, 76.625, 2.0395364014619442e-24, nan 
145.875, 76.625, 2.0920818894812634e-24, nan 
146.125, 76.625, 2.3581416867555723e-24, nan 
146.375, 76.625, 1.8608420266276034e-24, nan 
146.625, 76.625, 1.7611236801268886e-24, nan 
146.875, 76.625, 1.6992171023562483e-24, nan 
147.125, 76.625, 1.65884269892724e-24, nan 
147.375, 76.625, 2.9949056435093846e-24, nan 
147.625, 76.625, 1.9469188067245787e-24, nan 
147.875, 76.625, 1.937358021285027e-24, nan 
148.125, 76.625, 1.1754158389739698e-24, nan 
148.375, 76.625, 5.1668475249613925e-25, nan 
148.625, 76.625, 8.045793108503287e-25, nan 
148.875, 76.625, 5.989386382340167e-25, nan 
149.125, 76.625, 5.17941803693426e-25, nan 
149.375, 76.625, 1.5456869859449351e-24, nan 
149.625, 76.625, 9.561541986479133e-25, nan 
149.875, 76.625, 7.642369561693818e-25, nan 
150.125, 76.625, 1.2135056198983067e-24, nan 
150.375, 76.625, 2.9863800031231015e-25, nan 
150.625, 76.625, 1.191091605936018e-24, nan 
150.875, 76.625, 1.4136785443926546e-24, nan 
151.125, 76.625, 9.532987976912275e-25, nan 
151.375, 76.625, 2.1621829018805814e-24, nan 
151.625, 76.625, 1.1672293247979012e-24, nan 
151.875, 76.625, 1.0761265135423933e-24, nan 
152.125, 76.625, 2.4393401318813435e-24, nan 
152.375, 76.625, 2.108265568701602e-24, nan 
152.625, 76.625, 1.9944833972588295e-24, nan 
152.875, 76.625, 2.1263892455252202e-24, nan 
153.125, 76.625, 2.053999702529378e-24, nan 
153.375, 76.625, 2.4970129233692292e-24, nan 
153.625, 76.625, 1.5832082356053708e-24, nan 
153.875, 76.625, 1.5621554252148186e-24, nan 
154.125, 76.625, 1.758667124798071e-24, nan 
154.375, 76.625, 1.6909131714580525e-24, nan 
154.625, 76.625, 1.882172373622397e-24, nan 
154.875, 76.625, 2.020248924162626e-24, nan 
155.125, 76.625, 1.5269090852407854e-24, nan 
155.375, 76.625, 1.3049023152440886e-24, nan 
155.625, 76.625, 1.472527404019581e-24, nan 
155.875, 76.625, 1.027721311194074e-24, nan 
156.125, 76.625, 1.3464807323622947e-24, nan 
156.375, 76.625, 2.130449365356971e-24, nan 
156.625, 76.625, 1.986019460055516e-24, nan 
156.875, 76.625, 2.3134228310987144e-24, nan 
157.125, 76.625, 2.3389990980293264e-24, nan 
157.375, 76.625, 2.062945687270958e-24, nan 
157.625, 76.625, 3.0688033005913955e-24, nan 
157.875, 76.625, 2.3561574427061337e-24, nan 
158.125, 76.625, 3.5731871524364306e-24, nan 
158.375, 76.625, 4.020242044309304e-24, nan 
158.625, 76.625, 3.7324123817121385e-24, nan 
158.875, 76.625, 5.2767741045035185e-24, nan 
159.125, 76.625, 3.800809492885529e-24, nan 
159.375, 76.625, 4.1912804995451236e-24, nan 
159.625, 76.625, 3.509963020277472e-24, nan 
159.875, 76.625, 3.816706732714763e-24, nan 
160.125, 76.625, 4.710612195150224e-24, nan 
160.375, 76.625, 4.574004319606437e-24, nan 
160.625, 76.625, 6.832069698215351e-24, nan 
160.875, 76.625, 6.379285910082689e-24, nan 
161.125, 76.625, 4.572717381759181e-24, nan 
161.375, 76.625, 4.248363595398199e-24, nan 
161.625, 76.625, 3.765989402794015e-24, nan 
161.875, 76.625, 2.285083954346593e-24, nan 
162.125, 76.625, 2.4358990108567576e-24, nan 
162.375, 76.625, 5.603179193080534e-24, nan 
162.625, 76.625, 4.9151068033490754e-24, nan 
162.875, 76.625, 3.1144645345299573e-24, nan 
163.125, 76.625, 4.847599800409777e-24, nan 
163.375, 76.625, 6.711696086676209e-24, nan 
163.625, 76.625, 7.727830036827152e-24, nan 
163.875, 76.625, 6.276290811071549e-24, nan 
164.125, 76.625, 6.629558589457692e-24, nan 
164.375, 76.625, 6.359508097537654e-24, nan 
164.625, 76.625, 1.1083092976429651e-23, nan 
164.875, 76.625, 1.1562906126725109e-23, nan 
165.125, 76.625, 1.2717999600739647e-23, nan 
165.375, 76.625, 9.42700848263185e-24, nan 
165.625, 76.625, 1.0747014447193034e-23, nan 
165.875, 76.625, 9.416722609640129e-24, nan 
166.125, 76.625, 8.445247943620284e-24, nan 
166.375, 76.625, 4.9663900873790036e-24, nan 
166.625, 76.625, 5.7050178815915856e-24, nan 
166.875, 76.625, 6.4589670721852166e-24, nan 
167.125, 76.625, 8.940193120560234e-24, nan 
167.375, 76.625, 7.205768141939071e-24, nan 
167.625, 76.625, 5.076419061911461e-24, nan 
167.875, 76.625, 4.5079668568191106e-24, nan 
168.125, 76.625, 5.728674723398266e-24, nan 
168.375, 76.625, 7.380892141470278e-24, nan 
168.625, 76.625, 7.304180156074673e-24, nan 
168.875, 76.625, 5.04325636530337e-24, nan 
169.125, 76.625, 5.244340518151424e-24, nan 
169.375, 76.625, 3.603280396421154e-24, nan 
169.625, 76.625, 3.61367251408673e-24, nan 
169.875, 76.625, 4.124402384381608e-24, nan 
170.125, 76.625, 3.2735642249484166e-24, nan 
170.375, 76.625, 3.701813094464553e-24, nan 
170.625, 76.625, 3.5237776106916106e-24, nan 
170.875, 76.625, 3.0547525776028947e-24, nan 
171.125, 76.625, 2.552667587219943e-24, nan 
171.375, 76.625, 4.6224466245204706e-24, nan 
171.625, 76.625, 2.225245668735836e-24, nan 
171.875, 76.625, 2.158503175696597e-24, nan 
172.125, 76.625, 2.1844109892126713e-24, nan 
172.375, 76.625, 1.6110889029633593e-24, nan 
172.625, 76.625, 1.8136050557768827e-24, nan 
172.875, 76.625, 2.7604058091156316e-24, nan 
173.125, 76.625, 2.0661004180207586e-24, nan 
173.375, 76.625, 1.295790289273784e-24, nan 
173.625, 76.625, 1.473237975047421e-24, nan 
173.875, 76.625, 1.4675480410518483e-24, nan 
174.125, 76.625, 1.921145796559749e-24, nan 
174.375, 76.625, 1.5939029112921828e-24, nan 
174.625, 76.625, 1.0797684878410164e-24, nan 
174.875, 76.625, 1.0516755720203916e-24, nan 
175.125, 76.625, 2.1015756147132744e-24, nan 
175.375, 76.625, 2.2047620297216657e-24, nan 
175.625, 76.625, 3.1591463464233965e-24, nan 
175.875, 76.625, 2.581895880239451e-24, nan 
176.125, 76.625, 1.5915123843477663e-24, nan 
176.375, 76.625, 1.562868664073794e-24, nan 
176.625, 76.625, 2.4118445959710337e-24, nan 
176.875, 76.625, 3.909941185444827e-24, nan 
177.125, 76.625, 3.430049486987186e-24, nan 
177.375, 76.625, 3.1204160259511504e-24, nan 
177.625, 76.625, 2.878445176092029e-24, nan 
177.875, 76.625, 2.9861180871359603e-24, nan 
178.125, 76.625, 3.0887844853243297e-24, nan 
178.375, 76.625, 3.6419782058642746e-24, nan 
178.625, 76.625, 2.2672621682645794e-24, nan 
178.875, 76.625, 1.458717631343977e-24, nan 
179.125, 76.625, 2.4804572275518504e-24, nan 
179.375, 76.625, 2.6212705327521e-24, nan 
179.625, 76.625, 3.0610294728864097e-24, nan 
179.875, 76.625, 2.6168798368103703e-24, nan 
-179.875, 76.875, 4.509369087202622e-24, nan 
-179.625, 76.875, 5.2719404885108996e-24, nan 
-179.375, 76.875, 5.067072406068654e-24, nan 
-179.125, 76.875, 4.519943344574387e-24, nan 
-178.875, 76.875, 4.407900699561681e-24, nan 
-178.625, 76.875, 5.9647175239334955e-24, nan 
-178.375, 76.875, 7.550502919418575e-24, nan 
-178.125, 76.875, 7.634181685289604e-24, nan 
-177.875, 76.875, 6.720868622002364e-24, nan 
-177.625, 76.875, 6.253872429152382e-24, nan 
-177.375, 76.875, 6.208201244493743e-24, nan 
-177.125, 76.875, 6.245464419310537e-24, nan 
-176.875, 76.875, 5.614048386561029e-24, nan 
-176.625, 76.875, 4.948707391499011e-24, nan 
-176.375, 76.875, 6.72666745866666e-24, nan 
-176.125, 76.875, 6.92360642602133e-24, nan 
-175.875, 76.875, 4.027656019784205e-24, nan 
-175.625, 76.875, 3.427575021998149e-24, nan 
-175.375, 76.875, 5.451849827294094e-24, nan 
-175.125, 76.875, 9.841558423528075e-24, nan 
-174.875, 76.875, 9.572592002762856e-24, nan 
-174.625, 76.875, 4.4963501334672385e-24, nan 
-174.375, 76.875, 6.252108189067624e-24, nan 
-174.125, 76.875, 6.287905161705273e-24, nan 
-173.875, 76.875, 5.372694228485464e-24, nan 
-173.625, 76.875, 6.260506418540827e-24, nan 
-173.375, 76.875, 8.867771274885477e-24, nan 
-173.125, 76.875, 5.117357779005946e-24, nan 
-172.875, 76.875, 5.472238771579994e-24, nan 
-172.625, 76.875, 4.616606945400874e-24, nan 
-172.375, 76.875, 3.414364260336119e-24, nan 
-172.125, 76.875, 3.979953919351082e-24, nan 
-171.875, 76.875, 5.101892538854403e-24, nan 
-171.625, 76.875, 6.630411024051522e-24, nan 
-171.375, 76.875, 1.7809522847030322e-24, nan 
-171.125, 76.875, 6.833734467523948e-24, nan 
-170.875, 76.875, 1.2820150900642982e-23, nan 
-170.625, 76.875, 1.7650419681241977e-23, nan 
-170.375, 76.875, 1.1772489780194888e-23, nan 
-170.125, 76.875, 8.01826579695801e-24, nan 
-169.875, 76.875, 1.1313299319215273e-23, nan 
-169.625, 76.875, 1.990055084659316e-23, nan 
-169.375, 76.875, 1.4015030958056498e-23, nan 
-169.125, 76.875, 1.646200275124285e-23, nan 
-168.875, 76.875, 9.451330298427998e-24, nan 
-168.625, 76.875, 1.1259826375650689e-23, nan 
-168.375, 76.875, 1.4243798933681397e-23, nan 
-168.125, 76.875, 4.576454187920788e-24, nan 
-167.875, 76.875, 1.1035175512732152e-23, nan 
-167.625, 76.875, 9.03217029473745e-24, nan 
-167.375, 76.875, 1.1163672759209826e-23, nan 
-167.125, 76.875, 1.403283693613674e-23, nan 
-166.875, 76.875, 2.3013331825315975e-23, nan 
-166.625, 76.875, 2.9677487869340076e-23, nan 
-166.375, 76.875, 3.092753714348225e-23, nan 
-166.125, 76.875, 1.438620827516107e-23, nan 
-165.875, 76.875, 2.3570591567598012e-23, nan 
-165.625, 76.875, 3.533726796395367e-23, nan 
-165.375, 76.875, 3.2949593502971235e-23, nan 
-165.125, 76.875, 3.1543000045554615e-23, nan 
-164.875, 76.875, 1.8806900500028115e-23, nan 
-164.625, 76.875, 4.6864803446216716e-23, nan 
-164.375, 76.875, 5.2830082732045623e-23, nan 
-164.125, 76.875, 2.7320202510650624e-23, nan 
-163.875, 76.875, 2.134628106218441e-23, nan 
-163.625, 76.875, 2.606466916139581e-23, nan 
-163.375, 76.875, 3.17723260855342e-23, nan 
-163.125, 76.875, 3.080506952486421e-23, nan 
-162.875, 76.875, 1.4774418578181253e-23, nan 
-162.625, 76.875, 8.724420373846592e-24, nan 
-162.375, 76.875, 1.8073274263378813e-23, nan 
-162.125, 76.875, 1.535217546087356e-23, nan 
-161.875, 76.875, 1.503599639083824e-23, nan 
-161.625, 76.875, 1.3975823630524952e-23, nan 
-161.375, 76.875, 1.0758839694933853e-23, nan 
-161.125, 76.875, 8.6590778187816e-24, nan 
-160.875, 76.875, 9.202710745058791e-24, nan 
-160.625, 76.875, 1.089120924187683e-23, nan 
-160.375, 76.875, 1.1169478514704627e-23, nan 
-160.125, 76.875, 8.935474811422366e-24, nan 
-159.875, 76.875, 5.395529268004622e-24, nan 
-159.625, 76.875, 2.888130479853314e-24, nan 
-159.375, 76.875, 2.2646354578723515e-24, nan 
-159.125, 76.875, 2.503481404568593e-24, nan 
-158.875, 76.875, 2.6122591813886388e-24, nan 
-158.625, 76.875, 2.779941413528039e-24, nan 
-158.375, 76.875, 6.467491801824988e-24, nan 
-158.125, 76.875, 3.503890910870227e-24, nan 
-157.875, 76.875, 4.890890062648178e-24, nan 
-157.625, 76.875, 6.5644925788458865e-24, nan 
-157.375, 76.875, 7.58225900359042e-24, nan 
-157.125, 76.875, 5.023332572765614e-24, nan 
-156.875, 76.875, 4.72217628867679e-24, nan 
-156.625, 76.875, 4.472364462808482e-24, nan 
-156.375, 76.875, 4.771095162337516e-24, nan 
-156.125, 76.875, 5.1975500772085086e-24, nan 
-155.875, 76.875, 4.188206717866235e-24, nan 
-155.625, 76.875, 3.339120018015944e-24, nan 
-155.375, 76.875, 4.475006834244058e-24, nan 
-155.125, 76.875, 8.043697358673681e-24, nan 
-154.875, 76.875, 8.519221059096492e-24, nan 
-154.625, 76.875, 9.849816459031607e-24, nan 
-154.375, 76.875, 8.873812319714168e-24, nan 
-154.125, 76.875, 8.709553406503737e-24, nan 
-153.875, 76.875, 1.472306039040069e-23, nan 
-153.625, 76.875, 1.6641137866340526e-23, nan 
-153.375, 76.875, 1.9987349057538566e-23, nan 
-153.125, 76.875, 1.9383593192267858e-23, nan 
-152.875, 76.875, 1.371112229737901e-23, nan 
-152.625, 76.875, 7.572866832024827e-24, nan 
-152.375, 76.875, 4.845579558025602e-24, nan 
-152.125, 76.875, 6.1174103197649134e-24, nan 
-151.875, 76.875, 7.503262209850822e-24, nan 
-151.625, 76.875, 6.945937692759306e-24, nan 
-151.375, 76.875, 3.67551182360783e-24, nan 
-151.125, 76.875, 4.133409898319213e-24, nan 
-150.875, 76.875, 4.2022531857274714e-24, nan 
-150.625, 76.875, 2.423738322242271e-24, nan 
-150.375, 76.875, 6.383749601469225e-24, nan 
-150.125, 76.875, 8.067239843409689e-24, nan 
-149.875, 76.875, 9.40818623165214e-24, nan 
-149.625, 76.875, 1.1884643913227464e-23, nan 
-149.375, 76.875, 1.3479559685502728e-23, nan 
-149.125, 76.875, 1.2285837329580515e-23, nan 
-148.875, 76.875, 1.720516272715296e-23, nan 
-148.625, 76.875, 1.945627536672847e-23, nan 
-148.375, 76.875, 3.250003290272246e-23, nan 
-148.125, 76.875, 1.425024005484243e-23, nan 
-147.875, 76.875, 3.5327857346297496e-23, nan 
-147.625, 76.875, 6.541646853296406e-23, nan 
-147.375, 76.875, 8.178957823405702e-23, nan 
-147.125, 76.875, 1.169671799258744e-22, nan 
-146.875, 76.875, 5.881319085839526e-23, nan 
-146.625, 76.875, 6.490910639899398e-23, nan 
-146.375, 76.875, 1.150764688851159e-22, nan 
-146.125, 76.875, 1.3263691652288364e-22, nan 
-145.875, 76.875, 1.25806320198886e-22, nan 
-145.625, 76.875, 1.095548129154024e-22, nan 
-145.375, 76.875, 1.439886273650242e-22, nan 
-145.125, 76.875, 1.0674928489007698e-22, nan 
-144.875, 76.875, 6.403843224460595e-23, nan 
-144.625, 76.875, 1.2197203910611293e-22, nan 
-144.375, 76.875, 1.4882014595914308e-22, nan 
-144.125, 76.875, 1.3662649638607529e-22, nan 
-143.875, 76.875, 9.058982264698221e-23, nan 
-143.625, 76.875, 3.949685773904336e-23, nan 
-143.375, 76.875, 2.2020435741998578e-23, nan 
-143.125, 76.875, 5.900332652538788e-23, nan 
-142.875, 76.875, 6.725137176387394e-23, nan 
-142.625, 76.875, 4.913754015628221e-23, nan 
-142.375, 76.875, 3.073134690523815e-23, nan 
-142.125, 76.875, 3.3495775391851737e-23, nan 
-141.875, 76.875, 4.7875532214304384e-23, nan 
-141.625, 76.875, 4.1363373829835314e-23, nan 
-141.375, 76.875, 4.04249187031356e-23, nan 
-141.125, 76.875, 4.3876687839980713e-23, nan 
-140.875, 76.875, 4.593008011281968e-23, nan 
-140.625, 76.875, 4.148306479785422e-23, nan 
-140.375, 76.875, 3.8569502241332194e-23, nan 
-140.125, 76.875, 2.985419224243542e-23, nan 
-139.875, 76.875, 3.2051115000576813e-23, nan 
-139.625, 76.875, 3.41619175105951e-23, nan 
-139.375, 76.875, 1.162231879240172e-23, nan 
-139.125, 76.875, 1.6612475662684302e-23, nan 
-138.875, 76.875, 2.2306802553243566e-23, nan 
-138.625, 76.875, 2.0110948080015476e-23, nan 
-138.375, 76.875, 2.1808255321202074e-23, nan 
-138.125, 76.875, 1.6530012474984465e-23, nan 
-137.875, 76.875, 1.60794372334831e-23, nan 
-137.625, 76.875, 2.797069156656505e-23, nan 
-137.375, 76.875, 3.682012670181612e-23, nan 
-137.125, 76.875, 5.251154775788011e-23, nan 
-136.875, 76.875, 5.308154776575515e-23, nan 
-136.625, 76.875, 6.380310413330818e-23, nan 
-136.375, 76.875, 4.239519391122792e-23, nan 
-136.125, 76.875, 4.018684628767565e-23, nan 
-135.875, 76.875, 5.411451769881895e-23, nan 
-135.625, 76.875, 7.180990555519423e-23, nan 
-135.375, 76.875, 9.649980814522755e-23, nan 
-135.125, 76.875, 4.9866183778548164e-23, nan 
-134.875, 76.875, 3.924861941837066e-23, nan 
-134.625, 76.875, 2.86229748445492e-23, nan 
-134.375, 76.875, 2.817135027270407e-23, nan 
-134.125, 76.875, 2.7488740514788596e-23, nan 
-133.875, 76.875, 2.9791935373408115e-23, nan 
-133.625, 76.875, 2.661625620084261e-23, nan 
-133.375, 76.875, 1.9709371153737044e-23, nan 
-133.125, 76.875, 1.4985689743920362e-23, nan 
-132.875, 76.875, 2.715702008669374e-23, nan 
-132.625, 76.875, 3.7883843677041934e-23, nan 
-132.375, 76.875, 4.4415793044702686e-23, nan 
-132.125, 76.875, 5.453220092167126e-23, nan 
-131.875, 76.875, 3.5882433205391587e-23, nan 
-131.625, 76.875, 3.4969728922455716e-23, nan 
-131.375, 76.875, 3.3764343583950804e-23, nan 
-131.125, 76.875, 2.2961173013899887e-23, nan 
-130.875, 76.875, 2.8176193258338464e-23, nan 
-130.625, 76.875, 2.597410014056248e-23, nan 
-130.375, 76.875, 5.687712468685338e-23, nan 
-130.125, 76.875, 3.8250497533382866e-23, nan 
-129.875, 76.875, 5.1844072268746056e-23, nan 
-129.625, 76.875, 3.4292225921943096e-23, nan 
-129.375, 76.875, 7.028443818532015e-23, nan 
-129.125, 76.875, 8.255164541135647e-23, nan 
-128.875, 76.875, 7.151735924483352e-23, nan 
-128.625, 76.875, 8.311065021668822e-23, nan 
-128.375, 76.875, 1.1287775445728685e-22, nan 
-128.125, 76.875, 9.680438464107072e-23, nan 
-127.875, 76.875, 8.577569398976849e-23, nan 
-127.625, 76.875, 7.625504608962516e-23, nan 
-127.375, 76.875, 7.988029272965802e-23, nan 
-127.125, 76.875, 6.323456120343426e-23, nan 
-126.875, 76.875, 4.4250126955566766e-23, nan 
-126.625, 76.875, 3.7321327603233133e-23, nan 
-126.375, 76.875, 4.2200615416164586e-23, nan 
-126.125, 76.875, 4.0300123886212446e-23, nan 
-125.875, 76.875, 3.076388639572289e-23, nan 
-125.625, 76.875, 2.7895765685071405e-23, nan 
-125.375, 76.875, 1.968685264119373e-23, nan 
-125.125, 76.875, 1.6388457441616517e-23, nan 
-124.875, 76.875, 1.902187939624981e-23, nan 
-124.625, 76.875, 1.4371609513594125e-23, nan 
-124.375, 76.875, 8.37617027080323e-24, nan 
-124.125, 76.875, 5.578734610968551e-24, nan 
-123.875, 76.875, 8.844025593477495e-24, nan 
-123.625, 76.875, 8.747837709202922e-24, nan 
-123.375, 76.875, 7.7113545035357e-24, nan 
-123.125, 76.875, 8.856682184586404e-24, nan 
-122.875, 76.875, 1.106869149020372e-23, nan 
-122.625, 76.875, 9.214608301446192e-24, nan 
-122.375, 76.875, 8.80392068977596e-24, nan 
-122.125, 76.875, 6.301525912950888e-24, nan 
-121.875, 76.875, 6.449045251718515e-24, nan 
-121.625, 76.875, 6.702411878167291e-24, nan 
-121.375, 76.875, 7.589223655094693e-24, nan 
-121.125, 76.875, 8.65885008913614e-24, nan 
-120.875, 76.875, 4.514247067036155e-24, nan 
-120.625, 76.875, 2.878677076335113e-24, nan 
-120.375, 76.875, 3.1519544809403847e-24, nan 
-120.125, 76.875, 1.0623993365096709e-23, nan 
-119.875, 76.875, 5.9194655627292026e-24, nan 
-119.625, 76.875, 6.569848539132321e-24, nan 
-119.375, 76.875, 4.720472983755684e-24, nan 
-119.125, 76.875, 7.159827832883656e-24, nan 
-118.875, 76.875, 1.2301648008093247e-23, nan 
-118.625, 76.875, 7.5833324845866e-24, nan 
-118.375, 76.875, 9.403312552015206e-24, nan 
-118.125, 76.875, 9.951160655282672e-24, nan 
-117.875, 76.875, 7.89575558197977e-24, nan 
-117.625, 76.875, 1.5559670182207006e-23, nan 
-117.375, 76.875, 1.3587842301079535e-23, nan 
-117.125, 76.875, 1.4004783689085996e-23, nan 
-116.875, 76.875, 1.8635904775348366e-23, nan 
-116.625, 76.875, 1.526545106209813e-23, nan 
-116.375, 76.875, 3.035629778011311e-23, nan 
-116.125, 76.875, 3.169587667718229e-23, nan 
-115.875, 76.875, 1.7251946513449677e-23, nan 
-115.625, 76.875, 1.9569886824540627e-23, nan 
-115.375, 76.875, 2.0290002134962696e-23, nan 
-115.125, 76.875, 3.134275927973324e-23, nan 
-114.875, 76.875, 3.235335499195134e-23, nan 
-114.625, 76.875, 2.223611473605283e-23, nan 
-114.375, 76.875, 2.7488352412576434e-23, nan 
-114.125, 76.875, 3.1747221810334175e-23, nan 
-113.875, 76.875, 4.1436117479562957e-23, nan 
-113.625, 76.875, 4.693152001594591e-23, nan 
-113.375, 76.875, 3.215333681742996e-23, nan 
-113.125, 76.875, 5.378067888597614e-23, nan 
-112.875, 76.875, 5.0714757308390383e-23, nan 
-112.625, 76.875, 5.924643592654829e-23, nan 
-112.375, 76.875, 5.037331957204052e-23, nan 
-112.125, 76.875, 7.492870704385396e-23, nan 
-111.875, 76.875, 7.703514579875863e-23, nan 
-111.625, 76.875, 9.331962044087082e-23, nan 
-111.375, 76.875, 7.600741573893475e-23, nan 
-111.125, 76.875, 4.520918759952302e-23, nan 
-110.875, 76.875, 3.5191750293255506e-23, nan 
-110.625, 76.875, 5.1423483828840034e-23, nan 
-110.375, 76.875, 1.0051488647185422e-22, nan 
-110.125, 76.875, 7.94149387938094e-23, nan 
-109.875, 76.875, 7.045688023398576e-23, nan 
-109.625, 76.875, 6.161959068866104e-23, nan 
-109.375, 76.875, 4.172524944612501e-23, nan 
-109.125, 76.875, 5.952836117413718e-23, nan 
-108.875, 76.875, 7.171861352830132e-23, nan 
-108.625, 76.875, 1.0060884409091056e-22, nan 
-108.375, 76.875, 8.742425392695295e-23, nan 
-108.125, 76.875, 4.3930211102512473e-23, nan 
-107.875, 76.875, 4.5942564847108736e-23, nan 
-107.625, 76.875, 3.434868564322451e-23, nan 
-107.375, 76.875, 1.0100159866408928e-22, nan 
-107.125, 76.875, 1.0107720177030434e-22, nan 
-106.875, 76.875, 6.15133000982055e-23, nan 
-106.625, 76.875, 5.949696883331235e-23, nan 
-106.375, 76.875, 1.3850516635449577e-23, nan 
-106.125, 76.875, 4.724968790262213e-23, nan 
-105.875, 76.875, 4.465268802881856e-23, nan 
-105.625, 76.875, 3.353344826407527e-23, nan 
-105.375, 76.875, 2.3550632329727153e-23, nan 
-105.125, 76.875, 3.966805904154104e-23, nan 
-104.875, 76.875, 3.2122669555884956e-23, nan 
-104.625, 76.875, 1.7646813537805267e-23, nan 
-104.375, 76.875, 7.131104414489248e-23, nan 
-104.125, 76.875, 1.006718825946533e-22, nan 
-103.875, 76.875, 8.661396488433124e-23, nan 
-103.625, 76.875, 4.532404111938692e-23, nan 
-103.375, 76.875, 2.9040784805239224e-23, nan 
-103.125, 76.875, 1.108476345467389e-23, nan 
-102.875, 76.875, 1.785193482239208e-23, nan 
-102.625, 76.875, 4.4813318385118685e-23, nan 
-102.375, 76.875, 2.968326024750129e-23, nan 
-102.125, 76.875, 1.8037442291900979e-23, nan 
-101.875, 76.875, 2.4806435089228887e-23, nan 
-101.625, 76.875, 4.273593415540205e-23, nan 
-101.375, 76.875, 3.498077435724826e-23, nan 
-101.125, 76.875, 2.037516480021254e-23, nan 
-100.875, 76.875, 5.73254082593793e-23, nan 
-100.625, 76.875, 1.2479101583110874e-22, nan 
-100.375, 76.875, 1.2213766134641216e-22, nan 
-100.125, 76.875, 7.964999528278518e-23, nan 
-99.875, 76.875, 3.870494505582057e-23, nan 
-99.625, 76.875, 3.773464179727552e-23, nan 
-99.375, 76.875, 7.352150293007956e-23, nan 
-99.125, 76.875, 7.291846681095955e-23, nan 
-98.875, 76.875, 5.213275955970517e-23, nan 
-98.625, 76.875, 3.9404258082014715e-23, nan 
-98.375, 76.875, 1.846167375081677e-23, nan 
-98.125, 76.875, 1.356709355698638e-23, nan 
-97.875, 76.875, 1.2028689409389255e-23, nan 
-97.625, 76.875, 2.1766150257439767e-23, nan 
-97.375, 76.875, 3.61131188494507e-23, nan 
-97.125, 76.875, 3.6079390125167356e-23, nan 
-96.875, 76.875, 3.065096197119171e-23, nan 
-96.625, 76.875, 2.917000342249075e-23, nan 
-96.375, 76.875, 2.719047931599181e-23, nan 
-96.125, 76.875, 2.4552695276256926e-23, nan 
-95.875, 76.875, 2.2647579828026956e-23, nan 
-95.625, 76.875, 2.997008133985442e-23, nan 
-95.375, 76.875, 4.801774335475716e-23, nan 
-95.125, 76.875, 4.2016009759573626e-23, nan 
-94.875, 76.875, 4.5798834855909593e-23, nan 
-94.625, 76.875, 3.542534618162657e-23, nan 
-94.375, 76.875, 3.2593024509294167e-23, nan 
-94.125, 76.875, 3.4878355883225376e-23, nan 
-93.875, 76.875, 4.6828751322538094e-23, nan 
-93.625, 76.875, 4.088822806761858e-23, nan 
-93.375, 76.875, 2.868177019795888e-23, nan 
-93.125, 76.875, 2.996741881663425e-23, nan 
-92.875, 76.875, 2.778781817723327e-23, nan 
-92.625, 76.875, 3.99731960808408e-23, nan 
-92.375, 76.875, 5.687388042317883e-23, nan 
-92.125, 76.875, 5.624497772236738e-23, nan 
-91.875, 76.875, 5.4390634437261e-23, nan 
-91.625, 76.875, 5.76586344411908e-23, nan 
-91.375, 76.875, 8.133522426160473e-23, nan 
-91.125, 76.875, 7.701149025654493e-23, nan 
-90.875, 76.875, 7.478173687487569e-23, nan 
-90.625, 76.875, 6.82936692839024e-23, nan 
-90.375, 76.875, 5.426437861068625e-23, nan 
-90.125, 76.875, 6.569262580305204e-23, nan 
-89.875, 76.875, 6.561010942547739e-23, nan 
-89.625, 76.875, 8.092691352942761e-23, nan 
-89.375, 76.875, 7.560813615927154e-23, nan 
-89.125, 76.875, 6.974121227212233e-23, nan 
-88.875, 76.875, 3.447903687609729e-23, nan 
-88.625, 76.875, 3.6760746125962657e-23, nan 
-88.375, 76.875, 3.4000185749842556e-23, nan 
-88.125, 76.875, 6.964161670042893e-23, nan 
-87.875, 76.875, 6.263946355469414e-23, nan 
-87.625, 76.875, 4.8030615371128984e-23, nan 
-87.375, 76.875, 3.969141564321844e-23, nan 
-87.125, 76.875, 2.6437293966139777e-23, nan 
-86.875, 76.875, 2.3665568393901924e-23, nan 
-86.625, 76.875, 6.484967608927705e-23, nan 
-86.375, 76.875, 6.893115843229019e-23, nan 
-86.125, 76.875, 4.330231937088361e-23, nan 
-85.875, 76.875, 4.596317820264662e-23, nan 
-85.625, 76.875, 7.042274612298978e-23, nan 
-85.375, 76.875, 8.234783490271392e-23, nan 
-85.125, 76.875, 1.0385189634428174e-22, nan 
-84.875, 76.875, 8.348099981988049e-23, nan 
-84.625, 76.875, 1.3305882980502722e-22, nan 
-84.375, 76.875, 9.072926523684325e-23, nan 
-84.125, 76.875, 8.37539982796676e-23, nan 
-83.875, 76.875, 9.977674801783139e-23, nan 
-83.625, 76.875, 1.0890520174533495e-22, nan 
-83.375, 76.875, 1.0832628752570722e-22, nan 
-83.125, 76.875, 1.105248663107177e-22, nan 
-82.875, 76.875, 9.526608874537269e-23, nan 
-82.625, 76.875, 9.375719005895082e-23, nan 
-82.375, 76.875, 9.682266058119323e-23, nan 
-82.125, 76.875, 9.338219906564905e-23, nan 
-81.875, 76.875, 9.504101157223365e-23, nan 
-81.625, 76.875, 6.741590573431006e-23, nan 
-81.375, 76.875, 1.0346884444722238e-22, nan 
-81.125, 76.875, 8.624880052140193e-23, nan 
-80.875, 76.875, 9.410026358591868e-23, nan 
-80.625, 76.875, 9.539330522800203e-23, nan 
-80.375, 76.875, 1.021283411846045e-22, nan 
-80.125, 76.875, 1.5502583732110126e-22, nan 
-79.875, 76.875, 1.5732052302126334e-22, nan 
-79.625, 76.875, 1.506922129535496e-22, nan 
-79.375, 76.875, 1.8765045989666782e-22, nan 
-79.125, 76.875, 1.66043698848176e-22, nan 
-78.875, 76.875, 1.7376525080225338e-22, nan 
-78.625, 76.875, 1.5090482783477643e-22, nan 
-78.375, 76.875, 1.5485773839791567e-22, nan 
-78.125, 76.875, 1.56828444609312e-22, nan 
-77.875, 76.875, 2.026368283581123e-22, nan 
-77.625, 76.875, 1.2840548532868356e-22, nan 
-77.375, 76.875, 1.7995409050825127e-22, nan 
-77.125, 76.875, 1.2380418480755112e-22, nan 
-76.875, 76.875, 1.7044417587373964e-22, nan 
-76.625, 76.875, 2.4080948912573897e-22, nan 
-76.375, 76.875, 3.0142608368528954e-22, nan 
-76.125, 76.875, 2.894801895728584e-22, nan 
-75.875, 76.875, 2.1858501844356634e-22, nan 
-75.625, 76.875, 2.078422749215386e-22, nan 
-75.375, 76.875, 2.7585233758570506e-22, nan 
-75.125, 76.875, 3.8514697331582525e-22, nan 
-74.875, 76.875, 7.186484909639473e-22, nan 
-74.625, 76.875, 8.62672714015775e-22, nan 
-74.375, 76.875, 5.426297102172788e-22, nan 
-74.125, 76.875, 3.724693998725121e-22, nan 
-73.875, 76.875, 4.1123420519549817e-22, nan 
-73.625, 76.875, 3.898777809871415e-22, nan 
-73.375, 76.875, 3.7759479355715386e-22, nan 
-73.125, 76.875, 3.8088282732833685e-22, nan 
-72.875, 76.875, 3.7958146066424405e-22, nan 
-72.625, 76.875, 3.8347238626203598e-22, nan 
-72.375, 76.875, 2.3018548160481238e-22, nan 
-72.125, 76.875, 3.0352052517928573e-22, nan 
-71.875, 76.875, 2.966268576999755e-22, nan 
-71.625, 76.875, 2.325752711809854e-22, nan 
-71.375, 76.875, 1.67779089562455e-22, nan 
-71.125, 76.875, 7.354008984023686e-22, nan 
-70.875, 76.875, 9.284901677103826e-22, nan 
-70.625, 76.875, 3.660101607928268e-21, nan 
-70.375, 76.875, 2.6073833455460904e-21, nan 
-70.125, 76.875, 4.55113305787604e-21, nan 
-69.875, 76.875, 3.08492741584762e-21, nan 
-69.625, 76.875, 2.7932522823216133e-21, nan 
-69.375, 76.875, 9.319029646770376e-21, nan 
-69.125, 76.875, 5.014835990958984e-21, nan 
-68.875, 76.875, 1.0083712720705582e-21, nan 
-68.625, 76.875, 1.4196837186410018e-21, nan 
-68.375, 76.875, 1.6677192405414234e-21, nan 
-68.125, 76.875, 5.686774590060131e-21, nan 
-67.875, 76.875, 3.0783590498694305e-21, nan 
-67.625, 76.875, 9.419097425747985e-22, nan 
-67.375, 76.875, 4.708030972413025e-22, nan 
-67.125, 76.875, 3.4885631319389757e-22, nan 
-66.875, 76.875, 2.2287638475438485e-22, nan 
-66.625, 76.875, 2.8651229520748796e-22, nan 
-66.375, 76.875, 1.8383686307562444e-22, nan 
-66.125, 76.875, 5.341892716298281e-22, nan 
-65.875, 76.875, 3.4129595951272994e-22, nan 
-65.625, 76.875, 3.851614774337407e-22, nan 
-65.375, 76.875, 5.743970937408942e-22, nan 
-65.125, 76.875, 4.18631042483567e-22, nan 
-64.875, 76.875, 6.008342331097243e-22, nan 
-64.625, 76.875, 3.633316412537192e-22, nan 
-64.375, 76.875, 4.68328775563803e-22, nan 
-64.125, 76.875, 6.271346770361576e-22, nan 
-63.875, 76.875, 7.741641040507066e-22, nan 
-63.625, 76.875, 1.051601956553393e-21, nan 
-63.375, 76.875, 7.702197447866226e-22, nan 
-63.125, 76.875, 7.683725947023339e-22, nan 
-62.875, 76.875, 6.964108099891204e-22, nan 
-62.625, 76.875, 8.045821842347028e-22, nan 
-62.375, 76.875, 8.66520890180424e-22, nan 
-62.125, 76.875, 1.3606025194860391e-21, nan 
-61.875, 76.875, 1.2773987379779324e-21, nan 
-61.625, 76.875, 1.3571949088919707e-21, nan 
-61.375, 76.875, 1.3116624935234792e-21, nan 
-61.125, 76.875, 1.2608093491580618e-21, nan 
-60.875, 76.875, 1.4456478616492124e-21, nan 
-60.625, 76.875, 1.5287266188160907e-21, nan 
-60.375, 76.875, 1.6139318006654939e-21, nan 
-60.125, 76.875, 1.5501544353653509e-21, nan 
-59.875, 76.875, 1.6549548905647149e-21, nan 
-59.625, 76.875, 2.5875161359874677e-21, nan 
-59.375, 76.875, 3.247934913193247e-21, nan 
-59.125, 76.875, 2.394114661177634e-21, nan 
-58.875, 76.875, 2.083559627951448e-21, nan 
-58.625, 76.875, 1.4217138734228698e-21, nan 
-58.375, 76.875, 1.0869417061561563e-20, nan 
-58.125, 76.875, 4.150883590442502e-20, nan 
-57.875, 76.875, 4.445682407425082e-20, nan 
-57.625, 76.875, 4.7332516785166394e-20, nan 
-57.375, 76.875, 5.123442081869086e-20, nan 
-57.125, 76.875, 4.474901684324204e-20, nan 
-56.875, 76.875, 6.389197014217372e-20, nan 
-56.625, 76.875, 7.787408856462143e-20, nan 
-56.375, 76.875, 1.1704270813216802e-19, nan 
-56.125, 76.875, 1.2936752633241965e-19, nan 
-55.875, 76.875, 1.0845854048659808e-19, nan 
-55.625, 76.875, 4.5982727045444344e-20, nan 
-55.375, 76.875, 1.1717425352364882e-19, nan 
-55.125, 76.875, 1.7265054906583472e-19, nan 
-54.875, 76.875, 2.225972968716222e-19, nan 
-54.625, 76.875, 1.8414814236054615e-19, nan 
-54.375, 76.875, 7.590526297348725e-20, nan 
-54.125, 76.875, 5.59000178038127e-20, nan 
-53.875, 76.875, 8.213205933284165e-20, nan 
-53.625, 76.875, 1.276563885210373e-19, nan 
-53.375, 76.875, 9.832813951391535e-20, nan 
-53.125, 76.875, 3.260436854287618e-20, nan 
-52.875, 76.875, 5.0628450431458935e-20, nan 
-52.625, 76.875, 5.921295220495039e-20, nan 
-52.375, 76.875, 7.170822984162868e-20, nan 
-52.125, 76.875, 5.926312358608129e-20, nan 
-51.875, 76.875, 1.905202247191117e-20, nan 
-51.625, 76.875, 1.3381632819963823e-20, nan 
-51.375, 76.875, 1.6497724545332398e-20, nan 
-51.125, 76.875, 1.3463101439969667e-20, nan 
-50.875, 76.875, 1.1616864555896264e-20, nan 
-50.625, 76.875, 1.1193009843521176e-20, nan 
-50.375, 76.875, 1.2195605346737958e-20, nan 
-50.125, 76.875, 1.3764746949482504e-20, nan 
-49.875, 76.875, 1.543044364139061e-20, nan 
-49.625, 76.875, 1.933818075140217e-20, nan 
-49.375, 76.875, 1.9089500989776788e-20, nan 
-49.125, 76.875, 1.4304753712599217e-20, nan 
-48.875, 76.875, 1.2354008979591762e-20, nan 
-48.625, 76.875, 1.2158286951652958e-20, nan 
-48.375, 76.875, 1.2995944229475154e-20, nan 
-48.125, 76.875, 1.708394911362722e-20, nan 
-47.875, 76.875, 1.840577451772857e-20, nan 
-47.625, 76.875, 2.053786812672276e-20, nan 
-47.375, 76.875, 2.4785827084562716e-20, nan 
-47.125, 76.875, 2.2845511818188737e-20, nan 
-46.875, 76.875, 2.5235159616259165e-20, nan 
-46.625, 76.875, 2.1187270316593836e-20, nan 
-46.375, 76.875, 2.890562862691365e-20, nan 
-46.125, 76.875, 4.045023155881636e-20, nan 
-45.875, 76.875, 2.994401001660404e-20, nan 
-45.625, 76.875, 1.5264430948768498e-20, nan 
-45.375, 76.875, 2.762136225079087e-20, nan 
-45.125, 76.875, 5.017469057733028e-20, nan 
-44.875, 76.875, 5.732665002619868e-20, nan 
-44.625, 76.875, 7.305754891845722e-20, nan 
-44.375, 76.875, 5.926885030859625e-20, nan 
-44.125, 76.875, 5.110126652647763e-20, nan 
-43.875, 76.875, 5.859635926596259e-20, nan 
-43.625, 76.875, 6.774367263067098e-20, nan 
-43.375, 76.875, 8.315144163429597e-20, nan 
-43.125, 76.875, 7.059364681091734e-20, nan 
-42.875, 76.875, 4.87325742764179e-20, nan 
-42.625, 76.875, 4.360878814528144e-20, nan 
-42.375, 76.875, 2.6784585972473832e-20, nan 
-42.125, 76.875, 4.303444607537569e-20, nan 
-41.875, 76.875, 6.10576752041522e-20, nan 
-41.625, 76.875, 8.386878240721534e-20, nan 
-41.375, 76.875, 8.25868955179721e-20, nan 
-41.125, 76.875, 8.491126706704622e-20, nan 
-40.875, 76.875, 8.150768495030845e-20, nan 
-40.625, 76.875, 1.1198487392589308e-19, nan 
-40.375, 76.875, 1.094580899214919e-19, nan 
-40.125, 76.875, 1.0686868368180734e-19, nan 
-39.875, 76.875, 1.114507656474381e-19, nan 
-39.625, 76.875, 1.2436041082560827e-19, nan 
-39.375, 76.875, 1.6765039229629045e-19, nan 
-39.125, 76.875, 2.0331348461443796e-19, nan 
-38.875, 76.875, 2.4679018613737754e-19, nan 
-38.625, 76.875, 2.834781842298559e-19, nan 
-38.375, 76.875, 3.293772178909177e-19, nan 
-38.125, 76.875, 3.1400939792203347e-19, nan 
-37.875, 76.875, 3.1152982958583403e-19, nan 
-37.625, 76.875, 3.4734946109975554e-19, nan 
-37.375, 76.875, 3.4728743818646305e-19, nan 
-37.125, 76.875, 3.32479175451603e-19, nan 
-36.875, 76.875, 2.8087167219064207e-19, nan 
-36.625, 76.875, 3.118899684213607e-19, nan 
-36.375, 76.875, 3.5079638073275767e-19, nan 
-36.125, 76.875, 5.039593053041171e-19, nan 
-35.875, 76.875, 4.91057295576826e-19, nan 
-35.625, 76.875, 4.264255794451739e-19, nan 
-35.375, 76.875, 6.140736628905289e-19, nan 
-35.125, 76.875, 5.606856628244533e-19, nan 
-34.875, 76.875, 7.347339709204704e-19, nan 
-34.625, 76.875, 9.541056042361987e-19, nan 
-34.375, 76.875, 8.447820225229498e-19, nan 
-34.125, 76.875, 1.0339494176775808e-18, nan 
-33.875, 76.875, 8.868903275050116e-19, nan 
-33.625, 76.875, 6.7539157156467515e-19, nan 
-33.375, 76.875, 8.476172080851288e-19, nan 
-33.125, 76.875, 6.842095527755103e-19, nan 
-32.875, 76.875, 1.5117128428956387e-18, nan 
-32.625, 76.875, 1.9651756971101974e-18, nan 
-32.375, 76.875, 1.962532753130011e-18, nan 
-32.125, 76.875, 2.004935234550758e-18, nan 
-31.875, 76.875, 2.021996298639641e-18, nan 
-31.625, 76.875, 3.1281901531172638e-18, nan 
-31.375, 76.875, 4.52173436398155e-18, nan 
-31.125, 76.875, 2.9517411650187527e-18, nan 
-30.875, 76.875, 2.9687974737240374e-18, nan 
-30.625, 76.875, 3.029773211316315e-18, nan 
-30.375, 76.875, 4.636385324623203e-18, nan 
-30.125, 76.875, 7.036123934540858e-18, nan 
-29.875, 76.875, 9.167532566391611e-18, nan 
-29.625, 76.875, 1.2782024039655582e-17, nan 
-29.375, 76.875, 1.7155109197437823e-17, nan 
-29.125, 76.875, 2.2112169110785142e-17, nan 
-28.875, 76.875, 1.7996218981756323e-17, nan 
-28.625, 76.875, 2.2150475040079506e-17, nan 
-28.375, 76.875, 4.1155067332624935e-17, nan 
-28.125, 76.875, 4.44096436154429e-17, nan 
-27.875, 76.875, 2.645746466498231e-17, nan 
-27.625, 76.875, 6.25960370667868e-17, nan 
-27.375, 76.875, 1.2040347584725795e-16, nan 
-27.125, 76.875, 1.6559400319423328e-16, nan 
-26.875, 76.875, 2.482573711500585e-16, nan 
-26.625, 76.875, 2.764240699766582e-16, nan 
-26.375, 76.875, 3.0755025549534745e-16, nan 
-26.125, 76.875, 4.3050012323065137e-16, nan 
-25.875, 76.875, 4.76441483219489e-16, nan 
-25.625, 76.875, 6.523194817420661e-16, nan 
-25.375, 76.875, 3.533948961796208e-16, nan 
-25.125, 76.875, 2.5522740212390113e-16, nan 
-24.875, 76.875, 7.360914874875019e-17, nan 
-24.625, 76.875, 6.237789224461044e-17, nan 
-24.375, 76.875, 9.647956115735941e-17, nan 
-24.125, 76.875, 5.055032113156043e-17, nan 
-23.875, 76.875, 4.2173498568963425e-17, nan 
-23.625, 76.875, 8.24690497751429e-18, nan 
-23.375, 76.875, 1.201868325076688e-17, nan 
-23.125, 76.875, 1.134006567271651e-17, nan 
-22.875, 76.875, 5.946421688008362e-18, nan 
-22.625, 76.875, 5.904895790214084e-18, nan 
-22.375, 76.875, 6.720026956136099e-18, nan 
-22.125, 76.875, 8.036906857419307e-18, nan 
-21.875, 76.875, 7.28229311691947e-18, nan 
-21.625, 76.875, 6.2740203915813984e-18, nan 
-21.375, 76.875, 1.113482906417126e-17, nan 
-21.125, 76.875, 8.239124281364703e-18, nan 
-20.875, 76.875, 5.965568852167419e-18, nan 
-20.625, 76.875, 2.795139808147165e-18, nan 
-20.375, 76.875, 2.606402772828978e-18, nan 
-20.125, 76.875, 1.9355492912969474e-18, nan 
-19.875, 76.875, 2.104077977638187e-18, nan 
-19.625, 76.875, 3.172182660572029e-18, nan 
-19.375, 76.875, 2.6088283653023054e-18, nan 
-19.125, 76.875, 2.2298415887315823e-18, nan 
-18.875, 76.875, 1.738526111122235e-18, nan 
-18.625, 76.875, 1.623713961976496e-18, nan 
-18.375, 76.875, 1.2039479592947489e-18, nan 
-18.125, 76.875, 1.3666631011103439e-18, nan 
-17.875, 76.875, 1.2956729091396547e-18, nan 
-17.625, 76.875, 9.542298081615008e-19, nan 
-17.375, 76.875, 1.0128513410721154e-18, nan 
-17.125, 76.875, 6.822149202538278e-19, nan 
-16.875, 76.875, 6.101078012527964e-19, nan 
-16.625, 76.875, 5.633384869953763e-19, nan 
-16.375, 76.875, 4.542362503793133e-19, nan 
-16.125, 76.875, 3.844856180807806e-19, nan 
-15.875, 76.875, 3.623831598049965e-19, nan 
-15.625, 76.875, 5.296102099839627e-19, nan 
-15.375, 76.875, 3.783427303029053e-19, nan 
-15.125, 76.875, 4.2191417577080964e-19, nan 
-14.875, 76.875, 3.3748318167823806e-19, nan 
-14.625, 76.875, 2.9887437199795857e-19, nan 
-14.375, 76.875, 4.2996919423049017e-19, nan 
-14.125, 76.875, 2.6412473072169905e-19, nan 
-13.875, 76.875, 1.5545761924937083e-19, nan 
-13.625, 76.875, 1.4249234229247085e-19, nan 
-13.375, 76.875, 1.2289398219958229e-19, nan 
-13.125, 76.875, 1.0793273142662081e-19, nan 
-12.875, 76.875, 1.280470137468723e-19, nan 
-12.625, 76.875, 7.475376948917502e-20, nan 
-12.375, 76.875, 1.4044199268013802e-19, nan 
-12.125, 76.875, 1.9063263528537844e-19, nan 
-11.875, 76.875, 1.9974178694427364e-19, nan 
-11.625, 76.875, 1.884104365611767e-19, nan 
-11.375, 76.875, 1.404526266907957e-19, nan 
-11.125, 76.875, 1.0913494108353466e-19, nan 
-10.875, 76.875, 7.592294237718403e-20, nan 
-10.625, 76.875, 9.370844579973438e-20, nan 
-10.375, 76.875, 1.202874298980987e-19, nan 
-10.125, 76.875, 1.1144853268634499e-19, nan 
-9.875, 76.875, 1.2470171164511189e-19, nan 
-9.625, 76.875, 1.0080723677560509e-19, nan 
-9.375, 76.875, 9.631449026381853e-20, nan 
-9.125, 76.875, 8.450418098073577e-20, nan 
-8.875, 76.875, 1.0568748161439649e-19, nan 
-8.625, 76.875, 1.2632311338246433e-19, nan 
-8.375, 76.875, 1.4582535380795182e-19, nan 
-8.125, 76.875, 1.417448563040498e-19, nan 
-7.875, 76.875, 1.0812344431349703e-19, nan 
-7.625, 76.875, 7.999096519759007e-20, nan 
-7.375, 76.875, 8.581598350277142e-20, nan 
-7.125, 76.875, 1.162175618793389e-19, nan 
-6.875, 76.875, 1.0567799799265328e-19, nan 
-6.625, 76.875, 8.187995462338287e-20, nan 
-6.375, 76.875, 7.687035326645222e-20, nan 
-6.125, 76.875, 5.1696141208535186e-20, nan 
-5.875, 76.875, 3.5401240376369224e-20, nan 
-5.625, 76.875, 2.87383551940299e-20, nan 
-5.375, 76.875, 3.13847146530843e-20, nan 
-5.125, 76.875, 3.7553800111146027e-20, nan 
-4.875, 76.875, 4.352423362465542e-20, nan 
-4.625, 76.875, 4.971036330106567e-20, nan 
-4.375, 76.875, 4.5528185529661455e-20, nan 
-4.125, 76.875, 5.183450547791008e-20, nan 
-3.875, 76.875, 4.075468657634785e-20, nan 
-3.625, 76.875, 3.4214041916902034e-20, nan 
-3.375, 76.875, 4.0212848227278326e-20, nan 
-3.125, 76.875, 3.455408268452298e-20, nan 
-2.875, 76.875, 3.85821112177693e-20, nan 
-2.625, 76.875, 3.2808874822708965e-20, nan 
-2.375, 76.875, 2.2505203606041033e-20, nan 
-2.125, 76.875, 2.7226784076196374e-20, nan 
-1.875, 76.875, 2.8299124097691403e-20, nan 
-1.625, 76.875, 3.3931214314916017e-20, nan 
-1.375, 76.875, 2.4148540381379924e-20, nan 
-1.125, 76.875, 1.640602543541418e-20, nan 
-0.875, 76.875, 1.9735528953616676e-20, nan 
-0.625, 76.875, 1.962705396040468e-20, nan 
-0.375, 76.875, 2.6332016190019057e-20, nan 
-0.125, 76.875, 1.8453765855770323e-20, nan 
0.125, 76.875, 1.7454961142545238e-20, nan 
0.375, 76.875, 1.0761883836525994e-20, nan 
0.625, 76.875, 8.150320115903394e-21, nan 
0.875, 76.875, 1.0576219714863221e-20, nan 
1.125, 76.875, 1.0284513904288587e-20, nan 
1.375, 76.875, 7.546319931048262e-21, nan 
1.625, 76.875, 8.933484177570522e-21, nan 
1.875, 76.875, 7.844101988837758e-21, nan 
2.125, 76.875, 9.471383055363786e-21, nan 
2.375, 76.875, 7.880933635823502e-21, nan 
2.625, 76.875, 8.791027487535025e-21, nan 
2.875, 76.875, 8.802329030829325e-21, nan 
3.125, 76.875, 9.52138528809427e-21, nan 
3.375, 76.875, 8.663704210019783e-21, nan 
3.625, 76.875, 9.196084393201981e-21, nan 
3.875, 76.875, 1.0297022612375546e-20, nan 
4.125, 76.875, 8.268806981138919e-21, nan 
4.375, 76.875, 7.733921887812614e-21, nan 
4.625, 76.875, 6.4993173094054964e-21, nan 
4.875, 76.875, 7.554545283397786e-21, nan 
5.125, 76.875, 8.41058462553472e-21, nan 
5.375, 76.875, 7.50854495118382e-21, nan 
5.625, 76.875, 6.880891281255106e-21, nan 
5.875, 76.875, 7.597904881723784e-21, nan 
6.125, 76.875, 6.24225562273963e-21, nan 
6.375, 76.875, 1.2267613423032884e-20, nan 
6.625, 76.875, 7.97172870694176e-21, nan 
6.875, 76.875, 8.726657559451226e-21, nan 
7.125, 76.875, 8.665530787954433e-21, nan 
7.375, 76.875, 5.249982770820768e-21, nan 
7.625, 76.875, 6.0459152665758075e-21, nan 
7.875, 76.875, 6.806091685823637e-21, nan 
8.125, 76.875, 5.596479989623582e-21, nan 
8.375, 76.875, 6.06020586442924e-21, nan 
8.625, 76.875, 4.165534777633684e-21, nan 
8.875, 76.875, 4.399854602738549e-21, nan 
9.125, 76.875, 7.381567608232176e-21, nan 
9.375, 76.875, 7.4978142426541e-21, nan 
9.625, 76.875, 8.216462456498727e-21, nan 
9.875, 76.875, 6.968546771155041e-21, nan 
10.125, 76.875, 1.3563247148264624e-21, nan 
10.375, 76.875, 2.891448511675313e-21, nan 
10.625, 76.875, 3.3618271989580704e-21, nan 
10.875, 76.875, 3.7412974995546984e-21, nan 
11.125, 76.875, 3.2865287005947463e-21, nan 
11.375, 76.875, 9.686767402798846e-22, nan 
11.625, 76.875, 1.2090177885508904e-21, nan 
11.875, 76.875, 9.580596947731356e-22, nan 
12.125, 76.875, 1.6820753943603601e-21, nan 
12.375, 76.875, 2.4626984232344835e-21, nan 
12.625, 76.875, 1.249013041180329e-21, nan 
12.875, 76.875, 1.4165582046476146e-21, nan 
13.125, 76.875, 1.1058622176609346e-21, nan 
13.375, 76.875, 2.3257662544946416e-21, nan 
13.625, 76.875, 1.0894769401072899e-21, nan 
13.875, 76.875, 1.0561986056588595e-21, nan 
14.125, 76.875, 6.331943276680646e-22, nan 
14.375, 76.875, 5.179225390572861e-22, nan 
14.625, 76.875, 1.1070585612535878e-21, nan 
14.875, 76.875, 1.5381278513064572e-21, nan 
15.125, 76.875, 7.374787293439508e-22, nan 
15.375, 76.875, 8.16030352289044e-22, nan 
15.625, 76.875, 9.902151128080354e-22, nan 
15.875, 76.875, 1.3684134688113295e-21, nan 
16.125, 76.875, 1.2237196143612803e-21, nan 
16.375, 76.875, 8.865255441107583e-22, nan 
16.625, 76.875, 8.40328422985817e-22, nan 
16.875, 76.875, 1.0601000100023269e-21, nan 
17.125, 76.875, 1.1730738994733965e-21, nan 
17.375, 76.875, 8.983905972954355e-22, nan 
17.625, 76.875, 7.609794414331747e-22, nan 
17.875, 76.875, 6.176793123684847e-22, nan 
18.125, 76.875, 1.3458955225199178e-21, nan 
18.375, 76.875, 9.982990952798925e-22, nan 
18.625, 76.875, 5.846456589713458e-22, nan 
18.875, 76.875, 5.938419007313396e-22, nan 
19.125, 76.875, 4.422062860329833e-22, nan 
19.375, 76.875, 3.7596327797279274e-22, nan 
19.625, 76.875, 2.4740362041291017e-22, nan 
19.875, 76.875, 2.3451215747385294e-22, nan 
20.125, 76.875, 2.6501004411555933e-22, nan 
20.375, 76.875, 4.0818216894925593e-22, nan 
20.625, 76.875, 2.493513319720386e-22, nan 
20.875, 76.875, 2.3088800934274214e-22, nan 
21.125, 76.875, 2.791102029711884e-22, nan 
21.375, 76.875, 2.8314699793603316e-22, nan 
21.625, 76.875, 2.690941972696965e-22, nan 
21.875, 76.875, 2.0336777926151102e-22, nan 
22.125, 76.875, 2.241779723935718e-22, nan 
22.375, 76.875, 2.427427759921656e-22, nan 
22.625, 76.875, 3.170362510439834e-22, nan 
22.875, 76.875, 4.2137646538633553e-22, nan 
23.125, 76.875, 4.669085928586133e-22, nan 
23.375, 76.875, 4.567313609108717e-22, nan 
23.625, 76.875, 2.1515240581134255e-22, nan 
23.875, 76.875, 3.213004876642314e-22, nan 
24.125, 76.875, 7.418429706604946e-22, nan 
24.375, 76.875, 5.847049682073383e-22, nan 
24.625, 76.875, 7.216998646863298e-22, nan 
24.875, 76.875, 1.1000547369680027e-21, nan 
25.125, 76.875, 9.536815146175156e-22, nan 
25.375, 76.875, 3.357334797507827e-21, nan 
25.625, 76.875, 8.304834685318489e-22, nan 
25.875, 76.875, 9.078228796418051e-22, nan 
26.125, 76.875, 1.4773194230254944e-21, nan 
26.375, 76.875, 2.2337310559324407e-21, nan 
26.625, 76.875, 5.6136563503817944e-21, nan 
26.875, 76.875, 9.877322773091696e-22, nan 
27.125, 76.875, 7.766295196986997e-22, nan 
27.375, 76.875, 5.33516822117167e-22, nan 
27.625, 76.875, 1.1520926717474863e-21, nan 
27.875, 76.875, 2.5689270110524703e-21, nan 
28.125, 76.875, 4.1614621895137065e-22, nan 
28.375, 76.875, 4.939836821066425e-22, nan 
28.625, 76.875, 2.4811083799225617e-22, nan 
28.875, 76.875, 2.209312454237761e-22, nan 
29.125, 76.875, 3.6289321882027082e-22, nan 
29.375, 76.875, 2.6002466780498194e-22, nan 
29.625, 76.875, 1.579077771873322e-22, nan 
29.875, 76.875, 1.269963691559999e-22, nan 
30.125, 76.875, 1.4759922784606488e-22, nan 
30.375, 76.875, 4.396286406364604e-23, nan 
30.625, 76.875, 1.8711535289474533e-22, nan 
30.875, 76.875, 2.076344028797329e-22, nan 
31.125, 76.875, 2.5603646847294356e-22, nan 
31.375, 76.875, 1.7141702056355435e-22, nan 
31.625, 76.875, 1.2075250941579865e-22, nan 
31.875, 76.875, 1.5702438341659704e-22, nan 
32.125, 76.875, 1.5218848070278093e-22, nan 
32.375, 76.875, 1.2145699731578487e-22, nan 
32.625, 76.875, 9.143818981069571e-23, nan 
32.875, 76.875, 8.825751102507077e-23, nan 
33.125, 76.875, 9.158317839499614e-23, nan 
33.375, 76.875, 1.166141704346864e-22, nan 
33.625, 76.875, 1.099829680931147e-22, nan 
33.875, 76.875, 8.15643915726357e-23, nan 
34.125, 76.875, 9.027450407940476e-23, nan 
34.375, 76.875, 1.044865354988161e-22, nan 
34.625, 76.875, 7.498008558032135e-23, nan 
34.875, 76.875, 5.805419278734659e-23, nan 
35.125, 76.875, 6.425368225885471e-23, nan 
35.375, 76.875, 8.738832922203772e-23, nan 
35.625, 76.875, 7.79925114307702e-23, nan 
35.875, 76.875, 6.554809411091994e-23, nan 
36.125, 76.875, 9.022478203312418e-23, nan 
36.375, 76.875, 7.259592410371137e-23, nan 
36.625, 76.875, 6.675344146596431e-23, nan 
36.875, 76.875, 5.682913756450735e-23, nan 
37.125, 76.875, 7.32964871046894e-23, nan 
37.375, 76.875, 7.602001545587496e-23, nan 
37.625, 76.875, 6.612404689744596e-23, nan 
37.875, 76.875, 4.9841345172187183e-23, nan 
38.125, 76.875, 3.9169513462862147e-23, nan 
38.375, 76.875, 6.170285282728036e-23, nan 
38.625, 76.875, 5.699417058080445e-23, nan 
38.875, 76.875, 6.661881873857025e-23, nan 
39.125, 76.875, 3.701095941742638e-23, nan 
39.375, 76.875, 6.658048920488877e-23, nan 
39.625, 76.875, 4.355506415086777e-23, nan 
39.875, 76.875, 5.06138903581569e-23, nan 
40.125, 76.875, 4.8829619622847324e-23, nan 
40.375, 76.875, 3.897980921158092e-23, nan 
40.625, 76.875, 5.289575914845984e-23, nan 
40.875, 76.875, 4.8303370299719717e-23, nan 
41.125, 76.875, 4.7303058105257574e-23, nan 
41.375, 76.875, 3.209955269524685e-23, nan 
41.625, 76.875, 2.6143578904423903e-23, nan 
41.875, 76.875, 1.9883696269768168e-23, nan 
42.125, 76.875, 3.6860334497498205e-23, nan 
42.375, 76.875, 3.91314617163004e-23, nan 
42.625, 76.875, 3.050642121198023e-23, nan 
42.875, 76.875, 2.3040555372960212e-23, nan 
43.125, 76.875, 1.274557394548586e-23, nan 
43.375, 76.875, 1.6463619320020438e-23, nan 
43.625, 76.875, 2.9681625193347485e-23, nan 
43.875, 76.875, 3.2775623731246154e-23, nan 
44.125, 76.875, 4.5696077349880413e-23, nan 
44.375, 76.875, 6.910625816847219e-23, nan 
44.625, 76.875, 5.932748727741341e-23, nan 
44.875, 76.875, 7.708322938738852e-23, nan 
45.125, 76.875, 7.308955389682112e-23, nan 
45.375, 76.875, 1.2169441897235615e-22, nan 
45.625, 76.875, 9.51680802241429e-23, nan 
45.875, 76.875, 1.1706443606452818e-22, nan 
46.125, 76.875, 1.0036857950597107e-22, nan 
46.375, 76.875, 1.1372606293217754e-22, nan 
46.625, 76.875, 1.5909060672144786e-22, nan 
46.875, 76.875, 7.977940224659122e-23, nan 
47.125, 76.875, 4.74962127873736e-23, nan 
47.375, 76.875, 4.551622798935216e-23, nan 
47.625, 76.875, 1.4299836881405145e-23, nan 
47.875, 76.875, 5.341069699217181e-23, nan 
48.125, 76.875, 2.5367650134556918e-23, nan 
48.375, 76.875, 2.0992627090633913e-23, nan 
48.625, 76.875, 2.9671591430331774e-23, nan 
48.875, 76.875, 2.6117436725287977e-23, nan 
49.125, 76.875, 2.1378278319032674e-23, nan 
49.375, 76.875, 2.3328690605008355e-23, nan 
49.625, 76.875, 3.068880933592462e-23, nan 
49.875, 76.875, 2.912477111492915e-23, nan 
50.125, 76.875, 2.3166863334810572e-23, nan 
50.375, 76.875, 2.4332664067136373e-23, nan 
50.625, 76.875, 3.0823246866607623e-23, nan 
50.875, 76.875, 2.207154708666834e-23, nan 
51.125, 76.875, 3.0707186987803207e-23, nan 
51.375, 76.875, 1.9853602442929493e-23, nan 
51.625, 76.875, 2.049911147697572e-23, nan 
51.875, 76.875, 2.8749586173832494e-23, nan 
52.125, 76.875, 1.3727670520489008e-23, nan 
52.375, 76.875, 2.370008889298618e-23, nan 
52.625, 76.875, 3.040005526706851e-23, nan 
52.875, 76.875, 2.633222666996171e-23, nan 
53.125, 76.875, 2.676576781421809e-23, nan 
53.375, 76.875, 1.805004915513179e-23, nan 
53.625, 76.875, 1.4454347652180267e-23, nan 
53.875, 76.875, 1.5365480837316773e-23, nan 
54.125, 76.875, 7.137417389618126e-24, nan 
54.375, 76.875, 3.424356055908586e-23, nan 
54.625, 76.875, 2.1733045069019568e-23, nan 
54.875, 76.875, 1.6522061987818333e-23, nan 
55.125, 76.875, 1.5617172347721602e-23, nan 
55.375, 76.875, 1.9396197739594236e-23, nan 
55.625, 76.875, 1.6432718698786e-23, nan 
55.875, 76.875, 2.7304123016929443e-23, nan 
56.125, 76.875, 3.700829972374376e-23, nan 
56.375, 76.875, 5.000975837159354e-23, nan 
56.625, 76.875, 6.02537641589334e-23, nan 
56.875, 76.875, 5.709194739836243e-23, nan 
57.125, 76.875, 5.051918108111477e-23, nan 
57.375, 76.875, 3.960771238195928e-23, nan 
57.625, 76.875, 3.891410734437639e-23, nan 
57.875, 76.875, 4.244570125906215e-23, nan 
58.125, 76.875, 3.7393466421584486e-23, nan 
58.375, 76.875, 3.559878560211255e-23, nan 
58.625, 76.875, 2.0436441514145843e-23, nan 
58.875, 76.875, 1.0766752335631124e-23, nan 
59.125, 76.875, 1.298667127057383e-23, nan 
59.375, 76.875, 1.4305835881957402e-23, nan 
59.625, 76.875, 2.043963624275386e-23, nan 
59.875, 76.875, 2.882131469469951e-23, nan 
60.125, 76.875, 2.2514907848273247e-23, nan 
60.375, 76.875, 1.2128803581342804e-23, nan 
60.625, 76.875, 1.3763714807601807e-23, nan 
60.875, 76.875, 1.7529656929180293e-23, nan 
61.125, 76.875, 1.9005008022170235e-23, nan 
61.375, 76.875, 1.5641453564014554e-23, nan 
61.625, 76.875, 9.207236213458831e-24, nan 
61.875, 76.875, 9.457595517953699e-24, nan 
62.125, 76.875, 1.6264538833961336e-23, nan 
62.375, 76.875, 1.623845961555962e-23, nan 
62.625, 76.875, 1.4838226446635182e-23, nan 
62.875, 76.875, 2.138933106731619e-23, nan 
63.125, 76.875, 6.65082239752144e-24, nan 
63.375, 76.875, 7.28703732834241e-24, nan 
63.625, 76.875, 2.7081318641401665e-23, nan 
63.875, 76.875, 2.8548177799016365e-23, nan 
64.125, 76.875, 3.57998316624689e-23, nan 
64.375, 76.875, 5.788953024412856e-24, nan 
64.625, 76.875, 7.885540167813062e-24, nan 
64.875, 76.875, 1.2912415815292936e-23, nan 
65.125, 76.875, 1.5482136788861424e-23, nan 
65.375, 76.875, 1.9418642884938436e-23, nan 
65.625, 76.875, 4.5729246808061045e-24, nan 
65.875, 76.875, 5.109803254223778e-24, nan 
66.125, 76.875, 7.587585663247825e-24, nan 
66.375, 76.875, 9.595925598551012e-24, nan 
66.625, 76.875, 1.2811346417356515e-23, nan 
66.875, 76.875, 6.966514552528562e-24, nan 
67.125, 76.875, 5.605672501078262e-24, nan 
67.375, 76.875, 7.131229205683455e-24, nan 
67.625, 76.875, 4.822528227877909e-24, nan 
67.875, 76.875, 6.339846702677975e-24, nan 
68.125, 76.875, 2.4404951047744745e-24, nan 
68.375, 76.875, 5.1814745779365526e-24, nan 
68.625, 76.875, 6.864038200524332e-24, nan 
68.875, 76.875, 5.274581443880673e-24, nan 
69.125, 76.875, 7.125063988952738e-24, nan 
69.375, 76.875, 3.982404815709721e-24, nan 
69.625, 76.875, 7.858651600546296e-24, nan 
69.875, 76.875, 1.220350949024694e-23, nan 
70.125, 76.875, 1.506103437634163e-23, nan 
70.375, 76.875, 1.41333143159778e-23, nan 
70.625, 76.875, 1.3815421994712549e-23, nan 
70.875, 76.875, 1.203093582752499e-23, nan 
71.125, 76.875, 2.108348175163532e-23, nan 
71.375, 76.875, 2.24001461580577e-23, nan 
71.625, 76.875, 2.3169422509031028e-23, nan 
71.875, 76.875, 2.587067357583704e-23, nan 
72.125, 76.875, 2.6918186178564783e-23, nan 
72.375, 76.875, 2.3650129207849696e-23, nan 
72.625, 76.875, 1.8706134472540876e-23, nan 
72.875, 76.875, 1.431847909669467e-23, nan 
73.125, 76.875, 1.6423053345431454e-23, nan 
73.375, 76.875, 1.5280512559241807e-23, nan 
73.625, 76.875, 1.317514757508754e-23, nan 
73.875, 76.875, 1.0000180721058108e-23, nan 
74.125, 76.875, 5.761328405102457e-24, nan 
74.375, 76.875, 2.954211340905561e-24, nan 
74.625, 76.875, 3.467629416154859e-24, nan 
74.875, 76.875, 3.9428698768883e-24, nan 
75.125, 76.875, 4.2885245540489454e-24, nan 
75.375, 76.875, 4.5361235797053345e-24, nan 
75.625, 76.875, 4.440200549379297e-24, nan 
75.875, 76.875, 4.916582746869652e-24, nan 
76.125, 76.875, 4.299387370383754e-24, nan 
76.375, 76.875, 3.822025314760412e-24, nan 
76.625, 76.875, 5.760885380124773e-24, nan 
76.875, 76.875, 6.469386485728431e-24, nan 
77.125, 76.875, 7.920684902884656e-24, nan 
77.375, 76.875, 7.308364237996295e-24, nan 
77.625, 76.875, 7.71783113686526e-24, nan 
77.875, 76.875, 5.6077143496264354e-24, nan 
78.125, 76.875, 4.752496197782822e-24, nan 
78.375, 76.875, 5.032402175029971e-24, nan 
78.625, 76.875, 6.622123928248535e-24, nan 
78.875, 76.875, 9.116680531438813e-24, nan 
79.125, 76.875, 6.3912568377861615e-24, nan 
79.375, 76.875, 5.623479399855075e-24, nan 
79.625, 76.875, 2.962366657206841e-24, nan 
79.875, 76.875, 5.150302045549422e-24, nan 
80.125, 76.875, 6.579610932612095e-24, nan 
80.375, 76.875, 4.021261568345219e-24, nan 
80.625, 76.875, 2.993706678979677e-24, nan 
80.875, 76.875, 6.184701311439578e-24, nan 
81.125, 76.875, 9.289129622014475e-24, nan 
81.375, 76.875, 7.913063442060815e-24, nan 
81.625, 76.875, 6.5572750722527976e-24, nan 
81.875, 76.875, 5.735385486439487e-24, nan 
82.125, 76.875, 7.795033111565774e-24, nan 
82.375, 76.875, 9.278824896798808e-24, nan 
82.625, 76.875, 9.983792270795088e-24, nan 
82.875, 76.875, 8.391121957724004e-24, nan 
83.125, 76.875, 8.10238689164237e-24, nan 
83.375, 76.875, 9.321156704300321e-24, nan 
83.625, 76.875, 9.514055870110795e-24, nan 
83.875, 76.875, 1.0549082226116188e-23, nan 
84.125, 76.875, 9.14304276781878e-24, nan 
84.375, 76.875, 8.710636756585049e-24, nan 
84.625, 76.875, 6.704154367478118e-24, nan 
84.875, 76.875, 1.0552510838000546e-23, nan 
85.125, 76.875, 9.692624830669697e-24, nan 
85.375, 76.875, 1.0874882503998616e-23, nan 
85.625, 76.875, 8.281452581193188e-24, nan 
85.875, 76.875, 6.627807078205494e-24, nan 
86.125, 76.875, 1.380750837135195e-23, nan 
86.375, 76.875, 1.009092250236597e-23, nan 
86.625, 76.875, 1.296777808107929e-23, nan 
86.875, 76.875, 1.650293615068867e-23, nan 
87.125, 76.875, 3.5114702347678545e-23, nan 
87.375, 76.875, 2.90888846721558e-23, nan 
87.625, 76.875, 2.2065934324997104e-23, nan 
87.875, 76.875, 4.021450259459959e-23, nan 
88.125, 76.875, 3.6434924681174776e-23, nan 
88.375, 76.875, 7.921566682542771e-23, nan 
88.625, 76.875, 4.1659887221159105e-23, nan 
88.875, 76.875, 2.5846144046314406e-23, nan 
89.125, 76.875, 3.5172836369827046e-23, nan 
89.375, 76.875, 3.1036950748840856e-23, nan 
89.625, 76.875, 3.796966316805198e-23, nan 
89.875, 76.875, 3.0507668252533923e-23, nan 
90.125, 76.875, 2.4735450495196587e-23, nan 
90.375, 76.875, 3.0052365591934025e-23, nan 
90.625, 76.875, 2.1341458491974862e-23, nan 
90.875, 76.875, 2.3693265842445274e-23, nan 
91.125, 76.875, 1.8233989831951196e-23, nan 
91.375, 76.875, 1.185707294726291e-23, nan 
91.625, 76.875, 9.384777432584203e-24, nan 
91.875, 76.875, 1.2445246738854188e-23, nan 
92.125, 76.875, 8.139196294323856e-24, nan 
92.375, 76.875, 5.502360098112798e-24, nan 
92.625, 76.875, 9.922865264286171e-24, nan 
92.875, 76.875, 7.730805055164357e-24, nan 
93.125, 76.875, 2.355949516525794e-24, nan 
93.375, 76.875, 1.6227141270378999e-24, nan 
93.625, 76.875, 2.4078002109696714e-24, nan 
93.875, 76.875, 1.9547756414685016e-24, nan 
94.125, 76.875, 2.4269460741394024e-24, nan 
94.375, 76.875, 2.7968161865333892e-24, nan 
94.625, 76.875, 2.6064289271055148e-24, nan 
94.875, 76.875, 2.1707952737810417e-24, nan 
95.125, 76.875, 3.163921610181885e-24, nan 
95.375, 76.875, 4.907604162416711e-24, nan 
95.625, 76.875, 5.028905645140584e-24, nan 
95.875, 76.875, 4.08269181473379e-24, nan 
96.125, 76.875, 1.9425306288657207e-24, nan 
96.375, 76.875, 1.836373944711666e-24, nan 
96.625, 76.875, 1.6343533202029988e-24, nan 
96.875, 76.875, 1.6085081782742836e-24, nan 
97.125, 76.875, 1.4060920379585779e-24, nan 
97.375, 76.875, 9.029498279933442e-25, nan 
97.625, 76.875, 2.0219576497383567e-24, nan 
97.875, 76.875, 2.5006253471118066e-24, nan 
98.125, 76.875, 2.6802362474845265e-24, nan 
98.375, 76.875, 1.7686857751839732e-24, nan 
98.625, 76.875, 2.4468506885263067e-24, nan 
98.875, 76.875, 2.0231351642663718e-24, nan 
99.125, 76.875, 2.7804927176201144e-24, nan 
99.375, 76.875, 4.1460780061629054e-24, nan 
99.625, 76.875, 3.53517230107964e-24, nan 
99.875, 76.875, 3.751271599802957e-24, nan 
100.125, 76.875, 2.6656317493423938e-24, nan 
100.375, 76.875, 2.5590875400631423e-24, nan 
100.625, 76.875, 3.9279882420042016e-24, nan 
100.875, 76.875, 3.031403912125626e-24, nan 
101.125, 76.875, 3.1919938442255607e-24, nan 
101.375, 76.875, 1.879587538092827e-24, nan 
101.625, 76.875, 1.1787879586026224e-24, nan 
101.875, 76.875, 5.972557390646108e-24, nan 
102.125, 76.875, 4.176855019399205e-24, nan 
102.375, 76.875, 2.7589781348421932e-24, nan 
102.625, 76.875, 2.8786452750945617e-24, nan 
102.875, 76.875, 1.2177138201239098e-24, nan 
103.125, 76.875, 3.3468233444836645e-24, nan 
103.375, 76.875, 2.9073195592726857e-24, nan 
103.625, 76.875, 2.1039801094320593e-24, nan 
103.875, 76.875, 2.0507341330696727e-24, nan 
104.125, 76.875, 1.088068144556619e-24, nan 
104.375, 76.875, 1.5233527649050885e-24, nan 
104.625, 76.875, 1.2870066049899446e-24, nan 
104.875, 76.875, 1.464179094569143e-24, nan 
105.125, 76.875, 1.4974384028544341e-24, nan 
105.375, 76.875, 1.944805813780097e-24, nan 
105.625, 76.875, 1.5791601903707606e-24, nan 
105.875, 76.875, 1.017959497606203e-24, nan 
106.125, 76.875, 1.3885385818307845e-24, nan 
106.375, 76.875, 1.5576355740830069e-24, nan 
106.625, 76.875, 1.0329624221462336e-24, nan 
106.875, 76.875, 1.0545587196764567e-24, nan 
107.125, 76.875, 7.40406933876997e-25, nan 
107.375, 76.875, 7.554642777726698e-25, nan 
107.625, 76.875, 7.0115512112793105e-25, nan 
107.875, 76.875, 7.699591513280408e-25, nan 
108.125, 76.875, 1.2604723116436452e-24, nan 
108.375, 76.875, 1.3960656911003174e-24, nan 
108.625, 76.875, 1.5871090602961532e-24, nan 
108.875, 76.875, 2.2639791491108138e-24, nan 
109.125, 76.875, 1.926542393452835e-24, nan 
109.375, 76.875, 1.466540202011426e-24, nan 
109.625, 76.875, 1.048421515435229e-24, nan 
109.875, 76.875, 2.905126204114124e-24, nan 
110.125, 76.875, 3.925575784475068e-24, nan 
110.375, 76.875, 4.778424610888838e-24, nan 
110.625, 76.875, 3.1880192550578718e-24, nan 
110.875, 76.875, 2.3681378643214236e-24, nan 
111.125, 76.875, 3.526788183939178e-24, nan 
111.375, 76.875, 3.0179955679315103e-24, nan 
111.625, 76.875, 3.933377834945079e-24, nan 
111.875, 76.875, 3.405561164218002e-24, nan 
112.125, 76.875, 4.011452318997579e-24, nan 
112.375, 76.875, 3.9211986878890186e-24, nan 
112.625, 76.875, 1.1624239872385676e-24, nan 
112.875, 76.875, 1.0565322348070024e-24, nan 
113.125, 76.875, 2.1155500221102072e-24, nan 
113.375, 76.875, 7.139808692347846e-24, nan 
113.625, 76.875, 5.66904552415495e-24, nan 
113.875, 76.875, 1.8746506136104233e-24, nan 
114.125, 76.875, 1.5937770871697485e-24, nan 
114.375, 76.875, 1.140760029066906e-23, nan 
114.625, 76.875, 1.0601608523763588e-23, nan 
114.875, 76.875, 8.49177383751803e-24, nan 
115.125, 76.875, 4.80555282026304e-24, nan 
115.375, 76.875, 4.540707462859345e-24, nan 
115.625, 76.875, 1.1735913134176632e-23, nan 
115.875, 76.875, 1.338784276818332e-23, nan 
116.125, 76.875, 1.0915090163042538e-23, nan 
116.375, 76.875, 6.449413103938251e-24, nan 
116.625, 76.875, 3.024190246317797e-24, nan 
116.875, 76.875, 5.973175289941004e-24, nan 
117.125, 76.875, 7.861581900184607e-24, nan 
117.375, 76.875, 5.785515589453229e-24, nan 
117.625, 76.875, 4.285984341344981e-24, nan 
117.875, 76.875, 6.2280075080841056e-24, nan 
118.125, 76.875, 7.264948945792365e-24, nan 
118.375, 76.875, 5.294502188817481e-24, nan 
118.625, 76.875, 6.0264931039880126e-24, nan 
118.875, 76.875, 2.166331027086673e-24, nan 
119.125, 76.875, 3.0081657959198065e-24, nan 
119.375, 76.875, 3.192062257983037e-24, nan 
119.625, 76.875, 4.728877042115112e-24, nan 
119.875, 76.875, 5.212300798574726e-24, nan 
120.125, 76.875, 3.2489493280296402e-24, nan 
120.375, 76.875, 2.9833894339196155e-24, nan 
120.625, 76.875, 2.589397585744027e-24, nan 
120.875, 76.875, 3.1443787847630084e-24, nan 
121.125, 76.875, 3.2790631210918127e-24, nan 
121.375, 76.875, 2.8315596068679775e-24, nan 
121.625, 76.875, 3.387095850438853e-24, nan 
121.875, 76.875, 2.5755183972311253e-24, nan 
122.125, 76.875, 2.3944635547868385e-24, nan 
122.375, 76.875, 1.6523820863096412e-24, nan 
122.625, 76.875, 1.0925196834877435e-24, nan 
122.875, 76.875, 7.479427704014738e-25, nan 
123.125, 76.875, 1.0465469983318776e-24, nan 
123.375, 76.875, 1.2088290384962417e-24, nan 
123.625, 76.875, 1.2131554576953371e-24, nan 
123.875, 76.875, 7.781486534607797e-25, nan 
124.125, 76.875, 7.223199770449128e-25, nan 
124.375, 76.875, 3.710152098388874e-24, nan 
124.625, 76.875, 1.2718188492858058e-24, nan 
124.875, 76.875, 1.0273090324012245e-24, nan 
125.125, 76.875, 1.4529463303728018e-24, nan 
125.375, 76.875, 2.168827343778284e-24, nan 
125.625, 76.875, 1.7543812674724156e-24, nan 
125.875, 76.875, 1.7272308302706265e-24, nan 
126.125, 76.875, 1.3964057116043065e-24, nan 
126.375, 76.875, 1.4886792714420364e-24, nan 
126.625, 76.875, 2.0996718315731095e-24, nan 
126.875, 76.875, 2.2820876858976713e-24, nan 
127.125, 76.875, 2.7667185136139765e-24, nan 
127.375, 76.875, 2.973658935418621e-24, nan 
127.625, 76.875, 3.1595740541595178e-24, nan 
127.875, 76.875, 3.1304133794934647e-24, nan 
128.125, 76.875, 2.882664933307119e-24, nan 
128.375, 76.875, 2.648513886012844e-24, nan 
128.625, 76.875, 2.7365017623410745e-24, nan 
128.875, 76.875, 3.685188985977052e-24, nan 
129.125, 76.875, 2.321541688239202e-24, nan 
129.375, 76.875, 2.185155598500003e-24, nan 
129.625, 76.875, 1.9892918504353106e-24, nan 
129.875, 76.875, 1.8551608036918344e-24, nan 
130.125, 76.875, 2.9677776605190053e-24, nan 
130.375, 76.875, 2.5297699112684356e-24, nan 
130.625, 76.875, 2.3936005777266766e-24, nan 
130.875, 76.875, 2.2629080322860944e-24, nan 
131.125, 76.875, 1.836094489567196e-24, nan 
131.375, 76.875, 1.9243877340952835e-24, nan 
131.625, 76.875, 1.6586375036335704e-24, nan 
131.875, 76.875, 1.5032048288529723e-24, nan 
132.125, 76.875, 1.149946582389967e-24, nan 
132.375, 76.875, 1.3230528671689601e-24, nan 
132.625, 76.875, 8.895772844029819e-25, nan 
132.875, 76.875, 6.008643118649539e-25, nan 
133.125, 76.875, 1.1103639893076987e-24, nan 
133.375, 76.875, 1.5979899899775413e-24, nan 
133.625, 76.875, 1.5078574788990287e-24, nan 
133.875, 76.875, 1.3931799151509247e-24, nan 
134.125, 76.875, 1.2098740992188425e-24, nan 
134.375, 76.875, 2.427446823035891e-24, nan 
134.625, 76.875, 3.941451994235677e-24, nan 
134.875, 76.875, 2.5853919558845245e-24, nan 
135.125, 76.875, 2.8889753797123246e-24, nan 
135.375, 76.875, 1.5838251897159568e-24, nan 
135.625, 76.875, 2.1795592112609663e-24, nan 
135.875, 76.875, 2.4975149090854162e-24, nan 
136.125, 76.875, 2.15123056246515e-24, nan 
136.375, 76.875, 2.607683522855919e-24, nan 
136.625, 76.875, 2.6183716215031092e-24, nan 
136.875, 76.875, 2.8052292897863045e-24, nan 
137.125, 76.875, 2.753510516432258e-24, nan 
137.375, 76.875, 2.7764722764699248e-24, nan 
137.625, 76.875, 3.1002171721327774e-24, nan 
137.875, 76.875, 2.023434993747964e-24, nan 
138.125, 76.875, 1.930858014830537e-24, nan 
138.375, 76.875, 2.303148295545891e-24, nan 
138.625, 76.875, 2.633398555843772e-24, nan 
138.875, 76.875, 2.8901353144669972e-24, nan 
139.125, 76.875, 2.496304647640191e-24, nan 
139.375, 76.875, 2.5130046040316736e-24, nan 
139.625, 76.875, 2.2478393817627678e-24, nan 
139.875, 76.875, 3.1690920339456666e-24, nan 
140.125, 76.875, 1.5142408407320863e-24, nan 
140.375, 76.875, 1.4151876570447253e-24, nan 
140.625, 76.875, 1.1503836991126155e-24, nan 
140.875, 76.875, 1.3686758866368912e-24, nan 
141.125, 76.875, 1.3107035062302548e-24, nan 
141.375, 76.875, 1.4786503832480644e-24, nan 
141.625, 76.875, 1.558783989956897e-24, nan 
141.875, 76.875, 1.681352729153734e-24, nan 
142.125, 76.875, 2.1479247478990165e-24, nan 
142.375, 76.875, 1.9592895624429496e-24, nan 
142.625, 76.875, 1.9231843740996688e-24, nan 
142.875, 76.875, 1.8720968022539403e-24, nan 
143.125, 76.875, 2.3076909607217194e-24, nan 
143.375, 76.875, 2.3237026141994157e-24, nan 
143.625, 76.875, 2.0872518401316188e-24, nan 
143.875, 76.875, 1.9663334990776538e-24, nan 
144.125, 76.875, 1.7510271062578733e-24, nan 
144.375, 76.875, 2.039546477186814e-24, nan 
144.625, 76.875, 1.6767257935555584e-24, nan 
144.875, 76.875, 1.46712625413472e-24, nan 
145.125, 76.875, 1.4202606401576934e-24, nan 
145.375, 76.875, 1.4574963134792965e-24, nan 
145.625, 76.875, 1.7338621029410317e-24, nan 
145.875, 76.875, 1.8242984505726713e-24, nan 
146.125, 76.875, 2.384770517182222e-24, nan 
146.375, 76.875, 2.571760699937843e-24, nan 
146.625, 76.875, 2.3748086922982885e-24, nan 
146.875, 76.875, 1.2924953127595717e-24, nan 
147.125, 76.875, 1.8212502055703105e-24, nan 
147.375, 76.875, 2.987076669341454e-24, nan 
147.625, 76.875, 3.0032942434753115e-24, nan 
147.875, 76.875, 2.4591350206205994e-24, nan 
148.125, 76.875, 1.0553714198003095e-24, nan 
148.375, 76.875, 1.9662209250414849e-25, nan 
148.625, 76.875, 1.2880039666784678e-24, nan 
148.875, 76.875, 1.731187730848118e-24, nan 
149.125, 76.875, 7.9384451764946655e-25, nan 
149.375, 76.875, 9.79831038434654e-25, nan 
149.625, 76.875, 8.111532908779115e-25, nan 
149.875, 76.875, 1.0096876688854126e-24, nan 
150.125, 76.875, 1.3951792842810856e-24, nan 
150.375, 76.875, 9.135178189313158e-25, nan 
150.625, 76.875, 7.814406156767382e-25, nan 
150.875, 76.875, 7.248727349688526e-25, nan 
151.125, 76.875, 1.0962984786740047e-24, nan 
151.375, 76.875, 9.624881503819622e-25, nan 
151.625, 76.875, 1.2197951661121878e-24, nan 
151.875, 76.875, 1.8757063417573286e-24, nan 
152.125, 76.875, 2.87267476573196e-24, nan 
152.375, 76.875, 2.474900597244229e-24, nan 
152.625, 76.875, 1.8688861798990502e-24, nan 
152.875, 76.875, 1.9809864332259974e-24, nan 
153.125, 76.875, 1.8361844459473305e-24, nan 
153.375, 76.875, 2.1713264417619732e-24, nan 
153.625, 76.875, 2.375864502386717e-24, nan 
153.875, 76.875, 1.9437809979322366e-24, nan 
154.125, 76.875, 2.03420552203238e-24, nan 
154.375, 76.875, 1.623829659298664e-24, nan 
154.625, 76.875, 1.413924033238452e-24, nan 
154.875, 76.875, 2.8268805297071895e-24, nan 
155.125, 76.875, 2.4875644283004445e-24, nan 
155.375, 76.875, 2.3740346023495774e-24, nan 
155.625, 76.875, 2.0935780308704884e-24, nan 
155.875, 76.875, 1.799870139265087e-24, nan 
156.125, 76.875, 1.5807126463768036e-24, nan 
156.375, 76.875, 2.5268187649166598e-24, nan 
156.625, 76.875, 2.138214269357902e-24, nan 
156.875, 76.875, 9.922088294573095e-25, nan 
157.125, 76.875, 1.1458495767090548e-24, nan 
157.375, 76.875, 1.3043109353349349e-24, nan 
157.625, 76.875, 2.1444062381113376e-24, nan 
157.875, 76.875, 2.6696340950523734e-24, nan 
158.125, 76.875, 3.0208182797640053e-24, nan 
158.375, 76.875, 3.47400381076166e-24, nan 
158.625, 76.875, 3.2607246735454758e-24, nan 
158.875, 76.875, 4.0162387438633744e-24, nan 
159.125, 76.875, 3.3052510121831044e-24, nan 
159.375, 76.875, 2.7113766130775907e-24, nan 
159.625, 76.875, 2.031622856886561e-24, nan 
159.875, 76.875, 2.6442075898606267e-24, nan 
160.125, 76.875, 3.6004560523651776e-24, nan 
160.375, 76.875, 4.914901906855734e-24, nan 
160.625, 76.875, 3.483838603791901e-24, nan 
160.875, 76.875, 3.2591071840126663e-24, nan 
161.125, 76.875, 2.6127400904370208e-24, nan 
161.375, 76.875, 4.56065627414309e-24, nan 
161.625, 76.875, 9.452974551301817e-24, nan 
161.875, 76.875, 1.0900152799133035e-23, nan 
162.125, 76.875, 1.0019227880265672e-23, nan 
162.375, 76.875, 7.055287585282672e-24, nan 
162.625, 76.875, 6.886783171921821e-24, nan 
162.875, 76.875, 5.2347759712554535e-24, nan 
163.125, 76.875, 5.635307817469943e-24, nan 
163.375, 76.875, 2.4421074110009824e-24, nan 
163.625, 76.875, 5.837099024336665e-24, nan 
163.875, 76.875, 6.821707104680787e-24, nan 
164.125, 76.875, 6.40164207527803e-24, nan 
164.375, 76.875, 7.22962655257855e-24, nan 
164.625, 76.875, 1.0061982842597045e-23, nan 
164.875, 76.875, 9.60437427507597e-24, nan 
165.125, 76.875, 1.434287288573545e-23, nan 
165.375, 76.875, 1.0030245206541552e-23, nan 
165.625, 76.875, 1.1724231963369443e-23, nan 
165.875, 76.875, 1.1735035424192759e-23, nan 
166.125, 76.875, 9.797268376122278e-24, nan 
166.375, 76.875, 1.4218141939288306e-23, nan 
166.625, 76.875, 1.478668521422904e-23, nan 
166.875, 76.875, 1.3245375565027725e-23, nan 
167.125, 76.875, 1.4623745830629407e-23, nan 
167.375, 76.875, 1.3207375578219107e-23, nan 
167.625, 76.875, 7.997064005890652e-24, nan 
167.875, 76.875, 6.840557888825957e-24, nan 
168.125, 76.875, 7.437161078062757e-24, nan 
168.375, 76.875, 7.761444389733238e-24, nan 
168.625, 76.875, 9.758616256757259e-24, nan 
168.875, 76.875, 8.483418392160553e-24, nan 
169.125, 76.875, 1.0152225177009122e-23, nan 
169.375, 76.875, 6.70074144793844e-24, nan 
169.625, 76.875, 5.026601038636254e-24, nan 
169.875, 76.875, 7.036655566329203e-24, nan 
170.125, 76.875, 6.330594962950841e-24, nan 
170.375, 76.875, 6.924941951734308e-24, nan 
170.625, 76.875, 4.900036611813427e-24, nan 
170.875, 76.875, 4.32934790011047e-24, nan 
171.125, 76.875, 3.507491771969297e-24, nan 
171.375, 76.875, 3.461773261881691e-24, nan 
171.625, 76.875, 2.895741031635174e-24, nan 
171.875, 76.875, 2.29389401724009e-24, nan 
172.125, 76.875, 1.5125516315091408e-24, nan 
172.375, 76.875, 1.4514274296902674e-24, nan 
172.625, 76.875, 1.6911823545643447e-24, nan 
172.875, 76.875, 2.458424393481277e-24, nan 
173.125, 76.875, 1.7709318739552712e-24, nan 
173.375, 76.875, 1.2939429517674903e-24, nan 
173.625, 76.875, 1.683536958089135e-24, nan 
173.875, 76.875, 2.1134111066368803e-24, nan 
174.125, 76.875, 1.2209689816828453e-24, nan 
174.375, 76.875, 1.5496803486445181e-24, nan 
174.625, 76.875, 1.0490980514364563e-24, nan 
174.875, 76.875, 1.7354215782764942e-24, nan 
175.125, 76.875, 2.3726979866452253e-24, nan 
175.375, 76.875, 1.3647193401841697e-24, nan 
175.625, 76.875, 2.0056924190815065e-24, nan 
175.875, 76.875, 1.1106323437720318e-24, nan 
176.125, 76.875, 1.1901166369148907e-24, nan 
176.375, 76.875, 1.9468626655030547e-24, nan 
176.625, 76.875, 1.9754094597737356e-24, nan 
176.875, 76.875, 2.6969739859164203e-24, nan 
177.125, 76.875, 2.4963435545906387e-24, nan 
177.375, 76.875, 1.6382988102191947e-24, nan 
177.625, 76.875, 1.8027218563375022e-24, nan 
177.875, 76.875, 2.7978396159340535e-24, nan 
178.125, 76.875, 2.9607369474409907e-24, nan 
178.375, 76.875, 3.337974497412218e-24, nan 
178.625, 76.875, 2.477512363553077e-24, nan 
178.875, 76.875, 1.1609448212950565e-24, nan 
179.125, 76.875, 2.20627221119148e-24, nan 
179.375, 76.875, 3.1793179748987626e-24, nan 
179.625, 76.875, 2.8337881636900224e-24, nan 
179.875, 76.875, 3.944931339215097e-24, nan 
-179.875, 77.125, 4.426235176548036e-24, nan 
-179.625, 77.125, 3.0002824113068065e-24, nan 
-179.375, 77.125, 3.1370997892285895e-24, nan 
-179.125, 77.125, 4.729779300220334e-24, nan 
-178.875, 77.125, 6.228647181949402e-24, nan 
-178.625, 77.125, 6.501526611240814e-24, nan 
-178.375, 77.125, 5.760999583809079e-24, nan 
-178.125, 77.125, 5.947404732477544e-24, nan 
-177.875, 77.125, 5.994958362516688e-24, nan 
-177.625, 77.125, 1.0518724429046387e-23, nan 
-177.375, 77.125, 1.0870099941068052e-23, nan 
-177.125, 77.125, 1.1890749541362275e-23, nan 
-176.875, 77.125, 9.30000230220649e-24, nan 
-176.625, 77.125, 7.63930779180326e-24, nan 
-176.375, 77.125, 6.21108182447523e-24, nan 
-176.125, 77.125, 6.5474020554012674e-24, nan 
-175.875, 77.125, 9.461090102317235e-24, nan 
-175.625, 77.125, 7.813865972499322e-24, nan 
-175.375, 77.125, 8.432117646740903e-24, nan 
-175.125, 77.125, 7.196556781506938e-24, nan 
-174.875, 77.125, 8.447596365589647e-24, nan 
-174.625, 77.125, 8.118275738389125e-24, nan 
-174.375, 77.125, 1.0745527330372212e-23, nan 
-174.125, 77.125, 1.0909580249316885e-23, nan 
-173.875, 77.125, 5.811902157978122e-24, nan 
-173.625, 77.125, 6.982277176405244e-24, nan 
-173.375, 77.125, 8.375757647267551e-24, nan 
-173.125, 77.125, 4.633260951429837e-24, nan 
-172.875, 77.125, 6.813045316057706e-24, nan 
-172.625, 77.125, 6.1548475398259e-24, nan 
-172.375, 77.125, 1.3060821352737537e-23, nan 
-172.125, 77.125, 1.6052712437421308e-23, nan 
-171.875, 77.125, 1.2537023153764157e-23, nan 
-171.625, 77.125, 1.6001902987061296e-23, nan 
-171.375, 77.125, 7.921268070912632e-24, nan 
-171.125, 77.125, 1.0350333420200256e-23, nan 
-170.875, 77.125, 1.8394847614120892e-23, nan 
-170.625, 77.125, 1.7532850173958467e-23, nan 
-170.375, 77.125, 1.5616874391616625e-23, nan 
-170.125, 77.125, 1.1566101668941511e-23, nan 
-169.875, 77.125, 1.1378848596959164e-23, nan 
-169.625, 77.125, 1.431655274351306e-23, nan 
-169.375, 77.125, 1.448351473889007e-23, nan 
-169.125, 77.125, 1.8952036860165123e-23, nan 
-168.875, 77.125, 1.4110596688117737e-23, nan 
-168.625, 77.125, 1.2759192838388581e-23, nan 
-168.375, 77.125, 7.81733313165846e-24, nan 
-168.125, 77.125, 7.848775547179001e-24, nan 
-167.875, 77.125, 1.6048301122094338e-23, nan 
-167.625, 77.125, 2.4743759270573893e-23, nan 
-167.375, 77.125, 3.3517559920059483e-23, nan 
-167.125, 77.125, 2.337922357771093e-23, nan 
-166.875, 77.125, 2.614841512644584e-23, nan 
-166.625, 77.125, 3.039597528227478e-23, nan 
-166.375, 77.125, 1.9580059170521503e-23, nan 
-166.125, 77.125, 1.0530007174004797e-23, nan 
-165.875, 77.125, 1.3582060650197518e-23, nan 
-165.625, 77.125, 2.5088807316708317e-23, nan 
-165.375, 77.125, 3.3300445923310256e-23, nan 
-165.125, 77.125, 2.798839446531921e-23, nan 
-164.875, 77.125, 1.847099683356378e-23, nan 
-164.625, 77.125, 2.2504481425951845e-23, nan 
-164.375, 77.125, 2.2974424614409621e-23, nan 
-164.125, 77.125, 1.9892415904411932e-23, nan 
-163.875, 77.125, 1.7304756848567448e-23, nan 
-163.625, 77.125, 2.0881282800422478e-23, nan 
-163.375, 77.125, 1.664029748362325e-23, nan 
-163.125, 77.125, 1.1820059397292266e-23, nan 
-162.875, 77.125, 8.555210964571194e-24, nan 
-162.625, 77.125, 1.2452293141450155e-23, nan 
-162.375, 77.125, 1.5219383317645457e-23, nan 
-162.125, 77.125, 1.458825989705755e-23, nan 
-161.875, 77.125, 1.404578491630612e-23, nan 
-161.625, 77.125, 1.3729849056107653e-23, nan 
-161.375, 77.125, 1.4196001840974754e-23, nan 
-161.125, 77.125, 1.1993797779724975e-23, nan 
-160.875, 77.125, 1.1987582303100869e-23, nan 
-160.625, 77.125, 1.2677578606694458e-23, nan 
-160.375, 77.125, 1.2932629087532952e-23, nan 
-160.125, 77.125, 1.2086343578709888e-23, nan 
-159.875, 77.125, 8.111814233064379e-24, nan 
-159.625, 77.125, 4.575302546076643e-24, nan 
-159.375, 77.125, 3.777918423410748e-24, nan 
-159.125, 77.125, 3.48603668294165e-24, nan 
-158.875, 77.125, 2.1666163327082994e-24, nan 
-158.625, 77.125, 2.105535148949814e-24, nan 
-158.375, 77.125, 2.7912704653978438e-24, nan 
-158.125, 77.125, 2.807490788226492e-24, nan 
-157.875, 77.125, 5.912782013856613e-24, nan 
-157.625, 77.125, 1.8568052597415924e-24, nan 
-157.375, 77.125, 2.3716125395810296e-24, nan 
-157.125, 77.125, 1.6929411775238887e-24, nan 
-156.875, 77.125, 2.129436685503586e-24, nan 
-156.625, 77.125, 2.3271686409882e-24, nan 
-156.375, 77.125, 4.019658725810065e-24, nan 
-156.125, 77.125, 1.8508029596208917e-24, nan 
-155.875, 77.125, 2.196793444553308e-24, nan 
-155.625, 77.125, 2.4767653396598666e-24, nan 
-155.375, 77.125, 4.504123374315557e-24, nan 
-155.125, 77.125, 2.829521415461692e-24, nan 
-154.875, 77.125, 3.106762286807446e-24, nan 
-154.625, 77.125, 4.037609664545219e-24, nan 
-154.375, 77.125, 2.675655237728977e-24, nan 
-154.125, 77.125, 7.23853756607237e-24, nan 
-153.875, 77.125, 5.939108464470814e-24, nan 
-153.625, 77.125, 8.683897112175669e-24, nan 
-153.375, 77.125, 1.2606388385475655e-23, nan 
-153.125, 77.125, 1.205162194477925e-23, nan 
-152.875, 77.125, 1.0705613760060123e-23, nan 
-152.625, 77.125, 7.926796685573871e-24, nan 
-152.375, 77.125, 5.321527250736756e-24, nan 
-152.125, 77.125, 4.3106655935895515e-24, nan 
-151.875, 77.125, 3.6916918690118355e-24, nan 
-151.625, 77.125, 4.039943927759068e-24, nan 
-151.375, 77.125, 3.386400616821718e-24, nan 
-151.125, 77.125, 3.1111476007673294e-24, nan 
-150.875, 77.125, 3.174520594128883e-24, nan 
-150.625, 77.125, 3.600501089339106e-24, nan 
-150.375, 77.125, 6.846219798989112e-24, nan 
-150.125, 77.125, 1.2368766101698162e-23, nan 
-149.875, 77.125, 1.3136676905542478e-23, nan 
-149.625, 77.125, 1.3306956506104944e-23, nan 
-149.375, 77.125, 1.6305753990480238e-23, nan 
-149.125, 77.125, 2.3125991792239947e-23, nan 
-148.875, 77.125, 2.2888179812643532e-23, nan 
-148.625, 77.125, 2.6309505804368382e-23, nan 
-148.375, 77.125, 4.5553628655936503e-23, nan 
-148.125, 77.125, 4.047511941676293e-23, nan 
-147.875, 77.125, 3.3565224348016447e-23, nan 
-147.625, 77.125, 2.684461293257428e-23, nan 
-147.375, 77.125, 6.188638047543688e-23, nan 
-147.125, 77.125, 1.0362815990064629e-22, nan 
-146.875, 77.125, 6.693068319031837e-23, nan 
-146.625, 77.125, 3.5794479323762534e-23, nan 
-146.375, 77.125, 6.487195913923156e-23, nan 
-146.125, 77.125, 7.402086048903501e-23, nan 
-145.875, 77.125, 1.0483501304380385e-22, nan 
-145.625, 77.125, 7.859095956828251e-23, nan 
-145.375, 77.125, 5.649930193416137e-23, nan 
-145.125, 77.125, 8.232928526688564e-23, nan 
-144.875, 77.125, 1.0020103085814693e-22, nan 
-144.625, 77.125, 1.9761003150067422e-22, nan 
-144.375, 77.125, 1.8471599018843675e-22, nan 
-144.125, 77.125, 6.915408015997995e-23, nan 
-143.875, 77.125, 9.093758855726392e-23, nan 
-143.625, 77.125, 9.381076054907683e-23, nan 
-143.375, 77.125, 1.241905190762421e-22, nan 
-143.125, 77.125, 1.1003412817474634e-22, nan 
-142.875, 77.125, 5.1160212759977184e-23, nan 
-142.625, 77.125, 5.31233187874779e-23, nan 
-142.375, 77.125, 2.547331176154466e-23, nan 
-142.125, 77.125, 2.055345416540635e-23, nan 
-141.875, 77.125, 2.0220969536375977e-23, nan 
-141.625, 77.125, 2.0592154386216484e-23, nan 
-141.375, 77.125, 1.276439608276571e-23, nan 
-141.125, 77.125, 1.4518849651403508e-23, nan 
-140.875, 77.125, 1.6927503231913264e-23, nan 
-140.625, 77.125, 2.9954995575563896e-23, nan 
-140.375, 77.125, 2.007365912134871e-23, nan 
-140.125, 77.125, 8.698735154548641e-24, nan 
-139.875, 77.125, 1.2775745020576686e-23, nan 
-139.625, 77.125, 1.7274545989301447e-23, nan 
-139.375, 77.125, 1.1370787039083806e-23, nan 
-139.125, 77.125, 2.311264122058841e-23, nan 
-138.875, 77.125, 1.51943845812182e-23, nan 
-138.625, 77.125, 1.7192548689934052e-23, nan 
-138.375, 77.125, 2.1622434475606783e-23, nan 
-138.125, 77.125, 1.7439641643931517e-23, nan 
-137.875, 77.125, 4.356844397413096e-23, nan 
-137.625, 77.125, 2.552681620865503e-23, nan 
-137.375, 77.125, 2.763024046503477e-23, nan 
-137.125, 77.125, 2.9350371181581846e-23, nan 
-136.875, 77.125, 2.2381309707716282e-23, nan 
-136.625, 77.125, 6.907337306381314e-23, nan 
-136.375, 77.125, 2.72885292840144e-23, nan 
-136.125, 77.125, 5.0126345681681813e-23, nan 
-135.875, 77.125, 7.31357709761737e-23, nan 
-135.625, 77.125, 9.804289745689729e-23, nan 
-135.375, 77.125, 1.4515103363869964e-22, nan 
-135.125, 77.125, 6.781938536437342e-23, nan 
-134.875, 77.125, 7.284990298318502e-23, nan 
-134.625, 77.125, 7.722470123171022e-23, nan 
-134.375, 77.125, 9.561985832349674e-23, nan 
-134.125, 77.125, 1.2575910783888903e-22, nan 
-133.875, 77.125, 9.112528181157686e-23, nan 
-133.625, 77.125, 4.1994197301260614e-23, nan 
-133.375, 77.125, 4.7396957186066706e-23, nan 
-133.125, 77.125, 4.4789997926538415e-23, nan 
-132.875, 77.125, 5.059127779593123e-23, nan 
-132.625, 77.125, 5.122924311384044e-23, nan 
-132.375, 77.125, 5.09188079607086e-23, nan 
-132.125, 77.125, 5.824899449656158e-23, nan 
-131.875, 77.125, 3.6278841214159436e-23, nan 
-131.625, 77.125, 6.524098746993254e-23, nan 
-131.375, 77.125, 3.624386598015196e-23, nan 
-131.125, 77.125, 4.746190786157079e-23, nan 
-130.875, 77.125, 1.7733714061112845e-23, nan 
-130.625, 77.125, 2.93500397383166e-23, nan 
-130.375, 77.125, 9.723039125477598e-23, nan 
-130.125, 77.125, 5.969648659302254e-23, nan 
-129.875, 77.125, 6.652825522581826e-23, nan 
-129.625, 77.125, 5.2103875827817427e-23, nan 
-129.375, 77.125, 5.258457902683933e-23, nan 
-129.125, 77.125, 5.668325122397908e-23, nan 
-128.875, 77.125, 5.563307148006231e-23, nan 
-128.625, 77.125, 6.379313309616978e-23, nan 
-128.375, 77.125, 1.0822668049721138e-22, nan 
-128.125, 77.125, 9.426894731859593e-23, nan 
-127.875, 77.125, 9.977400224815199e-23, nan 
-127.625, 77.125, 1.0697815395349922e-22, nan 
-127.375, 77.125, 1.0377935864764679e-22, nan 
-127.125, 77.125, 7.446877854674914e-23, nan 
-126.875, 77.125, 4.669348706763148e-23, nan 
-126.625, 77.125, 5.742114662745931e-23, nan 
-126.375, 77.125, 9.019371983373503e-23, nan 
-126.125, 77.125, 8.269457286184246e-23, nan 
-125.875, 77.125, 6.489599721048022e-23, nan 
-125.625, 77.125, 4.511179320364995e-23, nan 
-125.375, 77.125, 1.8095754417166456e-23, nan 
-125.125, 77.125, 3.896834220026146e-23, nan 
-124.875, 77.125, 3.629702073046102e-23, nan 
-124.625, 77.125, 3.545526937234922e-23, nan 
-124.375, 77.125, 3.213814384264056e-23, nan 
-124.125, 77.125, 1.629886575444597e-23, nan 
-123.875, 77.125, 1.5769413642823714e-23, nan 
-123.625, 77.125, 1.1799861488347344e-23, nan 
-123.375, 77.125, 1.2970303874328875e-23, nan 
-123.125, 77.125, 1.762390236297015e-23, nan 
-122.875, 77.125, 1.9926326525412376e-23, nan 
-122.625, 77.125, 1.487685961058112e-23, nan 
-122.375, 77.125, 1.1309186549231749e-23, nan 
-122.125, 77.125, 6.621238531516446e-24, nan 
-121.875, 77.125, 7.492007441738405e-24, nan 
-121.625, 77.125, 9.53466854280199e-24, nan 
-121.375, 77.125, 9.419185412267074e-24, nan 
-121.125, 77.125, 8.662774062876334e-24, nan 
-120.875, 77.125, 6.2177614604997554e-24, nan 
-120.625, 77.125, 3.854939764534559e-24, nan 
-120.375, 77.125, 5.5627072780156676e-24, nan 
-120.125, 77.125, 1.1449201015451297e-23, nan 
-119.875, 77.125, 1.2893706332299267e-23, nan 
-119.625, 77.125, 1.1342655468897563e-23, nan 
-119.375, 77.125, 5.761154734556618e-24, nan 
-119.125, 77.125, 6.111256688017084e-24, nan 
-118.875, 77.125, 1.1925957576512157e-23, nan 
-118.625, 77.125, 1.1935836767118953e-23, nan 
-118.375, 77.125, 9.122171059708233e-24, nan 
-118.125, 77.125, 6.667920588886087e-24, nan 
-117.875, 77.125, 3.985689590783491e-24, nan 
-117.625, 77.125, 3.830135342419459e-24, nan 
-117.375, 77.125, 6.382670089146352e-24, nan 
-117.125, 77.125, 5.740542898847849e-24, nan 
-116.875, 77.125, 9.289335493765076e-24, nan 
-116.625, 77.125, 6.302186639143922e-24, nan 
-116.375, 77.125, 1.8805749569952872e-23, nan 
-116.125, 77.125, 2.1927309916327283e-23, nan 
-115.875, 77.125, 1.2943795824427993e-23, nan 
-115.625, 77.125, 9.130097813284195e-24, nan 
-115.375, 77.125, 1.000018495375732e-23, nan 
-115.125, 77.125, 2.997867751562771e-23, nan 
-114.875, 77.125, 1.9719878556321203e-23, nan 
-114.625, 77.125, 2.0094603528134128e-23, nan 
-114.375, 77.125, 9.100643668784606e-24, nan 
-114.125, 77.125, 1.9583771078680292e-23, nan 
-113.875, 77.125, 4.6044586778195286e-23, nan 
-113.625, 77.125, 4.6237506858593076e-23, nan 
-113.375, 77.125, 2.785895741849144e-23, nan 
-113.125, 77.125, 2.4145352448514512e-23, nan 
-112.875, 77.125, 3.658800088153162e-23, nan 
-112.625, 77.125, 5.251875101336988e-23, nan 
-112.375, 77.125, 3.4528325239870376e-23, nan 
-112.125, 77.125, 4.669200426416864e-23, nan 
-111.875, 77.125, 3.1057646116783833e-23, nan 
-111.625, 77.125, 9.132394414947127e-24, nan 
-111.375, 77.125, 4.3754926288103614e-23, nan 
-111.125, 77.125, 3.745131941738549e-23, nan 
-110.875, 77.125, 6.532608174756895e-23, nan 
-110.625, 77.125, 4.036310789273754e-23, nan 
-110.375, 77.125, 7.138052929774352e-23, nan 
-110.125, 77.125, 5.268485448214338e-23, nan 
-109.875, 77.125, 4.21310552778755e-23, nan 
-109.625, 77.125, 5.0172266686896775e-23, nan 
-109.375, 77.125, 2.932847953342798e-23, nan 
-109.125, 77.125, 3.078052109259565e-23, nan 
-108.875, 77.125, 3.8008553697068995e-23, nan 
-108.625, 77.125, 4.4863573362880355e-23, nan 
-108.375, 77.125, 3.9302057375214876e-23, nan 
-108.125, 77.125, 3.2032496915304267e-23, nan 
-107.875, 77.125, 5.100447219989122e-23, nan 
-107.625, 77.125, 1.1687522303124314e-23, nan 
-107.375, 77.125, 4.023349177748783e-23, nan 
-107.125, 77.125, 4.394467242367011e-23, nan 
-106.875, 77.125, 5.849980246766742e-23, nan 
-106.625, 77.125, 9.703801780720619e-23, nan 
-106.375, 77.125, 1.7736404055474794e-23, nan 
-106.125, 77.125, 1.6514166214374897e-23, nan 
-105.875, 77.125, 2.3375506180890632e-23, nan 
-105.625, 77.125, 3.2100663294551544e-23, nan 
-105.375, 77.125, 4.752140837546757e-23, nan 
-105.125, 77.125, 1.0883864519029207e-23, nan 
-104.875, 77.125, 1.783126248356476e-23, nan 
-104.625, 77.125, 5.396990025030008e-24, nan 
-104.375, 77.125, 9.324770521851543e-24, nan 
-104.125, 77.125, 1.1998202484675816e-23, nan 
-103.875, 77.125, 4.5640275091915586e-23, nan 
-103.625, 77.125, 2.5011424238985706e-23, nan 
-103.375, 77.125, 2.4039674586305148e-23, nan 
-103.125, 77.125, 3.940691083371684e-23, nan 
-102.875, 77.125, 5.888040627721842e-23, nan 
-102.625, 77.125, 5.345804400104267e-23, nan 
-102.375, 77.125, 5.517534786153636e-23, nan 
-102.125, 77.125, 5.764209059747097e-23, nan 
-101.875, 77.125, 4.868759093830766e-23, nan 
-101.625, 77.125, 4.1908776041531033e-23, nan 
-101.375, 77.125, 4.4320936845285e-23, nan 
-101.125, 77.125, 4.3116523528760785e-23, nan 
-100.875, 77.125, 5.370164824605648e-23, nan 
-100.625, 77.125, 8.144883608149742e-23, nan 
-100.375, 77.125, 7.098661941292156e-23, nan 
-100.125, 77.125, 5.351557754124026e-23, nan 
-99.875, 77.125, 4.332171815250301e-23, nan 
-99.625, 77.125, 2.1764136407684093e-23, nan 
-99.375, 77.125, 1.8702037857075712e-23, nan 
-99.125, 77.125, 2.7854740493300473e-23, nan 
-98.875, 77.125, 2.0323436501763067e-23, nan 
-98.625, 77.125, 3.374849806511881e-23, nan 
-98.375, 77.125, 2.0513784221523904e-23, nan 
-98.125, 77.125, 1.4611739050844473e-23, nan 
-97.875, 77.125, 2.6217242835030237e-23, nan 
-97.625, 77.125, 2.1125381717960655e-23, nan 
-97.375, 77.125, 3.46648320134927e-23, nan 
-97.125, 77.125, 3.669515804202613e-23, nan 
-96.875, 77.125, 3.5217077518127374e-23, nan 
-96.625, 77.125, 3.5614802257375355e-23, nan 
-96.375, 77.125, 3.3439681077156245e-23, nan 
-96.125, 77.125, 2.878733503158661e-23, nan 
-95.875, 77.125, 3.5252566509916366e-23, nan 
-95.625, 77.125, 3.8355115390288955e-23, nan 
-95.375, 77.125, 4.652022181477546e-23, nan 
-95.125, 77.125, 3.8659860037949407e-23, nan 
-94.875, 77.125, 2.6872396662548374e-23, nan 
-94.625, 77.125, 1.3147805255002109e-23, nan 
-94.375, 77.125, 2.0672647188996203e-23, nan 
-94.125, 77.125, 2.766464590006918e-23, nan 
-93.875, 77.125, 3.907472318460761e-23, nan 
-93.625, 77.125, 3.825340297357835e-23, nan 
-93.375, 77.125, 5.190231254325707e-23, nan 
-93.125, 77.125, 7.37644567886676e-23, nan 
-92.875, 77.125, 6.431068584465427e-23, nan 
-92.625, 77.125, 6.603447784888596e-23, nan 
-92.375, 77.125, 5.903272307350775e-23, nan 
-92.125, 77.125, 6.881795301754587e-23, nan 
-91.875, 77.125, 7.363070417085834e-23, nan 
-91.625, 77.125, 7.323747693763512e-23, nan 
-91.375, 77.125, 7.965372739604866e-23, nan 
-91.125, 77.125, 8.723495164483805e-23, nan 
-90.875, 77.125, 9.321223085151776e-23, nan 
-90.625, 77.125, 7.332454922479836e-23, nan 
-90.375, 77.125, 6.38729603184397e-23, nan 
-90.125, 77.125, 6.479975358608203e-23, nan 
-89.875, 77.125, 7.543440424144352e-23, nan 
-89.625, 77.125, 8.916415114780876e-23, nan 
-89.375, 77.125, 7.563039914736847e-23, nan 
-89.125, 77.125, 6.026451753657343e-23, nan 
-88.875, 77.125, 4.963816033837561e-23, nan 
-88.625, 77.125, 5.635898398175032e-23, nan 
-88.375, 77.125, 6.566345139244346e-23, nan 
-88.125, 77.125, 6.248107449661761e-23, nan 
-87.875, 77.125, 4.6966013792964815e-23, nan 
-87.625, 77.125, 4.0933578887370375e-23, nan 
-87.375, 77.125, 4.45278641545416e-23, nan 
-87.125, 77.125, 4.076382515239443e-23, nan 
-86.875, 77.125, 5.55857920669978e-23, nan 
-86.625, 77.125, 7.088855529423368e-23, nan 
-86.375, 77.125, 9.19088004120353e-23, nan 
-86.125, 77.125, 7.497129592961869e-23, nan 
-85.875, 77.125, 1.1653901690394263e-22, nan 
-85.625, 77.125, 8.915940788215428e-23, nan 
-85.375, 77.125, 1.0089282549215839e-22, nan 
-85.125, 77.125, 1.2276065381090813e-22, nan 
-84.875, 77.125, 1.1896106645124167e-22, nan 
-84.625, 77.125, 1.6857726718334373e-22, nan 
-84.375, 77.125, 1.062054577600641e-22, nan 
-84.125, 77.125, 1.0064538880752526e-22, nan 
-83.875, 77.125, 6.567900766294812e-23, nan 
-83.625, 77.125, 6.044850299550019e-23, nan 
-83.375, 77.125, 7.754805958700477e-23, nan 
-83.125, 77.125, 5.473077602449736e-23, nan 
-82.875, 77.125, 8.794753045350952e-23, nan 
-82.625, 77.125, 7.757650181538216e-23, nan 
-82.375, 77.125, 5.299871716339582e-23, nan 
-82.125, 77.125, 5.697829777785941e-23, nan 
-81.875, 77.125, 3.8472983956738256e-23, nan 
-81.625, 77.125, 3.263897532625413e-23, nan 
-81.375, 77.125, 7.356626812782104e-23, nan 
-81.125, 77.125, 7.151444167099991e-23, nan 
-80.875, 77.125, 7.331499492659899e-23, nan 
-80.625, 77.125, 5.09400547174713e-23, nan 
-80.375, 77.125, 5.1797342817060143e-23, nan 
-80.125, 77.125, 9.475036277123808e-23, nan 
-79.875, 77.125, 8.818829644050851e-23, nan 
-79.625, 77.125, 8.827009676984115e-23, nan 
-79.375, 77.125, 1.418044337266009e-22, nan 
-79.125, 77.125, 1.1532130832953424e-22, nan 
-78.875, 77.125, 1.7375037559414173e-22, nan 
-78.625, 77.125, 1.5676421149524364e-22, nan 
-78.375, 77.125, 1.5995587211345974e-22, nan 
-78.125, 77.125, 1.521393423632752e-22, nan 
-77.875, 77.125, 1.5373702196671231e-22, nan 
-77.625, 77.125, 1.3259420296322078e-22, nan 
-77.375, 77.125, 1.5146360710898286e-22, nan 
-77.125, 77.125, 1.5074889458805174e-22, nan 
-76.875, 77.125, 1.4302389253962426e-22, nan 
-76.625, 77.125, 1.834475281130267e-22, nan 
-76.375, 77.125, 2.881687912831147e-22, nan 
-76.125, 77.125, 5.501320570913777e-22, nan 
-75.875, 77.125, 6.496588832968601e-22, nan 
-75.625, 77.125, 3.855746459675607e-22, nan 
-75.375, 77.125, 1.4667755190196612e-22, nan 
-75.125, 77.125, 6.196760323995301e-22, nan 
-74.875, 77.125, 1.4019131381849085e-21, nan 
-74.625, 77.125, 1.7830409886642305e-21, nan 
-74.375, 77.125, 1.0082114817654907e-21, nan 
-74.125, 77.125, 2.1185201057117866e-22, nan 
-73.875, 77.125, 4.692292005895735e-22, nan 
-73.625, 77.125, 9.467771883008274e-22, nan 
-73.375, 77.125, 1.1529042386973816e-21, nan 
-73.125, 77.125, 7.36465331546148e-22, nan 
-72.875, 77.125, 2.428223939546763e-22, nan 
-72.625, 77.125, 2.6403243389686997e-22, nan 
-72.375, 77.125, 2.7995886820621847e-22, nan 
-72.125, 77.125, 2.52228876021172e-22, nan 
-71.875, 77.125, 2.5914502897843572e-22, nan 
-71.625, 77.125, 1.420406185728536e-21, nan 
-71.375, 77.125, 3.2633848617944135e-21, nan 
-71.125, 77.125, 2.4139073698017384e-21, nan 
-70.875, 77.125, 2.0217052673475125e-21, nan 
-70.625, 77.125, 6.8704545578767e-22, nan 
-70.375, 77.125, 4.0796219098140105e-21, nan 
-70.125, 77.125, 9.023024088808451e-21, nan 
-69.875, 77.125, 6.467416717549573e-21, nan 
-69.625, 77.125, 5.485927882730066e-21, nan 
-69.375, 77.125, 4.675684152625345e-21, nan 
-69.125, 77.125, 3.70635702344076e-21, nan 
-68.875, 77.125, 5.466437119293981e-21, nan 
-68.625, 77.125, 4.3678537641891106e-21, nan 
-68.375, 77.125, 3.876247160897893e-21, nan 
-68.125, 77.125, 1.816115324496605e-21, nan 
-67.875, 77.125, 8.288116057227388e-22, nan 
-67.625, 77.125, 1.091834978732542e-21, nan 
-67.375, 77.125, 8.614499873920361e-22, nan 
-67.125, 77.125, 8.172176076798504e-22, nan 
-66.875, 77.125, 7.440707121919391e-22, nan 
-66.625, 77.125, 8.583279411342057e-22, nan 
-66.375, 77.125, 1.1868130176608029e-21, nan 
-66.125, 77.125, 9.083408707802265e-22, nan 
-65.875, 77.125, 1.0340669289586251e-21, nan 
-65.625, 77.125, 1.1060804307727405e-21, nan 
-65.375, 77.125, 1.1085792824304645e-21, nan 
-65.125, 77.125, 1.3894049080996436e-21, nan 
-64.875, 77.125, 1.2716557309927703e-21, nan 
-64.625, 77.125, 1.1401115320715707e-21, nan 
-64.375, 77.125, 1.108007796221744e-21, nan 
-64.125, 77.125, 1.2202826155087074e-21, nan 
-63.875, 77.125, 1.5090844923406967e-21, nan 
-63.625, 77.125, 1.4693164428463566e-21, nan 
-63.375, 77.125, 1.2877858679617844e-21, nan 
-63.125, 77.125, 9.825008221160519e-22, nan 
-62.875, 77.125, 6.32176918815869e-22, nan 
-62.625, 77.125, 1.0622382784662894e-21, nan 
-62.375, 77.125, 1.0208274034312875e-21, nan 
-62.125, 77.125, 1.5088128871405013e-21, nan 
-61.875, 77.125, 1.3798313165034966e-21, nan 
-61.625, 77.125, 1.4293234167862665e-21, nan 
-61.375, 77.125, 2.384369913960072e-21, nan 
-61.125, 77.125, 1.768200866302979e-21, nan 
-60.875, 77.125, 1.4403154145161328e-21, nan 
-60.625, 77.125, 1.8362121070026504e-21, nan 
-60.375, 77.125, 1.1958188833414559e-21, nan 
-60.125, 77.125, 1.175516983126448e-21, nan 
-59.875, 77.125, 9.435569350506755e-22, nan 
-59.625, 77.125, 1.4293080492971927e-21, nan 
-59.375, 77.125, 1.456582446116847e-21, nan 
-59.125, 77.125, 2.6982163340958913e-21, nan 
-58.875, 77.125, 2.7170178987189918e-21, nan 
-58.625, 77.125, 2.4002326067114087e-21, nan 
-58.375, 77.125, 1.5850867628841656e-20, nan 
-58.125, 77.125, 4.864113549525322e-20, nan 
-57.875, 77.125, 5.2168315997481474e-20, nan 
-57.625, 77.125, 5.397771805541124e-20, nan 
-57.375, 77.125, 5.319701099459685e-20, nan 
-57.125, 77.125, 4.6572132819734993e-20, nan 
-56.875, 77.125, 6.211609165657345e-20, nan 
-56.625, 77.125, 6.711642155511019e-20, nan 
-56.375, 77.125, 6.931046399821659e-20, nan 
-56.125, 77.125, 6.717565421568724e-20, nan 
-55.875, 77.125, 5.0985701254557247e-20, nan 
-55.625, 77.125, 3.052225782320234e-20, nan 
-55.375, 77.125, 8.450105025829462e-20, nan 
-55.125, 77.125, 1.1669964589221016e-19, nan 
-54.875, 77.125, 1.4612040310702954e-19, nan 
-54.625, 77.125, 1.2434921327773895e-19, nan 
-54.375, 77.125, 7.450353783119287e-20, nan 
-54.125, 77.125, 6.82792986944566e-20, nan 
-53.875, 77.125, 6.154846332972224e-20, nan 
-53.625, 77.125, 6.318520825646891e-20, nan 
-53.375, 77.125, 6.469690591644731e-20, nan 
-53.125, 77.125, 6.521448355073391e-20, nan 
-52.875, 77.125, 7.104386696901487e-20, nan 
-52.625, 77.125, 6.472885598253391e-20, nan 
-52.375, 77.125, 5.669528873266239e-20, nan 
-52.125, 77.125, 4.908466576138247e-20, nan 
-51.875, 77.125, 3.6594564914052447e-20, nan 
-51.625, 77.125, 2.1905846670044927e-20, nan 
-51.375, 77.125, 1.6367610430164796e-20, nan 
-51.125, 77.125, 9.79134301883292e-21, nan 
-50.875, 77.125, 1.1663881188125315e-20, nan 
-50.625, 77.125, 1.4577067242725944e-20, nan 
-50.375, 77.125, 9.163281535641335e-21, nan 
-50.125, 77.125, 1.477204788340596e-20, nan 
-49.875, 77.125, 2.2121960608211663e-20, nan 
-49.625, 77.125, 2.7119725147615496e-20, nan 
-49.375, 77.125, 2.829782452118949e-20, nan 
-49.125, 77.125, 2.006149887023403e-20, nan 
-48.875, 77.125, 2.6112558504866635e-20, nan 
-48.625, 77.125, 3.7891072496838937e-20, nan 
-48.375, 77.125, 3.329194275005887e-20, nan 
-48.125, 77.125, 2.9298043069702706e-20, nan 
-47.875, 77.125, 2.320595171245107e-20, nan 
-47.625, 77.125, 3.3239761039809355e-20, nan 
-47.375, 77.125, 3.45778461165018e-20, nan 
-47.125, 77.125, 3.4337894422286814e-20, nan 
-46.875, 77.125, 2.2806307944796284e-20, nan 
-46.625, 77.125, 1.8996664010704566e-20, nan 
-46.375, 77.125, 3.2841952323554075e-20, nan 
-46.125, 77.125, 4.3106668584140444e-20, nan 
-45.875, 77.125, 4.9165548359471635e-20, nan 
-45.625, 77.125, 4.4672272583136566e-20, nan 
-45.375, 77.125, 3.0871211941733984e-20, nan 
-45.125, 77.125, 3.9075263328689695e-20, nan 
-44.875, 77.125, 3.942103085755937e-20, nan 
-44.625, 77.125, 5.2497695938750647e-20, nan 
-44.375, 77.125, 4.3738896018188036e-20, nan 
-44.125, 77.125, 3.859349319366326e-20, nan 
-43.875, 77.125, 3.674502429941228e-20, nan 
-43.625, 77.125, 4.3737653546044863e-20, nan 
-43.375, 77.125, 4.282735539098105e-20, nan 
-43.125, 77.125, 5.147955059861943e-20, nan 
-42.875, 77.125, 5.375034814711905e-20, nan 
-42.625, 77.125, 5.2277869012078445e-20, nan 
-42.375, 77.125, 5.738228808419207e-20, nan 
-42.125, 77.125, 6.205376350707971e-20, nan 
-41.875, 77.125, 7.747103132214733e-20, nan 
-41.625, 77.125, 9.319892309804108e-20, nan 
-41.375, 77.125, 7.898221948520048e-20, nan 
-41.125, 77.125, 9.286997775914705e-20, nan 
-40.875, 77.125, 8.490383351202865e-20, nan 
-40.625, 77.125, 7.12408957782995e-20, nan 
-40.375, 77.125, 8.592616255426767e-20, nan 
-40.125, 77.125, 8.450977559324564e-20, nan 
-39.875, 77.125, 1.0746603938390925e-19, nan 
-39.625, 77.125, 1.0324415740965256e-19, nan 
-39.375, 77.125, 1.1413462852221671e-19, nan 
-39.125, 77.125, 1.599343411314333e-19, nan 
-38.875, 77.125, 1.7689608111477718e-19, nan 
-38.625, 77.125, 1.802344497849978e-19, nan 
-38.375, 77.125, 2.2516990902240256e-19, nan 
-38.125, 77.125, 1.9073168662867004e-19, nan 
-37.875, 77.125, 1.9912913330905246e-19, nan 
-37.625, 77.125, 2.2813593123744305e-19, nan 
-37.375, 77.125, 2.782200948087681e-19, nan 
-37.125, 77.125, 2.3606301709259513e-19, nan 
-36.875, 77.125, 2.674997994431478e-19, nan 
-36.625, 77.125, 3.0247629763461977e-19, nan 
-36.375, 77.125, 3.522882762375321e-19, nan 
-36.125, 77.125, 5.971369918838324e-19, nan 
-35.875, 77.125, 2.235791758321401e-19, nan 
-35.625, 77.125, 2.968378497475286e-19, nan 
-35.375, 77.125, 4.2273265236849072e-19, nan 
-35.125, 77.125, 5.0832607899890345e-19, nan 
-34.875, 77.125, 8.05223909952165e-19, nan 
-34.625, 77.125, 7.787655368769987e-19, nan 
-34.375, 77.125, 7.081365862281892e-19, nan 
-34.125, 77.125, 8.88599006920286e-19, nan 
-33.875, 77.125, 1.332928397366525e-18, nan 
-33.625, 77.125, 1.2606075421551922e-18, nan 
-33.375, 77.125, 1.0869104881967156e-18, nan 
-33.125, 77.125, 1.248388817629089e-18, nan 
-32.875, 77.125, 1.4799705967675358e-18, nan 
-32.625, 77.125, 2.1548957081808935e-18, nan 
-32.375, 77.125, 1.9215853139520235e-18, nan 
-32.125, 77.125, 2.4233286273469087e-18, nan 
-31.875, 77.125, 2.8246649198356966e-18, nan 
-31.625, 77.125, 2.3590084591182924e-18, nan 
-31.375, 77.125, 2.3815865768939526e-18, nan 
-31.125, 77.125, 1.259855107904795e-18, nan 
-30.875, 77.125, 1.936470599491188e-18, nan 
-30.625, 77.125, 2.2531826425966968e-18, nan 
-30.375, 77.125, 3.628635742308806e-18, nan 
-30.125, 77.125, 5.506245740548267e-18, nan 
-29.875, 77.125, 7.110686010301637e-18, nan 
-29.625, 77.125, 6.566802902844249e-18, nan 
-29.375, 77.125, 7.255994259177305e-18, nan 
-29.125, 77.125, 3.1595846421239864e-18, nan 
-28.875, 77.125, 6.8109007521063554e-18, nan 
-28.625, 77.125, 1.1859445514895187e-17, nan 
-28.375, 77.125, 1.5372442879855596e-17, nan 
-28.125, 77.125, 2.7610788897126673e-17, nan 
-27.875, 77.125, 1.5623444832120863e-17, nan 
-27.625, 77.125, 7.522770535502059e-17, nan 
-27.375, 77.125, 1.4324591109710885e-16, nan 
-27.125, 77.125, 2.0848128987318714e-16, nan 
-26.875, 77.125, 2.800356230605031e-16, nan 
-26.625, 77.125, 6.011413729705041e-16, nan 
-26.375, 77.125, 2.8234626397018298e-15, nan 
-26.125, 77.125, 7.536435672575356e-15, nan 
-25.875, 77.125, 5.345694411790883e-14, nan 
-25.625, 77.125, 2.4699322772957063e-14, nan 
-25.375, 77.125, 5.1618461424824955e-15, nan 
-25.125, 77.125, 2.045279090975756e-15, nan 
-24.875, 77.125, 4.57603528423555e-16, nan 
-24.625, 77.125, 4.869597846070696e-16, nan 
-24.375, 77.125, 2.1999489000323478e-16, nan 
-24.125, 77.125, 1.674018857716909e-16, nan 
-23.875, 77.125, 1.3712979695267845e-16, nan 
-23.625, 77.125, 3.271184663415264e-17, nan 
-23.375, 77.125, 5.382895862312306e-17, nan 
-23.125, 77.125, 5.616083203662791e-17, nan 
-22.875, 77.125, 4.114488955800866e-17, nan 
-22.625, 77.125, 4.220874457922338e-17, nan 
-22.375, 77.125, 2.1568416517601177e-17, nan 
-22.125, 77.125, 1.535412033502743e-17, nan 
-21.875, 77.125, 1.7038686516179358e-17, nan 
-21.625, 77.125, 1.5152006252458096e-17, nan 
-21.375, 77.125, 1.9802768968825504e-17, nan 
-21.125, 77.125, 1.2969844733195564e-17, nan 
-20.875, 77.125, 6.14064291565985e-18, nan 
-20.625, 77.125, 4.2496163780613885e-18, nan 
-20.375, 77.125, 4.217895640108831e-18, nan 
-20.125, 77.125, 5.836466738901372e-18, nan 
-19.875, 77.125, 4.95509773201964e-18, nan 
-19.625, 77.125, 6.072169708326903e-18, nan 
-19.375, 77.125, 4.807533297836213e-18, nan 
-19.125, 77.125, 3.838139531441543e-18, nan 
-18.875, 77.125, 2.6890988088109368e-18, nan 
-18.625, 77.125, 2.488756694078619e-18, nan 
-18.375, 77.125, 2.8221534306168652e-18, nan 
-18.125, 77.125, 2.5648595720501796e-18, nan 
-17.875, 77.125, 2.1045920551291915e-18, nan 
-17.625, 77.125, 1.5347626451305205e-18, nan 
-17.375, 77.125, 1.3962036801672176e-18, nan 
-17.125, 77.125, 1.0097586222565136e-18, nan 
-16.875, 77.125, 6.695334756779216e-19, nan 
-16.625, 77.125, 4.3011667813429774e-19, nan 
-16.375, 77.125, 5.715552090452583e-19, nan 
-16.125, 77.125, 7.119812513868344e-19, nan 
-15.875, 77.125, 6.587034868998671e-19, nan 
-15.625, 77.125, 4.905587507577744e-19, nan 
-15.375, 77.125, 3.065667081100243e-19, nan 
-15.125, 77.125, 2.1229927136548955e-19, nan 
-14.875, 77.125, 2.6807780071361467e-19, nan 
-14.625, 77.125, 1.4525490525722572e-19, nan 
-14.375, 77.125, 9.486646966131509e-20, nan 
-14.125, 77.125, 1.636232790081855e-19, nan 
-13.875, 77.125, 2.23658422451722e-19, nan 
-13.625, 77.125, 2.9108606615809203e-19, nan 
-13.375, 77.125, 2.483355115865363e-19, nan 
-13.125, 77.125, 2.7836982761847885e-19, nan 
-12.875, 77.125, 2.1657700316685228e-19, nan 
-12.625, 77.125, 2.0693083487317604e-19, nan 
-12.375, 77.125, 1.9943132946394036e-19, nan 
-12.125, 77.125, 2.0768863728659204e-19, nan 
-11.875, 77.125, 2.333094741635662e-19, nan 
-11.625, 77.125, 2.1206965961874825e-19, nan 
-11.375, 77.125, 1.67364075757444e-19, nan 
-11.125, 77.125, 1.3109550849657716e-19, nan 
-10.875, 77.125, 6.744293140812528e-20, nan 
-10.625, 77.125, 4.7468084090391523e-20, nan 
-10.375, 77.125, 7.11489568591323e-20, nan 
-10.125, 77.125, 9.307162635198725e-20, nan 
-9.875, 77.125, 8.614868535883927e-20, nan 
-9.625, 77.125, 9.401524048168626e-20, nan 
-9.375, 77.125, 9.251437549416843e-20, nan 
-9.125, 77.125, 9.046576691228161e-20, nan 
-8.875, 77.125, 9.242321313154601e-20, nan 
-8.625, 77.125, 9.287866589309275e-20, nan 
-8.375, 77.125, 1.123458066158619e-19, nan 
-8.125, 77.125, 1.1388457629839406e-19, nan 
-7.875, 77.125, 1.0398737058594188e-19, nan 
-7.625, 77.125, 9.228982973555822e-20, nan 
-7.375, 77.125, 9.481412704126472e-20, nan 
-7.125, 77.125, 1.0030096446456163e-19, nan 
-6.875, 77.125, 8.893872781079107e-20, nan 
-6.625, 77.125, 7.618683775761686e-20, nan 
-6.375, 77.125, 6.755697881985931e-20, nan 
-6.125, 77.125, 5.512914157089105e-20, nan 
-5.875, 77.125, 4.8912062223031354e-20, nan 
-5.625, 77.125, 3.3881535275306564e-20, nan 
-5.375, 77.125, 2.944362837524173e-20, nan 
-5.125, 77.125, 2.429639431523975e-20, nan 
-4.875, 77.125, 2.113485167536634e-20, nan 
-4.625, 77.125, 3.0050056690229183e-20, nan 
-4.375, 77.125, 3.246669623136336e-20, nan 
-4.125, 77.125, 3.9268886042476934e-20, nan 
-3.875, 77.125, 3.071538675099993e-20, nan 
-3.625, 77.125, 2.886381272146948e-20, nan 
-3.375, 77.125, 2.603822579133472e-20, nan 
-3.125, 77.125, 2.3515659401112043e-20, nan 
-2.875, 77.125, 2.844626210394104e-20, nan 
-2.625, 77.125, 2.456749815344581e-20, nan 
-2.375, 77.125, 2.3458855947940287e-20, nan 
-2.125, 77.125, 2.1795850925792464e-20, nan 
-1.875, 77.125, 1.7977288960148854e-20, nan 
-1.625, 77.125, 1.9343987565542145e-20, nan 
-1.375, 77.125, 2.0893197938388267e-20, nan 
-1.125, 77.125, 2.6466226250215053e-20, nan 
-0.875, 77.125, 1.978591580253683e-20, nan 
-0.625, 77.125, 1.3351924646296072e-20, nan 
-0.375, 77.125, 1.5749547724139982e-20, nan 
-0.125, 77.125, 1.643401344187274e-20, nan 
0.125, 77.125, 2.5153597653588728e-20, nan 
0.375, 77.125, 6.953003158534434e-21, nan 
0.625, 77.125, 8.349078855934359e-21, nan 
0.875, 77.125, 9.433650659174668e-21, nan 
1.125, 77.125, 6.514436120396519e-21, nan 
1.375, 77.125, 9.5786913926364e-21, nan 
1.625, 77.125, 3.846563240558861e-21, nan 
1.875, 77.125, 6.6333286374097004e-21, nan 
2.125, 77.125, 8.041880149700045e-21, nan 
2.375, 77.125, 9.23822818051078e-21, nan 
2.625, 77.125, 7.969818376147885e-21, nan 
2.875, 77.125, 9.083341480302916e-21, nan 
3.125, 77.125, 1.0923442910282419e-20, nan 
3.375, 77.125, 9.908461903814387e-21, nan 
3.625, 77.125, 1.0092601937323146e-20, nan 
3.875, 77.125, 9.739124808847692e-21, nan 
4.125, 77.125, 1.1037420455979775e-20, nan 
4.375, 77.125, 1.2409838081800374e-20, nan 
4.625, 77.125, 1.4134858393848942e-20, nan 
4.875, 77.125, 1.2035356554713953e-20, nan 
5.125, 77.125, 1.890604401434812e-20, nan 
5.375, 77.125, 1.3122561166885875e-20, nan 
5.625, 77.125, 1.177306348280997e-20, nan 
5.875, 77.125, 1.2921342946712502e-20, nan 
6.125, 77.125, 1.1123777914227582e-20, nan 
6.375, 77.125, 2.0260866880355017e-20, nan 
6.625, 77.125, 1.8122881186016744e-20, nan 
6.875, 77.125, 1.4685337557651745e-20, nan 
7.125, 77.125, 1.551446142286504e-20, nan 
7.375, 77.125, 9.924113254042065e-21, nan 
7.625, 77.125, 4.645988727323967e-20, nan 
7.875, 77.125, 8.940991294605687e-21, nan 
8.125, 77.125, 1.057121261378537e-20, nan 
8.375, 77.125, 8.763187734979652e-21, nan 
8.625, 77.125, 3.1805982869971016e-21, nan 
8.875, 77.125, 2.039775361566856e-21, nan 
9.125, 77.125, 3.578636297639587e-21, nan 
9.375, 77.125, 4.3163676105940234e-21, nan 
9.625, 77.125, 4.3480962800368595e-21, nan 
9.875, 77.125, 4.224730876644753e-21, nan 
10.125, 77.125, 1.9790672618934445e-21, nan 
10.375, 77.125, 2.5221506993293866e-21, nan 
10.625, 77.125, 3.737720843178512e-21, nan 
10.875, 77.125, 2.3419225221658413e-21, nan 
11.125, 77.125, 1.137916805932421e-21, nan 
11.375, 77.125, 1.1287633207216406e-21, nan 
11.625, 77.125, 2.2289023118275065e-21, nan 
11.875, 77.125, 1.4456463872913756e-21, nan 
12.125, 77.125, 1.3421939252683086e-21, nan 
12.375, 77.125, 2.4758649925776223e-21, nan 
12.625, 77.125, 1.710434781867448e-21, nan 
12.875, 77.125, 8.819089534464723e-22, nan 
13.125, 77.125, 6.682520725687628e-22, nan 
13.375, 77.125, 1.4895097829043297e-21, nan 
13.625, 77.125, 1.138706838519623e-21, nan 
13.875, 77.125, 1.2401243150838013e-21, nan 
14.125, 77.125, 9.74847352307106e-22, nan 
14.375, 77.125, 6.050952960620035e-22, nan 
14.625, 77.125, 8.348313194553243e-22, nan 
14.875, 77.125, 7.563089111300513e-22, nan 
15.125, 77.125, 7.97981747927056e-22, nan 
15.375, 77.125, 9.333367799882054e-22, nan 
15.625, 77.125, 3.9102336621408743e-22, nan 
15.875, 77.125, 5.882467993593541e-22, nan 
16.125, 77.125, 6.680723110601104e-22, nan 
16.375, 77.125, 8.449180737593999e-22, nan 
16.625, 77.125, 1.0555645884496136e-21, nan 
16.875, 77.125, 2.5743819781419517e-21, nan 
17.125, 77.125, 1.8662714385735337e-21, nan 
17.375, 77.125, 1.4752501232552868e-21, nan 
17.625, 77.125, 1.0425870223584665e-21, nan 
17.875, 77.125, 1.0310578564291151e-21, nan 
18.125, 77.125, 3.3177357259635436e-21, nan 
18.375, 77.125, 1.8994938111930133e-21, nan 
18.625, 77.125, 1.329701629661552e-21, nan 
18.875, 77.125, 8.142530731128143e-22, nan 
19.125, 77.125, 6.740069737136383e-22, nan 
19.375, 77.125, 7.765794648341179e-22, nan 
19.625, 77.125, 2.801507977083388e-22, nan 
19.875, 77.125, 3.2016096286386305e-22, nan 
20.125, 77.125, 2.2220922002826922e-22, nan 
20.375, 77.125, 6.012588640963289e-22, nan 
20.625, 77.125, 3.1863859932573654e-22, nan 
20.875, 77.125, 3.306486831305974e-22, nan 
21.125, 77.125, 2.8249349601322796e-22, nan 
21.375, 77.125, 1.8843220237023332e-22, nan 
21.625, 77.125, 3.034745689334741e-22, nan 
21.875, 77.125, 2.885211220126581e-22, nan 
22.125, 77.125, 3.7239320125131565e-22, nan 
22.375, 77.125, 1.5859550796733327e-22, nan 
22.625, 77.125, 4.749634863470971e-22, nan 
22.875, 77.125, 4.243044644426064e-22, nan 
23.125, 77.125, 4.0053914751058595e-22, nan 
23.375, 77.125, 4.697508736480124e-22, nan 
23.625, 77.125, 2.4884723958279993e-22, nan 
23.875, 77.125, 5.488543385914361e-22, nan 
24.125, 77.125, 3.857082743752334e-22, nan 
24.375, 77.125, 5.679142081988048e-22, nan 
24.625, 77.125, 4.683235738905292e-22, nan 
24.875, 77.125, 3.229590482728411e-22, nan 
25.125, 77.125, 3.6674631943607847e-22, nan 
25.375, 77.125, 8.207209660796564e-22, nan 
25.625, 77.125, 6.990147994903962e-22, nan 
25.875, 77.125, 6.319849402689849e-22, nan 
26.125, 77.125, 1.0093147172341776e-21, nan 
26.375, 77.125, 1.1920179382115351e-21, nan 
26.625, 77.125, 2.9164932528466643e-21, nan 
26.875, 77.125, 6.927387893790636e-22, nan 
27.125, 77.125, 5.625775719794856e-22, nan 
27.375, 77.125, 4.135611464707139e-22, nan 
27.625, 77.125, 5.32780628544849e-22, nan 
27.875, 77.125, 7.599047919640288e-22, nan 
28.125, 77.125, 3.282037491751005e-22, nan 
28.375, 77.125, 2.620455453296628e-22, nan 
28.625, 77.125, 2.0546540525412559e-22, nan 
28.875, 77.125, 2.7448964730055257e-22, nan 
29.125, 77.125, 2.3850613748049116e-22, nan 
29.375, 77.125, 1.8347981460295016e-22, nan 
29.625, 77.125, 3.023706569828594e-22, nan 
29.875, 77.125, 1.8075435611236563e-22, nan 
30.125, 77.125, 1.1640262326370084e-22, nan 
30.375, 77.125, 4.6836946915241356e-23, nan 
30.625, 77.125, 1.633797521515561e-22, nan 
30.875, 77.125, 1.7498405856715505e-22, nan 
31.125, 77.125, 1.4539100957571707e-22, nan 
31.375, 77.125, 1.0487469337913036e-22, nan 
31.625, 77.125, 6.811206124806989e-23, nan 
31.875, 77.125, 1.44470056954993e-22, nan 
32.125, 77.125, 2.3177304130436863e-22, nan 
32.375, 77.125, 1.9997817111964003e-22, nan 
32.625, 77.125, 1.8036898816039363e-22, nan 
32.875, 77.125, 4.2954804807587015e-23, nan 
33.125, 77.125, 7.707130963030864e-23, nan 
33.375, 77.125, 1.0137536996208374e-22, nan 
33.625, 77.125, 2.26391638040044e-22, nan 
33.875, 77.125, 1.8485734647068977e-22, nan 
34.125, 77.125, 5.651842091078087e-23, nan 
34.375, 77.125, 5.614158312208595e-23, nan 
34.625, 77.125, 8.276288275075574e-23, nan 
34.875, 77.125, 1.1535372546681869e-22, nan 
35.125, 77.125, 8.000439929091229e-23, nan 
35.375, 77.125, 5.876820049366786e-23, nan 
35.625, 77.125, 2.5228465903746756e-23, nan 
35.875, 77.125, 8.521746245912788e-23, nan 
36.125, 77.125, 3.4700699718301673e-23, nan 
36.375, 77.125, 3.643829620813294e-23, nan 
36.625, 77.125, 5.312990409617201e-23, nan 
36.875, 77.125, 4.806267741517371e-23, nan 
37.125, 77.125, 7.395244582935209e-23, nan 
37.375, 77.125, 6.455700629057946e-23, nan 
37.625, 77.125, 5.415584650024955e-23, nan 
37.875, 77.125, 5.119959990263224e-23, nan 
38.125, 77.125, 5.0269850645729685e-23, nan 
38.375, 77.125, 7.515701851398508e-23, nan 
38.625, 77.125, 5.85407305470484e-23, nan 
38.875, 77.125, 4.7744833293377855e-23, nan 
39.125, 77.125, 4.4586960916337624e-23, nan 
39.375, 77.125, 5.332827863394914e-23, nan 
39.625, 77.125, 7.026539604986073e-23, nan 
39.875, 77.125, 3.048332156633051e-23, nan 
40.125, 77.125, 3.562118777476987e-23, nan 
40.375, 77.125, 3.730130112275811e-23, nan 
40.625, 77.125, 4.160326675273281e-23, nan 
40.875, 77.125, 5.149212469630719e-23, nan 
41.125, 77.125, 5.505071653681392e-23, nan 
41.375, 77.125, 2.9630698104444044e-23, nan 
41.625, 77.125, 3.294130449108397e-23, nan 
41.875, 77.125, 3.6486054607678415e-23, nan 
42.125, 77.125, 5.174214707023346e-23, nan 
42.375, 77.125, 5.4988944252142e-23, nan 
42.625, 77.125, 2.5365965425390673e-23, nan 
42.875, 77.125, 2.0108397744340085e-23, nan 
43.125, 77.125, 1.3930393043454054e-23, nan 
43.375, 77.125, 2.2664716429844924e-23, nan 
43.625, 77.125, 2.620613700548185e-23, nan 
43.875, 77.125, 3.278215104617761e-23, nan 
44.125, 77.125, 3.555706119360246e-23, nan 
44.375, 77.125, 3.612799475587917e-23, nan 
44.625, 77.125, 3.1748308557404633e-23, nan 
44.875, 77.125, 4.3037686958389253e-23, nan 
45.125, 77.125, 3.816957147650443e-23, nan 
45.375, 77.125, 3.482285977173789e-23, nan 
45.625, 77.125, 5.2334360533288623e-23, nan 
45.875, 77.125, 5.711390746523583e-23, nan 
46.125, 77.125, 9.01002051412551e-23, nan 
46.375, 77.125, 8.686991642693271e-23, nan 
46.625, 77.125, 1.3167680359683538e-22, nan 
46.875, 77.125, 6.371938892241878e-23, nan 
47.125, 77.125, 5.614702587937535e-23, nan 
47.375, 77.125, 5.652422904543863e-23, nan 
47.625, 77.125, 8.699544405349665e-23, nan 
47.875, 77.125, 6.570550449125997e-23, nan 
48.125, 77.125, 2.684459670837122e-23, nan 
48.375, 77.125, 1.9683327775149205e-23, nan 
48.625, 77.125, 2.5469252861705512e-23, nan 
48.875, 77.125, 4.052678652803768e-23, nan 
49.125, 77.125, 2.840189126701334e-23, nan 
49.375, 77.125, 1.6300085321556464e-23, nan 
49.625, 77.125, 1.7672654758123033e-23, nan 
49.875, 77.125, 2.1613775169577192e-23, nan 
50.125, 77.125, 1.6435655850324637e-23, nan 
50.375, 77.125, 1.8561589410139755e-23, nan 
50.625, 77.125, 1.3475917779537762e-23, nan 
50.875, 77.125, 2.9057307070308075e-23, nan 
51.125, 77.125, 4.8624783332074354e-23, nan 
51.375, 77.125, 3.3079964096027805e-23, nan 
51.625, 77.125, 4.42165673707921e-23, nan 
51.875, 77.125, 3.277713324397953e-23, nan 
52.125, 77.125, 1.7443672039068576e-23, nan 
52.375, 77.125, 5.375486580199918e-23, nan 
52.625, 77.125, 5.843970562136212e-23, nan 
52.875, 77.125, 3.691429377487292e-23, nan 
53.125, 77.125, 1.7247101704344202e-23, nan 
53.375, 77.125, 1.1536018667115188e-23, nan 
53.625, 77.125, 2.328694471479218e-23, nan 
53.875, 77.125, 3.030035366463958e-23, nan 
54.125, 77.125, 2.438949327572373e-23, nan 
54.375, 77.125, 4.440477115253565e-23, nan 
54.625, 77.125, 2.1187741041042075e-23, nan 
54.875, 77.125, 1.171381401418479e-23, nan 
55.125, 77.125, 1.33774416524196e-23, nan 
55.375, 77.125, 1.8961739880662968e-23, nan 
55.625, 77.125, 3.513914270564012e-23, nan 
55.875, 77.125, 1.1357044391554444e-23, nan 
56.125, 77.125, 1.7653214635194533e-23, nan 
56.375, 77.125, 3.438213586613836e-23, nan 
56.625, 77.125, 4.6387975880887536e-23, nan 
56.875, 77.125, 5.961630142617266e-23, nan 
57.125, 77.125, 5.347670374400876e-23, nan 
57.375, 77.125, 4.740900971702305e-23, nan 
57.625, 77.125, 5.2022342248050797e-23, nan 
57.875, 77.125, 5.865420605249279e-23, nan 
58.125, 77.125, 6.296298347373042e-23, nan 
58.375, 77.125, 5.056057350275245e-23, nan 
58.625, 77.125, 3.736778653923046e-23, nan 
58.875, 77.125, 2.4936440158657502e-23, nan 
59.125, 77.125, 7.044504656613263e-24, nan 
59.375, 77.125, 1.5931326642951843e-23, nan 
59.625, 77.125, 2.2505215821354798e-23, nan 
59.875, 77.125, 4.29719571283083e-23, nan 
60.125, 77.125, 3.0111515514708814e-23, nan 
60.375, 77.125, 3.083746477880291e-23, nan 
60.625, 77.125, 2.60039806000879e-23, nan 
60.875, 77.125, 2.2635737420773778e-23, nan 
61.125, 77.125, 3.226229155980661e-23, nan 
61.375, 77.125, 2.5321715082440977e-23, nan 
61.625, 77.125, 1.8914497864249902e-23, nan 
61.875, 77.125, 1.3366619297456625e-23, nan 
62.125, 77.125, 1.5026218505369283e-23, nan 
62.375, 77.125, 1.1083429407181635e-23, nan 
62.625, 77.125, 4.523056054978102e-24, nan 
62.875, 77.125, 9.330281703144699e-24, nan 
63.125, 77.125, 7.671712925823619e-24, nan 
63.375, 77.125, 1.2570504482200821e-23, nan 
63.625, 77.125, 1.9221719791817628e-23, nan 
63.875, 77.125, 1.8554047785934134e-23, nan 
64.125, 77.125, 2.3087362098551352e-23, nan 
64.375, 77.125, 3.2902148413273386e-24, nan 
64.625, 77.125, 8.124861644904892e-24, nan 
64.875, 77.125, 8.078257628332073e-24, nan 
65.125, 77.125, 1.1571402618519325e-23, nan 
65.375, 77.125, 1.1803921500028293e-23, nan 
65.625, 77.125, 8.829744048525226e-24, nan 
65.875, 77.125, 4.6910839801717585e-24, nan 
66.125, 77.125, 8.076490900474399e-24, nan 
66.375, 77.125, 8.17125954650757e-24, nan 
66.625, 77.125, 4.37413323308255e-24, nan 
66.875, 77.125, 6.791995458726555e-24, nan 
67.125, 77.125, 1.989180465872123e-24, nan 
67.375, 77.125, 1.3868046748207257e-24, nan 
67.625, 77.125, 4.057104993039148e-24, nan 
67.875, 77.125, 5.80359174459325e-24, nan 
68.125, 77.125, 6.029377040096623e-24, nan 
68.375, 77.125, 7.422153311462011e-24, nan 
68.625, 77.125, 8.014160211291631e-24, nan 
68.875, 77.125, 6.310870625409669e-24, nan 
69.125, 77.125, 9.532046657828853e-24, nan 
69.375, 77.125, 5.727971989531126e-24, nan 
69.625, 77.125, 5.786629349836056e-24, nan 
69.875, 77.125, 6.390649447921293e-24, nan 
70.125, 77.125, 6.709215646301315e-24, nan 
70.375, 77.125, 8.167577741568955e-24, nan 
70.625, 77.125, 1.1156677181149995e-23, nan 
70.875, 77.125, 2.9635196680886184e-24, nan 
71.125, 77.125, 1.0732656605876818e-23, nan 
71.375, 77.125, 1.2021261012800748e-23, nan 
71.625, 77.125, 1.3736850585785083e-23, nan 
71.875, 77.125, 1.5114509112074154e-23, nan 
72.125, 77.125, 1.1981141352501317e-23, nan 
72.375, 77.125, 1.2802654772888597e-23, nan 
72.625, 77.125, 1.0200939141767244e-23, nan 
72.875, 77.125, 9.436254599778349e-24, nan 
73.125, 77.125, 9.573192568471208e-24, nan 
73.375, 77.125, 5.9165125993546885e-24, nan 
73.625, 77.125, 4.136948943534213e-24, nan 
73.875, 77.125, 2.8917842043170868e-24, nan 
74.125, 77.125, 4.0360387570820476e-24, nan 
74.375, 77.125, 3.2061769258944176e-24, nan 
74.625, 77.125, 3.7222234869923254e-24, nan 
74.875, 77.125, 3.764136144671812e-24, nan 
75.125, 77.125, 4.751161711445727e-24, nan 
75.375, 77.125, 5.764728597198176e-24, nan 
75.625, 77.125, 3.404916296501433e-24, nan 
75.875, 77.125, 4.106985011609931e-24, nan 
76.125, 77.125, 5.139876471668426e-24, nan 
76.375, 77.125, 4.544499237590923e-24, nan 
76.625, 77.125, 5.086492575946719e-24, nan 
76.875, 77.125, 4.649937983638693e-24, nan 
77.125, 77.125, 7.13656628589224e-24, nan 
77.375, 77.125, 6.190323573913922e-24, nan 
77.625, 77.125, 6.497739158596519e-24, nan 
77.875, 77.125, 5.390437738801599e-24, nan 
78.125, 77.125, 4.080769187269796e-24, nan 
78.375, 77.125, 7.644899576324834e-24, nan 
78.625, 77.125, 7.152593100207083e-24, nan 
78.875, 77.125, 7.83744952287984e-24, nan 
79.125, 77.125, 5.60098570724546e-24, nan 
79.375, 77.125, 5.292711360361619e-24, nan 
79.625, 77.125, 4.139902559765228e-24, nan 
79.875, 77.125, 6.575428630877997e-24, nan 
80.125, 77.125, 4.656218132222477e-24, nan 
80.375, 77.125, 3.957637082172346e-24, nan 
80.625, 77.125, 2.1074901807394406e-24, nan 
80.875, 77.125, 3.825533135744358e-24, nan 
81.125, 77.125, 2.6834152959811214e-24, nan 
81.375, 77.125, 3.653329180947515e-24, nan 
81.625, 77.125, 5.62123510845708e-24, nan 
81.875, 77.125, 4.288024903113094e-24, nan 
82.125, 77.125, 7.203676668556053e-24, nan 
82.375, 77.125, 5.242218415832054e-24, nan 
82.625, 77.125, 7.470498384284898e-24, nan 
82.875, 77.125, 6.248883458143535e-24, nan 
83.125, 77.125, 7.137840206054312e-24, nan 
83.375, 77.125, 9.207523159769186e-24, nan 
83.625, 77.125, 1.0616025671122357e-23, nan 
83.875, 77.125, 1.2077946374215432e-23, nan 
84.125, 77.125, 9.61918155785064e-24, nan 
84.375, 77.125, 9.224146808217711e-24, nan 
84.625, 77.125, 1.0533478244736836e-23, nan 
84.875, 77.125, 1.1451543515540374e-23, nan 
85.125, 77.125, 1.1593872288738574e-23, nan 
85.375, 77.125, 1.0071762361792407e-23, nan 
85.625, 77.125, 1.0948213194563308e-23, nan 
85.875, 77.125, 1.2047042859075389e-23, nan 
86.125, 77.125, 1.3629686531188097e-23, nan 
86.375, 77.125, 2.0080400201102155e-23, nan 
86.625, 77.125, 4.833969971718679e-23, nan 
86.875, 77.125, 4.8668922756911074e-23, nan 
87.125, 77.125, 2.5979326598498395e-23, nan 
87.375, 77.125, 1.132240247679131e-23, nan 
87.625, 77.125, 3.7435700977524187e-23, nan 
87.875, 77.125, 7.877064886701311e-23, nan 
88.125, 77.125, 7.715973035103776e-23, nan 
88.375, 77.125, 9.348319629838598e-23, nan 
88.625, 77.125, 2.4604706535318414e-23, nan 
88.875, 77.125, 2.411370619447134e-23, nan 
89.125, 77.125, 1.5871940417277754e-23, nan 
89.375, 77.125, 2.3737580684763476e-23, nan 
89.625, 77.125, 5.0985656249346973e-23, nan 
89.875, 77.125, 1.9999236000991372e-23, nan 
90.125, 77.125, 4.085647482017189e-23, nan 
90.375, 77.125, 3.958704114551781e-23, nan 
90.625, 77.125, 1.8012380226429028e-23, nan 
90.875, 77.125, 1.9904094633053785e-23, nan 
91.125, 77.125, 1.7541524344309847e-23, nan 
91.375, 77.125, 2.81320630070864e-23, nan 
91.625, 77.125, 2.2819126481511465e-23, nan 
91.875, 77.125, 2.0492312279725628e-23, nan 
92.125, 77.125, 1.344540348055021e-23, nan 
92.375, 77.125, 4.7394172214681994e-24, nan 
92.625, 77.125, 6.877284682669673e-24, nan 
92.875, 77.125, 1.1500576010758291e-23, nan 
93.125, 77.125, 1.2699768554127272e-23, nan 
93.375, 77.125, 7.515539547464296e-24, nan 
93.625, 77.125, 2.826285969688745e-24, nan 
93.875, 77.125, 2.0641350820912234e-24, nan 
94.125, 77.125, 1.3191733245753684e-24, nan 
94.375, 77.125, 1.0217389434107528e-24, nan 
94.625, 77.125, 1.1842463253279646e-24, nan 
94.875, 77.125, 1.5229737759333068e-24, nan 
95.125, 77.125, 3.052709156735394e-24, nan 
95.375, 77.125, 2.4347979553062442e-24, nan 
95.625, 77.125, 2.7602114969600825e-24, nan 
95.875, 77.125, 2.7310263385822693e-24, nan 
96.125, 77.125, 3.1122336481151166e-24, nan 
96.375, 77.125, 2.285594641526892e-24, nan 
96.625, 77.125, 2.488003896763579e-24, nan 
96.875, 77.125, 3.5465875074996654e-24, nan 
97.125, 77.125, 3.3042746253650245e-24, nan 
97.375, 77.125, 3.1440430046793726e-24, nan 
97.625, 77.125, 3.582680326504666e-24, nan 
97.875, 77.125, 2.7708872468777323e-24, nan 
98.125, 77.125, 3.0594010346646586e-24, nan 
98.375, 77.125, 2.054858718514707e-24, nan 
98.625, 77.125, 3.605056542145371e-24, nan 
98.875, 77.125, 1.3646125386911023e-24, nan 
99.125, 77.125, 1.2865764018356816e-24, nan 
99.375, 77.125, 1.991736395141336e-24, nan 
99.625, 77.125, 2.431675701774996e-24, nan 
99.875, 77.125, 2.4563751027162393e-24, nan 
100.125, 77.125, 1.897852167443595e-24, nan 
100.375, 77.125, 1.7932357964964905e-24, nan 
100.625, 77.125, 2.9818536455163894e-24, nan 
100.875, 77.125, 2.957365045683753e-24, nan 
101.125, 77.125, 3.659421782955138e-24, nan 
101.375, 77.125, 2.734222843773719e-24, nan 
101.625, 77.125, 3.852681687465729e-24, nan 
101.875, 77.125, 4.015070081171728e-24, nan 
102.125, 77.125, 3.406447509723108e-24, nan 
102.375, 77.125, 2.1684590382828078e-24, nan 
102.625, 77.125, 1.5912386061790144e-24, nan 
102.875, 77.125, 8.685836521413298e-25, nan 
103.125, 77.125, 1.222703921631031e-24, nan 
103.375, 77.125, 3.782426177567162e-24, nan 
103.625, 77.125, 2.716499485748544e-24, nan 
103.875, 77.125, 1.5607746535329068e-24, nan 
104.125, 77.125, 1.8422298932281926e-24, nan 
104.375, 77.125, 9.48674605770379e-25, nan 
104.625, 77.125, 1.6064657042831952e-24, nan 
104.875, 77.125, 1.9765097998672204e-24, nan 
105.125, 77.125, 2.0710101762938465e-24, nan 
105.375, 77.125, 2.2797181813536856e-24, nan 
105.625, 77.125, 9.36356753164349e-25, nan 
105.875, 77.125, 9.508223783171151e-25, nan 
106.125, 77.125, 1.968583955157392e-24, nan 
106.375, 77.125, 2.8555392477490666e-24, nan 
106.625, 77.125, 2.2105108913332112e-24, nan 
106.875, 77.125, 1.922898223197984e-24, nan 
107.125, 77.125, 8.073849143486621e-25, nan 
107.375, 77.125, 1.1504769405177068e-24, nan 
107.625, 77.125, 1.4127010434240966e-24, nan 
107.875, 77.125, 1.0884189565546847e-24, nan 
108.125, 77.125, 1.5451603928380974e-24, nan 
108.375, 77.125, 2.3966156912710973e-24, nan 
108.625, 77.125, 2.3837396176615276e-24, nan 
108.875, 77.125, 1.5327096926675312e-24, nan 
109.125, 77.125, 9.43645048788315e-25, nan 
109.375, 77.125, 1.8146997884398245e-24, nan 
109.625, 77.125, 2.8142849350791495e-24, nan 
109.875, 77.125, 3.2247048916749127e-24, nan 
110.125, 77.125, 2.682367305586858e-24, nan 
110.375, 77.125, 3.648162605186191e-24, nan 
110.625, 77.125, 1.9196192401239172e-24, nan 
110.875, 77.125, 3.8385663931573604e-24, nan 
111.125, 77.125, 4.466305847213774e-24, nan 
111.375, 77.125, 2.8624721216674322e-24, nan 
111.625, 77.125, 3.820477239319107e-24, nan 
111.875, 77.125, 3.458955169439695e-24, nan 
112.125, 77.125, 3.4188524010410565e-24, nan 
112.375, 77.125, 4.871960600300425e-24, nan 
112.625, 77.125, 2.250043544702334e-24, nan 
112.875, 77.125, 2.205736338864628e-24, nan 
113.125, 77.125, 3.596421842232956e-24, nan 
113.375, 77.125, 6.134975037419356e-24, nan 
113.625, 77.125, 5.672812013308946e-24, nan 
113.875, 77.125, 2.259280135381849e-24, nan 
114.125, 77.125, 3.828946018043261e-24, nan 
114.375, 77.125, 3.4656833932759804e-24, nan 
114.625, 77.125, 5.290556865642044e-24, nan 
114.875, 77.125, 4.0255843808908056e-24, nan 
115.125, 77.125, 3.1999696937900408e-24, nan 
115.375, 77.125, 6.4172939298571666e-24, nan 
115.625, 77.125, 6.732356306477416e-24, nan 
115.875, 77.125, 8.553204218381289e-24, nan 
116.125, 77.125, 7.367187830251262e-24, nan 
116.375, 77.125, 4.8691378017351734e-24, nan 
116.625, 77.125, 4.8451203859713554e-24, nan 
116.875, 77.125, 5.385829175157328e-24, nan 
117.125, 77.125, 5.8900283844436764e-24, nan 
117.375, 77.125, 2.6961423130489532e-24, nan 
117.625, 77.125, 5.2022024917991324e-24, nan 
117.875, 77.125, 8.820678766473305e-24, nan 
118.125, 77.125, 9.841829657244203e-24, nan 
118.375, 77.125, 6.67483531992381e-24, nan 
118.625, 77.125, 5.842475739569392e-24, nan 
118.875, 77.125, 8.129000208867349e-24, nan 
119.125, 77.125, 9.786227444768201e-24, nan 
119.375, 77.125, 1.0297603890999477e-23, nan 
119.625, 77.125, 4.763516852205905e-24, nan 
119.875, 77.125, 2.5710951779995692e-24, nan 
120.125, 77.125, 2.88336866186974e-24, nan 
120.375, 77.125, 5.39026776388831e-24, nan 
120.625, 77.125, 4.322738322589988e-24, nan 
120.875, 77.125, 3.474811256602207e-24, nan 
121.125, 77.125, 3.8717027437355666e-24, nan 
121.375, 77.125, 4.249846903600685e-24, nan 
121.625, 77.125, 4.7767413444616336e-24, nan 
121.875, 77.125, 4.517463200719423e-24, nan 
122.125, 77.125, 3.47786287240718e-24, nan 
122.375, 77.125, 2.216164158585456e-24, nan 
122.625, 77.125, 1.6694913134369928e-24, nan 
122.875, 77.125, 1.9043184103185762e-24, nan 
123.125, 77.125, 4.115041073936063e-24, nan 
123.375, 77.125, 1.851125536139715e-24, nan 
123.625, 77.125, 1.7183657107030244e-24, nan 
123.875, 77.125, 3.9389801139408564e-24, nan 
124.125, 77.125, 5.026946522477702e-24, nan 
124.375, 77.125, 6.434823466542684e-24, nan 
124.625, 77.125, 4.138616985055692e-24, nan 
124.875, 77.125, 2.6799810535078733e-24, nan 
125.125, 77.125, 2.0128663945206656e-24, nan 
125.375, 77.125, 1.9891567073538005e-24, nan 
125.625, 77.125, 3.8241031172027016e-24, nan 
125.875, 77.125, 2.5547952333618885e-24, nan 
126.125, 77.125, 3.1925279561398366e-24, nan 
126.375, 77.125, 3.0160618834516618e-24, nan 
126.625, 77.125, 2.5625447959780964e-24, nan 
126.875, 77.125, 2.4732906572789853e-24, nan 
127.125, 77.125, 3.0516142646192778e-24, nan 
127.375, 77.125, 3.679752127196812e-24, nan 
127.625, 77.125, 3.1147583082680426e-24, nan 
127.875, 77.125, 2.4789811717970885e-24, nan 
128.125, 77.125, 2.1570315616113172e-24, nan 
128.375, 77.125, 2.0015582354273106e-24, nan 
128.625, 77.125, 1.826309916689918e-24, nan 
128.875, 77.125, 1.4996623788116319e-24, nan 
129.125, 77.125, 1.2750131788089024e-24, nan 
129.375, 77.125, 1.1483697520069972e-24, nan 
129.625, 77.125, 2.0557665026395584e-24, nan 
129.875, 77.125, 2.367951611266979e-24, nan 
130.125, 77.125, 2.88399463465522e-24, nan 
130.375, 77.125, 2.2429147010611632e-24, nan 
130.625, 77.125, 1.8659652902771534e-24, nan 
130.875, 77.125, 1.8951817644484885e-24, nan 
131.125, 77.125, 1.8387074578658425e-24, nan 
131.375, 77.125, 1.0967025883704905e-24, nan 
131.625, 77.125, 1.088470555337791e-24, nan 
131.875, 77.125, 9.796167643521573e-25, nan 
132.125, 77.125, 1.0002384555662862e-24, nan 
132.375, 77.125, 1.436364586419278e-24, nan 
132.625, 77.125, 1.2747948050154597e-24, nan 
132.875, 77.125, 6.712424448479282e-25, nan 
133.125, 77.125, 7.464104619706014e-25, nan 
133.375, 77.125, 1.2995977880868374e-24, nan 
133.625, 77.125, 1.475355801686392e-24, nan 
133.875, 77.125, 1.7585560398099728e-24, nan 
134.125, 77.125, 2.234428502626939e-24, nan 
134.375, 77.125, 2.693459350948127e-24, nan 
134.625, 77.125, 3.2088264722229947e-24, nan 
134.875, 77.125, 2.4176673166982518e-24, nan 
135.125, 77.125, 2.6650380674322907e-24, nan 
135.375, 77.125, 2.1659908621539812e-24, nan 
135.625, 77.125, 2.4287099372099034e-24, nan 
135.875, 77.125, 2.117325239904446e-24, nan 
136.125, 77.125, 2.0147953009409218e-24, nan 
136.375, 77.125, 2.4860983146820035e-24, nan 
136.625, 77.125, 2.7588216713723295e-24, nan 
136.875, 77.125, 3.071573196166642e-24, nan 
137.125, 77.125, 3.0674097532020797e-24, nan 
137.375, 77.125, 2.813171514160788e-24, nan 
137.625, 77.125, 3.3103379113254446e-24, nan 
137.875, 77.125, 1.9059048375505015e-24, nan 
138.125, 77.125, 2.4159067111244543e-24, nan 
138.375, 77.125, 2.510335998958238e-24, nan 
138.625, 77.125, 2.4023134503975447e-24, nan 
138.875, 77.125, 1.9597812265652155e-24, nan 
139.125, 77.125, 2.299125427430481e-24, nan 
139.375, 77.125, 2.8715618734723462e-24, nan 
139.625, 77.125, 3.440613752212783e-24, nan 
139.875, 77.125, 5.3261179405708916e-24, nan 
140.125, 77.125, 2.2756110608172045e-24, nan 
140.375, 77.125, 4.9320611042013605e-24, nan 
140.625, 77.125, 2.3739108725881278e-24, nan 
140.875, 77.125, 2.8993225323653033e-24, nan 
141.125, 77.125, 4.157568683755978e-24, nan 
141.375, 77.125, 2.4157487602680888e-24, nan 
141.625, 77.125, 2.7089960765207282e-24, nan 
141.875, 77.125, 2.6155701215166087e-24, nan 
142.125, 77.125, 2.3966807874500628e-24, nan 
142.375, 77.125, 2.229733955090736e-24, nan 
142.625, 77.125, 1.7109353874136797e-24, nan 
142.875, 77.125, 2.3090312436314054e-24, nan 
143.125, 77.125, 2.5669556526266448e-24, nan 
143.375, 77.125, 2.2329048617824124e-24, nan 
143.625, 77.125, 2.2547872628445458e-24, nan 
143.875, 77.125, 2.1212599221263938e-24, nan 
144.125, 77.125, 2.0674612778177654e-24, nan 
144.375, 77.125, 1.725711334355701e-24, nan 
144.625, 77.125, 1.4490615961871973e-24, nan 
144.875, 77.125, 1.6157512657919673e-24, nan 
145.125, 77.125, 1.5849741887910917e-24, nan 
145.375, 77.125, 1.4021892561805874e-24, nan 
145.625, 77.125, 8.051059389378782e-25, nan 
145.875, 77.125, 9.626285512098327e-25, nan 
146.125, 77.125, 9.077469121902342e-25, nan 
146.375, 77.125, 1.22136339910385e-24, nan 
146.625, 77.125, 1.2455441920983227e-24, nan 
146.875, 77.125, 1.3675686299114048e-24, nan 
147.125, 77.125, 2.1015532719004645e-24, nan 
147.375, 77.125, 2.1019678785627447e-24, nan 
147.625, 77.125, 1.5280462196999782e-24, nan 
147.875, 77.125, 1.1749678753665882e-24, nan 
148.125, 77.125, 1.3568320944621562e-24, nan 
148.375, 77.125, 1.4053705585549014e-24, nan 
148.625, 77.125, 1.1072277556871445e-24, nan 
148.875, 77.125, 8.485927219109934e-25, nan 
149.125, 77.125, 1.0928316125722743e-24, nan 
149.375, 77.125, 1.5215692003600674e-24, nan 
149.625, 77.125, 5.74810347119064e-25, nan 
149.875, 77.125, 4.883639284766546e-25, nan 
150.125, 77.125, 9.522223070334933e-25, nan 
150.375, 77.125, 1.724585909955266e-24, nan 
150.625, 77.125, 1.8573267099142022e-24, nan 
150.875, 77.125, 1.8674281760141718e-24, nan 
151.125, 77.125, 1.8403614022462485e-24, nan 
151.375, 77.125, 1.4292615811531998e-24, nan 
151.625, 77.125, 1.2249896987461464e-24, nan 
151.875, 77.125, 1.726016963454484e-24, nan 
152.125, 77.125, 3.3473875899369474e-24, nan 
152.375, 77.125, 2.725581702411054e-24, nan 
152.625, 77.125, 1.8960354665429475e-24, nan 
152.875, 77.125, 1.3511560421337167e-24, nan 
153.125, 77.125, 9.04354727627206e-25, nan 
153.375, 77.125, 2.090032892522676e-24, nan 
153.625, 77.125, 2.738346884507948e-24, nan 
153.875, 77.125, 1.8085105511478872e-24, nan 
154.125, 77.125, 2.3389267930467788e-24, nan 
154.375, 77.125, 2.4435349499071418e-24, nan 
154.625, 77.125, 2.3210732334023375e-24, nan 
154.875, 77.125, 2.6069986985974106e-24, nan 
155.125, 77.125, 1.948678677606571e-24, nan 
155.375, 77.125, 2.4474983256359335e-24, nan 
155.625, 77.125, 2.7309062289433213e-24, nan 
155.875, 77.125, 2.38210584916216e-24, nan 
156.125, 77.125, 1.719583179419231e-24, nan 
156.375, 77.125, 1.0223634684432662e-24, nan 
156.625, 77.125, 2.6822928524127447e-25, nan 
156.875, 77.125, 7.717024892861632e-25, nan 
157.125, 77.125, 1.2262701754891855e-24, nan 
157.375, 77.125, 1.4966454987988776e-24, nan 
157.625, 77.125, 1.0917893644411778e-24, nan 
157.875, 77.125, 1.9824796627311775e-24, nan 
158.125, 77.125, 9.06128483286817e-25, nan 
158.375, 77.125, 9.010666738963597e-25, nan 
158.625, 77.125, 9.111766316852921e-25, nan 
158.875, 77.125, 1.3600571015662377e-24, nan 
159.125, 77.125, 1.8897607239999168e-24, nan 
159.375, 77.125, 2.465423393314676e-24, nan 
159.625, 77.125, 2.4668170486746966e-24, nan 
159.875, 77.125, 2.7157782992137607e-24, nan 
160.125, 77.125, 2.338961616319637e-24, nan 
160.375, 77.125, 4.088653895921742e-24, nan 
160.625, 77.125, 5.4342779638763764e-24, nan 
160.875, 77.125, 5.5127094000631776e-24, nan 
161.125, 77.125, 5.884242978936528e-24, nan 
161.375, 77.125, 6.590472087842019e-24, nan 
161.625, 77.125, 1.0884437116742037e-23, nan 
161.875, 77.125, 1.5836905822911294e-23, nan 
162.125, 77.125, 1.537085279818339e-23, nan 
162.375, 77.125, 1.2402504131084342e-23, nan 
162.625, 77.125, 1.1179997990423266e-23, nan 
162.875, 77.125, 5.831715890476799e-24, nan 
163.125, 77.125, 7.669028085047406e-24, nan 
163.375, 77.125, 7.744442337141555e-24, nan 
163.625, 77.125, 7.186962819162273e-24, nan 
163.875, 77.125, 9.023273317413952e-24, nan 
164.125, 77.125, 9.986465586085915e-24, nan 
164.375, 77.125, 1.1790848598073428e-23, nan 
164.625, 77.125, 1.1984838999919966e-23, nan 
164.875, 77.125, 6.814202096289713e-24, nan 
165.125, 77.125, 6.692648535676407e-24, nan 
165.375, 77.125, 1.0668134543147796e-23, nan 
165.625, 77.125, 1.2240245702937235e-23, nan 
165.875, 77.125, 1.2900257528732043e-23, nan 
166.125, 77.125, 8.396781879431801e-24, nan 
166.375, 77.125, 1.2327460590219828e-23, nan 
166.625, 77.125, 1.4417728093841224e-23, nan 
166.875, 77.125, 1.2784750634487452e-23, nan 
167.125, 77.125, 1.423083252031339e-23, nan 
167.375, 77.125, 1.3036651465847072e-23, nan 
167.625, 77.125, 8.26851760901512e-24, nan 
167.875, 77.125, 6.865975850156125e-24, nan 
168.125, 77.125, 6.950565142111145e-24, nan 
168.375, 77.125, 6.125424893234811e-24, nan 
168.625, 77.125, 7.251920284016274e-24, nan 
168.875, 77.125, 5.937504917907948e-24, nan 
169.125, 77.125, 7.48275278449291e-24, nan 
169.375, 77.125, 5.882503775435583e-24, nan 
169.625, 77.125, 4.909170530801037e-24, nan 
169.875, 77.125, 5.021318702136093e-24, nan 
170.125, 77.125, 3.8750853946978494e-24, nan 
170.375, 77.125, 3.5587142070509186e-24, nan 
170.625, 77.125, 4.194160262042749e-24, nan 
170.875, 77.125, 5.5945865100446576e-24, nan 
171.125, 77.125, 6.486876020280845e-24, nan 
171.375, 77.125, 4.575742616698153e-24, nan 
171.625, 77.125, 3.575031374224877e-24, nan 
171.875, 77.125, 2.3502815833779046e-24, nan 
172.125, 77.125, 2.4789960044386718e-24, nan 
172.375, 77.125, 3.0729824552957874e-24, nan 
172.625, 77.125, 2.350667275909884e-24, nan 
172.875, 77.125, 1.0425672331810697e-24, nan 
173.125, 77.125, 1.2625928162216314e-24, nan 
173.375, 77.125, 1.5282713837405254e-24, nan 
173.625, 77.125, 1.9394773402898726e-24, nan 
173.875, 77.125, 3.916867548247765e-24, nan 
174.125, 77.125, 3.431366071933452e-24, nan 
174.375, 77.125, 3.6458426278002745e-24, nan 
174.625, 77.125, 3.838394663825702e-24, nan 
174.875, 77.125, 2.969201398371399e-24, nan 
175.125, 77.125, 2.800774588402606e-24, nan 
175.375, 77.125, 2.5471617303059514e-24, nan 
175.625, 77.125, 1.8483284569818066e-24, nan 
175.875, 77.125, 1.2745794072599996e-24, nan 
176.125, 77.125, 2.0597832229687845e-24, nan 
176.375, 77.125, 1.7878534535686426e-24, nan 
176.625, 77.125, 1.4441140065564147e-24, nan 
176.875, 77.125, 1.0611906286886408e-24, nan 
177.125, 77.125, 1.2369820497378296e-24, nan 
177.375, 77.125, 2.4262181076330166e-24, nan 
177.625, 77.125, 2.5437747018034834e-24, nan 
177.875, 77.125, 2.0270093223976688e-24, nan 
178.125, 77.125, 1.619066944808394e-24, nan 
178.375, 77.125, 1.358903118709695e-24, nan 
178.625, 77.125, 1.1500309177713796e-24, nan 
178.875, 77.125, 3.935249363232269e-24, nan 
179.125, 77.125, 4.180508608430964e-24, nan 
179.375, 77.125, 5.314849087184447e-24, nan 
179.625, 77.125, 5.4061121882420344e-24, nan 
179.875, 77.125, 5.654342444110725e-24, nan 
-179.875, 77.375, 2.5649808193999517e-24, nan 
-179.625, 77.375, 2.647315705294954e-24, nan 
-179.375, 77.375, 2.5803920769596637e-24, nan 
-179.125, 77.375, 3.8668103478997384e-24, nan 
-178.875, 77.375, 9.212571824991119e-24, nan 
-178.625, 77.375, 8.278454406681345e-24, nan 
-178.375, 77.375, 8.14891458841637e-24, nan 
-178.125, 77.375, 8.131686255023278e-24, nan 
-177.875, 77.375, 7.356560289086875e-24, nan 
-177.625, 77.375, 1.2521446813236302e-23, nan 
-177.375, 77.375, 1.2832632836765151e-23, nan 
-177.125, 77.375, 1.2033212425445475e-23, nan 
-176.875, 77.375, 1.0645225158938783e-23, nan 
-176.625, 77.375, 9.024246919554811e-24, nan 
-176.375, 77.375, 2.2230617226331167e-24, nan 
-176.125, 77.375, 3.745382670676641e-24, nan 
-175.875, 77.375, 5.9111941349671e-24, nan 
-175.625, 77.375, 2.4549109757185476e-24, nan 
-175.375, 77.375, 3.0566415129476207e-24, nan 
-175.125, 77.375, 1.6280988450405922e-24, nan 
-174.875, 77.375, 9.856951114004092e-24, nan 
-174.625, 77.375, 1.3818732435189427e-23, nan 
-174.375, 77.375, 1.317918386873386e-23, nan 
-174.125, 77.375, 1.0462005527417256e-23, nan 
-173.875, 77.375, 7.009535329166218e-24, nan 
-173.625, 77.375, 1.5600457285710988e-23, nan 
-173.375, 77.375, 1.994250328639966e-23, nan 
-173.125, 77.375, 1.3749616129873958e-23, nan 
-172.875, 77.375, 8.588375986797972e-24, nan 
-172.625, 77.375, 1.2546388258630286e-23, nan 
-172.375, 77.375, 2.6471455052206305e-23, nan 
-172.125, 77.375, 2.275172547104883e-23, nan 
-171.875, 77.375, 1.109101297030889e-23, nan 
-171.625, 77.375, 1.1596316376900442e-23, nan 
-171.375, 77.375, 8.430417825463258e-24, nan 
-171.125, 77.375, 1.0598198315725144e-23, nan 
-170.875, 77.375, 8.543757765279222e-24, nan 
-170.625, 77.375, 7.698530849597739e-24, nan 
-170.375, 77.375, 6.328052995081824e-24, nan 
-170.125, 77.375, 8.745512873660035e-24, nan 
-169.875, 77.375, 1.484122900634453e-23, nan 
-169.625, 77.375, 5.711760840296481e-24, nan 
-169.375, 77.375, 1.5848881462759256e-23, nan 
-169.125, 77.375, 1.501863732164324e-23, nan 
-168.875, 77.375, 1.7889523754631286e-23, nan 
-168.625, 77.375, 1.895931136108962e-23, nan 
-168.375, 77.375, 1.0676658414691276e-23, nan 
-168.125, 77.375, 1.5985086768018043e-23, nan 
-167.875, 77.375, 1.4822715571996629e-23, nan 
-167.625, 77.375, 3.9713893446159194e-23, nan 
-167.375, 77.375, 4.5900909477365615e-23, nan 
-167.125, 77.375, 2.956086007035695e-23, nan 
-166.875, 77.375, 2.9115712586731733e-23, nan 
-166.625, 77.375, 1.7772247675189432e-23, nan 
-166.375, 77.375, 2.2389352088770608e-23, nan 
-166.125, 77.375, 2.539803831677202e-23, nan 
-165.875, 77.375, 1.9061571744923463e-23, nan 
-165.625, 77.375, 2.5580658573642287e-23, nan 
-165.375, 77.375, 2.3132516793583713e-23, nan 
-165.125, 77.375, 2.1981602169423276e-23, nan 
-164.875, 77.375, 1.553008987606856e-23, nan 
-164.625, 77.375, 1.2053170818287137e-23, nan 
-164.375, 77.375, 1.3001651211400491e-23, nan 
-164.125, 77.375, 1.6721880085622866e-23, nan 
-163.875, 77.375, 1.6226656148045362e-23, nan 
-163.625, 77.375, 2.0540088321048772e-23, nan 
-163.375, 77.375, 1.4204037192459823e-23, nan 
-163.125, 77.375, 8.326933912034502e-24, nan 
-162.875, 77.375, 6.866507989860774e-24, nan 
-162.625, 77.375, 7.228719654671857e-24, nan 
-162.375, 77.375, 8.965230301859261e-24, nan 
-162.125, 77.375, 1.1309900452732774e-23, nan 
-161.875, 77.375, 1.2302868532680004e-23, nan 
-161.625, 77.375, 9.211271270363593e-24, nan 
-161.375, 77.375, 9.156552540551988e-24, nan 
-161.125, 77.375, 1.0887695069901701e-23, nan 
-160.875, 77.375, 1.4224672469910853e-23, nan 
-160.625, 77.375, 1.5169302970435924e-23, nan 
-160.375, 77.375, 1.3225685728574915e-23, nan 
-160.125, 77.375, 1.0039420233030385e-23, nan 
-159.875, 77.375, 7.012690833151158e-24, nan 
-159.625, 77.375, 7.735381608141297e-24, nan 
-159.375, 77.375, 1.1450668320448777e-23, nan 
-159.125, 77.375, 1.406429570692648e-23, nan 
-158.875, 77.375, 6.1533486254043695e-24, nan 
-158.625, 77.375, 1.849791561592297e-24, nan 
-158.375, 77.375, 3.184433090229931e-24, nan 
-158.125, 77.375, 5.641287791748369e-24, nan 
-157.875, 77.375, 1.0395936791777013e-23, nan 
-157.625, 77.375, 3.6254227257894074e-24, nan 
-157.375, 77.375, 3.570343601791676e-24, nan 
-157.125, 77.375, 2.4860843003167532e-24, nan 
-156.875, 77.375, 2.969632808610498e-24, nan 
-156.625, 77.375, 3.882329589714951e-24, nan 
-156.375, 77.375, 7.251754297270825e-24, nan 
-156.125, 77.375, 2.182356869971366e-24, nan 
-155.875, 77.375, 5.150738870517213e-24, nan 
-155.625, 77.375, 8.475163363275792e-24, nan 
-155.375, 77.375, 7.984200285974564e-24, nan 
-155.125, 77.375, 7.52120909216853e-24, nan 
-154.875, 77.375, 3.8395430999114455e-24, nan 
-154.625, 77.375, 1.1948423511861825e-23, nan 
-154.375, 77.375, 1.2512949870848778e-23, nan 
-154.125, 77.375, 1.627899674883004e-23, nan 
-153.875, 77.375, 1.494199966243893e-23, nan 
-153.625, 77.375, 1.1758991303478838e-23, nan 
-153.375, 77.375, 1.1748496103278839e-23, nan 
-153.125, 77.375, 1.020051062305402e-23, nan 
-152.875, 77.375, 1.0823126343206034e-23, nan 
-152.625, 77.375, 9.637005549668473e-24, nan 
-152.375, 77.375, 7.838199902356954e-24, nan 
-152.125, 77.375, 6.441776268236945e-24, nan 
-151.875, 77.375, 4.5560379386722516e-24, nan 
-151.625, 77.375, 5.013094699959579e-24, nan 
-151.375, 77.375, 4.652757408499845e-24, nan 
-151.125, 77.375, 4.599789015931467e-24, nan 
-150.875, 77.375, 3.7927928755202125e-24, nan 
-150.625, 77.375, 2.9308999076346173e-24, nan 
-150.375, 77.375, 2.6332355523644585e-24, nan 
-150.125, 77.375, 5.923910461153622e-24, nan 
-149.875, 77.375, 1.1594321883300288e-23, nan 
-149.625, 77.375, 1.9204475098006878e-23, nan 
-149.375, 77.375, 2.2352987866168104e-23, nan 
-149.125, 77.375, 2.467809837980264e-23, nan 
-148.875, 77.375, 3.0190799870027426e-23, nan 
-148.625, 77.375, 1.8740565018535142e-23, nan 
-148.375, 77.375, 2.709524363181164e-23, nan 
-148.125, 77.375, 2.601863258311618e-23, nan 
-147.875, 77.375, 2.6130219784964042e-23, nan 
-147.625, 77.375, 3.525777657740701e-23, nan 
-147.375, 77.375, 4.2795288528948476e-23, nan 
-147.125, 77.375, 5.098803451730618e-23, nan 
-146.875, 77.375, 3.9523801317850585e-23, nan 
-146.625, 77.375, 2.6221789172668964e-23, nan 
-146.375, 77.375, 2.598352928500769e-23, nan 
-146.125, 77.375, 4.4866850236986385e-23, nan 
-145.875, 77.375, 5.2688543319557417e-23, nan 
-145.625, 77.375, 3.4355515211360963e-23, nan 
-145.375, 77.375, 3.269095870871818e-23, nan 
-145.125, 77.375, 7.083319120742363e-23, nan 
-144.875, 77.375, 1.0801599740374936e-22, nan 
-144.625, 77.375, 1.3168237787734165e-22, nan 
-144.375, 77.375, 1.0481410297051019e-22, nan 
-144.125, 77.375, 4.166624671730155e-23, nan 
-143.875, 77.375, 6.678037416189463e-23, nan 
-143.625, 77.375, 8.144057456407553e-23, nan 
-143.375, 77.375, 7.574502923797372e-23, nan 
-143.125, 77.375, 5.927678829111188e-23, nan 
-142.875, 77.375, 4.272808012623394e-23, nan 
-142.625, 77.375, 2.7774894880138164e-23, nan 
-142.375, 77.375, 2.907732763323301e-23, nan 
-142.125, 77.375, 2.467403073288094e-23, nan 
-141.875, 77.375, 2.6134592400715803e-23, nan 
-141.625, 77.375, 3.33486738539261e-23, nan 
-141.375, 77.375, 2.20657014573569e-23, nan 
-141.125, 77.375, 1.9763819583517517e-23, nan 
-140.875, 77.375, 1.0256017454872935e-23, nan 
-140.625, 77.375, 1.0782207480740139e-23, nan 
-140.375, 77.375, 5.942466932317271e-24, nan 
-140.125, 77.375, 1.2276409897186775e-23, nan 
-139.875, 77.375, 8.145803050472398e-24, nan 
-139.625, 77.375, 4.810896969370787e-24, nan 
-139.375, 77.375, 7.822932413910154e-24, nan 
-139.125, 77.375, 1.8440372156015278e-23, nan 
-138.875, 77.375, 2.4988012050833626e-23, nan 
-138.625, 77.375, 2.087786502486547e-23, nan 
-138.375, 77.375, 1.3855245883666643e-23, nan 
-138.125, 77.375, 7.32220476951842e-24, nan 
-137.875, 77.375, 1.3631696448751054e-23, nan 
-137.625, 77.375, 2.1877582070570907e-23, nan 
-137.375, 77.375, 2.015751683281265e-23, nan 
-137.125, 77.375, 1.0393677606356898e-23, nan 
-136.875, 77.375, 2.5395725329692943e-23, nan 
-136.625, 77.375, 5.2079456806362963e-23, nan 
-136.375, 77.375, 2.845048619771796e-23, nan 
-136.125, 77.375, 2.3167661576353531e-23, nan 
-135.875, 77.375, 3.7765160191883706e-23, nan 
-135.625, 77.375, 6.157798268252432e-23, nan 
-135.375, 77.375, 8.426734429558329e-23, nan 
-135.125, 77.375, 2.098448633254967e-23, nan 
-134.875, 77.375, 5.805845878223191e-23, nan 
-134.625, 77.375, 8.60715549557112e-23, nan 
-134.375, 77.375, 9.862431366466997e-23, nan 
-134.125, 77.375, 1.1762222930290503e-22, nan 
-133.875, 77.375, 7.047290964746374e-23, nan 
-133.625, 77.375, 5.21008103630619e-23, nan 
-133.375, 77.375, 4.7678345385827986e-23, nan 
-133.125, 77.375, 5.0632723886620416e-23, nan 
-132.875, 77.375, 5.695813240089387e-23, nan 
-132.625, 77.375, 3.033313445448783e-23, nan 
-132.375, 77.375, 1.712115956046116e-23, nan 
-132.125, 77.375, 2.3128929525090363e-23, nan 
-131.875, 77.375, 1.8270557632784855e-23, nan 
-131.625, 77.375, 3.9067506004735647e-23, nan 
-131.375, 77.375, 3.711561655997762e-23, nan 
-131.125, 77.375, 2.3742461428734823e-23, nan 
-130.875, 77.375, 2.1810684835531202e-23, nan 
-130.625, 77.375, 3.4841161264406674e-23, nan 
-130.375, 77.375, 4.9505666810945464e-23, nan 
-130.125, 77.375, 4.709748370369196e-23, nan 
-129.875, 77.375, 4.3541133152575117e-23, nan 
-129.625, 77.375, 4.542954876419068e-23, nan 
-129.375, 77.375, 5.178693868779628e-23, nan 
-129.125, 77.375, 4.9736987013705605e-23, nan 
-128.875, 77.375, 4.717579195045704e-23, nan 
-128.625, 77.375, 2.992193683151027e-23, nan 
-128.375, 77.375, 5.7498724127416e-23, nan 
-128.125, 77.375, 5.1092634790833185e-23, nan 
-127.875, 77.375, 7.914605653493724e-23, nan 
-127.625, 77.375, 8.478824449809092e-23, nan 
-127.375, 77.375, 6.547032004619659e-23, nan 
-127.125, 77.375, 5.569756574544225e-23, nan 
-126.875, 77.375, 5.753769211638084e-23, nan 
-126.625, 77.375, 6.54036235136591e-23, nan 
-126.375, 77.375, 7.13950934947769e-23, nan 
-126.125, 77.375, 6.885258535422314e-23, nan 
-125.875, 77.375, 5.668462509742155e-23, nan 
-125.625, 77.375, 4.504587117445866e-23, nan 
-125.375, 77.375, 1.696941709032038e-23, nan 
-125.125, 77.375, 2.667487099037815e-23, nan 
-124.875, 77.375, 3.8712671307290334e-23, nan 
-124.625, 77.375, 3.757083771665953e-23, nan 
-124.375, 77.375, 3.015567126326018e-23, nan 
-124.125, 77.375, 2.386477157770356e-23, nan 
-123.875, 77.375, 1.8657498452924787e-23, nan 
-123.625, 77.375, 1.0575109208846988e-23, nan 
-123.375, 77.375, 1.8450622830412272e-23, nan 
-123.125, 77.375, 1.3785119567902106e-23, nan 
-122.875, 77.375, 1.713379777247918e-23, nan 
-122.625, 77.375, 1.643620010265402e-23, nan 
-122.375, 77.375, 1.14396134021256e-23, nan 
-122.125, 77.375, 4.410120972878856e-24, nan 
-121.875, 77.375, 5.944791265634401e-24, nan 
-121.625, 77.375, 8.428462050055733e-24, nan 
-121.375, 77.375, 1.519800561045085e-23, nan 
-121.125, 77.375, 1.302108396589589e-23, nan 
-120.875, 77.375, 1.04836198532005e-23, nan 
-120.625, 77.375, 5.383631784763171e-24, nan 
-120.375, 77.375, 8.903101608840203e-24, nan 
-120.125, 77.375, 1.7643464213089373e-23, nan 
-119.875, 77.375, 2.0269491057104408e-23, nan 
-119.625, 77.375, 1.2815420702802224e-23, nan 
-119.375, 77.375, 8.011685781684244e-24, nan 
-119.125, 77.375, 7.456013112663447e-24, nan 
-118.875, 77.375, 1.4444046452988922e-23, nan 
-118.625, 77.375, 1.0677975616285147e-23, nan 
-118.375, 77.375, 1.1397752572264521e-23, nan 
-118.125, 77.375, 1.3422934331815083e-23, nan 
-117.875, 77.375, 1.1634358405726531e-23, nan 
-117.625, 77.375, 8.375419725777162e-24, nan 
-117.375, 77.375, 9.359737531283668e-24, nan 
-117.125, 77.375, 1.1631334750759353e-23, nan 
-116.875, 77.375, 1.2488529598712659e-23, nan 
-116.625, 77.375, 1.1296014747523652e-23, nan 
-116.375, 77.375, 1.1528912390499717e-23, nan 
-116.125, 77.375, 6.773331769231598e-24, nan 
-115.875, 77.375, 1.2221906881231719e-23, nan 
-115.625, 77.375, 6.492309015046257e-24, nan 
-115.375, 77.375, 5.031975707112608e-24, nan 
-115.125, 77.375, 1.6647208617475145e-23, nan 
-114.875, 77.375, 1.0342931261909911e-23, nan 
-114.625, 77.375, 1.390149502061908e-23, nan 
-114.375, 77.375, 8.124333132624356e-24, nan 
-114.125, 77.375, 5.1808941428601065e-24, nan 
-113.875, 77.375, 9.836280847138866e-24, nan 
-113.625, 77.375, 7.778444326265439e-24, nan 
-113.375, 77.375, 1.3698279227747616e-23, nan 
-113.125, 77.375, 1.7661038296226918e-23, nan 
-112.875, 77.375, 2.2280333641097793e-23, nan 
-112.625, 77.375, 2.2855843304078043e-23, nan 
-112.375, 77.375, 2.4790219134034914e-23, nan 
-112.125, 77.375, 2.0805374232573305e-23, nan 
-111.875, 77.375, 2.966661856250765e-23, nan 
-111.625, 77.375, 2.833306713948584e-23, nan 
-111.375, 77.375, 4.1280506379900244e-23, nan 
-111.125, 77.375, 4.261865261823523e-23, nan 
-110.875, 77.375, 5.228221693565106e-23, nan 
-110.625, 77.375, 5.671092417722515e-23, nan 
-110.375, 77.375, 1.5225999783939845e-23, nan 
-110.125, 77.375, 2.4269734833553478e-23, nan 
-109.875, 77.375, 3.005183569638813e-23, nan 
-109.625, 77.375, 3.527732392070826e-23, nan 
-109.375, 77.375, 4.6874427357759006e-23, nan 
-109.125, 77.375, 5.2711102784926034e-23, nan 
-108.875, 77.375, 5.960095667808552e-23, nan 
-108.625, 77.375, 6.157988675704238e-23, nan 
-108.375, 77.375, 4.949718400514434e-23, nan 
-108.125, 77.375, 4.933583168011111e-23, nan 
-107.875, 77.375, 6.010623725613356e-23, nan 
-107.625, 77.375, 5.99518237935945e-23, nan 
-107.375, 77.375, 6.96285976499092e-23, nan 
-107.125, 77.375, 5.134332635630948e-23, nan 
-106.875, 77.375, 4.8547473252848467e-23, nan 
-106.625, 77.375, 7.671104716302432e-23, nan 
-106.375, 77.375, 3.9542990324387457e-23, nan 
-106.125, 77.375, 3.810224781497042e-23, nan 
-105.875, 77.375, 2.4450723157796795e-23, nan 
-105.625, 77.375, 1.6843269277212606e-23, nan 
-105.375, 77.375, 2.084569054528737e-23, nan 
-105.125, 77.375, 3.085927731607363e-23, nan 
-104.875, 77.375, 2.60062850464531e-23, nan 
-104.625, 77.375, 2.524745843887542e-23, nan 
-104.375, 77.375, 3.908830914666544e-23, nan 
-104.125, 77.375, 5.51030296906939e-23, nan 
-103.875, 77.375, 7.665497462098721e-23, nan 
-103.625, 77.375, 5.944775824633197e-23, nan 
-103.375, 77.375, 4.7305686434561437e-23, nan 
-103.125, 77.375, 5.099815942577787e-23, nan 
-102.875, 77.375, 6.162555855460527e-23, nan 
-102.625, 77.375, 7.113991418205862e-23, nan 
-102.375, 77.375, 6.488617892121154e-23, nan 
-102.125, 77.375, 5.620816647083147e-23, nan 
-101.875, 77.375, 3.941643748543004e-23, nan 
-101.625, 77.375, 2.5036579704275471e-23, nan 
-101.375, 77.375, 3.882167119444561e-23, nan 
-101.125, 77.375, 3.9656011777618866e-23, nan 
-100.875, 77.375, 3.6553847215795373e-23, nan 
-100.625, 77.375, 4.289656068819837e-23, nan 
-100.375, 77.375, 3.0972534913908954e-23, nan 
-100.125, 77.375, 2.826005478191395e-23, nan 
-99.875, 77.375, 3.7994771046569207e-23, nan 
-99.625, 77.375, 1.7200180312433247e-23, nan 
-99.375, 77.375, 3.094274370909664e-23, nan 
-99.125, 77.375, 2.803739224516238e-23, nan 
-98.875, 77.375, 1.4360070179516687e-23, nan 
-98.625, 77.375, 2.4030008990771063e-23, nan 
-98.375, 77.375, 1.1469973703989657e-23, nan 
-98.125, 77.375, 2.198579700170192e-23, nan 
-97.875, 77.375, 3.528056497738786e-23, nan 
-97.625, 77.375, 2.7278501290136977e-23, nan 
-97.375, 77.375, 3.66191946305056e-23, nan 
-97.125, 77.375, 3.5136456201130193e-23, nan 
-96.875, 77.375, 4.122648779348169e-23, nan 
-96.625, 77.375, 2.3403011569635214e-23, nan 
-96.375, 77.375, 2.7540960373278944e-23, nan 
-96.125, 77.375, 3.753869464397906e-23, nan 
-95.875, 77.375, 4.206207235857211e-23, nan 
-95.625, 77.375, 3.5872782161413263e-23, nan 
-95.375, 77.375, 4.0900684393554254e-23, nan 
-95.125, 77.375, 3.648359118590639e-23, nan 
-94.875, 77.375, 3.894497237779732e-23, nan 
-94.625, 77.375, 5.32040010730014e-23, nan 
-94.375, 77.375, 6.589190233553114e-23, nan 
-94.125, 77.375, 6.166948354939032e-23, nan 
-93.875, 77.375, 6.170822668548684e-23, nan 
-93.625, 77.375, 7.3567300000359e-23, nan 
-93.375, 77.375, 7.841650304726998e-23, nan 
-93.125, 77.375, 8.395266711621522e-23, nan 
-92.875, 77.375, 8.219822649605311e-23, nan 
-92.625, 77.375, 8.205543061173082e-23, nan 
-92.375, 77.375, 8.155845652910206e-23, nan 
-92.125, 77.375, 6.75099607385238e-23, nan 
-91.875, 77.375, 5.625819228980796e-23, nan 
-91.625, 77.375, 6.05106935905901e-23, nan 
-91.375, 77.375, 7.652510791629947e-23, nan 
-91.125, 77.375, 8.994833322925351e-23, nan 
-90.875, 77.375, 9.520013223466182e-23, nan 
-90.625, 77.375, 6.987811458547348e-23, nan 
-90.375, 77.375, 5.680674904557184e-23, nan 
-90.125, 77.375, 4.7598073306891975e-23, nan 
-89.875, 77.375, 5.03474478299732e-23, nan 
-89.625, 77.375, 4.5464267502366083e-23, nan 
-89.375, 77.375, 3.535411056223979e-23, nan 
-89.125, 77.375, 3.902988683233326e-23, nan 
-88.875, 77.375, 4.7132030352413097e-23, nan 
-88.625, 77.375, 5.235299306340336e-23, nan 
-88.375, 77.375, 6.307022239673197e-23, nan 
-88.125, 77.375, 5.598319306470247e-23, nan 
-87.875, 77.375, 5.612923932857385e-23, nan 
-87.625, 77.375, 6.079731353492825e-23, nan 
-87.375, 77.375, 6.370868349308378e-23, nan 
-87.125, 77.375, 8.355686513351238e-23, nan 
-86.875, 77.375, 7.985404444388679e-23, nan 
-86.625, 77.375, 9.508363982028662e-23, nan 
-86.375, 77.375, 9.324603558672096e-23, nan 
-86.125, 77.375, 1.0025445531952201e-22, nan 
-85.875, 77.375, 1.1369634899747693e-22, nan 
-85.625, 77.375, 9.735655598817196e-23, nan 
-85.375, 77.375, 9.179551090110893e-23, nan 
-85.125, 77.375, 9.059315174140929e-23, nan 
-84.875, 77.375, 1.3891350671843374e-22, nan 
-84.625, 77.375, 1.3274448505980813e-22, nan 
-84.375, 77.375, 1.2846014428078773e-22, nan 
-84.125, 77.375, 1.3116365594911466e-22, nan 
-83.875, 77.375, 6.178498418065686e-23, nan 
-83.625, 77.375, 5.1597573153398123e-23, nan 
-83.375, 77.375, 7.224248092888201e-23, nan 
-83.125, 77.375, 5.319119310825374e-23, nan 
-82.875, 77.375, 6.457345388012099e-23, nan 
-82.625, 77.375, 6.064810526666174e-23, nan 
-82.375, 77.375, 5.796589241364e-23, nan 
-82.125, 77.375, 4.458071088238429e-23, nan 
-81.875, 77.375, 2.825798047637757e-23, nan 
-81.625, 77.375, 5.1313124757527476e-23, nan 
-81.375, 77.375, 7.308594515063256e-23, nan 
-81.125, 77.375, 6.550219121545592e-23, nan 
-80.875, 77.375, 4.148526104862367e-23, nan 
-80.625, 77.375, 6.38735628692253e-23, nan 
-80.375, 77.375, 1.1047972309448846e-22, nan 
-80.125, 77.375, 1.0692324586271952e-22, nan 
-79.875, 77.375, 1.0456552579233306e-22, nan 
-79.625, 77.375, 9.721666712394961e-23, nan 
-79.375, 77.375, 1.5006231350372168e-22, nan 
-79.125, 77.375, 1.7669881556995313e-22, nan 
-78.875, 77.375, 2.1133380617976054e-22, nan 
-78.625, 77.375, 1.8747210911526566e-22, nan 
-78.375, 77.375, 2.156196524499705e-22, nan 
-78.125, 77.375, 2.2163798708367094e-22, nan 
-77.875, 77.375, 2.132291176251053e-22, nan 
-77.625, 77.375, 2.1075732187824704e-22, nan 
-77.375, 77.375, 1.982769112218645e-22, nan 
-77.125, 77.375, 2.360049807873092e-22, nan 
-76.875, 77.375, 2.167864299716085e-22, nan 
-76.625, 77.375, 1.0130258197669759e-22, nan 
-76.375, 77.375, 3.3600197804759467e-23, nan 
-76.125, 77.375, 1.2828351583123073e-22, nan 
-75.875, 77.375, 1.812035286056419e-22, nan 
-75.625, 77.375, 1.7017188738136521e-22, nan 
-75.375, 77.375, 1.8693258282903084e-22, nan 
-75.125, 77.375, 3.7720018001212954e-22, nan 
-74.875, 77.375, 7.747572421527331e-22, nan 
-74.625, 77.375, 1.0374029242554882e-21, nan 
-74.375, 77.375, 5.880250964313881e-22, nan 
-74.125, 77.375, 2.0150583775268501e-22, nan 
-73.875, 77.375, 2.17461127521205e-22, nan 
-73.625, 77.375, 2.9863335866264463e-22, nan 
-73.375, 77.375, 2.2892898740569145e-22, nan 
-73.125, 77.375, 2.6151920194953076e-22, nan 
-72.875, 77.375, 1.6051460819224421e-22, nan 
-72.625, 77.375, 1.4437137415820188e-22, nan 
-72.375, 77.375, 2.4515382448924944e-22, nan 
-72.125, 77.375, 2.8123070465192777e-22, nan 
-71.875, 77.375, 3.1186746018758188e-22, nan 
-71.625, 77.375, 3.675542746126637e-22, nan 
-71.375, 77.375, 4.2263161497675737e-22, nan 
-71.125, 77.375, 4.501587669577671e-22, nan 
-70.875, 77.375, 5.016421890992245e-22, nan 
-70.625, 77.375, 5.860863077990019e-22, nan 
-70.375, 77.375, 2.467779204201964e-21, nan 
-70.125, 77.375, 5.070876022632073e-21, nan 
-69.875, 77.375, 4.025107812831693e-21, nan 
-69.625, 77.375, 3.562597268242185e-21, nan 
-69.375, 77.375, 1.4555443419966122e-21, nan 
-69.125, 77.375, 5.990212018182211e-22, nan 
-68.875, 77.375, 6.638897549063996e-22, nan 
-68.625, 77.375, 6.811203794158827e-22, nan 
-68.375, 77.375, 6.324406175324843e-22, nan 
-68.125, 77.375, 5.557573435819264e-22, nan 
-67.875, 77.375, 7.052711386672292e-22, nan 
-67.625, 77.375, 8.052804178271272e-22, nan 
-67.375, 77.375, 1.1445414245893563e-21, nan 
-67.125, 77.375, 1.1019732037348572e-21, nan 
-66.875, 77.375, 6.637145611225723e-22, nan 
-66.625, 77.375, 8.284383924771734e-22, nan 
-66.375, 77.375, 1.4164058995182743e-21, nan 
-66.125, 77.375, 1.9630482603347037e-21, nan 
-65.875, 77.375, 1.830621359699665e-21, nan 
-65.625, 77.375, 1.7682255151139935e-21, nan 
-65.375, 77.375, 1.7386139666151007e-21, nan 
-65.125, 77.375, 1.5196898260167116e-21, nan 
-64.875, 77.375, 1.3023056415638618e-21, nan 
-64.625, 77.375, 1.2618447910038229e-21, nan 
-64.375, 77.375, 1.1046263244628707e-21, nan 
-64.125, 77.375, 1.493843091981465e-21, nan 
-63.875, 77.375, 1.0984162885763306e-21, nan 
-63.625, 77.375, 8.468279364775752e-22, nan 
-63.375, 77.375, 1.2384445661492002e-21, nan 
-63.125, 77.375, 1.0393920695006914e-21, nan 
-62.875, 77.375, 1.1066684893240345e-21, nan 
-62.625, 77.375, 1.462467570959941e-21, nan 
-62.375, 77.375, 9.49719225470337e-22, nan 
-62.125, 77.375, 1.2401205235878708e-21, nan 
-61.875, 77.375, 1.5228538097576465e-21, nan 
-61.625, 77.375, 2.080632141985198e-21, nan 
-61.375, 77.375, 2.8813657138573983e-21, nan 
-61.125, 77.375, 2.541292094749309e-21, nan 
-60.875, 77.375, 2.529396198735871e-21, nan 
-60.625, 77.375, 2.6552051102656346e-21, nan 
-60.375, 77.375, 2.670178273998427e-21, nan 
-60.125, 77.375, 3.520742791243504e-21, nan 
-59.875, 77.375, 3.5323522998481706e-21, nan 
-59.625, 77.375, 3.553086355678292e-21, nan 
-59.375, 77.375, 2.6166641203387368e-21, nan 
-59.125, 77.375, 2.1545915172381585e-21, nan 
-58.875, 77.375, 2.960602425932035e-21, nan 
-58.625, 77.375, 8.273041212548212e-21, nan 
-58.375, 77.375, 2.9714728831448247e-20, nan 
-58.125, 77.375, 5.576754123738501e-20, nan 
-57.875, 77.375, 5.81614815805702e-20, nan 
-57.625, 77.375, 5.719650632844748e-20, nan 
-57.375, 77.375, 5.14479741961065e-20, nan 
-57.125, 77.375, 5.127011633802138e-20, nan 
-56.875, 77.375, 7.11887289969032e-20, nan 
-56.625, 77.375, 7.506580378109998e-20, nan 
-56.375, 77.375, 7.370054514280833e-20, nan 
-56.125, 77.375, 6.513339706623335e-20, nan 
-55.875, 77.375, 5.272226105760215e-20, nan 
-55.625, 77.375, 7.759920797049449e-20, nan 
-55.375, 77.375, 7.747770971789451e-20, nan 
-55.125, 77.375, 8.394308350242427e-20, nan 
-54.875, 77.375, 7.80290986170541e-20, nan 
-54.625, 77.375, 7.44285046631337e-20, nan 
-54.375, 77.375, 5.997153349353577e-20, nan 
-54.125, 77.375, 5.795430810060334e-20, nan 
-53.875, 77.375, 5.565515314691425e-20, nan 
-53.625, 77.375, 5.514483438964198e-20, nan 
-53.375, 77.375, 5.648855929281169e-20, nan 
-53.125, 77.375, 4.874637215096878e-20, nan 
-52.875, 77.375, 4.9364021374038006e-20, nan 
-52.625, 77.375, 5.168535348702755e-20, nan 
-52.375, 77.375, 3.944545901602894e-20, nan 
-52.125, 77.375, 3.76517496809349e-20, nan 
-51.875, 77.375, 3.3335101922764765e-20, nan 
-51.625, 77.375, 2.858469998609765e-20, nan 
-51.375, 77.375, 1.9469541039299128e-20, nan 
-51.125, 77.375, 1.8663281950408808e-20, nan 
-50.875, 77.375, 1.6845319196565256e-20, nan 
-50.625, 77.375, 2.378058729630241e-20, nan 
-50.375, 77.375, 2.2389165351489923e-20, nan 
-50.125, 77.375, 2.0975900675006297e-20, nan 
-49.875, 77.375, 2.1064050444848848e-20, nan 
-49.625, 77.375, 2.143377834640879e-20, nan 
-49.375, 77.375, 2.5568213341550267e-20, nan 
-49.125, 77.375, 3.486709040865224e-20, nan 
-48.875, 77.375, 4.1666103323273397e-20, nan 
-48.625, 77.375, 4.2460556186597893e-20, nan 
-48.375, 77.375, 4.3172959998604563e-20, nan 
-48.125, 77.375, 4.476317627292254e-20, nan 
-47.875, 77.375, 4.457557159819674e-20, nan 
-47.625, 77.375, 4.183305297782548e-20, nan 
-47.375, 77.375, 3.986704631506045e-20, nan 
-47.125, 77.375, 3.73430243579251e-20, nan 
-46.875, 77.375, 3.0259244187457384e-20, nan 
-46.625, 77.375, 2.3266577856111393e-20, nan 
-46.375, 77.375, 1.930552796203517e-20, nan 
-46.125, 77.375, 2.3956764370922615e-20, nan 
-45.875, 77.375, 3.753688317481485e-20, nan 
-45.625, 77.375, 4.256908107934952e-20, nan 
-45.375, 77.375, 3.4569848815492064e-20, nan 
-45.125, 77.375, 2.0886312234225023e-20, nan 
-44.875, 77.375, 1.041888794251111e-20, nan 
-44.625, 77.375, 3.6238584890745765e-20, nan 
-44.375, 77.375, 3.997288784216041e-20, nan 
-44.125, 77.375, 4.552354781878191e-20, nan 
-43.875, 77.375, 3.5668361751343746e-20, nan 
-43.625, 77.375, 3.7087373099303943e-20, nan 
-43.375, 77.375, 4.2113684246235874e-20, nan 
-43.125, 77.375, 4.605343109135074e-20, nan 
-42.875, 77.375, 5.604905294588291e-20, nan 
-42.625, 77.375, 5.535458370549438e-20, nan 
-42.375, 77.375, 5.648262980794965e-20, nan 
-42.125, 77.375, 5.2416433553618754e-20, nan 
-41.875, 77.375, 5.855686406298141e-20, nan 
-41.625, 77.375, 6.598928834912686e-20, nan 
-41.375, 77.375, 7.190792542696012e-20, nan 
-41.125, 77.375, 6.654422631631287e-20, nan 
-40.875, 77.375, 5.0584960597739145e-20, nan 
-40.625, 77.375, 4.685015717034196e-20, nan 
-40.375, 77.375, 5.525191474792362e-20, nan 
-40.125, 77.375, 8.861996478938698e-20, nan 
-39.875, 77.375, 9.269478406509418e-20, nan 
-39.625, 77.375, 1.0048946827556943e-19, nan 
-39.375, 77.375, 6.90649181879796e-20, nan 
-39.125, 77.375, 1.1498776611074206e-19, nan 
-38.875, 77.375, 2.317940676351789e-19, nan 
-38.625, 77.375, 2.330535877945929e-19, nan 
-38.375, 77.375, 2.8765920830751005e-19, nan 
-38.125, 77.375, 2.031964045373509e-19, nan 
-37.875, 77.375, 2.2732095468984055e-19, nan 
-37.625, 77.375, 3.5095549633577828e-19, nan 
-37.375, 77.375, 2.6052934458253753e-19, nan 
-37.125, 77.375, 3.126889890290594e-19, nan 
-36.875, 77.375, 2.5726684730747623e-19, nan 
-36.625, 77.375, 2.8624389621318183e-19, nan 
-36.375, 77.375, 2.0133891967039544e-19, nan 
-36.125, 77.375, 2.086552448819243e-19, nan 
-35.875, 77.375, 2.2379979141655217e-19, nan 
-35.625, 77.375, 2.7864961027771546e-19, nan 
-35.375, 77.375, 3.9304218929668547e-19, nan 
-35.125, 77.375, 3.4321528390565496e-19, nan 
-34.875, 77.375, 3.565585491267701e-19, nan 
-34.625, 77.375, 4.841782718691153e-19, nan 
-34.375, 77.375, 5.787205550617189e-19, nan 
-34.125, 77.375, 7.69677134113582e-19, nan 
-33.875, 77.375, 1.0373494242894286e-18, nan 
-33.625, 77.375, 8.546157957722863e-19, nan 
-33.375, 77.375, 1.0986684518852762e-18, nan 
-33.125, 77.375, 1.307232485886012e-18, nan 
-32.875, 77.375, 1.2016646697919747e-18, nan 
-32.625, 77.375, 1.6617865837621056e-18, nan 
-32.375, 77.375, 9.729018327774314e-19, nan 
-32.125, 77.375, 2.7485775770802388e-18, nan 
-31.875, 77.375, 3.2595794713023677e-18, nan 
-31.625, 77.375, 1.9823961581530468e-18, nan 
-31.375, 77.375, 1.6326661940527294e-18, nan 
-31.125, 77.375, 5.222085591778677e-19, nan 
-30.875, 77.375, 2.4526056375458448e-18, nan 
-30.625, 77.375, 2.469740385899373e-18, nan 
-30.375, 77.375, 1.1984044261962726e-18, nan 
-30.125, 77.375, 2.855322897526076e-18, nan 
-29.875, 77.375, 4.357518095128717e-18, nan 
-29.625, 77.375, 3.558320307515199e-18, nan 
-29.375, 77.375, 5.533407381556024e-18, nan 
-29.125, 77.375, 9.716829700046609e-18, nan 
-28.875, 77.375, 1.3103052259752085e-17, nan 
-28.625, 77.375, 1.117784275647012e-17, nan 
-28.375, 77.375, 1.3012557882491216e-17, nan 
-28.125, 77.375, 2.5366385519294574e-17, nan 
-27.875, 77.375, 2.0602258677269466e-17, nan 
-27.625, 77.375, 4.792945600070364e-17, nan 
-27.375, 77.375, 7.064749971445389e-17, nan 
-27.125, 77.375, 9.672156404478157e-17, nan 
-26.875, 77.375, 1.3240704945757764e-16, nan 
-26.625, 77.375, 1.7796826254826873e-16, nan 
-26.375, 77.375, 3.154498480771725e-16, nan 
-26.125, 77.375, 2.8841517085214667e-16, nan 
-25.875, 77.375, 2.126702377866413e-16, nan 
-25.625, 77.375, 3.5120725945213363e-16, nan 
-25.375, 77.375, 2.4048258933167457e-16, nan 
-25.125, 77.375, 1.7794560802290993e-16, nan 
-24.875, 77.375, 9.280984771423166e-17, nan 
-24.625, 77.375, 1.9752651554391465e-16, nan 
-24.375, 77.375, 1.8437420286371195e-16, nan 
-24.125, 77.375, 1.6050426791541755e-16, nan 
-23.875, 77.375, 1.138618395082526e-16, nan 
-23.625, 77.375, 6.289841325544669e-17, nan 
-23.375, 77.375, 6.45993407364982e-17, nan 
-23.125, 77.375, 6.660268678620382e-17, nan 
-22.875, 77.375, 5.811539477811985e-17, nan 
-22.625, 77.375, 4.808297034541888e-17, nan 
-22.375, 77.375, 2.9706107649609903e-17, nan 
-22.125, 77.375, 1.485158282734047e-17, nan 
-21.875, 77.375, 1.45552857663017e-17, nan 
-21.625, 77.375, 1.7100591603349444e-17, nan 
-21.375, 77.375, 1.2692882022669796e-17, nan 
-21.125, 77.375, 1.3563613944201167e-17, nan 
-20.875, 77.375, 1.331317947949866e-17, nan 
-20.625, 77.375, 1.0924517593808668e-17, nan 
-20.375, 77.375, 7.709721754389226e-18, nan 
-20.125, 77.375, 5.233851711472412e-18, nan 
-19.875, 77.375, 5.6313892703483375e-18, nan 
-19.625, 77.375, 6.912884421658884e-18, nan 
-19.375, 77.375, 5.609198509262422e-18, nan 
-19.125, 77.375, 4.115487540507801e-18, nan 
-18.875, 77.375, 3.06294429938641e-18, nan 
-18.625, 77.375, 2.8169144142405735e-18, nan 
-18.375, 77.375, 2.8232494780602204e-18, nan 
-18.125, 77.375, 2.473203956692446e-18, nan 
-17.875, 77.375, 1.5039191314978504e-18, nan 
-17.625, 77.375, 1.559173678233815e-18, nan 
-17.375, 77.375, 1.4518194190939387e-18, nan 
-17.125, 77.375, 1.6807372434124667e-18, nan 
-16.875, 77.375, 1.3494657883153083e-18, nan 
-16.625, 77.375, 6.872816747792615e-19, nan 
-16.375, 77.375, 9.174513099752188e-19, nan 
-16.125, 77.375, 1.111151434360541e-18, nan 
-15.875, 77.375, 9.413731957867885e-19, nan 
-15.625, 77.375, 4.904723192451847e-19, nan 
-15.375, 77.375, 4.478510393223674e-19, nan 
-15.125, 77.375, 5.761384676022522e-19, nan 
-14.875, 77.375, 5.798482955774704e-19, nan 
-14.625, 77.375, 4.536410496623741e-19, nan 
-14.375, 77.375, 2.936733328314893e-19, nan 
-14.125, 77.375, 2.520613468169922e-19, nan 
-13.875, 77.375, 2.579380459298388e-19, nan 
-13.625, 77.375, 2.664892943895605e-19, nan 
-13.375, 77.375, 2.4646711542905153e-19, nan 
-13.125, 77.375, 2.6476092046169523e-19, nan 
-12.875, 77.375, 1.6951361412758958e-19, nan 
-12.625, 77.375, 2.0123434950771399e-19, nan 
-12.375, 77.375, 2.048088333063694e-19, nan 
-12.125, 77.375, 2.4471189677896578e-19, nan 
-11.875, 77.375, 2.695950487988291e-19, nan 
-11.625, 77.375, 1.9546715109575812e-19, nan 
-11.375, 77.375, 1.300770020480039e-19, nan 
-11.125, 77.375, 1.4579835968542147e-19, nan 
-10.875, 77.375, 1.2217668666281516e-19, nan 
-10.625, 77.375, 9.622835884002622e-20, nan 
-10.375, 77.375, 1.0247912641466677e-19, nan 
-10.125, 77.375, 7.470483645894376e-20, nan 
-9.875, 77.375, 9.262423276585767e-20, nan 
-9.625, 77.375, 9.542098873491299e-20, nan 
-9.375, 77.375, 8.034455917923011e-20, nan 
-9.125, 77.375, 9.157970967352227e-20, nan 
-8.875, 77.375, 7.73093546709655e-20, nan 
-8.625, 77.375, 8.522788441636553e-20, nan 
-8.375, 77.375, 1.0157438616761212e-19, nan 
-8.125, 77.375, 9.67217381057247e-20, nan 
-7.875, 77.375, 8.546020304372935e-20, nan 
-7.625, 77.375, 8.640545079428398e-20, nan 
-7.375, 77.375, 8.543639299613379e-20, nan 
-7.125, 77.375, 8.342872183753307e-20, nan 
-6.875, 77.375, 8.030046947219427e-20, nan 
-6.625, 77.375, 7.286680405665205e-20, nan 
-6.375, 77.375, 6.536191756757148e-20, nan 
-6.125, 77.375, 6.344501023396981e-20, nan 
-5.875, 77.375, 5.07841777206342e-20, nan 
-5.625, 77.375, 3.9414110654302365e-20, nan 
-5.375, 77.375, 3.830530377573947e-20, nan 
-5.125, 77.375, 2.839988186767612e-20, nan 
-4.875, 77.375, 3.258893051896116e-20, nan 
-4.625, 77.375, 2.57405769065639e-20, nan 
-4.375, 77.375, 2.05767684164066e-20, nan 
-4.125, 77.375, 2.5161595326120016e-20, nan 
-3.875, 77.375, 2.035267528834716e-20, nan 
-3.625, 77.375, 2.2471692154576763e-20, nan 
-3.375, 77.375, 2.1267493174274918e-20, nan 
-3.125, 77.375, 1.9847171239960128e-20, nan 
-2.875, 77.375, 2.3454825997771946e-20, nan 
-2.625, 77.375, 1.8106383905216444e-20, nan 
-2.375, 77.375, 1.3423745061064139e-20, nan 
-2.125, 77.375, 1.4929936832897935e-20, nan 
-1.875, 77.375, 1.927866834808428e-20, nan 
-1.625, 77.375, 2.5585781133120247e-20, nan 
-1.375, 77.375, 2.179782137189881e-20, nan 
-1.125, 77.375, 2.546816799324697e-20, nan 
-0.875, 77.375, 2.062288962272642e-20, nan 
-0.625, 77.375, 1.5210843233245372e-20, nan 
-0.375, 77.375, 2.1505677488346526e-20, nan 
-0.125, 77.375, 1.8482623719647087e-20, nan 
0.125, 77.375, 2.0532677342027862e-20, nan 
0.375, 77.375, 1.530356913677491e-20, nan 
0.625, 77.375, 1.851024915881026e-20, nan 
0.875, 77.375, 2.1843723552444315e-20, nan 
1.125, 77.375, 1.1931070329374402e-20, nan 
1.375, 77.375, 9.133751893279063e-21, nan 
1.625, 77.375, 9.819128921768695e-21, nan 
1.875, 77.375, 8.12320888046781e-21, nan 
2.125, 77.375, 8.364208355846252e-21, nan 
2.375, 77.375, 9.813064730273346e-21, nan 
2.625, 77.375, 9.565036676019088e-21, nan 
2.875, 77.375, 1.365125005583904e-20, nan 
3.125, 77.375, 1.3457727546565193e-20, nan 
3.375, 77.375, 1.04378178056549e-20, nan 
3.625, 77.375, 1.1034429804638136e-20, nan 
3.875, 77.375, 1.0574653748626899e-20, nan 
4.125, 77.375, 1.212156208652205e-20, nan 
4.375, 77.375, 1.2366705827032566e-20, nan 
4.625, 77.375, 1.7670604051996433e-20, nan 
4.875, 77.375, 1.7784689303205167e-20, nan 
5.125, 77.375, 2.3600461566171726e-20, nan 
5.375, 77.375, 2.621137895625022e-20, nan 
5.625, 77.375, 1.990633017089631e-20, nan 
5.875, 77.375, 2.1776759805698624e-20, nan 
6.125, 77.375, 1.7054428647514328e-20, nan 
6.375, 77.375, 6.733071520300684e-20, nan 
6.625, 77.375, 3.0924989258441074e-20, nan 
6.875, 77.375, 2.0221897026585983e-20, nan 
7.125, 77.375, 2.3216191906549445e-20, nan 
7.375, 77.375, 1.3053729566433356e-20, nan 
7.625, 77.375, 9.604547679797793e-20, nan 
7.875, 77.375, 1.1044079345661334e-20, nan 
8.125, 77.375, 1.184783294999439e-20, nan 
8.375, 77.375, 1.347475175513634e-20, nan 
8.625, 77.375, 6.7552488480322324e-21, nan 
8.875, 77.375, 3.631199134757382e-20, nan 
9.125, 77.375, 6.246784810472484e-21, nan 
9.375, 77.375, 5.765488960012307e-21, nan 
9.625, 77.375, 8.080868441454994e-21, nan 
9.875, 77.375, 4.9186681200958864e-21, nan 
10.125, 77.375, 3.544619562475412e-21, nan 
10.375, 77.375, 3.709910286150582e-21, nan 
10.625, 77.375, 4.6228566014183146e-21, nan 
10.875, 77.375, 3.0767095196634384e-21, nan 
11.125, 77.375, 2.1325283817920812e-21, nan 
11.375, 77.375, 2.7701687932932627e-21, nan 
11.625, 77.375, 3.413774393673501e-21, nan 
11.875, 77.375, 3.166030126190975e-21, nan 
12.125, 77.375, 1.348444303421758e-21, nan 
12.375, 77.375, 9.66910502134886e-22, nan 
12.625, 77.375, 8.808792632975276e-22, nan 
12.875, 77.375, 1.302014737907891e-21, nan 
13.125, 77.375, 1.3882387615993418e-21, nan 
13.375, 77.375, 1.3178862500375992e-21, nan 
13.625, 77.375, 9.398492110837697e-22, nan 
13.875, 77.375, 9.22530160502546e-22, nan 
14.125, 77.375, 1.1218852253327743e-21, nan 
14.375, 77.375, 1.0436465643626912e-21, nan 
14.625, 77.375, 4.753665780272467e-22, nan 
14.875, 77.375, 1.1181507007931354e-21, nan 
15.125, 77.375, 7.956690185957723e-22, nan 
15.375, 77.375, 9.099293960877549e-22, nan 
15.625, 77.375, 1.0661676661472499e-21, nan 
15.875, 77.375, 1.3531698204681944e-21, nan 
16.125, 77.375, 9.847358979774444e-22, nan 
16.375, 77.375, 7.544634877487365e-22, nan 
16.625, 77.375, 7.885229118401231e-22, nan 
16.875, 77.375, 7.727777397735182e-22, nan 
17.125, 77.375, 1.2637763853363674e-21, nan 
17.375, 77.375, 8.481410785966817e-22, nan 
17.625, 77.375, 1.008371784860739e-21, nan 
17.875, 77.375, 1.464499253717426e-21, nan 
18.125, 77.375, 2.5694558430157565e-21, nan 
18.375, 77.375, 1.3128162773260152e-21, nan 
18.625, 77.375, 1.2064083544510716e-21, nan 
18.875, 77.375, 1.0686448741101314e-21, nan 
19.125, 77.375, 1.5002390820176038e-21, nan 
19.375, 77.375, 1.5320685071279136e-21, nan 
19.625, 77.375, 8.423546393863712e-22, nan 
19.875, 77.375, 7.560934984109703e-22, nan 
20.125, 77.375, 5.631720546913739e-22, nan 
20.375, 77.375, 8.007879038826457e-22, nan 
20.625, 77.375, 8.162102600392072e-22, nan 
20.875, 77.375, 5.200258019177747e-22, nan 
21.125, 77.375, 4.926896369993841e-22, nan 
21.375, 77.375, 3.798016379297576e-22, nan 
21.625, 77.375, 3.7323028311937825e-22, nan 
21.875, 77.375, 4.0385147864087676e-22, nan 
22.125, 77.375, 3.6981610443650026e-22, nan 
22.375, 77.375, 4.377585767931667e-22, nan 
22.625, 77.375, 4.195915100344174e-22, nan 
22.875, 77.375, 4.374002724886239e-22, nan 
23.125, 77.375, 3.922091078781569e-22, nan 
23.375, 77.375, 3.2649737746172316e-22, nan 
23.625, 77.375, 6.882501022530163e-22, nan 
23.875, 77.375, 5.387923761013872e-22, nan 
24.125, 77.375, 4.821759358200773e-22, nan 
24.375, 77.375, 3.495858202068713e-22, nan 
24.625, 77.375, 4.739318125869441e-22, nan 
24.875, 77.375, 3.29552748210107e-22, nan 
25.125, 77.375, 2.9312951065827344e-22, nan 
25.375, 77.375, 4.177396816079414e-22, nan 
25.625, 77.375, 6.543926218409543e-22, nan 
25.875, 77.375, 3.2079033052961215e-22, nan 
26.125, 77.375, 3.1671308843441536e-22, nan 
26.375, 77.375, 3.3063264084757155e-22, nan 
26.625, 77.375, 4.370369504733543e-22, nan 
26.875, 77.375, 4.376927835430024e-22, nan 
27.125, 77.375, 3.852135133650058e-22, nan 
27.375, 77.375, 3.80490889569376e-22, nan 
27.625, 77.375, 8.641393955576307e-23, nan 
27.875, 77.375, 1.4567527286663513e-22, nan 
28.125, 77.375, 2.881319054047513e-22, nan 
28.375, 77.375, 1.80893080076146e-22, nan 
28.625, 77.375, 2.1378261863735127e-22, nan 
28.875, 77.375, 2.3041877090361906e-22, nan 
29.125, 77.375, 2.275813574952164e-22, nan 
29.375, 77.375, 2.208722038252582e-22, nan 
29.625, 77.375, 3.0922747602683744e-22, nan 
29.875, 77.375, 2.306612172919226e-22, nan 
30.125, 77.375, 1.7743272410119122e-22, nan 
30.375, 77.375, 1.8816401487782596e-22, nan 
30.625, 77.375, 2.0733370046521354e-22, nan 
30.875, 77.375, 2.797404311053106e-22, nan 
31.125, 77.375, 2.124076938443849e-22, nan 
31.375, 77.375, 1.8503937623259897e-22, nan 
31.625, 77.375, 1.9790963064732853e-22, nan 
31.875, 77.375, 2.3813159452481428e-22, nan 
32.125, 77.375, 3.0700701209016367e-22, nan 
32.375, 77.375, 2.0604977203694931e-22, nan 
32.625, 77.375, 1.2769601662441685e-22, nan 
32.875, 77.375, 6.325365224534544e-23, nan 
33.125, 77.375, 5.433257506075856e-23, nan 
33.375, 77.375, 9.869138210642677e-23, nan 
33.625, 77.375, 1.4814108725548798e-22, nan 
33.875, 77.375, 1.1062959981623662e-22, nan 
34.125, 77.375, 5.60813501011422e-23, nan 
34.375, 77.375, 7.020934863657342e-23, nan 
34.625, 77.375, 8.737943808514423e-23, nan 
34.875, 77.375, 6.039288746802444e-23, nan 
35.125, 77.375, 4.3119368525682453e-23, nan 
35.375, 77.375, 5.763773788711211e-23, nan 
35.625, 77.375, 6.281809250665176e-23, nan 
35.875, 77.375, 7.176535214260448e-23, nan 
36.125, 77.375, 6.985330962766294e-23, nan 
36.375, 77.375, 4.462069436493526e-23, nan 
36.625, 77.375, 4.9343655939158867e-23, nan 
36.875, 77.375, 6.942113139743962e-23, nan 
37.125, 77.375, 7.598732230023889e-23, nan 
37.375, 77.375, 6.967931371424588e-23, nan 
37.625, 77.375, 6.865264812899871e-23, nan 
37.875, 77.375, 9.229603260379229e-23, nan 
38.125, 77.375, 8.839883132012392e-23, nan 
38.375, 77.375, 8.436019542501704e-23, nan 
38.625, 77.375, 6.824279322159552e-23, nan 
38.875, 77.375, 6.318969999879621e-23, nan 
39.125, 77.375, 8.65818111010663e-23, nan 
39.375, 77.375, 4.530341045096712e-23, nan 
39.625, 77.375, 5.758613205875545e-23, nan 
39.875, 77.375, 6.101946536575819e-23, nan 
40.125, 77.375, 3.806347204547152e-23, nan 
40.375, 77.375, 2.3329022317971608e-23, nan 
40.625, 77.375, 4.064806819645949e-23, nan 
40.875, 77.375, 4.6230543068615077e-23, nan 
41.125, 77.375, 8.4260139650335e-23, nan 
41.375, 77.375, 3.2592805561843906e-23, nan 
41.625, 77.375, 4.896794986200876e-23, nan 
41.875, 77.375, 7.28739876782605e-23, nan 
42.125, 77.375, 3.6763459222478024e-23, nan 
42.375, 77.375, 6.982429080529452e-23, nan 
42.625, 77.375, 2.870353534232768e-23, nan 
42.875, 77.375, 3.406300273626465e-23, nan 
43.125, 77.375, 4.07324774424676e-23, nan 
43.375, 77.375, 5.105639910500608e-23, nan 
43.625, 77.375, 4.6842107924454913e-23, nan 
43.875, 77.375, 2.9001054207526974e-23, nan 
44.125, 77.375, 4.31277715761605e-23, nan 
44.375, 77.375, 2.26601362182563e-23, nan 
44.625, 77.375, 3.796443474173459e-23, nan 
44.875, 77.375, 3.5884656577777855e-23, nan 
45.125, 77.375, 4.351123397154371e-23, nan 
45.375, 77.375, 2.9491235794716064e-23, nan 
45.625, 77.375, 4.297450711656343e-23, nan 
45.875, 77.375, 2.615100751754342e-23, nan 
46.125, 77.375, 2.756565710388111e-23, nan 
46.375, 77.375, 3.0101295637112377e-23, nan 
46.625, 77.375, 2.1586678417751905e-23, nan 
46.875, 77.375, 2.803858567694705e-23, nan 
47.125, 77.375, 4.294089430488432e-23, nan 
47.375, 77.375, 3.6624211344389474e-23, nan 
47.625, 77.375, 6.737311572675716e-23, nan 
47.875, 77.375, 4.776671856039479e-23, nan 
48.125, 77.375, 2.833368544073077e-23, nan 
48.375, 77.375, 2.5640631484273635e-23, nan 
48.625, 77.375, 4.175973164700379e-23, nan 
48.875, 77.375, 2.451500945972852e-23, nan 
49.125, 77.375, 3.205313898034844e-23, nan 
49.375, 77.375, 2.6457913908203246e-23, nan 
49.625, 77.375, 4.9823922789444226e-23, nan 
49.875, 77.375, 3.24643725991369e-23, nan 
50.125, 77.375, 1.9248146230702216e-23, nan 
50.375, 77.375, 4.478842650874583e-23, nan 
50.625, 77.375, 2.8906239977672254e-23, nan 
50.875, 77.375, 5.716458294004237e-23, nan 
51.125, 77.375, 3.034137977945799e-23, nan 
51.375, 77.375, 2.0185261224875134e-23, nan 
51.625, 77.375, 7.388998327129757e-23, nan 
51.875, 77.375, 6.220906197286373e-23, nan 
52.125, 77.375, 2.757122396992775e-23, nan 
52.375, 77.375, 3.192955742251634e-23, nan 
52.625, 77.375, 4.886744628839739e-23, nan 
52.875, 77.375, 4.477906901541093e-23, nan 
53.125, 77.375, 3.5662292810951393e-23, nan 
53.375, 77.375, 1.3838810624856917e-23, nan 
53.625, 77.375, 1.124802078052549e-23, nan 
53.875, 77.375, 1.2664819953638061e-23, nan 
54.125, 77.375, 3.723600848423819e-23, nan 
54.375, 77.375, 4.895816784764911e-23, nan 
54.625, 77.375, 1.367214942198264e-23, nan 
54.875, 77.375, 2.0304233465722004e-23, nan 
55.125, 77.375, 2.543565671430706e-23, nan 
55.375, 77.375, 5.867225735154946e-23, nan 
55.625, 77.375, 7.830131331672386e-23, nan 
55.875, 77.375, 2.694823800263101e-23, nan 
56.125, 77.375, 3.6990353525659183e-23, nan 
56.375, 77.375, 1.8538016376493393e-23, nan 
56.625, 77.375, 2.9105543953952686e-23, nan 
56.875, 77.375, 3.6861160708381237e-23, nan 
57.125, 77.375, 4.9545758410940364e-23, nan 
57.375, 77.375, 6.440298905599105e-23, nan 
57.625, 77.375, 6.447371241018538e-23, nan 
57.875, 77.375, 6.664270352040115e-23, nan 
58.125, 77.375, 6.143218507902732e-23, nan 
58.375, 77.375, 6.765480442564567e-23, nan 
58.625, 77.375, 6.977486403987665e-23, nan 
58.875, 77.375, 6.981896232517071e-23, nan 
59.125, 77.375, 6.039776239984469e-23, nan 
59.375, 77.375, 4.739936581782571e-23, nan 
59.625, 77.375, 3.685529053774633e-23, nan 
59.875, 77.375, 3.701755130245045e-23, nan 
60.125, 77.375, 2.11854628193948e-23, nan 
60.375, 77.375, 5.920473202186661e-23, nan 
60.625, 77.375, 5.321699487866021e-23, nan 
60.875, 77.375, 3.25900237323785e-23, nan 
61.125, 77.375, 2.713335124835987e-23, nan 
61.375, 77.375, 2.443040911186572e-23, nan 
61.625, 77.375, 4.0975971144907427e-23, nan 
61.875, 77.375, 3.597246552498799e-23, nan 
62.125, 77.375, 2.960532002736564e-23, nan 
62.375, 77.375, 2.2875720956580708e-23, nan 
62.625, 77.375, 1.6058795163461144e-23, nan 
62.875, 77.375, 1.2197858757982243e-23, nan 
63.125, 77.375, 6.335857472561254e-24, nan 
63.375, 77.375, 6.1690832696909555e-24, nan 
63.625, 77.375, 9.328758222937126e-24, nan 
63.875, 77.375, 8.079699400814058e-24, nan 
64.125, 77.375, 8.674593352165862e-24, nan 
64.375, 77.375, 2.907843363124639e-24, nan 
64.625, 77.375, 5.797666310696941e-24, nan 
64.875, 77.375, 6.60402594539173e-24, nan 
65.125, 77.375, 7.107611477074543e-24, nan 
65.375, 77.375, 3.458715803510806e-24, nan 
65.625, 77.375, 6.704318935722136e-24, nan 
65.875, 77.375, 3.726309087266117e-24, nan 
66.125, 77.375, 5.274353065755869e-24, nan 
66.375, 77.375, 7.677458987165517e-24, nan 
66.625, 77.375, 4.33260787521248e-24, nan 
66.875, 77.375, 3.857834491109594e-24, nan 
67.125, 77.375, 7.707398182690573e-24, nan 
67.375, 77.375, 4.176922595909105e-24, nan 
67.625, 77.375, 7.581216466444668e-24, nan 
67.875, 77.375, 4.5010612251445645e-24, nan 
68.125, 77.375, 8.265403283995283e-24, nan 
68.375, 77.375, 1.3101610325036141e-23, nan 
68.625, 77.375, 7.799044550020377e-24, nan 
68.875, 77.375, 6.363535037031222e-24, nan 
69.125, 77.375, 6.0708304116202506e-24, nan 
69.375, 77.375, 4.6214720570830546e-24, nan 
69.625, 77.375, 6.650581057524477e-24, nan 
69.875, 77.375, 7.63276075778761e-24, nan 
70.125, 77.375, 6.208887825737725e-24, nan 
70.375, 77.375, 6.3739015265409806e-24, nan 
70.625, 77.375, 6.360466951619983e-24, nan 
70.875, 77.375, 3.1446778847142308e-24, nan 
71.125, 77.375, 3.7579286064619846e-24, nan 
71.375, 77.375, 5.558416966033355e-24, nan 
71.625, 77.375, 4.5465790875319526e-24, nan 
71.875, 77.375, 8.155962939738308e-24, nan 
72.125, 77.375, 3.6289194259106716e-24, nan 
72.375, 77.375, 4.939026858211802e-24, nan 
72.625, 77.375, 6.722318160499353e-24, nan 
72.875, 77.375, 4.431007976745163e-24, nan 
73.125, 77.375, 4.936669744048788e-24, nan 
73.375, 77.375, 4.730221831133728e-24, nan 
73.625, 77.375, 6.198034177353796e-24, nan 
73.875, 77.375, 6.038436308634599e-24, nan 
74.125, 77.375, 3.671272946177803e-24, nan 
74.375, 77.375, 4.263685065413151e-24, nan 
74.625, 77.375, 5.120288404704973e-24, nan 
74.875, 77.375, 4.352958895295564e-24, nan 
75.125, 77.375, 3.96301691196782e-24, nan 
75.375, 77.375, 5.715042809175735e-24, nan 
75.625, 77.375, 3.760450164806398e-24, nan 
75.875, 77.375, 7.096423903409957e-24, nan 
76.125, 77.375, 4.321316310488092e-24, nan 
76.375, 77.375, 4.727292581576774e-24, nan 
76.625, 77.375, 5.0469015477751586e-24, nan 
76.875, 77.375, 5.991180663381644e-24, nan 
77.125, 77.375, 6.3617364031488624e-24, nan 
77.375, 77.375, 6.327279411687823e-24, nan 
77.625, 77.375, 4.6660109840461326e-24, nan 
77.875, 77.375, 4.118137892858742e-24, nan 
78.125, 77.375, 4.5461834574509006e-24, nan 
78.375, 77.375, 4.716161089788532e-24, nan 
78.625, 77.375, 5.4860839062763e-24, nan 
78.875, 77.375, 5.102463142796025e-24, nan 
79.125, 77.375, 2.4829508144631023e-24, nan 
79.375, 77.375, 2.935053463491928e-24, nan 
79.625, 77.375, 3.2928498654712603e-24, nan 
79.875, 77.375, 3.3792305097756936e-24, nan 
80.125, 77.375, 4.202142683674343e-24, nan 
80.375, 77.375, 2.4370524885218207e-24, nan 
80.625, 77.375, 5.026992030848448e-24, nan 
80.875, 77.375, 4.162600934096982e-24, nan 
81.125, 77.375, 3.412784155322677e-24, nan 
81.375, 77.375, 4.622611545816166e-24, nan 
81.625, 77.375, 4.602863106262432e-24, nan 
81.875, 77.375, 6.308770512616016e-24, nan 
82.125, 77.375, 7.38303324220127e-24, nan 
82.375, 77.375, 3.024355684463024e-24, nan 
82.625, 77.375, 4.329306329527753e-24, nan 
82.875, 77.375, 4.74487002668812e-24, nan 
83.125, 77.375, 5.908358553910443e-24, nan 
83.375, 77.375, 3.724879468025106e-24, nan 
83.625, 77.375, 5.197671366389372e-24, nan 
83.875, 77.375, 3.412271533610376e-24, nan 
84.125, 77.375, 3.428586596502383e-24, nan 
84.375, 77.375, 3.2454207883295425e-24, nan 
84.625, 77.375, 6.995489048266684e-24, nan 
84.875, 77.375, 8.448167777163179e-24, nan 
85.125, 77.375, 9.917638372282944e-24, nan 
85.375, 77.375, 1.304742228699756e-23, nan 
85.625, 77.375, 1.3535349310407064e-23, nan 
85.875, 77.375, 1.2577725298360243e-23, nan 
86.125, 77.375, 1.2903203623283557e-23, nan 
86.375, 77.375, 1.3516906206390378e-23, nan 
86.625, 77.375, 1.961040362867558e-23, nan 
86.875, 77.375, 1.833290320466993e-23, nan 
87.125, 77.375, 1.5542464614136842e-23, nan 
87.375, 77.375, 2.4924179928558884e-23, nan 
87.625, 77.375, 4.2425788599444784e-23, nan 
87.875, 77.375, 6.209502187119158e-23, nan 
88.125, 77.375, 5.971307831364812e-23, nan 
88.375, 77.375, 4.3856464672097956e-23, nan 
88.625, 77.375, 3.290198259253085e-23, nan 
88.875, 77.375, 4.100341764649734e-23, nan 
89.125, 77.375, 4.5121288842980713e-23, nan 
89.375, 77.375, 4.2316611874133685e-23, nan 
89.625, 77.375, 4.024750981935309e-23, nan 
89.875, 77.375, 4.2482312442225756e-23, nan 
90.125, 77.375, 3.639412771541394e-23, nan 
90.375, 77.375, 3.6151662342512176e-23, nan 
90.625, 77.375, 2.6934077952491084e-23, nan 
90.875, 77.375, 2.701876900311477e-23, nan 
91.125, 77.375, 2.8258248065817223e-23, nan 
91.375, 77.375, 2.56648916865628e-23, nan 
91.625, 77.375, 1.883982599805063e-23, nan 
91.875, 77.375, 1.72186854959379e-23, nan 
92.125, 77.375, 1.3120424434884685e-23, nan 
92.375, 77.375, 1.237848121288125e-23, nan 
92.625, 77.375, 1.2168998049702763e-23, nan 
92.875, 77.375, 9.282773600330353e-24, nan 
93.125, 77.375, 5.955456829018204e-24, nan 
93.375, 77.375, 4.17026983293298e-24, nan 
93.625, 77.375, 5.8959824505348956e-24, nan 
93.875, 77.375, 1.14972440163345e-23, nan 
94.125, 77.375, 1.0016864925279551e-23, nan 
94.375, 77.375, 1.0508462781540296e-23, nan 
94.625, 77.375, 8.957733971379304e-24, nan 
94.875, 77.375, 9.082387402393974e-24, nan 
95.125, 77.375, 9.669578340494827e-24, nan 
95.375, 77.375, 1.0358355400575202e-23, nan 
95.625, 77.375, 1.0596511717306106e-23, nan 
95.875, 77.375, 1.0776577390741992e-23, nan 
96.125, 77.375, 9.864987498996504e-24, nan 
96.375, 77.375, 9.955348649805343e-24, nan 
96.625, 77.375, 1.0202272024674462e-23, nan 
96.875, 77.375, 8.829366351206433e-24, nan 
97.125, 77.375, 8.761447292408584e-24, nan 
97.375, 77.375, 5.009065907114208e-24, nan 
97.625, 77.375, 5.006684774584858e-24, nan 
97.875, 77.375, 4.320542752761479e-24, nan 
98.125, 77.375, 4.314060801708106e-24, nan 
98.375, 77.375, 3.8004614665399914e-24, nan 
98.625, 77.375, 4.057216692945489e-24, nan 
98.875, 77.375, 2.712150715374772e-24, nan 
99.125, 77.375, 3.8510834190637766e-24, nan 
99.375, 77.375, 4.6393538300334004e-24, nan 
99.625, 77.375, 4.86662945373465e-24, nan 
99.875, 77.375, 5.445162886619453e-24, nan 
100.125, 77.375, 4.5356876087391106e-24, nan 
100.375, 77.375, 5.470897349204456e-24, nan 
100.625, 77.375, 5.755632724519391e-24, nan 
100.875, 77.375, 4.0735576451675396e-24, nan 
101.125, 77.375, 6.4488837305765925e-24, nan 
101.375, 77.375, 5.438224083632356e-24, nan 
101.625, 77.375, 7.514717920616385e-24, nan 
101.875, 77.375, 4.886485804184281e-24, nan 
102.125, 77.375, 3.4555491428736536e-24, nan 
102.375, 77.375, 4.3807723828571695e-24, nan 
102.625, 77.375, 4.312514406668497e-24, nan 
102.875, 77.375, 5.347470491132529e-24, nan 
103.125, 77.375, 4.595635754543376e-24, nan 
103.375, 77.375, 4.685916798911302e-24, nan 
103.625, 77.375, 3.9905735992469326e-24, nan 
103.875, 77.375, 3.147700719245588e-24, nan 
104.125, 77.375, 3.492550980550566e-24, nan 
104.375, 77.375, 3.547271282251707e-24, nan 
104.625, 77.375, 2.994851115046464e-24, nan 
104.875, 77.375, 3.177154181483752e-24, nan 
105.125, 77.375, 2.021342863517582e-24, nan 
105.375, 77.375, 2.26370536583044e-24, nan 
105.625, 77.375, 2.3393038450562815e-24, nan 
105.875, 77.375, 2.990137646115088e-24, nan 
106.125, 77.375, 2.4673892030785365e-24, nan 
106.375, 77.375, 2.744057946788222e-24, nan 
106.625, 77.375, 2.1579020498786246e-24, nan 
106.875, 77.375, 2.1704293981083047e-24, nan 
107.125, 77.375, 2.4868748047525984e-24, nan 
107.375, 77.375, 1.9395445248151868e-24, nan 
107.625, 77.375, 1.3701315993338977e-24, nan 
107.875, 77.375, 1.0055211479947543e-24, nan 
108.125, 77.375, 1.3940150138465389e-24, nan 
108.375, 77.375, 3.186633810675903e-24, nan 
108.625, 77.375, 2.7926669494922434e-24, nan 
108.875, 77.375, 2.1446886873333665e-24, nan 
109.125, 77.375, 2.2905302253887562e-24, nan 
109.375, 77.375, 3.2416880300759515e-24, nan 
109.625, 77.375, 1.9257185463599055e-24, nan 
109.875, 77.375, 2.959175771631457e-24, nan 
110.125, 77.375, 2.9451423745234777e-24, nan 
110.375, 77.375, 4.940263458715354e-24, nan 
110.625, 77.375, 8.014919026454338e-24, nan 
110.875, 77.375, 5.415902042250836e-24, nan 
111.125, 77.375, 5.4151100985615886e-24, nan 
111.375, 77.375, 8.971252165429093e-24, nan 
111.625, 77.375, 9.149788190433296e-24, nan 
111.875, 77.375, 6.330470966136387e-24, nan 
112.125, 77.375, 3.413704575647745e-24, nan 
112.375, 77.375, 3.9499389427258745e-24, nan 
112.625, 77.375, 3.171435075398447e-24, nan 
112.875, 77.375, 2.232911134532299e-24, nan 
113.125, 77.375, 3.596781717805994e-24, nan 
113.375, 77.375, 4.220427968406118e-24, nan 
113.625, 77.375, 3.425214233983778e-24, nan 
113.875, 77.375, 1.0509225352624328e-24, nan 
114.125, 77.375, 3.637715683956538e-24, nan 
114.375, 77.375, 4.3779471661402815e-24, nan 
114.625, 77.375, 3.430925477777219e-24, nan 
114.875, 77.375, 3.668245880523542e-24, nan 
115.125, 77.375, 3.475991716118367e-24, nan 
115.375, 77.375, 6.4507353722434934e-24, nan 
115.625, 77.375, 6.133101391561031e-24, nan 
115.875, 77.375, 4.684913166396296e-24, nan 
116.125, 77.375, 6.0166805967204665e-24, nan 
116.375, 77.375, 9.674836516508086e-24, nan 
116.625, 77.375, 1.2576478721286565e-23, nan 
116.875, 77.375, 1.2013221878911844e-23, nan 
117.125, 77.375, 9.951272318330401e-24, nan 
117.375, 77.375, 7.459822856722172e-24, nan 
117.625, 77.375, 1.3413413727534322e-23, nan 
117.875, 77.375, 1.5687316162282453e-23, nan 
118.125, 77.375, 1.213249671327741e-23, nan 
118.375, 77.375, 1.1065247008803547e-23, nan 
118.625, 77.375, 9.311733481795144e-24, nan 
118.875, 77.375, 8.971867925347161e-24, nan 
119.125, 77.375, 1.089124201157131e-23, nan 
119.375, 77.375, 9.310210986799344e-24, nan 
119.625, 77.375, 6.139466180854444e-24, nan 
119.875, 77.375, 5.015583545693012e-24, nan 
120.125, 77.375, 5.6285855881957465e-24, nan 
120.375, 77.375, 6.5410223352789215e-24, nan 
120.625, 77.375, 4.39523529508478e-24, nan 
120.875, 77.375, 1.9525316235289335e-24, nan 
121.125, 77.375, 5.200420216121928e-24, nan 
121.375, 77.375, 7.104450775998795e-24, nan 
121.625, 77.375, 7.989150124290764e-24, nan 
121.875, 77.375, 6.93848757302071e-24, nan 
122.125, 77.375, 4.637948917040731e-24, nan 
122.375, 77.375, 4.537573004591567e-24, nan 
122.625, 77.375, 7.41677039615073e-24, nan 
122.875, 77.375, 8.815144984697746e-24, nan 
123.125, 77.375, 8.20062614331249e-24, nan 
123.375, 77.375, 5.999770329713e-24, nan 
123.625, 77.375, 2.902513083963074e-24, nan 
123.875, 77.375, 8.952439965100242e-24, nan 
124.125, 77.375, 1.21226590538971e-23, nan 
124.375, 77.375, 1.0794518353666826e-23, nan 
124.625, 77.375, 9.814359475190817e-24, nan 
124.875, 77.375, 4.524954356402729e-24, nan 
125.125, 77.375, 4.546823546422034e-24, nan 
125.375, 77.375, 5.686079226309516e-24, nan 
125.625, 77.375, 6.191768560387084e-24, nan 
125.875, 77.375, 5.863719535413442e-24, nan 
126.125, 77.375, 5.896292913103763e-24, nan 
126.375, 77.375, 5.629392126508749e-24, nan 
126.625, 77.375, 4.411864099399455e-24, nan 
126.875, 77.375, 3.109247064667842e-24, nan 
127.125, 77.375, 4.800634958589557e-24, nan 
127.375, 77.375, 6.434923785971599e-24, nan 
127.625, 77.375, 2.651356496884622e-24, nan 
127.875, 77.375, 4.804547834777172e-24, nan 
128.125, 77.375, 4.7738596533901856e-24, nan 
128.375, 77.375, 2.7608150723046227e-24, nan 
128.625, 77.375, 2.007275303964788e-24, nan 
128.875, 77.375, 1.2937029163150684e-24, nan 
129.125, 77.375, 9.930634002059553e-25, nan 
129.375, 77.375, 1.676588544806041e-24, nan 
129.625, 77.375, 1.7612800210104327e-24, nan 
129.875, 77.375, 1.4953234170120816e-24, nan 
130.125, 77.375, 2.1101490452779236e-24, nan 
130.375, 77.375, 1.7348332344734714e-24, nan 
130.625, 77.375, 1.2263605527031034e-24, nan 
130.875, 77.375, 1.1745602172398233e-24, nan 
131.125, 77.375, 1.5653037377244593e-24, nan 
131.375, 77.375, 1.66970789771362e-24, nan 
131.625, 77.375, 1.1308110864860501e-24, nan 
131.875, 77.375, 1.6186580527529236e-24, nan 
132.125, 77.375, 1.3869211667460968e-24, nan 
132.375, 77.375, 1.6072967953864185e-24, nan 
132.625, 77.375, 1.8060825415188826e-24, nan 
132.875, 77.375, 2.512536020750284e-24, nan 
133.125, 77.375, 2.3013776727176605e-24, nan 
133.375, 77.375, 1.6735916715266287e-24, nan 
133.625, 77.375, 1.442374845765066e-24, nan 
133.875, 77.375, 1.499331888521123e-24, nan 
134.125, 77.375, 3.0232557657288487e-24, nan 
134.375, 77.375, 2.6954246067141176e-24, nan 
134.625, 77.375, 1.8805340624737614e-24, nan 
134.875, 77.375, 1.7103293152575344e-24, nan 
135.125, 77.375, 1.6483659507736544e-24, nan 
135.375, 77.375, 3.2579289912663734e-24, nan 
135.625, 77.375, 1.559786270269479e-24, nan 
135.875, 77.375, 1.4648384256161674e-24, nan 
136.125, 77.375, 2.773087796888134e-24, nan 
136.375, 77.375, 3.924213459654552e-24, nan 
136.625, 77.375, 3.3309450309597614e-24, nan 
136.875, 77.375, 3.2531401956524154e-24, nan 
137.125, 77.375, 1.7662200973583373e-24, nan 
137.375, 77.375, 3.1189897061585063e-24, nan 
137.625, 77.375, 4.815624896386848e-24, nan 
137.875, 77.375, 3.2142476235201473e-24, nan 
138.125, 77.375, 2.665387385514596e-24, nan 
138.375, 77.375, 1.3643785671251987e-24, nan 
138.625, 77.375, 1.3453081824420466e-24, nan 
138.875, 77.375, 2.5536773956018394e-24, nan 
139.125, 77.375, 4.255591256235696e-24, nan 
139.375, 77.375, 3.8007668337803145e-24, nan 
139.625, 77.375, 3.673649109669398e-24, nan 
139.875, 77.375, 4.270789196581267e-24, nan 
140.125, 77.375, 3.5685371141396625e-24, nan 
140.375, 77.375, 1.1579293625010032e-23, nan 
140.625, 77.375, 3.5315855728566486e-24, nan 
140.875, 77.375, 3.608596849837135e-24, nan 
141.125, 77.375, 3.810806300903316e-24, nan 
141.375, 77.375, 3.0959052438645753e-24, nan 
141.625, 77.375, 7.569437991321473e-24, nan 
141.875, 77.375, 3.1444346661620754e-24, nan 
142.125, 77.375, 2.9151074662129863e-24, nan 
142.375, 77.375, 2.4343734676530684e-24, nan 
142.625, 77.375, 2.882212468550585e-24, nan 
142.875, 77.375, 2.4586384423178508e-24, nan 
143.125, 77.375, 2.3440656630516853e-24, nan 
143.375, 77.375, 1.9497578458584245e-24, nan 
143.625, 77.375, 1.6165910858218896e-24, nan 
143.875, 77.375, 2.1151581426589767e-24, nan 
144.125, 77.375, 1.1276561891755437e-24, nan 
144.375, 77.375, 6.031636902290468e-25, nan 
144.625, 77.375, 1.3694511690074209e-24, nan 
144.875, 77.375, 1.2586331244344597e-24, nan 
145.125, 77.375, 1.3469935322851406e-24, nan 
145.375, 77.375, 1.0169570795322106e-24, nan 
145.625, 77.375, 8.179239006117622e-25, nan 
145.875, 77.375, 1.515301083265854e-24, nan 
146.125, 77.375, 1.4086065621669794e-24, nan 
146.375, 77.375, 1.3584527264588013e-24, nan 
146.625, 77.375, 1.1466170616142687e-24, nan 
146.875, 77.375, 1.5180702324801129e-24, nan 
147.125, 77.375, 1.2794040337151558e-24, nan 
147.375, 77.375, 1.301904213594846e-24, nan 
147.625, 77.375, 1.3343081448899283e-24, nan 
147.875, 77.375, 1.0491156236343156e-24, nan 
148.125, 77.375, 1.3856141044582664e-24, nan 
148.375, 77.375, 8.03484972013537e-25, nan 
148.625, 77.375, 8.490129210611584e-25, nan 
148.875, 77.375, 6.7270078453854015e-25, nan 
149.125, 77.375, 9.837000707807e-25, nan 
149.375, 77.375, 8.408663378157599e-25, nan 
149.625, 77.375, 1.4715174948225467e-24, nan 
149.875, 77.375, 1.9784579525512184e-24, nan 
150.125, 77.375, 1.8192774501939135e-24, nan 
150.375, 77.375, 2.560117759665222e-24, nan 
150.625, 77.375, 2.3825641726748327e-24, nan 
150.875, 77.375, 2.3297159461968817e-24, nan 
151.125, 77.375, 1.3515767059777997e-24, nan 
151.375, 77.375, 1.005154535707197e-24, nan 
151.625, 77.375, 1.6230900078075903e-24, nan 
151.875, 77.375, 1.5847991772671284e-24, nan 
152.125, 77.375, 2.053061481814315e-24, nan 
152.375, 77.375, 1.6035960467588048e-24, nan 
152.625, 77.375, 1.7164907297774105e-24, nan 
152.875, 77.375, 1.31482759061537e-24, nan 
153.125, 77.375, 2.0900872320078662e-24, nan 
153.375, 77.375, 2.36845624175746e-24, nan 
153.625, 77.375, 3.226650999212926e-24, nan 
153.875, 77.375, 3.2904414382069193e-24, nan 
154.125, 77.375, 2.1184141803294834e-24, nan 
154.375, 77.375, 2.1849297058216556e-24, nan 
154.625, 77.375, 2.2903592361237317e-24, nan 
154.875, 77.375, 2.6551071395805023e-24, nan 
155.125, 77.375, 2.3235612533961838e-24, nan 
155.375, 77.375, 1.6776664587623813e-24, nan 
155.625, 77.375, 1.6541253110255811e-24, nan 
155.875, 77.375, 1.5641341760596106e-24, nan 
156.125, 77.375, 1.415880432024714e-24, nan 
156.375, 77.375, 9.241074932067628e-25, nan 
156.625, 77.375, 8.515074143555084e-25, nan 
156.875, 77.375, 1.5121504217827532e-24, nan 
157.125, 77.375, 2.0086812876196265e-24, nan 
157.375, 77.375, 2.3563659236079346e-24, nan 
157.625, 77.375, 2.121977566550179e-24, nan 
157.875, 77.375, 2.6584828289076223e-24, nan 
158.125, 77.375, 3.5327298815277565e-24, nan 
158.375, 77.375, 3.020200259648498e-24, nan 
158.625, 77.375, 2.8000786257749847e-24, nan 
158.875, 77.375, 2.510329661119182e-24, nan 
159.125, 77.375, 3.253286634159502e-24, nan 
159.375, 77.375, 4.687563629017582e-24, nan 
159.625, 77.375, 4.118418423340172e-24, nan 
159.875, 77.375, 3.480134776606876e-24, nan 
160.125, 77.375, 2.5269311117450307e-24, nan 
160.375, 77.375, 2.8237339820095512e-24, nan 
160.625, 77.375, 2.9664194949105828e-24, nan 
160.875, 77.375, 3.390723197667672e-24, nan 
161.125, 77.375, 2.9591724307867702e-24, nan 
161.375, 77.375, 2.8196925179843747e-24, nan 
161.625, 77.375, 6.913337452564529e-24, nan 
161.875, 77.375, 9.459514402246959e-24, nan 
162.125, 77.375, 9.179783834322174e-24, nan 
162.375, 77.375, 8.475257471444412e-24, nan 
162.625, 77.375, 7.826970460077793e-24, nan 
162.875, 77.375, 5.2409100608831655e-24, nan 
163.125, 77.375, 4.217274572421532e-24, nan 
163.375, 77.375, 4.1077371220384945e-24, nan 
163.625, 77.375, 4.449987293398109e-24, nan 
163.875, 77.375, 6.607829660365111e-24, nan 
164.125, 77.375, 5.919281438336756e-24, nan 
164.375, 77.375, 7.048531626791676e-24, nan 
164.625, 77.375, 6.979639079382538e-24, nan 
164.875, 77.375, 4.4358924335947944e-24, nan 
165.125, 77.375, 3.5453458687007546e-24, nan 
165.375, 77.375, 4.848613886032573e-24, nan 
165.625, 77.375, 5.586042795453969e-24, nan 
165.875, 77.375, 4.689430017507231e-24, nan 
166.125, 77.375, 3.7917231428144496e-24, nan 
166.375, 77.375, 4.348185091812774e-24, nan 
166.625, 77.375, 5.429059948157074e-24, nan 
166.875, 77.375, 6.528179255009673e-24, nan 
167.125, 77.375, 6.581006354491201e-24, nan 
167.375, 77.375, 4.998470329950712e-24, nan 
167.625, 77.375, 5.656287173941974e-24, nan 
167.875, 77.375, 5.722887953720454e-24, nan 
168.125, 77.375, 3.847464190420394e-24, nan 
168.375, 77.375, 3.319212785049672e-24, nan 
168.625, 77.375, 2.582087396935045e-24, nan 
168.875, 77.375, 3.1385094973217188e-24, nan 
169.125, 77.375, 3.591470517816122e-24, nan 
169.375, 77.375, 3.654409308617235e-24, nan 
169.625, 77.375, 3.2763990584210378e-24, nan 
169.875, 77.375, 4.06480588258504e-24, nan 
170.125, 77.375, 3.469005782821431e-24, nan 
170.375, 77.375, 4.2465661332415596e-24, nan 
170.625, 77.375, 6.250418562901914e-24, nan 
170.875, 77.375, 6.548617122411445e-24, nan 
171.125, 77.375, 6.225010606472623e-24, nan 
171.375, 77.375, 5.4040099299478816e-24, nan 
171.625, 77.375, 5.559477625349167e-24, nan 
171.875, 77.375, 6.912219760091182e-24, nan 
172.125, 77.375, 5.5807637459353735e-24, nan 
172.375, 77.375, 3.65762038138041e-24, nan 
172.625, 77.375, 4.59113230295737e-24, nan 
172.875, 77.375, 3.2221477581017376e-24, nan 
173.125, 77.375, 3.449903336844309e-24, nan 
173.375, 77.375, 2.5841943857892283e-24, nan 
173.625, 77.375, 2.0051267638139685e-24, nan 
173.875, 77.375, 5.0588299949816886e-24, nan 
174.125, 77.375, 5.566780170701915e-24, nan 
174.375, 77.375, 6.4292779558244436e-24, nan 
174.625, 77.375, 6.3147803171375685e-24, nan 
174.875, 77.375, 3.7910288958461395e-24, nan 
175.125, 77.375, 3.728470796607691e-24, nan 
175.375, 77.375, 4.5207870333244945e-24, nan 
175.625, 77.375, 4.409107341832228e-24, nan 
175.875, 77.375, 4.457173781952568e-24, nan 
176.125, 77.375, 4.581855987597078e-24, nan 
176.375, 77.375, 3.892521661653677e-24, nan 
176.625, 77.375, 3.881778984626538e-24, nan 
176.875, 77.375, 2.6899608271630673e-24, nan 
177.125, 77.375, 3.87493373392393e-24, nan 
177.375, 77.375, 6.751154939474843e-24, nan 
177.625, 77.375, 5.883159551601971e-24, nan 
177.875, 77.375, 4.664362444873746e-24, nan 
178.125, 77.375, 2.627591311912993e-24, nan 
178.375, 77.375, 2.2493210224218572e-24, nan 
178.625, 77.375, 3.955704139812078e-24, nan 
178.875, 77.375, 4.594230752021184e-24, nan 
179.125, 77.375, 4.2057529865941534e-24, nan 
179.375, 77.375, 3.799950085031739e-24, nan 
179.625, 77.375, 3.422920554744358e-24, nan 
179.875, 77.375, 3.3023293622098695e-24, nan 
-179.875, 77.625, 2.6330474427693612e-24, nan 
-179.625, 77.625, 3.493401494732342e-24, nan 
-179.375, 77.625, 3.985726835437334e-24, nan 
-179.125, 77.625, 3.6530219246846415e-24, nan 
-178.875, 77.625, 5.316520902587932e-24, nan 
-178.625, 77.625, 9.655854503525464e-24, nan 
-178.375, 77.625, 9.285906917525199e-24, nan 
-178.125, 77.625, 9.521784526201961e-24, nan 
-177.875, 77.625, 4.995002376869886e-24, nan 
-177.625, 77.625, 4.594845818602839e-24, nan 
-177.375, 77.625, 1.1875021930149451e-23, nan 
-177.125, 77.625, 1.2096722287404012e-23, nan 
-176.875, 77.625, 1.2899595326410727e-23, nan 
-176.625, 77.625, 5.2837253329028064e-24, nan 
-176.375, 77.625, 3.623060555910246e-24, nan 
-176.125, 77.625, 7.233493956609545e-24, nan 
-175.875, 77.625, 1.032854387384169e-23, nan 
-175.625, 77.625, 4.8276960476454965e-24, nan 
-175.375, 77.625, 6.240124816088526e-24, nan 
-175.125, 77.625, 8.07879352915436e-24, nan 
-174.875, 77.625, 1.0426619169558715e-23, nan 
-174.625, 77.625, 1.0264136526672197e-23, nan 
-174.375, 77.625, 1.0972746495958359e-23, nan 
-174.125, 77.625, 8.991678043855416e-24, nan 
-173.875, 77.625, 1.0830332892118617e-23, nan 
-173.625, 77.625, 1.1689818649262966e-23, nan 
-173.375, 77.625, 1.240242671885073e-23, nan 
-173.125, 77.625, 1.4090557995245578e-23, nan 
-172.875, 77.625, 1.4363439953404484e-23, nan 
-172.625, 77.625, 1.9267907687338796e-23, nan 
-172.375, 77.625, 2.3940565157026743e-23, nan 
-172.125, 77.625, 1.4856759210939276e-23, nan 
-171.875, 77.625, 6.1878451263484644e-24, nan 
-171.625, 77.625, 1.4654767236686e-23, nan 
-171.375, 77.625, 2.077601866754421e-23, nan 
-171.125, 77.625, 1.8634590455164376e-23, nan 
-170.875, 77.625, 9.674924066639584e-24, nan 
-170.625, 77.625, 6.392327205426744e-24, nan 
-170.375, 77.625, 7.151804727035235e-24, nan 
-170.125, 77.625, 6.130531022910326e-24, nan 
-169.875, 77.625, 5.594276334587611e-24, nan 
-169.625, 77.625, 5.171182890389546e-24, nan 
-169.375, 77.625, 1.5649455027959512e-23, nan 
-169.125, 77.625, 2.1578210357717408e-23, nan 
-168.875, 77.625, 1.4010915764661774e-23, nan 
-168.625, 77.625, 1.5506356632689758e-23, nan 
-168.375, 77.625, 1.653477788299836e-23, nan 
-168.125, 77.625, 1.7962283976073276e-23, nan 
-167.875, 77.625, 1.7221323175757824e-23, nan 
-167.625, 77.625, 2.4731287506438632e-23, nan 
-167.375, 77.625, 2.454123957033568e-23, nan 
-167.125, 77.625, 1.9488586452020224e-23, nan 
-166.875, 77.625, 1.81202290342071e-23, nan 
-166.625, 77.625, 1.1903457107483598e-23, nan 
-166.375, 77.625, 1.1012117656600174e-23, nan 
-166.125, 77.625, 1.192278212724317e-23, nan 
-165.875, 77.625, 2.1388358985045888e-23, nan 
-165.625, 77.625, 8.81136415369684e-24, nan 
-165.375, 77.625, 2.994282923251342e-24, nan 
-165.125, 77.625, 3.778088339895829e-24, nan 
-164.875, 77.625, 6.878593608907352e-24, nan 
-164.625, 77.625, 1.1397839603265112e-23, nan 
-164.375, 77.625, 1.1703049759482864e-23, nan 
-164.125, 77.625, 1.0513097150934915e-23, nan 
-163.875, 77.625, 1.1811830701957646e-23, nan 
-163.625, 77.625, 1.518010643447605e-23, nan 
-163.375, 77.625, 1.2047766939388443e-23, nan 
-163.125, 77.625, 9.634285551588525e-24, nan 
-162.875, 77.625, 8.716104727302885e-24, nan 
-162.625, 77.625, 8.349692859829741e-24, nan 
-162.375, 77.625, 9.608394576616362e-24, nan 
-162.125, 77.625, 9.662983418412642e-24, nan 
-161.875, 77.625, 1.00191073455821e-23, nan 
-161.625, 77.625, 1.1637876796242037e-23, nan 
-161.375, 77.625, 1.3058562134092001e-23, nan 
-161.125, 77.625, 1.159662038606088e-23, nan 
-160.875, 77.625, 1.2055129501614229e-23, nan 
-160.625, 77.625, 1.1013817454662417e-23, nan 
-160.375, 77.625, 1.2742872908718055e-23, nan 
-160.125, 77.625, 1.4465740428748025e-23, nan 
-159.875, 77.625, 1.2325693754547391e-23, nan 
-159.625, 77.625, 1.1394962110910717e-23, nan 
-159.375, 77.625, 9.381818219074984e-24, nan 
-159.125, 77.625, 9.328160249315268e-24, nan 
-158.875, 77.625, 3.72750133759481e-24, nan 
-158.625, 77.625, 2.843748356884757e-24, nan 
-158.375, 77.625, 2.360939705142278e-24, nan 
-158.125, 77.625, 2.3196121840076417e-24, nan 
-157.875, 77.625, 6.3152024111764175e-24, nan 
-157.625, 77.625, 3.2989713712740804e-24, nan 
-157.375, 77.625, 3.0108638365669382e-24, nan 
-157.125, 77.625, 2.1969306466721425e-24, nan 
-156.875, 77.625, 4.6085656338645606e-24, nan 
-156.625, 77.625, 5.39547746201643e-24, nan 
-156.375, 77.625, 5.561464185787015e-24, nan 
-156.125, 77.625, 4.7313158921860095e-24, nan 
-155.875, 77.625, 8.82737411825828e-24, nan 
-155.625, 77.625, 1.1851948429019477e-23, nan 
-155.375, 77.625, 1.3787858760087208e-23, nan 
-155.125, 77.625, 1.1132185548958563e-23, nan 
-154.875, 77.625, 1.0304104562776085e-23, nan 
-154.625, 77.625, 1.387442348315278e-23, nan 
-154.375, 77.625, 1.4415220798292532e-23, nan 
-154.125, 77.625, 2.0569901667543843e-23, nan 
-153.875, 77.625, 1.7380778919922157e-23, nan 
-153.625, 77.625, 1.3912769351013042e-23, nan 
-153.375, 77.625, 1.1762506879276138e-23, nan 
-153.125, 77.625, 1.070520434476438e-23, nan 
-152.875, 77.625, 1.2783053888297829e-23, nan 
-152.625, 77.625, 8.595262831389001e-24, nan 
-152.375, 77.625, 6.831568142188575e-24, nan 
-152.125, 77.625, 7.625209668293057e-24, nan 
-151.875, 77.625, 6.749805467091402e-24, nan 
-151.625, 77.625, 6.014015820426299e-24, nan 
-151.375, 77.625, 6.590223895626988e-24, nan 
-151.125, 77.625, 7.123560409316424e-24, nan 
-150.875, 77.625, 9.26704017241448e-24, nan 
-150.625, 77.625, 8.359541278224535e-24, nan 
-150.375, 77.625, 8.363573220300113e-24, nan 
-150.125, 77.625, 1.0350776516321727e-23, nan 
-149.875, 77.625, 1.1458772100099572e-23, nan 
-149.625, 77.625, 1.0902084017236983e-23, nan 
-149.375, 77.625, 1.2550774984178785e-23, nan 
-149.125, 77.625, 1.8181503380247583e-23, nan 
-148.875, 77.625, 1.9481742327470522e-23, nan 
-148.625, 77.625, 2.0669373761013013e-23, nan 
-148.375, 77.625, 1.8441274973520866e-23, nan 
-148.125, 77.625, 1.761043783731983e-23, nan 
-147.875, 77.625, 2.467591617864532e-23, nan 
-147.625, 77.625, 2.6364215928113676e-23, nan 
-147.375, 77.625, 2.2183294216745822e-23, nan 
-147.125, 77.625, 3.3278302381700577e-23, nan 
-146.875, 77.625, 1.7452092464806786e-23, nan 
-146.625, 77.625, 2.6847330346512675e-23, nan 
-146.375, 77.625, 1.9340985420503896e-23, nan 
-146.125, 77.625, 2.1075153742227645e-23, nan 
-145.875, 77.625, 3.2479557246925774e-23, nan 
-145.625, 77.625, 2.8495901449334687e-23, nan 
-145.375, 77.625, 3.2444480392378346e-23, nan 
-145.125, 77.625, 4.9525841933637964e-23, nan 
-144.875, 77.625, 6.970954649514719e-23, nan 
-144.625, 77.625, 7.976037271928857e-23, nan 
-144.375, 77.625, 6.412968101088612e-23, nan 
-144.125, 77.625, 4.2369661379162966e-23, nan 
-143.875, 77.625, 3.616668908579733e-23, nan 
-143.625, 77.625, 2.8141177580546884e-23, nan 
-143.375, 77.625, 3.0780685546807785e-23, nan 
-143.125, 77.625, 3.911453759549776e-23, nan 
-142.875, 77.625, 3.2987056653968007e-23, nan 
-142.625, 77.625, 2.5349265469160196e-23, nan 
-142.375, 77.625, 2.031591520913333e-23, nan 
-142.125, 77.625, 2.1564660363480677e-23, nan 
-141.875, 77.625, 2.7889044541925667e-23, nan 
-141.625, 77.625, 2.49648924046495e-23, nan 
-141.375, 77.625, 2.3500200265974084e-23, nan 
-141.125, 77.625, 1.6615130059722773e-23, nan 
-140.875, 77.625, 1.3628739492853487e-23, nan 
-140.625, 77.625, 9.687514061615383e-24, nan 
-140.375, 77.625, 2.0667547947082953e-24, nan 
-140.125, 77.625, 4.5071703296803176e-24, nan 
-139.875, 77.625, 4.450022680814508e-24, nan 
-139.625, 77.625, 4.9714925517354535e-24, nan 
-139.375, 77.625, 6.794978842725208e-24, nan 
-139.125, 77.625, 5.5255559173304135e-24, nan 
-138.875, 77.625, 1.1323148009748101e-23, nan 
-138.625, 77.625, 1.0289982587302213e-23, nan 
-138.375, 77.625, 6.088717896004967e-24, nan 
-138.125, 77.625, 1.6967931951288086e-23, nan 
-137.875, 77.625, 2.3073537030849845e-23, nan 
-137.625, 77.625, 2.161359032356644e-23, nan 
-137.375, 77.625, 2.3275603542989828e-23, nan 
-137.125, 77.625, 1.6025399814948644e-23, nan 
-136.875, 77.625, 4.685717096671964e-23, nan 
-136.625, 77.625, 5.2312316397722125e-23, nan 
-136.375, 77.625, 3.515675982246521e-23, nan 
-136.125, 77.625, 2.697091886653576e-23, nan 
-135.875, 77.625, 3.75156170746019e-23, nan 
-135.625, 77.625, 6.961192971721712e-23, nan 
-135.375, 77.625, 8.25499592714216e-23, nan 
-135.125, 77.625, 2.4741006820685402e-23, nan 
-134.875, 77.625, 2.4362724022821154e-23, nan 
-134.625, 77.625, 8.023466734816584e-23, nan 
-134.375, 77.625, 8.86445856376512e-23, nan 
-134.125, 77.625, 1.0137140957401118e-22, nan 
-133.875, 77.625, 4.525752710559321e-23, nan 
-133.625, 77.625, 4.91590777398543e-23, nan 
-133.375, 77.625, 4.1064677166034114e-23, nan 
-133.125, 77.625, 5.042771128148092e-23, nan 
-132.875, 77.625, 2.931888495248552e-23, nan 
-132.625, 77.625, 3.281718360987211e-23, nan 
-132.375, 77.625, 4.6832027093454625e-23, nan 
-132.125, 77.625, 4.3191264190866974e-23, nan 
-131.875, 77.625, 4.1146265564753307e-23, nan 
-131.625, 77.625, 5.270312064613399e-23, nan 
-131.375, 77.625, 5.750431011620217e-23, nan 
-131.125, 77.625, 2.4938581423214382e-23, nan 
-130.875, 77.625, 3.895303680776907e-23, nan 
-130.625, 77.625, 3.4074803646204437e-23, nan 
-130.375, 77.625, 5.654231408424893e-23, nan 
-130.125, 77.625, 5.079739579239931e-23, nan 
-129.875, 77.625, 3.893111243958903e-23, nan 
-129.625, 77.625, 4.0200997720761454e-23, nan 
-129.375, 77.625, 4.601578023224597e-23, nan 
-129.125, 77.625, 2.91798546156644e-23, nan 
-128.875, 77.625, 3.1412048932747775e-23, nan 
-128.625, 77.625, 3.893464828149422e-23, nan 
-128.375, 77.625, 5.47728609653452e-23, nan 
-128.125, 77.625, 6.835537266624555e-23, nan 
-127.875, 77.625, 7.111878741589506e-23, nan 
-127.625, 77.625, 6.442262259575032e-23, nan 
-127.375, 77.625, 5.670260603994371e-23, nan 
-127.125, 77.625, 4.0739560783262244e-23, nan 
-126.875, 77.625, 6.038873249848484e-23, nan 
-126.625, 77.625, 7.602386993508362e-23, nan 
-126.375, 77.625, 4.8523621602001476e-23, nan 
-126.125, 77.625, 5.827459037937244e-23, nan 
-125.875, 77.625, 5.005081092947998e-23, nan 
-125.625, 77.625, 5.437428773628744e-23, nan 
-125.375, 77.625, 4.197314687990545e-23, nan 
-125.125, 77.625, 5.260756431596239e-23, nan 
-124.875, 77.625, 7.092182033151781e-23, nan 
-124.625, 77.625, 4.9808566884567774e-23, nan 
-124.375, 77.625, 5.951416045670424e-23, nan 
-124.125, 77.625, 4.1230772800050636e-23, nan 
-123.875, 77.625, 4.302377101272484e-23, nan 
-123.625, 77.625, 2.8387805135323234e-23, nan 
-123.375, 77.625, 2.5525265320089197e-23, nan 
-123.125, 77.625, 1.7313557879970385e-23, nan 
-122.875, 77.625, 2.407127349147777e-23, nan 
-122.625, 77.625, 2.2932452277959304e-23, nan 
-122.375, 77.625, 2.521656084000197e-23, nan 
-122.125, 77.625, 3.5979967142441e-23, nan 
-121.875, 77.625, 3.8995566276808993e-23, nan 
-121.625, 77.625, 2.4676562373513483e-23, nan 
-121.375, 77.625, 2.3956830535209286e-23, nan 
-121.125, 77.625, 2.167118479360714e-23, nan 
-120.875, 77.625, 3.0329336403097266e-23, nan 
-120.625, 77.625, 2.3895621651244067e-23, nan 
-120.375, 77.625, 2.1677039551397384e-23, nan 
-120.125, 77.625, 3.2916713769921937e-23, nan 
-119.875, 77.625, 3.447761259876835e-23, nan 
-119.625, 77.625, 2.072759461785109e-23, nan 
-119.375, 77.625, 1.8838246456363617e-23, nan 
-119.125, 77.625, 1.683438801342899e-23, nan 
-118.875, 77.625, 1.8199942462830213e-23, nan 
-118.625, 77.625, 2.0020879464793057e-23, nan 
-118.375, 77.625, 1.0574833428597786e-23, nan 
-118.125, 77.625, 1.1066857694131692e-23, nan 
-117.875, 77.625, 1.364903015182721e-23, nan 
-117.625, 77.625, 8.499999249374789e-24, nan 
-117.375, 77.625, 9.322711638564793e-24, nan 
-117.125, 77.625, 9.31181177870284e-24, nan 
-116.875, 77.625, 1.0796725297287281e-23, nan 
-116.625, 77.625, 1.0748412446514026e-23, nan 
-116.375, 77.625, 1.200743084491852e-23, nan 
-116.125, 77.625, 6.802705022920533e-24, nan 
-115.875, 77.625, 5.233592648746852e-24, nan 
-115.625, 77.625, 2.5373175907152088e-24, nan 
-115.375, 77.625, 1.6081293661699713e-24, nan 
-115.125, 77.625, 6.902525809614786e-24, nan 
-114.875, 77.625, 1.346990229863006e-23, nan 
-114.625, 77.625, 1.1146242426191865e-23, nan 
-114.375, 77.625, 5.4764139108217094e-24, nan 
-114.125, 77.625, 5.892636878014333e-24, nan 
-113.875, 77.625, 1.398729251361942e-23, nan 
-113.625, 77.625, 1.4076052614421526e-23, nan 
-113.375, 77.625, 1.3541154362361167e-23, nan 
-113.125, 77.625, 6.2222922122676356e-24, nan 
-112.875, 77.625, 3.902376819192681e-24, nan 
-112.625, 77.625, 5.7965956550376125e-24, nan 
-112.375, 77.625, 9.117496736751224e-24, nan 
-112.125, 77.625, 1.8771251246182018e-23, nan 
-111.875, 77.625, 1.5596452121201568e-23, nan 
-111.625, 77.625, 2.2364442830094273e-23, nan 
-111.375, 77.625, 2.996437281072949e-23, nan 
-111.125, 77.625, 3.056713204544623e-23, nan 
-110.875, 77.625, 2.8791089635801845e-23, nan 
-110.625, 77.625, 4.299010237889043e-23, nan 
-110.375, 77.625, 2.933646120583995e-23, nan 
-110.125, 77.625, 3.7929384899053625e-23, nan 
-109.875, 77.625, 3.1359239022413693e-23, nan 
-109.625, 77.625, 3.047471483692705e-23, nan 
-109.375, 77.625, 2.739276441820076e-23, nan 
-109.125, 77.625, 5.009622948270043e-23, nan 
-108.875, 77.625, 6.612957872717662e-23, nan 
-108.625, 77.625, 6.665769425024573e-23, nan 
-108.375, 77.625, 5.930865998333045e-23, nan 
-108.125, 77.625, 5.808820089005118e-23, nan 
-107.875, 77.625, 5.590959859989207e-23, nan 
-107.625, 77.625, 6.48809346396826e-23, nan 
-107.375, 77.625, 7.109789209438402e-23, nan 
-107.125, 77.625, 5.829047834306389e-23, nan 
-106.875, 77.625, 4.305538768892272e-23, nan 
-106.625, 77.625, 3.6481000074371223e-23, nan 
-106.375, 77.625, 2.1690926527716186e-23, nan 
-106.125, 77.625, 1.5548713406493403e-23, nan 
-105.875, 77.625, 2.4205279441542352e-23, nan 
-105.625, 77.625, 1.995483663257784e-23, nan 
-105.375, 77.625, 3.4239978354190705e-23, nan 
-105.125, 77.625, 3.2151724978616405e-23, nan 
-104.875, 77.625, 3.0863226768996115e-23, nan 
-104.625, 77.625, 3.870710154547359e-23, nan 
-104.375, 77.625, 4.3290946413349936e-23, nan 
-104.125, 77.625, 5.377472211175478e-23, nan 
-103.875, 77.625, 6.795792598658652e-23, nan 
-103.625, 77.625, 5.800114290849961e-23, nan 
-103.375, 77.625, 5.0965952072533363e-23, nan 
-103.125, 77.625, 3.400697596030608e-23, nan 
-102.875, 77.625, 2.869270150524753e-23, nan 
-102.625, 77.625, 3.121801907053687e-23, nan 
-102.375, 77.625, 3.4701767264538303e-23, nan 
-102.125, 77.625, 3.49677031283006e-23, nan 
-101.875, 77.625, 2.945843625592243e-23, nan 
-101.625, 77.625, 3.031598100760344e-23, nan 
-101.375, 77.625, 2.8302144692594803e-23, nan 
-101.125, 77.625, 3.6090859968747516e-23, nan 
-100.875, 77.625, 4.1590269932722846e-23, nan 
-100.625, 77.625, 4.678790410126612e-23, nan 
-100.375, 77.625, 3.245100117513424e-23, nan 
-100.125, 77.625, 3.7048796455678483e-23, nan 
-99.875, 77.625, 3.7396444305856895e-23, nan 
-99.625, 77.625, 2.6884297769577987e-23, nan 
-99.375, 77.625, 1.6040759604241724e-23, nan 
-99.125, 77.625, 9.825718771545582e-24, nan 
-98.875, 77.625, 1.6296055581701855e-23, nan 
-98.625, 77.625, 1.7981859667061192e-23, nan 
-98.375, 77.625, 9.203450919010439e-24, nan 
-98.125, 77.625, 1.6810922730958444e-23, nan 
-97.875, 77.625, 2.5740896435682016e-23, nan 
-97.625, 77.625, 2.962822916379012e-23, nan 
-97.375, 77.625, 3.788979742186757e-23, nan 
-97.125, 77.625, 3.7054941768066427e-23, nan 
-96.875, 77.625, 5.422001384295842e-23, nan 
-96.625, 77.625, 2.859398711541043e-23, nan 
-96.375, 77.625, 3.7579553088938127e-23, nan 
-96.125, 77.625, 5.882722313405988e-23, nan 
-95.875, 77.625, 7.480341153634378e-23, nan 
-95.625, 77.625, 7.927203577018003e-23, nan 
-95.375, 77.625, 6.176206062017232e-23, nan 
-95.125, 77.625, 5.717336328156286e-23, nan 
-94.875, 77.625, 6.382738375643783e-23, nan 
-94.625, 77.625, 7.125017938826705e-23, nan 
-94.375, 77.625, 7.428714611351438e-23, nan 
-94.125, 77.625, 7.518417296733179e-23, nan 
-93.875, 77.625, 6.516425576887174e-23, nan 
-93.625, 77.625, 6.662167638888769e-23, nan 
-93.375, 77.625, 6.794646932776809e-23, nan 
-93.125, 77.625, 4.6204360818697825e-23, nan 
-92.875, 77.625, 4.910135566183306e-23, nan 
-92.625, 77.625, 4.224930787833169e-23, nan 
-92.375, 77.625, 6.503640037567509e-23, nan 
-92.125, 77.625, 5.61017155013954e-23, nan 
-91.875, 77.625, 3.5406119800243585e-23, nan 
-91.625, 77.625, 2.4248446489552397e-23, nan 
-91.375, 77.625, 4.3366047958038074e-23, nan 
-91.125, 77.625, 7.660953182468367e-23, nan 
-90.875, 77.625, 6.363289136343493e-23, nan 
-90.625, 77.625, 3.5425015885363617e-23, nan 
-90.375, 77.625, 2.5396647193352264e-23, nan 
-90.125, 77.625, 4.1263660027522544e-23, nan 
-89.875, 77.625, 4.845945048108607e-23, nan 
-89.625, 77.625, 4.117514802874533e-23, nan 
-89.375, 77.625, 5.775711953215098e-23, nan 
-89.125, 77.625, 3.804079094142956e-23, nan 
-88.875, 77.625, 3.72853894501195e-23, nan 
-88.625, 77.625, 4.544875910771709e-23, nan 
-88.375, 77.625, 6.037212897368806e-23, nan 
-88.125, 77.625, 7.317760019641385e-23, nan 
-87.875, 77.625, 4.4747382074865345e-23, nan 
-87.625, 77.625, 3.57100728187654e-23, nan 
-87.375, 77.625, 6.402381421432191e-23, nan 
-87.125, 77.625, 8.356973755717667e-23, nan 
-86.875, 77.625, 7.636917616182385e-23, nan 
-86.625, 77.625, 8.541061780892059e-23, nan 
-86.375, 77.625, 5.656586763597697e-23, nan 
-86.125, 77.625, 7.385158366974626e-23, nan 
-85.875, 77.625, 1.0103555944392997e-22, nan 
-85.625, 77.625, 1.0014035285764346e-22, nan 
-85.375, 77.625, 9.969476312914108e-23, nan 
-85.125, 77.625, 7.574399991305061e-23, nan 
-84.875, 77.625, 1.1214889692443246e-22, nan 
-84.625, 77.625, 1.2311434429145583e-22, nan 
-84.375, 77.625, 1.209694433283975e-22, nan 
-84.125, 77.625, 1.1803021581180202e-22, nan 
-83.875, 77.625, 7.319938335572557e-23, nan 
-83.625, 77.625, 6.125709845307947e-23, nan 
-83.375, 77.625, 9.034528039873986e-23, nan 
-83.125, 77.625, 6.26848500815734e-23, nan 
-82.875, 77.625, 8.77503616927395e-23, nan 
-82.625, 77.625, 9.211647248194852e-23, nan 
-82.375, 77.625, 6.6337997634064e-23, nan 
-82.125, 77.625, 8.809683977189143e-23, nan 
-81.875, 77.625, 8.189236499331722e-23, nan 
-81.625, 77.625, 1.0575311080956228e-22, nan 
-81.375, 77.625, 1.0210116010657464e-22, nan 
-81.125, 77.625, 5.407121650527574e-23, nan 
-80.875, 77.625, 5.1487053007127823e-23, nan 
-80.625, 77.625, 9.904570931397059e-23, nan 
-80.375, 77.625, 1.5060347479325166e-22, nan 
-80.125, 77.625, 1.3829331470950278e-22, nan 
-79.875, 77.625, 1.064250667157314e-22, nan 
-79.625, 77.625, 1.148501396289278e-22, nan 
-79.375, 77.625, 1.2081000769829165e-22, nan 
-79.125, 77.625, 1.090639365693372e-22, nan 
-78.875, 77.625, 1.0611540793631761e-22, nan 
-78.625, 77.625, 1.1075033234435618e-22, nan 
-78.375, 77.625, 1.2953863260267317e-22, nan 
-78.125, 77.625, 1.8424015610593231e-22, nan 
-77.875, 77.625, 2.0966626593026242e-22, nan 
-77.625, 77.625, 2.0253635843011247e-22, nan 
-77.375, 77.625, 1.9843098630698807e-22, nan 
-77.125, 77.625, 1.7630077351959808e-22, nan 
-76.875, 77.625, 2.3042531157231003e-22, nan 
-76.625, 77.625, 2.406339474075198e-22, nan 
-76.375, 77.625, 1.2656040672358406e-22, nan 
-76.125, 77.625, 2.4633018556272355e-22, nan 
-75.875, 77.625, 1.5961730639243766e-22, nan 
-75.625, 77.625, 2.0337913428346974e-22, nan 
-75.375, 77.625, 1.5968063105147963e-22, nan 
-75.125, 77.625, 1.5949862009416632e-22, nan 
-74.875, 77.625, 2.0057120125897783e-22, nan 
-74.625, 77.625, 2.184255065502334e-22, nan 
-74.375, 77.625, 2.271870260508622e-22, nan 
-74.125, 77.625, 2.104521751290534e-22, nan 
-73.875, 77.625, 1.8038494549982424e-22, nan 
-73.625, 77.625, 2.611464347938788e-22, nan 
-73.375, 77.625, 2.3198312735012576e-22, nan 
-73.125, 77.625, 3.639130016675114e-22, nan 
-72.875, 77.625, 2.8102138021675223e-22, nan 
-72.625, 77.625, 1.5252045822585932e-22, nan 
-72.375, 77.625, 1.7152893838098258e-22, nan 
-72.125, 77.625, 2.8102436706445144e-22, nan 
-71.875, 77.625, 2.789528171872372e-22, nan 
-71.625, 77.625, 2.8623464255896724e-22, nan 
-71.375, 77.625, 3.8087393693270803e-22, nan 
-71.125, 77.625, 4.515869756230612e-22, nan 
-70.875, 77.625, 4.1076621044228507e-22, nan 
-70.625, 77.625, 4.939727808043731e-22, nan 
-70.375, 77.625, 5.436646030401839e-22, nan 
-70.125, 77.625, 6.401170358353619e-22, nan 
-69.875, 77.625, 6.558769331529155e-22, nan 
-69.625, 77.625, 7.064584803334257e-22, nan 
-69.375, 77.625, 6.411744345147132e-22, nan 
-69.125, 77.625, 8.527583920013764e-22, nan 
-68.875, 77.625, 8.573475527971502e-22, nan 
-68.625, 77.625, 9.82160847580639e-22, nan 
-68.375, 77.625, 9.775264552368375e-22, nan 
-68.125, 77.625, 5.445403738715966e-22, nan 
-67.875, 77.625, 1.2565995054647086e-21, nan 
-67.625, 77.625, 2.286290521047599e-21, nan 
-67.375, 77.625, 5.77706257177313e-21, nan 
-67.125, 77.625, 7.398952091587026e-21, nan 
-66.875, 77.625, 4.453702778948189e-21, nan 
-66.625, 77.625, 1.944230354045223e-21, nan 
-66.375, 77.625, 2.0259433693527196e-21, nan 
-66.125, 77.625, 3.619957916358383e-21, nan 
-65.875, 77.625, 3.493223001350501e-21, nan 
-65.625, 77.625, 2.8863746193525767e-21, nan 
-65.375, 77.625, 2.331858394723859e-21, nan 
-65.125, 77.625, 1.4581644140015405e-21, nan 
-64.875, 77.625, 1.8117837186477115e-21, nan 
-64.625, 77.625, 1.7808057361813925e-21, nan 
-64.375, 77.625, 1.790558042479018e-21, nan 
-64.125, 77.625, 1.706085140777234e-21, nan 
-63.875, 77.625, 1.624398404734242e-21, nan 
-63.625, 77.625, 1.79243965391055e-21, nan 
-63.375, 77.625, 1.7542174704000184e-21, nan 
-63.125, 77.625, 2.1039436272054688e-21, nan 
-62.875, 77.625, 2.2746430940704868e-21, nan 
-62.625, 77.625, 2.0033291089066042e-21, nan 
-62.375, 77.625, 1.8238445803887906e-21, nan 
-62.125, 77.625, 1.9934136815458378e-21, nan 
-61.875, 77.625, 2.2736612025384665e-21, nan 
-61.625, 77.625, 2.6798103354387483e-21, nan 
-61.375, 77.625, 2.0072620835137896e-21, nan 
-61.125, 77.625, 1.9132154492567942e-21, nan 
-60.875, 77.625, 2.1186189582376847e-21, nan 
-60.625, 77.625, 2.370962327386659e-21, nan 
-60.375, 77.625, 3.408566709851376e-21, nan 
-60.125, 77.625, 4.329466700445877e-21, nan 
-59.875, 77.625, 4.3993149330321386e-21, nan 
-59.625, 77.625, 4.293091426241268e-21, nan 
-59.375, 77.625, 5.719253957780444e-21, nan 
-59.125, 77.625, 4.811047452320609e-21, nan 
-58.875, 77.625, 4.705667716110994e-21, nan 
-58.625, 77.625, 3.066256440763982e-21, nan 
-58.375, 77.625, 1.3135205643657296e-20, nan 
-58.125, 77.625, 5.060768367125362e-20, nan 
-57.875, 77.625, 6.356580865414035e-20, nan 
-57.625, 77.625, 6.532456206896165e-20, nan 
-57.375, 77.625, 6.275694559347067e-20, nan 
-57.125, 77.625, 3.5214728641915256e-20, nan 
-56.875, 77.625, 1.0127320026055329e-19, nan 
-56.625, 77.625, 1.2597356672277743e-19, nan 
-56.375, 77.625, 1.3154682081619234e-19, nan 
-56.125, 77.625, 1.2581220522933996e-19, nan 
-55.875, 77.625, 5.691639154672752e-20, nan 
-55.625, 77.625, 1.0230378214655173e-19, nan 
-55.375, 77.625, 1.1499639087355108e-19, nan 
-55.125, 77.625, 1.2922046283157352e-19, nan 
-54.875, 77.625, 1.1429412155560405e-19, nan 
-54.625, 77.625, 7.06443418383439e-20, nan 
-54.375, 77.625, 4.353127294780036e-20, nan 
-54.125, 77.625, 4.03752956620255e-20, nan 
-53.875, 77.625, 5.427914692242356e-20, nan 
-53.625, 77.625, 2.787231789136746e-20, nan 
-53.375, 77.625, 1.9505029125944084e-20, nan 
-53.125, 77.625, 1.5623630250122754e-20, nan 
-52.875, 77.625, 1.8138617129459594e-20, nan 
-52.625, 77.625, 3.3895111706953597e-20, nan 
-52.375, 77.625, 2.1848928131454214e-20, nan 
-52.125, 77.625, 2.4039831028981043e-20, nan 
-51.875, 77.625, 2.3869251920436796e-20, nan 
-51.625, 77.625, 2.650551224756914e-20, nan 
-51.375, 77.625, 2.7346551420727615e-20, nan 
-51.125, 77.625, 2.89055960818149e-20, nan 
-50.875, 77.625, 2.946259669759824e-20, nan 
-50.625, 77.625, 3.317406193981956e-20, nan 
-50.375, 77.625, 3.370915725724457e-20, nan 
-50.125, 77.625, 3.0825484129913725e-20, nan 
-49.875, 77.625, 2.6960271740473223e-20, nan 
-49.625, 77.625, 2.4646209965989772e-20, nan 
-49.375, 77.625, 3.309606081853669e-20, nan 
-49.125, 77.625, 3.8880698166627015e-20, nan 
-48.875, 77.625, 4.1798060889437604e-20, nan 
-48.625, 77.625, 3.274528066596856e-20, nan 
-48.375, 77.625, 4.1318850135883696e-20, nan 
-48.125, 77.625, 4.91597178843904e-20, nan 
-47.875, 77.625, 5.429131339269098e-20, nan 
-47.625, 77.625, 5.1118227478709294e-20, nan 
-47.375, 77.625, 4.9583402992497136e-20, nan 
-47.125, 77.625, 4.9719679920775706e-20, nan 
-46.875, 77.625, 5.1777682670438854e-20, nan 
-46.625, 77.625, 5.599113684749422e-20, nan 
-46.375, 77.625, 5.629853450849383e-20, nan 
-46.125, 77.625, 7.039569445101136e-20, nan 
-45.875, 77.625, 7.32375927470821e-20, nan 
-45.625, 77.625, 6.863594777972691e-20, nan 
-45.375, 77.625, 6.468778661741999e-20, nan 
-45.125, 77.625, 8.202132361314546e-20, nan 
-44.875, 77.625, 8.951798492222647e-20, nan 
-44.625, 77.625, 6.482191481583297e-20, nan 
-44.375, 77.625, 6.377743111155238e-20, nan 
-44.125, 77.625, 6.387727725089736e-20, nan 
-43.875, 77.625, 5.652063609629419e-20, nan 
-43.625, 77.625, 4.758130829225047e-20, nan 
-43.375, 77.625, 4.3937782372695737e-20, nan 
-43.125, 77.625, 4.6744410022852035e-20, nan 
-42.875, 77.625, 5.920147191364751e-20, nan 
-42.625, 77.625, 5.3022455243519683e-20, nan 
-42.375, 77.625, 6.633259986901206e-20, nan 
-42.125, 77.625, 6.612896181665468e-20, nan 
-41.875, 77.625, 5.757595720976244e-20, nan 
-41.625, 77.625, 5.642785842521445e-20, nan 
-41.375, 77.625, 6.52841891671322e-20, nan 
-41.125, 77.625, 5.20800846013582e-20, nan 
-40.875, 77.625, 4.967458635638767e-20, nan 
-40.625, 77.625, 7.938138675665351e-20, nan 
-40.375, 77.625, 1.1747296365371278e-19, nan 
-40.125, 77.625, 1.1558306877470576e-19, nan 
-39.875, 77.625, 1.2929330617000626e-19, nan 
-39.625, 77.625, 1.1982564889264026e-19, nan 
-39.375, 77.625, 9.364363261385912e-20, nan 
-39.125, 77.625, 1.0466556570921397e-19, nan 
-38.875, 77.625, 1.1827443164193723e-19, nan 
-38.625, 77.625, 2.0936061134932104e-19, nan 
-38.375, 77.625, 2.2623974937606625e-19, nan 
-38.125, 77.625, 2.322987901704917e-19, nan 
-37.875, 77.625, 2.055700069578942e-19, nan 
-37.625, 77.625, 2.452301924272165e-19, nan 
-37.375, 77.625, 2.675971831030389e-19, nan 
-37.125, 77.625, 3.0473143457450237e-19, nan 
-36.875, 77.625, 2.767722309587088e-19, nan 
-36.625, 77.625, 3.4462288308682295e-19, nan 
-36.375, 77.625, 2.2659446550369463e-19, nan 
-36.125, 77.625, 2.8322587563078693e-19, nan 
-35.875, 77.625, 4.353429004123173e-19, nan 
-35.625, 77.625, 4.404343774036346e-19, nan 
-35.375, 77.625, 8.445062462514901e-19, nan 
-35.125, 77.625, 4.126521038258709e-19, nan 
-34.875, 77.625, 4.0862156572509873e-19, nan 
-34.625, 77.625, 3.753854537397363e-19, nan 
-34.375, 77.625, 4.679255987940385e-19, nan 
-34.125, 77.625, 7.443572324076609e-19, nan 
-33.875, 77.625, 6.737126749547791e-19, nan 
-33.625, 77.625, 6.8779376505962275e-19, nan 
-33.375, 77.625, 8.919485375762127e-19, nan 
-33.125, 77.625, 8.99635206102894e-19, nan 
-32.875, 77.625, 4.845742672452414e-19, nan 
-32.625, 77.625, 9.510304764978202e-19, nan 
-32.375, 77.625, 1.0537213525935444e-18, nan 
-32.125, 77.625, 1.3876919364743633e-18, nan 
-31.875, 77.625, 1.912973885401908e-18, nan 
-31.625, 77.625, 1.723939850854804e-18, nan 
-31.375, 77.625, 2.6720749891813818e-18, nan 
-31.125, 77.625, 1.8031380283649452e-18, nan 
-30.875, 77.625, 1.3049497303956658e-18, nan 
-30.625, 77.625, 2.9029232547019858e-18, nan 
-30.375, 77.625, 3.7690520896040915e-18, nan 
-30.125, 77.625, 6.831047281428171e-18, nan 
-29.875, 77.625, 6.4907773563918716e-18, nan 
-29.625, 77.625, 6.011917519766382e-18, nan 
-29.375, 77.625, 6.038260834228914e-18, nan 
-29.125, 77.625, 9.785552142773262e-18, nan 
-28.875, 77.625, 1.1196770923065586e-17, nan 
-28.625, 77.625, 9.302599645739585e-18, nan 
-28.375, 77.625, 7.677735151869819e-18, nan 
-28.125, 77.625, 7.594414875676765e-18, nan 
-27.875, 77.625, 1.0662138306473326e-17, nan 
-27.625, 77.625, 1.5248675438086674e-17, nan 
-27.375, 77.625, 2.007252897068655e-17, nan 
-27.125, 77.625, 3.321962683389464e-17, nan 
-26.875, 77.625, 3.140044948310677e-17, nan 
-26.625, 77.625, 4.8018250442087656e-17, nan 
-26.375, 77.625, 6.842323413386166e-17, nan 
-26.125, 77.625, 5.2297494314831775e-17, nan 
-25.875, 77.625, 5.919894621627828e-17, nan 
-25.625, 77.625, 6.187248258737133e-17, nan 
-25.375, 77.625, 4.765722761859032e-17, nan 
-25.125, 77.625, 4.85410102450678e-17, nan 
-24.875, 77.625, 3.495835220350767e-17, nan 
-24.625, 77.625, 4.0055508942113317e-17, nan 
-24.375, 77.625, 3.703587037481659e-17, nan 
-24.125, 77.625, 2.5673555446012284e-17, nan 
-23.875, 77.625, 2.297027406552638e-17, nan 
-23.625, 77.625, 1.8622809117545624e-17, nan 
-23.375, 77.625, 2.2365546156955706e-17, nan 
-23.125, 77.625, 1.9568938407245496e-17, nan 
-22.875, 77.625, 1.595467851348159e-17, nan 
-22.625, 77.625, 1.6317083625015985e-17, nan 
-22.375, 77.625, 1.5997348006080575e-17, nan 
-22.125, 77.625, 1.8716789706122233e-17, nan 
-21.875, 77.625, 1.7958675260807083e-17, nan 
-21.625, 77.625, 1.2183090160674637e-17, nan 
-21.375, 77.625, 1.0177931725451826e-17, nan 
-21.125, 77.625, 8.510613888689257e-18, nan 
-20.875, 77.625, 1.1913828375891083e-17, nan 
-20.625, 77.625, 1.1913087080207921e-17, nan 
-20.375, 77.625, 7.39619006922357e-18, nan 
-20.125, 77.625, 5.33395162144076e-18, nan 
-19.875, 77.625, 1.8858209485747286e-18, nan 
-19.625, 77.625, 4.715371395855666e-18, nan 
-19.375, 77.625, 5.8113536650381324e-18, nan 
-19.125, 77.625, 4.933474381274238e-18, nan 
-18.875, 77.625, 4.330528984418179e-18, nan 
-18.625, 77.625, 3.2895549611575235e-18, nan 
-18.375, 77.625, 2.7143405161569616e-18, nan 
-18.125, 77.625, 2.7913509341471166e-18, nan 
-17.875, 77.625, 2.408142709287746e-18, nan 
-17.625, 77.625, 2.127121837902459e-18, nan 
-17.375, 77.625, 1.7197430032152913e-18, nan 
-17.125, 77.625, 1.6539263829058705e-18, nan 
-16.875, 77.625, 1.4801595699876493e-18, nan 
-16.625, 77.625, 1.05118798355429e-18, nan 
-16.375, 77.625, 8.8919315100055e-19, nan 
-16.125, 77.625, 1.0833226682329002e-18, nan 
-15.875, 77.625, 1.1335452773983532e-18, nan 
-15.625, 77.625, 1.231239721190496e-18, nan 
-15.375, 77.625, 8.738046691771788e-19, nan 
-15.125, 77.625, 6.591055002294216e-19, nan 
-14.875, 77.625, 6.431676226604462e-19, nan 
-14.625, 77.625, 5.64520753429185e-19, nan 
-14.375, 77.625, 5.523359689785178e-19, nan 
-14.125, 77.625, 3.999224783636778e-19, nan 
-13.875, 77.625, 2.262452021595822e-19, nan 
-13.625, 77.625, 2.186673224897356e-19, nan 
-13.375, 77.625, 1.5534339334663003e-19, nan 
-13.125, 77.625, 3.043862706619993e-19, nan 
-12.875, 77.625, 2.406176059966986e-19, nan 
-12.625, 77.625, 2.580907068007554e-19, nan 
-12.375, 77.625, 2.1676866313858564e-19, nan 
-12.125, 77.625, 1.713519911920154e-19, nan 
-11.875, 77.625, 2.0221529809589807e-19, nan 
-11.625, 77.625, 2.0934981112729352e-19, nan 
-11.375, 77.625, 1.5307349049804987e-19, nan 
-11.125, 77.625, 1.7761922648624792e-19, nan 
-10.875, 77.625, 2.2190180020110245e-19, nan 
-10.625, 77.625, 1.2512106717722382e-19, nan 
-10.375, 77.625, 1.5023423058141552e-19, nan 
-10.125, 77.625, 1.229291129295081e-19, nan 
-9.875, 77.625, 1.3566882332438504e-19, nan 
-9.625, 77.625, 1.465818712993361e-19, nan 
-9.375, 77.625, 1.1218057117609294e-19, nan 
-9.125, 77.625, 1.0321080568527182e-19, nan 
-8.875, 77.625, 7.631559228913628e-20, nan 
-8.625, 77.625, 7.818512768838341e-20, nan 
-8.375, 77.625, 8.502704252143386e-20, nan 
-8.125, 77.625, 1.032877495760191e-19, nan 
-7.875, 77.625, 9.811482268602793e-20, nan 
-7.625, 77.625, 9.594242693912935e-20, nan 
-7.375, 77.625, 8.29805980745447e-20, nan 
-7.125, 77.625, 7.712379181588996e-20, nan 
-6.875, 77.625, 7.632361477313012e-20, nan 
-6.625, 77.625, 7.144650913629426e-20, nan 
-6.375, 77.625, 7.281717732346475e-20, nan 
-6.125, 77.625, 6.415661755689787e-20, nan 
-5.875, 77.625, 5.309316117685084e-20, nan 
-5.625, 77.625, 3.9133101981300915e-20, nan 
-5.375, 77.625, 2.692530965891074e-20, nan 
-5.125, 77.625, 1.635414123601571e-20, nan 
-4.875, 77.625, 2.1575981663993044e-20, nan 
-4.625, 77.625, 3.6966722650151864e-20, nan 
-4.375, 77.625, 3.4582518704502007e-20, nan 
-4.125, 77.625, 1.9302051414599168e-20, nan 
-3.875, 77.625, 1.39133419438251e-20, nan 
-3.625, 77.625, 1.4942647911488312e-20, nan 
-3.375, 77.625, 2.261606451272043e-20, nan 
-3.125, 77.625, 2.2694655677915806e-20, nan 
-2.875, 77.625, 2.131490215508671e-20, nan 
-2.625, 77.625, 1.603477831327508e-20, nan 
-2.375, 77.625, 1.756080168112016e-20, nan 
-2.125, 77.625, 2.248043421026518e-20, nan 
-1.875, 77.625, 2.1313091859362483e-20, nan 
-1.625, 77.625, 3.2041301986394966e-20, nan 
-1.375, 77.625, 2.8015848245905633e-20, nan 
-1.125, 77.625, 2.4777417804980762e-20, nan 
-0.875, 77.625, 2.323840482074272e-20, nan 
-0.625, 77.625, 2.6552730972576752e-20, nan 
-0.375, 77.625, 2.7979812526513465e-20, nan 
-0.125, 77.625, 2.2949009183574938e-20, nan 
0.125, 77.625, 1.8471348108420938e-20, nan 
0.375, 77.625, 1.7768002177711132e-20, nan 
0.625, 77.625, 2.742446080903538e-20, nan 
0.875, 77.625, 2.6842178228225962e-20, nan 
1.125, 77.625, 8.154414526043077e-21, nan 
1.375, 77.625, 1.241403641638532e-20, nan 
1.625, 77.625, 1.146053399581867e-20, nan 
1.875, 77.625, 1.0995939729032985e-20, nan 
2.125, 77.625, 8.578299705870339e-21, nan 
2.375, 77.625, 1.0426810681413535e-20, nan 
2.625, 77.625, 1.06493620436105e-20, nan 
2.875, 77.625, 1.0993886753448052e-20, nan 
3.125, 77.625, 1.0093547629499978e-20, nan 
3.375, 77.625, 9.061962258987401e-21, nan 
3.625, 77.625, 9.377151080246848e-21, nan 
3.875, 77.625, 1.029684070278226e-20, nan 
4.125, 77.625, 1.3129003185678763e-20, nan 
4.375, 77.625, 1.267950004900878e-20, nan 
4.625, 77.625, 1.2219237479259972e-20, nan 
4.875, 77.625, 1.3726642217144818e-20, nan 
5.125, 77.625, 8.680232724587367e-21, nan 
5.375, 77.625, 1.0583095525108908e-20, nan 
5.625, 77.625, 1.3013668391187972e-20, nan 
5.875, 77.625, 1.441552389719995e-20, nan 
6.125, 77.625, 1.6888573345082897e-20, nan 
6.375, 77.625, 1.9764887047976072e-20, nan 
6.625, 77.625, 2.168453555706857e-20, nan 
6.875, 77.625, 1.3600971078884656e-20, nan 
7.125, 77.625, 1.4569786087869902e-20, nan 
7.375, 77.625, 9.504876404950538e-21, nan 
7.625, 77.625, 5.1028871395662843e-20, nan 
7.875, 77.625, 1.0705856778008263e-20, nan 
8.125, 77.625, 1.1722727450550604e-20, nan 
8.375, 77.625, 5.438802216086546e-21, nan 
8.625, 77.625, 7.54679399524422e-21, nan 
8.875, 77.625, 9.470591648174132e-21, nan 
9.125, 77.625, 7.051592599727341e-21, nan 
9.375, 77.625, 5.8088499810291074e-21, nan 
9.625, 77.625, 4.490220429601384e-21, nan 
9.875, 77.625, 5.50932306611836e-21, nan 
10.125, 77.625, 6.177608238884751e-21, nan 
10.375, 77.625, 8.179508129602055e-21, nan 
10.625, 77.625, 6.884915088750847e-21, nan 
10.875, 77.625, 7.237185920706717e-21, nan 
11.125, 77.625, 7.64242626260462e-21, nan 
11.375, 77.625, 5.907577505048365e-21, nan 
11.625, 77.625, 7.756876560609928e-21, nan 
11.875, 77.625, 8.127839273826996e-21, nan 
12.125, 77.625, 6.09697784214286e-21, nan 
12.375, 77.625, 7.049592600375469e-21, nan 
12.625, 77.625, 6.276564041304959e-21, nan 
12.875, 77.625, 5.4043783131411054e-21, nan 
13.125, 77.625, 3.733532066382673e-21, nan 
13.375, 77.625, 4.606405192812217e-21, nan 
13.625, 77.625, 2.0663243959575574e-21, nan 
13.875, 77.625, 1.924592918016176e-21, nan 
14.125, 77.625, 2.415024561301508e-21, nan 
14.375, 77.625, 1.2103896639069005e-21, nan 
14.625, 77.625, 1.5467073577872349e-21, nan 
14.875, 77.625, 1.2726672043338395e-21, nan 
15.125, 77.625, 1.3415365182631268e-21, nan 
15.375, 77.625, 1.7525207191972752e-21, nan 
15.625, 77.625, 1.0485858387582715e-21, nan 
15.875, 77.625, 1.222968199245522e-21, nan 
16.125, 77.625, 9.816922986881843e-22, nan 
16.375, 77.625, 1.1325942528987721e-21, nan 
16.625, 77.625, 5.152522597396061e-22, nan 
16.875, 77.625, 7.839023316473804e-22, nan 
17.125, 77.625, 7.736234768331688e-22, nan 
17.375, 77.625, 4.336121571443437e-22, nan 
17.625, 77.625, 4.864696273611582e-22, nan 
17.875, 77.625, 6.241629084879558e-22, nan 
18.125, 77.625, 4.944745503871282e-22, nan 
18.375, 77.625, 8.465368993486508e-22, nan 
18.625, 77.625, 9.217896109881373e-22, nan 
18.875, 77.625, 8.569515541967574e-22, nan 
19.125, 77.625, 1.1884002365054159e-21, nan 
19.375, 77.625, 1.0615499947770114e-21, nan 
19.625, 77.625, 8.674857517757717e-22, nan 
19.875, 77.625, 9.098898707582981e-22, nan 
20.125, 77.625, 7.552546422077218e-22, nan 
20.375, 77.625, 9.413014139193437e-22, nan 
20.625, 77.625, 1.0772666930891786e-21, nan 
20.875, 77.625, 6.441342700727504e-22, nan 
21.125, 77.625, 5.91105255437358e-22, nan 
21.375, 77.625, 4.101811471594995e-22, nan 
21.625, 77.625, 5.572575062585765e-22, nan 
21.875, 77.625, 7.852044334376961e-22, nan 
22.125, 77.625, 5.10908116961663e-22, nan 
22.375, 77.625, 4.410624291990053e-22, nan 
22.625, 77.625, 3.8760689148890044e-22, nan 
22.875, 77.625, 3.8298254460327876e-22, nan 
23.125, 77.625, 4.1313701157196697e-22, nan 
23.375, 77.625, 3.529709189578137e-22, nan 
23.625, 77.625, 6.052740633221667e-22, nan 
23.875, 77.625, 4.301756517847562e-22, nan 
24.125, 77.625, 3.795987872866781e-22, nan 
24.375, 77.625, 2.4875400389827046e-22, nan 
24.625, 77.625, 5.281303268508343e-22, nan 
24.875, 77.625, 3.1685161779861923e-22, nan 
25.125, 77.625, 3.020138737343249e-22, nan 
25.375, 77.625, 2.4774147082797427e-22, nan 
25.625, 77.625, 2.4355559929950836e-22, nan 
25.875, 77.625, 3.934448251710394e-22, nan 
26.125, 77.625, 2.962377915009742e-22, nan 
26.375, 77.625, 2.755346242649106e-22, nan 
26.625, 77.625, 2.4040824086803093e-22, nan 
26.875, 77.625, 2.3018097811899445e-22, nan 
27.125, 77.625, 1.7729605946378323e-22, nan 
27.375, 77.625, 1.3301183588645732e-22, nan 
27.625, 77.625, 1.2801322043085737e-22, nan 
27.875, 77.625, 7.360274684836993e-23, nan 
28.125, 77.625, 1.1681846371971962e-22, nan 
28.375, 77.625, 8.481200625389355e-23, nan 
28.625, 77.625, 1.0356312317844113e-22, nan 
28.875, 77.625, 1.4196858374993852e-22, nan 
29.125, 77.625, 1.538133291917863e-22, nan 
29.375, 77.625, 1.3418830818215847e-22, nan 
29.625, 77.625, 1.9039009054361392e-22, nan 
29.875, 77.625, 2.260159790891587e-22, nan 
30.125, 77.625, 2.0908051347145497e-22, nan 
30.375, 77.625, 1.782411384085654e-22, nan 
30.625, 77.625, 1.5635540920759097e-22, nan 
30.875, 77.625, 2.5278035917913126e-22, nan 
31.125, 77.625, 2.46070487555529e-22, nan 
31.375, 77.625, 2.7673041014214653e-22, nan 
31.625, 77.625, 2.903958339945901e-22, nan 
31.875, 77.625, 2.8540013554465794e-22, nan 
32.125, 77.625, 3.4132337126156694e-22, nan 
32.375, 77.625, 2.66717826441238e-22, nan 
32.625, 77.625, 2.1448656429976566e-22, nan 
32.875, 77.625, 1.7901594728085898e-22, nan 
33.125, 77.625, 1.9715295286701386e-22, nan 
33.375, 77.625, 1.6186423766836366e-22, nan 
33.625, 77.625, 2.2666600931185455e-22, nan 
33.875, 77.625, 2.0963462031667317e-22, nan 
34.125, 77.625, 7.251979323740271e-23, nan 
34.375, 77.625, 7.087755206417328e-23, nan 
34.625, 77.625, 1.0046916483346347e-22, nan 
34.875, 77.625, 1.3636658063377477e-22, nan 
35.125, 77.625, 1.31341680335847e-22, nan 
35.375, 77.625, 7.045965619007137e-23, nan 
35.625, 77.625, 4.62706428624871e-23, nan 
35.875, 77.625, 4.899644876181948e-23, nan 
36.125, 77.625, 8.70732679217421e-23, nan 
36.375, 77.625, 3.709044310517449e-23, nan 
36.625, 77.625, 5.370396347528058e-23, nan 
36.875, 77.625, 2.9837085155029264e-23, nan 
37.125, 77.625, 6.841443857320719e-23, nan 
37.375, 77.625, 8.93057257183723e-23, nan 
37.625, 77.625, 7.523148206625836e-23, nan 
37.875, 77.625, 9.658615064214203e-23, nan 
38.125, 77.625, 1.3837226283663093e-22, nan 
38.375, 77.625, 1.2690515980213121e-22, nan 
38.625, 77.625, 1.4828404177983656e-22, nan 
38.875, 77.625, 1.2321100133171798e-22, nan 
39.125, 77.625, 8.996731318465624e-23, nan 
39.375, 77.625, 9.327767411765616e-23, nan 
39.625, 77.625, 1.1893223415429633e-22, nan 
39.875, 77.625, 7.438032316827201e-23, nan 
40.125, 77.625, 7.939453673170553e-23, nan 
40.375, 77.625, 8.3682200692043e-23, nan 
40.625, 77.625, 1.3245979332778094e-22, nan 
40.875, 77.625, 9.670071260593072e-23, nan 
41.125, 77.625, 6.438465765233663e-23, nan 
41.375, 77.625, 7.004149509400614e-23, nan 
41.625, 77.625, 1.0773173724223444e-22, nan 
41.875, 77.625, 1.3292485216879697e-22, nan 
42.125, 77.625, 5.97907434358835e-23, nan 
42.375, 77.625, 1.965597930032576e-23, nan 
42.625, 77.625, 4.106736957848187e-23, nan 
42.875, 77.625, 5.058991044159146e-23, nan 
43.125, 77.625, 8.838371570642718e-23, nan 
43.375, 77.625, 8.639261405963609e-23, nan 
43.625, 77.625, 7.811720474510817e-23, nan 
43.875, 77.625, 6.018387119501791e-23, nan 
44.125, 77.625, 5.665014711963843e-23, nan 
44.375, 77.625, 6.356502279848809e-23, nan 
44.625, 77.625, 7.608843691642334e-23, nan 
44.875, 77.625, 7.380888456216091e-23, nan 
45.125, 77.625, 6.00493776473782e-23, nan 
45.375, 77.625, 4.881517123280481e-23, nan 
45.625, 77.625, 4.761999414409386e-23, nan 
45.875, 77.625, 2.892278010535822e-23, nan 
46.125, 77.625, 2.866387286513882e-23, nan 
46.375, 77.625, 2.7267555772173887e-23, nan 
46.625, 77.625, 3.4296332051175783e-23, nan 
46.875, 77.625, 8.341089909930665e-24, nan 
47.125, 77.625, 1.7194628778355664e-23, nan 
47.375, 77.625, 2.7075815672395054e-23, nan 
47.625, 77.625, 2.768667034382079e-23, nan 
47.875, 77.625, 2.0181242928858362e-23, nan 
48.125, 77.625, 1.8988066052401148e-23, nan 
48.375, 77.625, 2.842519110982085e-23, nan 
48.625, 77.625, 4.1807763106630224e-23, nan 
48.875, 77.625, 4.753026332949193e-23, nan 
49.125, 77.625, 2.4267490554150004e-23, nan 
49.375, 77.625, 2.737629651290296e-23, nan 
49.625, 77.625, 3.743993116733526e-23, nan 
49.875, 77.625, 2.075178556959147e-23, nan 
50.125, 77.625, 2.7336765601851925e-23, nan 
50.375, 77.625, 3.1263526253917466e-23, nan 
50.625, 77.625, 2.453956226250939e-23, nan 
50.875, 77.625, 3.6450345490681274e-23, nan 
51.125, 77.625, 2.6983953723779654e-23, nan 
51.375, 77.625, 4.624122956037284e-23, nan 
51.625, 77.625, 4.007478138408228e-23, nan 
51.875, 77.625, 5.451232264919038e-23, nan 
52.125, 77.625, 1.274477644879761e-23, nan 
52.375, 77.625, 1.8808701173868092e-23, nan 
52.625, 77.625, 6.279161390765596e-23, nan 
52.875, 77.625, 3.397521444444882e-23, nan 
53.125, 77.625, 3.778757812174656e-23, nan 
53.375, 77.625, 2.879313226300702e-23, nan 
53.625, 77.625, 3.2063235299883795e-23, nan 
53.875, 77.625, 3.3676057131794874e-23, nan 
54.125, 77.625, 2.885235700681191e-23, nan 
54.375, 77.625, 2.4034733024006122e-23, nan 
54.625, 77.625, 1.9929928725389364e-23, nan 
54.875, 77.625, 1.2876311423338436e-23, nan 
55.125, 77.625, 3.1482197773790045e-23, nan 
55.375, 77.625, 5.009983038843895e-23, nan 
55.625, 77.625, 5.899948661131504e-23, nan 
55.875, 77.625, 2.461149934898991e-23, nan 
56.125, 77.625, 3.516308197259435e-23, nan 
56.375, 77.625, 2.6042595596429317e-23, nan 
56.625, 77.625, 1.849495980031783e-23, nan 
56.875, 77.625, 2.5821912958994285e-23, nan 
57.125, 77.625, 2.906199668336201e-23, nan 
57.375, 77.625, 3.7331000524511504e-23, nan 
57.625, 77.625, 2.0656963810351317e-23, nan 
57.875, 77.625, 3.824349120917452e-23, nan 
58.125, 77.625, 4.718480186406395e-23, nan 
58.375, 77.625, 5.852629240206973e-23, nan 
58.625, 77.625, 6.139404238036741e-23, nan 
58.875, 77.625, 6.873984851724089e-23, nan 
59.125, 77.625, 5.772196510442e-23, nan 
59.375, 77.625, 5.452791835823987e-23, nan 
59.625, 77.625, 6.359989024404162e-23, nan 
59.875, 77.625, 5.900864961391369e-23, nan 
60.125, 77.625, 6.363458362356802e-23, nan 
60.375, 77.625, 5.450912500825478e-23, nan 
60.625, 77.625, 4.842797378434871e-23, nan 
60.875, 77.625, 6.147889629736344e-23, nan 
61.125, 77.625, 5.327548646095025e-23, nan 
61.375, 77.625, 3.5656085980649497e-23, nan 
61.625, 77.625, 1.9823798234793532e-23, nan 
61.875, 77.625, 1.2789803795479805e-23, nan 
62.125, 77.625, 2.4913295992214276e-23, nan 
62.375, 77.625, 2.547511594540567e-23, nan 
62.625, 77.625, 2.2822895470727827e-23, nan 
62.875, 77.625, 1.853456481860099e-23, nan 
63.125, 77.625, 1.2494708757851805e-23, nan 
63.375, 77.625, 1.574697548555372e-23, nan 
63.625, 77.625, 2.0894532715570298e-23, nan 
63.875, 77.625, 2.583959463697622e-23, nan 
64.125, 77.625, 2.1676592969731475e-23, nan 
64.375, 77.625, 3.72235238795336e-23, nan 
64.625, 77.625, 2.5401189318808297e-23, nan 
64.875, 77.625, 3.0256434404242075e-23, nan 
65.125, 77.625, 1.795367506746816e-23, nan 
65.375, 77.625, 1.143647963650952e-23, nan 
65.625, 77.625, 9.931571813413226e-24, nan 
65.875, 77.625, 8.016402726244913e-24, nan 
66.125, 77.625, 5.7153887538577276e-24, nan 
66.375, 77.625, 1.4626423425186964e-23, nan 
66.625, 77.625, 4.945660613273965e-24, nan 
66.875, 77.625, 5.686848125439625e-24, nan 
67.125, 77.625, 1.0854097397475744e-23, nan 
67.375, 77.625, 6.3027846951432635e-24, nan 
67.625, 77.625, 8.13652827410673e-24, nan 
67.875, 77.625, 5.966658563109271e-24, nan 
68.125, 77.625, 8.086677607529254e-24, nan 
68.375, 77.625, 9.697109598925127e-24, nan 
68.625, 77.625, 8.674958522527406e-24, nan 
68.875, 77.625, 7.033185520887888e-24, nan 
69.125, 77.625, 6.2801489294448696e-24, nan 
69.375, 77.625, 7.28689377508987e-24, nan 
69.625, 77.625, 4.156657393257542e-24, nan 
69.875, 77.625, 6.1393741539023005e-24, nan 
70.125, 77.625, 3.812429989114614e-24, nan 
70.375, 77.625, 4.591536342896e-24, nan 
70.625, 77.625, 6.971368423639408e-24, nan 
70.875, 77.625, 1.7792963856562439e-23, nan 
71.125, 77.625, 1.8406509129973017e-23, nan 
71.375, 77.625, 1.1469782810510485e-23, nan 
71.625, 77.625, 7.050530501182557e-24, nan 
71.875, 77.625, 4.74132209958232e-24, nan 
72.125, 77.625, 4.8847984022366634e-24, nan 
72.375, 77.625, 7.905830170870738e-24, nan 
72.625, 77.625, 1.3028112736330596e-23, nan 
72.875, 77.625, 6.398895163443504e-24, nan 
73.125, 77.625, 4.990101719748607e-24, nan 
73.375, 77.625, 3.2489656722993564e-24, nan 
73.625, 77.625, 6.663296068870051e-24, nan 
73.875, 77.625, 1.0525863780679572e-23, nan 
74.125, 77.625, 4.361290786505708e-24, nan 
74.375, 77.625, 5.6267369603964455e-24, nan 
74.625, 77.625, 8.542688389341409e-24, nan 
74.875, 77.625, 8.077760897791244e-24, nan 
75.125, 77.625, 6.720399685827668e-24, nan 
75.375, 77.625, 6.038102818918718e-24, nan 
75.625, 77.625, 9.553154460384146e-24, nan 
75.875, 77.625, 1.0218820574790502e-23, nan 
76.125, 77.625, 9.14535530776937e-24, nan 
76.375, 77.625, 4.15932546095106e-24, nan 
76.625, 77.625, 6.216900840194808e-24, nan 
76.875, 77.625, 1.0046501793866503e-23, nan 
77.125, 77.625, 5.966713620407849e-24, nan 
77.375, 77.625, 5.962931929483894e-24, nan 
77.625, 77.625, 5.630081435606729e-24, nan 
77.875, 77.625, 5.921234369137561e-24, nan 
78.125, 77.625, 4.615761757174452e-24, nan 
78.375, 77.625, 4.3566357152241136e-24, nan 
78.625, 77.625, 2.7846592676442957e-24, nan 
78.875, 77.625, 7.832909676943667e-24, nan 
79.125, 77.625, 7.212960961984804e-24, nan 
79.375, 77.625, 6.65331759224432e-24, nan 
79.625, 77.625, 4.376736836386464e-24, nan 
79.875, 77.625, 4.880679204594895e-24, nan 
80.125, 77.625, 4.9861879485612244e-24, nan 
80.375, 77.625, 5.020576883451149e-24, nan 
80.625, 77.625, 8.617736923080431e-24, nan 
80.875, 77.625, 5.443591883836854e-24, nan 
81.125, 77.625, 2.7858417881067477e-24, nan 
81.375, 77.625, 8.057744536699867e-24, nan 
81.625, 77.625, 5.504955709349161e-24, nan 
81.875, 77.625, 1.1206424833398294e-23, nan 
82.125, 77.625, 6.872477782830907e-24, nan 
82.375, 77.625, 6.3030468966567296e-24, nan 
82.625, 77.625, 8.415578902150344e-24, nan 
82.875, 77.625, 7.22648228410528e-24, nan 
83.125, 77.625, 8.370193419321862e-24, nan 
83.375, 77.625, 3.699050630446093e-24, nan 
83.625, 77.625, 4.532861152381811e-24, nan 
83.875, 77.625, 6.064875757610432e-24, nan 
84.125, 77.625, 1.42148323879742e-24, nan 
84.375, 77.625, 1.778570301815938e-24, nan 
84.625, 77.625, 2.7976351661131304e-24, nan 
84.875, 77.625, 4.555684334833138e-24, nan 
85.125, 77.625, 3.265466388995773e-24, nan 
85.375, 77.625, 3.0531079691521862e-24, nan 
85.625, 77.625, 2.652601322705501e-24, nan 
85.875, 77.625, 5.031302366131252e-24, nan 
86.125, 77.625, 1.973206862690544e-23, nan 
86.375, 77.625, 2.2437980714414268e-23, nan 
86.625, 77.625, 2.24838366014883e-23, nan 
86.875, 77.625, 1.5830656744820386e-23, nan 
87.125, 77.625, 1.1233205557248918e-23, nan 
87.375, 77.625, 2.796141751451819e-23, nan 
87.625, 77.625, 2.972159211504774e-23, nan 
87.875, 77.625, 1.936269678990516e-23, nan 
88.125, 77.625, 1.0665497264222563e-23, nan 
88.375, 77.625, 1.5851851538599462e-23, nan 
88.625, 77.625, 2.7795859919484195e-23, nan 
88.875, 77.625, 3.393785365325227e-23, nan 
89.125, 77.625, 3.4809357258375e-23, nan 
89.375, 77.625, 3.404077808293046e-23, nan 
89.625, 77.625, 3.4604558899290146e-23, nan 
89.875, 77.625, 3.9888086423900694e-23, nan 
90.125, 77.625, 3.16210335510441e-23, nan 
90.375, 77.625, 2.5808672470744728e-23, nan 
90.625, 77.625, 2.3994082295322552e-23, nan 
90.875, 77.625, 2.1315245097340727e-23, nan 
91.125, 77.625, 1.959510898003187e-23, nan 
91.375, 77.625, 2.2961239320139562e-23, nan 
91.625, 77.625, 1.6936426801456685e-23, nan 
91.875, 77.625, 1.3809715575788376e-23, nan 
92.125, 77.625, 8.115615095183796e-24, nan 
92.375, 77.625, 6.212205447181356e-24, nan 
92.625, 77.625, 9.280096743525796e-24, nan 
92.875, 77.625, 8.903060114883843e-24, nan 
93.125, 77.625, 1.081334672614905e-23, nan 
93.375, 77.625, 9.788333347379205e-24, nan 
93.625, 77.625, 1.2171122072336897e-23, nan 
93.875, 77.625, 1.4267721645982473e-23, nan 
94.125, 77.625, 1.3516172775539008e-23, nan 
94.375, 77.625, 1.4429219064591825e-23, nan 
94.625, 77.625, 1.3406219781191267e-23, nan 
94.875, 77.625, 1.1835882982356919e-23, nan 
95.125, 77.625, 1.0222723927569724e-23, nan 
95.375, 77.625, 1.1011840431546782e-23, nan 
95.625, 77.625, 1.0849427172890743e-23, nan 
95.875, 77.625, 1.1434423695734894e-23, nan 
96.125, 77.625, 1.1152260910800882e-23, nan 
96.375, 77.625, 1.1420427654664426e-23, nan 
96.625, 77.625, 1.3094634780728473e-23, nan 
96.875, 77.625, 1.1878339542967248e-23, nan 
97.125, 77.625, 1.1495169571644627e-23, nan 
97.375, 77.625, 7.241059548664596e-24, nan 
97.625, 77.625, 7.507119521926206e-24, nan 
97.875, 77.625, 9.348246038600825e-24, nan 
98.125, 77.625, 9.372191889587492e-24, nan 
98.375, 77.625, 8.509933019080953e-24, nan 
98.625, 77.625, 4.457730431141276e-24, nan 
98.875, 77.625, 3.528894964822986e-24, nan 
99.125, 77.625, 3.0774697405438727e-24, nan 
99.375, 77.625, 3.1753866606954466e-24, nan 
99.625, 77.625, 5.9904572721899626e-24, nan 
99.875, 77.625, 5.7903926554028234e-24, nan 
100.125, 77.625, 5.351006908970824e-24, nan 
100.375, 77.625, 5.726452574766058e-24, nan 
100.625, 77.625, 6.95094004547254e-24, nan 
100.875, 77.625, 9.041468524236602e-24, nan 
101.125, 77.625, 1.0403379642807289e-23, nan 
101.375, 77.625, 1.032441846521914e-23, nan 
101.625, 77.625, 9.271775807133394e-24, nan 
101.875, 77.625, 9.013185005978183e-24, nan 
102.125, 77.625, 6.5910594263797705e-24, nan 
102.375, 77.625, 6.2892611037084964e-24, nan 
102.625, 77.625, 6.412094364783835e-24, nan 
102.875, 77.625, 6.677048161832603e-24, nan 
103.125, 77.625, 6.48893012115848e-24, nan 
103.375, 77.625, 5.177120298965242e-24, nan 
103.625, 77.625, 4.338689162518033e-24, nan 
103.875, 77.625, 4.044110585973499e-24, nan 
104.125, 77.625, 3.247998762371827e-24, nan 
104.375, 77.625, 4.204860449636927e-24, nan 
104.625, 77.625, 3.387490874042981e-24, nan 
104.875, 77.625, 3.439064948084838e-24, nan 
105.125, 77.625, 3.480458438736077e-24, nan 
105.375, 77.625, 1.824330808029174e-24, nan 
105.625, 77.625, 2.562347965754229e-24, nan 
105.875, 77.625, 2.9174423353198088e-24, nan 
106.125, 77.625, 3.5339544410565546e-24, nan 
106.375, 77.625, 2.9428376678929268e-24, nan 
106.625, 77.625, 3.703338647810164e-24, nan 
106.875, 77.625, 2.8056586617574337e-24, nan 
107.125, 77.625, 1.841462321704612e-24, nan 
107.375, 77.625, 2.2013006354068993e-24, nan 
107.625, 77.625, 1.6536349864132992e-24, nan 
107.875, 77.625, 9.49252551539873e-25, nan 
108.125, 77.625, 8.208193276722705e-25, nan 
108.375, 77.625, 1.095705269397973e-24, nan 
108.625, 77.625, 1.578149400017239e-24, nan 
108.875, 77.625, 3.623297753821421e-24, nan 
109.125, 77.625, 1.2359233751569028e-24, nan 
109.375, 77.625, 2.6992174923478827e-24, nan 
109.625, 77.625, 3.2266510869989176e-24, nan 
109.875, 77.625, 2.9067295072621277e-24, nan 
110.125, 77.625, 1.2402043835427779e-23, nan 
110.375, 77.625, 1.0865940023491142e-23, nan 
110.625, 77.625, 1.0802745905650854e-23, nan 
110.875, 77.625, 7.204156811581128e-24, nan 
111.125, 77.625, 4.486550386491202e-24, nan 
111.375, 77.625, 1.9803120236463854e-23, nan 
111.625, 77.625, 1.7014198043721224e-23, nan 
111.875, 77.625, 1.0628150042522779e-23, nan 
112.125, 77.625, 5.1208325400537185e-24, nan 
112.375, 77.625, 3.434161014232717e-24, nan 
112.625, 77.625, 7.987624544587644e-24, nan 
112.875, 77.625, 7.348432280966614e-24, nan 
113.125, 77.625, 4.2714952761594894e-24, nan 
113.375, 77.625, 2.4742294086877513e-24, nan 
113.625, 77.625, 2.9401431839217843e-24, nan 
113.875, 77.625, 1.9021803856588462e-24, nan 
114.125, 77.625, 2.4516564517443034e-24, nan 
114.375, 77.625, 3.426495223327063e-24, nan 
114.625, 77.625, 2.9449177835285996e-24, nan 
114.875, 77.625, 2.276274389446881e-24, nan 
115.125, 77.625, 1.2496712134737432e-24, nan 
115.375, 77.625, 3.770391958479566e-24, nan 
115.625, 77.625, 4.0436015079038825e-24, nan 
115.875, 77.625, 3.931637194279955e-24, nan 
116.125, 77.625, 3.742085759269276e-24, nan 
116.375, 77.625, 4.716520939974446e-24, nan 
116.625, 77.625, 4.9260674146549275e-24, nan 
116.875, 77.625, 1.2960758215892378e-23, nan 
117.125, 77.625, 1.1840879168189e-23, nan 
117.375, 77.625, 1.2354285517234495e-23, nan 
117.625, 77.625, 1.6024615052638657e-23, nan 
117.875, 77.625, 1.26055624065146e-23, nan 
118.125, 77.625, 2.1028897580589352e-23, nan 
118.375, 77.625, 1.562863251426346e-23, nan 
118.625, 77.625, 1.4337865608269096e-23, nan 
118.875, 77.625, 1.527090460198498e-23, nan 
119.125, 77.625, 1.1859551277717635e-23, nan 
119.375, 77.625, 7.65594126636337e-24, nan 
119.625, 77.625, 6.121914984490917e-24, nan 
119.875, 77.625, 9.994354397815607e-24, nan 
120.125, 77.625, 1.2999359146487801e-23, nan 
120.375, 77.625, 1.2341543690164845e-23, nan 
120.625, 77.625, 6.593638113392272e-24, nan 
120.875, 77.625, 2.341340062424766e-24, nan 
121.125, 77.625, 6.708991952520652e-24, nan 
121.375, 77.625, 9.543449892188417e-24, nan 
121.625, 77.625, 1.0543855231123909e-23, nan 
121.875, 77.625, 7.4422626407903e-24, nan 
122.125, 77.625, 7.200677804277239e-24, nan 
122.375, 77.625, 7.940134816348313e-24, nan 
122.625, 77.625, 9.015654202869404e-24, nan 
122.875, 77.625, 9.583670137596988e-24, nan 
123.125, 77.625, 8.782397716540623e-24, nan 
123.375, 77.625, 1.0113741574116088e-23, nan 
123.625, 77.625, 1.0308825510575867e-23, nan 
123.875, 77.625, 1.2201368985464492e-23, nan 
124.125, 77.625, 1.295770318417329e-23, nan 
124.375, 77.625, 1.2181453074733064e-23, nan 
124.625, 77.625, 8.749871789947962e-24, nan 
124.875, 77.625, 7.200389429807163e-24, nan 
125.125, 77.625, 5.478731888707187e-24, nan 
125.375, 77.625, 4.847701721252582e-24, nan 
125.625, 77.625, 5.849513061303858e-24, nan 
125.875, 77.625, 4.845673470799859e-24, nan 
126.125, 77.625, 5.892257355314078e-24, nan 
126.375, 77.625, 5.950109133883941e-24, nan 
126.625, 77.625, 4.680332561606701e-24, nan 
126.875, 77.625, 5.912753337534512e-24, nan 
127.125, 77.625, 5.186875085950833e-24, nan 
127.375, 77.625, 7.389409243206217e-24, nan 
127.625, 77.625, 4.789371024572582e-24, nan 
127.875, 77.625, 6.799280597486471e-24, nan 
128.125, 77.625, 6.989585913851528e-24, nan 
128.375, 77.625, 4.44343793839362e-24, nan 
128.625, 77.625, 5.155038206641267e-24, nan 
128.875, 77.625, 3.252786314559002e-24, nan 
129.125, 77.625, 5.814100609530493e-24, nan 
129.375, 77.625, 5.475016838973416e-24, nan 
129.625, 77.625, 4.545378879946546e-24, nan 
129.875, 77.625, 4.360940782045537e-24, nan 
130.125, 77.625, 3.718230970443193e-24, nan 
130.375, 77.625, 3.537376436942782e-24, nan 
130.625, 77.625, 3.2998956248793717e-24, nan 
130.875, 77.625, 2.796219237174919e-24, nan 
131.125, 77.625, 3.619891846334086e-24, nan 
131.375, 77.625, 3.983713311986008e-24, nan 
131.625, 77.625, 3.6194774998027306e-24, nan 
131.875, 77.625, 2.2910545298152932e-24, nan 
132.125, 77.625, 2.420318211023402e-24, nan 
132.375, 77.625, 1.6387966986268046e-24, nan 
132.625, 77.625, 1.7165104613738142e-24, nan 
132.875, 77.625, 1.988904576376749e-24, nan 
133.125, 77.625, 2.144966459221718e-24, nan 
133.375, 77.625, 2.1069477201995348e-24, nan 
133.625, 77.625, 1.8061357282445206e-24, nan 
133.875, 77.625, 1.1372468056509676e-24, nan 
134.125, 77.625, 1.0488407272041094e-24, nan 
134.375, 77.625, 1.2642006701822746e-24, nan 
134.625, 77.625, 2.1049185622248654e-24, nan 
134.875, 77.625, 2.4250476142942146e-24, nan 
135.125, 77.625, 3.0964127433788184e-24, nan 
135.375, 77.625, 3.285253003218021e-24, nan 
135.625, 77.625, 2.1516488022736953e-24, nan 
135.875, 77.625, 1.768991839816517e-24, nan 
136.125, 77.625, 2.0848066760474824e-24, nan 
136.375, 77.625, 2.9263643872677117e-24, nan 
136.625, 77.625, 2.5902637418074053e-24, nan 
136.875, 77.625, 2.1635024330872192e-24, nan 
137.125, 77.625, 1.1789279387705642e-24, nan 
137.375, 77.625, 2.1515419069344694e-24, nan 
137.625, 77.625, 3.298604875670968e-24, nan 
137.875, 77.625, 2.6798881626973807e-24, nan 
138.125, 77.625, 2.9676898484224386e-24, nan 
138.375, 77.625, 1.9993422444781644e-24, nan 
138.625, 77.625, 2.1351019784835768e-24, nan 
138.875, 77.625, 3.1388244420622015e-24, nan 
139.125, 77.625, 2.8400634976049935e-24, nan 
139.375, 77.625, 3.715369210569474e-24, nan 
139.625, 77.625, 3.331835132170966e-24, nan 
139.875, 77.625, 3.620703830352562e-24, nan 
140.125, 77.625, 3.1403107032580788e-24, nan 
140.375, 77.625, 7.458404441299327e-24, nan 
140.625, 77.625, 3.0249843053451034e-24, nan 
140.875, 77.625, 2.6451881204650185e-24, nan 
141.125, 77.625, 2.8557640844328593e-24, nan 
141.375, 77.625, 3.1113108972072046e-24, nan 
141.625, 77.625, 2.9764308875865307e-24, nan 
141.875, 77.625, 2.9148277595340215e-24, nan 
142.125, 77.625, 2.6600511828775534e-24, nan 
142.375, 77.625, 1.9732486851145198e-24, nan 
142.625, 77.625, 3.17852582373173e-24, nan 
142.875, 77.625, 2.4618029316592176e-24, nan 
143.125, 77.625, 2.0743360274608464e-24, nan 
143.375, 77.625, 2.3759380323702027e-24, nan 
143.625, 77.625, 1.4117980658611944e-24, nan 
143.875, 77.625, 1.4288920509816865e-24, nan 
144.125, 77.625, 4.943959524230748e-25, nan 
144.375, 77.625, 6.5733830192950275e-25, nan 
144.625, 77.625, 1.715196415279953e-24, nan 
144.875, 77.625, 2.3210482875491335e-24, nan 
145.125, 77.625, 2.341094296892667e-24, nan 
145.375, 77.625, 8.537369600083725e-25, nan 
145.625, 77.625, 1.6913855882964946e-24, nan 
145.875, 77.625, 2.8692038720058132e-24, nan 
146.125, 77.625, 2.673126252273033e-24, nan 
146.375, 77.625, 2.969905545144655e-24, nan 
146.625, 77.625, 2.1791431185185064e-24, nan 
146.875, 77.625, 1.7209332665283807e-24, nan 
147.125, 77.625, 1.5182983240145678e-24, nan 
147.375, 77.625, 1.3464804084335145e-24, nan 
147.625, 77.625, 2.0285977535128027e-24, nan 
147.875, 77.625, 1.8969845053054737e-24, nan 
148.125, 77.625, 1.4838745668983765e-24, nan 
148.375, 77.625, 1.6867931314807717e-24, nan 
148.625, 77.625, 1.9334047350297053e-24, nan 
148.875, 77.625, 2.2732520450847062e-24, nan 
149.125, 77.625, 2.8102167712545437e-24, nan 
149.375, 77.625, 2.0454814347915184e-24, nan 
149.625, 77.625, 2.7358698662883877e-24, nan 
149.875, 77.625, 3.5271972675008066e-24, nan 
150.125, 77.625, 4.2521474946027686e-24, nan 
150.375, 77.625, 5.525017634907883e-24, nan 
150.625, 77.625, 5.468986929883114e-24, nan 
150.875, 77.625, 5.3113541104940836e-24, nan 
151.125, 77.625, 3.735493880808114e-24, nan 
151.375, 77.625, 2.9420399294085383e-24, nan 
151.625, 77.625, 3.425702343292195e-24, nan 
151.875, 77.625, 3.4780578514534544e-24, nan 
152.125, 77.625, 3.807201063603795e-24, nan 
152.375, 77.625, 2.6456927683630516e-24, nan 
152.625, 77.625, 2.7918926845382546e-24, nan 
152.875, 77.625, 2.5768696996149297e-24, nan 
153.125, 77.625, 1.887919554972634e-24, nan 
153.375, 77.625, 1.6823413750880434e-24, nan 
153.625, 77.625, 2.3373493320599108e-24, nan 
153.875, 77.625, 3.479721264691543e-24, nan 
154.125, 77.625, 2.9135662426440966e-24, nan 
154.375, 77.625, 2.0462935031245212e-24, nan 
154.625, 77.625, 1.638994762877749e-24, nan 
154.875, 77.625, 1.5683973771575052e-24, nan 
155.125, 77.625, 9.502137270321628e-25, nan 
155.375, 77.625, 1.5313801164820385e-24, nan 
155.625, 77.625, 1.0509418089377968e-24, nan 
155.875, 77.625, 1.0886230286678992e-24, nan 
156.125, 77.625, 9.155557083541587e-25, nan 
156.375, 77.625, 5.966679866484231e-25, nan 
156.625, 77.625, 1.1975177454304798e-24, nan 
156.875, 77.625, 1.1559257264591768e-24, nan 
157.125, 77.625, 1.549728574176655e-24, nan 
157.375, 77.625, 1.0274517390989197e-24, nan 
157.625, 77.625, 1.0727616683179212e-24, nan 
157.875, 77.625, 1.3654062169800762e-24, nan 
158.125, 77.625, 1.28688467500343e-24, nan 
158.375, 77.625, 2.503401493746425e-24, nan 
158.625, 77.625, 3.2363331423033113e-24, nan 
158.875, 77.625, 2.649081564996764e-24, nan 
159.125, 77.625, 2.1069254107128173e-24, nan 
159.375, 77.625, 2.572106316672128e-24, nan 
159.625, 77.625, 2.866056191224563e-24, nan 
159.875, 77.625, 2.8100601337182134e-24, nan 
160.125, 77.625, 1.6796047081038793e-24, nan 
160.375, 77.625, 1.0309514501189408e-24, nan 
160.625, 77.625, 6.854881944536382e-25, nan 
160.875, 77.625, 2.2293388204707297e-24, nan 
161.125, 77.625, 1.6591534017071562e-24, nan 
161.375, 77.625, 1.5998986251806019e-24, nan 
161.625, 77.625, 2.6485564649264696e-24, nan 
161.875, 77.625, 3.361841602717156e-24, nan 
162.125, 77.625, 2.207582825884205e-24, nan 
162.375, 77.625, 2.790012075543514e-24, nan 
162.625, 77.625, 2.119847874635404e-24, nan 
162.875, 77.625, 2.3511261373456603e-24, nan 
163.125, 77.625, 2.9780138757441896e-24, nan 
163.375, 77.625, 2.4144199802972402e-24, nan 
163.625, 77.625, 2.8601714574166215e-24, nan 
163.875, 77.625, 2.5141551246674617e-24, nan 
164.125, 77.625, 1.6299078326194655e-24, nan 
164.375, 77.625, 2.5217300162310827e-24, nan 
164.625, 77.625, 2.542084249445941e-24, nan 
164.875, 77.625, 2.6606070254535583e-24, nan 
165.125, 77.625, 3.1106747786226276e-24, nan 
165.375, 77.625, 3.0661894737653488e-24, nan 
165.625, 77.625, 2.2701723080978497e-24, nan 
165.875, 77.625, 2.3383172062063774e-24, nan 
166.125, 77.625, 2.6036159476629662e-24, nan 
166.375, 77.625, 3.1048367611054966e-24, nan 
166.625, 77.625, 4.426619085425745e-24, nan 
166.875, 77.625, 5.036340658983253e-24, nan 
167.125, 77.625, 5.0442650460811656e-24, nan 
167.375, 77.625, 4.435947288358293e-24, nan 
167.625, 77.625, 4.0929809332686165e-24, nan 
167.875, 77.625, 4.047634568489483e-24, nan 
168.125, 77.625, 2.761690071518673e-24, nan 
168.375, 77.625, 1.967652016672055e-24, nan 
168.625, 77.625, 2.226296825936855e-24, nan 
168.875, 77.625, 2.3587872973715876e-24, nan 
169.125, 77.625, 2.4542974052545453e-24, nan 
169.375, 77.625, 1.7777155874146446e-24, nan 
169.625, 77.625, 1.8077810803796464e-24, nan 
169.875, 77.625, 1.525237125438948e-24, nan 
170.125, 77.625, 1.551065301586974e-24, nan 
170.375, 77.625, 1.7393013669562915e-24, nan 
170.625, 77.625, 3.0769417984401e-24, nan 
170.875, 77.625, 5.3767589987232826e-24, nan 
171.125, 77.625, 6.657121039054493e-24, nan 
171.375, 77.625, 7.09516620410497e-24, nan 
171.625, 77.625, 6.952370587348214e-24, nan 
171.875, 77.625, 7.067726283264699e-24, nan 
172.125, 77.625, 6.739251750337503e-24, nan 
172.375, 77.625, 7.773241734008414e-24, nan 
172.625, 77.625, 7.285429109752125e-24, nan 
172.875, 77.625, 6.615379354492041e-24, nan 
173.125, 77.625, 5.129470973878254e-24, nan 
173.375, 77.625, 4.7107567043441555e-24, nan 
173.625, 77.625, 2.512936577851647e-24, nan 
173.875, 77.625, 4.016055576872299e-24, nan 
174.125, 77.625, 4.4217782150018174e-24, nan 
174.375, 77.625, 4.478685599435863e-24, nan 
174.625, 77.625, 4.470135135308961e-24, nan 
174.875, 77.625, 3.6853360516448765e-24, nan 
175.125, 77.625, 5.0867881404478396e-24, nan 
175.375, 77.625, 5.5897712931587406e-24, nan 
175.625, 77.625, 4.185469117338728e-24, nan 
175.875, 77.625, 3.2476503541170805e-24, nan 
176.125, 77.625, 3.240046390300494e-24, nan 
176.375, 77.625, 3.842363495915418e-24, nan 
176.625, 77.625, 3.4500072717002645e-24, nan 
176.875, 77.625, 2.892202299904165e-24, nan 
177.125, 77.625, 2.6976244167414703e-24, nan 
177.375, 77.625, 4.0052447708962916e-24, nan 
177.625, 77.625, 3.495047711180962e-24, nan 
177.875, 77.625, 3.927705068870751e-24, nan 
178.125, 77.625, 2.7238441486028273e-24, nan 
178.375, 77.625, 1.2551963331645686e-24, nan 
178.625, 77.625, 1.8193059509714894e-24, nan 
178.875, 77.625, 3.2393457368534208e-24, nan 
179.125, 77.625, 2.675434878324372e-24, nan 
179.375, 77.625, 2.3765642489685866e-24, nan 
179.625, 77.625, 1.769213798788505e-24, nan 
179.875, 77.625, 3.238316427354808e-24, nan 
-179.875, 77.875, 3.1167146808215598e-24, nan 
-179.625, 77.875, 3.8544459175756576e-24, nan 
-179.375, 77.875, 5.629562797314358e-24, nan 
-179.125, 77.875, 6.998577069860534e-24, nan 
-178.875, 77.875, 8.39795865731333e-24, nan 
-178.625, 77.875, 8.105939627909506e-24, nan 
-178.375, 77.875, 9.251404708910792e-24, nan 
-178.125, 77.875, 8.146625878207169e-24, nan 
-177.875, 77.875, 4.600133074029623e-24, nan 
-177.625, 77.875, 2.5241644627072458e-24, nan 
-177.375, 77.875, 5.543429311988364e-24, nan 
-177.125, 77.875, 7.143688784855105e-24, nan 
-176.875, 77.875, 1.1607616205311448e-23, nan 
-176.625, 77.875, 1.1702415120936892e-23, nan 
-176.375, 77.875, 1.2835388224539907e-23, nan 
-176.125, 77.875, 9.096082340548321e-24, nan 
-175.875, 77.875, 8.642318941875944e-24, nan 
-175.625, 77.875, 5.60666349882245e-24, nan 
-175.375, 77.875, 7.740115057674985e-24, nan 
-175.125, 77.875, 9.309785530107508e-24, nan 
-174.875, 77.875, 6.052751737714006e-24, nan 
-174.625, 77.875, 2.7574701132927307e-24, nan 
-174.375, 77.875, 5.081540666809282e-24, nan 
-174.125, 77.875, 8.218409022087227e-24, nan 
-173.875, 77.875, 9.529064713527851e-24, nan 
-173.625, 77.875, 1.0273672864017488e-23, nan 
-173.375, 77.875, 9.812648394045046e-24, nan 
-173.125, 77.875, 1.38008839900874e-23, nan 
-172.875, 77.875, 1.8920998394330777e-23, nan 
-172.625, 77.875, 9.678904124622928e-24, nan 
-172.375, 77.875, 1.1760133363030043e-23, nan 
-172.125, 77.875, 6.925061614607051e-24, nan 
-171.875, 77.875, 1.3153191292228276e-23, nan 
-171.625, 77.875, 2.6209873708821397e-23, nan 
-171.375, 77.875, 2.1368645147771112e-23, nan 
-171.125, 77.875, 2.4531370691372386e-23, nan 
-170.875, 77.875, 1.0520686078788291e-23, nan 
-170.625, 77.875, 2.4372941103162983e-23, nan 
-170.375, 77.875, 3.1403732585737966e-23, nan 
-170.125, 77.875, 2.6752925980968574e-23, nan 
-169.875, 77.875, 3.118110472358352e-23, nan 
-169.625, 77.875, 1.7780271059016815e-23, nan 
-169.375, 77.875, 2.2664772147844974e-23, nan 
-169.125, 77.875, 2.7458261968558284e-23, nan 
-168.875, 77.875, 1.6477967690139147e-23, nan 
-168.625, 77.875, 1.8310940555670988e-23, nan 
-168.375, 77.875, 2.0542621852122288e-23, nan 
-168.125, 77.875, 2.3889195499104403e-23, nan 
-167.875, 77.875, 3.367970716094589e-23, nan 
-167.625, 77.875, 3.176154040637798e-23, nan 
-167.375, 77.875, 2.4084022132962193e-23, nan 
-167.125, 77.875, 1.738661037988232e-23, nan 
-166.875, 77.875, 2.4705143554332645e-23, nan 
-166.625, 77.875, 3.338935212694512e-23, nan 
-166.375, 77.875, 3.320053438276006e-23, nan 
-166.125, 77.875, 2.7210220155016607e-23, nan 
-165.875, 77.875, 2.808613445841937e-23, nan 
-165.625, 77.875, 1.4313213224086835e-23, nan 
-165.375, 77.875, 1.4104974288960462e-23, nan 
-165.125, 77.875, 1.0977543929780744e-23, nan 
-164.875, 77.875, 8.668208216460081e-24, nan 
-164.625, 77.875, 8.505912595527248e-24, nan 
-164.375, 77.875, 9.88774251294536e-24, nan 
-164.125, 77.875, 8.883205617717023e-24, nan 
-163.875, 77.875, 9.344886159450484e-24, nan 
-163.625, 77.875, 8.490171506742071e-24, nan 
-163.375, 77.875, 8.22053443851322e-24, nan 
-163.125, 77.875, 8.32207445589761e-24, nan 
-162.875, 77.875, 7.457202998375283e-24, nan 
-162.625, 77.875, 4.643581092107031e-24, nan 
-162.375, 77.875, 6.160016708376636e-24, nan 
-162.125, 77.875, 8.046273318674409e-24, nan 
-161.875, 77.875, 9.81168185305169e-24, nan 
-161.625, 77.875, 9.063186251974127e-24, nan 
-161.375, 77.875, 1.0431001456812373e-23, nan 
-161.125, 77.875, 5.981933711083747e-24, nan 
-160.875, 77.875, 6.191311141164576e-24, nan 
-160.625, 77.875, 6.797604346894809e-24, nan 
-160.375, 77.875, 7.983607051903936e-24, nan 
-160.125, 77.875, 1.0900805342587234e-23, nan 
-159.875, 77.875, 1.0563284075861066e-23, nan 
-159.625, 77.875, 1.048506325590076e-23, nan 
-159.375, 77.875, 6.232871874401712e-24, nan 
-159.125, 77.875, 2.967391413575745e-24, nan 
-158.875, 77.875, 5.7080982925162245e-24, nan 
-158.625, 77.875, 5.6044962909631175e-24, nan 
-158.375, 77.875, 5.5570593691047365e-24, nan 
-158.125, 77.875, 4.596431829721906e-24, nan 
-157.875, 77.875, 5.336063683062948e-24, nan 
-157.625, 77.875, 3.711479384746043e-24, nan 
-157.375, 77.875, 3.813705759736537e-24, nan 
-157.125, 77.875, 3.6231188330728215e-24, nan 
-156.875, 77.875, 4.008728482718614e-24, nan 
-156.625, 77.875, 5.1196638801834595e-24, nan 
-156.375, 77.875, 5.1325182289018234e-24, nan 
-156.125, 77.875, 7.669877827971886e-24, nan 
-155.875, 77.875, 9.504479998725517e-24, nan 
-155.625, 77.875, 9.59577461003517e-24, nan 
-155.375, 77.875, 9.139979100630272e-24, nan 
-155.125, 77.875, 7.542907895296524e-24, nan 
-154.875, 77.875, 9.048104889568405e-24, nan 
-154.625, 77.875, 1.2120528211956699e-23, nan 
-154.375, 77.875, 1.030784823488618e-23, nan 
-154.125, 77.875, 1.1313039837112551e-23, nan 
-153.875, 77.875, 8.540979714863785e-24, nan 
-153.625, 77.875, 3.918577606708353e-24, nan 
-153.375, 77.875, 4.7171652592545835e-24, nan 
-153.125, 77.875, 5.823324119763834e-24, nan 
-152.875, 77.875, 5.502701816751758e-24, nan 
-152.625, 77.875, 4.799078808147905e-24, nan 
-152.375, 77.875, 2.2767162356694284e-24, nan 
-152.125, 77.875, 2.8672466136111713e-24, nan 
-151.875, 77.875, 4.016639549615232e-24, nan 
-151.625, 77.875, 4.970169606953643e-24, nan 
-151.375, 77.875, 6.314301097105014e-24, nan 
-151.125, 77.875, 9.237464060887548e-24, nan 
-150.875, 77.875, 1.0483950490018667e-23, nan 
-150.625, 77.875, 8.015787324662672e-24, nan 
-150.375, 77.875, 7.507319229302242e-24, nan 
-150.125, 77.875, 6.408209308595692e-24, nan 
-149.875, 77.875, 7.269286153084835e-24, nan 
-149.625, 77.875, 1.1685750440417864e-23, nan 
-149.375, 77.875, 9.763960996368415e-24, nan 
-149.125, 77.875, 1.0670671983234244e-23, nan 
-148.875, 77.875, 1.9300170537346668e-23, nan 
-148.625, 77.875, 1.337437610116e-23, nan 
-148.375, 77.875, 2.0373606200604337e-23, nan 
-148.125, 77.875, 1.9496568047866405e-23, nan 
-147.875, 77.875, 2.3266427713100836e-23, nan 
-147.625, 77.875, 2.66927899738365e-23, nan 
-147.375, 77.875, 2.2854225082307277e-23, nan 
-147.125, 77.875, 1.9206041129555732e-23, nan 
-146.875, 77.875, 1.899675182873419e-23, nan 
-146.625, 77.875, 2.268920102750184e-23, nan 
-146.375, 77.875, 1.829992589903921e-23, nan 
-146.125, 77.875, 1.7010924353408118e-23, nan 
-145.875, 77.875, 2.326255008358674e-23, nan 
-145.625, 77.875, 2.0251106344367126e-23, nan 
-145.375, 77.875, 1.9770847275126758e-23, nan 
-145.125, 77.875, 2.3107873008621634e-23, nan 
-144.875, 77.875, 1.921386284469983e-23, nan 
-144.625, 77.875, 2.5188719418457845e-23, nan 
-144.375, 77.875, 3.607837005530755e-23, nan 
-144.125, 77.875, 3.694664545849307e-23, nan 
-143.875, 77.875, 2.847526411023743e-23, nan 
-143.625, 77.875, 2.598042910303471e-23, nan 
-143.375, 77.875, 3.333253085783651e-23, nan 
-143.125, 77.875, 4.082056233804439e-23, nan 
-142.875, 77.875, 3.4185650601786716e-23, nan 
-142.625, 77.875, 2.8150386309410704e-23, nan 
-142.375, 77.875, 2.298852903219276e-23, nan 
-142.125, 77.875, 1.2277589206159985e-23, nan 
-141.875, 77.875, 7.488591234815819e-24, nan 
-141.625, 77.875, 4.7625005292428585e-24, nan 
-141.375, 77.875, 9.660629058079028e-24, nan 
-141.125, 77.875, 1.1688836069203366e-23, nan 
-140.875, 77.875, 1.9811308690491634e-23, nan 
-140.625, 77.875, 1.6848836018828486e-23, nan 
-140.375, 77.875, 1.262262328673059e-23, nan 
-140.125, 77.875, 1.3825262868449873e-23, nan 
-139.875, 77.875, 1.1836838168129591e-23, nan 
-139.625, 77.875, 1.858130364599954e-23, nan 
-139.375, 77.875, 1.6157299286751188e-23, nan 
-139.125, 77.875, 1.9702175464481914e-23, nan 
-138.875, 77.875, 1.7019288016400868e-23, nan 
-138.625, 77.875, 8.00621411872629e-24, nan 
-138.375, 77.875, 4.139338441458415e-24, nan 
-138.125, 77.875, 2.1005422251518366e-23, nan 
-137.875, 77.875, 4.382933980700249e-23, nan 
-137.625, 77.875, 3.2357977694419357e-23, nan 
-137.375, 77.875, 3.0115893356945054e-23, nan 
-137.125, 77.875, 2.0977894017529014e-23, nan 
-136.875, 77.875, 1.9522818937916184e-23, nan 
-136.625, 77.875, 2.6082379164717656e-23, nan 
-136.375, 77.875, 1.5101851292794926e-23, nan 
-136.125, 77.875, 3.8869795089755197e-23, nan 
-135.875, 77.875, 3.5972028055687504e-23, nan 
-135.625, 77.875, 2.95769660841347e-23, nan 
-135.375, 77.875, 4.33557385662072e-23, nan 
-135.125, 77.875, 3.346160833024285e-23, nan 
-134.875, 77.875, 4.229831311910479e-23, nan 
-134.625, 77.875, 6.021799609175339e-23, nan 
-134.375, 77.875, 4.576673119001059e-23, nan 
-134.125, 77.875, 7.651204339393313e-23, nan 
-133.875, 77.875, 3.577303004720711e-23, nan 
-133.625, 77.875, 3.5831981477595357e-23, nan 
-133.375, 77.875, 3.8959348327999476e-23, nan 
-133.125, 77.875, 3.4463998588613863e-23, nan 
-132.875, 77.875, 3.963965686914527e-23, nan 
-132.625, 77.875, 5.295548681134694e-23, nan 
-132.375, 77.875, 6.457008739132983e-23, nan 
-132.125, 77.875, 5.504703330397033e-23, nan 
-131.875, 77.875, 3.4541306140071157e-23, nan 
-131.625, 77.875, 4.2483948854697547e-23, nan 
-131.375, 77.875, 5.231912208681461e-23, nan 
-131.125, 77.875, 5.352126540063432e-23, nan 
-130.875, 77.875, 4.0812096496996146e-23, nan 
-130.625, 77.875, 2.9771448042727e-23, nan 
-130.375, 77.875, 3.692562148998033e-23, nan 
-130.125, 77.875, 3.675440085278714e-23, nan 
-129.875, 77.875, 3.920280733353634e-23, nan 
-129.625, 77.875, 2.169391177535404e-23, nan 
-129.375, 77.875, 1.3557061301479604e-23, nan 
-129.125, 77.875, 9.971420892610608e-24, nan 
-128.875, 77.875, 2.3410453289904932e-23, nan 
-128.625, 77.875, 2.3150274687688305e-23, nan 
-128.375, 77.875, 2.3629308432970594e-23, nan 
-128.125, 77.875, 4.4639959718360463e-23, nan 
-127.875, 77.875, 4.517461037974623e-23, nan 
-127.625, 77.875, 4.4993022425080297e-23, nan 
-127.375, 77.875, 5.950543174121932e-23, nan 
-127.125, 77.875, 4.48006435228302e-23, nan 
-126.875, 77.875, 1.833035420831177e-23, nan 
-126.625, 77.875, 3.4335843012113103e-23, nan 
-126.375, 77.875, 7.199776011484909e-23, nan 
-126.125, 77.875, 1.2458502471821406e-22, nan 
-125.875, 77.875, 1.0111822259069392e-22, nan 
-125.625, 77.875, 6.677467479482514e-23, nan 
-125.375, 77.875, 5.641946826128278e-23, nan 
-125.125, 77.875, 1.1275828861803977e-22, nan 
-124.875, 77.875, 1.7463897147057154e-22, nan 
-124.625, 77.875, 1.2305433505502743e-22, nan 
-124.375, 77.875, 1.0352693959239663e-22, nan 
-124.125, 77.875, 8.2125541163817e-23, nan 
-123.875, 77.875, 6.24653493423275e-23, nan 
-123.625, 77.875, 5.286513758620749e-23, nan 
-123.375, 77.875, 2.1519545720934392e-23, nan 
-123.125, 77.875, 3.4689339922816267e-23, nan 
-122.875, 77.875, 4.105578752850268e-23, nan 
-122.625, 77.875, 3.825727070133464e-23, nan 
-122.375, 77.875, 3.4895466161603546e-23, nan 
-122.125, 77.875, 4.4924601462080314e-23, nan 
-121.875, 77.875, 6.048686193711911e-23, nan 
-121.625, 77.875, 3.620571462200064e-23, nan 
-121.375, 77.875, 2.74182287851692e-23, nan 
-121.125, 77.875, 2.3358679187300846e-23, nan 
-120.875, 77.875, 3.4726570046863404e-23, nan 
-120.625, 77.875, 3.0850519746988017e-23, nan 
-120.375, 77.875, 2.0166771743430579e-23, nan 
-120.125, 77.875, 7.820606148209581e-23, nan 
-119.875, 77.875, 9.313881195294155e-23, nan 
-119.625, 77.875, 8.417819721976271e-23, nan 
-119.375, 77.875, 2.0734268381072893e-23, nan 
-119.125, 77.875, 2.0884933899372646e-23, nan 
-118.875, 77.875, 1.5800352787047394e-23, nan 
-118.625, 77.875, 2.1016931537141135e-23, nan 
-118.375, 77.875, 2.0305917006390023e-23, nan 
-118.125, 77.875, 2.0916733579391535e-23, nan 
-117.875, 77.875, 1.743075204589882e-23, nan 
-117.625, 77.875, 1.5619820697750827e-23, nan 
-117.375, 77.875, 2.0197718625050356e-23, nan 
-117.125, 77.875, 1.872308255385724e-23, nan 
-116.875, 77.875, 2.289561604082735e-23, nan 
-116.625, 77.875, 1.7576756143123153e-23, nan 
-116.375, 77.875, 1.4963103499335345e-23, nan 
-116.125, 77.875, 1.6992293144760774e-23, nan 
-115.875, 77.875, 1.502987341995947e-23, nan 
-115.625, 77.875, 1.6451718460335105e-23, nan 
-115.375, 77.875, 1.8701007863779428e-23, nan 
-115.125, 77.875, 1.74289674504928e-23, nan 
-114.875, 77.875, 2.745269102691618e-23, nan 
-114.625, 77.875, 1.6290179084132763e-23, nan 
-114.375, 77.875, 1.2052273462138178e-23, nan 
-114.125, 77.875, 1.2537419006431516e-23, nan 
-113.875, 77.875, 2.5455800524193326e-23, nan 
-113.625, 77.875, 3.044554560566612e-23, nan 
-113.375, 77.875, 2.6644210893809876e-23, nan 
-113.125, 77.875, 1.933023578290757e-23, nan 
-112.875, 77.875, 2.3260588434403334e-23, nan 
-112.625, 77.875, 2.7794952037945915e-23, nan 
-112.375, 77.875, 1.9484422653464696e-23, nan 
-112.125, 77.875, 1.9599676200089843e-23, nan 
-111.875, 77.875, 1.1559723042826872e-23, nan 
-111.625, 77.875, 1.533413194661021e-23, nan 
-111.375, 77.875, 1.3768401059031572e-23, nan 
-111.125, 77.875, 1.0929551543059515e-23, nan 
-110.875, 77.875, 1.5822412819615617e-23, nan 
-110.625, 77.875, 1.811789514281168e-23, nan 
-110.375, 77.875, 2.3135978193051804e-23, nan 
-110.125, 77.875, 2.1876668319971828e-23, nan 
-109.875, 77.875, 2.1978857882196638e-23, nan 
-109.625, 77.875, 2.6035907704048094e-23, nan 
-109.375, 77.875, 3.150168534047699e-23, nan 
-109.125, 77.875, 3.701299044068598e-23, nan 
-108.875, 77.875, 3.1385791248897334e-23, nan 
-108.625, 77.875, 2.716681289229587e-23, nan 
-108.375, 77.875, 3.23978491003658e-23, nan 
-108.125, 77.875, 3.174752592792674e-23, nan 
-107.875, 77.875, 2.5981587515607464e-23, nan 
-107.625, 77.875, 3.6209744896973965e-23, nan 
-107.375, 77.875, 4.1668546973491416e-23, nan 
-107.125, 77.875, 3.375051881532376e-23, nan 
-106.875, 77.875, 3.2184752071876707e-23, nan 
-106.625, 77.875, 2.7592802789784166e-23, nan 
-106.375, 77.875, 3.07690137063976e-23, nan 
-106.125, 77.875, 3.171517504631246e-23, nan 
-105.875, 77.875, 3.2056388158720893e-23, nan 
-105.625, 77.875, 4.552698678613664e-23, nan 
-105.375, 77.875, 5.129206166366175e-23, nan 
-105.125, 77.875, 5.1705040419619104e-23, nan 
-104.875, 77.875, 3.352414214695385e-23, nan 
-104.625, 77.875, 3.1353591724736725e-23, nan 
-104.375, 77.875, 4.46316538080679e-23, nan 
-104.125, 77.875, 4.70204662318788e-23, nan 
-103.875, 77.875, 4.6102527930452214e-23, nan 
-103.625, 77.875, 4.4123158936502016e-23, nan 
-103.375, 77.875, 2.948990531835112e-23, nan 
-103.125, 77.875, 2.82759189902907e-23, nan 
-102.875, 77.875, 2.6230502734618032e-23, nan 
-102.625, 77.875, 2.7476954373529746e-23, nan 
-102.375, 77.875, 2.810220405420273e-23, nan 
-102.125, 77.875, 2.837867970088173e-23, nan 
-101.875, 77.875, 3.555002221942785e-23, nan 
-101.625, 77.875, 2.752162977358776e-23, nan 
-101.375, 77.875, 2.428359132395645e-23, nan 
-101.125, 77.875, 1.6625527087576068e-23, nan 
-100.875, 77.875, 2.0946937361394312e-23, nan 
-100.625, 77.875, 2.979964042674066e-23, nan 
-100.375, 77.875, 3.4523171123869757e-23, nan 
-100.125, 77.875, 4.48850363375753e-23, nan 
-99.875, 77.875, 4.3726483773086905e-23, nan 
-99.625, 77.875, 3.103516909457952e-23, nan 
-99.375, 77.875, 2.9747195184186917e-23, nan 
-99.125, 77.875, 3.0457086559433854e-23, nan 
-98.875, 77.875, 4.138540387322734e-23, nan 
-98.625, 77.875, 4.102137857070837e-23, nan 
-98.375, 77.875, 2.1383049589892343e-23, nan 
-98.125, 77.875, 2.5198842398425644e-23, nan 
-97.875, 77.875, 2.0093711573450894e-23, nan 
-97.625, 77.875, 4.146536638969893e-23, nan 
-97.375, 77.875, 3.6910101880979244e-23, nan 
-97.125, 77.875, 2.743214181942465e-23, nan 
-96.875, 77.875, 3.05481738694515e-23, nan 
-96.625, 77.875, 3.247645311318372e-23, nan 
-96.375, 77.875, 4.7870783960053516e-23, nan 
-96.125, 77.875, 5.748359583894082e-23, nan 
-95.875, 77.875, 7.075995360666609e-23, nan 
-95.625, 77.875, 7.511379079595588e-23, nan 
-95.375, 77.875, 6.844275793464506e-23, nan 
-95.125, 77.875, 5.8722434803014e-23, nan 
-94.875, 77.875, 6.12092560088784e-23, nan 
-94.625, 77.875, 5.400201354405877e-23, nan 
-94.375, 77.875, 5.428536410320319e-23, nan 
-94.125, 77.875, 5.875776494379141e-23, nan 
-93.875, 77.875, 6.717054853480094e-23, nan 
-93.625, 77.875, 6.840988473827798e-23, nan 
-93.375, 77.875, 5.343820070446901e-23, nan 
-93.125, 77.875, 5.091899842407069e-23, nan 
-92.875, 77.875, 3.997716883675924e-23, nan 
-92.625, 77.875, 7.704944660664926e-23, nan 
-92.375, 77.875, 9.77719006644394e-23, nan 
-92.125, 77.875, 9.972105283345205e-23, nan 
-91.875, 77.875, 5.50426157725117e-23, nan 
-91.625, 77.875, 3.5508586852845635e-23, nan 
-91.375, 77.875, 6.205828783846409e-23, nan 
-91.125, 77.875, 8.500500139425604e-23, nan 
-90.875, 77.875, 8.583897687265363e-23, nan 
-90.625, 77.875, 6.221230825063289e-23, nan 
-90.375, 77.875, 6.323858247174758e-23, nan 
-90.125, 77.875, 8.610662265967847e-23, nan 
-89.875, 77.875, 8.278857955493895e-23, nan 
-89.625, 77.875, 6.437186925632176e-23, nan 
-89.375, 77.875, 6.620730229561303e-23, nan 
-89.125, 77.875, 4.978930940758277e-23, nan 
-88.875, 77.875, 2.0465591591884813e-23, nan 
-88.625, 77.875, 5.247605037397784e-23, nan 
-88.375, 77.875, 5.890873175729912e-23, nan 
-88.125, 77.875, 9.812469600278538e-23, nan 
-87.875, 77.875, 7.522186269568271e-23, nan 
-87.625, 77.875, 7.064329773862487e-23, nan 
-87.375, 77.875, 8.722889488527387e-23, nan 
-87.125, 77.875, 7.433545147993857e-23, nan 
-86.875, 77.875, 6.325861029762912e-23, nan 
-86.625, 77.875, 3.2333239275248387e-23, nan 
-86.375, 77.875, 4.999003072660899e-23, nan 
-86.125, 77.875, 9.506091602734841e-23, nan 
-85.875, 77.875, 8.248144972712044e-23, nan 
-85.625, 77.875, 1.0068942997752348e-22, nan 
-85.375, 77.875, 7.475723270668197e-23, nan 
-85.125, 77.875, 5.133778312662017e-23, nan 
-84.875, 77.875, 1.134127263873037e-22, nan 
-84.625, 77.875, 1.0490219911182872e-22, nan 
-84.375, 77.875, 1.2759670630998414e-22, nan 
-84.125, 77.875, 9.98183134925039e-23, nan 
-83.875, 77.875, 1.1502773498906206e-22, nan 
-83.625, 77.875, 1.0717219334951982e-22, nan 
-83.375, 77.875, 1.2446226777266642e-22, nan 
-83.125, 77.875, 1.2680630089893888e-22, nan 
-82.875, 77.875, 1.138698421880916e-22, nan 
-82.625, 77.875, 1.135490217250787e-22, nan 
-82.375, 77.875, 9.654027166376732e-23, nan 
-82.125, 77.875, 1.0096543330659085e-22, nan 
-81.875, 77.875, 8.458481534144503e-23, nan 
-81.625, 77.875, 5.755168894825976e-23, nan 
-81.375, 77.875, 7.11736500941516e-23, nan 
-81.125, 77.875, 1.043001992143197e-22, nan 
-80.875, 77.875, 1.1062672861741728e-22, nan 
-80.625, 77.875, 1.0414268426544327e-22, nan 
-80.375, 77.875, 1.030492749487297e-22, nan 
-80.125, 77.875, 1.1770523216966767e-22, nan 
-79.875, 77.875, 1.6133395972967168e-22, nan 
-79.625, 77.875, 2.207865738597641e-22, nan 
-79.375, 77.875, 2.0765449455619976e-22, nan 
-79.125, 77.875, 8.03602817541922e-23, nan 
-78.875, 77.875, 1.6748010045558168e-22, nan 
-78.625, 77.875, 1.8105009315199036e-22, nan 
-78.375, 77.875, 1.3172258484163354e-22, nan 
-78.125, 77.875, 1.9997455249760874e-22, nan 
-77.875, 77.875, 1.5818010388035262e-22, nan 
-77.625, 77.875, 2.6304027673307995e-22, nan 
-77.375, 77.875, 2.004339647191944e-22, nan 
-77.125, 77.875, 1.4237986855841666e-22, nan 
-76.875, 77.875, 2.211496974670899e-22, nan 
-76.625, 77.875, 2.198633296995003e-22, nan 
-76.375, 77.875, 2.395758408256465e-22, nan 
-76.125, 77.875, 2.4868696922420025e-22, nan 
-75.875, 77.875, 1.4461488416846896e-22, nan 
-75.625, 77.875, 2.327851129490792e-22, nan 
-75.375, 77.875, 2.3758962635588407e-22, nan 
-75.125, 77.875, 2.33902483250374e-22, nan 
-74.875, 77.875, 2.0705910844884173e-22, nan 
-74.625, 77.875, 2.549813542234353e-22, nan 
-74.375, 77.875, 1.5290815144351715e-22, nan 
-74.125, 77.875, 1.9690686692411522e-22, nan 
-73.875, 77.875, 1.985658124009461e-22, nan 
-73.625, 77.875, 2.30797662391924e-22, nan 
-73.375, 77.875, 3.153865913233832e-22, nan 
-73.125, 77.875, 3.2561298496970224e-22, nan 
-72.875, 77.875, 2.8837364434085348e-22, nan 
-72.625, 77.875, 2.4902133410617535e-22, nan 
-72.375, 77.875, 2.4641261671747457e-22, nan 
-72.125, 77.875, 2.855374407992572e-22, nan 
-71.875, 77.875, 3.4597937108159e-22, nan 
-71.625, 77.875, 3.5323869213823954e-22, nan 
-71.375, 77.875, 4.1279020039584804e-22, nan 
-71.125, 77.875, 4.032180508909773e-22, nan 
-70.875, 77.875, 4.856764773433263e-22, nan 
-70.625, 77.875, 5.327620779760447e-22, nan 
-70.375, 77.875, 7.093821382293681e-22, nan 
-70.125, 77.875, 8.024160685057918e-22, nan 
-69.875, 77.875, 7.083502105982881e-22, nan 
-69.625, 77.875, 6.465213302235172e-22, nan 
-69.375, 77.875, 5.853500166360015e-22, nan 
-69.125, 77.875, 7.890339596527858e-22, nan 
-68.875, 77.875, 1.2926172705144543e-21, nan 
-68.625, 77.875, 3.3349531672444345e-21, nan 
-68.375, 77.875, 4.773273377098635e-21, nan 
-68.125, 77.875, 3.105122352655226e-21, nan 
-67.875, 77.875, 1.4451747022934654e-21, nan 
-67.625, 77.875, 2.2934130281636915e-21, nan 
-67.375, 77.875, 8.190779607011776e-21, nan 
-67.125, 77.875, 1.212995038144559e-20, nan 
-66.875, 77.875, 7.850619813834e-21, nan 
-66.625, 77.875, 3.274567380583727e-21, nan 
-66.375, 77.875, 1.1988457862263147e-21, nan 
-66.125, 77.875, 4.121276786073661e-21, nan 
-65.875, 77.875, 6.429011174654689e-21, nan 
-65.625, 77.875, 4.3741823611683764e-21, nan 
-65.375, 77.875, 2.4809263084614183e-21, nan 
-65.125, 77.875, 1.7520269192582126e-21, nan 
-64.875, 77.875, 1.844409347982075e-21, nan 
-64.625, 77.875, 1.6534298896331256e-21, nan 
-64.375, 77.875, 1.3623067610181535e-21, nan 
-64.125, 77.875, 1.792971522577243e-21, nan 
-63.875, 77.875, 1.958112383814801e-21, nan 
-63.625, 77.875, 1.6181298554908251e-21, nan 
-63.375, 77.875, 1.8266633681636087e-21, nan 
-63.125, 77.875, 1.9636915654320614e-21, nan 
-62.875, 77.875, 2.1229564626789e-21, nan 
-62.625, 77.875, 1.8012312811884217e-21, nan 
-62.375, 77.875, 1.3211485921105924e-21, nan 
-62.125, 77.875, 1.1569899612118766e-21, nan 
-61.875, 77.875, 1.2478409170261518e-21, nan 
-61.625, 77.875, 1.9282046353462508e-21, nan 
-61.375, 77.875, 2.354133846249224e-21, nan 
-61.125, 77.875, 2.7047232433031715e-21, nan 
-60.875, 77.875, 2.124037346441977e-21, nan 
-60.625, 77.875, 2.8947273978396976e-21, nan 
-60.375, 77.875, 2.9786206993787253e-21, nan 
-60.125, 77.875, 4.885127501457573e-21, nan 
-59.875, 77.875, 7.21863126425026e-21, nan 
-59.625, 77.875, 8.198740915546965e-21, nan 
-59.375, 77.875, 8.814395891267411e-21, nan 
-59.125, 77.875, 6.834176422335534e-21, nan 
-58.875, 77.875, 6.648964946779453e-21, nan 
-58.625, 77.875, 1.1764583998487213e-20, nan 
-58.375, 77.875, 4.4659516134152604e-21, nan 
-58.125, 77.875, 5.778066249600015e-21, nan 
-57.875, 77.875, 5.335761309235536e-21, nan 
-57.625, 77.875, 5.017024945635192e-21, nan 
-57.375, 77.875, 2.0884209441206956e-20, nan 
-57.125, 77.875, 2.0024792099385607e-20, nan 
-56.875, 77.875, 6.292116413416774e-20, nan 
-56.625, 77.875, 7.728260727953434e-20, nan 
-56.375, 77.875, 7.956430393344686e-20, nan 
-56.125, 77.875, 7.875032698901934e-20, nan 
-55.875, 77.875, 3.2756193700969074e-20, nan 
-55.625, 77.875, 2.1037196301387988e-20, nan 
-55.375, 77.875, 2.4443406680323044e-20, nan 
-55.125, 77.875, 3.233592768263738e-20, nan 
-54.875, 77.875, 3.182835415013053e-20, nan 
-54.625, 77.875, 2.2307195218508744e-20, nan 
-54.375, 77.875, 1.7311373810470256e-20, nan 
-54.125, 77.875, 1.384479668713097e-20, nan 
-53.875, 77.875, 1.9169980533143233e-20, nan 
-53.625, 77.875, 1.3312977525821042e-20, nan 
-53.375, 77.875, 1.293328744536552e-20, nan 
-53.125, 77.875, 1.5027779071145375e-20, nan 
-52.875, 77.875, 1.6728430382319847e-20, nan 
-52.625, 77.875, 1.924731979535068e-20, nan 
-52.375, 77.875, 2.200856231788484e-20, nan 
-52.125, 77.875, 2.440168813719227e-20, nan 
-51.875, 77.875, 3.2839543530722686e-20, nan 
-51.625, 77.875, 3.3832885726360615e-20, nan 
-51.375, 77.875, 3.367184699693956e-20, nan 
-51.125, 77.875, 3.3706698502412174e-20, nan 
-50.875, 77.875, 3.5457063682787496e-20, nan 
-50.625, 77.875, 4.2064048840323424e-20, nan 
-50.375, 77.875, 4.061743091956422e-20, nan 
-50.125, 77.875, 3.491682732758511e-20, nan 
-49.875, 77.875, 3.01398543596308e-20, nan 
-49.625, 77.875, 3.3584953325260404e-20, nan 
-49.375, 77.875, 2.946759215046068e-20, nan 
-49.125, 77.875, 3.381801257342859e-20, nan 
-48.875, 77.875, 3.237039942937687e-20, nan 
-48.625, 77.875, 1.8513910382560146e-20, nan 
-48.375, 77.875, 1.4811688373077907e-20, nan 
-48.125, 77.875, 3.0262653111675665e-20, nan 
-47.875, 77.875, 3.700529376030855e-20, nan 
-47.625, 77.875, 3.773695341996515e-20, nan 
-47.375, 77.875, 3.043532140922173e-20, nan 
-47.125, 77.875, 2.788909744807403e-20, nan 
-46.875, 77.875, 3.224969997223133e-20, nan 
-46.625, 77.875, 4.0124112106566786e-20, nan 
-46.375, 77.875, 4.624230267399464e-20, nan 
-46.125, 77.875, 5.563852319674082e-20, nan 
-45.875, 77.875, 5.753482326160295e-20, nan 
-45.625, 77.875, 5.796514720193579e-20, nan 
-45.375, 77.875, 6.144044512877618e-20, nan 
-45.125, 77.875, 8.702026768673652e-20, nan 
-44.875, 77.875, 9.808727992192538e-20, nan 
-44.625, 77.875, 6.960805265074165e-20, nan 
-44.375, 77.875, 6.862455855086843e-20, nan 
-44.125, 77.875, 6.640035112345076e-20, nan 
-43.875, 77.875, 7.152486976822779e-20, nan 
-43.625, 77.875, 7.199564939874e-20, nan 
-43.375, 77.875, 6.979119817753955e-20, nan 
-43.125, 77.875, 7.706085585927862e-20, nan 
-42.875, 77.875, 7.928600497160131e-20, nan 
-42.625, 77.875, 7.403202223695724e-20, nan 
-42.375, 77.875, 7.800965092130783e-20, nan 
-42.125, 77.875, 7.079123617060928e-20, nan 
-41.875, 77.875, 4.139530248900092e-20, nan 
-41.625, 77.875, 7.70147940223186e-20, nan 
-41.375, 77.875, 9.467257008496627e-20, nan 
-41.125, 77.875, 8.682646397530493e-20, nan 
-40.875, 77.875, 8.478776351528258e-20, nan 
-40.625, 77.875, 5.836275361316203e-20, nan 
-40.375, 77.875, 1.287077269083904e-19, nan 
-40.125, 77.875, 1.1308288218229842e-19, nan 
-39.875, 77.875, 1.3274708118938804e-19, nan 
-39.625, 77.875, 1.0277305752809691e-19, nan 
-39.375, 77.875, 6.821463217093325e-20, nan 
-39.125, 77.875, 1.1853805479280003e-19, nan 
-38.875, 77.875, 1.1795362605258076e-19, nan 
-38.625, 77.875, 1.6176490654876866e-19, nan 
-38.375, 77.875, 1.385698777367413e-19, nan 
-38.125, 77.875, 9.348348116333732e-20, nan 
-37.875, 77.875, 4.625010695069013e-20, nan 
-37.625, 77.875, 3.338298077349255e-20, nan 
-37.375, 77.875, 9.058170879103492e-20, nan 
-37.125, 77.875, 5.1995195143949416e-20, nan 
-36.875, 77.875, 9.335277400850359e-20, nan 
-36.625, 77.875, 1.2609392932291553e-19, nan 
-36.375, 77.875, 1.6848901767448464e-19, nan 
-36.125, 77.875, 2.037502649787642e-19, nan 
-35.875, 77.875, 3.1971106532987683e-19, nan 
-35.625, 77.875, 4.0436989081544008e-19, nan 
-35.375, 77.875, 6.097504552343369e-19, nan 
-35.125, 77.875, 3.8780919388067713e-19, nan 
-34.875, 77.875, 3.1513380277448343e-19, nan 
-34.625, 77.875, 3.924004326304483e-19, nan 
-34.375, 77.875, 3.933583094469049e-19, nan 
-34.125, 77.875, 5.075742657779381e-19, nan 
-33.875, 77.875, 5.870891040990838e-19, nan 
-33.625, 77.875, 7.142668332966379e-19, nan 
-33.375, 77.875, 8.431195190312915e-19, nan 
-33.125, 77.875, 7.372079996629348e-19, nan 
-32.875, 77.875, 1.1434184049941523e-18, nan 
-32.625, 77.875, 1.0079159276489724e-18, nan 
-32.375, 77.875, 1.0369033320763756e-18, nan 
-32.125, 77.875, 9.046928674126446e-19, nan 
-31.875, 77.875, 1.101505273495318e-18, nan 
-31.625, 77.875, 1.3117315881426806e-18, nan 
-31.375, 77.875, 2.4873470976860672e-18, nan 
-31.125, 77.875, 2.6779751157796643e-18, nan 
-30.875, 77.875, 2.372988299922035e-18, nan 
-30.625, 77.875, 2.2101340920445703e-18, nan 
-30.375, 77.875, 2.4381070183319328e-18, nan 
-30.125, 77.875, 5.2727696496052624e-18, nan 
-29.875, 77.875, 5.939792642439154e-18, nan 
-29.625, 77.875, 6.7737047662525045e-18, nan 
-29.375, 77.875, 6.591752830549559e-18, nan 
-29.125, 77.875, 6.6818557536022974e-18, nan 
-28.875, 77.875, 1.0672577726738599e-17, nan 
-28.625, 77.875, 1.438073238615296e-17, nan 
-28.375, 77.875, 1.4853060492233546e-17, nan 
-28.125, 77.875, 1.7306945604888536e-17, nan 
-27.875, 77.875, 1.4809117040370143e-17, nan 
-27.625, 77.875, 1.5693187801603228e-17, nan 
-27.375, 77.875, 1.1992926864756946e-17, nan 
-27.125, 77.875, 1.6426683890013078e-17, nan 
-26.875, 77.875, 9.695389452799079e-18, nan 
-26.625, 77.875, 8.301767300483266e-18, nan 
-26.375, 77.875, 8.698310674180779e-18, nan 
-26.125, 77.875, 1.228118948076162e-17, nan 
-25.875, 77.875, 2.43529591533824e-17, nan 
-25.625, 77.875, 8.603990682136121e-18, nan 
-25.375, 77.875, 4.385770102813255e-18, nan 
-25.125, 77.875, 8.029587410881823e-18, nan 
-24.875, 77.875, 1.0562072015753101e-17, nan 
-24.625, 77.875, 1.5819338058483014e-17, nan 
-24.375, 77.875, 9.774637937965801e-18, nan 
-24.125, 77.875, 6.202814701477855e-18, nan 
-23.875, 77.875, 8.0770291959276e-18, nan 
-23.625, 77.875, 9.456693269556579e-18, nan 
-23.375, 77.875, 9.064870314602696e-18, nan 
-23.125, 77.875, 1.1364631073710154e-17, nan 
-22.875, 77.875, 7.776724036376817e-18, nan 
-22.625, 77.875, 4.65109107997172e-18, nan 
-22.375, 77.875, 9.68221125320876e-18, nan 
-22.125, 77.875, 1.179775834838778e-17, nan 
-21.875, 77.875, 1.511748324668061e-17, nan 
-21.625, 77.875, 1.334960336068962e-17, nan 
-21.375, 77.875, 1.0313297666759716e-17, nan 
-21.125, 77.875, 5.2524452519474454e-18, nan 
-20.875, 77.875, 6.264145191514281e-18, nan 
-20.625, 77.875, 7.713321522873956e-18, nan 
-20.375, 77.875, 7.16107960328709e-18, nan 
-20.125, 77.875, 4.733719178219567e-18, nan 
-19.875, 77.875, 1.6172334025439935e-18, nan 
-19.625, 77.875, 2.0507741802525597e-18, nan 
-19.375, 77.875, 2.216056930171879e-18, nan 
-19.125, 77.875, 2.6443178076186282e-18, nan 
-18.875, 77.875, 2.1019633496331993e-18, nan 
-18.625, 77.875, 1.9355844895216736e-18, nan 
-18.375, 77.875, 1.7584664443838268e-18, nan 
-18.125, 77.875, 1.9382224631864034e-18, nan 
-17.875, 77.875, 2.05877205417408e-18, nan 
-17.625, 77.875, 1.875138121899108e-18, nan 
-17.375, 77.875, 1.6285021764714072e-18, nan 
-17.125, 77.875, 1.5595064423951755e-18, nan 
-16.875, 77.875, 1.5798109701803786e-18, nan 
-16.625, 77.875, 1.3195512569489765e-18, nan 
-16.375, 77.875, 1.357126038637261e-18, nan 
-16.125, 77.875, 1.178257152658834e-18, nan 
-15.875, 77.875, 1.0040838202581699e-18, nan 
-15.625, 77.875, 1.0909874157115446e-18, nan 
-15.375, 77.875, 7.084399010974383e-19, nan 
-15.125, 77.875, 5.607546984237554e-19, nan 
-14.875, 77.875, 4.226135470474785e-19, nan 
-14.625, 77.875, 2.088919170699694e-19, nan 
-14.375, 77.875, 3.9091586748867092e-19, nan 
-14.125, 77.875, 2.595099084865646e-19, nan 
-13.875, 77.875, 2.80195301584287e-19, nan 
-13.625, 77.875, 2.1722384949580885e-19, nan 
-13.375, 77.875, 2.7143553845419835e-19, nan 
-13.125, 77.875, 5.5128996298427895e-19, nan 
-12.875, 77.875, 3.7305155631491144e-19, nan 
-12.625, 77.875, 3.5291874158861653e-19, nan 
-12.375, 77.875, 3.0147837211023804e-19, nan 
-12.125, 77.875, 1.251024009090619e-19, nan 
-11.875, 77.875, 2.4063835922103714e-19, nan 
-11.625, 77.875, 2.0648112772752063e-19, nan 
-11.375, 77.875, 1.8715632211784873e-19, nan 
-11.125, 77.875, 1.9257905165390613e-19, nan 
-10.875, 77.875, 1.7361057285552343e-19, nan 
-10.625, 77.875, 1.728711727649285e-19, nan 
-10.375, 77.875, 1.6079201586129207e-19, nan 
-10.125, 77.875, 1.3463437178897328e-19, nan 
-9.875, 77.875, 9.393555855829035e-20, nan 
-9.625, 77.875, 6.324065870070995e-20, nan 
-9.375, 77.875, 6.880995466215787e-20, nan 
-9.125, 77.875, 5.816810335642368e-20, nan 
-8.875, 77.875, 4.651136123570462e-20, nan 
-8.625, 77.875, 6.030388742916164e-20, nan 
-8.375, 77.875, 7.134566571108613e-20, nan 
-8.125, 77.875, 8.118233350556691e-20, nan 
-7.875, 77.875, 9.66116634111032e-20, nan 
-7.625, 77.875, 8.401613639676082e-20, nan 
-7.375, 77.875, 7.037673506066891e-20, nan 
-7.125, 77.875, 8.321300650760234e-20, nan 
-6.875, 77.875, 7.851675599293382e-20, nan 
-6.625, 77.875, 8.091802769225237e-20, nan 
-6.375, 77.875, 7.706660337214117e-20, nan 
-6.125, 77.875, 6.119245650184076e-20, nan 
-5.875, 77.875, 5.947934994382611e-20, nan 
-5.625, 77.875, 4.886155780353717e-20, nan 
-5.375, 77.875, 3.46119115176523e-20, nan 
-5.125, 77.875, 3.415165376196995e-20, nan 
-4.875, 77.875, 2.5971505787978605e-20, nan 
-4.625, 77.875, 2.6956606460635226e-20, nan 
-4.375, 77.875, 2.5425436027427168e-20, nan 
-4.125, 77.875, 7.761260075252032e-21, nan 
-3.875, 77.875, 2.0307988923742833e-20, nan 
-3.625, 77.875, 1.788705574412213e-20, nan 
-3.375, 77.875, 1.607104359153094e-20, nan 
-3.125, 77.875, 1.350336515264497e-20, nan 
-2.875, 77.875, 1.5042145546338396e-20, nan 
-2.625, 77.875, 1.7917881130939027e-20, nan 
-2.375, 77.875, 2.3786411030105315e-20, nan 
-2.125, 77.875, 2.148997517300894e-20, nan 
-1.875, 77.875, 1.5765480035374994e-20, nan 
-1.625, 77.875, 1.9019408575684306e-20, nan 
-1.375, 77.875, 1.599542042998875e-20, nan 
-1.125, 77.875, 1.3111872153621562e-20, nan 
-0.875, 77.875, 1.7239625370079495e-20, nan 
-0.625, 77.875, 1.8998472303591564e-20, nan 
-0.375, 77.875, 1.8010098703252177e-20, nan 
-0.125, 77.875, 1.6245341777396042e-20, nan 
0.125, 77.875, 2.76084874779199e-20, nan 
0.375, 77.875, 2.250840778870487e-20, nan 
0.625, 77.875, 1.611056272564846e-20, nan 
0.875, 77.875, 1.4696549890509398e-20, nan 
1.125, 77.875, 1.0398781965192053e-20, nan 
1.375, 77.875, 2.1500826381947877e-20, nan 
1.625, 77.875, 1.9345144619433626e-20, nan 
1.875, 77.875, 1.6023649294440245e-20, nan 
2.125, 77.875, 2.0345985581295035e-20, nan 
2.375, 77.875, 1.0788922484356294e-20, nan 
2.625, 77.875, 2.7540394191311924e-20, nan 
2.875, 77.875, 2.2707992789254533e-20, nan 
3.125, 77.875, 2.144385877659942e-20, nan 
3.375, 77.875, 1.9394538215497457e-20, nan 
3.625, 77.875, 1.6079743679991442e-20, nan 
3.875, 77.875, 1.385070567144521e-20, nan 
4.125, 77.875, 1.4993749525070392e-20, nan 
4.375, 77.875, 1.4176216679560658e-20, nan 
4.625, 77.875, 1.368459994567141e-20, nan 
4.875, 77.875, 1.91071604874132e-20, nan 
5.125, 77.875, 1.7014120272847193e-20, nan 
5.375, 77.875, 1.9522437841748746e-20, nan 
5.625, 77.875, 1.8058919437616406e-20, nan 
5.875, 77.875, 1.7891674046303616e-20, nan 
6.125, 77.875, 1.7447305196556554e-20, nan 
6.375, 77.875, 1.6129977402383115e-20, nan 
6.625, 77.875, 1.5896236726625638e-20, nan 
6.875, 77.875, 1.1010490732393852e-20, nan 
7.125, 77.875, 8.25644002055647e-21, nan 
7.375, 77.875, 4.336611878624365e-21, nan 
7.625, 77.875, 2.9328916775538396e-21, nan 
7.875, 77.875, 7.286836517430423e-21, nan 
8.125, 77.875, 1.0431557481342289e-20, nan 
8.375, 77.875, 4.20438008740441e-21, nan 
8.625, 77.875, 8.372083972654198e-21, nan 
8.875, 77.875, 1.452846569229359e-20, nan 
9.125, 77.875, 1.1749409296842706e-20, nan 
9.375, 77.875, 1.502626928051224e-20, nan 
9.625, 77.875, 1.7082081326922064e-20, nan 
9.875, 77.875, 1.3156731468969203e-20, nan 
10.125, 77.875, 1.1505582406690437e-20, nan 
10.375, 77.875, 1.1220380679080634e-20, nan 
10.625, 77.875, 1.0250307578384067e-20, nan 
10.875, 77.875, 1.0054862327018819e-20, nan 
11.125, 77.875, 8.585285211952735e-21, nan 
11.375, 77.875, 8.870083890666611e-21, nan 
11.625, 77.875, 9.042830297897512e-21, nan 
11.875, 77.875, 9.170116786455648e-21, nan 
12.125, 77.875, 8.012894034845815e-21, nan 
12.375, 77.875, 8.932719655808122e-21, nan 
12.625, 77.875, 8.245138916343204e-21, nan 
12.875, 77.875, 7.590907288175752e-21, nan 
13.125, 77.875, 6.460969862021762e-21, nan 
13.375, 77.875, 6.22101998906038e-21, nan 
13.625, 77.875, 6.280292380889181e-21, nan 
13.875, 77.875, 5.439371242937871e-21, nan 
14.125, 77.875, 5.366919306980277e-21, nan 
14.375, 77.875, 3.955719491391207e-21, nan 
14.625, 77.875, 3.617535286212654e-21, nan 
14.875, 77.875, 2.2075567157574436e-21, nan 
15.125, 77.875, 1.4748979141748353e-21, nan 
15.375, 77.875, 1.1340413302295292e-21, nan 
15.625, 77.875, 1.5786482049669494e-21, nan 
15.875, 77.875, 2.0344071564482683e-21, nan 
16.125, 77.875, 1.9508729622676333e-21, nan 
16.375, 77.875, 1.5581804184055653e-21, nan 
16.625, 77.875, 1.4454344160242971e-21, nan 
16.875, 77.875, 1.2530109320105044e-21, nan 
17.125, 77.875, 1.2710523385019152e-21, nan 
17.375, 77.875, 1.0043893625790793e-21, nan 
17.625, 77.875, 5.619157039190555e-22, nan 
17.875, 77.875, 5.177102998580064e-22, nan 
18.125, 77.875, 6.501743089037507e-22, nan 
18.375, 77.875, 5.528328588658777e-22, nan 
18.625, 77.875, 3.942243763875448e-22, nan 
18.875, 77.875, 3.396736737824715e-22, nan 
19.125, 77.875, 4.991133371719986e-22, nan 
19.375, 77.875, 6.374186205752701e-22, nan 
19.625, 77.875, 4.921558651157925e-22, nan 
19.875, 77.875, 6.612798438159809e-22, nan 
20.125, 77.875, 6.3900218015029895e-22, nan 
20.375, 77.875, 5.112368115675983e-22, nan 
20.625, 77.875, 3.5269049672593226e-22, nan 
20.875, 77.875, 3.9951038114869316e-22, nan 
21.125, 77.875, 4.418117283296374e-22, nan 
21.375, 77.875, 4.613946034583908e-22, nan 
21.625, 77.875, 5.463656365866602e-22, nan 
21.875, 77.875, 7.471998357600509e-22, nan 
22.125, 77.875, 3.8671354016211236e-22, nan 
22.375, 77.875, 3.530305639212165e-22, nan 
22.625, 77.875, 2.4079327321142175e-22, nan 
22.875, 77.875, 2.749675746691515e-22, nan 
23.125, 77.875, 4.881205562843625e-22, nan 
23.375, 77.875, 3.490686521978449e-22, nan 
23.625, 77.875, 2.22853666546207e-22, nan 
23.875, 77.875, 2.8287177404583836e-22, nan 
24.125, 77.875, 1.1030370699292874e-22, nan 
24.375, 77.875, 2.5289656678713414e-22, nan 
24.625, 77.875, 2.438473633904586e-22, nan 
24.875, 77.875, 1.121656864082676e-22, nan 
25.125, 77.875, 2.250915363689847e-22, nan 
25.375, 77.875, 1.612845728811704e-22, nan 
25.625, 77.875, 1.4021969033642108e-22, nan 
25.875, 77.875, 2.343474710456983e-22, nan 
26.125, 77.875, 2.4705284947326026e-22, nan 
26.375, 77.875, 2.095979397348246e-22, nan 
26.625, 77.875, 2.0889811529695094e-22, nan 
26.875, 77.875, 1.4067343746983044e-22, nan 
27.125, 77.875, 1.8627295412129972e-22, nan 
27.375, 77.875, 1.7472796854116235e-22, nan 
27.625, 77.875, 1.1981012855065416e-22, nan 
27.875, 77.875, 1.204637747738061e-22, nan 
28.125, 77.875, 3.700219762630417e-23, nan 
28.375, 77.875, 1.5834109455090636e-22, nan 
28.625, 77.875, 1.872075744904735e-22, nan 
28.875, 77.875, 1.3452190278591747e-22, nan 
29.125, 77.875, 1.349014635140409e-22, nan 
29.375, 77.875, 7.809271095005436e-23, nan 
29.625, 77.875, 2.7447848371679155e-22, nan 
29.875, 77.875, 2.814294139508367e-22, nan 
30.125, 77.875, 1.9954970561321364e-22, nan 
30.375, 77.875, 1.0548753688031067e-22, nan 
30.625, 77.875, 1.1787417807825121e-22, nan 
30.875, 77.875, 1.4398580971286079e-22, nan 
31.125, 77.875, 2.126808591832287e-22, nan 
31.375, 77.875, 2.8617937390318484e-22, nan 
31.625, 77.875, 2.7223464457658858e-22, nan 
31.875, 77.875, 2.273914365614537e-22, nan 
32.125, 77.875, 3.4227804858332075e-22, nan 
32.375, 77.875, 2.615575647848819e-22, nan 
32.625, 77.875, 2.8296865716379607e-22, nan 
32.875, 77.875, 3.035267449436921e-22, nan 
33.125, 77.875, 2.664031298366918e-22, nan 
33.375, 77.875, 3.0484807295608204e-22, nan 
33.625, 77.875, 2.8115708709097477e-22, nan 
33.875, 77.875, 2.260264527181826e-22, nan 
34.125, 77.875, 1.4083674386125918e-22, nan 
34.375, 77.875, 1.79080528590976e-22, nan 
34.625, 77.875, 2.0981965388478737e-22, nan 
34.875, 77.875, 1.8119585252775924e-22, nan 
35.125, 77.875, 1.2889326491968206e-22, nan 
35.375, 77.875, 8.597443711394706e-23, nan 
35.625, 77.875, 1.0610064474690818e-22, nan 
35.875, 77.875, 1.2723407906566399e-22, nan 
36.125, 77.875, 1.1217912906562263e-22, nan 
36.375, 77.875, 7.303283454286066e-23, nan 
36.625, 77.875, 6.291880571763082e-23, nan 
36.875, 77.875, 9.586264875027134e-23, nan 
37.125, 77.875, 1.8882763752637958e-22, nan 
37.375, 77.875, 1.7769869934051612e-22, nan 
37.625, 77.875, 1.567894846324266e-22, nan 
37.875, 77.875, 1.0748592469012596e-22, nan 
38.125, 77.875, 1.289337988871036e-22, nan 
38.375, 77.875, 2.214883509078283e-22, nan 
38.625, 77.875, 2.120975695684884e-22, nan 
38.875, 77.875, 1.6798488241295813e-22, nan 
39.125, 77.875, 9.74547620091327e-23, nan 
39.375, 77.875, 1.444305609546916e-22, nan 
39.625, 77.875, 2.3609608476055456e-22, nan 
39.875, 77.875, 2.0872246749701449e-22, nan 
40.125, 77.875, 1.9371343611182143e-22, nan 
40.375, 77.875, 1.5722698511157625e-22, nan 
40.625, 77.875, 1.6600558368952185e-22, nan 
40.875, 77.875, 9.012372466738406e-23, nan 
41.125, 77.875, 6.919165669515599e-23, nan 
41.375, 77.875, 6.903190018858513e-23, nan 
41.625, 77.875, 6.042556191406899e-23, nan 
41.875, 77.875, 1.235478924532269e-22, nan 
42.125, 77.875, 5.844072478413883e-23, nan 
42.375, 77.875, 2.611156140962195e-23, nan 
42.625, 77.875, 4.776445225750417e-23, nan 
42.875, 77.875, 4.983213077546002e-23, nan 
43.125, 77.875, 1.0567629852846877e-22, nan 
43.375, 77.875, 7.956891031215137e-23, nan 
43.625, 77.875, 4.348581849007986e-23, nan 
43.875, 77.875, 5.1439287024639e-23, nan 
44.125, 77.875, 6.901823519848862e-23, nan 
44.375, 77.875, 7.755253217346354e-23, nan 
44.625, 77.875, 6.238413192816677e-23, nan 
44.875, 77.875, 4.7789372207694627e-23, nan 
45.125, 77.875, 4.3036694966609566e-23, nan 
45.375, 77.875, 6.816846665456716e-23, nan 
45.625, 77.875, 8.723898827513695e-23, nan 
45.875, 77.875, 3.960485967708405e-23, nan 
46.125, 77.875, 5.0238445804256536e-23, nan 
46.375, 77.875, 3.0359940808719817e-23, nan 
46.625, 77.875, 2.4913907347389748e-23, nan 
46.875, 77.875, 1.340120361336823e-23, nan 
47.125, 77.875, 1.473826170848877e-23, nan 
47.375, 77.875, 1.9214435935577605e-23, nan 
47.625, 77.875, 1.087513760645796e-23, nan 
47.875, 77.875, 8.999711994586858e-24, nan 
48.125, 77.875, 1.395849087940864e-23, nan 
48.375, 77.875, 1.1449003231082764e-23, nan 
48.625, 77.875, 3.075062314904092e-23, nan 
48.875, 77.875, 5.734412718557457e-23, nan 
49.125, 77.875, 4.638795793680165e-23, nan 
49.375, 77.875, 3.3373384079492914e-23, nan 
49.625, 77.875, 3.333557872377446e-23, nan 
49.875, 77.875, 4.103165390948719e-23, nan 
50.125, 77.875, 5.654686687225092e-23, nan 
50.375, 77.875, 6.06681896551452e-23, nan 
50.625, 77.875, 2.728230230192837e-23, nan 
50.875, 77.875, 3.217795552659577e-23, nan 
51.125, 77.875, 2.908851989789444e-23, nan 
51.375, 77.875, 1.7149918179401347e-23, nan 
51.625, 77.875, 2.69626607684291e-23, nan 
51.875, 77.875, 3.3585536604661e-23, nan 
52.125, 77.875, 2.0930723471298638e-23, nan 
52.375, 77.875, 1.6837761147990643e-23, nan 
52.625, 77.875, 2.3405010619554824e-23, nan 
52.875, 77.875, 7.139952193492699e-23, nan 
53.125, 77.875, 4.428456862341724e-23, nan 
53.375, 77.875, 4.406190244502895e-23, nan 
53.625, 77.875, 5.243701771119202e-23, nan 
53.875, 77.875, 1.719259702906292e-23, nan 
54.125, 77.875, 3.863895201968299e-23, nan 
54.375, 77.875, 2.4912545053824582e-23, nan 
54.625, 77.875, 3.228237354169098e-23, nan 
54.875, 77.875, 3.954408571001356e-23, nan 
55.125, 77.875, 1.7994073839238285e-23, nan 
55.375, 77.875, 1.257422963704419e-23, nan 
55.625, 77.875, 1.552691327700535e-23, nan 
55.875, 77.875, 3.4180743659958666e-23, nan 
56.125, 77.875, 2.853622143803841e-23, nan 
56.375, 77.875, 3.076923952821086e-23, nan 
56.625, 77.875, 3.3519273072947366e-23, nan 
56.875, 77.875, 4.3289518946043184e-23, nan 
57.125, 77.875, 4.482651211535802e-23, nan 
57.375, 77.875, 3.001050945681985e-23, nan 
57.625, 77.875, 3.4753176735311676e-23, nan 
57.875, 77.875, 3.794531220289877e-23, nan 
58.125, 77.875, 3.4336021213052813e-23, nan 
58.375, 77.875, 2.146019027201663e-23, nan 
58.625, 77.875, 4.4679004136539513e-23, nan 
58.875, 77.875, 4.656511357389618e-23, nan 
59.125, 77.875, 4.046229650526783e-23, nan 
59.375, 77.875, 3.91889587096467e-23, nan 
59.625, 77.875, 3.7748384089967075e-23, nan 
59.875, 77.875, 4.5648626904615597e-23, nan 
60.125, 77.875, 5.594437673701433e-23, nan 
60.375, 77.875, 5.158409787669122e-23, nan 
60.625, 77.875, 4.7661266670189105e-23, nan 
60.875, 77.875, 6.058419063218076e-23, nan 
61.125, 77.875, 5.37744866391053e-23, nan 
61.375, 77.875, 4.628575684135173e-23, nan 
61.625, 77.875, 4.484121548297347e-23, nan 
61.875, 77.875, 3.378253393132435e-23, nan 
62.125, 77.875, 4.592673900804618e-23, nan 
62.375, 77.875, 3.9596858629397633e-23, nan 
62.625, 77.875, 4.489651299800728e-23, nan 
62.875, 77.875, 2.63049189682386e-23, nan 
63.125, 77.875, 3.8243577317172124e-23, nan 
63.375, 77.875, 2.7242871292040664e-23, nan 
63.625, 77.875, 3.371938610833129e-23, nan 
63.875, 77.875, 2.5924307212930632e-23, nan 
64.125, 77.875, 2.1390464874158778e-23, nan 
64.375, 77.875, 5.546138255145033e-23, nan 
64.625, 77.875, 3.679033643373398e-23, nan 
64.875, 77.875, 4.384391754802192e-23, nan 
65.125, 77.875, 2.1457245659539813e-23, nan 
65.375, 77.875, 1.645286235534216e-23, nan 
65.625, 77.875, 2.927270735033317e-23, nan 
65.875, 77.875, 2.169189078905709e-23, nan 
66.125, 77.875, 3.1559356086458224e-23, nan 
66.375, 77.875, 3.398408040820817e-23, nan 
66.625, 77.875, 3.9024191762211736e-23, nan 
66.875, 77.875, 2.693222832678019e-23, nan 
67.125, 77.875, 3.058231405152275e-23, nan 
67.375, 77.875, 2.6972818783095477e-23, nan 
67.625, 77.875, 2.0243366532187128e-23, nan 
67.875, 77.875, 1.383881356657583e-23, nan 
68.125, 77.875, 1.0324573573186008e-23, nan 
68.375, 77.875, 8.414899550071201e-24, nan 
68.625, 77.875, 7.588624249673533e-24, nan 
68.875, 77.875, 8.440492240064137e-24, nan 
69.125, 77.875, 3.888899139780801e-24, nan 
69.375, 77.875, 1.0785400920403687e-23, nan 
69.625, 77.875, 2.1320424377982617e-23, nan 
69.875, 77.875, 2.3716616137329708e-23, nan 
70.125, 77.875, 1.4880785789250813e-23, nan 
70.375, 77.875, 5.684890608097408e-24, nan 
70.625, 77.875, 9.786865094005788e-24, nan 
70.875, 77.875, 4.3781295961885156e-23, nan 
71.125, 77.875, 4.619578368651323e-23, nan 
71.375, 77.875, 2.5943749388818868e-23, nan 
71.625, 77.875, 1.0077060217699321e-23, nan 
71.875, 77.875, 5.837684797461307e-24, nan 
72.125, 77.875, 2.3397331532874388e-23, nan 
72.375, 77.875, 2.2332520463463857e-23, nan 
72.625, 77.875, 1.411811173291288e-23, nan 
72.875, 77.875, 8.722853533444393e-24, nan 
73.125, 77.875, 7.014909204409936e-24, nan 
73.375, 77.875, 6.045663055391294e-24, nan 
73.625, 77.875, 4.313844511275924e-24, nan 
73.875, 77.875, 5.6952022809890034e-24, nan 
74.125, 77.875, 3.5317353873013605e-24, nan 
74.375, 77.875, 4.325682277624282e-24, nan 
74.625, 77.875, 3.591075419080378e-24, nan 
74.875, 77.875, 3.2703803563878743e-24, nan 
75.125, 77.875, 6.171737883235019e-24, nan 
75.375, 77.875, 6.182878259210157e-24, nan 
75.625, 77.875, 9.11018401850236e-24, nan 
75.875, 77.875, 1.2292006871563956e-23, nan 
76.125, 77.875, 1.0343165526786191e-23, nan 
76.375, 77.875, 7.776176554317657e-24, nan 
76.625, 77.875, 1.0165704327868719e-23, nan 
76.875, 77.875, 1.1095200451657152e-23, nan 
77.125, 77.875, 1.1934980192680815e-23, nan 
77.375, 77.875, 1.2833307706839201e-23, nan 
77.625, 77.875, 9.935387372518145e-24, nan 
77.875, 77.875, 1.7664200626990243e-23, nan 
78.125, 77.875, 1.2477869505609206e-23, nan 
78.375, 77.875, 8.693576050405077e-24, nan 
78.625, 77.875, 1.0568752693216821e-23, nan 
78.875, 77.875, 8.43047088563541e-24, nan 
79.125, 77.875, 1.1237937544445947e-23, nan 
79.375, 77.875, 9.486978431657521e-24, nan 
79.625, 77.875, 7.041587580902264e-24, nan 
79.875, 77.875, 8.341344893351428e-24, nan 
80.125, 77.875, 7.600704197918064e-24, nan 
80.375, 77.875, 8.500915154099593e-24, nan 
80.625, 77.875, 1.3553461900383435e-23, nan 
80.875, 77.875, 9.574958218204659e-24, nan 
81.125, 77.875, 1.0068592718181571e-23, nan 
81.375, 77.875, 1.216797259900985e-23, nan 
81.625, 77.875, 1.0728989193410549e-23, nan 
81.875, 77.875, 1.8901455240993446e-23, nan 
82.125, 77.875, 1.2335069206851497e-23, nan 
82.375, 77.875, 1.2125750306593615e-23, nan 
82.625, 77.875, 1.6502027804680783e-23, nan 
82.875, 77.875, 1.2940403115314857e-23, nan 
83.125, 77.875, 1.3873937968907292e-23, nan 
83.375, 77.875, 6.2661708029844354e-24, nan 
83.625, 77.875, 7.453447001226165e-24, nan 
83.875, 77.875, 1.0756016826188123e-23, nan 
84.125, 77.875, 5.654800275331456e-24, nan 
84.375, 77.875, 6.831760125225595e-24, nan 
84.625, 77.875, 5.7480238263590744e-24, nan 
84.875, 77.875, 5.5016401198233565e-24, nan 
85.125, 77.875, 8.17976961910556e-24, nan 
85.375, 77.875, 5.088555342053192e-24, nan 
85.625, 77.875, 4.5068007737434705e-24, nan 
85.875, 77.875, 5.716745999750475e-24, nan 
86.125, 77.875, 5.612589456917729e-24, nan 
86.375, 77.875, 6.66768474909472e-24, nan 
86.625, 77.875, 6.1807916859873756e-24, nan 
86.875, 77.875, 6.876549657250902e-24, nan 
87.125, 77.875, 5.412397046001113e-24, nan 
87.375, 77.875, 2.016175314344206e-23, nan 
87.625, 77.875, 2.1214198240788022e-23, nan 
87.875, 77.875, 1.4682976376045212e-23, nan 
88.125, 77.875, 1.0440939257006089e-23, nan 
88.375, 77.875, 8.299333253758099e-24, nan 
88.625, 77.875, 1.2595161725991693e-23, nan 
88.875, 77.875, 1.8447999334300026e-23, nan 
89.125, 77.875, 1.5253057410308837e-23, nan 
89.375, 77.875, 1.2259953218123942e-23, nan 
89.625, 77.875, 7.480686255151163e-24, nan 
89.875, 77.875, 5.2200286945559965e-24, nan 
90.125, 77.875, 3.932731880773037e-24, nan 
90.375, 77.875, 3.7444644435182146e-24, nan 
90.625, 77.875, 2.6388030616109355e-24, nan 
90.875, 77.875, 2.9352554250833483e-24, nan 
91.125, 77.875, 3.860452510425553e-24, nan 
91.375, 77.875, 2.8592297942362456e-24, nan 
91.625, 77.875, 4.041981136053936e-24, nan 
91.875, 77.875, 3.18931822151617e-24, nan 
92.125, 77.875, 4.333113445089317e-24, nan 
92.375, 77.875, 7.7939234603238e-24, nan 
92.625, 77.875, 1.0162156898211722e-23, nan 
92.875, 77.875, 1.3008469283566301e-23, nan 
93.125, 77.875, 1.2556699479218481e-23, nan 
93.375, 77.875, 1.2665893715652751e-23, nan 
93.625, 77.875, 1.2142106571071895e-23, nan 
93.875, 77.875, 1.1775774756047585e-23, nan 
94.125, 77.875, 1.2726917754281975e-23, nan 
94.375, 77.875, 1.1664093532201205e-23, nan 
94.625, 77.875, 1.0715166590738431e-23, nan 
94.875, 77.875, 5.964702166422186e-24, nan 
95.125, 77.875, 5.37608395399583e-24, nan 
95.375, 77.875, 3.466761265978309e-24, nan 
95.625, 77.875, 3.0331341857912623e-24, nan 
95.875, 77.875, 4.685515705815256e-24, nan 
96.125, 77.875, 7.006871971855741e-24, nan 
96.375, 77.875, 4.9609021946597e-24, nan 
96.625, 77.875, 5.82739049291024e-24, nan 
96.875, 77.875, 6.954078684417244e-24, nan 
97.125, 77.875, 8.329088728329075e-24, nan 
97.375, 77.875, 1.0665611411575153e-23, nan 
97.625, 77.875, 1.1165097463210432e-23, nan 
97.875, 77.875, 1.0328432870836657e-23, nan 
98.125, 77.875, 8.924048116441076e-24, nan 
98.375, 77.875, 7.136339295356003e-24, nan 
98.625, 77.875, 6.166092126886212e-24, nan 
98.875, 77.875, 7.73767469601098e-24, nan 
99.125, 77.875, 7.610042836991077e-24, nan 
99.375, 77.875, 5.020720489331455e-24, nan 
99.625, 77.875, 5.1275470322081925e-24, nan 
99.875, 77.875, 3.955803369253699e-24, nan 
100.125, 77.875, 4.045441669387905e-24, nan 
100.375, 77.875, 4.63420082501579e-24, nan 
100.625, 77.875, 4.97905194488676e-24, nan 
100.875, 77.875, 8.70164458106147e-24, nan 
101.125, 77.875, 8.833344095973407e-24, nan 
101.375, 77.875, 8.103816861547039e-24, nan 
101.625, 77.875, 6.812748349989307e-24, nan 
101.875, 77.875, 6.969626613124858e-24, nan 
102.125, 77.875, 5.316402519773192e-24, nan 
102.375, 77.875, 2.959133161510762e-24, nan 
102.625, 77.875, 2.6244111807426124e-24, nan 
102.875, 77.875, 3.458140547600741e-24, nan 
103.125, 77.875, 3.389878966882161e-24, nan 
103.375, 77.875, 3.2392791375724367e-24, nan 
103.625, 77.875, 2.282719392348047e-24, nan 
103.875, 77.875, 2.394795604615928e-24, nan 
104.125, 77.875, 2.6424907862630523e-24, nan 
104.375, 77.875, 2.8523255911769897e-24, nan 
104.625, 77.875, 4.0884881333541635e-24, nan 
104.875, 77.875, 4.970249692623825e-24, nan 
105.125, 77.875, 5.0588616248222785e-24, nan 
105.375, 77.875, 4.907385361711442e-24, nan 
105.625, 77.875, 4.155671928024045e-24, nan 
105.875, 77.875, 4.0166431863697744e-24, nan 
106.125, 77.875, 5.7650212438604626e-24, nan 
106.375, 77.875, 4.693942747215988e-24, nan 
106.625, 77.875, 7.344421500681842e-24, nan 
106.875, 77.875, 4.092968271893321e-24, nan 
107.125, 77.875, 1.8579713306174514e-24, nan 
107.375, 77.875, 2.3955142891842888e-24, nan 
107.625, 77.875, 2.7855318131007577e-24, nan 
107.875, 77.875, 2.917487858575684e-24, nan 
108.125, 77.875, 3.452653336522238e-24, nan 
108.375, 77.875, 3.2736807262767703e-24, nan 
108.625, 77.875, 4.547876788176779e-24, nan 
108.875, 77.875, 7.801845291657705e-24, nan 
109.125, 77.875, 2.9961174079561424e-24, nan 
109.375, 77.875, 3.939157871934437e-24, nan 
109.625, 77.875, 3.8537803245878e-24, nan 
109.875, 77.875, 5.22417620983134e-24, nan 
110.125, 77.875, 7.07847691429358e-24, nan 
110.375, 77.875, 5.807987615200984e-24, nan 
110.625, 77.875, 5.867079093623788e-24, nan 
110.875, 77.875, 6.908416058927708e-24, nan 
111.125, 77.875, 5.7651503153861794e-24, nan 
111.375, 77.875, 1.4438472546895837e-23, nan 
111.625, 77.875, 1.263230243574672e-23, nan 
111.875, 77.875, 9.097747474801114e-24, nan 
112.125, 77.875, 6.80606667017376e-24, nan 
112.375, 77.875, 7.033998752439621e-24, nan 
112.625, 77.875, 7.036298971458679e-24, nan 
112.875, 77.875, 4.254522203385977e-24, nan 
113.125, 77.875, 3.3081316845164404e-24, nan 
113.375, 77.875, 4.18922451579655e-24, nan 
113.625, 77.875, 4.6193734587247964e-24, nan 
113.875, 77.875, 3.8489862748442884e-24, nan 
114.125, 77.875, 3.744538554583409e-24, nan 
114.375, 77.875, 5.108439718147517e-24, nan 
114.625, 77.875, 3.2932526460144124e-24, nan 
114.875, 77.875, 5.341167537337896e-24, nan 
115.125, 77.875, 4.398784065999936e-24, nan 
115.375, 77.875, 4.917493338629645e-24, nan 
115.625, 77.875, 6.052915856576997e-24, nan 
115.875, 77.875, 6.908952159417123e-24, nan 
116.125, 77.875, 4.3085935814274305e-24, nan 
116.375, 77.875, 5.645316889653875e-24, nan 
116.625, 77.875, 4.82125397397143e-24, nan 
116.875, 77.875, 5.607964185896909e-24, nan 
117.125, 77.875, 6.368473535247976e-24, nan 
117.375, 77.875, 1.1824274835256187e-23, nan 
117.625, 77.875, 1.490166831538749e-23, nan 
117.875, 77.875, 1.6554339354454357e-23, nan 
118.125, 77.875, 2.1609725583574776e-23, nan 
118.375, 77.875, 1.2860811077065286e-23, nan 
118.625, 77.875, 1.6972263885458183e-23, nan 
118.875, 77.875, 1.7924716107867392e-23, nan 
119.125, 77.875, 1.827117340959565e-23, nan 
119.375, 77.875, 1.534492722733362e-23, nan 
119.625, 77.875, 8.406381482219978e-24, nan 
119.875, 77.875, 6.803435153085565e-24, nan 
120.125, 77.875, 9.603599470239966e-24, nan 
120.375, 77.875, 1.1917395793326824e-23, nan 
120.625, 77.875, 7.448361744397018e-24, nan 
120.875, 77.875, 4.668840732822746e-24, nan 
121.125, 77.875, 3.637646370538629e-24, nan 
121.375, 77.875, 5.660861247837458e-24, nan 
121.625, 77.875, 6.558344807548906e-24, nan 
121.875, 77.875, 4.425114710359403e-24, nan 
122.125, 77.875, 3.6434408603726366e-24, nan 
122.375, 77.875, 3.35872328379079e-24, nan 
122.625, 77.875, 4.1768947455988976e-24, nan 
122.875, 77.875, 5.325093233210351e-24, nan 
123.125, 77.875, 6.141044594064332e-24, nan 
123.375, 77.875, 8.597172949678883e-24, nan 
123.625, 77.875, 8.368511907292351e-24, nan 
123.875, 77.875, 8.597382305083033e-24, nan 
124.125, 77.875, 9.117782243854218e-24, nan 
124.375, 77.875, 8.649735500363524e-24, nan 
124.625, 77.875, 6.845217238196036e-24, nan 
124.875, 77.875, 6.065950137250023e-24, nan 
125.125, 77.875, 5.125496551214505e-24, nan 
125.375, 77.875, 4.4442886103087536e-24, nan 
125.625, 77.875, 3.2314257396695407e-24, nan 
125.875, 77.875, 4.223825830508201e-24, nan 
126.125, 77.875, 1.8095551893785488e-24, nan 
126.375, 77.875, 2.996176543097799e-24, nan 
126.625, 77.875, 3.970434280898902e-24, nan 
126.875, 77.875, 4.992919748094684e-24, nan 
127.125, 77.875, 3.0325455888229233e-24, nan 
127.375, 77.875, 2.7884593983133565e-24, nan 
127.625, 77.875, 3.588537249947343e-24, nan 
127.875, 77.875, 2.69365785361373e-24, nan 
128.125, 77.875, 2.7315195487495206e-24, nan 
128.375, 77.875, 3.471122122475838e-24, nan 
128.625, 77.875, 3.3688512800220524e-24, nan 
128.875, 77.875, 3.3368690297093766e-24, nan 
129.125, 77.875, 4.21484619427852e-24, nan 
129.375, 77.875, 3.7698039065197786e-24, nan 
129.625, 77.875, 4.143300237864406e-24, nan 
129.875, 77.875, 3.7705324316839545e-24, nan 
130.125, 77.875, 3.614593180619849e-24, nan 
130.375, 77.875, 3.545315954792367e-24, nan 
130.625, 77.875, 5.4039137332138495e-24, nan 
130.875, 77.875, 4.0412590956074434e-24, nan 
131.125, 77.875, 5.953977966977253e-24, nan 
131.375, 77.875, 6.034986110160532e-24, nan 
131.625, 77.875, 5.4766627595329664e-24, nan 
131.875, 77.875, 6.559142832683507e-24, nan 
132.125, 77.875, 5.1603836822888684e-24, nan 
132.375, 77.875, 7.243365393341567e-24, nan 
132.625, 77.875, 7.340768632368923e-24, nan 
132.875, 77.875, 6.93891141590723e-24, nan 
133.125, 77.875, 6.280073247825901e-24, nan 
133.375, 77.875, 7.750781655287624e-24, nan 
133.625, 77.875, 6.159075355342736e-24, nan 
133.875, 77.875, 6.951188367425015e-24, nan 
134.125, 77.875, 5.418666670220865e-24, nan 
134.375, 77.875, 5.7014029764393094e-24, nan 
134.625, 77.875, 5.382815022641558e-24, nan 
134.875, 77.875, 4.690224731562008e-24, nan 
135.125, 77.875, 4.539582632799554e-24, nan 
135.375, 77.875, 3.560907384541208e-24, nan 
135.625, 77.875, 3.802000458513905e-24, nan 
135.875, 77.875, 3.101367847377019e-24, nan 
136.125, 77.875, 3.057711669484474e-24, nan 
136.375, 77.875, 3.016386652537993e-24, nan 
136.625, 77.875, 3.109004106222579e-24, nan 
136.875, 77.875, 2.416620607075854e-24, nan 
137.125, 77.875, 1.8762769012760036e-24, nan 
137.375, 77.875, 2.396087048140317e-24, nan 
137.625, 77.875, 2.5182683994285066e-24, nan 
137.875, 77.875, 2.5521327247075152e-24, nan 
138.125, 77.875, 2.65540055516047e-24, nan 
138.375, 77.875, 2.1919466150415015e-24, nan 
138.625, 77.875, 2.45535891571157e-24, nan 
138.875, 77.875, 2.325524736213224e-24, nan 
139.125, 77.875, 2.6030321039632608e-24, nan 
139.375, 77.875, 2.944610135265868e-24, nan 
139.625, 77.875, 2.928297014501966e-24, nan 
139.875, 77.875, 2.924712498122651e-24, nan 
140.125, 77.875, 2.5471064519338844e-24, nan 
140.375, 77.875, 2.506212121637017e-24, nan 
140.625, 77.875, 3.207060796667517e-24, nan 
140.875, 77.875, 2.4730981362274344e-24, nan 
141.125, 77.875, 2.0532935639526836e-24, nan 
141.375, 77.875, 2.2308650332778634e-24, nan 
141.625, 77.875, 2.1454212668723823e-24, nan 
141.875, 77.875, 1.8208483990424108e-24, nan 
142.125, 77.875, 1.4684085442382644e-24, nan 
142.375, 77.875, 1.2536872646555159e-24, nan 
142.625, 77.875, 1.4553783518681527e-24, nan 
142.875, 77.875, 1.4583129422954205e-24, nan 
143.125, 77.875, 1.4658681545056424e-24, nan 
143.375, 77.875, 1.818686529002423e-24, nan 
143.625, 77.875, 2.1159031997618853e-24, nan 
143.875, 77.875, 1.6008433882822608e-24, nan 
144.125, 77.875, 9.334314887367594e-25, nan 
144.375, 77.875, 2.31910837016706e-24, nan 
144.625, 77.875, 5.451739506345237e-24, nan 
144.875, 77.875, 6.012512008426064e-24, nan 
145.125, 77.875, 5.9905883529253806e-24, nan 
145.375, 77.875, 2.5165945196876054e-24, nan 
145.625, 77.875, 2.7102533009751407e-24, nan 
145.875, 77.875, 5.2173998775108406e-24, nan 
146.125, 77.875, 5.2648663813465544e-24, nan 
146.375, 77.875, 4.984041933996563e-24, nan 
146.625, 77.875, 2.4681201102033418e-24, nan 
146.875, 77.875, 1.2245362270543081e-24, nan 
147.125, 77.875, 9.927966477681968e-25, nan 
147.375, 77.875, 7.163602935587028e-25, nan 
147.625, 77.875, 4.466003291686137e-25, nan 
147.875, 77.875, 1.5081247865797996e-24, nan 
148.125, 77.875, 1.2191637275553172e-24, nan 
148.375, 77.875, 8.588680976292628e-25, nan 
148.625, 77.875, 2.939576099914442e-25, nan 
148.875, 77.875, 3.1854846189974627e-25, nan 
149.125, 77.875, 1.2885043006748266e-24, nan 
149.375, 77.875, 1.5046761259088241e-24, nan 
149.625, 77.875, 1.7928823628037874e-24, nan 
149.875, 77.875, 2.6386158919374425e-24, nan 
150.125, 77.875, 3.1864224399293957e-24, nan 
150.375, 77.875, 3.701444569837301e-24, nan 
150.625, 77.875, 3.652948542172444e-24, nan 
150.875, 77.875, 3.306815319492465e-24, nan 
151.125, 77.875, 2.93100104287031e-24, nan 
151.375, 77.875, 2.5511996165008846e-24, nan 
151.625, 77.875, 1.7366054692652582e-24, nan 
151.875, 77.875, 5.378970154751192e-25, nan 
152.125, 77.875, 7.760231431347108e-25, nan 
152.375, 77.875, 7.706247454292965e-25, nan 
152.625, 77.875, 1.5609902947719417e-24, nan 
152.875, 77.875, 2.4645955322502086e-24, nan 
153.125, 77.875, 2.8401953953883113e-24, nan 
153.375, 77.875, 2.2817171020713896e-24, nan 
153.625, 77.875, 2.6625882778479297e-24, nan 
153.875, 77.875, 2.5699667816408366e-24, nan 
154.125, 77.875, 2.832239932109078e-24, nan 
154.375, 77.875, 3.2293432878064512e-24, nan 
154.625, 77.875, 3.0602495514845562e-24, nan 
154.875, 77.875, 3.47561140710625e-24, nan 
155.125, 77.875, 2.9921497806247696e-24, nan 
155.375, 77.875, 2.1133483772105673e-24, nan 
155.625, 77.875, 8.18586789031754e-25, nan 
155.875, 77.875, 1.1520694464526098e-24, nan 
156.125, 77.875, 1.3681470160056578e-24, nan 
156.375, 77.875, 8.808148971692497e-25, nan 
156.625, 77.875, 9.941468513649909e-25, nan 
156.875, 77.875, 6.370047618227876e-25, nan 
157.125, 77.875, 1.7618099678780954e-24, nan 
157.375, 77.875, 2.1605077889008206e-24, nan 
157.625, 77.875, 2.210470804103023e-24, nan 
157.875, 77.875, 2.0667910623156597e-24, nan 
158.125, 77.875, 1.888457653186191e-24, nan 
158.375, 77.875, 1.9536339000124764e-24, nan 
158.625, 77.875, 2.941547314596448e-24, nan 
158.875, 77.875, 2.9308669324448215e-24, nan 
159.125, 77.875, 2.2427909430099117e-24, nan 
159.375, 77.875, 2.8243799263851315e-24, nan 
159.625, 77.875, 1.5366195440148933e-24, nan 
159.875, 77.875, 1.2608455803414035e-24, nan 
160.125, 77.875, 1.3142931643096363e-24, nan 
160.375, 77.875, 1.38130791623765e-24, nan 
160.625, 77.875, 1.9295527718218677e-24, nan 
160.875, 77.875, 2.3539021192057503e-24, nan 
161.125, 77.875, 2.1087871550043624e-24, nan 
161.375, 77.875, 2.3884916159729967e-24, nan 
161.625, 77.875, 2.7655661005779133e-24, nan 
161.875, 77.875, 2.4723972114235907e-24, nan 
162.125, 77.875, 1.788115565665177e-24, nan 
162.375, 77.875, 2.032612805658904e-24, nan 
162.625, 77.875, 2.1098923705674226e-24, nan 
162.875, 77.875, 2.3547865997677968e-24, nan 
163.125, 77.875, 2.004166587666804e-24, nan 
163.375, 77.875, 9.320166269099062e-25, nan 
163.625, 77.875, 1.3186018528518112e-24, nan 
163.875, 77.875, 1.124598475890251e-24, nan 
164.125, 77.875, 8.45832237349274e-25, nan 
164.375, 77.875, 1.7709645837875738e-24, nan 
164.625, 77.875, 2.0206978528804234e-24, nan 
164.875, 77.875, 3.71692617107821e-24, nan 
165.125, 77.875, 4.064787849747163e-24, nan 
165.375, 77.875, 3.017736512445468e-24, nan 
165.625, 77.875, 2.1897082057818046e-24, nan 
165.875, 77.875, 2.8379740024096226e-24, nan 
166.125, 77.875, 3.47266744789113e-24, nan 
166.375, 77.875, 3.858999415423151e-24, nan 
166.625, 77.875, 2.8125352971291695e-24, nan 
166.875, 77.875, 2.1733012718899696e-24, nan 
167.125, 77.875, 2.3285991164487275e-24, nan 
167.375, 77.875, 2.296493888166739e-24, nan 
167.625, 77.875, 1.8977329822912215e-24, nan 
167.875, 77.875, 1.799228159317463e-24, nan 
168.125, 77.875, 2.1386966098233622e-24, nan 
168.375, 77.875, 2.9170315135603977e-24, nan 
168.625, 77.875, 2.1352273203439476e-24, nan 
168.875, 77.875, 1.1576789418002675e-24, nan 
169.125, 77.875, 1.5268449513978857e-24, nan 
169.375, 77.875, 2.285500476053875e-24, nan 
169.625, 77.875, 2.9493080753184717e-24, nan 
169.875, 77.875, 2.1065357313347156e-24, nan 
170.125, 77.875, 1.8149373592817887e-24, nan 
170.375, 77.875, 1.0338248578841018e-24, nan 
170.625, 77.875, 1.5610045679929005e-24, nan 
170.875, 77.875, 2.0894213126097652e-24, nan 
171.125, 77.875, 2.1498775347541425e-24, nan 
171.375, 77.875, 5.370453443530237e-24, nan 
171.625, 77.875, 3.983690389096743e-24, nan 
171.875, 77.875, 5.568594414518937e-24, nan 
172.125, 77.875, 4.918673588640686e-24, nan 
172.375, 77.875, 5.682017258621908e-24, nan 
172.625, 77.875, 6.894995589892565e-24, nan 
172.875, 77.875, 5.125713487607898e-24, nan 
173.125, 77.875, 7.917906122547512e-24, nan 
173.375, 77.875, 5.45844019127363e-24, nan 
173.625, 77.875, 4.4152034654597545e-24, nan 
173.875, 77.875, 3.668990193491869e-24, nan 
174.125, 77.875, 3.378862323916423e-24, nan 
174.375, 77.875, 4.477783502341787e-24, nan 
174.625, 77.875, 3.762377823881634e-24, nan 
174.875, 77.875, 3.912527879405159e-24, nan 
175.125, 77.875, 4.687258878976834e-24, nan 
175.375, 77.875, 4.7598730577607556e-24, nan 
175.625, 77.875, 4.2167317079042456e-24, nan 
175.875, 77.875, 3.623073965647761e-24, nan 
176.125, 77.875, 4.49113188507884e-24, nan 
176.375, 77.875, 4.649628619435323e-24, nan 
176.625, 77.875, 1.6165861995409454e-24, nan 
176.875, 77.875, 2.8200613289533818e-24, nan 
177.125, 77.875, 2.1873848459985318e-24, nan 
177.375, 77.875, 3.0700850113517067e-24, nan 
177.625, 77.875, 3.1442042525971177e-24, nan 
177.875, 77.875, 2.736843654393941e-24, nan 
178.125, 77.875, 4.42400678729614e-24, nan 
178.375, 77.875, 3.311044954891326e-24, nan 
178.625, 77.875, 5.056540786151524e-24, nan 
178.875, 77.875, 4.7272664909845746e-24, nan 
179.125, 77.875, 1.6172063371867064e-24, nan 
179.375, 77.875, 3.3837090001733846e-24, nan 
179.625, 77.875, 2.834030676648037e-24, nan 
179.875, 77.875, 4.8846632206322345e-24, nan 
-179.875, 78.125, 7.373452084492731e-24, nan 
-179.625, 78.125, 8.201322826914771e-24, nan 
-179.375, 78.125, 8.731635711153518e-24, nan 
-179.125, 78.125, 1.0050989200662853e-23, nan 
-178.875, 78.125, 1.4488463400110398e-23, nan 
-178.625, 78.125, 1.3348449775734042e-23, nan 
-178.375, 78.125, 1.6385205917070777e-23, nan 
-178.125, 78.125, 1.1975203899800872e-23, nan 
-177.875, 78.125, 7.150056472508988e-24, nan 
-177.625, 78.125, 9.603540730458589e-24, nan 
-177.375, 78.125, 8.558319618617448e-24, nan 
-177.125, 78.125, 9.281060259195162e-24, nan 
-176.875, 78.125, 1.0870055844296209e-23, nan 
-176.625, 78.125, 1.7094559527843522e-23, nan 
-176.375, 78.125, 1.5830955951001148e-23, nan 
-176.125, 78.125, 1.1464695518258213e-23, nan 
-175.875, 78.125, 7.609141612720564e-24, nan 
-175.625, 78.125, 3.59068804729897e-24, nan 
-175.375, 78.125, 8.792036749407475e-24, nan 
-175.125, 78.125, 8.150849368461887e-24, nan 
-174.875, 78.125, 5.0257007266764204e-24, nan 
-174.625, 78.125, 4.756948950649183e-24, nan 
-174.375, 78.125, 4.958014262864186e-24, nan 
-174.125, 78.125, 7.823251349914312e-24, nan 
-173.875, 78.125, 1.1468812010615902e-23, nan 
-173.625, 78.125, 1.1701464847540425e-23, nan 
-173.375, 78.125, 9.652100783179876e-24, nan 
-173.125, 78.125, 1.4384393403930184e-23, nan 
-172.875, 78.125, 1.578609407758562e-23, nan 
-172.625, 78.125, 1.7581767544229768e-23, nan 
-172.375, 78.125, 1.211274810628843e-23, nan 
-172.125, 78.125, 1.0720838518507746e-23, nan 
-171.875, 78.125, 1.4864554277415954e-23, nan 
-171.625, 78.125, 1.5722455046580614e-23, nan 
-171.375, 78.125, 1.856742177172927e-23, nan 
-171.125, 78.125, 9.797161958236291e-24, nan 
-170.875, 78.125, 8.620067099419241e-24, nan 
-170.625, 78.125, 1.779742504706631e-23, nan 
-170.375, 78.125, 1.984993511998951e-23, nan 
-170.125, 78.125, 2.64225319163935e-23, nan 
-169.875, 78.125, 2.7496913356456205e-23, nan 
-169.625, 78.125, 1.9283042778487082e-23, nan 
-169.375, 78.125, 1.0998587106010259e-23, nan 
-169.125, 78.125, 9.097108050475828e-24, nan 
-168.875, 78.125, 1.2318561001196018e-23, nan 
-168.625, 78.125, 1.377054259197008e-23, nan 
-168.375, 78.125, 1.3223358438427531e-23, nan 
-168.125, 78.125, 1.2554815541985173e-23, nan 
-167.875, 78.125, 1.5289824654884583e-23, nan 
-167.625, 78.125, 9.288554435085923e-24, nan 
-167.375, 78.125, 9.685703811148343e-24, nan 
-167.125, 78.125, 5.770432492954073e-24, nan 
-166.875, 78.125, 1.3766324309513724e-23, nan 
-166.625, 78.125, 1.7549256756411458e-23, nan 
-166.375, 78.125, 1.948386340389916e-23, nan 
-166.125, 78.125, 2.1700951893379017e-23, nan 
-165.875, 78.125, 2.931075470849939e-23, nan 
-165.625, 78.125, 1.5077534194881338e-23, nan 
-165.375, 78.125, 1.203359921132986e-23, nan 
-165.125, 78.125, 1.0561066401949717e-23, nan 
-164.875, 78.125, 1.580137083476824e-23, nan 
-164.625, 78.125, 1.8171599183561388e-23, nan 
-164.375, 78.125, 7.434929469221163e-24, nan 
-164.125, 78.125, 3.617745789861709e-24, nan 
-163.875, 78.125, 4.3881779083482295e-24, nan 
-163.625, 78.125, 8.329324114768203e-24, nan 
-163.375, 78.125, 6.98022894360461e-24, nan 
-163.125, 78.125, 6.1001072980779294e-24, nan 
-162.875, 78.125, 7.099253965252255e-24, nan 
-162.625, 78.125, 6.371792997498904e-24, nan 
-162.375, 78.125, 6.80368476751189e-24, nan 
-162.125, 78.125, 7.716500860698804e-24, nan 
-161.875, 78.125, 9.046983275866906e-24, nan 
-161.625, 78.125, 9.002014712139682e-24, nan 
-161.375, 78.125, 9.729513331121695e-24, nan 
-161.125, 78.125, 8.487824868508529e-24, nan 
-160.875, 78.125, 8.938845593020357e-24, nan 
-160.625, 78.125, 5.180554689487321e-24, nan 
-160.375, 78.125, 3.8890900155452396e-24, nan 
-160.125, 78.125, 3.6757133972633845e-24, nan 
-159.875, 78.125, 1.4737743279547825e-23, nan 
-159.625, 78.125, 1.6739253207637318e-23, nan 
-159.375, 78.125, 5.93812695280073e-24, nan 
-159.125, 78.125, 2.1287257437386583e-24, nan 
-158.875, 78.125, 5.317602593589759e-24, nan 
-158.625, 78.125, 1.1109292538319644e-23, nan 
-158.375, 78.125, 1.1079316518777168e-23, nan 
-158.125, 78.125, 4.69144644100594e-24, nan 
-157.875, 78.125, 1.5947433813095247e-24, nan 
-157.625, 78.125, 2.980789985856716e-24, nan 
-157.375, 78.125, 5.15094511226658e-24, nan 
-157.125, 78.125, 4.1943207322981966e-24, nan 
-156.875, 78.125, 3.4622544033110534e-24, nan 
-156.625, 78.125, 3.581910059256268e-24, nan 
-156.375, 78.125, 5.116341755173199e-24, nan 
-156.125, 78.125, 6.220158988254673e-24, nan 
-155.875, 78.125, 3.121521604525753e-24, nan 
-155.625, 78.125, 3.67014472123454e-24, nan 
-155.375, 78.125, 4.425494544216996e-24, nan 
-155.125, 78.125, 6.943763177002298e-24, nan 
-154.875, 78.125, 8.636048590629175e-24, nan 
-154.625, 78.125, 8.681790683235372e-24, nan 
-154.375, 78.125, 8.292294405648889e-24, nan 
-154.125, 78.125, 8.044686324326024e-24, nan 
-153.875, 78.125, 8.720417358983988e-24, nan 
-153.625, 78.125, 8.245672625813952e-24, nan 
-153.375, 78.125, 8.94140704337195e-24, nan 
-153.125, 78.125, 9.909540587251253e-24, nan 
-152.875, 78.125, 9.432318383474077e-24, nan 
-152.625, 78.125, 1.0411247349139424e-23, nan 
-152.375, 78.125, 1.1292863547291583e-23, nan 
-152.125, 78.125, 8.526735354764909e-24, nan 
-151.875, 78.125, 8.879880355354816e-24, nan 
-151.625, 78.125, 9.761523637184881e-24, nan 
-151.375, 78.125, 1.2188749039977608e-23, nan 
-151.125, 78.125, 1.6816019101207402e-23, nan 
-150.875, 78.125, 1.0000482370303622e-23, nan 
-150.625, 78.125, 7.559533179987466e-24, nan 
-150.375, 78.125, 6.374532293453883e-24, nan 
-150.125, 78.125, 1.557796980017543e-23, nan 
-149.875, 78.125, 1.0300659144829511e-23, nan 
-149.625, 78.125, 1.2029096836841213e-23, nan 
-149.375, 78.125, 1.5953905335124533e-23, nan 
-149.125, 78.125, 1.5441959948791126e-23, nan 
-148.875, 78.125, 2.5535570714480176e-23, nan 
-148.625, 78.125, 2.1466091699118815e-23, nan 
-148.375, 78.125, 1.7562371611516353e-23, nan 
-148.125, 78.125, 9.887630948395936e-24, nan 
-147.875, 78.125, 2.2541344603913362e-23, nan 
-147.625, 78.125, 3.068348188724619e-23, nan 
-147.375, 78.125, 4.416461065527209e-23, nan 
-147.125, 78.125, 3.78698484570601e-23, nan 
-146.875, 78.125, 1.9114194535553785e-23, nan 
-146.625, 78.125, 1.5864247936999312e-23, nan 
-146.375, 78.125, 1.8146094047091938e-23, nan 
-146.125, 78.125, 2.256662255472544e-23, nan 
-145.875, 78.125, 2.1558794723386282e-23, nan 
-145.625, 78.125, 1.2452892968404895e-23, nan 
-145.375, 78.125, 1.4421821602174862e-23, nan 
-145.125, 78.125, 1.9572358016217748e-23, nan 
-144.875, 78.125, 2.8219077185954445e-23, nan 
-144.625, 78.125, 2.7598763912486005e-23, nan 
-144.375, 78.125, 1.9484508332039818e-23, nan 
-144.125, 78.125, 1.8325389258698334e-23, nan 
-143.875, 78.125, 1.8394562511311544e-23, nan 
-143.625, 78.125, 2.7149840870254303e-23, nan 
-143.375, 78.125, 3.059865231094514e-23, nan 
-143.125, 78.125, 3.854568287010283e-23, nan 
-142.875, 78.125, 3.319956760164081e-23, nan 
-142.625, 78.125, 3.333846667896165e-23, nan 
-142.375, 78.125, 3.359685464365811e-23, nan 
-142.125, 78.125, 2.807651570253674e-23, nan 
-141.875, 78.125, 2.8975677526887985e-23, nan 
-141.625, 78.125, 2.2107721412078065e-23, nan 
-141.375, 78.125, 2.6644374759590735e-23, nan 
-141.125, 78.125, 3.03366111026839e-23, nan 
-140.875, 78.125, 2.4114501796318704e-23, nan 
-140.625, 78.125, 2.2007005855071634e-23, nan 
-140.375, 78.125, 2.6459704630452905e-23, nan 
-140.125, 78.125, 2.9166910703763116e-23, nan 
-139.875, 78.125, 1.9996920153291132e-23, nan 
-139.625, 78.125, 1.8550823717482327e-23, nan 
-139.375, 78.125, 2.9991379502000486e-23, nan 
-139.125, 78.125, 2.6827283160642145e-23, nan 
-138.875, 78.125, 2.6343046514891001e-23, nan 
-138.625, 78.125, 2.672173565831499e-23, nan 
-138.375, 78.125, 2.2074529032820264e-23, nan 
-138.125, 78.125, 3.247039700046375e-23, nan 
-137.875, 78.125, 3.856617061467691e-23, nan 
-137.625, 78.125, 3.580237279634313e-23, nan 
-137.375, 78.125, 1.59016957980908e-23, nan 
-137.125, 78.125, 1.1104409646348367e-23, nan 
-136.875, 78.125, 2.2116660203998866e-23, nan 
-136.625, 78.125, 1.8995533130766796e-23, nan 
-136.375, 78.125, 4.091954748029883e-23, nan 
-136.125, 78.125, 3.712023227454454e-23, nan 
-135.875, 78.125, 2.839230902250995e-23, nan 
-135.625, 78.125, 2.1412551670235256e-23, nan 
-135.375, 78.125, 2.772556314833263e-23, nan 
-135.125, 78.125, 4.590826712733098e-23, nan 
-134.875, 78.125, 4.3566889211075904e-23, nan 
-134.625, 78.125, 5.480598844688853e-23, nan 
-134.375, 78.125, 3.851929428435795e-23, nan 
-134.125, 78.125, 6.653305323704079e-23, nan 
-133.875, 78.125, 3.638498958183006e-23, nan 
-133.625, 78.125, 2.827464170896273e-23, nan 
-133.375, 78.125, 2.3757586924574253e-23, nan 
-133.125, 78.125, 2.0520155212379192e-23, nan 
-132.875, 78.125, 2.726729167375715e-23, nan 
-132.625, 78.125, 4.6748185490441024e-23, nan 
-132.375, 78.125, 5.241531387124942e-23, nan 
-132.125, 78.125, 4.805402952491751e-23, nan 
-131.875, 78.125, 3.6313955119866764e-23, nan 
-131.625, 78.125, 3.173099852498593e-23, nan 
-131.375, 78.125, 2.854937394547991e-23, nan 
-131.125, 78.125, 2.90836773149809e-23, nan 
-130.875, 78.125, 1.3251844456102726e-23, nan 
-130.625, 78.125, 9.694502319368164e-24, nan 
-130.375, 78.125, 3.9320418075375186e-24, nan 
-130.125, 78.125, 1.5502559289343624e-23, nan 
-129.875, 78.125, 1.7684354242423032e-23, nan 
-129.625, 78.125, 1.1253996908192279e-23, nan 
-129.375, 78.125, 2.4349765827500068e-23, nan 
-129.125, 78.125, 2.883229244094773e-23, nan 
-128.875, 78.125, 2.202343528899586e-23, nan 
-128.625, 78.125, 3.4314643192356865e-23, nan 
-128.375, 78.125, 3.264295505120355e-23, nan 
-128.125, 78.125, 4.6154147796393816e-23, nan 
-127.875, 78.125, 5.608527282554651e-23, nan 
-127.625, 78.125, 4.147193164025872e-23, nan 
-127.375, 78.125, 6.856880110398389e-23, nan 
-127.125, 78.125, 5.910416313330207e-23, nan 
-126.875, 78.125, 3.070750526152912e-23, nan 
-126.625, 78.125, 2.9640798563914953e-23, nan 
-126.375, 78.125, 2.522825113888265e-23, nan 
-126.125, 78.125, 4.8103089483787604e-23, nan 
-125.875, 78.125, 4.5171131098818156e-23, nan 
-125.625, 78.125, 3.4291595814001806e-23, nan 
-125.375, 78.125, 5.2464302358779826e-23, nan 
-125.125, 78.125, 9.250498103702823e-23, nan 
-124.875, 78.125, 1.2538602463280692e-22, nan 
-124.625, 78.125, 9.414826520850587e-23, nan 
-124.375, 78.125, 8.845521342340327e-23, nan 
-124.125, 78.125, 7.089879821826126e-23, nan 
-123.875, 78.125, 5.600975879095446e-23, nan 
-123.625, 78.125, 6.036975655775593e-23, nan 
-123.375, 78.125, 5.308527787804979e-23, nan 
-123.125, 78.125, 4.181773164223084e-23, nan 
-122.875, 78.125, 3.953581426095023e-23, nan 
-122.625, 78.125, 3.2371269673119896e-23, nan 
-122.375, 78.125, 2.6367561118681691e-23, nan 
-122.125, 78.125, 3.616912943579222e-23, nan 
-121.875, 78.125, 4.6836031225072455e-23, nan 
-121.625, 78.125, 2.9184852316933023e-23, nan 
-121.375, 78.125, 6.454617536201873e-23, nan 
-121.125, 78.125, 8.335763243156024e-23, nan 
-120.875, 78.125, 6.873261409596648e-23, nan 
-120.625, 78.125, 2.3975892155474876e-23, nan 
-120.375, 78.125, 1.9784079840921207e-23, nan 
-120.125, 78.125, 1.4548561314458616e-22, nan 
-119.875, 78.125, 1.8223127387548587e-22, nan 
-119.625, 78.125, 1.5180068538302172e-22, nan 
-119.375, 78.125, 1.3796156542160838e-23, nan 
-119.125, 78.125, 3.669832683660832e-23, nan 
-118.875, 78.125, 7.98622263112769e-23, nan 
-118.625, 78.125, 9.213265210113748e-23, nan 
-118.375, 78.125, 7.129005112446441e-23, nan 
-118.125, 78.125, 1.813812650862522e-23, nan 
-117.875, 78.125, 2.958435204944199e-23, nan 
-117.625, 78.125, 1.8392933893887624e-23, nan 
-117.375, 78.125, 1.744918783152744e-23, nan 
-117.125, 78.125, 1.60959615822978e-23, nan 
-116.875, 78.125, 2.165553574697834e-23, nan 
-116.625, 78.125, 2.055361920877289e-23, nan 
-116.375, 78.125, 1.4328641271600874e-23, nan 
-116.125, 78.125, 1.5517979139501596e-23, nan 
-115.875, 78.125, 2.4225152753356132e-23, nan 
-115.625, 78.125, 3.4572966793333825e-23, nan 
-115.375, 78.125, 3.5827614078730845e-23, nan 
-115.125, 78.125, 2.3452245994142472e-23, nan 
-114.875, 78.125, 2.7987456825480655e-23, nan 
-114.625, 78.125, 3.7551066137356e-23, nan 
-114.375, 78.125, 4.455146737513996e-23, nan 
-114.125, 78.125, 2.4155902187081812e-23, nan 
-113.875, 78.125, 2.498334429796348e-23, nan 
-113.625, 78.125, 3.25030855512025e-23, nan 
-113.375, 78.125, 4.1429051372807697e-23, nan 
-113.125, 78.125, 3.995113633918857e-23, nan 
-112.875, 78.125, 2.9104256749505135e-23, nan 
-112.625, 78.125, 2.9025041034176997e-23, nan 
-112.375, 78.125, 1.8376530455546172e-23, nan 
-112.125, 78.125, 1.724175492348923e-23, nan 
-111.875, 78.125, 1.7305142899256473e-23, nan 
-111.625, 78.125, 1.8597995728457382e-23, nan 
-111.375, 78.125, 1.9020238910915582e-23, nan 
-111.125, 78.125, 1.7277415875136366e-23, nan 
-110.875, 78.125, 1.7740603923910843e-23, nan 
-110.625, 78.125, 1.6666846695522794e-23, nan 
-110.375, 78.125, 1.8265480182156756e-23, nan 
-110.125, 78.125, 1.7997633883081328e-23, nan 
-109.875, 78.125, 2.668600356135557e-23, nan 
-109.625, 78.125, 2.2610284017961647e-23, nan 
-109.375, 78.125, 2.5018355233662776e-23, nan 
-109.125, 78.125, 3.048482662499288e-23, nan 
-108.875, 78.125, 2.1253145658982598e-23, nan 
-108.625, 78.125, 2.655284290698007e-23, nan 
-108.375, 78.125, 3.033762436023192e-23, nan 
-108.125, 78.125, 3.461438996718968e-23, nan 
-107.875, 78.125, 2.5104232386164765e-23, nan 
-107.625, 78.125, 1.6317211917087425e-23, nan 
-107.375, 78.125, 2.0489124597563754e-23, nan 
-107.125, 78.125, 1.4433686101337424e-23, nan 
-106.875, 78.125, 2.1131170597996163e-23, nan 
-106.625, 78.125, 1.1715314706798617e-23, nan 
-106.375, 78.125, 1.5889460560863065e-23, nan 
-106.125, 78.125, 3.305029349580717e-23, nan 
-105.875, 78.125, 2.5647601504137203e-23, nan 
-105.625, 78.125, 3.411300611554647e-23, nan 
-105.375, 78.125, 3.584929028170613e-23, nan 
-105.125, 78.125, 3.30803899963707e-23, nan 
-104.875, 78.125, 3.291005716136951e-23, nan 
-104.625, 78.125, 3.5871301963165004e-23, nan 
-104.375, 78.125, 4.3366912431232373e-23, nan 
-104.125, 78.125, 4.0931748806872214e-23, nan 
-103.875, 78.125, 3.6730670704115025e-23, nan 
-103.625, 78.125, 3.582321139714274e-23, nan 
-103.375, 78.125, 3.500176656869265e-23, nan 
-103.125, 78.125, 3.757968016902785e-23, nan 
-102.875, 78.125, 3.422204986559649e-23, nan 
-102.625, 78.125, 3.373178270163982e-23, nan 
-102.375, 78.125, 3.175743296126347e-23, nan 
-102.125, 78.125, 2.892811413173381e-23, nan 
-101.875, 78.125, 3.8053361863731086e-23, nan 
-101.625, 78.125, 3.0006496324662147e-23, nan 
-101.375, 78.125, 2.361483722147963e-23, nan 
-101.125, 78.125, 1.0713263221774833e-23, nan 
-100.875, 78.125, 1.7836185450608e-23, nan 
-100.625, 78.125, 2.64719980566066e-23, nan 
-100.375, 78.125, 2.475699074952026e-23, nan 
-100.125, 78.125, 3.3125107823854317e-23, nan 
-99.875, 78.125, 3.625525489056143e-23, nan 
-99.625, 78.125, 5.489108308279746e-23, nan 
-99.375, 78.125, 5.874499306727351e-23, nan 
-99.125, 78.125, 5.1869742641417695e-23, nan 
-98.875, 78.125, 5.493131856502762e-23, nan 
-98.625, 78.125, 4.784987075469716e-23, nan 
-98.375, 78.125, 6.064293429635518e-23, nan 
-98.125, 78.125, 7.040640315516801e-23, nan 
-97.875, 78.125, 6.121341740804222e-23, nan 
-97.625, 78.125, 5.019752078871627e-23, nan 
-97.375, 78.125, 5.153246518697212e-23, nan 
-97.125, 78.125, 6.970071578179931e-23, nan 
-96.875, 78.125, 8.10208194510156e-23, nan 
-96.625, 78.125, 3.685571387823307e-23, nan 
-96.375, 78.125, 8.639687572013943e-23, nan 
-96.125, 78.125, 7.162791969139444e-23, nan 
-95.875, 78.125, 3.1624210093556263e-23, nan 
-95.625, 78.125, 5.209763359276718e-23, nan 
-95.375, 78.125, 4.012454323048485e-23, nan 
-95.125, 78.125, 8.368520508218868e-23, nan 
-94.875, 78.125, 6.40354795535603e-23, nan 
-94.625, 78.125, 2.7269796561315674e-23, nan 
-94.375, 78.125, 3.745118364848849e-23, nan 
-94.125, 78.125, 2.3388295008095608e-23, nan 
-93.875, 78.125, 3.937452163329456e-23, nan 
-93.625, 78.125, 4.194483899563004e-23, nan 
-93.375, 78.125, 3.2384929484866044e-23, nan 
-93.125, 78.125, 5.1493035272570825e-23, nan 
-92.875, 78.125, 3.855341610222007e-23, nan 
-92.625, 78.125, 6.14841564903806e-23, nan 
-92.375, 78.125, 6.166150998136148e-23, nan 
-92.125, 78.125, 8.32565787157325e-23, nan 
-91.875, 78.125, 8.950484593406567e-23, nan 
-91.625, 78.125, 1.0766170644624824e-22, nan 
-91.375, 78.125, 6.416325596869124e-23, nan 
-91.125, 78.125, 4.8833650244684184e-23, nan 
-90.875, 78.125, 7.872005705675876e-23, nan 
-90.625, 78.125, 1.025120485989713e-22, nan 
-90.375, 78.125, 1.2443987172826158e-22, nan 
-90.125, 78.125, 1.1658906141702755e-22, nan 
-89.875, 78.125, 1.0493681349098238e-22, nan 
-89.625, 78.125, 9.494915930024396e-23, nan 
-89.375, 78.125, 8.205934822708466e-23, nan 
-89.125, 78.125, 9.707430140697978e-23, nan 
-88.875, 78.125, 1.1227356350867744e-22, nan 
-88.625, 78.125, 1.1250636272182136e-22, nan 
-88.375, 78.125, 1.1301856780405649e-22, nan 
-88.125, 78.125, 5.724944515369272e-23, nan 
-87.875, 78.125, 8.085215405211599e-23, nan 
-87.625, 78.125, 1.3852010392662022e-22, nan 
-87.375, 78.125, 1.2795495336353403e-22, nan 
-87.125, 78.125, 1.385630271135838e-22, nan 
-86.875, 78.125, 5.682053579845173e-23, nan 
-86.625, 78.125, 6.901669754158684e-23, nan 
-86.375, 78.125, 1.1189490182252273e-22, nan 
-86.125, 78.125, 1.3674144084100676e-22, nan 
-85.875, 78.125, 1.3571216892026995e-22, nan 
-85.625, 78.125, 1.5634784601847873e-22, nan 
-85.375, 78.125, 1.0950359374095555e-22, nan 
-85.125, 78.125, 9.755153424412159e-23, nan 
-84.875, 78.125, 1.1932136278412285e-22, nan 
-84.625, 78.125, 1.2916666139395188e-22, nan 
-84.375, 78.125, 1.3975253589260694e-22, nan 
-84.125, 78.125, 1.1467670192404584e-22, nan 
-83.875, 78.125, 1.0959896177564256e-22, nan 
-83.625, 78.125, 1.0595732567988553e-22, nan 
-83.375, 78.125, 1.084454754315942e-22, nan 
-83.125, 78.125, 9.481017427314299e-23, nan 
-82.875, 78.125, 1.1380479391401752e-22, nan 
-82.625, 78.125, 1.1310296271194053e-22, nan 
-82.375, 78.125, 1.864276310746595e-22, nan 
-82.125, 78.125, 1.094807201277274e-22, nan 
-81.875, 78.125, 1.2506668536283284e-22, nan 
-81.625, 78.125, 8.105642234583952e-23, nan 
-81.375, 78.125, 1.0062804844402427e-22, nan 
-81.125, 78.125, 7.192395177342643e-23, nan 
-80.875, 78.125, 8.907303268261868e-23, nan 
-80.625, 78.125, 6.763244074517087e-23, nan 
-80.375, 78.125, 9.746325347595317e-23, nan 
-80.125, 78.125, 9.384861092024465e-23, nan 
-79.875, 78.125, 1.408498582419937e-22, nan 
-79.625, 78.125, 1.8542570069450998e-22, nan 
-79.375, 78.125, 1.7562476421106603e-22, nan 
-79.125, 78.125, 8.839757848873585e-23, nan 
-78.875, 78.125, 1.5908007655259496e-22, nan 
-78.625, 78.125, 2.448724108505504e-22, nan 
-78.375, 78.125, 1.5959239736132513e-22, nan 
-78.125, 78.125, 2.361287858858131e-22, nan 
-77.875, 78.125, 2.4981190069699813e-22, nan 
-77.625, 78.125, 2.0064942040936997e-22, nan 
-77.375, 78.125, 2.1621295018845565e-22, nan 
-77.125, 78.125, 2.0242694818872573e-22, nan 
-76.875, 78.125, 2.419859251798446e-22, nan 
-76.625, 78.125, 2.153615251836357e-22, nan 
-76.375, 78.125, 2.141022787840151e-22, nan 
-76.125, 78.125, 2.1531467127782457e-22, nan 
-75.875, 78.125, 2.992915342578861e-22, nan 
-75.625, 78.125, 3.342289412926381e-22, nan 
-75.375, 78.125, 3.9773828212341093e-22, nan 
-75.125, 78.125, 4.1881728716060486e-22, nan 
-74.875, 78.125, 3.0300015319229927e-22, nan 
-74.625, 78.125, 2.980354851792451e-22, nan 
-74.375, 78.125, 3.1354670044604723e-22, nan 
-74.125, 78.125, 3.4142719115895774e-22, nan 
-73.875, 78.125, 3.6103694008616995e-22, nan 
-73.625, 78.125, 2.7795408663467863e-22, nan 
-73.375, 78.125, 2.418628194789756e-22, nan 
-73.125, 78.125, 2.7993522832292657e-22, nan 
-72.875, 78.125, 1.9487874733849937e-22, nan 
-72.625, 78.125, 2.2524924812740485e-22, nan 
-72.375, 78.125, 2.278128096926185e-22, nan 
-72.125, 78.125, 3.378515743287897e-22, nan 
-71.875, 78.125, 4.0951283909751107e-22, nan 
-71.625, 78.125, 4.317476875241082e-22, nan 
-71.375, 78.125, 3.6791980797357136e-22, nan 
-71.125, 78.125, 5.023496414079393e-22, nan 
-70.875, 78.125, 4.848322966510352e-22, nan 
-70.625, 78.125, 5.027867133325622e-22, nan 
-70.375, 78.125, 6.292472287446954e-22, nan 
-70.125, 78.125, 8.192629952942603e-22, nan 
-69.875, 78.125, 8.406610629956919e-22, nan 
-69.625, 78.125, 6.931152301637237e-22, nan 
-69.375, 78.125, 6.234817162466709e-22, nan 
-69.125, 78.125, 6.786230954638938e-22, nan 
-68.875, 78.125, 9.19479318027509e-22, nan 
-68.625, 78.125, 8.028300017158169e-22, nan 
-68.375, 78.125, 6.834860060226359e-22, nan 
-68.125, 78.125, 6.754140929158376e-22, nan 
-67.875, 78.125, 4.304479300849719e-22, nan 
-67.625, 78.125, 1.0010388447464904e-21, nan 
-67.375, 78.125, 4.088988870802588e-21, nan 
-67.125, 78.125, 6.2065243366092094e-21, nan 
-66.875, 78.125, 4.4577944755202544e-21, nan 
-66.625, 78.125, 2.284696431870449e-21, nan 
-66.375, 78.125, 1.1800226701817872e-21, nan 
-66.125, 78.125, 1.8925659862814787e-21, nan 
-65.875, 78.125, 1.5059356901193515e-21, nan 
-65.625, 78.125, 1.5944526049117188e-21, nan 
-65.375, 78.125, 1.8355364529461406e-21, nan 
-65.125, 78.125, 1.7402012314066876e-21, nan 
-64.875, 78.125, 1.7244809434421493e-21, nan 
-64.625, 78.125, 2.1632660037125205e-21, nan 
-64.375, 78.125, 1.795641471919051e-21, nan 
-64.125, 78.125, 1.1978956899429491e-21, nan 
-63.875, 78.125, 1.137174956069762e-21, nan 
-63.625, 78.125, 1.0922874252478923e-21, nan 
-63.375, 78.125, 1.5363561625160792e-21, nan 
-63.125, 78.125, 1.3834089542092037e-21, nan 
-62.875, 78.125, 6.763878690267148e-22, nan 
-62.625, 78.125, 8.78965753918759e-22, nan 
-62.375, 78.125, 1.2621075602888656e-21, nan 
-62.125, 78.125, 2.0201437755994284e-21, nan 
-61.875, 78.125, 6.324406694710331e-22, nan 
-61.625, 78.125, 2.3701159707301488e-21, nan 
-61.375, 78.125, 4.4716336221946904e-21, nan 
-61.125, 78.125, 6.479665772860146e-21, nan 
-60.875, 78.125, 7.167034778718443e-21, nan 
-60.625, 78.125, 6.690384550142686e-21, nan 
-60.375, 78.125, 4.509840466049822e-21, nan 
-60.125, 78.125, 8.521041316110083e-21, nan 
-59.875, 78.125, 1.3928185274722284e-20, nan 
-59.625, 78.125, 1.6460571942536115e-20, nan 
-59.375, 78.125, 1.5965700297748153e-20, nan 
-59.125, 78.125, 1.1637888244042226e-20, nan 
-58.875, 78.125, 1.2085490996484023e-20, nan 
-58.625, 78.125, 1.0712562593401116e-20, nan 
-58.375, 78.125, 1.067719278378062e-20, nan 
-58.125, 78.125, 1.0119494124259553e-20, nan 
-57.875, 78.125, 8.740593651501447e-21, nan 
-57.625, 78.125, 8.883908860477844e-21, nan 
-57.375, 78.125, 1.3851377232199328e-20, nan 
-57.125, 78.125, 7.431198832638396e-21, nan 
-56.875, 78.125, 6.691046091058339e-21, nan 
-56.625, 78.125, 1.137892410959608e-20, nan 
-56.375, 78.125, 1.2916335233076628e-20, nan 
-56.125, 78.125, 1.2541334279020989e-20, nan 
-55.875, 78.125, 1.6200044701423192e-20, nan 
-55.625, 78.125, 1.7400048067513984e-20, nan 
-55.375, 78.125, 2.0146908609904524e-20, nan 
-55.125, 78.125, 2.2169841675123735e-20, nan 
-54.875, 78.125, 2.165327793079869e-20, nan 
-54.625, 78.125, 2.5212397963260565e-20, nan 
-54.375, 78.125, 2.5893214463287666e-20, nan 
-54.125, 78.125, 2.1438033530384962e-20, nan 
-53.875, 78.125, 2.4288205294393946e-20, nan 
-53.625, 78.125, 1.7179900889938785e-20, nan 
-53.375, 78.125, 1.6739472455074326e-20, nan 
-53.125, 78.125, 2.0734246820875102e-20, nan 
-52.875, 78.125, 1.917738135033907e-20, nan 
-52.625, 78.125, 1.7570319770578492e-20, nan 
-52.375, 78.125, 1.7034720392736364e-20, nan 
-52.125, 78.125, 2.0921263439643126e-20, nan 
-51.875, 78.125, 2.214094603444987e-20, nan 
-51.625, 78.125, 2.5438521250423012e-20, nan 
-51.375, 78.125, 3.2314643976768584e-20, nan 
-51.125, 78.125, 3.260965842998874e-20, nan 
-50.875, 78.125, 3.0771353862211495e-20, nan 
-50.625, 78.125, 3.2571256789752045e-20, nan 
-50.375, 78.125, 3.264170689050234e-20, nan 
-50.125, 78.125, 3.89132095099285e-20, nan 
-49.875, 78.125, 3.5767360976865895e-20, nan 
-49.625, 78.125, 2.964763986889099e-20, nan 
-49.375, 78.125, 2.429131339737198e-20, nan 
-49.125, 78.125, 2.2358729697056128e-20, nan 
-48.875, 78.125, 2.7276756943266763e-20, nan 
-48.625, 78.125, 2.260763025973591e-20, nan 
-48.375, 78.125, 1.6370471803728895e-20, nan 
-48.125, 78.125, 1.602580886380252e-20, nan 
-47.875, 78.125, 2.1632896902870533e-20, nan 
-47.625, 78.125, 3.3275053884234494e-20, nan 
-47.375, 78.125, 3.576495559233628e-20, nan 
-47.125, 78.125, 3.2816335304560733e-20, nan 
-46.875, 78.125, 2.93185570165451e-20, nan 
-46.625, 78.125, 2.7084223077839566e-20, nan 
-46.375, 78.125, 3.0384395510493706e-20, nan 
-46.125, 78.125, 2.4003167789593634e-20, nan 
-45.875, 78.125, 2.0047482385385123e-20, nan 
-45.625, 78.125, 2.67892074338787e-20, nan 
-45.375, 78.125, 4.0793401068833995e-20, nan 
-45.125, 78.125, 4.0504948240646935e-20, nan 
-44.875, 78.125, 6.486946946015694e-20, nan 
-44.625, 78.125, 6.151425272965642e-20, nan 
-44.375, 78.125, 4.9899124903989396e-20, nan 
-44.125, 78.125, 5.471810823937128e-20, nan 
-43.875, 78.125, 6.401601311368258e-20, nan 
-43.625, 78.125, 7.931878197956801e-20, nan 
-43.375, 78.125, 7.644522909417498e-20, nan 
-43.125, 78.125, 6.281585435540043e-20, nan 
-42.875, 78.125, 4.95541535061045e-20, nan 
-42.625, 78.125, 5.277621992023079e-20, nan 
-42.375, 78.125, 4.1582462088413004e-20, nan 
-42.125, 78.125, 3.919934487882703e-20, nan 
-41.875, 78.125, 5.461872829156707e-20, nan 
-41.625, 78.125, 7.633188291310649e-20, nan 
-41.375, 78.125, 8.536677440336287e-20, nan 
-41.125, 78.125, 5.173266499543464e-20, nan 
-40.875, 78.125, 4.335811641929492e-20, nan 
-40.625, 78.125, 4.0117147150850026e-20, nan 
-40.375, 78.125, 8.49785043924081e-20, nan 
-40.125, 78.125, 9.405064020077923e-20, nan 
-39.875, 78.125, 8.093957296739199e-20, nan 
-39.625, 78.125, 7.299743334652587e-20, nan 
-39.375, 78.125, 6.130600331270452e-20, nan 
-39.125, 78.125, 6.888087723846795e-20, nan 
-38.875, 78.125, 9.963023195238852e-20, nan 
-38.625, 78.125, 1.0899085215803936e-19, nan 
-38.375, 78.125, 1.0959089185063714e-19, nan 
-38.125, 78.125, 1.0733586811726832e-19, nan 
-37.875, 78.125, 8.513405831141734e-20, nan 
-37.625, 78.125, 1.482786474996105e-19, nan 
-37.375, 78.125, 1.302525153909578e-19, nan 
-37.125, 78.125, 1.3288922769338464e-19, nan 
-36.875, 78.125, 1.7235122983599004e-19, nan 
-36.625, 78.125, 1.6729200378624437e-19, nan 
-36.375, 78.125, 1.7973767109644161e-19, nan 
-36.125, 78.125, 2.178021476123311e-19, nan 
-35.875, 78.125, 2.2558561530643344e-19, nan 
-35.625, 78.125, 2.7797894051929907e-19, nan 
-35.375, 78.125, 2.2126108254598103e-19, nan 
-35.125, 78.125, 2.7732992126363397e-19, nan 
-34.875, 78.125, 2.5976780309284196e-19, nan 
-34.625, 78.125, 2.6732508048649944e-19, nan 
-34.375, 78.125, 5.213825508446778e-19, nan 
-34.125, 78.125, 5.8952773896366015e-19, nan 
-33.875, 78.125, 3.8111546978059323e-19, nan 
-33.625, 78.125, 4.54592099586292e-19, nan 
-33.375, 78.125, 5.078912486438077e-19, nan 
-33.125, 78.125, 7.517686726783131e-19, nan 
-32.875, 78.125, 1.0677831635957023e-18, nan 
-32.625, 78.125, 7.44880296021412e-19, nan 
-32.375, 78.125, 8.665393029838632e-19, nan 
-32.125, 78.125, 1.1465258647574865e-18, nan 
-31.875, 78.125, 1.24424475289618e-18, nan 
-31.625, 78.125, 1.80058841830524e-18, nan 
-31.375, 78.125, 1.7141770354046536e-18, nan 
-31.125, 78.125, 1.4290231395426773e-18, nan 
-30.875, 78.125, 1.6954898565836707e-18, nan 
-30.625, 78.125, 1.8710572771547225e-18, nan 
-30.375, 78.125, 1.805004631125496e-18, nan 
-30.125, 78.125, 2.0994836764099492e-18, nan 
-29.875, 78.125, 6.0563565116976224e-18, nan 
-29.625, 78.125, 5.15880903490298e-18, nan 
-29.375, 78.125, 8.092539586425651e-18, nan 
-29.125, 78.125, 1.0262748403579005e-17, nan 
-28.875, 78.125, 1.2077585633640483e-17, nan 
-28.625, 78.125, 1.2738431906621451e-17, nan 
-28.375, 78.125, 1.4939679271107122e-17, nan 
-28.125, 78.125, 1.8397782665124074e-17, nan 
-27.875, 78.125, 1.9292364498129648e-17, nan 
-27.625, 78.125, 1.9311529250964856e-17, nan 
-27.375, 78.125, 1.3770368079294022e-17, nan 
-27.125, 78.125, 9.940651050479122e-18, nan 
-26.875, 78.125, 1.1683478024554559e-17, nan 
-26.625, 78.125, 6.750957413947587e-18, nan 
-26.375, 78.125, 9.467472506742433e-18, nan 
-26.125, 78.125, 5.8513025276693496e-18, nan 
-25.875, 78.125, 7.640765453506528e-18, nan 
-25.625, 78.125, 4.885196285599387e-18, nan 
-25.375, 78.125, 2.2893373527027428e-18, nan 
-25.125, 78.125, 3.447802572600275e-18, nan 
-24.875, 78.125, 1.7309494879471657e-18, nan 
-24.625, 78.125, 1.9365666323883473e-18, nan 
-24.375, 78.125, 1.8823273682019953e-18, nan 
-24.125, 78.125, 3.2429018078423097e-18, nan 
-23.875, 78.125, 2.5422437636855947e-18, nan 
-23.625, 78.125, 3.466476355950333e-18, nan 
-23.375, 78.125, 1.2028046015080376e-18, nan 
-23.125, 78.125, 1.5048957177271427e-18, nan 
-22.875, 78.125, 4.178941259218418e-18, nan 
-22.625, 78.125, 7.930680756937852e-18, nan 
-22.375, 78.125, 8.342532974276689e-18, nan 
-22.125, 78.125, 3.776979533046032e-18, nan 
-21.875, 78.125, 4.618792285521428e-18, nan 
-21.625, 78.125, 4.987664249674935e-18, nan 
-21.375, 78.125, 6.499728699217911e-18, nan 
-21.125, 78.125, 5.013779900965656e-18, nan 
-20.875, 78.125, 2.0722924083999295e-18, nan 
-20.625, 78.125, 1.5645740626323672e-18, nan 
-20.375, 78.125, 1.7284482176959095e-18, nan 
-20.125, 78.125, 1.2782820183178199e-18, nan 
-19.875, 78.125, 1.3054498366142815e-18, nan 
-19.625, 78.125, 1.495445389581695e-18, nan 
-19.375, 78.125, 7.122308903369871e-19, nan 
-19.125, 78.125, 1.2117204997539985e-18, nan 
-18.875, 78.125, 1.4558821411593547e-18, nan 
-18.625, 78.125, 1.514027828092106e-18, nan 
-18.375, 78.125, 1.4617142630556078e-18, nan 
-18.125, 78.125, 1.4818254055049799e-18, nan 
-17.875, 78.125, 1.8950332465697064e-18, nan 
-17.625, 78.125, 1.9438109271543446e-18, nan 
-17.375, 78.125, 1.7521062437391447e-18, nan 
-17.125, 78.125, 1.2972329946205597e-18, nan 
-16.875, 78.125, 1.4586935761555674e-18, nan 
-16.625, 78.125, 1.4053434207509124e-18, nan 
-16.375, 78.125, 1.3256286702122487e-18, nan 
-16.125, 78.125, 1.1296458984575635e-18, nan 
-15.875, 78.125, 6.429046795655008e-19, nan 
-15.625, 78.125, 5.326930020247228e-19, nan 
-15.375, 78.125, 4.447153225861553e-19, nan 
-15.125, 78.125, 1.0578394446788222e-19, nan 
-14.875, 78.125, 2.1315884232263502e-19, nan 
-14.625, 78.125, 3.5067207112702413e-19, nan 
-14.375, 78.125, 2.4741464429159215e-19, nan 
-14.125, 78.125, 3.351691036097351e-19, nan 
-13.875, 78.125, 2.993430616036355e-19, nan 
-13.625, 78.125, 4.052036332041393e-19, nan 
-13.375, 78.125, 4.904059192241518e-19, nan 
-13.125, 78.125, 6.330821332794834e-19, nan 
-12.875, 78.125, 5.505227498568308e-19, nan 
-12.625, 78.125, 4.489308471449251e-19, nan 
-12.375, 78.125, 3.7671399782927347e-19, nan 
-12.125, 78.125, 3.1108197534929214e-19, nan 
-11.875, 78.125, 3.4253177779537442e-19, nan 
-11.625, 78.125, 2.89673248560639e-19, nan 
-11.375, 78.125, 1.8687673265054126e-19, nan 
-11.125, 78.125, 2.0019914343177378e-19, nan 
-10.875, 78.125, 2.4976283149785846e-19, nan 
-10.625, 78.125, 3.339907782710908e-19, nan 
-10.375, 78.125, 2.984746767701001e-19, nan 
-10.125, 78.125, 1.7693814281785386e-19, nan 
-9.875, 78.125, 8.144066742075897e-20, nan 
-9.625, 78.125, 8.801719437616606e-20, nan 
-9.375, 78.125, 8.706414963608073e-20, nan 
-9.125, 78.125, 6.230224753116746e-20, nan 
-8.875, 78.125, 8.316183894140021e-20, nan 
-8.625, 78.125, 1.0038790997808624e-19, nan 
-8.375, 78.125, 9.373686047156794e-20, nan 
-8.125, 78.125, 1.228063136343863e-19, nan 
-7.875, 78.125, 1.1165879053429887e-19, nan 
-7.625, 78.125, 1.5199681968112953e-19, nan 
-7.375, 78.125, 1.3683298237067702e-19, nan 
-7.125, 78.125, 2.260057349827598e-19, nan 
-6.875, 78.125, 1.6625833138783252e-19, nan 
-6.625, 78.125, 1.8713383201977308e-19, nan 
-6.375, 78.125, 1.9013170587907862e-19, nan 
-6.125, 78.125, 2.0059404242883827e-19, nan 
-5.875, 78.125, 1.4928298355574233e-19, nan 
-5.625, 78.125, 1.5994294595055855e-19, nan 
-5.375, 78.125, 1.1360431650165906e-19, nan 
-5.125, 78.125, 1.232957258609155e-19, nan 
-4.875, 78.125, 9.15303144687486e-20, nan 
-4.625, 78.125, 7.960443672315513e-20, nan 
-4.375, 78.125, 5.3992116915303935e-20, nan 
-4.125, 78.125, 3.611450958568756e-20, nan 
-3.875, 78.125, 6.334871572295533e-20, nan 
-3.625, 78.125, 2.6346779078663506e-20, nan 
-3.375, 78.125, 1.7548974470689398e-20, nan 
-3.125, 78.125, 1.0757498650627925e-20, nan 
-2.875, 78.125, 6.7691115435280024e-21, nan 
-2.625, 78.125, 1.4981112104943913e-20, nan 
-2.375, 78.125, 2.1245596041774066e-20, nan 
-2.125, 78.125, 1.7390785261629363e-20, nan 
-1.875, 78.125, 1.5688738675350963e-20, nan 
-1.625, 78.125, 1.2806459310006126e-20, nan 
-1.375, 78.125, 2.1746676340514126e-20, nan 
-1.125, 78.125, 2.2638113402013605e-20, nan 
-0.875, 78.125, 2.200285413872019e-20, nan 
-0.625, 78.125, 1.6769162850742127e-20, nan 
-0.375, 78.125, 1.4331961304867612e-20, nan 
-0.125, 78.125, 1.5159231369979293e-20, nan 
0.125, 78.125, 2.1807322353458493e-20, nan 
0.375, 78.125, 2.536332000244613e-20, nan 
0.625, 78.125, 2.0198003234740784e-20, nan 
0.875, 78.125, 2.3871874036691253e-20, nan 
1.125, 78.125, 2.8781759321213553e-20, nan 
1.375, 78.125, 3.459406370693215e-20, nan 
1.625, 78.125, 3.5582822510267366e-20, nan 
1.875, 78.125, 2.9992231900643035e-20, nan 
2.125, 78.125, 2.86720963788796e-20, nan 
2.375, 78.125, 2.5866056858663788e-20, nan 
2.625, 78.125, 3.430186599785083e-20, nan 
2.875, 78.125, 2.776150967050863e-20, nan 
3.125, 78.125, 2.980345699868961e-20, nan 
3.375, 78.125, 2.685198200761784e-20, nan 
3.625, 78.125, 2.449932268729453e-20, nan 
3.875, 78.125, 9.47261121779888e-21, nan 
4.125, 78.125, 1.3705935063557233e-20, nan 
4.375, 78.125, 2.3969219419860385e-20, nan 
4.625, 78.125, 2.929606536848897e-20, nan 
4.875, 78.125, 2.34619804210139e-20, nan 
5.125, 78.125, 2.4003882388597586e-20, nan 
5.375, 78.125, 2.214945594534556e-20, nan 
5.625, 78.125, 2.2909164058071258e-20, nan 
5.875, 78.125, 2.693691871487038e-20, nan 
6.125, 78.125, 2.3325460580421043e-20, nan 
6.375, 78.125, 2.5083021813190408e-20, nan 
6.625, 78.125, 1.8811615976173698e-20, nan 
6.875, 78.125, 1.2000017920234654e-20, nan 
7.125, 78.125, 1.159340248135881e-20, nan 
7.375, 78.125, 1.5721892240104625e-20, nan 
7.625, 78.125, 2.041353066547025e-20, nan 
7.875, 78.125, 1.8885944730138837e-20, nan 
8.125, 78.125, 1.9545201605999853e-20, nan 
8.375, 78.125, 2.239174763198764e-20, nan 
8.625, 78.125, 1.5948074270586685e-20, nan 
8.875, 78.125, 1.888674967738998e-20, nan 
9.125, 78.125, 1.4463367621310104e-20, nan 
9.375, 78.125, 1.765225844191661e-20, nan 
9.625, 78.125, 2.5175599566556707e-20, nan 
9.875, 78.125, 1.9160090551987546e-20, nan 
10.125, 78.125, 1.2083986402245428e-20, nan 
10.375, 78.125, 9.51054335258807e-21, nan 
10.625, 78.125, 6.483898398714465e-21, nan 
10.875, 78.125, 5.8495859970362986e-21, nan 
11.125, 78.125, 5.325524107573545e-21, nan 
11.375, 78.125, 7.794577318110856e-21, nan 
11.625, 78.125, 6.297239453728323e-21, nan 
11.875, 78.125, 5.7756532246935825e-21, nan 
12.125, 78.125, 6.7762403524157806e-21, nan 
12.375, 78.125, 5.0362457811122905e-21, nan 
12.625, 78.125, 6.916459728871414e-21, nan 
12.875, 78.125, 5.3519777752584956e-21, nan 
13.125, 78.125, 6.88007951181954e-21, nan 
13.375, 78.125, 6.926024970515814e-21, nan 
13.625, 78.125, 7.004659544924745e-21, nan 
13.875, 78.125, 5.913718412043575e-21, nan 
14.125, 78.125, 5.539603849659976e-21, nan 
14.375, 78.125, 4.906382058513668e-21, nan 
14.625, 78.125, 5.264239515204262e-21, nan 
14.875, 78.125, 4.387971002881154e-21, nan 
15.125, 78.125, 3.893378123561438e-21, nan 
15.375, 78.125, 3.556705179980632e-21, nan 
15.625, 78.125, 1.4693087329446838e-21, nan 
15.875, 78.125, 2.3830946621445004e-21, nan 
16.125, 78.125, 2.335768204742218e-21, nan 
16.375, 78.125, 1.840299822645957e-21, nan 
16.625, 78.125, 1.8136197618660707e-21, nan 
16.875, 78.125, 1.4084430034146798e-21, nan 
17.125, 78.125, 1.4129757662198763e-21, nan 
17.375, 78.125, 1.3346888992437127e-21, nan 
17.625, 78.125, 1.0251959128998535e-21, nan 
17.875, 78.125, 7.380761370818696e-22, nan 
18.125, 78.125, 1.6917261564125143e-21, nan 
18.375, 78.125, 7.895670975070315e-22, nan 
18.625, 78.125, 4.690416601021122e-22, nan 
18.875, 78.125, 1.3195828848800096e-21, nan 
19.125, 78.125, 7.354339528398824e-22, nan 
19.375, 78.125, 9.236417791751092e-22, nan 
19.625, 78.125, 4.319870005228659e-22, nan 
19.875, 78.125, 6.39860429087897e-22, nan 
20.125, 78.125, 7.080153306884366e-22, nan 
20.375, 78.125, 7.42979156368726e-22, nan 
20.625, 78.125, 9.819043383033613e-22, nan 
20.875, 78.125, 5.826123372870007e-22, nan 
21.125, 78.125, 5.220820959356877e-22, nan 
21.375, 78.125, 5.3558918337854395e-22, nan 
21.625, 78.125, 6.427819397277791e-22, nan 
21.875, 78.125, 8.531172071501742e-22, nan 
22.125, 78.125, 5.3670978507796e-22, nan 
22.375, 78.125, 4.779798825661607e-22, nan 
22.625, 78.125, 3.582545864680661e-22, nan 
22.875, 78.125, 2.16813345255771e-22, nan 
23.125, 78.125, 2.794812247897569e-22, nan 
23.375, 78.125, 2.7635392333867354e-22, nan 
23.625, 78.125, 3.07949307929135e-22, nan 
23.875, 78.125, 3.0158788417087944e-22, nan 
24.125, 78.125, 1.3217513096798893e-22, nan 
24.375, 78.125, 1.6688969084588375e-22, nan 
24.625, 78.125, 1.1797639931203237e-22, nan 
24.875, 78.125, 1.7182417890648799e-22, nan 
25.125, 78.125, 1.2439374635494203e-22, nan 
25.375, 78.125, 1.3730733961873472e-22, nan 
25.625, 78.125, 1.7431196209423042e-22, nan 
25.875, 78.125, 2.5002622067286608e-22, nan 
26.125, 78.125, 2.906129000427679e-22, nan 
26.375, 78.125, 1.5220980057504557e-22, nan 
26.625, 78.125, 4.7241439236574873e-23, nan 
26.875, 78.125, 9.362898356564287e-23, nan 
27.125, 78.125, 1.7878339002241465e-22, nan 
27.375, 78.125, 1.8624076939964954e-22, nan 
27.625, 78.125, 1.1707118124050638e-22, nan 
27.875, 78.125, 8.149939054426985e-23, nan 
28.125, 78.125, 6.140244198980198e-23, nan 
28.375, 78.125, 9.238841623429206e-23, nan 
28.625, 78.125, 7.307157598140327e-23, nan 
28.875, 78.125, 8.256187827976877e-23, nan 
29.125, 78.125, 5.785381781657075e-23, nan 
29.375, 78.125, 9.30188540681432e-23, nan 
29.625, 78.125, 1.5452287177541085e-22, nan 
29.875, 78.125, 1.5436375933935401e-22, nan 
30.125, 78.125, 1.5451312620175873e-22, nan 
30.375, 78.125, 5.1486660212048444e-23, nan 
30.625, 78.125, 1.18719271956281e-22, nan 
30.875, 78.125, 1.1312110098995741e-22, nan 
31.125, 78.125, 1.0745718447197103e-22, nan 
31.375, 78.125, 1.1779933700335664e-22, nan 
31.625, 78.125, 7.342445852592926e-23, nan 
31.875, 78.125, 9.375537147504999e-23, nan 
32.125, 78.125, 1.0983070088708598e-22, nan 
32.375, 78.125, 1.0919297684654294e-22, nan 
32.625, 78.125, 1.6469019430447377e-22, nan 
32.875, 78.125, 2.6028562349741846e-22, nan 
33.125, 78.125, 1.9937150261712447e-22, nan 
33.375, 78.125, 2.2889536107418405e-22, nan 
33.625, 78.125, 2.3854961453516087e-22, nan 
33.875, 78.125, 2.061158029009003e-22, nan 
34.125, 78.125, 2.0949816611387572e-22, nan 
34.375, 78.125, 2.100143478881229e-22, nan 
34.625, 78.125, 2.09576315411283e-22, nan 
34.875, 78.125, 1.6609672782058105e-22, nan 
35.125, 78.125, 1.1490836364632122e-22, nan 
35.375, 78.125, 7.569496126571025e-23, nan 
35.625, 78.125, 1.462798037868655e-22, nan 
35.875, 78.125, 1.7057327427953228e-22, nan 
36.125, 78.125, 1.2611942001562246e-22, nan 
36.375, 78.125, 1.2530360744652916e-22, nan 
36.625, 78.125, 9.290348671525659e-23, nan 
36.875, 78.125, 9.676865501227587e-23, nan 
37.125, 78.125, 1.2863245269062436e-22, nan 
37.375, 78.125, 1.308045568017088e-22, nan 
37.625, 78.125, 1.6097625362661293e-22, nan 
37.875, 78.125, 1.5434794298915877e-22, nan 
38.125, 78.125, 2.2781986801807574e-22, nan 
38.375, 78.125, 4.038968073508437e-22, nan 
38.625, 78.125, 2.6130252190825863e-22, nan 
38.875, 78.125, 2.2354430485513813e-22, nan 
39.125, 78.125, 2.0378633147419306e-22, nan 
39.375, 78.125, 2.8912722627476453e-22, nan 
39.625, 78.125, 5.302816030873512e-22, nan 
39.875, 78.125, 3.7604947020428885e-22, nan 
40.125, 78.125, 3.047306385749087e-22, nan 
40.375, 78.125, 2.7910764892221343e-22, nan 
40.625, 78.125, 2.6042697058550224e-22, nan 
40.875, 78.125, 1.996837943950323e-22, nan 
41.125, 78.125, 1.3379971523538583e-22, nan 
41.375, 78.125, 1.3230734036968099e-22, nan 
41.625, 78.125, 1.2679048028411203e-22, nan 
41.875, 78.125, 1.5752143122036597e-22, nan 
42.125, 78.125, 8.003260164361954e-23, nan 
42.375, 78.125, 7.010480562797081e-23, nan 
42.625, 78.125, 7.724539402364784e-23, nan 
42.875, 78.125, 7.666563932159341e-23, nan 
43.125, 78.125, 1.0191940978322493e-22, nan 
43.375, 78.125, 6.611652996717703e-23, nan 
43.625, 78.125, 4.990350410389255e-23, nan 
43.875, 78.125, 8.106371780717655e-23, nan 
44.125, 78.125, 7.459311130900379e-23, nan 
44.375, 78.125, 5.95024962932542e-23, nan 
44.625, 78.125, 3.538107184834806e-23, nan 
44.875, 78.125, 3.9319840855901837e-23, nan 
45.125, 78.125, 7.385822986851365e-23, nan 
45.375, 78.125, 6.873385666124443e-23, nan 
45.625, 78.125, 8.970359116206009e-23, nan 
45.875, 78.125, 5.986088512875544e-23, nan 
46.125, 78.125, 7.18440326694011e-23, nan 
46.375, 78.125, 3.7610643725132543e-23, nan 
46.625, 78.125, 3.2544749885894405e-23, nan 
46.875, 78.125, 6.61569162277225e-23, nan 
47.125, 78.125, 6.502916269522473e-23, nan 
47.375, 78.125, 6.671177257110161e-23, nan 
47.625, 78.125, 3.176009372260924e-23, nan 
47.875, 78.125, 2.0954158914273078e-23, nan 
48.125, 78.125, 1.4660350783641416e-23, nan 
48.375, 78.125, 1.938979100466431e-23, nan 
48.625, 78.125, 2.6314782614318755e-23, nan 
48.875, 78.125, 1.0792376077239072e-23, nan 
49.125, 78.125, 8.971482215415465e-24, nan 
49.375, 78.125, 2.678622588720997e-23, nan 
49.625, 78.125, 5.1321029908271584e-23, nan 
49.875, 78.125, 5.785373391034018e-23, nan 
50.125, 78.125, 4.7213199198899125e-23, nan 
50.375, 78.125, 6.609826153484594e-23, nan 
50.625, 78.125, 5.2378761039968096e-23, nan 
50.875, 78.125, 7.008710698107499e-23, nan 
51.125, 78.125, 6.262826888405816e-23, nan 
51.375, 78.125, 4.3729562748676714e-23, nan 
51.625, 78.125, 9.709653534051443e-23, nan 
51.875, 78.125, 6.251008076107421e-23, nan 
52.125, 78.125, 4.6271975947516086e-23, nan 
52.375, 78.125, 4.9043720567754667e-23, nan 
52.625, 78.125, 3.0394452956687186e-23, nan 
52.875, 78.125, 1.5901015966810659e-22, nan 
53.125, 78.125, 9.746798508954385e-23, nan 
53.375, 78.125, 8.193881019122005e-23, nan 
53.625, 78.125, 5.639116162630091e-23, nan 
53.875, 78.125, 4.408488171374722e-23, nan 
54.125, 78.125, 8.298406785288461e-23, nan 
54.375, 78.125, 4.8615952177501245e-23, nan 
54.625, 78.125, 4.561753855882715e-23, nan 
54.875, 78.125, 4.637097685381227e-23, nan 
55.125, 78.125, 3.872428275138062e-23, nan 
55.375, 78.125, 3.8647763529254096e-23, nan 
55.625, 78.125, 5.2007529044855666e-23, nan 
55.875, 78.125, 4.544053594892035e-23, nan 
56.125, 78.125, 3.4173604520973905e-23, nan 
56.375, 78.125, 4.5100905937934553e-23, nan 
56.625, 78.125, 4.8763327117898476e-23, nan 
56.875, 78.125, 6.834700136277725e-23, nan 
57.125, 78.125, 6.398853481418906e-23, nan 
57.375, 78.125, 3.881236601402908e-23, nan 
57.625, 78.125, 4.920468098721384e-23, nan 
57.875, 78.125, 5.596306117166197e-23, nan 
58.125, 78.125, 3.982419321147734e-23, nan 
58.375, 78.125, 2.813939962008309e-23, nan 
58.625, 78.125, 6.243216322054449e-23, nan 
58.875, 78.125, 7.48350517889895e-23, nan 
59.125, 78.125, 7.14288068060617e-23, nan 
59.375, 78.125, 6.278577482994342e-23, nan 
59.625, 78.125, 3.204831612704582e-23, nan 
59.875, 78.125, 3.2550645502270013e-23, nan 
60.125, 78.125, 3.77447953984151e-23, nan 
60.375, 78.125, 5.076707331834861e-23, nan 
60.625, 78.125, 4.53069355183492e-23, nan 
60.875, 78.125, 2.9116842867806954e-23, nan 
61.125, 78.125, 2.1572615594650266e-23, nan 
61.375, 78.125, 2.607118593303662e-23, nan 
61.625, 78.125, 4.044351837932471e-23, nan 
61.875, 78.125, 3.88852755587278e-23, nan 
62.125, 78.125, 4.4940841098094754e-23, nan 
62.375, 78.125, 4.2520650551890013e-23, nan 
62.625, 78.125, 5.768943709367679e-23, nan 
62.875, 78.125, 4.3673407558737555e-23, nan 
63.125, 78.125, 4.8035841470520797e-23, nan 
63.375, 78.125, 4.163689980084237e-23, nan 
63.625, 78.125, 4.885114249499662e-23, nan 
63.875, 78.125, 4.9582785646436694e-23, nan 
64.125, 78.125, 4.047795174640149e-23, nan 
64.375, 78.125, 4.8822694148763316e-23, nan 
64.625, 78.125, 3.648134079510733e-23, nan 
64.875, 78.125, 3.7567237251877414e-23, nan 
65.125, 78.125, 2.912882044262968e-23, nan 
65.375, 78.125, 3.2393575317312753e-23, nan 
65.625, 78.125, 2.91899421739466e-23, nan 
65.875, 78.125, 3.225721531648584e-23, nan 
66.125, 78.125, 3.0422578215651273e-23, nan 
66.375, 78.125, 5.2373296583355697e-23, nan 
66.625, 78.125, 6.428431919586454e-23, nan 
66.875, 78.125, 5.0733105561583975e-23, nan 
67.125, 78.125, 5.782372389780497e-23, nan 
67.375, 78.125, 4.4800022905210826e-23, nan 
67.625, 78.125, 3.5025000074659556e-23, nan 
67.875, 78.125, 3.2344821590319046e-23, nan 
68.125, 78.125, 2.4780538295214884e-23, nan 
68.375, 78.125, 3.117980024519437e-23, nan 
68.625, 78.125, 2.5318707704073267e-23, nan 
68.875, 78.125, 2.2817390554396852e-23, nan 
69.125, 78.125, 1.6162579890751625e-23, nan 
69.375, 78.125, 8.25120774614926e-24, nan 
69.625, 78.125, 8.161896232473415e-24, nan 
69.875, 78.125, 7.451635975490704e-24, nan 
70.125, 78.125, 6.3843061474012876e-24, nan 
70.375, 78.125, 2.0311095848798746e-24, nan 
70.625, 78.125, 9.280915215240092e-24, nan 
70.875, 78.125, 2.6779397176714174e-23, nan 
71.125, 78.125, 3.0147642987243776e-23, nan 
71.375, 78.125, 1.7431797377888304e-23, nan 
71.625, 78.125, 8.549611153752322e-24, nan 
71.875, 78.125, 7.766339580968304e-24, nan 
72.125, 78.125, 3.221898296520798e-24, nan 
72.375, 78.125, 5.239552956321521e-24, nan 
72.625, 78.125, 8.356574074896379e-24, nan 
72.875, 78.125, 1.2385112712566661e-23, nan 
73.125, 78.125, 9.900429855114928e-24, nan 
73.375, 78.125, 4.6901395261785094e-24, nan 
73.625, 78.125, 5.424713332517596e-24, nan 
73.875, 78.125, 8.31474816489606e-24, nan 
74.125, 78.125, 1.0941946223470187e-23, nan 
74.375, 78.125, 1.283669205206688e-23, nan 
74.625, 78.125, 1.072590470100261e-23, nan 
74.875, 78.125, 9.607152703419498e-24, nan 
75.125, 78.125, 1.6129387696721127e-23, nan 
75.375, 78.125, 7.2614489144435e-24, nan 
75.625, 78.125, 1.5648459824667475e-23, nan 
75.875, 78.125, 1.6009870835835652e-23, nan 
76.125, 78.125, 8.60548423681498e-24, nan 
76.375, 78.125, 8.888047640608213e-24, nan 
76.625, 78.125, 7.489644577519967e-24, nan 
76.875, 78.125, 1.1539050438756365e-23, nan 
77.125, 78.125, 1.101123259778289e-23, nan 
77.375, 78.125, 1.0613148637519282e-23, nan 
77.625, 78.125, 8.50255176029846e-24, nan 
77.875, 78.125, 1.3690893505353188e-23, nan 
78.125, 78.125, 1.1535080396162709e-23, nan 
78.375, 78.125, 1.0234298639028508e-23, nan 
78.625, 78.125, 1.2227199925775277e-23, nan 
78.875, 78.125, 8.925078028476887e-24, nan 
79.125, 78.125, 8.084182922709229e-24, nan 
79.375, 78.125, 8.996511592262772e-24, nan 
79.625, 78.125, 8.4842705122569e-24, nan 
79.875, 78.125, 1.2455635769496157e-23, nan 
80.125, 78.125, 1.186836444805314e-23, nan 
80.375, 78.125, 7.487076142298429e-24, nan 
80.625, 78.125, 6.348807496019578e-24, nan 
80.875, 78.125, 8.351895815397407e-24, nan 
81.125, 78.125, 8.95033170020469e-24, nan 
81.375, 78.125, 1.036807209430813e-23, nan 
81.625, 78.125, 1.0620418103910553e-23, nan 
81.875, 78.125, 1.48868430137328e-23, nan 
82.125, 78.125, 1.2082725864514653e-23, nan 
82.375, 78.125, 1.2499980284149714e-23, nan 
82.625, 78.125, 1.581539712179773e-23, nan 
82.875, 78.125, 1.1039594390402779e-23, nan 
83.125, 78.125, 1.0918330672027323e-23, nan 
83.375, 78.125, 1.1762124592872884e-23, nan 
83.625, 78.125, 8.029532275282913e-24, nan 
83.875, 78.125, 1.1691110246924517e-23, nan 
84.125, 78.125, 6.618186891802193e-24, nan 
84.375, 78.125, 4.217852915112332e-24, nan 
84.625, 78.125, 6.830512733881475e-24, nan 
84.875, 78.125, 7.400354008086878e-24, nan 
85.125, 78.125, 1.0144947556968256e-23, nan 
85.375, 78.125, 8.924499584621817e-24, nan 
85.625, 78.125, 7.099983172876249e-24, nan 
85.875, 78.125, 6.111439805188182e-24, nan 
86.125, 78.125, 6.5780532554813706e-24, nan 
86.375, 78.125, 5.887391891306493e-24, nan 
86.625, 78.125, 5.117584231452041e-24, nan 
86.875, 78.125, 4.2976252399244305e-24, nan 
87.125, 78.125, 4.9650713457290924e-24, nan 
87.375, 78.125, 5.0573756597168584e-24, nan 
87.625, 78.125, 3.785459343034493e-24, nan 
87.875, 78.125, 6.164796602772336e-24, nan 
88.125, 78.125, 7.655545126151716e-24, nan 
88.375, 78.125, 5.416941953816492e-24, nan 
88.625, 78.125, 4.353585262757574e-24, nan 
88.875, 78.125, 3.341193220030486e-24, nan 
89.125, 78.125, 3.429730610278533e-24, nan 
89.375, 78.125, 3.718492420828967e-24, nan 
89.625, 78.125, 3.83995089167739e-24, nan 
89.875, 78.125, 2.559637763745114e-24, nan 
90.125, 78.125, 3.2520925589866615e-24, nan 
90.375, 78.125, 4.670299775934078e-24, nan 
90.625, 78.125, 2.522415351600053e-24, nan 
90.875, 78.125, 2.6877575846126017e-24, nan 
91.125, 78.125, 3.583442637857507e-24, nan 
91.375, 78.125, 3.699962530458772e-24, nan 
91.625, 78.125, 3.3597322236903384e-24, nan 
91.875, 78.125, 5.5095499008772955e-24, nan 
92.125, 78.125, 8.611056359037972e-24, nan 
92.375, 78.125, 1.0634526459350546e-23, nan 
92.625, 78.125, 1.1706042884309166e-23, nan 
92.875, 78.125, 1.1107739102627369e-23, nan 
93.125, 78.125, 1.1485302198055561e-23, nan 
93.375, 78.125, 1.19160468089718e-23, nan 
93.625, 78.125, 1.0250378752392143e-23, nan 
93.875, 78.125, 1.0408909525451429e-23, nan 
94.125, 78.125, 9.478332974851981e-24, nan 
94.375, 78.125, 1.0082722858740165e-23, nan 
94.625, 78.125, 4.066505900574745e-24, nan 
94.875, 78.125, 4.1350120010918025e-24, nan 
95.125, 78.125, 4.8437061151802294e-24, nan 
95.375, 78.125, 5.0938635073125804e-24, nan 
95.625, 78.125, 5.542490521996852e-24, nan 
95.875, 78.125, 3.263773254207025e-24, nan 
96.125, 78.125, 3.847258505363909e-24, nan 
96.375, 78.125, 3.102037234241978e-24, nan 
96.625, 78.125, 4.022563350282086e-24, nan 
96.875, 78.125, 7.202868097864431e-24, nan 
97.125, 78.125, 1.0939010660463031e-23, nan 
97.375, 78.125, 1.5893367008236225e-23, nan 
97.625, 78.125, 1.4843234136662212e-23, nan 
97.875, 78.125, 9.64854138555637e-24, nan 
98.125, 78.125, 7.623941250254988e-24, nan 
98.375, 78.125, 9.706502264399773e-24, nan 
98.625, 78.125, 1.4034980759918257e-23, nan 
98.875, 78.125, 1.3838750315375627e-23, nan 
99.125, 78.125, 8.387826794180035e-24, nan 
99.375, 78.125, 5.860032819052771e-24, nan 
99.625, 78.125, 3.523497922643031e-24, nan 
99.875, 78.125, 4.402290294040078e-24, nan 
100.125, 78.125, 4.558615919753597e-24, nan 
100.375, 78.125, 3.3744408241657486e-24, nan 
100.625, 78.125, 5.4370099612923224e-24, nan 
100.875, 78.125, 4.258293717113684e-24, nan 
101.125, 78.125, 4.561691940573536e-24, nan 
101.375, 78.125, 3.719808001889451e-24, nan 
101.625, 78.125, 5.951426644007742e-24, nan 
101.875, 78.125, 8.241681978959498e-24, nan 
102.125, 78.125, 4.4357833192198704e-24, nan 
102.375, 78.125, 2.735643727262931e-24, nan 
102.625, 78.125, 1.7447952895091672e-24, nan 
102.875, 78.125, 1.6380904188398976e-24, nan 
103.125, 78.125, 3.405963657489938e-24, nan 
103.375, 78.125, 2.8298236306569746e-24, nan 
103.625, 78.125, 2.6761055689473366e-24, nan 
103.875, 78.125, 2.582094834736754e-24, nan 
104.125, 78.125, 1.0759148264535332e-24, nan 
104.375, 78.125, 1.4337478773453105e-24, nan 
104.625, 78.125, 2.9749199094607923e-24, nan 
104.875, 78.125, 2.8848793932735596e-24, nan 
105.125, 78.125, 4.434815720398026e-24, nan 
105.375, 78.125, 2.51106922726559e-24, nan 
105.625, 78.125, 4.6553377664116964e-24, nan 
105.875, 78.125, 5.64416172297051e-24, nan 
106.125, 78.125, 5.5553592102208186e-24, nan 
106.375, 78.125, 8.12297711772454e-24, nan 
106.625, 78.125, 6.650304284878506e-24, nan 
106.875, 78.125, 8.208625804768328e-24, nan 
107.125, 78.125, 7.865266234508381e-24, nan 
107.375, 78.125, 6.300025430835257e-24, nan 
107.625, 78.125, 4.555205073303956e-24, nan 
107.875, 78.125, 3.7479236876533786e-24, nan 
108.125, 78.125, 8.163712039948784e-24, nan 
108.375, 78.125, 8.840114759066108e-24, nan 
108.625, 78.125, 6.096130286139853e-24, nan 
108.875, 78.125, 5.036037695415144e-24, nan 
109.125, 78.125, 4.538805224909595e-24, nan 
109.375, 78.125, 6.264922392089393e-24, nan 
109.625, 78.125, 6.2922177596691225e-24, nan 
109.875, 78.125, 4.859537095476281e-24, nan 
110.125, 78.125, 1.0493402394212375e-23, nan 
110.375, 78.125, 1.4076008609442522e-23, nan 
110.625, 78.125, 1.2663307386583375e-23, nan 
110.875, 78.125, 8.50590691492418e-24, nan 
111.125, 78.125, 4.085508338077661e-24, nan 
111.375, 78.125, 1.5105228230648512e-23, nan 
111.625, 78.125, 1.9260261336534205e-23, nan 
111.875, 78.125, 1.6502330602810247e-23, nan 
112.125, 78.125, 1.0683517499288387e-23, nan 
112.375, 78.125, 6.070007094434772e-24, nan 
112.625, 78.125, 1.0849235584841536e-23, nan 
112.875, 78.125, 1.2141862901835405e-23, nan 
113.125, 78.125, 9.616795070412072e-24, nan 
113.375, 78.125, 7.244779708969317e-24, nan 
113.625, 78.125, 8.515070448150073e-24, nan 
113.875, 78.125, 7.149746119380229e-24, nan 
114.125, 78.125, 4.006017372089275e-24, nan 
114.375, 78.125, 4.761282521194303e-24, nan 
114.625, 78.125, 5.391653900140233e-24, nan 
114.875, 78.125, 1.408284853896447e-23, nan 
115.125, 78.125, 1.2852905287309915e-23, nan 
115.375, 78.125, 4.0551638401089755e-24, nan 
115.625, 78.125, 4.668294715973304e-24, nan 
115.875, 78.125, 5.695508175097488e-24, nan 
116.125, 78.125, 8.526467138363589e-24, nan 
116.375, 78.125, 9.260425692110031e-24, nan 
116.625, 78.125, 3.1045314886947324e-24, nan 
116.875, 78.125, 3.444442704388294e-24, nan 
117.125, 78.125, 6.188152875673651e-24, nan 
117.375, 78.125, 6.162657301609448e-24, nan 
117.625, 78.125, 7.925475471573158e-24, nan 
117.875, 78.125, 9.056346401360792e-24, nan 
118.125, 78.125, 8.49187148199074e-24, nan 
118.375, 78.125, 7.939048735621443e-24, nan 
118.625, 78.125, 1.2802730181719341e-23, nan 
118.875, 78.125, 1.2248142037546078e-23, nan 
119.125, 78.125, 1.3840943995458775e-23, nan 
119.375, 78.125, 1.2000369416338735e-23, nan 
119.625, 78.125, 9.723024810391493e-24, nan 
119.875, 78.125, 7.371627605106478e-24, nan 
120.125, 78.125, 4.434297196940253e-24, nan 
120.375, 78.125, 5.621475486481114e-24, nan 
120.625, 78.125, 5.622270964664197e-24, nan 
120.875, 78.125, 7.032335474453007e-24, nan 
121.125, 78.125, 6.137035086975999e-24, nan 
121.375, 78.125, 6.337083428960983e-24, nan 
121.625, 78.125, 4.325341374908187e-24, nan 
121.875, 78.125, 2.093481867881275e-24, nan 
122.125, 78.125, 1.925704118058194e-24, nan 
122.375, 78.125, 2.0647270697444345e-24, nan 
122.625, 78.125, 2.6367089918929042e-24, nan 
122.875, 78.125, 2.983961023923483e-24, nan 
123.125, 78.125, 3.347693499814671e-24, nan 
123.375, 78.125, 4.3037256116538244e-24, nan 
123.625, 78.125, 2.7168171191519045e-24, nan 
123.875, 78.125, 2.603537010051594e-24, nan 
124.125, 78.125, 2.4054770144757294e-24, nan 
124.375, 78.125, 2.6610932445414983e-24, nan 
124.625, 78.125, 3.4863933557598875e-24, nan 
124.875, 78.125, 2.5222192661120273e-24, nan 
125.125, 78.125, 2.4468546954462938e-24, nan 
125.375, 78.125, 2.6038629377938397e-24, nan 
125.625, 78.125, 3.446433291307781e-24, nan 
125.875, 78.125, 2.6106408523304376e-24, nan 
126.125, 78.125, 2.7754908100125654e-24, nan 
126.375, 78.125, 2.608672226727876e-24, nan 
126.625, 78.125, 3.016910557406365e-24, nan 
126.875, 78.125, 3.22103093116141e-24, nan 
127.125, 78.125, 3.550583325067605e-24, nan 
127.375, 78.125, 3.455299360158526e-24, nan 
127.625, 78.125, 3.1411187695853854e-24, nan 
127.875, 78.125, 2.7994111739833885e-24, nan 
128.125, 78.125, 2.7270843621410233e-24, nan 
128.375, 78.125, 3.748368686383785e-24, nan 
128.625, 78.125, 3.1923507952344972e-24, nan 
128.875, 78.125, 2.778720037610526e-24, nan 
129.125, 78.125, 1.891239076130536e-24, nan 
129.375, 78.125, 1.4881409963882399e-24, nan 
129.625, 78.125, 5.167646578030059e-25, nan 
129.875, 78.125, 7.98438973487088e-25, nan 
130.125, 78.125, 1.4804507604910712e-24, nan 
130.375, 78.125, 3.294651710566386e-24, nan 
130.625, 78.125, 3.9905353833235146e-24, nan 
130.875, 78.125, 4.33319034332806e-24, nan 
131.125, 78.125, 3.791512021128387e-24, nan 
131.375, 78.125, 2.6969506892314044e-24, nan 
131.625, 78.125, 2.80964903041409e-24, nan 
131.875, 78.125, 5.06627767507725e-24, nan 
132.125, 78.125, 3.065481011371006e-24, nan 
132.375, 78.125, 5.826997733449549e-24, nan 
132.625, 78.125, 6.2781489118929746e-24, nan 
132.875, 78.125, 6.062412749779148e-24, nan 
133.125, 78.125, 6.121236237687382e-24, nan 
133.375, 78.125, 6.751828453934119e-24, nan 
133.625, 78.125, 6.025729181030691e-24, nan 
133.875, 78.125, 7.728259302654018e-24, nan 
134.125, 78.125, 6.0569994470358096e-24, nan 
134.375, 78.125, 6.0067931740786235e-24, nan 
134.625, 78.125, 5.6130992722403605e-24, nan 
134.875, 78.125, 4.738769940454541e-24, nan 
135.125, 78.125, 5.389391327578261e-24, nan 
135.375, 78.125, 4.16255961560422e-24, nan 
135.625, 78.125, 4.291930643287281e-24, nan 
135.875, 78.125, 5.345719108341811e-24, nan 
136.125, 78.125, 4.9818494359892726e-24, nan 
136.375, 78.125, 4.839375254518653e-24, nan 
136.625, 78.125, 5.381028309808457e-24, nan 
136.875, 78.125, 4.7762740576107954e-24, nan 
137.125, 78.125, 5.093687233213692e-24, nan 
137.375, 78.125, 4.94515074982346e-24, nan 
137.625, 78.125, 4.553849477073756e-24, nan 
137.875, 78.125, 5.073814077409633e-24, nan 
138.125, 78.125, 4.333712378198439e-24, nan 
138.375, 78.125, 2.8555293589158935e-24, nan 
138.625, 78.125, 3.0949252277354744e-24, nan 
138.875, 78.125, 3.0423545480131596e-24, nan 
139.125, 78.125, 2.2368699559948374e-24, nan 
139.375, 78.125, 2.667976385951229e-24, nan 
139.625, 78.125, 2.1617994832297333e-24, nan 
139.875, 78.125, 1.9570633628354296e-24, nan 
140.125, 78.125, 2.232607659768265e-24, nan 
140.375, 78.125, 1.6207685393873014e-24, nan 
140.625, 78.125, 1.4683276184867911e-24, nan 
140.875, 78.125, 1.0873754423775812e-24, nan 
141.125, 78.125, 1.4559805644267559e-24, nan 
141.375, 78.125, 2.3334278523595e-24, nan 
141.625, 78.125, 2.136444086364629e-24, nan 
141.875, 78.125, 1.2519261084789175e-24, nan 
142.125, 78.125, 3.0174480921081273e-24, nan 
142.375, 78.125, 2.125125427591976e-24, nan 
142.625, 78.125, 1.5352791119191348e-24, nan 
142.875, 78.125, 1.8627188956560444e-24, nan 
143.125, 78.125, 2.2208896094886183e-24, nan 
143.375, 78.125, 2.0260880532453336e-24, nan 
143.625, 78.125, 1.996243122986815e-24, nan 
143.875, 78.125, 2.2047121774729285e-24, nan 
144.125, 78.125, 2.261903570118675e-24, nan 
144.375, 78.125, 2.134372423494166e-24, nan 
144.625, 78.125, 3.3810183795230205e-24, nan 
144.875, 78.125, 3.546119183250066e-24, nan 
145.125, 78.125, 4.125579050476518e-24, nan 
145.375, 78.125, 2.4274834869987873e-24, nan 
145.625, 78.125, 1.2458489832547914e-24, nan 
145.875, 78.125, 1.7869443501017746e-24, nan 
146.125, 78.125, 1.680921183963175e-24, nan 
146.375, 78.125, 1.3533701836154497e-24, nan 
146.625, 78.125, 5.144073052678681e-25, nan 
146.875, 78.125, 1.198741052545449e-24, nan 
147.125, 78.125, 8.60532465035726e-25, nan 
147.375, 78.125, 8.755739162395865e-25, nan 
147.625, 78.125, 1.206825088693948e-24, nan 
147.875, 78.125, 1.2374686315122708e-24, nan 
148.125, 78.125, 1.2425607936885081e-24, nan 
148.375, 78.125, 8.955405071862133e-25, nan 
148.625, 78.125, 1.2688739804392114e-24, nan 
148.875, 78.125, 1.1094026427645796e-24, nan 
149.125, 78.125, 2.3008813548708144e-24, nan 
149.375, 78.125, 2.1757468544411773e-24, nan 
149.625, 78.125, 1.8733873069498665e-24, nan 
149.875, 78.125, 1.4458124857163629e-24, nan 
150.125, 78.125, 1.4561515258817874e-24, nan 
150.375, 78.125, 2.16532897972065e-24, nan 
150.625, 78.125, 1.5084553971885062e-24, nan 
150.875, 78.125, 1.6369709172470511e-24, nan 
151.125, 78.125, 4.914983904632514e-25, nan 
151.375, 78.125, 7.025838578316387e-25, nan 
151.625, 78.125, 1.0584331873752491e-24, nan 
151.875, 78.125, 1.8857911986961836e-24, nan 
152.125, 78.125, 1.731095220459272e-24, nan 
152.375, 78.125, 1.061730634773952e-24, nan 
152.625, 78.125, 1.0460482906529728e-24, nan 
152.875, 78.125, 1.43310346183778e-24, nan 
153.125, 78.125, 2.9513697801735098e-24, nan 
153.375, 78.125, 1.7776639685442475e-24, nan 
153.625, 78.125, 1.8308333749397247e-24, nan 
153.875, 78.125, 2.0550296804124398e-24, nan 
154.125, 78.125, 2.072933290768569e-24, nan 
154.375, 78.125, 3.4291054133456836e-24, nan 
154.625, 78.125, 3.426070967208235e-24, nan 
154.875, 78.125, 3.4671412408122194e-24, nan 
155.125, 78.125, 4.017846570049879e-24, nan 
155.375, 78.125, 3.2436615312341202e-24, nan 
155.625, 78.125, 2.0720985442922107e-24, nan 
155.875, 78.125, 2.403213957972256e-24, nan 
156.125, 78.125, 1.6119482073895513e-24, nan 
156.375, 78.125, 2.202470128518763e-24, nan 
156.625, 78.125, 2.8060667075299723e-24, nan 
156.875, 78.125, 1.2370058078827444e-24, nan 
157.125, 78.125, 1.5874607654162703e-24, nan 
157.375, 78.125, 1.6638024362051198e-24, nan 
157.625, 78.125, 1.8026361591150822e-24, nan 
157.875, 78.125, 2.148223618324387e-24, nan 
158.125, 78.125, 9.112009742043565e-25, nan 
158.375, 78.125, 7.754371355658093e-25, nan 
158.625, 78.125, 1.680324351794095e-24, nan 
158.875, 78.125, 2.2453434164474912e-24, nan 
159.125, 78.125, 3.947094564689839e-24, nan 
159.375, 78.125, 2.5827725218328756e-24, nan 
159.625, 78.125, 2.537898438429292e-24, nan 
159.875, 78.125, 2.077334155814181e-24, nan 
160.125, 78.125, 2.5736453525056695e-24, nan 
160.375, 78.125, 2.7317380294574793e-24, nan 
160.625, 78.125, 2.3260588231572404e-24, nan 
160.875, 78.125, 2.4491779423600295e-24, nan 
161.125, 78.125, 2.15774240003261e-24, nan 
161.375, 78.125, 2.1235767596776102e-24, nan 
161.625, 78.125, 2.0414772415244766e-24, nan 
161.875, 78.125, 1.805015228875756e-24, nan 
162.125, 78.125, 7.538331634617719e-25, nan 
162.375, 78.125, 9.353472886962274e-25, nan 
162.625, 78.125, 1.1161268225129768e-24, nan 
162.875, 78.125, 7.667979515724942e-25, nan 
163.125, 78.125, 8.119300088432969e-25, nan 
163.375, 78.125, 8.324547004766055e-25, nan 
163.625, 78.125, 1.081884215439017e-24, nan 
163.875, 78.125, 1.133013961234262e-24, nan 
164.125, 78.125, 1.003196276613035e-24, nan 
164.375, 78.125, 2.376546270024007e-24, nan 
164.625, 78.125, 7.62029061547678e-25, nan 
164.875, 78.125, 1.5130536403681232e-24, nan 
165.125, 78.125, 2.2489594025011398e-24, nan 
165.375, 78.125, 2.570706277868326e-24, nan 
165.625, 78.125, 4.264976492248652e-24, nan 
165.875, 78.125, 5.329695673357555e-24, nan 
166.125, 78.125, 4.866907616904741e-24, nan 
166.375, 78.125, 4.261210713276278e-24, nan 
166.625, 78.125, 3.2287799385243316e-24, nan 
166.875, 78.125, 4.198399125878077e-24, nan 
167.125, 78.125, 5.5744179786120795e-24, nan 
167.375, 78.125, 5.101987757862742e-24, nan 
167.625, 78.125, 3.753872896823463e-24, nan 
167.875, 78.125, 2.6288709110906486e-24, nan 
168.125, 78.125, 2.1874069910346126e-24, nan 
168.375, 78.125, 2.801824738601084e-24, nan 
168.625, 78.125, 1.9986637645293895e-24, nan 
168.875, 78.125, 1.4516484754355902e-24, nan 
169.125, 78.125, 8.475916825565982e-25, nan 
169.375, 78.125, 1.6050662732563081e-24, nan 
169.625, 78.125, 2.2725697470610477e-24, nan 
169.875, 78.125, 1.988904190946208e-24, nan 
170.125, 78.125, 1.7309168611605368e-24, nan 
170.375, 78.125, 9.042103672773081e-25, nan 
170.625, 78.125, 8.326137919905599e-25, nan 
170.875, 78.125, 6.553009718270718e-25, nan 
171.125, 78.125, 1.993548365565211e-24, nan 
171.375, 78.125, 1.4886688668322546e-24, nan 
171.625, 78.125, 2.5365964946285406e-24, nan 
171.875, 78.125, 1.8128178735013076e-24, nan 
172.125, 78.125, 2.810703678121033e-24, nan 
172.375, 78.125, 2.6099659217743324e-24, nan 
172.625, 78.125, 4.1795646895537385e-24, nan 
172.875, 78.125, 4.414921703647553e-24, nan 
173.125, 78.125, 5.6228792854236566e-24, nan 
173.375, 78.125, 4.331285383589218e-24, nan 
173.625, 78.125, 2.48770791414836e-24, nan 
173.875, 78.125, 1.877657273466377e-24, nan 
174.125, 78.125, 1.781170017039901e-24, nan 
174.375, 78.125, 1.9797034824210055e-24, nan 
174.625, 78.125, 3.602331053914064e-24, nan 
174.875, 78.125, 3.0770776249598726e-24, nan 
175.125, 78.125, 2.730646475344782e-24, nan 
175.375, 78.125, 3.1522963141077745e-24, nan 
175.625, 78.125, 3.03237830420197e-24, nan 
175.875, 78.125, 4.433335729834353e-24, nan 
176.125, 78.125, 5.447812765335274e-24, nan 
176.375, 78.125, 4.9902833730884474e-24, nan 
176.625, 78.125, 4.843932870329221e-24, nan 
176.875, 78.125, 2.9387999047163977e-24, nan 
177.125, 78.125, 3.460836435695786e-24, nan 
177.375, 78.125, 2.3577999823998463e-24, nan 
177.625, 78.125, 2.7483639295293414e-24, nan 
177.875, 78.125, 3.819738838057904e-24, nan 
178.125, 78.125, 3.339640097704922e-24, nan 
178.375, 78.125, 3.264262742350345e-24, nan 
178.625, 78.125, 3.6644503530598886e-24, nan 
178.875, 78.125, 9.672914924385071e-24, nan 
179.125, 78.125, 9.486709064321719e-24, nan 
179.375, 78.125, 7.413328700628377e-24, nan 
179.625, 78.125, 7.419327584717753e-24, nan 
179.875, 78.125, 7.850083637460147e-24, nan 
-179.875, 78.375, 4.563339970168785e-24, nan 
-179.625, 78.375, 3.910369114653276e-24, nan 
-179.375, 78.375, 5.201769684924823e-24, nan 
-179.125, 78.375, 7.921916952519469e-24, nan 
-178.875, 78.375, 9.096827942926651e-24, nan 
-178.625, 78.375, 8.434791067991534e-24, nan 
-178.375, 78.375, 1.1599942804366427e-23, nan 
-178.125, 78.375, 8.608561541061872e-24, nan 
-177.875, 78.375, 5.1900200805107416e-24, nan 
-177.625, 78.375, 4.929039963368204e-24, nan 
-177.375, 78.375, 6.1611682589196774e-24, nan 
-177.125, 78.375, 7.619266277416907e-24, nan 
-176.875, 78.375, 9.671366402432814e-24, nan 
-176.625, 78.375, 1.1299793531035471e-23, nan 
-176.375, 78.375, 9.357514426814058e-24, nan 
-176.125, 78.375, 7.146842107523908e-24, nan 
-175.875, 78.375, 8.117076140141555e-24, nan 
-175.625, 78.375, 7.094286042273084e-24, nan 
-175.375, 78.375, 7.623408343626716e-24, nan 
-175.125, 78.375, 4.062153901822329e-24, nan 
-174.875, 78.375, 4.404718211489872e-24, nan 
-174.625, 78.375, 2.8746671583054944e-24, nan 
-174.375, 78.375, 3.6072768733294366e-24, nan 
-174.125, 78.375, 4.5072895819249576e-24, nan 
-173.875, 78.375, 5.90057609443743e-24, nan 
-173.625, 78.375, 5.1944308357516985e-24, nan 
-173.375, 78.375, 8.816621521999642e-24, nan 
-173.125, 78.375, 8.631282153313329e-24, nan 
-172.875, 78.375, 1.338235097028942e-23, nan 
-172.625, 78.375, 1.0450682670477353e-23, nan 
-172.375, 78.375, 1.2197543634426723e-23, nan 
-172.125, 78.375, 1.4613753987666783e-23, nan 
-171.875, 78.375, 1.403388424460401e-23, nan 
-171.625, 78.375, 2.005604224589192e-23, nan 
-171.375, 78.375, 1.5785279633729368e-23, nan 
-171.125, 78.375, 1.836929163920465e-23, nan 
-170.875, 78.375, 1.9087553747714107e-23, nan 
-170.625, 78.375, 1.8888643065223004e-23, nan 
-170.375, 78.375, 1.471954068421509e-23, nan 
-170.125, 78.375, 1.6018248050449403e-23, nan 
-169.875, 78.375, 1.755653775424139e-23, nan 
-169.625, 78.375, 1.4781230172905227e-23, nan 
-169.375, 78.375, 1.31304364395083e-23, nan 
-169.125, 78.375, 1.2802271218386252e-23, nan 
-168.875, 78.375, 8.627704230734589e-24, nan 
-168.625, 78.375, 1.2927134788594646e-23, nan 
-168.375, 78.375, 1.0495911024103685e-23, nan 
-168.125, 78.375, 6.245420882696643e-24, nan 
-167.875, 78.375, 6.91180042931385e-24, nan 
-167.625, 78.375, 6.599349503889454e-24, nan 
-167.375, 78.375, 1.0640475569679878e-23, nan 
-167.125, 78.375, 8.703144704276582e-24, nan 
-166.875, 78.375, 8.37399641799213e-24, nan 
-166.625, 78.375, 1.038057976450389e-23, nan 
-166.375, 78.375, 1.261044819184869e-23, nan 
-166.125, 78.375, 1.0200221420529183e-23, nan 
-165.875, 78.375, 1.1569437963543882e-23, nan 
-165.625, 78.375, 8.373292774601105e-24, nan 
-165.375, 78.375, 7.165698620720321e-24, nan 
-165.125, 78.375, 9.970344986091969e-24, nan 
-164.875, 78.375, 1.0215631823004936e-23, nan 
-164.625, 78.375, 6.2872148675813354e-24, nan 
-164.375, 78.375, 6.026489977517236e-24, nan 
-164.125, 78.375, 4.912380972060497e-24, nan 
-163.875, 78.375, 4.8640904038993606e-24, nan 
-163.625, 78.375, 5.850295636140737e-24, nan 
-163.375, 78.375, 6.862818697048046e-24, nan 
-163.125, 78.375, 6.58506951207244e-24, nan 
-162.875, 78.375, 6.8279750005429e-24, nan 
-162.625, 78.375, 5.9980901318176126e-24, nan 
-162.375, 78.375, 5.6736394171822585e-24, nan 
-162.125, 78.375, 5.6762353237843026e-24, nan 
-161.875, 78.375, 5.534234191836363e-24, nan 
-161.625, 78.375, 5.5250538379330885e-24, nan 
-161.375, 78.375, 3.184585643288538e-24, nan 
-161.125, 78.375, 1.3607746520450551e-24, nan 
-160.875, 78.375, 2.431125269713737e-24, nan 
-160.625, 78.375, 3.6093424929762976e-24, nan 
-160.375, 78.375, 2.6976122473320723e-24, nan 
-160.125, 78.375, 1.636758611108662e-24, nan 
-159.875, 78.375, 6.93989055693128e-24, nan 
-159.625, 78.375, 8.363222841134273e-24, nan 
-159.375, 78.375, 3.2622781922207498e-24, nan 
-159.125, 78.375, 2.4818335515285334e-24, nan 
-158.875, 78.375, 5.217352303807831e-24, nan 
-158.625, 78.375, 4.3449637987200715e-24, nan 
-158.375, 78.375, 3.306892397775128e-24, nan 
-158.125, 78.375, 3.0893974168973664e-24, nan 
-157.875, 78.375, 5.96450373005276e-24, nan 
-157.625, 78.375, 5.996662689900266e-24, nan 
-157.375, 78.375, 1.4684168875097854e-23, nan 
-157.125, 78.375, 1.4378228618108578e-23, nan 
-156.875, 78.375, 1.1654726343559739e-23, nan 
-156.625, 78.375, 1.3301088110180768e-23, nan 
-156.375, 78.375, 1.3231573432112731e-23, nan 
-156.125, 78.375, 8.484775292008931e-24, nan 
-155.875, 78.375, 5.558058931518532e-24, nan 
-155.625, 78.375, 4.54790623484659e-24, nan 
-155.375, 78.375, 6.1755049316135154e-24, nan 
-155.125, 78.375, 6.258011576393029e-24, nan 
-154.875, 78.375, 7.927248363863965e-24, nan 
-154.625, 78.375, 4.833585504370747e-24, nan 
-154.375, 78.375, 6.994785198246412e-24, nan 
-154.125, 78.375, 8.105138778243882e-24, nan 
-153.875, 78.375, 8.659496062109926e-24, nan 
-153.625, 78.375, 9.341611914626363e-24, nan 
-153.375, 78.375, 1.001795171424501e-23, nan 
-153.125, 78.375, 1.0861207130396794e-23, nan 
-152.875, 78.375, 1.4386495563927685e-23, nan 
-152.625, 78.375, 1.1659177756579131e-23, nan 
-152.375, 78.375, 1.0394013850005069e-23, nan 
-152.125, 78.375, 1.0606503503503343e-23, nan 
-151.875, 78.375, 1.2316907865840386e-23, nan 
-151.625, 78.375, 1.7135111845410166e-23, nan 
-151.375, 78.375, 1.2810166131793927e-23, nan 
-151.125, 78.375, 1.2622678061167878e-23, nan 
-150.875, 78.375, 1.434040876759469e-23, nan 
-150.625, 78.375, 2.2027001703408677e-23, nan 
-150.375, 78.375, 1.936369333272592e-23, nan 
-150.125, 78.375, 1.0032404664335691e-23, nan 
-149.875, 78.375, 1.0427113376254684e-23, nan 
-149.625, 78.375, 2.1828489330855974e-23, nan 
-149.375, 78.375, 3.689385423952218e-23, nan 
-149.125, 78.375, 3.6504605933593633e-23, nan 
-148.875, 78.375, 2.4566867105520755e-23, nan 
-148.625, 78.375, 2.3683608206990924e-23, nan 
-148.375, 78.375, 2.021553800724219e-23, nan 
-148.125, 78.375, 2.500053876551576e-23, nan 
-147.875, 78.375, 2.73674044871022e-23, nan 
-147.625, 78.375, 2.852967186696492e-23, nan 
-147.375, 78.375, 3.6443067399422295e-23, nan 
-147.125, 78.375, 3.328849248186929e-23, nan 
-146.875, 78.375, 2.0366649590427093e-23, nan 
-146.625, 78.375, 1.5945907442815575e-23, nan 
-146.375, 78.375, 2.085307647384365e-23, nan 
-146.125, 78.375, 1.9379268962810267e-23, nan 
-145.875, 78.375, 1.622552546120616e-23, nan 
-145.625, 78.375, 1.3675126095095957e-23, nan 
-145.375, 78.375, 1.5015459273441475e-23, nan 
-145.125, 78.375, 2.154511048545839e-23, nan 
-144.875, 78.375, 2.6861731754647545e-23, nan 
-144.625, 78.375, 2.2440529203615472e-23, nan 
-144.375, 78.375, 1.739413807965438e-23, nan 
-144.125, 78.375, 1.615798109023741e-23, nan 
-143.875, 78.375, 1.694818827307497e-23, nan 
-143.625, 78.375, 9.841661162302726e-24, nan 
-143.375, 78.375, 8.937063559972703e-24, nan 
-143.125, 78.375, 1.515844699793407e-23, nan 
-142.875, 78.375, 2.5733481994259164e-23, nan 
-142.625, 78.375, 4.3979442830064093e-23, nan 
-142.375, 78.375, 4.326619773286163e-23, nan 
-142.125, 78.375, 3.6884030917113616e-23, nan 
-141.875, 78.375, 3.142503720718807e-23, nan 
-141.625, 78.375, 3.676209254267929e-23, nan 
-141.375, 78.375, 5.851084143529112e-23, nan 
-141.125, 78.375, 6.058519994816358e-23, nan 
-140.875, 78.375, 4.7804434953419294e-23, nan 
-140.625, 78.375, 5.305450716200792e-23, nan 
-140.375, 78.375, 6.613482390357866e-23, nan 
-140.125, 78.375, 7.619950053581777e-23, nan 
-139.875, 78.375, 6.164559344289158e-23, nan 
-139.625, 78.375, 4.1571796169440987e-23, nan 
-139.375, 78.375, 3.8212311527103595e-23, nan 
-139.125, 78.375, 5.232677415665115e-23, nan 
-138.875, 78.375, 6.18026228404565e-23, nan 
-138.625, 78.375, 5.869090818226123e-23, nan 
-138.375, 78.375, 4.008627050346122e-23, nan 
-138.125, 78.375, 1.3037383611413702e-23, nan 
-137.875, 78.375, 5.967368351699204e-24, nan 
-137.625, 78.375, 7.224629611835844e-24, nan 
-137.375, 78.375, 1.5010935212688833e-23, nan 
-137.125, 78.375, 1.2873543980064322e-23, nan 
-136.875, 78.375, 2.4039412167422092e-23, nan 
-136.625, 78.375, 2.5664711534934622e-23, nan 
-136.375, 78.375, 2.5402623006719015e-23, nan 
-136.125, 78.375, 2.0272352506328582e-23, nan 
-135.875, 78.375, 1.6680641550786177e-23, nan 
-135.625, 78.375, 3.5333849678628086e-23, nan 
-135.375, 78.375, 4.8319450786276116e-23, nan 
-135.125, 78.375, 1.267038040538199e-23, nan 
-134.875, 78.375, 2.238986511368382e-23, nan 
-134.625, 78.375, 1.2330561119953922e-23, nan 
-134.375, 78.375, 2.1241459842607444e-23, nan 
-134.125, 78.375, 2.947403856648862e-23, nan 
-133.875, 78.375, 9.513597539940056e-24, nan 
-133.625, 78.375, 1.6131536297623835e-23, nan 
-133.375, 78.375, 9.146207846213473e-24, nan 
-133.125, 78.375, 9.227889015155155e-24, nan 
-132.875, 78.375, 8.800397169030114e-24, nan 
-132.625, 78.375, 5.748249488945267e-24, nan 
-132.375, 78.375, 8.237097229866523e-24, nan 
-132.125, 78.375, 1.4525542621125915e-23, nan 
-131.875, 78.375, 1.1736111945926278e-23, nan 
-131.625, 78.375, 6.082188491340023e-24, nan 
-131.375, 78.375, 7.369615537358544e-24, nan 
-131.125, 78.375, 9.044973304544061e-24, nan 
-130.875, 78.375, 6.522800157969327e-24, nan 
-130.625, 78.375, 5.277442714137476e-24, nan 
-130.375, 78.375, 3.5960358038030086e-24, nan 
-130.125, 78.375, 3.5351116433534025e-24, nan 
-129.875, 78.375, 2.6045977625617114e-24, nan 
-129.625, 78.375, 5.50973116952092e-24, nan 
-129.375, 78.375, 6.59107213221154e-24, nan 
-129.125, 78.375, 6.101291249830729e-24, nan 
-128.875, 78.375, 8.484226326254841e-24, nan 
-128.625, 78.375, 1.0592467320215501e-23, nan 
-128.375, 78.375, 1.4762909320770333e-23, nan 
-128.125, 78.375, 2.2368932757113272e-23, nan 
-127.875, 78.375, 2.2731507536738076e-23, nan 
-127.625, 78.375, 1.3695983108694114e-23, nan 
-127.375, 78.375, 2.4149461126967118e-23, nan 
-127.125, 78.375, 1.6852888868831253e-23, nan 
-126.875, 78.375, 1.0312658610370064e-23, nan 
-126.625, 78.375, 1.1238321721386374e-23, nan 
-126.375, 78.375, 2.3494100665851148e-23, nan 
-126.125, 78.375, 2.1289585381221803e-23, nan 
-125.875, 78.375, 2.952811009742503e-23, nan 
-125.625, 78.375, 3.630431336729583e-23, nan 
-125.375, 78.375, 3.824287543716397e-23, nan 
-125.125, 78.375, 4.50381479028264e-23, nan 
-124.875, 78.375, 4.4634374143076183e-23, nan 
-124.625, 78.375, 4.779049316010373e-23, nan 
-124.375, 78.375, 4.840776819971832e-23, nan 
-124.125, 78.375, 3.414709063791142e-23, nan 
-123.875, 78.375, 1.982667390083602e-23, nan 
-123.625, 78.375, 3.1195848191077675e-23, nan 
-123.375, 78.375, 3.076130434471775e-23, nan 
-123.125, 78.375, 9.011211857313792e-24, nan 
-122.875, 78.375, 2.3008776430154288e-23, nan 
-122.625, 78.375, 2.851689807473482e-23, nan 
-122.375, 78.375, 2.653835230842649e-23, nan 
-122.125, 78.375, 2.4396579449758342e-23, nan 
-121.875, 78.375, 1.2485978267606544e-23, nan 
-121.625, 78.375, 1.0158358232750356e-23, nan 
-121.375, 78.375, 8.829957189858133e-24, nan 
-121.125, 78.375, 8.654249748268744e-24, nan 
-120.875, 78.375, 7.114275309128003e-24, nan 
-120.625, 78.375, 1.329326960759463e-23, nan 
-120.375, 78.375, 9.966014120112062e-24, nan 
-120.125, 78.375, 7.922273708725971e-23, nan 
-119.875, 78.375, 1.0231210800017876e-22, nan 
-119.625, 78.375, 8.492798617203872e-23, nan 
-119.375, 78.375, 1.6324819887231022e-23, nan 
-119.125, 78.375, 2.129035229919745e-23, nan 
-118.875, 78.375, 1.4876461528526766e-23, nan 
-118.625, 78.375, 1.1320798798725559e-23, nan 
-118.375, 78.375, 1.1957232880368285e-23, nan 
-118.125, 78.375, 1.4987685546530266e-23, nan 
-117.875, 78.375, 1.7308043160307726e-23, nan 
-117.625, 78.375, 1.5942444167357388e-23, nan 
-117.375, 78.375, 1.821996939659699e-23, nan 
-117.125, 78.375, 1.7683408046290607e-23, nan 
-116.875, 78.375, 1.64323904797512e-23, nan 
-116.625, 78.375, 1.3901547179569815e-23, nan 
-116.375, 78.375, 1.3462890109572888e-23, nan 
-116.125, 78.375, 1.593359330067419e-23, nan 
-115.875, 78.375, 1.7366353454030316e-23, nan 
-115.625, 78.375, 2.0184701033250708e-23, nan 
-115.375, 78.375, 2.962937322125672e-23, nan 
-115.125, 78.375, 2.757763682387735e-23, nan 
-114.875, 78.375, 2.9572741055895965e-23, nan 
-114.625, 78.375, 2.731205039442828e-23, nan 
-114.375, 78.375, 2.6971914873102135e-23, nan 
-114.125, 78.375, 2.890327548797474e-23, nan 
-113.875, 78.375, 3.1364942378451266e-23, nan 
-113.625, 78.375, 3.323980378250556e-23, nan 
-113.375, 78.375, 3.1225153627553774e-23, nan 
-113.125, 78.375, 2.856951772609916e-23, nan 
-112.875, 78.375, 2.851569844773639e-23, nan 
-112.625, 78.375, 2.4781225184893417e-23, nan 
-112.375, 78.375, 2.169438486908329e-23, nan 
-112.125, 78.375, 1.9356485184483254e-23, nan 
-111.875, 78.375, 1.698332626836444e-23, nan 
-111.625, 78.375, 1.876690138711001e-23, nan 
-111.375, 78.375, 1.6998356102168042e-23, nan 
-111.125, 78.375, 2.117910253820113e-23, nan 
-110.875, 78.375, 2.4146364856628286e-23, nan 
-110.625, 78.375, 2.992694182265027e-23, nan 
-110.375, 78.375, 2.911137559883389e-23, nan 
-110.125, 78.375, 2.208275262707011e-23, nan 
-109.875, 78.375, 1.959224660991255e-23, nan 
-109.625, 78.375, 2.7635981477253957e-23, nan 
-109.375, 78.375, 3.4089753700677856e-23, nan 
-109.125, 78.375, 2.7817102162416693e-23, nan 
-108.875, 78.375, 1.8357663267837804e-23, nan 
-108.625, 78.375, 2.1628613963197915e-23, nan 
-108.375, 78.375, 3.2199522123029677e-23, nan 
-108.125, 78.375, 3.234036508440256e-23, nan 
-107.875, 78.375, 3.782804948838084e-23, nan 
-107.625, 78.375, 2.516698010965219e-23, nan 
-107.375, 78.375, 3.391246086260058e-23, nan 
-107.125, 78.375, 2.2993168320179533e-23, nan 
-106.875, 78.375, 1.9077167727907594e-23, nan 
-106.625, 78.375, 1.7608083960389435e-23, nan 
-106.375, 78.375, 2.929141877382911e-23, nan 
-106.125, 78.375, 2.3189496387944384e-23, nan 
-105.875, 78.375, 1.8193055016627156e-23, nan 
-105.625, 78.375, 1.9362294594701928e-23, nan 
-105.375, 78.375, 1.9446050540700296e-23, nan 
-105.125, 78.375, 2.3332781810803763e-23, nan 
-104.875, 78.375, 2.3831085857535287e-23, nan 
-104.625, 78.375, 3.013180257911299e-23, nan 
-104.375, 78.375, 3.0903424279605743e-23, nan 
-104.125, 78.375, 2.9299208595785366e-23, nan 
-103.875, 78.375, 2.1620637426821355e-23, nan 
-103.625, 78.375, 2.3016843437119558e-23, nan 
-103.375, 78.375, 2.8674836318951515e-23, nan 
-103.125, 78.375, 2.020639612394515e-23, nan 
-102.875, 78.375, 2.694430803083831e-23, nan 
-102.625, 78.375, 2.0551169438595145e-23, nan 
-102.375, 78.375, 1.8209053497607546e-23, nan 
-102.125, 78.375, 1.3922143978469167e-23, nan 
-101.875, 78.375, 1.914065354704413e-23, nan 
-101.625, 78.375, 2.213550235959359e-23, nan 
-101.375, 78.375, 1.722469108964521e-23, nan 
-101.125, 78.375, 2.3081164097388518e-23, nan 
-100.875, 78.375, 2.741142117337479e-23, nan 
-100.625, 78.375, 3.788109982707009e-23, nan 
-100.375, 78.375, 4.8272264601312666e-23, nan 
-100.125, 78.375, 5.1486242264867587e-23, nan 
-99.875, 78.375, 5.584678695049306e-23, nan 
-99.625, 78.375, 6.014147307234374e-23, nan 
-99.375, 78.375, 6.086982040330127e-23, nan 
-99.125, 78.375, 7.776674170874962e-23, nan 
-98.875, 78.375, 7.009465953115872e-23, nan 
-98.625, 78.375, 6.204399970075569e-23, nan 
-98.375, 78.375, 4.8787748430491305e-23, nan 
-98.125, 78.375, 6.070926594865669e-23, nan 
-97.875, 78.375, 9.512876617366708e-23, nan 
-97.625, 78.375, 8.52888448306324e-23, nan 
-97.375, 78.375, 9.758818633134594e-23, nan 
-97.125, 78.375, 9.600017317486746e-23, nan 
-96.875, 78.375, 9.611777716096627e-23, nan 
-96.625, 78.375, 7.044877979524846e-23, nan 
-96.375, 78.375, 7.33758702538255e-23, nan 
-96.125, 78.375, 8.48923751301665e-23, nan 
-95.875, 78.375, 7.132546220774596e-23, nan 
-95.625, 78.375, 7.196614513203768e-23, nan 
-95.375, 78.375, 5.874773020403949e-23, nan 
-95.125, 78.375, 5.112135056144071e-23, nan 
-94.875, 78.375, 1.6982069821422647e-23, nan 
-94.625, 78.375, 4.5752635979570707e-23, nan 
-94.375, 78.375, 2.8824050488257094e-23, nan 
-94.125, 78.375, 1.609122780976322e-23, nan 
-93.875, 78.375, 2.695677508761037e-23, nan 
-93.625, 78.375, 3.751976891579749e-23, nan 
-93.375, 78.375, 3.341829399726003e-23, nan 
-93.125, 78.375, 9.448400659833052e-23, nan 
-92.875, 78.375, 9.367399092344898e-23, nan 
-92.625, 78.375, 1.0515798678130976e-22, nan 
-92.375, 78.375, 7.829261982126621e-23, nan 
-92.125, 78.375, 5.996169302650486e-23, nan 
-91.875, 78.375, 1.3508723961670199e-22, nan 
-91.625, 78.375, 1.3917199226324519e-22, nan 
-91.375, 78.375, 1.2184484954441695e-22, nan 
-91.125, 78.375, 8.979163311879625e-23, nan 
-90.875, 78.375, 6.289210617713918e-23, nan 
-90.625, 78.375, 5.52875157873189e-23, nan 
-90.375, 78.375, 6.812014893510761e-23, nan 
-90.125, 78.375, 1.0680109127196747e-22, nan 
-89.875, 78.375, 9.972570639769887e-23, nan 
-89.625, 78.375, 7.714369326860214e-23, nan 
-89.375, 78.375, 7.350349993278675e-23, nan 
-89.125, 78.375, 1.0344765240390293e-22, nan 
-88.875, 78.375, 1.1370325974448791e-22, nan 
-88.625, 78.375, 1.0368332951390101e-22, nan 
-88.375, 78.375, 8.13990506184654e-23, nan 
-88.125, 78.375, 8.157616233067348e-23, nan 
-87.875, 78.375, 8.646766132891299e-23, nan 
-87.625, 78.375, 9.677505488317062e-23, nan 
-87.375, 78.375, 1.0079002874110635e-22, nan 
-87.125, 78.375, 1.0379515874879847e-22, nan 
-86.875, 78.375, 1.0399951765266131e-22, nan 
-86.625, 78.375, 7.696425458806066e-23, nan 
-86.375, 78.375, 1.0698979933620317e-22, nan 
-86.125, 78.375, 1.2353636923243461e-22, nan 
-85.875, 78.375, 1.0093325600329334e-22, nan 
-85.625, 78.375, 1.2569152056874923e-22, nan 
-85.375, 78.375, 8.325451446171516e-23, nan 
-85.125, 78.375, 6.837744979552243e-23, nan 
-84.875, 78.375, 8.316014329515537e-23, nan 
-84.625, 78.375, 6.584058496928828e-23, nan 
-84.375, 78.375, 6.607769381693778e-23, nan 
-84.125, 78.375, 7.203711606603984e-23, nan 
-83.875, 78.375, 8.909767765511965e-23, nan 
-83.625, 78.375, 8.751639909974497e-23, nan 
-83.375, 78.375, 1.2234973900422976e-22, nan 
-83.125, 78.375, 9.57949533039653e-23, nan 
-82.875, 78.375, 9.257222253979433e-23, nan 
-82.625, 78.375, 1.0793539698452544e-22, nan 
-82.375, 78.375, 2.1721098903985568e-22, nan 
-82.125, 78.375, 1.485510135409105e-22, nan 
-81.875, 78.375, 1.7754300995501304e-22, nan 
-81.625, 78.375, 9.995253127665946e-23, nan 
-81.375, 78.375, 1.1730624462827081e-22, nan 
-81.125, 78.375, 1.3858949702246759e-22, nan 
-80.875, 78.375, 1.252851057838821e-22, nan 
-80.625, 78.375, 1.4005782274586704e-22, nan 
-80.375, 78.375, 1.296261342963259e-22, nan 
-80.125, 78.375, 2.340009217590214e-22, nan 
-79.875, 78.375, 1.0243708398226996e-22, nan 
-79.625, 78.375, 1.0598648511860873e-22, nan 
-79.375, 78.375, 1.6122446399016755e-22, nan 
-79.125, 78.375, 2.4183712477113864e-22, nan 
-78.875, 78.375, 2.6396182386467167e-22, nan 
-78.625, 78.375, 2.889756486178087e-22, nan 
-78.375, 78.375, 3.4333574208942256e-22, nan 
-78.125, 78.375, 3.1396047857341547e-22, nan 
-77.875, 78.375, 3.135280142421377e-22, nan 
-77.625, 78.375, 3.75185436425427e-22, nan 
-77.375, 78.375, 3.4373103022961535e-22, nan 
-77.125, 78.375, 3.3004478333375663e-22, nan 
-76.875, 78.375, 2.2101003321714184e-22, nan 
-76.625, 78.375, 1.4128877142305818e-22, nan 
-76.375, 78.375, 2.1956832986660315e-22, nan 
-76.125, 78.375, 2.619470851477276e-22, nan 
-75.875, 78.375, 2.9943924371477804e-22, nan 
-75.625, 78.375, 3.09182494064632e-22, nan 
-75.375, 78.375, 3.2838252030972584e-22, nan 
-75.125, 78.375, 3.231708106265283e-22, nan 
-74.875, 78.375, 2.1524211116947434e-22, nan 
-74.625, 78.375, 3.4325838278388176e-22, nan 
-74.375, 78.375, 2.3515813138440005e-22, nan 
-74.125, 78.375, 1.886193714937167e-22, nan 
-73.875, 78.375, 2.2946647037681866e-22, nan 
-73.625, 78.375, 2.4460201918132223e-22, nan 
-73.375, 78.375, 3.884103735166363e-22, nan 
-73.125, 78.375, 4.255907945910948e-22, nan 
-72.875, 78.375, 4.0880231623180958e-22, nan 
-72.625, 78.375, 3.370740960289022e-22, nan 
-72.375, 78.375, 3.898823172859726e-22, nan 
-72.125, 78.375, 4.959662867100882e-22, nan 
-71.875, 78.375, 4.980765118735669e-22, nan 
-71.625, 78.375, 4.733593249320148e-22, nan 
-71.375, 78.375, 3.260508843187442e-22, nan 
-71.125, 78.375, 3.9564939758550846e-22, nan 
-70.875, 78.375, 2.4709201558368335e-22, nan 
-70.625, 78.375, 2.800618258283837e-22, nan 
-70.375, 78.375, 4.508423088120049e-22, nan 
-70.125, 78.375, 7.433389775697021e-22, nan 
-69.875, 78.375, 8.540130883873026e-22, nan 
-69.625, 78.375, 4.802034935080012e-22, nan 
-69.375, 78.375, 5.186150936629097e-22, nan 
-69.125, 78.375, 6.179344979635619e-22, nan 
-68.875, 78.375, 9.337008789417122e-22, nan 
-68.625, 78.375, 1.123862844268475e-21, nan 
-68.375, 78.375, 8.104297637311213e-22, nan 
-68.125, 78.375, 7.8518172345326095e-22, nan 
-67.875, 78.375, 1.0442570571050951e-21, nan 
-67.625, 78.375, 9.515158537767532e-22, nan 
-67.375, 78.375, 8.419520499899601e-22, nan 
-67.125, 78.375, 1.0301611513669923e-21, nan 
-66.875, 78.375, 1.2687061784623579e-21, nan 
-66.625, 78.375, 1.5819030001165169e-21, nan 
-66.375, 78.375, 1.4640783479089943e-21, nan 
-66.125, 78.375, 1.4785913131712206e-21, nan 
-65.875, 78.375, 1.607790992979361e-21, nan 
-65.625, 78.375, 1.2327171786061429e-21, nan 
-65.375, 78.375, 8.084996752900304e-22, nan 
-65.125, 78.375, 1.5718807182803595e-21, nan 
-64.875, 78.375, 2.7765181014990633e-21, nan 
-64.625, 78.375, 3.587235290551037e-21, nan 
-64.375, 78.375, 2.7754387876027047e-21, nan 
-64.125, 78.375, 1.0344003183949359e-21, nan 
-63.875, 78.375, 1.2524248036936377e-21, nan 
-63.625, 78.375, 1.2704273537403895e-21, nan 
-63.375, 78.375, 1.7684571388878207e-21, nan 
-63.125, 78.375, 1.702114387619145e-21, nan 
-62.875, 78.375, 1.1847272143890733e-21, nan 
-62.625, 78.375, 1.1069076506542496e-21, nan 
-62.375, 78.375, 1.1448072395109878e-21, nan 
-62.125, 78.375, 1.3830907625597677e-21, nan 
-61.875, 78.375, 1.353581988844675e-21, nan 
-61.625, 78.375, 9.002233615902597e-22, nan 
-61.375, 78.375, 1.2545391172344569e-21, nan 
-61.125, 78.375, 8.303968343994834e-22, nan 
-60.875, 78.375, 1.043998324434657e-21, nan 
-60.625, 78.375, 3.0488038498473988e-21, nan 
-60.375, 78.375, 4.023816025202939e-21, nan 
-60.125, 78.375, 7.130294421236105e-21, nan 
-59.875, 78.375, 9.363354778169146e-21, nan 
-59.625, 78.375, 1.0292873878708554e-20, nan 
-59.375, 78.375, 1.0474493205650991e-20, nan 
-59.125, 78.375, 8.238735265671822e-21, nan 
-58.875, 78.375, 9.595138528112053e-21, nan 
-58.625, 78.375, 6.697049521321828e-21, nan 
-58.375, 78.375, 4.795431606539836e-21, nan 
-58.125, 78.375, 2.54401785408887e-21, nan 
-57.875, 78.375, 2.0639870967451135e-21, nan 
-57.625, 78.375, 2.757100463452618e-21, nan 
-57.375, 78.375, 2.3183403254213965e-21, nan 
-57.125, 78.375, 3.732153557901305e-21, nan 
-56.875, 78.375, 3.740632933528294e-21, nan 
-56.625, 78.375, 6.19055787675337e-21, nan 
-56.375, 78.375, 7.097236100543346e-21, nan 
-56.125, 78.375, 7.720622831825927e-21, nan 
-55.875, 78.375, 7.833783139853892e-21, nan 
-55.625, 78.375, 6.6915429420600344e-21, nan 
-55.375, 78.375, 1.4109407864675936e-20, nan 
-55.125, 78.375, 1.6047160451161627e-20, nan 
-54.875, 78.375, 1.7101217834858525e-20, nan 
-54.625, 78.375, 2.26669291208292e-20, nan 
-54.375, 78.375, 2.102091090783981e-20, nan 
-54.125, 78.375, 2.253180070311943e-20, nan 
-53.875, 78.375, 2.697098742161581e-20, nan 
-53.625, 78.375, 2.6290890217837285e-20, nan 
-53.375, 78.375, 2.9969916074098624e-20, nan 
-53.125, 78.375, 2.855420260695214e-20, nan 
-52.875, 78.375, 2.8637720223200733e-20, nan 
-52.625, 78.375, 3.094831113046404e-20, nan 
-52.375, 78.375, 2.4547776109894198e-20, nan 
-52.125, 78.375, 2.2609750298824292e-20, nan 
-51.875, 78.375, 2.388401924609269e-20, nan 
-51.625, 78.375, 2.5274759532668386e-20, nan 
-51.375, 78.375, 2.6111752794540734e-20, nan 
-51.125, 78.375, 3.0532669299706784e-20, nan 
-50.875, 78.375, 2.5998122641538916e-20, nan 
-50.625, 78.375, 2.670703251614674e-20, nan 
-50.375, 78.375, 2.6302178697561075e-20, nan 
-50.125, 78.375, 2.9088940321165846e-20, nan 
-49.875, 78.375, 4.1107372405507233e-20, nan 
-49.625, 78.375, 3.465501077898623e-20, nan 
-49.375, 78.375, 3.317240653046994e-20, nan 
-49.125, 78.375, 2.6276333253298744e-20, nan 
-48.875, 78.375, 2.4477610349866003e-20, nan 
-48.625, 78.375, 2.5092979969916608e-20, nan 
-48.375, 78.375, 2.7461967194359016e-20, nan 
-48.125, 78.375, 1.9914537228519765e-20, nan 
-47.875, 78.375, 2.3133684231449835e-20, nan 
-47.625, 78.375, 2.669080728423181e-20, nan 
-47.375, 78.375, 2.868230419481581e-20, nan 
-47.125, 78.375, 2.694553582925981e-20, nan 
-46.875, 78.375, 1.9921744418812325e-20, nan 
-46.625, 78.375, 2.207421401745627e-20, nan 
-46.375, 78.375, 2.8536556264463946e-20, nan 
-46.125, 78.375, 3.320466127236787e-20, nan 
-45.875, 78.375, 3.5382508302917694e-20, nan 
-45.625, 78.375, 3.345966677564277e-20, nan 
-45.375, 78.375, 3.7578220248108087e-20, nan 
-45.125, 78.375, 4.9971102095883655e-20, nan 
-44.875, 78.375, 5.704611393016604e-20, nan 
-44.625, 78.375, 5.123004191489108e-20, nan 
-44.375, 78.375, 4.9791179770662414e-20, nan 
-44.125, 78.375, 4.8147810627357636e-20, nan 
-43.875, 78.375, 6.510062530572703e-20, nan 
-43.625, 78.375, 6.477642654061365e-20, nan 
-43.375, 78.375, 6.314658561250136e-20, nan 
-43.125, 78.375, 6.903438848357703e-20, nan 
-42.875, 78.375, 5.912103298808316e-20, nan 
-42.625, 78.375, 6.406908229358078e-20, nan 
-42.375, 78.375, 5.006138101972964e-20, nan 
-42.125, 78.375, 4.0934314919648726e-20, nan 
-41.875, 78.375, 6.085754054971296e-20, nan 
-41.625, 78.375, 5.056589862552932e-20, nan 
-41.375, 78.375, 7.965997557699042e-20, nan 
-41.125, 78.375, 8.25296956620678e-20, nan 
-40.875, 78.375, 7.359590193548466e-20, nan 
-40.625, 78.375, 7.987240894095958e-20, nan 
-40.375, 78.375, 8.970337064993294e-20, nan 
-40.125, 78.375, 1.043095498886091e-19, nan 
-39.875, 78.375, 1.0766197902457307e-19, nan 
-39.625, 78.375, 1.0959617850307254e-19, nan 
-39.375, 78.375, 1.0140346902044165e-19, nan 
-39.125, 78.375, 1.0297445848707621e-19, nan 
-38.875, 78.375, 1.1860472215361676e-19, nan 
-38.625, 78.375, 1.0453804560184965e-19, nan 
-38.375, 78.375, 1.099419427834295e-19, nan 
-38.125, 78.375, 1.1956434008660957e-19, nan 
-37.875, 78.375, 1.0906538359450813e-19, nan 
-37.625, 78.375, 1.1871763999970844e-19, nan 
-37.375, 78.375, 1.151512273815329e-19, nan 
-37.125, 78.375, 1.154315118093846e-19, nan 
-36.875, 78.375, 1.1991683132433995e-19, nan 
-36.625, 78.375, 1.0891543343612246e-19, nan 
-36.375, 78.375, 1.7025250884645372e-19, nan 
-36.125, 78.375, 2.1138678096220354e-19, nan 
-35.875, 78.375, 1.4749985268790594e-19, nan 
-35.625, 78.375, 1.4228569432609674e-19, nan 
-35.375, 78.375, 2.1180470833541541e-19, nan 
-35.125, 78.375, 3.367255933704587e-19, nan 
-34.875, 78.375, 2.5820581498852904e-19, nan 
-34.625, 78.375, 2.6515931612480745e-19, nan 
-34.375, 78.375, 4.848075851988031e-19, nan 
-34.125, 78.375, 4.740044896846987e-19, nan 
-33.875, 78.375, 4.573944108082503e-19, nan 
-33.625, 78.375, 3.728700409676679e-19, nan 
-33.375, 78.375, 4.741417885714537e-19, nan 
-33.125, 78.375, 5.29505532067237e-19, nan 
-32.875, 78.375, 3.6839687222628666e-19, nan 
-32.625, 78.375, 5.215708069187196e-19, nan 
-32.375, 78.375, 1.0586595702398306e-18, nan 
-32.125, 78.375, 1.3867873438065008e-18, nan 
-31.875, 78.375, 1.2818711994020366e-18, nan 
-31.625, 78.375, 9.03324969264358e-19, nan 
-31.375, 78.375, 9.329561837666165e-19, nan 
-31.125, 78.375, 3.5589413341160156e-18, nan 
-30.875, 78.375, 3.682470758697331e-18, nan 
-30.625, 78.375, 5.324761781738527e-18, nan 
-30.375, 78.375, 5.1010822837516214e-18, nan 
-30.125, 78.375, 6.927009057954994e-18, nan 
-29.875, 78.375, 6.515523321786658e-18, nan 
-29.625, 78.375, 6.644327058735365e-18, nan 
-29.375, 78.375, 9.458532263029983e-18, nan 
-29.125, 78.375, 9.977759258902805e-18, nan 
-28.875, 78.375, 9.660872695129462e-18, nan 
-28.625, 78.375, 1.0024990091914229e-17, nan 
-28.375, 78.375, 2.3225639861915617e-17, nan 
-28.125, 78.375, 2.8963068167520924e-17, nan 
-27.875, 78.375, 2.568045430035959e-17, nan 
-27.625, 78.375, 1.272360181994092e-17, nan 
-27.375, 78.375, 1.0299563363230457e-17, nan 
-27.125, 78.375, 9.027419040216544e-18, nan 
-26.875, 78.375, 9.697431967000856e-18, nan 
-26.625, 78.375, 1.1476618711699989e-17, nan 
-26.375, 78.375, 1.1726313746302946e-17, nan 
-26.125, 78.375, 1.1760568082842982e-17, nan 
-25.875, 78.375, 9.91999880151299e-18, nan 
-25.625, 78.375, 8.036637938211893e-18, nan 
-25.375, 78.375, 4.84012335714517e-18, nan 
-25.125, 78.375, 5.964898051036174e-18, nan 
-24.875, 78.375, 3.2497423014776163e-18, nan 
-24.625, 78.375, 2.3103018865802736e-18, nan 
-24.375, 78.375, 5.802334491381429e-18, nan 
-24.125, 78.375, 3.994039821697967e-18, nan 
-23.875, 78.375, 5.130908697089912e-18, nan 
-23.625, 78.375, 3.687032305614052e-18, nan 
-23.375, 78.375, 3.462722734388859e-18, nan 
-23.125, 78.375, 1.7634978306509097e-18, nan 
-22.875, 78.375, 2.830862416433567e-18, nan 
-22.625, 78.375, 4.109901393136105e-18, nan 
-22.375, 78.375, 3.755779485246498e-18, nan 
-22.125, 78.375, 2.3274358438427973e-18, nan 
-21.875, 78.375, 2.0735317424321547e-18, nan 
-21.625, 78.375, 2.856567567979225e-18, nan 
-21.375, 78.375, 2.194008252341087e-18, nan 
-21.125, 78.375, 1.3874154078916527e-18, nan 
-20.875, 78.375, 1.0797310771956797e-18, nan 
-20.625, 78.375, 1.3723153746606107e-18, nan 
-20.375, 78.375, 1.8891201256494045e-18, nan 
-20.125, 78.375, 1.2843525480921838e-18, nan 
-19.875, 78.375, 1.442063685975523e-18, nan 
-19.625, 78.375, 1.6277972346181315e-18, nan 
-19.375, 78.375, 1.4232031210339978e-18, nan 
-19.125, 78.375, 1.5786414318383001e-18, nan 
-18.875, 78.375, 1.68801542576069e-18, nan 
-18.625, 78.375, 1.3447812083788486e-18, nan 
-18.375, 78.375, 2.0783350719236344e-18, nan 
-18.125, 78.375, 1.95198332521255e-18, nan 
-17.875, 78.375, 1.5733171670252744e-18, nan 
-17.625, 78.375, 1.3932539035720471e-18, nan 
-17.375, 78.375, 1.1445120777934784e-18, nan 
-17.125, 78.375, 1.4801799407896011e-18, nan 
-16.875, 78.375, 1.500829824714155e-18, nan 
-16.625, 78.375, 1.182459085306651e-18, nan 
-16.375, 78.375, 9.974765467411923e-19, nan 
-16.125, 78.375, 7.427356344616833e-19, nan 
-15.875, 78.375, 5.722777791909434e-19, nan 
-15.625, 78.375, 4.0197543606174244e-19, nan 
-15.375, 78.375, 2.5509122205184776e-19, nan 
-15.125, 78.375, 2.977627105352149e-19, nan 
-14.875, 78.375, 3.7416631809704904e-19, nan 
-14.625, 78.375, 4.914154925618592e-19, nan 
-14.375, 78.375, 6.050694910007343e-19, nan 
-14.125, 78.375, 6.02925518944793e-19, nan 
-13.875, 78.375, 4.0122737497348043e-19, nan 
-13.625, 78.375, 4.710131723093274e-19, nan 
-13.375, 78.375, 6.895456519617206e-19, nan 
-13.125, 78.375, 7.023233264884452e-19, nan 
-12.875, 78.375, 6.333513148684864e-19, nan 
-12.625, 78.375, 5.959079680120724e-19, nan 
-12.375, 78.375, 5.437831304037775e-19, nan 
-12.125, 78.375, 3.8757154382172553e-19, nan 
-11.875, 78.375, 4.720880996104616e-19, nan 
-11.625, 78.375, 3.8958670264103465e-19, nan 
-11.375, 78.375, 3.657572857327788e-19, nan 
-11.125, 78.375, 5.741904935787643e-19, nan 
-10.875, 78.375, 4.247267294825522e-19, nan 
-10.625, 78.375, 3.723888480991973e-19, nan 
-10.375, 78.375, 2.724065908101681e-19, nan 
-10.125, 78.375, 1.818281076351747e-19, nan 
-9.875, 78.375, 2.2816867699683612e-19, nan 
-9.625, 78.375, 2.0286209357019926e-19, nan 
-9.375, 78.375, 1.9907552699954317e-19, nan 
-9.125, 78.375, 1.8722353195019612e-19, nan 
-8.875, 78.375, 2.274077101726544e-19, nan 
-8.625, 78.375, 1.9668149958652543e-19, nan 
-8.375, 78.375, 3.2808545377611263e-19, nan 
-8.125, 78.375, 2.6479656005222607e-19, nan 
-7.875, 78.375, 3.570575038107326e-19, nan 
-7.625, 78.375, 2.8525252241903015e-19, nan 
-7.375, 78.375, 3.264252465783496e-19, nan 
-7.125, 78.375, 3.0523873177996536e-19, nan 
-6.875, 78.375, 3.001101979828496e-19, nan 
-6.625, 78.375, 2.830644396340414e-19, nan 
-6.375, 78.375, 2.640550155228498e-19, nan 
-6.125, 78.375, 2.6807418856186377e-19, nan 
-5.875, 78.375, 1.9931816509523968e-19, nan 
-5.625, 78.375, 2.0140834323901746e-19, nan 
-5.375, 78.375, 1.597314547140236e-19, nan 
-5.125, 78.375, 1.35375896214803e-19, nan 
-4.875, 78.375, 1.295900334070506e-19, nan 
-4.625, 78.375, 1.1672644740064638e-19, nan 
-4.375, 78.375, 1.0739689830213786e-19, nan 
-4.125, 78.375, 7.043114867031196e-20, nan 
-3.875, 78.375, 8.120082214215506e-20, nan 
-3.625, 78.375, 5.106515035033212e-20, nan 
-3.375, 78.375, 5.090946898250857e-20, nan 
-3.125, 78.375, 4.160226366320516e-20, nan 
-2.875, 78.375, 2.5037946012736997e-20, nan 
-2.625, 78.375, 4.968803785604531e-20, nan 
-2.375, 78.375, 1.919342415039574e-20, nan 
-2.125, 78.375, 1.125338249632766e-20, nan 
-1.875, 78.375, 1.791385191606243e-20, nan 
-1.625, 78.375, 1.4512562262082465e-20, nan 
-1.375, 78.375, 2.1407684652197563e-19, nan 
-1.125, 78.375, 3.167984112462156e-19, nan 
-0.875, 78.375, 3.1456105479443945e-19, nan 
-0.625, 78.375, 3.018214767865103e-19, nan 
-0.375, 78.375, 2.838778870812436e-19, nan 
-0.125, 78.375, 2.7264030950409706e-19, nan 
0.125, 78.375, 2.5234515171814828e-19, nan 
0.375, 78.375, 1.9983795291702867e-19, nan 
0.625, 78.375, 1.613245995644789e-19, nan 
0.875, 78.375, 2.3204798991260764e-19, nan 
1.125, 78.375, 6.80339900228849e-20, nan 
1.375, 78.375, 5.2854938942654466e-20, nan 
1.625, 78.375, 6.313836233013535e-20, nan 
1.875, 78.375, 6.600730863197621e-20, nan 
2.125, 78.375, 3.3720653604698204e-20, nan 
2.375, 78.375, 2.1721583710929444e-20, nan 
2.625, 78.375, 1.8228683054198498e-20, nan 
2.875, 78.375, 3.0182454723802154e-20, nan 
3.125, 78.375, 2.0130558117422504e-20, nan 
3.375, 78.375, 2.580546463830211e-20, nan 
3.625, 78.375, 4.932516127677923e-20, nan 
3.875, 78.375, 6.283293056358727e-20, nan 
4.125, 78.375, 7.684056330619273e-20, nan 
4.375, 78.375, 7.731404661709005e-20, nan 
4.625, 78.375, 7.016361368423006e-20, nan 
4.875, 78.375, 6.332255015597795e-20, nan 
5.125, 78.375, 4.682300335934517e-20, nan 
5.375, 78.375, 3.302784355088023e-20, nan 
5.625, 78.375, 3.316691875374634e-20, nan 
5.875, 78.375, 3.696752538951379e-20, nan 
6.125, 78.375, 3.9379622794646227e-20, nan 
6.375, 78.375, 3.549160919646738e-20, nan 
6.625, 78.375, 2.2743609625551713e-20, nan 
6.875, 78.375, 2.2871350852166105e-20, nan 
7.125, 78.375, 2.015254244164478e-20, nan 
7.375, 78.375, 1.8179342907623092e-20, nan 
7.625, 78.375, 1.65088998254987e-20, nan 
7.875, 78.375, 1.4196078279017436e-20, nan 
8.125, 78.375, 1.460181482996807e-20, nan 
8.375, 78.375, 1.4332320708922558e-20, nan 
8.625, 78.375, 1.4100327878181958e-20, nan 
8.875, 78.375, 1.5571037226930423e-20, nan 
9.125, 78.375, 1.7618074059836916e-20, nan 
9.375, 78.375, 1.844206654457161e-20, nan 
9.625, 78.375, 1.1960655885011144e-20, nan 
9.875, 78.375, 1.86327224261612e-20, nan 
10.125, 78.375, 1.295215883464623e-20, nan 
10.375, 78.375, 8.104661536288506e-21, nan 
10.625, 78.375, 5.123658118978221e-21, nan 
10.875, 78.375, 6.694684169764452e-21, nan 
11.125, 78.375, 4.493207693548055e-21, nan 
11.375, 78.375, 4.880787299346346e-21, nan 
11.625, 78.375, 5.065831141829029e-21, nan 
11.875, 78.375, 4.80734279795903e-21, nan 
12.125, 78.375, 4.484279301726192e-21, nan 
12.375, 78.375, 5.2516469778763484e-21, nan 
12.625, 78.375, 8.100063260658588e-21, nan 
12.875, 78.375, 6.6720597103419e-21, nan 
13.125, 78.375, 6.743223766188901e-21, nan 
13.375, 78.375, 6.776148294537201e-21, nan 
13.625, 78.375, 6.249382766684754e-21, nan 
13.875, 78.375, 6.071181813159347e-21, nan 
14.125, 78.375, 4.257729567679581e-21, nan 
14.375, 78.375, 5.4348866173197535e-21, nan 
14.625, 78.375, 5.216380373233375e-21, nan 
14.875, 78.375, 4.831818410067005e-21, nan 
15.125, 78.375, 4.334012415206618e-21, nan 
15.375, 78.375, 4.306713277150847e-21, nan 
15.625, 78.375, 3.7091374377956734e-21, nan 
15.875, 78.375, 3.143559829275455e-21, nan 
16.125, 78.375, 2.952498117825169e-21, nan 
16.375, 78.375, 2.2693082247055464e-21, nan 
16.625, 78.375, 1.321279295956883e-21, nan 
16.875, 78.375, 2.4211192676036134e-21, nan 
17.125, 78.375, 1.1832828955512738e-20, nan 
17.375, 78.375, 1.511604351934526e-20, nan 
17.625, 78.375, 1.4866552644976274e-20, nan 
17.875, 78.375, 1.0840279335450738e-20, nan 
18.125, 78.375, 7.231443749550458e-21, nan 
18.375, 78.375, 6.0994397241702925e-21, nan 
18.625, 78.375, 5.0213853391603695e-21, nan 
18.875, 78.375, 3.6719554145609346e-21, nan 
19.125, 78.375, 2.7543936174441295e-21, nan 
19.375, 78.375, 1.4979937598715895e-21, nan 
19.625, 78.375, 1.1038310807531845e-21, nan 
19.875, 78.375, 8.632495725197461e-22, nan 
20.125, 78.375, 7.258871388332631e-22, nan 
20.375, 78.375, 5.043201193987525e-22, nan 
20.625, 78.375, 9.321230709907607e-22, nan 
20.875, 78.375, 1.1028771441202323e-21, nan 
21.125, 78.375, 5.225951935408561e-22, nan 
21.375, 78.375, 5.071704988741631e-22, nan 
21.625, 78.375, 4.1539345151137086e-22, nan 
21.875, 78.375, 5.633022786366861e-22, nan 
22.125, 78.375, 7.502900127898748e-22, nan 
22.375, 78.375, 5.108077363599975e-22, nan 
22.625, 78.375, 4.926470296139262e-22, nan 
22.875, 78.375, 6.647209406047383e-22, nan 
23.125, 78.375, 3.420695415167277e-22, nan 
23.375, 78.375, 1.0577236454281644e-21, nan 
23.625, 78.375, 1.0500709205396823e-21, nan 
23.875, 78.375, 9.989751415294064e-22, nan 
24.125, 78.375, 6.254856956993154e-22, nan 
24.375, 78.375, 4.870634790485842e-22, nan 
24.625, 78.375, 2.081727178362728e-22, nan 
24.875, 78.375, 4.294416846971399e-22, nan 
25.125, 78.375, 2.700104441566384e-22, nan 
25.375, 78.375, 2.125623115065702e-22, nan 
25.625, 78.375, 2.897915718306449e-22, nan 
25.875, 78.375, 2.1840393460814404e-22, nan 
26.125, 78.375, 3.5985342125099476e-22, nan 
26.375, 78.375, 2.119370183516805e-22, nan 
26.625, 78.375, 2.50025427544362e-22, nan 
26.875, 78.375, 6.725398715904773e-23, nan 
27.125, 78.375, 2.4084518180786193e-22, nan 
27.375, 78.375, 3.8984981959512324e-22, nan 
27.625, 78.375, 7.990241910717321e-22, nan 
27.875, 78.375, 2.735766459782945e-22, nan 
28.125, 78.375, 1.3892793550232499e-22, nan 
28.375, 78.375, 1.705312949643749e-22, nan 
28.625, 78.375, 1.4862918621336447e-22, nan 
28.875, 78.375, 4.3695450382813e-23, nan 
29.125, 78.375, 8.075134759332851e-23, nan 
29.375, 78.375, 9.266376683144246e-23, nan 
29.625, 78.375, 1.2721388915263895e-22, nan 
29.875, 78.375, 1.1196606834377858e-22, nan 
30.125, 78.375, 6.487214911540817e-23, nan 
30.375, 78.375, 6.168165788174023e-23, nan 
30.625, 78.375, 1.0651009275336248e-22, nan 
30.875, 78.375, 1.2568299936766377e-22, nan 
31.125, 78.375, 6.263883907160471e-23, nan 
31.375, 78.375, 1.019689415750929e-22, nan 
31.625, 78.375, 7.470846430994977e-23, nan 
31.875, 78.375, 3.8813363772353835e-23, nan 
32.125, 78.375, 5.339640516888634e-23, nan 
32.375, 78.375, 3.878135724032929e-23, nan 
32.625, 78.375, 8.588813307247319e-23, nan 
32.875, 78.375, 4.8346396243858925e-23, nan 
33.125, 78.375, 1.383060062406163e-22, nan 
33.375, 78.375, 1.3675311466545507e-22, nan 
33.625, 78.375, 1.6202849917497709e-22, nan 
33.875, 78.375, 1.4490284528945735e-22, nan 
34.125, 78.375, 1.6038928998486923e-22, nan 
34.375, 78.375, 1.4413130619627727e-22, nan 
34.625, 78.375, 1.5253364136644e-22, nan 
34.875, 78.375, 1.3476338573597883e-22, nan 
35.125, 78.375, 1.4037598357721525e-22, nan 
35.375, 78.375, 9.870990941534989e-23, nan 
35.625, 78.375, 4.1138881400215654e-23, nan 
35.875, 78.375, 6.78663081142958e-23, nan 
36.125, 78.375, 6.499011501867575e-23, nan 
36.375, 78.375, 5.687075722576894e-23, nan 
36.625, 78.375, 1.076970825721583e-22, nan 
36.875, 78.375, 8.893163395531188e-23, nan 
37.125, 78.375, 7.417568071173125e-23, nan 
37.375, 78.375, 6.978527325440748e-23, nan 
37.625, 78.375, 7.00321758616515e-23, nan 
37.875, 78.375, 1.0024788423377252e-22, nan 
38.125, 78.375, 9.90534189995721e-23, nan 
38.375, 78.375, 1.0492945859457737e-22, nan 
38.625, 78.375, 1.1772844803594913e-22, nan 
38.875, 78.375, 1.964127530357744e-22, nan 
39.125, 78.375, 1.4180653449131183e-22, nan 
39.375, 78.375, 1.822116139490242e-22, nan 
39.625, 78.375, 3.1952837502593976e-22, nan 
39.875, 78.375, 2.2606684010186547e-22, nan 
40.125, 78.375, 2.0108999111138365e-22, nan 
40.375, 78.375, 1.7177669450243435e-22, nan 
40.625, 78.375, 1.9713763479303966e-22, nan 
40.875, 78.375, 1.1641485478009592e-22, nan 
41.125, 78.375, 6.811889713272307e-23, nan 
41.375, 78.375, 5.903395857060104e-23, nan 
41.625, 78.375, 3.061474643963599e-23, nan 
41.875, 78.375, 8.504040395278687e-23, nan 
42.125, 78.375, 7.595511608941636e-23, nan 
42.375, 78.375, 8.872095182832518e-23, nan 
42.625, 78.375, 3.4859483440704444e-23, nan 
42.875, 78.375, 2.807870687863183e-23, nan 
43.125, 78.375, 4.188403949573429e-23, nan 
43.375, 78.375, 7.208375187283546e-23, nan 
43.625, 78.375, 8.157735601310106e-23, nan 
43.875, 78.375, 6.795171457995611e-23, nan 
44.125, 78.375, 6.245202556880465e-23, nan 
44.375, 78.375, 6.625304869393977e-23, nan 
44.625, 78.375, 7.94385116353255e-23, nan 
44.875, 78.375, 7.256862218812135e-23, nan 
45.125, 78.375, 1.0151907433475377e-22, nan 
45.375, 78.375, 6.519655158766765e-23, nan 
45.625, 78.375, 4.7260620255826854e-23, nan 
45.875, 78.375, 4.867384473365288e-23, nan 
46.125, 78.375, 4.855348881787583e-23, nan 
46.375, 78.375, 7.860159115044323e-23, nan 
46.625, 78.375, 7.948237635083284e-23, nan 
46.875, 78.375, 6.830620924467332e-23, nan 
47.125, 78.375, 6.597512878521738e-23, nan 
47.375, 78.375, 6.024077044374454e-23, nan 
47.625, 78.375, 3.959075201927153e-23, nan 
47.875, 78.375, 8.654679550449772e-23, nan 
48.125, 78.375, 4.5942721883007873e-23, nan 
48.375, 78.375, 4.868926218173892e-23, nan 
48.625, 78.375, 3.298317421234812e-23, nan 
48.875, 78.375, 3.2041184943081554e-23, nan 
49.125, 78.375, 1.7187219128281772e-23, nan 
49.375, 78.375, 2.1425372042076273e-23, nan 
49.625, 78.375, 2.8040500639167633e-23, nan 
49.875, 78.375, 3.010777046181172e-23, nan 
50.125, 78.375, 2.195957998508621e-23, nan 
50.375, 78.375, 2.4670593472972457e-23, nan 
50.625, 78.375, 4.709112067096353e-23, nan 
50.875, 78.375, 6.718596522628593e-23, nan 
51.125, 78.375, 5.2662600372002597e-23, nan 
51.375, 78.375, 4.168369870765134e-23, nan 
51.625, 78.375, 5.912621337709542e-23, nan 
51.875, 78.375, 6.331618626067243e-23, nan 
52.125, 78.375, 5.527533173900598e-23, nan 
52.375, 78.375, 6.245296817642178e-23, nan 
52.625, 78.375, 7.823197166765055e-23, nan 
52.875, 78.375, 1.1836934634240876e-22, nan 
53.125, 78.375, 7.673814512738302e-23, nan 
53.375, 78.375, 5.766341705847853e-23, nan 
53.625, 78.375, 7.270661441957508e-23, nan 
53.875, 78.375, 1.244643317747449e-22, nan 
54.125, 78.375, 8.701383937298075e-23, nan 
54.375, 78.375, 2.947358611850649e-23, nan 
54.625, 78.375, 2.456371341442087e-23, nan 
54.875, 78.375, 4.299006992921716e-23, nan 
55.125, 78.375, 5.434089043199563e-23, nan 
55.375, 78.375, 4.882795262353622e-23, nan 
55.625, 78.375, 2.1851861826353544e-23, nan 
55.875, 78.375, 1.5589041906237862e-23, nan 
56.125, 78.375, 2.1341397372658292e-23, nan 
56.375, 78.375, 2.4667652881838313e-23, nan 
56.625, 78.375, 3.7500853481488687e-23, nan 
56.875, 78.375, 3.9930598353596684e-23, nan 
57.125, 78.375, 4.0689918556716015e-23, nan 
57.375, 78.375, 2.5354105469286707e-23, nan 
57.625, 78.375, 3.0745163235654635e-23, nan 
57.875, 78.375, 4.487338313227082e-23, nan 
58.125, 78.375, 3.7691178131825204e-23, nan 
58.375, 78.375, 2.5475921422749682e-23, nan 
58.625, 78.375, 3.860883349426533e-23, nan 
58.875, 78.375, 4.498606131375605e-23, nan 
59.125, 78.375, 4.2937605610420886e-23, nan 
59.375, 78.375, 5.72097348116232e-23, nan 
59.625, 78.375, 3.998424759121402e-23, nan 
59.875, 78.375, 4.4763739528412214e-23, nan 
60.125, 78.375, 4.541352460875833e-23, nan 
60.375, 78.375, 4.4197778053810024e-23, nan 
60.625, 78.375, 3.088555600140274e-23, nan 
60.875, 78.375, 3.1946664853783536e-23, nan 
61.125, 78.375, 3.479519008559741e-23, nan 
61.375, 78.375, 4.288885671360923e-23, nan 
61.625, 78.375, 2.8659257711728087e-23, nan 
61.875, 78.375, 5.857555315313491e-23, nan 
62.125, 78.375, 2.2874689283140602e-23, nan 
62.375, 78.375, 2.0939004393805324e-23, nan 
62.625, 78.375, 2.269292836921603e-23, nan 
62.875, 78.375, 2.216433273941012e-23, nan 
63.125, 78.375, 2.4585888773062702e-23, nan 
63.375, 78.375, 3.01835806827193e-23, nan 
63.625, 78.375, 4.1404346703718583e-23, nan 
63.875, 78.375, 4.3007454004533316e-23, nan 
64.125, 78.375, 3.7086847552430923e-23, nan 
64.375, 78.375, 3.713441538815576e-23, nan 
64.625, 78.375, 3.578191498037076e-23, nan 
64.875, 78.375, 4.135500988995925e-23, nan 
65.125, 78.375, 3.243307225930612e-23, nan 
65.375, 78.375, 2.6463124589536428e-23, nan 
65.625, 78.375, 2.2000608961686948e-23, nan 
65.875, 78.375, 1.8124204566725012e-23, nan 
66.125, 78.375, 2.608241581330453e-23, nan 
66.375, 78.375, 4.2636208532583706e-23, nan 
66.625, 78.375, 3.81473221774805e-23, nan 
66.875, 78.375, 2.999601043662893e-23, nan 
67.125, 78.375, 3.2078932424989126e-23, nan 
67.375, 78.375, 2.5769415465512868e-23, nan 
67.625, 78.375, 2.3403018273236852e-23, nan 
67.875, 78.375, 1.3652612610689332e-23, nan 
68.125, 78.375, 4.940842296883897e-24, nan 
68.375, 78.375, 7.429192308783131e-24, nan 
68.625, 78.375, 6.639767484794033e-24, nan 
68.875, 78.375, 1.295011930675457e-23, nan 
69.125, 78.375, 1.5486710655461237e-23, nan 
69.375, 78.375, 1.0259421758711681e-23, nan 
69.625, 78.375, 1.278866040591973e-23, nan 
69.875, 78.375, 8.504354685433675e-24, nan 
70.125, 78.375, 9.87504854542957e-24, nan 
70.375, 78.375, 9.20275761893837e-24, nan 
70.625, 78.375, 1.2266884615150834e-23, nan 
70.875, 78.375, 1.3926532778187205e-23, nan 
71.125, 78.375, 1.1008539212094507e-23, nan 
71.375, 78.375, 6.711964634310002e-24, nan 
71.625, 78.375, 9.766956010987584e-24, nan 
71.875, 78.375, 1.0944805816612098e-23, nan 
72.125, 78.375, 4.404572217501257e-24, nan 
72.375, 78.375, 6.816755882768084e-24, nan 
72.625, 78.375, 6.694606441293947e-24, nan 
72.875, 78.375, 4.7394692037015746e-24, nan 
73.125, 78.375, 8.407971016503413e-24, nan 
73.375, 78.375, 8.99432284458758e-24, nan 
73.625, 78.375, 1.1859023990861737e-23, nan 
73.875, 78.375, 2.33384597932638e-23, nan 
74.125, 78.375, 1.527920347984463e-23, nan 
74.375, 78.375, 8.347124077048591e-24, nan 
74.625, 78.375, 1.1077817313281416e-23, nan 
74.875, 78.375, 1.8341173438196227e-23, nan 
75.125, 78.375, 3.952398666939129e-23, nan 
75.375, 78.375, 1.876984660393585e-23, nan 
75.625, 78.375, 8.561224392123126e-24, nan 
75.875, 78.375, 1.2405824052863014e-23, nan 
76.125, 78.375, 1.7978100553404876e-23, nan 
76.375, 78.375, 2.5977858843543114e-23, nan 
76.625, 78.375, 1.4218709636497292e-23, nan 
76.875, 78.375, 5.711619940297076e-24, nan 
77.125, 78.375, 6.0312724556975815e-24, nan 
77.375, 78.375, 4.8254770735980624e-24, nan 
77.625, 78.375, 7.288974782293977e-24, nan 
77.875, 78.375, 5.187575359723245e-24, nan 
78.125, 78.375, 5.767658354021198e-24, nan 
78.375, 78.375, 7.267044590532251e-24, nan 
78.625, 78.375, 4.674112511650427e-24, nan 
78.875, 78.375, 4.844362731825469e-24, nan 
79.125, 78.375, 8.86544925415268e-24, nan 
79.375, 78.375, 1.6307053368054795e-23, nan 
79.625, 78.375, 9.595602861492909e-24, nan 
79.875, 78.375, 1.1033438797025316e-23, nan 
80.125, 78.375, 1.1066116503032613e-23, nan 
80.375, 78.375, 7.419387585874718e-24, nan 
80.625, 78.375, 8.525591778343106e-24, nan 
80.875, 78.375, 7.766213873268918e-24, nan 
81.125, 78.375, 5.833232658271553e-24, nan 
81.375, 78.375, 9.235175222423449e-24, nan 
81.625, 78.375, 7.783692300320089e-24, nan 
81.875, 78.375, 6.928911510121081e-24, nan 
82.125, 78.375, 7.156390455885822e-24, nan 
82.375, 78.375, 9.842533361709393e-24, nan 
82.625, 78.375, 5.331059823678628e-24, nan 
82.875, 78.375, 7.069078116626758e-24, nan 
83.125, 78.375, 7.288757875203774e-24, nan 
83.375, 78.375, 1.1223658774132023e-23, nan 
83.625, 78.375, 9.345742441979895e-24, nan 
83.875, 78.375, 1.0164673046565594e-23, nan 
84.125, 78.375, 7.665934464798928e-24, nan 
84.375, 78.375, 8.142798119957716e-24, nan 
84.625, 78.375, 8.559842788488587e-24, nan 
84.875, 78.375, 8.786970649762532e-24, nan 
85.125, 78.375, 1.0738324016709956e-23, nan 
85.375, 78.375, 8.552511393804615e-24, nan 
85.625, 78.375, 6.822557934768832e-24, nan 
85.875, 78.375, 7.38612003890279e-24, nan 
86.125, 78.375, 6.935923819940902e-24, nan 
86.375, 78.375, 6.4381097292664465e-24, nan 
86.625, 78.375, 5.491575602614992e-24, nan 
86.875, 78.375, 4.743997091073202e-24, nan 
87.125, 78.375, 5.324662224232753e-24, nan 
87.375, 78.375, 8.229539312862759e-24, nan 
87.625, 78.375, 6.661496062569715e-24, nan 
87.875, 78.375, 3.677264846679539e-24, nan 
88.125, 78.375, 3.303534524171514e-24, nan 
88.375, 78.375, 7.05109434443298e-24, nan 
88.625, 78.375, 9.454020085930666e-24, nan 
88.875, 78.375, 9.776273250644275e-24, nan 
89.125, 78.375, 7.027723039405648e-24, nan 
89.375, 78.375, 4.0605187285861284e-24, nan 
89.625, 78.375, 3.2763612570537237e-24, nan 
89.875, 78.375, 1.5176698922179123e-24, nan 
90.125, 78.375, 3.55071608432351e-24, nan 
90.375, 78.375, 6.29890485615675e-24, nan 
90.625, 78.375, 2.9091702404621317e-24, nan 
90.875, 78.375, 4.159472051294668e-24, nan 
91.125, 78.375, 4.076552978036415e-24, nan 
91.375, 78.375, 4.544289036132298e-24, nan 
91.625, 78.375, 6.210933323625846e-24, nan 
91.875, 78.375, 5.096552582674347e-24, nan 
92.125, 78.375, 5.7045784387224404e-24, nan 
92.375, 78.375, 6.193062702177133e-24, nan 
92.625, 78.375, 7.674438671294967e-24, nan 
92.875, 78.375, 1.0206303511552654e-23, nan 
93.125, 78.375, 8.653484385756713e-24, nan 
93.375, 78.375, 9.776718916209042e-24, nan 
93.625, 78.375, 8.328408264794133e-24, nan 
93.875, 78.375, 9.070128541543975e-24, nan 
94.125, 78.375, 1.217371657906054e-23, nan 
94.375, 78.375, 1.0288592135597546e-23, nan 
94.625, 78.375, 1.0090605945668307e-23, nan 
94.875, 78.375, 9.836327353675714e-24, nan 
95.125, 78.375, 1.2960700943211678e-23, nan 
95.375, 78.375, 1.14521982309942e-23, nan 
95.625, 78.375, 1.0084295357294208e-23, nan 
95.875, 78.375, 6.923368475447207e-24, nan 
96.125, 78.375, 1.1388594669711821e-23, nan 
96.375, 78.375, 1.1879142853143389e-23, nan 
96.625, 78.375, 1.1941894367035596e-23, nan 
96.875, 78.375, 1.5237663180456539e-23, nan 
97.125, 78.375, 1.1996334438032786e-23, nan 
97.375, 78.375, 9.357819556306462e-24, nan 
97.625, 78.375, 8.533153673097821e-24, nan 
97.875, 78.375, 8.878085395291015e-24, nan 
98.125, 78.375, 1.0931121576508837e-23, nan 
98.375, 78.375, 1.0574613436885158e-23, nan 
98.625, 78.375, 6.51137891179279e-24, nan 
98.875, 78.375, 6.953608540886845e-24, nan 
99.125, 78.375, 3.8636129009428835e-24, nan 
99.375, 78.375, 4.478033400837905e-24, nan 
99.625, 78.375, 3.7715554471731655e-24, nan 
99.875, 78.375, 3.700784956744467e-24, nan 
100.125, 78.375, 4.891518069871275e-24, nan 
100.375, 78.375, 4.605396018241959e-24, nan 
100.625, 78.375, 3.594535480469085e-24, nan 
100.875, 78.375, 1.946018990363599e-24, nan 
101.125, 78.375, 3.589328591468847e-24, nan 
101.375, 78.375, 5.211080642317097e-24, nan 
101.625, 78.375, 6.626884348320842e-24, nan 
101.875, 78.375, 7.430398357831359e-24, nan 
102.125, 78.375, 3.98381288553092e-24, nan 
102.375, 78.375, 2.183197782724156e-24, nan 
102.625, 78.375, 3.286844254275876e-24, nan 
102.875, 78.375, 3.952197653001955e-24, nan 
103.125, 78.375, 3.208173139981286e-24, nan 
103.375, 78.375, 2.5185837437544695e-24, nan 
103.625, 78.375, 2.2531243639156495e-24, nan 
103.875, 78.375, 3.2963436485392317e-24, nan 
104.125, 78.375, 2.746770722818696e-24, nan 
104.375, 78.375, 1.8586928247123777e-24, nan 
104.625, 78.375, 3.475527367901353e-24, nan 
104.875, 78.375, 3.809563273515307e-24, nan 
105.125, 78.375, 6.63054723595921e-24, nan 
105.375, 78.375, 4.990643082577444e-24, nan 
105.625, 78.375, 2.251131077025507e-24, nan 
105.875, 78.375, 3.802485981385019e-24, nan 
106.125, 78.375, 5.4740384201176846e-24, nan 
106.375, 78.375, 9.2708710083208e-24, nan 
106.625, 78.375, 7.095922907831495e-24, nan 
106.875, 78.375, 8.282164814110102e-24, nan 
107.125, 78.375, 7.105402070836192e-24, nan 
107.375, 78.375, 6.846570436525332e-24, nan 
107.625, 78.375, 4.589809231150717e-24, nan 
107.875, 78.375, 5.2323956356847635e-24, nan 
108.125, 78.375, 8.326898073223851e-24, nan 
108.375, 78.375, 7.091102579188905e-24, nan 
108.625, 78.375, 5.659017912871583e-24, nan 
108.875, 78.375, 4.1532507405003596e-24, nan 
109.125, 78.375, 4.551571525354883e-24, nan 
109.375, 78.375, 4.411282469500223e-24, nan 
109.625, 78.375, 2.693847853423763e-24, nan 
109.875, 78.375, 2.633458066918136e-24, nan 
110.125, 78.375, 1.048155732497721e-23, nan 
110.375, 78.375, 1.5104007816389987e-23, nan 
110.625, 78.375, 1.5340768209411784e-23, nan 
110.875, 78.375, 1.2863703675084049e-23, nan 
111.125, 78.375, 8.072205311821173e-24, nan 
111.375, 78.375, 1.2230160236406372e-23, nan 
111.625, 78.375, 1.6666309575997648e-23, nan 
111.875, 78.375, 1.6953976907279813e-23, nan 
112.125, 78.375, 1.4663962454199622e-23, nan 
112.375, 78.375, 9.461783185287253e-24, nan 
112.625, 78.375, 7.885958855728227e-24, nan 
112.875, 78.375, 9.310523906682024e-24, nan 
113.125, 78.375, 9.609341454677566e-24, nan 
113.375, 78.375, 8.811051730085846e-24, nan 
113.625, 78.375, 6.496166964638152e-24, nan 
113.875, 78.375, 4.983653568170447e-24, nan 
114.125, 78.375, 4.293842581457584e-24, nan 
114.375, 78.375, 5.3270860597975845e-24, nan 
114.625, 78.375, 5.619028961508788e-24, nan 
114.875, 78.375, 8.63226894533215e-24, nan 
115.125, 78.375, 7.226486725984221e-24, nan 
115.375, 78.375, 4.192374779701132e-24, nan 
115.625, 78.375, 7.127128909366586e-24, nan 
115.875, 78.375, 7.771463617629564e-24, nan 
116.125, 78.375, 7.831922793122712e-24, nan 
116.375, 78.375, 6.837497666141727e-24, nan 
116.625, 78.375, 4.5894742192065726e-24, nan 
116.875, 78.375, 3.400511373161378e-24, nan 
117.125, 78.375, 1.1672282492404983e-23, nan 
117.375, 78.375, 1.2667056442933909e-23, nan 
117.625, 78.375, 9.845089515955458e-24, nan 
117.875, 78.375, 3.864575933586786e-24, nan 
118.125, 78.375, 2.837883602704867e-24, nan 
118.375, 78.375, 7.965061438112084e-24, nan 
118.625, 78.375, 8.47565338708544e-24, nan 
118.875, 78.375, 1.0833308583941415e-23, nan 
119.125, 78.375, 1.105971968044768e-23, nan 
119.375, 78.375, 8.721282126602737e-24, nan 
119.625, 78.375, 6.117778302539919e-24, nan 
119.875, 78.375, 6.2907997601777726e-24, nan 
120.125, 78.375, 7.970268778727886e-24, nan 
120.375, 78.375, 9.040362274980096e-24, nan 
120.625, 78.375, 8.763202970985518e-24, nan 
120.875, 78.375, 9.078809899759783e-24, nan 
121.125, 78.375, 9.048721242545359e-24, nan 
121.375, 78.375, 7.054069037788789e-24, nan 
121.625, 78.375, 4.890335770712672e-24, nan 
121.875, 78.375, 4.06802255268345e-24, nan 
122.125, 78.375, 2.8235214259785497e-24, nan 
122.375, 78.375, 3.1654984539732088e-24, nan 
122.625, 78.375, 3.957395058676887e-24, nan 
122.875, 78.375, 2.389171543319875e-24, nan 
123.125, 78.375, 2.9547170591727178e-24, nan 
123.375, 78.375, 3.944717455557644e-24, nan 
123.625, 78.375, 3.2990524989667674e-24, nan 
123.875, 78.375, 3.460643270971023e-24, nan 
124.125, 78.375, 2.7977497624364397e-24, nan 
124.375, 78.375, 3.525714894128202e-24, nan 
124.625, 78.375, 3.304026237221925e-24, nan 
124.875, 78.375, 3.403123316152109e-24, nan 
125.125, 78.375, 3.489064586785513e-24, nan 
125.375, 78.375, 3.959608078419001e-24, nan 
125.625, 78.375, 3.760158003695973e-24, nan 
125.875, 78.375, 3.1899507976383883e-24, nan 
126.125, 78.375, 4.157634601954728e-24, nan 
126.375, 78.375, 3.1450052178663777e-24, nan 
126.625, 78.375, 3.382779013104202e-24, nan 
126.875, 78.375, 3.6501124811726154e-24, nan 
127.125, 78.375, 4.841107006219113e-24, nan 
127.375, 78.375, 7.045749095864191e-24, nan 
127.625, 78.375, 4.448194380672689e-24, nan 
127.875, 78.375, 4.445834541171344e-24, nan 
128.125, 78.375, 3.997707533071978e-24, nan 
128.375, 78.375, 3.693915600723415e-24, nan 
128.625, 78.375, 4.4707188257032876e-24, nan 
128.875, 78.375, 3.500817313443095e-24, nan 
129.125, 78.375, 4.197049805170061e-24, nan 
129.375, 78.375, 4.290671826634567e-24, nan 
129.625, 78.375, 3.783705921224837e-24, nan 
129.875, 78.375, 2.7706598749031235e-24, nan 
130.125, 78.375, 2.3295339443316333e-24, nan 
130.375, 78.375, 5.525999729789907e-24, nan 
130.625, 78.375, 7.020636313493746e-24, nan 
130.875, 78.375, 7.056606163678433e-24, nan 
131.125, 78.375, 6.635048743766435e-24, nan 
131.375, 78.375, 2.8961296869379573e-24, nan 
131.625, 78.375, 3.298205072783285e-24, nan 
131.875, 78.375, 4.586271785516841e-24, nan 
132.125, 78.375, 4.655061137080552e-24, nan 
132.375, 78.375, 4.577201456525153e-24, nan 
132.625, 78.375, 2.8211603532739885e-24, nan 
132.875, 78.375, 2.9385902316712328e-24, nan 
133.125, 78.375, 1.5446352092769383e-24, nan 
133.375, 78.375, 2.1688120152446842e-24, nan 
133.625, 78.375, 1.968603544368674e-24, nan 
133.875, 78.375, 3.1596248859709738e-24, nan 
134.125, 78.375, 4.149255199809988e-24, nan 
134.375, 78.375, 3.357793982063933e-24, nan 
134.625, 78.375, 2.746268419305475e-24, nan 
134.875, 78.375, 3.2913530567618463e-24, nan 
135.125, 78.375, 4.0687380321562076e-24, nan 
135.375, 78.375, 3.5396708601075554e-24, nan 
135.625, 78.375, 3.545433046476222e-24, nan 
135.875, 78.375, 2.7070282226032963e-24, nan 
136.125, 78.375, 2.748169260155592e-24, nan 
136.375, 78.375, 2.9143977337746717e-24, nan 
136.625, 78.375, 3.7987693071089055e-24, nan 
136.875, 78.375, 3.2195539482139546e-24, nan 
137.125, 78.375, 4.17918415172364e-24, nan 
137.375, 78.375, 4.316650746303761e-24, nan 
137.625, 78.375, 4.518174351781747e-24, nan 
137.875, 78.375, 4.47551008899306e-24, nan 
138.125, 78.375, 3.815953091575587e-24, nan 
138.375, 78.375, 4.362123609107689e-24, nan 
138.625, 78.375, 4.151361099535842e-24, nan 
138.875, 78.375, 4.482296856324097e-24, nan 
139.125, 78.375, 3.7613029062894666e-24, nan 
139.375, 78.375, 3.264858031356777e-24, nan 
139.625, 78.375, 3.7323086223731644e-24, nan 
139.875, 78.375, 2.9086170472548666e-24, nan 
140.125, 78.375, 4.086353100196036e-24, nan 
140.375, 78.375, 3.2995505733459763e-24, nan 
140.625, 78.375, 4.983652053476154e-24, nan 
140.875, 78.375, 3.835288003619661e-24, nan 
141.125, 78.375, 3.0201093496804137e-24, nan 
141.375, 78.375, 2.064342244606313e-24, nan 
141.625, 78.375, 2.082382355951788e-24, nan 
141.875, 78.375, 2.349960146917058e-24, nan 
142.125, 78.375, 5.7964706312473756e-24, nan 
142.375, 78.375, 4.516011675432292e-24, nan 
142.625, 78.375, 2.9616253242485362e-24, nan 
142.875, 78.375, 1.8551296396533916e-24, nan 
143.125, 78.375, 2.44669582294113e-24, nan 
143.375, 78.375, 3.995410454313541e-24, nan 
143.625, 78.375, 3.4451930689901705e-24, nan 
143.875, 78.375, 2.758095605026444e-24, nan 
144.125, 78.375, 1.7429840813135948e-24, nan 
144.375, 78.375, 1.6401002275250525e-24, nan 
144.625, 78.375, 1.6309204916973716e-24, nan 
144.875, 78.375, 1.707091917401522e-24, nan 
145.125, 78.375, 1.6946877624054727e-24, nan 
145.375, 78.375, 1.7988747959833346e-24, nan 
145.625, 78.375, 1.500727673303167e-24, nan 
145.875, 78.375, 1.6304371476745311e-24, nan 
146.125, 78.375, 1.373163705119193e-24, nan 
146.375, 78.375, 1.492484293200775e-24, nan 
146.625, 78.375, 1.3411216930888707e-24, nan 
146.875, 78.375, 1.7172136970210223e-24, nan 
147.125, 78.375, 1.6788476489410305e-24, nan 
147.375, 78.375, 6.6690876271308405e-25, nan 
147.625, 78.375, 1.5625783039152313e-24, nan 
147.875, 78.375, 2.128763790381859e-24, nan 
148.125, 78.375, 2.418822013027519e-24, nan 
148.375, 78.375, 2.347860076079959e-24, nan 
148.625, 78.375, 1.612385227735577e-24, nan 
148.875, 78.375, 1.6280359400239708e-24, nan 
149.125, 78.375, 2.3523918930050237e-24, nan 
149.375, 78.375, 2.704176159568356e-24, nan 
149.625, 78.375, 2.490408059960373e-24, nan 
149.875, 78.375, 1.5590058552941836e-24, nan 
150.125, 78.375, 1.0522727750181474e-24, nan 
150.375, 78.375, 9.785209064603967e-25, nan 
150.625, 78.375, 1.0686309321529913e-24, nan 
150.875, 78.375, 1.6149451111102918e-24, nan 
151.125, 78.375, 1.7548663188801623e-24, nan 
151.375, 78.375, 1.976280348846131e-24, nan 
151.625, 78.375, 2.5700295629679644e-24, nan 
151.875, 78.375, 2.449652070083643e-24, nan 
152.125, 78.375, 3.2146923805769596e-24, nan 
152.375, 78.375, 3.118387875162598e-24, nan 
152.625, 78.375, 1.6897117839946562e-24, nan 
152.875, 78.375, 2.8587596000421072e-24, nan 
153.125, 78.375, 2.9114075788832715e-24, nan 
153.375, 78.375, 1.2514453657880317e-24, nan 
153.625, 78.375, 1.1245707160623268e-24, nan 
153.875, 78.375, 1.57220496438991e-24, nan 
154.125, 78.375, 1.406840149829595e-24, nan 
154.375, 78.375, 2.5712661329721546e-24, nan 
154.625, 78.375, 3.2556594833024034e-24, nan 
154.875, 78.375, 4.5154404306404735e-24, nan 
155.125, 78.375, 5.815262727176418e-24, nan 
155.375, 78.375, 3.830331737714494e-24, nan 
155.625, 78.375, 2.482698185685371e-24, nan 
155.875, 78.375, 3.4019005801745385e-24, nan 
156.125, 78.375, 3.959086756141576e-24, nan 
156.375, 78.375, 4.352947580934281e-24, nan 
156.625, 78.375, 3.138206098158059e-24, nan 
156.875, 78.375, 1.4416181301647237e-24, nan 
157.125, 78.375, 2.1851669582243782e-24, nan 
157.375, 78.375, 2.4078878489478264e-24, nan 
157.625, 78.375, 1.0349669622505934e-24, nan 
157.875, 78.375, 1.865397031922924e-24, nan 
158.125, 78.375, 1.2637378739855373e-24, nan 
158.375, 78.375, 1.937636631312692e-24, nan 
158.625, 78.375, 2.3882060295168534e-24, nan 
158.875, 78.375, 3.3008771504056528e-24, nan 
159.125, 78.375, 3.588919798475252e-24, nan 
159.375, 78.375, 2.232524827561713e-24, nan 
159.625, 78.375, 2.3175847441198204e-24, nan 
159.875, 78.375, 2.3073450370330234e-24, nan 
160.125, 78.375, 2.4076881385224397e-24, nan 
160.375, 78.375, 1.7600537537733547e-24, nan 
160.625, 78.375, 1.3656828045943675e-24, nan 
160.875, 78.375, 2.0566608889268273e-24, nan 
161.125, 78.375, 1.9000879776065527e-24, nan 
161.375, 78.375, 1.6474361291270821e-24, nan 
161.625, 78.375, 1.8612263081856197e-24, nan 
161.875, 78.375, 2.265576899464693e-24, nan 
162.125, 78.375, 1.1163529787797746e-24, nan 
162.375, 78.375, 1.1051196791221506e-24, nan 
162.625, 78.375, 8.770274228616618e-25, nan 
162.875, 78.375, 1.9418218574718993e-24, nan 
163.125, 78.375, 1.8800336265788145e-24, nan 
163.375, 78.375, 8.667918503304561e-25, nan 
163.625, 78.375, 9.348827067087975e-25, nan 
163.875, 78.375, 2.4588010981006164e-24, nan 
164.125, 78.375, 1.9358932627872963e-24, nan 
164.375, 78.375, 1.2375652001955017e-24, nan 
164.625, 78.375, 1.318252675711836e-24, nan 
164.875, 78.375, 1.9599480780316267e-24, nan 
165.125, 78.375, 2.6689341916293316e-24, nan 
165.375, 78.375, 3.4569514189486224e-24, nan 
165.625, 78.375, 3.874791637140326e-24, nan 
165.875, 78.375, 3.8835972539734146e-24, nan 
166.125, 78.375, 3.93088115003388e-24, nan 
166.375, 78.375, 4.5481002018987404e-24, nan 
166.625, 78.375, 4.045963385893079e-24, nan 
166.875, 78.375, 4.495609127303607e-24, nan 
167.125, 78.375, 4.612727320692386e-24, nan 
167.375, 78.375, 4.3851715600717276e-24, nan 
167.625, 78.375, 5.160197196995162e-24, nan 
167.875, 78.375, 3.1389850334243498e-24, nan 
168.125, 78.375, 2.2849628738399118e-24, nan 
168.375, 78.375, 2.3587105982437118e-24, nan 
168.625, 78.375, 2.0054328955752525e-24, nan 
168.875, 78.375, 1.8923308746292556e-24, nan 
169.125, 78.375, 1.2887226099442847e-24, nan 
169.375, 78.375, 5.748127669671957e-25, nan 
169.625, 78.375, 9.58759097224678e-25, nan 
169.875, 78.375, 1.1591893956400376e-24, nan 
170.125, 78.375, 1.9972268550392477e-24, nan 
170.375, 78.375, 1.8082198096329162e-24, nan 
170.625, 78.375, 1.0638980071363007e-24, nan 
170.875, 78.375, 8.374916562680089e-25, nan 
171.125, 78.375, 1.263710117531124e-24, nan 
171.375, 78.375, 2.640207645623596e-24, nan 
171.625, 78.375, 2.2362124355615204e-24, nan 
171.875, 78.375, 2.28474006309762e-24, nan 
172.125, 78.375, 2.2965356342118578e-24, nan 
172.375, 78.375, 3.382934233283543e-24, nan 
172.625, 78.375, 2.7317998145823096e-24, nan 
172.875, 78.375, 5.034595716512804e-24, nan 
173.125, 78.375, 4.701144028020219e-24, nan 
173.375, 78.375, 3.3350462691843474e-24, nan 
173.625, 78.375, 5.071354807674611e-24, nan 
173.875, 78.375, 4.207770891206533e-24, nan 
174.125, 78.375, 3.3809788174436905e-24, nan 
174.375, 78.375, 3.325384999856102e-24, nan 
174.625, 78.375, 6.377480971726513e-25, nan 
174.875, 78.375, 3.011220492597359e-24, nan 
175.125, 78.375, 2.181712079077058e-24, nan 
175.375, 78.375, 1.6591172628473535e-24, nan 
175.625, 78.375, 3.238502260071743e-24, nan 
175.875, 78.375, 3.8500421681025864e-24, nan 
176.125, 78.375, 4.5407781499350454e-24, nan 
176.375, 78.375, 3.4602595353146485e-24, nan 
176.625, 78.375, 3.8666824070371265e-24, nan 
176.875, 78.375, 3.9540909703829886e-24, nan 
177.125, 78.375, 3.560260921934441e-24, nan 
177.375, 78.375, 2.0992983013709226e-24, nan 
177.625, 78.375, 9.534386019791765e-25, nan 
177.875, 78.375, 1.985284450148843e-24, nan 
178.125, 78.375, 2.4486684950587907e-24, nan 
178.375, 78.375, 3.625256146303743e-24, nan 
178.625, 78.375, 3.740077208507316e-24, nan 
178.875, 78.375, 2.3052078577838968e-24, nan 
179.125, 78.375, 2.61806633158052e-24, nan 
179.375, 78.375, 2.2095176855211483e-24, nan 
179.625, 78.375, 4.068133122354922e-24, nan 
179.875, 78.375, 5.47616309703125e-24, nan 
-179.875, 78.625, 4.544612638264912e-24, nan 
-179.625, 78.625, 4.811203362886668e-24, nan 
-179.375, 78.625, 3.978753865958832e-24, nan 
-179.125, 78.625, 4.575430327932866e-24, nan 
-178.875, 78.625, 3.933196487465305e-24, nan 
-178.625, 78.625, 3.958065891173002e-24, nan 
-178.375, 78.625, 4.9057548364255075e-24, nan 
-178.125, 78.625, 3.9959410101936974e-24, nan 
-177.875, 78.625, 4.2555234533065475e-24, nan 
-177.625, 78.625, 4.13744866327152e-24, nan 
-177.375, 78.625, 4.337009405014741e-24, nan 
-177.125, 78.625, 9.085755235130138e-24, nan 
-176.875, 78.625, 9.643238517810218e-24, nan 
-176.625, 78.625, 1.349725801265548e-23, nan 
-176.375, 78.625, 1.2359294728008676e-23, nan 
-176.125, 78.625, 7.927826314223451e-24, nan 
-175.875, 78.625, 9.067014817229488e-24, nan 
-175.625, 78.625, 1.1133722738111247e-23, nan 
-175.375, 78.625, 1.36087775505147e-23, nan 
-175.125, 78.625, 6.453929705297336e-24, nan 
-174.875, 78.625, 5.959180629477356e-24, nan 
-174.625, 78.625, 2.4530565638297834e-24, nan 
-174.375, 78.625, 4.296913905189035e-24, nan 
-174.125, 78.625, 5.4562288951982225e-24, nan 
-173.875, 78.625, 4.212632953560987e-24, nan 
-173.625, 78.625, 4.9578438034993766e-24, nan 
-173.375, 78.625, 5.0609214114659054e-24, nan 
-173.125, 78.625, 2.0134653074436448e-24, nan 
-172.875, 78.625, 3.0166995391077115e-24, nan 
-172.625, 78.625, 5.125018208526542e-24, nan 
-172.375, 78.625, 6.830206807073981e-24, nan 
-172.125, 78.625, 8.916946950452275e-24, nan 
-171.875, 78.625, 9.719361619846854e-24, nan 
-171.625, 78.625, 1.6849321967312562e-23, nan 
-171.375, 78.625, 1.2147096721753467e-23, nan 
-171.125, 78.625, 1.622600993047882e-23, nan 
-170.875, 78.625, 1.6619917368798214e-23, nan 
-170.625, 78.625, 1.6881871582579263e-23, nan 
-170.375, 78.625, 1.570877388393454e-23, nan 
-170.125, 78.625, 1.222431418260394e-23, nan 
-169.875, 78.625, 1.1901248197504875e-23, nan 
-169.625, 78.625, 9.41505941046513e-24, nan 
-169.375, 78.625, 1.0931184650893319e-23, nan 
-169.125, 78.625, 1.354994986805528e-23, nan 
-168.875, 78.625, 7.896972858628469e-24, nan 
-168.625, 78.625, 7.775112295549921e-24, nan 
-168.375, 78.625, 6.3751578109615456e-24, nan 
-168.125, 78.625, 8.721175916449163e-24, nan 
-167.875, 78.625, 9.223282143920304e-24, nan 
-167.625, 78.625, 9.510677743808148e-24, nan 
-167.375, 78.625, 7.738047312359935e-24, nan 
-167.125, 78.625, 7.781867993736834e-24, nan 
-166.875, 78.625, 7.314901263310618e-24, nan 
-166.625, 78.625, 8.863393206716384e-24, nan 
-166.375, 78.625, 9.736488533124424e-24, nan 
-166.125, 78.625, 9.606756628810236e-24, nan 
-165.875, 78.625, 7.200262485627881e-24, nan 
-165.625, 78.625, 7.728421982287322e-24, nan 
-165.375, 78.625, 7.2936260492998e-24, nan 
-165.125, 78.625, 5.8781284177163296e-24, nan 
-164.875, 78.625, 4.394882284720733e-24, nan 
-164.625, 78.625, 4.9869589709826285e-24, nan 
-164.375, 78.625, 6.413307979947644e-24, nan 
-164.125, 78.625, 5.631379412542717e-24, nan 
-163.875, 78.625, 5.857316373760595e-24, nan 
-163.625, 78.625, 5.1989163386185694e-24, nan 
-163.375, 78.625, 6.299777288511834e-24, nan 
-163.125, 78.625, 7.016652826790706e-24, nan 
-162.875, 78.625, 1.0346447595536216e-23, nan 
-162.625, 78.625, 5.75338002894773e-24, nan 
-162.375, 78.625, 4.174044741709949e-24, nan 
-162.125, 78.625, 4.99817462069078e-24, nan 
-161.875, 78.625, 6.59259550527678e-24, nan 
-161.625, 78.625, 3.908420594045633e-24, nan 
-161.375, 78.625, 1.893551664981423e-24, nan 
-161.125, 78.625, 1.804215170252134e-24, nan 
-160.875, 78.625, 2.7171451677217378e-24, nan 
-160.625, 78.625, 2.444725292453724e-24, nan 
-160.375, 78.625, 2.2279063146862568e-24, nan 
-160.125, 78.625, 2.2375553864693177e-24, nan 
-159.875, 78.625, 2.6144420830985537e-24, nan 
-159.625, 78.625, 2.2780680893096547e-24, nan 
-159.375, 78.625, 2.6733638300499777e-24, nan 
-159.125, 78.625, 4.2980366487658825e-24, nan 
-158.875, 78.625, 3.2278020264741105e-24, nan 
-158.625, 78.625, 1.1784056563263174e-23, nan 
-158.375, 78.625, 1.1924111197643903e-23, nan 
-158.125, 78.625, 8.987129754396208e-24, nan 
-157.875, 78.625, 8.563356087681767e-24, nan 
-157.625, 78.625, 1.002893989397749e-23, nan 
-157.375, 78.625, 2.0709180287852314e-23, nan 
-157.125, 78.625, 2.1868257609488396e-23, nan 
-156.875, 78.625, 1.7598952043221024e-23, nan 
-156.625, 78.625, 1.770160663321351e-23, nan 
-156.375, 78.625, 1.9615047827220906e-23, nan 
-156.125, 78.625, 1.3920408853837463e-23, nan 
-155.875, 78.625, 1.3652685830435523e-23, nan 
-155.625, 78.625, 1.2529181736139858e-23, nan 
-155.375, 78.625, 1.2453550785792741e-23, nan 
-155.125, 78.625, 1.4126521475674584e-23, nan 
-154.875, 78.625, 1.0196441867515286e-23, nan 
-154.625, 78.625, 7.108700413558547e-24, nan 
-154.375, 78.625, 6.3367755844208634e-24, nan 
-154.125, 78.625, 9.224008198976898e-24, nan 
-153.875, 78.625, 9.096040425671436e-24, nan 
-153.625, 78.625, 7.134090016628326e-24, nan 
-153.375, 78.625, 3.5288717363895894e-24, nan 
-153.125, 78.625, 3.5988047471043696e-24, nan 
-152.875, 78.625, 1.1620208202013838e-23, nan 
-152.625, 78.625, 8.181913803567246e-24, nan 
-152.375, 78.625, 4.9846059613897165e-24, nan 
-152.125, 78.625, 6.602965695655291e-24, nan 
-151.875, 78.625, 6.756769252585439e-24, nan 
-151.625, 78.625, 1.1859315312262722e-23, nan 
-151.375, 78.625, 7.656637484035795e-24, nan 
-151.125, 78.625, 6.4599698124714405e-24, nan 
-150.875, 78.625, 6.939164956461034e-24, nan 
-150.625, 78.625, 1.0203409543904472e-23, nan 
-150.375, 78.625, 4.920434859871364e-24, nan 
-150.125, 78.625, 7.57111893601236e-24, nan 
-149.875, 78.625, 9.109645492967765e-24, nan 
-149.625, 78.625, 1.751171846298113e-23, nan 
-149.375, 78.625, 2.6189255171724354e-23, nan 
-149.125, 78.625, 2.510160395655194e-23, nan 
-148.875, 78.625, 1.959518446193177e-23, nan 
-148.625, 78.625, 1.919400628522003e-23, nan 
-148.375, 78.625, 1.7659669237746015e-23, nan 
-148.125, 78.625, 1.9258768248918772e-23, nan 
-147.875, 78.625, 9.364812831220972e-24, nan 
-147.625, 78.625, 1.0323038465095922e-23, nan 
-147.375, 78.625, 8.55962039904403e-24, nan 
-147.125, 78.625, 8.892616819180041e-24, nan 
-146.875, 78.625, 1.2977556559903392e-23, nan 
-146.625, 78.625, 1.3451641149788856e-23, nan 
-146.375, 78.625, 1.692569469265112e-23, nan 
-146.125, 78.625, 1.2924061220820119e-23, nan 
-145.875, 78.625, 1.1987140314381828e-23, nan 
-145.625, 78.625, 1.3203024763641545e-23, nan 
-145.375, 78.625, 8.94589797762389e-24, nan 
-145.125, 78.625, 4.7918715334972344e-24, nan 
-144.875, 78.625, 4.9015937932643114e-24, nan 
-144.625, 78.625, 9.52095666787286e-24, nan 
-144.375, 78.625, 1.276670852395455e-23, nan 
-144.125, 78.625, 1.0703201007539982e-23, nan 
-143.875, 78.625, 7.501325248264555e-24, nan 
-143.625, 78.625, 5.083915129636162e-24, nan 
-143.375, 78.625, 8.789428378278915e-24, nan 
-143.125, 78.625, 1.5283288687717502e-23, nan 
-142.875, 78.625, 1.5713916114263298e-23, nan 
-142.625, 78.625, 1.411905163360569e-23, nan 
-142.375, 78.625, 1.1974914667837185e-23, nan 
-142.125, 78.625, 1.1180332990511882e-23, nan 
-141.875, 78.625, 2.020008701851502e-23, nan 
-141.625, 78.625, 2.4439496870617214e-23, nan 
-141.375, 78.625, 3.872323537884515e-23, nan 
-141.125, 78.625, 4.18740671331386e-23, nan 
-140.875, 78.625, 3.4225016632172405e-23, nan 
-140.625, 78.625, 3.5610425471409616e-23, nan 
-140.375, 78.625, 4.2053551864679313e-23, nan 
-140.125, 78.625, 4.8461042609814356e-23, nan 
-139.875, 78.625, 3.707632214360287e-23, nan 
-139.625, 78.625, 2.731605779859833e-23, nan 
-139.375, 78.625, 7.926871417878427e-24, nan 
-139.125, 78.625, 1.2462922482418896e-23, nan 
-138.875, 78.625, 1.3856159924563277e-23, nan 
-138.625, 78.625, 2.4628248679558686e-23, nan 
-138.375, 78.625, 1.6846477835421506e-23, nan 
-138.125, 78.625, 2.0721872153861196e-23, nan 
-137.875, 78.625, 1.7193967259937317e-23, nan 
-137.625, 78.625, 1.5566697804865102e-23, nan 
-137.375, 78.625, 1.9348079944280275e-23, nan 
-137.125, 78.625, 1.345119206685792e-23, nan 
-136.875, 78.625, 2.0259966356748045e-23, nan 
-136.625, 78.625, 1.8963435824922064e-23, nan 
-136.375, 78.625, 1.457975046338746e-23, nan 
-136.125, 78.625, 1.2329451154053634e-23, nan 
-135.875, 78.625, 1.393870961389869e-23, nan 
-135.625, 78.625, 2.4778575970605184e-23, nan 
-135.375, 78.625, 3.1043511579080775e-23, nan 
-135.125, 78.625, 8.398725878584879e-24, nan 
-134.875, 78.625, 1.730536785123347e-23, nan 
-134.625, 78.625, 1.2453803317520634e-23, nan 
-134.375, 78.625, 1.41149956172676e-23, nan 
-134.125, 78.625, 1.3824300743581405e-23, nan 
-133.875, 78.625, 1.4691185457760748e-23, nan 
-133.625, 78.625, 1.0132647274641302e-23, nan 
-133.375, 78.625, 1.2044721192611712e-23, nan 
-133.125, 78.625, 1.0922027644217049e-23, nan 
-132.875, 78.625, 8.962294370570798e-24, nan 
-132.625, 78.625, 1.330511739822037e-23, nan 
-132.375, 78.625, 1.4348830820936592e-23, nan 
-132.125, 78.625, 1.5323606473694548e-23, nan 
-131.875, 78.625, 1.3223019493891847e-23, nan 
-131.625, 78.625, 9.9885828867255e-24, nan 
-131.375, 78.625, 7.047634543803572e-24, nan 
-131.125, 78.625, 7.347403655362492e-24, nan 
-130.875, 78.625, 4.756894513112834e-24, nan 
-130.625, 78.625, 5.076554180411116e-24, nan 
-130.375, 78.625, 3.68342709810594e-24, nan 
-130.125, 78.625, 6.126957313899966e-24, nan 
-129.875, 78.625, 4.118644807267193e-24, nan 
-129.625, 78.625, 7.458458927485914e-24, nan 
-129.375, 78.625, 5.037666888110559e-24, nan 
-129.125, 78.625, 2.8127734270893335e-24, nan 
-128.875, 78.625, 5.8266470973935616e-24, nan 
-128.625, 78.625, 5.452508852304646e-24, nan 
-128.375, 78.625, 8.419380994480493e-24, nan 
-128.125, 78.625, 1.3412532847994103e-23, nan 
-127.875, 78.625, 6.999412283142893e-24, nan 
-127.625, 78.625, 4.482102757116515e-24, nan 
-127.375, 78.625, 7.595980678609039e-24, nan 
-127.125, 78.625, 5.96697228786929e-24, nan 
-126.875, 78.625, 1.9190627858692962e-23, nan 
-126.625, 78.625, 2.7853672542590284e-23, nan 
-126.375, 78.625, 3.535926194827885e-23, nan 
-126.125, 78.625, 4.186323545127764e-23, nan 
-125.875, 78.625, 3.441827472853516e-23, nan 
-125.625, 78.625, 2.620855844523177e-23, nan 
-125.375, 78.625, 3.1597657449197476e-23, nan 
-125.125, 78.625, 3.852064315349035e-23, nan 
-124.875, 78.625, 4.7802761042838637e-23, nan 
-124.625, 78.625, 3.759808731250891e-23, nan 
-124.375, 78.625, 2.549154429020671e-23, nan 
-124.125, 78.625, 2.4666700711811633e-23, nan 
-123.875, 78.625, 2.2721278109209726e-23, nan 
-123.625, 78.625, 1.962522039449782e-23, nan 
-123.375, 78.625, 1.9439428787089947e-23, nan 
-123.125, 78.625, 1.5902096687212965e-23, nan 
-122.875, 78.625, 2.4508721996602393e-23, nan 
-122.625, 78.625, 2.9313797149483605e-23, nan 
-122.375, 78.625, 1.2000059240107335e-23, nan 
-122.125, 78.625, 1.066715412882658e-23, nan 
-121.875, 78.625, 1.3218904118375622e-23, nan 
-121.625, 78.625, 1.4745843554687414e-23, nan 
-121.375, 78.625, 1.5754309714608374e-23, nan 
-121.125, 78.625, 5.5660179161509144e-24, nan 
-120.875, 78.625, 7.580169085138688e-24, nan 
-120.625, 78.625, 6.1194581633706626e-24, nan 
-120.375, 78.625, 7.126056438754337e-24, nan 
-120.125, 78.625, 8.177602144349889e-24, nan 
-119.875, 78.625, 1.1979739154491977e-23, nan 
-119.625, 78.625, 1.2805092285577018e-23, nan 
-119.375, 78.625, 1.7272273227609262e-23, nan 
-119.125, 78.625, 1.829608249049937e-23, nan 
-118.875, 78.625, 1.3250099405158035e-23, nan 
-118.625, 78.625, 7.428925812258739e-24, nan 
-118.375, 78.625, 1.350782162656664e-23, nan 
-118.125, 78.625, 1.4342934386321806e-23, nan 
-117.875, 78.625, 1.7708939410152745e-23, nan 
-117.625, 78.625, 1.4984747395546156e-23, nan 
-117.375, 78.625, 2.5209601090308082e-23, nan 
-117.125, 78.625, 2.209007273584896e-23, nan 
-116.875, 78.625, 6.811352649616924e-24, nan 
-116.625, 78.625, 5.427633431808086e-24, nan 
-116.375, 78.625, 1.2081317659189348e-23, nan 
-116.125, 78.625, 1.637245228118774e-23, nan 
-115.875, 78.625, 1.8785462068789552e-23, nan 
-115.625, 78.625, 9.518416003556013e-24, nan 
-115.375, 78.625, 1.1331409814544282e-23, nan 
-115.125, 78.625, 2.078593299177908e-23, nan 
-114.875, 78.625, 1.7031493290845696e-23, nan 
-114.625, 78.625, 1.6718807878741435e-23, nan 
-114.375, 78.625, 2.248601859974955e-23, nan 
-114.125, 78.625, 3.157444417527741e-23, nan 
-113.875, 78.625, 3.2583438375481744e-23, nan 
-113.625, 78.625, 2.885104491343538e-23, nan 
-113.375, 78.625, 2.9125137776532377e-23, nan 
-113.125, 78.625, 3.067330020117356e-23, nan 
-112.875, 78.625, 3.288845428808322e-23, nan 
-112.625, 78.625, 3.061552316141212e-23, nan 
-112.375, 78.625, 2.8585233203791634e-23, nan 
-112.125, 78.625, 2.5522634779008492e-23, nan 
-111.875, 78.625, 2.025498768197704e-23, nan 
-111.625, 78.625, 2.2956689996025754e-23, nan 
-111.375, 78.625, 2.8706275751907745e-23, nan 
-111.125, 78.625, 2.45650380179311e-23, nan 
-110.875, 78.625, 3.351619094184111e-23, nan 
-110.625, 78.625, 3.715474878471079e-23, nan 
-110.375, 78.625, 3.239417808461883e-23, nan 
-110.125, 78.625, 2.0837682044434968e-23, nan 
-109.875, 78.625, 1.0526073502129126e-23, nan 
-109.625, 78.625, 1.6401818086493074e-23, nan 
-109.375, 78.625, 2.0929944942574e-23, nan 
-109.125, 78.625, 2.024788727192216e-23, nan 
-108.875, 78.625, 1.228743374159242e-23, nan 
-108.625, 78.625, 1.1377354609755654e-23, nan 
-108.375, 78.625, 2.7260618605369377e-23, nan 
-108.125, 78.625, 3.2172639288780104e-23, nan 
-107.875, 78.625, 3.603023464783326e-23, nan 
-107.625, 78.625, 2.4212021195227496e-23, nan 
-107.375, 78.625, 2.377676037657186e-23, nan 
-107.125, 78.625, 1.954142573915747e-23, nan 
-106.875, 78.625, 2.2299010079208812e-23, nan 
-106.625, 78.625, 2.3842653594161216e-23, nan 
-106.375, 78.625, 2.806654817173092e-23, nan 
-106.125, 78.625, 2.5833331850452286e-23, nan 
-105.875, 78.625, 3.217131782771006e-23, nan 
-105.625, 78.625, 3.520814927584652e-23, nan 
-105.375, 78.625, 3.410346855812224e-23, nan 
-105.125, 78.625, 3.3387956648323435e-23, nan 
-104.875, 78.625, 3.0799615330848045e-23, nan 
-104.625, 78.625, 3.131359484678522e-23, nan 
-104.375, 78.625, 2.129636527277342e-23, nan 
-104.125, 78.625, 4.836809279249961e-23, nan 
-103.875, 78.625, 4.727098853857799e-23, nan 
-103.625, 78.625, 3.9078879560999604e-23, nan 
-103.375, 78.625, 1.4416102615604373e-23, nan 
-103.125, 78.625, 2.0223390364239491e-23, nan 
-102.875, 78.625, 4.433400847366141e-23, nan 
-102.625, 78.625, 4.530862337655861e-23, nan 
-102.375, 78.625, 4.3209809694576775e-23, nan 
-102.125, 78.625, 2.134712029658243e-23, nan 
-101.875, 78.625, 2.5892958496820395e-23, nan 
-101.625, 78.625, 1.4631908846821576e-23, nan 
-101.375, 78.625, 9.017049298608497e-24, nan 
-101.125, 78.625, 1.523941064355835e-23, nan 
-100.875, 78.625, 1.8546929152705264e-23, nan 
-100.625, 78.625, 2.0546056703456273e-23, nan 
-100.375, 78.625, 1.5873562462814446e-23, nan 
-100.125, 78.625, 3.579161758921517e-23, nan 
-99.875, 78.625, 5.480394390675901e-23, nan 
-99.625, 78.625, 5.431379476784851e-23, nan 
-99.375, 78.625, 4.906306498949744e-23, nan 
-99.125, 78.625, 5.548997346525228e-23, nan 
-98.875, 78.625, 6.836769961322781e-23, nan 
-98.625, 78.625, 9.350363987498813e-23, nan 
-98.375, 78.625, 7.705217794737383e-23, nan 
-98.125, 78.625, 6.984017847587732e-23, nan 
-97.875, 78.625, 6.340759735225719e-23, nan 
-97.625, 78.625, 8.296823728845688e-23, nan 
-97.375, 78.625, 7.264976139713998e-23, nan 
-97.125, 78.625, 7.075720515411839e-23, nan 
-96.875, 78.625, 6.653658265189324e-23, nan 
-96.625, 78.625, 7.846659252350118e-23, nan 
-96.375, 78.625, 9.177512709148532e-23, nan 
-96.125, 78.625, 4.862730223016208e-23, nan 
-95.875, 78.625, 5.638030534347447e-23, nan 
-95.625, 78.625, 5.992750257276124e-23, nan 
-95.375, 78.625, 9.646487881444837e-23, nan 
-95.125, 78.625, 9.774476871534613e-23, nan 
-94.875, 78.625, 3.811289166565977e-23, nan 
-94.625, 78.625, 8.6800711636776e-23, nan 
-94.375, 78.625, 3.898500965681341e-23, nan 
-94.125, 78.625, 3.919857192727042e-23, nan 
-93.875, 78.625, 3.462768610329525e-23, nan 
-93.625, 78.625, 2.805951969309556e-23, nan 
-93.375, 78.625, 5.868518855273697e-23, nan 
-93.125, 78.625, 4.4291270713602377e-23, nan 
-92.875, 78.625, 7.255079767803043e-23, nan 
-92.625, 78.625, 8.473306506134158e-23, nan 
-92.375, 78.625, 6.828080988771815e-23, nan 
-92.125, 78.625, 6.630443402719038e-23, nan 
-91.875, 78.625, 1.0632584812695432e-22, nan 
-91.625, 78.625, 8.009424820699794e-23, nan 
-91.375, 78.625, 9.285148966059682e-23, nan 
-91.125, 78.625, 7.577972987795901e-23, nan 
-90.875, 78.625, 7.289370793831346e-23, nan 
-90.625, 78.625, 9.349388391932129e-23, nan 
-90.375, 78.625, 1.0053839178051903e-22, nan 
-90.125, 78.625, 9.719801805169133e-23, nan 
-89.875, 78.625, 6.7857142420096e-23, nan 
-89.625, 78.625, 6.803412982414946e-23, nan 
-89.375, 78.625, 9.283667487219266e-23, nan 
-89.125, 78.625, 1.1709025956820325e-22, nan 
-88.875, 78.625, 1.0685900682325355e-22, nan 
-88.625, 78.625, 7.82053824675952e-23, nan 
-88.375, 78.625, 5.632149344296655e-23, nan 
-88.125, 78.625, 5.566539179109836e-23, nan 
-87.875, 78.625, 5.1730046296053345e-23, nan 
-87.625, 78.625, 3.3556547007224527e-23, nan 
-87.375, 78.625, 4.5146027710859224e-23, nan 
-87.125, 78.625, 6.160205509857275e-23, nan 
-86.875, 78.625, 5.1714717070325854e-23, nan 
-86.625, 78.625, 5.727766720107496e-23, nan 
-86.375, 78.625, 6.698342102351753e-23, nan 
-86.125, 78.625, 6.401124869408998e-23, nan 
-85.875, 78.625, 7.600015493518261e-23, nan 
-85.625, 78.625, 7.280310804565785e-23, nan 
-85.375, 78.625, 6.18489791735196e-23, nan 
-85.125, 78.625, 5.774483298675698e-23, nan 
-84.875, 78.625, 8.258741690725697e-23, nan 
-84.625, 78.625, 8.019172085157301e-23, nan 
-84.375, 78.625, 7.415475676861705e-23, nan 
-84.125, 78.625, 6.269636947769837e-23, nan 
-83.875, 78.625, 8.12681851003728e-23, nan 
-83.625, 78.625, 5.927847874679246e-23, nan 
-83.375, 78.625, 9.706412077275089e-23, nan 
-83.125, 78.625, 1.1581174822930296e-22, nan 
-82.875, 78.625, 6.999836910398394e-23, nan 
-82.625, 78.625, 8.359512999558876e-23, nan 
-82.375, 78.625, 1.3058552748961494e-22, nan 
-82.125, 78.625, 1.3289118635426844e-22, nan 
-81.875, 78.625, 1.2675375013759752e-22, nan 
-81.625, 78.625, 1.2339620176235458e-22, nan 
-81.375, 78.625, 2.312149710015156e-22, nan 
-81.125, 78.625, 1.4107600373456442e-22, nan 
-80.875, 78.625, 1.5867108381177408e-22, nan 
-80.625, 78.625, 1.6772523534257442e-22, nan 
-80.375, 78.625, 1.972991261752373e-22, nan 
-80.125, 78.625, 3.0069718156891875e-22, nan 
-79.875, 78.625, 3.486483031453902e-22, nan 
-79.625, 78.625, 2.332502757764528e-22, nan 
-79.375, 78.625, 2.681839863428436e-22, nan 
-79.125, 78.625, 2.9097101257888854e-22, nan 
-78.875, 78.625, 3.1788529176407024e-22, nan 
-78.625, 78.625, 4.354187629786442e-22, nan 
-78.375, 78.625, 3.317992388478999e-22, nan 
-78.125, 78.625, 3.706947551701071e-22, nan 
-77.875, 78.625, 2.9773560367324985e-22, nan 
-77.625, 78.625, 4.670474315397073e-22, nan 
-77.375, 78.625, 3.5155159810151724e-22, nan 
-77.125, 78.625, 2.4195501296955784e-22, nan 
-76.875, 78.625, 3.5068924244879446e-22, nan 
-76.625, 78.625, 2.6096991140761466e-22, nan 
-76.375, 78.625, 1.9614024964621501e-22, nan 
-76.125, 78.625, 1.1587254633335593e-22, nan 
-75.875, 78.625, 5.652860633773947e-22, nan 
-75.625, 78.625, 4.363893209466087e-22, nan 
-75.375, 78.625, 4.043866372489805e-22, nan 
-75.125, 78.625, 2.3652368951781697e-22, nan 
-74.875, 78.625, 2.1561931767663274e-22, nan 
-74.625, 78.625, 8.72294323846223e-22, nan 
-74.375, 78.625, 3.313257272637092e-22, nan 
-74.125, 78.625, 2.7197139440515317e-22, nan 
-73.875, 78.625, 1.7651703427105858e-22, nan 
-73.625, 78.625, 3.1269545778619007e-22, nan 
-73.375, 78.625, 5.985801259000393e-22, nan 
-73.125, 78.625, 3.4959306526272416e-22, nan 
-72.875, 78.625, 3.7101123649356695e-22, nan 
-72.625, 78.625, 3.1544270156659285e-22, nan 
-72.375, 78.625, 4.9476644024080005e-22, nan 
-72.125, 78.625, 5.206703794310614e-22, nan 
-71.875, 78.625, 3.960163486481301e-22, nan 
-71.625, 78.625, 2.949756285915814e-22, nan 
-71.375, 78.625, 2.67812754850243e-22, nan 
-71.125, 78.625, 4.087784501243487e-22, nan 
-70.875, 78.625, 4.1375370153815027e-22, nan 
-70.625, 78.625, 2.897009961851157e-22, nan 
-70.375, 78.625, 3.1771850585556573e-22, nan 
-70.125, 78.625, 3.3457930954880864e-22, nan 
-69.875, 78.625, 2.6462714190974896e-22, nan 
-69.625, 78.625, 2.0157316797482443e-22, nan 
-69.375, 78.625, 4.570217721822218e-22, nan 
-69.125, 78.625, 5.27937680514992e-22, nan 
-68.875, 78.625, 5.324712539299292e-22, nan 
-68.625, 78.625, 8.482670161652859e-22, nan 
-68.375, 78.625, 5.291133276020879e-22, nan 
-68.125, 78.625, 7.227092615189457e-22, nan 
-67.875, 78.625, 8.074671299468626e-22, nan 
-67.625, 78.625, 9.68030730104627e-22, nan 
-67.375, 78.625, 1.041286908169851e-21, nan 
-67.125, 78.625, 1.4627576516723807e-21, nan 
-66.875, 78.625, 1.4163084095523822e-21, nan 
-66.625, 78.625, 1.7138844628682116e-21, nan 
-66.375, 78.625, 1.1933946426780058e-21, nan 
-66.125, 78.625, 1.0719573800701498e-21, nan 
-65.875, 78.625, 1.5414824384595298e-21, nan 
-65.625, 78.625, 1.5496310286931314e-21, nan 
-65.375, 78.625, 1.895410927873143e-21, nan 
-65.125, 78.625, 1.402123540737162e-21, nan 
-64.875, 78.625, 2.0747215755499463e-21, nan 
-64.625, 78.625, 2.2875645301306243e-21, nan 
-64.375, 78.625, 2.2183110922700916e-21, nan 
-64.125, 78.625, 1.3334684604476745e-21, nan 
-63.875, 78.625, 1.3366316923297087e-21, nan 
-63.625, 78.625, 1.4699303131859329e-21, nan 
-63.375, 78.625, 1.3457214575424958e-21, nan 
-63.125, 78.625, 1.9316757807342562e-21, nan 
-62.875, 78.625, 1.624573709697057e-21, nan 
-62.625, 78.625, 1.4133690771865218e-21, nan 
-62.375, 78.625, 1.3978094904757595e-21, nan 
-62.125, 78.625, 1.5116168788871441e-21, nan 
-61.875, 78.625, 2.189507271671336e-21, nan 
-61.625, 78.625, 3.325162101675574e-21, nan 
-61.375, 78.625, 2.497103023682936e-21, nan 
-61.125, 78.625, 1.7462190908626898e-21, nan 
-60.875, 78.625, 1.6818296361063925e-21, nan 
-60.625, 78.625, 2.6155088420397015e-21, nan 
-60.375, 78.625, 4.027164806158307e-21, nan 
-60.125, 78.625, 4.201079938930879e-21, nan 
-59.875, 78.625, 2.7748083430231075e-21, nan 
-59.625, 78.625, 3.398243932735308e-21, nan 
-59.375, 78.625, 2.898882800127813e-21, nan 
-59.125, 78.625, 2.7429004019652053e-21, nan 
-58.875, 78.625, 2.5359666325715763e-21, nan 
-58.625, 78.625, 1.6709594979667776e-21, nan 
-58.375, 78.625, 2.3374972282406318e-21, nan 
-58.125, 78.625, 1.5892876169883731e-21, nan 
-57.875, 78.625, 2.515432582968613e-21, nan 
-57.625, 78.625, 2.9634613559490113e-21, nan 
-57.375, 78.625, 3.441173469254324e-21, nan 
-57.125, 78.625, 3.506032126932972e-21, nan 
-56.875, 78.625, 2.2893733959102558e-21, nan 
-56.625, 78.625, 2.1810488337061206e-21, nan 
-56.375, 78.625, 3.486330820470692e-21, nan 
-56.125, 78.625, 4.0765593889057256e-21, nan 
-55.875, 78.625, 3.89217811903305e-21, nan 
-55.625, 78.625, 3.600748586106078e-21, nan 
-55.375, 78.625, 4.6919432329451926e-21, nan 
-55.125, 78.625, 7.557969691528614e-21, nan 
-54.875, 78.625, 9.508510311548537e-21, nan 
-54.625, 78.625, 9.446509595647134e-21, nan 
-54.375, 78.625, 9.092937972522826e-21, nan 
-54.125, 78.625, 1.3309738125328511e-20, nan 
-53.875, 78.625, 1.4160237666423474e-20, nan 
-53.625, 78.625, 2.298171030403585e-20, nan 
-53.375, 78.625, 2.4915117592945437e-20, nan 
-53.125, 78.625, 2.2086795046131372e-20, nan 
-52.875, 78.625, 2.5002104607589288e-20, nan 
-52.625, 78.625, 2.8420900946453936e-20, nan 
-52.375, 78.625, 2.762920286356437e-20, nan 
-52.125, 78.625, 2.7485492941456425e-20, nan 
-51.875, 78.625, 2.92614552286507e-20, nan 
-51.625, 78.625, 2.893536332449906e-20, nan 
-51.375, 78.625, 2.793862109139437e-20, nan 
-51.125, 78.625, 2.6835918954816308e-20, nan 
-50.875, 78.625, 2.8784245897066666e-20, nan 
-50.625, 78.625, 2.868022645863183e-20, nan 
-50.375, 78.625, 3.391262558281823e-20, nan 
-50.125, 78.625, 2.9952881984705665e-20, nan 
-49.875, 78.625, 3.416503854248249e-20, nan 
-49.625, 78.625, 3.756988645717102e-20, nan 
-49.375, 78.625, 3.366281907474309e-20, nan 
-49.125, 78.625, 3.868205653258874e-20, nan 
-48.875, 78.625, 3.9362699939161844e-20, nan 
-48.625, 78.625, 3.978943029378279e-20, nan 
-48.375, 78.625, 4.964065437315868e-20, nan 
-48.125, 78.625, 4.5438692553627994e-20, nan 
-47.875, 78.625, 3.7823939350876116e-20, nan 
-47.625, 78.625, 3.0181768398404906e-20, nan 
-47.375, 78.625, 1.8437401564363657e-20, nan 
-47.125, 78.625, 1.7650353035099783e-20, nan 
-46.875, 78.625, 2.0173438684421388e-20, nan 
-46.625, 78.625, 2.6246705530925352e-20, nan 
-46.375, 78.625, 3.131887438770578e-20, nan 
-46.125, 78.625, 3.284938823414299e-20, nan 
-45.875, 78.625, 3.4093199841798374e-20, nan 
-45.625, 78.625, 3.1523459067958334e-20, nan 
-45.375, 78.625, 3.431915242134359e-20, nan 
-45.125, 78.625, 3.675033778696497e-20, nan 
-44.875, 78.625, 4.2187370029076933e-20, nan 
-44.625, 78.625, 3.638226206322941e-20, nan 
-44.375, 78.625, 3.2617831432997234e-20, nan 
-44.125, 78.625, 3.549387075874562e-20, nan 
-43.875, 78.625, 4.262407882466348e-20, nan 
-43.625, 78.625, 4.43549511067702e-20, nan 
-43.375, 78.625, 4.622720319520196e-20, nan 
-43.125, 78.625, 4.921835720304518e-20, nan 
-42.875, 78.625, 4.112438346644644e-20, nan 
-42.625, 78.625, 5.300805562286716e-20, nan 
-42.375, 78.625, 4.9948020749535223e-20, nan 
-42.125, 78.625, 4.7901204415930033e-20, nan 
-41.875, 78.625, 6.140229838213027e-20, nan 
-41.625, 78.625, 8.054745723996581e-20, nan 
-41.375, 78.625, 1.3261996741785323e-19, nan 
-41.125, 78.625, 1.4913958267437803e-19, nan 
-40.875, 78.625, 1.4089415049062677e-19, nan 
-40.625, 78.625, 8.857704331136893e-20, nan 
-40.375, 78.625, 1.0690213046700362e-19, nan 
-40.125, 78.625, 1.4397911703324576e-19, nan 
-39.875, 78.625, 1.586521624364246e-19, nan 
-39.625, 78.625, 1.543777939437247e-19, nan 
-39.375, 78.625, 9.776206354750526e-20, nan 
-39.125, 78.625, 9.660077843664002e-20, nan 
-38.875, 78.625, 8.602983999177348e-20, nan 
-38.625, 78.625, 8.03019261740871e-20, nan 
-38.375, 78.625, 1.3463686424873882e-19, nan 
-38.125, 78.625, 1.4156333079270054e-19, nan 
-37.875, 78.625, 1.5085261793826862e-19, nan 
-37.625, 78.625, 7.696701175599586e-20, nan 
-37.375, 78.625, 5.501711715088642e-20, nan 
-37.125, 78.625, 6.146063996724523e-20, nan 
-36.875, 78.625, 3.4037181081153666e-20, nan 
-36.625, 78.625, 9.150587978922532e-20, nan 
-36.375, 78.625, 1.4166365367093763e-19, nan 
-36.125, 78.625, 1.7527567125323812e-19, nan 
-35.875, 78.625, 1.7140063859037542e-19, nan 
-35.625, 78.625, 1.0089897162758193e-19, nan 
-35.375, 78.625, 1.1178087116087896e-19, nan 
-35.125, 78.625, 2.988057378488077e-19, nan 
-34.875, 78.625, 3.401888191616559e-19, nan 
-34.625, 78.625, 3.4113448718908723e-19, nan 
-34.375, 78.625, 3.3288598835248474e-19, nan 
-34.125, 78.625, 1.394837002365423e-19, nan 
-33.875, 78.625, 4.648331490908709e-19, nan 
-33.625, 78.625, 3.295741484622484e-19, nan 
-33.375, 78.625, 3.3449050446884907e-19, nan 
-33.125, 78.625, 3.5522256394651172e-19, nan 
-32.875, 78.625, 3.42935738317422e-19, nan 
-32.625, 78.625, 4.492011954587003e-19, nan 
-32.375, 78.625, 3.7998106793718084e-19, nan 
-32.125, 78.625, 5.114239651918757e-19, nan 
-31.875, 78.625, 5.406252991017942e-19, nan 
-31.625, 78.625, 9.490043337483916e-19, nan 
-31.375, 78.625, 3.0366764818479875e-18, nan 
-31.125, 78.625, 2.8728699025939606e-18, nan 
-30.875, 78.625, 2.168656554074969e-18, nan 
-30.625, 78.625, 2.498864654136692e-18, nan 
-30.375, 78.625, 3.816166756124141e-18, nan 
-30.125, 78.625, 5.644009628707979e-18, nan 
-29.875, 78.625, 5.087803677178039e-18, nan 
-29.625, 78.625, 9.044231887544815e-18, nan 
-29.375, 78.625, 1.1578995902533593e-17, nan 
-29.125, 78.625, 1.1943262176999584e-17, nan 
-28.875, 78.625, 3.0341076715250797e-18, nan 
-28.625, 78.625, 1.0747508201106412e-17, nan 
-28.375, 78.625, 2.6626296866952558e-17, nan 
-28.125, 78.625, 3.2288762425187745e-17, nan 
-27.875, 78.625, 2.7720953801958953e-17, nan 
-27.625, 78.625, 4.05952518704739e-18, nan 
-27.375, 78.625, 7.497789583519511e-18, nan 
-27.125, 78.625, 1.8563490750116806e-17, nan 
-26.875, 78.625, 2.2985066442429247e-17, nan 
-26.625, 78.625, 1.8442013385990518e-17, nan 
-26.375, 78.625, 4.8267504722293705e-18, nan 
-26.125, 78.625, 6.081661665949183e-18, nan 
-25.875, 78.625, 5.644181093537069e-18, nan 
-25.625, 78.625, 4.6764391768694915e-18, nan 
-25.375, 78.625, 5.57803467561208e-18, nan 
-25.125, 78.625, 5.5898678679549335e-18, nan 
-24.875, 78.625, 5.820059473442152e-18, nan 
-24.625, 78.625, 5.424716720302939e-18, nan 
-24.375, 78.625, 4.1687577180703394e-18, nan 
-24.125, 78.625, 3.9902504015544875e-18, nan 
-23.875, 78.625, 4.21774881359335e-18, nan 
-23.625, 78.625, 3.560543733102926e-18, nan 
-23.375, 78.625, 3.3118114652998983e-18, nan 
-23.125, 78.625, 3.3031166373214607e-18, nan 
-22.875, 78.625, 2.272147057419635e-18, nan 
-22.625, 78.625, 2.2199318523442138e-18, nan 
-22.375, 78.625, 1.862857313028542e-18, nan 
-22.125, 78.625, 1.1952005570204886e-18, nan 
-21.875, 78.625, 1.175686772814445e-18, nan 
-21.625, 78.625, 1.3812413873184926e-18, nan 
-21.375, 78.625, 1.4120937797723905e-18, nan 
-21.125, 78.625, 1.4071323890003569e-18, nan 
-20.875, 78.625, 1.9694070389051624e-18, nan 
-20.625, 78.625, 1.5542694214941893e-18, nan 
-20.375, 78.625, 1.8410439046338796e-18, nan 
-20.125, 78.625, 1.805956304717855e-18, nan 
-19.875, 78.625, 1.5681529941790646e-18, nan 
-19.625, 78.625, 1.6365687556269083e-18, nan 
-19.375, 78.625, 1.5857023785728423e-18, nan 
-19.125, 78.625, 1.6106601822973567e-18, nan 
-18.875, 78.625, 1.5894999785556867e-18, nan 
-18.625, 78.625, 1.352605244075932e-18, nan 
-18.375, 78.625, 1.66346235916485e-18, nan 
-18.125, 78.625, 1.9017336076045362e-18, nan 
-17.875, 78.625, 1.8482725476258443e-18, nan 
-17.625, 78.625, 1.5075132272499702e-18, nan 
-17.375, 78.625, 9.632339556454928e-19, nan 
-17.125, 78.625, 8.328792430027786e-19, nan 
-16.875, 78.625, 9.633235402222596e-19, nan 
-16.625, 78.625, 1.038536140341346e-18, nan 
-16.375, 78.625, 7.568223427637987e-19, nan 
-16.125, 78.625, 5.97383884345356e-19, nan 
-15.875, 78.625, 4.438469247951495e-19, nan 
-15.625, 78.625, 4.340994066151301e-19, nan 
-15.375, 78.625, 6.631486718457845e-19, nan 
-15.125, 78.625, 3.808138529233112e-19, nan 
-14.875, 78.625, 4.351935336134719e-19, nan 
-14.625, 78.625, 8.2855224599671625e-19, nan 
-14.375, 78.625, 3.977117508465826e-19, nan 
-14.125, 78.625, 5.836707337454388e-19, nan 
-13.875, 78.625, 5.372717088435209e-19, nan 
-13.625, 78.625, 3.970056352950514e-19, nan 
-13.375, 78.625, 8.428524631888472e-19, nan 
-13.125, 78.625, 3.751297334764799e-19, nan 
-12.875, 78.625, 5.616757122167861e-19, nan 
-12.625, 78.625, 6.586853096727533e-19, nan 
-12.375, 78.625, 7.252669947895039e-19, nan 
-12.125, 78.625, 8.54903393954021e-19, nan 
-11.875, 78.625, 7.246713035565378e-19, nan 
-11.625, 78.625, 7.027762484977426e-19, nan 
-11.375, 78.625, 6.204300015108844e-19, nan 
-11.125, 78.625, 5.957240049305693e-19, nan 
-10.875, 78.625, 3.7453772048561334e-19, nan 
-10.625, 78.625, 2.588465438655683e-19, nan 
-10.375, 78.625, 2.286208568598964e-19, nan 
-10.125, 78.625, 1.803112881779358e-19, nan 
-9.875, 78.625, 4.0283404699449755e-19, nan 
-9.625, 78.625, 4.802403129131623e-19, nan 
-9.375, 78.625, 4.585121250900264e-19, nan 
-9.125, 78.625, 5.471308303201211e-19, nan 
-8.875, 78.625, 4.923018433270985e-19, nan 
-8.625, 78.625, 5.665959634592333e-19, nan 
-8.375, 78.625, 4.714921825881135e-19, nan 
-8.125, 78.625, 4.423258317768863e-19, nan 
-7.875, 78.625, 3.949956425413349e-19, nan 
-7.625, 78.625, 3.5948099680643806e-19, nan 
-7.375, 78.625, 3.421112129428685e-19, nan 
-7.125, 78.625, 2.299167871184548e-19, nan 
-6.875, 78.625, 2.8529690497077393e-19, nan 
-6.625, 78.625, 1.8662707195928635e-19, nan 
-6.375, 78.625, 3.574869581917337e-19, nan 
-6.125, 78.625, 1.9552367307363822e-19, nan 
-5.875, 78.625, 2.860148636394381e-19, nan 
-5.625, 78.625, 2.9865945917189317e-19, nan 
-5.375, 78.625, 3.033479170732416e-19, nan 
-5.125, 78.625, 2.718467777186537e-19, nan 
-4.875, 78.625, 2.6760208689408726e-19, nan 
-4.625, 78.625, 2.298256885572773e-19, nan 
-4.375, 78.625, 2.052388549874537e-19, nan 
-4.125, 78.625, 1.5297298668676993e-19, nan 
-3.875, 78.625, 1.2503953391263074e-19, nan 
-3.625, 78.625, 1.2606167676847717e-19, nan 
-3.375, 78.625, 5.157477229520253e-19, nan 
-3.125, 78.625, 4.888895244971453e-19, nan 
-2.875, 78.625, 4.504745167693022e-19, nan 
-2.625, 78.625, 5.08813762165351e-19, nan 
-2.375, 78.625, 5.725471912328488e-19, nan 
-2.125, 78.625, 5.346512514898908e-19, nan 
-1.875, 78.625, 5.1322878214509e-19, nan 
-1.625, 78.625, 4.691966668464524e-19, nan 
-1.375, 78.625, 3.4328035682668193e-19, nan 
-1.125, 78.625, 4.601512108802486e-19, nan 
-0.875, 78.625, 4.571936197431561e-19, nan 
-0.625, 78.625, 4.4816381298799675e-19, nan 
-0.375, 78.625, 4.0430271062720654e-19, nan 
-0.125, 78.625, 3.4344097527159064e-19, nan 
0.125, 78.625, 3.0878684084756104e-19, nan 
0.375, 78.625, 2.357735746607704e-19, nan 
0.625, 78.625, 1.882997645804968e-19, nan 
0.875, 78.625, 3.0673584222872017e-19, nan 
1.125, 78.625, 1.7665870222089638e-19, nan 
1.375, 78.625, 1.9083335518005658e-19, nan 
1.625, 78.625, 1.3959479723250084e-19, nan 
1.875, 78.625, 1.1460391063026212e-19, nan 
2.125, 78.625, 1.7929335801824136e-19, nan 
2.375, 78.625, 1.1662070098818759e-19, nan 
2.625, 78.625, 1.443595460656132e-19, nan 
2.875, 78.625, 1.406172910153308e-19, nan 
3.125, 78.625, 1.4449101572415663e-19, nan 
3.375, 78.625, 9.193211665280959e-20, nan 
3.625, 78.625, 6.623331934906696e-20, nan 
3.875, 78.625, 9.183014139527231e-20, nan 
4.125, 78.625, 1.1160109311076396e-19, nan 
4.375, 78.625, 1.0722147058143967e-19, nan 
4.625, 78.625, 7.173460993078515e-20, nan 
4.875, 78.625, 5.3522256199082864e-20, nan 
5.125, 78.625, 3.995613821187562e-20, nan 
5.375, 78.625, 4.015061531205065e-20, nan 
5.625, 78.625, 7.648135201901796e-20, nan 
5.875, 78.625, 6.316374295001624e-20, nan 
6.125, 78.625, 7.385479770829519e-20, nan 
6.375, 78.625, 7.590312998915855e-20, nan 
6.625, 78.625, 7.58715133107489e-20, nan 
6.875, 78.625, 6.763043167536181e-20, nan 
7.125, 78.625, 6.039850050748197e-20, nan 
7.375, 78.625, 5.494355171728816e-20, nan 
7.625, 78.625, 4.9481318712946776e-20, nan 
7.875, 78.625, 4.788275331006268e-20, nan 
8.125, 78.625, 5.968733288011712e-20, nan 
8.375, 78.625, 6.385011880253169e-20, nan 
8.625, 78.625, 5.694148049776164e-20, nan 
8.875, 78.625, 5.217110012016957e-20, nan 
9.125, 78.625, 5.569450442918123e-20, nan 
9.375, 78.625, 4.340564042460659e-20, nan 
9.625, 78.625, 9.087891766488855e-21, nan 
9.875, 78.625, 2.890602609012463e-20, nan 
10.125, 78.625, 2.364573426256152e-20, nan 
10.375, 78.625, 2.6207604769159135e-20, nan 
10.625, 78.625, 2.5979685637068545e-20, nan 
10.875, 78.625, 2.3529463454696576e-20, nan 
11.125, 78.625, 4.418593768072966e-20, nan 
11.375, 78.625, 4.4365167536115816e-20, nan 
11.625, 78.625, 3.429730866190942e-21, nan 
11.875, 78.625, 1.0075930918845478e-20, nan 
12.125, 78.625, 1.2542328820624903e-20, nan 
12.375, 78.625, 1.0479974570187896e-20, nan 
12.625, 78.625, 8.204079125257117e-21, nan 
12.875, 78.625, 1.1264089480714459e-20, nan 
13.125, 78.625, 8.092891439688085e-21, nan 
13.375, 78.625, 1.0250164737553298e-20, nan 
13.625, 78.625, 1.0470815969390916e-20, nan 
13.875, 78.625, 1.132396062326231e-20, nan 
14.125, 78.625, 1.357814595306492e-20, nan 
14.375, 78.625, 9.518055687376818e-21, nan 
14.625, 78.625, 8.035493089978145e-21, nan 
14.875, 78.625, 6.998296791567523e-21, nan 
15.125, 78.625, 4.927145581219516e-21, nan 
15.375, 78.625, 5.501327407280623e-21, nan 
15.625, 78.625, 1.0155953202412923e-20, nan 
15.875, 78.625, 2.6746875797645614e-20, nan 
16.125, 78.625, 3.5107582893529766e-20, nan 
16.375, 78.625, 3.435326190250985e-20, nan 
16.625, 78.625, 2.8891567775275084e-20, nan 
16.875, 78.625, 2.848366765324622e-20, nan 
17.125, 78.625, 2.1547412372780928e-20, nan 
17.375, 78.625, 2.397207630790179e-20, nan 
17.625, 78.625, 2.3837866304182852e-20, nan 
17.875, 78.625, 1.685911361386367e-20, nan 
18.125, 78.625, 1.3320921066160616e-20, nan 
18.375, 78.625, 8.832568469614279e-21, nan 
18.625, 78.625, 1.0128818770851989e-20, nan 
18.875, 78.625, 1.006649695467133e-20, nan 
19.125, 78.625, 7.225534532803836e-21, nan 
19.375, 78.625, 5.516855430627892e-21, nan 
19.625, 78.625, 5.004963486340856e-21, nan 
19.875, 78.625, 3.804337110127505e-21, nan 
20.125, 78.625, 3.2890665149470498e-21, nan 
20.375, 78.625, 2.273698934842767e-21, nan 
20.625, 78.625, 1.3756016189704263e-21, nan 
20.875, 78.625, 1.1215099499963921e-21, nan 
21.125, 78.625, 7.664303471223013e-22, nan 
21.375, 78.625, 7.934668387332779e-22, nan 
21.625, 78.625, 8.82201154277299e-22, nan 
21.875, 78.625, 8.907503363928458e-21, nan 
22.125, 78.625, 1.1435818775215664e-20, nan 
22.375, 78.625, 5.230547167124542e-21, nan 
22.625, 78.625, 1.0863828809381744e-21, nan 
22.875, 78.625, 9.084604312916984e-22, nan 
23.125, 78.625, 8.438447490565574e-22, nan 
23.375, 78.625, 1.7062501693225432e-21, nan 
23.625, 78.625, 1.6046484138940103e-21, nan 
23.875, 78.625, 1.4231962383784333e-21, nan 
24.125, 78.625, 7.213249225007821e-22, nan 
24.375, 78.625, 3.8248577705771224e-22, nan 
24.625, 78.625, 8.010482533167507e-22, nan 
24.875, 78.625, 7.763867153558233e-22, nan 
25.125, 78.625, 6.590457734320999e-22, nan 
25.375, 78.625, 3.538321783393227e-22, nan 
25.625, 78.625, 1.0848569992017684e-22, nan 
25.875, 78.625, 3.0043340569470227e-22, nan 
26.125, 78.625, 5.28659113154689e-22, nan 
26.375, 78.625, 9.279110699718791e-22, nan 
26.625, 78.625, 3.4612107478599045e-22, nan 
26.875, 78.625, 3.1191822860783906e-22, nan 
27.125, 78.625, 1.012632844209952e-21, nan 
27.375, 78.625, 1.1744238531741658e-21, nan 
27.625, 78.625, 1.5721388689277973e-21, nan 
27.875, 78.625, 1.3898392744424741e-21, nan 
28.125, 78.625, 1.3116576556293993e-21, nan 
28.375, 78.625, 1.1832462210765628e-21, nan 
28.625, 78.625, 8.760491144584815e-22, nan 
28.875, 78.625, 8.363162581992987e-22, nan 
29.125, 78.625, 3.5944252431346727e-22, nan 
29.375, 78.625, 2.9995298536676346e-22, nan 
29.625, 78.625, 2.346940386033219e-22, nan 
29.875, 78.625, 2.1116196479643387e-22, nan 
30.125, 78.625, 1.5969671916054632e-22, nan 
30.375, 78.625, 1.6304176749456791e-22, nan 
30.625, 78.625, 1.4002993940726902e-22, nan 
30.875, 78.625, 1.1354596611939742e-22, nan 
31.125, 78.625, 6.878445297150747e-23, nan 
31.375, 78.625, 1.2194465484426906e-22, nan 
31.625, 78.625, 2.53463994523398e-22, nan 
31.875, 78.625, 1.8306325945440959e-22, nan 
32.125, 78.625, 2.013498459391508e-22, nan 
32.375, 78.625, 1.9197254833680175e-22, nan 
32.625, 78.625, 8.731045460206318e-23, nan 
32.875, 78.625, 1.242644158119244e-22, nan 
33.125, 78.625, 1.0625354932093182e-22, nan 
33.375, 78.625, 8.483225138396759e-23, nan 
33.625, 78.625, 2.0112690646360645e-22, nan 
33.875, 78.625, 4.511356773877057e-23, nan 
34.125, 78.625, 1.0110824322430416e-22, nan 
34.375, 78.625, 7.372737568765995e-23, nan 
34.625, 78.625, 1.1433446918739844e-22, nan 
34.875, 78.625, 9.133963777959351e-23, nan 
35.125, 78.625, 9.931030452785229e-23, nan 
35.375, 78.625, 7.68812682560857e-23, nan 
35.625, 78.625, 5.763894281819372e-23, nan 
35.875, 78.625, 8.801000416856613e-23, nan 
36.125, 78.625, 9.790600783418133e-23, nan 
36.375, 78.625, 7.393996146489229e-23, nan 
36.625, 78.625, 7.546177685916004e-23, nan 
36.875, 78.625, 6.398631708084602e-23, nan 
37.125, 78.625, 6.212490874910747e-23, nan 
37.375, 78.625, 7.538314070892769e-23, nan 
37.625, 78.625, 6.187383051443569e-23, nan 
37.875, 78.625, 6.493133415239723e-23, nan 
38.125, 78.625, 5.921851291847011e-23, nan 
38.375, 78.625, 9.230746553828932e-23, nan 
38.625, 78.625, 1.1282224980220144e-22, nan 
38.875, 78.625, 1.5815792450191515e-22, nan 
39.125, 78.625, 1.4587128077068534e-22, nan 
39.375, 78.625, 1.1410398146071733e-22, nan 
39.625, 78.625, 1.1458390934241119e-22, nan 
39.875, 78.625, 1.0190704830116535e-22, nan 
40.125, 78.625, 1.4990818695734225e-22, nan 
40.375, 78.625, 1.4992710776482437e-22, nan 
40.625, 78.625, 8.969122012577412e-23, nan 
40.875, 78.625, 8.679401965693363e-23, nan 
41.125, 78.625, 3.9774422429069976e-23, nan 
41.375, 78.625, 2.1849976764724934e-23, nan 
41.625, 78.625, 5.541446587050554e-23, nan 
41.875, 78.625, 3.065806422799334e-23, nan 
42.125, 78.625, 6.305479422846761e-23, nan 
42.375, 78.625, 3.881442316293318e-23, nan 
42.625, 78.625, 3.510564887036221e-23, nan 
42.875, 78.625, 3.861878291345487e-23, nan 
43.125, 78.625, 2.6223260981735737e-23, nan 
43.375, 78.625, 6.996524967207621e-23, nan 
43.625, 78.625, 6.104087969314852e-23, nan 
43.875, 78.625, 4.475795021657228e-23, nan 
44.125, 78.625, 6.390301346115934e-23, nan 
44.375, 78.625, 6.287575168738317e-23, nan 
44.625, 78.625, 8.577448371455973e-23, nan 
44.875, 78.625, 7.323340446511286e-23, nan 
45.125, 78.625, 3.2863818714708206e-23, nan 
45.375, 78.625, 5.2463381077016775e-23, nan 
45.625, 78.625, 5.0774431974999864e-23, nan 
45.875, 78.625, 5.495611450953591e-23, nan 
46.125, 78.625, 5.6621476547481e-23, nan 
46.375, 78.625, 6.498965734834844e-23, nan 
46.625, 78.625, 4.879400625582972e-23, nan 
46.875, 78.625, 6.710359593281076e-23, nan 
47.125, 78.625, 4.6650433875786314e-23, nan 
47.375, 78.625, 5.189461745410161e-23, nan 
47.625, 78.625, 4.6062127838506145e-23, nan 
47.875, 78.625, 8.818066996425688e-23, nan 
48.125, 78.625, 6.155491853429527e-23, nan 
48.375, 78.625, 8.506500469049463e-23, nan 
48.625, 78.625, 6.762409046696663e-23, nan 
48.875, 78.625, 6.286658182549827e-23, nan 
49.125, 78.625, 4.266334890467404e-23, nan 
49.375, 78.625, 3.563552024903034e-23, nan 
49.625, 78.625, 8.339963955807746e-23, nan 
49.875, 78.625, 7.34933417609191e-23, nan 
50.125, 78.625, 6.585447542317709e-23, nan 
50.375, 78.625, 2.8685653151905435e-23, nan 
50.625, 78.625, 2.2055804860044393e-23, nan 
50.875, 78.625, 4.318376176612783e-23, nan 
51.125, 78.625, 3.632922967124916e-23, nan 
51.375, 78.625, 4.631646589621672e-23, nan 
51.625, 78.625, 5.311760468272842e-23, nan 
51.875, 78.625, 5.0150504137546063e-23, nan 
52.125, 78.625, 5.38279558225981e-23, nan 
52.375, 78.625, 3.579356302669815e-23, nan 
52.625, 78.625, 2.9872429466838034e-23, nan 
52.875, 78.625, 3.4811867752990203e-23, nan 
53.125, 78.625, 3.0345614308580253e-23, nan 
53.375, 78.625, 3.775439128550056e-23, nan 
53.625, 78.625, 5.20046628819154e-23, nan 
53.875, 78.625, 8.438804155405052e-23, nan 
54.125, 78.625, 5.633824075633736e-23, nan 
54.375, 78.625, 2.702736658755945e-23, nan 
54.625, 78.625, 1.142827997073499e-23, nan 
54.875, 78.625, 1.805887277178538e-23, nan 
55.125, 78.625, 2.3702279636867395e-23, nan 
55.375, 78.625, 1.5044975000604492e-23, nan 
55.625, 78.625, 9.976414024857168e-24, nan 
55.875, 78.625, 1.1676967322602693e-23, nan 
56.125, 78.625, 1.7819324374311905e-23, nan 
56.375, 78.625, 1.3800571235347327e-23, nan 
56.625, 78.625, 2.303622551101348e-23, nan 
56.875, 78.625, 1.9314131120424544e-23, nan 
57.125, 78.625, 1.6276875549524004e-23, nan 
57.375, 78.625, 1.1635313923418613e-23, nan 
57.625, 78.625, 7.195503165105217e-24, nan 
57.875, 78.625, 2.3103365713585505e-23, nan 
58.125, 78.625, 5.0017471033357994e-23, nan 
58.375, 78.625, 7.902529048270536e-23, nan 
58.625, 78.625, 8.017751208944632e-23, nan 
58.875, 78.625, 6.735641885674789e-23, nan 
59.125, 78.625, 3.900709104525257e-23, nan 
59.375, 78.625, 5.285548364320621e-23, nan 
59.625, 78.625, 5.65653540078299e-23, nan 
59.875, 78.625, 6.212818987048014e-23, nan 
60.125, 78.625, 7.681496206261482e-23, nan 
60.375, 78.625, 6.708137341265512e-23, nan 
60.625, 78.625, 4.9061139329033523e-23, nan 
60.875, 78.625, 5.275307894713397e-23, nan 
61.125, 78.625, 5.367937506672995e-23, nan 
61.375, 78.625, 6.39138944016784e-23, nan 
61.625, 78.625, 6.098282295015667e-23, nan 
61.875, 78.625, 7.022502104043993e-23, nan 
62.125, 78.625, 5.250918303294991e-23, nan 
62.375, 78.625, 5.965939820121246e-23, nan 
62.625, 78.625, 5.834669039086964e-23, nan 
62.875, 78.625, 6.768827777678424e-23, nan 
63.125, 78.625, 7.719288274712947e-23, nan 
63.375, 78.625, 2.703885280927068e-23, nan 
63.625, 78.625, 1.6680182254861724e-23, nan 
63.875, 78.625, 1.2603402385169847e-23, nan 
64.125, 78.625, 1.4969908174882038e-23, nan 
64.375, 78.625, 1.97263567722851e-23, nan 
64.625, 78.625, 2.2749188048868938e-23, nan 
64.875, 78.625, 2.0123682959589882e-23, nan 
65.125, 78.625, 1.4098935989586112e-23, nan 
65.375, 78.625, 2.6125771844903438e-23, nan 
65.625, 78.625, 1.6516551836370613e-23, nan 
65.875, 78.625, 1.4540339714276472e-23, nan 
66.125, 78.625, 1.682854357455052e-23, nan 
66.375, 78.625, 1.8410522586991836e-23, nan 
66.625, 78.625, 2.007159330601346e-23, nan 
66.875, 78.625, 1.3519711473718293e-23, nan 
67.125, 78.625, 1.9028792897976417e-23, nan 
67.375, 78.625, 1.5741159562169812e-23, nan 
67.625, 78.625, 1.749961856952509e-23, nan 
67.875, 78.625, 1.2573858505293661e-23, nan 
68.125, 78.625, 1.1939915133367075e-23, nan 
68.375, 78.625, 1.4554671450532257e-23, nan 
68.625, 78.625, 6.284897190684084e-24, nan 
68.875, 78.625, 8.269385746802177e-24, nan 
69.125, 78.625, 1.2604039477497277e-23, nan 
69.375, 78.625, 8.675128899893344e-24, nan 
69.625, 78.625, 1.1089434177952615e-23, nan 
69.875, 78.625, 5.931227215851033e-24, nan 
70.125, 78.625, 1.1532225169715466e-23, nan 
70.375, 78.625, 1.0507115079940414e-23, nan 
70.625, 78.625, 1.306653608583662e-23, nan 
70.875, 78.625, 1.7089155130951672e-23, nan 
71.125, 78.625, 1.1699954608052528e-23, nan 
71.375, 78.625, 8.40490411565375e-24, nan 
71.625, 78.625, 1.6694420013316774e-23, nan 
71.875, 78.625, 1.5951681723998495e-23, nan 
72.125, 78.625, 1.0220543230259872e-23, nan 
72.375, 78.625, 7.882731076835216e-24, nan 
72.625, 78.625, 5.850199073228772e-24, nan 
72.875, 78.625, 1.3142498939047365e-23, nan 
73.125, 78.625, 1.547222996872621e-23, nan 
73.375, 78.625, 1.1400396716234971e-23, nan 
73.625, 78.625, 5.662940787024724e-24, nan 
73.875, 78.625, 1.2616376732846003e-23, nan 
74.125, 78.625, 1.0488996204169519e-23, nan 
74.375, 78.625, 1.3378885763377123e-23, nan 
74.625, 78.625, 1.1326856737145061e-23, nan 
74.875, 78.625, 1.6096435800641171e-23, nan 
75.125, 78.625, 2.1179758838720527e-23, nan 
75.375, 78.625, 1.3572298418070584e-23, nan 
75.625, 78.625, 1.546884861812832e-23, nan 
75.875, 78.625, 1.897145904472849e-23, nan 
76.125, 78.625, 2.5568497155012827e-23, nan 
76.375, 78.625, 2.2573839951189902e-23, nan 
76.625, 78.625, 1.3989493760903467e-23, nan 
76.875, 78.625, 1.2995302124202625e-23, nan 
77.125, 78.625, 7.602426795025252e-24, nan 
77.375, 78.625, 1.6284366594951172e-23, nan 
77.625, 78.625, 9.932864206297451e-24, nan 
77.875, 78.625, 7.047791901795257e-24, nan 
78.125, 78.625, 1.1841709847195922e-23, nan 
78.375, 78.625, 6.062018415166941e-24, nan 
78.625, 78.625, 5.043836899482964e-24, nan 
78.875, 78.625, 5.2287235807361234e-24, nan 
79.125, 78.625, 1.1025264056033216e-23, nan 
79.375, 78.625, 1.7938981060082712e-23, nan 
79.625, 78.625, 1.2898405187141935e-23, nan 
79.875, 78.625, 7.44023504788974e-24, nan 
80.125, 78.625, 5.635875394388529e-24, nan 
80.375, 78.625, 1.0641995545399063e-23, nan 
80.625, 78.625, 6.720450274569376e-24, nan 
80.875, 78.625, 6.93734670469139e-24, nan 
81.125, 78.625, 4.832771112843826e-24, nan 
81.375, 78.625, 7.098028940820219e-24, nan 
81.625, 78.625, 6.0352185185013595e-24, nan 
81.875, 78.625, 3.2057959018793318e-24, nan 
82.125, 78.625, 2.3170136711757945e-24, nan 
82.375, 78.625, 2.8297395478593306e-24, nan 
82.625, 78.625, 4.518873472871069e-24, nan 
82.875, 78.625, 5.218600993959766e-24, nan 
83.125, 78.625, 5.0142645100281965e-24, nan 
83.375, 78.625, 3.742185407510446e-24, nan 
83.625, 78.625, 6.584913934875187e-24, nan 
83.875, 78.625, 6.749487418040297e-24, nan 
84.125, 78.625, 8.327292753067558e-24, nan 
84.375, 78.625, 1.101996692158247e-23, nan 
84.625, 78.625, 1.3933387516715014e-23, nan 
84.875, 78.625, 1.4487198840388692e-23, nan 
85.125, 78.625, 1.1328596191291197e-23, nan 
85.375, 78.625, 1.0046132483232423e-23, nan 
85.625, 78.625, 1.2087043024335478e-23, nan 
85.875, 78.625, 1.8146530661167658e-23, nan 
86.125, 78.625, 2.042082429070982e-23, nan 
86.375, 78.625, 1.334628763170155e-23, nan 
86.625, 78.625, 1.2493320757844536e-23, nan 
86.875, 78.625, 1.0936917888875998e-23, nan 
87.125, 78.625, 1.1834211263542894e-23, nan 
87.375, 78.625, 1.359291527121342e-23, nan 
87.625, 78.625, 1.3419395960151894e-23, nan 
87.875, 78.625, 1.0378414012792805e-23, nan 
88.125, 78.625, 1.0029478962173256e-23, nan 
88.375, 78.625, 1.4218104214445632e-23, nan 
88.625, 78.625, 2.05421839642504e-23, nan 
88.875, 78.625, 2.250807832031152e-23, nan 
89.125, 78.625, 1.33498865669697e-23, nan 
89.375, 78.625, 1.0992241051231616e-23, nan 
89.625, 78.625, 9.028552240038538e-24, nan 
89.875, 78.625, 9.373884120684403e-24, nan 
90.125, 78.625, 1.0655807901193633e-23, nan 
90.375, 78.625, 1.0210883842544428e-23, nan 
90.625, 78.625, 8.0086151298431e-24, nan 
90.875, 78.625, 7.005811894285e-24, nan 
91.125, 78.625, 6.091994730896604e-24, nan 
91.375, 78.625, 5.325256653288487e-24, nan 
91.625, 78.625, 7.216701814744909e-24, nan 
91.875, 78.625, 6.528679092397197e-24, nan 
92.125, 78.625, 5.986641565723992e-24, nan 
92.375, 78.625, 4.467670510661334e-24, nan 
92.625, 78.625, 5.462096908037754e-24, nan 
92.875, 78.625, 5.2068678184153595e-24, nan 
93.125, 78.625, 4.6601108809264874e-24, nan 
93.375, 78.625, 4.23604139339208e-24, nan 
93.625, 78.625, 1.8441169482519946e-24, nan 
93.875, 78.625, 2.5546866799915064e-24, nan 
94.125, 78.625, 9.264532542300256e-24, nan 
94.375, 78.625, 6.261751457549007e-24, nan 
94.625, 78.625, 6.862880480978713e-24, nan 
94.875, 78.625, 7.575642916039437e-24, nan 
95.125, 78.625, 1.0113829841983635e-23, nan 
95.375, 78.625, 1.0470598754891177e-23, nan 
95.625, 78.625, 9.624979690343707e-24, nan 
95.875, 78.625, 7.528920727505509e-24, nan 
96.125, 78.625, 1.0748203046911136e-23, nan 
96.375, 78.625, 1.1187717375283005e-23, nan 
96.625, 78.625, 9.232151520343903e-24, nan 
96.875, 78.625, 1.133662270615297e-23, nan 
97.125, 78.625, 7.587372566671819e-24, nan 
97.375, 78.625, 3.412089643582462e-24, nan 
97.625, 78.625, 2.475896854665047e-24, nan 
97.875, 78.625, 2.8855723930505578e-24, nan 
98.125, 78.625, 4.222944697157317e-24, nan 
98.375, 78.625, 4.832137818888015e-24, nan 
98.625, 78.625, 3.641171820420666e-24, nan 
98.875, 78.625, 3.0043582937350018e-24, nan 
99.125, 78.625, 3.858012556632373e-24, nan 
99.375, 78.625, 3.789379212398477e-24, nan 
99.625, 78.625, 4.2215230984092635e-24, nan 
99.875, 78.625, 4.054033098340085e-24, nan 
100.125, 78.625, 4.156936368777273e-24, nan 
100.375, 78.625, 4.3034901894443484e-24, nan 
100.625, 78.625, 3.554701680192679e-24, nan 
100.875, 78.625, 3.566648499682815e-24, nan 
101.125, 78.625, 5.0906295530755205e-24, nan 
101.375, 78.625, 5.123881706120931e-24, nan 
101.625, 78.625, 4.046903782538906e-24, nan 
101.875, 78.625, 5.532653729530577e-24, nan 
102.125, 78.625, 5.5976731622989714e-24, nan 
102.375, 78.625, 5.825707092150953e-24, nan 
102.625, 78.625, 6.052278160965548e-24, nan 
102.875, 78.625, 4.228108986936276e-24, nan 
103.125, 78.625, 5.2366208319974255e-24, nan 
103.375, 78.625, 5.535312129945627e-24, nan 
103.625, 78.625, 3.868507243471397e-24, nan 
103.875, 78.625, 1.913849826433236e-24, nan 
104.125, 78.625, 2.2880257098131306e-24, nan 
104.375, 78.625, 2.3064950530861137e-24, nan 
104.625, 78.625, 3.628589079327443e-24, nan 
104.875, 78.625, 4.8507329884422145e-24, nan 
105.125, 78.625, 3.554713949293528e-24, nan 
105.375, 78.625, 3.080287992944587e-24, nan 
105.625, 78.625, 2.0847421529096244e-24, nan 
105.875, 78.625, 3.1183733715734887e-24, nan 
106.125, 78.625, 4.068325248552566e-24, nan 
106.375, 78.625, 2.6133634108778193e-24, nan 
106.625, 78.625, 2.234992762992295e-24, nan 
106.875, 78.625, 2.2332066226502228e-24, nan 
107.125, 78.625, 1.4523139334733722e-24, nan 
107.375, 78.625, 3.3822891069302115e-24, nan 
107.625, 78.625, 2.3517576068255957e-24, nan 
107.875, 78.625, 3.429148756293962e-24, nan 
108.125, 78.625, 5.18032250888261e-24, nan 
108.375, 78.625, 3.181684061573579e-24, nan 
108.625, 78.625, 2.917168209765735e-24, nan 
108.875, 78.625, 3.0576459225293694e-24, nan 
109.125, 78.625, 3.835755293368092e-24, nan 
109.375, 78.625, 3.220130333027677e-24, nan 
109.625, 78.625, 2.7256619011837484e-24, nan 
109.875, 78.625, 2.0893586170092536e-24, nan 
110.125, 78.625, 6.1090037918709074e-24, nan 
110.375, 78.625, 1.2458681907844962e-23, nan 
110.625, 78.625, 1.240574170077082e-23, nan 
110.875, 78.625, 1.285102847489747e-23, nan 
111.125, 78.625, 1.0960736992100016e-23, nan 
111.375, 78.625, 1.2148772508004398e-23, nan 
111.625, 78.625, 1.4031017264287308e-23, nan 
111.875, 78.625, 1.354393887617527e-23, nan 
112.125, 78.625, 1.2942602213464865e-23, nan 
112.375, 78.625, 1.1176461453405675e-23, nan 
112.625, 78.625, 1.0987922375483796e-23, nan 
112.875, 78.625, 6.922276986975997e-24, nan 
113.125, 78.625, 7.137417785947812e-24, nan 
113.375, 78.625, 5.3248496688068605e-24, nan 
113.625, 78.625, 5.4664434476519964e-24, nan 
113.875, 78.625, 5.927093568011154e-24, nan 
114.125, 78.625, 5.2429778457485666e-24, nan 
114.375, 78.625, 5.034151392826224e-24, nan 
114.625, 78.625, 5.366974279170306e-24, nan 
114.875, 78.625, 4.638993987645298e-24, nan 
115.125, 78.625, 3.8586156005158124e-24, nan 
115.375, 78.625, 3.758124628836164e-24, nan 
115.625, 78.625, 5.347403278104099e-24, nan 
115.875, 78.625, 4.893296004726572e-24, nan 
116.125, 78.625, 4.4167174225422815e-24, nan 
116.375, 78.625, 4.656550851587481e-24, nan 
116.625, 78.625, 4.744848912183738e-24, nan 
116.875, 78.625, 4.130710105293364e-24, nan 
117.125, 78.625, 4.523375561433056e-24, nan 
117.375, 78.625, 5.697163335695657e-24, nan 
117.625, 78.625, 4.345046371020484e-24, nan 
117.875, 78.625, 2.785475928799083e-24, nan 
118.125, 78.625, 3.744715884651023e-24, nan 
118.375, 78.625, 4.3238773193513165e-24, nan 
118.625, 78.625, 4.315632803221423e-24, nan 
118.875, 78.625, 4.347643532196812e-24, nan 
119.125, 78.625, 3.9964259441652786e-24, nan 
119.375, 78.625, 4.730401998500025e-24, nan 
119.625, 78.625, 4.006082863437004e-24, nan 
119.875, 78.625, 2.618110125692994e-24, nan 
120.125, 78.625, 6.983238438882378e-24, nan 
120.375, 78.625, 1.0321875073437819e-23, nan 
120.625, 78.625, 9.615106854868675e-24, nan 
120.875, 78.625, 1.0441524348532971e-23, nan 
121.125, 78.625, 9.976419746822957e-24, nan 
121.375, 78.625, 6.884560104541041e-24, nan 
121.625, 78.625, 8.289993538635301e-24, nan 
121.875, 78.625, 8.050183127128944e-24, nan 
122.125, 78.625, 8.33647437166907e-24, nan 
122.375, 78.625, 7.417934378374552e-24, nan 
122.625, 78.625, 5.389455746556647e-24, nan 
122.875, 78.625, 3.109378656877254e-24, nan 
123.125, 78.625, 4.5829870311658655e-24, nan 
123.375, 78.625, 3.830570363745294e-24, nan 
123.625, 78.625, 4.599143678967388e-24, nan 
123.875, 78.625, 4.616171153505401e-24, nan 
124.125, 78.625, 5.8488670392568414e-24, nan 
124.375, 78.625, 5.208155930068691e-24, nan 
124.625, 78.625, 4.6633254146457806e-24, nan 
124.875, 78.625, 4.826218817678146e-24, nan 
125.125, 78.625, 4.606462981519691e-24, nan 
125.375, 78.625, 5.137398899480307e-24, nan 
125.625, 78.625, 4.466510709579781e-24, nan 
125.875, 78.625, 4.243921852336562e-24, nan 
126.125, 78.625, 3.972662847069602e-24, nan 
126.375, 78.625, 3.475458775019231e-24, nan 
126.625, 78.625, 4.0396166193924994e-24, nan 
126.875, 78.625, 4.6959608482089835e-24, nan 
127.125, 78.625, 5.4817169625051956e-24, nan 
127.375, 78.625, 6.1017245703804635e-24, nan 
127.625, 78.625, 4.686077398313654e-24, nan 
127.875, 78.625, 4.45021312640929e-24, nan 
128.125, 78.625, 4.115536684336702e-24, nan 
128.375, 78.625, 3.539361697853761e-24, nan 
128.625, 78.625, 2.931831162036644e-24, nan 
128.875, 78.625, 2.8282047444680375e-24, nan 
129.125, 78.625, 4.091426905668155e-24, nan 
129.375, 78.625, 4.3825737634224954e-24, nan 
129.625, 78.625, 4.249156321378358e-24, nan 
129.875, 78.625, 4.338006944171655e-24, nan 
130.125, 78.625, 4.619597359781482e-24, nan 
130.375, 78.625, 7.694419979008766e-24, nan 
130.625, 78.625, 1.018649956975142e-23, nan 
130.875, 78.625, 1.1476914952115243e-23, nan 
131.125, 78.625, 7.765546344980728e-24, nan 
131.375, 78.625, 8.345925316625206e-24, nan 
131.625, 78.625, 7.331306491477807e-24, nan 
131.875, 78.625, 6.465461659241468e-24, nan 
132.125, 78.625, 6.46048555666798e-24, nan 
132.375, 78.625, 5.3627201108910564e-24, nan 
132.625, 78.625, 5.76342098920072e-24, nan 
132.875, 78.625, 7.483465256531768e-24, nan 
133.125, 78.625, 4.011839366925939e-24, nan 
133.375, 78.625, 6.469156947649937e-24, nan 
133.625, 78.625, 7.252877791386742e-24, nan 
133.875, 78.625, 6.9127110495741e-24, nan 
134.125, 78.625, 9.243438481839445e-24, nan 
134.375, 78.625, 7.908408697134834e-24, nan 
134.625, 78.625, 5.471466307703084e-24, nan 
134.875, 78.625, 5.6764452392585904e-24, nan 
135.125, 78.625, 6.331572090807082e-24, nan 
135.375, 78.625, 7.985324963944769e-24, nan 
135.625, 78.625, 7.210698629158308e-24, nan 
135.875, 78.625, 4.213853324679963e-24, nan 
136.125, 78.625, 2.5458304835670218e-24, nan 
136.375, 78.625, 2.736791072518972e-24, nan 
136.625, 78.625, 3.0068418219632852e-24, nan 
136.875, 78.625, 3.76183846874535e-24, nan 
137.125, 78.625, 2.908715937866378e-24, nan 
137.375, 78.625, 2.6658554133782452e-24, nan 
137.625, 78.625, 2.3542558880124876e-24, nan 
137.875, 78.625, 1.5647101761282128e-24, nan 
138.125, 78.625, 2.2250322384894993e-24, nan 
138.375, 78.625, 1.9778826250741335e-24, nan 
138.625, 78.625, 2.056720920985572e-24, nan 
138.875, 78.625, 1.981157913825065e-24, nan 
139.125, 78.625, 2.1132959482040243e-24, nan 
139.375, 78.625, 2.176226833732333e-24, nan 
139.625, 78.625, 2.627011884709748e-24, nan 
139.875, 78.625, 2.350900984720397e-24, nan 
140.125, 78.625, 4.298104384885283e-24, nan 
140.375, 78.625, 4.284535385225663e-24, nan 
140.625, 78.625, 6.827767251409894e-24, nan 
140.875, 78.625, 4.3990812698342576e-24, nan 
141.125, 78.625, 3.688033523982824e-24, nan 
141.375, 78.625, 3.0030640429365206e-24, nan 
141.625, 78.625, 3.2855565874462466e-24, nan 
141.875, 78.625, 4.5947669450897064e-24, nan 
142.125, 78.625, 4.334219500623789e-24, nan 
142.375, 78.625, 3.737720029098522e-24, nan 
142.625, 78.625, 2.661329835435769e-24, nan 
142.875, 78.625, 2.40097692975675e-24, nan 
143.125, 78.625, 2.385828531558485e-24, nan 
143.375, 78.625, 2.6579444809582987e-24, nan 
143.625, 78.625, 2.3002071630442448e-24, nan 
143.875, 78.625, 2.2572420638754293e-24, nan 
144.125, 78.625, 2.3042571114606325e-24, nan 
144.375, 78.625, 1.931005292378317e-24, nan 
144.625, 78.625, 2.2774848176399527e-24, nan 
144.875, 78.625, 2.6272391817334222e-24, nan 
145.125, 78.625, 2.5399630495284785e-24, nan 
145.375, 78.625, 2.1459935186898644e-24, nan 
145.625, 78.625, 1.2862974127476839e-24, nan 
145.875, 78.625, 1.647107389881301e-24, nan 
146.125, 78.625, 1.7262060074525034e-24, nan 
146.375, 78.625, 1.3791543399423202e-24, nan 
146.625, 78.625, 1.1270680178515189e-24, nan 
146.875, 78.625, 1.4661585252428208e-24, nan 
147.125, 78.625, 1.5441874053243762e-24, nan 
147.375, 78.625, 1.6368535962351898e-24, nan 
147.625, 78.625, 1.842901337427947e-24, nan 
147.875, 78.625, 2.5047445854205526e-24, nan 
148.125, 78.625, 1.9274391693840032e-24, nan 
148.375, 78.625, 2.344262872016736e-24, nan 
148.625, 78.625, 1.9819728101344642e-24, nan 
148.875, 78.625, 2.1217601455845473e-24, nan 
149.125, 78.625, 2.3617396275940314e-24, nan 
149.375, 78.625, 2.5192809536451524e-24, nan 
149.625, 78.625, 2.5749085892128774e-24, nan 
149.875, 78.625, 1.9631406807628557e-24, nan 
150.125, 78.625, 2.0975919622850806e-24, nan 
150.375, 78.625, 1.946645301729045e-24, nan 
150.625, 78.625, 1.8889401986864317e-24, nan 
150.875, 78.625, 2.0868170185170716e-24, nan 
151.125, 78.625, 1.873006658687315e-24, nan 
151.375, 78.625, 3.2410604471267904e-24, nan 
151.625, 78.625, 5.0691443648036576e-24, nan 
151.875, 78.625, 4.4609402810945925e-24, nan 
152.125, 78.625, 4.7149321468484335e-24, nan 
152.375, 78.625, 3.857572986493781e-24, nan 
152.625, 78.625, 2.2562598974173796e-24, nan 
152.875, 78.625, 6.023664448297091e-24, nan 
153.125, 78.625, 5.779841936478453e-24, nan 
153.375, 78.625, 5.54664941692657e-24, nan 
153.625, 78.625, 4.4633107618868654e-24, nan 
153.875, 78.625, 3.0610756290503975e-24, nan 
154.125, 78.625, 4.163301807495894e-24, nan 
154.375, 78.625, 3.76067127333194e-24, nan 
154.625, 78.625, 3.23481427868285e-24, nan 
154.875, 78.625, 4.037286240195357e-24, nan 
155.125, 78.625, 6.271706832212349e-24, nan 
155.375, 78.625, 7.249598137011275e-24, nan 
155.625, 78.625, 5.550410652326226e-24, nan 
155.875, 78.625, 6.67338430346839e-24, nan 
156.125, 78.625, 4.4805154255760325e-24, nan 
156.375, 78.625, 3.2192647265568965e-24, nan 
156.625, 78.625, 1.6117182825040854e-24, nan 
156.875, 78.625, 1.828779892972242e-24, nan 
157.125, 78.625, 2.126957429766453e-24, nan 
157.375, 78.625, 2.514625826772712e-24, nan 
157.625, 78.625, 2.3879972979494383e-24, nan 
157.875, 78.625, 1.9536570831731707e-24, nan 
158.125, 78.625, 2.1624193207612472e-24, nan 
158.375, 78.625, 2.7015733274484714e-24, nan 
158.625, 78.625, 2.482642036759271e-24, nan 
158.875, 78.625, 3.56546095864581e-24, nan 
159.125, 78.625, 2.4927119362289984e-24, nan 
159.375, 78.625, 2.5763333876043546e-24, nan 
159.625, 78.625, 2.892058556653526e-24, nan 
159.875, 78.625, 2.6718840817132375e-24, nan 
160.125, 78.625, 2.3891429569235965e-24, nan 
160.375, 78.625, 2.2566118334683834e-24, nan 
160.625, 78.625, 1.6744801943394858e-24, nan 
160.875, 78.625, 2.475836090926511e-24, nan 
161.125, 78.625, 1.892111693207614e-24, nan 
161.375, 78.625, 1.8055797520002e-24, nan 
161.625, 78.625, 2.0203481114691213e-24, nan 
161.875, 78.625, 2.3710525016166245e-24, nan 
162.125, 78.625, 1.4660283864444612e-24, nan 
162.375, 78.625, 1.4867986597265414e-24, nan 
162.625, 78.625, 3.343869465843222e-24, nan 
162.875, 78.625, 3.325471722532689e-24, nan 
163.125, 78.625, 2.2227053119410916e-24, nan 
163.375, 78.625, 1.1158445291198324e-24, nan 
163.625, 78.625, 1.5294413314241063e-24, nan 
163.875, 78.625, 5.551318780052193e-24, nan 
164.125, 78.625, 4.368087929779e-24, nan 
164.375, 78.625, 2.218581093517081e-24, nan 
164.625, 78.625, 2.0154900878276922e-24, nan 
164.875, 78.625, 2.0239922279452393e-24, nan 
165.125, 78.625, 3.1592470255684158e-24, nan 
165.375, 78.625, 2.8893038924399102e-24, nan 
165.625, 78.625, 2.0140468900705242e-24, nan 
165.875, 78.625, 2.0426656136413396e-24, nan 
166.125, 78.625, 2.2008715824499324e-24, nan 
166.375, 78.625, 1.912333807594725e-24, nan 
166.625, 78.625, 2.1248929553365828e-24, nan 
166.875, 78.625, 2.699129116578501e-24, nan 
167.125, 78.625, 2.8294983660535564e-24, nan 
167.375, 78.625, 2.6951728132969637e-24, nan 
167.625, 78.625, 3.826015429511947e-24, nan 
167.875, 78.625, 2.6985535579055064e-24, nan 
168.125, 78.625, 2.6348363683885877e-24, nan 
168.375, 78.625, 2.5858383218325245e-24, nan 
168.625, 78.625, 2.4003626138731054e-24, nan 
168.875, 78.625, 1.8904409000701182e-24, nan 
169.125, 78.625, 1.5849728871533566e-24, nan 
169.375, 78.625, 1.9489155531615013e-24, nan 
169.625, 78.625, 2.058594354886493e-24, nan 
169.875, 78.625, 1.9450085206800566e-24, nan 
170.125, 78.625, 2.333302618376007e-24, nan 
170.375, 78.625, 1.958938651000894e-24, nan 
170.625, 78.625, 2.3468932220378065e-24, nan 
170.875, 78.625, 2.6618248279765947e-24, nan 
171.125, 78.625, 2.5345957318652524e-24, nan 
171.375, 78.625, 3.26350130084497e-24, nan 
171.625, 78.625, 2.401821599243086e-24, nan 
171.875, 78.625, 3.7417504422969536e-24, nan 
172.125, 78.625, 2.3563073430570575e-24, nan 
172.375, 78.625, 2.450552915046915e-24, nan 
172.625, 78.625, 4.483544280397924e-24, nan 
172.875, 78.625, 3.577550428794504e-24, nan 
173.125, 78.625, 5.254681328288156e-24, nan 
173.375, 78.625, 2.7449622856208145e-24, nan 
173.625, 78.625, 4.5513151834137345e-24, nan 
173.875, 78.625, 4.67881292945269e-24, nan 
174.125, 78.625, 3.684773612634693e-24, nan 
174.375, 78.625, 2.8056066435255204e-24, nan 
174.625, 78.625, 1.5904189644336545e-24, nan 
174.875, 78.625, 3.520556003758261e-24, nan 
175.125, 78.625, 2.928337432725884e-24, nan 
175.375, 78.625, 1.543979636680306e-24, nan 
175.625, 78.625, 3.0843850485256593e-24, nan 
175.875, 78.625, 3.486167067700293e-24, nan 
176.125, 78.625, 6.090413121475341e-24, nan 
176.375, 78.625, 3.90083065574302e-24, nan 
176.625, 78.625, 3.658729011910971e-24, nan 
176.875, 78.625, 3.053639877434964e-24, nan 
177.125, 78.625, 3.752617814160943e-24, nan 
177.375, 78.625, 4.5767989205441756e-24, nan 
177.625, 78.625, 2.028851714197397e-24, nan 
177.875, 78.625, 2.357641158692433e-24, nan 
178.125, 78.625, 2.3747912794486972e-24, nan 
178.375, 78.625, 2.027161374290162e-24, nan 
178.625, 78.625, 1.9784051890044728e-24, nan 
178.875, 78.625, 1.1987923005064585e-24, nan 
179.125, 78.625, 2.0623654087367427e-24, nan 
179.375, 78.625, 1.870243797126888e-24, nan 
179.625, 78.625, 1.3134837938864365e-24, nan 
179.875, 78.625, 2.4156616839144362e-24, nan 
-179.875, 78.875, 3.945051030136377e-24, nan 
-179.625, 78.875, 3.928127945894648e-24, nan 
-179.375, 78.875, 3.1000619491604326e-24, nan 
-179.125, 78.875, 2.998371903351839e-24, nan 
-178.875, 78.875, 2.975807211402659e-24, nan 
-178.625, 78.875, 3.1730719457045414e-24, nan 
-178.375, 78.875, 3.4285932817032666e-24, nan 
-178.125, 78.875, 3.36714719098601e-24, nan 
-177.875, 78.875, 1.1739747796295265e-23, nan 
-177.625, 78.875, 1.5308519351955172e-23, nan 
-177.375, 78.875, 1.3403456730062574e-23, nan 
-177.125, 78.875, 9.288496189314838e-24, nan 
-176.875, 78.875, 9.736418126793314e-24, nan 
-176.625, 78.875, 1.4055642180378414e-23, nan 
-176.375, 78.875, 1.8263411044595438e-23, nan 
-176.125, 78.875, 1.083034905669121e-23, nan 
-175.875, 78.875, 7.160431319027677e-24, nan 
-175.625, 78.875, 9.310509071698473e-24, nan 
-175.375, 78.875, 5.03212673481305e-24, nan 
-175.125, 78.875, 5.4758381988106584e-24, nan 
-174.875, 78.875, 5.172690153389735e-24, nan 
-174.625, 78.875, 4.804537469697617e-24, nan 
-174.375, 78.875, 4.711713014162199e-24, nan 
-174.125, 78.875, 4.5190099180861504e-24, nan 
-173.875, 78.875, 5.358421069454461e-24, nan 
-173.625, 78.875, 8.075732752153886e-24, nan 
-173.375, 78.875, 5.887453663384893e-24, nan 
-173.125, 78.875, 4.583056456688355e-24, nan 
-172.875, 78.875, 4.919756407238823e-24, nan 
-172.625, 78.875, 7.003121216106636e-24, nan 
-172.375, 78.875, 7.780442655562842e-24, nan 
-172.125, 78.875, 6.748402832305866e-24, nan 
-171.875, 78.875, 5.4434072681479574e-24, nan 
-171.625, 78.875, 5.740285544398188e-24, nan 
-171.375, 78.875, 7.36948915283703e-24, nan 
-171.125, 78.875, 8.130736682283023e-24, nan 
-170.875, 78.875, 9.623356483642908e-24, nan 
-170.625, 78.875, 5.581719019413717e-24, nan 
-170.375, 78.875, 7.818151764083114e-24, nan 
-170.125, 78.875, 5.947073241755493e-24, nan 
-169.875, 78.875, 5.710447864333263e-24, nan 
-169.625, 78.875, 9.755153100317014e-24, nan 
-169.375, 78.875, 7.461636470541281e-24, nan 
-169.125, 78.875, 9.252774466623434e-24, nan 
-168.875, 78.875, 8.505154633881222e-24, nan 
-168.625, 78.875, 8.863599503197395e-24, nan 
-168.375, 78.875, 8.238758478860118e-24, nan 
-168.125, 78.875, 1.0073526643037013e-23, nan 
-167.875, 78.875, 9.541476145566328e-24, nan 
-167.625, 78.875, 1.0930114366354728e-23, nan 
-167.375, 78.875, 7.507055613126199e-24, nan 
-167.125, 78.875, 6.124599293288156e-24, nan 
-166.875, 78.875, 6.789125453049942e-24, nan 
-166.625, 78.875, 9.51691482357706e-24, nan 
-166.375, 78.875, 6.078786287906403e-24, nan 
-166.125, 78.875, 6.874834204035612e-24, nan 
-165.875, 78.875, 6.743788848871547e-24, nan 
-165.625, 78.875, 8.357240039093153e-24, nan 
-165.375, 78.875, 6.426041644008364e-24, nan 
-165.125, 78.875, 7.127810862625167e-24, nan 
-164.875, 78.875, 5.717139883367656e-24, nan 
-164.625, 78.875, 8.176691492411941e-24, nan 
-164.375, 78.875, 6.811792535199345e-24, nan 
-164.125, 78.875, 8.320688058445864e-24, nan 
-163.875, 78.875, 6.816347630485976e-24, nan 
-163.625, 78.875, 9.741870284598615e-24, nan 
-163.375, 78.875, 1.1312653977137588e-23, nan 
-163.125, 78.875, 1.2924233310359068e-23, nan 
-162.875, 78.875, 1.1522250439425622e-23, nan 
-162.625, 78.875, 9.668276306908875e-24, nan 
-162.375, 78.875, 1.0457744075530883e-23, nan 
-162.125, 78.875, 1.2103828589393936e-23, nan 
-161.875, 78.875, 1.2640140576537511e-23, nan 
-161.625, 78.875, 1.0282326114548881e-23, nan 
-161.375, 78.875, 8.917293007539443e-24, nan 
-161.125, 78.875, 7.420418177683913e-24, nan 
-160.875, 78.875, 6.774972987074128e-24, nan 
-160.625, 78.875, 6.90615762600087e-24, nan 
-160.375, 78.875, 6.807677418340835e-24, nan 
-160.125, 78.875, 6.082562761280865e-24, nan 
-159.875, 78.875, 5.677426657966749e-24, nan 
-159.625, 78.875, 4.984575860448611e-24, nan 
-159.375, 78.875, 4.694041485678743e-24, nan 
-159.125, 78.875, 5.710640741414501e-24, nan 
-158.875, 78.875, 7.717072376107943e-24, nan 
-158.625, 78.875, 9.045988759217141e-24, nan 
-158.375, 78.875, 1.0373480148395232e-23, nan 
-158.125, 78.875, 7.842546944825492e-24, nan 
-157.875, 78.875, 4.094500020793926e-24, nan 
-157.625, 78.875, 8.253000306528135e-24, nan 
-157.375, 78.875, 1.023598002916731e-23, nan 
-157.125, 78.875, 1.2406275965655263e-23, nan 
-156.875, 78.875, 7.889716876897038e-24, nan 
-156.625, 78.875, 4.82673481120236e-24, nan 
-156.375, 78.875, 6.2311401663304295e-24, nan 
-156.125, 78.875, 7.909861860852797e-24, nan 
-155.875, 78.875, 1.006104430471282e-23, nan 
-155.625, 78.875, 9.066660277263678e-24, nan 
-155.375, 78.875, 7.407129227673747e-24, nan 
-155.125, 78.875, 7.907549100278314e-24, nan 
-154.875, 78.875, 6.871612839738629e-24, nan 
-154.625, 78.875, 7.759034153142918e-24, nan 
-154.375, 78.875, 7.630334531216673e-24, nan 
-154.125, 78.875, 8.097085780845879e-24, nan 
-153.875, 78.875, 8.194322452881964e-24, nan 
-153.625, 78.875, 9.485503227156116e-24, nan 
-153.375, 78.875, 7.072010502605676e-24, nan 
-153.125, 78.875, 5.1098902894926944e-24, nan 
-152.875, 78.875, 4.958953444731131e-24, nan 
-152.625, 78.875, 6.3520432429138836e-24, nan 
-152.375, 78.875, 6.1612290697190085e-24, nan 
-152.125, 78.875, 6.769836754575315e-24, nan 
-151.875, 78.875, 5.452712036727339e-24, nan 
-151.625, 78.875, 4.722996054780003e-24, nan 
-151.375, 78.875, 5.614032153099436e-24, nan 
-151.125, 78.875, 8.014744857097598e-24, nan 
-150.875, 78.875, 6.638699799027042e-24, nan 
-150.625, 78.875, 6.952999161339705e-24, nan 
-150.375, 78.875, 7.660113816910871e-24, nan 
-150.125, 78.875, 6.041534047205503e-24, nan 
-149.875, 78.875, 3.439138980062151e-24, nan 
-149.625, 78.875, 4.7360335963336005e-24, nan 
-149.375, 78.875, 9.502820140120392e-24, nan 
-149.125, 78.875, 7.522222867509676e-24, nan 
-148.875, 78.875, 8.27926627843381e-24, nan 
-148.625, 78.875, 4.971754916654026e-24, nan 
-148.375, 78.875, 4.666244900874458e-24, nan 
-148.125, 78.875, 6.523381082519078e-24, nan 
-147.875, 78.875, 6.847482758339476e-24, nan 
-147.625, 78.875, 8.945326092740619e-24, nan 
-147.375, 78.875, 6.534183402881932e-24, nan 
-147.125, 78.875, 5.36559347730487e-24, nan 
-146.875, 78.875, 7.825676586698443e-24, nan 
-146.625, 78.875, 8.13218731445998e-24, nan 
-146.375, 78.875, 7.792955099089783e-24, nan 
-146.125, 78.875, 7.608259822673291e-24, nan 
-145.875, 78.875, 7.762489593897483e-24, nan 
-145.625, 78.875, 6.774735329937172e-24, nan 
-145.375, 78.875, 1.2303192245686635e-23, nan 
-145.125, 78.875, 1.0024983134415835e-23, nan 
-144.875, 78.875, 1.1394446507168821e-23, nan 
-144.625, 78.875, 1.0110377581799578e-23, nan 
-144.375, 78.875, 9.208342180445119e-24, nan 
-144.125, 78.875, 9.34141527092999e-24, nan 
-143.875, 78.875, 1.1252187650015936e-23, nan 
-143.625, 78.875, 9.059227470070807e-24, nan 
-143.375, 78.875, 1.1458882500223321e-23, nan 
-143.125, 78.875, 1.0560998044309943e-23, nan 
-142.875, 78.875, 1.355767096241576e-23, nan 
-142.625, 78.875, 1.4929593670391747e-23, nan 
-142.375, 78.875, 1.515572003532946e-23, nan 
-142.125, 78.875, 1.1973813590431392e-23, nan 
-141.875, 78.875, 1.4726548921820576e-23, nan 
-141.625, 78.875, 1.7555586430162165e-23, nan 
-141.375, 78.875, 1.4162363597875556e-23, nan 
-141.125, 78.875, 1.2263744999312678e-23, nan 
-140.875, 78.875, 1.0456705941764694e-23, nan 
-140.625, 78.875, 1.2875454471131132e-23, nan 
-140.375, 78.875, 1.7683298953011914e-23, nan 
-140.125, 78.875, 1.402828682867234e-23, nan 
-139.875, 78.875, 1.3523971581523985e-23, nan 
-139.625, 78.875, 8.846086168870984e-24, nan 
-139.375, 78.875, 7.361228303668848e-24, nan 
-139.125, 78.875, 1.2001588443700339e-23, nan 
-138.875, 78.875, 1.4598442520824534e-23, nan 
-138.625, 78.875, 1.587524945688778e-23, nan 
-138.375, 78.875, 1.2635567843821818e-23, nan 
-138.125, 78.875, 1.3639513169070676e-23, nan 
-137.875, 78.875, 1.5928049887449766e-23, nan 
-137.625, 78.875, 2.2511393443363806e-23, nan 
-137.375, 78.875, 1.7854531310394302e-23, nan 
-137.125, 78.875, 1.6640664714844959e-23, nan 
-136.875, 78.875, 1.2507705336783247e-23, nan 
-136.625, 78.875, 1.24344400705824e-23, nan 
-136.375, 78.875, 1.2495928086631538e-23, nan 
-136.125, 78.875, 1.3444895753558815e-23, nan 
-135.875, 78.875, 1.6570517815417602e-23, nan 
-135.625, 78.875, 1.9363270920184556e-23, nan 
-135.375, 78.875, 1.47257243933673e-23, nan 
-135.125, 78.875, 1.3635482428965155e-23, nan 
-134.875, 78.875, 1.0863158556271323e-23, nan 
-134.625, 78.875, 1.8442526954187404e-23, nan 
-134.375, 78.875, 2.4777668532207746e-23, nan 
-134.125, 78.875, 2.3054484242500458e-23, nan 
-133.875, 78.875, 2.033791901938802e-23, nan 
-133.625, 78.875, 9.52807343713204e-24, nan 
-133.375, 78.875, 1.163214060936715e-23, nan 
-133.125, 78.875, 1.43670987018132e-23, nan 
-132.875, 78.875, 1.415579507744826e-23, nan 
-132.625, 78.875, 1.5852745005519353e-23, nan 
-132.375, 78.875, 2.0366219455159005e-23, nan 
-132.125, 78.875, 1.9633389779166124e-23, nan 
-131.875, 78.875, 1.559453958220924e-23, nan 
-131.625, 78.875, 1.0513618094649003e-23, nan 
-131.375, 78.875, 1.0879041411206998e-23, nan 
-131.125, 78.875, 1.6034570780373888e-23, nan 
-130.875, 78.875, 1.60202415250766e-23, nan 
-130.625, 78.875, 1.2297070296803928e-23, nan 
-130.375, 78.875, 7.616150894034975e-24, nan 
-130.125, 78.875, 8.14324279088183e-24, nan 
-129.875, 78.875, 6.786122995280669e-24, nan 
-129.625, 78.875, 3.5240567156590385e-24, nan 
-129.375, 78.875, 4.444120072062751e-24, nan 
-129.125, 78.875, 6.646210814388545e-24, nan 
-128.875, 78.875, 1.0291234226523168e-23, nan 
-128.625, 78.875, 1.0060615733289478e-23, nan 
-128.375, 78.875, 1.2798197656801408e-23, nan 
-128.125, 78.875, 1.664045440984703e-23, nan 
-127.875, 78.875, 1.3260420413192516e-23, nan 
-127.625, 78.875, 1.0073780806343808e-23, nan 
-127.375, 78.875, 5.904942624017063e-24, nan 
-127.125, 78.875, 1.368522302407603e-23, nan 
-126.875, 78.875, 1.9797472784924893e-23, nan 
-126.625, 78.875, 2.0966604320665275e-23, nan 
-126.375, 78.875, 2.4469475136332663e-23, nan 
-126.125, 78.875, 2.8323741260440005e-23, nan 
-125.875, 78.875, 2.4478878992527502e-23, nan 
-125.625, 78.875, 1.6506064890868453e-23, nan 
-125.375, 78.875, 1.3646457401774444e-23, nan 
-125.125, 78.875, 2.1870219614291222e-23, nan 
-124.875, 78.875, 2.547097352398732e-23, nan 
-124.625, 78.875, 2.4936697378933183e-23, nan 
-124.375, 78.875, 1.873155568077965e-23, nan 
-124.125, 78.875, 1.1540675809160063e-23, nan 
-123.875, 78.875, 1.6948961412973347e-23, nan 
-123.625, 78.875, 1.7682621432803585e-23, nan 
-123.375, 78.875, 1.3344873332602903e-23, nan 
-123.125, 78.875, 1.0177563076808826e-23, nan 
-122.875, 78.875, 1.4227423009137038e-23, nan 
-122.625, 78.875, 3.41569620330918e-23, nan 
-122.375, 78.875, 2.736389989148498e-23, nan 
-122.125, 78.875, 1.646333655781647e-23, nan 
-121.875, 78.875, 1.9877993236076498e-23, nan 
-121.625, 78.875, 3.125320180970885e-23, nan 
-121.375, 78.875, 4.1533589299103116e-23, nan 
-121.125, 78.875, 2.970265731169668e-23, nan 
-120.875, 78.875, 1.1509764200836102e-23, nan 
-120.625, 78.875, 1.880307765216784e-23, nan 
-120.375, 78.875, 2.342742107992859e-23, nan 
-120.125, 78.875, 2.9424868089559954e-23, nan 
-119.875, 78.875, 3.344890542534672e-23, nan 
-119.625, 78.875, 3.4612578079777033e-23, nan 
-119.375, 78.875, 4.0186555685305577e-23, nan 
-119.125, 78.875, 3.3055988033106585e-23, nan 
-118.875, 78.875, 4.315721174077045e-23, nan 
-118.625, 78.875, 3.933012880796834e-23, nan 
-118.375, 78.875, 3.4892662003754245e-23, nan 
-118.125, 78.875, 2.810467685215e-23, nan 
-117.875, 78.875, 2.6122775640606237e-23, nan 
-117.625, 78.875, 3.302299687471513e-23, nan 
-117.375, 78.875, 3.564409289717286e-23, nan 
-117.125, 78.875, 2.6720515618678675e-23, nan 
-116.875, 78.875, 1.3115977646251511e-23, nan 
-116.625, 78.875, 6.531892417433296e-24, nan 
-116.375, 78.875, 1.3824865473713685e-23, nan 
-116.125, 78.875, 2.41044016062115e-23, nan 
-115.875, 78.875, 2.9914019075881027e-23, nan 
-115.625, 78.875, 2.1652139702099696e-23, nan 
-115.375, 78.875, 1.948066824792982e-23, nan 
-115.125, 78.875, 2.144765020663614e-23, nan 
-114.875, 78.875, 2.318163297029406e-23, nan 
-114.625, 78.875, 2.763833442289238e-23, nan 
-114.375, 78.875, 2.2620668124008438e-23, nan 
-114.125, 78.875, 2.1722564830430022e-23, nan 
-113.875, 78.875, 1.8402656418404587e-23, nan 
-113.625, 78.875, 2.0931389998932662e-23, nan 
-113.375, 78.875, 3.5201298004441525e-23, nan 
-113.125, 78.875, 2.6331299831001646e-23, nan 
-112.875, 78.875, 1.3621872200374042e-23, nan 
-112.625, 78.875, 1.3979732531154728e-23, nan 
-112.375, 78.875, 3.1594634118092985e-23, nan 
-112.125, 78.875, 4.638341381536157e-23, nan 
-111.875, 78.875, 4.230639360525137e-23, nan 
-111.625, 78.875, 3.303635703813474e-23, nan 
-111.375, 78.875, 3.641943501764648e-23, nan 
-111.125, 78.875, 4.139303785882595e-23, nan 
-110.875, 78.875, 5.594574587096049e-23, nan 
-110.625, 78.875, 6.212834006944137e-23, nan 
-110.375, 78.875, 4.5504110445967683e-23, nan 
-110.125, 78.875, 2.662500659631421e-23, nan 
-109.875, 78.875, 2.6229447582488188e-23, nan 
-109.625, 78.875, 4.103050892557787e-23, nan 
-109.375, 78.875, 4.69982158134177e-23, nan 
-109.125, 78.875, 3.348449750610549e-23, nan 
-108.875, 78.875, 2.497495917431609e-23, nan 
-108.625, 78.875, 1.9530697876284462e-23, nan 
-108.375, 78.875, 1.8894714005427907e-23, nan 
-108.125, 78.875, 2.960647283588807e-23, nan 
-107.875, 78.875, 2.4919384906766535e-23, nan 
-107.625, 78.875, 2.548299399291516e-23, nan 
-107.375, 78.875, 2.0163207175265024e-23, nan 
-107.125, 78.875, 2.8900088747400794e-23, nan 
-106.875, 78.875, 3.057018397451319e-23, nan 
-106.625, 78.875, 2.9342835003645715e-23, nan 
-106.375, 78.875, 3.314585079303383e-23, nan 
-106.125, 78.875, 2.875050815104148e-23, nan 
-105.875, 78.875, 3.6660525706537534e-23, nan 
-105.625, 78.875, 3.349105179657054e-23, nan 
-105.375, 78.875, 2.3700913034484795e-23, nan 
-105.125, 78.875, 5.019477364833517e-23, nan 
-104.875, 78.875, 4.444248647738776e-23, nan 
-104.625, 78.875, 5.1589459905810006e-23, nan 
-104.375, 78.875, 3.9176229966690525e-23, nan 
-104.125, 78.875, 2.0698859708118407e-23, nan 
-103.875, 78.875, 4.4804182350978667e-23, nan 
-103.625, 78.875, 3.84865328233518e-23, nan 
-103.375, 78.875, 3.010270907304042e-23, nan 
-103.125, 78.875, 2.5245712827894473e-23, nan 
-102.875, 78.875, 2.3442860591664603e-23, nan 
-102.625, 78.875, 2.704640227089243e-23, nan 
-102.375, 78.875, 3.243026963533063e-23, nan 
-102.125, 78.875, 2.1643596224940486e-23, nan 
-101.875, 78.875, 2.0836532181824526e-23, nan 
-101.625, 78.875, 1.6025206821397344e-23, nan 
-101.375, 78.875, 1.53530563069488e-23, nan 
-101.125, 78.875, 2.091605206115553e-23, nan 
-100.875, 78.875, 2.389713351688062e-23, nan 
-100.625, 78.875, 2.720994460027141e-23, nan 
-100.375, 78.875, 2.5104765508609317e-23, nan 
-100.125, 78.875, 1.3373397690077918e-23, nan 
-99.875, 78.875, 2.0937052142039856e-23, nan 
-99.625, 78.875, 2.7804604194001256e-23, nan 
-99.375, 78.875, 5.1602603828252797e-23, nan 
-99.125, 78.875, 5.1592074273613086e-23, nan 
-98.875, 78.875, 4.680329703158148e-23, nan 
-98.625, 78.875, 7.235600210509683e-23, nan 
-98.375, 78.875, 5.641504206967183e-23, nan 
-98.125, 78.875, 5.899447615030809e-23, nan 
-97.875, 78.875, 5.01715000162908e-23, nan 
-97.625, 78.875, 4.542719597656609e-23, nan 
-97.375, 78.875, 4.0262785277881e-23, nan 
-97.125, 78.875, 5.0329448524462455e-23, nan 
-96.875, 78.875, 3.794554290981422e-23, nan 
-96.625, 78.875, 5.1659212580589416e-23, nan 
-96.375, 78.875, 6.416596593349217e-23, nan 
-96.125, 78.875, 3.580919705977948e-23, nan 
-95.875, 78.875, 4.7865590004387183e-23, nan 
-95.625, 78.875, 3.419662379531309e-23, nan 
-95.375, 78.875, 4.300842019527794e-23, nan 
-95.125, 78.875, 4.581033565683229e-23, nan 
-94.875, 78.875, 2.656198864009224e-23, nan 
-94.625, 78.875, 3.332029321783092e-23, nan 
-94.375, 78.875, 1.2926088070848187e-23, nan 
-94.125, 78.875, 3.48335493100782e-23, nan 
-93.875, 78.875, 3.554976933274058e-23, nan 
-93.625, 78.875, 3.1472062095273187e-23, nan 
-93.375, 78.875, 4.729679040283472e-23, nan 
-93.125, 78.875, 6.506621281253578e-23, nan 
-92.875, 78.875, 5.564861170809775e-23, nan 
-92.625, 78.875, 4.516283481418307e-23, nan 
-92.375, 78.875, 6.019552749530186e-23, nan 
-92.125, 78.875, 8.314965848736994e-23, nan 
-91.875, 78.875, 8.884305476372606e-23, nan 
-91.625, 78.875, 3.496118555381847e-23, nan 
-91.375, 78.875, 4.805371501514394e-23, nan 
-91.125, 78.875, 3.087358286455123e-23, nan 
-90.875, 78.875, 5.743600953560253e-23, nan 
-90.625, 78.875, 4.5728405297012783e-23, nan 
-90.375, 78.875, 5.459405398729785e-23, nan 
-90.125, 78.875, 6.93677205728815e-23, nan 
-89.875, 78.875, 3.246669954352571e-23, nan 
-89.625, 78.875, 7.744667234922063e-23, nan 
-89.375, 78.875, 5.808047273613205e-23, nan 
-89.125, 78.875, 7.751198281955111e-23, nan 
-88.875, 78.875, 9.215755203714704e-23, nan 
-88.625, 78.875, 7.283590404025681e-23, nan 
-88.375, 78.875, 7.829314617052715e-23, nan 
-88.125, 78.875, 6.644381163272075e-23, nan 
-87.875, 78.875, 6.967428847427918e-23, nan 
-87.625, 78.875, 8.191373123608967e-23, nan 
-87.375, 78.875, 7.220591814735385e-23, nan 
-87.125, 78.875, 4.6381289112118296e-23, nan 
-86.875, 78.875, 6.669208966024006e-23, nan 
-86.625, 78.875, 9.587001835458955e-23, nan 
-86.375, 78.875, 1.101725536080446e-22, nan 
-86.125, 78.875, 1.0168370603062678e-22, nan 
-85.875, 78.875, 8.081495072892351e-23, nan 
-85.625, 78.875, 7.52253581792336e-23, nan 
-85.375, 78.875, 7.398159388262425e-23, nan 
-85.125, 78.875, 6.736967381481092e-23, nan 
-84.875, 78.875, 5.214289008563367e-23, nan 
-84.625, 78.875, 8.626476943659403e-23, nan 
-84.375, 78.875, 8.874203373719692e-23, nan 
-84.125, 78.875, 8.453166426356234e-23, nan 
-83.875, 78.875, 9.31489924127806e-23, nan 
-83.625, 78.875, 8.888463893501491e-23, nan 
-83.375, 78.875, 9.602815452180628e-23, nan 
-83.125, 78.875, 1.0570890490715223e-22, nan 
-82.875, 78.875, 1.3084576841040428e-22, nan 
-82.625, 78.875, 1.5395886423850259e-22, nan 
-82.375, 78.875, 1.4729724994358604e-22, nan 
-82.125, 78.875, 1.5808987934084555e-22, nan 
-81.875, 78.875, 1.4001679687977586e-22, nan 
-81.625, 78.875, 1.6681264167976607e-22, nan 
-81.375, 78.875, 1.998390529720832e-22, nan 
-81.125, 78.875, 1.9769050607464275e-22, nan 
-80.875, 78.875, 1.7466709928373698e-22, nan 
-80.625, 78.875, 1.8308784613777277e-22, nan 
-80.375, 78.875, 1.927563985292279e-22, nan 
-80.125, 78.875, 1.989787857890216e-22, nan 
-79.875, 78.875, 2.850836298091105e-22, nan 
-79.625, 78.875, 1.4639543932189535e-22, nan 
-79.375, 78.875, 1.4369253255173357e-22, nan 
-79.125, 78.875, 1.9606982367846227e-22, nan 
-78.875, 78.875, 2.540990805123901e-22, nan 
-78.625, 78.875, 2.5193475390099544e-22, nan 
-78.375, 78.875, 2.5763178560618073e-22, nan 
-78.125, 78.875, 2.4093905589916103e-22, nan 
-77.875, 78.875, 2.290799012292744e-22, nan 
-77.625, 78.875, 3.123172141795491e-22, nan 
-77.375, 78.875, 2.307623098174276e-22, nan 
-77.125, 78.875, 2.6896619815482593e-22, nan 
-76.875, 78.875, 3.2480336864233085e-22, nan 
-76.625, 78.875, 3.2387645514460015e-22, nan 
-76.375, 78.875, 2.0498500232203335e-22, nan 
-76.125, 78.875, 1.4484096311165917e-22, nan 
-75.875, 78.875, 3.364145713615533e-22, nan 
-75.625, 78.875, 4.061106729149414e-22, nan 
-75.375, 78.875, 3.5067670484588244e-22, nan 
-75.125, 78.875, 1.68813117465697e-22, nan 
-74.875, 78.875, 2.0843488877284082e-22, nan 
-74.625, 78.875, 4.84661081663836e-22, nan 
-74.375, 78.875, 2.981797205636235e-22, nan 
-74.125, 78.875, 3.055995314579131e-22, nan 
-73.875, 78.875, 2.8952667733668113e-22, nan 
-73.625, 78.875, 3.6379656990350397e-22, nan 
-73.375, 78.875, 3.5140939260152897e-22, nan 
-73.125, 78.875, 2.5522554941421207e-22, nan 
-72.875, 78.875, 4.400509218861752e-22, nan 
-72.625, 78.875, 4.756696642033881e-22, nan 
-72.375, 78.875, 5.585033929309159e-22, nan 
-72.125, 78.875, 4.94334450280631e-22, nan 
-71.875, 78.875, 3.657843804975277e-22, nan 
-71.625, 78.875, 2.865299244962582e-22, nan 
-71.375, 78.875, 2.1794855109690915e-22, nan 
-71.125, 78.875, 3.8891001316297236e-22, nan 
-70.875, 78.875, 2.91166767782287e-22, nan 
-70.625, 78.875, 3.1490804966654224e-22, nan 
-70.375, 78.875, 3.4770565186939925e-22, nan 
-70.125, 78.875, 1.908598727250176e-22, nan 
-69.875, 78.875, 3.0600452576440334e-22, nan 
-69.625, 78.875, 1.7482480524642206e-22, nan 
-69.375, 78.875, 2.9530762522223382e-22, nan 
-69.125, 78.875, 5.426462567426196e-22, nan 
-68.875, 78.875, 2.4977675794028412e-22, nan 
-68.625, 78.875, 6.898848129080585e-22, nan 
-68.375, 78.875, 3.710146939612267e-22, nan 
-68.125, 78.875, 5.794467074660326e-22, nan 
-67.875, 78.875, 6.921957165987582e-22, nan 
-67.625, 78.875, 1.1953119406968638e-21, nan 
-67.375, 78.875, 1.3926871570699433e-21, nan 
-67.125, 78.875, 1.357888771850684e-21, nan 
-66.875, 78.875, 1.2795118499852443e-21, nan 
-66.625, 78.875, 1.8476560846618536e-21, nan 
-66.375, 78.875, 2.507801956654499e-21, nan 
-66.125, 78.875, 2.470115147293165e-21, nan 
-65.875, 78.875, 1.8686951844227416e-21, nan 
-65.625, 78.875, 1.8433140065694742e-21, nan 
-65.375, 78.875, 1.945867629441142e-21, nan 
-65.125, 78.875, 9.50954775512403e-22, nan 
-64.875, 78.875, 3.928432398088376e-22, nan 
-64.625, 78.875, 5.48702220274938e-22, nan 
-64.375, 78.875, 9.515762758820406e-22, nan 
-64.125, 78.875, 1.0524578871108595e-21, nan 
-63.875, 78.875, 9.898990058747405e-22, nan 
-63.625, 78.875, 1.146516825119546e-21, nan 
-63.375, 78.875, 1.2183353989917256e-21, nan 
-63.125, 78.875, 1.1132129967164399e-21, nan 
-62.875, 78.875, 8.74452257593836e-22, nan 
-62.625, 78.875, 9.893315309698687e-22, nan 
-62.375, 78.875, 1.3215867741515556e-21, nan 
-62.125, 78.875, 1.727164900721823e-21, nan 
-61.875, 78.875, 1.8141829659802403e-21, nan 
-61.625, 78.875, 2.5005071189660294e-21, nan 
-61.375, 78.875, 1.8495159328033894e-21, nan 
-61.125, 78.875, 1.7366726650299425e-21, nan 
-60.875, 78.875, 2.19172188254252e-21, nan 
-60.625, 78.875, 2.770612159204611e-21, nan 
-60.375, 78.875, 4.1198800249479186e-21, nan 
-60.125, 78.875, 3.448222447175794e-21, nan 
-59.875, 78.875, 3.121035780078555e-21, nan 
-59.625, 78.875, 3.330593750221539e-21, nan 
-59.375, 78.875, 3.0233031477734344e-21, nan 
-59.125, 78.875, 2.4014490902220988e-21, nan 
-58.875, 78.875, 3.5684171130850714e-21, nan 
-58.625, 78.875, 2.7168861746743868e-21, nan 
-58.375, 78.875, 2.9716813674870172e-21, nan 
-58.125, 78.875, 2.3247093386758355e-21, nan 
-57.875, 78.875, 4.00711509781244e-21, nan 
-57.625, 78.875, 5.249869023236936e-21, nan 
-57.375, 78.875, 5.28302769567855e-21, nan 
-57.125, 78.875, 4.716666093558558e-21, nan 
-56.875, 78.875, 2.0712999264229526e-21, nan 
-56.625, 78.875, 3.90843542680823e-21, nan 
-56.375, 78.875, 6.262338773432846e-21, nan 
-56.125, 78.875, 6.384131186131739e-21, nan 
-55.875, 78.875, 4.786243342431226e-21, nan 
-55.625, 78.875, 2.9763139886802918e-21, nan 
-55.375, 78.875, 2.4630501922361053e-21, nan 
-55.125, 78.875, 5.135646807494059e-21, nan 
-54.875, 78.875, 5.9003776766377215e-21, nan 
-54.625, 78.875, 7.433980093545257e-21, nan 
-54.375, 78.875, 6.031149828595222e-21, nan 
-54.125, 78.875, 5.969665057220774e-21, nan 
-53.875, 78.875, 8.804843120443906e-21, nan 
-53.625, 78.875, 9.163714776006135e-21, nan 
-53.375, 78.875, 1.0689749707012814e-20, nan 
-53.125, 78.875, 1.0417044874875307e-20, nan 
-52.875, 78.875, 1.1855632997959551e-20, nan 
-52.625, 78.875, 1.349973009533833e-20, nan 
-52.375, 78.875, 1.231435009025968e-20, nan 
-52.125, 78.875, 1.4800070617493046e-20, nan 
-51.875, 78.875, 1.600788707361281e-20, nan 
-51.625, 78.875, 1.6297732408169212e-20, nan 
-51.375, 78.875, 2.3314536031386434e-20, nan 
-51.125, 78.875, 2.8360648492816485e-20, nan 
-50.875, 78.875, 2.825881363313397e-20, nan 
-50.625, 78.875, 3.0046737237398187e-20, nan 
-50.375, 78.875, 3.327724227301843e-20, nan 
-50.125, 78.875, 4.172978562597354e-20, nan 
-49.875, 78.875, 4.764367392090519e-20, nan 
-49.625, 78.875, 4.980679124856484e-20, nan 
-49.375, 78.875, 5.005039387118999e-20, nan 
-49.125, 78.875, 4.4046308564963856e-20, nan 
-48.875, 78.875, 3.6239403978748736e-20, nan 
-48.625, 78.875, 4.275875264449202e-20, nan 
-48.375, 78.875, 6.017526855457246e-20, nan 
-48.125, 78.875, 6.654152609709873e-20, nan 
-47.875, 78.875, 6.335901217250072e-20, nan 
-47.625, 78.875, 4.717842205593241e-20, nan 
-47.375, 78.875, 2.2332790005081242e-20, nan 
-47.125, 78.875, 2.4640183224396887e-20, nan 
-46.875, 78.875, 3.593978381661226e-20, nan 
-46.625, 78.875, 4.267797219816271e-20, nan 
-46.375, 78.875, 4.044271682199618e-20, nan 
-46.125, 78.875, 2.9780233011809606e-20, nan 
-45.875, 78.875, 3.7176517969016397e-20, nan 
-45.625, 78.875, 3.3670978783724285e-20, nan 
-45.375, 78.875, 3.4859242176063e-20, nan 
-45.125, 78.875, 2.7640558497203573e-20, nan 
-44.875, 78.875, 3.800432705964245e-20, nan 
-44.625, 78.875, 3.6294505802459216e-20, nan 
-44.375, 78.875, 4.4240227185603896e-20, nan 
-44.125, 78.875, 5.244810879461271e-20, nan 
-43.875, 78.875, 4.560433674282672e-20, nan 
-43.625, 78.875, 5.2309405537570055e-20, nan 
-43.375, 78.875, 4.303047389324142e-20, nan 
-43.125, 78.875, 4.5695084760564305e-20, nan 
-42.875, 78.875, 4.539999477304567e-20, nan 
-42.625, 78.875, 4.9760738151458556e-20, nan 
-42.375, 78.875, 5.3919952594225045e-20, nan 
-42.125, 78.875, 5.937903631046307e-20, nan 
-41.875, 78.875, 4.6041645478042094e-20, nan 
-41.625, 78.875, 4.873694766528564e-20, nan 
-41.375, 78.875, 7.535303950811953e-20, nan 
-41.125, 78.875, 9.380696742978941e-20, nan 
-40.875, 78.875, 9.102396134525224e-20, nan 
-40.625, 78.875, 5.86688839388743e-20, nan 
-40.375, 78.875, 7.233245131628041e-20, nan 
-40.125, 78.875, 5.801354441538257e-20, nan 
-39.875, 78.875, 8.604811773525254e-20, nan 
-39.625, 78.875, 7.988176742557345e-20, nan 
-39.375, 78.875, 8.446061407090179e-20, nan 
-39.125, 78.875, 7.959681643855472e-20, nan 
-38.875, 78.875, 5.940157276631751e-20, nan 
-38.625, 78.875, 6.758485811019554e-20, nan 
-38.375, 78.875, 1.8497461875988779e-19, nan 
-38.125, 78.875, 1.7631436851595918e-19, nan 
-37.875, 78.875, 1.308918734505752e-19, nan 
-37.625, 78.875, 1.115971547427253e-19, nan 
-37.375, 78.875, 9.947339413471543e-20, nan 
-37.125, 78.875, 1.6802295798274884e-19, nan 
-36.875, 78.875, 1.6478056235621593e-19, nan 
-36.625, 78.875, 1.6918414798188591e-19, nan 
-36.375, 78.875, 2.0863801356739535e-19, nan 
-36.125, 78.875, 1.848211400152892e-19, nan 
-35.875, 78.875, 2.5157454001019735e-19, nan 
-35.625, 78.875, 2.5979914025317815e-19, nan 
-35.375, 78.875, 2.0628093623627394e-19, nan 
-35.125, 78.875, 2.1779598471442986e-19, nan 
-34.875, 78.875, 2.4729594448610873e-19, nan 
-34.625, 78.875, 2.442004965228809e-19, nan 
-34.375, 78.875, 2.764994158836181e-19, nan 
-34.125, 78.875, 2.417213579602161e-19, nan 
-33.875, 78.875, 4.0700777009818523e-19, nan 
-33.625, 78.875, 4.772515243720431e-19, nan 
-33.375, 78.875, 4.891618188236837e-19, nan 
-33.125, 78.875, 4.2320203075424186e-19, nan 
-32.875, 78.875, 3.970327633568992e-19, nan 
-32.625, 78.875, 4.7958720837165345e-19, nan 
-32.375, 78.875, 4.1976016213180524e-19, nan 
-32.125, 78.875, 4.535326075840158e-19, nan 
-31.875, 78.875, 5.627193912611417e-19, nan 
-31.625, 78.875, 4.652959822165715e-19, nan 
-31.375, 78.875, 6.415299921043657e-19, nan 
-31.125, 78.875, 1.0463156434048497e-18, nan 
-30.875, 78.875, 1.797134571336985e-18, nan 
-30.625, 78.875, 2.1100878617179042e-18, nan 
-30.375, 78.875, 2.4714924259497537e-18, nan 
-30.125, 78.875, 2.744629829420659e-18, nan 
-29.875, 78.875, 2.1325026623869052e-18, nan 
-29.625, 78.875, 2.7811191457127004e-18, nan 
-29.375, 78.875, 3.0592527481230972e-18, nan 
-29.125, 78.875, 3.388598631999612e-18, nan 
-28.875, 78.875, 3.2365665506750313e-18, nan 
-28.625, 78.875, 4.990749512080215e-18, nan 
-28.375, 78.875, 9.980763824330073e-18, nan 
-28.125, 78.875, 1.200411119468052e-17, nan 
-27.875, 78.875, 9.848151924298441e-18, nan 
-27.625, 78.875, 2.4890050557734234e-18, nan 
-27.375, 78.875, 1.2751399725817988e-18, nan 
-27.125, 78.875, 1.2950314106725387e-18, nan 
-26.875, 78.875, 1.791685994318049e-18, nan 
-26.625, 78.875, 1.2635630349881256e-18, nan 
-26.375, 78.875, 1.136689763142473e-18, nan 
-26.125, 78.875, 1.3942712566279642e-18, nan 
-25.875, 78.875, 1.874406839391269e-18, nan 
-25.625, 78.875, 2.287721187127109e-18, nan 
-25.375, 78.875, 2.9967507151277075e-18, nan 
-25.125, 78.875, 2.622246475165358e-18, nan 
-24.875, 78.875, 3.2062164301543983e-18, nan 
-24.625, 78.875, 2.9847437509660078e-18, nan 
-24.375, 78.875, 1.750858171312592e-18, nan 
-24.125, 78.875, 2.389669497960548e-18, nan 
-23.875, 78.875, 2.3420170635014603e-18, nan 
-23.625, 78.875, 2.2876495628733568e-18, nan 
-23.375, 78.875, 2.196005204287536e-18, nan 
-23.125, 78.875, 2.17541430851906e-18, nan 
-22.875, 78.875, 1.7863755240634027e-18, nan 
-22.625, 78.875, 1.3638537165100633e-18, nan 
-22.375, 78.875, 1.1229499063043553e-18, nan 
-22.125, 78.875, 1.5235254374402334e-18, nan 
-21.875, 78.875, 1.6021752571517579e-18, nan 
-21.625, 78.875, 2.045600433058235e-18, nan 
-21.375, 78.875, 1.6732628785326879e-18, nan 
-21.125, 78.875, 1.78492068774647e-18, nan 
-20.875, 78.875, 1.4604612174314976e-18, nan 
-20.625, 78.875, 1.4684374254138969e-18, nan 
-20.375, 78.875, 1.7278247342426899e-18, nan 
-20.125, 78.875, 1.4975986398568752e-18, nan 
-19.875, 78.875, 1.414173986492027e-18, nan 
-19.625, 78.875, 9.725040664317668e-19, nan 
-19.375, 78.875, 9.433416600725826e-19, nan 
-19.125, 78.875, 8.996460741934656e-19, nan 
-18.875, 78.875, 7.51656340235535e-19, nan 
-18.625, 78.875, 9.207520513499772e-19, nan 
-18.375, 78.875, 8.468532561664692e-19, nan 
-18.125, 78.875, 1.070531618451616e-18, nan 
-17.875, 78.875, 9.931213290509283e-19, nan 
-17.625, 78.875, 9.525128947271785e-19, nan 
-17.375, 78.875, 6.605910620517936e-19, nan 
-17.125, 78.875, 4.849172821552137e-19, nan 
-16.875, 78.875, 5.611343887976593e-19, nan 
-16.625, 78.875, 3.5503010246304716e-19, nan 
-16.375, 78.875, 3.4165936499521935e-19, nan 
-16.125, 78.875, 4.483590504591102e-19, nan 
-15.875, 78.875, 5.890246575779479e-19, nan 
-15.625, 78.875, 4.299566679849039e-19, nan 
-15.375, 78.875, 4.822542036336709e-19, nan 
-15.125, 78.875, 4.0994605176228635e-19, nan 
-14.875, 78.875, 2.5481339851224373e-19, nan 
-14.625, 78.875, 4.193346444778077e-19, nan 
-14.375, 78.875, 4.369844336463904e-19, nan 
-14.125, 78.875, 4.958827617792095e-19, nan 
-13.875, 78.875, 8.215973230017546e-19, nan 
-13.625, 78.875, 1.0847855457140509e-18, nan 
-13.375, 78.875, 9.40441222360649e-19, nan 
-13.125, 78.875, 8.023998665756692e-19, nan 
-12.875, 78.875, 7.995558489609204e-19, nan 
-12.625, 78.875, 7.001942497256219e-19, nan 
-12.375, 78.875, 9.834785525194406e-19, nan 
-12.125, 78.875, 1.035639661197759e-18, nan 
-11.875, 78.875, 1.027970179230257e-18, nan 
-11.625, 78.875, 9.73423270723281e-19, nan 
-11.375, 78.875, 7.37689807537675e-19, nan 
-11.125, 78.875, 5.060232723741175e-19, nan 
-10.875, 78.875, 5.31578680832001e-19, nan 
-10.625, 78.875, 8.058532811763881e-19, nan 
-10.375, 78.875, 9.614540834032151e-19, nan 
-10.125, 78.875, 7.676423303299838e-19, nan 
-9.875, 78.875, 5.603116685928562e-19, nan 
-9.625, 78.875, 4.770747133174454e-19, nan 
-9.375, 78.875, 5.753695903184787e-19, nan 
-9.125, 78.875, 7.338969171214683e-19, nan 
-8.875, 78.875, 6.394582195468835e-19, nan 
-8.625, 78.875, 6.338239009685011e-19, nan 
-8.375, 78.875, 4.176583021132548e-19, nan 
-8.125, 78.875, 4.881333156072516e-19, nan 
-7.875, 78.875, 3.4415299582860714e-19, nan 
-7.625, 78.875, 5.718725939617219e-19, nan 
-7.375, 78.875, 4.473927809991634e-19, nan 
-7.125, 78.875, 4.901785837280123e-19, nan 
-6.875, 78.875, 8.114241615847523e-19, nan 
-6.625, 78.875, 3.513951127904362e-19, nan 
-6.375, 78.875, 6.643842184562356e-19, nan 
-6.125, 78.875, 9.046920463736177e-19, nan 
-5.875, 78.875, 9.702321913576991e-19, nan 
-5.625, 78.875, 9.94652199998155e-19, nan 
-5.375, 78.875, 9.628068777722719e-19, nan 
-5.125, 78.875, 9.055699094230294e-19, nan 
-4.875, 78.875, 8.215392554066085e-19, nan 
-4.625, 78.875, 9.84635158107736e-19, nan 
-4.375, 78.875, 9.200405956054631e-19, nan 
-4.125, 78.875, 8.420632517580242e-19, nan 
-3.875, 78.875, 6.331420371376749e-19, nan 
-3.625, 78.875, 6.9170457969780525e-19, nan 
-3.375, 78.875, 7.217343021161647e-19, nan 
-3.125, 78.875, 6.85796115735158e-19, nan 
-2.875, 78.875, 6.606518413779769e-19, nan 
-2.625, 78.875, 5.624118317170499e-19, nan 
-2.375, 78.875, 6.341710457106954e-19, nan 
-2.125, 78.875, 3.854732349073309e-19, nan 
-1.875, 78.875, 3.941374409535288e-19, nan 
-1.625, 78.875, 3.286813407996502e-19, nan 
-1.375, 78.875, 1.4340143026468147e-19, nan 
-1.125, 78.875, 1.3949951511666902e-19, nan 
-0.875, 78.875, 1.6356372885357135e-19, nan 
-0.625, 78.875, 7.737481506278238e-20, nan 
-0.375, 78.875, 1.0143597848990323e-19, nan 
-0.125, 78.875, 9.40619795524142e-20, nan 
0.125, 78.875, 2.2254004739247623e-19, nan 
0.375, 78.875, 2.182972888019291e-19, nan 
0.625, 78.875, 1.4837470801283086e-19, nan 
0.875, 78.875, 1.7217479032498486e-19, nan 
1.125, 78.875, 1.1249782205926621e-19, nan 
1.375, 78.875, 1.4861659527966975e-19, nan 
1.625, 78.875, 1.0368294539050087e-19, nan 
1.875, 78.875, 9.086372118897576e-20, nan 
2.125, 78.875, 1.0187032585296199e-19, nan 
2.375, 78.875, 1.0955327885299538e-19, nan 
2.625, 78.875, 1.2125342278244055e-19, nan 
2.875, 78.875, 1.0508691901820968e-19, nan 
3.125, 78.875, 1.139909687563635e-19, nan 
3.375, 78.875, 8.173342141807311e-20, nan 
3.625, 78.875, 4.982576875615164e-20, nan 
3.875, 78.875, 3.9024164218872127e-20, nan 
4.125, 78.875, 5.474163370788824e-20, nan 
4.375, 78.875, 1.1745016035119908e-19, nan 
4.625, 78.875, 8.065831640928563e-20, nan 
4.875, 78.875, 1.1513143649639331e-19, nan 
5.125, 78.875, 1.2109880544139172e-19, nan 
5.375, 78.875, 1.3416491056694596e-19, nan 
5.625, 78.875, 1.0807864161603182e-19, nan 
5.875, 78.875, 8.638270733636117e-20, nan 
6.125, 78.875, 1.1941373207428958e-19, nan 
6.375, 78.875, 1.1716617414362447e-19, nan 
6.625, 78.875, 1.0941343558754271e-19, nan 
6.875, 78.875, 6.177471943308405e-20, nan 
7.125, 78.875, 6.7493190942885e-20, nan 
7.375, 78.875, 5.50808682074347e-20, nan 
7.625, 78.875, 5.742819129877232e-20, nan 
7.875, 78.875, 6.094758983475074e-20, nan 
8.125, 78.875, 6.257608533736347e-20, nan 
8.375, 78.875, 7.315230843051562e-20, nan 
8.625, 78.875, 6.53171066346732e-20, nan 
8.875, 78.875, 5.585873420149299e-20, nan 
9.125, 78.875, 4.7896269069433256e-20, nan 
9.375, 78.875, 4.047565139914348e-20, nan 
9.625, 78.875, 4.915400049736284e-20, nan 
9.875, 78.875, 7.631917805228255e-20, nan 
10.125, 78.875, 6.789231146176434e-20, nan 
10.375, 78.875, 2.9926610298658575e-20, nan 
10.625, 78.875, 4.0377783780634903e-20, nan 
10.875, 78.875, 5.183415684945173e-20, nan 
11.125, 78.875, 7.725003509983139e-20, nan 
11.375, 78.875, 7.490972012307032e-20, nan 
11.625, 78.875, 4.707538720681685e-20, nan 
11.875, 78.875, 5.477450565642873e-20, nan 
12.125, 78.875, 5.5550221173278e-20, nan 
12.375, 78.875, 6.466174880304496e-20, nan 
12.625, 78.875, 5.815967022962335e-20, nan 
12.875, 78.875, 4.483328016266154e-20, nan 
13.125, 78.875, 2.559366071108661e-20, nan 
13.375, 78.875, 2.088390022488995e-20, nan 
13.625, 78.875, 2.0426536986604062e-20, nan 
13.875, 78.875, 1.8489618846014988e-20, nan 
14.125, 78.875, 1.6611810512276897e-20, nan 
14.375, 78.875, 6.849239528505742e-21, nan 
14.625, 78.875, 2.3593067324691598e-20, nan 
14.875, 78.875, 3.9361986969441563e-20, nan 
15.125, 78.875, 3.8779640413214635e-20, nan 
15.375, 78.875, 3.602583675204619e-20, nan 
15.625, 78.875, 2.901107408425752e-20, nan 
15.875, 78.875, 2.8828639922716836e-20, nan 
16.125, 78.875, 4.4579362296048716e-20, nan 
16.375, 78.875, 4.71353946179509e-20, nan 
16.625, 78.875, 4.4466142220524095e-20, nan 
16.875, 78.875, 4.267452586331911e-20, nan 
17.125, 78.875, 3.5861738125982555e-20, nan 
17.375, 78.875, 2.7463569035864515e-20, nan 
17.625, 78.875, 2.065888001930361e-20, nan 
17.875, 78.875, 1.919772680462035e-20, nan 
18.125, 78.875, 1.8495009704250113e-20, nan 
18.375, 78.875, 1.8642086088756428e-20, nan 
18.625, 78.875, 1.4403307436916225e-20, nan 
18.875, 78.875, 1.0780373622817085e-20, nan 
19.125, 78.875, 2.3826336799372558e-20, nan 
19.375, 78.875, 2.5313309865213446e-20, nan 
19.625, 78.875, 2.5106014326878747e-20, nan 
19.875, 78.875, 2.497560193387896e-20, nan 
20.125, 78.875, 2.4556588439394083e-20, nan 
20.375, 78.875, 2.2908115374037668e-20, nan 
20.625, 78.875, 2.4607588442630826e-20, nan 
20.875, 78.875, 2.5480730540779835e-20, nan 
21.125, 78.875, 2.1571457306263735e-20, nan 
21.375, 78.875, 1.974404324046544e-20, nan 
21.625, 78.875, 1.9160773907401356e-20, nan 
21.875, 78.875, 1.749503384534904e-20, nan 
22.125, 78.875, 2.0611932800397258e-20, nan 
22.375, 78.875, 1.3856219209812768e-20, nan 
22.625, 78.875, 1.2797031166211478e-20, nan 
22.875, 78.875, 2.6785924459664595e-21, nan 
23.125, 78.875, 7.575550211367602e-21, nan 
23.375, 78.875, 9.826613232711167e-21, nan 
23.625, 78.875, 4.11778489462834e-21, nan 
23.875, 78.875, 1.9403062432411844e-21, nan 
24.125, 78.875, 1.1270020201496339e-21, nan 
24.375, 78.875, 6.75951087117971e-22, nan 
24.625, 78.875, 8.720483729669588e-22, nan 
24.875, 78.875, 6.947007859935467e-21, nan 
25.125, 78.875, 8.575990728044569e-21, nan 
25.375, 78.875, 6.333908112242153e-21, nan 
25.625, 78.875, 5.713798419561412e-21, nan 
25.875, 78.875, 6.715842545712001e-21, nan 
26.125, 78.875, 4.320426214621937e-21, nan 
26.375, 78.875, 3.065608710622431e-21, nan 
26.625, 78.875, 2.2977411678906954e-21, nan 
26.875, 78.875, 1.4560479756296901e-21, nan 
27.125, 78.875, 1.912804764412388e-21, nan 
27.375, 78.875, 2.2325048386268208e-21, nan 
27.625, 78.875, 2.578454875987958e-21, nan 
27.875, 78.875, 3.064590691288836e-21, nan 
28.125, 78.875, 2.587413094022979e-21, nan 
28.375, 78.875, 1.9563582080074866e-21, nan 
28.625, 78.875, 1.2136132251302003e-21, nan 
28.875, 78.875, 1.1383891146729052e-21, nan 
29.125, 78.875, 1.3579213754122254e-21, nan 
29.375, 78.875, 1.2771438967091804e-21, nan 
29.625, 78.875, 9.52219628659587e-22, nan 
29.875, 78.875, 6.840150578109961e-22, nan 
30.125, 78.875, 4.453577408728711e-22, nan 
30.375, 78.875, 2.6569252204955293e-22, nan 
30.625, 78.875, 2.1649913447872807e-22, nan 
30.875, 78.875, 3.4938566548206574e-22, nan 
31.125, 78.875, 4.616525201624103e-22, nan 
31.375, 78.875, 3.8788814815544957e-22, nan 
31.625, 78.875, 4.718486219261897e-22, nan 
31.875, 78.875, 5.21843511738314e-22, nan 
32.125, 78.875, 5.724204899961244e-22, nan 
32.375, 78.875, 4.482723554296092e-22, nan 
32.625, 78.875, 4.0794152247900306e-22, nan 
32.875, 78.875, 3.7302499330335083e-22, nan 
33.125, 78.875, 3.653806241381813e-22, nan 
33.375, 78.875, 3.069923351459418e-22, nan 
33.625, 78.875, 3.3890082265529647e-22, nan 
33.875, 78.875, 2.1568713635620887e-22, nan 
34.125, 78.875, 2.552754814189579e-22, nan 
34.375, 78.875, 1.607101640973842e-22, nan 
34.625, 78.875, 1.7280121430142136e-22, nan 
34.875, 78.875, 1.0827508799341957e-22, nan 
35.125, 78.875, 9.415273446298586e-23, nan 
35.375, 78.875, 1.1896284338630902e-22, nan 
35.625, 78.875, 4.199982946339446e-23, nan 
35.875, 78.875, 6.179063765929658e-23, nan 
36.125, 78.875, 6.633116922885424e-23, nan 
36.375, 78.875, 8.788818393566398e-23, nan 
36.625, 78.875, 8.800136810043549e-23, nan 
36.875, 78.875, 5.859458641992048e-23, nan 
37.125, 78.875, 6.045271838473894e-23, nan 
37.375, 78.875, 4.9409569535176786e-23, nan 
37.625, 78.875, 5.240808831641779e-23, nan 
37.875, 78.875, 6.462711285637404e-23, nan 
38.125, 78.875, 6.708200843766491e-23, nan 
38.375, 78.875, 8.485554669179412e-23, nan 
38.625, 78.875, 6.211341562958734e-23, nan 
38.875, 78.875, 6.315767185101817e-23, nan 
39.125, 78.875, 6.428328618363405e-23, nan 
39.375, 78.875, 7.568918184825668e-23, nan 
39.625, 78.875, 6.391710117222839e-23, nan 
39.875, 78.875, 7.542665496618357e-23, nan 
40.125, 78.875, 9.141405424604878e-23, nan 
40.375, 78.875, 8.038054059979441e-23, nan 
40.625, 78.875, 8.172974122143719e-23, nan 
40.875, 78.875, 8.649577665576398e-23, nan 
41.125, 78.875, 6.56835367643259e-23, nan 
41.375, 78.875, 7.358893967850523e-23, nan 
41.625, 78.875, 7.06061584173857e-23, nan 
41.875, 78.875, 3.5557350780931475e-23, nan 
42.125, 78.875, 4.496118277668114e-23, nan 
42.375, 78.875, 2.2493662917053658e-23, nan 
42.625, 78.875, 7.066250561542994e-23, nan 
42.875, 78.875, 9.227114365103344e-23, nan 
43.125, 78.875, 2.122118105376902e-23, nan 
43.375, 78.875, 4.210824055576833e-23, nan 
43.625, 78.875, 1.2663385665331463e-23, nan 
43.875, 78.875, 6.057887330832444e-23, nan 
44.125, 78.875, 5.041728602446389e-23, nan 
44.375, 78.875, 3.041881094949129e-23, nan 
44.625, 78.875, 3.1613720511756453e-23, nan 
44.875, 78.875, 1.302880231573243e-23, nan 
45.125, 78.875, 2.3449527383212186e-23, nan 
45.375, 78.875, 4.094816901239008e-23, nan 
45.625, 78.875, 3.200460206047398e-23, nan 
45.875, 78.875, 4.229659490979281e-23, nan 
46.125, 78.875, 3.921795737729471e-23, nan 
46.375, 78.875, 4.766355593272069e-23, nan 
46.625, 78.875, 3.7299217703350645e-23, nan 
46.875, 78.875, 6.286237044100015e-23, nan 
47.125, 78.875, 5.334784717784374e-23, nan 
47.375, 78.875, 4.744525294546695e-23, nan 
47.625, 78.875, 7.917594882670317e-23, nan 
47.875, 78.875, 7.443790315070693e-23, nan 
48.125, 78.875, 8.723966494398277e-23, nan 
48.375, 78.875, 6.629798410378148e-23, nan 
48.625, 78.875, 5.647509024373937e-23, nan 
48.875, 78.875, 8.563184511691518e-23, nan 
49.125, 78.875, 6.851052867116125e-23, nan 
49.375, 78.875, 8.345618863558153e-23, nan 
49.625, 78.875, 7.294661209481538e-23, nan 
49.875, 78.875, 6.538659537855553e-23, nan 
50.125, 78.875, 4.2274764762721496e-23, nan 
50.375, 78.875, 3.55702918553347e-23, nan 
50.625, 78.875, 4.054399193544899e-23, nan 
50.875, 78.875, 3.659781024258199e-23, nan 
51.125, 78.875, 3.126113862103815e-23, nan 
51.375, 78.875, 2.645733578563859e-23, nan 
51.625, 78.875, 2.5524941473897444e-23, nan 
51.875, 78.875, 2.9490628157312925e-23, nan 
52.125, 78.875, 2.4887044981183733e-23, nan 
52.375, 78.875, 2.7141752886544975e-23, nan 
52.625, 78.875, 2.8266541417956653e-23, nan 
52.875, 78.875, 2.871278712692738e-23, nan 
53.125, 78.875, 2.507431781011244e-23, nan 
53.375, 78.875, 3.514588780437135e-23, nan 
53.625, 78.875, 1.9461371667585905e-23, nan 
53.875, 78.875, 2.2057087532525725e-23, nan 
54.125, 78.875, 2.2858239548788347e-23, nan 
54.375, 78.875, 1.980245214532184e-23, nan 
54.625, 78.875, 2.42766536275573e-23, nan 
54.875, 78.875, 1.3127231798254162e-23, nan 
55.125, 78.875, 2.693695810137257e-23, nan 
55.375, 78.875, 2.9919728591321735e-23, nan 
55.625, 78.875, 1.030855539538039e-23, nan 
55.875, 78.875, 1.2256947919891721e-23, nan 
56.125, 78.875, 1.4919185294639304e-23, nan 
56.375, 78.875, 1.847515053818525e-23, nan 
56.625, 78.875, 1.6100170362441714e-23, nan 
56.875, 78.875, 2.86752197874902e-23, nan 
57.125, 78.875, 8.002807782075646e-23, nan 
57.375, 78.875, 7.807721354336134e-23, nan 
57.625, 78.875, 6.892003992983426e-23, nan 
57.875, 78.875, 5.122575108957539e-23, nan 
58.125, 78.875, 3.9723491684190907e-23, nan 
58.375, 78.875, 9.824254248781771e-23, nan 
58.625, 78.875, 9.677294523107876e-23, nan 
58.875, 78.875, 9.490330972663868e-23, nan 
59.125, 78.875, 7.787805811232161e-23, nan 
59.375, 78.875, 6.613083262572417e-23, nan 
59.625, 78.875, 1.1379015066150116e-22, nan 
59.875, 78.875, 1.7441263464117606e-22, nan 
60.125, 78.875, 1.6165853575124792e-22, nan 
60.375, 78.875, 2.1261085977346167e-22, nan 
60.625, 78.875, 2.2191687828489295e-22, nan 
60.875, 78.875, 3.073551600242335e-22, nan 
61.125, 78.875, 4.798338867671272e-22, nan 
61.375, 78.875, 3.562359670630491e-22, nan 
61.625, 78.875, 1.497701462518626e-22, nan 
61.875, 78.875, 1.912389536472944e-22, nan 
62.125, 78.875, 2.0380759663314915e-22, nan 
62.375, 78.875, 1.529938809146245e-22, nan 
62.625, 78.875, 1.267158340895964e-22, nan 
62.875, 78.875, 9.310521640450671e-23, nan 
63.125, 78.875, 9.576538280202005e-23, nan 
63.375, 78.875, 5.877751834439127e-23, nan 
63.625, 78.875, 4.488992298526884e-23, nan 
63.875, 78.875, 3.7175661999308195e-23, nan 
64.125, 78.875, 4.292225738809758e-23, nan 
64.375, 78.875, 4.7834919076491525e-23, nan 
64.625, 78.875, 1.297487670578642e-23, nan 
64.875, 78.875, 1.0944822571098589e-23, nan 
65.125, 78.875, 1.4417858886034118e-23, nan 
65.375, 78.875, 1.5657493454877815e-23, nan 
65.625, 78.875, 1.1162684443906632e-23, nan 
65.875, 78.875, 7.908285000608457e-24, nan 
66.125, 78.875, 1.1828296441506958e-23, nan 
66.375, 78.875, 1.2351803019715222e-23, nan 
66.625, 78.875, 1.08725488752608e-23, nan 
66.875, 78.875, 1.0021549794814417e-23, nan 
67.125, 78.875, 8.578800161250593e-24, nan 
67.375, 78.875, 7.26389664498585e-24, nan 
67.625, 78.875, 9.145909935250247e-24, nan 
67.875, 78.875, 2.1079612237111647e-23, nan 
68.125, 78.875, 1.5845281995792827e-23, nan 
68.375, 78.875, 1.4791809364562964e-23, nan 
68.625, 78.875, 1.331143707546752e-23, nan 
68.875, 78.875, 1.603499915466266e-23, nan 
69.125, 78.875, 2.88631226316715e-23, nan 
69.375, 78.875, 1.750697114043345e-23, nan 
69.625, 78.875, 1.2136189267212248e-23, nan 
69.875, 78.875, 1.158351254971375e-23, nan 
70.125, 78.875, 7.92174383980546e-24, nan 
70.375, 78.875, 1.1531993147053302e-23, nan 
70.625, 78.875, 1.1342592711869472e-23, nan 
70.875, 78.875, 1.0747044167189515e-23, nan 
71.125, 78.875, 9.317614658137049e-24, nan 
71.375, 78.875, 7.877230483308806e-24, nan 
71.625, 78.875, 9.961138862152578e-24, nan 
71.875, 78.875, 9.639972144774084e-24, nan 
72.125, 78.875, 9.858445057855372e-24, nan 
72.375, 78.875, 8.26513328181994e-24, nan 
72.625, 78.875, 1.2631245858633532e-23, nan 
72.875, 78.875, 1.3618932651942267e-23, nan 
73.125, 78.875, 1.8993517329777716e-23, nan 
73.375, 78.875, 1.820242203277649e-23, nan 
73.625, 78.875, 2.01953666149159e-23, nan 
73.875, 78.875, 1.9197810410415496e-23, nan 
74.125, 78.875, 2.043393256084667e-23, nan 
74.375, 78.875, 2.31170298722211e-23, nan 
74.625, 78.875, 1.722692053554605e-23, nan 
74.875, 78.875, 2.6572018488987625e-23, nan 
75.125, 78.875, 2.118447543569099e-23, nan 
75.375, 78.875, 1.9665533437898136e-23, nan 
75.625, 78.875, 2.1829743375105616e-23, nan 
75.875, 78.875, 3.140304151095127e-23, nan 
76.125, 78.875, 3.75273583010888e-23, nan 
76.375, 78.875, 4.0846044513850866e-23, nan 
76.625, 78.875, 2.209411232217439e-23, nan 
76.875, 78.875, 1.9871564548906577e-23, nan 
77.125, 78.875, 1.7954124603666127e-23, nan 
77.375, 78.875, 2.348513320564326e-23, nan 
77.625, 78.875, 2.4854459124162483e-23, nan 
77.875, 78.875, 1.6875446786945422e-23, nan 
78.125, 78.875, 9.919008405533849e-24, nan 
78.375, 78.875, 5.628168493103768e-24, nan 
78.625, 78.875, 7.020943591681496e-24, nan 
78.875, 78.875, 7.120505487136626e-24, nan 
79.125, 78.875, 7.165877408353401e-24, nan 
79.375, 78.875, 8.52268524668496e-24, nan 
79.625, 78.875, 9.5087061460941e-24, nan 
79.875, 78.875, 8.636849059491508e-24, nan 
80.125, 78.875, 5.103136060263467e-24, nan 
80.375, 78.875, 4.559523350878346e-24, nan 
80.625, 78.875, 5.11672135803336e-24, nan 
80.875, 78.875, 1.702822470079927e-24, nan 
81.125, 78.875, 5.093598450914512e-24, nan 
81.375, 78.875, 7.769451715746835e-24, nan 
81.625, 78.875, 1.1307204334285392e-23, nan 
81.875, 78.875, 6.338136920489467e-24, nan 
82.125, 78.875, 2.8640247009661136e-24, nan 
82.375, 78.875, 3.39390166543654e-24, nan 
82.625, 78.875, 4.0684029861461105e-24, nan 
82.875, 78.875, 5.559769468924385e-24, nan 
83.125, 78.875, 5.396105842841378e-24, nan 
83.375, 78.875, 3.750612964211124e-24, nan 
83.625, 78.875, 4.062896480936272e-24, nan 
83.875, 78.875, 5.27303878887777e-24, nan 
84.125, 78.875, 6.997473153277794e-24, nan 
84.375, 78.875, 5.929447223441062e-24, nan 
84.625, 78.875, 5.848683446607386e-24, nan 
84.875, 78.875, 7.332808394577604e-24, nan 
85.125, 78.875, 7.456489013317527e-24, nan 
85.375, 78.875, 7.79162038589004e-24, nan 
85.625, 78.875, 1.0233188670775626e-23, nan 
85.875, 78.875, 1.4320069320998592e-23, nan 
86.125, 78.875, 1.6131500945088263e-23, nan 
86.375, 78.875, 1.128831378764707e-23, nan 
86.625, 78.875, 1.1362523703632466e-23, nan 
86.875, 78.875, 1.1246862964744778e-23, nan 
87.125, 78.875, 1.1994393080611212e-23, nan 
87.375, 78.875, 8.334652328821491e-24, nan 
87.625, 78.875, 6.806222870631103e-24, nan 
87.875, 78.875, 9.002931121825962e-24, nan 
88.125, 78.875, 1.0294709698428093e-23, nan 
88.375, 78.875, 1.3569156617099837e-23, nan 
88.625, 78.875, 1.756918645827843e-23, nan 
88.875, 78.875, 1.64994076214568e-23, nan 
89.125, 78.875, 1.1262034784500333e-23, nan 
89.375, 78.875, 1.0152368711997279e-23, nan 
89.625, 78.875, 8.00422792662666e-24, nan 
89.875, 78.875, 7.114258385588414e-24, nan 
90.125, 78.875, 5.375491153126743e-24, nan 
90.375, 78.875, 6.923186309298809e-24, nan 
90.625, 78.875, 5.997874752914382e-24, nan 
90.875, 78.875, 3.835577385452596e-24, nan 
91.125, 78.875, 3.55617186291914e-24, nan 
91.375, 78.875, 4.9439054040713246e-24, nan 
91.625, 78.875, 3.405815960254402e-24, nan 
91.875, 78.875, 4.3824819475772484e-24, nan 
92.125, 78.875, 3.2711618094296356e-24, nan 
92.375, 78.875, 4.077421375629019e-24, nan 
92.625, 78.875, 1.0372532125359711e-24, nan 
92.875, 78.875, 2.4580411997539043e-24, nan 
93.125, 78.875, 4.0530759854037806e-24, nan 
93.375, 78.875, 3.350781943530414e-24, nan 
93.625, 78.875, 3.514571587941411e-24, nan 
93.875, 78.875, 3.9213967880196696e-24, nan 
94.125, 78.875, 5.246115059013659e-24, nan 
94.375, 78.875, 6.502083275636e-24, nan 
94.625, 78.875, 5.395222330118891e-24, nan 
94.875, 78.875, 4.4522209161050415e-24, nan 
95.125, 78.875, 4.0023206348422224e-24, nan 
95.375, 78.875, 4.6480427496726686e-24, nan 
95.625, 78.875, 5.00818999913565e-24, nan 
95.875, 78.875, 3.442213227756377e-24, nan 
96.125, 78.875, 4.0320737195167585e-24, nan 
96.375, 78.875, 4.675716042839455e-24, nan 
96.625, 78.875, 4.2325723570821176e-24, nan 
96.875, 78.875, 4.143831748794923e-24, nan 
97.125, 78.875, 2.8410449426013566e-24, nan 
97.375, 78.875, 2.759116251366801e-24, nan 
97.625, 78.875, 2.487599634210063e-24, nan 
97.875, 78.875, 1.954569226371825e-24, nan 
98.125, 78.875, 1.2324250219927747e-24, nan 
98.375, 78.875, 2.115966785426717e-24, nan 
98.625, 78.875, 2.9920595917525344e-24, nan 
98.875, 78.875, 3.36023924951387e-24, nan 
99.125, 78.875, 3.457230822904976e-24, nan 
99.375, 78.875, 2.8755357497190253e-24, nan 
99.625, 78.875, 2.5943822893177763e-24, nan 
99.875, 78.875, 2.7935723155826728e-24, nan 
100.125, 78.875, 2.275481223363578e-24, nan 
100.375, 78.875, 1.6692831193878012e-24, nan 
100.625, 78.875, 2.0653657072361194e-24, nan 
100.875, 78.875, 2.8603902007971837e-24, nan 
101.125, 78.875, 1.830594490581073e-24, nan 
101.375, 78.875, 1.4794668054987697e-24, nan 
101.625, 78.875, 3.579493124453495e-24, nan 
101.875, 78.875, 3.441753798366657e-24, nan 
102.125, 78.875, 4.9499771995411756e-24, nan 
102.375, 78.875, 6.125082580093579e-24, nan 
102.625, 78.875, 6.528577476209113e-24, nan 
102.875, 78.875, 4.749651807577354e-24, nan 
103.125, 78.875, 4.576364528350154e-24, nan 
103.375, 78.875, 6.305030486377422e-24, nan 
103.625, 78.875, 7.016607660799793e-24, nan 
103.875, 78.875, 6.008152955808705e-24, nan 
104.125, 78.875, 3.052627061954687e-24, nan 
104.375, 78.875, 2.655823116469092e-24, nan 
104.625, 78.875, 4.2298895162773364e-24, nan 
104.875, 78.875, 7.549227287095126e-24, nan 
105.125, 78.875, 6.131795234573304e-24, nan 
105.375, 78.875, 4.575561258211538e-24, nan 
105.625, 78.875, 3.1953845595619193e-24, nan 
105.875, 78.875, 3.0630044554592274e-24, nan 
106.125, 78.875, 6.57488726967418e-24, nan 
106.375, 78.875, 4.2472217843868365e-24, nan 
106.625, 78.875, 2.7206232480426892e-24, nan 
106.875, 78.875, 1.919200285478902e-24, nan 
107.125, 78.875, 2.2121751870927383e-24, nan 
107.375, 78.875, 6.14074491531566e-24, nan 
107.625, 78.875, 4.5343198649168906e-24, nan 
107.875, 78.875, 3.339538743799369e-24, nan 
108.125, 78.875, 2.389019236691476e-24, nan 
108.375, 78.875, 1.8181044861636575e-24, nan 
108.625, 78.875, 2.458850961827872e-24, nan 
108.875, 78.875, 3.085694064981149e-24, nan 
109.125, 78.875, 2.3773393215102712e-24, nan 
109.375, 78.875, 1.6195809180918363e-24, nan 
109.625, 78.875, 2.087541699833778e-24, nan 
109.875, 78.875, 1.69175479909155e-24, nan 
110.125, 78.875, 2.3520350132166773e-24, nan 
110.375, 78.875, 4.611029682865683e-24, nan 
110.625, 78.875, 7.419382688426054e-24, nan 
110.875, 78.875, 1.1825351597287304e-23, nan 
111.125, 78.875, 1.1511671382842883e-23, nan 
111.375, 78.875, 1.0850955533263514e-23, nan 
111.625, 78.875, 1.01616125241125e-23, nan 
111.875, 78.875, 9.657955542970244e-24, nan 
112.125, 78.875, 9.470489685538857e-24, nan 
112.375, 78.875, 8.845737678218984e-24, nan 
112.625, 78.875, 9.104815509738483e-24, nan 
112.875, 78.875, 7.384537255909047e-24, nan 
113.125, 78.875, 7.235934650571918e-24, nan 
113.375, 78.875, 4.528008210993905e-24, nan 
113.625, 78.875, 3.4108414968733705e-24, nan 
113.875, 78.875, 2.3137445281817918e-24, nan 
114.125, 78.875, 3.0592068163274934e-24, nan 
114.375, 78.875, 4.2166761949813136e-24, nan 
114.625, 78.875, 4.6046309934902025e-24, nan 
114.875, 78.875, 4.429166900692092e-24, nan 
115.125, 78.875, 2.5204883859192583e-24, nan 
115.375, 78.875, 2.6386528728744188e-24, nan 
115.625, 78.875, 2.771604271082857e-24, nan 
115.875, 78.875, 2.6895184371480056e-24, nan 
116.125, 78.875, 2.9632715924761363e-24, nan 
116.375, 78.875, 3.0194841293415434e-24, nan 
116.625, 78.875, 2.9736263055696028e-24, nan 
116.875, 78.875, 3.229755653986636e-24, nan 
117.125, 78.875, 3.364502180424131e-24, nan 
117.375, 78.875, 2.9046638664295627e-24, nan 
117.625, 78.875, 3.5743422141633076e-24, nan 
117.875, 78.875, 3.360443466360462e-24, nan 
118.125, 78.875, 3.678753868396595e-24, nan 
118.375, 78.875, 3.494534640319747e-24, nan 
118.625, 78.875, 3.7275905644207544e-24, nan 
118.875, 78.875, 3.045091422397424e-24, nan 
119.125, 78.875, 2.320730285678308e-24, nan 
119.375, 78.875, 1.5528768779299346e-24, nan 
119.625, 78.875, 2.2572658833406732e-24, nan 
119.875, 78.875, 2.7962247671991786e-24, nan 
120.125, 78.875, 4.452142627938687e-24, nan 
120.375, 78.875, 5.61250265001333e-24, nan 
120.625, 78.875, 2.935208250092361e-24, nan 
120.875, 78.875, 2.929119227297384e-24, nan 
121.125, 78.875, 4.861390950798255e-24, nan 
121.375, 78.875, 5.237064609838519e-24, nan 
121.625, 78.875, 6.882631366448679e-24, nan 
121.875, 78.875, 5.211929582771269e-24, nan 
122.125, 78.875, 4.658062412781642e-24, nan 
122.375, 78.875, 5.8424907121942614e-24, nan 
122.625, 78.875, 6.395978825117513e-24, nan 
122.875, 78.875, 6.703666340111536e-24, nan 
123.125, 78.875, 6.3908873908624536e-24, nan 
123.375, 78.875, 5.3088707968526804e-24, nan 
123.625, 78.875, 6.247030569437219e-24, nan 
123.875, 78.875, 6.6091578598279666e-24, nan 
124.125, 78.875, 6.63759764996151e-24, nan 
124.375, 78.875, 6.05603649118469e-24, nan 
124.625, 78.875, 5.752584592494476e-24, nan 
124.875, 78.875, 4.678541249931974e-24, nan 
125.125, 78.875, 6.032248333188989e-24, nan 
125.375, 78.875, 5.2378410415952416e-24, nan 
125.625, 78.875, 4.813147808798349e-24, nan 
125.875, 78.875, 5.0281127933848254e-24, nan 
126.125, 78.875, 5.823759838598711e-24, nan 
126.375, 78.875, 4.5965179713301976e-24, nan 
126.625, 78.875, 4.948536547418771e-24, nan 
126.875, 78.875, 4.715130800041555e-24, nan 
127.125, 78.875, 4.8151769677210325e-24, nan 
127.375, 78.875, 4.182654264024177e-24, nan 
127.625, 78.875, 4.584741285669046e-24, nan 
127.875, 78.875, 2.995203793092908e-24, nan 
128.125, 78.875, 2.6983367454794676e-24, nan 
128.375, 78.875, 2.62518816542418e-24, nan 
128.625, 78.875, 2.1554586396323395e-24, nan 
128.875, 78.875, 2.247433520799639e-24, nan 
129.125, 78.875, 2.8839429450748335e-24, nan 
129.375, 78.875, 4.465646085510952e-24, nan 
129.625, 78.875, 5.979838678504386e-24, nan 
129.875, 78.875, 6.2773028121745615e-24, nan 
130.125, 78.875, 6.1306746761697655e-24, nan 
130.375, 78.875, 7.70323749214555e-24, nan 
130.625, 78.875, 9.880692951077378e-24, nan 
130.875, 78.875, 1.1539324250870586e-23, nan 
131.125, 78.875, 8.41935666917965e-24, nan 
131.375, 78.875, 9.256561918253547e-24, nan 
131.625, 78.875, 7.972970873579483e-24, nan 
131.875, 78.875, 6.196880448936824e-24, nan 
132.125, 78.875, 5.414494720288328e-24, nan 
132.375, 78.875, 5.5851982941426226e-24, nan 
132.625, 78.875, 6.1007967746774486e-24, nan 
132.875, 78.875, 7.833528013988607e-24, nan 
133.125, 78.875, 5.484361822864896e-24, nan 
133.375, 78.875, 6.413680867262973e-24, nan 
133.625, 78.875, 5.603353380531591e-24, nan 
133.875, 78.875, 6.3959112588395385e-24, nan 
134.125, 78.875, 7.909270216939089e-24, nan 
134.375, 78.875, 6.3720144945947464e-24, nan 
134.625, 78.875, 4.338002339709887e-24, nan 
134.875, 78.875, 3.2562977694534853e-24, nan 
135.125, 78.875, 3.413291071131324e-24, nan 
135.375, 78.875, 4.295959985114062e-24, nan 
135.625, 78.875, 3.386051578446698e-24, nan 
135.875, 78.875, 2.442887053138677e-24, nan 
136.125, 78.875, 2.1320114083630437e-24, nan 
136.375, 78.875, 1.8334930433128567e-24, nan 
136.625, 78.875, 1.644638555556209e-24, nan 
136.875, 78.875, 2.711807625623937e-24, nan 
137.125, 78.875, 2.2823848197065218e-24, nan 
137.375, 78.875, 2.2024373066978514e-24, nan 
137.625, 78.875, 1.7958018042137847e-24, nan 
137.875, 78.875, 1.2675217104806898e-24, nan 
138.125, 78.875, 7.3989039946871855e-25, nan 
138.375, 78.875, 7.00827362606373e-25, nan 
138.625, 78.875, 1.0715230053652204e-24, nan 
138.875, 78.875, 1.029957662099019e-24, nan 
139.125, 78.875, 1.619690987024969e-24, nan 
139.375, 78.875, 1.945594092486611e-24, nan 
139.625, 78.875, 2.068917674162789e-24, nan 
139.875, 78.875, 1.5050060772805935e-24, nan 
140.125, 78.875, 1.9272400536661757e-24, nan 
140.375, 78.875, 2.4947310794117467e-24, nan 
140.625, 78.875, 3.611902149157819e-24, nan 
140.875, 78.875, 2.794258991128135e-24, nan 
141.125, 78.875, 2.3852823602965338e-24, nan 
141.375, 78.875, 2.4138943132694786e-24, nan 
141.625, 78.875, 2.373246289908259e-24, nan 
141.875, 78.875, 2.4625914254715148e-24, nan 
142.125, 78.875, 2.253488865327658e-24, nan 
142.375, 78.875, 2.1632975208086814e-24, nan 
142.625, 78.875, 2.1092311529005147e-24, nan 
142.875, 78.875, 1.9013869194441063e-24, nan 
143.125, 78.875, 1.714477574129797e-24, nan 
143.375, 78.875, 1.950450333961893e-24, nan 
143.625, 78.875, 1.907981456487997e-24, nan 
143.875, 78.875, 1.716704132377771e-24, nan 
144.125, 78.875, 2.242559698885602e-24, nan 
144.375, 78.875, 2.6370791013795306e-24, nan 
144.625, 78.875, 4.063487038439791e-24, nan 
144.875, 78.875, 4.782154804657787e-24, nan 
145.125, 78.875, 4.797509050571423e-24, nan 
145.375, 78.875, 3.753252655942914e-24, nan 
145.625, 78.875, 3.1105513733951346e-24, nan 
145.875, 78.875, 3.7965002027360116e-24, nan 
146.125, 78.875, 4.272467489703833e-24, nan 
146.375, 78.875, 4.188877647043494e-24, nan 
146.625, 78.875, 3.267139848178276e-24, nan 
146.875, 78.875, 2.541905702194641e-24, nan 
147.125, 78.875, 2.0508313221691855e-24, nan 
147.375, 78.875, 1.9647021965896752e-24, nan 
147.625, 78.875, 1.6873461882682454e-24, nan 
147.875, 78.875, 1.833507805631829e-24, nan 
148.125, 78.875, 1.5644379343097004e-24, nan 
148.375, 78.875, 1.6259457404348255e-24, nan 
148.625, 78.875, 9.97618421107238e-25, nan 
148.875, 78.875, 1.2065218711392737e-24, nan 
149.125, 78.875, 8.91888083993883e-25, nan 
149.375, 78.875, 1.8319247199010048e-24, nan 
149.625, 78.875, 1.2581314035495161e-24, nan 
149.875, 78.875, 1.218315509030293e-24, nan 
150.125, 78.875, 9.617062455666094e-25, nan 
150.375, 78.875, 1.4806142787341127e-24, nan 
150.625, 78.875, 1.9979942295586543e-24, nan 
150.875, 78.875, 1.832202521050672e-24, nan 
151.125, 78.875, 2.051040941873538e-24, nan 
151.375, 78.875, 1.668556486514976e-24, nan 
151.625, 78.875, 1.784947526892898e-24, nan 
151.875, 78.875, 1.85195283877098e-24, nan 
152.125, 78.875, 1.4826655994125195e-24, nan 
152.375, 78.875, 1.738979823562267e-24, nan 
152.625, 78.875, 1.71132655145454e-24, nan 
152.875, 78.875, 4.547931064771101e-24, nan 
153.125, 78.875, 4.252063057126008e-24, nan 
153.375, 78.875, 4.313160601638532e-24, nan 
153.625, 78.875, 4.286235829239436e-24, nan 
153.875, 78.875, 6.813180753176848e-24, nan 
154.125, 78.875, 9.541562075980899e-24, nan 
154.375, 78.875, 7.933443561097912e-24, nan 
154.625, 78.875, 7.784606540375806e-24, nan 
154.875, 78.875, 3.834322555143816e-24, nan 
155.125, 78.875, 8.409611558766039e-24, nan 
155.375, 78.875, 1.3066553190128426e-23, nan 
155.625, 78.875, 1.0240284356385627e-23, nan 
155.875, 78.875, 1.2547433423663655e-23, nan 
156.125, 78.875, 6.789458811313412e-24, nan 
156.375, 78.875, 5.130633526595129e-24, nan 
156.625, 78.875, 7.129589220578298e-24, nan 
156.875, 78.875, 6.4006797439977894e-24, nan 
157.125, 78.875, 7.798426863296727e-24, nan 
157.375, 78.875, 5.7783459581868186e-24, nan 
157.625, 78.875, 4.973818305530659e-24, nan 
157.875, 78.875, 4.037482524585277e-24, nan 
158.125, 78.875, 4.2350267909195974e-24, nan 
158.375, 78.875, 3.484015768836582e-24, nan 
158.625, 78.875, 3.681604650029817e-24, nan 
158.875, 78.875, 4.129682974783572e-24, nan 
159.125, 78.875, 3.440838719321057e-24, nan 
159.375, 78.875, 3.170431263248025e-24, nan 
159.625, 78.875, 2.5890114177688576e-24, nan 
159.875, 78.875, 2.8435555911394584e-24, nan 
160.125, 78.875, 3.3747256481191824e-24, nan 
160.375, 78.875, 2.9481909780642682e-24, nan 
160.625, 78.875, 2.167585288093262e-24, nan 
160.875, 78.875, 1.1203452758687463e-24, nan 
161.125, 78.875, 2.0233102221527674e-24, nan 
161.375, 78.875, 1.2322214477962836e-24, nan 
161.625, 78.875, 1.444405441797619e-24, nan 
161.875, 78.875, 1.211930550820427e-24, nan 
162.125, 78.875, 1.2918896360731368e-24, nan 
162.375, 78.875, 1.2273051663933989e-24, nan 
162.625, 78.875, 1.8631339641230855e-24, nan 
162.875, 78.875, 2.133227599448682e-24, nan 
163.125, 78.875, 1.0343912367589646e-24, nan 
163.375, 78.875, 8.969907059458207e-25, nan 
163.625, 78.875, 1.567425566071761e-24, nan 
163.875, 78.875, 3.2464790134666682e-24, nan 
164.125, 78.875, 4.191034204431354e-24, nan 
164.375, 78.875, 4.304003861447289e-24, nan 
164.625, 78.875, 2.5679327314210733e-24, nan 
164.875, 78.875, 2.605155506364645e-24, nan 
165.125, 78.875, 1.978717860162958e-24, nan 
165.375, 78.875, 1.7810167753362542e-24, nan 
165.625, 78.875, 1.9695041558393537e-24, nan 
165.875, 78.875, 1.663980133937098e-24, nan 
166.125, 78.875, 2.774511398913475e-24, nan 
166.375, 78.875, 2.609509545125049e-24, nan 
166.625, 78.875, 1.3316686586601133e-24, nan 
166.875, 78.875, 1.7836857941284853e-24, nan 
167.125, 78.875, 1.1874401673345512e-24, nan 
167.375, 78.875, 1.4359501470826197e-24, nan 
167.625, 78.875, 2.4588462794025988e-24, nan 
167.875, 78.875, 1.2325677737501305e-24, nan 
168.125, 78.875, 1.1544891630098932e-24, nan 
168.375, 78.875, 8.4648431992933e-25, nan 
168.625, 78.875, 1.4256493911568878e-24, nan 
168.875, 78.875, 1.4594697280571971e-24, nan 
169.125, 78.875, 1.1771177808876367e-24, nan 
169.375, 78.875, 2.0080101484505164e-24, nan 
169.625, 78.875, 2.6592034668599797e-24, nan 
169.875, 78.875, 2.6935101212843683e-24, nan 
170.125, 78.875, 2.5304996618117005e-24, nan 
170.375, 78.875, 2.4597256957463284e-24, nan 
170.625, 78.875, 2.552609032167208e-24, nan 
170.875, 78.875, 2.936539793277329e-24, nan 
171.125, 78.875, 3.2212800512182272e-24, nan 
171.375, 78.875, 2.941920283144866e-24, nan 
171.625, 78.875, 2.948402214111767e-24, nan 
171.875, 78.875, 2.6081442965525665e-24, nan 
172.125, 78.875, 2.496271172051284e-24, nan 
172.375, 78.875, 2.5182763172777372e-24, nan 
172.625, 78.875, 4.298419855734457e-24, nan 
172.875, 78.875, 3.826382931901994e-24, nan 
173.125, 78.875, 4.892977971314775e-24, nan 
173.375, 78.875, 3.4026392996243165e-24, nan 
173.625, 78.875, 3.055830687780315e-24, nan 
173.875, 78.875, 4.432460819306358e-24, nan 
174.125, 78.875, 6.179797617051087e-24, nan 
174.375, 78.875, 5.179624848922263e-24, nan 
174.625, 78.875, 5.173363479117499e-24, nan 
174.875, 78.875, 5.520857398050231e-24, nan 
175.125, 78.875, 4.352585313838682e-24, nan 
175.375, 78.875, 5.142828786432985e-24, nan 
175.625, 78.875, 5.935181243338092e-24, nan 
175.875, 78.875, 9.087200151731272e-24, nan 
176.125, 78.875, 1.0255510056002112e-23, nan 
176.375, 78.875, 5.256981072339959e-24, nan 
176.625, 78.875, 4.555636370883323e-24, nan 
176.875, 78.875, 3.481132714419289e-24, nan 
177.125, 78.875, 7.797679922120339e-24, nan 
177.375, 78.875, 8.209874290358164e-24, nan 
177.625, 78.875, 3.359471944534065e-24, nan 
177.875, 78.875, 3.975104248363909e-24, nan 
178.125, 78.875, 3.0883206087462166e-24, nan 
178.375, 78.875, 3.837698917733268e-24, nan 
178.625, 78.875, 5.1450814100061356e-24, nan 
178.875, 78.875, 3.900892069908381e-24, nan 
179.125, 78.875, 4.7340601636506905e-24, nan 
179.375, 78.875, 4.303874499133021e-24, nan 
179.625, 78.875, 2.9741762438340812e-24, nan 
179.875, 78.875, 3.289220800779728e-24, nan 
-179.875, 79.125, 6.623161326754583e-24, nan 
-179.625, 79.125, 6.977880217288674e-24, nan 
-179.375, 79.125, 7.216150714909985e-24, nan 
-179.125, 79.125, 9.103737814163196e-24, nan 
-178.875, 79.125, 7.979515449089022e-24, nan 
-178.625, 79.125, 1.0035558348307068e-23, nan 
-178.375, 79.125, 8.330935552378453e-24, nan 
-178.125, 79.125, 9.41439134876764e-24, nan 
-177.875, 79.125, 1.2169744362150145e-23, nan 
-177.625, 79.125, 1.0289824426775127e-23, nan 
-177.375, 79.125, 1.2405702489881137e-23, nan 
-177.125, 79.125, 9.39175721911712e-24, nan 
-176.875, 79.125, 1.1507169585404471e-23, nan 
-176.625, 79.125, 9.611080770285536e-24, nan 
-176.375, 79.125, 7.177801356108858e-24, nan 
-176.125, 79.125, 3.537271592422108e-24, nan 
-175.875, 79.125, 5.708454494642731e-24, nan 
-175.625, 79.125, 1.0438991018647257e-23, nan 
-175.375, 79.125, 6.77654445832418e-24, nan 
-175.125, 79.125, 5.4305550437521636e-24, nan 
-174.875, 79.125, 6.3600521980668e-24, nan 
-174.625, 79.125, 6.893301423611154e-24, nan 
-174.375, 79.125, 8.747929974619885e-24, nan 
-174.125, 79.125, 6.982267029872708e-24, nan 
-173.875, 79.125, 6.4618445245038765e-24, nan 
-173.625, 79.125, 7.190638454903675e-24, nan 
-173.375, 79.125, 5.2711455826427846e-24, nan 
-173.125, 79.125, 6.158150882896483e-24, nan 
-172.875, 79.125, 6.690799736594569e-24, nan 
-172.625, 79.125, 8.254732573631069e-24, nan 
-172.375, 79.125, 6.981651799380626e-24, nan 
-172.125, 79.125, 9.486547629613038e-24, nan 
-171.875, 79.125, 7.941817936813718e-24, nan 
-171.625, 79.125, 9.689449820828263e-24, nan 
-171.375, 79.125, 9.7664586480585e-24, nan 
-171.125, 79.125, 1.0896792853247852e-23, nan 
-170.875, 79.125, 1.0172674561784848e-23, nan 
-170.625, 79.125, 1.0150781118213778e-23, nan 
-170.375, 79.125, 1.082890485093674e-23, nan 
-170.125, 79.125, 1.0997008529070405e-23, nan 
-169.875, 79.125, 1.0338536108949635e-23, nan 
-169.625, 79.125, 9.944014858954143e-24, nan 
-169.375, 79.125, 1.0889984303093117e-23, nan 
-169.125, 79.125, 1.0822785937357254e-23, nan 
-168.875, 79.125, 1.0912715076615779e-23, nan 
-168.625, 79.125, 1.0832699194740975e-23, nan 
-168.375, 79.125, 1.1342646402012983e-23, nan 
-168.125, 79.125, 1.0026485088879664e-23, nan 
-167.875, 79.125, 1.0600764738504738e-23, nan 
-167.625, 79.125, 1.013645522402632e-23, nan 
-167.375, 79.125, 1.0369127259472791e-23, nan 
-167.125, 79.125, 1.1797373123437504e-23, nan 
-166.875, 79.125, 1.0355843373887739e-23, nan 
-166.625, 79.125, 1.0213340607216603e-23, nan 
-166.375, 79.125, 1.0035285750096331e-23, nan 
-166.125, 79.125, 1.136314730252483e-23, nan 
-165.875, 79.125, 1.1497495815217111e-23, nan 
-165.625, 79.125, 1.0079562498395438e-23, nan 
-165.375, 79.125, 1.0372261558263952e-23, nan 
-165.125, 79.125, 9.999887953820067e-24, nan 
-164.875, 79.125, 1.0587117038042943e-23, nan 
-164.625, 79.125, 9.869637937685593e-24, nan 
-164.375, 79.125, 1.0740531808528396e-23, nan 
-164.125, 79.125, 9.913070779481686e-24, nan 
-163.875, 79.125, 1.0366753639402088e-23, nan 
-163.625, 79.125, 1.2502965960521897e-23, nan 
-163.375, 79.125, 1.242645201838145e-23, nan 
-163.125, 79.125, 1.3259556478976082e-23, nan 
-162.875, 79.125, 8.720019768456476e-24, nan 
-162.625, 79.125, 1.1489914057461837e-23, nan 
-162.375, 79.125, 1.1779211504821317e-23, nan 
-162.125, 79.125, 1.2998527851850521e-23, nan 
-161.875, 79.125, 1.1040305181629714e-23, nan 
-161.625, 79.125, 1.1152596338094597e-23, nan 
-161.375, 79.125, 1.1089129554602311e-23, nan 
-161.125, 79.125, 1.0695235803837628e-23, nan 
-160.875, 79.125, 1.1325794450600864e-23, nan 
-160.625, 79.125, 1.2172144294685228e-23, nan 
-160.375, 79.125, 1.0227541223406704e-23, nan 
-160.125, 79.125, 1.0491076876966708e-23, nan 
-159.875, 79.125, 8.516109616093075e-24, nan 
-159.625, 79.125, 9.695426096704659e-24, nan 
-159.375, 79.125, 7.979825605852272e-24, nan 
-159.125, 79.125, 8.428553946897162e-24, nan 
-158.875, 79.125, 7.736453790361854e-24, nan 
-158.625, 79.125, 8.139280735013042e-24, nan 
-158.375, 79.125, 8.04893423102624e-24, nan 
-158.125, 79.125, 7.647156621183201e-24, nan 
-157.875, 79.125, 6.444836508188663e-24, nan 
-157.625, 79.125, 6.158544623040747e-24, nan 
-157.375, 79.125, 6.2169240867948774e-24, nan 
-157.125, 79.125, 6.420382550338788e-24, nan 
-156.875, 79.125, 6.181201973081296e-24, nan 
-156.625, 79.125, 6.27015070425559e-24, nan 
-156.375, 79.125, 8.690205872414158e-24, nan 
-156.125, 79.125, 9.064752886817366e-24, nan 
-155.875, 79.125, 9.023739716250285e-24, nan 
-155.625, 79.125, 7.700154389972705e-24, nan 
-155.375, 79.125, 5.6507945934841115e-24, nan 
-155.125, 79.125, 9.62549393109455e-24, nan 
-154.875, 79.125, 1.341186791301789e-23, nan 
-154.625, 79.125, 1.420177255374556e-23, nan 
-154.375, 79.125, 1.786351268589213e-23, nan 
-154.125, 79.125, 2.1927735334189298e-23, nan 
-153.875, 79.125, 2.834193620112948e-23, nan 
-153.625, 79.125, 2.3585727340687365e-23, nan 
-153.375, 79.125, 1.793332756565212e-23, nan 
-153.125, 79.125, 1.3104162211002004e-23, nan 
-152.875, 79.125, 1.2695914784483114e-23, nan 
-152.625, 79.125, 1.2394240898702808e-23, nan 
-152.375, 79.125, 1.1144903304435126e-23, nan 
-152.125, 79.125, 1.2860058731706496e-23, nan 
-151.875, 79.125, 1.1183365183265005e-23, nan 
-151.625, 79.125, 1.1723483555126974e-23, nan 
-151.375, 79.125, 1.118533937546584e-23, nan 
-151.125, 79.125, 1.1413781867759928e-23, nan 
-150.875, 79.125, 1.1994878160887496e-23, nan 
-150.625, 79.125, 1.2981196124627505e-23, nan 
-150.375, 79.125, 1.1028994813554076e-23, nan 
-150.125, 79.125, 1.1924629500750583e-23, nan 
-149.875, 79.125, 1.4340799579989038e-23, nan 
-149.625, 79.125, 1.2419575525615586e-23, nan 
-149.375, 79.125, 1.1760671926355433e-23, nan 
-149.125, 79.125, 1.21390120789173e-23, nan 
-148.875, 79.125, 1.560310573925394e-23, nan 
-148.625, 79.125, 1.7984170317304364e-23, nan 
-148.375, 79.125, 1.8416917102774184e-23, nan 
-148.125, 79.125, 1.9054349482363875e-23, nan 
-147.875, 79.125, 2.0890193886595214e-23, nan 
-147.625, 79.125, 1.5730587286450636e-23, nan 
-147.375, 79.125, 1.1331083695803103e-23, nan 
-147.125, 79.125, 1.6169609476353766e-23, nan 
-146.875, 79.125, 1.4809669160349555e-23, nan 
-146.625, 79.125, 1.3436733614267758e-23, nan 
-146.375, 79.125, 1.4766902543384738e-23, nan 
-146.125, 79.125, 1.1881868410699873e-23, nan 
-145.875, 79.125, 1.2279495027507659e-23, nan 
-145.625, 79.125, 1.3632749863199633e-23, nan 
-145.375, 79.125, 1.6635694015656102e-23, nan 
-145.125, 79.125, 1.4807321134673924e-23, nan 
-144.875, 79.125, 1.4388299706027442e-23, nan 
-144.625, 79.125, 1.330277041002609e-23, nan 
-144.375, 79.125, 1.6711315603166723e-23, nan 
-144.125, 79.125, 1.4448977628013198e-23, nan 
-143.875, 79.125, 1.6408875384995823e-23, nan 
-143.625, 79.125, 1.5520832632779444e-23, nan 
-143.375, 79.125, 1.548940031520316e-23, nan 
-143.125, 79.125, 1.614025770579718e-23, nan 
-142.875, 79.125, 1.6554495030139146e-23, nan 
-142.625, 79.125, 1.5420977188638555e-23, nan 
-142.375, 79.125, 1.608737253568439e-23, nan 
-142.125, 79.125, 1.6624338091688985e-23, nan 
-141.875, 79.125, 1.4041173862897703e-23, nan 
-141.625, 79.125, 1.2216437628002118e-23, nan 
-141.375, 79.125, 9.819742613083669e-24, nan 
-141.125, 79.125, 1.114210486035893e-23, nan 
-140.875, 79.125, 1.2047779479703377e-23, nan 
-140.625, 79.125, 1.3396438274837347e-23, nan 
-140.375, 79.125, 1.229246711509241e-23, nan 
-140.125, 79.125, 1.2399329946596127e-23, nan 
-139.875, 79.125, 1.4921583873323102e-23, nan 
-139.625, 79.125, 1.3628284206560792e-23, nan 
-139.375, 79.125, 1.2764413389243387e-23, nan 
-139.125, 79.125, 1.292704670296068e-23, nan 
-138.875, 79.125, 1.4124288152902375e-23, nan 
-138.625, 79.125, 1.5301107146842984e-23, nan 
-138.375, 79.125, 1.4772726309735898e-23, nan 
-138.125, 79.125, 1.5130508720650084e-23, nan 
-137.875, 79.125, 1.6732280434875186e-23, nan 
-137.625, 79.125, 2.1991279228340316e-23, nan 
-137.375, 79.125, 1.8417711651332485e-23, nan 
-137.125, 79.125, 1.6446892313313186e-23, nan 
-136.875, 79.125, 1.6256329290701297e-23, nan 
-136.625, 79.125, 1.8023274621760994e-23, nan 
-136.375, 79.125, 1.5898505662824578e-23, nan 
-136.125, 79.125, 1.558754285645971e-23, nan 
-135.875, 79.125, 1.5151479363202532e-23, nan 
-135.625, 79.125, 1.9832636041056637e-23, nan 
-135.375, 79.125, 2.1207886553173327e-23, nan 
-135.125, 79.125, 1.480544574306624e-23, nan 
-134.875, 79.125, 9.53535872445371e-24, nan 
-134.625, 79.125, 1.1522087066111897e-23, nan 
-134.375, 79.125, 1.64332398273674e-23, nan 
-134.125, 79.125, 2.1335321506247258e-23, nan 
-133.875, 79.125, 1.0457423607093019e-23, nan 
-133.625, 79.125, 9.73913026762853e-24, nan 
-133.375, 79.125, 1.5649273420713065e-23, nan 
-133.125, 79.125, 1.6481568166849804e-23, nan 
-132.875, 79.125, 1.9184163565342965e-23, nan 
-132.625, 79.125, 1.2621608520423923e-23, nan 
-132.375, 79.125, 1.4629760429975584e-23, nan 
-132.125, 79.125, 1.2671077284821668e-23, nan 
-131.875, 79.125, 9.952972483679627e-24, nan 
-131.625, 79.125, 1.2677693513859263e-23, nan 
-131.375, 79.125, 1.406391210322846e-23, nan 
-131.125, 79.125, 1.409269602687916e-23, nan 
-130.875, 79.125, 1.6263868843409157e-23, nan 
-130.625, 79.125, 1.3244494573721018e-23, nan 
-130.375, 79.125, 1.1287303695560461e-23, nan 
-130.125, 79.125, 7.710238905395531e-24, nan 
-129.875, 79.125, 1.0182158872008721e-23, nan 
-129.625, 79.125, 1.1914245280340264e-23, nan 
-129.375, 79.125, 1.8215958459688585e-23, nan 
-129.125, 79.125, 2.4730781342740808e-23, nan 
-128.875, 79.125, 3.109071505713962e-23, nan 
-128.625, 79.125, 2.4525116742230312e-23, nan 
-128.375, 79.125, 2.5695198244657614e-23, nan 
-128.125, 79.125, 2.4747154435955975e-23, nan 
-127.875, 79.125, 2.84790349260483e-23, nan 
-127.625, 79.125, 3.020337337248574e-23, nan 
-127.375, 79.125, 1.938703632330963e-23, nan 
-127.125, 79.125, 2.463602620094663e-23, nan 
-126.875, 79.125, 2.1900500068907468e-23, nan 
-126.625, 79.125, 1.7838576106204267e-23, nan 
-126.375, 79.125, 1.7544589815146153e-23, nan 
-126.125, 79.125, 2.3363007792887765e-23, nan 
-125.875, 79.125, 2.2024706526835377e-23, nan 
-125.625, 79.125, 1.7694241912525353e-23, nan 
-125.375, 79.125, 1.7723110479185982e-23, nan 
-125.125, 79.125, 1.7505221485056734e-23, nan 
-124.875, 79.125, 2.542771419539098e-23, nan 
-124.625, 79.125, 2.3022571485212115e-23, nan 
-124.375, 79.125, 1.7168542844647117e-23, nan 
-124.125, 79.125, 1.0544822686210931e-23, nan 
-123.875, 79.125, 4.516991906841638e-24, nan 
-123.625, 79.125, 1.9251129573479148e-23, nan 
-123.375, 79.125, 3.125151077562588e-23, nan 
-123.125, 79.125, 3.4189194336447525e-23, nan 
-122.875, 79.125, 3.435934629666838e-23, nan 
-122.625, 79.125, 2.5643375150657162e-23, nan 
-122.375, 79.125, 2.33488383114949e-23, nan 
-122.125, 79.125, 4.2234466667843814e-23, nan 
-121.875, 79.125, 5.378245561549415e-23, nan 
-121.625, 79.125, 5.867825615928403e-23, nan 
-121.375, 79.125, 4.8613344538721266e-23, nan 
-121.125, 79.125, 3.3317800193178803e-23, nan 
-120.875, 79.125, 2.676694695158815e-23, nan 
-120.625, 79.125, 3.0645017338076187e-23, nan 
-120.375, 79.125, 4.2237424409903384e-23, nan 
-120.125, 79.125, 3.469500752481582e-23, nan 
-119.875, 79.125, 3.894439370329714e-23, nan 
-119.625, 79.125, 3.762547583819182e-23, nan 
-119.375, 79.125, 3.1777756438453845e-23, nan 
-119.125, 79.125, 2.691801891625757e-23, nan 
-118.875, 79.125, 3.362994224344718e-23, nan 
-118.625, 79.125, 3.1075824978158326e-23, nan 
-118.375, 79.125, 3.033470572852425e-23, nan 
-118.125, 79.125, 2.517833897469828e-23, nan 
-117.875, 79.125, 2.619440682353561e-23, nan 
-117.625, 79.125, 2.0664181037971077e-23, nan 
-117.375, 79.125, 1.8670328508543794e-23, nan 
-117.125, 79.125, 1.4084652180485876e-23, nan 
-116.875, 79.125, 1.4692706300290585e-23, nan 
-116.625, 79.125, 2.3433953274684634e-23, nan 
-116.375, 79.125, 2.061144206531332e-23, nan 
-116.125, 79.125, 2.5320618806244412e-23, nan 
-115.875, 79.125, 2.2996363119128682e-23, nan 
-115.625, 79.125, 2.086062889563613e-23, nan 
-115.375, 79.125, 2.022201254379737e-23, nan 
-115.125, 79.125, 1.8320854236009117e-23, nan 
-114.875, 79.125, 1.9771923342804773e-23, nan 
-114.625, 79.125, 1.6971221853466606e-23, nan 
-114.375, 79.125, 1.8875831897475923e-23, nan 
-114.125, 79.125, 1.7829841905132115e-23, nan 
-113.875, 79.125, 2.3703448311846317e-23, nan 
-113.625, 79.125, 2.2721580438363232e-23, nan 
-113.375, 79.125, 2.0294889773262795e-23, nan 
-113.125, 79.125, 1.6228776450756413e-23, nan 
-112.875, 79.125, 1.661129096822015e-23, nan 
-112.625, 79.125, 3.3276085351560883e-23, nan 
-112.375, 79.125, 3.9023687241529023e-23, nan 
-112.125, 79.125, 3.4748586991578875e-23, nan 
-111.875, 79.125, 2.6365830974309762e-23, nan 
-111.625, 79.125, 2.682641435964599e-23, nan 
-111.375, 79.125, 4.6130555957448946e-23, nan 
-111.125, 79.125, 5.460396935013441e-23, nan 
-110.875, 79.125, 4.1630323690386823e-23, nan 
-110.625, 79.125, 2.5880079882391734e-23, nan 
-110.375, 79.125, 2.1369460107090954e-23, nan 
-110.125, 79.125, 2.205576507162909e-23, nan 
-109.875, 79.125, 3.29836793900772e-23, nan 
-109.625, 79.125, 3.834540572482566e-23, nan 
-109.375, 79.125, 3.6093690823173634e-23, nan 
-109.125, 79.125, 2.896526265735733e-23, nan 
-108.875, 79.125, 2.2272486352325015e-23, nan 
-108.625, 79.125, 2.1228150633345525e-23, nan 
-108.375, 79.125, 2.732321898030235e-23, nan 
-108.125, 79.125, 3.38055068804354e-23, nan 
-107.875, 79.125, 2.004087586122895e-23, nan 
-107.625, 79.125, 1.4643803675994985e-23, nan 
-107.375, 79.125, 1.5622983247727767e-23, nan 
-107.125, 79.125, 2.6193609031588698e-23, nan 
-106.875, 79.125, 3.127939220091918e-23, nan 
-106.625, 79.125, 2.2324218216345462e-23, nan 
-106.375, 79.125, 2.804369779744415e-23, nan 
-106.125, 79.125, 3.130512641037559e-23, nan 
-105.875, 79.125, 4.574957345256625e-23, nan 
-105.625, 79.125, 4.1702782142571337e-23, nan 
-105.375, 79.125, 3.0318819273035727e-23, nan 
-105.125, 79.125, 4.012139246768445e-23, nan 
-104.875, 79.125, 5.2745751224931976e-23, nan 
-104.625, 79.125, 4.788871123652998e-23, nan 
-104.375, 79.125, 3.9883080789260684e-23, nan 
-104.125, 79.125, 3.811492496389518e-23, nan 
-103.875, 79.125, 2.2417902507610354e-23, nan 
-103.625, 79.125, 2.896942003533077e-23, nan 
-103.375, 79.125, 1.2409003348167275e-23, nan 
-103.125, 79.125, 1.4571585032732113e-23, nan 
-102.875, 79.125, 3.11074150939832e-23, nan 
-102.625, 79.125, 1.732853615165266e-23, nan 
-102.375, 79.125, 1.5058450385472216e-23, nan 
-102.125, 79.125, 9.862913724047584e-24, nan 
-101.875, 79.125, 1.3172737076839929e-23, nan 
-101.625, 79.125, 2.041813450140993e-23, nan 
-101.375, 79.125, 3.065921397831839e-23, nan 
-101.125, 79.125, 4.084881975212477e-23, nan 
-100.875, 79.125, 4.5126849414484566e-23, nan 
-100.625, 79.125, 3.9218644546527644e-23, nan 
-100.375, 79.125, 3.225027603505753e-23, nan 
-100.125, 79.125, 2.6363330226729927e-23, nan 
-99.875, 79.125, 3.453956323847971e-23, nan 
-99.625, 79.125, 2.9990004883137897e-23, nan 
-99.375, 79.125, 4.2739686924633457e-23, nan 
-99.125, 79.125, 4.0338127566742177e-23, nan 
-98.875, 79.125, 4.641666151281679e-23, nan 
-98.625, 79.125, 5.159442573739408e-23, nan 
-98.375, 79.125, 4.725493317338177e-23, nan 
-98.125, 79.125, 7.521595800079875e-23, nan 
-97.875, 79.125, 7.777202590243918e-23, nan 
-97.625, 79.125, 6.484984216003575e-23, nan 
-97.375, 79.125, 4.875119801992216e-23, nan 
-97.125, 79.125, 4.9979953938196674e-23, nan 
-96.875, 79.125, 6.429190835825044e-23, nan 
-96.625, 79.125, 5.2638397870466e-23, nan 
-96.375, 79.125, 4.854162898594596e-23, nan 
-96.125, 79.125, 3.218647778480442e-23, nan 
-95.875, 79.125, 6.216000323722719e-23, nan 
-95.625, 79.125, 5.845864816676873e-23, nan 
-95.375, 79.125, 5.919494418788348e-23, nan 
-95.125, 79.125, 4.8429014760115526e-23, nan 
-94.875, 79.125, 4.426109365014001e-23, nan 
-94.625, 79.125, 2.87701008428083e-23, nan 
-94.375, 79.125, 2.726386795612402e-23, nan 
-94.125, 79.125, 4.915124099981371e-23, nan 
-93.875, 79.125, 4.2371925921496707e-23, nan 
-93.625, 79.125, 7.077509409234401e-23, nan 
-93.375, 79.125, 8.533769316891903e-23, nan 
-93.125, 79.125, 7.424454325025569e-23, nan 
-92.875, 79.125, 5.257759607073134e-23, nan 
-92.625, 79.125, 4.733176781971325e-23, nan 
-92.375, 79.125, 8.852381791656524e-23, nan 
-92.125, 79.125, 1.2907143256878152e-22, nan 
-91.875, 79.125, 1.1393597795347855e-22, nan 
-91.625, 79.125, 7.430258675154925e-23, nan 
-91.375, 79.125, 6.675966576458746e-23, nan 
-91.125, 79.125, 3.734612481357782e-23, nan 
-90.875, 79.125, 6.178072282829369e-23, nan 
-90.625, 79.125, 6.471498811374726e-23, nan 
-90.375, 79.125, 4.9859908218141826e-23, nan 
-90.125, 79.125, 4.090041046774925e-23, nan 
-89.875, 79.125, 5.623235703293315e-23, nan 
-89.625, 79.125, 7.268061697974335e-23, nan 
-89.375, 79.125, 1.1132532933544981e-22, nan 
-89.125, 79.125, 8.567698565965831e-23, nan 
-88.875, 79.125, 7.550156045226855e-23, nan 
-88.625, 79.125, 8.124239118171929e-23, nan 
-88.375, 79.125, 6.554549268338984e-23, nan 
-88.125, 79.125, 5.909609842970366e-23, nan 
-87.875, 79.125, 6.774652630379237e-23, nan 
-87.625, 79.125, 7.98418787242328e-23, nan 
-87.375, 79.125, 9.793552807060313e-23, nan 
-87.125, 79.125, 8.401382237021152e-23, nan 
-86.875, 79.125, 6.179386907411053e-23, nan 
-86.625, 79.125, 7.180564784342849e-23, nan 
-86.375, 79.125, 9.275975594367727e-23, nan 
-86.125, 79.125, 1.4315953728987302e-22, nan 
-85.875, 79.125, 1.3964884740886495e-22, nan 
-85.625, 79.125, 9.211325920434043e-23, nan 
-85.375, 79.125, 8.495377986390058e-23, nan 
-85.125, 79.125, 1.2761413251318772e-22, nan 
-84.875, 79.125, 1.2395012170070913e-22, nan 
-84.625, 79.125, 1.177639689910677e-22, nan 
-84.375, 79.125, 1.5173589053111833e-22, nan 
-84.125, 79.125, 1.061438887255246e-22, nan 
-83.875, 79.125, 1.2879110764334548e-22, nan 
-83.625, 79.125, 1.635568149530402e-22, nan 
-83.375, 79.125, 2.243355825375389e-22, nan 
-83.125, 79.125, 2.4133915129234324e-22, nan 
-82.875, 79.125, 2.437429093386767e-22, nan 
-82.625, 79.125, 3.019532490534829e-22, nan 
-82.375, 79.125, 2.7374219113698007e-22, nan 
-82.125, 79.125, 2.421689384255101e-22, nan 
-81.875, 79.125, 2.4731030846464485e-22, nan 
-81.625, 79.125, 2.49178146524605e-22, nan 
-81.375, 79.125, 2.821025403856118e-22, nan 
-81.125, 79.125, 2.877026671977303e-22, nan 
-80.875, 79.125, 2.0789850036856672e-22, nan 
-80.625, 79.125, 2.188144287743449e-22, nan 
-80.375, 79.125, 1.6507603702401348e-22, nan 
-80.125, 79.125, 3.6094678912042264e-22, nan 
-79.875, 79.125, 3.3581210335736835e-22, nan 
-79.625, 79.125, 3.03189723808724e-22, nan 
-79.375, 79.125, 1.6361976312683725e-22, nan 
-79.125, 79.125, 1.8737137739562028e-22, nan 
-78.875, 79.125, 4.017728393783545e-22, nan 
-78.625, 79.125, 3.8812164478046713e-22, nan 
-78.375, 79.125, 4.190992703445327e-22, nan 
-78.125, 79.125, 2.1352986912048416e-22, nan 
-77.875, 79.125, 1.7515453595999246e-22, nan 
-77.625, 79.125, 1.655901242829798e-22, nan 
-77.375, 79.125, 1.94317078572065e-22, nan 
-77.125, 79.125, 1.9674275172651158e-22, nan 
-76.875, 79.125, 9.280460915438401e-23, nan 
-76.625, 79.125, 1.5652423400131714e-22, nan 
-76.375, 79.125, 1.76539037111233e-22, nan 
-76.125, 79.125, 2.384941402139528e-22, nan 
-75.875, 79.125, 2.6879142292836534e-22, nan 
-75.625, 79.125, 2.474139723631481e-22, nan 
-75.375, 79.125, 1.4657215290800745e-22, nan 
-75.125, 79.125, 2.8142373231769664e-22, nan 
-74.875, 79.125, 2.92148442939983e-22, nan 
-74.625, 79.125, 2.5189518229038097e-22, nan 
-74.375, 79.125, 3.294110054349507e-22, nan 
-74.125, 79.125, 1.4157655824176727e-22, nan 
-73.875, 79.125, 1.6277497017340794e-22, nan 
-73.625, 79.125, 1.4973762598259627e-22, nan 
-73.375, 79.125, 3.354076806737267e-22, nan 
-73.125, 79.125, 4.2646236240267e-22, nan 
-72.875, 79.125, 2.4690234945598976e-22, nan 
-72.625, 79.125, 3.5225072869654427e-22, nan 
-72.375, 79.125, 3.9843914287854403e-22, nan 
-72.125, 79.125, 4.935147787721886e-22, nan 
-71.875, 79.125, 4.981214728275046e-22, nan 
-71.625, 79.125, 4.2326526901595317e-22, nan 
-71.375, 79.125, 3.9760740282393184e-22, nan 
-71.125, 79.125, 6.466736503629796e-22, nan 
-70.875, 79.125, 5.90896789851367e-22, nan 
-70.625, 79.125, 5.508282810799763e-22, nan 
-70.375, 79.125, 4.668023334347039e-22, nan 
-70.125, 79.125, 4.1118103667636763e-22, nan 
-69.875, 79.125, 5.77595702281944e-22, nan 
-69.625, 79.125, 3.802201282502977e-22, nan 
-69.375, 79.125, 3.9456257392320623e-22, nan 
-69.125, 79.125, 4.556651838258468e-22, nan 
-68.875, 79.125, 5.286352258844225e-22, nan 
-68.625, 79.125, 7.100520439614146e-22, nan 
-68.375, 79.125, 6.963789658152329e-22, nan 
-68.125, 79.125, 6.616874334594164e-22, nan 
-67.875, 79.125, 7.57532956600231e-22, nan 
-67.625, 79.125, 9.830559780630062e-22, nan 
-67.375, 79.125, 9.899040282587893e-22, nan 
-67.125, 79.125, 1.3674236026028766e-21, nan 
-66.875, 79.125, 1.3654171307197795e-21, nan 
-66.625, 79.125, 2.1830867932802792e-21, nan 
-66.375, 79.125, 3.3723769630070865e-21, nan 
-66.125, 79.125, 2.9339414965451884e-21, nan 
-65.875, 79.125, 2.1997013933922487e-21, nan 
-65.625, 79.125, 2.1017142306653255e-21, nan 
-65.375, 79.125, 2.3183369362627433e-21, nan 
-65.125, 79.125, 3.322875056713672e-21, nan 
-64.875, 79.125, 2.820584195321171e-21, nan 
-64.625, 79.125, 2.370200494816348e-21, nan 
-64.375, 79.125, 2.1663654875742192e-21, nan 
-64.125, 79.125, 1.817347739506033e-21, nan 
-63.875, 79.125, 1.466408110912842e-21, nan 
-63.625, 79.125, 1.7107835091354056e-21, nan 
-63.375, 79.125, 1.562072965422596e-21, nan 
-63.125, 79.125, 1.3146410828314815e-21, nan 
-62.875, 79.125, 1.0411933308676218e-21, nan 
-62.625, 79.125, 2.3118145232069658e-21, nan 
-62.375, 79.125, 2.0559684050218178e-21, nan 
-62.125, 79.125, 2.010823862421013e-21, nan 
-61.875, 79.125, 2.1134496193746204e-21, nan 
-61.625, 79.125, 2.8842921777643393e-21, nan 
-61.375, 79.125, 1.4795203062292436e-21, nan 
-61.125, 79.125, 1.6697195252323872e-21, nan 
-60.875, 79.125, 1.9664493059916683e-21, nan 
-60.625, 79.125, 4.4702886342231985e-21, nan 
-60.375, 79.125, 7.23660354458455e-21, nan 
-60.125, 79.125, 6.3359902103776e-21, nan 
-59.875, 79.125, 5.1238954271722656e-21, nan 
-59.625, 79.125, 4.002071390333208e-21, nan 
-59.375, 79.125, 4.929929131183099e-21, nan 
-59.125, 79.125, 7.249365276986438e-21, nan 
-58.875, 79.125, 9.27675211856689e-21, nan 
-58.625, 79.125, 8.127889831466463e-21, nan 
-58.375, 79.125, 5.502588510272356e-21, nan 
-58.125, 79.125, 3.958930921487407e-21, nan 
-57.875, 79.125, 2.4863446841105928e-21, nan 
-57.625, 79.125, 4.172806971090431e-21, nan 
-57.375, 79.125, 3.229840564040303e-21, nan 
-57.125, 79.125, 2.835488212851434e-21, nan 
-56.875, 79.125, 2.044092356202926e-21, nan 
-56.625, 79.125, 3.6242449884525676e-21, nan 
-56.375, 79.125, 5.014679262155727e-21, nan 
-56.125, 79.125, 4.1256121286855816e-21, nan 
-55.875, 79.125, 2.6296931432457986e-21, nan 
-55.625, 79.125, 2.3200270405790197e-21, nan 
-55.375, 79.125, 2.266979803609426e-21, nan 
-55.125, 79.125, 2.452604545654975e-21, nan 
-54.875, 79.125, 2.3033953831237254e-21, nan 
-54.625, 79.125, 4.150125006102965e-20, nan 
-54.375, 79.125, 4.129016478791005e-20, nan 
-54.125, 79.125, 4.370783206945112e-20, nan 
-53.875, 79.125, 4.4210704717936426e-20, nan 
-53.625, 79.125, 4.6736406004714534e-20, nan 
-53.375, 79.125, 4.637536305357704e-20, nan 
-53.125, 79.125, 4.7292930726125415e-20, nan 
-52.875, 79.125, 4.923149406878813e-20, nan 
-52.625, 79.125, 5.0643591916431926e-20, nan 
-52.375, 79.125, 4.434792018677995e-20, nan 
-52.125, 79.125, 2.4877066291642246e-20, nan 
-51.875, 79.125, 4.061870875286678e-20, nan 
-51.625, 79.125, 2.2299423961768584e-20, nan 
-51.375, 79.125, 4.3400092746957195e-20, nan 
-51.125, 79.125, 3.593739244410507e-20, nan 
-50.875, 79.125, 2.756730838626266e-20, nan 
-50.625, 79.125, 3.8634465236890786e-20, nan 
-50.375, 79.125, 4.133993732814009e-20, nan 
-50.125, 79.125, 4.3219705705787473e-20, nan 
-49.875, 79.125, 3.973074188174486e-20, nan 
-49.625, 79.125, 3.864127864332918e-20, nan 
-49.375, 79.125, 5.453224229995223e-20, nan 
-49.125, 79.125, 5.3717389560174763e-20, nan 
-48.875, 79.125, 4.377315706527328e-20, nan 
-48.625, 79.125, 3.6293530497329786e-20, nan 
-48.375, 79.125, 3.335465140355015e-20, nan 
-48.125, 79.125, 6.236932883916678e-20, nan 
-47.875, 79.125, 4.915625919021627e-20, nan 
-47.625, 79.125, 3.68152283995898e-20, nan 
-47.375, 79.125, 3.2697961570806166e-20, nan 
-47.125, 79.125, 1.5901050450662067e-20, nan 
-46.875, 79.125, 3.285798029591286e-20, nan 
-46.625, 79.125, 3.5470655408593076e-20, nan 
-46.375, 79.125, 4.2634418236257806e-20, nan 
-46.125, 79.125, 4.2539193440245766e-20, nan 
-45.875, 79.125, 5.253448924209186e-20, nan 
-45.625, 79.125, 4.92697163538321e-20, nan 
-45.375, 79.125, 5.224926145311089e-20, nan 
-45.125, 79.125, 5.519548744955143e-20, nan 
-44.875, 79.125, 5.682482756308261e-20, nan 
-44.625, 79.125, 5.893572123485597e-20, nan 
-44.375, 79.125, 5.662382721924772e-20, nan 
-44.125, 79.125, 5.675750871457079e-20, nan 
-43.875, 79.125, 5.457435686002648e-20, nan 
-43.625, 79.125, 5.498447716853928e-20, nan 
-43.375, 79.125, 4.45275673077957e-20, nan 
-43.125, 79.125, 4.048883825359362e-20, nan 
-42.875, 79.125, 3.324551490068289e-20, nan 
-42.625, 79.125, 2.8728153771510086e-20, nan 
-42.375, 79.125, 2.753620419327652e-20, nan 
-42.125, 79.125, 2.448915128288225e-20, nan 
-41.875, 79.125, 2.039157599827337e-20, nan 
-41.625, 79.125, 1.68213102106962e-20, nan 
-41.375, 79.125, 2.915414625420356e-20, nan 
-41.125, 79.125, 2.96190364786665e-20, nan 
-40.875, 79.125, 3.1418521079259845e-20, nan 
-40.625, 79.125, 3.370686279565776e-20, nan 
-40.375, 79.125, 6.101458576774748e-20, nan 
-40.125, 79.125, 4.644089856660586e-20, nan 
-39.875, 79.125, 8.496290917765915e-20, nan 
-39.625, 79.125, 7.874713482123253e-20, nan 
-39.375, 79.125, 7.321797706164865e-20, nan 
-39.125, 79.125, 8.44627980719328e-20, nan 
-38.875, 79.125, 7.23418348352599e-20, nan 
-38.625, 79.125, 8.20678257501341e-20, nan 
-38.375, 79.125, 1.0826161988135377e-19, nan 
-38.125, 79.125, 1.1355524681538646e-19, nan 
-37.875, 79.125, 1.4622377310677235e-19, nan 
-37.625, 79.125, 1.6878174058738794e-19, nan 
-37.375, 79.125, 1.6492501998060078e-19, nan 
-37.125, 79.125, 1.9314013918167809e-19, nan 
-36.875, 79.125, 1.7967036941327127e-19, nan 
-36.625, 79.125, 1.9982077065357982e-19, nan 
-36.375, 79.125, 2.339252853632031e-19, nan 
-36.125, 79.125, 2.4782548918107863e-19, nan 
-35.875, 79.125, 3.182184689344176e-19, nan 
-35.625, 79.125, 2.9092124282578843e-19, nan 
-35.375, 79.125, 2.4500064162177245e-19, nan 
-35.125, 79.125, 3.388393537018731e-19, nan 
-34.875, 79.125, 3.750122546287753e-19, nan 
-34.625, 79.125, 3.733750206717924e-19, nan 
-34.375, 79.125, 3.2060746211422505e-19, nan 
-34.125, 79.125, 3.3694216000904147e-19, nan 
-33.875, 79.125, 3.9455079149449073e-19, nan 
-33.625, 79.125, 4.818701087508943e-19, nan 
-33.375, 79.125, 4.708402893630195e-19, nan 
-33.125, 79.125, 4.0497343815590417e-19, nan 
-32.875, 79.125, 3.759446974805603e-19, nan 
-32.625, 79.125, 4.0272223057178817e-19, nan 
-32.375, 79.125, 4.549360844938345e-19, nan 
-32.125, 79.125, 4.618072784270395e-19, nan 
-31.875, 79.125, 4.746210319787831e-19, nan 
-31.625, 79.125, 5.133257202285945e-19, nan 
-31.375, 79.125, 3.5661608877767903e-19, nan 
-31.125, 79.125, 3.2641499876849823e-19, nan 
-30.875, 79.125, 4.1266579882289233e-19, nan 
-30.625, 79.125, 6.461109197370969e-19, nan 
-30.375, 79.125, 6.491822903500248e-19, nan 
-30.125, 79.125, 7.587620743655121e-19, nan 
-29.875, 79.125, 6.592933064811232e-19, nan 
-29.625, 79.125, 1.06120864050807e-18, nan 
-29.375, 79.125, 1.0841160294867002e-18, nan 
-29.125, 79.125, 1.2138362101754627e-18, nan 
-28.875, 79.125, 1.1174053568817588e-18, nan 
-28.625, 79.125, 1.4426669689661563e-18, nan 
-28.375, 79.125, 1.3999644957914036e-18, nan 
-28.125, 79.125, 1.3457551737724463e-18, nan 
-27.875, 79.125, 1.5432680925061674e-18, nan 
-27.625, 79.125, 1.488554074425656e-18, nan 
-27.375, 79.125, 1.287217749430359e-18, nan 
-27.125, 79.125, 1.0398764874432276e-18, nan 
-26.875, 79.125, 9.757722174243842e-19, nan 
-26.625, 79.125, 1.1607869614885109e-18, nan 
-26.375, 79.125, 1.1829282604327598e-18, nan 
-26.125, 79.125, 1.1704270314462233e-18, nan 
-25.875, 79.125, 1.1551546568437764e-18, nan 
-25.625, 79.125, 1.3269072248331096e-18, nan 
-25.375, 79.125, 1.4121533640287597e-18, nan 
-25.125, 79.125, 1.0764540875100263e-18, nan 
-24.875, 79.125, 1.6464199980308016e-18, nan 
-24.625, 79.125, 1.907750138492342e-18, nan 
-24.375, 79.125, 1.5731307603503945e-18, nan 
-24.125, 79.125, 1.9412783531158497e-18, nan 
-23.875, 79.125, 1.8203411506442857e-18, nan 
-23.625, 79.125, 1.108895559184162e-18, nan 
-23.375, 79.125, 9.960110503661447e-19, nan 
-23.125, 79.125, 9.927583680106992e-19, nan 
-22.875, 79.125, 1.090139407924655e-18, nan 
-22.625, 79.125, 1.5083656590737793e-18, nan 
-22.375, 79.125, 8.776604545507373e-19, nan 
-22.125, 79.125, 9.903239715979938e-19, nan 
-21.875, 79.125, 1.0583898463085218e-18, nan 
-21.625, 79.125, 1.0830056274343534e-18, nan 
-21.375, 79.125, 9.248284423546611e-19, nan 
-21.125, 79.125, 1.74065534607784e-18, nan 
-20.875, 79.125, 8.553895507058469e-19, nan 
-20.625, 79.125, 1.757999219765731e-18, nan 
-20.375, 79.125, 1.3327156260350193e-18, nan 
-20.125, 79.125, 1.722328153896509e-18, nan 
-19.875, 79.125, 1.506684104402224e-18, nan 
-19.625, 79.125, 1.0574986205991997e-18, nan 
-19.375, 79.125, 9.20738540482312e-19, nan 
-19.125, 79.125, 7.539387093837149e-19, nan 
-18.875, 79.125, 6.658678820938025e-19, nan 
-18.625, 79.125, 5.405650954353334e-19, nan 
-18.375, 79.125, 6.793941459421113e-19, nan 
-18.125, 79.125, 6.247629110327337e-19, nan 
-17.875, 79.125, 6.289148746585549e-19, nan 
-17.625, 79.125, 5.700286805915305e-19, nan 
-17.375, 79.125, 5.603227247471819e-19, nan 
-17.125, 79.125, 4.685484892209116e-19, nan 
-16.875, 79.125, 5.39833883867473e-19, nan 
-16.625, 79.125, 3.08378585165338e-19, nan 
-16.375, 79.125, 2.8264429456071843e-19, nan 
-16.125, 79.125, 5.017206025136633e-19, nan 
-15.875, 79.125, 1.2688550240490414e-18, nan 
-15.625, 79.125, 2.382022342658826e-18, nan 
-15.375, 79.125, 2.6987780150272916e-18, nan 
-15.125, 79.125, 3.037263514715646e-18, nan 
-14.875, 79.125, 3.036356939256933e-18, nan 
-14.625, 79.125, 3.0036696883140957e-18, nan 
-14.375, 79.125, 2.7673053535931968e-18, nan 
-14.125, 79.125, 2.6902996581364396e-18, nan 
-13.875, 79.125, 2.3722819794386737e-18, nan 
-13.625, 79.125, 2.142182391022267e-18, nan 
-13.375, 79.125, 1.8957165166854e-18, nan 
-13.125, 79.125, 1.6927318926535142e-18, nan 
-12.875, 79.125, 1.5208248628751474e-18, nan 
-12.625, 79.125, 1.3325254104141105e-18, nan 
-12.375, 79.125, 1.1883972652122642e-18, nan 
-12.125, 79.125, 1.1344268607135881e-18, nan 
-11.875, 79.125, 1.0073099623249033e-18, nan 
-11.625, 79.125, 8.230707232905699e-19, nan 
-11.375, 79.125, 5.09638926229594e-19, nan 
-11.125, 79.125, 2.6679268994238236e-19, nan 
-10.875, 79.125, 6.32330767303226e-19, nan 
-10.625, 79.125, 8.262300159996034e-19, nan 
-10.375, 79.125, 7.771127514357933e-19, nan 
-10.125, 79.125, 5.034915356393719e-19, nan 
-9.875, 79.125, 1.105074611185754e-19, nan 
-9.625, 79.125, 3.581770723581314e-19, nan 
-9.375, 79.125, 5.893103980192082e-19, nan 
-9.125, 79.125, 7.464713882137154e-19, nan 
-8.875, 79.125, 1.0317481143353714e-18, nan 
-8.625, 79.125, 1.3478168858457018e-18, nan 
-8.375, 79.125, 1.2485615272774748e-18, nan 
-8.125, 79.125, 1.864060501102788e-18, nan 
-7.875, 79.125, 1.2762309533375328e-18, nan 
-7.625, 79.125, 1.5647542038364905e-18, nan 
-7.375, 79.125, 1.9638318852574373e-18, nan 
-7.125, 79.125, 1.867607029219417e-18, nan 
-6.875, 79.125, 1.229793982748564e-18, nan 
-6.625, 79.125, 1.5050306474132202e-18, nan 
-6.375, 79.125, 1.0334382267896482e-18, nan 
-6.125, 79.125, 1.3909712296930058e-18, nan 
-5.875, 79.125, 1.3512420925765128e-18, nan 
-5.625, 79.125, 8.601844284944416e-19, nan 
-5.375, 79.125, 1.188290739762361e-18, nan 
-5.125, 79.125, 8.892056964571368e-19, nan 
-4.875, 79.125, 7.435355150984129e-19, nan 
-4.625, 79.125, 7.304690708813201e-19, nan 
-4.375, 79.125, 6.688805428798888e-19, nan 
-4.125, 79.125, 7.093424659944947e-19, nan 
-3.875, 79.125, 5.335327453286782e-19, nan 
-3.625, 79.125, 5.4926521850080895e-19, nan 
-3.375, 79.125, 2.83216158590669e-19, nan 
-3.125, 79.125, 3.0449933208983356e-19, nan 
-2.875, 79.125, 2.9533911674958e-19, nan 
-2.625, 79.125, 2.6209925381985013e-19, nan 
-2.375, 79.125, 5.515981347463027e-19, nan 
-2.125, 79.125, 4.1688191373825805e-19, nan 
-1.875, 79.125, 5.167677026595183e-19, nan 
-1.625, 79.125, 4.712984162003178e-19, nan 
-1.375, 79.125, 4.148607797812959e-19, nan 
-1.125, 79.125, 5.205705683472993e-19, nan 
-0.875, 79.125, 5.068678014740686e-19, nan 
-0.625, 79.125, 3.7673738535692852e-19, nan 
-0.375, 79.125, 2.8069126529249203e-19, nan 
-0.125, 79.125, 2.5829228835964364e-19, nan 
0.125, 79.125, 3.485613288224297e-19, nan 
0.375, 79.125, 3.3247869243169257e-19, nan 
0.625, 79.125, 2.4503504542442857e-19, nan 
0.875, 79.125, 1.9370436084956668e-19, nan 
1.125, 79.125, 1.8592260965831965e-19, nan 
1.375, 79.125, 1.7559441609059675e-19, nan 
1.625, 79.125, 2.0644499973187093e-19, nan 
1.875, 79.125, 1.7234106474646383e-19, nan 
2.125, 79.125, 1.7575227823172316e-19, nan 
2.375, 79.125, 1.6696553329942715e-19, nan 
2.625, 79.125, 1.7826527518676152e-19, nan 
2.875, 79.125, 2.1604071633497988e-19, nan 
3.125, 79.125, 1.5952835675353548e-19, nan 
3.375, 79.125, 1.8975929233552754e-19, nan 
3.625, 79.125, 1.7123202277256804e-19, nan 
3.875, 79.125, 1.7719693232613643e-19, nan 
4.125, 79.125, 1.3553616426738705e-19, nan 
4.375, 79.125, 1.0962940139536806e-19, nan 
4.625, 79.125, 9.504145012300806e-20, nan 
4.875, 79.125, 1.5258807503605966e-19, nan 
5.125, 79.125, 9.481977089827901e-20, nan 
5.375, 79.125, 1.476136354395428e-19, nan 
5.625, 79.125, 8.927278310469041e-20, nan 
5.875, 79.125, 9.244023988438025e-20, nan 
6.125, 79.125, 1.2816266643277047e-19, nan 
6.375, 79.125, 4.8112756700793776e-20, nan 
6.625, 79.125, 4.800152047828943e-20, nan 
6.875, 79.125, 1.8544152639518544e-20, nan 
7.125, 79.125, 9.077341464534566e-20, nan 
7.375, 79.125, 7.25804630018099e-20, nan 
7.625, 79.125, 9.740913034158521e-20, nan 
7.875, 79.125, 1.0911745522068792e-19, nan 
8.125, 79.125, 6.985971175778643e-20, nan 
8.375, 79.125, 8.934780533346063e-20, nan 
8.625, 79.125, 4.262400863742378e-20, nan 
8.875, 79.125, 8.017956336516906e-20, nan 
9.125, 79.125, 1.0726828144359741e-19, nan 
9.375, 79.125, 8.884404030768686e-20, nan 
9.625, 79.125, 9.746955973480113e-20, nan 
9.875, 79.125, 5.784214060312339e-20, nan 
10.125, 79.125, 6.132980814226942e-20, nan 
10.375, 79.125, 6.14805619275032e-20, nan 
10.625, 79.125, 5.678139591536514e-20, nan 
10.875, 79.125, 6.706235161221343e-20, nan 
11.125, 79.125, 3.9481698271311847e-20, nan 
11.375, 79.125, 3.887788780800844e-20, nan 
11.625, 79.125, 4.9986232148286414e-20, nan 
11.875, 79.125, 5.0711577210940116e-20, nan 
12.125, 79.125, 6.988791305472556e-20, nan 
12.375, 79.125, 7.094821816312167e-20, nan 
12.625, 79.125, 7.350148814259412e-20, nan 
12.875, 79.125, 6.842545317440408e-20, nan 
13.125, 79.125, 4.2440055148002777e-20, nan 
13.375, 79.125, 6.559653684224766e-20, nan 
13.625, 79.125, 6.142170233331716e-20, nan 
13.875, 79.125, 6.642346898963059e-20, nan 
14.125, 79.125, 5.873854486863363e-20, nan 
14.375, 79.125, 4.4376826121156876e-20, nan 
14.625, 79.125, 3.3099995597582526e-20, nan 
14.875, 79.125, 2.0413305800357086e-20, nan 
15.125, 79.125, 2.125117789021515e-20, nan 
15.375, 79.125, 2.779301042842324e-20, nan 
15.625, 79.125, 1.8500850060072637e-20, nan 
15.875, 79.125, 2.3950703606866475e-20, nan 
16.125, 79.125, 2.829089032656722e-20, nan 
16.375, 79.125, 2.4885207839928997e-20, nan 
16.625, 79.125, 2.6087830184416927e-20, nan 
16.875, 79.125, 2.105784973777902e-20, nan 
17.125, 79.125, 3.151705223745266e-20, nan 
17.375, 79.125, 2.734114594460172e-20, nan 
17.625, 79.125, 1.6183873116592912e-20, nan 
17.875, 79.125, 3.5903165212467777e-20, nan 
18.125, 79.125, 3.8982634329839645e-20, nan 
18.375, 79.125, 3.863358422035446e-20, nan 
18.625, 79.125, 4.0596030843521916e-20, nan 
18.875, 79.125, 3.97588873143665e-20, nan 
19.125, 79.125, 3.378245228794194e-20, nan 
19.375, 79.125, 3.6065914672978186e-20, nan 
19.625, 79.125, 3.3418150354536494e-20, nan 
19.875, 79.125, 3.4926109378061986e-20, nan 
20.125, 79.125, 3.4378603008002474e-20, nan 
20.375, 79.125, 2.2973331356907306e-20, nan 
20.625, 79.125, 2.2291141320544695e-20, nan 
20.875, 79.125, 2.133568951293802e-20, nan 
21.125, 79.125, 2.074003016030555e-20, nan 
21.375, 79.125, 2.0588710519263686e-20, nan 
21.625, 79.125, 2.5401844183240896e-20, nan 
21.875, 79.125, 1.8084503273408757e-20, nan 
22.125, 79.125, 1.7986629566571936e-20, nan 
22.375, 79.125, 2.114826388255632e-20, nan 
22.625, 79.125, 1.9515419859732868e-20, nan 
22.875, 79.125, 1.9751545221526613e-20, nan 
23.125, 79.125, 1.8523889139784443e-20, nan 
23.375, 79.125, 1.9626466913825325e-20, nan 
23.625, 79.125, 2.238949756513036e-20, nan 
23.875, 79.125, 2.03057966969701e-20, nan 
24.125, 79.125, 1.4839893961589817e-20, nan 
24.375, 79.125, 1.3697539264022046e-20, nan 
24.625, 79.125, 1.3748477992786465e-20, nan 
24.875, 79.125, 1.1030485822229638e-20, nan 
25.125, 79.125, 1.393523360409508e-20, nan 
25.375, 79.125, 1.0787933590210811e-20, nan 
25.625, 79.125, 1.0164009872262744e-20, nan 
25.875, 79.125, 1.22593840099521e-20, nan 
26.125, 79.125, 6.898268434541579e-21, nan 
26.375, 79.125, 6.883965662874365e-21, nan 
26.625, 79.125, 5.2609822237027656e-21, nan 
26.875, 79.125, 4.978939126863329e-21, nan 
27.125, 79.125, 6.621654401102071e-21, nan 
27.375, 79.125, 6.2612942627905424e-21, nan 
27.625, 79.125, 5.102171640914806e-21, nan 
27.875, 79.125, 4.349611375781606e-21, nan 
28.125, 79.125, 3.407549939920038e-21, nan 
28.375, 79.125, 2.7386960973923725e-21, nan 
28.625, 79.125, 2.223510866138378e-21, nan 
28.875, 79.125, 1.962541359488713e-21, nan 
29.125, 79.125, 1.5492537505635804e-21, nan 
29.375, 79.125, 1.4092117269022256e-21, nan 
29.625, 79.125, 1.6321028677139102e-21, nan 
29.875, 79.125, 1.3552013699660284e-21, nan 
30.125, 79.125, 1.2940122507359874e-21, nan 
30.375, 79.125, 1.4511553902900423e-21, nan 
30.625, 79.125, 1.7355992947128198e-21, nan 
30.875, 79.125, 1.4761482336776665e-21, nan 
31.125, 79.125, 1.1888626652453348e-21, nan 
31.375, 79.125, 1.0128834107637317e-21, nan 
31.625, 79.125, 9.527240649481205e-22, nan 
31.875, 79.125, 9.22004690379472e-22, nan 
32.125, 79.125, 8.457573142687559e-22, nan 
32.375, 79.125, 6.306779879303834e-22, nan 
32.625, 79.125, 5.711684048006079e-22, nan 
32.875, 79.125, 5.213953518618357e-22, nan 
33.125, 79.125, 5.3985080328626225e-22, nan 
33.375, 79.125, 5.640573165193421e-22, nan 
33.625, 79.125, 4.718144998564466e-22, nan 
33.875, 79.125, 4.379543169424418e-22, nan 
34.125, 79.125, 3.9261797482934016e-22, nan 
34.375, 79.125, 2.7816302627579937e-22, nan 
34.625, 79.125, 2.0441491146966288e-22, nan 
34.875, 79.125, 2.3047136289486924e-22, nan 
35.125, 79.125, 2.0682868369895918e-22, nan 
35.375, 79.125, 1.6606631119688783e-22, nan 
35.625, 79.125, 1.2961464970685877e-22, nan 
35.875, 79.125, 9.058129179995481e-23, nan 
36.125, 79.125, 6.318932078237033e-23, nan 
36.375, 79.125, 8.673278497645364e-23, nan 
36.625, 79.125, 1.3808469824756903e-22, nan 
36.875, 79.125, 7.010033794577563e-23, nan 
37.125, 79.125, 1.8908763757016875e-23, nan 
37.375, 79.125, 2.190468084236678e-23, nan 
37.625, 79.125, 7.338664782843163e-23, nan 
37.875, 79.125, 9.856050612564761e-23, nan 
38.125, 79.125, 9.912211732274822e-23, nan 
38.375, 79.125, 1.8487963750469408e-22, nan 
38.625, 79.125, 1.356786011101167e-22, nan 
38.875, 79.125, 7.472291936875862e-23, nan 
39.125, 79.125, 6.817635557050448e-23, nan 
39.375, 79.125, 1.6631280563600044e-22, nan 
39.625, 79.125, 9.117886244984318e-23, nan 
39.875, 79.125, 9.130953450792547e-23, nan 
40.125, 79.125, 4.3089886670127455e-23, nan 
40.375, 79.125, 3.8309808309018005e-23, nan 
40.625, 79.125, 6.07672003523765e-23, nan 
40.875, 79.125, 9.634019445491157e-23, nan 
41.125, 79.125, 5.628104928496133e-23, nan 
41.375, 79.125, 7.621630443654941e-23, nan 
41.625, 79.125, 4.395992553823397e-23, nan 
41.875, 79.125, 5.2674583165974114e-23, nan 
42.125, 79.125, 8.294924246642282e-23, nan 
42.375, 79.125, 3.796673469596704e-23, nan 
42.625, 79.125, 6.840697583822821e-23, nan 
42.875, 79.125, 6.379849499781864e-23, nan 
43.125, 79.125, 5.794534969795445e-23, nan 
43.375, 79.125, 3.436773796406146e-23, nan 
43.625, 79.125, 2.4316237239490409e-23, nan 
43.875, 79.125, 5.350285676645452e-23, nan 
44.125, 79.125, 4.7078415947685893e-23, nan 
44.375, 79.125, 4.759373813879079e-23, nan 
44.625, 79.125, 2.763366235380478e-23, nan 
44.875, 79.125, 3.3512249014922086e-23, nan 
45.125, 79.125, 4.457367362958901e-23, nan 
45.375, 79.125, 2.968386404721094e-23, nan 
45.625, 79.125, 7.185060693996186e-23, nan 
45.875, 79.125, 5.509462795107927e-23, nan 
46.125, 79.125, 6.7713678541997e-23, nan 
46.375, 79.125, 6.152520458572649e-23, nan 
46.625, 79.125, 2.53970514487363e-23, nan 
46.875, 79.125, 3.6746345087105593e-23, nan 
47.125, 79.125, 5.074203281371042e-23, nan 
47.375, 79.125, 5.36258127206622e-23, nan 
47.625, 79.125, 5.658334216497353e-23, nan 
47.875, 79.125, 5.025434465229424e-23, nan 
48.125, 79.125, 5.655094718602887e-23, nan 
48.375, 79.125, 7.225864317926187e-23, nan 
48.625, 79.125, 9.498445738755941e-23, nan 
48.875, 79.125, 9.091551496295967e-23, nan 
49.125, 79.125, 5.856416056254403e-23, nan 
49.375, 79.125, 1.0217010930804648e-22, nan 
49.625, 79.125, 1.13636589668755e-22, nan 
49.875, 79.125, 7.540449424332749e-23, nan 
50.125, 79.125, 5.04167232972301e-23, nan 
50.375, 79.125, 2.4178068736527886e-23, nan 
50.625, 79.125, 2.4437528542002832e-23, nan 
50.875, 79.125, 1.9905677097018417e-23, nan 
51.125, 79.125, 2.067508915576735e-23, nan 
51.375, 79.125, 3.2994605669584314e-23, nan 
51.625, 79.125, 2.731073303108253e-23, nan 
51.875, 79.125, 3.306517985381421e-23, nan 
52.125, 79.125, 1.8516559102806854e-23, nan 
52.375, 79.125, 3.15225698872989e-23, nan 
52.625, 79.125, 2.858504218049889e-23, nan 
52.875, 79.125, 2.682100880575029e-23, nan 
53.125, 79.125, 2.868297539497431e-23, nan 
53.375, 79.125, 2.6042027618026102e-23, nan 
53.625, 79.125, 3.524994270783833e-23, nan 
53.875, 79.125, 4.3244561728902137e-23, nan 
54.125, 79.125, 5.414654704773867e-23, nan 
54.375, 79.125, 3.744475263106491e-23, nan 
54.625, 79.125, 3.082196595743999e-23, nan 
54.875, 79.125, 2.9361953370997937e-23, nan 
55.125, 79.125, 4.095683518648782e-23, nan 
55.375, 79.125, 6.775065398315238e-23, nan 
55.625, 79.125, 3.5331670235334187e-23, nan 
55.875, 79.125, 2.4162317413370684e-23, nan 
56.125, 79.125, 1.0278240311335142e-23, nan 
56.375, 79.125, 1.3070874088779296e-23, nan 
56.625, 79.125, 3.344386450669339e-23, nan 
56.875, 79.125, 4.552371678927507e-23, nan 
57.125, 79.125, 1.0465845775280132e-22, nan 
57.375, 79.125, 1.0288013681483414e-22, nan 
57.625, 79.125, 9.578072576353224e-23, nan 
57.875, 79.125, 8.310006901107754e-23, nan 
58.125, 79.125, 9.343077317846252e-23, nan 
58.375, 79.125, 1.5575439910540523e-22, nan 
58.625, 79.125, 2.1777524379052223e-22, nan 
58.875, 79.125, 1.658150624565607e-22, nan 
59.125, 79.125, 2.2373827249393216e-22, nan 
59.375, 79.125, 2.803571831999438e-22, nan 
59.625, 79.125, 4.663985140847706e-22, nan 
59.875, 79.125, 8.028639982240323e-22, nan 
60.125, 79.125, 3.966274662170778e-22, nan 
60.375, 79.125, 3.9836405461686365e-22, nan 
60.625, 79.125, 6.31021522277022e-22, nan 
60.875, 79.125, 8.609359511998558e-22, nan 
61.125, 79.125, 1.2393864016643375e-21, nan 
61.375, 79.125, 8.128094694426977e-22, nan 
61.625, 79.125, 3.885643896407447e-22, nan 
61.875, 79.125, 4.583420353542415e-22, nan 
62.125, 79.125, 5.769432614995317e-22, nan 
62.375, 79.125, 6.4998268636310105e-22, nan 
62.625, 79.125, 4.865931649903103e-22, nan 
62.875, 79.125, 2.2326001743125973e-22, nan 
63.125, 79.125, 1.61556876669158e-22, nan 
63.375, 79.125, 1.992865534225137e-22, nan 
63.625, 79.125, 1.6097967158878893e-22, nan 
63.875, 79.125, 1.4777592003089281e-22, nan 
64.125, 79.125, 1.012451586636784e-22, nan 
64.375, 79.125, 8.83408145697358e-23, nan 
64.625, 79.125, 6.124889341761911e-23, nan 
64.875, 79.125, 4.129692342796542e-23, nan 
65.125, 79.125, 3.493885564017414e-23, nan 
65.375, 79.125, 2.519780559308322e-23, nan 
65.625, 79.125, 1.7579671199537524e-23, nan 
65.875, 79.125, 1.1726818385824514e-23, nan 
66.125, 79.125, 1.3636354750748804e-23, nan 
66.375, 79.125, 1.7783526369091787e-23, nan 
66.625, 79.125, 2.6523820697163224e-23, nan 
66.875, 79.125, 1.8383344147147867e-23, nan 
67.125, 79.125, 1.947305099959123e-23, nan 
67.375, 79.125, 1.728866977091888e-23, nan 
67.625, 79.125, 2.1466817148232537e-23, nan 
67.875, 79.125, 1.6698007210110232e-23, nan 
68.125, 79.125, 1.5077743122279135e-23, nan 
68.375, 79.125, 1.3781898698043143e-23, nan 
68.625, 79.125, 1.502425599076848e-23, nan 
68.875, 79.125, 2.5055596102863296e-23, nan 
69.125, 79.125, 2.7640917441095634e-23, nan 
69.375, 79.125, 1.7772901873453337e-23, nan 
69.625, 79.125, 1.0922530623885788e-23, nan 
69.875, 79.125, 1.2429934311925718e-23, nan 
70.125, 79.125, 1.392591827948947e-23, nan 
70.375, 79.125, 1.0700667054680339e-23, nan 
70.625, 79.125, 9.196862793643166e-24, nan 
70.875, 79.125, 1.0953919194701851e-23, nan 
71.125, 79.125, 9.959616600912678e-24, nan 
71.375, 79.125, 1.0521771010584486e-23, nan 
71.625, 79.125, 4.47451331639221e-24, nan 
71.875, 79.125, 1.1792138425096478e-23, nan 
72.125, 79.125, 9.445098459437543e-24, nan 
72.375, 79.125, 8.729487800501828e-24, nan 
72.625, 79.125, 1.0618898556387794e-23, nan 
72.875, 79.125, 4.653774491980691e-24, nan 
73.125, 79.125, 1.0602816498729527e-23, nan 
73.375, 79.125, 2.3800088059606646e-23, nan 
73.625, 79.125, 1.5167808004484664e-23, nan 
73.875, 79.125, 1.3805701860762738e-23, nan 
74.125, 79.125, 1.581745691653857e-23, nan 
74.375, 79.125, 1.5680291853765467e-23, nan 
74.625, 79.125, 2.11362542327145e-23, nan 
74.875, 79.125, 1.746528047243593e-23, nan 
75.125, 79.125, 1.5454157118881424e-23, nan 
75.375, 79.125, 1.7330089749722055e-23, nan 
75.625, 79.125, 1.523024566040737e-23, nan 
75.875, 79.125, 1.8211990720713936e-23, nan 
76.125, 79.125, 2.4540665953394375e-23, nan 
76.375, 79.125, 2.4704481357965943e-23, nan 
76.625, 79.125, 1.7574534380311727e-23, nan 
76.875, 79.125, 1.465459404666133e-23, nan 
77.125, 79.125, 9.242209551323454e-24, nan 
77.375, 79.125, 3.9077932227994814e-24, nan 
77.625, 79.125, 4.2238518244913634e-24, nan 
77.875, 79.125, 1.1155155924717358e-23, nan 
78.125, 79.125, 4.903778994209924e-24, nan 
78.375, 79.125, 5.257638837748761e-24, nan 
78.625, 79.125, 6.4308591096330466e-24, nan 
78.875, 79.125, 8.392509865732031e-24, nan 
79.125, 79.125, 9.016012189324781e-24, nan 
79.375, 79.125, 3.0682568137557793e-24, nan 
79.625, 79.125, 4.0419983742222054e-24, nan 
79.875, 79.125, 3.43944356577087e-24, nan 
80.125, 79.125, 6.644297512961188e-24, nan 
80.375, 79.125, 8.437493754758956e-24, nan 
80.625, 79.125, 8.654058866492361e-24, nan 
80.875, 79.125, 6.246896869760872e-24, nan 
81.125, 79.125, 4.3407562049812395e-24, nan 
81.375, 79.125, 9.207147127477386e-24, nan 
81.625, 79.125, 1.2317387843769535e-23, nan 
81.875, 79.125, 6.766998999475648e-24, nan 
82.125, 79.125, 3.970785023519318e-24, nan 
82.375, 79.125, 3.711743741335036e-24, nan 
82.625, 79.125, 4.4341372529105496e-24, nan 
82.875, 79.125, 3.4180316259549494e-24, nan 
83.125, 79.125, 1.5175970367524263e-24, nan 
83.375, 79.125, 3.656496317374006e-24, nan 
83.625, 79.125, 4.2729070010539456e-24, nan 
83.875, 79.125, 4.612237012289932e-24, nan 
84.125, 79.125, 4.9407952385576994e-24, nan 
84.375, 79.125, 4.327855348531284e-24, nan 
84.625, 79.125, 5.856769785280542e-24, nan 
84.875, 79.125, 9.07884264373293e-24, nan 
85.125, 79.125, 4.480293663012619e-24, nan 
85.375, 79.125, 4.770114036168584e-24, nan 
85.625, 79.125, 3.3737142745844954e-24, nan 
85.875, 79.125, 5.306012810525356e-24, nan 
86.125, 79.125, 6.905686839418152e-24, nan 
86.375, 79.125, 3.6514113777825915e-24, nan 
86.625, 79.125, 2.5874157592752736e-24, nan 
86.875, 79.125, 1.704476714546271e-24, nan 
87.125, 79.125, 3.064602678200862e-24, nan 
87.375, 79.125, 3.590541038681735e-24, nan 
87.625, 79.125, 2.6279086805206546e-24, nan 
87.875, 79.125, 2.8878682097685848e-24, nan 
88.125, 79.125, 2.2568238818742637e-24, nan 
88.375, 79.125, 3.177266336816951e-24, nan 
88.625, 79.125, 3.6647329773605435e-24, nan 
88.875, 79.125, 4.538060679902746e-24, nan 
89.125, 79.125, 5.03914330507376e-24, nan 
89.375, 79.125, 5.061410827534915e-24, nan 
89.625, 79.125, 5.6573637579613385e-24, nan 
89.875, 79.125, 4.593400696950658e-24, nan 
90.125, 79.125, 5.3577285197068476e-24, nan 
90.375, 79.125, 4.8547285914707375e-24, nan 
90.625, 79.125, 4.834020368059804e-24, nan 
90.875, 79.125, 5.844526294339921e-24, nan 
91.125, 79.125, 4.702815270459931e-24, nan 
91.375, 79.125, 6.452736714645293e-24, nan 
91.625, 79.125, 7.129048379498486e-24, nan 
91.875, 79.125, 7.37130716881792e-24, nan 
92.125, 79.125, 5.8733926787041156e-24, nan 
92.375, 79.125, 4.6855165994747956e-24, nan 
92.625, 79.125, 6.753989192871993e-24, nan 
92.875, 79.125, 1.0672751656199061e-23, nan 
93.125, 79.125, 9.165400046094694e-24, nan 
93.375, 79.125, 5.5194607161558956e-24, nan 
93.625, 79.125, 4.3020295642553125e-24, nan 
93.875, 79.125, 5.418953142868176e-24, nan 
94.125, 79.125, 6.62285008157688e-24, nan 
94.375, 79.125, 7.923888451272743e-24, nan 
94.625, 79.125, 6.841811851795731e-24, nan 
94.875, 79.125, 5.837574957369766e-24, nan 
95.125, 79.125, 4.925510607577321e-24, nan 
95.375, 79.125, 4.348145156851293e-24, nan 
95.625, 79.125, 4.614312746539355e-24, nan 
95.875, 79.125, 5.053709588652733e-24, nan 
96.125, 79.125, 4.523005388355244e-24, nan 
96.375, 79.125, 4.377371694967202e-24, nan 
96.625, 79.125, 4.1467364704910925e-24, nan 
96.875, 79.125, 3.900490054315913e-24, nan 
97.125, 79.125, 3.5331308965170674e-24, nan 
97.375, 79.125, 2.2526936150510917e-24, nan 
97.625, 79.125, 2.0351359530012794e-24, nan 
97.875, 79.125, 2.9355373458412656e-24, nan 
98.125, 79.125, 3.1033158314528307e-24, nan 
98.375, 79.125, 3.3418838489894694e-24, nan 
98.625, 79.125, 3.8259231868423125e-24, nan 
98.875, 79.125, 3.572603995644869e-24, nan 
99.125, 79.125, 3.0080067665398734e-24, nan 
99.375, 79.125, 2.5816306250898337e-24, nan 
99.625, 79.125, 2.6122709369046333e-24, nan 
99.875, 79.125, 3.1268244077771628e-24, nan 
100.125, 79.125, 3.829583875358506e-24, nan 
100.375, 79.125, 2.4836813979525085e-24, nan 
100.625, 79.125, 1.2589218593633368e-24, nan 
100.875, 79.125, 1.5480328489041128e-24, nan 
101.125, 79.125, 1.3772028054056204e-24, nan 
101.375, 79.125, 2.1234281754693364e-24, nan 
101.625, 79.125, 2.1799896526948977e-24, nan 
101.875, 79.125, 1.3036464331125508e-24, nan 
102.125, 79.125, 1.609070343656087e-24, nan 
102.375, 79.125, 1.941951051599269e-24, nan 
102.625, 79.125, 3.4315319468926396e-24, nan 
102.875, 79.125, 5.0113930815986836e-24, nan 
103.125, 79.125, 4.1741236186561156e-24, nan 
103.375, 79.125, 6.873505315821461e-24, nan 
103.625, 79.125, 6.522010018696717e-24, nan 
103.875, 79.125, 4.715253647271592e-24, nan 
104.125, 79.125, 4.2252151405518766e-24, nan 
104.375, 79.125, 4.403763074864477e-24, nan 
104.625, 79.125, 4.187213058938001e-24, nan 
104.875, 79.125, 6.2259386291481745e-24, nan 
105.125, 79.125, 5.3252165691630204e-24, nan 
105.375, 79.125, 5.226758643481049e-24, nan 
105.625, 79.125, 6.294001696136277e-24, nan 
105.875, 79.125, 1.9205600449095205e-24, nan 
106.125, 79.125, 2.1620268872240368e-24, nan 
106.375, 79.125, 3.124208942891518e-24, nan 
106.625, 79.125, 5.525654112105032e-24, nan 
106.875, 79.125, 7.144408507291131e-24, nan 
107.125, 79.125, 3.584282124324288e-24, nan 
107.375, 79.125, 3.8514802302366014e-24, nan 
107.625, 79.125, 5.687611908946722e-24, nan 
107.875, 79.125, 5.7723679851813664e-24, nan 
108.125, 79.125, 5.613695415394016e-24, nan 
108.375, 79.125, 3.715683849825006e-24, nan 
108.625, 79.125, 2.775025351131362e-24, nan 
108.875, 79.125, 3.1848943188809685e-24, nan 
109.125, 79.125, 4.430788858840834e-24, nan 
109.375, 79.125, 6.720525730414525e-24, nan 
109.625, 79.125, 1.0502344019337047e-23, nan 
109.875, 79.125, 1.1139460253482915e-23, nan 
110.125, 79.125, 9.215778971230574e-24, nan 
110.375, 79.125, 6.751560818498135e-24, nan 
110.625, 79.125, 8.462481311620851e-24, nan 
110.875, 79.125, 1.3314631730158217e-23, nan 
111.125, 79.125, 1.4146195635994268e-23, nan 
111.375, 79.125, 1.1854714698225857e-23, nan 
111.625, 79.125, 5.612210678431917e-24, nan 
111.875, 79.125, 3.590087399495484e-24, nan 
112.125, 79.125, 5.087535052112124e-24, nan 
112.375, 79.125, 5.68761462676922e-24, nan 
112.625, 79.125, 5.333249096793281e-24, nan 
112.875, 79.125, 3.5849815731903555e-24, nan 
113.125, 79.125, 4.207521482282881e-24, nan 
113.375, 79.125, 4.496269871427678e-24, nan 
113.625, 79.125, 4.002799038955336e-24, nan 
113.875, 79.125, 3.2052071332139078e-24, nan 
114.125, 79.125, 3.366573602267722e-24, nan 
114.375, 79.125, 4.4121343325039154e-24, nan 
114.625, 79.125, 6.332516328941417e-24, nan 
114.875, 79.125, 5.57734183907916e-24, nan 
115.125, 79.125, 3.0338367620774383e-24, nan 
115.375, 79.125, 2.7507606359514288e-24, nan 
115.625, 79.125, 3.2611859870892667e-24, nan 
115.875, 79.125, 3.849822313418234e-24, nan 
116.125, 79.125, 3.975038390968045e-24, nan 
116.375, 79.125, 2.088237116449641e-24, nan 
116.625, 79.125, 2.1653612408819145e-24, nan 
116.875, 79.125, 3.022595516694534e-24, nan 
117.125, 79.125, 5.664569213361227e-24, nan 
117.375, 79.125, 5.583599847514735e-24, nan 
117.625, 79.125, 5.9975425522312354e-24, nan 
117.875, 79.125, 6.224123393641003e-24, nan 
118.125, 79.125, 5.6046359534357605e-24, nan 
118.375, 79.125, 5.776681261071418e-24, nan 
118.625, 79.125, 4.974786527161261e-24, nan 
118.875, 79.125, 4.787933478884408e-24, nan 
119.125, 79.125, 4.273706738306213e-24, nan 
119.375, 79.125, 4.060656121746438e-24, nan 
119.625, 79.125, 3.496970310680867e-24, nan 
119.875, 79.125, 2.9986143540939132e-24, nan 
120.125, 79.125, 3.582004321714748e-24, nan 
120.375, 79.125, 3.69206765578567e-24, nan 
120.625, 79.125, 2.290478723825561e-24, nan 
120.875, 79.125, 1.6689298001979795e-24, nan 
121.125, 79.125, 1.9540721429255665e-24, nan 
121.375, 79.125, 2.990573701233962e-24, nan 
121.625, 79.125, 3.1680075777065707e-24, nan 
121.875, 79.125, 3.659342299809275e-24, nan 
122.125, 79.125, 5.295581093764342e-24, nan 
122.375, 79.125, 7.376551449871841e-24, nan 
122.625, 79.125, 6.710769890663379e-24, nan 
122.875, 79.125, 6.265929601694696e-24, nan 
123.125, 79.125, 5.8297330718830405e-24, nan 
123.375, 79.125, 6.3618536708972704e-24, nan 
123.625, 79.125, 6.82237592233055e-24, nan 
123.875, 79.125, 7.153783912482987e-24, nan 
124.125, 79.125, 6.4034831282828496e-24, nan 
124.375, 79.125, 5.775020777733677e-24, nan 
124.625, 79.125, 5.6504783242600696e-24, nan 
124.875, 79.125, 5.868766295468421e-24, nan 
125.125, 79.125, 5.873440713006861e-24, nan 
125.375, 79.125, 5.86464944411034e-24, nan 
125.625, 79.125, 5.297524274449596e-24, nan 
125.875, 79.125, 4.589161277092374e-24, nan 
126.125, 79.125, 6.1895424526050845e-24, nan 
126.375, 79.125, 4.686102593478175e-24, nan 
126.625, 79.125, 5.180580687788629e-24, nan 
126.875, 79.125, 5.0679620037965135e-24, nan 
127.125, 79.125, 3.541063699839203e-24, nan 
127.375, 79.125, 4.7765760206645954e-24, nan 
127.625, 79.125, 6.526580551302318e-24, nan 
127.875, 79.125, 5.928195981130844e-24, nan 
128.125, 79.125, 5.47459948726362e-24, nan 
128.375, 79.125, 5.8331057085477854e-24, nan 
128.625, 79.125, 6.533053488938138e-24, nan 
128.875, 79.125, 7.458010638961738e-24, nan 
129.125, 79.125, 8.347755892846303e-24, nan 
129.375, 79.125, 8.569949012733344e-24, nan 
129.625, 79.125, 1.2646830657381829e-23, nan 
129.875, 79.125, 1.3753113407086522e-23, nan 
130.125, 79.125, 1.1149572149942719e-23, nan 
130.375, 79.125, 9.151132101726156e-24, nan 
130.625, 79.125, 6.809088409866264e-24, nan 
130.875, 79.125, 8.556669971661596e-24, nan 
131.125, 79.125, 1.0347905258895079e-23, nan 
131.375, 79.125, 8.666456672962876e-24, nan 
131.625, 79.125, 6.684346393977795e-24, nan 
131.875, 79.125, 4.1946816670801825e-24, nan 
132.125, 79.125, 2.5112576519034246e-24, nan 
132.375, 79.125, 2.3866009417284843e-24, nan 
132.625, 79.125, 2.9820967935768154e-24, nan 
132.875, 79.125, 2.4620593460861548e-24, nan 
133.125, 79.125, 3.709049874254124e-24, nan 
133.375, 79.125, 2.9142725720351398e-24, nan 
133.625, 79.125, 2.7590128202120874e-24, nan 
133.875, 79.125, 4.880946306055867e-24, nan 
134.125, 79.125, 5.4761358480196506e-24, nan 
134.375, 79.125, 4.463226654137001e-24, nan 
134.625, 79.125, 3.348388693989958e-24, nan 
134.875, 79.125, 3.441599341324836e-24, nan 
135.125, 79.125, 2.3205286367148872e-24, nan 
135.375, 79.125, 2.5273673151183673e-24, nan 
135.625, 79.125, 2.490681202120391e-24, nan 
135.875, 79.125, 2.698461789443965e-24, nan 
136.125, 79.125, 2.3798553218548253e-24, nan 
136.375, 79.125, 2.0722403977353586e-24, nan 
136.625, 79.125, 1.7253979891332516e-24, nan 
136.875, 79.125, 1.3121136597296514e-24, nan 
137.125, 79.125, 6.806412436616771e-25, nan 
137.375, 79.125, 1.3419901950654082e-24, nan 
137.625, 79.125, 1.2728276745612447e-24, nan 
137.875, 79.125, 1.1873827511864779e-24, nan 
138.125, 79.125, 1.5151118021006724e-24, nan 
138.375, 79.125, 1.5111043510919146e-24, nan 
138.625, 79.125, 1.0024444184318398e-24, nan 
138.875, 79.125, 1.3312941457522608e-24, nan 
139.125, 79.125, 1.6273048276855028e-24, nan 
139.375, 79.125, 1.6970771830219534e-24, nan 
139.625, 79.125, 1.9114159789102552e-24, nan 
139.875, 79.125, 2.076872801869689e-24, nan 
140.125, 79.125, 2.9143307177345376e-24, nan 
140.375, 79.125, 2.4443719164104757e-24, nan 
140.625, 79.125, 2.398347938778917e-24, nan 
140.875, 79.125, 2.4485603931350403e-24, nan 
141.125, 79.125, 2.4346822116118243e-24, nan 
141.375, 79.125, 2.4698724108246547e-24, nan 
141.625, 79.125, 2.134526699355158e-24, nan 
141.875, 79.125, 2.6301985913393385e-24, nan 
142.125, 79.125, 2.5845023758766627e-24, nan 
142.375, 79.125, 2.8280061772307244e-24, nan 
142.625, 79.125, 3.0063808024670493e-24, nan 
142.875, 79.125, 2.7344800479897753e-24, nan 
143.125, 79.125, 2.435243082121172e-24, nan 
143.375, 79.125, 2.4400252672329034e-24, nan 
143.625, 79.125, 2.3786105036642182e-24, nan 
143.875, 79.125, 2.4978845384000928e-24, nan 
144.125, 79.125, 2.9834821734929078e-24, nan 
144.375, 79.125, 3.489263632954892e-24, nan 
144.625, 79.125, 4.014774731818079e-24, nan 
144.875, 79.125, 4.196129938582691e-24, nan 
145.125, 79.125, 4.0047246721832105e-24, nan 
145.375, 79.125, 3.490942936241205e-24, nan 
145.625, 79.125, 3.5937237874972385e-24, nan 
145.875, 79.125, 3.673994571420375e-24, nan 
146.125, 79.125, 3.972930726044086e-24, nan 
146.375, 79.125, 3.696098860890938e-24, nan 
146.625, 79.125, 3.325922990132348e-24, nan 
146.875, 79.125, 2.8349345650127708e-24, nan 
147.125, 79.125, 2.499343881297913e-24, nan 
147.375, 79.125, 2.3416934811722877e-24, nan 
147.625, 79.125, 1.721264252320892e-24, nan 
147.875, 79.125, 1.042812282068507e-24, nan 
148.125, 79.125, 1.702769941132572e-24, nan 
148.375, 79.125, 1.9451150675259094e-24, nan 
148.625, 79.125, 8.465248134207544e-25, nan 
148.875, 79.125, 1.2459413263737556e-24, nan 
149.125, 79.125, 1.831752547806369e-24, nan 
149.375, 79.125, 2.316805818168385e-24, nan 
149.625, 79.125, 1.3243846073216227e-24, nan 
149.875, 79.125, 1.751704022113206e-24, nan 
150.125, 79.125, 7.627010019771711e-25, nan 
150.375, 79.125, 1.793822664130657e-24, nan 
150.625, 79.125, 2.0890139644268558e-24, nan 
150.875, 79.125, 2.019887610996076e-24, nan 
151.125, 79.125, 2.4977436616708664e-24, nan 
151.375, 79.125, 6.643980497425291e-25, nan 
151.625, 79.125, 3.0861076987426296e-24, nan 
151.875, 79.125, 3.372647207333694e-24, nan 
152.125, 79.125, 5.0552731178161574e-24, nan 
152.375, 79.125, 5.010116511296114e-24, nan 
152.625, 79.125, 1.6563191685452684e-24, nan 
152.875, 79.125, 4.925595194819414e-24, nan 
153.125, 79.125, 4.174883978768351e-24, nan 
153.375, 79.125, 5.892279624553456e-24, nan 
153.625, 79.125, 5.3457235551921726e-24, nan 
153.875, 79.125, 3.180270946545133e-24, nan 
154.125, 79.125, 3.933111348522275e-24, nan 
154.375, 79.125, 3.36044694023126e-24, nan 
154.625, 79.125, 3.31753531388822e-24, nan 
154.875, 79.125, 8.093296898003799e-25, nan 
155.125, 79.125, 2.499796393980763e-24, nan 
155.375, 79.125, 4.398291580901342e-24, nan 
155.625, 79.125, 3.2889888683117068e-24, nan 
155.875, 79.125, 4.224072936918869e-24, nan 
156.125, 79.125, 3.435770705626203e-24, nan 
156.375, 79.125, 3.8646588248409706e-24, nan 
156.625, 79.125, 4.154255101765566e-24, nan 
156.875, 79.125, 5.108688575289899e-24, nan 
157.125, 79.125, 4.946743089637628e-24, nan 
157.375, 79.125, 4.701071669523673e-24, nan 
157.625, 79.125, 4.658533778851376e-24, nan 
157.875, 79.125, 4.889549620698422e-24, nan 
158.125, 79.125, 5.02988478180894e-24, nan 
158.375, 79.125, 4.515058097949374e-24, nan 
158.625, 79.125, 3.691058728339271e-24, nan 
158.875, 79.125, 3.2499576682727576e-24, nan 
159.125, 79.125, 3.650710736664185e-24, nan 
159.375, 79.125, 4.435554962989949e-24, nan 
159.625, 79.125, 4.3008286867481224e-24, nan 
159.875, 79.125, 2.6937533381416492e-24, nan 
160.125, 79.125, 3.2663426999375425e-24, nan 
160.375, 79.125, 3.7496276122572826e-24, nan 
160.625, 79.125, 2.9023195932332804e-24, nan 
160.875, 79.125, 2.3927042806556646e-24, nan 
161.125, 79.125, 2.7033527834864522e-24, nan 
161.375, 79.125, 3.136812417755474e-24, nan 
161.625, 79.125, 2.7334979000703684e-24, nan 
161.875, 79.125, 2.112798052687783e-24, nan 
162.125, 79.125, 2.4719067899426603e-24, nan 
162.375, 79.125, 1.7229552715528832e-24, nan 
162.625, 79.125, 2.0341136349591276e-24, nan 
162.875, 79.125, 3.7747762707650074e-24, nan 
163.125, 79.125, 4.4755028743403324e-24, nan 
163.375, 79.125, 3.2003410079402766e-24, nan 
163.625, 79.125, 6.936046707763383e-25, nan 
163.875, 79.125, 3.1049259479025373e-24, nan 
164.125, 79.125, 7.349253684978891e-24, nan 
164.375, 79.125, 8.302435356429795e-24, nan 
164.625, 79.125, 4.3032681110798036e-24, nan 
164.875, 79.125, 1.6357180827436816e-24, nan 
165.125, 79.125, 2.647074042923475e-24, nan 
165.375, 79.125, 5.018557286518191e-24, nan 
165.625, 79.125, 5.726246251296904e-24, nan 
165.875, 79.125, 3.408866033718981e-24, nan 
166.125, 79.125, 2.1735990104138046e-24, nan 
166.375, 79.125, 1.5223153555553412e-24, nan 
166.625, 79.125, 1.6776017153807878e-24, nan 
166.875, 79.125, 2.913680360888756e-24, nan 
167.125, 79.125, 2.01157082842721e-24, nan 
167.375, 79.125, 1.3279862705479296e-24, nan 
167.625, 79.125, 1.3655361610872562e-24, nan 
167.875, 79.125, 1.2759784046582751e-24, nan 
168.125, 79.125, 1.4098990908030237e-24, nan 
168.375, 79.125, 1.1633625192541854e-24, nan 
168.625, 79.125, 1.1239324105313726e-24, nan 
168.875, 79.125, 1.4770210516310291e-24, nan 
169.125, 79.125, 1.6305714695071826e-24, nan 
169.375, 79.125, 2.0766311848973874e-24, nan 
169.625, 79.125, 1.9662314702112857e-24, nan 
169.875, 79.125, 1.7185575217909845e-24, nan 
170.125, 79.125, 2.1957492785792294e-24, nan 
170.375, 79.125, 2.339896271146645e-24, nan 
170.625, 79.125, 2.527996296597091e-24, nan 
170.875, 79.125, 2.6338347539376912e-24, nan 
171.125, 79.125, 2.6632928418530423e-24, nan 
171.375, 79.125, 3.1202132805413114e-24, nan 
171.625, 79.125, 3.384076662355612e-24, nan 
171.875, 79.125, 2.603623544382617e-24, nan 
172.125, 79.125, 2.4779238460619393e-24, nan 
172.375, 79.125, 3.217172837941456e-24, nan 
172.625, 79.125, 4.4440504610154196e-24, nan 
172.875, 79.125, 5.1241995052167435e-24, nan 
173.125, 79.125, 5.298664774874206e-24, nan 
173.375, 79.125, 4.514575586903619e-24, nan 
173.625, 79.125, 4.150970338525486e-24, nan 
173.875, 79.125, 4.6177605363191255e-24, nan 
174.125, 79.125, 5.696698944282224e-24, nan 
174.375, 79.125, 5.467749653163575e-24, nan 
174.625, 79.125, 4.8235364502968235e-24, nan 
174.875, 79.125, 4.22388046350487e-24, nan 
175.125, 79.125, 5.2899938105905736e-24, nan 
175.375, 79.125, 6.459898289007043e-24, nan 
175.625, 79.125, 5.941096192333738e-24, nan 
175.875, 79.125, 6.19702358033469e-24, nan 
176.125, 79.125, 6.181845494765892e-24, nan 
176.375, 79.125, 5.420094554724456e-24, nan 
176.625, 79.125, 6.066362663794159e-24, nan 
176.875, 79.125, 4.508794147416084e-24, nan 
177.125, 79.125, 5.174241239663829e-24, nan 
177.375, 79.125, 4.14630165486994e-24, nan 
177.625, 79.125, 5.405250275142453e-24, nan 
177.875, 79.125, 5.224457548169202e-24, nan 
178.125, 79.125, 5.2334121972844625e-24, nan 
178.375, 79.125, 5.5647718878304886e-24, nan 
178.625, 79.125, 6.592230714497727e-24, nan 
178.875, 79.125, 6.418600489778235e-24, nan 
179.125, 79.125, 7.260397412239106e-24, nan 
179.375, 79.125, 6.209091460049262e-24, nan 
179.625, 79.125, 7.404245350116365e-24, nan 
179.875, 79.125, 6.070374993080424e-24, nan 
-179.875, 79.375, 7.891862665202825e-24, nan 
-179.625, 79.375, 8.472763010704585e-24, nan 
-179.375, 79.375, 8.890935186680995e-24, nan 
-179.125, 79.375, 1.0039765982205297e-23, nan 
-178.875, 79.375, 8.783183601243063e-24, nan 
-178.625, 79.375, 9.122773621896463e-24, nan 
-178.375, 79.375, 1.0384529455458588e-23, nan 
-178.125, 79.375, 1.1455558388786158e-23, nan 
-177.875, 79.375, 9.173465430571775e-24, nan 
-177.625, 79.375, 7.789213340387056e-24, nan 
-177.375, 79.375, 7.620266307243607e-24, nan 
-177.125, 79.375, 8.345724722584369e-24, nan 
-176.875, 79.375, 8.703303892611723e-24, nan 
-176.625, 79.375, 5.56891963237788e-24, nan 
-176.375, 79.375, 8.802090609297808e-24, nan 
-176.125, 79.375, 9.101876245622774e-24, nan 
-175.875, 79.375, 6.583832042181232e-24, nan 
-175.625, 79.375, 6.809338947517464e-24, nan 
-175.375, 79.375, 9.375475681436642e-24, nan 
-175.125, 79.375, 7.700408497381064e-24, nan 
-174.875, 79.375, 9.353865462911274e-24, nan 
-174.625, 79.375, 9.192037087715126e-24, nan 
-174.375, 79.375, 8.208226194227675e-24, nan 
-174.125, 79.375, 9.193137315978337e-24, nan 
-173.875, 79.375, 9.322949491037948e-24, nan 
-173.625, 79.375, 9.898177751767016e-24, nan 
-173.375, 79.375, 9.029658134043647e-24, nan 
-173.125, 79.375, 8.731959961441879e-24, nan 
-172.875, 79.375, 9.330704197858317e-24, nan 
-172.625, 79.375, 9.718812860127176e-24, nan 
-172.375, 79.375, 1.0019756997178365e-23, nan 
-172.125, 79.375, 1.0930462624590827e-23, nan 
-171.875, 79.375, 1.0447370309059977e-23, nan 
-171.625, 79.375, 1.1543542379065791e-23, nan 
-171.375, 79.375, 1.0184971815960477e-23, nan 
-171.125, 79.375, 1.100990805837603e-23, nan 
-170.875, 79.375, 1.0529666523126807e-23, nan 
-170.625, 79.375, 1.1618549035388962e-23, nan 
-170.375, 79.375, 1.1076383676612752e-23, nan 
-170.125, 79.375, 1.2124216495738825e-23, nan 
-169.875, 79.375, 1.057146894474337e-23, nan 
-169.625, 79.375, 1.111814734738235e-23, nan 
-169.375, 79.375, 1.1342231731859404e-23, nan 
-169.125, 79.375, 1.0991517658618545e-23, nan 
-168.875, 79.375, 1.0872903896607769e-23, nan 
-168.625, 79.375, 1.1418374217047794e-23, nan 
-168.375, 79.375, 1.2151109280437544e-23, nan 
-168.125, 79.375, 1.0348427520146229e-23, nan 
-167.875, 79.375, 1.1318812415943745e-23, nan 
-167.625, 79.375, 1.0368956932703212e-23, nan 
-167.375, 79.375, 1.1399318430091806e-23, nan 
-167.125, 79.375, 1.2509638791373049e-23, nan 
-166.875, 79.375, 1.1133916030439945e-23, nan 
-166.625, 79.375, 8.942995905482472e-24, nan 
-166.375, 79.375, 1.1590483863711467e-23, nan 
-166.125, 79.375, 1.162177341789683e-23, nan 
-165.875, 79.375, 1.077529830907681e-23, nan 
-165.625, 79.375, 8.473170509750524e-24, nan 
-165.375, 79.375, 1.1066949004635826e-23, nan 
-165.125, 79.375, 1.0149125880697928e-23, nan 
-164.875, 79.375, 1.0845066209664048e-23, nan 
-164.625, 79.375, 7.651678498670573e-24, nan 
-164.375, 79.375, 1.0455143946770089e-23, nan 
-164.125, 79.375, 1.0220785960406332e-23, nan 
-163.875, 79.375, 9.962849092114826e-24, nan 
-163.625, 79.375, 8.617777184841114e-24, nan 
-163.375, 79.375, 7.535441838106706e-24, nan 
-163.125, 79.375, 8.251073917560727e-24, nan 
-162.875, 79.375, 9.209798832868396e-24, nan 
-162.625, 79.375, 6.780944757555329e-24, nan 
-162.375, 79.375, 5.771768220927709e-24, nan 
-162.125, 79.375, 5.2751673590780825e-24, nan 
-161.875, 79.375, 5.481275737453584e-24, nan 
-161.625, 79.375, 6.97540865036836e-24, nan 
-161.375, 79.375, 7.063730639135167e-24, nan 
-161.125, 79.375, 9.194703116560124e-24, nan 
-160.875, 79.375, 8.938180338905087e-24, nan 
-160.625, 79.375, 1.0725686755294841e-23, nan 
-160.375, 79.375, 8.986370268851716e-24, nan 
-160.125, 79.375, 9.997167099381921e-24, nan 
-159.875, 79.375, 9.684139498262339e-24, nan 
-159.625, 79.375, 1.0476641295795823e-23, nan 
-159.375, 79.375, 1.0108387715860831e-23, nan 
-159.125, 79.375, 9.334308818525531e-24, nan 
-158.875, 79.375, 8.879192398248091e-24, nan 
-158.625, 79.375, 8.688750727500098e-24, nan 
-158.375, 79.375, 9.366584448203157e-24, nan 
-158.125, 79.375, 9.001461133220526e-24, nan 
-157.875, 79.375, 8.742477192550736e-24, nan 
-157.625, 79.375, 8.378423598495329e-24, nan 
-157.375, 79.375, 8.436259283248295e-24, nan 
-157.125, 79.375, 7.4229938513881e-24, nan 
-156.875, 79.375, 9.178515239832745e-24, nan 
-156.625, 79.375, 9.683029753134128e-24, nan 
-156.375, 79.375, 9.82784171693692e-24, nan 
-156.125, 79.375, 8.62397829912946e-24, nan 
-155.875, 79.375, 9.640504591177893e-24, nan 
-155.625, 79.375, 1.3038184753082163e-23, nan 
-155.375, 79.375, 2.1583225399706773e-23, nan 
-155.125, 79.375, 2.335577473885677e-23, nan 
-154.875, 79.375, 1.923074038546584e-23, nan 
-154.625, 79.375, 1.428230080242393e-23, nan 
-154.375, 79.375, 2.1107339191091323e-23, nan 
-154.125, 79.375, 3.167440311399702e-23, nan 
-153.875, 79.375, 4.1090617851394866e-23, nan 
-153.625, 79.375, 3.238334075703446e-23, nan 
-153.375, 79.375, 1.881433351567347e-23, nan 
-153.125, 79.375, 1.5993562657620812e-23, nan 
-152.875, 79.375, 1.946770694838875e-23, nan 
-152.625, 79.375, 2.2397123822957782e-23, nan 
-152.375, 79.375, 2.0405560217271672e-23, nan 
-152.125, 79.375, 1.4409890901533317e-23, nan 
-151.875, 79.375, 1.2190313171428276e-23, nan 
-151.625, 79.375, 1.3288631198823536e-23, nan 
-151.375, 79.375, 1.2611109541171364e-23, nan 
-151.125, 79.375, 1.1121640041278874e-23, nan 
-150.875, 79.375, 1.231512853447431e-23, nan 
-150.625, 79.375, 1.328831270259627e-23, nan 
-150.375, 79.375, 1.2359261183036144e-23, nan 
-150.125, 79.375, 1.2707394826859369e-23, nan 
-149.875, 79.375, 1.3748137453084964e-23, nan 
-149.625, 79.375, 1.3377184178612322e-23, nan 
-149.375, 79.375, 1.4974318434089694e-23, nan 
-149.125, 79.375, 1.6346629491830276e-23, nan 
-148.875, 79.375, 1.6996141775174736e-23, nan 
-148.625, 79.375, 1.901581791915451e-23, nan 
-148.375, 79.375, 1.918060089850278e-23, nan 
-148.125, 79.375, 2.026118774062764e-23, nan 
-147.875, 79.375, 2.3299006031412733e-23, nan 
-147.625, 79.375, 1.7668212207398358e-23, nan 
-147.375, 79.375, 1.6807839528295948e-23, nan 
-147.125, 79.375, 1.746278895484971e-23, nan 
-146.875, 79.375, 1.569397206460015e-23, nan 
-146.625, 79.375, 1.6775401608811634e-23, nan 
-146.375, 79.375, 1.6157693177869563e-23, nan 
-146.125, 79.375, 1.469390877653572e-23, nan 
-145.875, 79.375, 1.5357804096165752e-23, nan 
-145.625, 79.375, 1.6154871888031304e-23, nan 
-145.375, 79.375, 1.6516077042924065e-23, nan 
-145.125, 79.375, 1.5940488864298838e-23, nan 
-144.875, 79.375, 1.500465531735296e-23, nan 
-144.625, 79.375, 1.560181371338838e-23, nan 
-144.375, 79.375, 1.640322126038812e-23, nan 
-144.125, 79.375, 1.653660102021921e-23, nan 
-143.875, 79.375, 1.5537447111827195e-23, nan 
-143.625, 79.375, 1.631907609004011e-23, nan 
-143.375, 79.375, 1.5434190779561927e-23, nan 
-143.125, 79.375, 1.6285963441872148e-23, nan 
-142.875, 79.375, 1.7067728752589107e-23, nan 
-142.625, 79.375, 1.571909880285303e-23, nan 
-142.375, 79.375, 1.6037867730222388e-23, nan 
-142.125, 79.375, 1.8409704483269257e-23, nan 
-141.875, 79.375, 1.731203839395294e-23, nan 
-141.625, 79.375, 1.5514468709923708e-23, nan 
-141.375, 79.375, 1.8909594641732834e-23, nan 
-141.125, 79.375, 2.139603799037349e-23, nan 
-140.875, 79.375, 2.303330346137942e-23, nan 
-140.625, 79.375, 1.9328402264217288e-23, nan 
-140.375, 79.375, 2.4628549692441104e-23, nan 
-140.125, 79.375, 1.8703545925695862e-23, nan 
-139.875, 79.375, 1.8077162886284482e-23, nan 
-139.625, 79.375, 1.5994639943565098e-23, nan 
-139.375, 79.375, 1.958135752504303e-23, nan 
-139.125, 79.375, 1.835848330712294e-23, nan 
-138.875, 79.375, 1.8147876441516745e-23, nan 
-138.625, 79.375, 1.9084107509213088e-23, nan 
-138.375, 79.375, 1.8679598280197865e-23, nan 
-138.125, 79.375, 1.9353008868021667e-23, nan 
-137.875, 79.375, 1.9288295106784467e-23, nan 
-137.625, 79.375, 2.0409528396785105e-23, nan 
-137.375, 79.375, 1.7452256108719357e-23, nan 
-137.125, 79.375, 1.9803634004276542e-23, nan 
-136.875, 79.375, 1.82199748913287e-23, nan 
-136.625, 79.375, 1.7395172772843884e-23, nan 
-136.375, 79.375, 1.7922393752906726e-23, nan 
-136.125, 79.375, 2.014981177659627e-23, nan 
-135.875, 79.375, 1.888054791708986e-23, nan 
-135.625, 79.375, 2.004788863034076e-23, nan 
-135.375, 79.375, 1.9517988129427665e-23, nan 
-135.125, 79.375, 2.001409888971079e-23, nan 
-134.875, 79.375, 2.2077495513365357e-23, nan 
-134.625, 79.375, 1.6173948450302508e-23, nan 
-134.375, 79.375, 1.3725932364777647e-23, nan 
-134.125, 79.375, 1.2746047055697572e-23, nan 
-133.875, 79.375, 1.9101643137434486e-23, nan 
-133.625, 79.375, 2.0625332823650285e-23, nan 
-133.375, 79.375, 2.0869765925862123e-23, nan 
-133.125, 79.375, 1.8467252448879073e-23, nan 
-132.875, 79.375, 2.2569094924456648e-23, nan 
-132.625, 79.375, 2.144331862464314e-23, nan 
-132.375, 79.375, 2.031174992912969e-23, nan 
-132.125, 79.375, 2.1947428820948702e-23, nan 
-131.875, 79.375, 2.1070080737056866e-23, nan 
-131.625, 79.375, 2.463885232365995e-23, nan 
-131.375, 79.375, 2.914416764880013e-23, nan 
-131.125, 79.375, 3.180044916292862e-23, nan 
-130.875, 79.375, 2.8728578460467696e-23, nan 
-130.625, 79.375, 2.2507660639833857e-23, nan 
-130.375, 79.375, 2.721126169518199e-23, nan 
-130.125, 79.375, 4.2994938902511454e-23, nan 
-129.875, 79.375, 3.95833647479994e-23, nan 
-129.625, 79.375, 3.898726368263087e-23, nan 
-129.375, 79.375, 3.1407745418186675e-23, nan 
-129.125, 79.375, 4.799083110904606e-23, nan 
-128.875, 79.375, 6.160494221657517e-23, nan 
-128.625, 79.375, 5.316389271930932e-23, nan 
-128.375, 79.375, 4.9047713966906524e-23, nan 
-128.125, 79.375, 3.4684879883412137e-23, nan 
-127.875, 79.375, 3.782708799541031e-23, nan 
-127.625, 79.375, 4.152365705567963e-23, nan 
-127.375, 79.375, 3.882066759933967e-23, nan 
-127.125, 79.375, 3.55578955467544e-23, nan 
-126.875, 79.375, 3.2802570338537593e-23, nan 
-126.625, 79.375, 4.5363194760305355e-23, nan 
-126.375, 79.375, 5.67268494056443e-23, nan 
-126.125, 79.375, 3.920228803527358e-23, nan 
-125.875, 79.375, 3.732168143259833e-23, nan 
-125.625, 79.375, 2.74089997960364e-23, nan 
-125.375, 79.375, 2.95387197370927e-23, nan 
-125.125, 79.375, 3.1467797658458554e-23, nan 
-124.875, 79.375, 3.3310248528189436e-23, nan 
-124.625, 79.375, 3.0517751885312524e-23, nan 
-124.375, 79.375, 2.598969530209712e-23, nan 
-124.125, 79.375, 2.782987683589663e-23, nan 
-123.875, 79.375, 2.4431434638171195e-23, nan 
-123.625, 79.375, 2.699876732311462e-23, nan 
-123.375, 79.375, 2.2815111052506231e-23, nan 
-123.125, 79.375, 1.4204491435727835e-23, nan 
-122.875, 79.375, 2.3191737905380414e-23, nan 
-122.625, 79.375, 1.504013970970974e-23, nan 
-122.375, 79.375, 1.8474093104001878e-23, nan 
-122.125, 79.375, 2.4753859268402256e-23, nan 
-121.875, 79.375, 2.747743082955792e-23, nan 
-121.625, 79.375, 2.831761955098563e-23, nan 
-121.375, 79.375, 2.381252082273969e-23, nan 
-121.125, 79.375, 1.7254561470143856e-23, nan 
-120.875, 79.375, 1.3154908316821773e-23, nan 
-120.625, 79.375, 1.2159264532517126e-23, nan 
-120.375, 79.375, 1.8030596622449678e-23, nan 
-120.125, 79.375, 1.1866025198624555e-23, nan 
-119.875, 79.375, 1.346663887728683e-23, nan 
-119.625, 79.375, 1.8996913473562893e-23, nan 
-119.375, 79.375, 2.0495114157660124e-23, nan 
-119.125, 79.375, 1.6209796915136456e-23, nan 
-118.875, 79.375, 1.2886585007929443e-23, nan 
-118.625, 79.375, 1.332855517231809e-23, nan 
-118.375, 79.375, 1.4108399899927923e-23, nan 
-118.125, 79.375, 1.4677601493866403e-23, nan 
-117.875, 79.375, 1.4149591025607634e-23, nan 
-117.625, 79.375, 1.320713270108642e-23, nan 
-117.375, 79.375, 1.1901157427631157e-23, nan 
-117.125, 79.375, 8.529366132883993e-24, nan 
-116.875, 79.375, 8.863676799199813e-24, nan 
-116.625, 79.375, 1.2676130602927812e-23, nan 
-116.375, 79.375, 1.0522693419812402e-23, nan 
-116.125, 79.375, 1.2163644734451478e-23, nan 
-115.875, 79.375, 1.2462082748817559e-23, nan 
-115.625, 79.375, 1.0635465776405138e-23, nan 
-115.375, 79.375, 5.2123229806956204e-24, nan 
-115.125, 79.375, 8.490212609918675e-24, nan 
-114.875, 79.375, 9.349994194632412e-24, nan 
-114.625, 79.375, 1.130511337646736e-23, nan 
-114.375, 79.375, 9.994328392282689e-24, nan 
-114.125, 79.375, 1.5952367144455615e-23, nan 
-113.875, 79.375, 2.3194687373500563e-23, nan 
-113.625, 79.375, 2.1925605496850323e-23, nan 
-113.375, 79.375, 1.7983113548544934e-23, nan 
-113.125, 79.375, 1.6366244332935898e-23, nan 
-112.875, 79.375, 1.3804738335863856e-23, nan 
-112.625, 79.375, 2.3245017867392132e-23, nan 
-112.375, 79.375, 2.675434531619797e-23, nan 
-112.125, 79.375, 2.5676602145950812e-23, nan 
-111.875, 79.375, 2.0958313172057668e-23, nan 
-111.625, 79.375, 1.7914270740505398e-23, nan 
-111.375, 79.375, 2.0370721403903158e-23, nan 
-111.125, 79.375, 2.7114496859349376e-23, nan 
-110.875, 79.375, 2.538243394216168e-23, nan 
-110.625, 79.375, 2.1749277577721288e-23, nan 
-110.375, 79.375, 2.2154807646148544e-23, nan 
-110.125, 79.375, 1.7575918381719362e-23, nan 
-109.875, 79.375, 2.230425524315155e-23, nan 
-109.625, 79.375, 2.0177513348660717e-23, nan 
-109.375, 79.375, 1.5410919656544528e-23, nan 
-109.125, 79.375, 2.088373515705502e-23, nan 
-108.875, 79.375, 2.1249202450069267e-23, nan 
-108.625, 79.375, 1.8008544771327217e-23, nan 
-108.375, 79.375, 1.7568539145188686e-23, nan 
-108.125, 79.375, 2.851169243902765e-23, nan 
-107.875, 79.375, 1.393451840472215e-23, nan 
-107.625, 79.375, 2.248111314329144e-23, nan 
-107.375, 79.375, 2.8389287417584663e-23, nan 
-107.125, 79.375, 4.777439242149511e-23, nan 
-106.875, 79.375, 4.0308510072036665e-23, nan 
-106.625, 79.375, 3.002350669928479e-23, nan 
-106.375, 79.375, 3.6845980047085184e-23, nan 
-106.125, 79.375, 4.6991523786725305e-23, nan 
-105.875, 79.375, 5.964101236059803e-23, nan 
-105.625, 79.375, 4.9460185118402707e-23, nan 
-105.375, 79.375, 4.068365003620986e-23, nan 
-105.125, 79.375, 3.5838006921986845e-23, nan 
-104.875, 79.375, 5.468025807298012e-23, nan 
-104.625, 79.375, 3.1895928257566743e-23, nan 
-104.375, 79.375, 3.5484584882865346e-23, nan 
-104.125, 79.375, 4.7638898359132504e-23, nan 
-103.875, 79.375, 3.9620228478506376e-23, nan 
-103.625, 79.375, 3.4060086117596586e-23, nan 
-103.375, 79.375, 2.7821831967914355e-23, nan 
-103.125, 79.375, 2.895277502762466e-23, nan 
-102.875, 79.375, 3.2106361991289323e-23, nan 
-102.625, 79.375, 3.5637381330937245e-23, nan 
-102.375, 79.375, 3.662837008293723e-23, nan 
-102.125, 79.375, 3.9431653879961494e-23, nan 
-101.875, 79.375, 3.566325926032601e-23, nan 
-101.625, 79.375, 2.761912041989056e-23, nan 
-101.375, 79.375, 4.65550306916671e-23, nan 
-101.125, 79.375, 6.752580566681692e-23, nan 
-100.875, 79.375, 7.937935744556633e-23, nan 
-100.625, 79.375, 6.416169379223133e-23, nan 
-100.375, 79.375, 4.1072606382079414e-23, nan 
-100.125, 79.375, 2.709928338530867e-23, nan 
-99.875, 79.375, 4.1628068055181417e-23, nan 
-99.625, 79.375, 5.688468216091713e-23, nan 
-99.375, 79.375, 5.1749045098274314e-23, nan 
-99.125, 79.375, 4.4946568654488056e-23, nan 
-98.875, 79.375, 3.8543011135194266e-23, nan 
-98.625, 79.375, 4.3839174506236165e-23, nan 
-98.375, 79.375, 3.95468607218137e-23, nan 
-98.125, 79.375, 6.0869836286274e-23, nan 
-97.875, 79.375, 6.569938227364994e-23, nan 
-97.625, 79.375, 5.432444473713733e-23, nan 
-97.375, 79.375, 4.394436408271003e-23, nan 
-97.125, 79.375, 5.1593869989985013e-23, nan 
-96.875, 79.375, 6.380754708166036e-23, nan 
-96.625, 79.375, 5.037785280532826e-23, nan 
-96.375, 79.375, 4.898979005715874e-23, nan 
-96.125, 79.375, 4.744979753534974e-23, nan 
-95.875, 79.375, 7.060504134953836e-23, nan 
-95.625, 79.375, 6.231175545064755e-23, nan 
-95.375, 79.375, 5.019855029569986e-23, nan 
-95.125, 79.375, 4.9349888529327645e-23, nan 
-94.875, 79.375, 5.614990258619629e-23, nan 
-94.625, 79.375, 7.458544286968812e-23, nan 
-94.375, 79.375, 5.57005660926929e-23, nan 
-94.125, 79.375, 2.545636678590788e-23, nan 
-93.875, 79.375, 2.0223934877281227e-23, nan 
-93.625, 79.375, 3.2160650764110173e-23, nan 
-93.375, 79.375, 5.053051368768105e-23, nan 
-93.125, 79.375, 3.64984719860403e-23, nan 
-92.875, 79.375, 4.056691684341181e-23, nan 
-92.625, 79.375, 4.202915461854532e-23, nan 
-92.375, 79.375, 7.292157476904833e-23, nan 
-92.125, 79.375, 9.088895115872547e-23, nan 
-91.875, 79.375, 8.169999417276466e-23, nan 
-91.625, 79.375, 9.004198542865179e-23, nan 
-91.375, 79.375, 9.942217277564413e-23, nan 
-91.125, 79.375, 9.211955006581993e-23, nan 
-90.875, 79.375, 1.023393848022271e-22, nan 
-90.625, 79.375, 1.4313173718475687e-22, nan 
-90.375, 79.375, 1.208747751585904e-22, nan 
-90.125, 79.375, 9.158028491684154e-23, nan 
-89.875, 79.375, 1.5901982004532192e-22, nan 
-89.625, 79.375, 2.103229311610718e-22, nan 
-89.375, 79.375, 2.548608143458589e-22, nan 
-89.125, 79.375, 2.318506549773449e-22, nan 
-88.875, 79.375, 1.8944389473116742e-22, nan 
-88.625, 79.375, 1.9183502507650803e-22, nan 
-88.375, 79.375, 1.610924380160871e-22, nan 
-88.125, 79.375, 2.245665534949888e-22, nan 
-87.875, 79.375, 1.941614657203503e-22, nan 
-87.625, 79.375, 2.0733303953525346e-22, nan 
-87.375, 79.375, 2.4633850538802186e-22, nan 
-87.125, 79.375, 2.2841227127116765e-22, nan 
-86.875, 79.375, 2.362687730183603e-22, nan 
-86.625, 79.375, 1.8483942900970215e-22, nan 
-86.375, 79.375, 2.527101860508777e-22, nan 
-86.125, 79.375, 2.569003016888598e-22, nan 
-85.875, 79.375, 2.3397114432050065e-22, nan 
-85.625, 79.375, 2.1865188269143853e-22, nan 
-85.375, 79.375, 2.1424653391035406e-22, nan 
-85.125, 79.375, 2.321685993014673e-22, nan 
-84.875, 79.375, 2.1705398131392257e-22, nan 
-84.625, 79.375, 2.3313897404986504e-22, nan 
-84.375, 79.375, 2.363551767761024e-22, nan 
-84.125, 79.375, 2.127979545560354e-22, nan 
-83.875, 79.375, 2.257186731738594e-22, nan 
-83.625, 79.375, 2.1003406710566207e-22, nan 
-83.375, 79.375, 2.4995636352033754e-22, nan 
-83.125, 79.375, 2.480843897012025e-22, nan 
-82.875, 79.375, 2.8606133014086166e-22, nan 
-82.625, 79.375, 2.635155468858721e-22, nan 
-82.375, 79.375, 2.0102917598551263e-22, nan 
-82.125, 79.375, 1.840459728790555e-22, nan 
-81.875, 79.375, 1.8286637231547693e-22, nan 
-81.625, 79.375, 2.0145661961958326e-22, nan 
-81.375, 79.375, 1.807631401464067e-22, nan 
-81.125, 79.375, 9.248496287157081e-23, nan 
-80.875, 79.375, 1.161715832733213e-22, nan 
-80.625, 79.375, 1.8173455442384588e-22, nan 
-80.375, 79.375, 2.699355788812319e-22, nan 
-80.125, 79.375, 2.223757429454591e-22, nan 
-79.875, 79.375, 1.9234471643211758e-22, nan 
-79.625, 79.375, 1.952978452696537e-22, nan 
-79.375, 79.375, 2.2450377397775705e-22, nan 
-79.125, 79.375, 3.1595712487179404e-22, nan 
-78.875, 79.375, 1.3375667387100363e-22, nan 
-78.625, 79.375, 2.2540417145594547e-22, nan 
-78.375, 79.375, 1.3851850805811612e-22, nan 
-78.125, 79.375, 6.32984407214101e-23, nan 
-77.875, 79.375, 8.399699759052993e-23, nan 
-77.625, 79.375, 6.166065405742544e-23, nan 
-77.375, 79.375, 1.0916330433395269e-22, nan 
-77.125, 79.375, 1.1876848688819352e-22, nan 
-76.875, 79.375, 7.686970075299175e-23, nan 
-76.625, 79.375, 1.1110057446223025e-22, nan 
-76.375, 79.375, 1.3846285913782944e-22, nan 
-76.125, 79.375, 1.7636467935368033e-22, nan 
-75.875, 79.375, 2.3995513503570937e-22, nan 
-75.625, 79.375, 1.9970384786703042e-22, nan 
-75.375, 79.375, 2.461953300674861e-22, nan 
-75.125, 79.375, 2.823815590861421e-22, nan 
-74.875, 79.375, 2.0718491055023685e-22, nan 
-74.625, 79.375, 2.735774800616951e-22, nan 
-74.375, 79.375, 1.9113956119873038e-22, nan 
-74.125, 79.375, 3.2172244767301833e-22, nan 
-73.875, 79.375, 3.1261154182474363e-22, nan 
-73.625, 79.375, 9.243601927348071e-23, nan 
-73.375, 79.375, 1.93303566078939e-22, nan 
-73.125, 79.375, 2.3567582024346352e-22, nan 
-72.875, 79.375, 1.7058169743423997e-22, nan 
-72.625, 79.375, 2.6185405510078947e-22, nan 
-72.375, 79.375, 4.629173569081324e-22, nan 
-72.125, 79.375, 7.058945049908356e-22, nan 
-71.875, 79.375, 7.922918073186838e-22, nan 
-71.625, 79.375, 5.384868965901272e-22, nan 
-71.375, 79.375, 5.422484205421541e-22, nan 
-71.125, 79.375, 5.810546250717139e-22, nan 
-70.875, 79.375, 9.08781780445596e-22, nan 
-70.625, 79.375, 9.707252775957973e-22, nan 
-70.375, 79.375, 6.510807879473546e-22, nan 
-70.125, 79.375, 6.954001033196589e-22, nan 
-69.875, 79.375, 2.6408772399633554e-22, nan 
-69.625, 79.375, 1.730402059523284e-22, nan 
-69.375, 79.375, 4.418088992938548e-22, nan 
-69.125, 79.375, 5.93083504589259e-22, nan 
-68.875, 79.375, 4.2153370355199853e-22, nan 
-68.625, 79.375, 4.19704500783341e-22, nan 
-68.375, 79.375, 5.444703019189989e-22, nan 
-68.125, 79.375, 5.702374156423043e-22, nan 
-67.875, 79.375, 7.639526303133482e-22, nan 
-67.625, 79.375, 3.2457311629709016e-22, nan 
-67.375, 79.375, 4.0931431185425573e-22, nan 
-67.125, 79.375, 8.359020097897752e-22, nan 
-66.875, 79.375, 8.154913854382994e-22, nan 
-66.625, 79.375, 1.030345092663629e-21, nan 
-66.375, 79.375, 9.921049989093965e-22, nan 
-66.125, 79.375, 6.734089506910673e-22, nan 
-65.875, 79.375, 1.1172342698163507e-21, nan 
-65.625, 79.375, 1.382903889892244e-21, nan 
-65.375, 79.375, 1.5706051669387753e-21, nan 
-65.125, 79.375, 2.0707861226041937e-21, nan 
-64.875, 79.375, 1.7416421792153068e-21, nan 
-64.625, 79.375, 1.949028680747634e-21, nan 
-64.375, 79.375, 1.862323258535737e-21, nan 
-64.125, 79.375, 2.063111593427212e-21, nan 
-63.875, 79.375, 1.5510496563015629e-21, nan 
-63.625, 79.375, 2.232851640369075e-21, nan 
-63.375, 79.375, 1.8102569510287286e-21, nan 
-63.125, 79.375, 1.4857273056886927e-21, nan 
-62.875, 79.375, 2.2659437775597325e-21, nan 
-62.625, 79.375, 2.230302146838591e-21, nan 
-62.375, 79.375, 3.1856663154834848e-21, nan 
-62.125, 79.375, 2.5301059729859377e-21, nan 
-61.875, 79.375, 1.6319857988521068e-21, nan 
-61.625, 79.375, 1.1703638222208154e-21, nan 
-61.375, 79.375, 1.4832698046167014e-21, nan 
-61.125, 79.375, 1.5615527032687317e-21, nan 
-60.875, 79.375, 3.2538284863464584e-22, nan 
-60.625, 79.375, 1.637395140300485e-21, nan 
-60.375, 79.375, 2.7179175141924154e-21, nan 
-60.125, 79.375, 1.6865375558506087e-21, nan 
-59.875, 79.375, 1.521262948047666e-21, nan 
-59.625, 79.375, 2.3824380631265154e-21, nan 
-59.375, 79.375, 3.6707572971383456e-21, nan 
-59.125, 79.375, 5.1143978500172944e-21, nan 
-58.875, 79.375, 6.1015468665019036e-21, nan 
-58.625, 79.375, 6.502371418128654e-21, nan 
-58.375, 79.375, 4.572091388964855e-21, nan 
-58.125, 79.375, 4.744245774805268e-21, nan 
-57.875, 79.375, 5.304362975520306e-21, nan 
-57.625, 79.375, 5.636351940284072e-21, nan 
-57.375, 79.375, 1.0236125199133901e-20, nan 
-57.125, 79.375, 2.2988633309189665e-20, nan 
-56.875, 79.375, 3.176606558134068e-20, nan 
-56.625, 79.375, 3.626240564777529e-20, nan 
-56.375, 79.375, 3.906993798586195e-20, nan 
-56.125, 79.375, 4.00466703696259e-20, nan 
-55.875, 79.375, 5.560981581298752e-20, nan 
-55.625, 79.375, 5.428468489821906e-20, nan 
-55.375, 79.375, 5.549837303814314e-20, nan 
-55.125, 79.375, 5.645604680387207e-20, nan 
-54.875, 79.375, 5.96180991290141e-20, nan 
-54.625, 79.375, 6.151208392177612e-20, nan 
-54.375, 79.375, 5.990885591161105e-20, nan 
-54.125, 79.375, 6.20079500617588e-20, nan 
-53.875, 79.375, 6.282094828183948e-20, nan 
-53.625, 79.375, 6.796139311823024e-20, nan 
-53.375, 79.375, 5.208770704297641e-20, nan 
-53.125, 79.375, 4.8173990147323455e-20, nan 
-52.875, 79.375, 6.173774564224425e-20, nan 
-52.625, 79.375, 5.27824963931601e-20, nan 
-52.375, 79.375, 5.281831246723661e-20, nan 
-52.125, 79.375, 5.560616195683483e-20, nan 
-51.875, 79.375, 5.708130467906625e-20, nan 
-51.625, 79.375, 7.48172200868536e-20, nan 
-51.375, 79.375, 8.110800545481297e-20, nan 
-51.125, 79.375, 7.555622432438714e-20, nan 
-50.875, 79.375, 6.020164821755771e-20, nan 
-50.625, 79.375, 6.399239058866136e-20, nan 
-50.375, 79.375, 2.925889320671325e-20, nan 
-50.125, 79.375, 8.777905417582652e-20, nan 
-49.875, 79.375, 8.050919716490145e-20, nan 
-49.625, 79.375, 5.863413025297897e-20, nan 
-49.375, 79.375, 3.24883855714171e-20, nan 
-49.125, 79.375, 2.1421075578561655e-20, nan 
-48.875, 79.375, 4.9919908303549746e-20, nan 
-48.625, 79.375, 5.196663632171493e-20, nan 
-48.375, 79.375, 3.9351136971269826e-20, nan 
-48.125, 79.375, 3.467803369444406e-20, nan 
-47.875, 79.375, 2.3355971588881273e-20, nan 
-47.625, 79.375, 3.3646456622845277e-20, nan 
-47.375, 79.375, 3.03780075588564e-20, nan 
-47.125, 79.375, 2.5867669785284183e-20, nan 
-46.875, 79.375, 2.431191862796448e-20, nan 
-46.625, 79.375, 2.5618255743527205e-20, nan 
-46.375, 79.375, 3.424056667413709e-20, nan 
-46.125, 79.375, 3.539726358344922e-20, nan 
-45.875, 79.375, 3.608123987547302e-20, nan 
-45.625, 79.375, 3.319598524703358e-20, nan 
-45.375, 79.375, 3.31652899939402e-20, nan 
-45.125, 79.375, 3.27994866695111e-20, nan 
-44.875, 79.375, 3.3528018713488885e-20, nan 
-44.625, 79.375, 2.989727868257037e-20, nan 
-44.375, 79.375, 3.215576873746108e-20, nan 
-44.125, 79.375, 2.9011247703814203e-20, nan 
-43.875, 79.375, 3.190314198559405e-20, nan 
-43.625, 79.375, 2.9658596456625144e-20, nan 
-43.375, 79.375, 3.240976149684266e-20, nan 
-43.125, 79.375, 3.43943800837467e-20, nan 
-42.875, 79.375, 3.335774582087996e-20, nan 
-42.625, 79.375, 3.2151473827790235e-20, nan 
-42.375, 79.375, 3.2391763886333223e-20, nan 
-42.125, 79.375, 3.6205017696764825e-20, nan 
-41.875, 79.375, 3.932000097449306e-20, nan 
-41.625, 79.375, 4.443782988837597e-20, nan 
-41.375, 79.375, 4.4728657101953354e-20, nan 
-41.125, 79.375, 4.312369113136182e-20, nan 
-40.875, 79.375, 4.6982428849244014e-20, nan 
-40.625, 79.375, 5.107286226341986e-20, nan 
-40.375, 79.375, 5.87156130066582e-20, nan 
-40.125, 79.375, 6.372211111217719e-20, nan 
-39.875, 79.375, 7.621580666439335e-20, nan 
-39.625, 79.375, 8.402007469581834e-20, nan 
-39.375, 79.375, 8.6544381130515e-20, nan 
-39.125, 79.375, 7.166649160244812e-20, nan 
-38.875, 79.375, 5.487937685855453e-20, nan 
-38.625, 79.375, 6.073975972859003e-20, nan 
-38.375, 79.375, 7.284005463398604e-20, nan 
-38.125, 79.375, 7.831762574357968e-20, nan 
-37.875, 79.375, 5.955960868434895e-20, nan 
-37.625, 79.375, 8.44560544899186e-20, nan 
-37.375, 79.375, 8.028634283543738e-20, nan 
-37.125, 79.375, 1.8152636529594083e-19, nan 
-36.875, 79.375, 2.17498773420676e-19, nan 
-36.625, 79.375, 2.44275664568323e-19, nan 
-36.375, 79.375, 2.3523498843948077e-19, nan 
-36.125, 79.375, 2.670945899425051e-19, nan 
-35.875, 79.375, 2.27349907629031e-19, nan 
-35.625, 79.375, 2.6306379887217794e-19, nan 
-35.375, 79.375, 3.128052593967056e-19, nan 
-35.125, 79.375, 3.4112766252561965e-19, nan 
-34.875, 79.375, 3.585020589178652e-19, nan 
-34.625, 79.375, 2.4358887068755867e-19, nan 
-34.375, 79.375, 2.1221591932113525e-19, nan 
-34.125, 79.375, 2.4024716771782965e-19, nan 
-33.875, 79.375, 1.9223509525187376e-19, nan 
-33.625, 79.375, 1.6966083180401252e-19, nan 
-33.375, 79.375, 1.6266493474537226e-19, nan 
-33.125, 79.375, 2.1551175989258254e-19, nan 
-32.875, 79.375, 2.376777301291948e-19, nan 
-32.625, 79.375, 2.5132260022082076e-19, nan 
-32.375, 79.375, 2.766673066586219e-19, nan 
-32.125, 79.375, 2.592508069358485e-19, nan 
-31.875, 79.375, 1.8942970206001784e-19, nan 
-31.625, 79.375, 3.0430270877991694e-19, nan 
-31.375, 79.375, 2.1958062301486537e-19, nan 
-31.125, 79.375, 1.951005804174441e-19, nan 
-30.875, 79.375, 2.622594718270636e-19, nan 
-30.625, 79.375, 3.6428532636473116e-19, nan 
-30.375, 79.375, 3.6855109587080444e-19, nan 
-30.125, 79.375, 3.6087245565328325e-19, nan 
-29.875, 79.375, 2.182371776963323e-19, nan 
-29.625, 79.375, 1.8750755182112334e-19, nan 
-29.375, 79.375, 1.5021416968069645e-19, nan 
-29.125, 79.375, 3.3108237950402093e-19, nan 
-28.875, 79.375, 5.751330620421049e-19, nan 
-28.625, 79.375, 6.49512115692066e-19, nan 
-28.375, 79.375, 8.575051031018647e-19, nan 
-28.125, 79.375, 1.0249579897350334e-18, nan 
-27.875, 79.375, 6.255172675147209e-19, nan 
-27.625, 79.375, 6.401257976828527e-19, nan 
-27.375, 79.375, 6.799542220796305e-19, nan 
-27.125, 79.375, 7.599974552363658e-19, nan 
-26.875, 79.375, 7.512890997641355e-19, nan 
-26.625, 79.375, 7.233317146654988e-19, nan 
-26.375, 79.375, 6.595010868393461e-19, nan 
-26.125, 79.375, 9.6928650750324e-19, nan 
-25.875, 79.375, 1.2578288701787113e-18, nan 
-25.625, 79.375, 1.13225356602749e-18, nan 
-25.375, 79.375, 1.3024016487355484e-18, nan 
-25.125, 79.375, 1.1004188051282617e-18, nan 
-24.875, 79.375, 1.3906155145530174e-18, nan 
-24.625, 79.375, 1.732928110277129e-18, nan 
-24.375, 79.375, 1.4226763139388477e-18, nan 
-24.125, 79.375, 2.0555567107215932e-18, nan 
-23.875, 79.375, 2.228439443608275e-18, nan 
-23.625, 79.375, 2.0014482482633862e-18, nan 
-23.375, 79.375, 2.8110041221793396e-18, nan 
-23.125, 79.375, 4.0436144552039415e-18, nan 
-22.875, 79.375, 4.918891298988286e-18, nan 
-22.625, 79.375, 5.214458773735145e-18, nan 
-22.375, 79.375, 3.689330446256956e-18, nan 
-22.125, 79.375, 4.399766066913542e-18, nan 
-21.875, 79.375, 5.076019515384207e-18, nan 
-21.625, 79.375, 4.471235588262433e-18, nan 
-21.375, 79.375, 4.722341194182266e-18, nan 
-21.125, 79.375, 3.1679240070065206e-18, nan 
-20.875, 79.375, 3.0572224624595686e-18, nan 
-20.625, 79.375, 2.0174930956601494e-18, nan 
-20.375, 79.375, 1.4087376115799707e-18, nan 
-20.125, 79.375, 2.151085518815435e-18, nan 
-19.875, 79.375, 2.371503259310533e-18, nan 
-19.625, 79.375, 2.2541505929957435e-18, nan 
-19.375, 79.375, 1.802957961996418e-18, nan 
-19.125, 79.375, 1.3802488325105939e-18, nan 
-18.875, 79.375, 1.3256662679662323e-18, nan 
-18.625, 79.375, 2.314318918795529e-18, nan 
-18.375, 79.375, 2.724353429155771e-18, nan 
-18.125, 79.375, 4.112428942494006e-18, nan 
-17.875, 79.375, 4.368367532445899e-18, nan 
-17.625, 79.375, 4.211441902385164e-18, nan 
-17.375, 79.375, 4.1702313263896594e-18, nan 
-17.125, 79.375, 4.335102507736766e-18, nan 
-16.875, 79.375, 4.88972396532599e-18, nan 
-16.625, 79.375, 5.155935955945621e-18, nan 
-16.375, 79.375, 5.271709208018553e-18, nan 
-16.125, 79.375, 4.771890526145718e-18, nan 
-15.875, 79.375, 3.946612468091728e-18, nan 
-15.625, 79.375, 3.5573263114750755e-18, nan 
-15.375, 79.375, 3.7010658478316156e-18, nan 
-15.125, 79.375, 3.9575874255427876e-18, nan 
-14.875, 79.375, 3.69545186356631e-18, nan 
-14.625, 79.375, 3.1752332774810622e-18, nan 
-14.375, 79.375, 2.4050421454896143e-18, nan 
-14.125, 79.375, 2.1983108611044605e-18, nan 
-13.875, 79.375, 1.88156241218331e-18, nan 
-13.625, 79.375, 1.6823382351573984e-18, nan 
-13.375, 79.375, 1.5593452377097061e-18, nan 
-13.125, 79.375, 1.4715576437073524e-18, nan 
-12.875, 79.375, 1.517775565565143e-18, nan 
-12.625, 79.375, 1.558398109012932e-18, nan 
-12.375, 79.375, 1.6723911270230517e-18, nan 
-12.125, 79.375, 1.9592423092200806e-18, nan 
-11.875, 79.375, 1.6962617907040656e-18, nan 
-11.625, 79.375, 1.4449379783994236e-18, nan 
-11.375, 79.375, 1.1578808509891024e-18, nan 
-11.125, 79.375, 1.0259943130405833e-18, nan 
-10.875, 79.375, 1.977815199259437e-18, nan 
-10.625, 79.375, 2.0290351161003853e-18, nan 
-10.375, 79.375, 2.0973677543524034e-18, nan 
-10.125, 79.375, 2.27093260478917e-18, nan 
-9.875, 79.375, 2.321375333941155e-18, nan 
-9.625, 79.375, 2.0816638655523044e-18, nan 
-9.375, 79.375, 1.8879634694245028e-18, nan 
-9.125, 79.375, 1.612814490587406e-18, nan 
-8.875, 79.375, 1.637576664258666e-18, nan 
-8.625, 79.375, 1.8378906721358244e-18, nan 
-8.375, 79.375, 1.6368792864764183e-18, nan 
-8.125, 79.375, 1.5944508917441064e-18, nan 
-7.875, 79.375, 1.3389673002479848e-18, nan 
-7.625, 79.375, 1.2031841056584492e-18, nan 
-7.375, 79.375, 1.115000414129821e-18, nan 
-7.125, 79.375, 1.0645818534110906e-18, nan 
-6.875, 79.375, 2.494099638137039e-19, nan 
-6.625, 79.375, 8.998377949755405e-19, nan 
-6.375, 79.375, 5.139180638519513e-19, nan 
-6.125, 79.375, 2.5293897928654246e-19, nan 
-5.875, 79.375, 3.8208135661474155e-19, nan 
-5.625, 79.375, 3.0255449710757625e-19, nan 
-5.375, 79.375, 5.259006542405322e-19, nan 
-5.125, 79.375, 3.680573464952265e-19, nan 
-4.875, 79.375, 2.8129278899670476e-19, nan 
-4.625, 79.375, 3.8555893552057284e-19, nan 
-4.375, 79.375, 3.641874263885279e-19, nan 
-4.125, 79.375, 5.205817599138356e-19, nan 
-3.875, 79.375, 3.581146946244547e-19, nan 
-3.625, 79.375, 4.0916989782963573e-19, nan 
-3.375, 79.375, 4.834449241439999e-19, nan 
-3.125, 79.375, 6.641748920410986e-19, nan 
-2.875, 79.375, 6.277496410797523e-19, nan 
-2.625, 79.375, 6.508870217773292e-19, nan 
-2.375, 79.375, 4.859898248754515e-19, nan 
-2.125, 79.375, 4.408252263521859e-19, nan 
-1.875, 79.375, 5.642136391100243e-19, nan 
-1.625, 79.375, 5.23723163719921e-19, nan 
-1.375, 79.375, 5.320109369424246e-19, nan 
-1.125, 79.375, 3.560039633776471e-19, nan 
-0.875, 79.375, 3.75775179619938e-19, nan 
-0.625, 79.375, 2.9008316419414964e-19, nan 
-0.375, 79.375, 2.0044099427789684e-19, nan 
-0.125, 79.375, 2.2017816217776476e-19, nan 
0.125, 79.375, 8.969911146252871e-20, nan 
0.375, 79.375, 1.1119486524662594e-19, nan 
0.625, 79.375, 1.106392260874679e-19, nan 
0.875, 79.375, 1.2139464867530045e-19, nan 
1.125, 79.375, 1.6030122334823062e-19, nan 
1.375, 79.375, 1.043695392257212e-19, nan 
1.625, 79.375, 1.526742472790914e-19, nan 
1.875, 79.375, 1.3903506756499846e-19, nan 
2.125, 79.375, 1.3759823855138008e-19, nan 
2.375, 79.375, 1.5127235930249902e-19, nan 
2.625, 79.375, 1.4767474072942857e-19, nan 
2.875, 79.375, 2.298384335517781e-19, nan 
3.125, 79.375, 2.190652119031256e-19, nan 
3.375, 79.375, 2.0041402081662307e-19, nan 
3.625, 79.375, 1.7476754009188321e-19, nan 
3.875, 79.375, 1.6298118634629264e-19, nan 
4.125, 79.375, 1.6306882760993739e-19, nan 
4.375, 79.375, 2.1675503255657015e-19, nan 
4.625, 79.375, 1.508216768442081e-19, nan 
4.875, 79.375, 1.1175662726966354e-19, nan 
5.125, 79.375, 7.50490615692231e-20, nan 
5.375, 79.375, 6.135409365121382e-20, nan 
5.625, 79.375, 1.1169334337278108e-19, nan 
5.875, 79.375, 9.453098850941943e-20, nan 
6.125, 79.375, 1.0244324708207995e-19, nan 
6.375, 79.375, 1.3208923685196692e-19, nan 
6.625, 79.375, 1.293960401792617e-19, nan 
6.875, 79.375, 1.0089529706189791e-19, nan 
7.125, 79.375, 1.0392013923630656e-19, nan 
7.375, 79.375, 1.2202496824904872e-19, nan 
7.625, 79.375, 1.815450154217485e-19, nan 
7.875, 79.375, 1.9987229907546527e-19, nan 
8.125, 79.375, 1.6422210518786368e-19, nan 
8.375, 79.375, 1.6867335753548155e-19, nan 
8.625, 79.375, 1.09292916018685e-19, nan 
8.875, 79.375, 9.03939307780046e-20, nan 
9.125, 79.375, 1.0722650698198167e-19, nan 
9.375, 79.375, 9.760558121959036e-20, nan 
9.625, 79.375, 9.820650907375993e-20, nan 
9.875, 79.375, 6.709290211705405e-20, nan 
10.125, 79.375, 4.360685155689014e-20, nan 
10.375, 79.375, 3.5243429150810596e-20, nan 
10.625, 79.375, 2.893060528748377e-20, nan 
10.875, 79.375, 2.089454655803583e-20, nan 
11.125, 79.375, 2.5383708430556605e-20, nan 
11.375, 79.375, 1.3590927536270947e-20, nan 
11.625, 79.375, 1.3004502149762228e-20, nan 
11.875, 79.375, 1.8327542839988973e-20, nan 
12.125, 79.375, 2.5064421285286085e-20, nan 
12.375, 79.375, 9.423687673040245e-21, nan 
12.625, 79.375, 7.05653002654246e-21, nan 
12.875, 79.375, 1.2326758288261685e-20, nan 
13.125, 79.375, 2.876261738192507e-20, nan 
13.375, 79.375, 5.25923247597369e-20, nan 
13.625, 79.375, 5.562136574591778e-20, nan 
13.875, 79.375, 5.285142218543304e-20, nan 
14.125, 79.375, 4.614390059287819e-20, nan 
14.375, 79.375, 4.421028359210725e-20, nan 
14.625, 79.375, 4.093278571653897e-20, nan 
14.875, 79.375, 3.9823329260465807e-20, nan 
15.125, 79.375, 3.870721309602566e-20, nan 
15.375, 79.375, 3.524413373734743e-20, nan 
15.625, 79.375, 2.92053693731765e-20, nan 
15.875, 79.375, 2.859367064403377e-20, nan 
16.125, 79.375, 1.3047940641805448e-20, nan 
16.375, 79.375, 1.1271409215734923e-20, nan 
16.625, 79.375, 1.4102815049316087e-20, nan 
16.875, 79.375, 2.4271387698481444e-20, nan 
17.125, 79.375, 3.6165530748821543e-20, nan 
17.375, 79.375, 4.572482061341979e-20, nan 
17.625, 79.375, 4.429574941191552e-20, nan 
17.875, 79.375, 3.757704674133288e-20, nan 
18.125, 79.375, 3.0845319389950925e-20, nan 
18.375, 79.375, 3.81134996490573e-20, nan 
18.625, 79.375, 3.97069128522945e-20, nan 
18.875, 79.375, 3.7614888143150796e-20, nan 
19.125, 79.375, 2.3298522493835384e-20, nan 
19.375, 79.375, 1.0988006858300258e-20, nan 
19.625, 79.375, 3.0205791784162915e-21, nan 
19.875, 79.375, 1.6923626365642673e-21, nan 
20.125, 79.375, 1.4025734360596375e-21, nan 
20.375, 79.375, 1.308730533759176e-21, nan 
20.625, 79.375, 1.389187647451706e-21, nan 
20.875, 79.375, 1.2292783709057571e-21, nan 
21.125, 79.375, 1.2670917229554813e-21, nan 
21.375, 79.375, 1.303331311628146e-21, nan 
21.625, 79.375, 1.0935098318106498e-21, nan 
21.875, 79.375, 1.2796114846557011e-21, nan 
22.125, 79.375, 1.6529845580574939e-21, nan 
22.375, 79.375, 2.0690376141076404e-21, nan 
22.625, 79.375, 4.532214981647713e-21, nan 
22.875, 79.375, 1.3344317344453372e-20, nan 
23.125, 79.375, 1.2799553888149958e-20, nan 
23.375, 79.375, 1.4040317427497443e-20, nan 
23.625, 79.375, 1.395579633033397e-20, nan 
23.875, 79.375, 1.3011038259902266e-20, nan 
24.125, 79.375, 1.3263157594408193e-20, nan 
24.375, 79.375, 1.2950823012636377e-20, nan 
24.625, 79.375, 1.2137119850639503e-20, nan 
24.875, 79.375, 1.0337318044453041e-20, nan 
25.125, 79.375, 1.0281295291968758e-20, nan 
25.375, 79.375, 1.0261281685850412e-20, nan 
25.625, 79.375, 9.079817657071668e-21, nan 
25.875, 79.375, 8.251300426935872e-21, nan 
26.125, 79.375, 1.1220835009399018e-20, nan 
26.375, 79.375, 1.157427443607717e-20, nan 
26.625, 79.375, 1.1834047486768023e-20, nan 
26.875, 79.375, 1.0239909040383417e-20, nan 
27.125, 79.375, 8.40354408375148e-21, nan 
27.375, 79.375, 6.482729239068309e-21, nan 
27.625, 79.375, 6.089071889489919e-21, nan 
27.875, 79.375, 5.844354487224927e-21, nan 
28.125, 79.375, 4.987326537661848e-21, nan 
28.375, 79.375, 3.786853985612027e-21, nan 
28.625, 79.375, 3.0299063384939556e-21, nan 
28.875, 79.375, 2.6729726594184385e-21, nan 
29.125, 79.375, 2.282288712376993e-21, nan 
29.375, 79.375, 2.073456379767805e-21, nan 
29.625, 79.375, 1.9134266874185354e-21, nan 
29.875, 79.375, 1.3887096474056857e-21, nan 
30.125, 79.375, 1.3017680089981413e-21, nan 
30.375, 79.375, 1.4491973097585061e-21, nan 
30.625, 79.375, 1.6825609087262174e-21, nan 
30.875, 79.375, 1.4776703395890831e-21, nan 
31.125, 79.375, 1.2530933534426574e-21, nan 
31.375, 79.375, 1.1418159715806911e-21, nan 
31.625, 79.375, 1.0492577585678138e-21, nan 
31.875, 79.375, 8.643687474414182e-22, nan 
32.125, 79.375, 7.777744402507396e-22, nan 
32.375, 79.375, 7.932856486211231e-22, nan 
32.625, 79.375, 6.896946074337792e-22, nan 
32.875, 79.375, 7.030856147688092e-22, nan 
33.125, 79.375, 6.063134353779459e-22, nan 
33.375, 79.375, 5.974943866004272e-22, nan 
33.625, 79.375, 5.108722178485778e-22, nan 
33.875, 79.375, 4.672238567270046e-22, nan 
34.125, 79.375, 4.316673205504471e-22, nan 
34.375, 79.375, 4.5344774858783e-22, nan 
34.625, 79.375, 4.24530684926206e-22, nan 
34.875, 79.375, 3.917736089375241e-22, nan 
35.125, 79.375, 4.296833927254896e-22, nan 
35.375, 79.375, 3.718884919396794e-22, nan 
35.625, 79.375, 2.919609369234091e-22, nan 
35.875, 79.375, 1.7249542879653664e-22, nan 
36.125, 79.375, 1.31679113953251e-22, nan 
36.375, 79.375, 3.031877117263013e-22, nan 
36.625, 79.375, 3.787628531556059e-22, nan 
36.875, 79.375, 4.2606561811570075e-22, nan 
37.125, 79.375, 3.9331339732464013e-22, nan 
37.375, 79.375, 5.307639622060408e-22, nan 
37.625, 79.375, 5.410835128364937e-22, nan 
37.875, 79.375, 5.480363195101089e-22, nan 
38.125, 79.375, 5.714033548983299e-22, nan 
38.375, 79.375, 4.7469312634035035e-22, nan 
38.625, 79.375, 4.395971008430497e-22, nan 
38.875, 79.375, 4.448684246726445e-22, nan 
39.125, 79.375, 3.9074780002974577e-22, nan 
39.375, 79.375, 3.7187983445055892e-22, nan 
39.625, 79.375, 3.041237715891867e-22, nan 
39.875, 79.375, 2.921355461129729e-22, nan 
40.125, 79.375, 1.8863694938873787e-22, nan 
40.375, 79.375, 2.0436862878264557e-22, nan 
40.625, 79.375, 2.365277563306859e-22, nan 
40.875, 79.375, 1.7038926060112806e-22, nan 
41.125, 79.375, 1.1119496547843653e-22, nan 
41.375, 79.375, 7.155595610212312e-23, nan 
41.625, 79.375, 6.8603560134352e-23, nan 
41.875, 79.375, 6.171757289326001e-23, nan 
42.125, 79.375, 5.126473024059646e-23, nan 
42.375, 79.375, 3.4663137103716893e-23, nan 
42.625, 79.375, 7.976922320490012e-23, nan 
42.875, 79.375, 7.003668206254504e-23, nan 
43.125, 79.375, 4.9106086086057497e-23, nan 
43.375, 79.375, 5.149197013269295e-23, nan 
43.625, 79.375, 4.8948904667329364e-23, nan 
43.875, 79.375, 4.9007033619338176e-23, nan 
44.125, 79.375, 5.213405448605043e-23, nan 
44.375, 79.375, 8.241703545062404e-23, nan 
44.625, 79.375, 3.6886687004211365e-23, nan 
44.875, 79.375, 3.958725548693951e-23, nan 
45.125, 79.375, 3.459175725649998e-23, nan 
45.375, 79.375, 6.045094203773697e-23, nan 
45.625, 79.375, 1.1255037945848093e-22, nan 
45.875, 79.375, 7.89780849853251e-23, nan 
46.125, 79.375, 7.581931690470257e-23, nan 
46.375, 79.375, 8.199574028741634e-23, nan 
46.625, 79.375, 1.0086111760468022e-22, nan 
46.875, 79.375, 1.43325023842286e-22, nan 
47.125, 79.375, 1.230694627569087e-22, nan 
47.375, 79.375, 1.228016698878934e-22, nan 
47.625, 79.375, 1.4309846596042469e-22, nan 
47.875, 79.375, 1.3379577935875958e-22, nan 
48.125, 79.375, 1.463248935512846e-22, nan 
48.375, 79.375, 1.4332231259518378e-22, nan 
48.625, 79.375, 1.5780759990858333e-22, nan 
48.875, 79.375, 1.9568154817715546e-22, nan 
49.125, 79.375, 2.010285728418683e-22, nan 
49.375, 79.375, 2.1517140435052255e-22, nan 
49.625, 79.375, 2.0821256288012349e-22, nan 
49.875, 79.375, 1.6021322899513511e-22, nan 
50.125, 79.375, 1.4634672407772957e-22, nan 
50.375, 79.375, 1.4045041651268676e-22, nan 
50.625, 79.375, 1.6409422770912285e-22, nan 
50.875, 79.375, 1.6770110096311456e-22, nan 
51.125, 79.375, 1.5310691691953483e-22, nan 
51.375, 79.375, 1.2663650742086093e-22, nan 
51.625, 79.375, 8.53976611617526e-23, nan 
51.875, 79.375, 5.858585873504773e-23, nan 
52.125, 79.375, 6.707249241800352e-23, nan 
52.375, 79.375, 1.3000772546457186e-23, nan 
52.625, 79.375, 5.334348570953272e-23, nan 
52.875, 79.375, 3.9060781518260085e-23, nan 
53.125, 79.375, 8.333144393410898e-23, nan 
53.375, 79.375, 6.355287422951194e-23, nan 
53.625, 79.375, 4.382573482123685e-23, nan 
53.875, 79.375, 3.9939857113228205e-23, nan 
54.125, 79.375, 4.2252164903319686e-23, nan 
54.375, 79.375, 4.571572902531818e-23, nan 
54.625, 79.375, 3.4567747670183014e-23, nan 
54.875, 79.375, 3.026728196040788e-23, nan 
55.125, 79.375, 3.867832492008057e-23, nan 
55.375, 79.375, 4.3701237123370354e-23, nan 
55.625, 79.375, 3.115447134817833e-23, nan 
55.875, 79.375, 2.2255429668699147e-23, nan 
56.125, 79.375, 3.877989810087596e-23, nan 
56.375, 79.375, 3.8128259285682025e-23, nan 
56.625, 79.375, 3.237419999999964e-23, nan 
56.875, 79.375, 3.1594677583160075e-23, nan 
57.125, 79.375, 2.736024537232129e-23, nan 
57.375, 79.375, 3.9551919653597183e-23, nan 
57.625, 79.375, 1.3992495564720656e-22, nan 
57.875, 79.375, 1.287801667988635e-22, nan 
58.125, 79.375, 1.2962832154521276e-22, nan 
58.375, 79.375, 1.385688101441599e-22, nan 
58.625, 79.375, 1.31690381428236e-22, nan 
58.875, 79.375, 1.798890963254758e-22, nan 
59.125, 79.375, 1.607964603329049e-22, nan 
59.375, 79.375, 1.6635091561105441e-22, nan 
59.625, 79.375, 1.8447855796604955e-22, nan 
59.875, 79.375, 1.9781383750512788e-22, nan 
60.125, 79.375, 2.3753740455941843e-22, nan 
60.375, 79.375, 3.103171917462185e-22, nan 
60.625, 79.375, 3.6646810095521917e-22, nan 
60.875, 79.375, 4.699744042857264e-22, nan 
61.125, 79.375, 6.399878421195291e-22, nan 
61.375, 79.375, 5.121414518939857e-22, nan 
61.625, 79.375, 3.427333747406761e-22, nan 
61.875, 79.375, 1.6919898895597062e-22, nan 
62.125, 79.375, 1.6472278840172266e-22, nan 
62.375, 79.375, 1.369888671494953e-22, nan 
62.625, 79.375, 1.2977414701444422e-22, nan 
62.875, 79.375, 1.2577198582885233e-22, nan 
63.125, 79.375, 1.3847336896392962e-22, nan 
63.375, 79.375, 1.2914081251660511e-22, nan 
63.625, 79.375, 1.231897019772253e-22, nan 
63.875, 79.375, 1.1838994459134264e-22, nan 
64.125, 79.375, 9.847463162839785e-23, nan 
64.375, 79.375, 8.873737741101208e-23, nan 
64.625, 79.375, 6.793784971783584e-23, nan 
64.875, 79.375, 6.348328581336023e-23, nan 
65.125, 79.375, 5.74264405899944e-23, nan 
65.375, 79.375, 6.97370707614051e-23, nan 
65.625, 79.375, 5.658434236168544e-23, nan 
65.875, 79.375, 5.796323222244013e-23, nan 
66.125, 79.375, 5.502187416252817e-23, nan 
66.375, 79.375, 3.8946062604722805e-23, nan 
66.625, 79.375, 4.674892579303925e-23, nan 
66.875, 79.375, 4.685373351819429e-23, nan 
67.125, 79.375, 4.2580807933830207e-23, nan 
67.375, 79.375, 3.4615843933631506e-23, nan 
67.625, 79.375, 3.672755636133752e-23, nan 
67.875, 79.375, 2.961784473760658e-23, nan 
68.125, 79.375, 2.029694759898292e-23, nan 
68.375, 79.375, 2.2988743067884535e-23, nan 
68.625, 79.375, 2.4477949517935102e-23, nan 
68.875, 79.375, 3.2353577332467044e-23, nan 
69.125, 79.375, 2.7171825856019634e-23, nan 
69.375, 79.375, 2.2921212572778287e-23, nan 
69.625, 79.375, 2.077561699085858e-23, nan 
69.875, 79.375, 2.443109409169718e-23, nan 
70.125, 79.375, 1.9276538290885283e-23, nan 
70.375, 79.375, 1.6958510050251017e-23, nan 
70.625, 79.375, 1.505575585900741e-23, nan 
70.875, 79.375, 1.8511673777268057e-23, nan 
71.125, 79.375, 1.701471697118013e-23, nan 
71.375, 79.375, 1.4490643494535803e-23, nan 
71.625, 79.375, 6.005469574512129e-24, nan 
71.875, 79.375, 1.2701303451537927e-23, nan 
72.125, 79.375, 1.2566723652183877e-23, nan 
72.375, 79.375, 9.638006143939344e-24, nan 
72.625, 79.375, 8.713411198655726e-24, nan 
72.875, 79.375, 8.382041850209572e-24, nan 
73.125, 79.375, 1.3569838371865964e-23, nan 
73.375, 79.375, 1.6257267846227123e-23, nan 
73.625, 79.375, 1.4385170481141556e-23, nan 
73.875, 79.375, 8.70843269458976e-24, nan 
74.125, 79.375, 7.308153083616849e-24, nan 
74.375, 79.375, 9.38279924001426e-24, nan 
74.625, 79.375, 1.161908452520668e-23, nan 
74.875, 79.375, 7.334893435148572e-24, nan 
75.125, 79.375, 9.802321041553207e-24, nan 
75.375, 79.375, 9.573349400254362e-24, nan 
75.625, 79.375, 1.4834083238996837e-23, nan 
75.875, 79.375, 9.51249939133259e-24, nan 
76.125, 79.375, 9.614043850902638e-24, nan 
76.375, 79.375, 1.5494531349421313e-23, nan 
76.625, 79.375, 1.6107103985541914e-23, nan 
76.875, 79.375, 1.7230994390752322e-23, nan 
77.125, 79.375, 8.68989988581174e-24, nan 
77.375, 79.375, 4.8541420729893475e-24, nan 
77.625, 79.375, 6.357052453841085e-24, nan 
77.875, 79.375, 8.810431158584933e-24, nan 
78.125, 79.375, 9.963594573485849e-24, nan 
78.375, 79.375, 7.782900874278504e-24, nan 
78.625, 79.375, 8.849624287458179e-24, nan 
78.875, 79.375, 6.989650683198892e-24, nan 
79.125, 79.375, 9.888524888443198e-24, nan 
79.375, 79.375, 1.0844061670836873e-23, nan 
79.625, 79.375, 1.338591887586469e-23, nan 
79.875, 79.375, 1.4444648429053267e-23, nan 
80.125, 79.375, 8.215408083505168e-24, nan 
80.375, 79.375, 6.435087480774711e-24, nan 
80.625, 79.375, 9.542972732207723e-24, nan 
80.875, 79.375, 1.0163168126920512e-23, nan 
81.125, 79.375, 6.379557153700452e-24, nan 
81.375, 79.375, 4.8893226295491895e-24, nan 
81.625, 79.375, 5.227893963218919e-24, nan 
81.875, 79.375, 1.1910386178430872e-24, nan 
82.125, 79.375, 3.986549186506637e-24, nan 
82.375, 79.375, 6.719392848892354e-24, nan 
82.625, 79.375, 6.457499916030164e-24, nan 
82.875, 79.375, 5.3549719369297905e-24, nan 
83.125, 79.375, 4.192952754216634e-24, nan 
83.375, 79.375, 2.2764075835921665e-24, nan 
83.625, 79.375, 9.156131776604295e-24, nan 
83.875, 79.375, 6.880030670926757e-24, nan 
84.125, 79.375, 8.62183328562531e-24, nan 
84.375, 79.375, 7.712500723862632e-24, nan 
84.625, 79.375, 2.4375546207876243e-24, nan 
84.875, 79.375, 1.0945181229822793e-23, nan 
85.125, 79.375, 6.332188917664693e-24, nan 
85.375, 79.375, 1.0327365156136722e-23, nan 
85.625, 79.375, 7.110602416918308e-24, nan 
85.875, 79.375, 5.173976012711075e-24, nan 
86.125, 79.375, 6.49761792500623e-24, nan 
86.375, 79.375, 3.669546129848724e-24, nan 
86.625, 79.375, 4.866992732989419e-24, nan 
86.875, 79.375, 4.436795539789363e-24, nan 
87.125, 79.375, 3.405266981974577e-24, nan 
87.375, 79.375, 3.106675912038028e-24, nan 
87.625, 79.375, 2.5414288794477845e-24, nan 
87.875, 79.375, 2.5499373091938855e-24, nan 
88.125, 79.375, 4.3358443727846704e-24, nan 
88.375, 79.375, 4.4659241817163166e-24, nan 
88.625, 79.375, 3.698108128969778e-24, nan 
88.875, 79.375, 4.584746280250245e-24, nan 
89.125, 79.375, 3.402350245035738e-24, nan 
89.375, 79.375, 6.089249825103626e-24, nan 
89.625, 79.375, 6.123369439514167e-24, nan 
89.875, 79.375, 4.539356148054293e-24, nan 
90.125, 79.375, 3.563790470734723e-24, nan 
90.375, 79.375, 4.78681919767166e-24, nan 
90.625, 79.375, 4.8743108112096725e-24, nan 
90.875, 79.375, 5.4806018583488145e-24, nan 
91.125, 79.375, 4.071401764659967e-24, nan 
91.375, 79.375, 3.037402045788389e-24, nan 
91.625, 79.375, 3.7610192705794485e-24, nan 
91.875, 79.375, 4.565669909296751e-24, nan 
92.125, 79.375, 4.78478809283356e-24, nan 
92.375, 79.375, 2.8356569271837035e-24, nan 
92.625, 79.375, 5.4718027487569834e-24, nan 
92.875, 79.375, 7.584529068789189e-24, nan 
93.125, 79.375, 6.653539596490314e-24, nan 
93.375, 79.375, 4.760508834446822e-24, nan 
93.625, 79.375, 4.537755977408273e-24, nan 
93.875, 79.375, 3.832792388731044e-24, nan 
94.125, 79.375, 2.9226782637012806e-24, nan 
94.375, 79.375, 3.1545808883601402e-24, nan 
94.625, 79.375, 3.0579303865247918e-24, nan 
94.875, 79.375, 4.5375281800532386e-24, nan 
95.125, 79.375, 4.816373824183264e-24, nan 
95.375, 79.375, 3.4509570232901966e-24, nan 
95.625, 79.375, 5.125698251531374e-24, nan 
95.875, 79.375, 2.8554647539777456e-24, nan 
96.125, 79.375, 3.607246636409666e-24, nan 
96.375, 79.375, 3.482295563567149e-24, nan 
96.625, 79.375, 2.434424288633922e-24, nan 
96.875, 79.375, 4.0784865086829195e-24, nan 
97.125, 79.375, 3.375918842086421e-24, nan 
97.375, 79.375, 3.236899112228454e-24, nan 
97.625, 79.375, 2.1445332968933334e-24, nan 
97.875, 79.375, 3.1031837218085777e-24, nan 
98.125, 79.375, 3.775969752498905e-24, nan 
98.375, 79.375, 4.308608145530735e-24, nan 
98.625, 79.375, 5.318551482181535e-24, nan 
98.875, 79.375, 4.125279211151602e-24, nan 
99.125, 79.375, 4.5017593634836485e-24, nan 
99.375, 79.375, 4.094636968664917e-24, nan 
99.625, 79.375, 4.234907941785485e-24, nan 
99.875, 79.375, 4.539680735524614e-24, nan 
100.125, 79.375, 4.028955045165308e-24, nan 
100.375, 79.375, 4.207356631789599e-24, nan 
100.625, 79.375, 3.825013149126547e-24, nan 
100.875, 79.375, 3.702894611879718e-24, nan 
101.125, 79.375, 3.259874228055182e-24, nan 
101.375, 79.375, 3.1505754492556434e-24, nan 
101.625, 79.375, 4.0196987103635995e-24, nan 
101.875, 79.375, 3.459682796182462e-24, nan 
102.125, 79.375, 7.797217838632738e-24, nan 
102.375, 79.375, 8.130961505958564e-24, nan 
102.625, 79.375, 7.781155043600629e-24, nan 
102.875, 79.375, 5.918401339494584e-24, nan 
103.125, 79.375, 3.3521323964848184e-24, nan 
103.375, 79.375, 1.209670461250516e-23, nan 
103.625, 79.375, 1.373142728215148e-23, nan 
103.875, 79.375, 1.2754877348325774e-23, nan 
104.125, 79.375, 7.812347013570837e-24, nan 
104.375, 79.375, 4.869670837750276e-24, nan 
104.625, 79.375, 5.61994486686978e-24, nan 
104.875, 79.375, 7.67470614161406e-24, nan 
105.125, 79.375, 6.591398471221162e-24, nan 
105.375, 79.375, 2.6933412091770055e-24, nan 
105.625, 79.375, 3.0279183417034576e-24, nan 
105.875, 79.375, 3.0634504153156336e-24, nan 
106.125, 79.375, 3.414852302232526e-24, nan 
106.375, 79.375, 3.784902362606929e-24, nan 
106.625, 79.375, 4.8842188717571725e-24, nan 
106.875, 79.375, 5.9710411193235005e-24, nan 
107.125, 79.375, 3.77447465938829e-24, nan 
107.375, 79.375, 2.861435728653665e-24, nan 
107.625, 79.375, 4.8279925142282116e-24, nan 
107.875, 79.375, 5.0329101064189505e-24, nan 
108.125, 79.375, 4.857022966679194e-24, nan 
108.375, 79.375, 3.178526865304337e-24, nan 
108.625, 79.375, 2.7198727310568878e-24, nan 
108.875, 79.375, 2.7760106509596207e-24, nan 
109.125, 79.375, 2.3839594893126743e-24, nan 
109.375, 79.375, 4.870063419533824e-24, nan 
109.625, 79.375, 1.0870804997854766e-23, nan 
109.875, 79.375, 7.974511295585455e-24, nan 
110.125, 79.375, 8.131816204012762e-24, nan 
110.375, 79.375, 9.893176761264091e-24, nan 
110.625, 79.375, 1.0210626112508635e-23, nan 
110.875, 79.375, 1.4909265366205004e-23, nan 
111.125, 79.375, 1.2190084994429376e-23, nan 
111.375, 79.375, 1.2220497342105086e-23, nan 
111.625, 79.375, 1.1297502513116839e-23, nan 
111.875, 79.375, 1.0241940739865706e-23, nan 
112.125, 79.375, 9.547488526623499e-24, nan 
112.375, 79.375, 7.454299349467831e-24, nan 
112.625, 79.375, 8.17318210569666e-24, nan 
112.875, 79.375, 6.474148222005499e-24, nan 
113.125, 79.375, 7.99973766850335e-24, nan 
113.375, 79.375, 6.3467115106021906e-24, nan 
113.625, 79.375, 7.045513022615874e-24, nan 
113.875, 79.375, 7.12213972855181e-24, nan 
114.125, 79.375, 7.366421175339022e-24, nan 
114.375, 79.375, 7.708779382068838e-24, nan 
114.625, 79.375, 8.716368406711375e-24, nan 
114.875, 79.375, 8.62495754508713e-24, nan 
115.125, 79.375, 8.108348710706675e-24, nan 
115.375, 79.375, 7.38711464247585e-24, nan 
115.625, 79.375, 7.552349950784339e-24, nan 
115.875, 79.375, 9.328615549064512e-24, nan 
116.125, 79.375, 1.3007935920934359e-23, nan 
116.375, 79.375, 1.215734335120863e-23, nan 
116.625, 79.375, 7.541175010510314e-24, nan 
116.875, 79.375, 7.165894887224815e-24, nan 
117.125, 79.375, 8.077903137816643e-24, nan 
117.375, 79.375, 9.437229097071562e-24, nan 
117.625, 79.375, 8.968911342806427e-24, nan 
117.875, 79.375, 7.509654096701892e-24, nan 
118.125, 79.375, 6.815562671220119e-24, nan 
118.375, 79.375, 5.3219720120710686e-24, nan 
118.625, 79.375, 4.803118669007644e-24, nan 
118.875, 79.375, 4.610924932609486e-24, nan 
119.125, 79.375, 5.0816913114907555e-24, nan 
119.375, 79.375, 4.882419897143016e-24, nan 
119.625, 79.375, 4.589576737606035e-24, nan 
119.875, 79.375, 5.561535829768082e-24, nan 
120.125, 79.375, 5.162068584546264e-24, nan 
120.375, 79.375, 5.054624627494146e-24, nan 
120.625, 79.375, 4.7832949491526596e-24, nan 
120.875, 79.375, 6.41259503384732e-24, nan 
121.125, 79.375, 7.179786879079851e-24, nan 
121.375, 79.375, 6.0523425085185394e-24, nan 
121.625, 79.375, 6.4692152047813826e-24, nan 
121.875, 79.375, 6.4872240335667596e-24, nan 
122.125, 79.375, 6.65939600765169e-24, nan 
122.375, 79.375, 7.759685963575563e-24, nan 
122.625, 79.375, 6.14370174175056e-24, nan 
122.875, 79.375, 6.778060167266247e-24, nan 
123.125, 79.375, 7.537841689639511e-24, nan 
123.375, 79.375, 5.886079709934929e-24, nan 
123.625, 79.375, 4.663872499108075e-24, nan 
123.875, 79.375, 4.659915406476866e-24, nan 
124.125, 79.375, 5.595107487740673e-24, nan 
124.375, 79.375, 6.365351878574249e-24, nan 
124.625, 79.375, 5.4810745971699855e-24, nan 
124.875, 79.375, 4.790048214278566e-24, nan 
125.125, 79.375, 4.20289744332197e-24, nan 
125.375, 79.375, 4.214547285735351e-24, nan 
125.625, 79.375, 4.122195347935946e-24, nan 
125.875, 79.375, 3.883294190664822e-24, nan 
126.125, 79.375, 3.372440565402152e-24, nan 
126.375, 79.375, 4.128453156402861e-24, nan 
126.625, 79.375, 3.5658974396725406e-24, nan 
126.875, 79.375, 2.272151652470516e-24, nan 
127.125, 79.375, 2.4306299898148358e-24, nan 
127.375, 79.375, 3.812559039658716e-24, nan 
127.625, 79.375, 3.3653850262935194e-24, nan 
127.875, 79.375, 3.9766414263477576e-24, nan 
128.125, 79.375, 3.957277363851303e-24, nan 
128.375, 79.375, 4.068324526072238e-24, nan 
128.625, 79.375, 5.618886212568796e-24, nan 
128.875, 79.375, 6.387363595350102e-24, nan 
129.125, 79.375, 7.29933544636423e-24, nan 
129.375, 79.375, 6.98969472715413e-24, nan 
129.625, 79.375, 8.316608073352665e-24, nan 
129.875, 79.375, 8.715221671805863e-24, nan 
130.125, 79.375, 7.423450195718157e-24, nan 
130.375, 79.375, 6.3667987468132984e-24, nan 
130.625, 79.375, 4.663380331218941e-24, nan 
130.875, 79.375, 1.939819579793146e-24, nan 
131.125, 79.375, 2.504096458607955e-24, nan 
131.375, 79.375, 1.8852727445776593e-24, nan 
131.625, 79.375, 7.892183763319887e-25, nan 
131.875, 79.375, 1.3503619974678146e-24, nan 
132.125, 79.375, 1.4429712936087094e-24, nan 
132.375, 79.375, 1.7838033458827757e-24, nan 
132.625, 79.375, 2.578670784572025e-24, nan 
132.875, 79.375, 3.46022654541511e-24, nan 
133.125, 79.375, 3.5725138138064554e-24, nan 
133.375, 79.375, 2.9185685875446483e-24, nan 
133.625, 79.375, 2.5264082965062717e-24, nan 
133.875, 79.375, 2.156416385197819e-24, nan 
134.125, 79.375, 3.419758652646227e-24, nan 
134.375, 79.375, 3.148499589213469e-24, nan 
134.625, 79.375, 3.1298752657707283e-24, nan 
134.875, 79.375, 2.2600800360116813e-24, nan 
135.125, 79.375, 1.5991226663060754e-24, nan 
135.375, 79.375, 1.909259697537881e-24, nan 
135.625, 79.375, 2.2532861052527588e-24, nan 
135.875, 79.375, 3.269154509463001e-24, nan 
136.125, 79.375, 2.5371173634732817e-24, nan 
136.375, 79.375, 1.946899844987099e-24, nan 
136.625, 79.375, 1.472775954828543e-24, nan 
136.875, 79.375, 1.7929783765533794e-24, nan 
137.125, 79.375, 2.660867441617157e-24, nan 
137.375, 79.375, 1.544103683982949e-24, nan 
137.625, 79.375, 1.4775049402065763e-24, nan 
137.875, 79.375, 1.1492170319602791e-24, nan 
138.125, 79.375, 1.6198105306874128e-24, nan 
138.375, 79.375, 1.9115416931088338e-24, nan 
138.625, 79.375, 2.987319297373588e-24, nan 
138.875, 79.375, 3.807156655894436e-24, nan 
139.125, 79.375, 2.579778458849428e-24, nan 
139.375, 79.375, 5.231459213604485e-24, nan 
139.625, 79.375, 2.8096955313757452e-24, nan 
139.875, 79.375, 2.9572760576219386e-24, nan 
140.125, 79.375, 4.019278409183633e-24, nan 
140.375, 79.375, 3.139154076709057e-24, nan 
140.625, 79.375, 3.471601213898382e-24, nan 
140.875, 79.375, 3.665997714473782e-24, nan 
141.125, 79.375, 3.1651034003972947e-24, nan 
141.375, 79.375, 2.78043131408639e-24, nan 
141.625, 79.375, 2.907079706293127e-24, nan 
141.875, 79.375, 2.8862248732203015e-24, nan 
142.125, 79.375, 2.8678627323502253e-24, nan 
142.375, 79.375, 3.0833174024476864e-24, nan 
142.625, 79.375, 3.327639580364088e-24, nan 
142.875, 79.375, 3.509675471415812e-24, nan 
143.125, 79.375, 2.896530470670899e-24, nan 
143.375, 79.375, 2.924839032574041e-24, nan 
143.625, 79.375, 2.6032437938505985e-24, nan 
143.875, 79.375, 2.6444439858750837e-24, nan 
144.125, 79.375, 3.0953582431355583e-24, nan 
144.375, 79.375, 3.1945476304489276e-24, nan 
144.625, 79.375, 2.9686428548248555e-24, nan 
144.875, 79.375, 2.962098944736091e-24, nan 
145.125, 79.375, 3.34828140446487e-24, nan 
145.375, 79.375, 4.095493777106303e-24, nan 
145.625, 79.375, 3.706208220479402e-24, nan 
145.875, 79.375, 3.506838987742526e-24, nan 
146.125, 79.375, 3.077125880341196e-24, nan 
146.375, 79.375, 3.0973910974013862e-24, nan 
146.625, 79.375, 3.4505920966738635e-24, nan 
146.875, 79.375, 2.8671702757515654e-24, nan 
147.125, 79.375, 3.4173869707827084e-24, nan 
147.375, 79.375, 2.8051553848005994e-24, nan 
147.625, 79.375, 2.2934141415018567e-24, nan 
147.875, 79.375, 1.45899669295093e-24, nan 
148.125, 79.375, 5.041762461590985e-25, nan 
148.375, 79.375, 2.2150874085833464e-24, nan 
148.625, 79.375, 2.27787076405196e-24, nan 
148.875, 79.375, 2.4919234560553542e-24, nan 
149.125, 79.375, 2.097156346869764e-24, nan 
149.375, 79.375, 1.1429665138250972e-24, nan 
149.625, 79.375, 1.0568969813659165e-24, nan 
149.875, 79.375, 1.8756407250727237e-24, nan 
150.125, 79.375, 2.0404951120366558e-24, nan 
150.375, 79.375, 2.5995541774946687e-24, nan 
150.625, 79.375, 2.413253767710349e-24, nan 
150.875, 79.375, 2.237884853893951e-24, nan 
151.125, 79.375, 2.2058180784186538e-24, nan 
151.375, 79.375, 1.7120878790369666e-24, nan 
151.625, 79.375, 3.011819504962624e-24, nan 
151.875, 79.375, 3.479458676526368e-24, nan 
152.125, 79.375, 4.1385444123881114e-24, nan 
152.375, 79.375, 4.3248417936302974e-24, nan 
152.625, 79.375, 4.131218551136961e-24, nan 
152.875, 79.375, 3.371427180522378e-24, nan 
153.125, 79.375, 2.876044055664445e-24, nan 
153.375, 79.375, 3.307804423859897e-24, nan 
153.625, 79.375, 3.4263800848529374e-24, nan 
153.875, 79.375, 3.2038357638038744e-24, nan 
154.125, 79.375, 1.9022416748818446e-24, nan 
154.375, 79.375, 7.992537314413143e-25, nan 
154.625, 79.375, 1.0733441991264436e-24, nan 
154.875, 79.375, 1.719433963214531e-24, nan 
155.125, 79.375, 2.061859381755329e-24, nan 
155.375, 79.375, 2.27690681081173e-24, nan 
155.625, 79.375, 1.971491830883513e-24, nan 
155.875, 79.375, 2.489244768802093e-24, nan 
156.125, 79.375, 2.6166308249654594e-24, nan 
156.375, 79.375, 2.886227647324411e-24, nan 
156.625, 79.375, 2.6885062665823507e-24, nan 
156.875, 79.375, 3.625201182971936e-24, nan 
157.125, 79.375, 4.348641800451235e-24, nan 
157.375, 79.375, 4.342697999225573e-24, nan 
157.625, 79.375, 3.823377296178342e-24, nan 
157.875, 79.375, 5.1162203824605126e-24, nan 
158.125, 79.375, 3.906542611021023e-24, nan 
158.375, 79.375, 4.634062371669226e-24, nan 
158.625, 79.375, 3.5858763014900494e-24, nan 
158.875, 79.375, 2.9669689914415493e-24, nan 
159.125, 79.375, 4.413106103855417e-24, nan 
159.375, 79.375, 5.9562574118079335e-24, nan 
159.625, 79.375, 6.0274342740689924e-24, nan 
159.875, 79.375, 2.745506364778325e-24, nan 
160.125, 79.375, 1.2904813010972952e-24, nan 
160.375, 79.375, 2.367181237899889e-24, nan 
160.625, 79.375, 2.213458248787828e-24, nan 
160.875, 79.375, 2.627989953196754e-24, nan 
161.125, 79.375, 2.1370847876326603e-24, nan 
161.375, 79.375, 3.044163178274224e-24, nan 
161.625, 79.375, 2.8362487094649866e-24, nan 
161.875, 79.375, 1.723818853428829e-24, nan 
162.125, 79.375, 2.270799700723324e-24, nan 
162.375, 79.375, 2.6179034573480143e-24, nan 
162.625, 79.375, 2.6871246938817273e-24, nan 
162.875, 79.375, 2.2770247736064324e-24, nan 
163.125, 79.375, 1.633915399023673e-24, nan 
163.375, 79.375, 2.475474625904183e-24, nan 
163.625, 79.375, 2.2551908887531285e-24, nan 
163.875, 79.375, 3.14525723477605e-24, nan 
164.125, 79.375, 3.31849593112173e-24, nan 
164.375, 79.375, 3.39540152056213e-24, nan 
164.625, 79.375, 2.0936175135144807e-24, nan 
164.875, 79.375, 1.8136348969030513e-24, nan 
165.125, 79.375, 2.6951445257216e-24, nan 
165.375, 79.375, 3.35882672872729e-24, nan 
165.625, 79.375, 2.6703732398175404e-24, nan 
165.875, 79.375, 2.416849775986022e-24, nan 
166.125, 79.375, 2.585404912059557e-24, nan 
166.375, 79.375, 2.6757081869026018e-24, nan 
166.625, 79.375, 3.1620778601705385e-24, nan 
166.875, 79.375, 2.568195413682489e-24, nan 
167.125, 79.375, 1.929386712312161e-24, nan 
167.375, 79.375, 2.154147328052529e-24, nan 
167.625, 79.375, 1.851390913275718e-24, nan 
167.875, 79.375, 1.6305831475066425e-24, nan 
168.125, 79.375, 1.4461147100612662e-24, nan 
168.375, 79.375, 2.0583901508692966e-24, nan 
168.625, 79.375, 2.131447788251573e-24, nan 
168.875, 79.375, 2.704216847295255e-24, nan 
169.125, 79.375, 2.3262434990505037e-24, nan 
169.375, 79.375, 1.78188448365754e-24, nan 
169.625, 79.375, 2.0070843207217263e-24, nan 
169.875, 79.375, 1.7212691508280495e-24, nan 
170.125, 79.375, 2.430530463500698e-24, nan 
170.375, 79.375, 2.5895542593162486e-24, nan 
170.625, 79.375, 3.0333849178064583e-24, nan 
170.875, 79.375, 3.405140157316239e-24, nan 
171.125, 79.375, 2.8862355579684102e-24, nan 
171.375, 79.375, 3.032578778944466e-24, nan 
171.625, 79.375, 2.956813714051645e-24, nan 
171.875, 79.375, 2.2597242003065182e-24, nan 
172.125, 79.375, 2.4869436887590677e-24, nan 
172.375, 79.375, 3.958483821529827e-24, nan 
172.625, 79.375, 4.783409628797568e-24, nan 
172.875, 79.375, 4.47711365801539e-24, nan 
173.125, 79.375, 4.0297797871210855e-24, nan 
173.375, 79.375, 3.589052510845211e-24, nan 
173.625, 79.375, 4.7855022564104656e-24, nan 
173.875, 79.375, 6.385311346204919e-24, nan 
174.125, 79.375, 6.150119646970692e-24, nan 
174.375, 79.375, 6.4095148802509464e-24, nan 
174.625, 79.375, 6.040080916673806e-24, nan 
174.875, 79.375, 7.531718423273424e-24, nan 
175.125, 79.375, 6.206095149881556e-24, nan 
175.375, 79.375, 7.84386894495396e-24, nan 
175.625, 79.375, 6.819485723775742e-24, nan 
175.875, 79.375, 7.808355255438365e-24, nan 
176.125, 79.375, 8.046365258846815e-24, nan 
176.375, 79.375, 6.648983433280266e-24, nan 
176.625, 79.375, 6.761109279488815e-24, nan 
176.875, 79.375, 6.1525265250669724e-24, nan 
177.125, 79.375, 7.469773617932753e-24, nan 
177.375, 79.375, 7.94390175669247e-24, nan 
177.625, 79.375, 6.954545425210931e-24, nan 
177.875, 79.375, 6.0727608253067064e-24, nan 
178.125, 79.375, 7.185265086053335e-24, nan 
178.375, 79.375, 7.972617690289359e-24, nan 
178.625, 79.375, 7.793986602804162e-24, nan 
178.875, 79.375, 7.366746897853318e-24, nan 
179.125, 79.375, 7.781929693666219e-24, nan 
179.375, 79.375, 7.394289369847753e-24, nan 
179.625, 79.375, 9.027929182756096e-24, nan 
179.875, 79.375, 7.489644735741755e-24, nan 
-179.875, 79.625, 7.337203376455218e-24, nan 
-179.625, 79.625, 7.247181380512785e-24, nan 
-179.375, 79.625, 7.998411162896431e-24, nan 
-179.125, 79.625, 7.015864268045166e-24, nan 
-178.875, 79.625, 8.926538845591063e-24, nan 
-178.625, 79.625, 7.634684235186534e-24, nan 
-178.375, 79.625, 9.182693211591519e-24, nan 
-178.125, 79.625, 9.820967787433697e-24, nan 
-177.875, 79.625, 8.933325893164283e-24, nan 
-177.625, 79.625, 8.843846086908108e-24, nan 
-177.375, 79.625, 9.32800034130147e-24, nan 
-177.125, 79.625, 8.359573374790712e-24, nan 
-176.875, 79.625, 8.332642642964513e-24, nan 
-176.625, 79.625, 8.312491090282468e-24, nan 
-176.375, 79.625, 8.704316894973999e-24, nan 
-176.125, 79.625, 9.782460011697028e-24, nan 
-175.875, 79.625, 8.366716023979437e-24, nan 
-175.625, 79.625, 8.924704734211319e-24, nan 
-175.375, 79.625, 1.0113591636978553e-23, nan 
-175.125, 79.625, 8.144116705282141e-24, nan 
-174.875, 79.625, 8.77528095138873e-24, nan 
-174.625, 79.625, 8.899213608992261e-24, nan 
-174.375, 79.625, 8.080029247811296e-24, nan 
-174.125, 79.625, 9.56720669039463e-24, nan 
-173.875, 79.625, 8.249094113418629e-24, nan 
-173.625, 79.625, 8.921032081382248e-24, nan 
-173.375, 79.625, 9.210506020239377e-24, nan 
-173.125, 79.625, 8.839309086009176e-24, nan 
-172.875, 79.625, 9.275130933754187e-24, nan 
-172.625, 79.625, 8.275950694698425e-24, nan 
-172.375, 79.625, 1.0030161088945365e-23, nan 
-172.125, 79.625, 7.952907099033086e-24, nan 
-171.875, 79.625, 9.711939846720735e-24, nan 
-171.625, 79.625, 9.0779848702458e-24, nan 
-171.375, 79.625, 9.115503017129776e-24, nan 
-171.125, 79.625, 8.629441600984064e-24, nan 
-170.875, 79.625, 9.817483536830583e-24, nan 
-170.625, 79.625, 8.992850669118655e-24, nan 
-170.375, 79.625, 8.307056513553784e-24, nan 
-170.125, 79.625, 9.336687849883865e-24, nan 
-169.875, 79.625, 8.313655069876253e-24, nan 
-169.625, 79.625, 9.00219257495536e-24, nan 
-169.375, 79.625, 8.370768941394765e-24, nan 
-169.125, 79.625, 8.905288830645748e-24, nan 
-168.875, 79.625, 8.500351911406338e-24, nan 
-168.625, 79.625, 8.317173442415637e-24, nan 
-168.375, 79.625, 7.575917211934128e-24, nan 
-168.125, 79.625, 8.293658857338807e-24, nan 
-167.875, 79.625, 8.403193416881984e-24, nan 
-167.625, 79.625, 8.256199579538661e-24, nan 
-167.375, 79.625, 7.739218838487954e-24, nan 
-167.125, 79.625, 6.3917654130987216e-24, nan 
-166.875, 79.625, 8.850792430737524e-24, nan 
-166.625, 79.625, 7.279740656337566e-24, nan 
-166.375, 79.625, 7.760893924788368e-24, nan 
-166.125, 79.625, 6.496416375878404e-24, nan 
-165.875, 79.625, 7.304570595024278e-24, nan 
-165.625, 79.625, 8.303391635349189e-24, nan 
-165.375, 79.625, 8.392167128889303e-24, nan 
-165.125, 79.625, 8.108891583190001e-24, nan 
-164.875, 79.625, 7.479975260281285e-24, nan 
-164.625, 79.625, 7.783677172308847e-24, nan 
-164.375, 79.625, 7.353136009182993e-24, nan 
-164.125, 79.625, 7.073181979695747e-24, nan 
-163.875, 79.625, 8.131892832098141e-24, nan 
-163.625, 79.625, 7.218972604097904e-24, nan 
-163.375, 79.625, 7.571592907445896e-24, nan 
-163.125, 79.625, 7.390500945414876e-24, nan 
-162.875, 79.625, 6.028256155378935e-24, nan 
-162.625, 79.625, 7.358634011844112e-24, nan 
-162.375, 79.625, 7.032875934581666e-24, nan 
-162.125, 79.625, 7.13274048184712e-24, nan 
-161.875, 79.625, 8.242673341713288e-24, nan 
-161.625, 79.625, 6.722398392784333e-24, nan 
-161.375, 79.625, 7.494304728608712e-24, nan 
-161.125, 79.625, 7.838014815638533e-24, nan 
-160.875, 79.625, 7.555707129592794e-24, nan 
-160.625, 79.625, 7.232758900237376e-24, nan 
-160.375, 79.625, 7.195151419348544e-24, nan 
-160.125, 79.625, 7.401919788502606e-24, nan 
-159.875, 79.625, 8.289579386091547e-24, nan 
-159.625, 79.625, 7.257955662620293e-24, nan 
-159.375, 79.625, 8.659050679731937e-24, nan 
-159.125, 79.625, 7.516555487812446e-24, nan 
-158.875, 79.625, 8.020684769251462e-24, nan 
-158.625, 79.625, 7.451124167851499e-24, nan 
-158.375, 79.625, 8.372129995894476e-24, nan 
-158.125, 79.625, 7.690093001529527e-24, nan 
-157.875, 79.625, 7.695054315159389e-24, nan 
-157.625, 79.625, 7.14255690588229e-24, nan 
-157.375, 79.625, 7.729431322642603e-24, nan 
-157.125, 79.625, 7.989685536956522e-24, nan 
-156.875, 79.625, 8.297565498917559e-24, nan 
-156.625, 79.625, 8.155311518194097e-24, nan 
-156.375, 79.625, 7.174998171815094e-24, nan 
-156.125, 79.625, 7.961696495489837e-24, nan 
-155.875, 79.625, 7.321843838970356e-24, nan 
-155.625, 79.625, 8.657415059594819e-24, nan 
-155.375, 79.625, 1.1955539497480884e-23, nan 
-155.125, 79.625, 9.557620637162388e-24, nan 
-154.875, 79.625, 7.746917392755635e-24, nan 
-154.625, 79.625, 5.934531407691605e-24, nan 
-154.375, 79.625, 4.387750185130539e-24, nan 
-154.125, 79.625, 7.035896245218377e-24, nan 
-153.875, 79.625, 1.1886260189703028e-23, nan 
-153.625, 79.625, 8.972649253792657e-24, nan 
-153.375, 79.625, 4.778882850206249e-24, nan 
-153.125, 79.625, 7.194973041969473e-24, nan 
-152.875, 79.625, 8.031999571055067e-24, nan 
-152.625, 79.625, 7.388731509609187e-24, nan 
-152.375, 79.625, 8.71770582460894e-24, nan 
-152.125, 79.625, 7.96909220766094e-24, nan 
-151.875, 79.625, 8.68240622526553e-24, nan 
-151.625, 79.625, 8.305253925600527e-24, nan 
-151.375, 79.625, 9.39271473531741e-24, nan 
-151.125, 79.625, 9.724530888348508e-24, nan 
-150.875, 79.625, 9.267807051813257e-24, nan 
-150.625, 79.625, 9.179662200369792e-24, nan 
-150.375, 79.625, 1.0577714601765658e-23, nan 
-150.125, 79.625, 9.757078871252094e-24, nan 
-149.875, 79.625, 9.052476637289893e-24, nan 
-149.625, 79.625, 9.622877580923435e-24, nan 
-149.375, 79.625, 1.0387045865105328e-23, nan 
-149.125, 79.625, 1.1508975599664551e-23, nan 
-148.875, 79.625, 1.0913311946565821e-23, nan 
-148.625, 79.625, 1.0611661387523833e-23, nan 
-148.375, 79.625, 8.482903375089642e-24, nan 
-148.125, 79.625, 7.944142628708869e-24, nan 
-147.875, 79.625, 7.372678386141304e-24, nan 
-147.625, 79.625, 1.0875591176307697e-23, nan 
-147.375, 79.625, 1.4757798161206546e-23, nan 
-147.125, 79.625, 1.0626546692849917e-23, nan 
-146.875, 79.625, 1.0931622342014971e-23, nan 
-146.625, 79.625, 1.130234081904733e-23, nan 
-146.375, 79.625, 1.1028233014472695e-23, nan 
-146.125, 79.625, 1.2771230016795406e-23, nan 
-145.875, 79.625, 1.318970478961217e-23, nan 
-145.625, 79.625, 1.277801276917038e-23, nan 
-145.375, 79.625, 1.2512275535884002e-23, nan 
-145.125, 79.625, 1.3435662177051393e-23, nan 
-144.875, 79.625, 1.357501293291567e-23, nan 
-144.625, 79.625, 1.531554193372253e-23, nan 
-144.375, 79.625, 1.1829190986906476e-23, nan 
-144.125, 79.625, 1.4853337660302644e-23, nan 
-143.875, 79.625, 1.2996786203100582e-23, nan 
-143.625, 79.625, 1.4633743252096842e-23, nan 
-143.375, 79.625, 1.407936749090458e-23, nan 
-143.125, 79.625, 1.3625352149587576e-23, nan 
-142.875, 79.625, 1.400586866355566e-23, nan 
-142.625, 79.625, 1.5795194154338486e-23, nan 
-142.375, 79.625, 1.592588948348872e-23, nan 
-142.125, 79.625, 1.5714063961077772e-23, nan 
-141.875, 79.625, 1.4807223758044876e-23, nan 
-141.625, 79.625, 1.903695960649061e-23, nan 
-141.375, 79.625, 1.8574342888050456e-23, nan 
-141.125, 79.625, 2.1284435843724324e-23, nan 
-140.875, 79.625, 2.391896682603458e-23, nan 
-140.625, 79.625, 1.7300222413802268e-23, nan 
-140.375, 79.625, 2.7705428634783717e-23, nan 
-140.125, 79.625, 1.78752814285978e-23, nan 
-139.875, 79.625, 1.6799229610602623e-23, nan 
-139.625, 79.625, 1.8294586271688668e-23, nan 
-139.375, 79.625, 1.7320714989143588e-23, nan 
-139.125, 79.625, 1.988598540080455e-23, nan 
-138.875, 79.625, 1.6854739577775664e-23, nan 
-138.625, 79.625, 1.5577989368947597e-23, nan 
-138.375, 79.625, 1.6862479123156706e-23, nan 
-138.125, 79.625, 1.576840857647663e-23, nan 
-137.875, 79.625, 1.6226155373978058e-23, nan 
-137.625, 79.625, 1.5767978635910072e-23, nan 
-137.375, 79.625, 1.7548415084912703e-23, nan 
-137.125, 79.625, 1.8832769861040574e-23, nan 
-136.875, 79.625, 1.8404182777817556e-23, nan 
-136.625, 79.625, 1.6687206940933752e-23, nan 
-136.375, 79.625, 1.7683098605514193e-23, nan 
-136.125, 79.625, 1.927661393803169e-23, nan 
-135.875, 79.625, 1.906958600449155e-23, nan 
-135.625, 79.625, 1.8181783049913352e-23, nan 
-135.375, 79.625, 1.754527730478722e-23, nan 
-135.125, 79.625, 1.8266883760704494e-23, nan 
-134.875, 79.625, 2.2141877018759714e-23, nan 
-134.625, 79.625, 1.9244285107809135e-23, nan 
-134.375, 79.625, 2.0403316913698374e-23, nan 
-134.125, 79.625, 1.920118317408612e-23, nan 
-133.875, 79.625, 2.0710506193497486e-23, nan 
-133.625, 79.625, 2.2657273070579584e-23, nan 
-133.375, 79.625, 1.9485366255071013e-23, nan 
-133.125, 79.625, 2.1830160088084194e-23, nan 
-132.875, 79.625, 2.2891575045910713e-23, nan 
-132.625, 79.625, 2.3426526412017497e-23, nan 
-132.375, 79.625, 2.268175768510083e-23, nan 
-132.125, 79.625, 2.2879363291330143e-23, nan 
-131.875, 79.625, 2.2485608409511545e-23, nan 
-131.625, 79.625, 2.508589732220441e-23, nan 
-131.375, 79.625, 2.484255479456409e-23, nan 
-131.125, 79.625, 3.530895156658298e-23, nan 
-130.875, 79.625, 2.944099427098991e-23, nan 
-130.625, 79.625, 2.6058814255860598e-23, nan 
-130.375, 79.625, 4.002157714179781e-23, nan 
-130.125, 79.625, 5.976752239958427e-23, nan 
-129.875, 79.625, 6.902024406561574e-23, nan 
-129.625, 79.625, 5.557665681945028e-23, nan 
-129.375, 79.625, 2.823078856518005e-23, nan 
-129.125, 79.625, 5.1291118603834605e-23, nan 
-128.875, 79.625, 7.668749403992968e-23, nan 
-128.625, 79.625, 6.75146470179607e-23, nan 
-128.375, 79.625, 5.333812629694385e-23, nan 
-128.125, 79.625, 2.604645994777772e-23, nan 
-127.875, 79.625, 2.41098779093809e-23, nan 
-127.625, 79.625, 3.233558328157598e-23, nan 
-127.375, 79.625, 3.9147157445652335e-23, nan 
-127.125, 79.625, 3.036486561423716e-23, nan 
-126.875, 79.625, 3.183385558392713e-23, nan 
-126.625, 79.625, 4.5715120737992203e-23, nan 
-126.375, 79.625, 4.7814775317439806e-23, nan 
-126.125, 79.625, 4.0111160837520176e-23, nan 
-125.875, 79.625, 3.5204316358015264e-23, nan 
-125.625, 79.625, 2.976490077692513e-23, nan 
-125.375, 79.625, 3.2850179692669534e-23, nan 
-125.125, 79.625, 2.7591309116072645e-23, nan 
-124.875, 79.625, 2.944405739033554e-23, nan 
-124.625, 79.625, 2.696914956384311e-23, nan 
-124.375, 79.625, 3.104343399895438e-23, nan 
-124.125, 79.625, 3.214395170492652e-23, nan 
-123.875, 79.625, 2.97797243176405e-23, nan 
-123.625, 79.625, 3.3956274737201694e-23, nan 
-123.375, 79.625, 2.808590869777646e-23, nan 
-123.125, 79.625, 2.733015497355459e-23, nan 
-122.875, 79.625, 2.6447082034090567e-23, nan 
-122.625, 79.625, 2.484272383013567e-23, nan 
-122.375, 79.625, 2.7115875133260034e-23, nan 
-122.125, 79.625, 1.6512431586815156e-23, nan 
-121.875, 79.625, 1.4342183526325162e-23, nan 
-121.625, 79.625, 1.2602294220401662e-23, nan 
-121.375, 79.625, 1.2907583781610936e-23, nan 
-121.125, 79.625, 1.4413984067847488e-23, nan 
-120.875, 79.625, 1.1449543312452578e-23, nan 
-120.625, 79.625, 1.1063922101896215e-23, nan 
-120.375, 79.625, 1.1997471318295677e-23, nan 
-120.125, 79.625, 1.3787983002489753e-23, nan 
-119.875, 79.625, 1.3890893521457218e-23, nan 
-119.625, 79.625, 1.7258339962126274e-23, nan 
-119.375, 79.625, 1.8168288403892147e-23, nan 
-119.125, 79.625, 1.6062640451315008e-23, nan 
-118.875, 79.625, 1.4562032019406126e-23, nan 
-118.625, 79.625, 1.364890134272126e-23, nan 
-118.375, 79.625, 1.2517095253364975e-23, nan 
-118.125, 79.625, 1.0596275028302212e-23, nan 
-117.875, 79.625, 1.0150381713163435e-23, nan 
-117.625, 79.625, 1.2023659093767193e-23, nan 
-117.375, 79.625, 1.3187657498957768e-23, nan 
-117.125, 79.625, 1.1737356859619117e-23, nan 
-116.875, 79.625, 1.2455972219630924e-23, nan 
-116.625, 79.625, 1.2318399110296929e-23, nan 
-116.375, 79.625, 1.3148892133456351e-23, nan 
-116.125, 79.625, 1.434007494291456e-23, nan 
-115.875, 79.625, 1.704484602909119e-23, nan 
-115.625, 79.625, 1.7969348557907425e-23, nan 
-115.375, 79.625, 1.997099234785942e-23, nan 
-115.125, 79.625, 1.709774276536799e-23, nan 
-114.875, 79.625, 1.5139708821731023e-23, nan 
-114.625, 79.625, 1.801748807656939e-23, nan 
-114.375, 79.625, 1.9505172367592144e-23, nan 
-114.125, 79.625, 2.6182435987523472e-23, nan 
-113.875, 79.625, 2.9585458911994226e-23, nan 
-113.625, 79.625, 3.148639288663012e-23, nan 
-113.375, 79.625, 2.963387858217406e-23, nan 
-113.125, 79.625, 2.670039315257941e-23, nan 
-112.875, 79.625, 3.434867037579115e-23, nan 
-112.625, 79.625, 3.520898829454552e-23, nan 
-112.375, 79.625, 4.4886995834644546e-23, nan 
-112.125, 79.625, 4.4714510648490616e-23, nan 
-111.875, 79.625, 3.387466772453807e-23, nan 
-111.625, 79.625, 2.6349551316529046e-23, nan 
-111.375, 79.625, 3.288495284699891e-23, nan 
-111.125, 79.625, 3.923568965455878e-23, nan 
-110.875, 79.625, 3.98355920124441e-23, nan 
-110.625, 79.625, 3.378561691891055e-23, nan 
-110.375, 79.625, 3.9235156034884763e-23, nan 
-110.125, 79.625, 5.620381330159024e-23, nan 
-109.875, 79.625, 4.909254617282462e-23, nan 
-109.625, 79.625, 4.171996570256366e-23, nan 
-109.375, 79.625, 2.8058853416976185e-23, nan 
-109.125, 79.625, 3.7513231000250347e-23, nan 
-108.875, 79.625, 5.268825303671015e-23, nan 
-108.625, 79.625, 4.0897106544532195e-23, nan 
-108.375, 79.625, 4.278801755228777e-23, nan 
-108.125, 79.625, 3.6929787741562053e-23, nan 
-107.875, 79.625, 4.68600485432245e-23, nan 
-107.625, 79.625, 4.5639606171047686e-23, nan 
-107.375, 79.625, 4.993641829291469e-23, nan 
-107.125, 79.625, 3.416559525388918e-23, nan 
-106.875, 79.625, 3.664444899567003e-23, nan 
-106.625, 79.625, 3.012181924107994e-23, nan 
-106.375, 79.625, 4.3562846773990465e-23, nan 
-106.125, 79.625, 5.638825330112844e-23, nan 
-105.875, 79.625, 5.613486177403095e-23, nan 
-105.625, 79.625, 6.44840578336647e-23, nan 
-105.375, 79.625, 5.078976717396728e-23, nan 
-105.125, 79.625, 4.1251361497721814e-23, nan 
-104.875, 79.625, 4.4967373732162195e-23, nan 
-104.625, 79.625, 6.81987913323713e-23, nan 
-104.375, 79.625, 7.832010134567503e-23, nan 
-104.125, 79.625, 7.453125398414281e-23, nan 
-103.875, 79.625, 6.154566454472229e-23, nan 
-103.625, 79.625, 4.514416578742961e-23, nan 
-103.375, 79.625, 5.1656789612490756e-23, nan 
-103.125, 79.625, 5.182176500271161e-23, nan 
-102.875, 79.625, 5.332586353740784e-23, nan 
-102.625, 79.625, 5.26726594638266e-23, nan 
-102.375, 79.625, 4.582676349926315e-23, nan 
-102.125, 79.625, 5.0509939757864325e-23, nan 
-101.875, 79.625, 4.108077808301804e-23, nan 
-101.625, 79.625, 3.167605431131867e-23, nan 
-101.375, 79.625, 3.865790040386225e-23, nan 
-101.125, 79.625, 3.283574602715551e-23, nan 
-100.875, 79.625, 3.8897340944550916e-23, nan 
-100.625, 79.625, 2.3692978004063303e-23, nan 
-100.375, 79.625, 1.6818782450373245e-23, nan 
-100.125, 79.625, 9.83976062369231e-24, nan 
-99.875, 79.625, 2.818369502890153e-23, nan 
-99.625, 79.625, 5.850294739152456e-23, nan 
-99.375, 79.625, 3.167148820043282e-23, nan 
-99.125, 79.625, 2.210151818864198e-23, nan 
-98.875, 79.625, 1.7865408826382654e-23, nan 
-98.625, 79.625, 2.16409733886762e-23, nan 
-98.375, 79.625, 3.795668572336809e-23, nan 
-98.125, 79.625, 3.3981745540322326e-23, nan 
-97.875, 79.625, 2.3101532728889345e-23, nan 
-97.625, 79.625, 3.4915905254085967e-23, nan 
-97.375, 79.625, 2.958597468479239e-23, nan 
-97.125, 79.625, 3.104172503207468e-23, nan 
-96.875, 79.625, 5.82564285001282e-23, nan 
-96.625, 79.625, 5.3589514868011e-23, nan 
-96.375, 79.625, 5.680878122080872e-23, nan 
-96.125, 79.625, 5.510567957553642e-23, nan 
-95.875, 79.625, 3.6010912632622907e-23, nan 
-95.625, 79.625, 3.3478228024783236e-23, nan 
-95.375, 79.625, 3.0311607718989195e-23, nan 
-95.125, 79.625, 3.2600285237132986e-23, nan 
-94.875, 79.625, 5.857237828195231e-23, nan 
-94.625, 79.625, 6.11405673288748e-23, nan 
-94.375, 79.625, 4.926993180337045e-23, nan 
-94.125, 79.625, 3.819628510943633e-23, nan 
-93.875, 79.625, 4.863285908158143e-23, nan 
-93.625, 79.625, 5.490723306206894e-23, nan 
-93.375, 79.625, 5.807940606970782e-23, nan 
-93.125, 79.625, 5.66133231589615e-23, nan 
-92.875, 79.625, 4.2461841871553146e-23, nan 
-92.625, 79.625, 6.253057590811303e-23, nan 
-92.375, 79.625, 7.678236412732785e-23, nan 
-92.125, 79.625, 7.764685365199502e-23, nan 
-91.875, 79.625, 9.193639357399438e-23, nan 
-91.625, 79.625, 8.968847165602121e-23, nan 
-91.375, 79.625, 9.916214321564539e-23, nan 
-91.125, 79.625, 1.0097435967489986e-22, nan 
-90.875, 79.625, 1.109068944507827e-22, nan 
-90.625, 79.625, 1.42450849948897e-22, nan 
-90.375, 79.625, 9.939130718148953e-23, nan 
-90.125, 79.625, 1.186160663834469e-22, nan 
-89.875, 79.625, 1.7057182442327826e-22, nan 
-89.625, 79.625, 1.9732137078783683e-22, nan 
-89.375, 79.625, 2.2529501858996332e-22, nan 
-89.125, 79.625, 2.0746286229920836e-22, nan 
-88.875, 79.625, 1.9647400095995046e-22, nan 
-88.625, 79.625, 1.9667868251014123e-22, nan 
-88.375, 79.625, 1.571293234428529e-22, nan 
-88.125, 79.625, 2.13279015550613e-22, nan 
-87.875, 79.625, 1.7384509571627355e-22, nan 
-87.625, 79.625, 2.135138840064912e-22, nan 
-87.375, 79.625, 2.3306109754042812e-22, nan 
-87.125, 79.625, 2.12059212143341e-22, nan 
-86.875, 79.625, 2.1928838445072543e-22, nan 
-86.625, 79.625, 1.9571739415111285e-22, nan 
-86.375, 79.625, 2.3523822217045596e-22, nan 
-86.125, 79.625, 2.1702169461937447e-22, nan 
-85.875, 79.625, 1.9790454544752546e-22, nan 
-85.625, 79.625, 1.6994630929200132e-22, nan 
-85.375, 79.625, 2.0462726116653162e-22, nan 
-85.125, 79.625, 1.7090511231933554e-22, nan 
-84.875, 79.625, 1.5031733627716342e-22, nan 
-84.625, 79.625, 1.960775446818711e-22, nan 
-84.375, 79.625, 1.653180146597549e-22, nan 
-84.125, 79.625, 1.9101344822436287e-22, nan 
-83.875, 79.625, 1.7216875517203174e-22, nan 
-83.625, 79.625, 1.3862782815736662e-22, nan 
-83.375, 79.625, 1.2321307490020834e-22, nan 
-83.125, 79.625, 1.366391280211537e-22, nan 
-82.875, 79.625, 2.028021689808977e-22, nan 
-82.625, 79.625, 1.6745340863219698e-22, nan 
-82.375, 79.625, 1.8251559812303213e-22, nan 
-82.125, 79.625, 1.794065959498125e-22, nan 
-81.875, 79.625, 1.6611171912139055e-22, nan 
-81.625, 79.625, 9.432174862378518e-23, nan 
-81.375, 79.625, 1.5240062999184621e-22, nan 
-81.125, 79.625, 8.607949280158817e-23, nan 
-80.875, 79.625, 9.920643788616375e-23, nan 
-80.625, 79.625, 1.7389768144168188e-22, nan 
-80.375, 79.625, 2.0109442134913534e-22, nan 
-80.125, 79.625, 1.2972426181379144e-22, nan 
-79.875, 79.625, 1.699571164187236e-22, nan 
-79.625, 79.625, 2.5553706233169965e-22, nan 
-79.375, 79.625, 2.9108062344967295e-22, nan 
-79.125, 79.625, 5.000637949093478e-22, nan 
-78.875, 79.625, 3.9314236364576972e-22, nan 
-78.625, 79.625, 5.247163326384181e-22, nan 
-78.375, 79.625, 5.697733601696292e-22, nan 
-78.125, 79.625, 6.372826179913477e-22, nan 
-77.875, 79.625, 5.892510960405281e-22, nan 
-77.625, 79.625, 4.832968757174389e-22, nan 
-77.375, 79.625, 5.635086496662421e-22, nan 
-77.125, 79.625, 7.768529197713982e-22, nan 
-76.875, 79.625, 8.436156516923967e-22, nan 
-76.625, 79.625, 8.28880866135525e-22, nan 
-76.375, 79.625, 6.648508660806641e-22, nan 
-76.125, 79.625, 6.770406771639446e-22, nan 
-75.875, 79.625, 7.681508084760992e-22, nan 
-75.625, 79.625, 8.730435499069093e-22, nan 
-75.375, 79.625, 6.291258865473682e-22, nan 
-75.125, 79.625, 8.211268389688166e-22, nan 
-74.875, 79.625, 7.132897870466458e-22, nan 
-74.625, 79.625, 9.79022200690319e-22, nan 
-74.375, 79.625, 7.469801363402492e-22, nan 
-74.125, 79.625, 6.741069711089431e-22, nan 
-73.875, 79.625, 8.32534487757204e-22, nan 
-73.625, 79.625, 9.562676406946969e-22, nan 
-73.375, 79.625, 8.616225801548402e-22, nan 
-73.125, 79.625, 8.678447845428108e-22, nan 
-72.875, 79.625, 6.305151695440492e-22, nan 
-72.625, 79.625, 5.391236983037117e-22, nan 
-72.375, 79.625, 5.659962218047012e-22, nan 
-72.125, 79.625, 4.995578791815113e-22, nan 
-71.875, 79.625, 4.959253951775288e-22, nan 
-71.625, 79.625, 5.50230822004458e-22, nan 
-71.375, 79.625, 5.347106299349012e-22, nan 
-71.125, 79.625, 4.089249361052131e-22, nan 
-70.875, 79.625, 5.15772698553016e-22, nan 
-70.625, 79.625, 4.532457555399143e-22, nan 
-70.375, 79.625, 3.922940981772738e-22, nan 
-70.125, 79.625, 4.923666559378256e-22, nan 
-69.875, 79.625, 3.7744227766273023e-22, nan 
-69.625, 79.625, 4.4513920598257735e-22, nan 
-69.375, 79.625, 4.595588471114279e-22, nan 
-69.125, 79.625, 4.601573195779415e-22, nan 
-68.875, 79.625, 5.220548062307682e-22, nan 
-68.625, 79.625, 3.4015133381414996e-22, nan 
-68.375, 79.625, 3.53345770689981e-22, nan 
-68.125, 79.625, 3.969567492918272e-22, nan 
-67.875, 79.625, 6.799236980278001e-22, nan 
-67.625, 79.625, 7.741624768185424e-22, nan 
-67.375, 79.625, 7.285497746219598e-22, nan 
-67.125, 79.625, 6.900043937387202e-22, nan 
-66.875, 79.625, 5.945784343419612e-22, nan 
-66.625, 79.625, 6.120403014227754e-22, nan 
-66.375, 79.625, 1.020328193394704e-21, nan 
-66.125, 79.625, 8.68420030021178e-22, nan 
-65.875, 79.625, 1.1724382665077388e-21, nan 
-65.625, 79.625, 1.151041168174566e-21, nan 
-65.375, 79.625, 9.857782849963032e-22, nan 
-65.125, 79.625, 7.197924993553112e-22, nan 
-64.875, 79.625, 5.623522437666187e-22, nan 
-64.625, 79.625, 1.1313725052943011e-21, nan 
-64.375, 79.625, 6.370500970256299e-22, nan 
-64.125, 79.625, 5.451510842688242e-22, nan 
-63.875, 79.625, 6.754477696842755e-22, nan 
-63.625, 79.625, 8.895750801549652e-22, nan 
-63.375, 79.625, 9.784979430168437e-22, nan 
-63.125, 79.625, 9.939630382794156e-22, nan 
-62.875, 79.625, 1.919624623129065e-21, nan 
-62.625, 79.625, 1.3799361347202958e-21, nan 
-62.375, 79.625, 2.339327467482179e-21, nan 
-62.125, 79.625, 2.1926605815397918e-21, nan 
-61.875, 79.625, 1.8800031407419836e-21, nan 
-61.625, 79.625, 1.9192119768607044e-21, nan 
-61.375, 79.625, 2.292977427729521e-21, nan 
-61.125, 79.625, 2.3925086520254762e-21, nan 
-60.875, 79.625, 2.8510947118190416e-21, nan 
-60.625, 79.625, 3.435489345040077e-21, nan 
-60.375, 79.625, 3.495035941213514e-21, nan 
-60.125, 79.625, 2.6312479186870837e-21, nan 
-59.875, 79.625, 2.0268461858715195e-21, nan 
-59.625, 79.625, 2.0580331325382107e-21, nan 
-59.375, 79.625, 4.2327866666172755e-21, nan 
-59.125, 79.625, 5.398503591964177e-21, nan 
-58.875, 79.625, 4.531010454253163e-21, nan 
-58.625, 79.625, 4.353859333024425e-21, nan 
-58.375, 79.625, 1.619141717469172e-20, nan 
-58.125, 79.625, 2.4501778210050547e-20, nan 
-57.875, 79.625, 3.107641510807986e-20, nan 
-57.625, 79.625, 3.396584324163839e-20, nan 
-57.375, 79.625, 3.065382462501139e-20, nan 
-57.125, 79.625, 3.063697438677953e-20, nan 
-56.875, 79.625, 4.163352176896776e-20, nan 
-56.625, 79.625, 4.719709328544761e-20, nan 
-56.375, 79.625, 4.8566643265156845e-20, nan 
-56.125, 79.625, 4.667189861298003e-20, nan 
-55.875, 79.625, 3.8778193370393994e-20, nan 
-55.625, 79.625, 3.7267670891731694e-20, nan 
-55.375, 79.625, 3.836902599425585e-20, nan 
-55.125, 79.625, 3.903834760588333e-20, nan 
-54.875, 79.625, 4.076523840880318e-20, nan 
-54.625, 79.625, 6.463419264423553e-21, nan 
-54.375, 79.625, 5.4699036347205145e-21, nan 
-54.125, 79.625, 8.3695117398134e-21, nan 
-53.875, 79.625, 1.0052254243384459e-20, nan 
-53.625, 79.625, 9.0211990480093e-21, nan 
-53.375, 79.625, 6.2405536770047785e-21, nan 
-53.125, 79.625, 7.322019823694642e-21, nan 
-52.875, 79.625, 1.2386498650335304e-20, nan 
-52.625, 79.625, 1.4960298274960518e-20, nan 
-52.375, 79.625, 1.907079263792428e-20, nan 
-52.125, 79.625, 3.3395126482154865e-20, nan 
-51.875, 79.625, 2.587866718743167e-20, nan 
-51.625, 79.625, 7.221919445740201e-20, nan 
-51.375, 79.625, 6.187048539978473e-20, nan 
-51.125, 79.625, 7.122623059084144e-20, nan 
-50.875, 79.625, 7.523305029990721e-20, nan 
-50.625, 79.625, 7.819164886803597e-20, nan 
-50.375, 79.625, 8.528777325139986e-20, nan 
-50.125, 79.625, 7.445422769225313e-20, nan 
-49.875, 79.625, 7.917709022328801e-20, nan 
-49.625, 79.625, 7.834497963445321e-20, nan 
-49.375, 79.625, 7.755263131002319e-20, nan 
-49.125, 79.625, 1.616049185806748e-20, nan 
-48.875, 79.625, 1.609709783318328e-20, nan 
-48.625, 79.625, 1.0121542976119428e-20, nan 
-48.375, 79.625, 1.1011743703129383e-20, nan 
-48.125, 79.625, 1.3330369177735411e-20, nan 
-47.875, 79.625, 1.9475738844588418e-20, nan 
-47.625, 79.625, 1.994255816399624e-20, nan 
-47.375, 79.625, 1.8923711591185663e-20, nan 
-47.125, 79.625, 2.1867461713125513e-20, nan 
-46.875, 79.625, 2.1628692260738457e-20, nan 
-46.625, 79.625, 2.7962308050423133e-20, nan 
-46.375, 79.625, 2.179844460342436e-20, nan 
-46.125, 79.625, 2.5553966758084816e-20, nan 
-45.875, 79.625, 2.95781367860588e-20, nan 
-45.625, 79.625, 3.3328259014729175e-20, nan 
-45.375, 79.625, 4.029931076919019e-20, nan 
-45.125, 79.625, 3.6475448034301915e-20, nan 
-44.875, 79.625, 3.398001678063235e-20, nan 
-44.625, 79.625, 4.070566494755364e-20, nan 
-44.375, 79.625, 4.2803133791104913e-20, nan 
-44.125, 79.625, 3.688251285892185e-20, nan 
-43.875, 79.625, 3.2486740648359006e-20, nan 
-43.625, 79.625, 3.3023814922153616e-20, nan 
-43.375, 79.625, 3.2915127559871865e-20, nan 
-43.125, 79.625, 3.707422015282343e-20, nan 
-42.875, 79.625, 4.199682061479189e-20, nan 
-42.625, 79.625, 4.2461456961284714e-20, nan 
-42.375, 79.625, 4.7595763374379266e-20, nan 
-42.125, 79.625, 5.336895115423917e-20, nan 
-41.875, 79.625, 6.059305720675902e-20, nan 
-41.625, 79.625, 5.394445900630344e-20, nan 
-41.375, 79.625, 6.535645773791486e-20, nan 
-41.125, 79.625, 7.657371627071726e-20, nan 
-40.875, 79.625, 6.994580949317377e-20, nan 
-40.625, 79.625, 6.903538055385321e-20, nan 
-40.375, 79.625, 6.444437952233359e-20, nan 
-40.125, 79.625, 7.22468056936974e-20, nan 
-39.875, 79.625, 7.213904043229158e-20, nan 
-39.625, 79.625, 8.230774241062645e-20, nan 
-39.375, 79.625, 8.678244372813987e-20, nan 
-39.125, 79.625, 7.43690747108257e-20, nan 
-38.875, 79.625, 1.0246936248443471e-19, nan 
-38.625, 79.625, 9.932851079735577e-20, nan 
-38.375, 79.625, 1.0828765498955521e-19, nan 
-38.125, 79.625, 1.272772722910381e-19, nan 
-37.875, 79.625, 1.360035065984578e-19, nan 
-37.625, 79.625, 1.289008356256094e-19, nan 
-37.375, 79.625, 1.8191459975138233e-19, nan 
-37.125, 79.625, 1.7423437356657861e-19, nan 
-36.875, 79.625, 1.9420662542212873e-19, nan 
-36.625, 79.625, 2.3787083630991026e-19, nan 
-36.375, 79.625, 2.3761326854343843e-19, nan 
-36.125, 79.625, 2.446196579169424e-19, nan 
-35.875, 79.625, 2.076338607364663e-19, nan 
-35.625, 79.625, 2.0303146311716516e-19, nan 
-35.375, 79.625, 2.3292912512193945e-19, nan 
-35.125, 79.625, 2.508072294488121e-19, nan 
-34.875, 79.625, 2.0499772386786613e-19, nan 
-34.625, 79.625, 1.7272013855546421e-19, nan 
-34.375, 79.625, 1.4360342406863574e-19, nan 
-34.125, 79.625, 1.3766323580023783e-19, nan 
-33.875, 79.625, 1.1198941671178717e-19, nan 
-33.625, 79.625, 9.435944217432281e-20, nan 
-33.375, 79.625, 9.94271297716926e-20, nan 
-33.125, 79.625, 1.3077287560843997e-19, nan 
-32.875, 79.625, 1.8373841323844619e-19, nan 
-32.625, 79.625, 2.1608020744835788e-19, nan 
-32.375, 79.625, 2.1255633832612665e-19, nan 
-32.125, 79.625, 1.6803172797743284e-19, nan 
-31.875, 79.625, 1.577596345414544e-19, nan 
-31.625, 79.625, 1.5460662584159087e-19, nan 
-31.375, 79.625, 1.862451823962025e-19, nan 
-31.125, 79.625, 2.0030489974842202e-19, nan 
-30.875, 79.625, 1.497724048289248e-19, nan 
-30.625, 79.625, 8.809318318950668e-20, nan 
-30.375, 79.625, 8.452199226616253e-20, nan 
-30.125, 79.625, 1.3089345042006835e-18, nan 
-29.875, 79.625, 3.8796134830365005e-19, nan 
-29.625, 79.625, 1.5301042614239205e-18, nan 
-29.375, 79.625, 9.731458331313347e-19, nan 
-29.125, 79.625, 1.2245502581519428e-18, nan 
-28.875, 79.625, 1.01733320241523e-18, nan 
-28.625, 79.625, 1.0385069271962496e-18, nan 
-28.375, 79.625, 8.828576261084538e-19, nan 
-28.125, 79.625, 9.372972740127996e-19, nan 
-27.875, 79.625, 5.729428978048615e-19, nan 
-27.625, 79.625, 1.0731644193912855e-18, nan 
-27.375, 79.625, 1.2278485125324016e-18, nan 
-27.125, 79.625, 1.192341096143033e-18, nan 
-26.875, 79.625, 1.1336506758718367e-18, nan 
-26.625, 79.625, 1.4929018573229454e-18, nan 
-26.375, 79.625, 1.722908116136233e-18, nan 
-26.125, 79.625, 1.578973511753474e-18, nan 
-25.875, 79.625, 3.1015366360633486e-18, nan 
-25.625, 79.625, 3.554400118277182e-18, nan 
-25.375, 79.625, 4.122264547485387e-18, nan 
-25.125, 79.625, 3.751170596069619e-18, nan 
-24.875, 79.625, 3.9821131100056706e-18, nan 
-24.625, 79.625, 4.8642926596506154e-18, nan 
-24.375, 79.625, 5.3048716682964355e-18, nan 
-24.125, 79.625, 5.391888214324358e-18, nan 
-23.875, 79.625, 4.8292751490672505e-18, nan 
-23.625, 79.625, 3.642413604416559e-18, nan 
-23.375, 79.625, 4.5383499834510365e-18, nan 
-23.125, 79.625, 4.767644220262487e-18, nan 
-22.875, 79.625, 4.863073951744709e-18, nan 
-22.625, 79.625, 4.5922776761918236e-18, nan 
-22.375, 79.625, 2.753565316307995e-18, nan 
-22.125, 79.625, 3.7022182053163015e-18, nan 
-21.875, 79.625, 3.852503411160794e-18, nan 
-21.625, 79.625, 3.4632283006940594e-18, nan 
-21.375, 79.625, 3.949703746525977e-18, nan 
-21.125, 79.625, 3.74266688284311e-18, nan 
-20.875, 79.625, 3.280160564644193e-18, nan 
-20.625, 79.625, 2.7501847568620394e-18, nan 
-20.375, 79.625, 2.6773620217523612e-18, nan 
-20.125, 79.625, 3.046440906237558e-18, nan 
-19.875, 79.625, 5.6666013082046915e-18, nan 
-19.625, 79.625, 5.5326888629537385e-18, nan 
-19.375, 79.625, 6.8524427568268725e-18, nan 
-19.125, 79.625, 7.143433277923466e-18, nan 
-18.875, 79.625, 6.890614346986701e-18, nan 
-18.625, 79.625, 4.9069262100358146e-18, nan 
-18.375, 79.625, 4.824984677045782e-18, nan 
-18.125, 79.625, 5.71774109862843e-18, nan 
-17.875, 79.625, 6.0256759564448004e-18, nan 
-17.625, 79.625, 5.79835452263745e-18, nan 
-17.375, 79.625, 3.897350709192368e-18, nan 
-17.125, 79.625, 3.711908704924678e-18, nan 
-16.875, 79.625, 2.9340940998008657e-18, nan 
-16.625, 79.625, 2.841615640878012e-18, nan 
-16.375, 79.625, 2.64852598323524e-18, nan 
-16.125, 79.625, 2.36746816687944e-18, nan 
-15.875, 79.625, 1.8658016984999165e-18, nan 
-15.625, 79.625, 1.0792403311161498e-18, nan 
-15.375, 79.625, 8.65444462580839e-19, nan 
-15.125, 79.625, 6.20455739166024e-19, nan 
-14.875, 79.625, 1.0999487440582218e-18, nan 
-14.625, 79.625, 1.4637145429154529e-18, nan 
-14.375, 79.625, 1.498048989778136e-18, nan 
-14.125, 79.625, 1.585574977091388e-18, nan 
-13.875, 79.625, 1.5394944437521235e-18, nan 
-13.625, 79.625, 1.3191582094391604e-18, nan 
-13.375, 79.625, 1.1639060391322458e-18, nan 
-13.125, 79.625, 1.106689960263338e-18, nan 
-12.875, 79.625, 1.6925292150962245e-18, nan 
-12.625, 79.625, 1.866622472785523e-18, nan 
-12.375, 79.625, 1.94017549808788e-18, nan 
-12.125, 79.625, 2.985386678812801e-18, nan 
-11.875, 79.625, 2.9877544046412264e-18, nan 
-11.625, 79.625, 3.013314893065326e-18, nan 
-11.375, 79.625, 2.8529373054496204e-18, nan 
-11.125, 79.625, 2.046802731310143e-18, nan 
-10.875, 79.625, 2.1263626852349474e-18, nan 
-10.625, 79.625, 2.228510820396351e-18, nan 
-10.375, 79.625, 2.2658493385633783e-18, nan 
-10.125, 79.625, 2.1986396102304274e-18, nan 
-9.875, 79.625, 1.7791396594745818e-18, nan 
-9.625, 79.625, 1.1455966545052853e-18, nan 
-9.375, 79.625, 9.747843432494684e-19, nan 
-9.125, 79.625, 7.129044444380745e-19, nan 
-8.875, 79.625, 3.9495014261559104e-19, nan 
-8.625, 79.625, 1.0734600083778359e-19, nan 
-8.375, 79.625, 5.517207540426854e-20, nan 
-8.125, 79.625, 4.478964592242573e-20, nan 
-7.875, 79.625, 2.05827293016794e-20, nan 
-7.625, 79.625, 1.45499289370073e-20, nan 
-7.375, 79.625, 3.354738323089787e-20, nan 
-7.125, 79.625, 5.427371721379174e-20, nan 
-6.875, 79.625, 1.41798352528217e-19, nan 
-6.625, 79.625, 2.5188043406981135e-19, nan 
-6.375, 79.625, 2.6394463511938706e-19, nan 
-6.125, 79.625, 3.7172802012448025e-19, nan 
-5.875, 79.625, 3.929523321859818e-19, nan 
-5.625, 79.625, 3.886899539636172e-19, nan 
-5.375, 79.625, 3.3696098474985816e-19, nan 
-5.125, 79.625, 2.5262820043724577e-19, nan 
-4.875, 79.625, 3.155404838178674e-19, nan 
-4.625, 79.625, 4.470761048640086e-19, nan 
-4.375, 79.625, 6.124053899270383e-19, nan 
-4.125, 79.625, 5.714642318109677e-19, nan 
-3.875, 79.625, 4.15667878809526e-19, nan 
-3.625, 79.625, 3.387104323572965e-19, nan 
-3.375, 79.625, 4.157852558390124e-19, nan 
-3.125, 79.625, 5.220778022707642e-19, nan 
-2.875, 79.625, 5.315802058209952e-19, nan 
-2.625, 79.625, 4.743560713544063e-19, nan 
-2.375, 79.625, 2.1132073042756576e-19, nan 
-2.125, 79.625, 9.974861407785851e-20, nan 
-1.875, 79.625, 3.358161047579213e-20, nan 
-1.625, 79.625, 3.695192927658753e-20, nan 
-1.375, 79.625, 1.0528198752098008e-20, nan 
-1.125, 79.625, 3.4261068521152475e-20, nan 
-0.875, 79.625, 3.10108542408538e-20, nan 
-0.625, 79.625, 1.8885576115409176e-20, nan 
-0.375, 79.625, 3.427076593121452e-20, nan 
-0.125, 79.625, 4.699392166260422e-20, nan 
0.125, 79.625, 4.2005319528901904e-20, nan 
0.375, 79.625, 4.474261908192628e-20, nan 
0.625, 79.625, 3.542717481736965e-20, nan 
0.875, 79.625, 3.175619061750088e-20, nan 
1.125, 79.625, 3.226141947015966e-20, nan 
1.375, 79.625, 3.503426019400943e-20, nan 
1.625, 79.625, 3.332613650156267e-20, nan 
1.875, 79.625, 2.995604601673337e-20, nan 
2.125, 79.625, 3.798073895110671e-20, nan 
2.375, 79.625, 3.7775543622480813e-20, nan 
2.625, 79.625, 3.77987513709069e-20, nan 
2.875, 79.625, 4.484338078330872e-20, nan 
3.125, 79.625, 5.849685465947772e-20, nan 
3.375, 79.625, 5.2275116580153044e-20, nan 
3.625, 79.625, 4.8102678402964966e-20, nan 
3.875, 79.625, 5.1730858208049303e-20, nan 
4.125, 79.625, 9.379967277513627e-20, nan 
4.375, 79.625, 1.1770418616079596e-19, nan 
4.625, 79.625, 8.786425351826191e-20, nan 
4.875, 79.625, 6.693625663765015e-20, nan 
5.125, 79.625, 3.8582421603417575e-20, nan 
5.375, 79.625, 7.332119112476797e-20, nan 
5.625, 79.625, 4.363756349346429e-20, nan 
5.875, 79.625, 5.194294418152466e-20, nan 
6.125, 79.625, 1.0440175606645229e-19, nan 
6.375, 79.625, 3.625721861934142e-20, nan 
6.625, 79.625, 1.314110580923812e-19, nan 
6.875, 79.625, 6.440408270686812e-20, nan 
7.125, 79.625, 1.2823314045971158e-19, nan 
7.375, 79.625, 1.0711020943108575e-19, nan 
7.625, 79.625, 1.0902198399467016e-19, nan 
7.875, 79.625, 1.3882601139388182e-19, nan 
8.125, 79.625, 1.0649743191282193e-19, nan 
8.375, 79.625, 1.2743944387341492e-19, nan 
8.625, 79.625, 9.321161271010525e-20, nan 
8.875, 79.625, 4.9253065349223506e-20, nan 
9.125, 79.625, 3.689524599884863e-20, nan 
9.375, 79.625, 2.9649447316557475e-20, nan 
9.625, 79.625, 3.113025282879334e-20, nan 
9.875, 79.625, 4.721355247994252e-20, nan 
10.125, 79.625, 3.8833340063887685e-20, nan 
10.375, 79.625, 2.6137713110715868e-20, nan 
10.625, 79.625, 2.2507834999460263e-20, nan 
10.875, 79.625, 1.704460666605022e-20, nan 
11.125, 79.625, 1.5670694103175445e-20, nan 
11.375, 79.625, 2.1523018117515954e-20, nan 
11.625, 79.625, 2.0184727850546093e-20, nan 
11.875, 79.625, 1.7432908484928777e-20, nan 
12.125, 79.625, 1.6178845944496256e-20, nan 
12.375, 79.625, 1.54176351637274e-20, nan 
12.625, 79.625, 8.894960598260453e-21, nan 
12.875, 79.625, 9.300983973511635e-21, nan 
13.125, 79.625, 2.192671060623466e-20, nan 
13.375, 79.625, 1.31865832926633e-20, nan 
13.625, 79.625, 1.42137973712382e-20, nan 
13.875, 79.625, 5.88711252345215e-21, nan 
14.125, 79.625, 1.216590897045049e-20, nan 
14.375, 79.625, 2.6254807685284754e-20, nan 
14.625, 79.625, 2.540751055421193e-20, nan 
14.875, 79.625, 3.892014236557915e-20, nan 
15.125, 79.625, 4.8081943559381816e-20, nan 
15.375, 79.625, 4.625738135667861e-20, nan 
15.625, 79.625, 4.2491857555780933e-20, nan 
15.875, 79.625, 3.193658489548174e-20, nan 
16.125, 79.625, 3.681373344923029e-20, nan 
16.375, 79.625, 6.68688636546248e-20, nan 
16.625, 79.625, 7.551711310916297e-20, nan 
16.875, 79.625, 7.155796444493042e-20, nan 
17.125, 79.625, 4.1081416696064226e-20, nan 
17.375, 79.625, 3.831354476453096e-20, nan 
17.625, 79.625, 4.758345146264321e-20, nan 
17.875, 79.625, 4.951476468438493e-20, nan 
18.125, 79.625, 4.429236331352699e-20, nan 
18.375, 79.625, 2.6811297888126696e-20, nan 
18.625, 79.625, 7.586864769764204e-21, nan 
18.875, 79.625, 6.321456892507315e-21, nan 
19.125, 79.625, 4.97688719528688e-21, nan 
19.375, 79.625, 4.8651807896400146e-21, nan 
19.625, 79.625, 4.880390908968149e-21, nan 
19.875, 79.625, 4.3982043909336024e-21, nan 
20.125, 79.625, 3.562654780595527e-21, nan 
20.375, 79.625, 3.645981156284182e-21, nan 
20.625, 79.625, 2.696308358325207e-21, nan 
20.875, 79.625, 3.711312356967585e-21, nan 
21.125, 79.625, 3.0002665743463747e-21, nan 
21.375, 79.625, 4.303555197090062e-21, nan 
21.625, 79.625, 4.728425027280665e-21, nan 
21.875, 79.625, 3.4837217455251554e-21, nan 
22.125, 79.625, 7.408220077069468e-21, nan 
22.375, 79.625, 6.6503204841238225e-21, nan 
22.625, 79.625, 4.8319290119674445e-21, nan 
22.875, 79.625, 7.544029546161296e-21, nan 
23.125, 79.625, 7.743955572663894e-21, nan 
23.375, 79.625, 6.737653933655239e-21, nan 
23.625, 79.625, 3.486460598434518e-21, nan 
23.875, 79.625, 4.651787018640369e-21, nan 
24.125, 79.625, 7.429778803198814e-21, nan 
24.375, 79.625, 9.858482570337215e-21, nan 
24.625, 79.625, 5.6124322495402746e-21, nan 
24.875, 79.625, 4.944277219772203e-21, nan 
25.125, 79.625, 6.078848165332525e-21, nan 
25.375, 79.625, 4.237330045799253e-21, nan 
25.625, 79.625, 3.0280022378610146e-21, nan 
25.875, 79.625, 3.764825231786703e-21, nan 
26.125, 79.625, 6.743837931166944e-21, nan 
26.375, 79.625, 7.274402752695429e-21, nan 
26.625, 79.625, 7.752362808830406e-21, nan 
26.875, 79.625, 6.788006015713091e-21, nan 
27.125, 79.625, 5.858286883436033e-21, nan 
27.375, 79.625, 3.3747041936073308e-21, nan 
27.625, 79.625, 4.4807730971601016e-21, nan 
27.875, 79.625, 4.193646305246735e-21, nan 
28.125, 79.625, 3.726191494461372e-21, nan 
28.375, 79.625, 2.670043014519516e-21, nan 
28.625, 79.625, 4.022630668580144e-21, nan 
28.875, 79.625, 4.8166154268063554e-21, nan 
29.125, 79.625, 5.043329950188158e-21, nan 
29.375, 79.625, 3.651601155195848e-21, nan 
29.625, 79.625, 4.239248561405974e-21, nan 
29.875, 79.625, 5.253583353601298e-21, nan 
30.125, 79.625, 5.5644371118586906e-21, nan 
30.375, 79.625, 4.1624431648979476e-21, nan 
30.625, 79.625, 2.1073174649350182e-21, nan 
30.875, 79.625, 1.216021860449187e-21, nan 
31.125, 79.625, 1.0101937451951387e-21, nan 
31.375, 79.625, 1.0519088564003319e-21, nan 
31.625, 79.625, 6.889689746013034e-22, nan 
31.875, 79.625, 7.137433905125487e-22, nan 
32.125, 79.625, 6.577874812791085e-22, nan 
32.375, 79.625, 6.816560086449495e-22, nan 
32.625, 79.625, 7.843312397866637e-22, nan 
32.875, 79.625, 8.407169605422073e-22, nan 
33.125, 79.625, 9.748842568064601e-22, nan 
33.375, 79.625, 1.0512249784028398e-21, nan 
33.625, 79.625, 9.502743420716561e-22, nan 
33.875, 79.625, 8.956623006155608e-22, nan 
34.125, 79.625, 9.012776930366461e-22, nan 
34.375, 79.625, 8.357172512355512e-22, nan 
34.625, 79.625, 8.629849879075323e-22, nan 
34.875, 79.625, 8.524543849876842e-22, nan 
35.125, 79.625, 1.4235033169379228e-21, nan 
35.375, 79.625, 1.739163812704971e-21, nan 
35.625, 79.625, 1.9310341851436112e-21, nan 
35.875, 79.625, 1.6449641774937696e-21, nan 
36.125, 79.625, 1.3329693517404171e-21, nan 
36.375, 79.625, 1.1205778374317744e-21, nan 
36.625, 79.625, 7.72388820249122e-22, nan 
36.875, 79.625, 8.610379249951833e-22, nan 
37.125, 79.625, 7.068545227457396e-22, nan 
37.375, 79.625, 7.925370734050868e-22, nan 
37.625, 79.625, 7.709601182271288e-22, nan 
37.875, 79.625, 7.0046949738273775e-22, nan 
38.125, 79.625, 6.40314629169953e-22, nan 
38.375, 79.625, 5.494986209106138e-22, nan 
38.625, 79.625, 4.507693489126955e-22, nan 
38.875, 79.625, 5.227093932006216e-22, nan 
39.125, 79.625, 4.472244483959266e-22, nan 
39.375, 79.625, 3.523134699812675e-22, nan 
39.625, 79.625, 4.0628486746335487e-22, nan 
39.875, 79.625, 4.1129095575459574e-22, nan 
40.125, 79.625, 4.1060937674238017e-22, nan 
40.375, 79.625, 3.622025402471942e-22, nan 
40.625, 79.625, 3.363061694565775e-22, nan 
40.875, 79.625, 3.048172961292734e-22, nan 
41.125, 79.625, 2.848911079379603e-22, nan 
41.375, 79.625, 1.9055249095530879e-22, nan 
41.625, 79.625, 2.0608365798568506e-22, nan 
41.875, 79.625, 1.8354832619567644e-22, nan 
42.125, 79.625, 1.4191837525489364e-22, nan 
42.375, 79.625, 1.2068652730499592e-22, nan 
42.625, 79.625, 1.44158391433922e-22, nan 
42.875, 79.625, 1.6064862356011457e-22, nan 
43.125, 79.625, 1.2515807165624183e-22, nan 
43.375, 79.625, 1.1796348053349975e-22, nan 
43.625, 79.625, 1.0735671429763636e-22, nan 
43.875, 79.625, 1.4871185637206697e-22, nan 
44.125, 79.625, 2.2896252692950114e-22, nan 
44.375, 79.625, 1.9259817225920598e-22, nan 
44.625, 79.625, 2.6086180472771363e-22, nan 
44.875, 79.625, 2.3323492720978904e-22, nan 
45.125, 79.625, 2.5358041608981786e-22, nan 
45.375, 79.625, 2.1804254750829753e-22, nan 
45.625, 79.625, 1.866802140778755e-22, nan 
45.875, 79.625, 1.90354760481646e-22, nan 
46.125, 79.625, 1.8037417793241563e-22, nan 
46.375, 79.625, 2.1370335672235994e-22, nan 
46.625, 79.625, 2.0624162328087387e-22, nan 
46.875, 79.625, 2.0131500611148318e-22, nan 
47.125, 79.625, 1.9911661890230484e-22, nan 
47.375, 79.625, 2.84464993796383e-22, nan 
47.625, 79.625, 2.6554364769846845e-22, nan 
47.875, 79.625, 3.2716893487368027e-22, nan 
48.125, 79.625, 3.1872200938079003e-22, nan 
48.375, 79.625, 2.822870056166125e-22, nan 
48.625, 79.625, 2.1226329230206655e-22, nan 
48.875, 79.625, 2.403079865132596e-22, nan 
49.125, 79.625, 2.697073712920703e-22, nan 
49.375, 79.625, 2.4744029723501065e-22, nan 
49.625, 79.625, 2.0581529570451498e-22, nan 
49.875, 79.625, 1.4605881041946715e-22, nan 
50.125, 79.625, 1.5388540738652984e-22, nan 
50.375, 79.625, 1.7053068840055384e-22, nan 
50.625, 79.625, 1.871898204864994e-22, nan 
50.875, 79.625, 1.6147253792329978e-22, nan 
51.125, 79.625, 2.0330001106971845e-22, nan 
51.375, 79.625, 1.5686235561705412e-22, nan 
51.625, 79.625, 1.288333543826929e-22, nan 
51.875, 79.625, 1.3824562411765137e-22, nan 
52.125, 79.625, 1.8004067221534564e-22, nan 
52.375, 79.625, 2.2957831224221773e-22, nan 
52.625, 79.625, 1.7520804204771492e-22, nan 
52.875, 79.625, 1.491252716664549e-22, nan 
53.125, 79.625, 1.330727875138369e-22, nan 
53.375, 79.625, 1.0765513584308402e-22, nan 
53.625, 79.625, 1.2498291371571146e-22, nan 
53.875, 79.625, 1.0559133727380005e-22, nan 
54.125, 79.625, 9.398716525712159e-23, nan 
54.375, 79.625, 8.933552450599763e-23, nan 
54.625, 79.625, 6.14408821343549e-23, nan 
54.875, 79.625, 6.289830380758052e-23, nan 
55.125, 79.625, 7.469909705929659e-23, nan 
55.375, 79.625, 5.484622542656985e-23, nan 
55.625, 79.625, 3.6031724431779815e-23, nan 
55.875, 79.625, 3.5603654148668337e-23, nan 
56.125, 79.625, 3.260824474650242e-23, nan 
56.375, 79.625, 7.614840015196613e-23, nan 
56.625, 79.625, 6.240958825824139e-23, nan 
56.875, 79.625, 4.7653375847131136e-23, nan 
57.125, 79.625, 4.809785187868001e-23, nan 
57.375, 79.625, 2.3106483652695484e-23, nan 
57.625, 79.625, 2.4637016630270855e-23, nan 
57.875, 79.625, 7.084796856511696e-23, nan 
58.125, 79.625, 1.0627102855095922e-22, nan 
58.375, 79.625, 1.4020416699981144e-22, nan 
58.625, 79.625, 1.5014763437744059e-22, nan 
58.875, 79.625, 1.7589620030412552e-22, nan 
59.125, 79.625, 1.4198335925118506e-22, nan 
59.375, 79.625, 1.3117050894987258e-22, nan 
59.625, 79.625, 1.3561259256967883e-22, nan 
59.875, 79.625, 1.4123100188180857e-22, nan 
60.125, 79.625, 1.3774412101824148e-22, nan 
60.375, 79.625, 1.1516514195510405e-22, nan 
60.625, 79.625, 1.0139536236357671e-22, nan 
60.875, 79.625, 9.234723107734677e-23, nan 
61.125, 79.625, 7.960756314513207e-23, nan 
61.375, 79.625, 8.449343378146986e-23, nan 
61.625, 79.625, 1.0182066207399751e-22, nan 
61.875, 79.625, 1.075096720816649e-22, nan 
62.125, 79.625, 9.127473665647914e-23, nan 
62.375, 79.625, 7.606499430462102e-23, nan 
62.625, 79.625, 6.416806889558477e-23, nan 
62.875, 79.625, 4.770052944437757e-23, nan 
63.125, 79.625, 3.511315838792377e-23, nan 
63.375, 79.625, 3.62499469629968e-23, nan 
63.625, 79.625, 3.819434386716454e-23, nan 
63.875, 79.625, 4.6150376276986535e-23, nan 
64.125, 79.625, 4.7639280782616675e-23, nan 
64.375, 79.625, 5.2572104745348317e-23, nan 
64.625, 79.625, 4.9091367117659643e-23, nan 
64.875, 79.625, 4.856831639646238e-23, nan 
65.125, 79.625, 5.293759273505759e-23, nan 
65.375, 79.625, 6.531864844990103e-23, nan 
65.625, 79.625, 6.029843671666892e-23, nan 
65.875, 79.625, 6.506774415045316e-23, nan 
66.125, 79.625, 6.206028225533906e-23, nan 
66.375, 79.625, 5.372355749466995e-23, nan 
66.625, 79.625, 5.852421214423265e-23, nan 
66.875, 79.625, 6.128786992589124e-23, nan 
67.125, 79.625, 6.163580438793023e-23, nan 
67.375, 79.625, 5.541264987210899e-23, nan 
67.625, 79.625, 4.674226969031051e-23, nan 
67.875, 79.625, 5.120959233574992e-23, nan 
68.125, 79.625, 5.0595236235905974e-23, nan 
68.375, 79.625, 4.445755237544403e-23, nan 
68.625, 79.625, 4.29113672468553e-23, nan 
68.875, 79.625, 3.8302578259602745e-23, nan 
69.125, 79.625, 3.821183286209456e-23, nan 
69.375, 79.625, 3.0433794091493605e-23, nan 
69.625, 79.625, 2.2545710869012177e-23, nan 
69.875, 79.625, 2.5769108617623147e-23, nan 
70.125, 79.625, 2.5729619915511286e-23, nan 
70.375, 79.625, 2.5911389492974455e-23, nan 
70.625, 79.625, 2.3015287935555177e-23, nan 
70.875, 79.625, 2.770480007568467e-23, nan 
71.125, 79.625, 2.004953924280982e-23, nan 
71.375, 79.625, 1.5068367711902108e-23, nan 
71.625, 79.625, 1.157694449060536e-23, nan 
71.875, 79.625, 7.236595889621204e-24, nan 
72.125, 79.625, 1.5349024552396573e-23, nan 
72.375, 79.625, 1.8756780701561083e-23, nan 
72.625, 79.625, 2.209491137116651e-23, nan 
72.875, 79.625, 1.6957865640862875e-23, nan 
73.125, 79.625, 1.6357161198901198e-23, nan 
73.375, 79.625, 2.870076976051212e-23, nan 
73.625, 79.625, 2.867377958553552e-23, nan 
73.875, 79.625, 3.669044122980457e-23, nan 
74.125, 79.625, 4.629924996053932e-23, nan 
74.375, 79.625, 4.4113097366686865e-23, nan 
74.625, 79.625, 4.596250742290664e-23, nan 
74.875, 79.625, 2.1351535316584703e-23, nan 
75.125, 79.625, 2.0523167963856332e-23, nan 
75.375, 79.625, 1.4818834977992048e-23, nan 
75.625, 79.625, 8.967049923158457e-24, nan 
75.875, 79.625, 8.274114779679159e-24, nan 
76.125, 79.625, 1.0509902783290824e-23, nan 
76.375, 79.625, 9.60223908626689e-24, nan 
76.625, 79.625, 1.0009011924515803e-23, nan 
76.875, 79.625, 1.1687679895351321e-23, nan 
77.125, 79.625, 7.716577486417925e-24, nan 
77.375, 79.625, 1.1574349760515137e-23, nan 
77.625, 79.625, 5.656428087951533e-24, nan 
77.875, 79.625, 6.540993154178558e-24, nan 
78.125, 79.625, 1.1991560738495244e-23, nan 
78.375, 79.625, 6.73743296733158e-24, nan 
78.625, 79.625, 6.6601470579426e-24, nan 
78.875, 79.625, 6.3513967992379324e-24, nan 
79.125, 79.625, 6.581360423571407e-24, nan 
79.375, 79.625, 8.105078221116838e-24, nan 
79.625, 79.625, 9.221933167623905e-24, nan 
79.875, 79.625, 1.611545351482128e-23, nan 
80.125, 79.625, 1.031250116129272e-23, nan 
80.375, 79.625, 8.740868679829853e-24, nan 
80.625, 79.625, 6.1636467253960896e-24, nan 
80.875, 79.625, 4.923402623680825e-24, nan 
81.125, 79.625, 7.616283011982578e-24, nan 
81.375, 79.625, 5.111775104917871e-24, nan 
81.625, 79.625, 5.643793960127848e-24, nan 
81.875, 79.625, 2.474204947972906e-24, nan 
82.125, 79.625, 4.1314453220333414e-24, nan 
82.375, 79.625, 5.177318553582399e-24, nan 
82.625, 79.625, 4.603178902130112e-24, nan 
82.875, 79.625, 1.0291926416534225e-23, nan 
83.125, 79.625, 6.75876518677793e-24, nan 
83.375, 79.625, 1.6941099334943252e-24, nan 
83.625, 79.625, 6.5897944502745856e-24, nan 
83.875, 79.625, 2.3118421814619164e-24, nan 
84.125, 79.625, 3.49813281658059e-24, nan 
84.375, 79.625, 7.249845096100469e-24, nan 
84.625, 79.625, 3.562645585288444e-24, nan 
84.875, 79.625, 8.242672623121375e-24, nan 
85.125, 79.625, 4.0045415525318285e-24, nan 
85.375, 79.625, 6.773355287532026e-24, nan 
85.625, 79.625, 5.095210983181503e-24, nan 
85.875, 79.625, 8.17144017145619e-24, nan 
86.125, 79.625, 6.658882334387012e-24, nan 
86.375, 79.625, 3.6798388148425436e-24, nan 
86.625, 79.625, 1.6436000999877092e-24, nan 
86.875, 79.625, 3.662233900642478e-24, nan 
87.125, 79.625, 4.2525225357745086e-24, nan 
87.375, 79.625, 3.0764707699318615e-24, nan 
87.625, 79.625, 3.0557001183940787e-24, nan 
87.875, 79.625, 2.6599691767477592e-24, nan 
88.125, 79.625, 4.088315328709327e-24, nan 
88.375, 79.625, 3.889142772790063e-24, nan 
88.625, 79.625, 2.239984850982866e-24, nan 
88.875, 79.625, 1.959383172626153e-24, nan 
89.125, 79.625, 4.0373120228460445e-24, nan 
89.375, 79.625, 3.9326071143778204e-24, nan 
89.625, 79.625, 3.209218873952316e-24, nan 
89.875, 79.625, 5.1140458582968246e-24, nan 
90.125, 79.625, 3.228078716216047e-24, nan 
90.375, 79.625, 3.8331577781928834e-24, nan 
90.625, 79.625, 4.471844624556093e-24, nan 
90.875, 79.625, 4.0081535497756684e-24, nan 
91.125, 79.625, 5.131487123153634e-24, nan 
91.375, 79.625, 3.564656950971543e-24, nan 
91.625, 79.625, 2.4120107485097285e-24, nan 
91.875, 79.625, 4.492933980196231e-24, nan 
92.125, 79.625, 3.342217489825988e-24, nan 
92.375, 79.625, 3.7923028169560246e-24, nan 
92.625, 79.625, 7.28075649006092e-24, nan 
92.875, 79.625, 6.697404961433485e-24, nan 
93.125, 79.625, 4.8570537959068494e-24, nan 
93.375, 79.625, 3.715795999348195e-24, nan 
93.625, 79.625, 4.8766310597559855e-24, nan 
93.875, 79.625, 7.03767751155134e-24, nan 
94.125, 79.625, 7.370705121614838e-24, nan 
94.375, 79.625, 6.237018219659301e-24, nan 
94.625, 79.625, 5.059739519626277e-24, nan 
94.875, 79.625, 5.082063539198704e-24, nan 
95.125, 79.625, 5.8198061541260895e-24, nan 
95.375, 79.625, 4.9451353166104754e-24, nan 
95.625, 79.625, 4.855064451555394e-24, nan 
95.875, 79.625, 3.909818297466601e-24, nan 
96.125, 79.625, 6.1304514776704134e-24, nan 
96.375, 79.625, 1.8985186443042e-24, nan 
96.625, 79.625, 1.6908992045737613e-24, nan 
96.875, 79.625, 2.874632029160093e-24, nan 
97.125, 79.625, 2.1463847776136244e-24, nan 
97.375, 79.625, 5.551340799540674e-24, nan 
97.625, 79.625, 2.2464176070579415e-24, nan 
97.875, 79.625, 7.39829034443601e-24, nan 
98.125, 79.625, 4.204227211362927e-24, nan 
98.375, 79.625, 2.7464019292099596e-24, nan 
98.625, 79.625, 2.332356987383836e-24, nan 
98.875, 79.625, 2.2878561219323544e-24, nan 
99.125, 79.625, 2.215968961367457e-24, nan 
99.375, 79.625, 2.1068761534103176e-24, nan 
99.625, 79.625, 2.5082687118515502e-24, nan 
99.875, 79.625, 1.6238230829367732e-24, nan 
100.125, 79.625, 7.440033180947521e-25, nan 
100.375, 79.625, 1.718427349282502e-24, nan 
100.625, 79.625, 2.3855897498288025e-24, nan 
100.875, 79.625, 2.3983542461279795e-24, nan 
101.125, 79.625, 2.4172539245001712e-24, nan 
101.375, 79.625, 2.2940034108284556e-24, nan 
101.625, 79.625, 3.170646975016437e-24, nan 
101.875, 79.625, 3.619727758616915e-24, nan 
102.125, 79.625, 1.917898327510517e-24, nan 
102.375, 79.625, 2.1415846900457848e-24, nan 
102.625, 79.625, 1.8159227639570713e-24, nan 
102.875, 79.625, 1.1914977063801324e-24, nan 
103.125, 79.625, 1.6092061473033519e-24, nan 
103.375, 79.625, 8.127941037652602e-24, nan 
103.625, 79.625, 8.506415564460642e-24, nan 
103.875, 79.625, 9.436424111173895e-24, nan 
104.125, 79.625, 8.421174925664992e-24, nan 
104.375, 79.625, 7.362988986505553e-24, nan 
104.625, 79.625, 5.649532138282401e-24, nan 
104.875, 79.625, 2.9646267483840213e-24, nan 
105.125, 79.625, 5.3276323935282196e-24, nan 
105.375, 79.625, 9.013834930851986e-24, nan 
105.625, 79.625, 1.0423112965318532e-23, nan 
105.875, 79.625, 4.4269052978483394e-24, nan 
106.125, 79.625, 3.9334317657673264e-24, nan 
106.375, 79.625, 4.262122952258792e-24, nan 
106.625, 79.625, 4.6427874387618266e-24, nan 
106.875, 79.625, 4.404942051179863e-24, nan 
107.125, 79.625, 2.577032044178691e-24, nan 
107.375, 79.625, 2.937610941676033e-24, nan 
107.625, 79.625, 3.0213770644305912e-24, nan 
107.875, 79.625, 2.7267197611549478e-24, nan 
108.125, 79.625, 2.212042961901893e-24, nan 
108.375, 79.625, 1.95580178728905e-24, nan 
108.625, 79.625, 3.2631175856982103e-24, nan 
108.875, 79.625, 2.532730632583116e-24, nan 
109.125, 79.625, 2.3596684377325442e-24, nan 
109.375, 79.625, 2.903390072204121e-24, nan 
109.625, 79.625, 3.878531653258818e-24, nan 
109.875, 79.625, 3.602808487116793e-24, nan 
110.125, 79.625, 3.729769602810457e-24, nan 
110.375, 79.625, 3.984796957352449e-24, nan 
110.625, 79.625, 8.091810137442492e-24, nan 
110.875, 79.625, 1.2056881671632717e-23, nan 
111.125, 79.625, 1.1859425793564287e-23, nan 
111.375, 79.625, 1.0501678114204849e-23, nan 
111.625, 79.625, 9.432744061462828e-24, nan 
111.875, 79.625, 1.1719320568627106e-23, nan 
112.125, 79.625, 1.2273298144233826e-23, nan 
112.375, 79.625, 1.4677019528569932e-23, nan 
112.625, 79.625, 1.1301843431607911e-23, nan 
112.875, 79.625, 8.485983118748076e-24, nan 
113.125, 79.625, 9.255343295953146e-24, nan 
113.375, 79.625, 9.583028135479903e-24, nan 
113.625, 79.625, 1.0440464044902658e-23, nan 
113.875, 79.625, 9.906505712438085e-24, nan 
114.125, 79.625, 9.043554988481305e-24, nan 
114.375, 79.625, 9.062401520978167e-24, nan 
114.625, 79.625, 9.017785948973662e-24, nan 
114.875, 79.625, 9.571059290850832e-24, nan 
115.125, 79.625, 8.779458400679792e-24, nan 
115.375, 79.625, 8.806413436534136e-24, nan 
115.625, 79.625, 8.366627934202075e-24, nan 
115.875, 79.625, 9.011531148066936e-24, nan 
116.125, 79.625, 1.1449691358090584e-23, nan 
116.375, 79.625, 1.0590457942706415e-23, nan 
116.625, 79.625, 7.912040760260146e-24, nan 
116.875, 79.625, 7.492304203763928e-24, nan 
117.125, 79.625, 5.786795583842991e-24, nan 
117.375, 79.625, 5.8809664163297176e-24, nan 
117.625, 79.625, 5.956966764145997e-24, nan 
117.875, 79.625, 5.377280198753948e-24, nan 
118.125, 79.625, 5.0552660244959956e-24, nan 
118.375, 79.625, 4.2492922101227415e-24, nan 
118.625, 79.625, 5.192209100725422e-24, nan 
118.875, 79.625, 6.1571927976795235e-24, nan 
119.125, 79.625, 5.731211492980018e-24, nan 
119.375, 79.625, 5.898001493724593e-24, nan 
119.625, 79.625, 5.822646859822984e-24, nan 
119.875, 79.625, 6.631342520589589e-24, nan 
120.125, 79.625, 5.8785548475432936e-24, nan 
120.375, 79.625, 4.7534263891947395e-24, nan 
120.625, 79.625, 5.682344094916626e-24, nan 
120.875, 79.625, 6.6181829730456e-24, nan 
121.125, 79.625, 6.848969860847287e-24, nan 
121.375, 79.625, 6.226491721637643e-24, nan 
121.625, 79.625, 6.773606702816086e-24, nan 
121.875, 79.625, 6.861896681122806e-24, nan 
122.125, 79.625, 5.4423934470326624e-24, nan 
122.375, 79.625, 4.3706352958377715e-24, nan 
122.625, 79.625, 4.327307082084194e-24, nan 
122.875, 79.625, 5.6644998955808216e-24, nan 
123.125, 79.625, 6.430108239084629e-24, nan 
123.375, 79.625, 5.2556411013860624e-24, nan 
123.625, 79.625, 4.07552330599289e-24, nan 
123.875, 79.625, 5.176924619743751e-24, nan 
124.125, 79.625, 3.895520669491947e-24, nan 
124.375, 79.625, 3.530219426971143e-24, nan 
124.625, 79.625, 4.609210878538446e-24, nan 
124.875, 79.625, 4.070213593779882e-24, nan 
125.125, 79.625, 4.1968408016205926e-24, nan 
125.375, 79.625, 3.526425141615361e-24, nan 
125.625, 79.625, 1.949732289209377e-24, nan 
125.875, 79.625, 2.924532902844315e-24, nan 
126.125, 79.625, 2.9778638557630504e-24, nan 
126.375, 79.625, 1.9865466116736018e-24, nan 
126.625, 79.625, 1.7363446189971583e-24, nan 
126.875, 79.625, 1.8630486470892124e-24, nan 
127.125, 79.625, 2.621582229983649e-24, nan 
127.375, 79.625, 1.9156419211380672e-24, nan 
127.625, 79.625, 1.4437954312624787e-24, nan 
127.875, 79.625, 2.203923393147533e-24, nan 
128.125, 79.625, 2.0491613567211675e-24, nan 
128.375, 79.625, 2.158120511141069e-24, nan 
128.625, 79.625, 2.3787937692034222e-24, nan 
128.875, 79.625, 2.390849282624914e-24, nan 
129.125, 79.625, 2.4418895195522563e-24, nan 
129.375, 79.625, 2.25319259819968e-24, nan 
129.625, 79.625, 1.8524323565147405e-24, nan 
129.875, 79.625, 2.286038194087014e-24, nan 
130.125, 79.625, 3.39075474154721e-24, nan 
130.375, 79.625, 2.872076630949522e-24, nan 
130.625, 79.625, 2.627676447385288e-24, nan 
130.875, 79.625, 1.8057504072669787e-24, nan 
131.125, 79.625, 2.3091582356463293e-24, nan 
131.375, 79.625, 1.018127102539117e-24, nan 
131.625, 79.625, 1.9335979190850193e-24, nan 
131.875, 79.625, 2.6505234899305753e-24, nan 
132.125, 79.625, 1.1426011128043206e-24, nan 
132.375, 79.625, 2.3667325437167602e-24, nan 
132.625, 79.625, 2.4358473196833347e-24, nan 
132.875, 79.625, 3.2150784227426962e-24, nan 
133.125, 79.625, 3.4601386368936195e-24, nan 
133.375, 79.625, 2.7617358383866106e-24, nan 
133.625, 79.625, 2.1219474401868612e-24, nan 
133.875, 79.625, 1.7823447763892943e-24, nan 
134.125, 79.625, 2.8493736264875293e-24, nan 
134.375, 79.625, 2.1090351887644958e-24, nan 
134.625, 79.625, 1.6782650424553936e-24, nan 
134.875, 79.625, 1.142696033049498e-24, nan 
135.125, 79.625, 2.328458608952891e-24, nan 
135.375, 79.625, 2.587529163174699e-24, nan 
135.625, 79.625, 1.679112354774053e-24, nan 
135.875, 79.625, 2.3698705547169198e-24, nan 
136.125, 79.625, 2.0616879885923783e-24, nan 
136.375, 79.625, 1.8439396684626854e-24, nan 
136.625, 79.625, 2.2983083474636056e-24, nan 
136.875, 79.625, 3.3036392100220834e-24, nan 
137.125, 79.625, 4.25165743944549e-24, nan 
137.375, 79.625, 3.954120110901251e-24, nan 
137.625, 79.625, 3.639957742204615e-24, nan 
137.875, 79.625, 1.3530605053121304e-24, nan 
138.125, 79.625, 5.859079033556453e-24, nan 
138.375, 79.625, 2.450526085149637e-24, nan 
138.625, 79.625, 6.992820323933413e-24, nan 
138.875, 79.625, 7.449964193750764e-24, nan 
139.125, 79.625, 3.1966792182531508e-24, nan 
139.375, 79.625, 1.2950230445262521e-23, nan 
139.625, 79.625, 2.9811378383184555e-24, nan 
139.875, 79.625, 5.1460768984773034e-24, nan 
140.125, 79.625, 5.4308459227343024e-24, nan 
140.375, 79.625, 2.9499079527867624e-24, nan 
140.625, 79.625, 7.699156770090355e-24, nan 
140.875, 79.625, 3.785898986229286e-24, nan 
141.125, 79.625, 3.5425870509837015e-24, nan 
141.375, 79.625, 4.578723538587875e-24, nan 
141.625, 79.625, 4.672905745048484e-24, nan 
141.875, 79.625, 3.614560533323563e-24, nan 
142.125, 79.625, 4.030688423546294e-24, nan 
142.375, 79.625, 3.85843138460472e-24, nan 
142.625, 79.625, 4.1986500516541e-24, nan 
142.875, 79.625, 4.178555903157078e-24, nan 
143.125, 79.625, 3.607043013622839e-24, nan 
143.375, 79.625, 3.421844155068836e-24, nan 
143.625, 79.625, 2.8375539230002054e-24, nan 
143.875, 79.625, 2.7215101127546076e-24, nan 
144.125, 79.625, 2.2838733572300505e-24, nan 
144.375, 79.625, 2.8715485095767812e-24, nan 
144.625, 79.625, 2.3741866324160024e-24, nan 
144.875, 79.625, 2.6218665571582267e-24, nan 
145.125, 79.625, 2.659562144499143e-24, nan 
145.375, 79.625, 2.7684438938058648e-24, nan 
145.625, 79.625, 2.9762384418063436e-24, nan 
145.875, 79.625, 2.4258760669649178e-24, nan 
146.125, 79.625, 2.762260409878486e-24, nan 
146.375, 79.625, 2.362693915971031e-24, nan 
146.625, 79.625, 1.6898820682124936e-24, nan 
146.875, 79.625, 1.654865364137191e-24, nan 
147.125, 79.625, 1.532459998741557e-24, nan 
147.375, 79.625, 1.2584173778994427e-24, nan 
147.625, 79.625, 6.605555904736484e-25, nan 
147.875, 79.625, 1.5161297486976009e-24, nan 
148.125, 79.625, 1.6817279594263736e-24, nan 
148.375, 79.625, 1.396588803998369e-24, nan 
148.625, 79.625, 1.482732134969235e-24, nan 
148.875, 79.625, 1.1455606100877899e-24, nan 
149.125, 79.625, 1.7656167883057815e-24, nan 
149.375, 79.625, 1.82435815301545e-24, nan 
149.625, 79.625, 9.667411345233177e-25, nan 
149.875, 79.625, 8.950465367863739e-25, nan 
150.125, 79.625, 1.5688778143516294e-24, nan 
150.375, 79.625, 2.2826836911297478e-24, nan 
150.625, 79.625, 2.8461920580711888e-24, nan 
150.875, 79.625, 2.0601056058536957e-24, nan 
151.125, 79.625, 2.0278533338025812e-24, nan 
151.375, 79.625, 1.801741934921046e-24, nan 
151.625, 79.625, 2.748024724623253e-24, nan 
151.875, 79.625, 2.561276896136677e-24, nan 
152.125, 79.625, 2.7117743979193893e-24, nan 
152.375, 79.625, 2.7901023512511556e-24, nan 
152.625, 79.625, 3.073555868986454e-24, nan 
152.875, 79.625, 1.6006110253721377e-24, nan 
153.125, 79.625, 8.89171150517683e-25, nan 
153.375, 79.625, 9.157113247487875e-25, nan 
153.625, 79.625, 2.138371401605421e-24, nan 
153.875, 79.625, 2.1076589828898712e-24, nan 
154.125, 79.625, 2.3810235577408743e-24, nan 
154.375, 79.625, 2.1081162816885782e-24, nan 
154.625, 79.625, 2.0770104431852313e-24, nan 
154.875, 79.625, 2.554600294853951e-24, nan 
155.125, 79.625, 2.9309567196931433e-24, nan 
155.375, 79.625, 3.2423139636679204e-24, nan 
155.625, 79.625, 3.245174442720936e-24, nan 
155.875, 79.625, 3.379457484513851e-24, nan 
156.125, 79.625, 3.80327958357654e-24, nan 
156.375, 79.625, 4.114582615042016e-24, nan 
156.625, 79.625, 3.969562891760588e-24, nan 
156.875, 79.625, 4.030074997156409e-24, nan 
157.125, 79.625, 3.7151016550418564e-24, nan 
157.375, 79.625, 4.010539704490788e-24, nan 
157.625, 79.625, 4.0612487714061255e-24, nan 
157.875, 79.625, 4.4290402366117886e-24, nan 
158.125, 79.625, 3.559341871072361e-24, nan 
158.375, 79.625, 2.764117712692839e-24, nan 
158.625, 79.625, 1.7362554894547093e-24, nan 
158.875, 79.625, 2.7312306525882343e-24, nan 
159.125, 79.625, 4.01384373502203e-24, nan 
159.375, 79.625, 5.800701355062049e-24, nan 
159.625, 79.625, 4.336814946092989e-24, nan 
159.875, 79.625, 2.5834515484711434e-24, nan 
160.125, 79.625, 2.561981402667912e-24, nan 
160.375, 79.625, 4.742070199543004e-24, nan 
160.625, 79.625, 5.009637469737436e-24, nan 
160.875, 79.625, 3.5997525239530534e-24, nan 
161.125, 79.625, 2.7865426133314064e-24, nan 
161.375, 79.625, 1.379650408778894e-24, nan 
161.625, 79.625, 1.7000463146238247e-24, nan 
161.875, 79.625, 2.3077194861723333e-24, nan 
162.125, 79.625, 1.7915472161736817e-24, nan 
162.375, 79.625, 1.7915908135424746e-24, nan 
162.625, 79.625, 1.682068859145781e-24, nan 
162.875, 79.625, 2.1787850875964485e-24, nan 
163.125, 79.625, 1.7120494364056308e-24, nan 
163.375, 79.625, 3.910672014189414e-24, nan 
163.625, 79.625, 2.3517176942751637e-24, nan 
163.875, 79.625, 2.2928440910287882e-24, nan 
164.125, 79.625, 2.0857757645614517e-24, nan 
164.375, 79.625, 1.900856073535934e-24, nan 
164.625, 79.625, 3.096592343268894e-24, nan 
164.875, 79.625, 2.475703416645222e-24, nan 
165.125, 79.625, 2.7837547191622827e-24, nan 
165.375, 79.625, 3.546266384073571e-24, nan 
165.625, 79.625, 3.8905116928474385e-24, nan 
165.875, 79.625, 2.466213297933202e-24, nan 
166.125, 79.625, 2.940827117132583e-24, nan 
166.375, 79.625, 3.979266690770367e-24, nan 
166.625, 79.625, 5.5840089126308904e-24, nan 
166.875, 79.625, 5.819084268259155e-24, nan 
167.125, 79.625, 4.901352044844847e-24, nan 
167.375, 79.625, 4.617574782780653e-24, nan 
167.625, 79.625, 5.289251338882855e-24, nan 
167.875, 79.625, 6.86086814465023e-24, nan 
168.125, 79.625, 5.791334184926534e-24, nan 
168.375, 79.625, 4.165153292823681e-24, nan 
168.625, 79.625, 4.285304738120354e-24, nan 
168.875, 79.625, 4.680482833421111e-24, nan 
169.125, 79.625, 5.292897732705283e-24, nan 
169.375, 79.625, 5.107699089417907e-24, nan 
169.625, 79.625, 5.0052619936371136e-24, nan 
169.875, 79.625, 5.0232606903526504e-24, nan 
170.125, 79.625, 6.455721593741343e-24, nan 
170.375, 79.625, 4.4456657891760416e-24, nan 
170.625, 79.625, 4.991317130737338e-24, nan 
170.875, 79.625, 4.829089207297753e-24, nan 
171.125, 79.625, 6.388461417080836e-24, nan 
171.375, 79.625, 5.307969359585535e-24, nan 
171.625, 79.625, 5.372953697423446e-24, nan 
171.875, 79.625, 5.962804362378776e-24, nan 
172.125, 79.625, 4.4851582801308604e-24, nan 
172.375, 79.625, 4.6853566177461665e-24, nan 
172.625, 79.625, 4.186865248051993e-24, nan 
172.875, 79.625, 4.085374817545196e-24, nan 
173.125, 79.625, 5.090468110847393e-24, nan 
173.375, 79.625, 5.891986935930299e-24, nan 
173.625, 79.625, 6.653484393273138e-24, nan 
173.875, 79.625, 6.857063930861606e-24, nan 
174.125, 79.625, 7.008540533434966e-24, nan 
174.375, 79.625, 7.898676813838282e-24, nan 
174.625, 79.625, 7.734683875846776e-24, nan 
174.875, 79.625, 8.913414977704996e-24, nan 
175.125, 79.625, 7.001226270158961e-24, nan 
175.375, 79.625, 8.291246836958073e-24, nan 
175.625, 79.625, 7.282069400323955e-24, nan 
175.875, 79.625, 8.214342605322732e-24, nan 
176.125, 79.625, 8.033174956324658e-24, nan 
176.375, 79.625, 7.376407489023622e-24, nan 
176.625, 79.625, 7.014836319406848e-24, nan 
176.875, 79.625, 7.720429257481001e-24, nan 
177.125, 79.625, 7.257438306531639e-24, nan 
177.375, 79.625, 7.698164309623787e-24, nan 
177.625, 79.625, 6.959438681542592e-24, nan 
177.875, 79.625, 7.49428657127493e-24, nan 
178.125, 79.625, 7.512929171457521e-24, nan 
178.375, 79.625, 7.311391633509069e-24, nan 
178.625, 79.625, 6.857728426372888e-24, nan 
178.875, 79.625, 7.408912546696087e-24, nan 
179.125, 79.625, 6.893754758267772e-24, nan 
179.375, 79.625, 7.614690627140096e-24, nan 
179.625, 79.625, 6.725964493111602e-24, nan 
179.875, 79.625, 7.760892899641005e-24, nan 
-179.875, 79.875, 6.691639057797152e-24, nan 
-179.625, 79.875, 7.22959709455804e-24, nan 
-179.375, 79.875, 6.941052632217369e-24, nan 
-179.125, 79.875, 7.182790713383093e-24, nan 
-178.875, 79.875, 6.937233407363378e-24, nan 
-178.625, 79.875, 6.897561020593392e-24, nan 
-178.375, 79.875, 7.351474497896185e-24, nan 
-178.125, 79.875, 7.063753032658507e-24, nan 
-177.875, 79.875, 7.178082411857539e-24, nan 
-177.625, 79.875, 6.568116693168649e-24, nan 
-177.375, 79.875, 6.774076586408493e-24, nan 
-177.125, 79.875, 7.310219089060871e-24, nan 
-176.875, 79.875, 6.826471033654672e-24, nan 
-176.625, 79.875, 7.580743584310843e-24, nan 
-176.375, 79.875, 6.5250946571305545e-24, nan 
-176.125, 79.875, 6.3760610162720955e-24, nan 
-175.875, 79.875, 7.502765236809213e-24, nan 
-175.625, 79.875, 7.024119909723012e-24, nan 
-175.375, 79.875, 6.60352229445407e-24, nan 
-175.125, 79.875, 6.720005905866621e-24, nan 
-174.875, 79.875, 6.5123325243554745e-24, nan 
-174.625, 79.875, 6.61329055224468e-24, nan 
-174.375, 79.875, 6.819236078885371e-24, nan 
-174.125, 79.875, 6.501196211137161e-24, nan 
-173.875, 79.875, 7.016751587584151e-24, nan 
-173.625, 79.875, 6.892153557753738e-24, nan 
-173.375, 79.875, 7.010404724664416e-24, nan 
-173.125, 79.875, 7.010982773519712e-24, nan 
-172.875, 79.875, 6.8240586140703e-24, nan 
-172.625, 79.875, 6.679781953730677e-24, nan 
-172.375, 79.875, 7.17592775689727e-24, nan 
-172.125, 79.875, 6.836417213992495e-24, nan 
-171.875, 79.875, 7.066750034303703e-24, nan 
-171.625, 79.875, 6.406952369965546e-24, nan 
-171.375, 79.875, 7.348894515361516e-24, nan 
-171.125, 79.875, 7.271167803964603e-24, nan 
-170.875, 79.875, 7.760868422356185e-24, nan 
-170.625, 79.875, 6.733895850547516e-24, nan 
-170.375, 79.875, 6.935194490001231e-24, nan 
-170.125, 79.875, 7.151300602413471e-24, nan 
-169.875, 79.875, 7.967634671686779e-24, nan 
-169.625, 79.875, 7.400725197514467e-24, nan 
-169.375, 79.875, 6.875872290905557e-24, nan 
-169.125, 79.875, 7.576864864012152e-24, nan 
-168.875, 79.875, 6.36003553464091e-24, nan 
-168.625, 79.875, 7.40084244618364e-24, nan 
-168.375, 79.875, 7.314071929410603e-24, nan 
-168.125, 79.875, 7.111684083750527e-24, nan 
-167.875, 79.875, 7.708028823997943e-24, nan 
-167.625, 79.875, 7.026836432646215e-24, nan 
-167.375, 79.875, 7.1089940821887e-24, nan 
-167.125, 79.875, 8.745636424098133e-24, nan 
-166.875, 79.875, 7.859699015856525e-24, nan 
-166.625, 79.875, 8.268603003779119e-24, nan 
-166.375, 79.875, 6.980339014609024e-24, nan 
-166.125, 79.875, 7.5603987638475e-24, nan 
-165.875, 79.875, 7.51643317672921e-24, nan 
-165.625, 79.875, 7.910677295717435e-24, nan 
-165.375, 79.875, 7.217658906526923e-24, nan 
-165.125, 79.875, 7.041067281423758e-24, nan 
-164.875, 79.875, 6.938401242523324e-24, nan 
-164.625, 79.875, 7.180589840265665e-24, nan 
-164.375, 79.875, 6.76308746945095e-24, nan 
-164.125, 79.875, 6.878946461105268e-24, nan 
-163.875, 79.875, 6.174060814439848e-24, nan 
-163.625, 79.875, 7.110991729500333e-24, nan 
-163.375, 79.875, 6.677077215181022e-24, nan 
-163.125, 79.875, 6.739419797263585e-24, nan 
-162.875, 79.875, 6.957957937534431e-24, nan 
-162.625, 79.875, 6.275270961617085e-24, nan 
-162.375, 79.875, 6.67514164484114e-24, nan 
-162.125, 79.875, 6.882180684041706e-24, nan 
-161.875, 79.875, 7.70940654368827e-24, nan 
-161.625, 79.875, 6.60263025751394e-24, nan 
-161.375, 79.875, 7.369886078255867e-24, nan 
-161.125, 79.875, 6.211045301849623e-24, nan 
-160.875, 79.875, 7.173738379243613e-24, nan 
-160.625, 79.875, 6.5509212823837656e-24, nan 
-160.375, 79.875, 6.935158431819129e-24, nan 
-160.125, 79.875, 6.5775211302951864e-24, nan 
-159.875, 79.875, 6.612095376025146e-24, nan 
-159.625, 79.875, 6.147950988589902e-24, nan 
-159.375, 79.875, 6.45505541751618e-24, nan 
-159.125, 79.875, 6.644957336068942e-24, nan 
-158.875, 79.875, 6.855847550125934e-24, nan 
-158.625, 79.875, 6.664879779664421e-24, nan 
-158.375, 79.875, 6.4251911475066565e-24, nan 
-158.125, 79.875, 5.86518078178333e-24, nan 
-157.875, 79.875, 6.5867275335778795e-24, nan 
-157.625, 79.875, 6.4109389424722415e-24, nan 
-157.375, 79.875, 6.458508697452807e-24, nan 
-157.125, 79.875, 7.307799196650066e-24, nan 
-156.875, 79.875, 5.450183769971608e-24, nan 
-156.625, 79.875, 6.632488679533748e-24, nan 
-156.375, 79.875, 6.133050251344836e-24, nan 
-156.125, 79.875, 6.4510001612873486e-24, nan 
-155.875, 79.875, 6.230105511761323e-24, nan 
-155.625, 79.875, 6.088665701071739e-24, nan 
-155.375, 79.875, 6.653251306778342e-24, nan 
-155.125, 79.875, 6.591981442668181e-24, nan 
-154.875, 79.875, 6.701299733741615e-24, nan 
-154.625, 79.875, 6.5081288737383024e-24, nan 
-154.375, 79.875, 6.060576511921629e-24, nan 
-154.125, 79.875, 6.0555378296326184e-24, nan 
-153.875, 79.875, 5.957250627411474e-24, nan 
-153.625, 79.875, 6.040135087587892e-24, nan 
-153.375, 79.875, 5.627634382985224e-24, nan 
-153.125, 79.875, 5.955869174278497e-24, nan 
-152.875, 79.875, 6.146024665864334e-24, nan 
-152.625, 79.875, 6.057764446717442e-24, nan 
-152.375, 79.875, 6.790472238365965e-24, nan 
-152.125, 79.875, 7.12131649740066e-24, nan 
-151.875, 79.875, 7.011445755619806e-24, nan 
-151.625, 79.875, 7.109120316787143e-24, nan 
-151.375, 79.875, 7.497286325477335e-24, nan 
-151.125, 79.875, 7.087015260014308e-24, nan 
-150.875, 79.875, 8.719151139629069e-24, nan 
-150.625, 79.875, 8.200329752277583e-24, nan 
-150.375, 79.875, 7.48592579344642e-24, nan 
-150.125, 79.875, 7.83241880396047e-24, nan 
-149.875, 79.875, 8.34969266030273e-24, nan 
-149.625, 79.875, 8.61537344162335e-24, nan 
-149.375, 79.875, 8.840357074013007e-24, nan 
-149.125, 79.875, 7.912692364464078e-24, nan 
-148.875, 79.875, 8.292954759392635e-24, nan 
-148.625, 79.875, 9.179580753427844e-24, nan 
-148.375, 79.875, 8.427191842930159e-24, nan 
-148.125, 79.875, 8.732921859426863e-24, nan 
-147.875, 79.875, 8.906039123469251e-24, nan 
-147.625, 79.875, 7.952262090678656e-24, nan 
-147.375, 79.875, 8.55023624160378e-24, nan 
-147.125, 79.875, 9.948367832838975e-24, nan 
-146.875, 79.875, 8.625176245730296e-24, nan 
-146.625, 79.875, 9.26671495671774e-24, nan 
-146.375, 79.875, 1.0342947490811141e-23, nan 
-146.125, 79.875, 9.996835187726827e-24, nan 
-145.875, 79.875, 8.523163935373893e-24, nan 
-145.625, 79.875, 1.0125889075469026e-23, nan 
-145.375, 79.875, 9.945715269390723e-24, nan 
-145.125, 79.875, 1.0901608143170814e-23, nan 
-144.875, 79.875, 1.0139907214970305e-23, nan 
-144.625, 79.875, 1.0623022541720964e-23, nan 
-144.375, 79.875, 1.1947123248437792e-23, nan 
-144.125, 79.875, 1.0627863667859155e-23, nan 
-143.875, 79.875, 1.03306999161017e-23, nan 
-143.625, 79.875, 1.1398563097688788e-23, nan 
-143.375, 79.875, 1.0698940489598044e-23, nan 
-143.125, 79.875, 1.1339839667207479e-23, nan 
-142.875, 79.875, 1.1123702943155236e-23, nan 
-142.625, 79.875, 1.1916321599543284e-23, nan 
-142.375, 79.875, 1.048622894250871e-23, nan 
-142.125, 79.875, 1.1647382393812113e-23, nan 
-141.875, 79.875, 1.1357305017055934e-23, nan 
-141.625, 79.875, 1.1977688988936266e-23, nan 
-141.375, 79.875, 9.432875374652612e-24, nan 
-141.125, 79.875, 7.580935998566399e-24, nan 
-140.875, 79.875, 6.738112521811615e-24, nan 
-140.625, 79.875, 1.0194484265403732e-23, nan 
-140.375, 79.875, 5.327813661458816e-24, nan 
-140.125, 79.875, 9.664496415212812e-24, nan 
-139.875, 79.875, 1.334194387682197e-23, nan 
-139.625, 79.875, 1.2999669944850157e-23, nan 
-139.375, 79.875, 9.924939180816119e-24, nan 
-139.125, 79.875, 1.1902827582303484e-23, nan 
-138.875, 79.875, 1.3069104195364209e-23, nan 
-138.625, 79.875, 1.2458400544204951e-23, nan 
-138.375, 79.875, 1.3735463115703826e-23, nan 
-138.125, 79.875, 1.126545634152582e-23, nan 
-137.875, 79.875, 1.304947200227726e-23, nan 
-137.625, 79.875, 1.4387183935663848e-23, nan 
-137.375, 79.875, 1.3953251368760155e-23, nan 
-137.125, 79.875, 1.2012553350068108e-23, nan 
-136.875, 79.875, 1.3045763025202025e-23, nan 
-136.625, 79.875, 1.375050487186381e-23, nan 
-136.375, 79.875, 1.5093230053771993e-23, nan 
-136.125, 79.875, 1.340070791258575e-23, nan 
-135.875, 79.875, 1.443879650325285e-23, nan 
-135.625, 79.875, 1.4615931655898703e-23, nan 
-135.375, 79.875, 1.4987548528000382e-23, nan 
-135.125, 79.875, 1.3602683601199262e-23, nan 
-134.875, 79.875, 1.2642481966454058e-23, nan 
-134.625, 79.875, 1.603415374007848e-23, nan 
-134.375, 79.875, 1.707675901669363e-23, nan 
-134.125, 79.875, 1.8149920025447812e-23, nan 
-133.875, 79.875, 1.43008016803989e-23, nan 
-133.625, 79.875, 1.5151252239594602e-23, nan 
-133.375, 79.875, 1.597801732573141e-23, nan 
-133.125, 79.875, 2.0139182629863947e-23, nan 
-132.875, 79.875, 1.520682779224854e-23, nan 
-132.625, 79.875, 1.640363857842903e-23, nan 
-132.375, 79.875, 1.8296746003000208e-23, nan 
-132.125, 79.875, 1.790649433746906e-23, nan 
-131.875, 79.875, 1.852866798713731e-23, nan 
-131.625, 79.875, 1.6809625409581828e-23, nan 
-131.375, 79.875, 2.0231156829584753e-23, nan 
-131.125, 79.875, 1.7194145976205146e-23, nan 
-130.875, 79.875, 2.000022530784491e-23, nan 
-130.625, 79.875, 1.9077442996357634e-23, nan 
-130.375, 79.875, 2.1798751675511208e-23, nan 
-130.125, 79.875, 2.6998774979562584e-23, nan 
-129.875, 79.875, 3.818819376536523e-23, nan 
-129.625, 79.875, 3.256292048753586e-23, nan 
-129.375, 79.875, 1.6964118869902384e-23, nan 
-129.125, 79.875, 1.3876242988289408e-23, nan 
-128.875, 79.875, 2.1287967084432022e-23, nan 
-128.625, 79.875, 1.2684144360277216e-23, nan 
-128.375, 79.875, 9.668952699742494e-24, nan 
-128.125, 79.875, 1.1819386542550546e-23, nan 
-127.875, 79.875, 1.0653579909284431e-23, nan 
-127.625, 79.875, 1.1385592116492707e-23, nan 
-127.375, 79.875, 6.31435240544087e-24, nan 
-127.125, 79.875, 9.931546756514087e-24, nan 
-126.875, 79.875, 8.218013033833435e-24, nan 
-126.625, 79.875, 5.966146587775231e-24, nan 
-126.375, 79.875, 8.620760912281879e-24, nan 
-126.125, 79.875, 1.3606188221941227e-23, nan 
-125.875, 79.875, 1.5388202784850865e-23, nan 
-125.625, 79.875, 1.14237311926045e-23, nan 
-125.375, 79.875, 1.1268259360749999e-23, nan 
-125.125, 79.875, 1.1190738942658326e-23, nan 
-124.875, 79.875, 1.1664895240059073e-23, nan 
-124.625, 79.875, 1.2040793814057526e-23, nan 
-124.375, 79.875, 8.705898352431731e-24, nan 
-124.125, 79.875, 9.51610148834447e-24, nan 
-123.875, 79.875, 1.078711328272944e-23, nan 
-123.625, 79.875, 9.05848921838531e-24, nan 
-123.375, 79.875, 1.386446694936673e-23, nan 
-123.125, 79.875, 1.7848379794968472e-23, nan 
-122.875, 79.875, 1.509729847696547e-23, nan 
-122.625, 79.875, 1.532077415920046e-23, nan 
-122.375, 79.875, 1.819298250292126e-23, nan 
-122.125, 79.875, 1.6999556540250924e-23, nan 
-121.875, 79.875, 1.6455646174949487e-23, nan 
-121.625, 79.875, 1.5153840951328168e-23, nan 
-121.375, 79.875, 1.4278868814326707e-23, nan 
-121.125, 79.875, 1.6742822500021144e-23, nan 
-120.875, 79.875, 1.4276522865981542e-23, nan 
-120.625, 79.875, 1.19142474643874e-23, nan 
-120.375, 79.875, 1.2033517913063863e-23, nan 
-120.125, 79.875, 1.0540301736535348e-23, nan 
-119.875, 79.875, 1.1661123161449232e-23, nan 
-119.625, 79.875, 1.0271290493973625e-23, nan 
-119.375, 79.875, 9.779840150906816e-24, nan 
-119.125, 79.875, 9.66951148995097e-24, nan 
-118.875, 79.875, 1.1210520091832791e-23, nan 
-118.625, 79.875, 1.003311057871008e-23, nan 
-118.375, 79.875, 1.166715847066915e-23, nan 
-118.125, 79.875, 1.2103211844128474e-23, nan 
-117.875, 79.875, 1.2992071237338979e-23, nan 
-117.625, 79.875, 1.4830904078093092e-23, nan 
-117.375, 79.875, 1.595802554920158e-23, nan 
-117.125, 79.875, 1.6487822843026805e-23, nan 
-116.875, 79.875, 1.835670659897144e-23, nan 
-116.625, 79.875, 2.089836703532511e-23, nan 
-116.375, 79.875, 2.2197283051250232e-23, nan 
-116.125, 79.875, 2.4387819191326445e-23, nan 
-115.875, 79.875, 3.024111501925122e-23, nan 
-115.625, 79.875, 3.262497065670978e-23, nan 
-115.375, 79.875, 3.687784298312423e-23, nan 
-115.125, 79.875, 4.147064614590197e-23, nan 
-114.875, 79.875, 4.2873761391997116e-23, nan 
-114.625, 79.875, 4.5947348254930864e-23, nan 
-114.375, 79.875, 3.967303214220784e-23, nan 
-114.125, 79.875, 3.849457233433428e-23, nan 
-113.875, 79.875, 3.829204099501088e-23, nan 
-113.625, 79.875, 3.9313160395107446e-23, nan 
-113.375, 79.875, 3.466310798162341e-23, nan 
-113.125, 79.875, 3.005845017834022e-23, nan 
-112.875, 79.875, 4.4334125020493607e-23, nan 
-112.625, 79.875, 3.931246321450049e-23, nan 
-112.375, 79.875, 4.496622812505841e-23, nan 
-112.125, 79.875, 4.1622761466677165e-23, nan 
-111.875, 79.875, 3.33526401597632e-23, nan 
-111.625, 79.875, 3.785104919417491e-23, nan 
-111.375, 79.875, 4.408469986746732e-23, nan 
-111.125, 79.875, 5.365419518318235e-23, nan 
-110.875, 79.875, 5.561087303334675e-23, nan 
-110.625, 79.875, 4.512704800969002e-23, nan 
-110.375, 79.875, 4.0322216220015386e-23, nan 
-110.125, 79.875, 4.588696169208797e-23, nan 
-109.875, 79.875, 4.669748814156198e-23, nan 
-109.625, 79.875, 4.3715614739795576e-23, nan 
-109.375, 79.875, 3.1860208148439837e-23, nan 
-109.125, 79.875, 2.591359016551459e-23, nan 
-108.875, 79.875, 4.0170283161920084e-23, nan 
-108.625, 79.875, 3.789485361281416e-23, nan 
-108.375, 79.875, 4.6699202116810257e-23, nan 
-108.125, 79.875, 2.5095759557495103e-23, nan 
-107.875, 79.875, 4.0072268934753434e-23, nan 
-107.625, 79.875, 4.1932825298961446e-23, nan 
-107.375, 79.875, 4.508264721542783e-23, nan 
-107.125, 79.875, 3.509020942292161e-23, nan 
-106.875, 79.875, 3.6815245381986466e-23, nan 
-106.625, 79.875, 1.4414818384625733e-23, nan 
-106.375, 79.875, 5.54547145658337e-23, nan 
-106.125, 79.875, 5.761305690029653e-23, nan 
-105.875, 79.875, 3.912368220713119e-23, nan 
-105.625, 79.875, 6.291103628960184e-23, nan 
-105.375, 79.875, 3.398151218542749e-23, nan 
-105.125, 79.875, 5.259735305222337e-23, nan 
-104.875, 79.875, 5.860742459503604e-23, nan 
-104.625, 79.875, 6.452791378883326e-23, nan 
-104.375, 79.875, 6.787027243430782e-23, nan 
-104.125, 79.875, 4.4090184175853e-23, nan 
-103.875, 79.875, 4.486837253109709e-23, nan 
-103.625, 79.875, 3.846254589413327e-23, nan 
-103.375, 79.875, 4.8674318370574625e-23, nan 
-103.125, 79.875, 3.6440074849989686e-23, nan 
-102.875, 79.875, 4.9540324153870806e-23, nan 
-102.625, 79.875, 4.2120893432682295e-23, nan 
-102.375, 79.875, 3.269962353709667e-23, nan 
-102.125, 79.875, 4.294663006884714e-23, nan 
-101.875, 79.875, 4.235591521539179e-23, nan 
-101.625, 79.875, 5.023372002516949e-23, nan 
-101.375, 79.875, 4.5473515511318634e-23, nan 
-101.125, 79.875, 2.699531046674635e-23, nan 
-100.875, 79.875, 1.6030469347361295e-23, nan 
-100.625, 79.875, 2.233799449208241e-23, nan 
-100.375, 79.875, 1.4234464382169887e-23, nan 
-100.125, 79.875, 1.0739329372437713e-23, nan 
-99.875, 79.875, 1.8203747883423708e-23, nan 
-99.625, 79.875, 3.26240498036196e-23, nan 
-99.375, 79.875, 1.536103162556302e-23, nan 
-99.125, 79.875, 1.6087648483230667e-23, nan 
-98.875, 79.875, 1.9758343578506215e-23, nan 
-98.625, 79.875, 1.0852522944614982e-23, nan 
-98.375, 79.875, 4.199367133819343e-24, nan 
-98.125, 79.875, 1.6737283984820666e-23, nan 
-97.875, 79.875, 2.2554885197073426e-23, nan 
-97.625, 79.875, 2.230009091343223e-23, nan 
-97.375, 79.875, 1.988952862848211e-23, nan 
-97.125, 79.875, 4.420902289809315e-23, nan 
-96.875, 79.875, 6.711877617402065e-23, nan 
-96.625, 79.875, 6.908920973259264e-23, nan 
-96.375, 79.875, 5.964680011476556e-23, nan 
-96.125, 79.875, 7.166225862145253e-23, nan 
-95.875, 79.875, 6.688996821279048e-23, nan 
-95.625, 79.875, 7.734882716812121e-23, nan 
-95.375, 79.875, 7.420510791201538e-23, nan 
-95.125, 79.875, 5.101781640222962e-23, nan 
-94.875, 79.875, 5.2479277050101565e-23, nan 
-94.625, 79.875, 3.9109535163755746e-23, nan 
-94.375, 79.875, 4.3521727841530186e-23, nan 
-94.125, 79.875, 5.2006037669131017e-23, nan 
-93.875, 79.875, 5.740165745789482e-23, nan 
-93.625, 79.875, 5.666852995350731e-23, nan 
-93.375, 79.875, 6.302203954498293e-23, nan 
-93.125, 79.875, 7.015719937523182e-23, nan 
-92.875, 79.875, 7.808887947006327e-23, nan 
-92.625, 79.875, 8.508260543981491e-23, nan 
-92.375, 79.875, 8.267904330501772e-23, nan 
-92.125, 79.875, 9.166004160305778e-23, nan 
-91.875, 79.875, 9.521818035320282e-23, nan 
-91.625, 79.875, 1.064583976721484e-22, nan 
-91.375, 79.875, 1.0952943582524904e-22, nan 
-91.125, 79.875, 1.112355888019515e-22, nan 
-90.875, 79.875, 1.1754088722869852e-22, nan 
-90.625, 79.875, 1.279593693382703e-22, nan 
-90.375, 79.875, 1.3993268642218548e-22, nan 
-90.125, 79.875, 1.7382216181768074e-22, nan 
-89.875, 79.875, 1.528401034102362e-22, nan 
-89.625, 79.875, 1.6858228116110597e-22, nan 
-89.375, 79.875, 1.584591110183028e-22, nan 
-89.125, 79.875, 1.3039454068606986e-22, nan 
-88.875, 79.875, 1.3863632706746073e-22, nan 
-88.625, 79.875, 1.009587297035377e-22, nan 
-88.375, 79.875, 1.164683571932705e-22, nan 
-88.125, 79.875, 6.681504967134695e-23, nan 
-87.875, 79.875, 8.363530724727162e-23, nan 
-87.625, 79.875, 5.627295100766604e-23, nan 
-87.375, 79.875, 6.406927894088313e-23, nan 
-87.125, 79.875, 8.281635152727019e-23, nan 
-86.875, 79.875, 7.141015954541068e-23, nan 
-86.625, 79.875, 1.0318002490054536e-22, nan 
-86.375, 79.875, 6.138825848871437e-23, nan 
-86.125, 79.875, 7.045532663748851e-23, nan 
-85.875, 79.875, 1.0049673004942849e-22, nan 
-85.625, 79.875, 7.905323738465499e-23, nan 
-85.375, 79.875, 4.451716887824698e-23, nan 
-85.125, 79.875, 5.204884150211728e-23, nan 
-84.875, 79.875, 4.789727270972791e-23, nan 
-84.625, 79.875, 9.296810763140539e-23, nan 
-84.375, 79.875, 7.778863093605443e-23, nan 
-84.125, 79.875, 9.896196669446561e-23, nan 
-83.875, 79.875, 5.075521604639331e-23, nan 
-83.625, 79.875, 6.797234736347521e-23, nan 
-83.375, 79.875, 1.0694196013180996e-22, nan 
-83.125, 79.875, 8.830120149979632e-23, nan 
-82.875, 79.875, 1.1065584126847924e-22, nan 
-82.625, 79.875, 1.2506056457691527e-22, nan 
-82.375, 79.875, 2.6547804464342863e-22, nan 
-82.125, 79.875, 1.278310213879733e-22, nan 
-81.875, 79.875, 8.497890003827186e-23, nan 
-81.625, 79.875, 7.528139314902995e-23, nan 
-81.375, 79.875, 1.3284174142597552e-22, nan 
-81.125, 79.875, 2.7481202226444013e-22, nan 
-80.875, 79.875, 2.9660892998128267e-22, nan 
-80.625, 79.875, 4.079798316583856e-22, nan 
-80.375, 79.875, 6.569020437021247e-22, nan 
-80.125, 79.875, 5.600997634208596e-22, nan 
-79.875, 79.875, 5.773556889509015e-22, nan 
-79.625, 79.875, 5.054195483289894e-22, nan 
-79.375, 79.875, 5.2767692806194885e-22, nan 
-79.125, 79.875, 7.390220469553457e-22, nan 
-78.875, 79.875, 6.506976035717153e-22, nan 
-78.625, 79.875, 7.630475519952484e-22, nan 
-78.375, 79.875, 7.435390322708464e-22, nan 
-78.125, 79.875, 8.061436006040939e-22, nan 
-77.875, 79.875, 7.724974205189835e-22, nan 
-77.625, 79.875, 7.565867657176186e-22, nan 
-77.375, 79.875, 7.945301134861933e-22, nan 
-77.125, 79.875, 9.520317002193177e-22, nan 
-76.875, 79.875, 9.821451678245374e-22, nan 
-76.625, 79.875, 1.0442005833951689e-21, nan 
-76.375, 79.875, 9.016556809117866e-22, nan 
-76.125, 79.875, 9.982774888396939e-22, nan 
-75.875, 79.875, 9.562946414583458e-22, nan 
-75.625, 79.875, 1.2289050827473459e-21, nan 
-75.375, 79.875, 1.0808049577071037e-21, nan 
-75.125, 79.875, 1.218872175546282e-21, nan 
-74.875, 79.875, 1.1789199175740673e-21, nan 
-74.625, 79.875, 1.2326296793137869e-21, nan 
-74.375, 79.875, 1.239524361773476e-21, nan 
-74.125, 79.875, 1.229193263443743e-21, nan 
-73.875, 79.875, 1.3773108189305117e-21, nan 
-73.625, 79.875, 1.393397637959826e-21, nan 
-73.375, 79.875, 1.52265228442714e-21, nan 
-73.125, 79.875, 1.487384753478297e-21, nan 
-72.875, 79.875, 1.4655368852407586e-21, nan 
-72.625, 79.875, 1.6719911638911785e-21, nan 
-72.375, 79.875, 1.763025533558687e-21, nan 
-72.125, 79.875, 1.70556453944718e-21, nan 
-71.875, 79.875, 1.91728175139807e-21, nan 
-71.625, 79.875, 1.702438681853296e-21, nan 
-71.375, 79.875, 1.615610300289721e-21, nan 
-71.125, 79.875, 1.945187215798076e-21, nan 
-70.875, 79.875, 1.969351671740686e-21, nan 
-70.625, 79.875, 2.027307099342783e-21, nan 
-70.375, 79.875, 2.113833731022816e-21, nan 
-70.125, 79.875, 1.7580018273095625e-21, nan 
-69.875, 79.875, 1.3525824599874655e-21, nan 
-69.625, 79.875, 1.1509316966682815e-21, nan 
-69.375, 79.875, 1.105773084577913e-21, nan 
-69.125, 79.875, 1.1532017397393181e-21, nan 
-68.875, 79.875, 7.581380600045527e-22, nan 
-68.625, 79.875, 6.001387210287041e-22, nan 
-68.375, 79.875, 7.70815486035707e-22, nan 
-68.125, 79.875, 9.387306254896993e-22, nan 
-67.875, 79.875, 1.1641049466658623e-21, nan 
-67.625, 79.875, 9.346550697901255e-22, nan 
-67.375, 79.875, 7.58083357577081e-22, nan 
-67.125, 79.875, 5.302130262549229e-22, nan 
-66.875, 79.875, 6.846645488554005e-22, nan 
-66.625, 79.875, 5.461925786959442e-22, nan 
-66.375, 79.875, 5.715213639911838e-22, nan 
-66.125, 79.875, 7.178728911360557e-22, nan 
-65.875, 79.875, 8.247290363151783e-22, nan 
-65.625, 79.875, 1.0398555722624653e-21, nan 
-65.375, 79.875, 8.087717389609933e-22, nan 
-65.125, 79.875, 4.844627114400284e-22, nan 
-64.875, 79.875, 4.8629782762086245e-22, nan 
-64.625, 79.875, 4.1976463773241917e-22, nan 
-64.375, 79.875, 7.596356963337112e-22, nan 
-64.125, 79.875, 6.771711236219728e-22, nan 
-63.875, 79.875, 1.4360772086279376e-21, nan 
-63.625, 79.875, 1.1424982898154556e-21, nan 
-63.375, 79.875, 1.4143609971744156e-21, nan 
-63.125, 79.875, 8.435528014599961e-22, nan 
-62.875, 79.875, 3.9584361551649097e-22, nan 
-62.625, 79.875, 1.2414871755597953e-21, nan 
-62.375, 79.875, 1.0435805866789708e-21, nan 
-62.125, 79.875, 9.660102761451223e-22, nan 
-61.875, 79.875, 7.947963585912773e-22, nan 
-61.625, 79.875, 1.2630939206854207e-21, nan 
-61.375, 79.875, 1.6869784389749626e-21, nan 
-61.125, 79.875, 2.076113950832047e-21, nan 
-60.875, 79.875, 2.2268889506289995e-21, nan 
-60.625, 79.875, 2.4052705727241646e-21, nan 
-60.375, 79.875, 2.8099736224093584e-21, nan 
-60.125, 79.875, 2.939725857225978e-21, nan 
-59.875, 79.875, 3.19778596648091e-21, nan 
-59.625, 79.875, 3.432024414455186e-21, nan 
-59.375, 79.875, 4.599461058382669e-21, nan 
-59.125, 79.875, 9.335527856660997e-21, nan 
-58.875, 79.875, 1.5126773859234904e-20, nan 
-58.625, 79.875, 1.7801870415996595e-20, nan 
-58.375, 79.875, 1.7991778830465862e-20, nan 
-58.125, 79.875, 1.7397832294182674e-20, nan 
-57.875, 79.875, 1.9540881042186663e-20, nan 
-57.625, 79.875, 2.6483023782688376e-20, nan 
-57.375, 79.875, 2.6271993446491797e-20, nan 
-57.125, 79.875, 1.9971122574173386e-20, nan 
-56.875, 79.875, 1.78154428739427e-20, nan 
-56.625, 79.875, 9.602458357565212e-21, nan 
-56.375, 79.875, 2.8756277500400085e-21, nan 
-56.125, 79.875, 3.252220099064493e-21, nan 
-55.875, 79.875, 3.921887513937899e-21, nan 
-55.625, 79.875, 3.949853853854035e-21, nan 
-55.375, 79.875, 4.982589000776945e-21, nan 
-55.125, 79.875, 6.432282147907357e-21, nan 
-54.875, 79.875, 6.6492638685459474e-21, nan 
-54.625, 79.875, 6.823374151705644e-21, nan 
-54.375, 79.875, 6.894137296811302e-21, nan 
-54.125, 79.875, 6.728326614623094e-21, nan 
-53.875, 79.875, 7.475774281534763e-21, nan 
-53.625, 79.875, 7.511654529463392e-21, nan 
-53.375, 79.875, 5.84965337972808e-21, nan 
-53.125, 79.875, 7.718868630303492e-21, nan 
-52.875, 79.875, 7.892367717407931e-21, nan 
-52.625, 79.875, 7.396117703662916e-21, nan 
-52.375, 79.875, 6.5798135174236064e-21, nan 
-52.125, 79.875, 4.91004365644065e-21, nan 
-51.875, 79.875, 4.956352607847365e-21, nan 
-51.625, 79.875, 9.397214666055014e-21, nan 
-51.375, 79.875, 5.188162617410494e-20, nan 
-51.125, 79.875, 5.871713163776768e-20, nan 
-50.875, 79.875, 6.724216425743082e-20, nan 
-50.625, 79.875, 6.237485767475767e-20, nan 
-50.375, 79.875, 7.180454829616761e-20, nan 
-50.125, 79.875, 8.210267049038816e-20, nan 
-49.875, 79.875, 9.119799451695138e-20, nan 
-49.625, 79.875, 8.54848235933443e-20, nan 
-49.375, 79.875, 7.573970917236425e-20, nan 
-49.125, 79.875, 6.739418575613833e-20, nan 
-48.875, 79.875, 1.9174738774498152e-20, nan 
-48.625, 79.875, 1.5930740687849516e-20, nan 
-48.375, 79.875, 1.906564897378567e-20, nan 
-48.125, 79.875, 1.5433135813518814e-20, nan 
-47.875, 79.875, 1.8767390892088674e-20, nan 
-47.625, 79.875, 2.42781764206344e-20, nan 
-47.375, 79.875, 2.2448760183712944e-20, nan 
-47.125, 79.875, 1.9041731723828753e-20, nan 
-46.875, 79.875, 1.689213960398048e-20, nan 
-46.625, 79.875, 2.5541480281975303e-20, nan 
-46.375, 79.875, 2.4992559464670564e-20, nan 
-46.125, 79.875, 2.5385357656227054e-20, nan 
-45.875, 79.875, 3.903041569500515e-20, nan 
-45.625, 79.875, 4.208225035879804e-20, nan 
-45.375, 79.875, 3.702505885707541e-20, nan 
-45.125, 79.875, 3.8635618891376853e-20, nan 
-44.875, 79.875, 4.056110776697064e-20, nan 
-44.625, 79.875, 4.590470841723966e-20, nan 
-44.375, 79.875, 4.3521568347634904e-20, nan 
-44.125, 79.875, 4.5175226823927186e-20, nan 
-43.875, 79.875, 4.833554276440446e-20, nan 
-43.625, 79.875, 5.031912607077231e-20, nan 
-43.375, 79.875, 5.624246915735893e-20, nan 
-43.125, 79.875, 5.67187625612911e-20, nan 
-42.875, 79.875, 7.303388977487442e-20, nan 
-42.625, 79.875, 7.870965235747436e-20, nan 
-42.375, 79.875, 8.903634565353779e-20, nan 
-42.125, 79.875, 7.663332542596103e-20, nan 
-41.875, 79.875, 7.906695454344436e-20, nan 
-41.625, 79.875, 9.098337028175098e-20, nan 
-41.375, 79.875, 8.63316505693406e-20, nan 
-41.125, 79.875, 8.717690809032484e-20, nan 
-40.875, 79.875, 8.507700329203105e-20, nan 
-40.625, 79.875, 7.997540466078268e-20, nan 
-40.375, 79.875, 8.765554885970113e-20, nan 
-40.125, 79.875, 8.614883005886255e-20, nan 
-39.875, 79.875, 9.152181944163833e-20, nan 
-39.625, 79.875, 8.206815560685954e-20, nan 
-39.375, 79.875, 8.781979604323331e-20, nan 
-39.125, 79.875, 8.904000058900311e-20, nan 
-38.875, 79.875, 9.772840022257612e-20, nan 
-38.625, 79.875, 1.1029319575049149e-19, nan 
-38.375, 79.875, 1.0250318375763094e-19, nan 
-38.125, 79.875, 1.1117080680862918e-19, nan 
-37.875, 79.875, 1.3116808379257161e-19, nan 
-37.625, 79.875, 1.1120133222929026e-19, nan 
-37.375, 79.875, 1.414910771098141e-19, nan 
-37.125, 79.875, 1.2992823666991279e-19, nan 
-36.875, 79.875, 1.2793822318269596e-19, nan 
-36.625, 79.875, 1.5472759726665922e-19, nan 
-36.375, 79.875, 1.6027069757630977e-19, nan 
-36.125, 79.875, 1.7061254604064612e-19, nan 
-35.875, 79.875, 1.9248305434450756e-19, nan 
-35.625, 79.875, 1.953728718451758e-19, nan 
-35.375, 79.875, 1.7063802341867533e-19, nan 
-35.125, 79.875, 1.7087893954501098e-19, nan 
-34.875, 79.875, 1.4797669449576389e-19, nan 
-34.625, 79.875, 1.6322121838422866e-19, nan 
-34.375, 79.875, 1.4215590097522769e-19, nan 
-34.125, 79.875, 1.356714317405326e-19, nan 
-33.875, 79.875, 1.7307673239019126e-19, nan 
-33.625, 79.875, 1.7728058193396917e-19, nan 
-33.375, 79.875, 2.464963764667318e-19, nan 
-33.125, 79.875, 3.9459096915280366e-19, nan 
-32.875, 79.875, 7.077242946767847e-19, nan 
-32.625, 79.875, 7.861893104160647e-19, nan 
-32.375, 79.875, 7.635663021539028e-19, nan 
-32.125, 79.875, 8.297908209162839e-19, nan 
-31.875, 79.875, 8.408642468638087e-19, nan 
-31.625, 79.875, 7.786703160050469e-19, nan 
-31.375, 79.875, 1.339276049692021e-18, nan 
-31.125, 79.875, 7.640065741512423e-19, nan 
-30.875, 79.875, 1.1448961378046586e-18, nan 
-30.625, 79.875, 1.1785238844530562e-18, nan 
-30.375, 79.875, 1.5315797041999387e-18, nan 
-30.125, 79.875, 1.784753396571955e-18, nan 
-29.875, 79.875, 1.7376447098028345e-18, nan 
-29.625, 79.875, 1.6674886113981442e-18, nan 
-29.375, 79.875, 1.096969645262004e-18, nan 
-29.125, 79.875, 1.5369705322647505e-18, nan 
-28.875, 79.875, 1.3371537330442762e-18, nan 
-28.625, 79.875, 1.7600285006053373e-18, nan 
-28.375, 79.875, 1.3639155018794356e-18, nan 
-28.125, 79.875, 1.1078835172788935e-18, nan 
-27.875, 79.875, 1.8870167148439295e-18, nan 
-27.625, 79.875, 3.261095650231218e-18, nan 
-27.375, 79.875, 3.4184540211612555e-18, nan 
-27.125, 79.875, 4.159866573027634e-18, nan 
-26.875, 79.875, 4.532187272743595e-18, nan 
-26.625, 79.875, 2.5046286853477077e-18, nan 
-26.375, 79.875, 3.570723587416686e-18, nan 
-26.125, 79.875, 4.1242682860299e-18, nan 
-25.875, 79.875, 4.6591746709568324e-18, nan 
-25.625, 79.875, 5.154172142826142e-18, nan 
-25.375, 79.875, 3.585968628861661e-18, nan 
-25.125, 79.875, 3.2434183124458448e-18, nan 
-24.875, 79.875, 3.5918860599632796e-18, nan 
-24.625, 79.875, 3.0907891770414465e-18, nan 
-24.375, 79.875, 2.8446865178686166e-18, nan 
-24.125, 79.875, 2.481610907683112e-18, nan 
-23.875, 79.875, 2.303586253007241e-18, nan 
-23.625, 79.875, 2.0908024042843448e-18, nan 
-23.375, 79.875, 1.7239658740941018e-18, nan 
-23.125, 79.875, 1.712874249269451e-18, nan 
-22.875, 79.875, 1.903143824381345e-18, nan 
-22.625, 79.875, 2.73148869829751e-18, nan 
-22.375, 79.875, 2.1244919299823233e-18, nan 
-22.125, 79.875, 2.076303872988001e-18, nan 
-21.875, 79.875, 2.100194122111617e-18, nan 
-21.625, 79.875, 2.491823425191005e-18, nan 
-21.375, 79.875, 5.2153988981331345e-18, nan 
-21.125, 79.875, 5.006187952535845e-18, nan 
-20.875, 79.875, 5.034137215796864e-18, nan 
-20.625, 79.875, 6.094987578658416e-18, nan 
-20.375, 79.875, 3.1117744213890166e-18, nan 
-20.125, 79.875, 4.720346869713067e-18, nan 
-19.875, 79.875, 5.338885767460017e-18, nan 
-19.625, 79.875, 5.252242447663125e-18, nan 
-19.375, 79.875, 5.777382230272667e-18, nan 
-19.125, 79.875, 3.538351508028526e-18, nan 
-18.875, 79.875, 3.1435410729040784e-18, nan 
-18.625, 79.875, 1.7286113070719511e-18, nan 
-18.375, 79.875, 1.5991647334527606e-18, nan 
-18.125, 79.875, 6.035153692777106e-19, nan 
-17.875, 79.875, 2.934962937610565e-19, nan 
-17.625, 79.875, 2.681802759580501e-19, nan 
-17.375, 79.875, 2.7213038093301977e-19, nan 
-17.125, 79.875, 3.449483655537766e-19, nan 
-16.875, 79.875, 4.1886230616430013e-19, nan 
-16.625, 79.875, 5.073513077835074e-19, nan 
-16.375, 79.875, 7.3872204649452e-19, nan 
-16.125, 79.875, 1.447368269220103e-18, nan 
-15.875, 79.875, 1.8924929979158057e-18, nan 
-15.625, 79.875, 1.7715831238166106e-18, nan 
-15.375, 79.875, 1.492352508018459e-18, nan 
-15.125, 79.875, 1.319302483940834e-18, nan 
-14.875, 79.875, 1.5067703201798684e-18, nan 
-14.625, 79.875, 2.2278470327909183e-18, nan 
-14.375, 79.875, 2.259337613716087e-18, nan 
-14.125, 79.875, 3.1890179920938968e-18, nan 
-13.875, 79.875, 3.526078839339585e-18, nan 
-13.625, 79.875, 3.017501147374799e-18, nan 
-13.375, 79.875, 2.0437417301177306e-18, nan 
-13.125, 79.875, 2.0938577115407832e-18, nan 
-12.875, 79.875, 2.3470241735475777e-18, nan 
-12.625, 79.875, 2.670693473875839e-18, nan 
-12.375, 79.875, 2.4077621845981107e-18, nan 
-12.125, 79.875, 1.9829870523407215e-18, nan 
-11.875, 79.875, 1.9570719733474106e-18, nan 
-11.625, 79.875, 1.569988436529798e-18, nan 
-11.375, 79.875, 1.4844467913011311e-18, nan 
-11.125, 79.875, 1.1529991011310448e-18, nan 
-10.875, 79.875, 3.8252680105613086e-19, nan 
-10.625, 79.875, 2.4342259351606407e-19, nan 
-10.375, 79.875, 2.136366958416847e-19, nan 
-10.125, 79.875, 1.9212642446226441e-19, nan 
-9.875, 79.875, 1.5724335229981291e-19, nan 
-9.625, 79.875, 1.2294486061455357e-19, nan 
-9.375, 79.875, 1.0826089871081594e-19, nan 
-9.125, 79.875, 1.0087873311578233e-19, nan 
-8.875, 79.875, 9.250019026269285e-20, nan 
-8.625, 79.875, 8.429617768690721e-20, nan 
-8.375, 79.875, 9.121394916671827e-20, nan 
-8.125, 79.875, 4.8964985804231664e-20, nan 
-7.875, 79.875, 4.1259142158107674e-20, nan 
-7.625, 79.875, 4.5393066653121856e-20, nan 
-7.375, 79.875, 2.1728966532231457e-19, nan 
-7.125, 79.875, 3.307426005403855e-19, nan 
-6.875, 79.875, 3.851260176177304e-19, nan 
-6.625, 79.875, 3.4573217798360305e-19, nan 
-6.375, 79.875, 3.2712934193491137e-19, nan 
-6.125, 79.875, 2.359887290986709e-19, nan 
-5.875, 79.875, 3.741598162755823e-19, nan 
-5.625, 79.875, 3.744005487374606e-19, nan 
-5.375, 79.875, 4.056995691125387e-19, nan 
-5.125, 79.875, 4.323871689865738e-19, nan 
-4.875, 79.875, 4.2020981873254283e-19, nan 
-4.625, 79.875, 3.364133598699973e-19, nan 
-4.375, 79.875, 3.699381055911486e-19, nan 
-4.125, 79.875, 3.9016719225924545e-19, nan 
-3.875, 79.875, 3.3941252262406634e-19, nan 
-3.625, 79.875, 2.9250069793902374e-19, nan 
-3.375, 79.875, 1.8492326520510385e-19, nan 
-3.125, 79.875, 1.1770768132139618e-19, nan 
-2.875, 79.875, 8.429286705652033e-20, nan 
-2.625, 79.875, 8.393015604968965e-20, nan 
-2.375, 79.875, 6.887463109079995e-20, nan 
-2.125, 79.875, 6.124011672460584e-20, nan 
-1.875, 79.875, 4.881997743246275e-20, nan 
-1.625, 79.875, 6.749476191580534e-20, nan 
-1.375, 79.875, 6.15297672328369e-20, nan 
-1.125, 79.875, 1.1849354791237162e-19, nan 
-0.875, 79.875, 1.147198687440381e-19, nan 
-0.625, 79.875, 6.309670576481052e-20, nan 
-0.375, 79.875, 4.8079426421685667e-20, nan 
-0.125, 79.875, 5.721416913686646e-20, nan 
0.125, 79.875, 7.10645854162513e-20, nan 
0.375, 79.875, 7.483258249830765e-20, nan 
0.625, 79.875, 4.4260371552563026e-20, nan 
0.875, 79.875, 3.4575018433216606e-20, nan 
1.125, 79.875, 3.073533960868207e-20, nan 
1.375, 79.875, 2.576140368344308e-20, nan 
1.625, 79.875, 2.2541958747980558e-20, nan 
1.875, 79.875, 3.428725184561821e-20, nan 
2.125, 79.875, 4.5934119888517326e-20, nan 
2.375, 79.875, 7.0089285276572e-20, nan 
2.625, 79.875, 6.787707489114792e-20, nan 
2.875, 79.875, 4.709682784713866e-20, nan 
3.125, 79.875, 3.296592079377466e-20, nan 
3.375, 79.875, 4.242782459958296e-20, nan 
3.625, 79.875, 7.034349350687551e-20, nan 
3.875, 79.875, 6.374347931949281e-20, nan 
4.125, 79.875, 5.850068437936313e-20, nan 
4.375, 79.875, 7.591353961131222e-20, nan 
4.625, 79.875, 9.628653051646324e-20, nan 
4.875, 79.875, 4.744449124169726e-20, nan 
5.125, 79.875, 4.173407602372552e-20, nan 
5.375, 79.875, 1.052942693011825e-19, nan 
5.625, 79.875, 1.0176711398486434e-19, nan 
5.875, 79.875, 1.0225898712899479e-19, nan 
6.125, 79.875, 6.777477145635888e-20, nan 
6.375, 79.875, 5.591649556092021e-20, nan 
6.625, 79.875, 1.031337267866787e-19, nan 
6.875, 79.875, 7.451787342960879e-20, nan 
7.125, 79.875, 1.0570541391711098e-19, nan 
7.375, 79.875, 4.7006915685514907e-20, nan 
7.625, 79.875, 4.058063959321081e-20, nan 
7.875, 79.875, 1.4242788675306344e-20, nan 
8.125, 79.875, 1.7661493514544618e-20, nan 
8.375, 79.875, 1.8458812348314148e-20, nan 
8.625, 79.875, 2.443098692256071e-20, nan 
8.875, 79.875, 2.5335962973594657e-20, nan 
9.125, 79.875, 2.559954429213913e-20, nan 
9.375, 79.875, 2.8000971575070314e-20, nan 
9.625, 79.875, 3.140861515864398e-20, nan 
9.875, 79.875, 2.781880087552228e-20, nan 
10.125, 79.875, 2.8644245929919516e-20, nan 
10.375, 79.875, 3.448006494625333e-20, nan 
10.625, 79.875, 3.514803230343759e-20, nan 
10.875, 79.875, 3.3049091821267483e-20, nan 
11.125, 79.875, 3.004137286926832e-20, nan 
11.375, 79.875, 2.888812889094179e-20, nan 
11.625, 79.875, 3.127361467117075e-20, nan 
11.875, 79.875, 3.277413075104202e-20, nan 
12.125, 79.875, 1.8218527220902678e-20, nan 
12.375, 79.875, 2.214546198979576e-20, nan 
12.625, 79.875, 2.385042902679253e-20, nan 
12.875, 79.875, 2.3658571097599918e-20, nan 
13.125, 79.875, 2.4900978925164027e-20, nan 
13.375, 79.875, 2.7285540799026336e-20, nan 
13.625, 79.875, 3.15597338096868e-20, nan 
13.875, 79.875, 3.4291678790369874e-20, nan 
14.125, 79.875, 2.1867483106729724e-20, nan 
14.375, 79.875, 3.1696460253446836e-20, nan 
14.625, 79.875, 3.0669382010899224e-20, nan 
14.875, 79.875, 4.818573885273077e-20, nan 
15.125, 79.875, 2.7607530399480197e-20, nan 
15.375, 79.875, 3.84472529799391e-20, nan 
15.625, 79.875, 4.582670312563897e-20, nan 
15.875, 79.875, 2.737876449318564e-20, nan 
16.125, 79.875, 5.385445888832281e-20, nan 
16.375, 79.875, 3.882579948144337e-20, nan 
16.625, 79.875, 4.8660815207765793e-20, nan 
16.875, 79.875, 4.884770733015802e-20, nan 
17.125, 79.875, 2.794606371317864e-20, nan 
17.375, 79.875, 2.935744307679013e-20, nan 
17.625, 79.875, 5.730468361624792e-21, nan 
17.875, 79.875, 3.8029430913475055e-21, nan 
18.125, 79.875, 3.943427567246082e-21, nan 
18.375, 79.875, 4.084347121778906e-21, nan 
18.625, 79.875, 3.468261663410505e-21, nan 
18.875, 79.875, 9.662220263956485e-21, nan 
19.125, 79.875, 9.282444056495416e-21, nan 
19.375, 79.875, 8.007432338351972e-21, nan 
19.625, 79.875, 9.834948971385599e-21, nan 
19.875, 79.875, 8.112964594403297e-21, nan 
20.125, 79.875, 9.85328365073363e-21, nan 
20.375, 79.875, 1.0468130579318574e-20, nan 
20.625, 79.875, 9.180341634689325e-21, nan 
20.875, 79.875, 1.2389993070787097e-20, nan 
21.125, 79.875, 1.2250236289319881e-20, nan 
21.375, 79.875, 1.1033704497504808e-20, nan 
21.625, 79.875, 1.04077012146485e-20, nan 
21.875, 79.875, 7.128838995162667e-21, nan 
22.125, 79.875, 6.815772958850377e-21, nan 
22.375, 79.875, 1.0991669449822834e-20, nan 
22.625, 79.875, 1.1493355687142297e-20, nan 
22.875, 79.875, 1.2965223425795594e-20, nan 
23.125, 79.875, 1.0411824850133625e-20, nan 
23.375, 79.875, 9.558775660171806e-21, nan 
23.625, 79.875, 7.569466222489577e-21, nan 
23.875, 79.875, 6.717527104978889e-21, nan 
24.125, 79.875, 7.480241747748108e-21, nan 
24.375, 79.875, 8.740298632547283e-21, nan 
24.625, 79.875, 9.353008354925315e-21, nan 
24.875, 79.875, 8.368202881201658e-21, nan 
25.125, 79.875, 1.002756351455092e-20, nan 
25.375, 79.875, 7.554052098179502e-21, nan 
25.625, 79.875, 6.710729296371416e-21, nan 
25.875, 79.875, 7.681407252209646e-21, nan 
26.125, 79.875, 6.870712536568605e-21, nan 
26.375, 79.875, 9.00236552489851e-21, nan 
26.625, 79.875, 8.620017355971515e-21, nan 
26.875, 79.875, 7.900328501655153e-21, nan 
27.125, 79.875, 6.757783101264041e-21, nan 
27.375, 79.875, 3.782249255815695e-21, nan 
27.625, 79.875, 1.1418535388977451e-20, nan 
27.875, 79.875, 1.0209831546582733e-20, nan 
28.125, 79.875, 8.614679825894191e-21, nan 
28.375, 79.875, 8.057288461213165e-21, nan 
28.625, 79.875, 6.196552452296515e-21, nan 
28.875, 79.875, 8.326834338192838e-21, nan 
29.125, 79.875, 7.451575943477964e-21, nan 
29.375, 79.875, 6.5743438196839145e-21, nan 
29.625, 79.875, 6.954472593169923e-21, nan 
29.875, 79.875, 7.408864972003275e-21, nan 
30.125, 79.875, 8.044028144519629e-21, nan 
30.375, 79.875, 5.993993188059179e-21, nan 
30.625, 79.875, 6.031445563625169e-21, nan 
30.875, 79.875, 7.071806299091208e-21, nan 
31.125, 79.875, 6.401548301840274e-21, nan 
31.375, 79.875, 5.81358828638045e-21, nan 
31.625, 79.875, 4.065454572420676e-21, nan 
31.875, 79.875, 1.812991121328637e-21, nan 
32.125, 79.875, 1.1742425424356593e-21, nan 
32.375, 79.875, 1.1253677022870494e-21, nan 
32.625, 79.875, 1.5211728626340922e-21, nan 
32.875, 79.875, 1.73593514857042e-21, nan 
33.125, 79.875, 1.4715190376911352e-21, nan 
33.375, 79.875, 1.1838327333531007e-21, nan 
33.625, 79.875, 7.971032850794245e-22, nan 
33.875, 79.875, 1.696811968769561e-21, nan 
34.125, 79.875, 2.659196400428425e-21, nan 
34.375, 79.875, 3.0110868200405297e-21, nan 
34.625, 79.875, 3.0905469896848927e-21, nan 
34.875, 79.875, 1.9620423113863294e-21, nan 
35.125, 79.875, 1.9458244162470363e-21, nan 
35.375, 79.875, 2.800535967976215e-21, nan 
35.625, 79.875, 3.0477184525851635e-21, nan 
35.875, 79.875, 2.8041337815745563e-21, nan 
36.125, 79.875, 1.8309257564251957e-21, nan 
36.375, 79.875, 1.5137012477700698e-21, nan 
36.625, 79.875, 1.687133918571624e-21, nan 
36.875, 79.875, 1.251149909020419e-21, nan 
37.125, 79.875, 1.0895329485010978e-21, nan 
37.375, 79.875, 5.503579026641988e-22, nan 
37.625, 79.875, 3.6348509195181215e-22, nan 
37.875, 79.875, 3.2057092898296196e-22, nan 
38.125, 79.875, 1.4951306756558372e-22, nan 
38.375, 79.875, 1.7996235308177443e-22, nan 
38.625, 79.875, 1.509910678564061e-22, nan 
38.875, 79.875, 1.7178906618472444e-22, nan 
39.125, 79.875, 1.4636484461288179e-22, nan 
39.375, 79.875, 2.039973760597851e-22, nan 
39.625, 79.875, 2.7991517433926535e-22, nan 
39.875, 79.875, 3.56744751367639e-22, nan 
40.125, 79.875, 4.445897487128309e-22, nan 
40.375, 79.875, 4.317694547666667e-22, nan 
40.625, 79.875, 3.708630279509857e-22, nan 
40.875, 79.875, 3.902593940564142e-22, nan 
41.125, 79.875, 3.971533941798401e-22, nan 
41.375, 79.875, 5.078407804103101e-22, nan 
41.625, 79.875, 5.502127790960332e-22, nan 
41.875, 79.875, 6.657508094872239e-22, nan 
42.125, 79.875, 4.751463801540525e-22, nan 
42.375, 79.875, 7.801596782887794e-22, nan 
42.625, 79.875, 5.402828497049261e-22, nan 
42.875, 79.875, 7.379087900094862e-22, nan 
43.125, 79.875, 5.893767135518923e-22, nan 
43.375, 79.875, 4.008651013167519e-22, nan 
43.625, 79.875, 4.562095050181414e-22, nan 
43.875, 79.875, 3.5254670382280472e-22, nan 
44.125, 79.875, 3.6254680995444348e-22, nan 
44.375, 79.875, 3.0517625281689876e-22, nan 
44.625, 79.875, 3.2312993284570883e-22, nan 
44.875, 79.875, 2.905464349591113e-22, nan 
45.125, 79.875, 2.6702611949211163e-22, nan 
45.375, 79.875, 2.199702066697711e-22, nan 
45.625, 79.875, 2.0207375221318473e-22, nan 
45.875, 79.875, 1.831832435823473e-22, nan 
46.125, 79.875, 2.0227493409114444e-22, nan 
46.375, 79.875, 1.9338456293091788e-22, nan 
46.625, 79.875, 2.4970823290275043e-22, nan 
46.875, 79.875, 2.1666469092675294e-22, nan 
47.125, 79.875, 2.2231149369923686e-22, nan 
47.375, 79.875, 2.590822133468467e-22, nan 
47.625, 79.875, 1.7906157075561474e-22, nan 
47.875, 79.875, 2.9986211179382974e-22, nan 
48.125, 79.875, 2.752607418062815e-22, nan 
48.375, 79.875, 2.4056604000079165e-22, nan 
48.625, 79.875, 1.1742157194911188e-22, nan 
48.875, 79.875, 6.295446222136739e-23, nan 
49.125, 79.875, 7.311847711385733e-23, nan 
49.375, 79.875, 5.202175615876705e-23, nan 
49.625, 79.875, 5.950270312474049e-23, nan 
49.875, 79.875, 4.7793422890279547e-23, nan 
50.125, 79.875, 6.921275635978998e-23, nan 
50.375, 79.875, 8.898034533841277e-23, nan 
50.625, 79.875, 1.0477779918023511e-22, nan 
50.875, 79.875, 1.3011064247023328e-22, nan 
51.125, 79.875, 9.589997652845449e-23, nan 
51.375, 79.875, 1.2370980745147543e-22, nan 
51.625, 79.875, 1.4245915620152063e-22, nan 
51.875, 79.875, 1.7314661461843568e-22, nan 
52.125, 79.875, 1.9221641922647773e-22, nan 
52.375, 79.875, 2.0516780249946951e-22, nan 
52.625, 79.875, 1.8403939714299598e-22, nan 
52.875, 79.875, 1.6811396987699053e-22, nan 
53.125, 79.875, 1.2463142805505697e-22, nan 
53.375, 79.875, 1.307515559085921e-22, nan 
53.625, 79.875, 1.3943413605408858e-22, nan 
53.875, 79.875, 1.3745358782368925e-22, nan 
54.125, 79.875, 1.2602482169601877e-22, nan 
54.375, 79.875, 1.313950929447961e-22, nan 
54.625, 79.875, 1.2433991385557818e-22, nan 
54.875, 79.875, 1.3076908205318902e-22, nan 
55.125, 79.875, 1.2456355337846184e-22, nan 
55.375, 79.875, 1.0675458875505397e-22, nan 
55.625, 79.875, 9.328497014548899e-23, nan 
55.875, 79.875, 8.954947108011304e-23, nan 
56.125, 79.875, 5.0246013315311537e-23, nan 
56.375, 79.875, 8.31007050214578e-23, nan 
56.625, 79.875, 4.905697745215694e-23, nan 
56.875, 79.875, 4.266877758906876e-23, nan 
57.125, 79.875, 6.435992964535707e-23, nan 
57.375, 79.875, 5.049265994858904e-23, nan 
57.625, 79.875, 8.300957960979611e-23, nan 
57.875, 79.875, 1.0339190526696926e-22, nan 
58.125, 79.875, 1.1736249611643019e-22, nan 
58.375, 79.875, 1.2914033406476677e-22, nan 
58.625, 79.875, 2.2924772692612725e-22, nan 
58.875, 79.875, 2.8233238448878654e-22, nan 
59.125, 79.875, 2.6375445602887586e-22, nan 
59.375, 79.875, 2.2169235312651115e-22, nan 
59.625, 79.875, 1.742467414342396e-22, nan 
59.875, 79.875, 1.6437243540726747e-22, nan 
60.125, 79.875, 1.2921964387752704e-22, nan 
60.375, 79.875, 9.977794622165811e-23, nan 
60.625, 79.875, 7.99483445311193e-23, nan 
60.875, 79.875, 6.637742437256925e-23, nan 
61.125, 79.875, 5.000309318388891e-23, nan 
61.375, 79.875, 4.421072635023996e-23, nan 
61.625, 79.875, 3.312082391580485e-23, nan 
61.875, 79.875, 2.6180052109672756e-23, nan 
62.125, 79.875, 1.974289362362945e-23, nan 
62.375, 79.875, 2.0878756289778667e-23, nan 
62.625, 79.875, 1.9039487677949272e-23, nan 
62.875, 79.875, 1.6150540520555015e-23, nan 
63.125, 79.875, 1.784568124537174e-23, nan 
63.375, 79.875, 1.841260975281634e-23, nan 
63.625, 79.875, 2.122954499911362e-23, nan 
63.875, 79.875, 2.9581102704451616e-23, nan 
64.125, 79.875, 3.035857075104436e-23, nan 
64.375, 79.875, 2.5763640176825398e-23, nan 
64.625, 79.875, 3.0674513300036114e-23, nan 
64.875, 79.875, 3.1075196071907084e-23, nan 
65.125, 79.875, 2.618419076156528e-23, nan 
65.375, 79.875, 2.3084892741531168e-23, nan 
65.625, 79.875, 2.6070951431169763e-23, nan 
65.875, 79.875, 2.7577888097549416e-23, nan 
66.125, 79.875, 2.666191649903082e-23, nan 
66.375, 79.875, 3.7803003844212667e-23, nan 
66.625, 79.875, 2.7900330602536143e-23, nan 
66.875, 79.875, 3.0240428519943006e-23, nan 
67.125, 79.875, 4.26934824912467e-23, nan 
67.375, 79.875, 3.970207617041407e-23, nan 
67.625, 79.875, 3.900808129856028e-23, nan 
67.875, 79.875, 4.062894867228458e-23, nan 
68.125, 79.875, 4.2631933939491147e-23, nan 
68.375, 79.875, 4.6687564590785307e-23, nan 
68.625, 79.875, 3.889650837473986e-23, nan 
68.875, 79.875, 3.0733651024355234e-23, nan 
69.125, 79.875, 3.5071745181012086e-23, nan 
69.375, 79.875, 2.828507691393916e-23, nan 
69.625, 79.875, 2.4840866111534125e-23, nan 
69.875, 79.875, 2.3118617973836906e-23, nan 
70.125, 79.875, 2.976249117361204e-23, nan 
70.375, 79.875, 3.1605880934411143e-23, nan 
70.625, 79.875, 3.143923708432543e-23, nan 
70.875, 79.875, 2.4648521267997574e-23, nan 
71.125, 79.875, 2.2706468224067186e-23, nan 
71.375, 79.875, 2.1807878354269278e-23, nan 
71.625, 79.875, 2.2176566825506387e-23, nan 
71.875, 79.875, 3.1398904709591354e-23, nan 
72.125, 79.875, 2.4751390254967487e-23, nan 
72.375, 79.875, 2.5142531498891708e-23, nan 
72.625, 79.875, 3.7229542565226575e-23, nan 
72.875, 79.875, 5.002108754857957e-23, nan 
73.125, 79.875, 4.2129185158866684e-23, nan 
73.375, 79.875, 3.080044145854921e-23, nan 
73.625, 79.875, 3.213170784548772e-23, nan 
73.875, 79.875, 5.159142446098186e-23, nan 
74.125, 79.875, 7.779251258535557e-23, nan 
74.375, 79.875, 7.142401380557493e-23, nan 
74.625, 79.875, 6.31253801397288e-23, nan 
74.875, 79.875, 3.014260139173739e-23, nan 
75.125, 79.875, 3.499094912887031e-23, nan 
75.375, 79.875, 4.303834895648614e-23, nan 
75.625, 79.875, 4.214318532965278e-23, nan 
75.875, 79.875, 4.1892848941224466e-23, nan 
76.125, 79.875, 2.7302797653999083e-23, nan 
76.375, 79.875, 2.7203727304288254e-23, nan 
76.625, 79.875, 2.3538426617381077e-23, nan 
76.875, 79.875, 2.0953676237904778e-23, nan 
77.125, 79.875, 1.664098072549645e-23, nan 
77.375, 79.875, 1.8143226163778767e-23, nan 
77.625, 79.875, 1.6060043668279478e-23, nan 
77.875, 79.875, 1.9213145936397265e-23, nan 
78.125, 79.875, 1.9654544922492724e-23, nan 
78.375, 79.875, 1.6523863907422197e-23, nan 
78.625, 79.875, 1.999628631068569e-23, nan 
78.875, 79.875, 2.1093256525972518e-23, nan 
79.125, 79.875, 1.7733408289550588e-23, nan 
79.375, 79.875, 1.5919912106032652e-23, nan 
79.625, 79.875, 2.0508168536077717e-23, nan 
79.875, 79.875, 1.7387166917195816e-23, nan 
80.125, 79.875, 1.5890658867874608e-23, nan 
80.375, 79.875, 1.1583151470255054e-23, nan 
80.625, 79.875, 1.3826684136729144e-23, nan 
80.875, 79.875, 1.5972366892028663e-23, nan 
81.125, 79.875, 1.2511368902684455e-23, nan 
81.375, 79.875, 8.853515354290371e-24, nan 
81.625, 79.875, 7.92309861823678e-24, nan 
81.875, 79.875, 8.271280680417026e-24, nan 
82.125, 79.875, 1.565161650383445e-23, nan 
82.375, 79.875, 9.599920670822397e-24, nan 
82.625, 79.875, 1.006791111396657e-23, nan 
82.875, 79.875, 1.4593440776721848e-23, nan 
83.125, 79.875, 1.1614264683185422e-23, nan 
83.375, 79.875, 1.273458596526373e-23, nan 
83.625, 79.875, 7.868509163115857e-24, nan 
83.875, 79.875, 8.34004297756224e-24, nan 
84.125, 79.875, 1.088663945090984e-23, nan 
84.375, 79.875, 7.026117100993404e-24, nan 
84.625, 79.875, 8.39536921952927e-24, nan 
84.875, 79.875, 7.293227137775679e-24, nan 
85.125, 79.875, 3.6217566964077135e-24, nan 
85.375, 79.875, 7.969859202893788e-24, nan 
85.625, 79.875, 4.074643678832284e-24, nan 
85.875, 79.875, 8.39719291962073e-24, nan 
86.125, 79.875, 8.572220811152323e-24, nan 
86.375, 79.875, 8.300188168698267e-24, nan 
86.625, 79.875, 9.124082055183659e-24, nan 
86.875, 79.875, 1.2101968172324423e-23, nan 
87.125, 79.875, 1.0987892317830762e-23, nan 
87.375, 79.875, 8.600419934795071e-24, nan 
87.625, 79.875, 6.878555140458222e-24, nan 
87.875, 79.875, 5.191626864594945e-24, nan 
88.125, 79.875, 1.0173455601355362e-23, nan 
88.375, 79.875, 1.011849718362644e-23, nan 
88.625, 79.875, 2.775639099753311e-24, nan 
88.875, 79.875, 2.5408884585522695e-24, nan 
89.125, 79.875, 2.8153677337680828e-24, nan 
89.375, 79.875, 6.255271229180036e-24, nan 
89.625, 79.875, 1.0791158814660044e-23, nan 
89.875, 79.875, 7.668327430304058e-24, nan 
90.125, 79.875, 4.5103491730135935e-24, nan 
90.375, 79.875, 3.0254435431240038e-24, nan 
90.625, 79.875, 3.2218227938061918e-24, nan 
90.875, 79.875, 8.658792890299514e-24, nan 
91.125, 79.875, 8.400903714714077e-24, nan 
91.375, 79.875, 8.548473166673303e-24, nan 
91.625, 79.875, 7.505491888498945e-24, nan 
91.875, 79.875, 7.067575792577339e-24, nan 
92.125, 79.875, 9.115600524948827e-24, nan 
92.375, 79.875, 8.824181956038345e-24, nan 
92.625, 79.875, 9.805060472279109e-24, nan 
92.875, 79.875, 9.184522538498652e-24, nan 
93.125, 79.875, 9.105928185787519e-24, nan 
93.375, 79.875, 7.128014138456493e-24, nan 
93.625, 79.875, 5.3506400985245706e-24, nan 
93.875, 79.875, 4.807207102176794e-24, nan 
94.125, 79.875, 6.857417485538263e-24, nan 
94.375, 79.875, 8.786304510046669e-24, nan 
94.625, 79.875, 7.027554831120927e-24, nan 
94.875, 79.875, 3.9590011818647386e-24, nan 
95.125, 79.875, 4.670735589409651e-24, nan 
95.375, 79.875, 2.386457450985198e-24, nan 
95.625, 79.875, 3.119127907625228e-24, nan 
95.875, 79.875, 2.4306135164687976e-24, nan 
96.125, 79.875, 3.628406684605924e-24, nan 
96.375, 79.875, 2.126988476303304e-24, nan 
96.625, 79.875, 8.042724281105211e-24, nan 
96.875, 79.875, 4.199994720397245e-24, nan 
97.125, 79.875, 2.8736683770417852e-24, nan 
97.375, 79.875, 5.9889215484389934e-24, nan 
97.625, 79.875, 4.5213070098193796e-24, nan 
97.875, 79.875, 1.5299907990407326e-23, nan 
98.125, 79.875, 6.51785612653577e-24, nan 
98.375, 79.875, 4.639466740870341e-24, nan 
98.625, 79.875, 5.6694109475807524e-24, nan 
98.875, 79.875, 4.276497022333073e-24, nan 
99.125, 79.875, 7.203119712274795e-24, nan 
99.375, 79.875, 4.512851660736569e-24, nan 
99.625, 79.875, 2.7556171538871634e-24, nan 
99.875, 79.875, 3.938113866221499e-24, nan 
100.125, 79.875, 3.421339806605826e-24, nan 
100.375, 79.875, 2.8703758268641894e-24, nan 
100.625, 79.875, 3.2029647305719673e-24, nan 
100.875, 79.875, 2.7440383516173776e-24, nan 
101.125, 79.875, 2.7585483275218333e-24, nan 
101.375, 79.875, 2.5827490788109794e-24, nan 
101.625, 79.875, 1.4967856548080535e-24, nan 
101.875, 79.875, 2.6840785743073182e-24, nan 
102.125, 79.875, 2.0909252130166908e-24, nan 
102.375, 79.875, 3.5925555429146016e-24, nan 
102.625, 79.875, 2.5607883056645666e-24, nan 
102.875, 79.875, 1.4478204154382516e-24, nan 
103.125, 79.875, 1.4879854783865736e-24, nan 
103.375, 79.875, 2.2402309442345512e-24, nan 
103.625, 79.875, 3.107658957680286e-24, nan 
103.875, 79.875, 1.763428400049554e-24, nan 
104.125, 79.875, 1.3589038561223561e-24, nan 
104.375, 79.875, 1.834224035317637e-24, nan 
104.625, 79.875, 2.1620634484165295e-24, nan 
104.875, 79.875, 3.445451697229116e-24, nan 
105.125, 79.875, 3.8062853672612524e-24, nan 
105.375, 79.875, 5.972183146282159e-24, nan 
105.625, 79.875, 8.024723261472354e-24, nan 
105.875, 79.875, 3.7593687272118635e-24, nan 
106.125, 79.875, 3.5666064290687435e-24, nan 
106.375, 79.875, 2.951958377228027e-24, nan 
106.625, 79.875, 3.953008459957185e-24, nan 
106.875, 79.875, 3.768087023125772e-24, nan 
107.125, 79.875, 3.2588449205716602e-24, nan 
107.375, 79.875, 4.330647260548691e-24, nan 
107.625, 79.875, 4.215384253379045e-24, nan 
107.875, 79.875, 6.3208285624421935e-24, nan 
108.125, 79.875, 5.41643941542529e-24, nan 
108.375, 79.875, 5.6102311062079195e-24, nan 
108.625, 79.875, 5.0496334925063485e-24, nan 
108.875, 79.875, 4.958108321814304e-24, nan 
109.125, 79.875, 5.7420191852029064e-24, nan 
109.375, 79.875, 6.621739020123846e-24, nan 
109.625, 79.875, 4.770752690286616e-24, nan 
109.875, 79.875, 5.729057226664262e-24, nan 
110.125, 79.875, 4.572283185125822e-24, nan 
110.375, 79.875, 4.987926783999142e-24, nan 
110.625, 79.875, 5.1767036939178034e-24, nan 
110.875, 79.875, 3.791469136118184e-24, nan 
111.125, 79.875, 5.499958893857288e-24, nan 
111.375, 79.875, 4.690345710685626e-24, nan 
111.625, 79.875, 6.638958070548987e-24, nan 
111.875, 79.875, 7.602221422453946e-24, nan 
112.125, 79.875, 8.096421304861844e-24, nan 
112.375, 79.875, 1.1358727380286399e-23, nan 
112.625, 79.875, 7.90799990273769e-24, nan 
112.875, 79.875, 6.730662661916643e-24, nan 
113.125, 79.875, 5.8468884074304744e-24, nan 
113.375, 79.875, 8.080236191327651e-24, nan 
113.625, 79.875, 7.047977501057627e-24, nan 
113.875, 79.875, 7.098203623824346e-24, nan 
114.125, 79.875, 6.2043195407668414e-24, nan 
114.375, 79.875, 6.268059727160045e-24, nan 
114.625, 79.875, 5.890591830313102e-24, nan 
114.875, 79.875, 5.742305961476139e-24, nan 
115.125, 79.875, 5.092668316486096e-24, nan 
115.375, 79.875, 5.296844060307149e-24, nan 
115.625, 79.875, 5.0877290966864026e-24, nan 
115.875, 79.875, 5.011578821375643e-24, nan 
116.125, 79.875, 3.746769004094354e-24, nan 
116.375, 79.875, 4.64984220928281e-24, nan 
116.625, 79.875, 5.407631065539459e-24, nan 
116.875, 79.875, 5.3213022568817174e-24, nan 
117.125, 79.875, 5.279872992579114e-24, nan 
117.375, 79.875, 4.954967664333314e-24, nan 
117.625, 79.875, 5.300660697827886e-24, nan 
117.875, 79.875, 4.38854453809898e-24, nan 
118.125, 79.875, 5.311928781366103e-24, nan 
118.375, 79.875, 7.666822494389785e-24, nan 
118.625, 79.875, 5.778857524234447e-24, nan 
118.875, 79.875, 4.6666120470480976e-24, nan 
119.125, 79.875, 4.613715567001091e-24, nan 
119.375, 79.875, 5.756942964308593e-24, nan 
119.625, 79.875, 6.276360659303877e-24, nan 
119.875, 79.875, 5.575766498880944e-24, nan 
120.125, 79.875, 5.7249255238107215e-24, nan 
120.375, 79.875, 5.772260815700162e-24, nan 
120.625, 79.875, 4.52657264214599e-24, nan 
120.875, 79.875, 4.14630511045636e-24, nan 
121.125, 79.875, 4.668163191734517e-24, nan 
121.375, 79.875, 5.182383282478027e-24, nan 
121.625, 79.875, 5.232561295480353e-24, nan 
121.875, 79.875, 4.651754601901606e-24, nan 
122.125, 79.875, 3.818319613127086e-24, nan 
122.375, 79.875, 3.31336517915521e-24, nan 
122.625, 79.875, 4.1629635526289885e-24, nan 
122.875, 79.875, 3.7775546383290594e-24, nan 
123.125, 79.875, 3.3336321331891474e-24, nan 
123.375, 79.875, 4.124696921497223e-24, nan 
123.625, 79.875, 4.072916782250307e-24, nan 
123.875, 79.875, 4.572291313182238e-24, nan 
124.125, 79.875, 3.1803299016882453e-24, nan 
124.375, 79.875, 1.7499055076807906e-24, nan 
124.625, 79.875, 3.261176968810086e-24, nan 
124.875, 79.875, 3.281817291346796e-24, nan 
125.125, 79.875, 2.087711303985642e-24, nan 
125.375, 79.875, 3.417992857970501e-24, nan 
125.625, 79.875, 2.7825078150454622e-24, nan 
125.875, 79.875, 2.823399533569214e-24, nan 
126.125, 79.875, 9.031889394545105e-25, nan 
126.375, 79.875, 1.2880136292166836e-24, nan 
126.625, 79.875, 1.6313365818962547e-24, nan 
126.875, 79.875, 2.0919859684516914e-24, nan 
127.125, 79.875, 2.8255532176951317e-24, nan 
127.375, 79.875, 7.750352676813687e-25, nan 
127.625, 79.875, 2.589486009423347e-24, nan 
127.875, 79.875, 2.7563093963609902e-24, nan 
128.125, 79.875, 2.673268060275897e-24, nan 
128.375, 79.875, 1.8160425772544713e-24, nan 
128.625, 79.875, 2.2116569121085313e-24, nan 
128.875, 79.875, 2.9087095061594035e-24, nan 
129.125, 79.875, 2.135072943218837e-24, nan 
129.375, 79.875, 2.58345042537853e-24, nan 
129.625, 79.875, 1.9328433524397837e-24, nan 
129.875, 79.875, 2.7795761296294294e-24, nan 
130.125, 79.875, 2.869010201098198e-24, nan 
130.375, 79.875, 8.540310099204922e-25, nan 
130.625, 79.875, 1.780724639652646e-24, nan 
130.875, 79.875, 1.6010554574029578e-24, nan 
131.125, 79.875, 2.306253220138441e-24, nan 
131.375, 79.875, 3.581622779724268e-24, nan 
131.625, 79.875, 2.9169741404666094e-24, nan 
131.875, 79.875, 3.009307589044508e-24, nan 
132.125, 79.875, 2.203566587281087e-24, nan 
132.375, 79.875, 2.3459163475650628e-24, nan 
132.625, 79.875, 3.144479713196366e-24, nan 
132.875, 79.875, 2.5706749168515614e-24, nan 
133.125, 79.875, 2.927729190581623e-24, nan 
133.375, 79.875, 2.536139857271129e-24, nan 
133.625, 79.875, 1.3720827755402325e-24, nan 
133.875, 79.875, 1.8266413649215e-24, nan 
134.125, 79.875, 1.731158394140224e-24, nan 
134.375, 79.875, 2.5236024413883103e-24, nan 
134.625, 79.875, 1.1302572907241365e-24, nan 
134.875, 79.875, 1.5246649996723922e-24, nan 
135.125, 79.875, 2.231543456383564e-24, nan 
135.375, 79.875, 2.253815869323647e-24, nan 
135.625, 79.875, 2.119978098729207e-24, nan 
135.875, 79.875, 1.56873377201158e-24, nan 
136.125, 79.875, 2.2554875340875118e-24, nan 
136.375, 79.875, 2.373011918709417e-24, nan 
136.625, 79.875, 3.2088241148080362e-24, nan 
136.875, 79.875, 4.250815790116586e-24, nan 
137.125, 79.875, 5.25608632505637e-24, nan 
137.375, 79.875, 4.191411928017052e-24, nan 
137.625, 79.875, 3.662409452343429e-24, nan 
137.875, 79.875, 2.9637737785842306e-24, nan 
138.125, 79.875, 4.9444922598122904e-24, nan 
138.375, 79.875, 6.138533559434019e-24, nan 
138.625, 79.875, 6.899328936806502e-24, nan 
138.875, 79.875, 6.3136047880993545e-24, nan 
139.125, 79.875, 4.8789039501952775e-24, nan 
139.375, 79.875, 8.854568839943162e-24, nan 
139.625, 79.875, 5.118693774445114e-24, nan 
139.875, 79.875, 4.9189791852050706e-24, nan 
140.125, 79.875, 4.322959578150742e-24, nan 
140.375, 79.875, 3.642045486830435e-24, nan 
140.625, 79.875, 3.250193137044513e-24, nan 
140.875, 79.875, 3.885082916527361e-24, nan 
141.125, 79.875, 3.6505112511516e-24, nan 
141.375, 79.875, 3.998909024049949e-24, nan 
141.625, 79.875, 3.725714475635334e-24, nan 
141.875, 79.875, 3.803979548422568e-24, nan 
142.125, 79.875, 3.0959033960987766e-24, nan 
142.375, 79.875, 3.687581396784994e-24, nan 
142.625, 79.875, 3.8848868816162714e-24, nan 
142.875, 79.875, 5.8489454774181235e-24, nan 
143.125, 79.875, 3.778060528147981e-24, nan 
143.375, 79.875, 3.1300255204397775e-24, nan 
143.625, 79.875, 2.775763237457316e-24, nan 
143.875, 79.875, 2.5202193707964823e-24, nan 
144.125, 79.875, 2.4966839558768525e-24, nan 
144.375, 79.875, 1.7660481485414695e-24, nan 
144.625, 79.875, 2.062832062521369e-24, nan 
144.875, 79.875, 1.9820357166659367e-24, nan 
145.125, 79.875, 2.121681220358607e-24, nan 
145.375, 79.875, 1.6423140381490361e-24, nan 
145.625, 79.875, 1.831765558461887e-24, nan 
145.875, 79.875, 1.6493138385207217e-24, nan 
146.125, 79.875, 1.4014671208358857e-24, nan 
146.375, 79.875, 1.8333839668687947e-24, nan 
146.625, 79.875, 1.3069526007427463e-24, nan 
146.875, 79.875, 1.2380128499120717e-24, nan 
147.125, 79.875, 1.4032930836402607e-24, nan 
147.375, 79.875, 5.243794074025207e-25, nan 
147.625, 79.875, 1.1354696775942262e-24, nan 
147.875, 79.875, 1.4014733692789772e-24, nan 
148.125, 79.875, 1.232721285549301e-24, nan 
148.375, 79.875, 1.4942889053697406e-24, nan 
148.625, 79.875, 1.663824619951904e-24, nan 
148.875, 79.875, 7.561164252095972e-25, nan 
149.125, 79.875, 1.0747293867845232e-24, nan 
149.375, 79.875, 1.0830563080876364e-24, nan 
149.625, 79.875, 1.3150822888899702e-24, nan 
149.875, 79.875, 1.738590482697492e-24, nan 
150.125, 79.875, 1.4672153316078834e-24, nan 
150.375, 79.875, 1.6209844393851633e-24, nan 
150.625, 79.875, 1.40942504685799e-24, nan 
150.875, 79.875, 1.691121383761768e-24, nan 
151.125, 79.875, 1.4349299673503822e-24, nan 
151.375, 79.875, 1.617586896197135e-24, nan 
151.625, 79.875, 2.033958656287988e-24, nan 
151.875, 79.875, 1.851711876398521e-24, nan 
152.125, 79.875, 3.0152580015675917e-24, nan 
152.375, 79.875, 1.797093650046374e-24, nan 
152.625, 79.875, 2.3487558638307616e-24, nan 
152.875, 79.875, 1.1551253852925394e-24, nan 
153.125, 79.875, 1.9058983292108187e-24, nan 
153.375, 79.875, 3.382533454128181e-24, nan 
153.625, 79.875, 2.7053777786912595e-24, nan 
153.875, 79.875, 3.617325242041912e-24, nan 
154.125, 79.875, 2.7905544654098038e-24, nan 
154.375, 79.875, 3.2887587169795197e-24, nan 
154.625, 79.875, 3.753778406075494e-24, nan 
154.875, 79.875, 3.002216793580017e-24, nan 
155.125, 79.875, 3.710750335678679e-24, nan 
155.375, 79.875, 3.1106990303402935e-24, nan 
155.625, 79.875, 3.323741920631895e-24, nan 
155.875, 79.875, 3.45807191021119e-24, nan 
156.125, 79.875, 2.7912582738941434e-24, nan 
156.375, 79.875, 3.284922408439275e-24, nan 
156.625, 79.875, 2.5588578370711334e-24, nan 
156.875, 79.875, 2.4758628911401282e-24, nan 
157.125, 79.875, 2.2433937694758847e-24, nan 
157.375, 79.875, 2.3105201165986997e-24, nan 
157.625, 79.875, 2.0915718775714325e-24, nan 
157.875, 79.875, 2.0102717405624637e-24, nan 
158.125, 79.875, 1.8838838296418427e-24, nan 
158.375, 79.875, 2.1152258582879528e-24, nan 
158.625, 79.875, 2.0664344142829695e-24, nan 
158.875, 79.875, 2.082000779724879e-24, nan 
159.125, 79.875, 2.0987171631537267e-24, nan 
159.375, 79.875, 2.5077253859577016e-24, nan 
159.625, 79.875, 2.6078440660470453e-24, nan 
159.875, 79.875, 2.7252222460992792e-24, nan 
160.125, 79.875, 4.064419404092903e-24, nan 
160.375, 79.875, 3.662167262958656e-24, nan 
160.625, 79.875, 2.5145610167610428e-24, nan 
160.875, 79.875, 2.2143187643890917e-24, nan 
161.125, 79.875, 2.1793627447837677e-24, nan 
161.375, 79.875, 3.169375254613467e-24, nan 
161.625, 79.875, 2.8746183885509758e-24, nan 
161.875, 79.875, 2.7137683434265882e-24, nan 
162.125, 79.875, 3.2972374740197232e-24, nan 
162.375, 79.875, 2.921640002632144e-24, nan 
162.625, 79.875, 3.63527275006162e-24, nan 
162.875, 79.875, 4.499557360349956e-24, nan 
163.125, 79.875, 4.298340454351179e-24, nan 
163.375, 79.875, 5.7023036685082624e-24, nan 
163.625, 79.875, 4.346289017112572e-24, nan 
163.875, 79.875, 6.6106767366622695e-24, nan 
164.125, 79.875, 6.411044925237068e-24, nan 
164.375, 79.875, 5.335470018057214e-24, nan 
164.625, 79.875, 5.054910495553081e-24, nan 
164.875, 79.875, 4.542542645384183e-24, nan 
165.125, 79.875, 4.9638603546767446e-24, nan 
165.375, 79.875, 7.570913492996174e-24, nan 
165.625, 79.875, 4.6182604537578214e-24, nan 
165.875, 79.875, 4.96430018055175e-24, nan 
166.125, 79.875, 6.354880479143827e-24, nan 
166.375, 79.875, 6.361093850095907e-24, nan 
166.625, 79.875, 8.105459419622484e-24, nan 
166.875, 79.875, 7.140778307651893e-24, nan 
167.125, 79.875, 6.490840782155962e-24, nan 
167.375, 79.875, 7.528580553768468e-24, nan 
167.625, 79.875, 7.426897189242766e-24, nan 
167.875, 79.875, 7.851431439518852e-24, nan 
168.125, 79.875, 7.65915497668389e-24, nan 
168.375, 79.875, 7.53620091322947e-24, nan 
168.625, 79.875, 6.808865637114489e-24, nan 
168.875, 79.875, 6.5673769759863554e-24, nan 
169.125, 79.875, 6.128453307135061e-24, nan 
169.375, 79.875, 6.654467375110741e-24, nan 
169.625, 79.875, 7.741217198870612e-24, nan 
169.875, 79.875, 7.253549360406432e-24, nan 
170.125, 79.875, 7.794237780913251e-24, nan 
170.375, 79.875, 6.776857374105731e-24, nan 
170.625, 79.875, 6.74506089197139e-24, nan 
170.875, 79.875, 5.754080319323578e-24, nan 
171.125, 79.875, 7.154784912468673e-24, nan 
171.375, 79.875, 5.913496771605845e-24, nan 
171.625, 79.875, 6.4797293109266784e-24, nan 
171.875, 79.875, 6.0922067377605705e-24, nan 
172.125, 79.875, 6.077227287152756e-24, nan 
172.375, 79.875, 6.941643989039404e-24, nan 
172.625, 79.875, 7.502177107273088e-24, nan 
172.875, 79.875, 6.575841294726512e-24, nan 
173.125, 79.875, 6.578060068618969e-24, nan 
173.375, 79.875, 7.101517986886805e-24, nan 
173.625, 79.875, 7.0751359504084e-24, nan 
173.875, 79.875, 7.166556361411476e-24, nan 
174.125, 79.875, 7.443771468435446e-24, nan 
174.375, 79.875, 7.432558169752194e-24, nan 
174.625, 79.875, 7.432260906763674e-24, nan 
174.875, 79.875, 6.671463215620882e-24, nan 
175.125, 79.875, 7.266520150485035e-24, nan 
175.375, 79.875, 6.886088983175188e-24, nan 
175.625, 79.875, 7.351478468850784e-24, nan 
175.875, 79.875, 6.918914478277598e-24, nan 
176.125, 79.875, 5.6588730056501464e-24, nan 
176.375, 79.875, 7.412329311338422e-24, nan 
176.625, 79.875, 6.740308871489229e-24, nan 
176.875, 79.875, 7.198743317815876e-24, nan 
177.125, 79.875, 6.227649178767203e-24, nan 
177.375, 79.875, 6.876053843765486e-24, nan 
177.625, 79.875, 6.90294972503772e-24, nan 
177.875, 79.875, 7.19633295331742e-24, nan 
178.125, 79.875, 6.730519170707574e-24, nan 
178.375, 79.875, 6.719120570563955e-24, nan 
178.625, 79.875, 6.645292220645407e-24, nan 
178.875, 79.875, 7.25116035471525e-24, nan 
179.125, 79.875, 6.6159413037859716e-24, nan 
179.375, 79.875, 6.667761465641603e-24, nan 
179.625, 79.875, 7.173867778858897e-24, nan 
179.875, 79.875, 6.9014331650009e-24, nan 
-179.875, 80.125, 7.235485489490587e-24, nan 
-179.625, 80.125, 7.82355683752542e-24, nan 
-179.375, 80.125, 6.930098157061426e-24, nan 
-179.125, 80.125, 7.401676839781666e-24, nan 
-178.875, 80.125, 7.139178413537528e-24, nan 
-178.625, 80.125, 7.021645108096186e-24, nan 
-178.375, 80.125, 7.09541203188549e-24, nan 
-178.125, 80.125, 6.868871525108379e-24, nan 
-177.875, 80.125, 5.9221487181795595e-24, nan 
-177.625, 80.125, 6.975859212356739e-24, nan 
-177.375, 80.125, 6.634894893260177e-24, nan 
-177.125, 80.125, 6.258996543565345e-24, nan 
-176.875, 80.125, 6.0740565623825124e-24, nan 
-176.625, 80.125, 5.563922725176816e-24, nan 
-176.375, 80.125, 6.250767804887839e-24, nan 
-176.125, 80.125, 6.438978087408087e-24, nan 
-175.875, 80.125, 5.5178335472592065e-24, nan 
-175.625, 80.125, 5.310694020340241e-24, nan 
-175.375, 80.125, 6.3074627716354965e-24, nan 
-175.125, 80.125, 6.08864854547445e-24, nan 
-174.875, 80.125, 6.067854560131903e-24, nan 
-174.625, 80.125, 5.935383792273936e-24, nan 
-174.375, 80.125, 5.762336410442877e-24, nan 
-174.125, 80.125, 5.8732230670341575e-24, nan 
-173.875, 80.125, 6.837918393494146e-24, nan 
-173.625, 80.125, 5.590548454099328e-24, nan 
-173.375, 80.125, 5.936491779527717e-24, nan 
-173.125, 80.125, 6.1838259336430656e-24, nan 
-172.875, 80.125, 5.9974885102835836e-24, nan 
-172.625, 80.125, 6.3291118884833924e-24, nan 
-172.375, 80.125, 5.484789384596142e-24, nan 
-172.125, 80.125, 6.1035767261542424e-24, nan 
-171.875, 80.125, 6.037599638183734e-24, nan 
-171.625, 80.125, 5.957039606743186e-24, nan 
-171.375, 80.125, 5.7799592758985546e-24, nan 
-171.125, 80.125, 5.467126284238207e-24, nan 
-170.875, 80.125, 5.211486477452591e-24, nan 
-170.625, 80.125, 5.5381226565910415e-24, nan 
-170.375, 80.125, 6.266896330121465e-24, nan 
-170.125, 80.125, 5.4119420507239674e-24, nan 
-169.875, 80.125, 5.7875889185541714e-24, nan 
-169.625, 80.125, 6.512358761511436e-24, nan 
-169.375, 80.125, 6.128356819450019e-24, nan 
-169.125, 80.125, 5.710678013605941e-24, nan 
-168.875, 80.125, 6.2142189151952765e-24, nan 
-168.625, 80.125, 6.082515392284097e-24, nan 
-168.375, 80.125, 6.160600046539714e-24, nan 
-168.125, 80.125, 6.366022638020389e-24, nan 
-167.875, 80.125, 5.755440623569549e-24, nan 
-167.625, 80.125, 6.647909401906159e-24, nan 
-167.375, 80.125, 6.595149504788526e-24, nan 
-167.125, 80.125, 8.183304476503389e-24, nan 
-166.875, 80.125, 5.0590637708947026e-24, nan 
-166.625, 80.125, 7.919390461931199e-24, nan 
-166.375, 80.125, 6.690855230557832e-24, nan 
-166.125, 80.125, 7.345491527963185e-24, nan 
-165.875, 80.125, 6.549639174349186e-24, nan 
-165.625, 80.125, 6.126549436955818e-24, nan 
-165.375, 80.125, 6.094166007043644e-24, nan 
-165.125, 80.125, 6.313631903944916e-24, nan 
-164.875, 80.125, 6.44495874204231e-24, nan 
-164.625, 80.125, 6.265232100582345e-24, nan 
-164.375, 80.125, 5.8655907421817624e-24, nan 
-164.125, 80.125, 6.638934842397916e-24, nan 
-163.875, 80.125, 5.77768816286354e-24, nan 
-163.625, 80.125, 6.183438579327623e-24, nan 
-163.375, 80.125, 6.023029626887392e-24, nan 
-163.125, 80.125, 6.120750950772497e-24, nan 
-162.875, 80.125, 6.4528056254509934e-24, nan 
-162.625, 80.125, 5.86243154547116e-24, nan 
-162.375, 80.125, 5.978211953385478e-24, nan 
-162.125, 80.125, 5.027028950042984e-24, nan 
-161.875, 80.125, 4.994282867436553e-24, nan 
-161.625, 80.125, 5.405966177533271e-24, nan 
-161.375, 80.125, 5.7125535066172155e-24, nan 
-161.125, 80.125, 5.303236016046472e-24, nan 
-160.875, 80.125, 6.1952668419260814e-24, nan 
-160.625, 80.125, 5.752308260828725e-24, nan 
-160.375, 80.125, 6.147419497888391e-24, nan 
-160.125, 80.125, 5.616898149748119e-24, nan 
-159.875, 80.125, 5.875408126873808e-24, nan 
-159.625, 80.125, 5.9381268147253114e-24, nan 
-159.375, 80.125, 5.967398988077653e-24, nan 
-159.125, 80.125, 5.714044056565951e-24, nan 
-158.875, 80.125, 5.782947346965399e-24, nan 
-158.625, 80.125, 5.919501135478046e-24, nan 
-158.375, 80.125, 5.888181746226474e-24, nan 
-158.125, 80.125, 6.057297612938758e-24, nan 
-157.875, 80.125, 6.038732861810769e-24, nan 
-157.625, 80.125, 6.0929930952160016e-24, nan 
-157.375, 80.125, 5.500771795623905e-24, nan 
-157.125, 80.125, 5.824192355810316e-24, nan 
-156.875, 80.125, 6.0299464847998966e-24, nan 
-156.625, 80.125, 5.899523376142361e-24, nan 
-156.375, 80.125, 6.055815216959896e-24, nan 
-156.125, 80.125, 5.848775377165594e-24, nan 
-155.875, 80.125, 6.099302972533175e-24, nan 
-155.625, 80.125, 5.984605820431608e-24, nan 
-155.375, 80.125, 5.970916213602025e-24, nan 
-155.125, 80.125, 5.615192683372444e-24, nan 
-154.875, 80.125, 5.96201631569545e-24, nan 
-154.625, 80.125, 5.763836943367502e-24, nan 
-154.375, 80.125, 5.622209777065907e-24, nan 
-154.125, 80.125, 6.223025442779554e-24, nan 
-153.875, 80.125, 5.6726018100889646e-24, nan 
-153.625, 80.125, 5.592077704326715e-24, nan 
-153.375, 80.125, 5.637131913564843e-24, nan 
-153.125, 80.125, 6.041177163958838e-24, nan 
-152.875, 80.125, 5.5552554111023134e-24, nan 
-152.625, 80.125, 6.256537266283525e-24, nan 
-152.375, 80.125, 5.390442595086388e-24, nan 
-152.125, 80.125, 5.724829062198161e-24, nan 
-151.875, 80.125, 6.278468358986847e-24, nan 
-151.625, 80.125, 5.9442607380026795e-24, nan 
-151.375, 80.125, 6.348219335306229e-24, nan 
-151.125, 80.125, 5.903789378789044e-24, nan 
-150.875, 80.125, 6.203149471553886e-24, nan 
-150.625, 80.125, 5.7455458893649496e-24, nan 
-150.375, 80.125, 6.4187344371135384e-24, nan 
-150.125, 80.125, 6.708090097557187e-24, nan 
-149.875, 80.125, 6.437141408103831e-24, nan 
-149.625, 80.125, 5.9859446374153204e-24, nan 
-149.375, 80.125, 6.528572868350576e-24, nan 
-149.125, 80.125, 6.657949156553383e-24, nan 
-148.875, 80.125, 6.658989846861748e-24, nan 
-148.625, 80.125, 6.646484831337797e-24, nan 
-148.375, 80.125, 5.914198862601609e-24, nan 
-148.125, 80.125, 6.5888136035523844e-24, nan 
-147.875, 80.125, 6.566307478593227e-24, nan 
-147.625, 80.125, 6.695330746820789e-24, nan 
-147.375, 80.125, 6.241389529112831e-24, nan 
-147.125, 80.125, 5.810355616018084e-24, nan 
-146.875, 80.125, 5.9188524021944114e-24, nan 
-146.625, 80.125, 6.81876404848844e-24, nan 
-146.375, 80.125, 6.506272288075611e-24, nan 
-146.125, 80.125, 6.144630456724837e-24, nan 
-145.875, 80.125, 6.5289983362526345e-24, nan 
-145.625, 80.125, 6.807155655342427e-24, nan 
-145.375, 80.125, 6.148174377206322e-24, nan 
-145.125, 80.125, 6.537027245823429e-24, nan 
-144.875, 80.125, 7.194247636568929e-24, nan 
-144.625, 80.125, 5.88808894509975e-24, nan 
-144.375, 80.125, 7.807374568675927e-24, nan 
-144.125, 80.125, 6.814543168234886e-24, nan 
-143.875, 80.125, 7.02119117709319e-24, nan 
-143.625, 80.125, 6.4799337319157226e-24, nan 
-143.375, 80.125, 7.485055443357162e-24, nan 
-143.125, 80.125, 7.115225939735688e-24, nan 
-142.875, 80.125, 6.5626108880397066e-24, nan 
-142.625, 80.125, 6.895923271283333e-24, nan 
-142.375, 80.125, 6.584353295979252e-24, nan 
-142.125, 80.125, 7.26079765899412e-24, nan 
-141.875, 80.125, 7.35018327468053e-24, nan 
-141.625, 80.125, 6.725484594117763e-24, nan 
-141.375, 80.125, 7.059896198183026e-24, nan 
-141.125, 80.125, 6.884775031980005e-24, nan 
-140.875, 80.125, 6.500939695551172e-24, nan 
-140.625, 80.125, 6.971973126891534e-24, nan 
-140.375, 80.125, 6.770072100881886e-24, nan 
-140.125, 80.125, 7.579263626043502e-24, nan 
-139.875, 80.125, 7.470894739260502e-24, nan 
-139.625, 80.125, 7.027426327351132e-24, nan 
-139.375, 80.125, 7.538960324774358e-24, nan 
-139.125, 80.125, 7.541354496029151e-24, nan 
-138.875, 80.125, 7.732611848888707e-24, nan 
-138.625, 80.125, 7.532861375304014e-24, nan 
-138.375, 80.125, 8.099903127538894e-24, nan 
-138.125, 80.125, 8.537546779737863e-24, nan 
-137.875, 80.125, 1.0105702001627555e-23, nan 
-137.625, 80.125, 7.75928161313873e-24, nan 
-137.375, 80.125, 8.168668075467348e-24, nan 
-137.125, 80.125, 1.0028809660641633e-23, nan 
-136.875, 80.125, 8.807131401052109e-24, nan 
-136.625, 80.125, 8.529007532665604e-24, nan 
-136.375, 80.125, 1.0121589311786189e-23, nan 
-136.125, 80.125, 8.4541465258819e-24, nan 
-135.875, 80.125, 1.003353217771496e-23, nan 
-135.625, 80.125, 1.0278959405873795e-23, nan 
-135.375, 80.125, 9.068932518940543e-24, nan 
-135.125, 80.125, 1.0462133444943989e-23, nan 
-134.875, 80.125, 1.0465746570056413e-23, nan 
-134.625, 80.125, 9.698052433278369e-24, nan 
-134.375, 80.125, 8.305761104465445e-24, nan 
-134.125, 80.125, 1.0679064140399566e-23, nan 
-133.875, 80.125, 1.0666495888328313e-23, nan 
-133.625, 80.125, 1.2671374955013302e-23, nan 
-133.375, 80.125, 1.0623783691609275e-23, nan 
-133.125, 80.125, 1.0436597183498362e-23, nan 
-132.875, 80.125, 1.2052499688781518e-23, nan 
-132.625, 80.125, 1.2242593413169971e-23, nan 
-132.375, 80.125, 1.1546962855624206e-23, nan 
-132.125, 80.125, 1.1660672589961287e-23, nan 
-131.875, 80.125, 1.3619303333805816e-23, nan 
-131.625, 80.125, 1.2167141183040815e-23, nan 
-131.375, 80.125, 1.3072221479699356e-23, nan 
-131.125, 80.125, 1.2466958060531533e-23, nan 
-130.875, 80.125, 1.4502279735451277e-23, nan 
-130.625, 80.125, 1.340596291098112e-23, nan 
-130.375, 80.125, 1.421134499775462e-23, nan 
-130.125, 80.125, 1.3420310109914447e-23, nan 
-129.875, 80.125, 1.3135752858214463e-23, nan 
-129.625, 80.125, 1.4658761102172812e-23, nan 
-129.375, 80.125, 1.546088792054226e-23, nan 
-129.125, 80.125, 1.318979365444953e-23, nan 
-128.875, 80.125, 1.1557835433579408e-23, nan 
-128.625, 80.125, 1.0867469172693635e-23, nan 
-128.375, 80.125, 1.0439613763181735e-23, nan 
-128.125, 80.125, 1.0933148126820715e-23, nan 
-127.875, 80.125, 9.34096833958287e-24, nan 
-127.625, 80.125, 9.583487341319312e-24, nan 
-127.375, 80.125, 7.195734402213162e-24, nan 
-127.125, 80.125, 9.60490964758581e-24, nan 
-126.875, 80.125, 5.565704485521504e-24, nan 
-126.625, 80.125, 5.6591715485393805e-24, nan 
-126.375, 80.125, 5.041275247199452e-24, nan 
-126.125, 80.125, 4.585598362169258e-24, nan 
-125.875, 80.125, 4.935010778038582e-24, nan 
-125.625, 80.125, 6.680116672768808e-24, nan 
-125.375, 80.125, 6.981681624331363e-24, nan 
-125.125, 80.125, 7.322666458782658e-24, nan 
-124.875, 80.125, 9.300964865153147e-24, nan 
-124.625, 80.125, 9.297284284481126e-24, nan 
-124.375, 80.125, 8.456323690869108e-24, nan 
-124.125, 80.125, 8.967816669013853e-24, nan 
-123.875, 80.125, 1.0114214353477254e-23, nan 
-123.625, 80.125, 1.0337498600774162e-23, nan 
-123.375, 80.125, 9.442528431652888e-24, nan 
-123.125, 80.125, 9.33880668168799e-24, nan 
-122.875, 80.125, 1.0217457077600183e-23, nan 
-122.625, 80.125, 1.1547681351208487e-23, nan 
-122.375, 80.125, 1.0426586266406815e-23, nan 
-122.125, 80.125, 1.034658948702749e-23, nan 
-121.875, 80.125, 1.1518519584481077e-23, nan 
-121.625, 80.125, 1.1633580840999532e-23, nan 
-121.375, 80.125, 1.2716396336012643e-23, nan 
-121.125, 80.125, 1.1999501231408049e-23, nan 
-120.875, 80.125, 1.2813175689491396e-23, nan 
-120.625, 80.125, 1.3801459247103758e-23, nan 
-120.375, 80.125, 1.402806997840654e-23, nan 
-120.125, 80.125, 1.416334534442289e-23, nan 
-119.875, 80.125, 1.6031234790211096e-23, nan 
-119.625, 80.125, 1.6414378290895952e-23, nan 
-119.375, 80.125, 1.7093515453736948e-23, nan 
-119.125, 80.125, 1.982643126997155e-23, nan 
-118.875, 80.125, 2.2764645192713376e-23, nan 
-118.625, 80.125, 2.3474467362005045e-23, nan 
-118.375, 80.125, 2.6756205393728446e-23, nan 
-118.125, 80.125, 2.6357881920985922e-23, nan 
-117.875, 80.125, 2.909183523480811e-23, nan 
-117.625, 80.125, 3.1376920899467963e-23, nan 
-117.375, 80.125, 3.2015661566253274e-23, nan 
-117.125, 80.125, 4.292022362204415e-23, nan 
-116.875, 80.125, 4.235351069717947e-23, nan 
-116.625, 80.125, 3.721752768501472e-23, nan 
-116.375, 80.125, 5.044401244613184e-23, nan 
-116.125, 80.125, 5.290524250239164e-23, nan 
-115.875, 80.125, 5.426463026268584e-23, nan 
-115.625, 80.125, 5.453442897201672e-23, nan 
-115.375, 80.125, 4.7948820980636694e-23, nan 
-115.125, 80.125, 4.743799793114681e-23, nan 
-114.875, 80.125, 4.8052784942945507e-23, nan 
-114.625, 80.125, 5.496843927705681e-23, nan 
-114.375, 80.125, 4.467731353431438e-23, nan 
-114.125, 80.125, 2.853612886947584e-23, nan 
-113.875, 80.125, 2.2421223068768798e-23, nan 
-113.625, 80.125, 1.7020695145291446e-23, nan 
-113.375, 80.125, 1.7004813252694124e-23, nan 
-113.125, 80.125, 9.527852581749552e-24, nan 
-112.875, 80.125, 4.765495959953549e-24, nan 
-112.625, 80.125, 2.0388151869113696e-23, nan 
-112.375, 80.125, 1.9807169196822012e-23, nan 
-112.125, 80.125, 1.706678104361626e-23, nan 
-111.875, 80.125, 1.6773549223376387e-23, nan 
-111.625, 80.125, 2.4145628787925363e-23, nan 
-111.375, 80.125, 3.272922882979071e-23, nan 
-111.125, 80.125, 3.829734795870506e-23, nan 
-110.875, 80.125, 4.2689546728351696e-23, nan 
-110.625, 80.125, 5.033594505612325e-23, nan 
-110.375, 80.125, 5.523419918949633e-23, nan 
-110.125, 80.125, 4.945903489627094e-23, nan 
-109.875, 80.125, 5.610125572421732e-23, nan 
-109.625, 80.125, 5.567725977101346e-23, nan 
-109.375, 80.125, 5.340106922548909e-23, nan 
-109.125, 80.125, 5.2174523368534873e-23, nan 
-108.875, 80.125, 4.548103846967653e-23, nan 
-108.625, 80.125, 4.0563156744117186e-23, nan 
-108.375, 80.125, 4.466727709203178e-23, nan 
-108.125, 80.125, 3.333274566469056e-23, nan 
-107.875, 80.125, 3.5640607594950905e-23, nan 
-107.625, 80.125, 2.7143359435375056e-23, nan 
-107.375, 80.125, 1.7046598847041482e-23, nan 
-107.125, 80.125, 3.9402200602209513e-23, nan 
-106.875, 80.125, 2.8463825076046123e-23, nan 
-106.625, 80.125, 1.8290592875731717e-23, nan 
-106.375, 80.125, 3.7406048341225e-23, nan 
-106.125, 80.125, 4.8841336490757263e-23, nan 
-105.875, 80.125, 4.3450422884333014e-23, nan 
-105.625, 80.125, 2.1937651200748152e-23, nan 
-105.375, 80.125, 4.8591934650829207e-23, nan 
-105.125, 80.125, 4.224531256277524e-23, nan 
-104.875, 80.125, 6.78223695300637e-23, nan 
-104.625, 80.125, 7.348954860681832e-23, nan 
-104.375, 80.125, 4.037592520888532e-23, nan 
-104.125, 80.125, 4.3741754540885453e-23, nan 
-103.875, 80.125, 4.168690682619777e-23, nan 
-103.625, 80.125, 5.717730721844519e-23, nan 
-103.375, 80.125, 7.107521551056615e-23, nan 
-103.125, 80.125, 3.9321976382447774e-23, nan 
-102.875, 80.125, 2.2875546721343e-23, nan 
-102.625, 80.125, 2.1471349898689587e-23, nan 
-102.375, 80.125, 1.6663069213472994e-23, nan 
-102.125, 80.125, 3.181163734066525e-23, nan 
-101.875, 80.125, 2.5865474533987514e-23, nan 
-101.625, 80.125, 2.266378797361819e-23, nan 
-101.375, 80.125, 4.316395269167023e-23, nan 
-101.125, 80.125, 3.5632964292680834e-23, nan 
-100.875, 80.125, 1.4328158086877982e-23, nan 
-100.625, 80.125, 2.519686561863019e-23, nan 
-100.375, 80.125, 2.5004907099016466e-23, nan 
-100.125, 80.125, 4.3207144591086564e-23, nan 
-99.875, 80.125, 3.5023428498501505e-23, nan 
-99.625, 80.125, 2.589801376469884e-23, nan 
-99.375, 80.125, 3.224236360876173e-23, nan 
-99.125, 80.125, 3.2863520921649485e-23, nan 
-98.875, 80.125, 3.0673645662619984e-23, nan 
-98.625, 80.125, 2.629626055811358e-23, nan 
-98.375, 80.125, 4.182027049039538e-23, nan 
-98.125, 80.125, 5.419408487474055e-23, nan 
-97.875, 80.125, 4.8478594462965306e-23, nan 
-97.625, 80.125, 5.531458398222171e-23, nan 
-97.375, 80.125, 5.877515142827526e-23, nan 
-97.125, 80.125, 6.019665204535715e-23, nan 
-96.875, 80.125, 7.38567890577013e-23, nan 
-96.625, 80.125, 6.473321441174952e-23, nan 
-96.375, 80.125, 7.782135648892762e-23, nan 
-96.125, 80.125, 9.991672351536288e-23, nan 
-95.875, 80.125, 8.852707431693439e-23, nan 
-95.625, 80.125, 8.977478016510484e-23, nan 
-95.375, 80.125, 7.872570843644943e-23, nan 
-95.125, 80.125, 6.787102883846185e-23, nan 
-94.875, 80.125, 7.638536341085312e-23, nan 
-94.625, 80.125, 8.14224806765489e-23, nan 
-94.375, 80.125, 6.636543494880956e-23, nan 
-94.125, 80.125, 6.741690279090467e-23, nan 
-93.875, 80.125, 6.344434334522758e-23, nan 
-93.625, 80.125, 7.209698921334488e-23, nan 
-93.375, 80.125, 6.858311479145259e-23, nan 
-93.125, 80.125, 7.043408074626984e-23, nan 
-92.875, 80.125, 5.48146031372878e-23, nan 
-92.625, 80.125, 7.635464990167607e-23, nan 
-92.375, 80.125, 8.419735552131239e-23, nan 
-92.125, 80.125, 8.815408618329908e-23, nan 
-91.875, 80.125, 8.636979674044282e-23, nan 
-91.625, 80.125, 9.552592692970059e-23, nan 
-91.375, 80.125, 9.03678340291403e-23, nan 
-91.125, 80.125, 8.213674715694036e-23, nan 
-90.875, 80.125, 1.0202500628830736e-22, nan 
-90.625, 80.125, 1.208682471479028e-22, nan 
-90.375, 80.125, 1.3266564619431007e-22, nan 
-90.125, 80.125, 1.4637806699938476e-22, nan 
-89.875, 80.125, 1.5668415291841891e-22, nan 
-89.625, 80.125, 1.8568747674250488e-22, nan 
-89.375, 80.125, 1.753282772918732e-22, nan 
-89.125, 80.125, 1.6601534168675904e-22, nan 
-88.875, 80.125, 2.0478274617232183e-22, nan 
-88.625, 80.125, 1.9892671780841338e-22, nan 
-88.375, 80.125, 2.2267011243120636e-22, nan 
-88.125, 80.125, 2.163375560280919e-22, nan 
-87.875, 80.125, 2.072114629627785e-22, nan 
-87.625, 80.125, 2.7284041655249024e-22, nan 
-87.375, 80.125, 2.511716971257063e-22, nan 
-87.125, 80.125, 2.1021708309756566e-22, nan 
-86.875, 80.125, 2.361501221435826e-22, nan 
-86.625, 80.125, 2.4950031202496566e-22, nan 
-86.375, 80.125, 2.1094600182481884e-22, nan 
-86.125, 80.125, 2.2161289442941226e-22, nan 
-85.875, 80.125, 2.164144945357896e-22, nan 
-85.625, 80.125, 2.0692403873179677e-22, nan 
-85.375, 80.125, 2.0553372431752334e-22, nan 
-85.125, 80.125, 2.1881706293540617e-22, nan 
-84.875, 80.125, 1.974100219563147e-22, nan 
-84.625, 80.125, 1.9895946026729349e-22, nan 
-84.375, 80.125, 1.9989127592228794e-22, nan 
-84.125, 80.125, 2.3775153406083966e-22, nan 
-83.875, 80.125, 2.0529663924585432e-22, nan 
-83.625, 80.125, 1.6799149091252128e-22, nan 
-83.375, 80.125, 2.715272588457676e-22, nan 
-83.125, 80.125, 1.8990241703196713e-22, nan 
-82.875, 80.125, 1.8476072070453666e-22, nan 
-82.625, 80.125, 2.0540290019384786e-22, nan 
-82.375, 80.125, 2.649327397433528e-22, nan 
-82.125, 80.125, 3.423879563042757e-22, nan 
-81.875, 80.125, 3.9097425007811426e-22, nan 
-81.625, 80.125, 3.958119370674742e-22, nan 
-81.375, 80.125, 4.642928644316667e-22, nan 
-81.125, 80.125, 3.529331208968245e-22, nan 
-80.875, 80.125, 4.618343528214551e-22, nan 
-80.625, 80.125, 5.794917335920126e-22, nan 
-80.375, 80.125, 6.530547242161857e-22, nan 
-80.125, 80.125, 7.236758464986489e-22, nan 
-79.875, 80.125, 5.651889769519152e-22, nan 
-79.625, 80.125, 7.296077051542783e-22, nan 
-79.375, 80.125, 7.011993394825075e-22, nan 
-79.125, 80.125, 7.343457949526274e-22, nan 
-78.875, 80.125, 7.118638831507856e-22, nan 
-78.625, 80.125, 6.88724006202627e-22, nan 
-78.375, 80.125, 1.3503423217473285e-21, nan 
-78.125, 80.125, 1.257055345825307e-21, nan 
-77.875, 80.125, 1.3421420381079983e-21, nan 
-77.625, 80.125, 1.3192891051913135e-21, nan 
-77.375, 80.125, 1.2274208425976833e-21, nan 
-77.125, 80.125, 1.0437978019883893e-21, nan 
-76.875, 80.125, 9.26933123366319e-22, nan 
-76.625, 80.125, 8.383878789753753e-22, nan 
-76.375, 80.125, 8.504818733393238e-22, nan 
-76.125, 80.125, 8.216630341381847e-22, nan 
-75.875, 80.125, 7.862368469985824e-22, nan 
-75.625, 80.125, 9.03877462844709e-22, nan 
-75.375, 80.125, 9.43494080344144e-22, nan 
-75.125, 80.125, 1.0187306612464639e-21, nan 
-74.875, 80.125, 1.1973639439611288e-21, nan 
-74.625, 80.125, 1.0857267737703163e-21, nan 
-74.375, 80.125, 1.3396496161534482e-21, nan 
-74.125, 80.125, 1.4050073902285438e-21, nan 
-73.875, 80.125, 1.399253900400996e-21, nan 
-73.625, 80.125, 1.3600164645354633e-21, nan 
-73.375, 80.125, 1.5514710510769971e-21, nan 
-73.125, 80.125, 1.510807879345042e-21, nan 
-72.875, 80.125, 1.7710648246466744e-21, nan 
-72.625, 80.125, 1.909495741771921e-21, nan 
-72.375, 80.125, 2.092709640667742e-21, nan 
-72.125, 80.125, 2.266692709368913e-21, nan 
-71.875, 80.125, 2.268854482342365e-21, nan 
-71.625, 80.125, 2.2251942458066908e-21, nan 
-71.375, 80.125, 2.2089547471461883e-21, nan 
-71.125, 80.125, 2.3663530576802864e-21, nan 
-70.875, 80.125, 2.5174636601849326e-21, nan 
-70.625, 80.125, 2.733312500162339e-21, nan 
-70.375, 80.125, 2.8227601849094043e-21, nan 
-70.125, 80.125, 2.763606393452177e-21, nan 
-69.875, 80.125, 2.9983082393974228e-21, nan 
-69.625, 80.125, 2.759843718368926e-21, nan 
-69.375, 80.125, 2.7911287161318715e-21, nan 
-69.125, 80.125, 2.7575345957407516e-21, nan 
-68.875, 80.125, 2.9117758974482763e-21, nan 
-68.625, 80.125, 3.1418465350696795e-21, nan 
-68.375, 80.125, 2.3316967102680182e-21, nan 
-68.125, 80.125, 2.3376696233579323e-21, nan 
-67.875, 80.125, 2.3069515475498988e-21, nan 
-67.625, 80.125, 1.7761572828311583e-21, nan 
-67.375, 80.125, 1.5483691773882072e-21, nan 
-67.125, 80.125, 1.564785154179607e-21, nan 
-66.875, 80.125, 9.810318720038123e-22, nan 
-66.625, 80.125, 8.342996386093579e-22, nan 
-66.375, 80.125, 9.286230067223412e-22, nan 
-66.125, 80.125, 3.7119444058393893e-22, nan 
-65.875, 80.125, 2.674444242136323e-22, nan 
-65.625, 80.125, 1.3433071318176028e-21, nan 
-65.375, 80.125, 8.038130618003485e-22, nan 
-65.125, 80.125, 6.374487534029742e-22, nan 
-64.875, 80.125, 2.638089019871756e-22, nan 
-64.625, 80.125, 3.8691235990852643e-22, nan 
-64.375, 80.125, 1.0177492773714155e-21, nan 
-64.125, 80.125, 8.748175800825238e-22, nan 
-63.875, 80.125, 1.0028463534855755e-21, nan 
-63.625, 80.125, 7.311192800205984e-22, nan 
-63.375, 80.125, 8.435421149987517e-22, nan 
-63.125, 80.125, 7.179768568385867e-22, nan 
-62.875, 80.125, 5.791476750744462e-22, nan 
-62.625, 80.125, 5.012293332301174e-22, nan 
-62.375, 80.125, 9.21086095852839e-22, nan 
-62.125, 80.125, 1.046081408533718e-21, nan 
-61.875, 80.125, 1.3326131873453077e-21, nan 
-61.625, 80.125, 8.923895990566137e-22, nan 
-61.375, 80.125, 4.669120629269063e-22, nan 
-61.125, 80.125, 1.356387171434472e-21, nan 
-60.875, 80.125, 1.017678228783221e-21, nan 
-60.625, 80.125, 5.497063178719165e-21, nan 
-60.375, 80.125, 5.408228398143138e-21, nan 
-60.125, 80.125, 5.3894601463689886e-21, nan 
-59.875, 80.125, 7.575378674816229e-21, nan 
-59.625, 80.125, 7.63969354708987e-21, nan 
-59.375, 80.125, 7.957478508866958e-21, nan 
-59.125, 80.125, 8.887723014109378e-21, nan 
-58.875, 80.125, 1.1256166767618512e-20, nan 
-58.625, 80.125, 1.3167674817709729e-20, nan 
-58.375, 80.125, 1.2610473035245988e-20, nan 
-58.125, 80.125, 1.0046708505086805e-20, nan 
-57.875, 80.125, 1.039075266578249e-20, nan 
-57.625, 80.125, 1.029136555784517e-20, nan 
-57.375, 80.125, 9.777229342638575e-21, nan 
-57.125, 80.125, 9.787479253575212e-21, nan 
-56.875, 80.125, 9.474709457682823e-21, nan 
-56.625, 80.125, 8.784802329346361e-21, nan 
-56.375, 80.125, 4.904295115936285e-21, nan 
-56.125, 80.125, 5.842921930119886e-21, nan 
-55.875, 80.125, 6.414873919487527e-21, nan 
-55.625, 80.125, 5.169506897159116e-21, nan 
-55.375, 80.125, 3.3827746199043637e-21, nan 
-55.125, 80.125, 6.17950419812477e-21, nan 
-54.875, 80.125, 7.783193143154395e-21, nan 
-54.625, 80.125, 7.929528656971275e-21, nan 
-54.375, 80.125, 7.300653047481432e-21, nan 
-54.125, 80.125, 4.413926600356288e-21, nan 
-53.875, 80.125, 5.250084724518851e-21, nan 
-53.625, 80.125, 5.749244543966133e-21, nan 
-53.375, 80.125, 3.982688025819105e-21, nan 
-53.125, 80.125, 4.937038831679383e-21, nan 
-52.875, 80.125, 5.742626457283173e-21, nan 
-52.625, 80.125, 5.904247678572176e-21, nan 
-52.375, 80.125, 7.039553488733372e-21, nan 
-52.125, 80.125, 5.327118017231097e-21, nan 
-51.875, 80.125, 4.337902706572622e-21, nan 
-51.625, 80.125, 6.4030872321580296e-21, nan 
-51.375, 80.125, 9.018671007526657e-21, nan 
-51.125, 80.125, 1.206505955975098e-20, nan 
-50.875, 80.125, 4.4947565686338225e-20, nan 
-50.625, 80.125, 6.12277825938964e-20, nan 
-50.375, 80.125, 6.258999221839435e-20, nan 
-50.125, 80.125, 7.883782679292704e-20, nan 
-49.875, 80.125, 7.799742166607132e-20, nan 
-49.625, 80.125, 6.172865566034689e-20, nan 
-49.375, 80.125, 7.789415098506959e-20, nan 
-49.125, 80.125, 7.758123688228502e-20, nan 
-48.875, 80.125, 7.663155059668835e-20, nan 
-48.625, 80.125, 6.915156788380654e-20, nan 
-48.375, 80.125, 2.0929016145245553e-20, nan 
-48.125, 80.125, 1.859098697223358e-20, nan 
-47.875, 80.125, 2.459293434320538e-20, nan 
-47.625, 80.125, 2.950261938122061e-20, nan 
-47.375, 80.125, 2.1526828620839403e-20, nan 
-47.125, 80.125, 2.5446808519341933e-20, nan 
-46.875, 80.125, 2.6935690105185025e-20, nan 
-46.625, 80.125, 2.5874885812411927e-20, nan 
-46.375, 80.125, 3.2931172337522494e-20, nan 
-46.125, 80.125, 4.2774370319954844e-20, nan 
-45.875, 80.125, 4.110885589479557e-20, nan 
-45.625, 80.125, 4.375068408053315e-20, nan 
-45.375, 80.125, 4.807640546821015e-20, nan 
-45.125, 80.125, 5.335559424887526e-20, nan 
-44.875, 80.125, 5.579837088614294e-20, nan 
-44.625, 80.125, 5.228942949097669e-20, nan 
-44.375, 80.125, 5.580741290630193e-20, nan 
-44.125, 80.125, 6.212850373632224e-20, nan 
-43.875, 80.125, 6.308900357261802e-20, nan 
-43.625, 80.125, 6.935245567016434e-20, nan 
-43.375, 80.125, 7.747085808276594e-20, nan 
-43.125, 80.125, 7.371798715500786e-20, nan 
-42.875, 80.125, 8.255893673094652e-20, nan 
-42.625, 80.125, 7.618822053221686e-20, nan 
-42.375, 80.125, 8.035444136274051e-20, nan 
-42.125, 80.125, 8.525176756509037e-20, nan 
-41.875, 80.125, 7.645787990999637e-20, nan 
-41.625, 80.125, 7.766930144404574e-20, nan 
-41.375, 80.125, 6.770988422346378e-20, nan 
-41.125, 80.125, 5.65003455285017e-20, nan 
-40.875, 80.125, 6.378738835666047e-20, nan 
-40.625, 80.125, 5.935021824134316e-20, nan 
-40.375, 80.125, 6.172932044055855e-20, nan 
-40.125, 80.125, 5.800614009419963e-20, nan 
-39.875, 80.125, 8.748951415103989e-20, nan 
-39.625, 80.125, 5.54045936754976e-20, nan 
-39.375, 80.125, 5.3647948537797826e-20, nan 
-39.125, 80.125, 5.569228879944832e-20, nan 
-38.875, 80.125, 4.2390941258376026e-20, nan 
-38.625, 80.125, 4.8117399789736695e-20, nan 
-38.375, 80.125, 9.317993654940191e-20, nan 
-38.125, 80.125, 6.025691791530707e-20, nan 
-37.875, 80.125, 1.2742155534026637e-19, nan 
-37.625, 80.125, 3.0018014877946066e-19, nan 
-37.375, 80.125, 2.31761165995458e-19, nan 
-37.125, 80.125, 4.076612536726156e-19, nan 
-36.875, 80.125, 4.1053560067458564e-19, nan 
-36.625, 80.125, 4.339829611408932e-19, nan 
-36.375, 80.125, 3.8257252430474015e-19, nan 
-36.125, 80.125, 2.928407958664017e-19, nan 
-35.875, 80.125, 2.9061561451542116e-19, nan 
-35.625, 80.125, 2.8610003737772196e-19, nan 
-35.375, 80.125, 2.7726382837646537e-19, nan 
-35.125, 80.125, 2.7456312644550476e-19, nan 
-34.875, 80.125, 2.201160245178689e-19, nan 
-34.625, 80.125, 2.0921297255446356e-19, nan 
-34.375, 80.125, 2.9866543324407045e-19, nan 
-34.125, 80.125, 5.183072710215237e-19, nan 
-33.875, 80.125, 6.357899671492243e-19, nan 
-33.625, 80.125, 6.541970406627142e-19, nan 
-33.375, 80.125, 5.765766597304953e-19, nan 
-33.125, 80.125, 6.13214533241965e-19, nan 
-32.875, 80.125, 7.981886379968508e-19, nan 
-32.625, 80.125, 8.980566216052656e-19, nan 
-32.375, 80.125, 8.414453124490353e-19, nan 
-32.125, 80.125, 8.14669649461622e-19, nan 
-31.875, 80.125, 7.176194719414084e-19, nan 
-31.625, 80.125, 6.703229497584322e-19, nan 
-31.375, 80.125, 1.1949250382065534e-18, nan 
-31.125, 80.125, 1.4029029600283185e-18, nan 
-30.875, 80.125, 1.3136844337057907e-18, nan 
-30.625, 80.125, 1.0665010553539714e-18, nan 
-30.375, 80.125, 1.3326368372422375e-18, nan 
-30.125, 80.125, 1.4507475342272796e-18, nan 
-29.875, 80.125, 1.69310944297868e-18, nan 
-29.625, 80.125, 1.3874546017090146e-18, nan 
-29.375, 80.125, 6.670283144346954e-19, nan 
-29.125, 80.125, 1.891703596624563e-18, nan 
-28.875, 80.125, 1.8401646361190963e-18, nan 
-28.625, 80.125, 2.22066024778722e-18, nan 
-28.375, 80.125, 2.404711809627274e-18, nan 
-28.125, 80.125, 1.1068919046886068e-18, nan 
-27.875, 80.125, 2.0361994965245653e-18, nan 
-27.625, 80.125, 2.4397461782415004e-18, nan 
-27.375, 80.125, 3.071593426956758e-18, nan 
-27.125, 80.125, 3.196705895238725e-18, nan 
-26.875, 80.125, 2.641051486489014e-18, nan 
-26.625, 80.125, 1.6711552347145726e-18, nan 
-26.375, 80.125, 1.3657918089493798e-18, nan 
-26.125, 80.125, 1.6235290383241443e-18, nan 
-25.875, 80.125, 1.1336047078893229e-18, nan 
-25.625, 80.125, 1.1778554158435289e-18, nan 
-25.375, 80.125, 1.2152324736081974e-18, nan 
-25.125, 80.125, 6.213300951191049e-19, nan 
-24.875, 80.125, 5.0222817696418755e-19, nan 
-24.625, 80.125, 4.1287758923495956e-19, nan 
-24.375, 80.125, 6.101452825468599e-19, nan 
-24.125, 80.125, 1.216364818943708e-18, nan 
-23.875, 80.125, 1.5835110125332357e-18, nan 
-23.625, 80.125, 1.7212381163671352e-18, nan 
-23.375, 80.125, 1.44668020204832e-18, nan 
-23.125, 80.125, 1.2421538157302259e-18, nan 
-22.875, 80.125, 1.5016713685368984e-18, nan 
-22.625, 80.125, 2.1772561579854006e-18, nan 
-22.375, 80.125, 2.5711594638185448e-18, nan 
-22.125, 80.125, 2.8098068558966414e-18, nan 
-21.875, 80.125, 2.6902362591352587e-18, nan 
-21.625, 80.125, 3.236668387028655e-18, nan 
-21.375, 80.125, 3.1588785168223998e-18, nan 
-21.125, 80.125, 3.2613667544542364e-18, nan 
-20.875, 80.125, 3.114242826379039e-18, nan 
-20.625, 80.125, 3.120853831155122e-18, nan 
-20.375, 80.125, 2.466914148283788e-18, nan 
-20.125, 80.125, 1.970093880459635e-18, nan 
-19.875, 80.125, 2.038671653567759e-18, nan 
-19.625, 80.125, 1.6707286269567452e-18, nan 
-19.375, 80.125, 8.678089703021333e-19, nan 
-19.125, 80.125, 3.7454618456839715e-19, nan 
-18.875, 80.125, 2.69563428165837e-19, nan 
-18.625, 80.125, 3.4826720479710847e-19, nan 
-18.375, 80.125, 3.462605001115156e-19, nan 
-18.125, 80.125, 2.8154478974277434e-19, nan 
-17.875, 80.125, 2.5643407713432464e-19, nan 
-17.625, 80.125, 5.426990935879899e-19, nan 
-17.375, 80.125, 9.166955725233967e-19, nan 
-17.125, 80.125, 1.398543023796395e-18, nan 
-16.875, 80.125, 1.3186974472612797e-18, nan 
-16.625, 80.125, 9.574538318989874e-19, nan 
-16.375, 80.125, 6.287135404494181e-19, nan 
-16.125, 80.125, 1.2290120892150921e-18, nan 
-15.875, 80.125, 2.247855878241961e-18, nan 
-15.625, 80.125, 2.1401554705554217e-18, nan 
-15.375, 80.125, 1.5436122518665013e-18, nan 
-15.125, 80.125, 1.2359606511395528e-18, nan 
-14.875, 80.125, 1.242069270596729e-18, nan 
-14.625, 80.125, 1.796841893220194e-18, nan 
-14.375, 80.125, 1.839567345125604e-18, nan 
-14.125, 80.125, 1.7394209474102703e-18, nan 
-13.875, 80.125, 1.777783967436344e-18, nan 
-13.625, 80.125, 1.525101769351427e-18, nan 
-13.375, 80.125, 1.0983598502840443e-18, nan 
-13.125, 80.125, 1.1379715660020925e-18, nan 
-12.875, 80.125, 6.238779583679257e-19, nan 
-12.625, 80.125, 3.096920181679881e-19, nan 
-12.375, 80.125, 1.8442368932917346e-19, nan 
-12.125, 80.125, 1.2226053007118893e-19, nan 
-11.875, 80.125, 9.81400796462661e-20, nan 
-11.625, 80.125, 7.949414554694193e-20, nan 
-11.375, 80.125, 7.470148711099701e-20, nan 
-11.125, 80.125, 6.475627967552711e-20, nan 
-10.875, 80.125, 8.179237326485999e-20, nan 
-10.625, 80.125, 8.820065044690144e-20, nan 
-10.375, 80.125, 1.1638450595920709e-19, nan 
-10.125, 80.125, 1.1507994684896605e-19, nan 
-9.875, 80.125, 8.361204154134426e-20, nan 
-9.625, 80.125, 5.923508387537895e-20, nan 
-9.375, 80.125, 7.659801215516911e-20, nan 
-9.125, 80.125, 1.2117113429645618e-19, nan 
-8.875, 80.125, 1.0929577750366285e-19, nan 
-8.625, 80.125, 1.4607439659047526e-19, nan 
-8.375, 80.125, 2.571025383894568e-19, nan 
-8.125, 80.125, 2.6356690188858124e-19, nan 
-7.875, 80.125, 1.9097292572604665e-19, nan 
-7.625, 80.125, 1.207704635366727e-19, nan 
-7.375, 80.125, 1.5853955288022838e-19, nan 
-7.125, 80.125, 3.7555901882160493e-19, nan 
-6.875, 80.125, 4.849002274978549e-19, nan 
-6.625, 80.125, 4.1984391527030283e-19, nan 
-6.375, 80.125, 3.2607433191288577e-19, nan 
-6.125, 80.125, 4.466534857878438e-19, nan 
-5.875, 80.125, 3.436737548753811e-19, nan 
-5.625, 80.125, 3.8751775092570445e-19, nan 
-5.375, 80.125, 3.7278434829656245e-19, nan 
-5.125, 80.125, 3.444090240808403e-19, nan 
-4.875, 80.125, 3.8873217281410984e-19, nan 
-4.625, 80.125, 2.716723287314317e-19, nan 
-4.375, 80.125, 2.7723224539551217e-19, nan 
-4.125, 80.125, 2.4048233954661383e-19, nan 
-3.875, 80.125, 2.1698873632061215e-19, nan 
-3.625, 80.125, 8.319457858117599e-20, nan 
-3.375, 80.125, 7.053658934030421e-20, nan 
-3.125, 80.125, 6.946249833569026e-20, nan 
-2.875, 80.125, 6.219837788025633e-20, nan 
-2.625, 80.125, 5.841078243407537e-20, nan 
-2.375, 80.125, 5.413020407526922e-20, nan 
-2.125, 80.125, 5.2071802643235343e-20, nan 
-1.875, 80.125, 5.478729299113087e-20, nan 
-1.625, 80.125, 5.535986131197841e-20, nan 
-1.375, 80.125, 4.597381503629661e-20, nan 
-1.125, 80.125, 7.507193679467034e-20, nan 
-0.875, 80.125, 7.214610458884506e-20, nan 
-0.625, 80.125, 5.2686440485381544e-20, nan 
-0.375, 80.125, 3.010601605335153e-20, nan 
-0.125, 80.125, 2.991335811324897e-20, nan 
0.125, 80.125, 2.588639804141351e-20, nan 
0.375, 80.125, 3.567703910040336e-20, nan 
0.625, 80.125, 3.144522728836713e-20, nan 
0.875, 80.125, 2.8321855860437804e-20, nan 
1.125, 80.125, 2.8364301681843354e-20, nan 
1.375, 80.125, 4.637172276632841e-20, nan 
1.625, 80.125, 5.056722992596578e-20, nan 
1.875, 80.125, 5.2635946138007653e-20, nan 
2.125, 80.125, 8.079540473250239e-20, nan 
2.375, 80.125, 6.49704499170103e-20, nan 
2.625, 80.125, 8.701153935722129e-20, nan 
2.875, 80.125, 8.417912901682908e-20, nan 
3.125, 80.125, 9.007022126658222e-20, nan 
3.375, 80.125, 8.999717633947735e-20, nan 
3.625, 80.125, 7.528726734349982e-20, nan 
3.875, 80.125, 6.449527239880185e-20, nan 
4.125, 80.125, 7.360213187245986e-20, nan 
4.375, 80.125, 1.2370012201729475e-19, nan 
4.625, 80.125, 1.586528983003398e-19, nan 
4.875, 80.125, 1.4757192800777726e-19, nan 
5.125, 80.125, 1.4865964070952734e-19, nan 
5.375, 80.125, 1.0160661583504422e-19, nan 
5.625, 80.125, 9.669828165884435e-20, nan 
5.875, 80.125, 9.439908559587755e-20, nan 
6.125, 80.125, 8.407262401329682e-20, nan 
6.375, 80.125, 8.919369959805745e-20, nan 
6.625, 80.125, 6.359552660787781e-20, nan 
6.875, 80.125, 5.703924886399857e-20, nan 
7.125, 80.125, 3.1464635906893324e-20, nan 
7.375, 80.125, 2.5158052076787475e-20, nan 
7.625, 80.125, 1.577020851731704e-20, nan 
7.875, 80.125, 1.3342137434531064e-20, nan 
8.125, 80.125, 1.4364293790402205e-20, nan 
8.375, 80.125, 1.495147495594217e-20, nan 
8.625, 80.125, 2.1568561425664495e-20, nan 
8.875, 80.125, 2.1156979848941234e-20, nan 
9.125, 80.125, 1.729391665956784e-20, nan 
9.375, 80.125, 1.9482553723619333e-20, nan 
9.625, 80.125, 2.061847733397809e-20, nan 
9.875, 80.125, 2.1386424012365617e-20, nan 
10.125, 80.125, 2.503610310835119e-20, nan 
10.375, 80.125, 2.804236192249829e-20, nan 
10.625, 80.125, 3.011533286773428e-20, nan 
10.875, 80.125, 3.6366398612973375e-20, nan 
11.125, 80.125, 3.4056255613278034e-20, nan 
11.375, 80.125, 3.675872334956598e-20, nan 
11.625, 80.125, 4.04518201009375e-20, nan 
11.875, 80.125, 4.179761695121232e-20, nan 
12.125, 80.125, 3.4121555635615304e-20, nan 
12.375, 80.125, 2.5156898805439552e-20, nan 
12.625, 80.125, 4.6161840427825596e-20, nan 
12.875, 80.125, 5.778033301334527e-20, nan 
13.125, 80.125, 5.607205414900958e-20, nan 
13.375, 80.125, 4.223513429167686e-20, nan 
13.625, 80.125, 1.8927352148490632e-20, nan 
13.875, 80.125, 2.867908962711082e-20, nan 
14.125, 80.125, 3.4665211080137244e-20, nan 
14.375, 80.125, 3.314097413229353e-20, nan 
14.625, 80.125, 2.7669621934436506e-20, nan 
14.875, 80.125, 1.437644063262787e-20, nan 
15.125, 80.125, 6.344695076049144e-21, nan 
15.375, 80.125, 2.5466863470302732e-20, nan 
15.625, 80.125, 2.8510123193135883e-20, nan 
15.875, 80.125, 6.967504092341699e-21, nan 
16.125, 80.125, 3.058009885653057e-20, nan 
16.375, 80.125, 8.246018595078554e-21, nan 
16.625, 80.125, 9.01160604329081e-21, nan 
16.875, 80.125, 7.102694361386044e-21, nan 
17.125, 80.125, 1.0667617780116259e-20, nan 
17.375, 80.125, 7.883459560608477e-21, nan 
17.625, 80.125, 7.891794756573079e-21, nan 
17.875, 80.125, 6.733184613111416e-21, nan 
18.125, 80.125, 6.075738167764343e-21, nan 
18.375, 80.125, 4.927483410312685e-21, nan 
18.625, 80.125, 7.462257592290907e-21, nan 
18.875, 80.125, 6.332536662184835e-21, nan 
19.125, 80.125, 5.1196823782756524e-21, nan 
19.375, 80.125, 4.479435679310736e-21, nan 
19.625, 80.125, 4.0675100037866625e-21, nan 
19.875, 80.125, 5.3814409792387886e-21, nan 
20.125, 80.125, 6.658788956355622e-21, nan 
20.375, 80.125, 6.466588944397072e-21, nan 
20.625, 80.125, 6.3178506231629825e-21, nan 
20.875, 80.125, 1.0570011281810486e-20, nan 
21.125, 80.125, 1.1034986386047989e-20, nan 
21.375, 80.125, 1.05481121860819e-20, nan 
21.625, 80.125, 9.189977806191377e-21, nan 
21.875, 80.125, 8.741558615745773e-21, nan 
22.125, 80.125, 8.448754265995152e-21, nan 
22.375, 80.125, 1.1633201175499855e-20, nan 
22.625, 80.125, 1.0154656004816726e-20, nan 
22.875, 80.125, 1.1070618725211778e-20, nan 
23.125, 80.125, 8.997954882845073e-21, nan 
23.375, 80.125, 8.907238602425008e-21, nan 
23.625, 80.125, 9.346563158149336e-21, nan 
23.875, 80.125, 1.2187975298406814e-20, nan 
24.125, 80.125, 1.1985817344453408e-20, nan 
24.375, 80.125, 1.191642935678767e-20, nan 
24.625, 80.125, 1.2684610874277737e-20, nan 
24.875, 80.125, 9.236632897900638e-21, nan 
25.125, 80.125, 1.2145815869031939e-20, nan 
25.375, 80.125, 1.2688321141237138e-20, nan 
25.625, 80.125, 1.3273452073574882e-20, nan 
25.875, 80.125, 1.3081863502465807e-20, nan 
26.125, 80.125, 7.451655478754274e-21, nan 
26.375, 80.125, 6.118364039499214e-21, nan 
26.625, 80.125, 1.4603847663988248e-20, nan 
26.875, 80.125, 1.7546276854275352e-20, nan 
27.125, 80.125, 1.8173228684492677e-20, nan 
27.375, 80.125, 9.948967143714852e-21, nan 
27.625, 80.125, 8.798269976064875e-21, nan 
27.875, 80.125, 1.1581087326801146e-20, nan 
28.125, 80.125, 1.36246695163719e-20, nan 
28.375, 80.125, 1.3982876302427683e-20, nan 
28.625, 80.125, 9.534874120883595e-21, nan 
28.875, 80.125, 6.697647208160095e-21, nan 
29.125, 80.125, 5.269458725688864e-21, nan 
29.375, 80.125, 6.260520803491419e-21, nan 
29.625, 80.125, 4.321698154913149e-21, nan 
29.875, 80.125, 2.813259914907926e-21, nan 
30.125, 80.125, 4.2895721732275904e-21, nan 
30.375, 80.125, 4.642126293658759e-21, nan 
30.625, 80.125, 9.599199201945048e-21, nan 
30.875, 80.125, 1.01094733818644e-20, nan 
31.125, 80.125, 7.831439317796471e-21, nan 
31.375, 80.125, 6.308680017792097e-21, nan 
31.625, 80.125, 4.8041966390886846e-21, nan 
31.875, 80.125, 7.654914506589624e-21, nan 
32.125, 80.125, 7.292393274936901e-21, nan 
32.375, 80.125, 6.067192849401827e-21, nan 
32.625, 80.125, 5.432982746534861e-21, nan 
32.875, 80.125, 4.0327035278599214e-21, nan 
33.125, 80.125, 3.922096253833991e-21, nan 
33.375, 80.125, 3.7841922578424226e-21, nan 
33.625, 80.125, 3.686249497589427e-21, nan 
33.875, 80.125, 3.652892628826014e-21, nan 
34.125, 80.125, 3.541561128260923e-21, nan 
34.375, 80.125, 3.002628880811914e-21, nan 
34.625, 80.125, 2.9294611961776865e-21, nan 
34.875, 80.125, 2.5938534415115725e-21, nan 
35.125, 80.125, 2.3553319922535773e-21, nan 
35.375, 80.125, 2.1232544592946377e-21, nan 
35.625, 80.125, 1.5204969808755612e-21, nan 
35.875, 80.125, 1.3795630815686928e-21, nan 
36.125, 80.125, 1.4780717323090036e-21, nan 
36.375, 80.125, 1.9414173251162937e-21, nan 
36.625, 80.125, 1.7967209859179795e-21, nan 
36.875, 80.125, 1.2683953211946173e-21, nan 
37.125, 80.125, 1.1406698147242204e-21, nan 
37.375, 80.125, 1.070494685033684e-21, nan 
37.625, 80.125, 1.338906797908067e-21, nan 
37.875, 80.125, 1.1282854487719226e-21, nan 
38.125, 80.125, 9.219357450601648e-22, nan 
38.375, 80.125, 4.415525321380542e-22, nan 
38.625, 80.125, 1.0578760699158614e-21, nan 
38.875, 80.125, 3.5941834953151003e-22, nan 
39.125, 80.125, 2.82060605531114e-22, nan 
39.375, 80.125, 2.4963699359623574e-22, nan 
39.625, 80.125, 4.6975827061142615e-22, nan 
39.875, 80.125, 5.3472576144790835e-22, nan 
40.125, 80.125, 9.921429679991505e-23, nan 
40.375, 80.125, 1.8695571220665912e-22, nan 
40.625, 80.125, 4.677871205643883e-22, nan 
40.875, 80.125, 7.659567708069358e-22, nan 
41.125, 80.125, 1.2239487641499506e-21, nan 
41.375, 80.125, 5.395991200409404e-22, nan 
41.625, 80.125, 6.539445789747426e-22, nan 
41.875, 80.125, 7.994774205444272e-22, nan 
42.125, 80.125, 7.466504301444356e-22, nan 
42.375, 80.125, 1.1333996527128802e-21, nan 
42.625, 80.125, 6.482301422599965e-22, nan 
42.875, 80.125, 8.299120010882369e-22, nan 
43.125, 80.125, 6.517371787634511e-22, nan 
43.375, 80.125, 5.035174035594854e-22, nan 
43.625, 80.125, 5.298045093857774e-22, nan 
43.875, 80.125, 3.05245775799237e-22, nan 
44.125, 80.125, 3.9034941409678376e-22, nan 
44.375, 80.125, 3.108965826717829e-22, nan 
44.625, 80.125, 1.508624160455717e-22, nan 
44.875, 80.125, 1.9477080665836109e-22, nan 
45.125, 80.125, 1.0605780316316245e-22, nan 
45.375, 80.125, 1.1433244891793083e-22, nan 
45.625, 80.125, 9.691884578301231e-23, nan 
45.875, 80.125, 7.482071670901468e-23, nan 
46.125, 80.125, 8.491354220118452e-23, nan 
46.375, 80.125, 8.023239440557745e-23, nan 
46.625, 80.125, 8.631112384227852e-23, nan 
46.875, 80.125, 8.142907888405314e-23, nan 
47.125, 80.125, 7.739620755524369e-23, nan 
47.375, 80.125, 7.162966600606832e-23, nan 
47.625, 80.125, 7.174209723438812e-23, nan 
47.875, 80.125, 9.588810756500274e-23, nan 
48.125, 80.125, 8.016334058394285e-23, nan 
48.375, 80.125, 6.224159044447193e-23, nan 
48.625, 80.125, 4.372887147743218e-23, nan 
48.875, 80.125, 3.598772798501499e-23, nan 
49.125, 80.125, 4.4300041351340287e-23, nan 
49.375, 80.125, 4.5987476648049443e-23, nan 
49.625, 80.125, 9.489992423503744e-23, nan 
49.875, 80.125, 7.01142490056468e-23, nan 
50.125, 80.125, 1.2772298918313672e-22, nan 
50.375, 80.125, 8.838232224503287e-23, nan 
50.625, 80.125, 7.922521693854566e-23, nan 
50.875, 80.125, 1.0280386244962662e-22, nan 
51.125, 80.125, 8.151559876912514e-23, nan 
51.375, 80.125, 9.766392105859182e-23, nan 
51.625, 80.125, 1.165433842254253e-22, nan 
51.875, 80.125, 1.3692921302817307e-22, nan 
52.125, 80.125, 4.411086186903344e-23, nan 
52.375, 80.125, 5.331509042940773e-23, nan 
52.625, 80.125, 5.266754923997126e-23, nan 
52.875, 80.125, 6.370842746595088e-23, nan 
53.125, 80.125, 7.02835275803354e-23, nan 
53.375, 80.125, 7.048420682184456e-23, nan 
53.625, 80.125, 6.595070525103423e-23, nan 
53.875, 80.125, 7.871805591475919e-23, nan 
54.125, 80.125, 8.263211494727591e-23, nan 
54.375, 80.125, 1.1501746704759207e-22, nan 
54.625, 80.125, 1.1741775139692145e-22, nan 
54.875, 80.125, 1.6170374394841708e-22, nan 
55.125, 80.125, 1.707470290444997e-22, nan 
55.375, 80.125, 1.6830246840311378e-22, nan 
55.625, 80.125, 1.8212408644207357e-22, nan 
55.875, 80.125, 1.6681494849584417e-22, nan 
56.125, 80.125, 1.5323862128593878e-22, nan 
56.375, 80.125, 1.5769656053080203e-22, nan 
56.625, 80.125, 1.4115089815097735e-22, nan 
56.875, 80.125, 1.6941641830580738e-22, nan 
57.125, 80.125, 1.3691678795399414e-22, nan 
57.375, 80.125, 3.184038890784713e-22, nan 
57.625, 80.125, 4.621073769841346e-22, nan 
57.875, 80.125, 4.526241957450007e-22, nan 
58.125, 80.125, 4.0017824568385044e-22, nan 
58.375, 80.125, 3.3979349631546106e-22, nan 
58.625, 80.125, 3.5353037536479033e-22, nan 
58.875, 80.125, 5.060605340490859e-22, nan 
59.125, 80.125, 4.911124198096312e-22, nan 
59.375, 80.125, 4.239904778478598e-22, nan 
59.625, 80.125, 3.4641233844359877e-22, nan 
59.875, 80.125, 1.4181558334854678e-22, nan 
60.125, 80.125, 1.387827063766972e-22, nan 
60.375, 80.125, 1.3379674812738857e-22, nan 
60.625, 80.125, 1.0664327398682402e-22, nan 
60.875, 80.125, 7.802413041510543e-23, nan 
61.125, 80.125, 6.477625998364976e-23, nan 
61.375, 80.125, 4.947827741174705e-23, nan 
61.625, 80.125, 4.4171883911555214e-23, nan 
61.875, 80.125, 3.9035064586833576e-23, nan 
62.125, 80.125, 2.9979092319110297e-23, nan 
62.375, 80.125, 3.212114564527809e-23, nan 
62.625, 80.125, 3.0583655760418396e-23, nan 
62.875, 80.125, 2.83506342979278e-23, nan 
63.125, 80.125, 2.5122673027011588e-23, nan 
63.375, 80.125, 1.6290855455349604e-23, nan 
63.625, 80.125, 1.9655150592352308e-23, nan 
63.875, 80.125, 1.4297539851360334e-23, nan 
64.125, 80.125, 1.856110553193191e-23, nan 
64.375, 80.125, 1.4872227109459483e-23, nan 
64.625, 80.125, 1.5768532358962797e-23, nan 
64.875, 80.125, 1.5525687396624935e-23, nan 
65.125, 80.125, 1.595676391401663e-23, nan 
65.375, 80.125, 1.3289770375149946e-23, nan 
65.625, 80.125, 1.5841555959324077e-23, nan 
65.875, 80.125, 2.11862496483427e-23, nan 
66.125, 80.125, 2.2778775956580604e-23, nan 
66.375, 80.125, 1.81696076931125e-23, nan 
66.625, 80.125, 2.0291482501580835e-23, nan 
66.875, 80.125, 2.653416529149604e-23, nan 
67.125, 80.125, 2.6353234964984313e-23, nan 
67.375, 80.125, 2.743245482192581e-23, nan 
67.625, 80.125, 2.8732189751975597e-23, nan 
67.875, 80.125, 3.062570310599961e-23, nan 
68.125, 80.125, 2.7308954583851587e-23, nan 
68.375, 80.125, 2.844978568260181e-23, nan 
68.625, 80.125, 2.386460697718777e-23, nan 
68.875, 80.125, 2.724041946939289e-23, nan 
69.125, 80.125, 2.6680411230886737e-23, nan 
69.375, 80.125, 2.0854347133374712e-23, nan 
69.625, 80.125, 2.26204802279512e-23, nan 
69.875, 80.125, 1.5140087390912446e-23, nan 
70.125, 80.125, 1.4816613434247615e-23, nan 
70.375, 80.125, 8.634934446326292e-24, nan 
70.625, 80.125, 8.098231306548384e-24, nan 
70.875, 80.125, 7.029101295308793e-24, nan 
71.125, 80.125, 1.2579516324307975e-23, nan 
71.375, 80.125, 1.3897864304358693e-23, nan 
71.625, 80.125, 1.2769835278340039e-23, nan 
71.875, 80.125, 1.9807516673809162e-23, nan 
72.125, 80.125, 1.1073259034801713e-23, nan 
72.375, 80.125, 1.1990497656207842e-23, nan 
72.625, 80.125, 1.4929838924018872e-23, nan 
72.875, 80.125, 1.800692422098627e-23, nan 
73.125, 80.125, 1.7160107655986402e-23, nan 
73.375, 80.125, 1.1558228839165902e-23, nan 
73.625, 80.125, 1.1711878550402586e-23, nan 
73.875, 80.125, 1.8040569385489e-23, nan 
74.125, 80.125, 2.533163029646707e-23, nan 
74.375, 80.125, 2.1086009856676345e-23, nan 
74.625, 80.125, 1.627390553201502e-23, nan 
74.875, 80.125, 8.667413107629825e-24, nan 
75.125, 80.125, 6.179181909519288e-24, nan 
75.375, 80.125, 1.2223454347925767e-23, nan 
75.625, 80.125, 1.7962234787079637e-23, nan 
75.875, 80.125, 2.0877390280169764e-23, nan 
76.125, 80.125, 2.418740535681262e-23, nan 
76.375, 80.125, 2.2486362341516098e-23, nan 
76.625, 80.125, 2.071052395040739e-23, nan 
76.875, 80.125, 2.1045420648725578e-23, nan 
77.125, 80.125, 1.8220898416776034e-23, nan 
77.375, 80.125, 1.72410196149543e-23, nan 
77.625, 80.125, 1.9282314713996742e-23, nan 
77.875, 80.125, 2.0164370548175513e-23, nan 
78.125, 80.125, 1.9731308727565982e-23, nan 
78.375, 80.125, 1.6879541327149477e-23, nan 
78.625, 80.125, 1.8704362198499397e-23, nan 
78.875, 80.125, 2.0402017236823708e-23, nan 
79.125, 80.125, 1.9525573444217736e-23, nan 
79.375, 80.125, 1.717168847725834e-23, nan 
79.625, 80.125, 2.1853042732614415e-23, nan 
79.875, 80.125, 1.8015380745228852e-23, nan 
80.125, 80.125, 1.8504145041611748e-23, nan 
80.375, 80.125, 1.7553616966854256e-23, nan 
80.625, 80.125, 1.914963804897856e-23, nan 
80.875, 80.125, 1.7749527643369158e-23, nan 
81.125, 80.125, 1.665013226045928e-23, nan 
81.375, 80.125, 1.922815921291268e-23, nan 
81.625, 80.125, 2.1387856965479613e-23, nan 
81.875, 80.125, 2.1008301151932494e-23, nan 
82.125, 80.125, 1.747500817318546e-23, nan 
82.375, 80.125, 1.562476449680539e-23, nan 
82.625, 80.125, 1.4454656349953485e-23, nan 
82.875, 80.125, 1.5623038823829624e-23, nan 
83.125, 80.125, 1.7469853086831873e-23, nan 
83.375, 80.125, 1.7839920246483285e-23, nan 
83.625, 80.125, 1.515872696948289e-23, nan 
83.875, 80.125, 1.2825618493948718e-23, nan 
84.125, 80.125, 1.3650625913930143e-23, nan 
84.375, 80.125, 1.6218148843892598e-23, nan 
84.625, 80.125, 1.589653657911596e-23, nan 
84.875, 80.125, 1.574557264600326e-23, nan 
85.125, 80.125, 1.7686955079474567e-23, nan 
85.375, 80.125, 1.3739625162734947e-23, nan 
85.625, 80.125, 1.2080554984485638e-23, nan 
85.875, 80.125, 1.432274080557482e-23, nan 
86.125, 80.125, 9.024615499473023e-24, nan 
86.375, 80.125, 1.1705645441918142e-23, nan 
86.625, 80.125, 1.2372434409302637e-23, nan 
86.875, 80.125, 1.666319683249086e-23, nan 
87.125, 80.125, 1.580809189375692e-23, nan 
87.375, 80.125, 9.929396953654373e-24, nan 
87.625, 80.125, 9.314452649317791e-24, nan 
87.875, 80.125, 9.754832577026466e-24, nan 
88.125, 80.125, 1.2711878727479886e-23, nan 
88.375, 80.125, 1.1177911708058719e-23, nan 
88.625, 80.125, 6.90198677432477e-24, nan 
88.875, 80.125, 4.365116965568652e-24, nan 
89.125, 80.125, 5.244348709739277e-24, nan 
89.375, 80.125, 6.740719135317554e-24, nan 
89.625, 80.125, 6.50834984161869e-24, nan 
89.875, 80.125, 6.3878541252725286e-24, nan 
90.125, 80.125, 6.680557467580865e-24, nan 
90.375, 80.125, 8.353959388289637e-24, nan 
90.625, 80.125, 8.533252802766777e-24, nan 
90.875, 80.125, 1.339325021851108e-23, nan 
91.125, 80.125, 1.1195771582159426e-23, nan 
91.375, 80.125, 1.0007214991695122e-23, nan 
91.625, 80.125, 8.508777424378142e-24, nan 
91.875, 80.125, 9.647041119221133e-24, nan 
92.125, 80.125, 1.4490037227009752e-23, nan 
92.375, 80.125, 1.2492379730381126e-23, nan 
92.625, 80.125, 1.1188636862609977e-23, nan 
92.875, 80.125, 1.0200986138378318e-23, nan 
93.125, 80.125, 1.198070363326759e-23, nan 
93.375, 80.125, 6.976490682523563e-24, nan 
93.625, 80.125, 5.296527712316246e-24, nan 
93.875, 80.125, 4.634233279259446e-24, nan 
94.125, 80.125, 5.97703326104858e-24, nan 
94.375, 80.125, 8.780229969706313e-24, nan 
94.625, 80.125, 5.197757323780881e-24, nan 
94.875, 80.125, 3.3048346160745006e-24, nan 
95.125, 80.125, 5.018203376450501e-24, nan 
95.375, 80.125, 2.9935257079233377e-24, nan 
95.625, 80.125, 3.0926632600641395e-24, nan 
95.875, 80.125, 3.435901138532335e-24, nan 
96.125, 80.125, 4.730373734167385e-24, nan 
96.375, 80.125, 6.366371045828754e-24, nan 
96.625, 80.125, 4.6482621217760065e-24, nan 
96.875, 80.125, 3.500838549154798e-24, nan 
97.125, 80.125, 3.989780722488907e-24, nan 
97.375, 80.125, 5.864129923279939e-24, nan 
97.625, 80.125, 5.023103993333097e-24, nan 
97.875, 80.125, 1.0125076788293562e-23, nan 
98.125, 80.125, 6.0194748640089994e-24, nan 
98.375, 80.125, 5.658447322043374e-24, nan 
98.625, 80.125, 6.82034499745155e-24, nan 
98.875, 80.125, 4.942012367085668e-24, nan 
99.125, 80.125, 4.472332703350333e-24, nan 
99.375, 80.125, 5.262720457391658e-24, nan 
99.625, 80.125, 4.496343193015664e-24, nan 
99.875, 80.125, 5.6000377612514766e-24, nan 
100.125, 80.125, 4.546344972043694e-24, nan 
100.375, 80.125, 4.000924915901719e-24, nan 
100.625, 80.125, 4.89967156672246e-24, nan 
100.875, 80.125, 3.546211655322408e-24, nan 
101.125, 80.125, 3.713783682548252e-24, nan 
101.375, 80.125, 4.218457286146698e-24, nan 
101.625, 80.125, 4.0576432755514996e-24, nan 
101.875, 80.125, 4.6523416197991895e-24, nan 
102.125, 80.125, 4.78473470587183e-24, nan 
102.375, 80.125, 5.439730307199201e-24, nan 
102.625, 80.125, 3.938934982876289e-24, nan 
102.875, 80.125, 5.15195666237269e-24, nan 
103.125, 80.125, 5.587573518293296e-24, nan 
103.375, 80.125, 6.533593472846068e-24, nan 
103.625, 80.125, 6.5483451571576194e-24, nan 
103.875, 80.125, 5.5665389934537186e-24, nan 
104.125, 80.125, 4.2593259899884824e-24, nan 
104.375, 80.125, 4.332534734691959e-24, nan 
104.625, 80.125, 3.770603671840442e-24, nan 
104.875, 80.125, 4.841858910901268e-24, nan 
105.125, 80.125, 5.838662227299066e-24, nan 
105.375, 80.125, 2.4741635090558246e-24, nan 
105.625, 80.125, 3.3351452088856244e-24, nan 
105.875, 80.125, 4.153162958189017e-24, nan 
106.125, 80.125, 2.577017919715924e-24, nan 
106.375, 80.125, 2.619806382491847e-24, nan 
106.625, 80.125, 2.454515482084624e-24, nan 
106.875, 80.125, 3.836308274501568e-24, nan 
107.125, 80.125, 6.339828477007837e-24, nan 
107.375, 80.125, 4.145799329404018e-24, nan 
107.625, 80.125, 4.443376232326923e-24, nan 
107.875, 80.125, 6.143529259286012e-24, nan 
108.125, 80.125, 6.0218816946955775e-24, nan 
108.375, 80.125, 6.5278120704223696e-24, nan 
108.625, 80.125, 5.224865679798705e-24, nan 
108.875, 80.125, 4.450379503983961e-24, nan 
109.125, 80.125, 5.160918450740136e-24, nan 
109.375, 80.125, 5.5889172352832255e-24, nan 
109.625, 80.125, 2.8228223518994427e-24, nan 
109.875, 80.125, 4.062852837675992e-24, nan 
110.125, 80.125, 3.34666119290164e-24, nan 
110.375, 80.125, 3.438555306961941e-24, nan 
110.625, 80.125, 3.1867240583816856e-24, nan 
110.875, 80.125, 2.3976954107453707e-24, nan 
111.125, 80.125, 1.7905010005800665e-24, nan 
111.375, 80.125, 3.623282704798677e-24, nan 
111.625, 80.125, 3.646059098059943e-24, nan 
111.875, 80.125, 3.1146979828025164e-24, nan 
112.125, 80.125, 2.0868274488988028e-24, nan 
112.375, 80.125, 2.7638068591017704e-24, nan 
112.625, 80.125, 2.609905045459751e-24, nan 
112.875, 80.125, 3.403402256652868e-24, nan 
113.125, 80.125, 3.811077587386429e-24, nan 
113.375, 80.125, 2.897970453725963e-24, nan 
113.625, 80.125, 2.5130649727562467e-24, nan 
113.875, 80.125, 2.196458137026134e-24, nan 
114.125, 80.125, 2.6455992493570296e-24, nan 
114.375, 80.125, 2.319645887483904e-24, nan 
114.625, 80.125, 5.510530094083648e-24, nan 
114.875, 80.125, 4.7603877721008045e-24, nan 
115.125, 80.125, 2.796573334110679e-24, nan 
115.375, 80.125, 2.2793888080408766e-24, nan 
115.625, 80.125, 2.474450865792994e-24, nan 
115.875, 80.125, 3.764950971943504e-24, nan 
116.125, 80.125, 3.9333659861573395e-24, nan 
116.375, 80.125, 3.796602211354584e-24, nan 
116.625, 80.125, 3.3572516859010644e-24, nan 
116.875, 80.125, 3.269557257369309e-24, nan 
117.125, 80.125, 4.21526894999427e-24, nan 
117.375, 80.125, 4.874301711734856e-24, nan 
117.625, 80.125, 5.83562442703924e-24, nan 
117.875, 80.125, 3.0543789059385746e-24, nan 
118.125, 80.125, 4.4046993478416244e-24, nan 
118.375, 80.125, 5.8696506625802876e-24, nan 
118.625, 80.125, 5.912606202176533e-24, nan 
118.875, 80.125, 5.6196660752878555e-24, nan 
119.125, 80.125, 3.6266800435507665e-24, nan 
119.375, 80.125, 3.8880110926405434e-24, nan 
119.625, 80.125, 3.953952455265982e-24, nan 
119.875, 80.125, 4.496246507340085e-24, nan 
120.125, 80.125, 5.3780313092168406e-24, nan 
120.375, 80.125, 5.053977419956871e-24, nan 
120.625, 80.125, 4.1585358811083495e-24, nan 
120.875, 80.125, 3.930573502029138e-24, nan 
121.125, 80.125, 3.400640989883948e-24, nan 
121.375, 80.125, 2.3177457563052662e-24, nan 
121.625, 80.125, 2.931705421509947e-24, nan 
121.875, 80.125, 3.657775790215967e-24, nan 
122.125, 80.125, 2.2932386518800796e-24, nan 
122.375, 80.125, 3.187746502659156e-24, nan 
122.625, 80.125, 3.046305396883041e-24, nan 
122.875, 80.125, 1.8467748734336203e-24, nan 
123.125, 80.125, 1.2898810677303496e-24, nan 
123.375, 80.125, 3.3380159902987654e-24, nan 
123.625, 80.125, 3.191707064228536e-24, nan 
123.875, 80.125, 2.3327810439455514e-24, nan 
124.125, 80.125, 2.5401433621856235e-24, nan 
124.375, 80.125, 2.5721033018497192e-24, nan 
124.625, 80.125, 1.9465201969446124e-24, nan 
124.875, 80.125, 2.7762862767126193e-24, nan 
125.125, 80.125, 2.927409434374221e-24, nan 
125.375, 80.125, 2.410955727458067e-24, nan 
125.625, 80.125, 3.6469241250215095e-24, nan 
125.875, 80.125, 2.365660554477327e-24, nan 
126.125, 80.125, 3.5945044773665845e-24, nan 
126.375, 80.125, 4.1399526258106456e-24, nan 
126.625, 80.125, 4.3546335361122966e-24, nan 
126.875, 80.125, 3.375695738240482e-24, nan 
127.125, 80.125, 1.836789183715923e-24, nan 
127.375, 80.125, 2.68856030005984e-24, nan 
127.625, 80.125, 2.5441586174890917e-24, nan 
127.875, 80.125, 3.2753490375510142e-24, nan 
128.125, 80.125, 2.3568874796581967e-24, nan 
128.375, 80.125, 1.832471813708348e-24, nan 
128.625, 80.125, 2.490607569778906e-24, nan 
128.875, 80.125, 2.678125701439225e-24, nan 
129.125, 80.125, 2.287782856682443e-24, nan 
129.375, 80.125, 2.411995786786959e-24, nan 
129.625, 80.125, 2.0006116367057096e-24, nan 
129.875, 80.125, 2.21965079265459e-24, nan 
130.125, 80.125, 3.10427068051446e-24, nan 
130.375, 80.125, 3.560959554904759e-24, nan 
130.625, 80.125, 2.3143936345030116e-24, nan 
130.875, 80.125, 1.7769886609205582e-24, nan 
131.125, 80.125, 2.5401939010306182e-24, nan 
131.375, 80.125, 3.9957970695890616e-24, nan 
131.625, 80.125, 5.818360079808729e-24, nan 
131.875, 80.125, 2.6017376899933372e-24, nan 
132.125, 80.125, 2.665869804230903e-24, nan 
132.375, 80.125, 1.807043546923122e-24, nan 
132.625, 80.125, 1.0329631290554218e-24, nan 
132.875, 80.125, 1.650942071733183e-24, nan 
133.125, 80.125, 1.0817015320078306e-24, nan 
133.375, 80.125, 1.5356435910785061e-24, nan 
133.625, 80.125, 7.025322920150904e-25, nan 
133.875, 80.125, 8.1130039031346805e-25, nan 
134.125, 80.125, 9.219574460619847e-25, nan 
134.375, 80.125, 1.8735786121859813e-24, nan 
134.625, 80.125, 7.735134698981017e-25, nan 
134.875, 80.125, 1.9531080321835075e-24, nan 
135.125, 80.125, 2.1252401595561287e-24, nan 
135.375, 80.125, 2.5052501538484557e-24, nan 
135.625, 80.125, 2.46253471749427e-24, nan 
135.875, 80.125, 2.071512330764082e-24, nan 
136.125, 80.125, 2.3403526864291153e-24, nan 
136.375, 80.125, 2.8900359111151543e-24, nan 
136.625, 80.125, 2.912920000910896e-24, nan 
136.875, 80.125, 2.6825066348999013e-24, nan 
137.125, 80.125, 2.041003005406945e-24, nan 
137.375, 80.125, 3.0530107756732744e-24, nan 
137.625, 80.125, 3.990027203640657e-24, nan 
137.875, 80.125, 3.3336833944139144e-24, nan 
138.125, 80.125, 4.2353205163855594e-24, nan 
138.375, 80.125, 4.6605793844310175e-24, nan 
138.625, 80.125, 5.412955154559759e-24, nan 
138.875, 80.125, 4.679575906122254e-24, nan 
139.125, 80.125, 4.7609921808165294e-24, nan 
139.375, 80.125, 3.953068602907472e-24, nan 
139.625, 80.125, 3.9339888518486596e-24, nan 
139.875, 80.125, 3.7771551988871104e-24, nan 
140.125, 80.125, 2.3420525845348388e-24, nan 
140.375, 80.125, 2.3514881181825145e-24, nan 
140.625, 80.125, 2.9083932544625418e-24, nan 
140.875, 80.125, 2.2350692876277847e-24, nan 
141.125, 80.125, 3.513030609657357e-24, nan 
141.375, 80.125, 3.864481137145673e-24, nan 
141.625, 80.125, 6.131991123135633e-24, nan 
141.875, 80.125, 3.687480893535594e-24, nan 
142.125, 80.125, 1.3082729486794121e-24, nan 
142.375, 80.125, 8.33221303873871e-24, nan 
142.625, 80.125, 9.933252398539667e-24, nan 
142.875, 80.125, 1.441542270866651e-23, nan 
143.125, 80.125, 7.614398210557647e-24, nan 
143.375, 80.125, 3.6647693426581234e-24, nan 
143.625, 80.125, 6.476392397914925e-24, nan 
143.875, 80.125, 7.490794023581167e-24, nan 
144.125, 80.125, 9.796780135209613e-24, nan 
144.375, 80.125, 5.667960807960958e-24, nan 
144.625, 80.125, 3.01097222369449e-24, nan 
144.875, 80.125, 1.4088414900081632e-24, nan 
145.125, 80.125, 1.5345941344172305e-24, nan 
145.375, 80.125, 1.116932181550629e-24, nan 
145.625, 80.125, 1.719237490638511e-24, nan 
145.875, 80.125, 1.5737488167641936e-24, nan 
146.125, 80.125, 1.3107578851543455e-24, nan 
146.375, 80.125, 1.167684131123365e-24, nan 
146.625, 80.125, 1.1945983693963476e-24, nan 
146.875, 80.125, 9.141912491764376e-25, nan 
147.125, 80.125, 7.681704365591227e-25, nan 
147.375, 80.125, 7.7355618052061335e-25, nan 
147.625, 80.125, 9.037364757575478e-25, nan 
147.875, 80.125, 2.0420245897429685e-24, nan 
148.125, 80.125, 2.286868451580225e-24, nan 
148.375, 80.125, 2.8079351941699643e-24, nan 
148.625, 80.125, 2.8952363042459924e-24, nan 
148.875, 80.125, 2.263428068569435e-24, nan 
149.125, 80.125, 2.3934378614355383e-24, nan 
149.375, 80.125, 2.478052291868674e-24, nan 
149.625, 80.125, 2.825391973931913e-24, nan 
149.875, 80.125, 2.9737288691026104e-24, nan 
150.125, 80.125, 2.257418398113503e-24, nan 
150.375, 80.125, 1.4761786118198212e-24, nan 
150.625, 80.125, 1.6734648183715297e-24, nan 
150.875, 80.125, 2.406354249304817e-24, nan 
151.125, 80.125, 2.244802788034483e-24, nan 
151.375, 80.125, 1.9764868619902977e-24, nan 
151.625, 80.125, 1.858627723647142e-24, nan 
151.875, 80.125, 2.3299889834398307e-24, nan 
152.125, 80.125, 3.295710597096269e-24, nan 
152.375, 80.125, 2.7850007185757533e-24, nan 
152.625, 80.125, 1.6496171656716052e-24, nan 
152.875, 80.125, 1.4373461800887634e-24, nan 
153.125, 80.125, 2.760270934006669e-24, nan 
153.375, 80.125, 3.2827210934967466e-24, nan 
153.625, 80.125, 3.0171066140828117e-24, nan 
153.875, 80.125, 2.164870132850797e-24, nan 
154.125, 80.125, 1.3647110398202823e-24, nan 
154.375, 80.125, 2.743824388611765e-24, nan 
154.625, 80.125, 2.813280702955495e-24, nan 
154.875, 80.125, 2.5934162003150165e-24, nan 
155.125, 80.125, 1.9476841876827048e-24, nan 
155.375, 80.125, 1.2289876940151164e-24, nan 
155.625, 80.125, 8.501978418675982e-25, nan 
155.875, 80.125, 1.3792412111383762e-24, nan 
156.125, 80.125, 9.232478731362407e-25, nan 
156.375, 80.125, 1.6411795665294526e-24, nan 
156.625, 80.125, 2.057039984131123e-24, nan 
156.875, 80.125, 1.8780511214935253e-24, nan 
157.125, 80.125, 2.0782749071359114e-24, nan 
157.375, 80.125, 3.076793416486228e-24, nan 
157.625, 80.125, 2.8148760328987152e-24, nan 
157.875, 80.125, 3.160677456627618e-24, nan 
158.125, 80.125, 3.862460138044862e-24, nan 
158.375, 80.125, 3.488109093779542e-24, nan 
158.625, 80.125, 4.4441128600770016e-24, nan 
158.875, 80.125, 4.611103450218746e-24, nan 
159.125, 80.125, 4.163170213622747e-24, nan 
159.375, 80.125, 4.358227471870257e-24, nan 
159.625, 80.125, 4.036101966703931e-24, nan 
159.875, 80.125, 4.249775831540418e-24, nan 
160.125, 80.125, 4.22281907168341e-24, nan 
160.375, 80.125, 3.92407895540805e-24, nan 
160.625, 80.125, 3.4580356366061575e-24, nan 
160.875, 80.125, 3.459566630254846e-24, nan 
161.125, 80.125, 3.040578306625046e-24, nan 
161.375, 80.125, 3.648784074661996e-24, nan 
161.625, 80.125, 3.8890627360919866e-24, nan 
161.875, 80.125, 3.432265984577054e-24, nan 
162.125, 80.125, 3.902050918212023e-24, nan 
162.375, 80.125, 4.869296842250834e-24, nan 
162.625, 80.125, 6.3172326316565306e-24, nan 
162.875, 80.125, 5.563684707344943e-24, nan 
163.125, 80.125, 5.736246853189882e-24, nan 
163.375, 80.125, 6.879967813617812e-24, nan 
163.625, 80.125, 7.360199520102735e-24, nan 
163.875, 80.125, 7.981332608895354e-24, nan 
164.125, 80.125, 7.555817261267318e-24, nan 
164.375, 80.125, 7.367055214621593e-24, nan 
164.625, 80.125, 7.637323155643921e-24, nan 
164.875, 80.125, 7.952513253817972e-24, nan 
165.125, 80.125, 7.639700351678217e-24, nan 
165.375, 80.125, 8.767197392136571e-24, nan 
165.625, 80.125, 7.131893689433673e-24, nan 
165.875, 80.125, 7.760775686437987e-24, nan 
166.125, 80.125, 8.29457604230878e-24, nan 
166.375, 80.125, 7.853959635292994e-24, nan 
166.625, 80.125, 7.302998141543349e-24, nan 
166.875, 80.125, 8.180398715972989e-24, nan 
167.125, 80.125, 7.987977678037594e-24, nan 
167.375, 80.125, 7.681763037240518e-24, nan 
167.625, 80.125, 7.597716113307098e-24, nan 
167.875, 80.125, 6.36325268390074e-24, nan 
168.125, 80.125, 7.371092498261389e-24, nan 
168.375, 80.125, 8.206057097024675e-24, nan 
168.625, 80.125, 7.042797369219761e-24, nan 
168.875, 80.125, 7.514962880845996e-24, nan 
169.125, 80.125, 6.694964997890535e-24, nan 
169.375, 80.125, 6.821522628068643e-24, nan 
169.625, 80.125, 7.358174080911715e-24, nan 
169.875, 80.125, 6.3382927451148245e-24, nan 
170.125, 80.125, 6.298420570491817e-24, nan 
170.375, 80.125, 6.520370671203943e-24, nan 
170.625, 80.125, 6.66082127671303e-24, nan 
170.875, 80.125, 6.319920633388044e-24, nan 
171.125, 80.125, 6.481572101203933e-24, nan 
171.375, 80.125, 7.516269272687577e-24, nan 
171.625, 80.125, 6.1516511761459675e-24, nan 
171.875, 80.125, 7.963691182217591e-24, nan 
172.125, 80.125, 6.336521850358798e-24, nan 
172.375, 80.125, 7.10124045278203e-24, nan 
172.625, 80.125, 8.174386484428719e-24, nan 
172.875, 80.125, 7.03594922535299e-24, nan 
173.125, 80.125, 7.2807251534551e-24, nan 
173.375, 80.125, 6.352841598237292e-24, nan 
173.625, 80.125, 5.9268945505083044e-24, nan 
173.875, 80.125, 6.2573608043734185e-24, nan 
174.125, 80.125, 6.448297420346994e-24, nan 
174.375, 80.125, 5.804940199915763e-24, nan 
174.625, 80.125, 6.718538542739743e-24, nan 
174.875, 80.125, 5.926436759412574e-24, nan 
175.125, 80.125, 6.888125875651365e-24, nan 
175.375, 80.125, 6.0118242996208376e-24, nan 
175.625, 80.125, 6.326820871459272e-24, nan 
175.875, 80.125, 6.45147682605945e-24, nan 
176.125, 80.125, 6.806768509757673e-24, nan 
176.375, 80.125, 6.785998493334687e-24, nan 
176.625, 80.125, 5.967596240312471e-24, nan 
176.875, 80.125, 6.811905268023226e-24, nan 
177.125, 80.125, 6.2661639356365226e-24, nan 
177.375, 80.125, 7.163727908574522e-24, nan 
177.625, 80.125, 6.5135582374731606e-24, nan 
177.875, 80.125, 6.720720901091284e-24, nan 
178.125, 80.125, 6.723471411456008e-24, nan 
178.375, 80.125, 7.66713120625797e-24, nan 
178.625, 80.125, 6.716262269650236e-24, nan 
178.875, 80.125, 6.910867853730516e-24, nan 
179.125, 80.125, 8.190101720714696e-24, nan 
179.375, 80.125, 6.961139042855301e-24, nan 
179.625, 80.125, 7.51659534024904e-24, nan 
179.875, 80.125, 7.117247247349395e-24, nan 
-179.875, 80.375, 7.053573847229194e-24, nan 
-179.625, 80.375, 5.894547113449155e-24, nan 
-179.375, 80.375, 6.500734854420009e-24, nan 
-179.125, 80.375, 6.183773586776691e-24, nan 
-178.875, 80.375, 6.808623007990761e-24, nan 
-178.625, 80.375, 6.330715561679572e-24, nan 
-178.375, 80.375, 5.10796349605984e-24, nan 
-178.125, 80.375, 5.789193306488352e-24, nan 
-177.875, 80.375, 5.0485108957617896e-24, nan 
-177.625, 80.375, 5.3538924272092806e-24, nan 
-177.375, 80.375, 4.9243193474577144e-24, nan 
-177.125, 80.375, 5.055009929138941e-24, nan 
-176.875, 80.375, 5.282077634505234e-24, nan 
-176.625, 80.375, 5.101941949268159e-24, nan 
-176.375, 80.375, 4.760748616763525e-24, nan 
-176.125, 80.375, 4.3127762187716495e-24, nan 
-175.875, 80.375, 4.7195200932544685e-24, nan 
-175.625, 80.375, 4.829064687614963e-24, nan 
-175.375, 80.375, 4.088458791859176e-24, nan 
-175.125, 80.375, 3.7397006174350396e-24, nan 
-174.875, 80.375, 4.373034177198769e-24, nan 
-174.625, 80.375, 3.94326399995363e-24, nan 
-174.375, 80.375, 4.323349645754723e-24, nan 
-174.125, 80.375, 4.122784999037264e-24, nan 
-173.875, 80.375, 3.6857058088859246e-24, nan 
-173.625, 80.375, 4.162900706952981e-24, nan 
-173.375, 80.375, 3.855403865470677e-24, nan 
-173.125, 80.375, 3.818510358375695e-24, nan 
-172.875, 80.375, 4.2162984091432426e-24, nan 
-172.625, 80.375, 3.864884605364548e-24, nan 
-172.375, 80.375, 3.883598930948299e-24, nan 
-172.125, 80.375, 4.322975866454327e-24, nan 
-171.875, 80.375, 3.768276190946814e-24, nan 
-171.625, 80.375, 4.061460251455403e-24, nan 
-171.375, 80.375, 4.1539921147627295e-24, nan 
-171.125, 80.375, 4.1315040429777274e-24, nan 
-170.875, 80.375, 4.834702574022878e-24, nan 
-170.625, 80.375, 4.6667700061885024e-24, nan 
-170.375, 80.375, 4.2057754704560685e-24, nan 
-170.125, 80.375, 4.838668823809636e-24, nan 
-169.875, 80.375, 4.502142147561534e-24, nan 
-169.625, 80.375, 3.923673647461769e-24, nan 
-169.375, 80.375, 4.520193043066965e-24, nan 
-169.125, 80.375, 4.678021985723018e-24, nan 
-168.875, 80.375, 5.056297366888343e-24, nan 
-168.625, 80.375, 4.304226751087596e-24, nan 
-168.375, 80.375, 4.758203602178335e-24, nan 
-168.125, 80.375, 4.6729583578495665e-24, nan 
-167.875, 80.375, 4.892337093453189e-24, nan 
-167.625, 80.375, 5.0038091508353005e-24, nan 
-167.375, 80.375, 4.482384364104071e-24, nan 
-167.125, 80.375, 4.735484444491728e-24, nan 
-166.875, 80.375, 4.9822781583333146e-24, nan 
-166.625, 80.375, 5.400943657783093e-24, nan 
-166.375, 80.375, 4.870810159402974e-24, nan 
-166.125, 80.375, 5.0210871563130646e-24, nan 
-165.875, 80.375, 4.9927590585485435e-24, nan 
-165.625, 80.375, 5.2178706325624084e-24, nan 
-165.375, 80.375, 5.08632219156966e-24, nan 
-165.125, 80.375, 5.414070239776956e-24, nan 
-164.875, 80.375, 5.145072108495795e-24, nan 
-164.625, 80.375, 5.468364808400818e-24, nan 
-164.375, 80.375, 5.4978503159920625e-24, nan 
-164.125, 80.375, 5.12337174992267e-24, nan 
-163.875, 80.375, 5.581800972627231e-24, nan 
-163.625, 80.375, 5.666739239353171e-24, nan 
-163.375, 80.375, 5.8674951770336044e-24, nan 
-163.125, 80.375, 5.338866359576664e-24, nan 
-162.875, 80.375, 5.1511199618657715e-24, nan 
-162.625, 80.375, 5.7122464882304634e-24, nan 
-162.375, 80.375, 5.864286021239424e-24, nan 
-162.125, 80.375, 5.77931388268761e-24, nan 
-161.875, 80.375, 5.434629584276591e-24, nan 
-161.625, 80.375, 5.0659602844272595e-24, nan 
-161.375, 80.375, 5.518753363957528e-24, nan 
-161.125, 80.375, 5.512129744162711e-24, nan 
-160.875, 80.375, 5.340143143918842e-24, nan 
-160.625, 80.375, 5.518253679806765e-24, nan 
-160.375, 80.375, 5.304900522610236e-24, nan 
-160.125, 80.375, 5.583630221488417e-24, nan 
-159.875, 80.375, 5.764322569597239e-24, nan 
-159.625, 80.375, 5.558826880623397e-24, nan 
-159.375, 80.375, 5.653897051899694e-24, nan 
-159.125, 80.375, 5.2083755521233015e-24, nan 
-158.875, 80.375, 5.490732752878326e-24, nan 
-158.625, 80.375, 5.667885599179721e-24, nan 
-158.375, 80.375, 5.626126292395045e-24, nan 
-158.125, 80.375, 5.956551124191118e-24, nan 
-157.875, 80.375, 5.4853235690654186e-24, nan 
-157.625, 80.375, 5.320286112766515e-24, nan 
-157.375, 80.375, 5.6777857705882155e-24, nan 
-157.125, 80.375, 5.4551019249220045e-24, nan 
-156.875, 80.375, 6.0469211037068845e-24, nan 
-156.625, 80.375, 5.512295960809257e-24, nan 
-156.375, 80.375, 5.747854867354264e-24, nan 
-156.125, 80.375, 5.604508970147885e-24, nan 
-155.875, 80.375, 5.6358456990690054e-24, nan 
-155.625, 80.375, 5.770619520032952e-24, nan 
-155.375, 80.375, 5.5305298847222186e-24, nan 
-155.125, 80.375, 5.8244249199763376e-24, nan 
-154.875, 80.375, 5.303766291110053e-24, nan 
-154.625, 80.375, 5.7080714829446985e-24, nan 
-154.375, 80.375, 5.688750147709666e-24, nan 
-154.125, 80.375, 5.524243821954266e-24, nan 
-153.875, 80.375, 5.3999618542983474e-24, nan 
-153.625, 80.375, 5.67207660800947e-24, nan 
-153.375, 80.375, 5.3006459066969005e-24, nan 
-153.125, 80.375, 5.544453920892526e-24, nan 
-152.875, 80.375, 5.244503315427659e-24, nan 
-152.625, 80.375, 5.640306602843586e-24, nan 
-152.375, 80.375, 5.393832654655239e-24, nan 
-152.125, 80.375, 5.719757647104073e-24, nan 
-151.875, 80.375, 5.550410753028224e-24, nan 
-151.625, 80.375, 5.149214622605508e-24, nan 
-151.375, 80.375, 5.654040301485572e-24, nan 
-151.125, 80.375, 5.293021329250167e-24, nan 
-150.875, 80.375, 5.312344592979094e-24, nan 
-150.625, 80.375, 5.398618621114258e-24, nan 
-150.375, 80.375, 5.274096780715209e-24, nan 
-150.125, 80.375, 5.2354812244527614e-24, nan 
-149.875, 80.375, 5.2476658581757295e-24, nan 
-149.625, 80.375, 5.59384104217766e-24, nan 
-149.375, 80.375, 4.983331098513724e-24, nan 
-149.125, 80.375, 5.477637985448914e-24, nan 
-148.875, 80.375, 5.3636579436592406e-24, nan 
-148.625, 80.375, 5.039564664914261e-24, nan 
-148.375, 80.375, 5.2071494926143286e-24, nan 
-148.125, 80.375, 5.449299703746436e-24, nan 
-147.875, 80.375, 5.045917100195978e-24, nan 
-147.625, 80.375, 4.994709320806904e-24, nan 
-147.375, 80.375, 5.126343527776586e-24, nan 
-147.125, 80.375, 4.88655287980636e-24, nan 
-146.875, 80.375, 4.8368530753071905e-24, nan 
-146.625, 80.375, 4.694766991597308e-24, nan 
-146.375, 80.375, 4.389326568884027e-24, nan 
-146.125, 80.375, 5.2036522273316486e-24, nan 
-145.875, 80.375, 4.688282198522325e-24, nan 
-145.625, 80.375, 4.5100172715563576e-24, nan 
-145.375, 80.375, 5.418873020561859e-24, nan 
-145.125, 80.375, 4.156964523614423e-24, nan 
-144.875, 80.375, 4.588707479467331e-24, nan 
-144.625, 80.375, 4.781233455382577e-24, nan 
-144.375, 80.375, 4.236128795090322e-24, nan 
-144.125, 80.375, 4.467119985213544e-24, nan 
-143.875, 80.375, 5.0165967999105625e-24, nan 
-143.625, 80.375, 4.419215991196978e-24, nan 
-143.375, 80.375, 4.673289523299017e-24, nan 
-143.125, 80.375, 4.556274500869944e-24, nan 
-142.875, 80.375, 4.308022186069362e-24, nan 
-142.625, 80.375, 4.5194596027655465e-24, nan 
-142.375, 80.375, 4.7467104914525985e-24, nan 
-142.125, 80.375, 4.500213215442197e-24, nan 
-141.875, 80.375, 4.342707868420308e-24, nan 
-141.625, 80.375, 4.7025951807276805e-24, nan 
-141.375, 80.375, 4.250688359435449e-24, nan 
-141.125, 80.375, 5.0219502432501876e-24, nan 
-140.875, 80.375, 4.544303135003199e-24, nan 
-140.625, 80.375, 4.899470054273544e-24, nan 
-140.375, 80.375, 4.934572445727566e-24, nan 
-140.125, 80.375, 5.0740520890389454e-24, nan 
-139.875, 80.375, 4.6647155276100946e-24, nan 
-139.625, 80.375, 4.749071025943383e-24, nan 
-139.375, 80.375, 5.2798120819846685e-24, nan 
-139.125, 80.375, 4.587186686751825e-24, nan 
-138.875, 80.375, 4.880228003046913e-24, nan 
-138.625, 80.375, 4.766756783841081e-24, nan 
-138.375, 80.375, 5.3966892511383364e-24, nan 
-138.125, 80.375, 5.213071812949904e-24, nan 
-137.875, 80.375, 4.76762306564459e-24, nan 
-137.625, 80.375, 5.620584795791424e-24, nan 
-137.375, 80.375, 5.137286997573811e-24, nan 
-137.125, 80.375, 4.8861463017656414e-24, nan 
-136.875, 80.375, 5.6377486801411945e-24, nan 
-136.625, 80.375, 5.6354834403427874e-24, nan 
-136.375, 80.375, 5.008943505889144e-24, nan 
-136.125, 80.375, 5.90806297454947e-24, nan 
-135.875, 80.375, 5.206680124708484e-24, nan 
-135.625, 80.375, 5.2842879531245735e-24, nan 
-135.375, 80.375, 6.265042269269496e-24, nan 
-135.125, 80.375, 6.496845654272172e-24, nan 
-134.875, 80.375, 5.8444960655702396e-24, nan 
-134.625, 80.375, 5.68572314587408e-24, nan 
-134.375, 80.375, 6.3040162062864705e-24, nan 
-134.125, 80.375, 5.45474271077622e-24, nan 
-133.875, 80.375, 6.5927834985042116e-24, nan 
-133.625, 80.375, 6.796105026065911e-24, nan 
-133.375, 80.375, 6.592574990733034e-24, nan 
-133.125, 80.375, 6.584748699660256e-24, nan 
-132.875, 80.375, 6.645986817832096e-24, nan 
-132.625, 80.375, 6.48197771801645e-24, nan 
-132.375, 80.375, 7.62605952401938e-24, nan 
-132.125, 80.375, 6.60252322987364e-24, nan 
-131.875, 80.375, 7.157617127069738e-24, nan 
-131.625, 80.375, 7.36212199303561e-24, nan 
-131.375, 80.375, 7.61614233147016e-24, nan 
-131.125, 80.375, 8.326487965474926e-24, nan 
-130.875, 80.375, 7.544315792784393e-24, nan 
-130.625, 80.375, 8.036839252944627e-24, nan 
-130.375, 80.375, 7.822865641239174e-24, nan 
-130.125, 80.375, 7.287981070735062e-24, nan 
-129.875, 80.375, 8.702126278587368e-24, nan 
-129.625, 80.375, 8.821114648562889e-24, nan 
-129.375, 80.375, 7.839569962497275e-24, nan 
-129.125, 80.375, 8.222466632731964e-24, nan 
-128.875, 80.375, 7.610481421833319e-24, nan 
-128.625, 80.375, 7.756286546313488e-24, nan 
-128.375, 80.375, 7.094440690659592e-24, nan 
-128.125, 80.375, 7.702655770533078e-24, nan 
-127.875, 80.375, 7.4682216979633e-24, nan 
-127.625, 80.375, 7.198340693633891e-24, nan 
-127.375, 80.375, 7.097613513396622e-24, nan 
-127.125, 80.375, 6.831549773928097e-24, nan 
-126.875, 80.375, 7.05401015584594e-24, nan 
-126.625, 80.375, 6.750071862477663e-24, nan 
-126.375, 80.375, 6.43936681520697e-24, nan 
-126.125, 80.375, 6.6099953520277305e-24, nan 
-125.875, 80.375, 6.859680833301607e-24, nan 
-125.625, 80.375, 7.696556256151388e-24, nan 
-125.375, 80.375, 7.846468097280885e-24, nan 
-125.125, 80.375, 8.059369549258749e-24, nan 
-124.875, 80.375, 9.197902196716062e-24, nan 
-124.625, 80.375, 9.887423171849197e-24, nan 
-124.375, 80.375, 9.613523918568078e-24, nan 
-124.125, 80.375, 1.0935342981984841e-23, nan 
-123.875, 80.375, 1.2511464502382826e-23, nan 
-123.625, 80.375, 1.2810600845151054e-23, nan 
-123.375, 80.375, 1.350728407189318e-23, nan 
-123.125, 80.375, 1.3045974080628603e-23, nan 
-122.875, 80.375, 1.5817103191719927e-23, nan 
-122.625, 80.375, 1.953323074520877e-23, nan 
-122.375, 80.375, 1.730996704170121e-23, nan 
-122.125, 80.375, 1.9815347437236893e-23, nan 
-121.875, 80.375, 2.1167948197291365e-23, nan 
-121.625, 80.375, 2.3027388373472845e-23, nan 
-121.375, 80.375, 2.437415498677531e-23, nan 
-121.125, 80.375, 2.9188273469481643e-23, nan 
-120.875, 80.375, 3.594687028425598e-23, nan 
-120.625, 80.375, 3.4051306606257834e-23, nan 
-120.375, 80.375, 3.6188642690436274e-23, nan 
-120.125, 80.375, 3.287402394256716e-23, nan 
-119.875, 80.375, 3.123230163522391e-23, nan 
-119.625, 80.375, 4.043640464184789e-23, nan 
-119.375, 80.375, 4.4276068550870483e-23, nan 
-119.125, 80.375, 4.7164010845324945e-23, nan 
-118.875, 80.375, 4.710744678656731e-23, nan 
-118.625, 80.375, 4.4391338257786274e-23, nan 
-118.375, 80.375, 4.891237207103923e-23, nan 
-118.125, 80.375, 4.385736203298396e-23, nan 
-117.875, 80.375, 3.6485687193539624e-23, nan 
-117.625, 80.375, 4.20310309877776e-23, nan 
-117.375, 80.375, 4.5639670523614873e-23, nan 
-117.125, 80.375, 4.8447977924112864e-23, nan 
-116.875, 80.375, 5.162556125121501e-23, nan 
-116.625, 80.375, 4.715613475077952e-23, nan 
-116.375, 80.375, 5.305240507598737e-23, nan 
-116.125, 80.375, 5.578966669164673e-23, nan 
-115.875, 80.375, 4.109946578732274e-23, nan 
-115.625, 80.375, 6.643131934209095e-23, nan 
-115.375, 80.375, 6.569317932667443e-23, nan 
-115.125, 80.375, 5.66179937398636e-23, nan 
-114.875, 80.375, 6.078320865086389e-23, nan 
-114.625, 80.375, 6.461936505126425e-23, nan 
-114.375, 80.375, 7.00212308870871e-23, nan 
-114.125, 80.375, 7.146664923497701e-23, nan 
-113.875, 80.375, 6.327580546208154e-23, nan 
-113.625, 80.375, 5.624367676461085e-23, nan 
-113.375, 80.375, 3.7858425233591764e-23, nan 
-113.125, 80.375, 3.5781206850411844e-23, nan 
-112.875, 80.375, 3.13469175304432e-23, nan 
-112.625, 80.375, 5.44842005453293e-23, nan 
-112.375, 80.375, 5.523014217440467e-23, nan 
-112.125, 80.375, 4.8417753578022237e-23, nan 
-111.875, 80.375, 6.127574169617542e-23, nan 
-111.625, 80.375, 8.089006824462781e-23, nan 
-111.375, 80.375, 7.362820021422468e-23, nan 
-111.125, 80.375, 6.984227599422039e-23, nan 
-110.875, 80.375, 6.907713064145558e-23, nan 
-110.625, 80.375, 8.144764390251635e-23, nan 
-110.375, 80.375, 9.027457339871352e-23, nan 
-110.125, 80.375, 7.541946083989198e-23, nan 
-109.875, 80.375, 7.232795953973629e-23, nan 
-109.625, 80.375, 7.109497851659316e-23, nan 
-109.375, 80.375, 5.724258635345619e-23, nan 
-109.125, 80.375, 5.306324527308207e-23, nan 
-108.875, 80.375, 4.4542911547790806e-23, nan 
-108.625, 80.375, 5.622766487904675e-23, nan 
-108.375, 80.375, 5.914723803661992e-23, nan 
-108.125, 80.375, 4.41004634363432e-23, nan 
-107.875, 80.375, 3.159703880921665e-23, nan 
-107.625, 80.375, 2.71666419014787e-23, nan 
-107.375, 80.375, 4.638458182148456e-23, nan 
-107.125, 80.375, 5.348364514838718e-23, nan 
-106.875, 80.375, 4.2553896184145646e-23, nan 
-106.625, 80.375, 2.6152359894508347e-23, nan 
-106.375, 80.375, 1.9754831606903876e-23, nan 
-106.125, 80.375, 2.5793362333501438e-23, nan 
-105.875, 80.375, 1.5629039375965455e-23, nan 
-105.625, 80.375, 1.5709491712454226e-23, nan 
-105.375, 80.375, 3.0490545067743735e-23, nan 
-105.125, 80.375, 2.2051366604352581e-23, nan 
-104.875, 80.375, 2.2441781113287327e-23, nan 
-104.625, 80.375, 2.65807581512037e-23, nan 
-104.375, 80.375, 1.4088906642707002e-22, nan 
-104.125, 80.375, 3.1685241253730644e-22, nan 
-103.875, 80.375, 2.3366493516423827e-22, nan 
-103.625, 80.375, 5.546501499232204e-23, nan 
-103.375, 80.375, 1.1679051506509493e-22, nan 
-103.125, 80.375, 1.9861995341013275e-22, nan 
-102.875, 80.375, 1.271612469270559e-22, nan 
-102.625, 80.375, 4.8833823316384275e-23, nan 
-102.375, 80.375, 5.611775790918412e-23, nan 
-102.125, 80.375, 4.2170799815952627e-23, nan 
-101.875, 80.375, 5.99314239251813e-23, nan 
-101.625, 80.375, 3.9407176192418686e-23, nan 
-101.375, 80.375, 4.9821471720880583e-23, nan 
-101.125, 80.375, 5.668326297854915e-23, nan 
-100.875, 80.375, 4.5003731714081353e-23, nan 
-100.625, 80.375, 5.618604060934565e-23, nan 
-100.375, 80.375, 6.283955118021916e-23, nan 
-100.125, 80.375, 5.66901321909405e-23, nan 
-99.875, 80.375, 5.953323430437823e-23, nan 
-99.625, 80.375, 6.90748658352009e-23, nan 
-99.375, 80.375, 7.386676797670764e-23, nan 
-99.125, 80.375, 7.642376378831626e-23, nan 
-98.875, 80.375, 7.859372437762766e-23, nan 
-98.625, 80.375, 6.58785531570552e-23, nan 
-98.375, 80.375, 5.004976378389566e-23, nan 
-98.125, 80.375, 6.903202324232759e-23, nan 
-97.875, 80.375, 7.51153076126876e-23, nan 
-97.625, 80.375, 1.347823060523724e-22, nan 
-97.375, 80.375, 8.847053423237113e-23, nan 
-97.125, 80.375, 6.67749840598769e-23, nan 
-96.875, 80.375, 8.214668980420833e-23, nan 
-96.625, 80.375, 9.740269193180537e-23, nan 
-96.375, 80.375, 9.364579521623479e-23, nan 
-96.125, 80.375, 7.86229389671967e-23, nan 
-95.875, 80.375, 7.325309178047119e-23, nan 
-95.625, 80.375, 7.806207195935819e-23, nan 
-95.375, 80.375, 8.733294679772629e-23, nan 
-95.125, 80.375, 6.64575585103115e-23, nan 
-94.875, 80.375, 7.036767963750444e-23, nan 
-94.625, 80.375, 8.521048974812295e-23, nan 
-94.375, 80.375, 6.899162565913849e-23, nan 
-94.125, 80.375, 8.431264102834823e-23, nan 
-93.875, 80.375, 6.890929004503402e-23, nan 
-93.625, 80.375, 7.678574610924371e-23, nan 
-93.375, 80.375, 7.522407600797372e-23, nan 
-93.125, 80.375, 9.570146634858965e-23, nan 
-92.875, 80.375, 7.622705887379268e-23, nan 
-92.625, 80.375, 7.354661941775717e-23, nan 
-92.375, 80.375, 9.664547015377598e-23, nan 
-92.125, 80.375, 6.705964658819831e-23, nan 
-91.875, 80.375, 6.694063980195432e-23, nan 
-91.625, 80.375, 7.91751367623881e-23, nan 
-91.375, 80.375, 7.021687921119343e-23, nan 
-91.125, 80.375, 8.547434423948117e-23, nan 
-90.875, 80.375, 8.371410240608832e-23, nan 
-90.625, 80.375, 9.104208650947287e-23, nan 
-90.375, 80.375, 9.792311832456656e-23, nan 
-90.125, 80.375, 9.062823929774037e-23, nan 
-89.875, 80.375, 1.0536523635966145e-22, nan 
-89.625, 80.375, 1.129924219860281e-22, nan 
-89.375, 80.375, 1.9679702622357385e-22, nan 
-89.125, 80.375, 1.4547071802545839e-22, nan 
-88.875, 80.375, 2.2658831959576396e-22, nan 
-88.625, 80.375, 1.940779090704454e-22, nan 
-88.375, 80.375, 1.968261430452737e-22, nan 
-88.125, 80.375, 2.063288831134051e-22, nan 
-87.875, 80.375, 1.8814226337182186e-22, nan 
-87.625, 80.375, 2.7453551964003297e-22, nan 
-87.375, 80.375, 2.5818139928878497e-22, nan 
-87.125, 80.375, 2.2680429681118514e-22, nan 
-86.875, 80.375, 2.75448554153918e-22, nan 
-86.625, 80.375, 3.0114484010272304e-22, nan 
-86.375, 80.375, 3.291432514871159e-22, nan 
-86.125, 80.375, 3.602283510784065e-22, nan 
-85.875, 80.375, 3.364232635989177e-22, nan 
-85.625, 80.375, 3.6687758080099463e-22, nan 
-85.375, 80.375, 3.4752006925689306e-22, nan 
-85.125, 80.375, 3.770866542963948e-22, nan 
-84.875, 80.375, 3.837308868687619e-22, nan 
-84.625, 80.375, 3.158738009160808e-22, nan 
-84.375, 80.375, 3.8250610256770027e-22, nan 
-84.125, 80.375, 3.9071476918349307e-22, nan 
-83.875, 80.375, 3.9107590710888057e-22, nan 
-83.625, 80.375, 4.482280352715925e-22, nan 
-83.375, 80.375, 4.071818489230892e-22, nan 
-83.125, 80.375, 4.815566778854517e-22, nan 
-82.875, 80.375, 4.4917480589860635e-22, nan 
-82.625, 80.375, 4.463939466257948e-22, nan 
-82.375, 80.375, 4.932728392342123e-22, nan 
-82.125, 80.375, 4.264577370060213e-22, nan 
-81.875, 80.375, 4.528636709953937e-22, nan 
-81.625, 80.375, 5.332871787387324e-22, nan 
-81.375, 80.375, 3.806515832493047e-22, nan 
-81.125, 80.375, 4.568446805553628e-22, nan 
-80.875, 80.375, 5.131641966239939e-22, nan 
-80.625, 80.375, 5.449338040319142e-22, nan 
-80.375, 80.375, 4.428382073821993e-22, nan 
-80.125, 80.375, 1.0522573142316642e-21, nan 
-79.875, 80.375, 1.15875539550169e-21, nan 
-79.625, 80.375, 2.3362864855382926e-21, nan 
-79.375, 80.375, 3.013405651912268e-21, nan 
-79.125, 80.375, 3.491846098027323e-21, nan 
-78.875, 80.375, 2.033833808046799e-21, nan 
-78.625, 80.375, 2.1047149179716388e-21, nan 
-78.375, 80.375, 2.8411505702092118e-21, nan 
-78.125, 80.375, 2.7673307732841717e-21, nan 
-77.875, 80.375, 2.9101771732459413e-21, nan 
-77.625, 80.375, 1.5723040118489194e-21, nan 
-77.375, 80.375, 1.5121911551403532e-21, nan 
-77.125, 80.375, 1.0560353327350522e-21, nan 
-76.875, 80.375, 9.508328797563936e-22, nan 
-76.625, 80.375, 1.3036402627950317e-21, nan 
-76.375, 80.375, 1.008492930752655e-21, nan 
-76.125, 80.375, 1.442710716897281e-21, nan 
-75.875, 80.375, 1.782215315377757e-21, nan 
-75.625, 80.375, 2.3804178039196818e-21, nan 
-75.375, 80.375, 2.1899757822235622e-21, nan 
-75.125, 80.375, 1.9965888602851877e-21, nan 
-74.875, 80.375, 2.0263355210759356e-21, nan 
-74.625, 80.375, 1.9461900559918963e-21, nan 
-74.375, 80.375, 1.8777168932766874e-21, nan 
-74.125, 80.375, 1.7183673474924433e-21, nan 
-73.875, 80.375, 1.7463325920094136e-21, nan 
-73.625, 80.375, 1.8217314447078257e-21, nan 
-73.375, 80.375, 1.911151704817823e-21, nan 
-73.125, 80.375, 1.847895658750673e-21, nan 
-72.875, 80.375, 1.963035785928555e-21, nan 
-72.625, 80.375, 1.789792029356667e-21, nan 
-72.375, 80.375, 2.3089933884495454e-21, nan 
-72.125, 80.375, 2.4559816754598657e-21, nan 
-71.875, 80.375, 2.2215611429341013e-21, nan 
-71.625, 80.375, 2.3224287590658473e-21, nan 
-71.375, 80.375, 2.2117211416010445e-21, nan 
-71.125, 80.375, 2.2473663877643977e-21, nan 
-70.875, 80.375, 2.456824966991355e-21, nan 
-70.625, 80.375, 2.3609408630322494e-21, nan 
-70.375, 80.375, 2.4749620853808748e-21, nan 
-70.125, 80.375, 2.8872940724872418e-21, nan 
-69.875, 80.375, 2.9796435582645026e-21, nan 
-69.625, 80.375, 3.0847590454858026e-21, nan 
-69.375, 80.375, 2.8576346110012487e-21, nan 
-69.125, 80.375, 2.795862426794963e-21, nan 
-68.875, 80.375, 3.062268879989292e-21, nan 
-68.625, 80.375, 3.662942482833903e-21, nan 
-68.375, 80.375, 3.4113233116770725e-21, nan 
-68.125, 80.375, 3.3138204990912663e-21, nan 
-67.875, 80.375, 3.0807328763554874e-21, nan 
-67.625, 80.375, 2.860671486705107e-21, nan 
-67.375, 80.375, 3.452331739155155e-21, nan 
-67.125, 80.375, 2.5799386221267317e-21, nan 
-66.875, 80.375, 2.3493909803911512e-21, nan 
-66.625, 80.375, 2.264388222376374e-21, nan 
-66.375, 80.375, 2.276467747143544e-21, nan 
-66.125, 80.375, 2.5562601257107174e-21, nan 
-65.875, 80.375, 2.109521890685273e-21, nan 
-65.625, 80.375, 1.017490922645657e-21, nan 
-65.375, 80.375, 9.340686190992426e-22, nan 
-65.125, 80.375, 7.310227231734374e-22, nan 
-64.875, 80.375, 1.0134107964629134e-21, nan 
-64.625, 80.375, 9.586335707365558e-22, nan 
-64.375, 80.375, 9.10772997216007e-22, nan 
-64.125, 80.375, 9.555935074529769e-22, nan 
-63.875, 80.375, 7.129270996424955e-22, nan 
-63.625, 80.375, 1.1175406917284936e-21, nan 
-63.375, 80.375, 1.900569280438762e-21, nan 
-63.125, 80.375, 1.2913223660650745e-21, nan 
-62.875, 80.375, 6.863592273753951e-22, nan 
-62.625, 80.375, 9.570684343922132e-22, nan 
-62.375, 80.375, 1.8773730127867583e-21, nan 
-62.125, 80.375, 1.9046395244488352e-21, nan 
-61.875, 80.375, 1.716637366249892e-21, nan 
-61.625, 80.375, 1.5091090844156354e-21, nan 
-61.375, 80.375, 2.384436366685195e-21, nan 
-61.125, 80.375, 4.1239644339223896e-21, nan 
-60.875, 80.375, 5.048724969543841e-21, nan 
-60.625, 80.375, 6.285616359442643e-21, nan 
-60.375, 80.375, 7.662710680070972e-21, nan 
-60.125, 80.375, 5.964984901042582e-21, nan 
-59.875, 80.375, 5.720354891393055e-21, nan 
-59.625, 80.375, 7.162106221516708e-21, nan 
-59.375, 80.375, 9.105690842593196e-21, nan 
-59.125, 80.375, 1.2277642499353921e-20, nan 
-58.875, 80.375, 1.1237435274612001e-20, nan 
-58.625, 80.375, 9.686833681610534e-21, nan 
-58.375, 80.375, 1.3001646964306752e-20, nan 
-58.125, 80.375, 1.1904080804372025e-20, nan 
-57.875, 80.375, 8.732967548554614e-21, nan 
-57.625, 80.375, 8.568130904513691e-21, nan 
-57.375, 80.375, 9.57789720922593e-21, nan 
-57.125, 80.375, 1.0516653536999428e-20, nan 
-56.875, 80.375, 9.939179774408468e-21, nan 
-56.625, 80.375, 2.4126145168585718e-21, nan 
-56.375, 80.375, 2.0567520807493557e-21, nan 
-56.125, 80.375, 1.3212490807814942e-21, nan 
-55.875, 80.375, 2.1076320037979257e-21, nan 
-55.625, 80.375, 1.2781918044404355e-21, nan 
-55.375, 80.375, 3.648707898982645e-21, nan 
-55.125, 80.375, 4.128282290188496e-21, nan 
-54.875, 80.375, 4.1114342193004316e-21, nan 
-54.625, 80.375, 4.147278668981426e-21, nan 
-54.375, 80.375, 4.3458544312140175e-21, nan 
-54.125, 80.375, 4.22718260122956e-21, nan 
-53.875, 80.375, 4.66305219318686e-21, nan 
-53.625, 80.375, 4.288735127874839e-21, nan 
-53.375, 80.375, 5.0184218746509195e-21, nan 
-53.125, 80.375, 5.586350122149222e-21, nan 
-52.875, 80.375, 4.913516998556019e-21, nan 
-52.625, 80.375, 4.808305296642882e-21, nan 
-52.375, 80.375, 5.698821312293055e-21, nan 
-52.125, 80.375, 4.001263576915324e-21, nan 
-51.875, 80.375, 7.332191166449159e-21, nan 
-51.625, 80.375, 9.195986694999458e-21, nan 
-51.375, 80.375, 1.241322614534548e-20, nan 
-51.125, 80.375, 1.9508447800368305e-20, nan 
-50.875, 80.375, 3.0435571628189095e-20, nan 
-50.625, 80.375, 3.7710480546120924e-20, nan 
-50.375, 80.375, 4.6874465854113336e-20, nan 
-50.125, 80.375, 5.82612697007779e-20, nan 
-49.875, 80.375, 4.9099445959576343e-20, nan 
-49.625, 80.375, 5.34672377381973e-20, nan 
-49.375, 80.375, 6.00794611254051e-20, nan 
-49.125, 80.375, 6.96178381718986e-20, nan 
-48.875, 80.375, 8.438849269570194e-20, nan 
-48.625, 80.375, 5.982736810693207e-20, nan 
-48.375, 80.375, 5.758880174173823e-20, nan 
-48.125, 80.375, 5.0018521864755444e-20, nan 
-47.875, 80.375, 4.0471756769486255e-20, nan 
-47.625, 80.375, 4.1441537822081714e-20, nan 
-47.375, 80.375, 4.0856990859018087e-20, nan 
-47.125, 80.375, 4.06675054653011e-20, nan 
-46.875, 80.375, 4.282564713488963e-20, nan 
-46.625, 80.375, 4.614026545206212e-20, nan 
-46.375, 80.375, 5.464536235353434e-20, nan 
-46.125, 80.375, 5.753034882467827e-20, nan 
-45.875, 80.375, 5.903887920907598e-20, nan 
-45.625, 80.375, 5.96717230900783e-20, nan 
-45.375, 80.375, 6.158617857007862e-20, nan 
-45.125, 80.375, 6.064520416745786e-20, nan 
-44.875, 80.375, 5.768087479584024e-20, nan 
-44.625, 80.375, 6.800020793738845e-20, nan 
-44.375, 80.375, 6.852703466938447e-20, nan 
-44.125, 80.375, 6.539890771928108e-20, nan 
-43.875, 80.375, 6.307974940126701e-20, nan 
-43.625, 80.375, 6.611298960975023e-20, nan 
-43.375, 80.375, 6.891934384695668e-20, nan 
-43.125, 80.375, 5.937751854576298e-20, nan 
-42.875, 80.375, 5.545195563890694e-20, nan 
-42.625, 80.375, 7.011016473365698e-20, nan 
-42.375, 80.375, 6.340181656823287e-20, nan 
-42.125, 80.375, 6.383417515245506e-20, nan 
-41.875, 80.375, 5.66470551016194e-20, nan 
-41.625, 80.375, 3.84409637227959e-20, nan 
-41.375, 80.375, 4.739096389742425e-20, nan 
-41.125, 80.375, 8.333707345472647e-20, nan 
-40.875, 80.375, 5.54645467177303e-20, nan 
-40.625, 80.375, 4.6993231712152456e-20, nan 
-40.375, 80.375, 6.812338799527704e-20, nan 
-40.125, 80.375, 7.343389266733426e-20, nan 
-39.875, 80.375, 2.460038735604639e-19, nan 
-39.625, 80.375, 2.432869776917173e-19, nan 
-39.375, 80.375, 2.733215614154052e-19, nan 
-39.125, 80.375, 2.6443371010937233e-19, nan 
-38.875, 80.375, 3.757178052823398e-19, nan 
-38.625, 80.375, 3.332862566061103e-19, nan 
-38.375, 80.375, 3.6182688669221096e-19, nan 
-38.125, 80.375, 4.069531719719055e-19, nan 
-37.875, 80.375, 3.3525593976568156e-19, nan 
-37.625, 80.375, 3.8496504469572213e-19, nan 
-37.375, 80.375, 3.2699946380405623e-19, nan 
-37.125, 80.375, 4.086733365181278e-19, nan 
-36.875, 80.375, 4.34829736071444e-19, nan 
-36.625, 80.375, 4.1431317458491804e-19, nan 
-36.375, 80.375, 2.9657500103432954e-19, nan 
-36.125, 80.375, 2.7760863553419907e-19, nan 
-35.875, 80.375, 2.3052407335436855e-19, nan 
-35.625, 80.375, 1.8331338821876367e-19, nan 
-35.375, 80.375, 2.4613459912241167e-19, nan 
-35.125, 80.375, 3.557712601952911e-19, nan 
-34.875, 80.375, 3.97456994747894e-19, nan 
-34.625, 80.375, 4.344943073795876e-19, nan 
-34.375, 80.375, 6.214931299203863e-19, nan 
-34.125, 80.375, 6.675211281018661e-19, nan 
-33.875, 80.375, 6.47980839966986e-19, nan 
-33.625, 80.375, 5.220516919786747e-19, nan 
-33.375, 80.375, 4.084838374556217e-19, nan 
-33.125, 80.375, 5.049515312104933e-19, nan 
-32.875, 80.375, 4.157667834334519e-19, nan 
-32.625, 80.375, 4.769820654928843e-19, nan 
-32.375, 80.375, 7.455746136474664e-19, nan 
-32.125, 80.375, 8.359903583226232e-19, nan 
-31.875, 80.375, 1.0519362286014068e-18, nan 
-31.625, 80.375, 7.617738507215108e-19, nan 
-31.375, 80.375, 6.994774545812469e-19, nan 
-31.125, 80.375, 1.177970308566138e-18, nan 
-30.875, 80.375, 1.2697090217340781e-18, nan 
-30.625, 80.375, 1.2548798159854701e-18, nan 
-30.375, 80.375, 8.948420400024435e-19, nan 
-30.125, 80.375, 5.76686765461077e-19, nan 
-29.875, 80.375, 5.194694925875131e-19, nan 
-29.625, 80.375, 7.498827110075712e-19, nan 
-29.375, 80.375, 9.287921598619089e-19, nan 
-29.125, 80.375, 9.13682183527062e-19, nan 
-28.875, 80.375, 9.58237637262934e-19, nan 
-28.625, 80.375, 1.3892722743221996e-18, nan 
-28.375, 80.375, 1.6607686680459812e-18, nan 
-28.125, 80.375, 1.626331182835165e-18, nan 
-27.875, 80.375, 1.5649145631689864e-18, nan 
-27.625, 80.375, 1.3347567547050632e-18, nan 
-27.375, 80.375, 1.2418830491550215e-18, nan 
-27.125, 80.375, 1.255942356480341e-18, nan 
-26.875, 80.375, 1.375136339483458e-18, nan 
-26.625, 80.375, 1.4268367683114123e-18, nan 
-26.375, 80.375, 9.59760103984628e-19, nan 
-26.125, 80.375, 3.999706775618686e-19, nan 
-25.875, 80.375, 4.407394745897301e-19, nan 
-25.625, 80.375, 4.28908590795622e-19, nan 
-25.375, 80.375, 4.813802086447824e-19, nan 
-25.125, 80.375, 6.720981049523362e-19, nan 
-24.875, 80.375, 1.082507732626534e-18, nan 
-24.625, 80.375, 9.026263233766149e-19, nan 
-24.375, 80.375, 1.00395521921014e-18, nan 
-24.125, 80.375, 3.7905911143015106e-19, nan 
-23.875, 80.375, 9.323006911433691e-19, nan 
-23.625, 80.375, 2.137248471817049e-18, nan 
-23.375, 80.375, 2.042188753950392e-18, nan 
-23.125, 80.375, 2.6022998136236166e-18, nan 
-22.875, 80.375, 1.2877937986698597e-18, nan 
-22.625, 80.375, 1.6623635887531288e-18, nan 
-22.375, 80.375, 2.4846442737186737e-18, nan 
-22.125, 80.375, 2.5139779528839002e-18, nan 
-21.875, 80.375, 2.7753119934125262e-18, nan 
-21.625, 80.375, 1.941591866380509e-18, nan 
-21.375, 80.375, 1.7944266782360507e-18, nan 
-21.125, 80.375, 1.3958126300216697e-18, nan 
-20.875, 80.375, 1.0952419631851764e-18, nan 
-20.625, 80.375, 6.511297473868502e-19, nan 
-20.375, 80.375, 3.286787581405997e-19, nan 
-20.125, 80.375, 2.5833577243823395e-19, nan 
-19.875, 80.375, 2.342815903558162e-19, nan 
-19.625, 80.375, 1.9337307527143034e-19, nan 
-19.375, 80.375, 1.7607756582062504e-19, nan 
-19.125, 80.375, 2.604099585841581e-19, nan 
-18.875, 80.375, 2.187250594550527e-19, nan 
-18.625, 80.375, 3.3354907400812738e-19, nan 
-18.375, 80.375, 3.7003689187404417e-19, nan 
-18.125, 80.375, 4.053642958202156e-19, nan 
-17.875, 80.375, 5.8035683422724145e-19, nan 
-17.625, 80.375, 5.332358292819756e-19, nan 
-17.375, 80.375, 4.71194379953574e-19, nan 
-17.125, 80.375, 3.934607042768416e-19, nan 
-16.875, 80.375, 3.4642163804798045e-19, nan 
-16.625, 80.375, 5.678714812639788e-19, nan 
-16.375, 80.375, 8.2258233087754e-19, nan 
-16.125, 80.375, 8.681088514971153e-19, nan 
-15.875, 80.375, 1.0936022792182687e-18, nan 
-15.625, 80.375, 1.0883467894210491e-18, nan 
-15.375, 80.375, 1.2481902790410535e-18, nan 
-15.125, 80.375, 1.2272779296976823e-18, nan 
-14.875, 80.375, 1.1028210792760486e-18, nan 
-14.625, 80.375, 7.755192262010114e-19, nan 
-14.375, 80.375, 7.435743991900715e-19, nan 
-14.125, 80.375, 9.052663836432956e-19, nan 
-13.875, 80.375, 8.691260288544023e-19, nan 
-13.625, 80.375, 7.537911472252544e-19, nan 
-13.375, 80.375, 3.669218529780756e-19, nan 
-13.125, 80.375, 3.4985276909810245e-19, nan 
-12.875, 80.375, 1.3507131933559662e-19, nan 
-12.625, 80.375, 1.255323143443719e-19, nan 
-12.375, 80.375, 1.1386538885069912e-19, nan 
-12.125, 80.375, 8.59933864323741e-20, nan 
-11.875, 80.375, 9.117188352137079e-20, nan 
-11.625, 80.375, 5.709460122915395e-20, nan 
-11.375, 80.375, 4.941299637347793e-20, nan 
-11.125, 80.375, 5.4060577692647386e-20, nan 
-10.875, 80.375, 9.763442594426342e-20, nan 
-10.625, 80.375, 1.2074687700331983e-19, nan 
-10.375, 80.375, 1.2270792368621172e-19, nan 
-10.125, 80.375, 1.1724707476957896e-19, nan 
-9.875, 80.375, 1.2977774098583633e-19, nan 
-9.625, 80.375, 2.3102570882933627e-19, nan 
-9.375, 80.375, 1.7589049338743035e-19, nan 
-9.125, 80.375, 1.845417066193461e-19, nan 
-8.875, 80.375, 2.346616242710332e-19, nan 
-8.625, 80.375, 1.3331200536316597e-19, nan 
-8.375, 80.375, 5.302306598349713e-19, nan 
-8.125, 80.375, 4.58112875583529e-19, nan 
-7.875, 80.375, 4.368941449424019e-19, nan 
-7.625, 80.375, 4.3357780814479995e-19, nan 
-7.375, 80.375, 3.7142646607125966e-19, nan 
-7.125, 80.375, 4.423344010647395e-19, nan 
-6.875, 80.375, 4.4083559867659765e-19, nan 
-6.625, 80.375, 4.178636102615066e-19, nan 
-6.375, 80.375, 3.80963388602709e-19, nan 
-6.125, 80.375, 3.607230796126579e-19, nan 
-5.875, 80.375, 2.086970285065966e-19, nan 
-5.625, 80.375, 2.157228020639164e-19, nan 
-5.375, 80.375, 2.1545534617595607e-19, nan 
-5.125, 80.375, 2.0052937676362465e-19, nan 
-4.875, 80.375, 4.9999953567259283e-20, nan 
-4.625, 80.375, 6.222851241234508e-20, nan 
-4.375, 80.375, 4.0187126250540246e-20, nan 
-4.125, 80.375, 3.4588500415421366e-20, nan 
-3.875, 80.375, 3.900433293881756e-20, nan 
-3.625, 80.375, 2.970190628713038e-20, nan 
-3.375, 80.375, 4.616214961203434e-20, nan 
-3.125, 80.375, 5.933535444532823e-20, nan 
-2.875, 80.375, 5.623091642113383e-20, nan 
-2.625, 80.375, 5.44309523368605e-20, nan 
-2.375, 80.375, 5.456467420928607e-20, nan 
-2.125, 80.375, 4.876315830943018e-20, nan 
-1.875, 80.375, 5.957896292485065e-20, nan 
-1.625, 80.375, 6.982784451037932e-20, nan 
-1.375, 80.375, 7.246882205929227e-20, nan 
-1.125, 80.375, 6.639587277866816e-20, nan 
-0.875, 80.375, 7.750500920436694e-20, nan 
-0.625, 80.375, 6.530843186039588e-20, nan 
-0.375, 80.375, 7.016650932572369e-20, nan 
-0.125, 80.375, 6.542485614109348e-20, nan 
0.125, 80.375, 6.542638446743504e-20, nan 
0.375, 80.375, 5.524567517879528e-20, nan 
0.625, 80.375, 5.0305785648499796e-20, nan 
0.875, 80.375, 7.652496523177746e-20, nan 
1.125, 80.375, 8.075402560434441e-20, nan 
1.375, 80.375, 1.5531360160390508e-19, nan 
1.625, 80.375, 1.52217792859639e-19, nan 
1.875, 80.375, 1.2579810302238823e-19, nan 
2.125, 80.375, 9.012507197767677e-20, nan 
2.375, 80.375, 9.140254353020094e-20, nan 
2.625, 80.375, 1.5830368381038378e-19, nan 
2.875, 80.375, 2.1566088836073586e-19, nan 
3.125, 80.375, 1.9867829042494032e-19, nan 
3.375, 80.375, 1.36370215327879e-19, nan 
3.625, 80.375, 1.173545371010434e-19, nan 
3.875, 80.375, 1.257670811078578e-19, nan 
4.125, 80.375, 1.3160706221975678e-19, nan 
4.375, 80.375, 1.4398142634605364e-19, nan 
4.625, 80.375, 1.3462064570822166e-19, nan 
4.875, 80.375, 1.249395659682413e-19, nan 
5.125, 80.375, 1.2300265666343976e-19, nan 
5.375, 80.375, 6.832935768239379e-20, nan 
5.625, 80.375, 6.23768444459715e-20, nan 
5.875, 80.375, 3.7858369469713876e-20, nan 
6.125, 80.375, 3.129094260587578e-20, nan 
6.375, 80.375, 2.0716093619725093e-20, nan 
6.625, 80.375, 1.7595176198415288e-20, nan 
6.875, 80.375, 1.9813785019147197e-20, nan 
7.125, 80.375, 1.612471923706204e-20, nan 
7.375, 80.375, 1.4689845236397648e-20, nan 
7.625, 80.375, 1.5017784062790455e-20, nan 
7.875, 80.375, 1.3621723939316912e-20, nan 
8.125, 80.375, 1.3602710823055676e-20, nan 
8.375, 80.375, 1.2652386011935491e-20, nan 
8.625, 80.375, 1.0962022661714764e-20, nan 
8.875, 80.375, 1.3731837381727392e-20, nan 
9.125, 80.375, 2.640023783737915e-20, nan 
9.375, 80.375, 4.088944341931772e-20, nan 
9.625, 80.375, 5.3366684027325875e-20, nan 
9.875, 80.375, 5.841864647740319e-20, nan 
10.125, 80.375, 4.260445796156564e-20, nan 
10.375, 80.375, 2.8983300942930534e-20, nan 
10.625, 80.375, 4.101949805354148e-20, nan 
10.875, 80.375, 6.0001409812473e-20, nan 
11.125, 80.375, 6.04248383334819e-20, nan 
11.375, 80.375, 4.9390889955704915e-20, nan 
11.625, 80.375, 1.7657516277820432e-20, nan 
11.875, 80.375, 2.393887155830332e-20, nan 
12.125, 80.375, 3.7612835935034697e-20, nan 
12.375, 80.375, 4.1906383735829276e-20, nan 
12.625, 80.375, 3.996815373554207e-20, nan 
12.875, 80.375, 3.1196465485207966e-20, nan 
13.125, 80.375, 2.8768004298951486e-20, nan 
13.375, 80.375, 2.616009370439086e-20, nan 
13.625, 80.375, 2.198455110259559e-20, nan 
13.875, 80.375, 1.7277461973942074e-20, nan 
14.125, 80.375, 4.15660584747944e-21, nan 
14.375, 80.375, 9.462289643787587e-21, nan 
14.625, 80.375, 1.4163539981432426e-20, nan 
14.875, 80.375, 1.7176275818387467e-20, nan 
15.125, 80.375, 1.8933464165343415e-20, nan 
15.375, 80.375, 1.6704954007835576e-20, nan 
15.625, 80.375, 2.183922052666362e-20, nan 
15.875, 80.375, 2.1543572263511862e-20, nan 
16.125, 80.375, 2.3748579280201214e-20, nan 
16.375, 80.375, 2.0935267004134694e-20, nan 
16.625, 80.375, 2.670283281401689e-20, nan 
16.875, 80.375, 1.844074342498639e-20, nan 
17.125, 80.375, 2.2537228163736943e-20, nan 
17.375, 80.375, 2.0036851062937113e-20, nan 
17.625, 80.375, 1.82260770339168e-20, nan 
17.875, 80.375, 2.107010634448741e-20, nan 
18.125, 80.375, 1.53372618973462e-20, nan 
18.375, 80.375, 1.461420337047021e-20, nan 
18.625, 80.375, 1.5431385000265413e-20, nan 
18.875, 80.375, 1.5748156676747033e-20, nan 
19.125, 80.375, 1.9372845454936512e-20, nan 
19.375, 80.375, 1.3465553374792833e-20, nan 
19.625, 80.375, 1.2384179534289022e-20, nan 
19.875, 80.375, 8.701050476324748e-21, nan 
20.125, 80.375, 6.594973778684881e-21, nan 
20.375, 80.375, 7.705345610656205e-21, nan 
20.625, 80.375, 1.191880652374271e-20, nan 
20.875, 80.375, 7.899325893934003e-21, nan 
21.125, 80.375, 5.796004923200477e-21, nan 
21.375, 80.375, 8.58902791336853e-21, nan 
21.625, 80.375, 7.615656492336542e-21, nan 
21.875, 80.375, 1.818054489452166e-20, nan 
22.125, 80.375, 1.0352329847786271e-20, nan 
22.375, 80.375, 1.1740526490299534e-20, nan 
22.625, 80.375, 1.2380361403929852e-20, nan 
22.875, 80.375, 7.870284631990369e-21, nan 
23.125, 80.375, 8.694935634310584e-21, nan 
23.375, 80.375, 6.3304107337849555e-21, nan 
23.625, 80.375, 1.0306362932403682e-20, nan 
23.875, 80.375, 1.2093974040510394e-20, nan 
24.125, 80.375, 8.658555109185565e-21, nan 
24.375, 80.375, 7.353268033187383e-21, nan 
24.625, 80.375, 7.279878695429203e-21, nan 
24.875, 80.375, 4.844461620332523e-21, nan 
25.125, 80.375, 1.0247946252792232e-20, nan 
25.375, 80.375, 7.916756686561217e-21, nan 
25.625, 80.375, 7.953555076085359e-21, nan 
25.875, 80.375, 6.920506002425917e-21, nan 
26.125, 80.375, 6.114455776034129e-21, nan 
26.375, 80.375, 6.6487107061771216e-21, nan 
26.625, 80.375, 8.583359234801383e-21, nan 
26.875, 80.375, 9.877339446748348e-21, nan 
27.125, 80.375, 9.61139690876841e-21, nan 
27.375, 80.375, 7.455187803564403e-21, nan 
27.625, 80.375, 5.1376198414661675e-21, nan 
27.875, 80.375, 4.69830157446619e-21, nan 
28.125, 80.375, 5.4358548546014736e-21, nan 
28.375, 80.375, 4.395922485154792e-21, nan 
28.625, 80.375, 6.240224193030593e-21, nan 
28.875, 80.375, 3.574101965433774e-21, nan 
29.125, 80.375, 1.6314472043715596e-21, nan 
29.375, 80.375, 3.048891492810289e-21, nan 
29.625, 80.375, 2.055738658416341e-21, nan 
29.875, 80.375, 5.6737397237581365e-21, nan 
30.125, 80.375, 4.497426382575594e-21, nan 
30.375, 80.375, 7.023346260045047e-21, nan 
30.625, 80.375, 1.0059439599619292e-20, nan 
30.875, 80.375, 7.33997928988232e-21, nan 
31.125, 80.375, 3.768899444100318e-21, nan 
31.375, 80.375, 2.8232535728808032e-21, nan 
31.625, 80.375, 6.6447748309491125e-21, nan 
31.875, 80.375, 9.785325987768589e-21, nan 
32.125, 80.375, 7.080220363777903e-21, nan 
32.375, 80.375, 4.2775855726418794e-21, nan 
32.625, 80.375, 5.094110830288583e-21, nan 
32.875, 80.375, 4.555761127943398e-21, nan 
33.125, 80.375, 4.449796074391804e-21, nan 
33.375, 80.375, 4.3495374306255106e-21, nan 
33.625, 80.375, 3.618555711880148e-21, nan 
33.875, 80.375, 3.440146004120985e-21, nan 
34.125, 80.375, 3.0444639985589307e-21, nan 
34.375, 80.375, 2.052701891403482e-21, nan 
34.625, 80.375, 1.231327062490703e-21, nan 
34.875, 80.375, 1.0488815738877943e-21, nan 
35.125, 80.375, 7.823175930918533e-22, nan 
35.375, 80.375, 7.332432793889055e-22, nan 
35.625, 80.375, 9.387005631468584e-22, nan 
35.875, 80.375, 1.024772076921053e-21, nan 
36.125, 80.375, 1.6398192658439043e-21, nan 
36.375, 80.375, 1.6309452781612876e-21, nan 
36.625, 80.375, 1.6312117149764012e-21, nan 
36.875, 80.375, 8.63352645393883e-22, nan 
37.125, 80.375, 9.85166266280688e-22, nan 
37.375, 80.375, 1.8021576379338357e-21, nan 
37.625, 80.375, 1.4799858247663144e-21, nan 
37.875, 80.375, 1.4545366115191432e-21, nan 
38.125, 80.375, 1.1803113322611449e-21, nan 
38.375, 80.375, 6.769761802589079e-22, nan 
38.625, 80.375, 2.2845637066963382e-21, nan 
38.875, 80.375, 5.83410472600302e-22, nan 
39.125, 80.375, 4.941373455434729e-22, nan 
39.375, 80.375, 7.858883131296863e-22, nan 
39.625, 80.375, 8.852228449419263e-22, nan 
39.875, 80.375, 1.5352502893106735e-21, nan 
40.125, 80.375, 8.39829850322614e-22, nan 
40.375, 80.375, 9.713455945783954e-22, nan 
40.625, 80.375, 1.1733345534806663e-21, nan 
40.875, 80.375, 9.294736640911641e-22, nan 
41.125, 80.375, 1.0350538095232395e-21, nan 
41.375, 80.375, 7.351569438062839e-22, nan 
41.625, 80.375, 8.488567608275355e-22, nan 
41.875, 80.375, 1.056332299750664e-21, nan 
42.125, 80.375, 8.35943014902735e-22, nan 
42.375, 80.375, 6.240405440483145e-22, nan 
42.625, 80.375, 7.036551445322576e-22, nan 
42.875, 80.375, 4.36746225458871e-22, nan 
43.125, 80.375, 6.897259157583796e-22, nan 
43.375, 80.375, 5.563919072400051e-22, nan 
43.625, 80.375, 5.965765455453427e-22, nan 
43.875, 80.375, 6.277030415904829e-22, nan 
44.125, 80.375, 6.050484890559877e-22, nan 
44.375, 80.375, 3.79884117783656e-22, nan 
44.625, 80.375, 3.6222087200551388e-22, nan 
44.875, 80.375, 5.278205440494096e-22, nan 
45.125, 80.375, 5.699922329814574e-22, nan 
45.375, 80.375, 1.837451441173879e-22, nan 
45.625, 80.375, 2.762643091228592e-22, nan 
45.875, 80.375, 2.331072823215704e-22, nan 
46.125, 80.375, 2.203876118264102e-22, nan 
46.375, 80.375, 1.4470557270591097e-22, nan 
46.625, 80.375, 1.2031263957415213e-22, nan 
46.875, 80.375, 9.641349529907958e-23, nan 
47.125, 80.375, 8.883817692680322e-23, nan 
47.375, 80.375, 8.354711820377854e-23, nan 
47.625, 80.375, 7.881760051722289e-23, nan 
47.875, 80.375, 7.934417291332553e-23, nan 
48.125, 80.375, 7.975380845735472e-23, nan 
48.375, 80.375, 1.1901788261601813e-22, nan 
48.625, 80.375, 7.963626261703654e-23, nan 
48.875, 80.375, 1.3384817691745466e-22, nan 
49.125, 80.375, 7.049639634880678e-23, nan 
49.375, 80.375, 7.969019782502319e-23, nan 
49.625, 80.375, 2.1691092480394925e-22, nan 
49.875, 80.375, 1.420317977478581e-22, nan 
50.125, 80.375, 2.9741941380488513e-22, nan 
50.375, 80.375, 1.22697452983889e-22, nan 
50.625, 80.375, 1.1180174686911232e-22, nan 
50.875, 80.375, 1.443040430267588e-22, nan 
51.125, 80.375, 1.0541598984071327e-22, nan 
51.375, 80.375, 1.8585424438639787e-22, nan 
51.625, 80.375, 9.2691752164183e-23, nan 
51.875, 80.375, 1.0151623411797549e-22, nan 
52.125, 80.375, 8.865559951007223e-23, nan 
52.375, 80.375, 5.522234546116116e-23, nan 
52.625, 80.375, 5.730493899919978e-23, nan 
52.875, 80.375, 4.2450866232405156e-23, nan 
53.125, 80.375, 3.663980419130959e-23, nan 
53.375, 80.375, 5.420470676661605e-23, nan 
53.625, 80.375, 1.0939799926150446e-22, nan 
53.875, 80.375, 1.0325028856926265e-22, nan 
54.125, 80.375, 1.0615876439365408e-22, nan 
54.375, 80.375, 1.0010395916161434e-22, nan 
54.625, 80.375, 1.1531341461787297e-22, nan 
54.875, 80.375, 9.68231517408576e-23, nan 
55.125, 80.375, 1.1681185245563976e-22, nan 
55.375, 80.375, 1.4757294873631065e-22, nan 
55.625, 80.375, 1.1113207483461245e-22, nan 
55.875, 80.375, 1.5153216980441413e-22, nan 
56.125, 80.375, 1.3602700477303472e-22, nan 
56.375, 80.375, 1.7008997230507575e-22, nan 
56.625, 80.375, 1.7488269744149094e-22, nan 
56.875, 80.375, 1.6544914574280342e-22, nan 
57.125, 80.375, 1.4498824382552663e-22, nan 
57.375, 80.375, 3.934765509947105e-22, nan 
57.625, 80.375, 5.421416644772927e-22, nan 
57.875, 80.375, 4.897972255346699e-22, nan 
58.125, 80.375, 4.917747681430412e-22, nan 
58.375, 80.375, 4.199227605866219e-22, nan 
58.625, 80.375, 3.7123440298334747e-22, nan 
58.875, 80.375, 5.4615110859086975e-22, nan 
59.125, 80.375, 4.827416946979739e-22, nan 
59.375, 80.375, 4.698551119656579e-22, nan 
59.625, 80.375, 4.024018872506652e-22, nan 
59.875, 80.375, 1.3143260386933037e-22, nan 
60.125, 80.375, 1.4876891340613192e-22, nan 
60.375, 80.375, 1.1743269767228683e-22, nan 
60.625, 80.375, 1.0816167051176478e-22, nan 
60.875, 80.375, 1.0239875203136769e-22, nan 
61.125, 80.375, 1.0628298484141745e-22, nan 
61.375, 80.375, 9.193355204273461e-23, nan 
61.625, 80.375, 6.860167715917751e-23, nan 
61.875, 80.375, 5.020036564055396e-23, nan 
62.125, 80.375, 8.062364787844401e-23, nan 
62.375, 80.375, 9.746403329698173e-23, nan 
62.625, 80.375, 6.423309151452317e-23, nan 
62.875, 80.375, 1.0209643203759805e-22, nan 
63.125, 80.375, 8.886493244235402e-23, nan 
63.375, 80.375, 9.126317274004157e-23, nan 
63.625, 80.375, 8.789488009725577e-23, nan 
63.875, 80.375, 8.167635031696068e-23, nan 
64.125, 80.375, 6.770087226858128e-23, nan 
64.375, 80.375, 6.030700945164227e-23, nan 
64.625, 80.375, 5.456190046535431e-23, nan 
64.875, 80.375, 4.9569130479417805e-23, nan 
65.125, 80.375, 4.2448650141618956e-23, nan 
65.375, 80.375, 4.869406499795346e-23, nan 
65.625, 80.375, 5.128200545706646e-23, nan 
65.875, 80.375, 4.1556811890181266e-23, nan 
66.125, 80.375, 4.262426372250776e-23, nan 
66.375, 80.375, 5.495202229440775e-23, nan 
66.625, 80.375, 5.066675703720432e-23, nan 
66.875, 80.375, 4.872574259230962e-23, nan 
67.125, 80.375, 4.1090353960254304e-23, nan 
67.375, 80.375, 4.830452250077783e-23, nan 
67.625, 80.375, 4.0210960385810395e-23, nan 
67.875, 80.375, 3.917951814686175e-23, nan 
68.125, 80.375, 4.0036706708809944e-23, nan 
68.375, 80.375, 4.051372242698539e-23, nan 
68.625, 80.375, 3.874295174882516e-23, nan 
68.875, 80.375, 3.6482983500552054e-23, nan 
69.125, 80.375, 3.660988576210947e-23, nan 
69.375, 80.375, 3.193127726635998e-23, nan 
69.625, 80.375, 3.146388890973418e-23, nan 
69.875, 80.375, 2.3351893531117743e-23, nan 
70.125, 80.375, 2.1818539412274396e-23, nan 
70.375, 80.375, 2.115249054890761e-23, nan 
70.625, 80.375, 2.1853897746825626e-23, nan 
70.875, 80.375, 1.621488277642339e-23, nan 
71.125, 80.375, 1.566047753928475e-23, nan 
71.375, 80.375, 2.853562636656698e-23, nan 
71.625, 80.375, 3.540473717019673e-23, nan 
71.875, 80.375, 2.7260093779866545e-23, nan 
72.125, 80.375, 2.346232154834015e-23, nan 
72.375, 80.375, 1.739186613587868e-23, nan 
72.625, 80.375, 2.50085868550306e-23, nan 
72.875, 80.375, 1.9751949134972505e-23, nan 
73.125, 80.375, 2.2118917270572056e-23, nan 
73.375, 80.375, 1.1116822228829913e-23, nan 
73.625, 80.375, 2.1291515645704413e-23, nan 
73.875, 80.375, 8.770089301461635e-24, nan 
74.125, 80.375, 1.1663750538189838e-23, nan 
74.375, 80.375, 6.261508945100318e-24, nan 
74.625, 80.375, 5.6822624680621025e-24, nan 
74.875, 80.375, 1.0190251179264566e-23, nan 
75.125, 80.375, 1.829543568836369e-23, nan 
75.375, 80.375, 1.1993164957978966e-23, nan 
75.625, 80.375, 1.799068198784124e-23, nan 
75.875, 80.375, 2.1213696263598024e-23, nan 
76.125, 80.375, 1.8061224258592662e-23, nan 
76.375, 80.375, 1.402835381413915e-23, nan 
76.625, 80.375, 1.23215498346336e-23, nan 
76.875, 80.375, 1.02740651702374e-23, nan 
77.125, 80.375, 1.0741556137107295e-23, nan 
77.375, 80.375, 1.1234520671479923e-23, nan 
77.625, 80.375, 1.1785124399100511e-23, nan 
77.875, 80.375, 1.8367039766636378e-23, nan 
78.125, 80.375, 2.0176083621347497e-23, nan 
78.375, 80.375, 2.457175940167484e-23, nan 
78.625, 80.375, 2.359982244630742e-23, nan 
78.875, 80.375, 2.021920639559083e-23, nan 
79.125, 80.375, 1.7735196284143615e-23, nan 
79.375, 80.375, 1.6160763779750747e-23, nan 
79.625, 80.375, 1.2650251367092249e-23, nan 
79.875, 80.375, 1.5944713500804702e-23, nan 
80.125, 80.375, 1.4273380573608548e-23, nan 
80.375, 80.375, 2.1755310527775867e-23, nan 
80.625, 80.375, 1.5516623266744748e-23, nan 
80.875, 80.375, 1.6645077024951e-23, nan 
81.125, 80.375, 2.288963736267048e-23, nan 
81.375, 80.375, 1.8012047084368028e-23, nan 
81.625, 80.375, 2.19157610880871e-23, nan 
81.875, 80.375, 2.072685123575268e-23, nan 
82.125, 80.375, 1.7591899360814834e-23, nan 
82.375, 80.375, 1.5682984026755753e-23, nan 
82.625, 80.375, 1.846648698821631e-23, nan 
82.875, 80.375, 1.7751424748992195e-23, nan 
83.125, 80.375, 1.7836224680275932e-23, nan 
83.375, 80.375, 1.4537068535062294e-23, nan 
83.625, 80.375, 1.6313990069757085e-23, nan 
83.875, 80.375, 2.2164131383736432e-23, nan 
84.125, 80.375, 2.0920366527514778e-23, nan 
84.375, 80.375, 1.9882481412444358e-23, nan 
84.625, 80.375, 2.046163911731789e-23, nan 
84.875, 80.375, 2.209466281398959e-23, nan 
85.125, 80.375, 2.0587985800298297e-23, nan 
85.375, 80.375, 2.0542390564214287e-23, nan 
85.625, 80.375, 1.8524917487622494e-23, nan 
85.875, 80.375, 1.8890733186655867e-23, nan 
86.125, 80.375, 1.913131605888593e-23, nan 
86.375, 80.375, 1.692196433605751e-23, nan 
86.625, 80.375, 1.8488883568567893e-23, nan 
86.875, 80.375, 1.5481660195851217e-23, nan 
87.125, 80.375, 1.9140177156382296e-23, nan 
87.375, 80.375, 1.5259132623793543e-23, nan 
87.625, 80.375, 1.1620350182020333e-23, nan 
87.875, 80.375, 1.3965570762482014e-23, nan 
88.125, 80.375, 1.408366041988838e-23, nan 
88.375, 80.375, 1.1848539194207059e-23, nan 
88.625, 80.375, 7.344749971672626e-24, nan 
88.875, 80.375, 9.805160638151606e-24, nan 
89.125, 80.375, 1.0643721595450973e-23, nan 
89.375, 80.375, 1.3813960224643932e-23, nan 
89.625, 80.375, 7.474549155218595e-24, nan 
89.875, 80.375, 5.662068929046964e-24, nan 
90.125, 80.375, 9.090019254540203e-24, nan 
90.375, 80.375, 9.059842983563993e-24, nan 
90.625, 80.375, 8.567026511262765e-24, nan 
90.875, 80.375, 7.97920478715942e-24, nan 
91.125, 80.375, 6.963244483210591e-24, nan 
91.375, 80.375, 7.268914564721072e-24, nan 
91.625, 80.375, 4.169029926069761e-24, nan 
91.875, 80.375, 2.8253447352074912e-24, nan 
92.125, 80.375, 5.1457350714838075e-24, nan 
92.375, 80.375, 6.168726774837977e-24, nan 
92.625, 80.375, 7.512064090472416e-24, nan 
92.875, 80.375, 8.130063721932063e-24, nan 
93.125, 80.375, 7.367135810380329e-24, nan 
93.375, 80.375, 4.403510748592453e-24, nan 
93.625, 80.375, 5.528866043552493e-24, nan 
93.875, 80.375, 5.4168466550774646e-24, nan 
94.125, 80.375, 3.008765893077801e-24, nan 
94.375, 80.375, 1.9661447472919286e-24, nan 
94.625, 80.375, 1.819652790773117e-24, nan 
94.875, 80.375, 5.7792174265127e-24, nan 
95.125, 80.375, 1.1858523340971235e-23, nan 
95.375, 80.375, 7.847612833968412e-24, nan 
95.625, 80.375, 7.038313713234086e-24, nan 
95.875, 80.375, 5.152006504082281e-24, nan 
96.125, 80.375, 6.699479014476152e-24, nan 
96.375, 80.375, 1.0339060453374903e-23, nan 
96.625, 80.375, 7.0708852630092e-24, nan 
96.875, 80.375, 5.575031400273566e-24, nan 
97.125, 80.375, 6.622546909960216e-24, nan 
97.375, 80.375, 4.671764623338587e-24, nan 
97.625, 80.375, 3.9941686009855775e-24, nan 
97.875, 80.375, 4.176102860765255e-24, nan 
98.125, 80.375, 5.1450676295255866e-24, nan 
98.375, 80.375, 4.459118802380269e-24, nan 
98.625, 80.375, 4.777662055634557e-24, nan 
98.875, 80.375, 4.626414842323423e-24, nan 
99.125, 80.375, 3.673490950945133e-24, nan 
99.375, 80.375, 2.9517070468514818e-24, nan 
99.625, 80.375, 3.803072976490824e-24, nan 
99.875, 80.375, 3.4816303240332015e-24, nan 
100.125, 80.375, 4.498496276175111e-24, nan 
100.375, 80.375, 5.0989637108213035e-24, nan 
100.625, 80.375, 4.872364816137025e-24, nan 
100.875, 80.375, 3.813113915456587e-24, nan 
101.125, 80.375, 4.118932176301629e-24, nan 
101.375, 80.375, 4.3394539582370805e-24, nan 
101.625, 80.375, 4.9201984338998785e-24, nan 
101.875, 80.375, 4.850818134374649e-24, nan 
102.125, 80.375, 3.1370794380848676e-24, nan 
102.375, 80.375, 5.9533012672545295e-24, nan 
102.625, 80.375, 5.396398229084653e-24, nan 
102.875, 80.375, 6.3784307378031214e-24, nan 
103.125, 80.375, 5.61220528319371e-24, nan 
103.375, 80.375, 5.321747583620297e-24, nan 
103.625, 80.375, 7.310990468833673e-24, nan 
103.875, 80.375, 5.1591207270567586e-24, nan 
104.125, 80.375, 6.380990772604014e-24, nan 
104.375, 80.375, 6.672600477289837e-24, nan 
104.625, 80.375, 6.17931152925962e-24, nan 
104.875, 80.375, 4.8727400635467245e-24, nan 
105.125, 80.375, 4.98514577376029e-24, nan 
105.375, 80.375, 4.76861272799833e-24, nan 
105.625, 80.375, 4.539670078893015e-24, nan 
105.875, 80.375, 3.559664183639928e-24, nan 
106.125, 80.375, 5.9165693266321285e-24, nan 
106.375, 80.375, 6.26120600252983e-24, nan 
106.625, 80.375, 5.327998071866342e-24, nan 
106.875, 80.375, 4.541641560272003e-24, nan 
107.125, 80.375, 5.2509299953615025e-24, nan 
107.375, 80.375, 5.931123827787997e-24, nan 
107.625, 80.375, 6.217850229060626e-24, nan 
107.875, 80.375, 4.681429541130472e-24, nan 
108.125, 80.375, 5.393740552415235e-24, nan 
108.375, 80.375, 4.351508222510818e-24, nan 
108.625, 80.375, 2.198942997929488e-24, nan 
108.875, 80.375, 2.2160603341666353e-24, nan 
109.125, 80.375, 2.920266244144668e-24, nan 
109.375, 80.375, 3.1301750635563136e-24, nan 
109.625, 80.375, 3.292864455307284e-24, nan 
109.875, 80.375, 1.9273837720168925e-24, nan 
110.125, 80.375, 1.8166583240608367e-24, nan 
110.375, 80.375, 2.716469534649824e-24, nan 
110.625, 80.375, 2.220883357731314e-24, nan 
110.875, 80.375, 8.63472688299636e-25, nan 
111.125, 80.375, 3.8042898232153894e-24, nan 
111.375, 80.375, 3.402167838042516e-24, nan 
111.625, 80.375, 4.1475464745783416e-24, nan 
111.875, 80.375, 4.39865885347441e-24, nan 
112.125, 80.375, 2.042380068624353e-24, nan 
112.375, 80.375, 3.304667785972769e-24, nan 
112.625, 80.375, 4.103643019346003e-24, nan 
112.875, 80.375, 4.655295556799382e-24, nan 
113.125, 80.375, 5.186471431299419e-24, nan 
113.375, 80.375, 3.812620601783963e-24, nan 
113.625, 80.375, 2.269803396586661e-24, nan 
113.875, 80.375, 2.949655540697005e-24, nan 
114.125, 80.375, 1.62547503828147e-24, nan 
114.375, 80.375, 1.547575724743744e-24, nan 
114.625, 80.375, 2.1472915625984494e-24, nan 
114.875, 80.375, 5.734519672147325e-24, nan 
115.125, 80.375, 5.045943812867282e-24, nan 
115.375, 80.375, 5.7045871159870875e-24, nan 
115.625, 80.375, 4.406149851539971e-24, nan 
115.875, 80.375, 3.065281460990773e-24, nan 
116.125, 80.375, 4.96700746304041e-24, nan 
116.375, 80.375, 5.173852722147425e-24, nan 
116.625, 80.375, 6.326864573042586e-24, nan 
116.875, 80.375, 5.903622474022212e-24, nan 
117.125, 80.375, 4.174557108051765e-24, nan 
117.375, 80.375, 3.754206987023001e-24, nan 
117.625, 80.375, 4.5480770359614746e-24, nan 
117.875, 80.375, 4.84524258174816e-24, nan 
118.125, 80.375, 4.979099817704999e-24, nan 
118.375, 80.375, 4.2471834896752984e-24, nan 
118.625, 80.375, 4.592687981185382e-24, nan 
118.875, 80.375, 5.19275998257097e-24, nan 
119.125, 80.375, 4.952495293483151e-24, nan 
119.375, 80.375, 5.423787462452383e-24, nan 
119.625, 80.375, 5.253557975100683e-24, nan 
119.875, 80.375, 5.424287972041368e-24, nan 
120.125, 80.375, 4.298378178331934e-24, nan 
120.375, 80.375, 4.016437190386294e-24, nan 
120.625, 80.375, 3.791232571103684e-24, nan 
120.875, 80.375, 3.483040547172604e-24, nan 
121.125, 80.375, 4.10321914437877e-24, nan 
121.375, 80.375, 1.8015029062247515e-24, nan 
121.625, 80.375, 2.8403377094468583e-24, nan 
121.875, 80.375, 3.32331347664939e-24, nan 
122.125, 80.375, 1.8042855988418024e-24, nan 
122.375, 80.375, 1.4826515827972289e-24, nan 
122.625, 80.375, 1.896131034917487e-24, nan 
122.875, 80.375, 2.982384735863617e-24, nan 
123.125, 80.375, 2.907463307854163e-24, nan 
123.375, 80.375, 1.8882893682569972e-24, nan 
123.625, 80.375, 2.1270250222752454e-24, nan 
123.875, 80.375, 1.7706210257558303e-24, nan 
124.125, 80.375, 2.0395250434398195e-24, nan 
124.375, 80.375, 2.0701024442869684e-24, nan 
124.625, 80.375, 2.465815338571191e-24, nan 
124.875, 80.375, 2.039413514842225e-24, nan 
125.125, 80.375, 1.8803144397317127e-24, nan 
125.375, 80.375, 2.5490251909654173e-24, nan 
125.625, 80.375, 2.1489906812952466e-24, nan 
125.875, 80.375, 2.712621258181959e-24, nan 
126.125, 80.375, 3.351108816960833e-24, nan 
126.375, 80.375, 3.3561271774438354e-24, nan 
126.625, 80.375, 3.839187291764273e-24, nan 
126.875, 80.375, 2.8485197447359092e-24, nan 
127.125, 80.375, 1.6591259381969733e-24, nan 
127.375, 80.375, 2.063515440276671e-24, nan 
127.625, 80.375, 1.674535124365246e-24, nan 
127.875, 80.375, 6.421055341653195e-25, nan 
128.125, 80.375, 8.258224607862655e-25, nan 
128.375, 80.375, 1.5861862013592156e-24, nan 
128.625, 80.375, 1.3736728695026324e-24, nan 
128.875, 80.375, 2.214507509622741e-24, nan 
129.125, 80.375, 1.0617567257239438e-24, nan 
129.375, 80.375, 9.505299013358973e-25, nan 
129.625, 80.375, 1.3981884256179157e-24, nan 
129.875, 80.375, 2.8332744882921274e-24, nan 
130.125, 80.375, 4.092677476603449e-24, nan 
130.375, 80.375, 5.068789251630114e-24, nan 
130.625, 80.375, 2.1617277477616472e-24, nan 
130.875, 80.375, 6.184666334635969e-25, nan 
131.125, 80.375, 4.627520799874431e-24, nan 
131.375, 80.375, 5.939583992556102e-24, nan 
131.625, 80.375, 7.696241491436524e-24, nan 
131.875, 80.375, 2.9242389597726903e-24, nan 
132.125, 80.375, 2.676410086445063e-24, nan 
132.375, 80.375, 3.9760165240370506e-24, nan 
132.625, 80.375, 4.0268494934233645e-24, nan 
132.875, 80.375, 4.8233289700335774e-24, nan 
133.125, 80.375, 2.77685510247973e-24, nan 
133.375, 80.375, 2.3601502339514454e-24, nan 
133.625, 80.375, 1.5513876054695637e-24, nan 
133.875, 80.375, 1.6979076373588436e-24, nan 
134.125, 80.375, 2.6782486244130388e-24, nan 
134.375, 80.375, 2.264709405807808e-24, nan 
134.625, 80.375, 2.135220514488972e-24, nan 
134.875, 80.375, 2.056633067542738e-24, nan 
135.125, 80.375, 1.6757868275279274e-24, nan 
135.375, 80.375, 1.5700464798175254e-24, nan 
135.625, 80.375, 1.1688529527002847e-24, nan 
135.875, 80.375, 2.243257688200772e-24, nan 
136.125, 80.375, 1.5202722655432971e-24, nan 
136.375, 80.375, 9.955872856365506e-25, nan 
136.625, 80.375, 1.7779335215763014e-24, nan 
136.875, 80.375, 1.5498776177017046e-24, nan 
137.125, 80.375, 9.773431310554796e-25, nan 
137.375, 80.375, 1.3033330929515454e-24, nan 
137.625, 80.375, 2.0672509496697644e-24, nan 
137.875, 80.375, 1.4487429829171472e-24, nan 
138.125, 80.375, 1.0714775337988843e-24, nan 
138.375, 80.375, 1.2835105247410598e-24, nan 
138.625, 80.375, 1.8987577171767747e-24, nan 
138.875, 80.375, 2.2689542618385943e-24, nan 
139.125, 80.375, 1.9111853142943398e-24, nan 
139.375, 80.375, 2.075752309266392e-24, nan 
139.625, 80.375, 1.9188301492937387e-24, nan 
139.875, 80.375, 2.2155541659953666e-24, nan 
140.125, 80.375, 2.462265914178106e-24, nan 
140.375, 80.375, 2.1095835186283416e-24, nan 
140.625, 80.375, 2.2125593031194685e-24, nan 
140.875, 80.375, 2.9766340740395322e-24, nan 
141.125, 80.375, 2.6606123452431047e-24, nan 
141.375, 80.375, 2.8493107482545096e-24, nan 
141.625, 80.375, 3.343624207134777e-24, nan 
141.875, 80.375, 3.357754369460295e-24, nan 
142.125, 80.375, 4.095715108544917e-24, nan 
142.375, 80.375, 5.443843538142811e-24, nan 
142.625, 80.375, 5.611496940618278e-24, nan 
142.875, 80.375, 7.97611914916302e-24, nan 
143.125, 80.375, 5.536880450561667e-24, nan 
143.375, 80.375, 4.5569290049929756e-24, nan 
143.625, 80.375, 3.6409048095641635e-24, nan 
143.875, 80.375, 3.1234580439435785e-24, nan 
144.125, 80.375, 3.650263687916116e-24, nan 
144.375, 80.375, 3.688561370283902e-24, nan 
144.625, 80.375, 2.9446090710636927e-24, nan 
144.875, 80.375, 3.462449917942063e-24, nan 
145.125, 80.375, 3.101787901023988e-24, nan 
145.375, 80.375, 2.993465327986738e-24, nan 
145.625, 80.375, 2.9841136339287913e-24, nan 
145.875, 80.375, 2.6954864694104314e-24, nan 
146.125, 80.375, 2.6332162618776585e-24, nan 
146.375, 80.375, 2.527596272401657e-24, nan 
146.625, 80.375, 2.7559091259710734e-24, nan 
146.875, 80.375, 2.3810568578416943e-24, nan 
147.125, 80.375, 2.4306885176788413e-24, nan 
147.375, 80.375, 2.4004114403066493e-24, nan 
147.625, 80.375, 3.339506945779794e-24, nan 
147.875, 80.375, 4.340464685153456e-24, nan 
148.125, 80.375, 4.017275284069806e-24, nan 
148.375, 80.375, 3.2580315466686314e-24, nan 
148.625, 80.375, 2.631086820982079e-24, nan 
148.875, 80.375, 3.0894853526926002e-24, nan 
149.125, 80.375, 4.008869421460767e-24, nan 
149.375, 80.375, 3.312843507886893e-24, nan 
149.625, 80.375, 2.601770433909037e-24, nan 
149.875, 80.375, 2.04595236695487e-24, nan 
150.125, 80.375, 2.748765126690442e-24, nan 
150.375, 80.375, 3.478347013997561e-24, nan 
150.625, 80.375, 3.890719582336548e-24, nan 
150.875, 80.375, 4.1882196200732444e-24, nan 
151.125, 80.375, 3.226815834672047e-24, nan 
151.375, 80.375, 2.0453533275849312e-24, nan 
151.625, 80.375, 1.859860663367869e-24, nan 
151.875, 80.375, 1.908571023786344e-24, nan 
152.125, 80.375, 2.4786210841992838e-24, nan 
152.375, 80.375, 2.139414843722583e-24, nan 
152.625, 80.375, 1.9153129594805256e-24, nan 
152.875, 80.375, 2.405778658718638e-24, nan 
153.125, 80.375, 2.1179662391139115e-24, nan 
153.375, 80.375, 2.5038858444921073e-24, nan 
153.625, 80.375, 2.7433876504669762e-24, nan 
153.875, 80.375, 1.7089915205233346e-24, nan 
154.125, 80.375, 3.088336514794555e-24, nan 
154.375, 80.375, 3.7646921333772934e-24, nan 
154.625, 80.375, 3.488143284829846e-24, nan 
154.875, 80.375, 4.196912278349968e-24, nan 
155.125, 80.375, 3.1693838930500206e-24, nan 
155.375, 80.375, 3.425581176571386e-24, nan 
155.625, 80.375, 3.840960584791492e-24, nan 
155.875, 80.375, 3.6294301412814444e-24, nan 
156.125, 80.375, 4.626703920805131e-24, nan 
156.375, 80.375, 4.2523551696674816e-24, nan 
156.625, 80.375, 3.835572558552976e-24, nan 
156.875, 80.375, 5.246271338502378e-24, nan 
157.125, 80.375, 4.659847271581167e-24, nan 
157.375, 80.375, 3.840536877115167e-24, nan 
157.625, 80.375, 3.877715680522602e-24, nan 
157.875, 80.375, 3.94264142476233e-24, nan 
158.125, 80.375, 4.534472881278105e-24, nan 
158.375, 80.375, 4.4125997710947954e-24, nan 
158.625, 80.375, 5.3844312990102545e-24, nan 
158.875, 80.375, 4.893370575976356e-24, nan 
159.125, 80.375, 4.805251602225502e-24, nan 
159.375, 80.375, 5.7691477914325294e-24, nan 
159.625, 80.375, 3.8964295364517674e-24, nan 
159.875, 80.375, 4.0685343468867256e-24, nan 
160.125, 80.375, 6.749407670531834e-24, nan 
160.375, 80.375, 9.725275692929345e-24, nan 
160.625, 80.375, 8.851542468537186e-24, nan 
160.875, 80.375, 9.864805988478407e-24, nan 
161.125, 80.375, 1.0215679716971843e-23, nan 
161.375, 80.375, 1.0194352907278612e-23, nan 
161.625, 80.375, 1.0188055992053592e-23, nan 
161.875, 80.375, 9.758262863180137e-24, nan 
162.125, 80.375, 1.0271191775520254e-23, nan 
162.375, 80.375, 9.721196515696106e-24, nan 
162.625, 80.375, 9.434147995612721e-24, nan 
162.875, 80.375, 8.683519142016331e-24, nan 
163.125, 80.375, 8.806970936217482e-24, nan 
163.375, 80.375, 8.327085548639957e-24, nan 
163.625, 80.375, 8.916156333504677e-24, nan 
163.875, 80.375, 6.961065465162387e-24, nan 
164.125, 80.375, 7.377641218650911e-24, nan 
164.375, 80.375, 8.255542112071331e-24, nan 
164.625, 80.375, 7.632799729859697e-24, nan 
164.875, 80.375, 8.056374189481347e-24, nan 
165.125, 80.375, 7.824759335391199e-24, nan 
165.375, 80.375, 6.699744778226919e-24, nan 
165.625, 80.375, 7.795677470640323e-24, nan 
165.875, 80.375, 7.939706059461301e-24, nan 
166.125, 80.375, 6.452536226684286e-24, nan 
166.375, 80.375, 7.803317655458096e-24, nan 
166.625, 80.375, 6.861509737723795e-24, nan 
166.875, 80.375, 7.1806792609499e-24, nan 
167.125, 80.375, 7.204798184558905e-24, nan 
167.375, 80.375, 6.2746234873091694e-24, nan 
167.625, 80.375, 7.002107711269272e-24, nan 
167.875, 80.375, 6.922474370426698e-24, nan 
168.125, 80.375, 6.13519688905594e-24, nan 
168.375, 80.375, 5.620533887584416e-24, nan 
168.625, 80.375, 5.728836508754024e-24, nan 
168.875, 80.375, 6.153474698899113e-24, nan 
169.125, 80.375, 6.20663036697141e-24, nan 
169.375, 80.375, 5.913933962632838e-24, nan 
169.625, 80.375, 4.630955986898605e-24, nan 
169.875, 80.375, 5.2287289035832596e-24, nan 
170.125, 80.375, 5.0163695802222324e-24, nan 
170.375, 80.375, 5.210465069326809e-24, nan 
170.625, 80.375, 4.734381830946316e-24, nan 
170.875, 80.375, 5.5395883939099065e-24, nan 
171.125, 80.375, 5.242630812889798e-24, nan 
171.375, 80.375, 5.5317287133599255e-24, nan 
171.625, 80.375, 6.260645230234403e-24, nan 
171.875, 80.375, 7.388004689061893e-24, nan 
172.125, 80.375, 6.2227473161205506e-24, nan 
172.375, 80.375, 5.306032211868696e-24, nan 
172.625, 80.375, 5.260762818680134e-24, nan 
172.875, 80.375, 6.925581657785166e-24, nan 
173.125, 80.375, 7.187817274570217e-24, nan 
173.375, 80.375, 7.624245305409982e-24, nan 
173.625, 80.375, 7.074883961642477e-24, nan 
173.875, 80.375, 6.058061523553255e-24, nan 
174.125, 80.375, 6.640930520043077e-24, nan 
174.375, 80.375, 6.952822531352132e-24, nan 
174.625, 80.375, 7.146416647466447e-24, nan 
174.875, 80.375, 6.956425748166733e-24, nan 
175.125, 80.375, 6.604486022364964e-24, nan 
175.375, 80.375, 7.04795930240042e-24, nan 
175.625, 80.375, 7.675074907524498e-24, nan 
175.875, 80.375, 6.696229696253908e-24, nan 
176.125, 80.375, 7.29790459773741e-24, nan 
176.375, 80.375, 8.103051792098194e-24, nan 
176.625, 80.375, 8.710597548096711e-24, nan 
176.875, 80.375, 8.90022719606763e-24, nan 
177.125, 80.375, 8.020797461347717e-24, nan 
177.375, 80.375, 7.799709695275728e-24, nan 
177.625, 80.375, 7.217501756403711e-24, nan 
177.875, 80.375, 8.645372589431704e-24, nan 
178.125, 80.375, 7.102194999683253e-24, nan 
178.375, 80.375, 7.664538268252143e-24, nan 
178.625, 80.375, 8.224438417941407e-24, nan 
178.875, 80.375, 7.8315693893666e-24, nan 
179.125, 80.375, 8.337891044554336e-24, nan 
179.375, 80.375, 7.726364826968027e-24, nan 
179.625, 80.375, 6.738077656862886e-24, nan 
179.875, 80.375, 7.556345204871229e-24, nan 
-179.875, 80.625, 5.696823307881502e-24, nan 
-179.625, 80.625, 5.041993546160974e-24, nan 
-179.375, 80.625, 5.4839784159877795e-24, nan 
-179.125, 80.625, 4.9346364985020255e-24, nan 
-178.875, 80.625, 4.9737947307992794e-24, nan 
-178.625, 80.625, 5.1255615957361516e-24, nan 
-178.375, 80.625, 4.946178603068782e-24, nan 
-178.125, 80.625, 5.517433420697092e-24, nan 
-177.875, 80.625, 4.724511130883795e-24, nan 
-177.625, 80.625, 5.167542855622746e-24, nan 
-177.375, 80.625, 4.9364769427539084e-24, nan 
-177.125, 80.625, 4.6660547432758115e-24, nan 
-176.875, 80.625, 4.207333636889723e-24, nan 
-176.625, 80.625, 4.873223625447819e-24, nan 
-176.375, 80.625, 4.177193234448739e-24, nan 
-176.125, 80.625, 4.0564958332843656e-24, nan 
-175.875, 80.625, 3.820042166000946e-24, nan 
-175.625, 80.625, 3.626278806139602e-24, nan 
-175.375, 80.625, 3.3794466816357656e-24, nan 
-175.125, 80.625, 3.050210353346009e-24, nan 
-174.875, 80.625, 2.4491655706926435e-24, nan 
-174.625, 80.625, 2.0490130065300996e-24, nan 
-174.375, 80.625, 1.951027191277981e-24, nan 
-174.125, 80.625, 1.5096319307741033e-24, nan 
-173.875, 80.625, 1.4351448753577933e-24, nan 
-173.625, 80.625, 1.2332867704647474e-24, nan 
-173.375, 80.625, 1.2730527850687629e-24, nan 
-173.125, 80.625, 1.3252455326349132e-24, nan 
-172.875, 80.625, 1.3829242695573941e-24, nan 
-172.625, 80.625, 1.725283235800764e-24, nan 
-172.375, 80.625, 1.7706297366956788e-24, nan 
-172.125, 80.625, 1.5824672456334467e-24, nan 
-171.875, 80.625, 1.6108354808608076e-24, nan 
-171.625, 80.625, 2.0545747497044042e-24, nan 
-171.375, 80.625, 2.37376778671069e-24, nan 
-171.125, 80.625, 2.768903837336689e-24, nan 
-170.875, 80.625, 3.1636941697720882e-24, nan 
-170.625, 80.625, 3.265079492634574e-24, nan 
-170.375, 80.625, 2.903099083248485e-24, nan 
-170.125, 80.625, 2.537061779941303e-24, nan 
-169.875, 80.625, 2.5661489902226724e-24, nan 
-169.625, 80.625, 2.5346256158449613e-24, nan 
-169.375, 80.625, 2.742507512550571e-24, nan 
-169.125, 80.625, 2.5878326334899863e-24, nan 
-168.875, 80.625, 2.4689692758511243e-24, nan 
-168.625, 80.625, 2.848656612178409e-24, nan 
-168.375, 80.625, 3.648468889394515e-24, nan 
-168.125, 80.625, 3.0615013392137305e-24, nan 
-167.875, 80.625, 3.0734757280162443e-24, nan 
-167.625, 80.625, 3.1715534817842086e-24, nan 
-167.375, 80.625, 3.687985158594117e-24, nan 
-167.125, 80.625, 3.876680555715118e-24, nan 
-166.875, 80.625, 3.476112662954041e-24, nan 
-166.625, 80.625, 3.712100201098636e-24, nan 
-166.375, 80.625, 4.181565368738891e-24, nan 
-166.125, 80.625, 4.069208188874377e-24, nan 
-165.875, 80.625, 4.1220589228954694e-24, nan 
-165.625, 80.625, 4.331227419081631e-24, nan 
-165.375, 80.625, 4.0061116888413075e-24, nan 
-165.125, 80.625, 4.59873778693618e-24, nan 
-164.875, 80.625, 4.65663138587635e-24, nan 
-164.625, 80.625, 4.465532657050383e-24, nan 
-164.375, 80.625, 4.5751933193329264e-24, nan 
-164.125, 80.625, 4.32894977800636e-24, nan 
-163.875, 80.625, 5.0195335362881895e-24, nan 
-163.625, 80.625, 4.3965117631658254e-24, nan 
-163.375, 80.625, 4.502758047106982e-24, nan 
-163.125, 80.625, 5.05452061226911e-24, nan 
-162.875, 80.625, 4.9838360792918605e-24, nan 
-162.625, 80.625, 4.627516670652563e-24, nan 
-162.375, 80.625, 4.549523102216782e-24, nan 
-162.125, 80.625, 5.324630974398182e-24, nan 
-161.875, 80.625, 4.906810516756438e-24, nan 
-161.625, 80.625, 5.17143939891699e-24, nan 
-161.375, 80.625, 4.9967222800042965e-24, nan 
-161.125, 80.625, 4.719550212673885e-24, nan 
-160.875, 80.625, 4.8365213829092144e-24, nan 
-160.625, 80.625, 5.328398177570952e-24, nan 
-160.375, 80.625, 5.183711619579913e-24, nan 
-160.125, 80.625, 5.3149366555386326e-24, nan 
-159.875, 80.625, 5.2460342992453e-24, nan 
-159.625, 80.625, 5.2894963131485254e-24, nan 
-159.375, 80.625, 5.189509864341351e-24, nan 
-159.125, 80.625, 5.251659571887906e-24, nan 
-158.875, 80.625, 5.638070755581356e-24, nan 
-158.625, 80.625, 5.304957006138574e-24, nan 
-158.375, 80.625, 5.0423670702100964e-24, nan 
-158.125, 80.625, 5.3419127830760845e-24, nan 
-157.875, 80.625, 5.154470338748924e-24, nan 
-157.625, 80.625, 5.45654865472269e-24, nan 
-157.375, 80.625, 5.8826408560533005e-24, nan 
-157.125, 80.625, 5.315105706103239e-24, nan 
-156.875, 80.625, 5.255580113171797e-24, nan 
-156.625, 80.625, 5.3531652405416675e-24, nan 
-156.375, 80.625, 5.436655433665539e-24, nan 
-156.125, 80.625, 5.324095848866944e-24, nan 
-155.875, 80.625, 5.213975551598563e-24, nan 
-155.625, 80.625, 5.5751725234799e-24, nan 
-155.375, 80.625, 5.157881928381054e-24, nan 
-155.125, 80.625, 5.710374679981436e-24, nan 
-154.875, 80.625, 5.064142272267184e-24, nan 
-154.625, 80.625, 5.30969770159331e-24, nan 
-154.375, 80.625, 5.386354323313392e-24, nan 
-154.125, 80.625, 5.158508924107204e-24, nan 
-153.875, 80.625, 5.0865580912782886e-24, nan 
-153.625, 80.625, 5.399605072530134e-24, nan 
-153.375, 80.625, 5.125859959974821e-24, nan 
-153.125, 80.625, 5.197044135473693e-24, nan 
-152.875, 80.625, 5.178965073047453e-24, nan 
-152.625, 80.625, 4.792494132559503e-24, nan 
-152.375, 80.625, 5.323833240104431e-24, nan 
-152.125, 80.625, 5.276910684834366e-24, nan 
-151.875, 80.625, 5.0167714725809394e-24, nan 
-151.625, 80.625, 5.19257767976598e-24, nan 
-151.375, 80.625, 4.992461930446743e-24, nan 
-151.125, 80.625, 4.843678730245732e-24, nan 
-150.875, 80.625, 5.3483099650845936e-24, nan 
-150.625, 80.625, 4.968240426124056e-24, nan 
-150.375, 80.625, 4.770459436982814e-24, nan 
-150.125, 80.625, 5.244505588954466e-24, nan 
-149.875, 80.625, 4.468501786492732e-24, nan 
-149.625, 80.625, 4.821260208139613e-24, nan 
-149.375, 80.625, 4.9462225485057736e-24, nan 
-149.125, 80.625, 4.571633243211666e-24, nan 
-148.875, 80.625, 4.4653502997959095e-24, nan 
-148.625, 80.625, 5.0382166527013745e-24, nan 
-148.375, 80.625, 4.8230793794734266e-24, nan 
-148.125, 80.625, 4.508219906457756e-24, nan 
-147.875, 80.625, 4.626753635571388e-24, nan 
-147.625, 80.625, 4.363732942254889e-24, nan 
-147.375, 80.625, 4.606025408470407e-24, nan 
-147.125, 80.625, 4.594079466342124e-24, nan 
-146.875, 80.625, 4.191298806595837e-24, nan 
-146.625, 80.625, 4.47341031913604e-24, nan 
-146.375, 80.625, 4.010884529703692e-24, nan 
-146.125, 80.625, 3.92866167109467e-24, nan 
-145.875, 80.625, 4.2549230470656036e-24, nan 
-145.625, 80.625, 3.867795751378631e-24, nan 
-145.375, 80.625, 4.070438876403803e-24, nan 
-145.125, 80.625, 4.239960666110921e-24, nan 
-144.875, 80.625, 4.18745160620557e-24, nan 
-144.625, 80.625, 3.9905830956757954e-24, nan 
-144.375, 80.625, 4.1022417212989515e-24, nan 
-144.125, 80.625, 3.8714612185231454e-24, nan 
-143.875, 80.625, 3.608256560226182e-24, nan 
-143.625, 80.625, 4.153353096495554e-24, nan 
-143.375, 80.625, 3.879457251472264e-24, nan 
-143.125, 80.625, 3.811655580789721e-24, nan 
-142.875, 80.625, 3.90017173667555e-24, nan 
-142.625, 80.625, 3.672865162898964e-24, nan 
-142.375, 80.625, 3.931430147378963e-24, nan 
-142.125, 80.625, 3.835314803384486e-24, nan 
-141.875, 80.625, 3.4206513244276545e-24, nan 
-141.625, 80.625, 3.816624074731669e-24, nan 
-141.375, 80.625, 3.5241978211923856e-24, nan 
-141.125, 80.625, 3.512152631412401e-24, nan 
-140.875, 80.625, 3.674116370847321e-24, nan 
-140.625, 80.625, 3.500732869246046e-24, nan 
-140.375, 80.625, 3.75427903197022e-24, nan 
-140.125, 80.625, 3.386874833461706e-24, nan 
-139.875, 80.625, 3.780806946814009e-24, nan 
-139.625, 80.625, 3.4362601670610316e-24, nan 
-139.375, 80.625, 3.711608648692016e-24, nan 
-139.125, 80.625, 3.5593989369652316e-24, nan 
-138.875, 80.625, 3.835797751535104e-24, nan 
-138.625, 80.625, 3.6125010281556365e-24, nan 
-138.375, 80.625, 3.5577493299556656e-24, nan 
-138.125, 80.625, 3.714713285755672e-24, nan 
-137.875, 80.625, 3.668382819933868e-24, nan 
-137.625, 80.625, 3.6647811502599295e-24, nan 
-137.375, 80.625, 3.704807165097819e-24, nan 
-137.125, 80.625, 3.642539388652527e-24, nan 
-136.875, 80.625, 3.615422669524909e-24, nan 
-136.625, 80.625, 3.725352612200648e-24, nan 
-136.375, 80.625, 3.7020417540661484e-24, nan 
-136.125, 80.625, 3.4996382795042405e-24, nan 
-135.875, 80.625, 3.666193926469952e-24, nan 
-135.625, 80.625, 4.208419207168474e-24, nan 
-135.375, 80.625, 3.6178350147773146e-24, nan 
-135.125, 80.625, 3.2925033497879645e-24, nan 
-134.875, 80.625, 3.785499508748532e-24, nan 
-134.625, 80.625, 4.171198415141219e-24, nan 
-134.375, 80.625, 4.26914738737004e-24, nan 
-134.125, 80.625, 3.93407514707136e-24, nan 
-133.875, 80.625, 3.8494014592184e-24, nan 
-133.625, 80.625, 3.9645029258856056e-24, nan 
-133.375, 80.625, 4.2682127462571215e-24, nan 
-133.125, 80.625, 4.4649215707749994e-24, nan 
-132.875, 80.625, 4.212176349685898e-24, nan 
-132.625, 80.625, 4.3686842016334816e-24, nan 
-132.375, 80.625, 4.742968728093857e-24, nan 
-132.125, 80.625, 4.918421504263934e-24, nan 
-131.875, 80.625, 4.9712417971365205e-24, nan 
-131.625, 80.625, 5.471784266507098e-24, nan 
-131.375, 80.625, 5.439712091728564e-24, nan 
-131.125, 80.625, 5.389626619020721e-24, nan 
-130.875, 80.625, 5.7630872546162766e-24, nan 
-130.625, 80.625, 5.929261018091334e-24, nan 
-130.375, 80.625, 6.2033929123837014e-24, nan 
-130.125, 80.625, 6.320852672492149e-24, nan 
-129.875, 80.625, 6.738729232473667e-24, nan 
-129.625, 80.625, 6.76420116501075e-24, nan 
-129.375, 80.625, 6.953618962304302e-24, nan 
-129.125, 80.625, 7.146312773103181e-24, nan 
-128.875, 80.625, 7.568332961047825e-24, nan 
-128.625, 80.625, 8.041946831093658e-24, nan 
-128.375, 80.625, 8.19170745857009e-24, nan 
-128.125, 80.625, 7.943696744681109e-24, nan 
-127.875, 80.625, 8.45034089432326e-24, nan 
-127.625, 80.625, 8.49951639494639e-24, nan 
-127.375, 80.625, 9.016741991592667e-24, nan 
-127.125, 80.625, 9.748708631423107e-24, nan 
-126.875, 80.625, 9.583616415098883e-24, nan 
-126.625, 80.625, 1.0717092238024562e-23, nan 
-126.375, 80.625, 1.1195157721713222e-23, nan 
-126.125, 80.625, 1.1179213412563168e-23, nan 
-125.875, 80.625, 1.1970602003187486e-23, nan 
-125.625, 80.625, 1.3514800498680365e-23, nan 
-125.375, 80.625, 1.4500145636378913e-23, nan 
-125.125, 80.625, 1.4053022613475098e-23, nan 
-124.875, 80.625, 1.446388660543743e-23, nan 
-124.625, 80.625, 1.6839850912364194e-23, nan 
-124.375, 80.625, 1.9447059262751356e-23, nan 
-124.125, 80.625, 1.935217373104765e-23, nan 
-123.875, 80.625, 2.1120380470984736e-23, nan 
-123.625, 80.625, 2.0748494761489563e-23, nan 
-123.375, 80.625, 2.4196279650486362e-23, nan 
-123.125, 80.625, 2.802869898344686e-23, nan 
-122.875, 80.625, 2.8005705923176866e-23, nan 
-122.625, 80.625, 3.420881061782641e-23, nan 
-122.375, 80.625, 3.597808290816461e-23, nan 
-122.125, 80.625, 3.438370139544543e-23, nan 
-121.875, 80.625, 3.3931249415992174e-23, nan 
-121.625, 80.625, 3.2878436175184545e-23, nan 
-121.375, 80.625, 3.5835915295266265e-23, nan 
-121.125, 80.625, 4.343282036330402e-23, nan 
-120.875, 80.625, 4.7432851368092135e-23, nan 
-120.625, 80.625, 4.679381253502147e-23, nan 
-120.375, 80.625, 4.372903096279849e-23, nan 
-120.125, 80.625, 4.0788476226289626e-23, nan 
-119.875, 80.625, 3.27791164395867e-23, nan 
-119.625, 80.625, 3.6124703823147547e-23, nan 
-119.375, 80.625, 4.794260607538819e-23, nan 
-119.125, 80.625, 4.5408529512962463e-23, nan 
-118.875, 80.625, 6.266370434831122e-23, nan 
-118.625, 80.625, 5.2609606358091603e-23, nan 
-118.375, 80.625, 4.8242506345842083e-23, nan 
-118.125, 80.625, 3.6768148311054984e-23, nan 
-117.875, 80.625, 2.5844175277419198e-23, nan 
-117.625, 80.625, 2.2248335167196435e-23, nan 
-117.375, 80.625, 3.92788178132141e-23, nan 
-117.125, 80.625, 4.421241529585333e-23, nan 
-116.875, 80.625, 4.491804174433578e-23, nan 
-116.625, 80.625, 4.163782971327035e-23, nan 
-116.375, 80.625, 5.041642651272088e-23, nan 
-116.125, 80.625, 6.78163003503499e-23, nan 
-115.875, 80.625, 6.635967679440949e-23, nan 
-115.625, 80.625, 6.909454448648898e-23, nan 
-115.375, 80.625, 6.855278601343912e-23, nan 
-115.125, 80.625, 6.967116753547675e-23, nan 
-114.875, 80.625, 7.227917044104287e-23, nan 
-114.625, 80.625, 7.953408656243347e-23, nan 
-114.375, 80.625, 8.197635037940391e-23, nan 
-114.125, 80.625, 8.061190521763043e-23, nan 
-113.875, 80.625, 6.555403975249213e-23, nan 
-113.625, 80.625, 5.768282265020249e-23, nan 
-113.375, 80.625, 4.2327184141195333e-23, nan 
-113.125, 80.625, 4.48759433238795e-23, nan 
-112.875, 80.625, 5.500279699024351e-23, nan 
-112.625, 80.625, 5.551580753958014e-23, nan 
-112.375, 80.625, 6.447557143751424e-23, nan 
-112.125, 80.625, 5.813642179022855e-23, nan 
-111.875, 80.625, 6.003898152285799e-23, nan 
-111.625, 80.625, 6.487690102805865e-23, nan 
-111.375, 80.625, 6.714567576521434e-23, nan 
-111.125, 80.625, 6.061917109375574e-23, nan 
-110.875, 80.625, 4.7614919281147015e-23, nan 
-110.625, 80.625, 7.040578834229608e-23, nan 
-110.375, 80.625, 6.913211079836961e-23, nan 
-110.125, 80.625, 7.699140736693849e-23, nan 
-109.875, 80.625, 6.527715414514412e-23, nan 
-109.625, 80.625, 6.014392322040017e-23, nan 
-109.375, 80.625, 4.1413449923376926e-23, nan 
-109.125, 80.625, 3.795771463778658e-23, nan 
-108.875, 80.625, 4.646295579646898e-23, nan 
-108.625, 80.625, 4.3875765113592934e-23, nan 
-108.375, 80.625, 4.3394681749797286e-23, nan 
-108.125, 80.625, 4.97630300297287e-23, nan 
-107.875, 80.625, 1.0313562246326879e-22, nan 
-107.625, 80.625, 1.5115084471463363e-22, nan 
-107.375, 80.625, 1.680938359649713e-22, nan 
-107.125, 80.625, 1.8527825168458941e-22, nan 
-106.875, 80.625, 1.7360083371317637e-22, nan 
-106.625, 80.625, 1.843106602133605e-22, nan 
-106.375, 80.625, 2.256713904825102e-22, nan 
-106.125, 80.625, 3.7520534069111503e-22, nan 
-105.875, 80.625, 4.237990779371071e-22, nan 
-105.625, 80.625, 4.0568472198387935e-22, nan 
-105.375, 80.625, 3.7399020295496247e-22, nan 
-105.125, 80.625, 3.970740390053361e-22, nan 
-104.875, 80.625, 4.386622592851665e-22, nan 
-104.625, 80.625, 4.265525674942275e-22, nan 
-104.375, 80.625, 3.774889128184007e-22, nan 
-104.125, 80.625, 5.471634751130824e-22, nan 
-103.875, 80.625, 4.453728634579703e-22, nan 
-103.625, 80.625, 4.16658682467269e-22, nan 
-103.375, 80.625, 3.7649179800929725e-22, nan 
-103.125, 80.625, 4.0749116659413325e-22, nan 
-102.875, 80.625, 3.9291086135366447e-22, nan 
-102.625, 80.625, 4.967733699438468e-22, nan 
-102.375, 80.625, 6.390689129584808e-22, nan 
-102.125, 80.625, 5.997986512901656e-22, nan 
-101.875, 80.625, 4.801539608357993e-22, nan 
-101.625, 80.625, 5.1291290013153605e-22, nan 
-101.375, 80.625, 5.517577964690496e-22, nan 
-101.125, 80.625, 5.451238913742314e-22, nan 
-100.875, 80.625, 5.322642153721785e-22, nan 
-100.625, 80.625, 4.790899320900989e-22, nan 
-100.375, 80.625, 4.827613853112547e-22, nan 
-100.125, 80.625, 9.428991779552091e-23, nan 
-99.875, 80.625, 1.3974527390061905e-22, nan 
-99.625, 80.625, 1.2832620153041426e-22, nan 
-99.375, 80.625, 5.653257388532912e-23, nan 
-99.125, 80.625, 6.473836032907099e-23, nan 
-98.875, 80.625, 7.107887288818783e-23, nan 
-98.625, 80.625, 1.4245085274771755e-22, nan 
-98.375, 80.625, 1.6316532164211675e-22, nan 
-98.125, 80.625, 1.9743254653500809e-22, nan 
-97.875, 80.625, 1.966571275581683e-22, nan 
-97.625, 80.625, 1.1613053072472966e-22, nan 
-97.375, 80.625, 1.2391276054353452e-22, nan 
-97.125, 80.625, 9.196930977217792e-23, nan 
-96.875, 80.625, 1.0549943603809757e-22, nan 
-96.625, 80.625, 1.158265647059114e-22, nan 
-96.375, 80.625, 1.2864236515789227e-22, nan 
-96.125, 80.625, 1.295431894221417e-22, nan 
-95.875, 80.625, 1.1761803201157716e-22, nan 
-95.625, 80.625, 1.2119656963297532e-22, nan 
-95.375, 80.625, 1.2248740972312386e-22, nan 
-95.125, 80.625, 1.3318035260445456e-22, nan 
-94.875, 80.625, 1.6610897184529987e-22, nan 
-94.625, 80.625, 1.4574117030293508e-22, nan 
-94.375, 80.625, 1.5349369945982944e-22, nan 
-94.125, 80.625, 1.637556663160045e-22, nan 
-93.875, 80.625, 1.5901852410623656e-22, nan 
-93.625, 80.625, 1.8742277322125066e-22, nan 
-93.375, 80.625, 2.0841646364607724e-22, nan 
-93.125, 80.625, 2.63912967549265e-22, nan 
-92.875, 80.625, 2.183277804553784e-22, nan 
-92.625, 80.625, 1.7827229469701934e-22, nan 
-92.375, 80.625, 1.7144631360727595e-22, nan 
-92.125, 80.625, 1.5733094865513325e-22, nan 
-91.875, 80.625, 1.406284905486591e-22, nan 
-91.625, 80.625, 1.5896585928510513e-22, nan 
-91.375, 80.625, 1.7635462479778785e-22, nan 
-91.125, 80.625, 1.677149976231527e-22, nan 
-90.875, 80.625, 1.2201186800589107e-22, nan 
-90.625, 80.625, 1.4046700829269732e-22, nan 
-90.375, 80.625, 8.454326623576907e-23, nan 
-90.125, 80.625, 5.775507002419562e-23, nan 
-89.875, 80.625, 1.1588556000160366e-22, nan 
-89.625, 80.625, 1.1539469233705939e-22, nan 
-89.375, 80.625, 2.0821816662344456e-22, nan 
-89.125, 80.625, 1.846058558234663e-22, nan 
-88.875, 80.625, 2.9733382512282526e-22, nan 
-88.625, 80.625, 2.5128768621414826e-22, nan 
-88.375, 80.625, 2.530051916123134e-22, nan 
-88.125, 80.625, 2.7209026344436003e-22, nan 
-87.875, 80.625, 2.9130567482335944e-22, nan 
-87.625, 80.625, 3.1185425355500804e-22, nan 
-87.375, 80.625, 3.688079910897166e-22, nan 
-87.125, 80.625, 4.476616215093094e-22, nan 
-86.875, 80.625, 4.309765958790286e-22, nan 
-86.625, 80.625, 4.486690883397162e-22, nan 
-86.375, 80.625, 5.021881939370186e-22, nan 
-86.125, 80.625, 4.735981544323857e-22, nan 
-85.875, 80.625, 3.928809352145092e-22, nan 
-85.625, 80.625, 4.136612573483256e-22, nan 
-85.375, 80.625, 2.791070962080659e-22, nan 
-85.125, 80.625, 3.3774325662220067e-22, nan 
-84.875, 80.625, 3.490288273870813e-22, nan 
-84.625, 80.625, 3.577176165976748e-22, nan 
-84.375, 80.625, 3.7395555753316686e-22, nan 
-84.125, 80.625, 3.6553423415364575e-22, nan 
-83.875, 80.625, 3.9640629819374133e-22, nan 
-83.625, 80.625, 4.752876011546602e-22, nan 
-83.375, 80.625, 4.0544416810536245e-22, nan 
-83.125, 80.625, 5.01182459236118e-22, nan 
-82.875, 80.625, 4.702436043493698e-22, nan 
-82.625, 80.625, 4.416465522844633e-22, nan 
-82.375, 80.625, 4.816061602723077e-22, nan 
-82.125, 80.625, 4.522554054557904e-22, nan 
-81.875, 80.625, 5.347870097184695e-22, nan 
-81.625, 80.625, 5.967115217605874e-22, nan 
-81.375, 80.625, 4.718970731312861e-22, nan 
-81.125, 80.625, 1.0162476841139357e-21, nan 
-80.875, 80.625, 1.3897823196674714e-21, nan 
-80.625, 80.625, 1.4831118793585772e-21, nan 
-80.375, 80.625, 1.5464580334921934e-21, nan 
-80.125, 80.625, 1.6190259313355617e-21, nan 
-79.875, 80.625, 2.1734132579336365e-21, nan 
-79.625, 80.625, 2.2004030139074247e-21, nan 
-79.375, 80.625, 2.413528114942705e-21, nan 
-79.125, 80.625, 3.111248396970481e-21, nan 
-78.875, 80.625, 2.3943782429164284e-21, nan 
-78.625, 80.625, 2.4991557633747858e-21, nan 
-78.375, 80.625, 2.0661393318650364e-21, nan 
-78.125, 80.625, 1.9881965724160985e-21, nan 
-77.875, 80.625, 1.449287420864366e-21, nan 
-77.625, 80.625, 8.705501423274668e-22, nan 
-77.375, 80.625, 2.063183088441559e-21, nan 
-77.125, 80.625, 2.5853034043686142e-21, nan 
-76.875, 80.625, 2.2884447786817685e-21, nan 
-76.625, 80.625, 1.9434764019656647e-21, nan 
-76.375, 80.625, 2.7002138645865067e-21, nan 
-76.125, 80.625, 2.1891675796577924e-21, nan 
-75.875, 80.625, 1.9991982155690052e-21, nan 
-75.625, 80.625, 2.794190032780852e-21, nan 
-75.375, 80.625, 2.5258440884096704e-21, nan 
-75.125, 80.625, 2.444500961254083e-21, nan 
-74.875, 80.625, 2.1930332386661078e-21, nan 
-74.625, 80.625, 2.221325226770435e-21, nan 
-74.375, 80.625, 1.9192207260087068e-21, nan 
-74.125, 80.625, 1.485113341262324e-21, nan 
-73.875, 80.625, 1.7608721240204285e-21, nan 
-73.625, 80.625, 1.6737279787945796e-21, nan 
-73.375, 80.625, 2.0394553405948365e-21, nan 
-73.125, 80.625, 1.7838652465930232e-21, nan 
-72.875, 80.625, 1.86453751774708e-21, nan 
-72.625, 80.625, 1.6609797405442761e-21, nan 
-72.375, 80.625, 1.8083571501569614e-21, nan 
-72.125, 80.625, 1.747127294209791e-21, nan 
-71.875, 80.625, 1.7224253344764515e-21, nan 
-71.625, 80.625, 1.9154457641179377e-21, nan 
-71.375, 80.625, 2.4348351786216e-21, nan 
-71.125, 80.625, 2.7563867655380485e-21, nan 
-70.875, 80.625, 2.751311296279942e-21, nan 
-70.625, 80.625, 2.69343262279225e-21, nan 
-70.375, 80.625, 2.580081868099797e-21, nan 
-70.125, 80.625, 3.5996209531368946e-21, nan 
-69.875, 80.625, 3.494605777007697e-21, nan 
-69.625, 80.625, 2.593161586784207e-21, nan 
-69.375, 80.625, 2.9966406975143953e-21, nan 
-69.125, 80.625, 2.6998275272590456e-21, nan 
-68.875, 80.625, 3.640796755914937e-21, nan 
-68.625, 80.625, 4.142128190291621e-21, nan 
-68.375, 80.625, 4.3784144281369525e-21, nan 
-68.125, 80.625, 4.288635711733154e-21, nan 
-67.875, 80.625, 3.6463515952035134e-21, nan 
-67.625, 80.625, 3.2273786644299496e-21, nan 
-67.375, 80.625, 3.3328580190909573e-21, nan 
-67.125, 80.625, 3.1366458356344063e-21, nan 
-66.875, 80.625, 3.325249175418446e-21, nan 
-66.625, 80.625, 2.9165625399125774e-21, nan 
-66.375, 80.625, 2.4363741713147185e-21, nan 
-66.125, 80.625, 2.611439886414191e-21, nan 
-65.875, 80.625, 1.8000754228169707e-21, nan 
-65.625, 80.625, 2.0439791027221435e-21, nan 
-65.375, 80.625, 9.030387101859885e-21, nan 
-65.125, 80.625, 8.1439184032372e-21, nan 
-64.875, 80.625, 1.7827470406825077e-20, nan 
-64.625, 80.625, 1.180757897297002e-20, nan 
-64.375, 80.625, 2.126754613396607e-20, nan 
-64.125, 80.625, 2.780758441388368e-20, nan 
-63.875, 80.625, 3.4350806728838445e-20, nan 
-63.625, 80.625, 3.4460743038950545e-20, nan 
-63.375, 80.625, 2.364133948153123e-20, nan 
-63.125, 80.625, 3.594331424620745e-20, nan 
-62.875, 80.625, 3.271124920589838e-20, nan 
-62.625, 80.625, 2.4986181239612136e-20, nan 
-62.375, 80.625, 1.1635560301151542e-20, nan 
-62.125, 80.625, 1.3732102446539735e-20, nan 
-61.875, 80.625, 2.321757794587926e-21, nan 
-61.625, 80.625, 2.2629537420171178e-21, nan 
-61.375, 80.625, 2.759044506760716e-21, nan 
-61.125, 80.625, 3.740790183435427e-21, nan 
-60.875, 80.625, 2.8572100308425884e-21, nan 
-60.625, 80.625, 3.2092279889392508e-21, nan 
-60.375, 80.625, 3.661076881084826e-21, nan 
-60.125, 80.625, 8.211142281518744e-21, nan 
-59.875, 80.625, 8.926666635458864e-21, nan 
-59.625, 80.625, 1.2331336994157918e-20, nan 
-59.375, 80.625, 1.5056673192528313e-20, nan 
-59.125, 80.625, 1.372580090016798e-20, nan 
-58.875, 80.625, 1.7804841898169132e-20, nan 
-58.625, 80.625, 1.1811716829069934e-20, nan 
-58.375, 80.625, 1.353807562110298e-20, nan 
-58.125, 80.625, 1.3780758499444165e-20, nan 
-57.875, 80.625, 1.3267883347592332e-20, nan 
-57.625, 80.625, 1.5512842374285128e-20, nan 
-57.375, 80.625, 1.3829680280298918e-20, nan 
-57.125, 80.625, 1.4369917264183507e-20, nan 
-56.875, 80.625, 8.245394933916662e-21, nan 
-56.625, 80.625, 1.298682735803009e-21, nan 
-56.375, 80.625, 2.061074949347199e-21, nan 
-56.125, 80.625, 2.3156055024450982e-21, nan 
-55.875, 80.625, 2.2014199843209223e-21, nan 
-55.625, 80.625, 2.495795806297073e-21, nan 
-55.375, 80.625, 2.2470720743136782e-21, nan 
-55.125, 80.625, 1.4490043244432425e-21, nan 
-54.875, 80.625, 3.2106457376062195e-21, nan 
-54.625, 80.625, 2.3910696125735397e-21, nan 
-54.375, 80.625, 2.5886330658243286e-21, nan 
-54.125, 80.625, 3.3095974791441666e-21, nan 
-53.875, 80.625, 2.7940767771840028e-21, nan 
-53.625, 80.625, 4.219500144916296e-21, nan 
-53.375, 80.625, 4.69487749092134e-21, nan 
-53.125, 80.625, 4.877723261875578e-21, nan 
-52.875, 80.625, 4.971909410878518e-21, nan 
-52.625, 80.625, 5.359499237418053e-21, nan 
-52.375, 80.625, 4.9884608415030816e-21, nan 
-52.125, 80.625, 5.764803255217173e-21, nan 
-51.875, 80.625, 6.25047292342603e-21, nan 
-51.625, 80.625, 7.651577548509936e-21, nan 
-51.375, 80.625, 8.858081395376926e-21, nan 
-51.125, 80.625, 8.721396145404208e-21, nan 
-50.875, 80.625, 9.809389946238072e-21, nan 
-50.625, 80.625, 1.1093295124579427e-20, nan 
-50.375, 80.625, 1.797406052704847e-20, nan 
-50.125, 80.625, 1.3051670979168983e-20, nan 
-49.875, 80.625, 1.6513956496161122e-20, nan 
-49.625, 80.625, 2.1648981952351792e-20, nan 
-49.375, 80.625, 3.5429829591645545e-20, nan 
-49.125, 80.625, 4.514321464791754e-20, nan 
-48.875, 80.625, 5.197500978809482e-20, nan 
-48.625, 80.625, 4.2566895147413166e-20, nan 
-48.375, 80.625, 4.2771806643194476e-20, nan 
-48.125, 80.625, 4.0836026688416223e-20, nan 
-47.875, 80.625, 3.683046632572016e-20, nan 
-47.625, 80.625, 4.7957848325777234e-20, nan 
-47.375, 80.625, 4.759764536767655e-20, nan 
-47.125, 80.625, 5.336906656625097e-20, nan 
-46.875, 80.625, 5.371793668059232e-20, nan 
-46.625, 80.625, 5.0779568673968856e-20, nan 
-46.375, 80.625, 4.887003665874489e-20, nan 
-46.125, 80.625, 4.744667346455478e-20, nan 
-45.875, 80.625, 4.961762593008916e-20, nan 
-45.625, 80.625, 5.830640467611334e-20, nan 
-45.375, 80.625, 6.772252509465885e-20, nan 
-45.125, 80.625, 7.269324226680398e-20, nan 
-44.875, 80.625, 6.887049800469243e-20, nan 
-44.625, 80.625, 6.887341701519945e-20, nan 
-44.375, 80.625, 7.231719282613073e-20, nan 
-44.125, 80.625, 6.65476225901316e-20, nan 
-43.875, 80.625, 6.47196443284726e-20, nan 
-43.625, 80.625, 5.866056375933354e-20, nan 
-43.375, 80.625, 4.692582714520852e-20, nan 
-43.125, 80.625, 4.8527574013491325e-20, nan 
-42.875, 80.625, 3.6498779183601423e-20, nan 
-42.625, 80.625, 6.698928224995775e-20, nan 
-42.375, 80.625, 6.530619188868424e-20, nan 
-42.125, 80.625, 2.648844143482692e-20, nan 
-41.875, 80.625, 9.801690750126187e-20, nan 
-41.625, 80.625, 1.3252055969538868e-19, nan 
-41.375, 80.625, 1.8195661576978886e-19, nan 
-41.125, 80.625, 2.0024094370863e-19, nan 
-40.875, 80.625, 2.279221432966138e-19, nan 
-40.625, 80.625, 2.4596467189663004e-19, nan 
-40.375, 80.625, 1.9781329398785125e-19, nan 
-40.125, 80.625, 2.3490610581816444e-19, nan 
-39.875, 80.625, 2.325660558893545e-19, nan 
-39.625, 80.625, 2.364432482316663e-19, nan 
-39.375, 80.625, 2.6877365814823293e-19, nan 
-39.125, 80.625, 2.653404233367008e-19, nan 
-38.875, 80.625, 2.9500505361765443e-19, nan 
-38.625, 80.625, 2.659532655900661e-19, nan 
-38.375, 80.625, 2.625123990795837e-19, nan 
-38.125, 80.625, 2.6983109196919175e-19, nan 
-37.875, 80.625, 2.387749044278181e-19, nan 
-37.625, 80.625, 1.7888682766546488e-19, nan 
-37.375, 80.625, 2.1432052850812121e-19, nan 
-37.125, 80.625, 6.376122575371661e-20, nan 
-36.875, 80.625, 1.3525208807605922e-19, nan 
-36.625, 80.625, 3.4904443792826466e-19, nan 
-36.375, 80.625, 3.8149773200837826e-19, nan 
-36.125, 80.625, 5.160497791470768e-19, nan 
-35.875, 80.625, 5.430147167442027e-19, nan 
-35.625, 80.625, 4.779592388326084e-19, nan 
-35.375, 80.625, 2.7362637148548943e-19, nan 
-35.125, 80.625, 3.0517242413783723e-19, nan 
-34.875, 80.625, 3.8356396991614436e-19, nan 
-34.625, 80.625, 4.699106955545699e-19, nan 
-34.375, 80.625, 6.279678738705258e-19, nan 
-34.125, 80.625, 6.317025272090657e-19, nan 
-33.875, 80.625, 5.797592377690314e-19, nan 
-33.625, 80.625, 4.0140486628716363e-19, nan 
-33.375, 80.625, 3.0457862773128537e-19, nan 
-33.125, 80.625, 3.4936063694813735e-19, nan 
-32.875, 80.625, 5.189633080168267e-19, nan 
-32.625, 80.625, 5.790655014078256e-19, nan 
-32.375, 80.625, 4.925814872426107e-19, nan 
-32.125, 80.625, 3.336317651592906e-19, nan 
-31.875, 80.625, 5.449730694015384e-19, nan 
-31.625, 80.625, 6.398165501842593e-19, nan 
-31.375, 80.625, 5.867273285758833e-19, nan 
-31.125, 80.625, 6.257975956925003e-19, nan 
-30.875, 80.625, 5.984007862219334e-19, nan 
-30.625, 80.625, 3.2730425760854974e-19, nan 
-30.375, 80.625, 2.4528547648552254e-19, nan 
-30.125, 80.625, 8.696390399475137e-19, nan 
-29.875, 80.625, 1.0528664337286456e-18, nan 
-29.625, 80.625, 1.1052374791932466e-18, nan 
-29.375, 80.625, 1.112276127510487e-18, nan 
-29.125, 80.625, 1.0179484412184254e-18, nan 
-28.875, 80.625, 9.270934872386162e-19, nan 
-28.625, 80.625, 7.834008257755965e-19, nan 
-28.375, 80.625, 1.0542259290905813e-18, nan 
-28.125, 80.625, 1.153848114073911e-18, nan 
-27.875, 80.625, 1.1016285907256063e-18, nan 
-27.625, 80.625, 9.724367331124857e-19, nan 
-27.375, 80.625, 7.345220445651309e-19, nan 
-27.125, 80.625, 6.197927281421475e-19, nan 
-26.875, 80.625, 3.6280268595038574e-19, nan 
-26.625, 80.625, 2.1875670580778196e-19, nan 
-26.375, 80.625, 2.341350360994183e-19, nan 
-26.125, 80.625, 2.8905660988745634e-19, nan 
-25.875, 80.625, 5.187605008685773e-19, nan 
-25.625, 80.625, 4.763623846033002e-19, nan 
-25.375, 80.625, 4.693387027072124e-19, nan 
-25.125, 80.625, 3.0773816615992984e-19, nan 
-24.875, 80.625, 1.8327854000146823e-19, nan 
-24.625, 80.625, 1.2487578293126015e-19, nan 
-24.375, 80.625, 2.331584865529404e-19, nan 
-24.125, 80.625, 6.039657158316117e-19, nan 
-23.875, 80.625, 6.560824192659166e-19, nan 
-23.625, 80.625, 8.017342351217473e-19, nan 
-23.375, 80.625, 7.942136461486713e-19, nan 
-23.125, 80.625, 1.0302239120145969e-18, nan 
-22.875, 80.625, 8.819876296393812e-19, nan 
-22.625, 80.625, 7.459286319974991e-19, nan 
-22.375, 80.625, 7.013071241212367e-19, nan 
-22.125, 80.625, 6.141633191879593e-19, nan 
-21.875, 80.625, 6.293187411739694e-19, nan 
-21.625, 80.625, 5.958259678208819e-19, nan 
-21.375, 80.625, 5.769831063996501e-19, nan 
-21.125, 80.625, 5.715986854528477e-19, nan 
-20.875, 80.625, 4.237680853143229e-19, nan 
-20.625, 80.625, 3.43277542846713e-19, nan 
-20.375, 80.625, 2.3218248794186623e-19, nan 
-20.125, 80.625, 1.649846393411167e-19, nan 
-19.875, 80.625, 1.7776457367136432e-19, nan 
-19.625, 80.625, 3.53885751720069e-19, nan 
-19.375, 80.625, 3.041310278455284e-19, nan 
-19.125, 80.625, 3.379425149151773e-19, nan 
-18.875, 80.625, 4.199479915097429e-19, nan 
-18.625, 80.625, 2.9780675451336116e-19, nan 
-18.375, 80.625, 2.5147393467160137e-19, nan 
-18.125, 80.625, 4.398700870829957e-19, nan 
-17.875, 80.625, 9.852965915955784e-19, nan 
-17.625, 80.625, 9.099890967715736e-19, nan 
-17.375, 80.625, 9.066269530071339e-19, nan 
-17.125, 80.625, 9.86085936511794e-19, nan 
-16.875, 80.625, 8.264669498068131e-19, nan 
-16.625, 80.625, 5.308536519817935e-19, nan 
-16.375, 80.625, 7.233623942165034e-19, nan 
-16.125, 80.625, 8.554820066748059e-19, nan 
-15.875, 80.625, 7.877911961686443e-19, nan 
-15.625, 80.625, 8.033687288160064e-19, nan 
-15.375, 80.625, 8.710694659272193e-19, nan 
-15.125, 80.625, 8.037188468827686e-19, nan 
-14.875, 80.625, 6.071607312500624e-19, nan 
-14.625, 80.625, 3.1361056102710603e-19, nan 
-14.375, 80.625, 2.857865376731185e-19, nan 
-14.125, 80.625, 1.3483880618143559e-19, nan 
-13.875, 80.625, 1.1249012628241417e-19, nan 
-13.625, 80.625, 9.012988367286059e-20, nan 
-13.375, 80.625, 1.0145955113409229e-19, nan 
-13.125, 80.625, 1.1638485892232272e-19, nan 
-12.875, 80.625, 1.0608406025196202e-19, nan 
-12.625, 80.625, 7.505410942261383e-20, nan 
-12.375, 80.625, 6.958699783881985e-20, nan 
-12.125, 80.625, 6.016700752778253e-20, nan 
-11.875, 80.625, 1.1669922497729367e-19, nan 
-11.625, 80.625, 1.0751580426040736e-19, nan 
-11.375, 80.625, 6.534514405263682e-20, nan 
-11.125, 80.625, 5.2751486794794743e-20, nan 
-10.875, 80.625, 1.3144690746882753e-19, nan 
-10.625, 80.625, 2.308121188570666e-19, nan 
-10.375, 80.625, 2.097825585891942e-19, nan 
-10.125, 80.625, 6.198121134018091e-20, nan 
-9.875, 80.625, 1.3522228962751546e-19, nan 
-9.625, 80.625, 1.0710564831362733e-19, nan 
-9.375, 80.625, 1.7686655573120768e-19, nan 
-9.125, 80.625, 2.995978191055814e-19, nan 
-8.875, 80.625, 4.780758779057558e-19, nan 
-8.625, 80.625, 4.1025498603567175e-19, nan 
-8.375, 80.625, 2.369476467024218e-19, nan 
-8.125, 80.625, 2.309483841794016e-19, nan 
-7.875, 80.625, 2.304727624331093e-19, nan 
-7.625, 80.625, 2.4621054334216854e-19, nan 
-7.375, 80.625, 2.606067939312356e-19, nan 
-7.125, 80.625, 2.441417563745139e-19, nan 
-6.875, 80.625, 2.210804723940184e-19, nan 
-6.625, 80.625, 7.709695611940444e-20, nan 
-6.375, 80.625, 3.530964000938219e-20, nan 
-6.125, 80.625, 4.3703505876112217e-20, nan 
-5.875, 80.625, 4.802021928558971e-20, nan 
-5.625, 80.625, 6.262804427921697e-20, nan 
-5.375, 80.625, 5.2973445716510373e-20, nan 
-5.125, 80.625, 4.272262975237703e-20, nan 
-4.875, 80.625, 4.602702982470069e-20, nan 
-4.625, 80.625, 4.115711416581351e-20, nan 
-4.375, 80.625, 3.806051176552054e-20, nan 
-4.125, 80.625, 6.330788556778694e-20, nan 
-3.875, 80.625, 7.152486710195458e-20, nan 
-3.625, 80.625, 6.352915428057339e-20, nan 
-3.375, 80.625, 4.2716123182822544e-20, nan 
-3.125, 80.625, 4.082179460308115e-20, nan 
-2.875, 80.625, 4.583965618560297e-20, nan 
-2.625, 80.625, 4.595960590516841e-20, nan 
-2.375, 80.625, 5.40111550511111e-20, nan 
-2.125, 80.625, 6.332420116080627e-20, nan 
-1.875, 80.625, 6.72810381085837e-20, nan 
-1.625, 80.625, 6.622608912531958e-20, nan 
-1.375, 80.625, 6.71364102263441e-20, nan 
-1.125, 80.625, 6.539764528297673e-20, nan 
-0.875, 80.625, 6.455103245443418e-20, nan 
-0.625, 80.625, 5.741831613040074e-20, nan 
-0.375, 80.625, 6.384309551455611e-20, nan 
-0.125, 80.625, 6.491490090811324e-20, nan 
0.125, 80.625, 7.968087666484551e-20, nan 
0.375, 80.625, 1.0894962443095458e-19, nan 
0.625, 80.625, 1.2889559388570683e-19, nan 
0.875, 80.625, 9.288325692031922e-20, nan 
1.125, 80.625, 5.332265408178535e-20, nan 
1.375, 80.625, 2.6239986987764896e-20, nan 
1.625, 80.625, 3.106686843296166e-20, nan 
1.875, 80.625, 6.079930166852994e-20, nan 
2.125, 80.625, 1.2542627651590641e-19, nan 
2.375, 80.625, 1.6826400171495595e-19, nan 
2.625, 80.625, 1.0982364643105827e-19, nan 
2.875, 80.625, 9.226218212699701e-20, nan 
3.125, 80.625, 9.328028082364011e-20, nan 
3.375, 80.625, 7.612407492224695e-20, nan 
3.625, 80.625, 6.715562645857707e-20, nan 
3.875, 80.625, 9.363454414610396e-20, nan 
4.125, 80.625, 8.819797771422338e-20, nan 
4.375, 80.625, 6.290168662797814e-20, nan 
4.625, 80.625, 3.5633586496644275e-20, nan 
4.875, 80.625, 2.7981747551591874e-20, nan 
5.125, 80.625, 3.3489498939312653e-20, nan 
5.375, 80.625, 2.6772197886114438e-20, nan 
5.625, 80.625, 1.8559071325601955e-20, nan 
5.875, 80.625, 1.618761286480941e-20, nan 
6.125, 80.625, 1.9248113204177902e-20, nan 
6.375, 80.625, 1.6937199337953194e-20, nan 
6.625, 80.625, 1.7880459734994853e-20, nan 
6.875, 80.625, 1.7899577093969786e-20, nan 
7.125, 80.625, 1.644695495956361e-20, nan 
7.375, 80.625, 1.9282293427773836e-20, nan 
7.625, 80.625, 2.566489024539509e-20, nan 
7.875, 80.625, 3.512884396601042e-20, nan 
8.125, 80.625, 4.730482400877847e-20, nan 
8.375, 80.625, 4.033730586863534e-20, nan 
8.625, 80.625, 3.897136601779727e-20, nan 
8.875, 80.625, 3.385404186172871e-20, nan 
9.125, 80.625, 2.4637879156660207e-20, nan 
9.375, 80.625, 2.5531627301093258e-20, nan 
9.625, 80.625, 4.6144567439608147e-20, nan 
9.875, 80.625, 6.980310944640884e-20, nan 
10.125, 80.625, 6.169074229304596e-20, nan 
10.375, 80.625, 5.814042736732299e-20, nan 
10.625, 80.625, 4.474340992984149e-20, nan 
10.875, 80.625, 3.1323280117601733e-20, nan 
11.125, 80.625, 3.1000509434596914e-20, nan 
11.375, 80.625, 3.850671055772701e-20, nan 
11.625, 80.625, 3.943390676754703e-20, nan 
11.875, 80.625, 3.0915553288262554e-20, nan 
12.125, 80.625, 2.380188246634157e-20, nan 
12.375, 80.625, 1.4250286651681675e-20, nan 
12.625, 80.625, 1.9876386313021113e-20, nan 
12.875, 80.625, 2.589823953102312e-20, nan 
13.125, 80.625, 3.232284307450826e-20, nan 
13.375, 80.625, 3.5488866798330796e-20, nan 
13.625, 80.625, 2.8294525966589454e-20, nan 
13.875, 80.625, 2.4375902252918716e-20, nan 
14.125, 80.625, 2.004215094427037e-20, nan 
14.375, 80.625, 2.0347017817285835e-20, nan 
14.625, 80.625, 1.922172812931995e-20, nan 
14.875, 80.625, 1.9239226587540547e-20, nan 
15.125, 80.625, 2.4076345674458015e-20, nan 
15.375, 80.625, 1.965010081616689e-20, nan 
15.625, 80.625, 2.2372687054761827e-20, nan 
15.875, 80.625, 2.0609790013434408e-20, nan 
16.125, 80.625, 2.1885656296616456e-20, nan 
16.375, 80.625, 2.0255338369432383e-20, nan 
16.625, 80.625, 1.8712787538513057e-20, nan 
16.875, 80.625, 1.6724776008669217e-20, nan 
17.125, 80.625, 1.896021761916652e-20, nan 
17.375, 80.625, 1.794876846984526e-20, nan 
17.625, 80.625, 1.6461794759723995e-20, nan 
17.875, 80.625, 6.258364574205594e-21, nan 
18.125, 80.625, 1.447461317986674e-20, nan 
18.375, 80.625, 1.4015583448368484e-20, nan 
18.625, 80.625, 1.486015281429975e-20, nan 
18.875, 80.625, 1.552054786810384e-20, nan 
19.125, 80.625, 1.630109856117808e-20, nan 
19.375, 80.625, 1.5661955163714955e-20, nan 
19.625, 80.625, 1.5605128278432366e-20, nan 
19.875, 80.625, 1.0181326147123401e-20, nan 
20.125, 80.625, 6.894216089536547e-21, nan 
20.375, 80.625, 6.1266034638576836e-21, nan 
20.625, 80.625, 7.783001753967442e-21, nan 
20.875, 80.625, 1.2501632474009286e-20, nan 
21.125, 80.625, 1.4293879411362078e-20, nan 
21.375, 80.625, 1.43128334663816e-20, nan 
21.625, 80.625, 9.326372021737772e-21, nan 
21.875, 80.625, 1.6913528710510045e-20, nan 
22.125, 80.625, 1.5894301221666785e-20, nan 
22.375, 80.625, 1.518777251264993e-20, nan 
22.625, 80.625, 1.485088189583156e-20, nan 
22.875, 80.625, 1.3299630305036595e-20, nan 
23.125, 80.625, 5.002400476809561e-21, nan 
23.375, 80.625, 1.0889855709640396e-20, nan 
23.625, 80.625, 1.4506245887367424e-20, nan 
23.875, 80.625, 1.7215901694893603e-20, nan 
24.125, 80.625, 1.6161242853650743e-20, nan 
24.375, 80.625, 1.4612499201677423e-20, nan 
24.625, 80.625, 1.0924983729148143e-20, nan 
24.875, 80.625, 5.482466002351334e-21, nan 
25.125, 80.625, 1.3561685484855514e-20, nan 
25.375, 80.625, 9.925438706941827e-21, nan 
25.625, 80.625, 1.1427163611441443e-20, nan 
25.875, 80.625, 8.938211608542136e-21, nan 
26.125, 80.625, 6.75438771034028e-21, nan 
26.375, 80.625, 4.2622445763095605e-21, nan 
26.625, 80.625, 6.6872226241614854e-21, nan 
26.875, 80.625, 8.712300012690051e-21, nan 
27.125, 80.625, 6.68493700297604e-21, nan 
27.375, 80.625, 7.128513093621484e-21, nan 
27.625, 80.625, 6.016696046144154e-21, nan 
27.875, 80.625, 5.136275417078591e-21, nan 
28.125, 80.625, 4.710585567519936e-21, nan 
28.375, 80.625, 4.0889026584674154e-21, nan 
28.625, 80.625, 3.105865445848695e-21, nan 
28.875, 80.625, 3.781108441721291e-21, nan 
29.125, 80.625, 3.633056463141528e-21, nan 
29.375, 80.625, 6.0820412281582486e-21, nan 
29.625, 80.625, 4.76467977499647e-21, nan 
29.875, 80.625, 7.337737118088097e-21, nan 
30.125, 80.625, 4.602781148925234e-21, nan 
30.375, 80.625, 2.739627370478327e-21, nan 
30.625, 80.625, 3.8415944315173565e-21, nan 
30.875, 80.625, 4.569979318389195e-21, nan 
31.125, 80.625, 3.536094291441582e-21, nan 
31.375, 80.625, 3.1043158947540957e-21, nan 
31.625, 80.625, 5.1098678176960956e-21, nan 
31.875, 80.625, 4.522016889054781e-21, nan 
32.125, 80.625, 5.295919076025824e-21, nan 
32.375, 80.625, 5.09674855583524e-21, nan 
32.625, 80.625, 6.107927775007544e-21, nan 
32.875, 80.625, 5.564053397560175e-21, nan 
33.125, 80.625, 5.588410176315615e-21, nan 
33.375, 80.625, 5.098457155002155e-21, nan 
33.625, 80.625, 5.109350499347841e-21, nan 
33.875, 80.625, 5.1289789379817516e-21, nan 
34.125, 80.625, 5.127626966788148e-21, nan 
34.375, 80.625, 6.169236758972258e-21, nan 
34.625, 80.625, 5.577561595908607e-21, nan 
34.875, 80.625, 4.9196211148775905e-21, nan 
35.125, 80.625, 1.3813939961222468e-21, nan 
35.375, 80.625, 2.5103175736089672e-21, nan 
35.625, 80.625, 5.050096825174612e-21, nan 
35.875, 80.625, 1.85234889332214e-21, nan 
36.125, 80.625, 4.324147576914313e-21, nan 
36.375, 80.625, 3.560386902079493e-21, nan 
36.625, 80.625, 4.377344419180321e-21, nan 
36.875, 80.625, 5.1722867434021475e-21, nan 
37.125, 80.625, 2.8683996396836455e-21, nan 
37.375, 80.625, 1.799285673787941e-21, nan 
37.625, 80.625, 1.095980644802714e-21, nan 
37.875, 80.625, 1.165876008060774e-21, nan 
38.125, 80.625, 1.7003469625014813e-21, nan 
38.375, 80.625, 1.4863047853944786e-21, nan 
38.625, 80.625, 1.6236475658970375e-21, nan 
38.875, 80.625, 3.6762012664792097e-22, nan 
39.125, 80.625, 5.771221048492978e-22, nan 
39.375, 80.625, 6.728436434595911e-22, nan 
39.625, 80.625, 5.983195276048149e-22, nan 
39.875, 80.625, 7.005380254413723e-22, nan 
40.125, 80.625, 1.0388228997666197e-21, nan 
40.375, 80.625, 8.179311285688174e-22, nan 
40.625, 80.625, 1.0192119664761805e-21, nan 
40.875, 80.625, 1.2220563484946601e-21, nan 
41.125, 80.625, 1.042668418210642e-21, nan 
41.375, 80.625, 1.32386000073321e-21, nan 
41.625, 80.625, 1.2824715121635854e-21, nan 
41.875, 80.625, 9.575070820416557e-22, nan 
42.125, 80.625, 1.537018157778009e-21, nan 
42.375, 80.625, 1.2211538702776189e-21, nan 
42.625, 80.625, 9.78674316256077e-22, nan 
42.875, 80.625, 8.599133041832949e-22, nan 
43.125, 80.625, 1.5549895259417123e-21, nan 
43.375, 80.625, 6.438780567824127e-22, nan 
43.625, 80.625, 8.913663084643203e-22, nan 
43.875, 80.625, 9.192590397763624e-22, nan 
44.125, 80.625, 8.639012109285847e-22, nan 
44.375, 80.625, 9.088780314445331e-22, nan 
44.625, 80.625, 9.595096726969875e-22, nan 
44.875, 80.625, 8.748788004590537e-22, nan 
45.125, 80.625, 7.260283643650466e-22, nan 
45.375, 80.625, 7.525493758741711e-22, nan 
45.625, 80.625, 6.038549036688867e-22, nan 
45.875, 80.625, 5.267388290320694e-22, nan 
46.125, 80.625, 2.300201458431456e-22, nan 
46.375, 80.625, 2.0503825860924862e-22, nan 
46.625, 80.625, 3.525176403028485e-22, nan 
46.875, 80.625, 3.8745178592506383e-22, nan 
47.125, 80.625, 8.867526204053322e-23, nan 
47.375, 80.625, 1.424686969021502e-22, nan 
47.625, 80.625, 8.503167163059147e-23, nan 
47.875, 80.625, 8.167281235291904e-23, nan 
48.125, 80.625, 7.154610909876906e-23, nan 
48.375, 80.625, 7.553975266711256e-23, nan 
48.625, 80.625, 1.0344155765016209e-22, nan 
48.875, 80.625, 1.046307540163369e-22, nan 
49.125, 80.625, 9.159463167431978e-23, nan 
49.375, 80.625, 8.560622700392404e-23, nan 
49.625, 80.625, 1.67451830300566e-22, nan 
49.875, 80.625, 1.1354798210714808e-22, nan 
50.125, 80.625, 1.9931824281938509e-22, nan 
50.375, 80.625, 1.3852322253545837e-22, nan 
50.625, 80.625, 1.2961866855983826e-22, nan 
50.875, 80.625, 9.931546605166247e-23, nan 
51.125, 80.625, 8.16447690908572e-23, nan 
51.375, 80.625, 8.032283368841789e-23, nan 
51.625, 80.625, 5.894419031375616e-23, nan 
51.875, 80.625, 1.5025553094423966e-22, nan 
52.125, 80.625, 1.6239419486642254e-22, nan 
52.375, 80.625, 1.8210242558112645e-22, nan 
52.625, 80.625, 2.014652341816228e-22, nan 
52.875, 80.625, 1.4597929548951338e-22, nan 
53.125, 80.625, 2.3998646028259707e-22, nan 
53.375, 80.625, 1.2405089621281996e-22, nan 
53.625, 80.625, 2.8462491716709175e-22, nan 
53.875, 80.625, 2.5701473686387944e-22, nan 
54.125, 80.625, 1.6040233371178989e-22, nan 
54.375, 80.625, 3.165335916268829e-22, nan 
54.625, 80.625, 5.053147515162195e-22, nan 
54.875, 80.625, 8.149772492480741e-23, nan 
55.125, 80.625, 6.461163881296073e-23, nan 
55.375, 80.625, 1.0628515865073779e-22, nan 
55.625, 80.625, 1.6927422937921492e-22, nan 
55.875, 80.625, 1.9713387475514795e-22, nan 
56.125, 80.625, 1.6819017371926474e-22, nan 
56.375, 80.625, 2.071831889830317e-22, nan 
56.625, 80.625, 1.9916912881932279e-22, nan 
56.875, 80.625, 2.337332537732752e-22, nan 
57.125, 80.625, 2.129622394148626e-22, nan 
57.375, 80.625, 2.526828096534676e-22, nan 
57.625, 80.625, 3.0664429790551523e-22, nan 
57.875, 80.625, 6.630304851417121e-22, nan 
58.125, 80.625, 5.324233327295571e-22, nan 
58.375, 80.625, 5.42847994409174e-22, nan 
58.625, 80.625, 3.255754241658863e-22, nan 
58.875, 80.625, 4.067530271273366e-22, nan 
59.125, 80.625, 3.6062138048966892e-22, nan 
59.375, 80.625, 3.547070108473239e-22, nan 
59.625, 80.625, 3.114555680277518e-22, nan 
59.875, 80.625, 2.748832758520196e-22, nan 
60.125, 80.625, 2.5146817874382125e-22, nan 
60.375, 80.625, 1.7191567648285848e-22, nan 
60.625, 80.625, 1.9638884943994338e-22, nan 
60.875, 80.625, 1.7950997831251126e-22, nan 
61.125, 80.625, 1.6190219063475628e-22, nan 
61.375, 80.625, 1.4398301813219918e-22, nan 
61.625, 80.625, 1.2877099474451287e-22, nan 
61.875, 80.625, 1.165444977590616e-22, nan 
62.125, 80.625, 9.730045617586256e-23, nan 
62.375, 80.625, 1.2345444380001467e-22, nan 
62.625, 80.625, 9.330087311513868e-23, nan 
62.875, 80.625, 1.2850668062991265e-22, nan 
63.125, 80.625, 1.0268836135404271e-22, nan 
63.375, 80.625, 1.1308919142437188e-22, nan 
63.625, 80.625, 1.063053685690892e-22, nan 
63.875, 80.625, 8.976414918105654e-23, nan 
64.125, 80.625, 7.536284043189318e-23, nan 
64.375, 80.625, 6.25556184009553e-23, nan 
64.625, 80.625, 7.132009628036122e-23, nan 
64.875, 80.625, 6.346270280910086e-23, nan 
65.125, 80.625, 6.143142194395024e-23, nan 
65.375, 80.625, 6.327502836169255e-23, nan 
65.625, 80.625, 5.981445134997663e-23, nan 
65.875, 80.625, 5.323899390844125e-23, nan 
66.125, 80.625, 6.363357171597443e-23, nan 
66.375, 80.625, 8.997198545095245e-23, nan 
66.625, 80.625, 6.628655126631726e-23, nan 
66.875, 80.625, 7.496684783691877e-23, nan 
67.125, 80.625, 4.584221678157517e-23, nan 
67.375, 80.625, 5.628650957900938e-23, nan 
67.625, 80.625, 5.571389181092456e-23, nan 
67.875, 80.625, 5.673615032635725e-23, nan 
68.125, 80.625, 6.360749376297206e-23, nan 
68.375, 80.625, 6.831461056662198e-23, nan 
68.625, 80.625, 6.52606937607159e-23, nan 
68.875, 80.625, 6.549041633687815e-23, nan 
69.125, 80.625, 5.921855601542396e-23, nan 
69.375, 80.625, 5.2739087845550796e-23, nan 
69.625, 80.625, 6.41512984915095e-23, nan 
69.875, 80.625, 7.024760206231332e-23, nan 
70.125, 80.625, 7.07814341667791e-23, nan 
70.375, 80.625, 7.120716539933851e-23, nan 
70.625, 80.625, 7.138878858141877e-23, nan 
70.875, 80.625, 7.128147037473881e-23, nan 
71.125, 80.625, 6.407635223242568e-23, nan 
71.375, 80.625, 5.350453145537082e-23, nan 
71.625, 80.625, 6.695578773600864e-23, nan 
71.875, 80.625, 1.8395213390462107e-22, nan 
72.125, 80.625, 2.220129185269162e-22, nan 
72.375, 80.625, 1.8701998846075228e-22, nan 
72.625, 80.625, 1.3109117295163551e-22, nan 
72.875, 80.625, 1.1929758451859863e-22, nan 
73.125, 80.625, 1.5408636640363843e-22, nan 
73.375, 80.625, 1.3729356477834795e-22, nan 
73.625, 80.625, 1.444882954892374e-22, nan 
73.875, 80.625, 1.2145284560848446e-22, nan 
74.125, 80.625, 1.1571107145116e-22, nan 
74.375, 80.625, 1.0336372731125149e-22, nan 
74.625, 80.625, 8.169433295305615e-23, nan 
74.875, 80.625, 6.019255021512396e-23, nan 
75.125, 80.625, 4.5902793181021006e-23, nan 
75.375, 80.625, 4.475871429440715e-23, nan 
75.625, 80.625, 3.72618666473025e-23, nan 
75.875, 80.625, 3.996046029403984e-23, nan 
76.125, 80.625, 4.482942639317582e-23, nan 
76.375, 80.625, 3.8675061093668805e-23, nan 
76.625, 80.625, 4.045192167897391e-23, nan 
76.875, 80.625, 3.5735116052255294e-23, nan 
77.125, 80.625, 3.363600178767806e-23, nan 
77.375, 80.625, 3.353576915739722e-23, nan 
77.625, 80.625, 3.318400710154684e-23, nan 
77.875, 80.625, 4.133982901576685e-23, nan 
78.125, 80.625, 4.9469037654636363e-23, nan 
78.375, 80.625, 5.044585409947118e-23, nan 
78.625, 80.625, 6.091597065053269e-23, nan 
78.875, 80.625, 6.390978167694161e-23, nan 
79.125, 80.625, 6.924888829489162e-23, nan 
79.375, 80.625, 7.701844852535164e-23, nan 
79.625, 80.625, 6.650656291486482e-23, nan 
79.875, 80.625, 4.960409474041192e-23, nan 
80.125, 80.625, 6.353359384148223e-23, nan 
80.375, 80.625, 5.633717563204163e-23, nan 
80.625, 80.625, 4.690661518740816e-23, nan 
80.875, 80.625, 4.478208466356258e-23, nan 
81.125, 80.625, 4.7827195969787896e-23, nan 
81.375, 80.625, 3.5649705902038575e-23, nan 
81.625, 80.625, 3.814866719683989e-23, nan 
81.875, 80.625, 3.5400333883453205e-23, nan 
82.125, 80.625, 3.026019212896618e-23, nan 
82.375, 80.625, 3.180997593461841e-23, nan 
82.625, 80.625, 3.0085431615002797e-23, nan 
82.875, 80.625, 3.1055914139320767e-23, nan 
83.125, 80.625, 3.0612377088805896e-23, nan 
83.375, 80.625, 2.8112235034053723e-23, nan 
83.625, 80.625, 2.5465347459130277e-23, nan 
83.875, 80.625, 2.7643762052524885e-23, nan 
84.125, 80.625, 2.7046009593111773e-23, nan 
84.375, 80.625, 2.477906297171621e-23, nan 
84.625, 80.625, 2.3613871154478992e-23, nan 
84.875, 80.625, 1.982230686631296e-23, nan 
85.125, 80.625, 1.6446507045566035e-23, nan 
85.375, 80.625, 1.8809773079454086e-23, nan 
85.625, 80.625, 2.0061157843940477e-23, nan 
85.875, 80.625, 2.0314548225004328e-23, nan 
86.125, 80.625, 2.302759965810433e-23, nan 
86.375, 80.625, 1.8814680316056928e-23, nan 
86.625, 80.625, 2.0273052371086018e-23, nan 
86.875, 80.625, 2.0370833894971156e-23, nan 
87.125, 80.625, 2.1225130145658454e-23, nan 
87.375, 80.625, 1.9457477036893725e-23, nan 
87.625, 80.625, 1.6794570732931676e-23, nan 
87.875, 80.625, 1.632388741326107e-23, nan 
88.125, 80.625, 1.6595295533244335e-23, nan 
88.375, 80.625, 1.3826598587480015e-23, nan 
88.625, 80.625, 1.3862969105349407e-23, nan 
88.875, 80.625, 1.5801284784102263e-23, nan 
89.125, 80.625, 1.6097760096823717e-23, nan 
89.375, 80.625, 1.7472897625897207e-23, nan 
89.625, 80.625, 1.959557811801565e-23, nan 
89.875, 80.625, 1.984844359461135e-23, nan 
90.125, 80.625, 1.7431943299757123e-23, nan 
90.375, 80.625, 1.7340259151765717e-23, nan 
90.625, 80.625, 1.4905184052629197e-23, nan 
90.875, 80.625, 1.6326106559052242e-23, nan 
91.125, 80.625, 1.6228008916531762e-23, nan 
91.375, 80.625, 1.3485125719534623e-23, nan 
91.625, 80.625, 1.2027438029686893e-23, nan 
91.875, 80.625, 1.5715095422443566e-23, nan 
92.125, 80.625, 1.5387599028455918e-23, nan 
92.375, 80.625, 1.476466801516205e-23, nan 
92.625, 80.625, 1.2026606194919284e-23, nan 
92.875, 80.625, 1.2424447314457588e-23, nan 
93.125, 80.625, 1.148931737343451e-23, nan 
93.375, 80.625, 7.670480104563334e-24, nan 
93.625, 80.625, 6.2587941243304164e-24, nan 
93.875, 80.625, 7.740012017794955e-24, nan 
94.125, 80.625, 5.208640621480328e-24, nan 
94.375, 80.625, 4.836440650103971e-24, nan 
94.625, 80.625, 3.99867840796203e-24, nan 
94.875, 80.625, 5.342342158318812e-24, nan 
95.125, 80.625, 7.908236231805518e-24, nan 
95.375, 80.625, 6.690500886807655e-24, nan 
95.625, 80.625, 7.233571316611343e-24, nan 
95.875, 80.625, 7.73995781981653e-24, nan 
96.125, 80.625, 5.733580193907428e-24, nan 
96.375, 80.625, 4.534491366798585e-24, nan 
96.625, 80.625, 6.3236935755987165e-24, nan 
96.875, 80.625, 4.2470467812098115e-24, nan 
97.125, 80.625, 4.772717944717233e-24, nan 
97.375, 80.625, 3.033098828755291e-24, nan 
97.625, 80.625, 5.053687035312485e-24, nan 
97.875, 80.625, 3.920727583127578e-24, nan 
98.125, 80.625, 2.8765657211453167e-24, nan 
98.375, 80.625, 3.472086038708731e-24, nan 
98.625, 80.625, 2.472920841897297e-24, nan 
98.875, 80.625, 1.0669359530078245e-24, nan 
99.125, 80.625, 2.9653455387089174e-24, nan 
99.375, 80.625, 2.9594330752879647e-24, nan 
99.625, 80.625, 3.734996964374253e-24, nan 
99.875, 80.625, 3.58563135977242e-24, nan 
100.125, 80.625, 3.616854929212787e-24, nan 
100.375, 80.625, 4.840466052896913e-24, nan 
100.625, 80.625, 5.082797493192679e-24, nan 
100.875, 80.625, 4.857863501368213e-24, nan 
101.125, 80.625, 3.807714767703064e-24, nan 
101.375, 80.625, 3.2875096931474213e-24, nan 
101.625, 80.625, 4.578633005119765e-24, nan 
101.875, 80.625, 5.140197869629486e-24, nan 
102.125, 80.625, 5.6229740388057045e-24, nan 
102.375, 80.625, 6.666883876656855e-24, nan 
102.625, 80.625, 4.945133321188578e-24, nan 
102.875, 80.625, 4.461786226999733e-24, nan 
103.125, 80.625, 3.979534635978943e-24, nan 
103.375, 80.625, 4.209634531955116e-24, nan 
103.625, 80.625, 7.373919692999773e-24, nan 
103.875, 80.625, 5.496573606995033e-24, nan 
104.125, 80.625, 7.39806017928383e-24, nan 
104.375, 80.625, 6.0220177487558295e-24, nan 
104.625, 80.625, 8.394063450840788e-24, nan 
104.875, 80.625, 6.907161477302241e-24, nan 
105.125, 80.625, 5.783373541637808e-24, nan 
105.375, 80.625, 5.652103263524404e-24, nan 
105.625, 80.625, 4.788870580998876e-24, nan 
105.875, 80.625, 6.1298527123999444e-24, nan 
106.125, 80.625, 8.967904157992752e-24, nan 
106.375, 80.625, 1.339637971448552e-23, nan 
106.625, 80.625, 1.158049935471084e-23, nan 
106.875, 80.625, 8.069566440120472e-24, nan 
107.125, 80.625, 6.119635256835813e-24, nan 
107.375, 80.625, 3.4978520733418426e-24, nan 
107.625, 80.625, 4.237767212925871e-24, nan 
107.875, 80.625, 6.009397015146437e-24, nan 
108.125, 80.625, 8.194723286938391e-24, nan 
108.375, 80.625, 7.248399164141215e-24, nan 
108.625, 80.625, 5.4338421915078336e-24, nan 
108.875, 80.625, 4.629272308788881e-24, nan 
109.125, 80.625, 3.2476391662428933e-24, nan 
109.375, 80.625, 5.16886368559187e-24, nan 
109.625, 80.625, 4.243268400103991e-24, nan 
109.875, 80.625, 4.8985466486368874e-24, nan 
110.125, 80.625, 3.433736618370991e-24, nan 
110.375, 80.625, 2.7873204970363895e-24, nan 
110.625, 80.625, 4.328997707361937e-24, nan 
110.875, 80.625, 3.0706919288755076e-24, nan 
111.125, 80.625, 6.912999970445702e-24, nan 
111.375, 80.625, 4.6888588813591754e-24, nan 
111.625, 80.625, 6.586182067822372e-24, nan 
111.875, 80.625, 2.7008103952682952e-24, nan 
112.125, 80.625, 1.3518609021289941e-24, nan 
112.375, 80.625, 2.1809351109032707e-24, nan 
112.625, 80.625, 4.2605288855407455e-24, nan 
112.875, 80.625, 5.963195574976922e-24, nan 
113.125, 80.625, 7.237543829526977e-24, nan 
113.375, 80.625, 6.053192301672769e-24, nan 
113.625, 80.625, 4.359394930505533e-24, nan 
113.875, 80.625, 3.0032051878028832e-24, nan 
114.125, 80.625, 2.57390858684566e-24, nan 
114.375, 80.625, 4.132670754962244e-24, nan 
114.625, 80.625, 4.52368918378513e-24, nan 
114.875, 80.625, 6.117558708967457e-24, nan 
115.125, 80.625, 5.805666735820899e-24, nan 
115.375, 80.625, 4.7980370129357215e-24, nan 
115.625, 80.625, 4.1452277762140025e-24, nan 
115.875, 80.625, 2.92285852445883e-24, nan 
116.125, 80.625, 2.944748717950565e-24, nan 
116.375, 80.625, 2.882707330715302e-24, nan 
116.625, 80.625, 2.1194784357140873e-24, nan 
116.875, 80.625, 3.3036777937144175e-24, nan 
117.125, 80.625, 2.9304778146345582e-24, nan 
117.375, 80.625, 2.147846269178492e-24, nan 
117.625, 80.625, 3.602575856368543e-24, nan 
117.875, 80.625, 4.3098774076682874e-24, nan 
118.125, 80.625, 5.551950892558405e-24, nan 
118.375, 80.625, 5.788483561349625e-24, nan 
118.625, 80.625, 3.070824421885089e-24, nan 
118.875, 80.625, 3.902760035927506e-24, nan 
119.125, 80.625, 3.0994833080347072e-24, nan 
119.375, 80.625, 3.7254917551071295e-24, nan 
119.625, 80.625, 2.8563999786354162e-24, nan 
119.875, 80.625, 4.6651816854427405e-24, nan 
120.125, 80.625, 4.615494097768149e-24, nan 
120.375, 80.625, 2.58542885974559e-24, nan 
120.625, 80.625, 1.6172005967954381e-24, nan 
120.875, 80.625, 2.0572132991291177e-24, nan 
121.125, 80.625, 1.79974923698525e-24, nan 
121.375, 80.625, 2.3219529365424202e-24, nan 
121.625, 80.625, 2.8106955962184357e-24, nan 
121.875, 80.625, 3.0042159695693178e-24, nan 
122.125, 80.625, 2.7355910176494817e-24, nan 
122.375, 80.625, 2.379533888222523e-24, nan 
122.625, 80.625, 2.1850200833963556e-24, nan 
122.875, 80.625, 9.90743720638323e-25, nan 
123.125, 80.625, 2.1843172975718e-24, nan 
123.375, 80.625, 2.706083464058534e-24, nan 
123.625, 80.625, 2.7343014513101246e-24, nan 
123.875, 80.625, 2.0959993021401343e-24, nan 
124.125, 80.625, 1.928550604556273e-24, nan 
124.375, 80.625, 1.865734370417838e-24, nan 
124.625, 80.625, 2.502504672491698e-24, nan 
124.875, 80.625, 2.2922460404983437e-24, nan 
125.125, 80.625, 2.954377124135629e-24, nan 
125.375, 80.625, 1.860295953653862e-24, nan 
125.625, 80.625, 1.4998902125867346e-24, nan 
125.875, 80.625, 1.066379173131305e-24, nan 
126.125, 80.625, 1.2011334457263439e-24, nan 
126.375, 80.625, 2.0540441454952995e-24, nan 
126.625, 80.625, 2.1577220956953165e-24, nan 
126.875, 80.625, 2.343858772086798e-24, nan 
127.125, 80.625, 1.9049734317138478e-24, nan 
127.375, 80.625, 2.0335247232527346e-24, nan 
127.625, 80.625, 1.2253958646128876e-24, nan 
127.875, 80.625, 7.987094729974283e-25, nan 
128.125, 80.625, 6.6133611560219615e-25, nan 
128.375, 80.625, 1.4301546712281149e-24, nan 
128.625, 80.625, 1.6747154291094804e-24, nan 
128.875, 80.625, 1.8367586099170945e-24, nan 
129.125, 80.625, 1.7140163500779762e-24, nan 
129.375, 80.625, 1.9829012318895195e-24, nan 
129.625, 80.625, 2.140171256570065e-24, nan 
129.875, 80.625, 2.1783968806691882e-24, nan 
130.125, 80.625, 1.5333231219488953e-24, nan 
130.375, 80.625, 1.2670330177980592e-24, nan 
130.625, 80.625, 1.661074675182713e-24, nan 
130.875, 80.625, 8.287924532999411e-25, nan 
131.125, 80.625, 1.8171925338155724e-24, nan 
131.375, 80.625, 3.4484485581798825e-24, nan 
131.625, 80.625, 4.168298918045601e-24, nan 
131.875, 80.625, 2.781785717193778e-24, nan 
132.125, 80.625, 2.824763171549208e-24, nan 
132.375, 80.625, 4.22854738071664e-24, nan 
132.625, 80.625, 3.280542940989279e-24, nan 
132.875, 80.625, 3.799111505018518e-24, nan 
133.125, 80.625, 3.383147950513287e-24, nan 
133.375, 80.625, 3.1121685160851615e-24, nan 
133.625, 80.625, 2.4748816996083137e-24, nan 
133.875, 80.625, 2.5742769546839872e-24, nan 
134.125, 80.625, 2.929297489291536e-24, nan 
134.375, 80.625, 2.612366687262291e-24, nan 
134.625, 80.625, 3.014344898603507e-24, nan 
134.875, 80.625, 2.382836269971946e-24, nan 
135.125, 80.625, 1.8196171856344274e-24, nan 
135.375, 80.625, 1.2447613659303512e-24, nan 
135.625, 80.625, 1.0048455495664003e-24, nan 
135.875, 80.625, 1.1830886041502806e-24, nan 
136.125, 80.625, 1.1302804536934139e-24, nan 
136.375, 80.625, 9.098011501450276e-25, nan 
136.625, 80.625, 1.1333664430214801e-24, nan 
136.875, 80.625, 1.3245811201035412e-24, nan 
137.125, 80.625, 9.856675353438e-25, nan 
137.375, 80.625, 7.483189557452802e-25, nan 
137.625, 80.625, 1.069588522320773e-24, nan 
137.875, 80.625, 1.358762873461138e-24, nan 
138.125, 80.625, 9.165487984956746e-25, nan 
138.375, 80.625, 1.0214100177344039e-24, nan 
138.625, 80.625, 1.0950905274349856e-24, nan 
138.875, 80.625, 1.4281371705516417e-24, nan 
139.125, 80.625, 1.637123173190997e-24, nan 
139.375, 80.625, 1.5720993734143319e-24, nan 
139.625, 80.625, 1.5387481700449728e-24, nan 
139.875, 80.625, 1.94913479742642e-24, nan 
140.125, 80.625, 2.2758254338227343e-24, nan 
140.375, 80.625, 1.930631827626758e-24, nan 
140.625, 80.625, 1.992579125246155e-24, nan 
140.875, 80.625, 2.3287522437856826e-24, nan 
141.125, 80.625, 2.357646378821914e-24, nan 
141.375, 80.625, 3.0362340751366833e-24, nan 
141.625, 80.625, 3.0957833759194923e-24, nan 
141.875, 80.625, 2.7738861749281864e-24, nan 
142.125, 80.625, 3.40233316022834e-24, nan 
142.375, 80.625, 3.220654846478424e-24, nan 
142.625, 80.625, 3.48525331796178e-24, nan 
142.875, 80.625, 3.6119339100109125e-24, nan 
143.125, 80.625, 3.8606465547567225e-24, nan 
143.375, 80.625, 4.246944254261732e-24, nan 
143.625, 80.625, 3.9758493785682576e-24, nan 
143.875, 80.625, 3.7177276556451925e-24, nan 
144.125, 80.625, 4.0485963519153624e-24, nan 
144.375, 80.625, 4.195140714715801e-24, nan 
144.625, 80.625, 3.894745638751548e-24, nan 
144.875, 80.625, 4.119484311923903e-24, nan 
145.125, 80.625, 3.7758682335359995e-24, nan 
145.375, 80.625, 4.072229299575306e-24, nan 
145.625, 80.625, 4.03320271014243e-24, nan 
145.875, 80.625, 3.436893389785605e-24, nan 
146.125, 80.625, 3.434839382028691e-24, nan 
146.375, 80.625, 3.683570999244896e-24, nan 
146.625, 80.625, 3.540685637625213e-24, nan 
146.875, 80.625, 3.0022903319763794e-24, nan 
147.125, 80.625, 3.627069360174887e-24, nan 
147.375, 80.625, 3.70815836496329e-24, nan 
147.625, 80.625, 3.683065822535109e-24, nan 
147.875, 80.625, 3.6852772047994135e-24, nan 
148.125, 80.625, 3.569081274131998e-24, nan 
148.375, 80.625, 2.8681002549533416e-24, nan 
148.625, 80.625, 2.8918780839367195e-24, nan 
148.875, 80.625, 2.4501449932196247e-24, nan 
149.125, 80.625, 1.7402901798220774e-24, nan 
149.375, 80.625, 2.8529860562717446e-24, nan 
149.625, 80.625, 2.985975888864933e-24, nan 
149.875, 80.625, 3.1756432264553752e-24, nan 
150.125, 80.625, 3.6221216070445475e-24, nan 
150.375, 80.625, 4.000551401881803e-24, nan 
150.625, 80.625, 4.5283827706036055e-24, nan 
150.875, 80.625, 4.470632306149557e-24, nan 
151.125, 80.625, 3.8353087216667986e-24, nan 
151.375, 80.625, 3.1489375453332554e-24, nan 
151.625, 80.625, 3.796815227398836e-24, nan 
151.875, 80.625, 3.6500590596979986e-24, nan 
152.125, 80.625, 3.942919438724574e-24, nan 
152.375, 80.625, 4.185699184875016e-24, nan 
152.625, 80.625, 4.29778568685502e-24, nan 
152.875, 80.625, 4.073249031821766e-24, nan 
153.125, 80.625, 4.277685253769275e-24, nan 
153.375, 80.625, 4.463064334148638e-24, nan 
153.625, 80.625, 4.49394926046733e-24, nan 
153.875, 80.625, 5.313213918859766e-24, nan 
154.125, 80.625, 5.176398849198955e-24, nan 
154.375, 80.625, 4.9066047400596824e-24, nan 
154.625, 80.625, 5.3854829493789626e-24, nan 
154.875, 80.625, 6.0440949704756915e-24, nan 
155.125, 80.625, 5.5050930591504015e-24, nan 
155.375, 80.625, 5.5521246975053236e-24, nan 
155.625, 80.625, 5.9693538120496515e-24, nan 
155.875, 80.625, 5.700916583446116e-24, nan 
156.125, 80.625, 5.834913834027141e-24, nan 
156.375, 80.625, 6.212795855335194e-24, nan 
156.625, 80.625, 6.865616133042046e-24, nan 
156.875, 80.625, 5.817333958395604e-24, nan 
157.125, 80.625, 5.441917324250173e-24, nan 
157.375, 80.625, 8.34695947920514e-24, nan 
157.625, 80.625, 9.445100715895028e-24, nan 
157.875, 80.625, 8.9366267062478e-24, nan 
158.125, 80.625, 9.058498663879326e-24, nan 
158.375, 80.625, 1.0061900766488294e-23, nan 
158.625, 80.625, 1.0285078059849499e-23, nan 
158.875, 80.625, 1.0866745263961784e-23, nan 
159.125, 80.625, 1.1348340091468393e-23, nan 
159.375, 80.625, 9.948563651680887e-24, nan 
159.625, 80.625, 1.2781765904214539e-23, nan 
159.875, 80.625, 1.2314735725894552e-23, nan 
160.125, 80.625, 9.528525565361024e-24, nan 
160.375, 80.625, 1.1462673885067038e-23, nan 
160.625, 80.625, 1.0788106254918596e-23, nan 
160.875, 80.625, 1.1716425571786568e-23, nan 
161.125, 80.625, 1.1470239862453936e-23, nan 
161.375, 80.625, 1.2331373878086402e-23, nan 
161.625, 80.625, 1.2281812821137488e-23, nan 
161.875, 80.625, 1.0459257387426499e-23, nan 
162.125, 80.625, 1.0207405487234114e-23, nan 
162.375, 80.625, 9.083620672172743e-24, nan 
162.625, 80.625, 8.453014199911733e-24, nan 
162.875, 80.625, 8.516920864194957e-24, nan 
163.125, 80.625, 8.264533291358564e-24, nan 
163.375, 80.625, 7.538054778308915e-24, nan 
163.625, 80.625, 7.94312542420999e-24, nan 
163.875, 80.625, 7.995831435202453e-24, nan 
164.125, 80.625, 7.880309909072502e-24, nan 
164.375, 80.625, 7.652348879099272e-24, nan 
164.625, 80.625, 7.36478663120174e-24, nan 
164.875, 80.625, 7.074516494522469e-24, nan 
165.125, 80.625, 7.176411306160296e-24, nan 
165.375, 80.625, 7.3252996743758e-24, nan 
165.625, 80.625, 7.256534324248709e-24, nan 
165.875, 80.625, 6.80519958362435e-24, nan 
166.125, 80.625, 6.934074152450243e-24, nan 
166.375, 80.625, 7.186578428522779e-24, nan 
166.625, 80.625, 6.632210330085018e-24, nan 
166.875, 80.625, 6.385832511932864e-24, nan 
167.125, 80.625, 6.856600713256113e-24, nan 
167.375, 80.625, 6.4644064947686524e-24, nan 
167.625, 80.625, 6.290169366614998e-24, nan 
167.875, 80.625, 6.473546182627774e-24, nan 
168.125, 80.625, 6.437250210449092e-24, nan 
168.375, 80.625, 5.6611026969052616e-24, nan 
168.625, 80.625, 5.76813124153891e-24, nan 
168.875, 80.625, 5.013493883890932e-24, nan 
169.125, 80.625, 4.742749601175739e-24, nan 
169.375, 80.625, 4.589376003250295e-24, nan 
169.625, 80.625, 6.323706240755851e-24, nan 
169.875, 80.625, 7.900985875060262e-24, nan 
170.125, 80.625, 5.604607461446902e-24, nan 
170.375, 80.625, 7.13549200191594e-24, nan 
170.625, 80.625, 7.376722658161268e-24, nan 
170.875, 80.625, 7.436745617189696e-24, nan 
171.125, 80.625, 9.013286291015372e-24, nan 
171.375, 80.625, 9.185081322842878e-24, nan 
171.625, 80.625, 8.588120859931274e-24, nan 
171.875, 80.625, 9.035342110481515e-24, nan 
172.125, 80.625, 8.646889086706273e-24, nan 
172.375, 80.625, 9.400747691413796e-24, nan 
172.625, 80.625, 8.954932173804538e-24, nan 
172.875, 80.625, 9.414355503031573e-24, nan 
173.125, 80.625, 9.673858625625907e-24, nan 
173.375, 80.625, 8.548323546164286e-24, nan 
173.625, 80.625, 9.412161904463671e-24, nan 
173.875, 80.625, 9.662966689056054e-24, nan 
174.125, 80.625, 9.445531343746578e-24, nan 
174.375, 80.625, 8.377897799340904e-24, nan 
174.625, 80.625, 8.768278811825889e-24, nan 
174.875, 80.625, 9.090146114074008e-24, nan 
175.125, 80.625, 9.406332124237369e-24, nan 
175.375, 80.625, 8.464425274996825e-24, nan 
175.625, 80.625, 8.969907983848466e-24, nan 
175.875, 80.625, 8.087040094050744e-24, nan 
176.125, 80.625, 8.241923831633961e-24, nan 
176.375, 80.625, 8.403404147053532e-24, nan 
176.625, 80.625, 9.110599546449778e-24, nan 
176.875, 80.625, 8.32876713580991e-24, nan 
177.125, 80.625, 7.7413804588011e-24, nan 
177.375, 80.625, 8.054633947642213e-24, nan 
177.625, 80.625, 6.960152786262132e-24, nan 
177.875, 80.625, 7.19528666474587e-24, nan 
178.125, 80.625, 7.063633892827077e-24, nan 
178.375, 80.625, 6.56787760969925e-24, nan 
178.625, 80.625, 6.799749035177418e-24, nan 
178.875, 80.625, 6.535926343381447e-24, nan 
179.125, 80.625, 5.6167057553668984e-24, nan 
179.375, 80.625, 6.314456914245985e-24, nan 
179.625, 80.625, 5.4905343039771815e-24, nan 
179.875, 80.625, 5.3791141149856055e-24, nan 
-179.875, 80.875, 6.129983328438963e-24, nan 
-179.625, 80.875, 5.844595588708587e-24, nan 
-179.375, 80.875, 5.683292945512806e-24, nan 
-179.125, 80.875, 5.959744211912122e-24, nan 
-178.875, 80.875, 5.646811494276454e-24, nan 
-178.625, 80.875, 5.567977568337536e-24, nan 
-178.375, 80.875, 5.727683680690493e-24, nan 
-178.125, 80.875, 5.613916552704008e-24, nan 
-177.875, 80.875, 5.510194403130225e-24, nan 
-177.625, 80.875, 6.0238524554308996e-24, nan 
-177.375, 80.875, 5.604862435791547e-24, nan 
-177.125, 80.875, 5.689521817136289e-24, nan 
-176.875, 80.875, 5.6365780132578616e-24, nan 
-176.625, 80.875, 5.891263899824136e-24, nan 
-176.375, 80.875, 5.315350362193749e-24, nan 
-176.125, 80.875, 6.232746186826395e-24, nan 
-175.875, 80.875, 5.664398460748072e-24, nan 
-175.625, 80.875, 5.4438299872216125e-24, nan 
-175.375, 80.875, 5.50555924905549e-24, nan 
-175.125, 80.875, 5.166152720684488e-24, nan 
-174.875, 80.875, 5.135739996348127e-24, nan 
-174.625, 80.875, 5.152081159676964e-24, nan 
-174.375, 80.875, 4.7478722907808505e-24, nan 
-174.125, 80.875, 4.656933127454795e-24, nan 
-173.875, 80.875, 4.1560638282092826e-24, nan 
-173.625, 80.875, 4.051730799370106e-24, nan 
-173.375, 80.875, 4.302147821156222e-24, nan 
-173.125, 80.875, 3.743169148830791e-24, nan 
-172.875, 80.875, 2.5328633694352107e-24, nan 
-172.625, 80.875, 2.8858609373889423e-24, nan 
-172.375, 80.875, 2.2251355941525087e-24, nan 
-172.125, 80.875, 8.718528417660506e-25, nan 
-171.875, 80.875, 2.436175611899833e-24, nan 
-171.625, 80.875, 2.8842773432701845e-24, nan 
-171.375, 80.875, 2.171053111278412e-24, nan 
-171.125, 80.875, 4.2993029961254215e-24, nan 
-170.875, 80.875, 3.1312898889440673e-24, nan 
-170.625, 80.875, 2.644624183590549e-24, nan 
-170.375, 80.875, 5.187356445464552e-24, nan 
-170.125, 80.875, 3.0736776142882528e-24, nan 
-169.875, 80.875, 4.650221260941748e-24, nan 
-169.625, 80.875, 3.5785932974332294e-24, nan 
-169.375, 80.875, 3.4381616976505106e-24, nan 
-169.125, 80.875, 2.530861008123623e-24, nan 
-168.875, 80.875, 2.707207198340673e-24, nan 
-168.625, 80.875, 2.1647239252682483e-24, nan 
-168.375, 80.875, 2.086042924288166e-24, nan 
-168.125, 80.875, 2.7235985010788004e-24, nan 
-167.875, 80.875, 2.3534071396613455e-24, nan 
-167.625, 80.875, 2.3009479189719015e-24, nan 
-167.375, 80.875, 2.502349940824986e-24, nan 
-167.125, 80.875, 2.7402850213749957e-24, nan 
-166.875, 80.875, 2.6074693179123135e-24, nan 
-166.625, 80.875, 2.7461221654450663e-24, nan 
-166.375, 80.875, 2.6390039479550577e-24, nan 
-166.125, 80.875, 2.64066653205967e-24, nan 
-165.875, 80.875, 2.8238056688997407e-24, nan 
-165.625, 80.875, 3.1384891293808772e-24, nan 
-165.375, 80.875, 3.011929295526046e-24, nan 
-165.125, 80.875, 3.1106236719371303e-24, nan 
-164.875, 80.875, 2.8650554137785086e-24, nan 
-164.625, 80.875, 3.407348723702338e-24, nan 
-164.375, 80.875, 3.6846708218952416e-24, nan 
-164.125, 80.875, 3.4534731509368796e-24, nan 
-163.875, 80.875, 3.365385192710175e-24, nan 
-163.625, 80.875, 3.644549071992512e-24, nan 
-163.375, 80.875, 3.7845624174143156e-24, nan 
-163.125, 80.875, 3.444523565871163e-24, nan 
-162.875, 80.875, 3.989582921553846e-24, nan 
-162.625, 80.875, 4.370336870695638e-24, nan 
-162.375, 80.875, 3.789382120182341e-24, nan 
-162.125, 80.875, 3.726943770651507e-24, nan 
-161.875, 80.875, 3.994106404379875e-24, nan 
-161.625, 80.875, 4.29948711396745e-24, nan 
-161.375, 80.875, 4.061253664177327e-24, nan 
-161.125, 80.875, 4.43099884794584e-24, nan 
-160.875, 80.875, 4.228403097649907e-24, nan 
-160.625, 80.875, 3.9998824372962906e-24, nan 
-160.375, 80.875, 4.315472895191016e-24, nan 
-160.125, 80.875, 4.5610050221572716e-24, nan 
-159.875, 80.875, 4.231597457444668e-24, nan 
-159.625, 80.875, 4.281738340140701e-24, nan 
-159.375, 80.875, 4.4736340838091484e-24, nan 
-159.125, 80.875, 4.811195276802501e-24, nan 
-158.875, 80.875, 4.4612531176192206e-24, nan 
-158.625, 80.875, 4.488460094848261e-24, nan 
-158.375, 80.875, 5.052863892435295e-24, nan 
-158.125, 80.875, 4.6019496244656484e-24, nan 
-157.875, 80.875, 4.7376292744574045e-24, nan 
-157.625, 80.875, 4.988776302063193e-24, nan 
-157.375, 80.875, 4.899365203318427e-24, nan 
-157.125, 80.875, 5.088804853989288e-24, nan 
-156.875, 80.875, 5.058891717813404e-24, nan 
-156.625, 80.875, 5.029970730068195e-24, nan 
-156.375, 80.875, 4.893820944596718e-24, nan 
-156.125, 80.875, 5.019949961281589e-24, nan 
-155.875, 80.875, 5.120755336355808e-24, nan 
-155.625, 80.875, 5.40842709243211e-24, nan 
-155.375, 80.875, 4.907568019887866e-24, nan 
-155.125, 80.875, 5.1064935510086715e-24, nan 
-154.875, 80.875, 5.1691516950204845e-24, nan 
-154.625, 80.875, 5.2812684628092394e-24, nan 
-154.375, 80.875, 4.97191513664855e-24, nan 
-154.125, 80.875, 5.111390263940746e-24, nan 
-153.875, 80.875, 5.0888438485303304e-24, nan 
-153.625, 80.875, 4.957331909740485e-24, nan 
-153.375, 80.875, 5.217821187918877e-24, nan 
-153.125, 80.875, 5.0618590764366615e-24, nan 
-152.875, 80.875, 5.3137744996176916e-24, nan 
-152.625, 80.875, 4.853657435109223e-24, nan 
-152.375, 80.875, 5.229264317808947e-24, nan 
-152.125, 80.875, 5.139148697510586e-24, nan 
-151.875, 80.875, 4.7814819930758536e-24, nan 
-151.625, 80.875, 5.226745433715589e-24, nan 
-151.375, 80.875, 5.066146770683117e-24, nan 
-151.125, 80.875, 5.005473071113248e-24, nan 
-150.875, 80.875, 5.174866502588275e-24, nan 
-150.625, 80.875, 5.0656727579394934e-24, nan 
-150.375, 80.875, 4.854816643066866e-24, nan 
-150.125, 80.875, 4.85370686861603e-24, nan 
-149.875, 80.875, 4.844665244319188e-24, nan 
-149.625, 80.875, 4.853649444227223e-24, nan 
-149.375, 80.875, 4.7598173224680974e-24, nan 
-149.125, 80.875, 4.638741060986203e-24, nan 
-148.875, 80.875, 4.689564056794828e-24, nan 
-148.625, 80.875, 4.74372239106034e-24, nan 
-148.375, 80.875, 4.71418580204411e-24, nan 
-148.125, 80.875, 4.673356876896334e-24, nan 
-147.875, 80.875, 4.693245388220239e-24, nan 
-147.625, 80.875, 4.255346220488629e-24, nan 
-147.375, 80.875, 4.559500091202866e-24, nan 
-147.125, 80.875, 4.647951006269062e-24, nan 
-146.875, 80.875, 4.1995909248762216e-24, nan 
-146.625, 80.875, 4.383619833090261e-24, nan 
-146.375, 80.875, 4.362672136853148e-24, nan 
-146.125, 80.875, 4.087609215010097e-24, nan 
-145.875, 80.875, 4.064220814341053e-24, nan 
-145.625, 80.875, 4.124230311290278e-24, nan 
-145.375, 80.875, 4.189765044205742e-24, nan 
-145.125, 80.875, 4.29109326177272e-24, nan 
-144.875, 80.875, 4.232164504998777e-24, nan 
-144.625, 80.875, 4.037707256232569e-24, nan 
-144.375, 80.875, 4.2287684646699764e-24, nan 
-144.125, 80.875, 3.590084514747776e-24, nan 
-143.875, 80.875, 3.6014681068988306e-24, nan 
-143.625, 80.875, 4.254564855368433e-24, nan 
-143.375, 80.875, 4.056852746722669e-24, nan 
-143.125, 80.875, 3.839416553354342e-24, nan 
-142.875, 80.875, 3.875987375163898e-24, nan 
-142.625, 80.875, 3.702328625169176e-24, nan 
-142.375, 80.875, 3.436963974864517e-24, nan 
-142.125, 80.875, 3.648655222989455e-24, nan 
-141.875, 80.875, 3.804964490442653e-24, nan 
-141.625, 80.875, 3.9498272281691955e-24, nan 
-141.375, 80.875, 3.731606490082398e-24, nan 
-141.125, 80.875, 3.33370604025083e-24, nan 
-140.875, 80.875, 3.573399414652773e-24, nan 
-140.625, 80.875, 3.432331377345051e-24, nan 
-140.375, 80.875, 3.523335912464151e-24, nan 
-140.125, 80.875, 3.4733638146179456e-24, nan 
-139.875, 80.875, 3.487443097378809e-24, nan 
-139.625, 80.875, 3.575421170278097e-24, nan 
-139.375, 80.875, 3.6060203128172705e-24, nan 
-139.125, 80.875, 3.1665368579664856e-24, nan 
-138.875, 80.875, 3.426938222411826e-24, nan 
-138.625, 80.875, 3.6327593981679075e-24, nan 
-138.375, 80.875, 3.5684093136029274e-24, nan 
-138.125, 80.875, 3.313743045853747e-24, nan 
-137.875, 80.875, 3.4351925632094084e-24, nan 
-137.625, 80.875, 3.2725727296148775e-24, nan 
-137.375, 80.875, 3.2676263044198575e-24, nan 
-137.125, 80.875, 3.574754815365975e-24, nan 
-136.875, 80.875, 3.684819489804071e-24, nan 
-136.625, 80.875, 3.477632945777423e-24, nan 
-136.375, 80.875, 3.713174393841778e-24, nan 
-136.125, 80.875, 3.690557299985014e-24, nan 
-135.875, 80.875, 3.434233825261548e-24, nan 
-135.625, 80.875, 3.747614313728628e-24, nan 
-135.375, 80.875, 3.4423856016826484e-24, nan 
-135.125, 80.875, 3.834318352471203e-24, nan 
-134.875, 80.875, 3.954654139196669e-24, nan 
-134.625, 80.875, 4.0665200355290304e-24, nan 
-134.375, 80.875, 4.035019804167401e-24, nan 
-134.125, 80.875, 3.980415331610903e-24, nan 
-133.875, 80.875, 4.286331578272526e-24, nan 
-133.625, 80.875, 4.4309439929444706e-24, nan 
-133.375, 80.875, 4.425734033966505e-24, nan 
-133.125, 80.875, 4.6633751170061535e-24, nan 
-132.875, 80.875, 4.9201360259042346e-24, nan 
-132.625, 80.875, 5.186599033021219e-24, nan 
-132.375, 80.875, 5.366768956447332e-24, nan 
-132.125, 80.875, 5.352213947761581e-24, nan 
-131.875, 80.875, 5.8524373313215336e-24, nan 
-131.625, 80.875, 6.1858398184243066e-24, nan 
-131.375, 80.875, 6.2729606517975e-24, nan 
-131.125, 80.875, 6.472705103758261e-24, nan 
-130.875, 80.875, 6.795719429521422e-24, nan 
-130.625, 80.875, 7.66084817781432e-24, nan 
-130.375, 80.875, 7.807124444355024e-24, nan 
-130.125, 80.875, 8.174625487504307e-24, nan 
-129.875, 80.875, 8.366487954104267e-24, nan 
-129.625, 80.875, 8.637220603175333e-24, nan 
-129.375, 80.875, 9.0876609787395e-24, nan 
-129.125, 80.875, 9.170828999015207e-24, nan 
-128.875, 80.875, 9.989622992803131e-24, nan 
-128.625, 80.875, 1.0412129994427302e-23, nan 
-128.375, 80.875, 1.0919380586236684e-23, nan 
-128.125, 80.875, 1.1134977683673112e-23, nan 
-127.875, 80.875, 1.1859929908994755e-23, nan 
-127.625, 80.875, 1.2124943937328635e-23, nan 
-127.375, 80.875, 1.2587368128205683e-23, nan 
-127.125, 80.875, 1.3258685687739474e-23, nan 
-126.875, 80.875, 1.377152298470583e-23, nan 
-126.625, 80.875, 1.4536154675158175e-23, nan 
-126.375, 80.875, 1.5431480503504825e-23, nan 
-126.125, 80.875, 1.6982443527088402e-23, nan 
-125.875, 80.875, 1.869467752985522e-23, nan 
-125.625, 80.875, 1.8226407673667854e-23, nan 
-125.375, 80.875, 1.8994193493502945e-23, nan 
-125.125, 80.875, 2.067198709963694e-23, nan 
-124.875, 80.875, 2.3707747588020107e-23, nan 
-124.625, 80.875, 2.3575301810498302e-23, nan 
-124.375, 80.875, 2.574206506637957e-23, nan 
-124.125, 80.875, 2.728990293706484e-23, nan 
-123.875, 80.875, 2.8426253953919656e-23, nan 
-123.625, 80.875, 3.0237362253121057e-23, nan 
-123.375, 80.875, 2.8303478659697975e-23, nan 
-123.125, 80.875, 3.018030509100428e-23, nan 
-122.875, 80.875, 3.299062036525054e-23, nan 
-122.625, 80.875, 3.410668068901704e-23, nan 
-122.375, 80.875, 3.591331438705553e-23, nan 
-122.125, 80.875, 3.369531746591929e-23, nan 
-121.875, 80.875, 4.630823808775001e-23, nan 
-121.625, 80.875, 4.550518472405372e-23, nan 
-121.375, 80.875, 4.151582860411204e-23, nan 
-121.125, 80.875, 6.070877419592715e-23, nan 
-120.875, 80.875, 6.384782809604794e-23, nan 
-120.625, 80.875, 7.284818935051612e-23, nan 
-120.375, 80.875, 5.941165499519175e-23, nan 
-120.125, 80.875, 5.496410904915762e-23, nan 
-119.875, 80.875, 5.022344949678496e-23, nan 
-119.625, 80.875, 4.5166825672651685e-23, nan 
-119.375, 80.875, 4.146724313805123e-23, nan 
-119.125, 80.875, 5.19740153161357e-23, nan 
-118.875, 80.875, 6.217503403310357e-23, nan 
-118.625, 80.875, 5.037389867101121e-23, nan 
-118.375, 80.875, 4.8523052827614065e-23, nan 
-118.125, 80.875, 4.49958470596928e-23, nan 
-117.875, 80.875, 4.6720084672433296e-23, nan 
-117.625, 80.875, 4.588764605756743e-23, nan 
-117.375, 80.875, 5.1797066773352666e-23, nan 
-117.125, 80.875, 4.5892120021667586e-23, nan 
-116.875, 80.875, 4.6878030805104636e-23, nan 
-116.625, 80.875, 4.353782200014008e-23, nan 
-116.375, 80.875, 5.283757170966238e-23, nan 
-116.125, 80.875, 6.817960100416828e-23, nan 
-115.875, 80.875, 6.902849022145828e-23, nan 
-115.625, 80.875, 5.117104570454612e-23, nan 
-115.375, 80.875, 6.173581664902693e-23, nan 
-115.125, 80.875, 6.230883257007247e-23, nan 
-114.875, 80.875, 7.003327369144392e-23, nan 
-114.625, 80.875, 6.430024744877156e-23, nan 
-114.375, 80.875, 6.553079650001397e-23, nan 
-114.125, 80.875, 5.1708673764881174e-23, nan 
-113.875, 80.875, 7.439921658565218e-23, nan 
-113.625, 80.875, 7.69891222977901e-23, nan 
-113.375, 80.875, 7.877998192674509e-23, nan 
-113.125, 80.875, 8.503552355040934e-23, nan 
-112.875, 80.875, 7.424671253091541e-23, nan 
-112.625, 80.875, 4.848481539814504e-23, nan 
-112.375, 80.875, 9.82414171263661e-23, nan 
-112.125, 80.875, 1.387825434782131e-22, nan 
-111.875, 80.875, 1.4984619052388568e-22, nan 
-111.625, 80.875, 1.6429534174421429e-22, nan 
-111.375, 80.875, 1.7089856158737003e-22, nan 
-111.125, 80.875, 1.6203671083557918e-22, nan 
-110.875, 80.875, 1.6767021383737134e-22, nan 
-110.625, 80.875, 1.560970397193894e-22, nan 
-110.375, 80.875, 1.5508786319855946e-22, nan 
-110.125, 80.875, 2.0887507905297154e-22, nan 
-109.875, 80.875, 1.8382660374604233e-22, nan 
-109.625, 80.875, 2.3489389494286244e-22, nan 
-109.375, 80.875, 2.7840533191029184e-22, nan 
-109.125, 80.875, 2.248354131767652e-22, nan 
-108.875, 80.875, 2.626533990553797e-22, nan 
-108.625, 80.875, 2.729268736863736e-22, nan 
-108.375, 80.875, 2.955985384801543e-22, nan 
-108.125, 80.875, 3.3478290470750027e-22, nan 
-107.875, 80.875, 2.834693711138684e-22, nan 
-107.625, 80.875, 2.7069875302692227e-22, nan 
-107.375, 80.875, 3.0192624190128444e-22, nan 
-107.125, 80.875, 3.1707996795667287e-22, nan 
-106.875, 80.875, 3.2410867901512775e-22, nan 
-106.625, 80.875, 3.3231743807834427e-22, nan 
-106.375, 80.875, 3.5209989577017533e-22, nan 
-106.125, 80.875, 4.1313209356161944e-22, nan 
-105.875, 80.875, 3.7826339134319043e-22, nan 
-105.625, 80.875, 4.023921368070903e-22, nan 
-105.375, 80.875, 4.100403306406104e-22, nan 
-105.125, 80.875, 4.684096689257435e-22, nan 
-104.875, 80.875, 4.639844647370838e-22, nan 
-104.625, 80.875, 4.592443104216959e-22, nan 
-104.375, 80.875, 3.006228813331039e-22, nan 
-104.125, 80.875, 1.3017758955662128e-22, nan 
-103.875, 80.875, 2.1968957881717207e-22, nan 
-103.625, 80.875, 4.299214917592227e-22, nan 
-103.375, 80.875, 3.4980946943346102e-22, nan 
-103.125, 80.875, 2.8673085086986067e-22, nan 
-102.875, 80.875, 3.8764599068583133e-22, nan 
-102.625, 80.875, 4.945473620399401e-22, nan 
-102.375, 80.875, 5.494146440218703e-22, nan 
-102.125, 80.875, 5.52548376612101e-22, nan 
-101.875, 80.875, 6.440290423368189e-22, nan 
-101.625, 80.875, 6.806646113902511e-22, nan 
-101.375, 80.875, 7.00561555983234e-22, nan 
-101.125, 80.875, 7.423746934174024e-22, nan 
-100.875, 80.875, 7.165265246944395e-22, nan 
-100.625, 80.875, 6.588378407060334e-22, nan 
-100.375, 80.875, 6.452055718499575e-22, nan 
-100.125, 80.875, 7.426993409399611e-22, nan 
-99.875, 80.875, 8.343572831559734e-22, nan 
-99.625, 80.875, 8.399074987530293e-22, nan 
-99.375, 80.875, 8.779779466703781e-22, nan 
-99.125, 80.875, 7.744559234133704e-22, nan 
-98.875, 80.875, 5.155542183286048e-22, nan 
-98.625, 80.875, 4.554241919960542e-22, nan 
-98.375, 80.875, 1.5242147042741981e-22, nan 
-98.125, 80.875, 1.7526717683608285e-22, nan 
-97.875, 80.875, 1.7424992319707254e-22, nan 
-97.625, 80.875, 1.0757408077948588e-22, nan 
-97.375, 80.875, 1.2338112856965311e-22, nan 
-97.125, 80.875, 7.165602006370607e-23, nan 
-96.875, 80.875, 1.0851357360665975e-22, nan 
-96.625, 80.875, 1.0792000502234443e-22, nan 
-96.375, 80.875, 8.302833057732297e-23, nan 
-96.125, 80.875, 9.035542980844245e-23, nan 
-95.875, 80.875, 1.3334276918006374e-22, nan 
-95.625, 80.875, 1.2180426254320362e-22, nan 
-95.375, 80.875, 1.0798067624765076e-22, nan 
-95.125, 80.875, 1.0108102758172885e-22, nan 
-94.875, 80.875, 9.181214806033913e-23, nan 
-94.625, 80.875, 1.0341513822693518e-22, nan 
-94.375, 80.875, 1.4404933105688794e-22, nan 
-94.125, 80.875, 1.5586865032612234e-22, nan 
-93.875, 80.875, 1.6429444310081427e-22, nan 
-93.625, 80.875, 1.9152461062873908e-22, nan 
-93.375, 80.875, 1.988678630655488e-22, nan 
-93.125, 80.875, 2.2402960041528235e-22, nan 
-92.875, 80.875, 2.036972273545297e-22, nan 
-92.625, 80.875, 1.9509277505070485e-22, nan 
-92.375, 80.875, 1.8511584644685432e-22, nan 
-92.125, 80.875, 1.9363688807574175e-22, nan 
-91.875, 80.875, 1.939143125268344e-22, nan 
-91.625, 80.875, 2.0149864044903522e-22, nan 
-91.375, 80.875, 2.6239069587906146e-22, nan 
-91.125, 80.875, 2.5694915281412725e-22, nan 
-90.875, 80.875, 2.5624106318186756e-22, nan 
-90.625, 80.875, 2.7473076067906965e-22, nan 
-90.375, 80.875, 2.5120566179549323e-22, nan 
-90.125, 80.875, 2.664289990746054e-22, nan 
-89.875, 80.875, 2.693781264099667e-22, nan 
-89.625, 80.875, 3.3135413954792534e-22, nan 
-89.375, 80.875, 3.6154140541773275e-22, nan 
-89.125, 80.875, 3.2110662766972197e-22, nan 
-88.875, 80.875, 3.027338290619471e-22, nan 
-88.625, 80.875, 2.9900887489196417e-22, nan 
-88.375, 80.875, 2.4431117466725538e-22, nan 
-88.125, 80.875, 2.528155906030213e-22, nan 
-87.875, 80.875, 2.5551165200839546e-22, nan 
-87.625, 80.875, 3.343931721918781e-22, nan 
-87.375, 80.875, 4.029808180874073e-22, nan 
-87.125, 80.875, 5.638265383798311e-22, nan 
-86.875, 80.875, 5.846863321126595e-22, nan 
-86.625, 80.875, 5.820932176171295e-22, nan 
-86.375, 80.875, 5.901559751028961e-22, nan 
-86.125, 80.875, 5.443639569472574e-22, nan 
-85.875, 80.875, 5.523646285273203e-22, nan 
-85.625, 80.875, 5.797867145607523e-22, nan 
-85.375, 80.875, 8.469288302515628e-22, nan 
-85.125, 80.875, 9.643007766701707e-22, nan 
-84.875, 80.875, 9.664297548583046e-22, nan 
-84.625, 80.875, 9.39490472580619e-22, nan 
-84.375, 80.875, 8.96038168378347e-22, nan 
-84.125, 80.875, 5.852047067416119e-22, nan 
-83.875, 80.875, 4.600522063951237e-22, nan 
-83.625, 80.875, 2.5467596290615e-22, nan 
-83.375, 80.875, 2.311432139521214e-22, nan 
-83.125, 80.875, 2.7101306279487655e-22, nan 
-82.875, 80.875, 2.8309764249630604e-22, nan 
-82.625, 80.875, 2.732049918112245e-22, nan 
-82.375, 80.875, 3.13303796336238e-22, nan 
-82.125, 80.875, 4.2045479780405128e-22, nan 
-81.875, 80.875, 5.745258981452081e-22, nan 
-81.625, 80.875, 7.637785235796696e-22, nan 
-81.375, 80.875, 1.078053660722467e-21, nan 
-81.125, 80.875, 1.229002334122484e-21, nan 
-80.875, 80.875, 1.3517197447945446e-21, nan 
-80.625, 80.875, 1.5784932687332447e-21, nan 
-80.375, 80.875, 2.022707357519543e-21, nan 
-80.125, 80.875, 2.438017469704884e-21, nan 
-79.875, 80.875, 1.7582295008964476e-21, nan 
-79.625, 80.875, 2.080333532434969e-21, nan 
-79.375, 80.875, 1.5571701591486908e-21, nan 
-79.125, 80.875, 1.558374983720779e-21, nan 
-78.875, 80.875, 1.8376334274107354e-21, nan 
-78.625, 80.875, 2.1282413342441837e-21, nan 
-78.375, 80.875, 2.3077210716108436e-21, nan 
-78.125, 80.875, 1.4897526472440163e-21, nan 
-77.875, 80.875, 1.6746203737276918e-21, nan 
-77.625, 80.875, 1.1649675113440385e-21, nan 
-77.375, 80.875, 1.5304782557756114e-21, nan 
-77.125, 80.875, 2.2203233399223144e-21, nan 
-76.875, 80.875, 2.225054681588247e-21, nan 
-76.625, 80.875, 2.383918364569411e-21, nan 
-76.375, 80.875, 3.1780803417968415e-21, nan 
-76.125, 80.875, 2.8052799566940762e-21, nan 
-75.875, 80.875, 2.093489011417885e-21, nan 
-75.625, 80.875, 1.8066572262346867e-21, nan 
-75.375, 80.875, 2.0413184700387116e-21, nan 
-75.125, 80.875, 3.6408404622741086e-21, nan 
-74.875, 80.875, 3.647287204106031e-21, nan 
-74.625, 80.875, 3.7694408877524634e-21, nan 
-74.375, 80.875, 3.7554499840180914e-21, nan 
-74.125, 80.875, 3.727359716942894e-21, nan 
-73.875, 80.875, 3.6433209462720205e-21, nan 
-73.625, 80.875, 3.3475608811566558e-21, nan 
-73.375, 80.875, 2.6035210894403104e-21, nan 
-73.125, 80.875, 3.2343832719461985e-21, nan 
-72.875, 80.875, 2.3468543196286915e-21, nan 
-72.625, 80.875, 2.7018104722912577e-21, nan 
-72.375, 80.875, 2.399468397049789e-21, nan 
-72.125, 80.875, 1.683776113975293e-21, nan 
-71.875, 80.875, 2.815299426199889e-21, nan 
-71.625, 80.875, 2.8669528601071818e-21, nan 
-71.375, 80.875, 4.204299337483308e-21, nan 
-71.125, 80.875, 5.173895539128545e-21, nan 
-70.875, 80.875, 4.9690023203058e-21, nan 
-70.625, 80.875, 5.209783595873936e-21, nan 
-70.375, 80.875, 4.705215428548927e-21, nan 
-70.125, 80.875, 4.866414185909451e-21, nan 
-69.875, 80.875, 5.080809422579858e-21, nan 
-69.625, 80.875, 5.0526061520697164e-21, nan 
-69.375, 80.875, 5.194969279534547e-21, nan 
-69.125, 80.875, 5.133183661631879e-21, nan 
-68.875, 80.875, 5.4216799796408406e-21, nan 
-68.625, 80.875, 4.588412045914956e-21, nan 
-68.375, 80.875, 4.497867377234063e-21, nan 
-68.125, 80.875, 1.6445587677878717e-20, nan 
-67.875, 80.875, 1.3203929997235991e-20, nan 
-67.625, 80.875, 1.7002490737613454e-20, nan 
-67.375, 80.875, 2.3565784215388498e-20, nan 
-67.125, 80.875, 2.5259243807090002e-20, nan 
-66.875, 80.875, 2.6122763325889145e-20, nan 
-66.625, 80.875, 2.941492549206634e-20, nan 
-66.375, 80.875, 2.793046006272403e-20, nan 
-66.125, 80.875, 3.188263557922723e-20, nan 
-65.875, 80.875, 3.499336821860619e-20, nan 
-65.625, 80.875, 3.642669570617767e-20, nan 
-65.375, 80.875, 2.817025733686831e-20, nan 
-65.125, 80.875, 2.6038805253077683e-20, nan 
-64.875, 80.875, 2.890588046406817e-20, nan 
-64.625, 80.875, 2.7641947721975293e-20, nan 
-64.375, 80.875, 3.063548726902105e-20, nan 
-64.125, 80.875, 4.0446978440900126e-20, nan 
-63.875, 80.875, 4.7838286748463453e-20, nan 
-63.625, 80.875, 4.6931928386757675e-20, nan 
-63.375, 80.875, 3.394096251521656e-20, nan 
-63.125, 80.875, 4.591702614819667e-20, nan 
-62.875, 80.875, 4.348917528567379e-20, nan 
-62.625, 80.875, 3.339801458772555e-20, nan 
-62.375, 80.875, 3.3744810118050927e-20, nan 
-62.125, 80.875, 3.645911111924689e-20, nan 
-61.875, 80.875, 4.693415039955183e-20, nan 
-61.625, 80.875, 4.154599161911897e-20, nan 
-61.375, 80.875, 4.8473037077084047e-20, nan 
-61.125, 80.875, 4.645747874312036e-20, nan 
-60.875, 80.875, 4.276697417451534e-20, nan 
-60.625, 80.875, 2.3174049633100507e-20, nan 
-60.375, 80.875, 3.138658334744915e-20, nan 
-60.125, 80.875, 2.0413932174828383e-20, nan 
-59.875, 80.875, 1.3542397558643033e-20, nan 
-59.625, 80.875, 1.1577153857175446e-20, nan 
-59.375, 80.875, 1.3464278758744023e-20, nan 
-59.125, 80.875, 1.244237806202082e-20, nan 
-58.875, 80.875, 1.419255856290418e-20, nan 
-58.625, 80.875, 1.3433116700449705e-20, nan 
-58.375, 80.875, 1.0952210732946731e-20, nan 
-58.125, 80.875, 1.1442533054963414e-20, nan 
-57.875, 80.875, 7.793477684091936e-21, nan 
-57.625, 80.875, 8.579687985519612e-21, nan 
-57.375, 80.875, 8.82396510416896e-21, nan 
-57.125, 80.875, 1.9505127092976834e-21, nan 
-56.875, 80.875, 3.194446105447288e-21, nan 
-56.625, 80.875, 3.146292855616005e-21, nan 
-56.375, 80.875, 3.469753590364202e-21, nan 
-56.125, 80.875, 3.518016302014584e-21, nan 
-55.875, 80.875, 3.3841601415826218e-21, nan 
-55.625, 80.875, 3.777500015710968e-21, nan 
-55.375, 80.875, 3.30431589691676e-21, nan 
-55.125, 80.875, 2.4750143885905397e-21, nan 
-54.875, 80.875, 4.603038900306894e-21, nan 
-54.625, 80.875, 4.9702882776559885e-21, nan 
-54.375, 80.875, 4.641499259225652e-21, nan 
-54.125, 80.875, 4.91775494795823e-21, nan 
-53.875, 80.875, 4.280664538880156e-21, nan 
-53.625, 80.875, 4.045402846912624e-21, nan 
-53.375, 80.875, 2.9885987825815374e-21, nan 
-53.125, 80.875, 3.0909849061130893e-21, nan 
-52.875, 80.875, 4.486801257166044e-21, nan 
-52.625, 80.875, 5.2666526034545155e-21, nan 
-52.375, 80.875, 5.201113945781421e-21, nan 
-52.125, 80.875, 7.543113143724586e-21, nan 
-51.875, 80.875, 7.820905503469177e-21, nan 
-51.625, 80.875, 8.218014120169281e-21, nan 
-51.375, 80.875, 6.893391101375983e-21, nan 
-51.125, 80.875, 6.6383808549526814e-21, nan 
-50.875, 80.875, 6.888906807390645e-21, nan 
-50.625, 80.875, 7.412433976081824e-21, nan 
-50.375, 80.875, 1.0660875260086623e-20, nan 
-50.125, 80.875, 1.0608808991917107e-20, nan 
-49.875, 80.875, 1.0305961433918338e-20, nan 
-49.625, 80.875, 8.816789756673561e-21, nan 
-49.375, 80.875, 8.430251300095171e-21, nan 
-49.125, 80.875, 2.052512766646186e-20, nan 
-48.875, 80.875, 2.334667606971693e-20, nan 
-48.625, 80.875, 2.371100866505666e-20, nan 
-48.375, 80.875, 1.4345667938307458e-20, nan 
-48.125, 80.875, 1.050711740692832e-20, nan 
-47.875, 80.875, 1.3983523916247038e-20, nan 
-47.625, 80.875, 2.723029722669266e-20, nan 
-47.375, 80.875, 4.774140098423456e-20, nan 
-47.125, 80.875, 6.555172730242486e-20, nan 
-46.875, 80.875, 6.27911908581209e-20, nan 
-46.625, 80.875, 5.556976489145317e-20, nan 
-46.375, 80.875, 5.027599804205245e-20, nan 
-46.125, 80.875, 4.882209527439207e-20, nan 
-45.875, 80.875, 4.446860855204596e-20, nan 
-45.625, 80.875, 5.36502360008503e-20, nan 
-45.375, 80.875, 6.151275181384884e-20, nan 
-45.125, 80.875, 6.31121541503141e-20, nan 
-44.875, 80.875, 6.387658686588908e-20, nan 
-44.625, 80.875, 6.077355822399043e-20, nan 
-44.375, 80.875, 5.830430081588046e-20, nan 
-44.125, 80.875, 5.407656795086446e-20, nan 
-43.875, 80.875, 5.113509410388022e-20, nan 
-43.625, 80.875, 5.676583428806251e-20, nan 
-43.375, 80.875, 5.895356866263797e-20, nan 
-43.125, 80.875, 6.367976117831638e-20, nan 
-42.875, 80.875, 7.040448999463996e-20, nan 
-42.625, 80.875, 9.32108936538152e-20, nan 
-42.375, 80.875, 1.1958330071000392e-19, nan 
-42.125, 80.875, 1.1915255758254963e-19, nan 
-41.875, 80.875, 1.0708055361960902e-19, nan 
-41.625, 80.875, 1.1782913934369789e-19, nan 
-41.375, 80.875, 1.4653419292120886e-19, nan 
-41.125, 80.875, 1.548207375395509e-19, nan 
-40.875, 80.875, 1.7836271033794604e-19, nan 
-40.625, 80.875, 1.9195872268480764e-19, nan 
-40.375, 80.875, 1.7534157379957073e-19, nan 
-40.125, 80.875, 1.6737781502056363e-19, nan 
-39.875, 80.875, 1.138451276880957e-19, nan 
-39.625, 80.875, 1.0784412456916906e-19, nan 
-39.375, 80.875, 9.585068525940124e-20, nan 
-39.125, 80.875, 1.0605626694308603e-19, nan 
-38.875, 80.875, 8.671200651530109e-20, nan 
-38.625, 80.875, 1.2559692994891786e-19, nan 
-38.375, 80.875, 1.9006655956368775e-19, nan 
-38.125, 80.875, 2.6261025986373814e-19, nan 
-37.875, 80.875, 3.08021893097473e-19, nan 
-37.625, 80.875, 3.135301110084491e-19, nan 
-37.375, 80.875, 3.1377135804004374e-19, nan 
-37.125, 80.875, 2.854002078449039e-19, nan 
-36.875, 80.875, 2.710567588787688e-19, nan 
-36.625, 80.875, 3.101212768841417e-19, nan 
-36.375, 80.875, 3.485552678999474e-19, nan 
-36.125, 80.875, 4.1313031540524175e-19, nan 
-35.875, 80.875, 4.1575992555240673e-19, nan 
-35.625, 80.875, 3.686786338157552e-19, nan 
-35.375, 80.875, 2.6115285423374617e-19, nan 
-35.125, 80.875, 2.0542671384857477e-19, nan 
-34.875, 80.875, 1.7745700374845798e-19, nan 
-34.625, 80.875, 2.649513140590369e-19, nan 
-34.375, 80.875, 2.3437521588225343e-19, nan 
-34.125, 80.875, 1.9751826786815603e-19, nan 
-33.875, 80.875, 1.953772443658758e-19, nan 
-33.625, 80.875, 2.003177379381843e-19, nan 
-33.375, 80.875, 2.2554588272092403e-19, nan 
-33.125, 80.875, 2.7018094323198696e-19, nan 
-32.875, 80.875, 4.164294431081151e-19, nan 
-32.625, 80.875, 3.0211679769625916e-19, nan 
-32.375, 80.875, 2.5100667360122357e-19, nan 
-32.125, 80.875, 1.132730161304155e-19, nan 
-31.875, 80.875, 8.103557139605826e-20, nan 
-31.625, 80.875, 1.9885766567694434e-19, nan 
-31.375, 80.875, 3.205874571347149e-19, nan 
-31.125, 80.875, 5.235171128369815e-19, nan 
-30.875, 80.875, 7.275995616753728e-19, nan 
-30.625, 80.875, 5.432830772488555e-19, nan 
-30.375, 80.875, 5.23351272142117e-19, nan 
-30.125, 80.875, 6.605166167646268e-19, nan 
-29.875, 80.875, 7.350849428171321e-19, nan 
-29.625, 80.875, 7.155110482616199e-19, nan 
-29.375, 80.875, 7.6071264463136785e-19, nan 
-29.125, 80.875, 8.065485634050663e-19, nan 
-28.875, 80.875, 6.704094131744831e-19, nan 
-28.625, 80.875, 5.079185195028276e-19, nan 
-28.375, 80.875, 4.571042776498908e-19, nan 
-28.125, 80.875, 4.471341037531663e-19, nan 
-27.875, 80.875, 2.4377361368507017e-19, nan 
-27.625, 80.875, 1.5182788019571013e-19, nan 
-27.375, 80.875, 1.0842405702578448e-19, nan 
-27.125, 80.875, 8.037415280381053e-20, nan 
-26.875, 80.875, 1.0100874562359433e-19, nan 
-26.625, 80.875, 1.7149415441870975e-19, nan 
-26.375, 80.875, 2.407433119006798e-19, nan 
-26.125, 80.875, 3.281187352530338e-19, nan 
-25.875, 80.875, 3.3082732916543254e-19, nan 
-25.625, 80.875, 3.0860245997501115e-19, nan 
-25.375, 80.875, 2.756274627056033e-19, nan 
-25.125, 80.875, 1.4124529017220075e-19, nan 
-24.875, 80.875, 2.280990701799118e-19, nan 
-24.625, 80.875, 4.260549567915124e-19, nan 
-24.375, 80.875, 5.599739962730639e-19, nan 
-24.125, 80.875, 7.90574184712169e-19, nan 
-23.875, 80.875, 8.112452596202427e-19, nan 
-23.625, 80.875, 8.086347136275981e-19, nan 
-23.375, 80.875, 6.929945895497049e-19, nan 
-23.125, 80.875, 5.207078689335488e-19, nan 
-22.875, 80.875, 6.413210500165523e-19, nan 
-22.625, 80.875, 6.359381457270756e-19, nan 
-22.375, 80.875, 6.471174226568163e-19, nan 
-22.125, 80.875, 6.006232136299274e-19, nan 
-21.875, 80.875, 5.594196024012616e-19, nan 
-21.625, 80.875, 4.431807177863742e-19, nan 
-21.375, 80.875, 2.1174949658571202e-19, nan 
-21.125, 80.875, 2.045936178008163e-19, nan 
-20.875, 80.875, 2.0302336847012217e-19, nan 
-20.625, 80.875, 2.748453245050305e-19, nan 
-20.375, 80.875, 2.613650860857455e-19, nan 
-20.125, 80.875, 2.3493449618572825e-19, nan 
-19.875, 80.875, 1.9902658227437643e-19, nan 
-19.625, 80.875, 1.6749829483315795e-19, nan 
-19.375, 80.875, 3.8742265461111453e-19, nan 
-19.125, 80.875, 5.547387857867817e-19, nan 
-18.875, 80.875, 7.251579380256155e-19, nan 
-18.625, 80.875, 7.604908304993279e-19, nan 
-18.375, 80.875, 7.41420861527461e-19, nan 
-18.125, 80.875, 6.559714481478727e-19, nan 
-17.875, 80.875, 5.303250631000976e-19, nan 
-17.625, 80.875, 5.8432916001414525e-19, nan 
-17.375, 80.875, 6.180358988245535e-19, nan 
-17.125, 80.875, 6.997639544479611e-19, nan 
-16.875, 80.875, 6.651473536218734e-19, nan 
-16.625, 80.875, 5.032978361182298e-19, nan 
-16.375, 80.875, 4.1269423341453626e-19, nan 
-16.125, 80.875, 1.5104973514424533e-19, nan 
-15.875, 80.875, 9.010256106593681e-20, nan 
-15.625, 80.875, 4.734518985202919e-20, nan 
-15.375, 80.875, 2.7605977363450024e-20, nan 
-15.125, 80.875, 8.605619418116491e-20, nan 
-14.875, 80.875, 5.929108019772893e-20, nan 
-14.625, 80.875, 6.653396473507813e-20, nan 
-14.375, 80.875, 9.350006225387597e-20, nan 
-14.125, 80.875, 8.699953719618251e-20, nan 
-13.875, 80.875, 9.16302399802237e-20, nan 
-13.625, 80.875, 1.4117939313591852e-19, nan 
-13.375, 80.875, 1.619901567107527e-19, nan 
-13.125, 80.875, 1.0718985691730257e-19, nan 
-12.875, 80.875, 9.769299617714249e-20, nan 
-12.625, 80.875, 6.079175674918476e-20, nan 
-12.375, 80.875, 5.734025753715549e-20, nan 
-12.125, 80.875, 1.4969967598711047e-19, nan 
-11.875, 80.875, 2.780441709101696e-19, nan 
-11.625, 80.875, 2.458915776897723e-19, nan 
-11.375, 80.875, 1.513959610487321e-19, nan 
-11.125, 80.875, 1.464641738425786e-19, nan 
-10.875, 80.875, 8.602653735267911e-20, nan 
-10.625, 80.875, 9.743062100301504e-20, nan 
-10.375, 80.875, 1.136766420219902e-19, nan 
-10.125, 80.875, 1.7172225637956315e-19, nan 
-9.875, 80.875, 2.932624945730438e-19, nan 
-9.625, 80.875, 2.2473216682039244e-19, nan 
-9.375, 80.875, 1.3587238803805706e-19, nan 
-9.125, 80.875, 1.833636120052013e-19, nan 
-8.875, 80.875, 2.601822771021228e-19, nan 
-8.625, 80.875, 2.3287595150159777e-19, nan 
-8.375, 80.875, 1.0626005559594695e-19, nan 
-8.125, 80.875, 1.6432011963700305e-19, nan 
-7.875, 80.875, 1.2992244176545893e-19, nan 
-7.625, 80.875, 4.3363275931208034e-20, nan 
-7.375, 80.875, 3.909032329361364e-20, nan 
-7.125, 80.875, 3.493452890527333e-20, nan 
-6.875, 80.875, 2.830892848776145e-20, nan 
-6.625, 80.875, 8.648565363322902e-20, nan 
-6.375, 80.875, 7.636768342681008e-20, nan 
-6.125, 80.875, 4.5624793252548714e-20, nan 
-5.875, 80.875, 4.463004091329185e-20, nan 
-5.625, 80.875, 5.298772624124035e-20, nan 
-5.375, 80.875, 4.1059611774090006e-20, nan 
-5.125, 80.875, 4.0285034334863804e-20, nan 
-4.875, 80.875, 5.671197833557394e-20, nan 
-4.625, 80.875, 5.2803657458290576e-20, nan 
-4.375, 80.875, 4.3722993182352895e-20, nan 
-4.125, 80.875, 4.9529989973665305e-20, nan 
-3.875, 80.875, 5.543784205284783e-20, nan 
-3.625, 80.875, 5.306669438172238e-20, nan 
-3.375, 80.875, 3.9162822541154017e-20, nan 
-3.125, 80.875, 3.244589697252631e-20, nan 
-2.875, 80.875, 3.830180366100686e-20, nan 
-2.625, 80.875, 3.553709889511943e-20, nan 
-2.375, 80.875, 3.3886859482903005e-20, nan 
-2.125, 80.875, 3.9403981150440556e-20, nan 
-1.875, 80.875, 3.877568333060988e-20, nan 
-1.625, 80.875, 3.725816330333793e-20, nan 
-1.375, 80.875, 3.6414410973891773e-20, nan 
-1.125, 80.875, 3.2049434773654933e-20, nan 
-0.875, 80.875, 2.809464773627662e-20, nan 
-0.625, 80.875, 2.85177916791103e-20, nan 
-0.375, 80.875, 3.390987152810007e-20, nan 
-0.125, 80.875, 4.3871964118621374e-20, nan 
0.125, 80.875, 6.618897365676336e-20, nan 
0.375, 80.875, 6.863050265727076e-20, nan 
0.625, 80.875, 6.208178872215955e-20, nan 
0.875, 80.875, 5.579740072475616e-20, nan 
1.125, 80.875, 2.4164984893687298e-20, nan 
1.375, 80.875, 3.226643224418538e-20, nan 
1.625, 80.875, 4.334114155265822e-20, nan 
1.875, 80.875, 7.562025830534836e-20, nan 
2.125, 80.875, 9.891514168942973e-20, nan 
2.375, 80.875, 1.0657166797433615e-19, nan 
2.625, 80.875, 9.496595752924873e-20, nan 
2.875, 80.875, 4.9363535831387296e-20, nan 
3.125, 80.875, 3.628764597075733e-20, nan 
3.375, 80.875, 4.399522564315247e-20, nan 
3.625, 80.875, 4.437023162867491e-20, nan 
3.875, 80.875, 5.208301711251674e-20, nan 
4.125, 80.875, 4.835762574293827e-20, nan 
4.375, 80.875, 4.9271916587981615e-20, nan 
4.625, 80.875, 2.962778646835236e-20, nan 
4.875, 80.875, 2.0538503725363993e-20, nan 
5.125, 80.875, 2.1441817443423184e-20, nan 
5.375, 80.875, 2.1974566362567278e-20, nan 
5.625, 80.875, 1.5264394514471184e-20, nan 
5.875, 80.875, 1.482666078399131e-20, nan 
6.125, 80.875, 1.5215946882851472e-20, nan 
6.375, 80.875, 1.4303772048779922e-20, nan 
6.625, 80.875, 1.7208925394298083e-20, nan 
6.875, 80.875, 1.854641504496856e-20, nan 
7.125, 80.875, 3.655310801500128e-20, nan 
7.375, 80.875, 4.130203858518275e-20, nan 
7.625, 80.875, 3.3879859029481473e-20, nan 
7.875, 80.875, 3.1313119155430954e-20, nan 
8.125, 80.875, 2.0400048882770557e-20, nan 
8.375, 80.875, 1.8141995718820162e-20, nan 
8.625, 80.875, 2.3401655456805236e-20, nan 
8.875, 80.875, 4.310983397415982e-20, nan 
9.125, 80.875, 5.25887879121898e-20, nan 
9.375, 80.875, 4.659983347210816e-20, nan 
9.625, 80.875, 4.1489755743561943e-20, nan 
9.875, 80.875, 3.91691011601107e-20, nan 
10.125, 80.875, 4.501542444598582e-20, nan 
10.375, 80.875, 4.78325455298827e-20, nan 
10.625, 80.875, 4.3403997349811515e-20, nan 
10.875, 80.875, 3.5163154066902163e-20, nan 
11.125, 80.875, 2.6813266301146528e-20, nan 
11.375, 80.875, 1.8072133930090694e-20, nan 
11.625, 80.875, 2.973248364637308e-20, nan 
11.875, 80.875, 4.932855194095923e-20, nan 
12.125, 80.875, 5.0339991305052005e-20, nan 
12.375, 80.875, 3.527612003500662e-20, nan 
12.625, 80.875, 2.0513695944036543e-20, nan 
12.875, 80.875, 2.2347061495733424e-20, nan 
13.125, 80.875, 2.5921499353894107e-20, nan 
13.375, 80.875, 3.1127154505718e-20, nan 
13.625, 80.875, 3.2127420828295953e-20, nan 
13.875, 80.875, 2.9744400810498015e-20, nan 
14.125, 80.875, 2.3015924491846562e-20, nan 
14.375, 80.875, 1.53828432297291e-20, nan 
14.625, 80.875, 1.376779603579798e-20, nan 
14.875, 80.875, 7.45474841505833e-21, nan 
15.125, 80.875, 3.63219774105598e-21, nan 
15.375, 80.875, 2.8128115137702017e-21, nan 
15.625, 80.875, 2.7740975458989613e-21, nan 
15.875, 80.875, 2.2999945466667987e-21, nan 
16.125, 80.875, 2.607445427754229e-21, nan 
16.375, 80.875, 2.9190278853470666e-21, nan 
16.625, 80.875, 2.5958912672070605e-21, nan 
16.875, 80.875, 2.7550801984036056e-21, nan 
17.125, 80.875, 2.1540084268787945e-21, nan 
17.375, 80.875, 2.188363181621643e-21, nan 
17.625, 80.875, 2.8648743923275007e-21, nan 
17.875, 80.875, 3.460368352596908e-21, nan 
18.125, 80.875, 3.5208003834972644e-21, nan 
18.375, 80.875, 6.265497533526094e-21, nan 
18.625, 80.875, 9.096098114567632e-21, nan 
18.875, 80.875, 1.0886150278180236e-20, nan 
19.125, 80.875, 5.542347405014939e-21, nan 
19.375, 80.875, 4.897165768789591e-21, nan 
19.625, 80.875, 4.026464573531649e-21, nan 
19.875, 80.875, 4.54890516792528e-21, nan 
20.125, 80.875, 5.430516084373124e-21, nan 
20.375, 80.875, 8.746463939723457e-21, nan 
20.625, 80.875, 1.0962748876327911e-20, nan 
20.875, 80.875, 6.944766416867641e-21, nan 
21.125, 80.875, 8.189586705861013e-21, nan 
21.375, 80.875, 1.0249637809362953e-20, nan 
21.625, 80.875, 8.345827667282221e-21, nan 
21.875, 80.875, 8.858409255119184e-21, nan 
22.125, 80.875, 1.1148871716314345e-20, nan 
22.375, 80.875, 1.0131043923924546e-20, nan 
22.625, 80.875, 3.9152907303782916e-21, nan 
22.875, 80.875, 2.4864788242160314e-21, nan 
23.125, 80.875, 3.342476673805901e-21, nan 
23.375, 80.875, 7.191131639009031e-21, nan 
23.625, 80.875, 9.530941735278889e-21, nan 
23.875, 80.875, 1.0445715811744692e-20, nan 
24.125, 80.875, 8.93316073378799e-21, nan 
24.375, 80.875, 8.944753159021797e-21, nan 
24.625, 80.875, 8.011293534869627e-21, nan 
24.875, 80.875, 6.469058573017139e-21, nan 
25.125, 80.875, 6.283134078849373e-21, nan 
25.375, 80.875, 4.6310335635945414e-21, nan 
25.625, 80.875, 7.681171385602607e-21, nan 
25.875, 80.875, 7.663499009235822e-21, nan 
26.125, 80.875, 9.224730717751824e-21, nan 
26.375, 80.875, 6.748035984575235e-21, nan 
26.625, 80.875, 5.986405172679774e-21, nan 
26.875, 80.875, 7.364175721071365e-21, nan 
27.125, 80.875, 6.545602168101005e-21, nan 
27.375, 80.875, 7.936354299672763e-21, nan 
27.625, 80.875, 7.277736663743951e-21, nan 
27.875, 80.875, 8.148077783204995e-21, nan 
28.125, 80.875, 7.046618656072182e-21, nan 
28.375, 80.875, 9.215450824787164e-21, nan 
28.625, 80.875, 6.247024641752322e-21, nan 
28.875, 80.875, 6.634177919526444e-21, nan 
29.125, 80.875, 5.948311289423226e-21, nan 
29.375, 80.875, 6.414442853670708e-21, nan 
29.625, 80.875, 6.704587677271564e-21, nan 
29.875, 80.875, 6.767639196330797e-21, nan 
30.125, 80.875, 1.0029415506223989e-20, nan 
30.375, 80.875, 8.996685136437819e-21, nan 
30.625, 80.875, 9.437646571892169e-21, nan 
30.875, 80.875, 9.524144044621572e-21, nan 
31.125, 80.875, 8.660008946629821e-21, nan 
31.375, 80.875, 8.918017505273356e-21, nan 
31.625, 80.875, 8.90480857695479e-21, nan 
31.875, 80.875, 8.000389830846153e-21, nan 
32.125, 80.875, 6.100575111519741e-21, nan 
32.375, 80.875, 6.370901235185713e-21, nan 
32.625, 80.875, 5.817945770467568e-21, nan 
32.875, 80.875, 5.2931008161709385e-21, nan 
33.125, 80.875, 7.03479191168322e-21, nan 
33.375, 80.875, 8.658271232153483e-21, nan 
33.625, 80.875, 7.585823415058155e-21, nan 
33.875, 80.875, 5.200684592919504e-21, nan 
34.125, 80.875, 6.591761531017161e-21, nan 
34.375, 80.875, 5.7921464476771905e-21, nan 
34.625, 80.875, 5.5633155224659945e-21, nan 
34.875, 80.875, 4.8479077508203115e-21, nan 
35.125, 80.875, 7.793214823750227e-21, nan 
35.375, 80.875, 4.828646110422053e-21, nan 
35.625, 80.875, 5.922330129666157e-21, nan 
35.875, 80.875, 5.620744837869367e-21, nan 
36.125, 80.875, 6.506644825203814e-21, nan 
36.375, 80.875, 5.524687144050819e-21, nan 
36.625, 80.875, 6.1016078202531795e-21, nan 
36.875, 80.875, 7.552402703442137e-21, nan 
37.125, 80.875, 3.6833872410095056e-21, nan 
37.375, 80.875, 3.9029826622747296e-21, nan 
37.625, 80.875, 3.032116174835141e-21, nan 
37.875, 80.875, 5.050342465166677e-21, nan 
38.125, 80.875, 4.064335640107738e-21, nan 
38.375, 80.875, 4.300171021609461e-21, nan 
38.625, 80.875, 4.03403057547276e-21, nan 
38.875, 80.875, 2.3443716845231464e-21, nan 
39.125, 80.875, 2.341326254924015e-21, nan 
39.375, 80.875, 2.3304646652331512e-21, nan 
39.625, 80.875, 1.8518630181427554e-21, nan 
39.875, 80.875, 1.5688566740150428e-21, nan 
40.125, 80.875, 1.7705644927318615e-21, nan 
40.375, 80.875, 9.32759432080989e-22, nan 
40.625, 80.875, 1.0744935087459317e-21, nan 
40.875, 80.875, 1.967568553838359e-21, nan 
41.125, 80.875, 1.945816399613271e-21, nan 
41.375, 80.875, 2.1591553712241982e-21, nan 
41.625, 80.875, 2.123873165359136e-21, nan 
41.875, 80.875, 1.8054441912575067e-21, nan 
42.125, 80.875, 1.8817676560744597e-21, nan 
42.375, 80.875, 1.874938000934088e-21, nan 
42.625, 80.875, 1.922831035601004e-21, nan 
42.875, 80.875, 1.8024587691315274e-21, nan 
43.125, 80.875, 1.8472611246333116e-21, nan 
43.375, 80.875, 1.446695423812012e-21, nan 
43.625, 80.875, 1.0286127603070768e-21, nan 
43.875, 80.875, 8.985696251941033e-22, nan 
44.125, 80.875, 1.1809874224789132e-21, nan 
44.375, 80.875, 1.2874431527929689e-21, nan 
44.625, 80.875, 1.2837420389855728e-21, nan 
44.875, 80.875, 1.054238302290797e-21, nan 
45.125, 80.875, 9.451425361293247e-22, nan 
45.375, 80.875, 9.79863755949021e-22, nan 
45.625, 80.875, 8.661733879824708e-22, nan 
45.875, 80.875, 7.0186259476649445e-22, nan 
46.125, 80.875, 5.811620117603494e-22, nan 
46.375, 80.875, 6.19387116457915e-22, nan 
46.625, 80.875, 7.361787695699627e-22, nan 
46.875, 80.875, 6.629638405133254e-22, nan 
47.125, 80.875, 5.667939258405093e-22, nan 
47.375, 80.875, 5.971915932271637e-22, nan 
47.625, 80.875, 4.086045824745221e-22, nan 
47.875, 80.875, 1.8559822771724117e-22, nan 
48.125, 80.875, 1.3564126943780125e-22, nan 
48.375, 80.875, 8.657065987625751e-23, nan 
48.625, 80.875, 1.370063339910567e-22, nan 
48.875, 80.875, 2.0907624898571347e-22, nan 
49.125, 80.875, 2.2828565470171825e-22, nan 
49.375, 80.875, 2.3854076738692494e-22, nan 
49.625, 80.875, 3.1964839492859704e-22, nan 
49.875, 80.875, 3.115405062312693e-22, nan 
50.125, 80.875, 3.864619920143262e-22, nan 
50.375, 80.875, 4.09052812410791e-22, nan 
50.625, 80.875, 4.620719409656639e-22, nan 
50.875, 80.875, 2.966493033933875e-22, nan 
51.125, 80.875, 1.4112055201181527e-22, nan 
51.375, 80.875, 1.582604663019345e-22, nan 
51.625, 80.875, 1.4984208427220478e-22, nan 
51.875, 80.875, 1.4803654511909697e-22, nan 
52.125, 80.875, 2.7306375067426755e-22, nan 
52.375, 80.875, 5.701609802061448e-22, nan 
52.625, 80.875, 8.413366552566168e-22, nan 
52.875, 80.875, 9.927843350078017e-22, nan 
53.125, 80.875, 9.219695588630038e-22, nan 
53.375, 80.875, 7.692881676999561e-22, nan 
53.625, 80.875, 8.721468299303665e-22, nan 
53.875, 80.875, 8.318791937658994e-22, nan 
54.125, 80.875, 6.053407224701293e-22, nan 
54.375, 80.875, 7.578239136841746e-22, nan 
54.625, 80.875, 1.0581325406858401e-21, nan 
54.875, 80.875, 6.252320770786208e-22, nan 
55.125, 80.875, 5.063023701745559e-22, nan 
55.375, 80.875, 4.1204367168205604e-22, nan 
55.625, 80.875, 3.592701320833294e-22, nan 
55.875, 80.875, 3.566802789491211e-22, nan 
56.125, 80.875, 6.391087452429232e-22, nan 
56.375, 80.875, 9.203057387968513e-22, nan 
56.625, 80.875, 7.412427604479192e-22, nan 
56.875, 80.875, 7.721232105088374e-22, nan 
57.125, 80.875, 7.31187324093229e-22, nan 
57.375, 80.875, 7.070195904391889e-22, nan 
57.625, 80.875, 7.156645170969555e-22, nan 
57.875, 80.875, 7.840292497200221e-22, nan 
58.125, 80.875, 6.942667002748295e-22, nan 
58.375, 80.875, 7.52292773747833e-22, nan 
58.625, 80.875, 6.245007983812804e-22, nan 
58.875, 80.875, 6.528874548187371e-22, nan 
59.125, 80.875, 5.821427634635749e-22, nan 
59.375, 80.875, 5.479691779582154e-22, nan 
59.625, 80.875, 1.961571379400822e-22, nan 
59.875, 80.875, 1.8840755038189036e-22, nan 
60.125, 80.875, 2.1486683914274497e-22, nan 
60.375, 80.875, 2.203647177210532e-22, nan 
60.625, 80.875, 2.9265593381683922e-22, nan 
60.875, 80.875, 2.328979542967445e-22, nan 
61.125, 80.875, 2.6369473232722296e-22, nan 
61.375, 80.875, 2.409634342650431e-22, nan 
61.625, 80.875, 1.8713238938680994e-22, nan 
61.875, 80.875, 1.8430498777947444e-22, nan 
62.125, 80.875, 1.587449784453726e-22, nan 
62.375, 80.875, 1.7665503434595693e-22, nan 
62.625, 80.875, 1.785885011450341e-22, nan 
62.875, 80.875, 1.9254678122437268e-22, nan 
63.125, 80.875, 1.8032136189278793e-22, nan 
63.375, 80.875, 1.5057812091214869e-22, nan 
63.625, 80.875, 1.3355030878110528e-22, nan 
63.875, 80.875, 1.0305693285885809e-22, nan 
64.125, 80.875, 7.874694358533909e-23, nan 
64.375, 80.875, 8.927845710452764e-23, nan 
64.625, 80.875, 9.525464747822614e-23, nan 
64.875, 80.875, 1.0471553656526756e-22, nan 
65.125, 80.875, 1.0332658320252556e-22, nan 
65.375, 80.875, 1.5325793865146043e-22, nan 
65.625, 80.875, 8.043499488717927e-23, nan 
65.875, 80.875, 1.0008773323683704e-22, nan 
66.125, 80.875, 1.9161195405880263e-22, nan 
66.375, 80.875, 2.0529624414389596e-22, nan 
66.625, 80.875, 1.339396295425141e-22, nan 
66.875, 80.875, 1.643037559704087e-22, nan 
67.125, 80.875, 1.1518752334710522e-22, nan 
67.375, 80.875, 7.358857650889916e-23, nan 
67.625, 80.875, 7.947907522234664e-23, nan 
67.875, 80.875, 9.826846618883685e-23, nan 
68.125, 80.875, 1.133323354984246e-22, nan 
68.375, 80.875, 1.3516776293149515e-22, nan 
68.625, 80.875, 1.3691751789128237e-22, nan 
68.875, 80.875, 1.2994724337735e-22, nan 
69.125, 80.875, 1.1772484875371827e-22, nan 
69.375, 80.875, 1.0925842292330297e-22, nan 
69.625, 80.875, 9.157765873671783e-23, nan 
69.875, 80.875, 1.0619076125205781e-22, nan 
70.125, 80.875, 2.342675672534484e-22, nan 
70.375, 80.875, 2.827345490722886e-22, nan 
70.625, 80.875, 2.6673502030382917e-22, nan 
70.875, 80.875, 2.2211031441533895e-22, nan 
71.125, 80.875, 2.8247704801502443e-22, nan 
71.375, 80.875, 2.706347669360695e-22, nan 
71.625, 80.875, 2.6816614473110537e-22, nan 
71.875, 80.875, 2.549407008379309e-22, nan 
72.125, 80.875, 3.23786158819666e-22, nan 
72.375, 80.875, 2.8703644027564204e-22, nan 
72.625, 80.875, 2.0167775761003772e-22, nan 
72.875, 80.875, 1.9141789104527288e-22, nan 
73.125, 80.875, 2.218915932455864e-22, nan 
73.375, 80.875, 2.0412262047675623e-22, nan 
73.625, 80.875, 1.6227865288438168e-22, nan 
73.875, 80.875, 1.5404200609887204e-22, nan 
74.125, 80.875, 1.52099609680138e-22, nan 
74.375, 80.875, 1.4019804878425535e-22, nan 
74.625, 80.875, 1.2343545060801408e-22, nan 
74.875, 80.875, 1.2663844913174176e-22, nan 
75.125, 80.875, 1.0015288485505644e-22, nan 
75.375, 80.875, 1.0739453715058288e-22, nan 
75.625, 80.875, 9.545620109109186e-23, nan 
75.875, 80.875, 8.724955123822815e-23, nan 
76.125, 80.875, 8.68979909066298e-23, nan 
76.375, 80.875, 8.30136532679215e-23, nan 
76.625, 80.875, 1.0418765855615006e-22, nan 
76.875, 80.875, 1.1507106861270187e-22, nan 
77.125, 80.875, 1.3537771266688144e-22, nan 
77.375, 80.875, 1.4095411099830367e-22, nan 
77.625, 80.875, 1.2795643738123143e-22, nan 
77.875, 80.875, 1.4905171884556066e-22, nan 
78.125, 80.875, 1.4065269574649884e-22, nan 
78.375, 80.875, 1.1457879033887364e-22, nan 
78.625, 80.875, 1.117452700467992e-22, nan 
78.875, 80.875, 9.222918276341806e-23, nan 
79.125, 80.875, 9.989306930037785e-23, nan 
79.375, 80.875, 9.762477464870568e-23, nan 
79.625, 80.875, 1.0420718422102939e-22, nan 
79.875, 80.875, 8.110190929575181e-23, nan 
80.125, 80.875, 8.087741835522346e-23, nan 
80.375, 80.875, 6.842165373519662e-23, nan 
80.625, 80.875, 4.669615602926394e-23, nan 
80.875, 80.875, 3.616479410800729e-23, nan 
81.125, 80.875, 2.65267919062732e-23, nan 
81.375, 80.875, 3.639167571450023e-23, nan 
81.625, 80.875, 4.3903198832661865e-23, nan 
81.875, 80.875, 3.349687433680228e-23, nan 
82.125, 80.875, 3.4603806562710756e-23, nan 
82.375, 80.875, 3.5959833579493826e-23, nan 
82.625, 80.875, 3.1104488556716895e-23, nan 
82.875, 80.875, 2.9524658075499607e-23, nan 
83.125, 80.875, 2.9397961227433915e-23, nan 
83.375, 80.875, 3.253524096647243e-23, nan 
83.625, 80.875, 2.704029717353785e-23, nan 
83.875, 80.875, 2.764422069140647e-23, nan 
84.125, 80.875, 2.8817880752304576e-23, nan 
84.375, 80.875, 2.5284399910795517e-23, nan 
84.625, 80.875, 2.316000106727904e-23, nan 
84.875, 80.875, 2.7502178180161273e-23, nan 
85.125, 80.875, 3.1001230467731814e-23, nan 
85.375, 80.875, 2.744367543327413e-23, nan 
85.625, 80.875, 2.6447280178651566e-23, nan 
85.875, 80.875, 2.7493390291840587e-23, nan 
86.125, 80.875, 3.4462770165400024e-23, nan 
86.375, 80.875, 2.7017693403874325e-23, nan 
86.625, 80.875, 3.131756843129581e-23, nan 
86.875, 80.875, 3.0879274801648223e-23, nan 
87.125, 80.875, 2.1219014339628732e-23, nan 
87.375, 80.875, 2.0210577856765682e-23, nan 
87.625, 80.875, 1.905304611355794e-23, nan 
87.875, 80.875, 2.5147527824985352e-23, nan 
88.125, 80.875, 2.3131513096415804e-23, nan 
88.375, 80.875, 2.611028933464943e-23, nan 
88.625, 80.875, 2.2659320885488186e-23, nan 
88.875, 80.875, 1.60919086749461e-23, nan 
89.125, 80.875, 1.668724802029706e-23, nan 
89.375, 80.875, 3.616903407221269e-23, nan 
89.625, 80.875, 2.1044050165898878e-23, nan 
89.875, 80.875, 2.0707798894340862e-23, nan 
90.125, 80.875, 1.745035669807291e-23, nan 
90.375, 80.875, 1.7698417112693712e-23, nan 
90.625, 80.875, 1.35285857880163e-23, nan 
90.875, 80.875, 1.767592237431158e-23, nan 
91.125, 80.875, 1.75198591174763e-23, nan 
91.375, 80.875, 1.5796818762670452e-23, nan 
91.625, 80.875, 1.5901412361073664e-23, nan 
91.875, 80.875, 1.9023762503028953e-23, nan 
92.125, 80.875, 1.8490256897234405e-23, nan 
92.375, 80.875, 1.809707152316417e-23, nan 
92.625, 80.875, 1.679872504943798e-23, nan 
92.875, 80.875, 1.763228091580912e-23, nan 
93.125, 80.875, 1.5620596655743339e-23, nan 
93.375, 80.875, 1.3426732651069214e-23, nan 
93.625, 80.875, 1.3410415369063205e-23, nan 
93.875, 80.875, 1.3985449619970215e-23, nan 
94.125, 80.875, 1.2402386973953276e-23, nan 
94.375, 80.875, 1.1492747885067676e-23, nan 
94.625, 80.875, 1.3337066696736843e-23, nan 
94.875, 80.875, 1.2215916838794515e-23, nan 
95.125, 80.875, 1.1152320550703857e-23, nan 
95.375, 80.875, 1.0772617976879365e-23, nan 
95.625, 80.875, 7.793389846560446e-24, nan 
95.875, 80.875, 5.218343803256051e-24, nan 
96.125, 80.875, 4.894304932934954e-24, nan 
96.375, 80.875, 4.394178083534216e-24, nan 
96.625, 80.875, 5.6983561621617534e-24, nan 
96.875, 80.875, 7.986083247293734e-24, nan 
97.125, 80.875, 7.985544295569292e-24, nan 
97.375, 80.875, 8.975049106806964e-24, nan 
97.625, 80.875, 6.65592543002103e-24, nan 
97.875, 80.875, 9.009558558720416e-24, nan 
98.125, 80.875, 3.4219789786923044e-24, nan 
98.375, 80.875, 5.858709963122048e-24, nan 
98.625, 80.875, 2.8810910451248837e-24, nan 
98.875, 80.875, 3.682869808827242e-24, nan 
99.125, 80.875, 3.907018977800161e-24, nan 
99.375, 80.875, 3.362500453911509e-24, nan 
99.625, 80.875, 5.7408385892068124e-24, nan 
99.875, 80.875, 4.2848546390054144e-24, nan 
100.125, 80.875, 2.616885390422289e-24, nan 
100.375, 80.875, 2.6758397123684056e-24, nan 
100.625, 80.875, 5.6801869094510936e-24, nan 
100.875, 80.875, 6.07764015247321e-24, nan 
101.125, 80.875, 4.153638754309421e-24, nan 
101.375, 80.875, 2.7630732962966083e-24, nan 
101.625, 80.875, 2.5874036586950434e-24, nan 
101.875, 80.875, 3.196237248784626e-24, nan 
102.125, 80.875, 4.911687900732219e-24, nan 
102.375, 80.875, 4.940214804451709e-24, nan 
102.625, 80.875, 4.223545136552648e-24, nan 
102.875, 80.875, 4.214709295268999e-24, nan 
103.125, 80.875, 3.594609603453712e-24, nan 
103.375, 80.875, 3.69400508349676e-24, nan 
103.625, 80.875, 4.0266991753738426e-24, nan 
103.875, 80.875, 3.7366209120265626e-24, nan 
104.125, 80.875, 6.288663895962666e-24, nan 
104.375, 80.875, 4.8188442394106186e-24, nan 
104.625, 80.875, 3.5455044049020156e-24, nan 
104.875, 80.875, 3.560705908550128e-24, nan 
105.125, 80.875, 3.656994608834422e-24, nan 
105.375, 80.875, 4.60312306228962e-24, nan 
105.625, 80.875, 3.601228510488971e-24, nan 
105.875, 80.875, 5.358020092717289e-24, nan 
106.125, 80.875, 7.640274948041598e-24, nan 
106.375, 80.875, 9.395118973744917e-24, nan 
106.625, 80.875, 8.344347828357572e-24, nan 
106.875, 80.875, 7.51633625295823e-24, nan 
107.125, 80.875, 6.023298479278698e-24, nan 
107.375, 80.875, 3.877951570056047e-24, nan 
107.625, 80.875, 3.0439028690637286e-24, nan 
107.875, 80.875, 2.808035943766486e-24, nan 
108.125, 80.875, 3.2334732919790393e-24, nan 
108.375, 80.875, 3.403139136563591e-24, nan 
108.625, 80.875, 3.916310951903674e-24, nan 
108.875, 80.875, 3.1749899097239483e-24, nan 
109.125, 80.875, 3.4710248654935764e-24, nan 
109.375, 80.875, 4.023877486956827e-24, nan 
109.625, 80.875, 4.113171531678151e-24, nan 
109.875, 80.875, 3.513004319816193e-24, nan 
110.125, 80.875, 3.382663688487773e-24, nan 
110.375, 80.875, 3.547076663811815e-24, nan 
110.625, 80.875, 5.003883566926038e-24, nan 
110.875, 80.875, 4.8852829452403e-24, nan 
111.125, 80.875, 6.996286941045497e-24, nan 
111.375, 80.875, 4.074700288849546e-24, nan 
111.625, 80.875, 5.006912765232132e-24, nan 
111.875, 80.875, 4.61987569736055e-24, nan 
112.125, 80.875, 4.722449335315597e-24, nan 
112.375, 80.875, 4.594211317617788e-24, nan 
112.625, 80.875, 6.551367071678399e-24, nan 
112.875, 80.875, 7.113015520443357e-24, nan 
113.125, 80.875, 4.9504436175576626e-24, nan 
113.375, 80.875, 5.346167381672856e-24, nan 
113.625, 80.875, 4.592011589128082e-24, nan 
113.875, 80.875, 5.638561215711966e-24, nan 
114.125, 80.875, 4.590397874143979e-24, nan 
114.375, 80.875, 5.391431439219207e-24, nan 
114.625, 80.875, 5.751601559917727e-24, nan 
114.875, 80.875, 3.9906700724897685e-24, nan 
115.125, 80.875, 5.367955621261016e-24, nan 
115.375, 80.875, 4.912247786221128e-24, nan 
115.625, 80.875, 4.559648991268203e-24, nan 
115.875, 80.875, 3.7354447097291255e-24, nan 
116.125, 80.875, 2.5725209247770307e-24, nan 
116.375, 80.875, 3.3159876971885714e-24, nan 
116.625, 80.875, 1.9921179550765902e-24, nan 
116.875, 80.875, 4.068575305955041e-24, nan 
117.125, 80.875, 2.906107915404425e-24, nan 
117.375, 80.875, 3.0000465471140157e-24, nan 
117.625, 80.875, 2.514437544759449e-24, nan 
117.875, 80.875, 2.765047885829636e-24, nan 
118.125, 80.875, 3.1628295247971618e-24, nan 
118.375, 80.875, 4.257023784107415e-24, nan 
118.625, 80.875, 4.2811291734696354e-24, nan 
118.875, 80.875, 4.085947952630902e-24, nan 
119.125, 80.875, 3.1341857957166564e-24, nan 
119.375, 80.875, 1.681064036268047e-24, nan 
119.625, 80.875, 2.0479503846229277e-24, nan 
119.875, 80.875, 2.5682012151933395e-24, nan 
120.125, 80.875, 3.004389585668905e-24, nan 
120.375, 80.875, 4.065892687838233e-24, nan 
120.625, 80.875, 4.010957205726061e-24, nan 
120.875, 80.875, 2.2736614521457614e-24, nan 
121.125, 80.875, 1.7226313334355035e-24, nan 
121.375, 80.875, 2.3358728820880916e-24, nan 
121.625, 80.875, 2.512807077368075e-24, nan 
121.875, 80.875, 2.167850984883206e-24, nan 
122.125, 80.875, 2.457532991473773e-24, nan 
122.375, 80.875, 2.4680256595865424e-24, nan 
122.625, 80.875, 2.204877544465686e-24, nan 
122.875, 80.875, 1.5928473380846895e-24, nan 
123.125, 80.875, 2.1778198750856224e-24, nan 
123.375, 80.875, 1.905201343950952e-24, nan 
123.625, 80.875, 1.579444343147688e-24, nan 
123.875, 80.875, 7.93782046698111e-25, nan 
124.125, 80.875, 1.183669124756868e-24, nan 
124.375, 80.875, 1.3888427866911411e-24, nan 
124.625, 80.875, 1.8941308146185478e-24, nan 
124.875, 80.875, 1.9855899581919776e-24, nan 
125.125, 80.875, 2.3033764689058337e-24, nan 
125.375, 80.875, 1.5328660659717634e-24, nan 
125.625, 80.875, 9.212293375085613e-25, nan 
125.875, 80.875, 4.7293312131732e-25, nan 
126.125, 80.875, 1.2883295073425177e-24, nan 
126.375, 80.875, 1.1866700917983642e-24, nan 
126.625, 80.875, 9.923986786410419e-25, nan 
126.875, 80.875, 5.297311642023912e-25, nan 
127.125, 80.875, 6.572927915375251e-25, nan 
127.375, 80.875, 6.987197095801558e-25, nan 
127.625, 80.875, 5.058873599062353e-25, nan 
127.875, 80.875, 5.962070215543362e-25, nan 
128.125, 80.875, 4.0205095965489096e-25, nan 
128.375, 80.875, 7.407205854150991e-25, nan 
128.625, 80.875, 1.1099960042324577e-24, nan 
128.875, 80.875, 1.0150788160760942e-24, nan 
129.125, 80.875, 1.1867764461765446e-24, nan 
129.375, 80.875, 1.5641946547065812e-24, nan 
129.625, 80.875, 1.1547867455695648e-24, nan 
129.875, 80.875, 7.949563122588819e-25, nan 
130.125, 80.875, 1.1938996692348139e-24, nan 
130.375, 80.875, 8.065295602228747e-25, nan 
130.625, 80.875, 7.53260782306563e-25, nan 
130.875, 80.875, 8.0311957603986425e-25, nan 
131.125, 80.875, 1.9136806175914003e-24, nan 
131.375, 80.875, 2.901944586386776e-24, nan 
131.625, 80.875, 2.9841529059440857e-24, nan 
131.875, 80.875, 2.133836766110619e-24, nan 
132.125, 80.875, 2.3503596446477443e-24, nan 
132.375, 80.875, 2.4481656946368587e-24, nan 
132.625, 80.875, 2.3126347260216923e-24, nan 
132.875, 80.875, 2.7304994277968203e-24, nan 
133.125, 80.875, 2.1119946194462815e-24, nan 
133.375, 80.875, 2.006752550401477e-24, nan 
133.625, 80.875, 1.688356092403929e-24, nan 
133.875, 80.875, 1.626925545724465e-24, nan 
134.125, 80.875, 1.531946212240453e-24, nan 
134.375, 80.875, 1.8784088694591105e-24, nan 
134.625, 80.875, 1.5645374742237543e-24, nan 
134.875, 80.875, 1.1488086448961676e-24, nan 
135.125, 80.875, 1.1676770398855457e-24, nan 
135.375, 80.875, 1.1312667633043742e-24, nan 
135.625, 80.875, 7.41290475372493e-25, nan 
135.875, 80.875, 7.081110111320712e-25, nan 
136.125, 80.875, 8.983361075369539e-25, nan 
136.375, 80.875, 4.881612104818781e-25, nan 
136.625, 80.875, 1.388649849753073e-24, nan 
136.875, 80.875, 1.4475127871613879e-24, nan 
137.125, 80.875, 1.346532536947193e-24, nan 
137.375, 80.875, 1.5259073030282236e-24, nan 
137.625, 80.875, 1.2634700497908582e-24, nan 
137.875, 80.875, 1.0863149019062472e-24, nan 
138.125, 80.875, 7.6647381239697445e-25, nan 
138.375, 80.875, 9.310296125856622e-25, nan 
138.625, 80.875, 1.137089011611735e-24, nan 
138.875, 80.875, 2.7251867441057766e-24, nan 
139.125, 80.875, 1.8989254574520334e-24, nan 
139.375, 80.875, 3.704253743859938e-24, nan 
139.625, 80.875, 3.1406970944581595e-24, nan 
139.875, 80.875, 3.665951435098255e-24, nan 
140.125, 80.875, 2.9536327874610268e-24, nan 
140.375, 80.875, 3.226783652301257e-24, nan 
140.625, 80.875, 3.067483443986912e-24, nan 
140.875, 80.875, 2.870553336195016e-24, nan 
141.125, 80.875, 3.374109260238714e-24, nan 
141.375, 80.875, 2.7293878081519842e-24, nan 
141.625, 80.875, 2.7294652182274492e-24, nan 
141.875, 80.875, 2.9514211162223982e-24, nan 
142.125, 80.875, 2.830818136142924e-24, nan 
142.375, 80.875, 2.596628558820959e-24, nan 
142.625, 80.875, 2.937679973617847e-24, nan 
142.875, 80.875, 3.04441636102137e-24, nan 
143.125, 80.875, 2.8036614235217723e-24, nan 
143.375, 80.875, 3.200671273548616e-24, nan 
143.625, 80.875, 2.8841461973049724e-24, nan 
143.875, 80.875, 3.015900267417549e-24, nan 
144.125, 80.875, 2.9054603170366547e-24, nan 
144.375, 80.875, 3.1323835212302447e-24, nan 
144.625, 80.875, 3.0433793471206767e-24, nan 
144.875, 80.875, 2.83736199899248e-24, nan 
145.125, 80.875, 3.1071770621534518e-24, nan 
145.375, 80.875, 3.1839929345823218e-24, nan 
145.625, 80.875, 3.2367485698147458e-24, nan 
145.875, 80.875, 3.3106993777907245e-24, nan 
146.125, 80.875, 3.2179297932812626e-24, nan 
146.375, 80.875, 3.334033296388008e-24, nan 
146.625, 80.875, 3.392397438759476e-24, nan 
146.875, 80.875, 3.566359702067034e-24, nan 
147.125, 80.875, 3.659733022751433e-24, nan 
147.375, 80.875, 3.970724479853747e-24, nan 
147.625, 80.875, 4.087996333113611e-24, nan 
147.875, 80.875, 3.570894059736091e-24, nan 
148.125, 80.875, 3.5432886839345215e-24, nan 
148.375, 80.875, 3.6431858848782734e-24, nan 
148.625, 80.875, 3.462330909309884e-24, nan 
148.875, 80.875, 3.904611812835883e-24, nan 
149.125, 80.875, 3.910921782008453e-24, nan 
149.375, 80.875, 3.9486491178180605e-24, nan 
149.625, 80.875, 4.366782036890261e-24, nan 
149.875, 80.875, 3.891079140130682e-24, nan 
150.125, 80.875, 3.8655774828961575e-24, nan 
150.375, 80.875, 3.5467702925923006e-24, nan 
150.625, 80.875, 3.65495060992204e-24, nan 
150.875, 80.875, 3.8173572829009154e-24, nan 
151.125, 80.875, 4.519626343190261e-24, nan 
151.375, 80.875, 4.59296543739933e-24, nan 
151.625, 80.875, 5.335852735227106e-24, nan 
151.875, 80.875, 5.868732086195417e-24, nan 
152.125, 80.875, 5.7510324843391414e-24, nan 
152.375, 80.875, 6.162101600154905e-24, nan 
152.625, 80.875, 5.8362605286351856e-24, nan 
152.875, 80.875, 6.147420090896593e-24, nan 
153.125, 80.875, 6.829283666826338e-24, nan 
153.375, 80.875, 6.393806222187098e-24, nan 
153.625, 80.875, 6.69891910212215e-24, nan 
153.875, 80.875, 7.167181832011185e-24, nan 
154.125, 80.875, 6.986177508297914e-24, nan 
154.375, 80.875, 6.783981406045333e-24, nan 
154.625, 80.875, 7.275708241031407e-24, nan 
154.875, 80.875, 6.975690529892932e-24, nan 
155.125, 80.875, 6.59697462070058e-24, nan 
155.375, 80.875, 7.466101571303561e-24, nan 
155.625, 80.875, 7.623176548056091e-24, nan 
155.875, 80.875, 8.226694599817432e-24, nan 
156.125, 80.875, 8.254393926639649e-24, nan 
156.375, 80.875, 7.819893438022001e-24, nan 
156.625, 80.875, 8.313326783741531e-24, nan 
156.875, 80.875, 9.282076335719644e-24, nan 
157.125, 80.875, 9.843786266591197e-24, nan 
157.375, 80.875, 9.815249001936018e-24, nan 
157.625, 80.875, 1.0224341290542178e-23, nan 
157.875, 80.875, 1.0382668151783785e-23, nan 
158.125, 80.875, 1.0848408909612666e-23, nan 
158.375, 80.875, 1.044152921405708e-23, nan 
158.625, 80.875, 9.989353132618766e-24, nan 
158.875, 80.875, 1.1280036634422704e-23, nan 
159.125, 80.875, 1.0059767430320119e-23, nan 
159.375, 80.875, 8.043844386646519e-24, nan 
159.625, 80.875, 1.1332086629607924e-23, nan 
159.875, 80.875, 1.0969228891859115e-23, nan 
160.125, 80.875, 6.323210004024086e-24, nan 
160.375, 80.875, 3.51684232230809e-24, nan 
160.625, 80.875, 4.232062669834023e-24, nan 
160.875, 80.875, 5.218487645059295e-24, nan 
161.125, 80.875, 8.810701207712944e-24, nan 
161.375, 80.875, 6.229775901428598e-24, nan 
161.625, 80.875, 6.078520607115841e-24, nan 
161.875, 80.875, 6.754494853623308e-24, nan 
162.125, 80.875, 7.31887265817257e-24, nan 
162.375, 80.875, 6.3044192996311996e-24, nan 
162.625, 80.875, 6.4484317326030544e-24, nan 
162.875, 80.875, 5.878462147005415e-24, nan 
163.125, 80.875, 6.994584964620492e-24, nan 
163.375, 80.875, 6.86998423149727e-24, nan 
163.625, 80.875, 6.85978145564991e-24, nan 
163.875, 80.875, 7.914247258272735e-24, nan 
164.125, 80.875, 7.49506216096418e-24, nan 
164.375, 80.875, 6.348477567279401e-24, nan 
164.625, 80.875, 7.484719358828308e-24, nan 
164.875, 80.875, 7.006073947046734e-24, nan 
165.125, 80.875, 6.930301234010914e-24, nan 
165.375, 80.875, 8.096858738380613e-24, nan 
165.625, 80.875, 6.944600796364596e-24, nan 
165.875, 80.875, 7.205265226400618e-24, nan 
166.125, 80.875, 8.032971956439262e-24, nan 
166.375, 80.875, 6.574297109701692e-24, nan 
166.625, 80.875, 7.233964126616773e-24, nan 
166.875, 80.875, 7.591745124876478e-24, nan 
167.125, 80.875, 6.801049148176064e-24, nan 
167.375, 80.875, 7.742208073084579e-24, nan 
167.625, 80.875, 7.85155495011706e-24, nan 
167.875, 80.875, 6.811510657503473e-24, nan 
168.125, 80.875, 8.165084872352021e-24, nan 
168.375, 80.875, 7.706665480342669e-24, nan 
168.625, 80.875, 7.965999870791143e-24, nan 
168.875, 80.875, 8.80170169319974e-24, nan 
169.125, 80.875, 9.394237802173098e-24, nan 
169.375, 80.875, 1.0468239185966385e-23, nan 
169.625, 80.875, 9.20092192656458e-24, nan 
169.875, 80.875, 9.893325098091188e-24, nan 
170.125, 80.875, 1.043050395981766e-23, nan 
170.375, 80.875, 1.0662104248200288e-23, nan 
170.625, 80.875, 1.0526038270434396e-23, nan 
170.875, 80.875, 1.0347141033387209e-23, nan 
171.125, 80.875, 1.1250729374593768e-23, nan 
171.375, 80.875, 1.0698595522174372e-23, nan 
171.625, 80.875, 9.86012430488409e-24, nan 
171.875, 80.875, 1.1361670305124064e-23, nan 
172.125, 80.875, 1.0475690342127321e-23, nan 
172.375, 80.875, 1.0618189703708796e-23, nan 
172.625, 80.875, 9.975187815438227e-24, nan 
172.875, 80.875, 8.759949844856241e-24, nan 
173.125, 80.875, 8.992214173650774e-24, nan 
173.375, 80.875, 8.009542476656157e-24, nan 
173.625, 80.875, 8.853962477050925e-24, nan 
173.875, 80.875, 9.20388029797596e-24, nan 
174.125, 80.875, 8.83049364479798e-24, nan 
174.375, 80.875, 8.168827071284474e-24, nan 
174.625, 80.875, 7.817601054109028e-24, nan 
174.875, 80.875, 7.94772921809359e-24, nan 
175.125, 80.875, 8.69673418616598e-24, nan 
175.375, 80.875, 7.327584620930182e-24, nan 
175.625, 80.875, 7.052019403455982e-24, nan 
175.875, 80.875, 7.356189280727609e-24, nan 
176.125, 80.875, 7.707680058995539e-24, nan 
176.375, 80.875, 5.450735688243443e-24, nan 
176.625, 80.875, 5.901942453296263e-24, nan 
176.875, 80.875, 5.398204694481811e-24, nan 
177.125, 80.875, 5.823318576324711e-24, nan 
177.375, 80.875, 5.8335394023964496e-24, nan 
177.625, 80.875, 6.23996190023887e-24, nan 
177.875, 80.875, 5.92231540378245e-24, nan 
178.125, 80.875, 5.899973926414724e-24, nan 
178.375, 80.875, 5.911574987881409e-24, nan 
178.625, 80.875, 5.605789034351567e-24, nan 
178.875, 80.875, 5.824323556179262e-24, nan 
179.125, 80.875, 5.57043812086406e-24, nan 
179.375, 80.875, 5.636772690377783e-24, nan 
179.625, 80.875, 6.005829414246502e-24, nan 
179.875, 80.875, 5.646384879362891e-24, nan 
-179.875, 81.125, 5.713148288698821e-24, nan 
-179.625, 81.125, 6.260160513471695e-24, nan 
-179.375, 81.125, 5.879274035359864e-24, nan 
-179.125, 81.125, 6.019903059431204e-24, nan 
-178.875, 81.125, 6.099640679510003e-24, nan 
-178.625, 81.125, 5.936669024602361e-24, nan 
-178.375, 81.125, 5.9099889518825414e-24, nan 
-178.125, 81.125, 5.70903878634811e-24, nan 
-177.875, 81.125, 6.155554247702827e-24, nan 
-177.625, 81.125, 5.689792007378431e-24, nan 
-177.375, 81.125, 5.6827812090821185e-24, nan 
-177.125, 81.125, 6.372032895636913e-24, nan 
-176.875, 81.125, 6.601291404255999e-24, nan 
-176.625, 81.125, 6.129905489976256e-24, nan 
-176.375, 81.125, 6.489751091732233e-24, nan 
-176.125, 81.125, 7.51441819090897e-24, nan 
-175.875, 81.125, 7.142610719049541e-24, nan 
-175.625, 81.125, 7.274573354941427e-24, nan 
-175.375, 81.125, 7.84370898990406e-24, nan 
-175.125, 81.125, 7.622205309641343e-24, nan 
-174.875, 81.125, 7.859063995022071e-24, nan 
-174.625, 81.125, 8.435557542832342e-24, nan 
-174.375, 81.125, 8.66359421288089e-24, nan 
-174.125, 81.125, 8.197125216714104e-24, nan 
-173.875, 81.125, 8.316822954153403e-24, nan 
-173.625, 81.125, 7.819251464994795e-24, nan 
-173.375, 81.125, 6.09304930254292e-24, nan 
-173.125, 81.125, 6.706932810030341e-24, nan 
-172.875, 81.125, 8.921908116145906e-24, nan 
-172.625, 81.125, 7.07958788016989e-24, nan 
-172.375, 81.125, 8.426006669288706e-24, nan 
-172.125, 81.125, 9.466686736242618e-24, nan 
-171.875, 81.125, 8.157193045277732e-24, nan 
-171.625, 81.125, 7.944107150405886e-24, nan 
-171.375, 81.125, 8.877055743773585e-24, nan 
-171.125, 81.125, 8.733269293385521e-24, nan 
-170.875, 81.125, 7.923120671717173e-24, nan 
-170.625, 81.125, 1.0390616602764214e-23, nan 
-170.375, 81.125, 1.025318087441077e-23, nan 
-170.125, 81.125, 8.064643271116102e-24, nan 
-169.875, 81.125, 1.1203758227331919e-23, nan 
-169.625, 81.125, 8.578846316046205e-24, nan 
-169.375, 81.125, 1.027937760608481e-23, nan 
-169.125, 81.125, 1.0341103812393708e-23, nan 
-168.875, 81.125, 9.986486090430974e-24, nan 
-168.625, 81.125, 1.0969313414330646e-23, nan 
-168.375, 81.125, 1.0635851626361147e-23, nan 
-168.125, 81.125, 8.090372085549284e-24, nan 
-167.875, 81.125, 4.88893774259618e-24, nan 
-167.625, 81.125, 4.5014765913546004e-24, nan 
-167.375, 81.125, 4.086590134134516e-24, nan 
-167.125, 81.125, 3.85416269914801e-24, nan 
-166.875, 81.125, 3.9827000571953e-24, nan 
-166.625, 81.125, 3.4120511839136775e-24, nan 
-166.375, 81.125, 2.7184107509363187e-24, nan 
-166.125, 81.125, 2.601542025621649e-24, nan 
-165.875, 81.125, 2.6305492772784408e-24, nan 
-165.625, 81.125, 2.4048749438664342e-24, nan 
-165.375, 81.125, 2.027954143810872e-24, nan 
-165.125, 81.125, 2.328038947280413e-24, nan 
-164.875, 81.125, 2.4537877519263975e-24, nan 
-164.625, 81.125, 2.098950128998851e-24, nan 
-164.375, 81.125, 2.0744881356517254e-24, nan 
-164.125, 81.125, 2.505613752327205e-24, nan 
-163.875, 81.125, 2.570160074400708e-24, nan 
-163.625, 81.125, 2.2772277091203858e-24, nan 
-163.375, 81.125, 2.6249901992677452e-24, nan 
-163.125, 81.125, 2.8580086655294313e-24, nan 
-162.875, 81.125, 2.5315501646904503e-24, nan 
-162.625, 81.125, 2.6748121040578555e-24, nan 
-162.375, 81.125, 3.0236693781161292e-24, nan 
-162.125, 81.125, 3.236868981545547e-24, nan 
-161.875, 81.125, 3.0048888788388883e-24, nan 
-161.625, 81.125, 2.8708922914012998e-24, nan 
-161.375, 81.125, 3.2034344088810678e-24, nan 
-161.125, 81.125, 3.482813271594557e-24, nan 
-160.875, 81.125, 3.3884682618570286e-24, nan 
-160.625, 81.125, 3.2810709940485566e-24, nan 
-160.375, 81.125, 3.4553422354341436e-24, nan 
-160.125, 81.125, 3.2171054151603965e-24, nan 
-159.875, 81.125, 3.423445496175063e-24, nan 
-159.625, 81.125, 3.777022261713912e-24, nan 
-159.375, 81.125, 3.553771478264195e-24, nan 
-159.125, 81.125, 3.4449613053228356e-24, nan 
-158.875, 81.125, 3.626098618960952e-24, nan 
-158.625, 81.125, 3.627687987512118e-24, nan 
-158.375, 81.125, 3.7460319533772846e-24, nan 
-158.125, 81.125, 3.850883834010755e-24, nan 
-157.875, 81.125, 3.9122873195724566e-24, nan 
-157.625, 81.125, 3.78614231846294e-24, nan 
-157.375, 81.125, 3.6660101817892694e-24, nan 
-157.125, 81.125, 4.11007792769074e-24, nan 
-156.875, 81.125, 3.8853760390211824e-24, nan 
-156.625, 81.125, 4.232303472389679e-24, nan 
-156.375, 81.125, 4.21783196801431e-24, nan 
-156.125, 81.125, 4.4964403283025946e-24, nan 
-155.875, 81.125, 4.156189663438301e-24, nan 
-155.625, 81.125, 4.198945994035276e-24, nan 
-155.375, 81.125, 4.7328768139807014e-24, nan 
-155.125, 81.125, 4.43203094362257e-24, nan 
-154.875, 81.125, 4.2697702030244285e-24, nan 
-154.625, 81.125, 4.440541592965615e-24, nan 
-154.375, 81.125, 4.6846804189831956e-24, nan 
-154.125, 81.125, 4.4832389578627006e-24, nan 
-153.875, 81.125, 4.4266798481709386e-24, nan 
-153.625, 81.125, 4.665368161036112e-24, nan 
-153.375, 81.125, 4.7932775586551856e-24, nan 
-153.125, 81.125, 4.560148866712991e-24, nan 
-152.875, 81.125, 4.942245181067563e-24, nan 
-152.625, 81.125, 4.672461213439845e-24, nan 
-152.375, 81.125, 4.618710259508941e-24, nan 
-152.125, 81.125, 5.0447354206584154e-24, nan 
-151.875, 81.125, 4.6938268817338834e-24, nan 
-151.625, 81.125, 4.8498311058465214e-24, nan 
-151.375, 81.125, 4.96533423750736e-24, nan 
-151.125, 81.125, 5.311566288996061e-24, nan 
-150.875, 81.125, 4.947669418026625e-24, nan 
-150.625, 81.125, 4.9705606414442925e-24, nan 
-150.375, 81.125, 5.233158412797737e-24, nan 
-150.125, 81.125, 4.7243987067962e-24, nan 
-149.875, 81.125, 5.119898067242489e-24, nan 
-149.625, 81.125, 4.876639561609366e-24, nan 
-149.375, 81.125, 4.6593108077502015e-24, nan 
-149.125, 81.125, 4.9361472424214715e-24, nan 
-148.875, 81.125, 5.005712838830225e-24, nan 
-148.625, 81.125, 4.6671438089101876e-24, nan 
-148.375, 81.125, 4.490305937324468e-24, nan 
-148.125, 81.125, 4.498951377623669e-24, nan 
-147.875, 81.125, 4.892002675829273e-24, nan 
-147.625, 81.125, 4.932972738500692e-24, nan 
-147.375, 81.125, 4.367463042322646e-24, nan 
-147.125, 81.125, 4.39815047756164e-24, nan 
-146.875, 81.125, 4.889246344933698e-24, nan 
-146.625, 81.125, 4.6100278553292305e-24, nan 
-146.375, 81.125, 4.442607535671771e-24, nan 
-146.125, 81.125, 4.580564565123468e-24, nan 
-145.875, 81.125, 4.351521637296521e-24, nan 
-145.625, 81.125, 4.50630900338431e-24, nan 
-145.375, 81.125, 4.476103785583156e-24, nan 
-145.125, 81.125, 3.7011986099155975e-24, nan 
-144.875, 81.125, 4.2742594879519485e-24, nan 
-144.625, 81.125, 4.248065680101133e-24, nan 
-144.375, 81.125, 4.086665547746788e-24, nan 
-144.125, 81.125, 4.3644292363150064e-24, nan 
-143.875, 81.125, 4.5369408088682935e-24, nan 
-143.625, 81.125, 3.984267340219256e-24, nan 
-143.375, 81.125, 3.8994200584371924e-24, nan 
-143.125, 81.125, 4.207657590274657e-24, nan 
-142.875, 81.125, 4.112029962443189e-24, nan 
-142.625, 81.125, 4.062594468098898e-24, nan 
-142.375, 81.125, 4.125836502946212e-24, nan 
-142.125, 81.125, 4.044169188702406e-24, nan 
-141.875, 81.125, 3.8446214527350294e-24, nan 
-141.625, 81.125, 3.63358823981246e-24, nan 
-141.375, 81.125, 3.695560990969652e-24, nan 
-141.125, 81.125, 3.595488144043714e-24, nan 
-140.875, 81.125, 3.998855266590733e-24, nan 
-140.625, 81.125, 3.584056054731743e-24, nan 
-140.375, 81.125, 3.6769328816815116e-24, nan 
-140.125, 81.125, 3.785960791683525e-24, nan 
-139.875, 81.125, 3.749675190222215e-24, nan 
-139.625, 81.125, 3.898097000546743e-24, nan 
-139.375, 81.125, 3.6820691244179765e-24, nan 
-139.125, 81.125, 3.888528861652634e-24, nan 
-138.875, 81.125, 3.584680016005707e-24, nan 
-138.625, 81.125, 3.5996135567309905e-24, nan 
-138.375, 81.125, 3.761351365312678e-24, nan 
-138.125, 81.125, 3.595318705985654e-24, nan 
-137.875, 81.125, 3.767740279694062e-24, nan 
-137.625, 81.125, 3.9622886717725815e-24, nan 
-137.375, 81.125, 3.590042987916819e-24, nan 
-137.125, 81.125, 3.758241658228828e-24, nan 
-136.875, 81.125, 3.7872549292610655e-24, nan 
-136.625, 81.125, 3.735703696564758e-24, nan 
-136.375, 81.125, 4.0453786849570385e-24, nan 
-136.125, 81.125, 4.086131359376232e-24, nan 
-135.875, 81.125, 3.958950412805737e-24, nan 
-135.625, 81.125, 4.180321963050626e-24, nan 
-135.375, 81.125, 4.1841692579975275e-24, nan 
-135.125, 81.125, 4.597955682407052e-24, nan 
-134.875, 81.125, 4.512855845454545e-24, nan 
-134.625, 81.125, 4.6539430321759954e-24, nan 
-134.375, 81.125, 4.642265611040187e-24, nan 
-134.125, 81.125, 4.805461956028125e-24, nan 
-133.875, 81.125, 4.971807301161128e-24, nan 
-133.625, 81.125, 4.975768656472063e-24, nan 
-133.375, 81.125, 5.677641656192475e-24, nan 
-133.125, 81.125, 5.675431637551339e-24, nan 
-132.875, 81.125, 5.878357024026745e-24, nan 
-132.625, 81.125, 6.112479284190286e-24, nan 
-132.375, 81.125, 6.385575917638832e-24, nan 
-132.125, 81.125, 6.861687929080529e-24, nan 
-131.875, 81.125, 7.051290731529932e-24, nan 
-131.625, 81.125, 7.195114452587205e-24, nan 
-131.375, 81.125, 7.908238824606081e-24, nan 
-131.125, 81.125, 8.344206867351384e-24, nan 
-130.875, 81.125, 8.417520557375467e-24, nan 
-130.625, 81.125, 8.691897580169208e-24, nan 
-130.375, 81.125, 9.244379266066932e-24, nan 
-130.125, 81.125, 9.922408046224773e-24, nan 
-129.875, 81.125, 1.0462188766297434e-23, nan 
-129.625, 81.125, 1.1357427239283215e-23, nan 
-129.375, 81.125, 1.1003423272618468e-23, nan 
-129.125, 81.125, 1.1485088862464972e-23, nan 
-128.875, 81.125, 1.2452654911579302e-23, nan 
-128.625, 81.125, 1.3644563769024012e-23, nan 
-128.375, 81.125, 1.4431914487565553e-23, nan 
-128.125, 81.125, 1.5559051931344734e-23, nan 
-127.875, 81.125, 1.635681296241594e-23, nan 
-127.625, 81.125, 1.8429483081600127e-23, nan 
-127.375, 81.125, 1.839868782871894e-23, nan 
-127.125, 81.125, 1.945526874783918e-23, nan 
-126.875, 81.125, 1.9813520966421782e-23, nan 
-126.625, 81.125, 2.1783031881828202e-23, nan 
-126.375, 81.125, 2.2103268420158578e-23, nan 
-126.125, 81.125, 2.276923902974234e-23, nan 
-125.875, 81.125, 2.3106098540463446e-23, nan 
-125.625, 81.125, 2.3611625315089634e-23, nan 
-125.375, 81.125, 3.4114966625244945e-23, nan 
-125.125, 81.125, 3.2846354456839015e-23, nan 
-124.875, 81.125, 3.679442187903134e-23, nan 
-124.625, 81.125, 3.6737047805944854e-23, nan 
-124.375, 81.125, 5.567027422706945e-23, nan 
-124.125, 81.125, 4.719718435527341e-23, nan 
-123.875, 81.125, 6.365531328273426e-23, nan 
-123.625, 81.125, 6.99198941355602e-23, nan 
-123.375, 81.125, 6.957430454583271e-23, nan 
-123.125, 81.125, 7.448517504915814e-23, nan 
-122.875, 81.125, 7.71773733862244e-23, nan 
-122.625, 81.125, 7.62252805340413e-23, nan 
-122.375, 81.125, 7.441471938922456e-23, nan 
-122.125, 81.125, 7.534892496294571e-23, nan 
-121.875, 81.125, 5.469073272416362e-23, nan 
-121.625, 81.125, 5.450386655664589e-23, nan 
-121.375, 81.125, 5.434010270301973e-23, nan 
-121.125, 81.125, 6.661140809215645e-23, nan 
-120.875, 81.125, 6.915439430082441e-23, nan 
-120.625, 81.125, 6.884533532357197e-23, nan 
-120.375, 81.125, 5.757138277578787e-23, nan 
-120.125, 81.125, 4.838617328031339e-23, nan 
-119.875, 81.125, 4.766705627988966e-23, nan 
-119.625, 81.125, 4.627562129758903e-23, nan 
-119.375, 81.125, 4.7150398079541544e-23, nan 
-119.125, 81.125, 5.1727656569442054e-23, nan 
-118.875, 81.125, 2.3962304920377475e-23, nan 
-118.625, 81.125, 2.890740355735948e-23, nan 
-118.375, 81.125, 3.0445192132192356e-23, nan 
-118.125, 81.125, 2.907108825361037e-23, nan 
-117.875, 81.125, 3.221107251170091e-23, nan 
-117.625, 81.125, 3.386331180384776e-23, nan 
-117.375, 81.125, 2.4890036935305888e-23, nan 
-117.125, 81.125, 1.9394776260974733e-23, nan 
-116.875, 81.125, 1.682548587028668e-23, nan 
-116.625, 81.125, 2.1001907285985933e-23, nan 
-116.375, 81.125, 3.4973606926389157e-23, nan 
-116.125, 81.125, 5.31658330990444e-23, nan 
-115.875, 81.125, 6.61781806733795e-23, nan 
-115.625, 81.125, 1.1332096547501235e-22, nan 
-115.375, 81.125, 1.310150822949323e-22, nan 
-115.125, 81.125, 1.4368543331344211e-22, nan 
-114.875, 81.125, 1.370318111150108e-22, nan 
-114.625, 81.125, 1.1227661944881128e-22, nan 
-114.375, 81.125, 8.644688822450357e-23, nan 
-114.125, 81.125, 1.255334933241937e-22, nan 
-113.875, 81.125, 1.9108427755361777e-22, nan 
-113.625, 81.125, 2.3848520204776936e-22, nan 
-113.375, 81.125, 2.9822486516335273e-22, nan 
-113.125, 81.125, 2.927897999566996e-22, nan 
-112.875, 81.125, 2.7229911630418055e-22, nan 
-112.625, 81.125, 1.9943056330584673e-22, nan 
-112.375, 81.125, 1.6567541775693e-22, nan 
-112.125, 81.125, 2.196183677119358e-22, nan 
-111.875, 81.125, 2.6401752520380774e-22, nan 
-111.625, 81.125, 2.93510886902353e-22, nan 
-111.375, 81.125, 2.9787257132109076e-22, nan 
-111.125, 81.125, 2.909102441639242e-22, nan 
-110.875, 81.125, 2.5747805913433046e-22, nan 
-110.625, 81.125, 1.935797377905401e-22, nan 
-110.375, 81.125, 1.816782239889242e-22, nan 
-110.125, 81.125, 2.391621089474515e-22, nan 
-109.875, 81.125, 2.303743214722055e-22, nan 
-109.625, 81.125, 2.442934815529308e-22, nan 
-109.375, 81.125, 2.657536100299294e-22, nan 
-109.125, 81.125, 2.3282311199790236e-22, nan 
-108.875, 81.125, 2.544194671745245e-22, nan 
-108.625, 81.125, 2.545472617534337e-22, nan 
-108.375, 81.125, 2.732963597104942e-22, nan 
-108.125, 81.125, 3.0283532964502183e-22, nan 
-107.875, 81.125, 2.0961571448777732e-22, nan 
-107.625, 81.125, 1.7079367342543932e-22, nan 
-107.375, 81.125, 2.0417446847142606e-22, nan 
-107.125, 81.125, 1.9771955372274418e-22, nan 
-106.875, 81.125, 2.377612801157776e-22, nan 
-106.625, 81.125, 1.7754300853116322e-22, nan 
-106.375, 81.125, 1.3050921383114654e-22, nan 
-106.125, 81.125, 7.37830520190399e-23, nan 
-105.875, 81.125, 9.402263936100998e-23, nan 
-105.625, 81.125, 8.747056231335676e-23, nan 
-105.375, 81.125, 1.4167372627182474e-22, nan 
-105.125, 81.125, 3.25308126170027e-22, nan 
-104.875, 81.125, 1.6508838715025376e-22, nan 
-104.625, 81.125, 1.2735791791590837e-22, nan 
-104.375, 81.125, 8.816617976251488e-23, nan 
-104.125, 81.125, 9.065414417757609e-23, nan 
-103.875, 81.125, 9.454626812549819e-23, nan 
-103.625, 81.125, 1.1755172727574785e-22, nan 
-103.375, 81.125, 2.680695344630612e-22, nan 
-103.125, 81.125, 1.4093511988315745e-22, nan 
-102.875, 81.125, 1.7974000058231218e-22, nan 
-102.625, 81.125, 1.093677970616591e-22, nan 
-102.375, 81.125, 1.112536946472988e-22, nan 
-102.125, 81.125, 1.1598582315224707e-22, nan 
-101.875, 81.125, 9.929026330188712e-23, nan 
-101.625, 81.125, 1.3068062862916713e-22, nan 
-101.375, 81.125, 1.113227665006316e-22, nan 
-101.125, 81.125, 8.838569451560362e-23, nan 
-100.875, 81.125, 1.0774136444442738e-22, nan 
-100.625, 81.125, 3.937135166358434e-22, nan 
-100.375, 81.125, 5.819997668017487e-22, nan 
-100.125, 81.125, 8.4098953179622495e-22, nan 
-99.875, 81.125, 9.276555106276871e-22, nan 
-99.625, 81.125, 9.623947939851115e-22, nan 
-99.375, 81.125, 9.845806039073015e-22, nan 
-99.125, 81.125, 8.92451238482611e-22, nan 
-98.875, 81.125, 7.956273921127329e-22, nan 
-98.625, 81.125, 1.0613866998903905e-21, nan 
-98.375, 81.125, 1.104557933613663e-21, nan 
-98.125, 81.125, 1.1185987149785971e-21, nan 
-97.875, 81.125, 1.2102679452420122e-21, nan 
-97.625, 81.125, 1.2702764329806427e-21, nan 
-97.375, 81.125, 1.2111462769975767e-21, nan 
-97.125, 81.125, 1.0108845486439863e-21, nan 
-96.875, 81.125, 1.0369614288665003e-21, nan 
-96.625, 81.125, 1.0488753912010137e-21, nan 
-96.375, 81.125, 9.565379560101015e-22, nan 
-96.125, 81.125, 6.947413641701108e-22, nan 
-95.875, 81.125, 4.9384610082025825e-22, nan 
-95.625, 81.125, 1.4049313036626532e-22, nan 
-95.375, 81.125, 1.1051403760277587e-22, nan 
-95.125, 81.125, 8.490718843673362e-23, nan 
-94.875, 81.125, 1.235901843296535e-22, nan 
-94.625, 81.125, 9.932806821496765e-23, nan 
-94.375, 81.125, 9.899508735275459e-23, nan 
-94.125, 81.125, 1.4956168104799624e-22, nan 
-93.875, 81.125, 9.08101559898894e-23, nan 
-93.625, 81.125, 1.801756082883604e-22, nan 
-93.375, 81.125, 1.4532844378808246e-22, nan 
-93.125, 81.125, 1.0275221676103306e-22, nan 
-92.875, 81.125, 1.0429444850756896e-22, nan 
-92.625, 81.125, 1.3990124016469498e-22, nan 
-92.375, 81.125, 1.4189580518162336e-22, nan 
-92.125, 81.125, 1.6654362388749102e-22, nan 
-91.875, 81.125, 1.4398191759378272e-22, nan 
-91.625, 81.125, 1.4621828285475918e-22, nan 
-91.375, 81.125, 1.417775776744473e-22, nan 
-91.125, 81.125, 1.1843811426306265e-22, nan 
-90.875, 81.125, 2.0544855460147817e-22, nan 
-90.625, 81.125, 2.3244815558294004e-22, nan 
-90.375, 81.125, 2.413972722682623e-22, nan 
-90.125, 81.125, 3.143517335005971e-22, nan 
-89.875, 81.125, 3.5022014980379712e-22, nan 
-89.625, 81.125, 3.970422905186949e-22, nan 
-89.375, 81.125, 4.106635221558887e-22, nan 
-89.125, 81.125, 4.30063426816432e-22, nan 
-88.875, 81.125, 4.790463679322244e-22, nan 
-88.625, 81.125, 4.910177669899917e-22, nan 
-88.375, 81.125, 5.160371111159003e-22, nan 
-88.125, 81.125, 6.1951851804568125e-22, nan 
-87.875, 81.125, 6.2870598183511405e-22, nan 
-87.625, 81.125, 6.383139275770704e-22, nan 
-87.375, 81.125, 6.535972487428146e-22, nan 
-87.125, 81.125, 6.1136910599352225e-22, nan 
-86.875, 81.125, 4.351736805277464e-22, nan 
-86.625, 81.125, 2.974198475627802e-22, nan 
-86.375, 81.125, 1.7552528829381e-22, nan 
-86.125, 81.125, 2.54511114073296e-22, nan 
-85.875, 81.125, 5.128187225420213e-22, nan 
-85.625, 81.125, 7.09917144136243e-22, nan 
-85.375, 81.125, 9.930423329341825e-22, nan 
-85.125, 81.125, 1.1099161570789488e-21, nan 
-84.875, 81.125, 1.0817692084130655e-21, nan 
-84.625, 81.125, 1.0454145403366164e-21, nan 
-84.375, 81.125, 1.0434084842065274e-21, nan 
-84.125, 81.125, 7.66600375020121e-22, nan 
-83.875, 81.125, 9.870978644520925e-22, nan 
-83.625, 81.125, 1.0440765525154362e-21, nan 
-83.375, 81.125, 1.1370014756133977e-21, nan 
-83.125, 81.125, 1.1245078777070087e-21, nan 
-82.875, 81.125, 9.711354892192337e-22, nan 
-82.625, 81.125, 9.852600211160078e-22, nan 
-82.375, 81.125, 5.955669279638694e-22, nan 
-82.125, 81.125, 3.8759275055372394e-22, nan 
-81.875, 81.125, 6.273171334172179e-22, nan 
-81.625, 81.125, 8.339100147285274e-22, nan 
-81.375, 81.125, 1.033676607967201e-21, nan 
-81.125, 81.125, 1.0436720557728702e-21, nan 
-80.875, 81.125, 1.1248161437689305e-21, nan 
-80.625, 81.125, 1.2309687921852705e-21, nan 
-80.375, 81.125, 1.4530542163329884e-21, nan 
-80.125, 81.125, 1.887219674575688e-21, nan 
-79.875, 81.125, 1.283046982574828e-21, nan 
-79.625, 81.125, 1.425462810433311e-21, nan 
-79.375, 81.125, 1.3607457685055121e-21, nan 
-79.125, 81.125, 1.34459309688216e-21, nan 
-78.875, 81.125, 1.4017984100444688e-21, nan 
-78.625, 81.125, 1.2840073301153069e-21, nan 
-78.375, 81.125, 1.1034507503145358e-21, nan 
-78.125, 81.125, 1.1816601591230063e-21, nan 
-77.875, 81.125, 1.2502308288746053e-21, nan 
-77.625, 81.125, 9.6560398614091e-22, nan 
-77.375, 81.125, 8.774829393119346e-22, nan 
-77.125, 81.125, 9.033203772119784e-22, nan 
-76.875, 81.125, 1.0460767645711425e-21, nan 
-76.625, 81.125, 1.0433500684450471e-21, nan 
-76.375, 81.125, 1.5142498257151017e-21, nan 
-76.125, 81.125, 1.216622893983312e-21, nan 
-75.875, 81.125, 1.2534197795822209e-21, nan 
-75.625, 81.125, 1.6168412430261115e-21, nan 
-75.375, 81.125, 2.0141412713385415e-21, nan 
-75.125, 81.125, 3.2669031668077073e-21, nan 
-74.875, 81.125, 3.2548038494512285e-21, nan 
-74.625, 81.125, 3.416323941558052e-21, nan 
-74.375, 81.125, 3.389146007678223e-21, nan 
-74.125, 81.125, 3.3837709718905743e-21, nan 
-73.875, 81.125, 3.8057463887605025e-21, nan 
-73.625, 81.125, 3.604876855738708e-21, nan 
-73.375, 81.125, 3.635178723375841e-21, nan 
-73.125, 81.125, 5.2006626077211926e-21, nan 
-72.875, 81.125, 5.433777075583555e-21, nan 
-72.625, 81.125, 5.433361224399127e-21, nan 
-72.375, 81.125, 5.702337148430695e-21, nan 
-72.125, 81.125, 6.27521208606671e-21, nan 
-71.875, 81.125, 6.603237656401345e-21, nan 
-71.625, 81.125, 6.1002352300203544e-21, nan 
-71.375, 81.125, 6.2921212653613484e-21, nan 
-71.125, 81.125, 7.021461613178402e-21, nan 
-70.875, 81.125, 6.641301700280414e-21, nan 
-70.625, 81.125, 6.2743448156371196e-21, nan 
-70.375, 81.125, 6.923711163745438e-21, nan 
-70.125, 81.125, 8.906433851412582e-21, nan 
-69.875, 81.125, 1.6034149268977894e-20, nan 
-69.625, 81.125, 1.9666092274052043e-20, nan 
-69.375, 81.125, 2.1748132212458632e-20, nan 
-69.125, 81.125, 2.5107949018716802e-20, nan 
-68.875, 81.125, 2.2676629033900715e-20, nan 
-68.625, 81.125, 2.399832631724126e-20, nan 
-68.375, 81.125, 2.4008599756126458e-20, nan 
-68.125, 81.125, 2.2585886734799734e-20, nan 
-67.875, 81.125, 2.0540091358068778e-20, nan 
-67.625, 81.125, 2.3227531795699628e-20, nan 
-67.375, 81.125, 3.0377117641110385e-20, nan 
-67.125, 81.125, 2.960933802486825e-20, nan 
-66.875, 81.125, 3.0949183340043125e-20, nan 
-66.625, 81.125, 3.137385875582204e-20, nan 
-66.375, 81.125, 2.5704977094995198e-20, nan 
-66.125, 81.125, 2.767154117731321e-20, nan 
-65.875, 81.125, 2.740114829327615e-20, nan 
-65.625, 81.125, 2.6114068303932826e-20, nan 
-65.375, 81.125, 1.795249886809879e-20, nan 
-65.125, 81.125, 1.949908838822332e-20, nan 
-64.875, 81.125, 1.1018047572054317e-20, nan 
-64.625, 81.125, 1.702847710911849e-20, nan 
-64.375, 81.125, 9.155863990460114e-21, nan 
-64.125, 81.125, 4.974301456057936e-21, nan 
-63.875, 81.125, 3.045922234557803e-21, nan 
-63.625, 81.125, 3.326493442359659e-21, nan 
-63.375, 81.125, 9.363689256239637e-21, nan 
-63.125, 81.125, 4.1440946346156735e-21, nan 
-62.875, 81.125, 5.409674589020635e-21, nan 
-62.625, 81.125, 1.0755085534781427e-20, nan 
-62.375, 81.125, 2.6780184862165365e-20, nan 
-62.125, 81.125, 2.3019226555488564e-20, nan 
-61.875, 81.125, 3.570900029340993e-20, nan 
-61.625, 81.125, 4.002869100492619e-20, nan 
-61.375, 81.125, 3.878617293297999e-20, nan 
-61.125, 81.125, 3.900766977640922e-20, nan 
-60.875, 81.125, 3.9906491917988454e-20, nan 
-60.625, 81.125, 3.2852268934372834e-20, nan 
-60.375, 81.125, 3.3999663608449737e-20, nan 
-60.125, 81.125, 3.294924225906992e-20, nan 
-59.875, 81.125, 3.986239652440746e-20, nan 
-59.625, 81.125, 3.559929993340438e-20, nan 
-59.375, 81.125, 3.4175047763517065e-20, nan 
-59.125, 81.125, 3.0473897874812546e-20, nan 
-58.875, 81.125, 1.0747882691654724e-20, nan 
-58.625, 81.125, 1.8555048300095603e-20, nan 
-58.375, 81.125, 8.388610377849945e-21, nan 
-58.125, 81.125, 9.747258747481004e-22, nan 
-57.875, 81.125, 1.7949795760975498e-21, nan 
-57.625, 81.125, 2.4536153284851297e-21, nan 
-57.375, 81.125, 1.466594122122258e-21, nan 
-57.125, 81.125, 1.1650729760990882e-21, nan 
-56.875, 81.125, 2.38065475935804e-21, nan 
-56.625, 81.125, 1.8388245421445017e-21, nan 
-56.375, 81.125, 1.5184951840159722e-21, nan 
-56.125, 81.125, 2.0526957683355526e-21, nan 
-55.875, 81.125, 1.735335930170964e-21, nan 
-55.625, 81.125, 2.9034335367780957e-21, nan 
-55.375, 81.125, 2.757442445276782e-21, nan 
-55.125, 81.125, 4.628027961532002e-21, nan 
-54.875, 81.125, 4.920697116354046e-21, nan 
-54.625, 81.125, 4.634231583423288e-21, nan 
-54.375, 81.125, 3.9083495393283486e-21, nan 
-54.125, 81.125, 4.060902768519967e-21, nan 
-53.875, 81.125, 3.605670108735912e-21, nan 
-53.625, 81.125, 4.187321426395451e-21, nan 
-53.375, 81.125, 5.003649273912777e-21, nan 
-53.125, 81.125, 4.664489230031705e-21, nan 
-52.875, 81.125, 4.433921596372102e-21, nan 
-52.625, 81.125, 4.4243728067256156e-21, nan 
-52.375, 81.125, 3.903356752065952e-21, nan 
-52.125, 81.125, 4.495661152568219e-21, nan 
-51.875, 81.125, 4.762170588435186e-21, nan 
-51.625, 81.125, 5.557044652747562e-21, nan 
-51.375, 81.125, 5.5744143001198246e-21, nan 
-51.125, 81.125, 5.4105650057992975e-21, nan 
-50.875, 81.125, 4.545698325191093e-21, nan 
-50.625, 81.125, 4.5154177772212e-21, nan 
-50.375, 81.125, 7.813132206150473e-21, nan 
-50.125, 81.125, 6.762799378718675e-21, nan 
-49.875, 81.125, 6.7646166347525204e-21, nan 
-49.625, 81.125, 6.1493851199247816e-21, nan 
-49.375, 81.125, 4.570679250026922e-21, nan 
-49.125, 81.125, 3.336429716749874e-21, nan 
-48.875, 81.125, 7.058820720879254e-21, nan 
-48.625, 81.125, 8.172709526632065e-21, nan 
-48.375, 81.125, 8.127758474008645e-21, nan 
-48.125, 81.125, 8.777773408685763e-21, nan 
-47.875, 81.125, 1.111550813848612e-20, nan 
-47.625, 81.125, 1.1477329484945976e-20, nan 
-47.375, 81.125, 2.701920031690671e-20, nan 
-47.125, 81.125, 3.8621734150366224e-20, nan 
-46.875, 81.125, 3.931590384256684e-20, nan 
-46.625, 81.125, 4.312881370391564e-20, nan 
-46.375, 81.125, 4.4477332561337765e-20, nan 
-46.125, 81.125, 4.375044771601856e-20, nan 
-45.875, 81.125, 4.2227485818864187e-20, nan 
-45.625, 81.125, 4.3980314037655996e-20, nan 
-45.375, 81.125, 3.850541974826174e-20, nan 
-45.125, 81.125, 4.131545267228621e-20, nan 
-44.875, 81.125, 4.6618938030844485e-20, nan 
-44.625, 81.125, 4.908838420943528e-20, nan 
-44.375, 81.125, 5.1924662922434374e-20, nan 
-44.125, 81.125, 5.646526822638348e-20, nan 
-43.875, 81.125, 5.927938469999366e-20, nan 
-43.625, 81.125, 5.907975258695615e-20, nan 
-43.375, 81.125, 5.138403961188683e-20, nan 
-43.125, 81.125, 5.861080887706712e-20, nan 
-42.875, 81.125, 6.69476878069495e-20, nan 
-42.625, 81.125, 7.266105184766408e-20, nan 
-42.375, 81.125, 8.976497688573637e-20, nan 
-42.125, 81.125, 8.926008224610017e-20, nan 
-41.875, 81.125, 6.2115554130747e-20, nan 
-41.625, 81.125, 6.035572577511639e-20, nan 
-41.375, 81.125, 6.724661027908236e-20, nan 
-41.125, 81.125, 7.179056257124004e-20, nan 
-40.875, 81.125, 7.541083916373258e-20, nan 
-40.625, 81.125, 9.573643220157325e-20, nan 
-40.375, 81.125, 5.094163970647849e-20, nan 
-40.125, 81.125, 4.5029631634378167e-20, nan 
-39.875, 81.125, 5.762252370115452e-20, nan 
-39.625, 81.125, 8.018521372797219e-20, nan 
-39.375, 81.125, 9.747290549478506e-20, nan 
-39.125, 81.125, 1.5169312381318957e-19, nan 
-38.875, 81.125, 2.3233847778399003e-19, nan 
-38.625, 81.125, 1.6543713839101534e-19, nan 
-38.375, 81.125, 1.6963136991735998e-19, nan 
-38.125, 81.125, 1.6876461719412125e-19, nan 
-37.875, 81.125, 2.126448004766136e-19, nan 
-37.625, 81.125, 2.284128276819852e-19, nan 
-37.375, 81.125, 2.559099063205741e-19, nan 
-37.125, 81.125, 2.9055085437525217e-19, nan 
-36.875, 81.125, 2.4065356575650905e-19, nan 
-36.625, 81.125, 1.8143841136627296e-19, nan 
-36.375, 81.125, 1.3230775282505095e-19, nan 
-36.125, 81.125, 1.4060804191537756e-19, nan 
-35.875, 81.125, 1.3978444120710948e-19, nan 
-35.625, 81.125, 1.3013680395239172e-19, nan 
-35.375, 81.125, 1.4104078923327538e-19, nan 
-35.125, 81.125, 1.3110978379421498e-19, nan 
-34.875, 81.125, 1.5149762201531345e-19, nan 
-34.625, 81.125, 1.171454847171062e-19, nan 
-34.375, 81.125, 1.4435419584481017e-19, nan 
-34.125, 81.125, 1.7809687092998817e-19, nan 
-33.875, 81.125, 1.9806434858923389e-19, nan 
-33.625, 81.125, 2.1996445372039366e-19, nan 
-33.375, 81.125, 2.220525228314788e-19, nan 
-33.125, 81.125, 2.1420493799425914e-19, nan 
-32.875, 81.125, 2.521767921154306e-19, nan 
-32.625, 81.125, 2.3519628939004623e-19, nan 
-32.375, 81.125, 2.4629708267181187e-19, nan 
-32.125, 81.125, 2.677366852887071e-19, nan 
-31.875, 81.125, 3.407334587141052e-19, nan 
-31.625, 81.125, 4.0809521287560113e-19, nan 
-31.375, 81.125, 3.8828519846756744e-19, nan 
-31.125, 81.125, 3.1578952895300975e-19, nan 
-30.875, 81.125, 4.416415525152645e-19, nan 
-30.625, 81.125, 3.8548367175194357e-19, nan 
-30.375, 81.125, 3.9505184658977796e-19, nan 
-30.125, 81.125, 4.677076058792857e-19, nan 
-29.875, 81.125, 4.928342866275623e-19, nan 
-29.625, 81.125, 3.722045959365218e-19, nan 
-29.375, 81.125, 2.213357860964842e-19, nan 
-29.125, 81.125, 1.746399431068649e-19, nan 
-28.875, 81.125, 1.1384607862470456e-19, nan 
-28.625, 81.125, 7.687429555824846e-20, nan 
-28.375, 81.125, 6.673543278283626e-20, nan 
-28.125, 81.125, 9.513058925037864e-20, nan 
-27.875, 81.125, 1.0591638279742351e-19, nan 
-27.625, 81.125, 1.741605573517112e-19, nan 
-27.375, 81.125, 1.9027425849222154e-19, nan 
-27.125, 81.125, 1.6709285810998542e-19, nan 
-26.875, 81.125, 1.4280092572192817e-19, nan 
-26.625, 81.125, 2.650340371876503e-19, nan 
-26.375, 81.125, 3.116753270521515e-19, nan 
-26.125, 81.125, 3.0712621048828304e-19, nan 
-25.875, 81.125, 1.5375884353112699e-19, nan 
-25.625, 81.125, 2.5616262739897053e-19, nan 
-25.375, 81.125, 2.435034751798609e-19, nan 
-25.125, 81.125, 2.615220997375426e-19, nan 
-24.875, 81.125, 5.478170801787215e-19, nan 
-24.625, 81.125, 6.932946643255361e-19, nan 
-24.375, 81.125, 6.829088072934674e-19, nan 
-24.125, 81.125, 4.2627301694428007e-19, nan 
-23.875, 81.125, 4.444876964614567e-19, nan 
-23.625, 81.125, 4.624731233855095e-19, nan 
-23.375, 81.125, 4.773043945256308e-19, nan 
-23.125, 81.125, 4.539756645684835e-19, nan 
-22.875, 81.125, 4.6259377119272705e-19, nan 
-22.625, 81.125, 4.63309729075899e-19, nan 
-22.375, 81.125, 2.2047563844015316e-19, nan 
-22.125, 81.125, 1.7192457474761914e-19, nan 
-21.875, 81.125, 1.9563791506192067e-19, nan 
-21.625, 81.125, 1.72394067755068e-19, nan 
-21.375, 81.125, 1.1676388969431733e-19, nan 
-21.125, 81.125, 4.92947846303557e-20, nan 
-20.875, 81.125, 1.213963877757668e-19, nan 
-20.625, 81.125, 2.590250759139122e-19, nan 
-20.375, 81.125, 2.361576270382278e-19, nan 
-20.125, 81.125, 4.1737191332196476e-19, nan 
-19.875, 81.125, 4.4307046176600775e-19, nan 
-19.625, 81.125, 3.9399895746399487e-19, nan 
-19.375, 81.125, 3.244298517780205e-19, nan 
-19.125, 81.125, 3.1115487289145497e-19, nan 
-18.875, 81.125, 4.191001172336499e-19, nan 
-18.625, 81.125, 4.391809184366114e-19, nan 
-18.375, 81.125, 4.86758542376954e-19, nan 
-18.125, 81.125, 4.664740402558838e-19, nan 
-17.875, 81.125, 2.877676995718657e-19, nan 
-17.625, 81.125, 2.1330445750577396e-19, nan 
-17.375, 81.125, 9.5871854050013e-20, nan 
-17.125, 81.125, 6.144747003337322e-20, nan 
-16.875, 81.125, 9.637398050469087e-20, nan 
-16.625, 81.125, 7.145159027400655e-20, nan 
-16.375, 81.125, 5.257088453960689e-20, nan 
-16.125, 81.125, 4.885943843791557e-20, nan 
-15.875, 81.125, 6.301510617522781e-20, nan 
-15.625, 81.125, 1.6395397783841958e-19, nan 
-15.375, 81.125, 1.1251764445912897e-19, nan 
-15.125, 81.125, 1.5807244657421598e-19, nan 
-14.875, 81.125, 1.3039095931012674e-19, nan 
-14.625, 81.125, 8.520056678451413e-20, nan 
-14.375, 81.125, 7.564081263835508e-20, nan 
-14.125, 81.125, 8.824299092802045e-20, nan 
-13.875, 81.125, 9.711854659587599e-20, nan 
-13.625, 81.125, 1.0300522126368597e-19, nan 
-13.375, 81.125, 1.2478924199070801e-19, nan 
-13.125, 81.125, 1.0587526775524226e-19, nan 
-12.875, 81.125, 8.278094905063078e-20, nan 
-12.625, 81.125, 7.923592426465481e-20, nan 
-12.375, 81.125, 1.1078448763384924e-19, nan 
-12.125, 81.125, 1.1105428086144745e-19, nan 
-11.875, 81.125, 1.7678689867525186e-19, nan 
-11.625, 81.125, 1.7661936080503358e-19, nan 
-11.375, 81.125, 1.2228693845706784e-19, nan 
-11.125, 81.125, 1.0165329202160327e-19, nan 
-10.875, 81.125, 6.517019529446663e-20, nan 
-10.625, 81.125, 8.224331568162022e-20, nan 
-10.375, 81.125, 7.191965738828955e-20, nan 
-10.125, 81.125, 9.554050782547172e-20, nan 
-9.875, 81.125, 1.7112744795306428e-19, nan 
-9.625, 81.125, 1.406581728632395e-19, nan 
-9.375, 81.125, 4.9428823043408294e-20, nan 
-9.125, 81.125, 3.4670718436822254e-20, nan 
-8.875, 81.125, 1.7290940935220175e-20, nan 
-8.625, 81.125, 2.541854797633012e-20, nan 
-8.375, 81.125, 3.1711645084215785e-20, nan 
-8.125, 81.125, 3.687283490549379e-20, nan 
-7.875, 81.125, 4.6218019885497027e-20, nan 
-7.625, 81.125, 5.536372495190804e-20, nan 
-7.375, 81.125, 5.761732967100676e-20, nan 
-7.125, 81.125, 5.484254012247161e-20, nan 
-6.875, 81.125, 4.359336193558502e-20, nan 
-6.625, 81.125, 6.368223177557695e-20, nan 
-6.375, 81.125, 6.221560571245391e-20, nan 
-6.125, 81.125, 4.681771922660559e-20, nan 
-5.875, 81.125, 4.8276794840152744e-20, nan 
-5.625, 81.125, 4.7156903701429555e-20, nan 
-5.375, 81.125, 3.9224965523191105e-20, nan 
-5.125, 81.125, 3.4867522508069445e-20, nan 
-4.875, 81.125, 3.410692776116768e-20, nan 
-4.625, 81.125, 3.337981575738222e-20, nan 
-4.375, 81.125, 3.440019433383781e-20, nan 
-4.125, 81.125, 2.489150098253081e-20, nan 
-3.875, 81.125, 2.7634220597147286e-20, nan 
-3.625, 81.125, 2.6679797733754904e-20, nan 
-3.375, 81.125, 2.950311998843279e-20, nan 
-3.125, 81.125, 3.2641444904181e-20, nan 
-2.875, 81.125, 3.163226903903809e-20, nan 
-2.625, 81.125, 2.4532218765630355e-20, nan 
-2.375, 81.125, 2.360221101495e-20, nan 
-2.125, 81.125, 2.236478066981955e-20, nan 
-1.875, 81.125, 2.2471726480012583e-20, nan 
-1.625, 81.125, 2.6248021948118195e-20, nan 
-1.375, 81.125, 2.6160071246797522e-20, nan 
-1.125, 81.125, 2.2852416322238446e-20, nan 
-0.875, 81.125, 2.034385869336081e-20, nan 
-0.625, 81.125, 3.4718640679754925e-20, nan 
-0.375, 81.125, 4.790410754349684e-20, nan 
-0.125, 81.125, 6.284576073730056e-20, nan 
0.125, 81.125, 2.7989102025471136e-20, nan 
0.375, 81.125, 1.648271539347321e-20, nan 
0.625, 81.125, 9.138504299942254e-21, nan 
0.875, 81.125, 2.457218778320116e-20, nan 
1.125, 81.125, 5.0670080492111165e-20, nan 
1.375, 81.125, 7.035205308085548e-20, nan 
1.625, 81.125, 9.101437006849573e-20, nan 
1.875, 81.125, 4.907117213687969e-20, nan 
2.125, 81.125, 5.089093531214814e-20, nan 
2.375, 81.125, 5.242227637022889e-20, nan 
2.625, 81.125, 5.686207141180482e-20, nan 
2.875, 81.125, 3.860244372287599e-20, nan 
3.125, 81.125, 3.6186615860223154e-20, nan 
3.375, 81.125, 4.593477305407321e-20, nan 
3.625, 81.125, 2.877962720118207e-20, nan 
3.875, 81.125, 1.875353192817498e-20, nan 
4.125, 81.125, 1.53910808098332e-20, nan 
4.375, 81.125, 1.570842591999149e-20, nan 
4.625, 81.125, 1.436586936855046e-20, nan 
4.875, 81.125, 1.5401041495374546e-20, nan 
5.125, 81.125, 1.5753436464253428e-20, nan 
5.375, 81.125, 1.402297764609976e-20, nan 
5.625, 81.125, 1.0730756280022143e-20, nan 
5.875, 81.125, 1.117283307379239e-20, nan 
6.125, 81.125, 1.5228325353567108e-20, nan 
6.375, 81.125, 2.028155353780366e-20, nan 
6.625, 81.125, 3.112551063029076e-20, nan 
6.875, 81.125, 3.6418542890929e-20, nan 
7.125, 81.125, 3.5302309410728546e-20, nan 
7.375, 81.125, 1.6984116050709312e-20, nan 
7.625, 81.125, 8.335048992707128e-21, nan 
7.875, 81.125, 2.273474011657325e-20, nan 
8.125, 81.125, 3.2938598616946146e-20, nan 
8.375, 81.125, 4.9221123901925336e-20, nan 
8.625, 81.125, 5.566346308089196e-20, nan 
8.875, 81.125, 5.023047959432349e-20, nan 
9.125, 81.125, 3.207609957977055e-20, nan 
9.375, 81.125, 2.8226672570506796e-20, nan 
9.625, 81.125, 3.2252404710609315e-20, nan 
9.875, 81.125, 3.6500510856722516e-20, nan 
10.125, 81.125, 2.5718090928170262e-20, nan 
10.375, 81.125, 2.3928662956698306e-20, nan 
10.625, 81.125, 2.2406687569715896e-20, nan 
10.875, 81.125, 1.6960399386326994e-20, nan 
11.125, 81.125, 1.6640725039321245e-20, nan 
11.375, 81.125, 2.493675609356276e-20, nan 
11.625, 81.125, 3.6339549968582585e-20, nan 
11.875, 81.125, 2.837813265292823e-20, nan 
12.125, 81.125, 2.850505033061429e-20, nan 
12.375, 81.125, 2.310823665088812e-20, nan 
12.625, 81.125, 1.364064022369095e-20, nan 
12.875, 81.125, 1.2752838335811181e-20, nan 
13.125, 81.125, 1.3580571671420864e-20, nan 
13.375, 81.125, 1.858720589914589e-20, nan 
13.625, 81.125, 9.43292042635642e-21, nan 
13.875, 81.125, 4.481901438762277e-21, nan 
14.125, 81.125, 2.8709807389269853e-21, nan 
14.375, 81.125, 2.225364324426977e-21, nan 
14.625, 81.125, 2.357755354958843e-21, nan 
14.875, 81.125, 2.817660732286761e-21, nan 
15.125, 81.125, 2.994397478425419e-21, nan 
15.375, 81.125, 3.1140431066656184e-21, nan 
15.625, 81.125, 3.5969635552334265e-21, nan 
15.875, 81.125, 3.586798796206641e-21, nan 
16.125, 81.125, 3.292630605370753e-21, nan 
16.375, 81.125, 3.7444529919151834e-21, nan 
16.625, 81.125, 3.599366742325287e-21, nan 
16.875, 81.125, 3.218551181015116e-21, nan 
17.125, 81.125, 3.2866898011135663e-21, nan 
17.375, 81.125, 2.93880206981765e-21, nan 
17.625, 81.125, 3.60214941164347e-21, nan 
17.875, 81.125, 4.803398870186498e-21, nan 
18.125, 81.125, 6.290513177269549e-21, nan 
18.375, 81.125, 8.044358225299197e-21, nan 
18.625, 81.125, 8.779571390048303e-21, nan 
18.875, 81.125, 8.02405404930339e-21, nan 
19.125, 81.125, 5.830660155137717e-21, nan 
19.375, 81.125, 4.59718554776486e-21, nan 
19.625, 81.125, 3.546360730972112e-21, nan 
19.875, 81.125, 6.027855088043596e-21, nan 
20.125, 81.125, 9.719546522592859e-21, nan 
20.375, 81.125, 1.2302210103031906e-20, nan 
20.625, 81.125, 1.2844139649045614e-20, nan 
20.875, 81.125, 7.143224228493365e-21, nan 
21.125, 81.125, 6.159998815731055e-21, nan 
21.375, 81.125, 6.0121517711664865e-21, nan 
21.625, 81.125, 7.200429713601949e-21, nan 
21.875, 81.125, 9.049190826058159e-21, nan 
22.125, 81.125, 1.245297540219302e-20, nan 
22.375, 81.125, 1.1757688901983306e-20, nan 
22.625, 81.125, 7.750214998796673e-21, nan 
22.875, 81.125, 8.7854082380972e-21, nan 
23.125, 81.125, 7.253121672961436e-21, nan 
23.375, 81.125, 8.822822634606269e-21, nan 
23.625, 81.125, 7.558361405273715e-21, nan 
23.875, 81.125, 9.867456240246433e-21, nan 
24.125, 81.125, 9.228240500601692e-21, nan 
24.375, 81.125, 8.303756451686116e-21, nan 
24.625, 81.125, 1.0096298747581493e-20, nan 
24.875, 81.125, 1.1630827422368089e-20, nan 
25.125, 81.125, 6.640104939146334e-21, nan 
25.375, 81.125, 2.715521775124899e-21, nan 
25.625, 81.125, 6.849319786143684e-21, nan 
25.875, 81.125, 7.541573981888315e-21, nan 
26.125, 81.125, 9.582254781606719e-21, nan 
26.375, 81.125, 8.026428087494949e-21, nan 
26.625, 81.125, 8.699776773751204e-21, nan 
26.875, 81.125, 6.02908524774371e-21, nan 
27.125, 81.125, 3.799704484808893e-21, nan 
27.375, 81.125, 5.8685545208103004e-21, nan 
27.625, 81.125, 4.9719972856693975e-21, nan 
27.875, 81.125, 8.594914397316373e-21, nan 
28.125, 81.125, 6.485665773672374e-21, nan 
28.375, 81.125, 1.0374572796180796e-20, nan 
28.625, 81.125, 8.4313623809992e-21, nan 
28.875, 81.125, 8.75571185711424e-21, nan 
29.125, 81.125, 1.0044616868532522e-20, nan 
29.375, 81.125, 7.060198321983921e-21, nan 
29.625, 81.125, 5.658525717356033e-21, nan 
29.875, 81.125, 5.4058232592702785e-21, nan 
30.125, 81.125, 8.641766437213305e-21, nan 
30.375, 81.125, 7.800655767365494e-21, nan 
30.625, 81.125, 8.234738506328494e-21, nan 
30.875, 81.125, 8.538996530704682e-21, nan 
31.125, 81.125, 7.237152075587822e-21, nan 
31.375, 81.125, 6.281130461684491e-21, nan 
31.625, 81.125, 6.454519905996368e-21, nan 
31.875, 81.125, 5.96833234626039e-21, nan 
32.125, 81.125, 2.312505473871031e-21, nan 
32.375, 81.125, 1.6876806157266284e-21, nan 
32.625, 81.125, 8.445564727100596e-22, nan 
32.875, 81.125, 1.115347224295536e-21, nan 
33.125, 81.125, 8.846767869940333e-22, nan 
33.375, 81.125, 1.3777608037106901e-21, nan 
33.625, 81.125, 1.253076201058068e-21, nan 
33.875, 81.125, 6.79123725436998e-22, nan 
34.125, 81.125, 4.776055971075748e-22, nan 
34.375, 81.125, 4.722940938609441e-22, nan 
34.625, 81.125, 4.963433765390496e-22, nan 
34.875, 81.125, 8.906567354677052e-22, nan 
35.125, 81.125, 4.820941203111977e-21, nan 
35.375, 81.125, 4.119085411426071e-21, nan 
35.625, 81.125, 2.9901295526867404e-21, nan 
35.875, 81.125, 5.091458856619761e-21, nan 
36.125, 81.125, 3.6687945125460865e-21, nan 
36.375, 81.125, 4.527722812665094e-21, nan 
36.625, 81.125, 4.9646080394786956e-21, nan 
36.875, 81.125, 5.016318893670288e-21, nan 
37.125, 81.125, 3.1190782586024405e-21, nan 
37.375, 81.125, 3.0907345177622424e-21, nan 
37.625, 81.125, 3.943078501060765e-21, nan 
37.875, 81.125, 4.038781463577948e-21, nan 
38.125, 81.125, 3.82806639489075e-21, nan 
38.375, 81.125, 3.7763959357858626e-21, nan 
38.625, 81.125, 3.347186167774571e-21, nan 
38.875, 81.125, 2.3353927220819282e-21, nan 
39.125, 81.125, 2.05663817005093e-21, nan 
39.375, 81.125, 2.359725741342426e-21, nan 
39.625, 81.125, 1.8112167511867855e-21, nan 
39.875, 81.125, 1.6124225167440972e-21, nan 
40.125, 81.125, 1.8656003623110226e-21, nan 
40.375, 81.125, 1.5823491679738255e-21, nan 
40.625, 81.125, 1.4292322261592457e-21, nan 
40.875, 81.125, 2.4643515832374974e-21, nan 
41.125, 81.125, 2.616554982726973e-21, nan 
41.375, 81.125, 2.9424917698615665e-21, nan 
41.625, 81.125, 3.428004488258899e-21, nan 
41.875, 81.125, 3.476907812229059e-21, nan 
42.125, 81.125, 3.342803391081548e-21, nan 
42.375, 81.125, 3.8108659488119905e-21, nan 
42.625, 81.125, 4.163302086370952e-21, nan 
42.875, 81.125, 4.126844634622714e-21, nan 
43.125, 81.125, 3.728870774359625e-21, nan 
43.375, 81.125, 3.6408613138528806e-21, nan 
43.625, 81.125, 2.7962271776022118e-21, nan 
43.875, 81.125, 2.6747124514120057e-21, nan 
44.125, 81.125, 2.9319641522675632e-21, nan 
44.375, 81.125, 2.8867606596776434e-21, nan 
44.625, 81.125, 2.8202698504901636e-21, nan 
44.875, 81.125, 2.8771310122004312e-21, nan 
45.125, 81.125, 2.748412386254148e-21, nan 
45.375, 81.125, 2.627392585978547e-21, nan 
45.625, 81.125, 2.3589167182244588e-21, nan 
45.875, 81.125, 1.2234493029067613e-21, nan 
46.125, 81.125, 5.112519032805541e-22, nan 
46.375, 81.125, 4.688016574927678e-22, nan 
46.625, 81.125, 7.3589258198983415e-22, nan 
46.875, 81.125, 7.053594749308475e-22, nan 
47.125, 81.125, 7.575675554280905e-22, nan 
47.375, 81.125, 8.549914044839312e-22, nan 
47.625, 81.125, 7.477318828828664e-22, nan 
47.875, 81.125, 4.77799991901069e-22, nan 
48.125, 81.125, 3.8942923053394115e-22, nan 
48.375, 81.125, 6.046199727160567e-22, nan 
48.625, 81.125, 5.663369908621238e-22, nan 
48.875, 81.125, 5.3747772467228e-22, nan 
49.125, 81.125, 5.457570893870102e-22, nan 
49.375, 81.125, 5.175920058907485e-22, nan 
49.625, 81.125, 5.83128242717449e-22, nan 
49.875, 81.125, 6.329495871865335e-22, nan 
50.125, 81.125, 6.758056299427372e-22, nan 
50.375, 81.125, 8.29240087704429e-22, nan 
50.625, 81.125, 5.929525456488625e-22, nan 
50.875, 81.125, 4.86255213543853e-22, nan 
51.125, 81.125, 6.545632303241706e-22, nan 
51.375, 81.125, 9.07641203943086e-22, nan 
51.625, 81.125, 1.019355700108375e-21, nan 
51.875, 81.125, 1.077571997280681e-21, nan 
52.125, 81.125, 1.2981965406411877e-21, nan 
52.375, 81.125, 6.616290822580694e-22, nan 
52.625, 81.125, 7.839057555449732e-22, nan 
52.875, 81.125, 9.40227486859387e-22, nan 
53.125, 81.125, 1.3150737399532409e-21, nan 
53.375, 81.125, 1.2981906897201311e-21, nan 
53.625, 81.125, 1.2701387248842088e-21, nan 
53.875, 81.125, 1.43461177580218e-21, nan 
54.125, 81.125, 9.803670803456045e-22, nan 
54.375, 81.125, 9.834288471818306e-22, nan 
54.625, 81.125, 8.087994214729236e-22, nan 
54.875, 81.125, 9.095974676726349e-22, nan 
55.125, 81.125, 6.613279301407552e-22, nan 
55.375, 81.125, 5.149184170944258e-22, nan 
55.625, 81.125, 5.053116311989744e-22, nan 
55.875, 81.125, 7.309981575503447e-22, nan 
56.125, 81.125, 8.477546783447146e-22, nan 
56.375, 81.125, 8.673238614993619e-22, nan 
56.625, 81.125, 7.699234321845068e-22, nan 
56.875, 81.125, 7.737466358461601e-22, nan 
57.125, 81.125, 7.492151449292424e-22, nan 
57.375, 81.125, 7.237436928632416e-22, nan 
57.625, 81.125, 6.6324718321129665e-22, nan 
57.875, 81.125, 5.52986363830707e-22, nan 
58.125, 81.125, 3.714315157050527e-22, nan 
58.375, 81.125, 2.5373615793798224e-22, nan 
58.625, 81.125, 2.015554198976651e-22, nan 
58.875, 81.125, 2.6921126130919544e-22, nan 
59.125, 81.125, 2.2808016014961847e-22, nan 
59.375, 81.125, 2.3575609769942476e-22, nan 
59.625, 81.125, 3.3447387866338297e-22, nan 
59.875, 81.125, 2.8981086850443284e-22, nan 
60.125, 81.125, 3.2327399500571362e-22, nan 
60.375, 81.125, 3.176938886949058e-22, nan 
60.625, 81.125, 5.1024040481549195e-22, nan 
60.875, 81.125, 3.4652411642665803e-22, nan 
61.125, 81.125, 4.656358214731863e-22, nan 
61.375, 81.125, 4.5082460380663175e-22, nan 
61.625, 81.125, 3.0882474417920686e-22, nan 
61.875, 81.125, 2.762439012597557e-22, nan 
62.125, 81.125, 2.4958254578783596e-22, nan 
62.375, 81.125, 3.6192760949709893e-22, nan 
62.625, 81.125, 3.329911801973651e-22, nan 
62.875, 81.125, 4.1480927463760585e-22, nan 
63.125, 81.125, 4.0980977697188904e-22, nan 
63.375, 81.125, 3.3688783778256765e-22, nan 
63.625, 81.125, 3.643009708893534e-22, nan 
63.875, 81.125, 1.4465472898958162e-22, nan 
64.125, 81.125, 1.6901605692431588e-22, nan 
64.375, 81.125, 2.560216098695398e-22, nan 
64.625, 81.125, 3.529225660249957e-22, nan 
64.875, 81.125, 4.032564479730553e-22, nan 
65.125, 81.125, 4.194498247081653e-22, nan 
65.375, 81.125, 5.298655362305925e-22, nan 
65.625, 81.125, 1.7220389326833712e-22, nan 
65.875, 81.125, 1.7187767265060232e-22, nan 
66.125, 81.125, 2.333791111527349e-22, nan 
66.375, 81.125, 2.618698577245579e-22, nan 
66.625, 81.125, 2.3100241619321727e-22, nan 
66.875, 81.125, 2.506544597184408e-22, nan 
67.125, 81.125, 2.870869001293465e-22, nan 
67.375, 81.125, 1.7257990768599653e-22, nan 
67.625, 81.125, 1.597315536978738e-22, nan 
67.875, 81.125, 1.8738470133407895e-22, nan 
68.125, 81.125, 1.513366040081964e-22, nan 
68.375, 81.125, 1.6365072057166434e-22, nan 
68.625, 81.125, 1.5348235857320668e-22, nan 
68.875, 81.125, 1.572724102537932e-22, nan 
69.125, 81.125, 8.988551962445878e-23, nan 
69.375, 81.125, 1.2552533022289516e-22, nan 
69.625, 81.125, 1.7715991861530026e-22, nan 
69.875, 81.125, 2.017425258459435e-22, nan 
70.125, 81.125, 2.216847613364447e-22, nan 
70.375, 81.125, 2.6560508919186065e-22, nan 
70.625, 81.125, 2.9041006442735227e-22, nan 
70.875, 81.125, 1.9184137604169498e-22, nan 
71.125, 81.125, 2.3253077793075377e-22, nan 
71.375, 81.125, 2.6061453246621455e-22, nan 
71.625, 81.125, 2.9067610110672287e-22, nan 
71.875, 81.125, 1.9073839316581768e-22, nan 
72.125, 81.125, 2.21837554649585e-22, nan 
72.375, 81.125, 2.231339698925013e-22, nan 
72.625, 81.125, 1.7435999347467076e-22, nan 
72.875, 81.125, 1.3589209797271656e-22, nan 
73.125, 81.125, 1.727067967487769e-22, nan 
73.375, 81.125, 1.598454563626482e-22, nan 
73.625, 81.125, 1.5822264771717883e-22, nan 
73.875, 81.125, 1.3269858060702756e-22, nan 
74.125, 81.125, 1.4072903925978478e-22, nan 
74.375, 81.125, 1.386130443617598e-22, nan 
74.625, 81.125, 1.648038373643725e-22, nan 
74.875, 81.125, 2.324364387121687e-22, nan 
75.125, 81.125, 2.0746370049828052e-22, nan 
75.375, 81.125, 2.1831686461319457e-22, nan 
75.625, 81.125, 1.8983733152625449e-22, nan 
75.875, 81.125, 1.3352388386976056e-22, nan 
76.125, 81.125, 7.216288873060495e-23, nan 
76.375, 81.125, 1.9817161231043413e-22, nan 
76.625, 81.125, 1.1892664476945133e-22, nan 
76.875, 81.125, 1.4139251879033343e-22, nan 
77.125, 81.125, 1.475207400329332e-22, nan 
77.375, 81.125, 1.4710925451641823e-22, nan 
77.625, 81.125, 1.1616074436738035e-22, nan 
77.875, 81.125, 1.3273644700293856e-22, nan 
78.125, 81.125, 1.6702166707202757e-22, nan 
78.375, 81.125, 1.0872104472116851e-22, nan 
78.625, 81.125, 9.757299916335236e-23, nan 
78.875, 81.125, 6.744101860952744e-23, nan 
79.125, 81.125, 9.106788908728638e-23, nan 
79.375, 81.125, 8.020071105465593e-23, nan 
79.625, 81.125, 7.60447260462415e-23, nan 
79.875, 81.125, 7.587826422161204e-23, nan 
80.125, 81.125, 7.770339614993002e-23, nan 
80.375, 81.125, 7.814520113463772e-23, nan 
80.625, 81.125, 7.268762035756222e-23, nan 
80.875, 81.125, 7.11963612107304e-23, nan 
81.125, 81.125, 3.14064343814305e-23, nan 
81.375, 81.125, 1.4026017468933577e-22, nan 
81.625, 81.125, 1.5060379629229536e-22, nan 
81.875, 81.125, 8.130376375605147e-23, nan 
82.125, 81.125, 1.388163870213778e-22, nan 
82.375, 81.125, 1.0780477055735673e-22, nan 
82.625, 81.125, 7.603492433328158e-23, nan 
82.875, 81.125, 8.289990802919992e-23, nan 
83.125, 81.125, 3.078920656318716e-23, nan 
83.375, 81.125, 2.9367712920612494e-23, nan 
83.625, 81.125, 2.5646112852875586e-23, nan 
83.875, 81.125, 2.5862629360792936e-23, nan 
84.125, 81.125, 2.4825831799387082e-23, nan 
84.375, 81.125, 1.8010330582411816e-23, nan 
84.625, 81.125, 9.000211812425651e-24, nan 
84.875, 81.125, 2.2252130035205332e-23, nan 
85.125, 81.125, 3.0744067704827794e-23, nan 
85.375, 81.125, 2.633268241366329e-23, nan 
85.625, 81.125, 2.459826410624023e-23, nan 
85.875, 81.125, 2.840431971651492e-23, nan 
86.125, 81.125, 3.702858036603775e-23, nan 
86.375, 81.125, 2.4247515487871932e-23, nan 
86.625, 81.125, 3.106398636138413e-23, nan 
86.875, 81.125, 3.638213239149229e-23, nan 
87.125, 81.125, 2.5170094746264785e-23, nan 
87.375, 81.125, 2.4725961411122374e-23, nan 
87.625, 81.125, 3.77371524180989e-23, nan 
87.875, 81.125, 3.6703877536147164e-23, nan 
88.125, 81.125, 3.2848977256340834e-23, nan 
88.375, 81.125, 3.714422892152094e-23, nan 
88.625, 81.125, 3.526550733894975e-23, nan 
88.875, 81.125, 3.3520156026653027e-23, nan 
89.125, 81.125, 3.526300355456486e-23, nan 
89.375, 81.125, 5.456762204385784e-23, nan 
89.625, 81.125, 3.8191454805613625e-23, nan 
89.875, 81.125, 4.3995123153945894e-23, nan 
90.125, 81.125, 4.5769917573270754e-23, nan 
90.375, 81.125, 4.371441212877412e-23, nan 
90.625, 81.125, 4.399580196132114e-23, nan 
90.875, 81.125, 4.559164788411117e-23, nan 
91.125, 81.125, 5.404183511873547e-23, nan 
91.375, 81.125, 4.480043540613739e-23, nan 
91.625, 81.125, 4.098240248465463e-23, nan 
91.875, 81.125, 4.321109828923804e-23, nan 
92.125, 81.125, 4.46321281793312e-23, nan 
92.375, 81.125, 4.149973311293653e-23, nan 
92.625, 81.125, 4.1460582735526086e-23, nan 
92.875, 81.125, 4.430572769730173e-23, nan 
93.125, 81.125, 4.1238895798733933e-23, nan 
93.375, 81.125, 4.481431373842614e-23, nan 
93.625, 81.125, 4.413201732529454e-23, nan 
93.875, 81.125, 4.345994035568093e-23, nan 
94.125, 81.125, 4.426877186832468e-23, nan 
94.375, 81.125, 4.520671036078386e-23, nan 
94.625, 81.125, 4.4858083425941336e-23, nan 
94.875, 81.125, 4.067933544033149e-23, nan 
95.125, 81.125, 4.4319691235328485e-23, nan 
95.375, 81.125, 3.4977529137813853e-23, nan 
95.625, 81.125, 3.5124607826117977e-23, nan 
95.875, 81.125, 4.426674460158528e-23, nan 
96.125, 81.125, 5.329662638090219e-23, nan 
96.375, 81.125, 4.5778243790572293e-23, nan 
96.625, 81.125, 3.605339721533328e-23, nan 
96.875, 81.125, 3.103239407393002e-23, nan 
97.125, 81.125, 3.678062603641057e-23, nan 
97.375, 81.125, 2.5878602481142357e-23, nan 
97.625, 81.125, 2.6544028102627985e-23, nan 
97.875, 81.125, 2.9982065814008053e-23, nan 
98.125, 81.125, 2.2790178709986535e-23, nan 
98.375, 81.125, 2.187030895595151e-23, nan 
98.625, 81.125, 2.648822701371728e-23, nan 
98.875, 81.125, 1.937376001811679e-23, nan 
99.125, 81.125, 1.2395734048174096e-23, nan 
99.375, 81.125, 8.993638467221672e-24, nan 
99.625, 81.125, 8.258075472131917e-24, nan 
99.875, 81.125, 6.378798136833409e-24, nan 
100.125, 81.125, 7.002002673061668e-24, nan 
100.375, 81.125, 3.4049201186706824e-24, nan 
100.625, 81.125, 4.140922248033497e-24, nan 
100.875, 81.125, 3.143736407584015e-24, nan 
101.125, 81.125, 3.401466407819486e-24, nan 
101.375, 81.125, 4.107752840034067e-24, nan 
101.625, 81.125, 3.0608415115735352e-24, nan 
101.875, 81.125, 1.231495584909009e-24, nan 
102.125, 81.125, 7.749896130480917e-25, nan 
102.375, 81.125, 2.7251796519754204e-24, nan 
102.625, 81.125, 2.1418382615179595e-24, nan 
102.875, 81.125, 3.2908520949112967e-24, nan 
103.125, 81.125, 3.027032404285293e-24, nan 
103.375, 81.125, 3.317799230921357e-24, nan 
103.625, 81.125, 3.289021359878438e-24, nan 
103.875, 81.125, 3.0346125831979336e-24, nan 
104.125, 81.125, 3.5984704193141746e-24, nan 
104.375, 81.125, 4.616027124723839e-24, nan 
104.625, 81.125, 5.413580041206351e-24, nan 
104.875, 81.125, 5.334159757067218e-24, nan 
105.125, 81.125, 6.1622390570888686e-24, nan 
105.375, 81.125, 4.614137627200914e-24, nan 
105.625, 81.125, 4.343411285935337e-24, nan 
105.875, 81.125, 2.9772496380485954e-24, nan 
106.125, 81.125, 2.7581324179416287e-24, nan 
106.375, 81.125, 2.7699610377060237e-24, nan 
106.625, 81.125, 4.074932093201085e-24, nan 
106.875, 81.125, 5.765974791101908e-24, nan 
107.125, 81.125, 4.994110737928997e-24, nan 
107.375, 81.125, 3.504249218459719e-24, nan 
107.625, 81.125, 3.384991009252744e-24, nan 
107.875, 81.125, 2.644245204381899e-24, nan 
108.125, 81.125, 3.2391726212154088e-24, nan 
108.375, 81.125, 4.02020002887899e-24, nan 
108.625, 81.125, 4.276272849716398e-24, nan 
108.875, 81.125, 3.795868802356933e-24, nan 
109.125, 81.125, 3.70962733658017e-24, nan 
109.375, 81.125, 4.328834395599285e-24, nan 
109.625, 81.125, 3.333438257515919e-24, nan 
109.875, 81.125, 4.807334013956713e-24, nan 
110.125, 81.125, 5.431785747528859e-24, nan 
110.375, 81.125, 3.717348389312421e-24, nan 
110.625, 81.125, 3.624643131805939e-24, nan 
110.875, 81.125, 2.7928436871628662e-24, nan 
111.125, 81.125, 4.895597164753146e-24, nan 
111.375, 81.125, 3.568293118727362e-24, nan 
111.625, 81.125, 3.0215822706794507e-24, nan 
111.875, 81.125, 4.313484236974336e-24, nan 
112.125, 81.125, 4.275879582668282e-24, nan 
112.375, 81.125, 4.627410466695644e-24, nan 
112.625, 81.125, 5.841042949902874e-24, nan 
112.875, 81.125, 5.841335904254969e-24, nan 
113.125, 81.125, 4.592845749123904e-24, nan 
113.375, 81.125, 4.802308922048344e-24, nan 
113.625, 81.125, 4.8257000434001705e-24, nan 
113.875, 81.125, 5.162255195421293e-24, nan 
114.125, 81.125, 4.855654910944997e-24, nan 
114.375, 81.125, 5.375034899815934e-24, nan 
114.625, 81.125, 4.706773051672882e-24, nan 
114.875, 81.125, 4.9684616384586245e-24, nan 
115.125, 81.125, 6.70013835546942e-24, nan 
115.375, 81.125, 5.577070784574445e-24, nan 
115.625, 81.125, 3.227132964249001e-24, nan 
115.875, 81.125, 1.4578088247648123e-24, nan 
116.125, 81.125, 2.6554267241052293e-24, nan 
116.375, 81.125, 6.182496910197754e-24, nan 
116.625, 81.125, 6.897937045151963e-24, nan 
116.875, 81.125, 6.307049777120646e-24, nan 
117.125, 81.125, 4.880970613888222e-24, nan 
117.375, 81.125, 3.0083093080837063e-24, nan 
117.625, 81.125, 4.92452178226684e-24, nan 
117.875, 81.125, 4.906696982194045e-24, nan 
118.125, 81.125, 3.4825963700390106e-24, nan 
118.375, 81.125, 3.3204297620251655e-24, nan 
118.625, 81.125, 4.436710236926137e-24, nan 
118.875, 81.125, 2.387575320861417e-24, nan 
119.125, 81.125, 2.295190902661645e-24, nan 
119.375, 81.125, 1.7993957394691645e-24, nan 
119.625, 81.125, 2.2501945971048015e-24, nan 
119.875, 81.125, 2.4698983812129673e-24, nan 
120.125, 81.125, 2.821119531022304e-24, nan 
120.375, 81.125, 2.7280854443242794e-24, nan 
120.625, 81.125, 3.1760398642629596e-24, nan 
120.875, 81.125, 2.9126307904834665e-24, nan 
121.125, 81.125, 2.5927630597422988e-24, nan 
121.375, 81.125, 3.1742933026151518e-24, nan 
121.625, 81.125, 3.1979736493400886e-24, nan 
121.875, 81.125, 3.201995772969934e-24, nan 
122.125, 81.125, 3.3132364043424995e-24, nan 
122.375, 81.125, 2.9254691244325447e-24, nan 
122.625, 81.125, 1.9855189443862068e-24, nan 
122.875, 81.125, 2.4457935637690332e-24, nan 
123.125, 81.125, 3.043619241145905e-24, nan 
123.375, 81.125, 2.7977051836555532e-24, nan 
123.625, 81.125, 2.1107751403658983e-24, nan 
123.875, 81.125, 1.8924755867552223e-24, nan 
124.125, 81.125, 2.172967355603855e-24, nan 
124.375, 81.125, 1.5192282683275338e-24, nan 
124.625, 81.125, 1.0735413611179365e-24, nan 
124.875, 81.125, 1.0278176105198766e-24, nan 
125.125, 81.125, 9.582928351003e-25, nan 
125.375, 81.125, 9.557838794098011e-25, nan 
125.625, 81.125, 9.460738614795811e-25, nan 
125.875, 81.125, 6.934374375474739e-25, nan 
126.125, 81.125, 8.556647540957084e-25, nan 
126.375, 81.125, 1.0744399772599138e-24, nan 
126.625, 81.125, 6.397211823359279e-25, nan 
126.875, 81.125, 4.9444209860289465e-25, nan 
127.125, 81.125, 8.398406078437717e-25, nan 
127.375, 81.125, 7.332703880469419e-25, nan 
127.625, 81.125, 4.960664131104439e-25, nan 
127.875, 81.125, 4.300220096767711e-25, nan 
128.125, 81.125, 6.980574471215114e-25, nan 
128.375, 81.125, 1.0674873748227977e-24, nan 
128.625, 81.125, 1.0923560784998181e-24, nan 
128.875, 81.125, 1.433423809450121e-24, nan 
129.125, 81.125, 1.0271758522130866e-24, nan 
129.375, 81.125, 4.396657554705489e-25, nan 
129.625, 81.125, 6.036693172777536e-25, nan 
129.875, 81.125, 6.193350687719378e-25, nan 
130.125, 81.125, 7.977755827447712e-25, nan 
130.375, 81.125, 8.451060377137434e-25, nan 
130.625, 81.125, 4.8226446304188945e-25, nan 
130.875, 81.125, 5.528859868436499e-25, nan 
131.125, 81.125, 7.191984012708535e-25, nan 
131.375, 81.125, 1.1719508986324064e-24, nan 
131.625, 81.125, 5.247980106155476e-25, nan 
131.875, 81.125, 1.2927756985682863e-24, nan 
132.125, 81.125, 1.798006184610641e-24, nan 
132.375, 81.125, 1.2973803687422461e-24, nan 
132.625, 81.125, 1.4194759104114556e-24, nan 
132.875, 81.125, 1.2667206641645161e-24, nan 
133.125, 81.125, 1.442297000777185e-24, nan 
133.375, 81.125, 1.8908441663241532e-24, nan 
133.625, 81.125, 1.5302568538336844e-24, nan 
133.875, 81.125, 1.482717167564031e-24, nan 
134.125, 81.125, 1.6085435211787751e-24, nan 
134.375, 81.125, 1.641171453381606e-24, nan 
134.625, 81.125, 1.5674797167236153e-24, nan 
134.875, 81.125, 1.3913871733070511e-24, nan 
135.125, 81.125, 1.9409454885769438e-24, nan 
135.375, 81.125, 1.2258500712131556e-24, nan 
135.625, 81.125, 1.4275411403744966e-24, nan 
135.875, 81.125, 1.2825186684148767e-24, nan 
136.125, 81.125, 1.85110148016927e-24, nan 
136.375, 81.125, 1.055975961985813e-24, nan 
136.625, 81.125, 7.816703425532768e-25, nan 
136.875, 81.125, 1.531275938020597e-24, nan 
137.125, 81.125, 3.336024244894794e-24, nan 
137.375, 81.125, 3.4276634677669695e-24, nan 
137.625, 81.125, 4.622508440467783e-24, nan 
137.875, 81.125, 3.232337147102567e-24, nan 
138.125, 81.125, 5.173264257746178e-24, nan 
138.375, 81.125, 5.258750632078545e-24, nan 
138.625, 81.125, 4.791020896437146e-24, nan 
138.875, 81.125, 4.612985820134304e-24, nan 
139.125, 81.125, 4.264748453984563e-24, nan 
139.375, 81.125, 5.848891430112779e-24, nan 
139.625, 81.125, 4.180922083095594e-24, nan 
139.875, 81.125, 5.298547720630839e-24, nan 
140.125, 81.125, 4.484911402981295e-24, nan 
140.375, 81.125, 4.270576504773482e-24, nan 
140.625, 81.125, 3.706289338337041e-24, nan 
140.875, 81.125, 3.782209800585981e-24, nan 
141.125, 81.125, 3.886878372840669e-24, nan 
141.375, 81.125, 3.352940655429995e-24, nan 
141.625, 81.125, 3.634389175474051e-24, nan 
141.875, 81.125, 3.581946435200166e-24, nan 
142.125, 81.125, 3.543684473786675e-24, nan 
142.375, 81.125, 3.6551328430835065e-24, nan 
142.625, 81.125, 3.840703633406247e-24, nan 
142.875, 81.125, 3.790377589834982e-24, nan 
143.125, 81.125, 3.4501413249977716e-24, nan 
143.375, 81.125, 3.522909224794184e-24, nan 
143.625, 81.125, 3.26613314962496e-24, nan 
143.875, 81.125, 3.5653048063189165e-24, nan 
144.125, 81.125, 3.607846005042162e-24, nan 
144.375, 81.125, 3.368393711205862e-24, nan 
144.625, 81.125, 3.2583747982265405e-24, nan 
144.875, 81.125, 3.7761786690805374e-24, nan 
145.125, 81.125, 3.8193780227364555e-24, nan 
145.375, 81.125, 3.475561504220756e-24, nan 
145.625, 81.125, 3.2247592956088786e-24, nan 
145.875, 81.125, 3.757877321347009e-24, nan 
146.125, 81.125, 3.96854134991715e-24, nan 
146.375, 81.125, 4.342916813316655e-24, nan 
146.625, 81.125, 4.317477675868671e-24, nan 
146.875, 81.125, 5.200164068405489e-24, nan 
147.125, 81.125, 4.4101576241121696e-24, nan 
147.375, 81.125, 4.4670403162245506e-24, nan 
147.625, 81.125, 5.20563688168687e-24, nan 
147.875, 81.125, 5.1504369989071e-24, nan 
148.125, 81.125, 5.328031426813654e-24, nan 
148.375, 81.125, 5.636993985922924e-24, nan 
148.625, 81.125, 5.2131542136542495e-24, nan 
148.875, 81.125, 5.7464242831105935e-24, nan 
149.125, 81.125, 6.24927740950343e-24, nan 
149.375, 81.125, 5.346115477435569e-24, nan 
149.625, 81.125, 5.6547531110595894e-24, nan 
149.875, 81.125, 5.4129500427900556e-24, nan 
150.125, 81.125, 5.5394781070822894e-24, nan 
150.375, 81.125, 6.054813683376304e-24, nan 
150.625, 81.125, 5.569570795857496e-24, nan 
150.875, 81.125, 6.300740108919727e-24, nan 
151.125, 81.125, 6.711055341111448e-24, nan 
151.375, 81.125, 6.727284377136738e-24, nan 
151.625, 81.125, 6.4960712751485625e-24, nan 
151.875, 81.125, 6.939306471446984e-24, nan 
152.125, 81.125, 6.826380495920053e-24, nan 
152.375, 81.125, 7.191697988004259e-24, nan 
152.625, 81.125, 7.221845397292895e-24, nan 
152.875, 81.125, 7.111944596086596e-24, nan 
153.125, 81.125, 7.142143309643837e-24, nan 
153.375, 81.125, 6.69876926982288e-24, nan 
153.625, 81.125, 7.528366144950394e-24, nan 
153.875, 81.125, 6.849743599953561e-24, nan 
154.125, 81.125, 7.005812021509214e-24, nan 
154.375, 81.125, 7.61298913070166e-24, nan 
154.625, 81.125, 7.565181344622364e-24, nan 
154.875, 81.125, 7.065375920728293e-24, nan 
155.125, 81.125, 7.625130687942432e-24, nan 
155.375, 81.125, 8.060640246486141e-24, nan 
155.625, 81.125, 7.575312604856269e-24, nan 
155.875, 81.125, 7.717833903216095e-24, nan 
156.125, 81.125, 8.510330283709707e-24, nan 
156.375, 81.125, 8.155828450749092e-24, nan 
156.625, 81.125, 7.52224742072827e-24, nan 
156.875, 81.125, 9.166468905232492e-24, nan 
157.125, 81.125, 9.319605281402847e-24, nan 
157.375, 81.125, 6.630897679350783e-24, nan 
157.625, 81.125, 6.193172945892163e-24, nan 
157.875, 81.125, 6.5096222677480956e-24, nan 
158.125, 81.125, 6.395851199515702e-24, nan 
158.375, 81.125, 5.834229816752192e-24, nan 
158.625, 81.125, 6.802413786022979e-24, nan 
158.875, 81.125, 6.378041132609617e-24, nan 
159.125, 81.125, 6.175294922928606e-24, nan 
159.375, 81.125, 8.977318819059968e-24, nan 
159.625, 81.125, 6.750079533883531e-24, nan 
159.875, 81.125, 6.3312175744368214e-24, nan 
160.125, 81.125, 8.837675290606983e-24, nan 
160.375, 81.125, 1.0416695469390471e-23, nan 
160.625, 81.125, 8.599351227082671e-24, nan 
160.875, 81.125, 6.667639758576012e-24, nan 
161.125, 81.125, 1.12319807441897e-23, nan 
161.375, 81.125, 7.878791414277018e-24, nan 
161.625, 81.125, 7.56512456023495e-24, nan 
161.875, 81.125, 8.497732701412612e-24, nan 
162.125, 81.125, 9.971222580696691e-24, nan 
162.375, 81.125, 8.325240461713145e-24, nan 
162.625, 81.125, 6.87609812404965e-24, nan 
162.875, 81.125, 7.77786639887253e-24, nan 
163.125, 81.125, 7.094096653999063e-24, nan 
163.375, 81.125, 6.93363387491689e-24, nan 
163.625, 81.125, 6.881024624193955e-24, nan 
163.875, 81.125, 6.887674047468494e-24, nan 
164.125, 81.125, 7.130303680974515e-24, nan 
164.375, 81.125, 6.686964588237508e-24, nan 
164.625, 81.125, 7.392267586348555e-24, nan 
164.875, 81.125, 7.362775489196745e-24, nan 
165.125, 81.125, 7.078450221801011e-24, nan 
165.375, 81.125, 7.153312295851158e-24, nan 
165.625, 81.125, 7.354967002092046e-24, nan 
165.875, 81.125, 7.36089026945274e-24, nan 
166.125, 81.125, 7.508714070820815e-24, nan 
166.375, 81.125, 7.414267038323731e-24, nan 
166.625, 81.125, 7.900923657960206e-24, nan 
166.875, 81.125, 7.645430732020499e-24, nan 
167.125, 81.125, 7.52131995340148e-24, nan 
167.375, 81.125, 8.472886682224216e-24, nan 
167.625, 81.125, 8.312028779866749e-24, nan 
167.875, 81.125, 8.330424371414773e-24, nan 
168.125, 81.125, 8.486447063748427e-24, nan 
168.375, 81.125, 9.051323039640945e-24, nan 
168.625, 81.125, 9.119639194511389e-24, nan 
168.875, 81.125, 9.483446898467953e-24, nan 
169.125, 81.125, 1.0133956520338596e-23, nan 
169.375, 81.125, 1.0535538074776354e-23, nan 
169.625, 81.125, 8.518643894286011e-24, nan 
169.875, 81.125, 8.17818642375802e-24, nan 
170.125, 81.125, 9.924946019599676e-24, nan 
170.375, 81.125, 9.127515019018362e-24, nan 
170.625, 81.125, 8.88469611188319e-24, nan 
170.875, 81.125, 8.662221951816678e-24, nan 
171.125, 81.125, 8.114781343840004e-24, nan 
171.375, 81.125, 7.835683312470067e-24, nan 
171.625, 81.125, 8.154851182988644e-24, nan 
171.875, 81.125, 7.95109470613864e-24, nan 
172.125, 81.125, 6.978165803206794e-24, nan 
172.375, 81.125, 7.101991509812897e-24, nan 
172.625, 81.125, 7.228400040074355e-24, nan 
172.875, 81.125, 6.351202997444693e-24, nan 
173.125, 81.125, 6.333983595073427e-24, nan 
173.375, 81.125, 6.391905971907545e-24, nan 
173.625, 81.125, 5.5045551910153284e-24, nan 
173.875, 81.125, 5.0736769270951386e-24, nan 
174.125, 81.125, 4.842855631591743e-24, nan 
174.375, 81.125, 5.478851248157873e-24, nan 
174.625, 81.125, 5.2198998163686676e-24, nan 
174.875, 81.125, 5.288143244525092e-24, nan 
175.125, 81.125, 5.1240873602969346e-24, nan 
175.375, 81.125, 5.192132859793544e-24, nan 
175.625, 81.125, 5.412183623705969e-24, nan 
175.875, 81.125, 5.099606131648205e-24, nan 
176.125, 81.125, 5.4523557670174176e-24, nan 
176.375, 81.125, 5.555223209647435e-24, nan 
176.625, 81.125, 5.468749473514895e-24, nan 
176.875, 81.125, 6.079037933973381e-24, nan 
177.125, 81.125, 5.780900994732109e-24, nan 
177.375, 81.125, 5.623936058869651e-24, nan 
177.625, 81.125, 6.1435523809601636e-24, nan 
177.875, 81.125, 5.908394868880716e-24, nan 
178.125, 81.125, 5.748522992225609e-24, nan 
178.375, 81.125, 5.522015892450626e-24, nan 
178.625, 81.125, 5.649790632071538e-24, nan 
178.875, 81.125, 5.985917392292206e-24, nan 
179.125, 81.125, 5.521445357496362e-24, nan 
179.375, 81.125, 5.754621436343453e-24, nan 
179.625, 81.125, 6.3391313619589286e-24, nan 
179.875, 81.125, 6.003154199526306e-24, nan 
-179.875, 81.375, 5.702767966093456e-24, nan 
-179.625, 81.375, 5.937507919909055e-24, nan 
-179.375, 81.375, 5.811726010712566e-24, nan 
-179.125, 81.375, 5.578140637187877e-24, nan 
-178.875, 81.375, 5.955013760886491e-24, nan 
-178.625, 81.375, 5.732205194749228e-24, nan 
-178.375, 81.375, 5.944736073122907e-24, nan 
-178.125, 81.375, 5.568652401046515e-24, nan 
-177.875, 81.375, 5.871833524648792e-24, nan 
-177.625, 81.375, 5.312722231376005e-24, nan 
-177.375, 81.375, 6.0565137067503766e-24, nan 
-177.125, 81.375, 5.517901283387922e-24, nan 
-176.875, 81.375, 5.770254256817397e-24, nan 
-176.625, 81.375, 6.2566542672218524e-24, nan 
-176.375, 81.375, 6.593872130040127e-24, nan 
-176.125, 81.375, 5.870740204341224e-24, nan 
-175.875, 81.375, 6.891957170809895e-24, nan 
-175.625, 81.375, 6.749334957282416e-24, nan 
-175.375, 81.375, 6.846062806778086e-24, nan 
-175.125, 81.375, 8.110717173199385e-24, nan 
-174.875, 81.375, 8.180413773331732e-24, nan 
-174.625, 81.375, 7.37174178841977e-24, nan 
-174.375, 81.375, 8.005324334678121e-24, nan 
-174.125, 81.375, 7.271738439577744e-24, nan 
-173.875, 81.375, 7.764940412525917e-24, nan 
-173.625, 81.375, 7.852111148123673e-24, nan 
-173.375, 81.375, 8.559417377908411e-24, nan 
-173.125, 81.375, 8.792415040015834e-24, nan 
-172.875, 81.375, 9.148810973901441e-24, nan 
-172.625, 81.375, 8.25294073090133e-24, nan 
-172.375, 81.375, 9.833301004633441e-24, nan 
-172.125, 81.375, 1.0446562371774475e-23, nan 
-171.875, 81.375, 8.398676939946507e-24, nan 
-171.625, 81.375, 9.70180193537986e-24, nan 
-171.375, 81.375, 1.0827753203437555e-23, nan 
-171.125, 81.375, 1.0567319260014979e-23, nan 
-170.875, 81.375, 1.2824783325300228e-23, nan 
-170.625, 81.375, 1.0941604532053786e-23, nan 
-170.375, 81.375, 8.616520550129119e-24, nan 
-170.125, 81.375, 8.159268074175125e-24, nan 
-169.875, 81.375, 1.6048650253919986e-23, nan 
-169.625, 81.375, 3.1198443561281966e-23, nan 
-169.375, 81.375, 7.318992974495078e-23, nan 
-169.125, 81.375, 2.2818779063272755e-23, nan 
-168.875, 81.375, 1.648054910685228e-23, nan 
-168.625, 81.375, 1.577421570021176e-23, nan 
-168.375, 81.375, 1.4458414454271074e-23, nan 
-168.125, 81.375, 1.2689768614897843e-23, nan 
-167.875, 81.375, 1.121970726012508e-23, nan 
-167.625, 81.375, 1.0397511392713777e-23, nan 
-167.375, 81.375, 1.0128843189638238e-23, nan 
-167.125, 81.375, 1.0352824712845399e-23, nan 
-166.875, 81.375, 1.0068921879490689e-23, nan 
-166.625, 81.375, 1.0023004123042338e-23, nan 
-166.375, 81.375, 1.038380455978441e-23, nan 
-166.125, 81.375, 7.909181657754804e-24, nan 
-165.875, 81.375, 6.102834898263693e-24, nan 
-165.625, 81.375, 5.78337818679737e-24, nan 
-165.375, 81.375, 7.140132273748277e-24, nan 
-165.125, 81.375, 5.369121471561575e-24, nan 
-164.875, 81.375, 4.529495159153034e-24, nan 
-164.625, 81.375, 4.25473924868759e-24, nan 
-164.375, 81.375, 4.282184944940632e-24, nan 
-164.125, 81.375, 4.356460215682905e-24, nan 
-163.875, 81.375, 3.843422222203317e-24, nan 
-163.625, 81.375, 3.4529654956095404e-24, nan 
-163.375, 81.375, 3.129906035298569e-24, nan 
-163.125, 81.375, 2.8694921930340703e-24, nan 
-162.875, 81.375, 2.9905383375278664e-24, nan 
-162.625, 81.375, 2.8368208790036523e-24, nan 
-162.375, 81.375, 2.7563720697500126e-24, nan 
-162.125, 81.375, 2.646770402859198e-24, nan 
-161.875, 81.375, 2.7766376361461726e-24, nan 
-161.625, 81.375, 2.7771490693355018e-24, nan 
-161.375, 81.375, 2.7832228172271276e-24, nan 
-161.125, 81.375, 2.7043478461761953e-24, nan 
-160.875, 81.375, 3.0016706952655596e-24, nan 
-160.625, 81.375, 2.9935418777035203e-24, nan 
-160.375, 81.375, 3.081908279594745e-24, nan 
-160.125, 81.375, 3.1504176837428374e-24, nan 
-159.875, 81.375, 3.0670342637846907e-24, nan 
-159.625, 81.375, 3.243503964380056e-24, nan 
-159.375, 81.375, 3.142564496093401e-24, nan 
-159.125, 81.375, 3.206308517990043e-24, nan 
-158.875, 81.375, 3.2039224249158888e-24, nan 
-158.625, 81.375, 3.3879834381376686e-24, nan 
-158.375, 81.375, 3.290649316047792e-24, nan 
-158.125, 81.375, 3.0008887270993317e-24, nan 
-157.875, 81.375, 3.0732047968396612e-24, nan 
-157.625, 81.375, 3.3315926864518735e-24, nan 
-157.375, 81.375, 3.535263952344495e-24, nan 
-157.125, 81.375, 3.235127542610468e-24, nan 
-156.875, 81.375, 3.240633821724022e-24, nan 
-156.625, 81.375, 3.259766244927277e-24, nan 
-156.375, 81.375, 3.425803874314346e-24, nan 
-156.125, 81.375, 3.456674354252886e-24, nan 
-155.875, 81.375, 3.460764197776118e-24, nan 
-155.625, 81.375, 3.4190534940837175e-24, nan 
-155.375, 81.375, 3.306504016629125e-24, nan 
-155.125, 81.375, 3.381624296817161e-24, nan 
-154.875, 81.375, 3.7326522906183146e-24, nan 
-154.625, 81.375, 3.4785690120577516e-24, nan 
-154.375, 81.375, 3.418510458596353e-24, nan 
-154.125, 81.375, 3.576773012351863e-24, nan 
-153.875, 81.375, 3.698995072990402e-24, nan 
-153.625, 81.375, 3.703724679160443e-24, nan 
-153.375, 81.375, 3.511141641073428e-24, nan 
-153.125, 81.375, 3.323027079703242e-24, nan 
-152.875, 81.375, 3.2976314156821273e-24, nan 
-152.625, 81.375, 3.909600835551647e-24, nan 
-152.375, 81.375, 3.412874565744273e-24, nan 
-152.125, 81.375, 3.5519114095257405e-24, nan 
-151.875, 81.375, 3.786447368160906e-24, nan 
-151.625, 81.375, 3.828551577547167e-24, nan 
-151.375, 81.375, 4.1154664883162866e-24, nan 
-151.125, 81.375, 4.011267368966383e-24, nan 
-150.875, 81.375, 3.523554213567264e-24, nan 
-150.625, 81.375, 3.832802977940681e-24, nan 
-150.375, 81.375, 4.548325551801448e-24, nan 
-150.125, 81.375, 4.115495458463883e-24, nan 
-149.875, 81.375, 4.257563549306654e-24, nan 
-149.625, 81.375, 4.096684996021865e-24, nan 
-149.375, 81.375, 4.223925417564578e-24, nan 
-149.125, 81.375, 4.315502704661391e-24, nan 
-148.875, 81.375, 4.404794928666587e-24, nan 
-148.625, 81.375, 4.2417415012850816e-24, nan 
-148.375, 81.375, 4.651051001751419e-24, nan 
-148.125, 81.375, 4.57053548776621e-24, nan 
-147.875, 81.375, 4.247998778874432e-24, nan 
-147.625, 81.375, 4.747829743980428e-24, nan 
-147.375, 81.375, 4.350627453498881e-24, nan 
-147.125, 81.375, 4.395451730948993e-24, nan 
-146.875, 81.375, 4.6562224149396326e-24, nan 
-146.625, 81.375, 4.3104955850399696e-24, nan 
-146.375, 81.375, 4.316343364257644e-24, nan 
-146.125, 81.375, 4.854361299983135e-24, nan 
-145.875, 81.375, 4.720491148110597e-24, nan 
-145.625, 81.375, 4.3934601176082934e-24, nan 
-145.375, 81.375, 4.45395899962018e-24, nan 
-145.125, 81.375, 4.408897830362582e-24, nan 
-144.875, 81.375, 4.5938474107996055e-24, nan 
-144.625, 81.375, 4.314685184808984e-24, nan 
-144.375, 81.375, 4.581624009731166e-24, nan 
-144.125, 81.375, 4.5407584182562884e-24, nan 
-143.875, 81.375, 4.521889978698943e-24, nan 
-143.625, 81.375, 4.4744516672060156e-24, nan 
-143.375, 81.375, 4.430755827001756e-24, nan 
-143.125, 81.375, 4.384674971197991e-24, nan 
-142.875, 81.375, 4.4564776202534915e-24, nan 
-142.625, 81.375, 4.505119609310929e-24, nan 
-142.375, 81.375, 4.762033877795511e-24, nan 
-142.125, 81.375, 4.220236572153009e-24, nan 
-141.875, 81.375, 4.611202063679708e-24, nan 
-141.625, 81.375, 4.100535057573939e-24, nan 
-141.375, 81.375, 4.288171458591979e-24, nan 
-141.125, 81.375, 4.624326259598408e-24, nan 
-140.875, 81.375, 4.2539701168567586e-24, nan 
-140.625, 81.375, 4.655580311971911e-24, nan 
-140.375, 81.375, 4.314596076740638e-24, nan 
-140.125, 81.375, 4.062507652124405e-24, nan 
-139.875, 81.375, 4.184281094281032e-24, nan 
-139.625, 81.375, 4.1560988363340615e-24, nan 
-139.375, 81.375, 4.065931899667606e-24, nan 
-139.125, 81.375, 4.454937227326289e-24, nan 
-138.875, 81.375, 4.3244503336152816e-24, nan 
-138.625, 81.375, 4.169058109426357e-24, nan 
-138.375, 81.375, 4.507403780043363e-24, nan 
-138.125, 81.375, 4.557669103888232e-24, nan 
-137.875, 81.375, 4.437537871931281e-24, nan 
-137.625, 81.375, 4.4887647192337816e-24, nan 
-137.375, 81.375, 4.366775626843642e-24, nan 
-137.125, 81.375, 4.3116196164637405e-24, nan 
-136.875, 81.375, 4.167684835218015e-24, nan 
-136.625, 81.375, 4.481937784082347e-24, nan 
-136.375, 81.375, 4.7872963941899185e-24, nan 
-136.125, 81.375, 4.5723647273897105e-24, nan 
-135.875, 81.375, 4.646114469618068e-24, nan 
-135.625, 81.375, 5.128626382571648e-24, nan 
-135.375, 81.375, 4.901177990285457e-24, nan 
-135.125, 81.375, 5.002085561252171e-24, nan 
-134.875, 81.375, 4.9836186994153066e-24, nan 
-134.625, 81.375, 5.274476202260306e-24, nan 
-134.375, 81.375, 5.548022195069604e-24, nan 
-134.125, 81.375, 6.027982273381416e-24, nan 
-133.875, 81.375, 6.4008775846788014e-24, nan 
-133.625, 81.375, 6.3628077874083536e-24, nan 
-133.375, 81.375, 6.793897241283144e-24, nan 
-133.125, 81.375, 7.025759039865217e-24, nan 
-132.875, 81.375, 7.160965247075767e-24, nan 
-132.625, 81.375, 7.384761895429974e-24, nan 
-132.375, 81.375, 7.950814682158415e-24, nan 
-132.125, 81.375, 7.974341475351444e-24, nan 
-131.875, 81.375, 8.648803303019118e-24, nan 
-131.625, 81.375, 1.0027253707162562e-23, nan 
-131.375, 81.375, 1.058382581567024e-23, nan 
-131.125, 81.375, 1.065063517956056e-23, nan 
-130.875, 81.375, 1.0707409680619226e-23, nan 
-130.625, 81.375, 1.1352624178961715e-23, nan 
-130.375, 81.375, 1.3547999890075543e-23, nan 
-130.125, 81.375, 1.3656793549743617e-23, nan 
-129.875, 81.375, 1.4595200080955972e-23, nan 
-129.625, 81.375, 1.5138938293330676e-23, nan 
-129.375, 81.375, 1.6948291518135264e-23, nan 
-129.125, 81.375, 1.8003572651826167e-23, nan 
-128.875, 81.375, 1.85885174438331e-23, nan 
-128.625, 81.375, 1.944110687003435e-23, nan 
-128.375, 81.375, 1.9966393710511147e-23, nan 
-128.125, 81.375, 2.0014686811005132e-23, nan 
-127.875, 81.375, 2.1092132138654238e-23, nan 
-127.625, 81.375, 2.2006604310645153e-23, nan 
-127.375, 81.375, 2.087636592834361e-23, nan 
-127.125, 81.375, 2.4964466629820143e-23, nan 
-126.875, 81.375, 2.7915211334624264e-23, nan 
-126.625, 81.375, 6.067685710467651e-23, nan 
-126.375, 81.375, 6.956542227492823e-23, nan 
-126.125, 81.375, 8.372687236884298e-23, nan 
-125.875, 81.375, 7.699806569656983e-23, nan 
-125.625, 81.375, 6.642870891670244e-23, nan 
-125.375, 81.375, 5.356169788690259e-23, nan 
-125.125, 81.375, 5.942482754366877e-23, nan 
-124.875, 81.375, 6.036778375239887e-23, nan 
-124.625, 81.375, 6.021843020529238e-23, nan 
-124.375, 81.375, 7.05180590226004e-23, nan 
-124.125, 81.375, 6.300293816722439e-23, nan 
-123.875, 81.375, 7.220940705565927e-23, nan 
-123.625, 81.375, 7.123430355982204e-23, nan 
-123.375, 81.375, 7.06763883481747e-23, nan 
-123.125, 81.375, 7.659541294750431e-23, nan 
-122.875, 81.375, 7.856884105228516e-23, nan 
-122.625, 81.375, 7.594406508675497e-23, nan 
-122.375, 81.375, 7.589020653428421e-23, nan 
-122.125, 81.375, 8.110002505910297e-23, nan 
-121.875, 81.375, 5.610623051201797e-23, nan 
-121.625, 81.375, 4.465839284679598e-23, nan 
-121.375, 81.375, 4.374294441697223e-23, nan 
-121.125, 81.375, 3.2328484832500444e-23, nan 
-120.875, 81.375, 3.0260747496740844e-23, nan 
-120.625, 81.375, 2.9413286325760446e-23, nan 
-120.375, 81.375, 3.8127252525911603e-23, nan 
-120.125, 81.375, 3.91404207168251e-23, nan 
-119.875, 81.375, 3.600652783486977e-23, nan 
-119.625, 81.375, 3.3956242543549013e-23, nan 
-119.375, 81.375, 3.275090509526509e-23, nan 
-119.125, 81.375, 3.229423105539326e-23, nan 
-118.875, 81.375, 2.5330295190887317e-23, nan 
-118.625, 81.375, 2.4886409151966786e-23, nan 
-118.375, 81.375, 3.155577427630219e-23, nan 
-118.125, 81.375, 1.5623254716521302e-23, nan 
-117.875, 81.375, 2.8702182896456397e-23, nan 
-117.625, 81.375, 3.5189024763355535e-23, nan 
-117.375, 81.375, 5.32445808042528e-23, nan 
-117.125, 81.375, 7.758459851295609e-23, nan 
-116.875, 81.375, 1.022795065856985e-22, nan 
-116.625, 81.375, 1.207583130420327e-22, nan 
-116.375, 81.375, 1.3313709611857468e-22, nan 
-116.125, 81.375, 1.316778212208956e-22, nan 
-115.875, 81.375, 1.242058930374921e-22, nan 
-115.625, 81.375, 9.28025412533566e-23, nan 
-115.375, 81.375, 1.0852844660377337e-22, nan 
-115.125, 81.375, 2.2953753270205286e-22, nan 
-114.875, 81.375, 2.381186739155427e-22, nan 
-114.625, 81.375, 2.479289941774123e-22, nan 
-114.375, 81.375, 2.8360042391061735e-22, nan 
-114.125, 81.375, 3.10320947690309e-22, nan 
-113.875, 81.375, 3.010883981059041e-22, nan 
-113.625, 81.375, 3.1322028310842475e-22, nan 
-113.375, 81.375, 2.4225724430869054e-22, nan 
-113.125, 81.375, 2.5968354619672386e-22, nan 
-112.875, 81.375, 2.645088656210017e-22, nan 
-112.625, 81.375, 2.5380085540515657e-22, nan 
-112.375, 81.375, 2.416270139469762e-22, nan 
-112.125, 81.375, 2.3896734452425465e-22, nan 
-111.875, 81.375, 2.6303963158444196e-22, nan 
-111.625, 81.375, 1.3813350772906638e-22, nan 
-111.375, 81.375, 1.662251258053089e-22, nan 
-111.125, 81.375, 1.7611647448649546e-22, nan 
-110.875, 81.375, 1.5999809654807095e-22, nan 
-110.625, 81.375, 1.3962406810763586e-22, nan 
-110.375, 81.375, 1.3951855187369242e-22, nan 
-110.125, 81.375, 1.633570037250164e-22, nan 
-109.875, 81.375, 1.4719822605090372e-22, nan 
-109.625, 81.375, 1.0862902857201597e-22, nan 
-109.375, 81.375, 8.269520263165831e-23, nan 
-109.125, 81.375, 1.0628326116827553e-22, nan 
-108.875, 81.375, 9.786867498471989e-23, nan 
-108.625, 81.375, 1.3336074423132363e-22, nan 
-108.375, 81.375, 1.3673085253319063e-22, nan 
-108.125, 81.375, 9.76774005896677e-23, nan 
-107.875, 81.375, 7.055134810988023e-23, nan 
-107.625, 81.375, 7.407623516911379e-23, nan 
-107.375, 81.375, 1.037955869596493e-22, nan 
-107.125, 81.375, 1.668254652132352e-22, nan 
-106.875, 81.375, 2.330861740947024e-22, nan 
-106.625, 81.375, 2.1173155051260402e-22, nan 
-106.375, 81.375, 1.0685717875044325e-22, nan 
-106.125, 81.375, 8.973583152787007e-23, nan 
-105.875, 81.375, 1.1980557180841584e-22, nan 
-105.625, 81.375, 2.451734247111592e-22, nan 
-105.375, 81.375, 3.841747173437652e-22, nan 
-105.125, 81.375, 4.61321998566321e-22, nan 
-104.875, 81.375, 4.265527985720817e-22, nan 
-104.625, 81.375, 1.1207517842048909e-22, nan 
-104.375, 81.375, 9.525415782336977e-23, nan 
-104.125, 81.375, 1.300304647726885e-22, nan 
-103.875, 81.375, 1.9715964574504837e-22, nan 
-103.625, 81.375, 2.8533669638428805e-22, nan 
-103.375, 81.375, 3.454699494441505e-22, nan 
-103.125, 81.375, 3.1244921989184464e-22, nan 
-102.875, 81.375, 1.3119557920374408e-22, nan 
-102.625, 81.375, 1.2440719246385947e-22, nan 
-102.375, 81.375, 1.1394056036750015e-22, nan 
-102.125, 81.375, 1.2835034917170045e-22, nan 
-101.875, 81.375, 7.72033593543294e-23, nan 
-101.625, 81.375, 6.116704576787346e-23, nan 
-101.375, 81.375, 7.601903867420935e-23, nan 
-101.125, 81.375, 8.715171886920677e-23, nan 
-100.875, 81.375, 1.0815746827433688e-22, nan 
-100.625, 81.375, 1.7069153041722757e-22, nan 
-100.375, 81.375, 2.1204766163221686e-22, nan 
-100.125, 81.375, 1.7958462189972049e-22, nan 
-99.875, 81.375, 1.350623923878848e-22, nan 
-99.625, 81.375, 1.5369744567308746e-22, nan 
-99.375, 81.375, 1.7474630605824556e-22, nan 
-99.125, 81.375, 2.3493735275431676e-22, nan 
-98.875, 81.375, 6.11534104802261e-22, nan 
-98.625, 81.375, 8.642061580856545e-22, nan 
-98.375, 81.375, 9.126359900185784e-22, nan 
-98.125, 81.375, 9.109587052133828e-22, nan 
-97.875, 81.375, 1.0455609034271829e-21, nan 
-97.625, 81.375, 1.211034645629962e-21, nan 
-97.375, 81.375, 1.3232156590511965e-21, nan 
-97.125, 81.375, 1.4609462760161644e-21, nan 
-96.875, 81.375, 1.413482017970359e-21, nan 
-96.625, 81.375, 1.4577731704759026e-21, nan 
-96.375, 81.375, 1.3092045600862631e-21, nan 
-96.125, 81.375, 1.1319717711301976e-21, nan 
-95.875, 81.375, 1.1690568631903176e-21, nan 
-95.625, 81.375, 1.4278676300663388e-21, nan 
-95.375, 81.375, 1.7119941797508163e-21, nan 
-95.125, 81.375, 1.5407289163866306e-21, nan 
-94.875, 81.375, 1.5861648023513107e-21, nan 
-94.625, 81.375, 1.4249064245195747e-21, nan 
-94.375, 81.375, 1.2761629391927754e-21, nan 
-94.125, 81.375, 1.0653636537833246e-21, nan 
-93.875, 81.375, 8.091968162148537e-22, nan 
-93.625, 81.375, 8.12405085211146e-22, nan 
-93.375, 81.375, 8.506059564035742e-22, nan 
-93.125, 81.375, 8.395279843253844e-22, nan 
-92.875, 81.375, 8.344768552686077e-22, nan 
-92.625, 81.375, 7.0694874926568905e-22, nan 
-92.375, 81.375, 8.1164189543275175e-22, nan 
-92.125, 81.375, 2.14272602517454e-22, nan 
-91.875, 81.375, 3.0081752702872433e-22, nan 
-91.625, 81.375, 4.372848160764255e-22, nan 
-91.375, 81.375, 2.456722089997051e-22, nan 
-91.125, 81.375, 9.65743969540232e-22, nan 
-90.875, 81.375, 9.893136256567624e-22, nan 
-90.625, 81.375, 1.0463915366172224e-21, nan 
-90.375, 81.375, 1.0725953840725647e-21, nan 
-90.125, 81.375, 9.087229123734687e-22, nan 
-89.875, 81.375, 2.6099121773372566e-22, nan 
-89.625, 81.375, 7.438059384712061e-22, nan 
-89.375, 81.375, 9.303238102783007e-22, nan 
-89.125, 81.375, 3.7584674565757175e-22, nan 
-88.875, 81.375, 4.223412574638782e-22, nan 
-88.625, 81.375, 4.711449674564246e-22, nan 
-88.375, 81.375, 5.856705029272924e-22, nan 
-88.125, 81.375, 7.437498253767934e-22, nan 
-87.875, 81.375, 8.298399301016931e-22, nan 
-87.625, 81.375, 9.514352850848607e-22, nan 
-87.375, 81.375, 1.6719603122194092e-21, nan 
-87.125, 81.375, 1.64090382473474e-21, nan 
-86.875, 81.375, 1.832361372035398e-21, nan 
-86.625, 81.375, 2.0177868092248916e-21, nan 
-86.375, 81.375, 2.4017969186769046e-21, nan 
-86.125, 81.375, 2.485674188990982e-21, nan 
-85.875, 81.375, 2.4953056903284127e-21, nan 
-85.625, 81.375, 2.7418669818155738e-21, nan 
-85.375, 81.375, 2.783023280624512e-21, nan 
-85.125, 81.375, 2.865924227862265e-21, nan 
-84.875, 81.375, 1.7886140985817842e-21, nan 
-84.625, 81.375, 3.7817116792156183e-22, nan 
-84.375, 81.375, 3.3372177131789723e-22, nan 
-84.125, 81.375, 7.253419124616087e-22, nan 
-83.875, 81.375, 1.1890737588764897e-21, nan 
-83.625, 81.375, 1.0114318069845364e-21, nan 
-83.375, 81.375, 1.1015598599671021e-21, nan 
-83.125, 81.375, 1.1222883473410094e-21, nan 
-82.875, 81.375, 8.848863832734354e-22, nan 
-82.625, 81.375, 9.411042584977253e-22, nan 
-82.375, 81.375, 1.0406537072444683e-21, nan 
-82.125, 81.375, 1.1287842990403313e-21, nan 
-81.875, 81.375, 1.129082621068066e-21, nan 
-81.625, 81.375, 1.2068695413035428e-21, nan 
-81.375, 81.375, 1.1716377677402701e-21, nan 
-81.125, 81.375, 9.651402590380592e-22, nan 
-80.875, 81.375, 1.0927051042434462e-21, nan 
-80.625, 81.375, 9.664939314247979e-22, nan 
-80.375, 81.375, 1.1920171506465528e-21, nan 
-80.125, 81.375, 1.211902191882129e-21, nan 
-79.875, 81.375, 1.3098585218062728e-21, nan 
-79.625, 81.375, 1.3776483493263554e-21, nan 
-79.375, 81.375, 1.2345721413719467e-21, nan 
-79.125, 81.375, 1.2582941997977404e-21, nan 
-78.875, 81.375, 1.3021970119175978e-21, nan 
-78.625, 81.375, 1.5505588470044714e-21, nan 
-78.375, 81.375, 1.6332095440800718e-21, nan 
-78.125, 81.375, 1.7418901273660286e-21, nan 
-77.875, 81.375, 1.8693517147834034e-21, nan 
-77.625, 81.375, 1.897850998711648e-21, nan 
-77.375, 81.375, 2.2282725998814902e-21, nan 
-77.125, 81.375, 1.4772369962317922e-21, nan 
-76.875, 81.375, 1.504688941508181e-21, nan 
-76.625, 81.375, 1.2625725032380098e-21, nan 
-76.375, 81.375, 1.5357706009132089e-21, nan 
-76.125, 81.375, 1.580975055685747e-21, nan 
-75.875, 81.375, 1.8363772801399833e-21, nan 
-75.625, 81.375, 1.616876499538985e-21, nan 
-75.375, 81.375, 1.725633338786179e-21, nan 
-75.125, 81.375, 1.902112796907666e-21, nan 
-74.875, 81.375, 1.5874893650011448e-21, nan 
-74.625, 81.375, 1.698109439620549e-21, nan 
-74.375, 81.375, 2.3707111400271676e-21, nan 
-74.125, 81.375, 3.477638807485706e-21, nan 
-73.875, 81.375, 4.87960653936399e-21, nan 
-73.625, 81.375, 4.985252313682421e-21, nan 
-73.375, 81.375, 6.0290961997818935e-21, nan 
-73.125, 81.375, 6.200646741452643e-21, nan 
-72.875, 81.375, 6.253561921715755e-21, nan 
-72.625, 81.375, 6.0601407590275996e-21, nan 
-72.375, 81.375, 6.099242588011195e-21, nan 
-72.125, 81.375, 6.4665660591320556e-21, nan 
-71.875, 81.375, 7.101672205602691e-21, nan 
-71.625, 81.375, 9.923622467370952e-21, nan 
-71.375, 81.375, 1.386580365647763e-20, nan 
-71.125, 81.375, 1.4891016270275392e-20, nan 
-70.875, 81.375, 1.5443310910460624e-20, nan 
-70.625, 81.375, 1.6971622848112918e-20, nan 
-70.375, 81.375, 1.827120933378417e-20, nan 
-70.125, 81.375, 1.559085311462985e-20, nan 
-69.875, 81.375, 1.6133129030210426e-20, nan 
-69.625, 81.375, 2.2807292283308284e-20, nan 
-69.375, 81.375, 2.437055582605112e-20, nan 
-69.125, 81.375, 2.517320021226611e-20, nan 
-68.875, 81.375, 2.396511672804404e-20, nan 
-68.625, 81.375, 2.3671060835616635e-20, nan 
-68.375, 81.375, 2.0743681817411577e-20, nan 
-68.125, 81.375, 8.618956538244913e-21, nan 
-67.875, 81.375, 7.856478202758051e-21, nan 
-67.625, 81.375, 4.8257912885596995e-21, nan 
-67.375, 81.375, 9.865191389511502e-22, nan 
-67.125, 81.375, 1.3813466248942382e-21, nan 
-66.875, 81.375, 1.3346696199365763e-21, nan 
-66.625, 81.375, 1.305658661109173e-21, nan 
-66.375, 81.375, 1.242735006536825e-21, nan 
-66.125, 81.375, 1.2717944379241169e-21, nan 
-65.875, 81.375, 1.4241645865830687e-21, nan 
-65.625, 81.375, 1.4995376394950348e-21, nan 
-65.375, 81.375, 2.671038057050354e-21, nan 
-65.125, 81.375, 2.788331553578831e-21, nan 
-64.875, 81.375, 2.964965571828556e-21, nan 
-64.625, 81.375, 3.1812023958923915e-21, nan 
-64.375, 81.375, 3.2623310182177664e-21, nan 
-64.125, 81.375, 3.3427196537854323e-21, nan 
-63.875, 81.375, 3.248996086936761e-21, nan 
-63.625, 81.375, 3.842409547611115e-21, nan 
-63.375, 81.375, 4.149416790326567e-21, nan 
-63.125, 81.375, 4.573673104024106e-21, nan 
-62.875, 81.375, 4.654678316667308e-21, nan 
-62.625, 81.375, 5.001621704264258e-21, nan 
-62.375, 81.375, 5.180362144551677e-21, nan 
-62.125, 81.375, 5.628182849232089e-21, nan 
-61.875, 81.375, 6.191446065312198e-21, nan 
-61.625, 81.375, 6.70465642510234e-21, nan 
-61.375, 81.375, 7.856988155458466e-21, nan 
-61.125, 81.375, 9.18824147298623e-21, nan 
-60.875, 81.375, 1.433114830250915e-20, nan 
-60.625, 81.375, 2.707243030025784e-20, nan 
-60.375, 81.375, 2.3644323185717183e-20, nan 
-60.125, 81.375, 2.7475932308690294e-20, nan 
-59.875, 81.375, 3.2700959772826086e-20, nan 
-59.625, 81.375, 3.001986300291406e-20, nan 
-59.375, 81.375, 2.72765849018919e-20, nan 
-59.125, 81.375, 2.2701660322718462e-20, nan 
-58.875, 81.375, 2.5895593339479096e-20, nan 
-58.625, 81.375, 2.560982507282038e-20, nan 
-58.375, 81.375, 2.5048141703718357e-20, nan 
-58.125, 81.375, 2.504035387357262e-20, nan 
-57.875, 81.375, 2.394089673977315e-20, nan 
-57.625, 81.375, 2.101758274017071e-20, nan 
-57.375, 81.375, 1.3022777617974664e-20, nan 
-57.125, 81.375, 3.3422609815332003e-21, nan 
-56.875, 81.375, 3.876304265234217e-21, nan 
-56.625, 81.375, 4.160970099339323e-21, nan 
-56.375, 81.375, 4.219329813884568e-21, nan 
-56.125, 81.375, 3.815655427608672e-21, nan 
-55.875, 81.375, 3.663005570090935e-21, nan 
-55.625, 81.375, 4.373541187566694e-21, nan 
-55.375, 81.375, 3.927944020851092e-21, nan 
-55.125, 81.375, 5.079171454376664e-21, nan 
-54.875, 81.375, 6.20099169227613e-21, nan 
-54.625, 81.375, 6.16504261480051e-21, nan 
-54.375, 81.375, 5.182166891875056e-21, nan 
-54.125, 81.375, 3.999637054292944e-21, nan 
-53.875, 81.375, 3.0486586927762012e-21, nan 
-53.625, 81.375, 3.193287412705659e-21, nan 
-53.375, 81.375, 2.801158834199422e-21, nan 
-53.125, 81.375, 3.2721578237207082e-21, nan 
-52.875, 81.375, 3.107965746232266e-21, nan 
-52.625, 81.375, 2.812927645940168e-21, nan 
-52.375, 81.375, 2.135560701473839e-21, nan 
-52.125, 81.375, 2.3147207735615657e-21, nan 
-51.875, 81.375, 2.1173189571561903e-21, nan 
-51.625, 81.375, 2.539865810062107e-21, nan 
-51.375, 81.375, 4.993251482864605e-21, nan 
-51.125, 81.375, 5.0219384813516885e-21, nan 
-50.875, 81.375, 3.909636895621235e-21, nan 
-50.625, 81.375, 4.370780361747185e-21, nan 
-50.375, 81.375, 5.020145487234253e-21, nan 
-50.125, 81.375, 4.871177638674623e-21, nan 
-49.875, 81.375, 5.392268179473683e-21, nan 
-49.625, 81.375, 5.5401394660364895e-21, nan 
-49.375, 81.375, 4.4183040079145294e-21, nan 
-49.125, 81.375, 2.6048226459027496e-21, nan 
-48.875, 81.375, 6.158920924707313e-21, nan 
-48.625, 81.375, 1.0526656491480707e-20, nan 
-48.375, 81.375, 1.2983913109548919e-20, nan 
-48.125, 81.375, 1.6703897952917792e-20, nan 
-47.875, 81.375, 2.0679327998464236e-20, nan 
-47.625, 81.375, 2.2244097784974556e-20, nan 
-47.375, 81.375, 2.564344752491881e-20, nan 
-47.125, 81.375, 2.701041682048138e-20, nan 
-46.875, 81.375, 3.000207332259423e-20, nan 
-46.625, 81.375, 3.297007384740434e-20, nan 
-46.375, 81.375, 3.647646968556615e-20, nan 
-46.125, 81.375, 3.993561292994448e-20, nan 
-45.875, 81.375, 4.104505319955861e-20, nan 
-45.625, 81.375, 4.3718500724418196e-20, nan 
-45.375, 81.375, 4.1146909802286306e-20, nan 
-45.125, 81.375, 3.8619991108943e-20, nan 
-44.875, 81.375, 3.783617588444153e-20, nan 
-44.625, 81.375, 4.014146401941112e-20, nan 
-44.375, 81.375, 4.338898437511867e-20, nan 
-44.125, 81.375, 4.5856174275515924e-20, nan 
-43.875, 81.375, 4.158470240878071e-20, nan 
-43.625, 81.375, 4.0883619852614005e-20, nan 
-43.375, 81.375, 5.25939518712998e-20, nan 
-43.125, 81.375, 5.0012007616937636e-20, nan 
-42.875, 81.375, 4.840533533189029e-20, nan 
-42.625, 81.375, 4.002406514089385e-20, nan 
-42.375, 81.375, 3.8036057665752824e-20, nan 
-42.125, 81.375, 3.745402162607928e-20, nan 
-41.875, 81.375, 4.139650818144102e-20, nan 
-41.625, 81.375, 5.998513825190455e-20, nan 
-41.375, 81.375, 5.124380050799014e-20, nan 
-41.125, 81.375, 4.2479568002030244e-20, nan 
-40.875, 81.375, 3.736317604719813e-20, nan 
-40.625, 81.375, 3.351639243533812e-20, nan 
-40.375, 81.375, 3.0968029343867304e-20, nan 
-40.125, 81.375, 2.9325128675586085e-20, nan 
-39.875, 81.375, 5.805226728439152e-20, nan 
-39.625, 81.375, 7.097834060315377e-20, nan 
-39.375, 81.375, 1.0078946010825885e-19, nan 
-39.125, 81.375, 1.3825868526625362e-19, nan 
-38.875, 81.375, 1.4239360460969082e-19, nan 
-38.625, 81.375, 1.0810416255835748e-19, nan 
-38.375, 81.375, 1.2221913195481163e-19, nan 
-38.125, 81.375, 8.020637870290642e-20, nan 
-37.875, 81.375, 8.089432260444469e-20, nan 
-37.625, 81.375, 1.0475289924083745e-19, nan 
-37.375, 81.375, 1.2201934867698577e-19, nan 
-37.125, 81.375, 1.0688785086750246e-19, nan 
-36.875, 81.375, 9.290628212460291e-20, nan 
-36.625, 81.375, 1.0347446018907912e-19, nan 
-36.375, 81.375, 7.825238549046209e-20, nan 
-36.125, 81.375, 7.30894659167255e-20, nan 
-35.875, 81.375, 1.3091368406502775e-19, nan 
-35.625, 81.375, 1.165112080732756e-19, nan 
-35.375, 81.375, 8.379119982567523e-20, nan 
-35.125, 81.375, 8.603808799479929e-20, nan 
-34.875, 81.375, 1.0503738145330633e-19, nan 
-34.625, 81.375, 1.0633407402541297e-19, nan 
-34.375, 81.375, 1.0415094362259732e-19, nan 
-34.125, 81.375, 1.3256949327820033e-19, nan 
-33.875, 81.375, 1.3257745979217557e-19, nan 
-33.625, 81.375, 9.586576091510559e-20, nan 
-33.375, 81.375, 4.88479580843331e-20, nan 
-33.125, 81.375, 7.635903207961829e-20, nan 
-32.875, 81.375, 1.1932357263000475e-19, nan 
-32.625, 81.375, 1.4948038704181155e-19, nan 
-32.375, 81.375, 2.1464811080819082e-19, nan 
-32.125, 81.375, 2.814352423488243e-19, nan 
-31.875, 81.375, 3.2606628491712607e-19, nan 
-31.625, 81.375, 2.670295369786571e-19, nan 
-31.375, 81.375, 2.382081679246931e-19, nan 
-31.125, 81.375, 1.7953322336292794e-19, nan 
-30.875, 81.375, 1.6636124298070725e-19, nan 
-30.625, 81.375, 1.8877459744100578e-19, nan 
-30.375, 81.375, 2.228575479625609e-19, nan 
-30.125, 81.375, 2.5149337294483417e-19, nan 
-29.875, 81.375, 1.933465276125951e-19, nan 
-29.625, 81.375, 1.3578097631103235e-19, nan 
-29.375, 81.375, 7.926482501030662e-20, nan 
-29.125, 81.375, 4.515789443048316e-20, nan 
-28.875, 81.375, 5.006290680054196e-20, nan 
-28.625, 81.375, 6.857142235043314e-20, nan 
-28.375, 81.375, 1.5079963451200982e-19, nan 
-28.125, 81.375, 1.9381588728336229e-19, nan 
-27.875, 81.375, 1.3669856534959763e-19, nan 
-27.625, 81.375, 1.1250483148438427e-19, nan 
-27.375, 81.375, 1.82342166343916e-19, nan 
-27.125, 81.375, 2.175252274614215e-19, nan 
-26.875, 81.375, 1.9743248224334878e-19, nan 
-26.625, 81.375, 1.4140672261849135e-19, nan 
-26.375, 81.375, 1.7328585813569296e-19, nan 
-26.125, 81.375, 1.5859032756835248e-19, nan 
-25.875, 81.375, 1.1801563704556814e-19, nan 
-25.625, 81.375, 4.398865184509919e-19, nan 
-25.375, 81.375, 4.903554967291252e-19, nan 
-25.125, 81.375, 4.401460218005333e-19, nan 
-24.875, 81.375, 3.073180318022309e-19, nan 
-24.625, 81.375, 3.5762604210553286e-19, nan 
-24.375, 81.375, 3.502612801079701e-19, nan 
-24.125, 81.375, 1.6243494543142335e-19, nan 
-23.875, 81.375, 3.2581406590130466e-19, nan 
-23.625, 81.375, 3.44045491246106e-19, nan 
-23.375, 81.375, 3.122473540844272e-19, nan 
-23.125, 81.375, 1.7544463474756136e-19, nan 
-22.875, 81.375, 1.160787727690094e-19, nan 
-22.625, 81.375, 1.1351575974771708e-19, nan 
-22.375, 81.375, 1.179267812431879e-19, nan 
-22.125, 81.375, 6.72809122338723e-20, nan 
-21.875, 81.375, 3.642275646682362e-20, nan 
-21.625, 81.375, 7.618305605963337e-20, nan 
-21.375, 81.375, 1.2387875064781234e-19, nan 
-21.125, 81.375, 1.7088764896279192e-19, nan 
-20.875, 81.375, 2.438179655965912e-19, nan 
-20.625, 81.375, 2.849386971757025e-19, nan 
-20.375, 81.375, 2.1202351404985165e-19, nan 
-20.125, 81.375, 2.1374921413436077e-19, nan 
-19.875, 81.375, 2.347242159312355e-19, nan 
-19.625, 81.375, 2.365729333131234e-19, nan 
-19.375, 81.375, 2.3065129935370778e-19, nan 
-19.125, 81.375, 2.147562515269568e-19, nan 
-18.875, 81.375, 2.1324269728903026e-19, nan 
-18.625, 81.375, 1.5304933614881833e-19, nan 
-18.375, 81.375, 8.800154321833056e-20, nan 
-18.125, 81.375, 6.526040515585552e-20, nan 
-17.875, 81.375, 4.535347373186715e-20, nan 
-17.625, 81.375, 5.446366252436367e-20, nan 
-17.375, 81.375, 1.3736531097721608e-19, nan 
-17.125, 81.375, 1.0585237660391788e-19, nan 
-16.875, 81.375, 4.346807372642659e-20, nan 
-16.625, 81.375, 3.1411951900120747e-20, nan 
-16.375, 81.375, 3.8494183151439275e-20, nan 
-16.125, 81.375, 6.09290399179552e-20, nan 
-15.875, 81.375, 1.2781009170473837e-19, nan 
-15.625, 81.375, 2.610856505616188e-19, nan 
-15.375, 81.375, 2.0937538237126638e-19, nan 
-15.125, 81.375, 1.2897808481086668e-19, nan 
-14.875, 81.375, 9.432008341748531e-20, nan 
-14.625, 81.375, 7.18844224896151e-20, nan 
-14.375, 81.375, 5.972735149646815e-20, nan 
-14.125, 81.375, 9.26370763529439e-20, nan 
-13.875, 81.375, 1.8197416273689136e-19, nan 
-13.625, 81.375, 1.5627813473159353e-19, nan 
-13.375, 81.375, 1.052470836620531e-19, nan 
-13.125, 81.375, 7.315338018389311e-20, nan 
-12.875, 81.375, 6.151774507165413e-20, nan 
-12.625, 81.375, 6.735218742673927e-20, nan 
-12.375, 81.375, 7.880130618328369e-20, nan 
-12.125, 81.375, 4.764607180702103e-20, nan 
-11.875, 81.375, 4.408440787925603e-20, nan 
-11.625, 81.375, 5.084393820543771e-20, nan 
-11.375, 81.375, 3.74541700972734e-20, nan 
-11.125, 81.375, 3.4613799813831456e-20, nan 
-10.875, 81.375, 4.1996103000612647e-20, nan 
-10.625, 81.375, 4.7437344632013547e-20, nan 
-10.375, 81.375, 4.5210258219054665e-20, nan 
-10.125, 81.375, 2.0618886884169066e-20, nan 
-9.875, 81.375, 2.765690912356917e-20, nan 
-9.625, 81.375, 2.6427475175563373e-20, nan 
-9.375, 81.375, 2.815495536318993e-20, nan 
-9.125, 81.375, 3.193222224720103e-20, nan 
-8.875, 81.375, 6.778689583173453e-20, nan 
-8.625, 81.375, 6.91305641781715e-20, nan 
-8.375, 81.375, 5.448554395077696e-20, nan 
-8.125, 81.375, 3.821893865204374e-20, nan 
-7.875, 81.375, 4.1642530118177883e-20, nan 
-7.625, 81.375, 4.385432577056596e-20, nan 
-7.375, 81.375, 4.5623673508665516e-20, nan 
-7.125, 81.375, 5.759574187162004e-20, nan 
-6.875, 81.375, 5.545871527948263e-20, nan 
-6.625, 81.375, 4.522183665805986e-20, nan 
-6.375, 81.375, 3.29690922486903e-20, nan 
-6.125, 81.375, 3.0668310137687574e-20, nan 
-5.875, 81.375, 2.675737794337227e-20, nan 
-5.625, 81.375, 1.9860700571818896e-20, nan 
-5.375, 81.375, 2.052587234706142e-20, nan 
-5.125, 81.375, 2.6081892626183565e-20, nan 
-4.875, 81.375, 2.901602152921321e-20, nan 
-4.625, 81.375, 1.526549817948157e-20, nan 
-4.375, 81.375, 1.0412698899900982e-20, nan 
-4.125, 81.375, 1.5216729857150536e-20, nan 
-3.875, 81.375, 2.402738912526156e-20, nan 
-3.625, 81.375, 3.3523656393825035e-20, nan 
-3.375, 81.375, 3.727379855486572e-20, nan 
-3.125, 81.375, 3.185519063154492e-20, nan 
-2.875, 81.375, 2.664388835820603e-20, nan 
-2.625, 81.375, 2.362620138652588e-20, nan 
-2.375, 81.375, 2.394765873356724e-20, nan 
-2.125, 81.375, 2.48088171400688e-20, nan 
-1.875, 81.375, 2.582158031652258e-20, nan 
-1.625, 81.375, 2.3882377091984828e-20, nan 
-1.375, 81.375, 1.947106107570862e-20, nan 
-1.125, 81.375, 1.854905170075186e-20, nan 
-0.875, 81.375, 1.9273982703105413e-20, nan 
-0.625, 81.375, 2.3793039052574325e-20, nan 
-0.375, 81.375, 2.1662642936923425e-20, nan 
-0.125, 81.375, 1.5686384432737873e-20, nan 
0.125, 81.375, 1.0795381191840992e-20, nan 
0.375, 81.375, 1.5953613822443888e-20, nan 
0.625, 81.375, 1.5739492621234038e-20, nan 
0.875, 81.375, 1.9324280157090262e-20, nan 
1.125, 81.375, 3.2344058264769444e-20, nan 
1.375, 81.375, 4.1100452152796456e-20, nan 
1.625, 81.375, 5.069126753975428e-20, nan 
1.875, 81.375, 2.339158932210759e-20, nan 
2.125, 81.375, 2.5901162917363487e-20, nan 
2.375, 81.375, 2.3344821632722458e-20, nan 
2.625, 81.375, 1.6204448869004908e-20, nan 
2.875, 81.375, 1.666189005064914e-20, nan 
3.125, 81.375, 1.7931473034979088e-20, nan 
3.375, 81.375, 1.6889571336675026e-20, nan 
3.625, 81.375, 1.7792720659946807e-20, nan 
3.875, 81.375, 1.8629802791935016e-20, nan 
4.125, 81.375, 1.656439006204196e-20, nan 
4.375, 81.375, 1.2024116077578333e-20, nan 
4.625, 81.375, 1.1668922918816084e-20, nan 
4.875, 81.375, 1.0366225599527504e-20, nan 
5.125, 81.375, 7.388946337751528e-21, nan 
5.375, 81.375, 5.306456219709705e-21, nan 
5.625, 81.375, 5.262966877387339e-21, nan 
5.875, 81.375, 4.669137447670389e-21, nan 
6.125, 81.375, 3.840887076778522e-21, nan 
6.375, 81.375, 5.1162317290542105e-21, nan 
6.625, 81.375, 4.563086646322052e-21, nan 
6.875, 81.375, 4.760190325492976e-21, nan 
7.125, 81.375, 5.673741953532844e-21, nan 
7.375, 81.375, 8.36713679283523e-21, nan 
7.625, 81.375, 1.0695667341373898e-20, nan 
7.875, 81.375, 1.526146684740474e-20, nan 
8.125, 81.375, 1.975223679219907e-20, nan 
8.375, 81.375, 2.7844689371352403e-20, nan 
8.625, 81.375, 3.2638570769576585e-20, nan 
8.875, 81.375, 3.235027995566344e-20, nan 
9.125, 81.375, 2.1217826954663153e-20, nan 
9.375, 81.375, 1.0435487364704685e-20, nan 
9.625, 81.375, 6.841994395665445e-21, nan 
9.875, 81.375, 5.537628695410312e-21, nan 
10.125, 81.375, 6.076276349911358e-21, nan 
10.375, 81.375, 7.287702549226397e-21, nan 
10.625, 81.375, 9.361532647230562e-21, nan 
10.875, 81.375, 1.2017575637444625e-20, nan 
11.125, 81.375, 1.1606461235006576e-20, nan 
11.375, 81.375, 1.5943866265291313e-20, nan 
11.625, 81.375, 2.171207624704922e-20, nan 
11.875, 81.375, 1.2552624458028909e-20, nan 
12.125, 81.375, 5.900910498935269e-21, nan 
12.375, 81.375, 3.326718227143668e-21, nan 
12.625, 81.375, 3.81492179073087e-21, nan 
12.875, 81.375, 3.5735020899619794e-21, nan 
13.125, 81.375, 2.526796657282986e-21, nan 
13.375, 81.375, 2.165594891961786e-21, nan 
13.625, 81.375, 2.2404877719375216e-21, nan 
13.875, 81.375, 2.5151482579648642e-21, nan 
14.125, 81.375, 2.840081396281165e-21, nan 
14.375, 81.375, 3.094368867162419e-21, nan 
14.625, 81.375, 3.065089774843973e-21, nan 
14.875, 81.375, 3.0105302001745638e-21, nan 
15.125, 81.375, 3.474451936053112e-21, nan 
15.375, 81.375, 3.370396380660776e-21, nan 
15.625, 81.375, 3.520405607027677e-21, nan 
15.875, 81.375, 3.6010395354332346e-21, nan 
16.125, 81.375, 3.0060499779802235e-21, nan 
16.375, 81.375, 2.377593940685592e-21, nan 
16.625, 81.375, 2.228549898026139e-21, nan 
16.875, 81.375, 2.9346700388769595e-21, nan 
17.125, 81.375, 3.115138881660559e-21, nan 
17.375, 81.375, 3.972063968883477e-21, nan 
17.625, 81.375, 8.177377118588035e-21, nan 
17.875, 81.375, 9.367448866819209e-21, nan 
18.125, 81.375, 8.001656871510512e-21, nan 
18.375, 81.375, 6.659532273386477e-21, nan 
18.625, 81.375, 6.097637090792619e-21, nan 
18.875, 81.375, 3.6395861517814625e-21, nan 
19.125, 81.375, 4.510119362246579e-21, nan 
19.375, 81.375, 1.155354124835983e-20, nan 
19.625, 81.375, 1.3223414998451827e-20, nan 
19.875, 81.375, 1.0974873202213659e-20, nan 
20.125, 81.375, 1.0057617580567982e-20, nan 
20.375, 81.375, 1.0006799523082105e-20, nan 
20.625, 81.375, 8.261922071699525e-21, nan 
20.875, 81.375, 6.755290907663923e-21, nan 
21.125, 81.375, 7.10101799202868e-21, nan 
21.375, 81.375, 1.0752143435832307e-20, nan 
21.625, 81.375, 5.794780135567948e-21, nan 
21.875, 81.375, 6.841241413202998e-21, nan 
22.125, 81.375, 1.2617599256395827e-20, nan 
22.375, 81.375, 1.1124088505597722e-20, nan 
22.625, 81.375, 8.058578165316616e-21, nan 
22.875, 81.375, 8.784104961244168e-21, nan 
23.125, 81.375, 1.0700799339940108e-20, nan 
23.375, 81.375, 8.098739995167938e-21, nan 
23.625, 81.375, 6.746784905455391e-21, nan 
23.875, 81.375, 1.5234702378146446e-20, nan 
24.125, 81.375, 1.3373641607983463e-20, nan 
24.375, 81.375, 7.761881437235583e-21, nan 
24.625, 81.375, 8.106924246225446e-21, nan 
24.875, 81.375, 7.501080661974955e-21, nan 
25.125, 81.375, 6.5186130177623946e-21, nan 
25.375, 81.375, 1.7818243408153387e-21, nan 
25.625, 81.375, 4.672712253287351e-21, nan 
25.875, 81.375, 5.197509187445152e-21, nan 
26.125, 81.375, 7.050300949501373e-21, nan 
26.375, 81.375, 8.04083066169941e-21, nan 
26.625, 81.375, 8.230873243166248e-21, nan 
26.875, 81.375, 6.848822145834329e-21, nan 
27.125, 81.375, 5.371627744579798e-21, nan 
27.375, 81.375, 4.477885460213549e-21, nan 
27.625, 81.375, 4.37047542874961e-21, nan 
27.875, 81.375, 6.2024701131631874e-21, nan 
28.125, 81.375, 6.0476788345060186e-21, nan 
28.375, 81.375, 7.34856799260084e-21, nan 
28.625, 81.375, 6.641699094948074e-21, nan 
28.875, 81.375, 6.551688502980785e-21, nan 
29.125, 81.375, 7.202984184682618e-21, nan 
29.375, 81.375, 5.26329020134328e-21, nan 
29.625, 81.375, 1.0612796966858642e-21, nan 
29.875, 81.375, 1.1391965487293047e-21, nan 
30.125, 81.375, 1.197678364785847e-21, nan 
30.375, 81.375, 1.1417190298997422e-21, nan 
30.625, 81.375, 9.857812032530839e-22, nan 
30.875, 81.375, 1.1698104132606297e-21, nan 
31.125, 81.375, 1.34274997789728e-21, nan 
31.375, 81.375, 1.6463063789886157e-21, nan 
31.625, 81.375, 2.00301287870271e-21, nan 
31.875, 81.375, 2.333513085020067e-21, nan 
32.125, 81.375, 1.784424724768717e-21, nan 
32.375, 81.375, 1.4804919359026996e-21, nan 
32.625, 81.375, 1.0220541963511688e-21, nan 
32.875, 81.375, 1.6139463685524981e-21, nan 
33.125, 81.375, 2.036289612588255e-21, nan 
33.375, 81.375, 2.8330185654566422e-21, nan 
33.625, 81.375, 2.4986655319131774e-21, nan 
33.875, 81.375, 1.5257715721665475e-21, nan 
34.125, 81.375, 1.1341026774869947e-21, nan 
34.375, 81.375, 1.919457570891421e-21, nan 
34.625, 81.375, 2.6823183497350387e-21, nan 
34.875, 81.375, 3.621710588262985e-21, nan 
35.125, 81.375, 3.5678779308456485e-21, nan 
35.375, 81.375, 3.464898386189401e-21, nan 
35.625, 81.375, 3.3274828362478104e-21, nan 
35.875, 81.375, 3.898819237708579e-21, nan 
36.125, 81.375, 4.009406547396968e-21, nan 
36.375, 81.375, 4.510651071362882e-21, nan 
36.625, 81.375, 5.8004570938712355e-21, nan 
36.875, 81.375, 5.751000594221617e-21, nan 
37.125, 81.375, 5.08856275299435e-21, nan 
37.375, 81.375, 3.151738514959165e-21, nan 
37.625, 81.375, 3.2773057897331584e-21, nan 
37.875, 81.375, 3.085423037023909e-21, nan 
38.125, 81.375, 2.208178974047054e-21, nan 
38.375, 81.375, 2.4611796595377932e-21, nan 
38.625, 81.375, 2.9841387754937445e-21, nan 
38.875, 81.375, 4.3431846482152585e-21, nan 
39.125, 81.375, 3.419153656726658e-21, nan 
39.375, 81.375, 4.7637488275957285e-21, nan 
39.625, 81.375, 1.8118347977081318e-21, nan 
39.875, 81.375, 2.2445224205819008e-21, nan 
40.125, 81.375, 2.30946544509304e-21, nan 
40.375, 81.375, 2.5886435861494345e-21, nan 
40.625, 81.375, 2.9067682512915367e-21, nan 
40.875, 81.375, 2.9430915708490068e-21, nan 
41.125, 81.375, 3.5575481501235535e-21, nan 
41.375, 81.375, 2.8289830890793895e-21, nan 
41.625, 81.375, 3.3905183087602006e-21, nan 
41.875, 81.375, 3.3933235749578826e-21, nan 
42.125, 81.375, 3.3166178313422958e-21, nan 
42.375, 81.375, 3.763299129236255e-21, nan 
42.625, 81.375, 3.7697059530350186e-21, nan 
42.875, 81.375, 3.635669497210289e-21, nan 
43.125, 81.375, 3.435648311284661e-21, nan 
43.375, 81.375, 3.402557644263374e-21, nan 
43.625, 81.375, 2.677467122588145e-21, nan 
43.875, 81.375, 2.6240594329927287e-21, nan 
44.125, 81.375, 3.1246577293328783e-21, nan 
44.375, 81.375, 3.53919686270957e-21, nan 
44.625, 81.375, 4.237553574743972e-21, nan 
44.875, 81.375, 4.277305741352289e-21, nan 
45.125, 81.375, 4.145810694117895e-21, nan 
45.375, 81.375, 4.000328007518217e-21, nan 
45.625, 81.375, 3.709264311397418e-21, nan 
45.875, 81.375, 2.5246123224897304e-21, nan 
46.125, 81.375, 2.544418731534864e-21, nan 
46.375, 81.375, 3.680589327272189e-21, nan 
46.625, 81.375, 3.735393039504163e-21, nan 
46.875, 81.375, 3.67703630114598e-21, nan 
47.125, 81.375, 3.553919149115465e-21, nan 
47.375, 81.375, 3.454143147182345e-21, nan 
47.625, 81.375, 2.71146096206624e-21, nan 
47.875, 81.375, 2.0233598786601144e-21, nan 
48.125, 81.375, 1.714372327770578e-21, nan 
48.375, 81.375, 1.5532102368097108e-21, nan 
48.625, 81.375, 1.5699238917790255e-21, nan 
48.875, 81.375, 1.4209267436266071e-21, nan 
49.125, 81.375, 1.155539863623264e-21, nan 
49.375, 81.375, 8.398804616794433e-22, nan 
49.625, 81.375, 5.045843819078449e-22, nan 
49.875, 81.375, 2.25838386316925e-22, nan 
50.125, 81.375, 4.1245144235445313e-22, nan 
50.375, 81.375, 5.100197101717374e-22, nan 
50.625, 81.375, 6.240602937659694e-22, nan 
50.875, 81.375, 6.168397937395487e-22, nan 
51.125, 81.375, 8.824172577352898e-22, nan 
51.375, 81.375, 3.176022124575595e-22, nan 
51.625, 81.375, 1.2033268019156072e-21, nan 
51.875, 81.375, 1.075433338167547e-21, nan 
52.125, 81.375, 1.1895192387915041e-21, nan 
52.375, 81.375, 1.0876441791323492e-21, nan 
52.625, 81.375, 9.585907912314274e-22, nan 
52.875, 81.375, 9.404338741547198e-22, nan 
53.125, 81.375, 1.2580825195422748e-21, nan 
53.375, 81.375, 1.237685344362471e-21, nan 
53.625, 81.375, 9.70475720575582e-22, nan 
53.875, 81.375, 1.4158831919807134e-21, nan 
54.125, 81.375, 1.4112859894675057e-21, nan 
54.375, 81.375, 1.5002453242703616e-21, nan 
54.625, 81.375, 1.4769126376651686e-21, nan 
54.875, 81.375, 1.473363770099644e-21, nan 
55.125, 81.375, 1.238474127863127e-21, nan 
55.375, 81.375, 1.1629760733752757e-21, nan 
55.625, 81.375, 7.687643598261513e-22, nan 
55.875, 81.375, 9.52068014746096e-22, nan 
56.125, 81.375, 1.0234768629016193e-21, nan 
56.375, 81.375, 1.0467607138202944e-21, nan 
56.625, 81.375, 1.0548353693849807e-21, nan 
56.875, 81.375, 1.0101515952713605e-21, nan 
57.125, 81.375, 1.0276104392700088e-21, nan 
57.375, 81.375, 8.407981219045656e-22, nan 
57.625, 81.375, 6.735948011792666e-22, nan 
57.875, 81.375, 5.13275000655596e-22, nan 
58.125, 81.375, 4.243394100210041e-22, nan 
58.375, 81.375, 4.728155966442784e-22, nan 
58.625, 81.375, 5.082088484960682e-22, nan 
58.875, 81.375, 6.001163017717538e-22, nan 
59.125, 81.375, 7.086896523909724e-22, nan 
59.375, 81.375, 5.908135990007414e-22, nan 
59.625, 81.375, 3.3040451763953585e-22, nan 
59.875, 81.375, 3.247992712163792e-22, nan 
60.125, 81.375, 4.0139981531302835e-22, nan 
60.375, 81.375, 3.591018052117186e-22, nan 
60.625, 81.375, 4.138020891030159e-22, nan 
60.875, 81.375, 3.064821751073335e-22, nan 
61.125, 81.375, 3.01257671822304e-22, nan 
61.375, 81.375, 3.699954951873251e-22, nan 
61.625, 81.375, 3.4974030100748276e-22, nan 
61.875, 81.375, 3.8883905458517765e-22, nan 
62.125, 81.375, 4.1075951340172296e-22, nan 
62.375, 81.375, 4.2110198990007955e-22, nan 
62.625, 81.375, 3.9127232910377704e-22, nan 
62.875, 81.375, 3.5797232562503745e-22, nan 
63.125, 81.375, 4.075589881595461e-22, nan 
63.375, 81.375, 3.118042299848599e-22, nan 
63.625, 81.375, 3.1829384425084e-22, nan 
63.875, 81.375, 2.9230329986363067e-22, nan 
64.125, 81.375, 2.971095321403209e-22, nan 
64.375, 81.375, 2.79160298159258e-22, nan 
64.625, 81.375, 2.7709052952074034e-22, nan 
64.875, 81.375, 3.0064661715526125e-22, nan 
65.125, 81.375, 3.0643525994518963e-22, nan 
65.375, 81.375, 3.707642951006961e-22, nan 
65.625, 81.375, 1.8451272230037573e-22, nan 
65.875, 81.375, 1.8834230188721503e-22, nan 
66.125, 81.375, 1.3260557265294655e-22, nan 
66.375, 81.375, 1.1669069960698042e-22, nan 
66.625, 81.375, 1.0620715998552035e-22, nan 
66.875, 81.375, 1.1491676455154737e-22, nan 
67.125, 81.375, 2.822393204130996e-22, nan 
67.375, 81.375, 2.9611993166068433e-22, nan 
67.625, 81.375, 2.660231491695016e-22, nan 
67.875, 81.375, 3.2205068472020073e-22, nan 
68.125, 81.375, 2.3447082764798516e-22, nan 
68.375, 81.375, 2.5479679295067657e-22, nan 
68.625, 81.375, 1.4211867397105024e-22, nan 
68.875, 81.375, 3.1013416087474733e-22, nan 
69.125, 81.375, 3.3700854398143254e-22, nan 
69.375, 81.375, 3.929161909033801e-22, nan 
69.625, 81.375, 4.8579207320976665e-22, nan 
69.875, 81.375, 4.393004120338041e-22, nan 
70.125, 81.375, 5.057447161110619e-22, nan 
70.375, 81.375, 3.663997497287922e-22, nan 
70.625, 81.375, 3.1238505164414374e-22, nan 
70.875, 81.375, 2.7880760888748833e-22, nan 
71.125, 81.375, 2.300907470931083e-22, nan 
71.375, 81.375, 2.3211493712272273e-22, nan 
71.625, 81.375, 2.431090099232283e-22, nan 
71.875, 81.375, 2.688244170330523e-22, nan 
72.125, 81.375, 1.8702901510377205e-22, nan 
72.375, 81.375, 1.5553982113716074e-22, nan 
72.625, 81.375, 1.6861467358349407e-22, nan 
72.875, 81.375, 1.5259664879754362e-22, nan 
73.125, 81.375, 1.3140573368819585e-22, nan 
73.375, 81.375, 1.5629374670574671e-22, nan 
73.625, 81.375, 7.146764349156066e-23, nan 
73.875, 81.375, 7.2328416925467e-23, nan 
74.125, 81.375, 1.5698965676802937e-22, nan 
74.375, 81.375, 1.706618051019085e-22, nan 
74.625, 81.375, 1.5875505044129338e-22, nan 
74.875, 81.375, 1.785642167277113e-22, nan 
75.125, 81.375, 1.70731618697818e-22, nan 
75.375, 81.375, 1.5511995834070805e-22, nan 
75.625, 81.375, 2.16325133448917e-22, nan 
75.875, 81.375, 1.710548837089555e-22, nan 
76.125, 81.375, 2.3013233139751637e-22, nan 
76.375, 81.375, 2.3613365490864606e-22, nan 
76.625, 81.375, 1.849482611272044e-22, nan 
76.875, 81.375, 2.183491494022596e-22, nan 
77.125, 81.375, 1.99732797886438e-22, nan 
77.375, 81.375, 2.423505274780951e-22, nan 
77.625, 81.375, 2.5690603077845084e-22, nan 
77.875, 81.375, 2.5591129590497117e-22, nan 
78.125, 81.375, 1.5834866163858568e-22, nan 
78.375, 81.375, 1.461052908866676e-22, nan 
78.625, 81.375, 1.4348723732775422e-22, nan 
78.875, 81.375, 1.2615943741269243e-22, nan 
79.125, 81.375, 1.223068610445242e-22, nan 
79.375, 81.375, 1.556202173672556e-22, nan 
79.625, 81.375, 2.564192860821118e-22, nan 
79.875, 81.375, 2.4341939573819845e-22, nan 
80.125, 81.375, 2.302097726875611e-22, nan 
80.375, 81.375, 2.572644709771691e-22, nan 
80.625, 81.375, 2.423768167967957e-22, nan 
80.875, 81.375, 2.2575020406204756e-22, nan 
81.125, 81.375, 1.5630281702449487e-22, nan 
81.375, 81.375, 2.4908441805340884e-22, nan 
81.625, 81.375, 2.3461785347855714e-22, nan 
81.875, 81.375, 1.3821291537166263e-22, nan 
82.125, 81.375, 2.188311893751138e-22, nan 
82.375, 81.375, 1.7517809388550586e-22, nan 
82.625, 81.375, 1.4696380025162486e-22, nan 
82.875, 81.375, 1.386398707002864e-22, nan 
83.125, 81.375, 1.2550352197083356e-22, nan 
83.375, 81.375, 1.1675624826323214e-22, nan 
83.625, 81.375, 7.105628715262277e-23, nan 
83.875, 81.375, 1.0638031223689582e-22, nan 
84.125, 81.375, 8.617304438546346e-23, nan 
84.375, 81.375, 7.304896263070345e-23, nan 
84.625, 81.375, 9.600602614799175e-23, nan 
84.875, 81.375, 5.863755356870265e-23, nan 
85.125, 81.375, 9.191997938030855e-23, nan 
85.375, 81.375, 8.582913153648247e-23, nan 
85.625, 81.375, 7.893627758368643e-23, nan 
85.875, 81.375, 6.276086343543847e-23, nan 
86.125, 81.375, 4.7818276836857463e-23, nan 
86.375, 81.375, 5.968113603028229e-23, nan 
86.625, 81.375, 1.035510094239044e-22, nan 
86.875, 81.375, 5.160597811848519e-23, nan 
87.125, 81.375, 3.4724713777153264e-23, nan 
87.375, 81.375, 2.6866911396908313e-23, nan 
87.625, 81.375, 4.4457801278568e-23, nan 
87.875, 81.375, 5.420203803534645e-23, nan 
88.125, 81.375, 3.953335080300717e-23, nan 
88.375, 81.375, 3.3853656109065375e-23, nan 
88.625, 81.375, 3.918253846529749e-23, nan 
88.875, 81.375, 3.995902938256539e-23, nan 
89.125, 81.375, 3.6164342132241746e-23, nan 
89.375, 81.375, 1.9887681027463755e-23, nan 
89.625, 81.375, 4.660965474784692e-23, nan 
89.875, 81.375, 4.983932347664654e-23, nan 
90.125, 81.375, 4.852713688923528e-23, nan 
90.375, 81.375, 4.4958690145779323e-23, nan 
90.625, 81.375, 4.632699481947545e-23, nan 
90.875, 81.375, 4.6377503818007533e-23, nan 
91.125, 81.375, 4.4391112170847047e-23, nan 
91.375, 81.375, 4.597224200923952e-23, nan 
91.625, 81.375, 4.2001752497953005e-23, nan 
91.875, 81.375, 4.4196800015082107e-23, nan 
92.125, 81.375, 4.673645444587136e-23, nan 
92.375, 81.375, 4.3227354246449364e-23, nan 
92.625, 81.375, 4.389130730908535e-23, nan 
92.875, 81.375, 4.744641710756905e-23, nan 
93.125, 81.375, 4.459479713636969e-23, nan 
93.375, 81.375, 4.6586007976285064e-23, nan 
93.625, 81.375, 4.937810223926835e-23, nan 
93.875, 81.375, 4.9087741200266267e-23, nan 
94.125, 81.375, 4.7534350697376414e-23, nan 
94.375, 81.375, 4.6802597195751925e-23, nan 
94.625, 81.375, 4.576549195394125e-23, nan 
94.875, 81.375, 4.5585628000630934e-23, nan 
95.125, 81.375, 4.9201914857578427e-23, nan 
95.375, 81.375, 4.223315321417631e-23, nan 
95.625, 81.375, 4.6786986881868284e-23, nan 
95.875, 81.375, 5.0939697691752276e-23, nan 
96.125, 81.375, 5.592197024204217e-23, nan 
96.375, 81.375, 5.2404437595418405e-23, nan 
96.625, 81.375, 4.8124030868318874e-23, nan 
96.875, 81.375, 4.278454558938551e-23, nan 
97.125, 81.375, 4.572777762574172e-23, nan 
97.375, 81.375, 4.0058473979824234e-23, nan 
97.625, 81.375, 4.165544837012666e-23, nan 
97.875, 81.375, 4.5130832152594004e-23, nan 
98.125, 81.375, 4.155317399465271e-23, nan 
98.375, 81.375, 3.974189393884243e-23, nan 
98.625, 81.375, 4.587118801396464e-23, nan 
98.875, 81.375, 4.474201722758708e-23, nan 
99.125, 81.375, 4.817324784871263e-23, nan 
99.375, 81.375, 4.622867618638595e-23, nan 
99.625, 81.375, 4.510680758867107e-23, nan 
99.875, 81.375, 3.762223262829471e-23, nan 
100.125, 81.375, 4.995059940253888e-23, nan 
100.375, 81.375, 4.39834510658122e-23, nan 
100.625, 81.375, 4.3342619505002603e-23, nan 
100.875, 81.375, 4.3000458284227194e-23, nan 
101.125, 81.375, 4.0588766491124315e-23, nan 
101.375, 81.375, 3.4333246279798574e-23, nan 
101.625, 81.375, 2.5240019918276538e-23, nan 
101.875, 81.375, 2.863540905057666e-23, nan 
102.125, 81.375, 2.3387022369527672e-23, nan 
102.375, 81.375, 1.9345026752293223e-23, nan 
102.625, 81.375, 2.2465938753490873e-23, nan 
102.875, 81.375, 2.2574861417911635e-23, nan 
103.125, 81.375, 5.8108153320874396e-24, nan 
103.375, 81.375, 1.6336314827781424e-23, nan 
103.625, 81.375, 1.0789467013734753e-23, nan 
103.875, 81.375, 4.661929549195933e-24, nan 
104.125, 81.375, 3.6457027958989074e-24, nan 
104.375, 81.375, 5.9919905473475716e-24, nan 
104.625, 81.375, 6.785209619444735e-24, nan 
104.875, 81.375, 5.8433114802313954e-24, nan 
105.125, 81.375, 6.63889378960313e-24, nan 
105.375, 81.375, 4.938708317740896e-24, nan 
105.625, 81.375, 4.5284466126631334e-24, nan 
105.875, 81.375, 3.950258997702749e-24, nan 
106.125, 81.375, 3.83012269031169e-24, nan 
106.375, 81.375, 3.478176158392841e-24, nan 
106.625, 81.375, 3.6834723075328745e-24, nan 
106.875, 81.375, 3.874347129451785e-24, nan 
107.125, 81.375, 3.9579645268000494e-24, nan 
107.375, 81.375, 3.672463327110454e-24, nan 
107.625, 81.375, 3.363736319211549e-24, nan 
107.875, 81.375, 4.57120801650466e-24, nan 
108.125, 81.375, 4.517892653131654e-24, nan 
108.375, 81.375, 3.547795129434739e-24, nan 
108.625, 81.375, 3.246385486398599e-24, nan 
108.875, 81.375, 3.2441034968237024e-24, nan 
109.125, 81.375, 4.844717392032946e-24, nan 
109.375, 81.375, 9.431900444444453e-24, nan 
109.625, 81.375, 4.2982330112747935e-24, nan 
109.875, 81.375, 5.392021220389563e-24, nan 
110.125, 81.375, 5.494337848584256e-24, nan 
110.375, 81.375, 4.7349093895043604e-24, nan 
110.625, 81.375, 4.2321618350003424e-24, nan 
110.875, 81.375, 3.981670443562704e-24, nan 
111.125, 81.375, 1.1476973208751427e-23, nan 
111.375, 81.375, 3.332949743081121e-24, nan 
111.625, 81.375, 3.68422834681575e-24, nan 
111.875, 81.375, 4.5346787256936764e-24, nan 
112.125, 81.375, 2.1917433863374097e-24, nan 
112.375, 81.375, 4.401811183823842e-24, nan 
112.625, 81.375, 5.346809089583523e-24, nan 
112.875, 81.375, 5.721086105984363e-24, nan 
113.125, 81.375, 2.863705872888995e-24, nan 
113.375, 81.375, 4.769037581698339e-24, nan 
113.625, 81.375, 5.343760967630696e-24, nan 
113.875, 81.375, 5.0303878212550694e-24, nan 
114.125, 81.375, 6.763985712719553e-24, nan 
114.375, 81.375, 6.119954485061245e-24, nan 
114.625, 81.375, 4.478492310099382e-24, nan 
114.875, 81.375, 5.257002201112647e-24, nan 
115.125, 81.375, 5.4188841993310406e-24, nan 
115.375, 81.375, 6.4021516572751276e-24, nan 
115.625, 81.375, 6.534686761953578e-24, nan 
115.875, 81.375, 7.267313877223225e-24, nan 
116.125, 81.375, 4.208410051661471e-24, nan 
116.375, 81.375, 8.11859799072577e-24, nan 
116.625, 81.375, 1.0790740967405768e-23, nan 
116.875, 81.375, 7.241358622338837e-24, nan 
117.125, 81.375, 7.64829678726769e-24, nan 
117.375, 81.375, 5.142478263686536e-24, nan 
117.625, 81.375, 8.50789613012315e-24, nan 
117.875, 81.375, 8.66339599581386e-24, nan 
118.125, 81.375, 6.338343613743567e-24, nan 
118.375, 81.375, 7.28037657361856e-24, nan 
118.625, 81.375, 7.900073241535848e-24, nan 
118.875, 81.375, 6.199978561896653e-24, nan 
119.125, 81.375, 3.0078122173320973e-24, nan 
119.375, 81.375, 5.517646284100719e-24, nan 
119.625, 81.375, 6.293899397151962e-24, nan 
119.875, 81.375, 3.865830071225941e-24, nan 
120.125, 81.375, 4.5250416439941024e-24, nan 
120.375, 81.375, 6.215812877739449e-24, nan 
120.625, 81.375, 4.040343393333123e-24, nan 
120.875, 81.375, 3.587542648755395e-24, nan 
121.125, 81.375, 2.6522968435265525e-24, nan 
121.375, 81.375, 2.211538075450293e-24, nan 
121.625, 81.375, 2.2529631366642665e-24, nan 
121.875, 81.375, 3.2974190432667387e-24, nan 
122.125, 81.375, 3.967704622735535e-24, nan 
122.375, 81.375, 1.6236564539649066e-24, nan 
122.625, 81.375, 3.662403598426143e-24, nan 
122.875, 81.375, 2.9843122127627904e-24, nan 
123.125, 81.375, 2.6008904794771643e-24, nan 
123.375, 81.375, 1.9474052025284026e-24, nan 
123.625, 81.375, 1.5001901954774442e-24, nan 
123.875, 81.375, 1.70448735380062e-24, nan 
124.125, 81.375, 2.3677028440292826e-24, nan 
124.375, 81.375, 1.3342487598468622e-24, nan 
124.625, 81.375, 1.6314576718087476e-24, nan 
124.875, 81.375, 1.6745248879267983e-24, nan 
125.125, 81.375, 1.724544786106299e-24, nan 
125.375, 81.375, 1.612566594544356e-24, nan 
125.625, 81.375, 1.7163831315980675e-24, nan 
125.875, 81.375, 1.9098676295625974e-24, nan 
126.125, 81.375, 1.6526601936255072e-24, nan 
126.375, 81.375, 1.7915633932267364e-24, nan 
126.625, 81.375, 1.6315283102004111e-24, nan 
126.875, 81.375, 1.4269443570698382e-24, nan 
127.125, 81.375, 1.3850914505719432e-24, nan 
127.375, 81.375, 1.1541156682416328e-24, nan 
127.625, 81.375, 1.5585254569170182e-24, nan 
127.875, 81.375, 1.7877092268753094e-24, nan 
128.125, 81.375, 1.1256176066745632e-24, nan 
128.375, 81.375, 1.6584193819930466e-24, nan 
128.625, 81.375, 1.9882212705525877e-24, nan 
128.875, 81.375, 2.581262891520801e-24, nan 
129.125, 81.375, 1.5966237706211481e-24, nan 
129.375, 81.375, 1.0339106123950108e-24, nan 
129.625, 81.375, 1.103324440908355e-24, nan 
129.875, 81.375, 1.256765160889968e-24, nan 
130.125, 81.375, 1.7870395803013827e-24, nan 
130.375, 81.375, 1.8013477399315667e-24, nan 
130.625, 81.375, 1.9212013827929677e-24, nan 
130.875, 81.375, 1.3148511246421421e-24, nan 
131.125, 81.375, 9.834862402395732e-25, nan 
131.375, 81.375, 1.4530273762743121e-24, nan 
131.625, 81.375, 9.575820744825902e-25, nan 
131.875, 81.375, 6.352224309807874e-25, nan 
132.125, 81.375, 1.0675375770744743e-24, nan 
132.375, 81.375, 6.431380095052797e-25, nan 
132.625, 81.375, 1.4761493923869868e-24, nan 
132.875, 81.375, 1.4985863513245159e-24, nan 
133.125, 81.375, 1.832924460296719e-24, nan 
133.375, 81.375, 2.069408029548333e-24, nan 
133.625, 81.375, 2.1190933928530597e-24, nan 
133.875, 81.375, 2.2168977180377997e-24, nan 
134.125, 81.375, 2.1547414596438295e-24, nan 
134.375, 81.375, 2.261806483398201e-24, nan 
134.625, 81.375, 2.3222249974824604e-24, nan 
134.875, 81.375, 2.4229475028317867e-24, nan 
135.125, 81.375, 2.4443803301153626e-24, nan 
135.375, 81.375, 2.4005812796934943e-24, nan 
135.625, 81.375, 2.517978631056011e-24, nan 
135.875, 81.375, 2.6128337020169066e-24, nan 
136.125, 81.375, 3.630948060349205e-24, nan 
136.375, 81.375, 4.5439873241188115e-24, nan 
136.625, 81.375, 4.5719517851240284e-24, nan 
136.875, 81.375, 5.2080451649418975e-24, nan 
137.125, 81.375, 4.56950188720613e-24, nan 
137.375, 81.375, 5.3245089703465e-24, nan 
137.625, 81.375, 7.863888657825998e-24, nan 
137.875, 81.375, 5.169453541707436e-24, nan 
138.125, 81.375, 6.741712413112458e-24, nan 
138.375, 81.375, 7.247035326921193e-24, nan 
138.625, 81.375, 7.120234519751034e-24, nan 
138.875, 81.375, 5.7959276049891925e-24, nan 
139.125, 81.375, 6.468335380231695e-24, nan 
139.375, 81.375, 6.2952612193582816e-24, nan 
139.625, 81.375, 3.7743402131845356e-24, nan 
139.875, 81.375, 3.0089192665856942e-24, nan 
140.125, 81.375, 3.426087211380702e-24, nan 
140.375, 81.375, 3.1631043783491524e-24, nan 
140.625, 81.375, 3.048905816866429e-24, nan 
140.875, 81.375, 2.875412842940814e-24, nan 
141.125, 81.375, 2.5002762894540674e-24, nan 
141.375, 81.375, 3.286971342861773e-24, nan 
141.625, 81.375, 3.393772677424094e-24, nan 
141.875, 81.375, 3.361535645538566e-24, nan 
142.125, 81.375, 3.481512733647438e-24, nan 
142.375, 81.375, 3.853572844938293e-24, nan 
142.625, 81.375, 3.835616084414837e-24, nan 
142.875, 81.375, 3.768109879819095e-24, nan 
143.125, 81.375, 4.1981619556910625e-24, nan 
143.375, 81.375, 4.295371221211311e-24, nan 
143.625, 81.375, 4.331144027490749e-24, nan 
143.875, 81.375, 4.420397995973458e-24, nan 
144.125, 81.375, 4.454280711883725e-24, nan 
144.375, 81.375, 4.9768511375617804e-24, nan 
144.625, 81.375, 5.30379312862217e-24, nan 
144.875, 81.375, 4.7221322705653796e-24, nan 
145.125, 81.375, 4.736941450662098e-24, nan 
145.375, 81.375, 5.754030841014775e-24, nan 
145.625, 81.375, 5.9159317997454035e-24, nan 
145.875, 81.375, 5.61646590734529e-24, nan 
146.125, 81.375, 5.545047430090372e-24, nan 
146.375, 81.375, 6.2692391026443854e-24, nan 
146.625, 81.375, 5.768782105964343e-24, nan 
146.875, 81.375, 5.978313675425926e-24, nan 
147.125, 81.375, 6.342497267521135e-24, nan 
147.375, 81.375, 6.774853983213956e-24, nan 
147.625, 81.375, 6.393486827049452e-24, nan 
147.875, 81.375, 6.4807711685010495e-24, nan 
148.125, 81.375, 6.252468684381775e-24, nan 
148.375, 81.375, 6.5713089798673715e-24, nan 
148.625, 81.375, 7.052427794721124e-24, nan 
148.875, 81.375, 6.930792365196224e-24, nan 
149.125, 81.375, 6.919275833586686e-24, nan 
149.375, 81.375, 6.5538386763222705e-24, nan 
149.625, 81.375, 6.658300543572851e-24, nan 
149.875, 81.375, 6.88048298238441e-24, nan 
150.125, 81.375, 6.323469680159113e-24, nan 
150.375, 81.375, 6.806443082677778e-24, nan 
150.625, 81.375, 6.861025487709796e-24, nan 
150.875, 81.375, 7.280463859819961e-24, nan 
151.125, 81.375, 6.712415136818839e-24, nan 
151.375, 81.375, 7.112671598394763e-24, nan 
151.625, 81.375, 6.996043215824703e-24, nan 
151.875, 81.375, 7.074713750026568e-24, nan 
152.125, 81.375, 6.848794324739692e-24, nan 
152.375, 81.375, 6.93393201206915e-24, nan 
152.625, 81.375, 7.049675834988659e-24, nan 
152.875, 81.375, 6.957596861563458e-24, nan 
153.125, 81.375, 6.98325468039016e-24, nan 
153.375, 81.375, 6.897038575100064e-24, nan 
153.625, 81.375, 6.97139661725542e-24, nan 
153.875, 81.375, 6.481137183082039e-24, nan 
154.125, 81.375, 6.833807520706935e-24, nan 
154.375, 81.375, 6.873732934072105e-24, nan 
154.625, 81.375, 6.778702623744521e-24, nan 
154.875, 81.375, 7.244358343733552e-24, nan 
155.125, 81.375, 7.57891555259882e-24, nan 
155.375, 81.375, 6.700099767723719e-24, nan 
155.625, 81.375, 7.365237813688254e-24, nan 
155.875, 81.375, 7.273512991009036e-24, nan 
156.125, 81.375, 7.069593395590088e-24, nan 
156.375, 81.375, 7.258442817370583e-24, nan 
156.625, 81.375, 7.275520035492082e-24, nan 
156.875, 81.375, 7.250485168775266e-24, nan 
157.125, 81.375, 6.743214206962024e-24, nan 
157.375, 81.375, 6.6732712707493e-24, nan 
157.625, 81.375, 7.282302639356048e-24, nan 
157.875, 81.375, 6.772858298459623e-24, nan 
158.125, 81.375, 6.098590321765635e-24, nan 
158.375, 81.375, 6.815654143151207e-24, nan 
158.625, 81.375, 8.063700597043445e-24, nan 
158.875, 81.375, 6.623476962079445e-24, nan 
159.125, 81.375, 6.676845374587929e-24, nan 
159.375, 81.375, 7.962236765559319e-24, nan 
159.625, 81.375, 7.207606114351355e-24, nan 
159.875, 81.375, 7.652709874951901e-24, nan 
160.125, 81.375, 8.754563703894443e-24, nan 
160.375, 81.375, 9.404553689362895e-24, nan 
160.625, 81.375, 8.949491068014384e-24, nan 
160.875, 81.375, 7.085695701597052e-24, nan 
161.125, 81.375, 4.245015985422644e-24, nan 
161.375, 81.375, 5.99476905866774e-24, nan 
161.625, 81.375, 6.438339770981954e-24, nan 
161.875, 81.375, 5.630883761443313e-24, nan 
162.125, 81.375, 4.698036694199196e-24, nan 
162.375, 81.375, 6.0811025818728335e-24, nan 
162.625, 81.375, 6.536445796170103e-24, nan 
162.875, 81.375, 6.911270700010112e-24, nan 
163.125, 81.375, 5.424804833949668e-24, nan 
163.375, 81.375, 6.112114506435511e-24, nan 
163.625, 81.375, 6.450163834441447e-24, nan 
163.875, 81.375, 6.047941430666137e-24, nan 
164.125, 81.375, 6.062352463639776e-24, nan 
164.375, 81.375, 6.56744917043888e-24, nan 
164.625, 81.375, 6.0865721694566655e-24, nan 
164.875, 81.375, 6.271061930861557e-24, nan 
165.125, 81.375, 6.782178097749389e-24, nan 
165.375, 81.375, 5.903143921084674e-24, nan 
165.625, 81.375, 6.6873485609743e-24, nan 
165.875, 81.375, 6.137500695034897e-24, nan 
166.125, 81.375, 6.594803218493964e-24, nan 
166.375, 81.375, 6.856412353631687e-24, nan 
166.625, 81.375, 6.514830093515041e-24, nan 
166.875, 81.375, 6.62356941551026e-24, nan 
167.125, 81.375, 7.333409103388624e-24, nan 
167.375, 81.375, 6.707290620436716e-24, nan 
167.625, 81.375, 5.990575778854886e-24, nan 
167.875, 81.375, 7.402483464456768e-24, nan 
168.125, 81.375, 6.804469818401263e-24, nan 
168.375, 81.375, 6.766863981570882e-24, nan 
168.625, 81.375, 6.929551673246172e-24, nan 
168.875, 81.375, 6.865568658513134e-24, nan 
169.125, 81.375, 6.125415037580042e-24, nan 
169.375, 81.375, 6.642036193779846e-24, nan 
169.625, 81.375, 6.55248899894693e-24, nan 
169.875, 81.375, 5.8059315099484485e-24, nan 
170.125, 81.375, 5.7978976694574956e-24, nan 
170.375, 81.375, 5.559371753162311e-24, nan 
170.625, 81.375, 6.24996484145248e-24, nan 
170.875, 81.375, 6.010926311652538e-24, nan 
171.125, 81.375, 6.065201383996242e-24, nan 
171.375, 81.375, 5.9700614338985055e-24, nan 
171.625, 81.375, 5.3654749364778405e-24, nan 
171.875, 81.375, 4.921535464463509e-24, nan 
172.125, 81.375, 5.1506794746180754e-24, nan 
172.375, 81.375, 4.7169978309059645e-24, nan 
172.625, 81.375, 4.479019995609496e-24, nan 
172.875, 81.375, 4.897775799065031e-24, nan 
173.125, 81.375, 4.8043513494088166e-24, nan 
173.375, 81.375, 4.909185851069906e-24, nan 
173.625, 81.375, 4.7140796879702964e-24, nan 
173.875, 81.375, 5.24469391109153e-24, nan 
174.125, 81.375, 5.134140473584277e-24, nan 
174.375, 81.375, 5.1572152015201786e-24, nan 
174.625, 81.375, 5.1743854618240515e-24, nan 
174.875, 81.375, 5.674755578834565e-24, nan 
175.125, 81.375, 5.176415904456337e-24, nan 
175.375, 81.375, 5.683101126202909e-24, nan 
175.625, 81.375, 7.52191546299856e-24, nan 
175.875, 81.375, 6.447948131426167e-24, nan 
176.125, 81.375, 5.721358939094031e-24, nan 
176.375, 81.375, 6.032885967971299e-24, nan 
176.625, 81.375, 5.602622978022094e-24, nan 
176.875, 81.375, 5.685552400071321e-24, nan 
177.125, 81.375, 6.500493248335934e-24, nan 
177.375, 81.375, 5.932765356178533e-24, nan 
177.625, 81.375, 5.8267863613864186e-24, nan 
177.875, 81.375, 5.634825984594452e-24, nan 
178.125, 81.375, 6.163450168103872e-24, nan 
178.375, 81.375, 5.736294222539154e-24, nan 
178.625, 81.375, 5.5084291021957475e-24, nan 
178.875, 81.375, 5.796752396176795e-24, nan 
179.125, 81.375, 6.1555740735253596e-24, nan 
179.375, 81.375, 5.8000834197684074e-24, nan 
179.625, 81.375, 5.448996757440852e-24, nan 
179.875, 81.375, 5.775046778533838e-24, nan 
-179.875, 81.625, 5.02354828366214e-24, nan 
-179.625, 81.625, 5.011023188975503e-24, nan 
-179.375, 81.625, 5.340903167887441e-24, nan 
-179.125, 81.625, 5.340592021944832e-24, nan 
-178.875, 81.625, 5.008156076681426e-24, nan 
-178.625, 81.625, 5.1348131803232085e-24, nan 
-178.375, 81.625, 5.360157114988464e-24, nan 
-178.125, 81.625, 5.27352591515926e-24, nan 
-177.875, 81.625, 5.221306043126238e-24, nan 
-177.625, 81.625, 5.3197859710279535e-24, nan 
-177.375, 81.625, 5.797477710068991e-24, nan 
-177.125, 81.625, 5.381102982295502e-24, nan 
-176.875, 81.625, 5.2661655967264266e-24, nan 
-176.625, 81.625, 5.5865819443956444e-24, nan 
-176.375, 81.625, 5.8851947988178926e-24, nan 
-176.125, 81.625, 5.469793572913043e-24, nan 
-175.875, 81.625, 6.420809780353591e-24, nan 
-175.625, 81.625, 6.373347878399055e-24, nan 
-175.375, 81.625, 6.012336673650535e-24, nan 
-175.125, 81.625, 6.484605095134183e-24, nan 
-174.875, 81.625, 6.3200875824143985e-24, nan 
-174.625, 81.625, 6.261184354651705e-24, nan 
-174.375, 81.625, 6.87879182331094e-24, nan 
-174.125, 81.625, 6.743908326944836e-24, nan 
-173.875, 81.625, 6.616375052446546e-24, nan 
-173.625, 81.625, 6.964855586158536e-24, nan 
-173.375, 81.625, 8.533107722423156e-24, nan 
-173.125, 81.625, 8.432288088312797e-24, nan 
-172.875, 81.625, 8.860138823556779e-24, nan 
-172.625, 81.625, 1.0986382980654131e-23, nan 
-172.375, 81.625, 6.113029433935808e-24, nan 
-172.125, 81.625, 6.10719560217451e-24, nan 
-171.875, 81.625, 3.190738219995966e-24, nan 
-171.625, 81.625, 1.1181584023755213e-23, nan 
-171.375, 81.625, 3.5331740829106463e-23, nan 
-171.125, 81.625, 7.786006422834958e-23, nan 
-170.875, 81.625, 2.974626898904675e-23, nan 
-170.625, 81.625, 1.6803077242729266e-23, nan 
-170.375, 81.625, 1.6446867601178073e-23, nan 
-170.125, 81.625, 1.6371871771495257e-23, nan 
-169.875, 81.625, 3.0248037228016644e-23, nan 
-169.625, 81.625, 7.329272490241477e-23, nan 
-169.375, 81.625, 1.5637451295751917e-22, nan 
-169.125, 81.625, 4.938510429518979e-23, nan 
-168.875, 81.625, 1.9825042234826365e-23, nan 
-168.625, 81.625, 1.7650408229665666e-23, nan 
-168.375, 81.625, 1.3070254375052814e-23, nan 
-168.125, 81.625, 1.790533985838909e-23, nan 
-167.875, 81.625, 3.740893365648226e-23, nan 
-167.625, 81.625, 7.502434290009306e-23, nan 
-167.375, 81.625, 2.2700014967988747e-23, nan 
-167.125, 81.625, 1.4666741218067289e-23, nan 
-166.875, 81.625, 1.3974259216138065e-23, nan 
-166.625, 81.625, 1.2417309962097945e-23, nan 
-166.375, 81.625, 1.2407611238094734e-23, nan 
-166.125, 81.625, 1.1019613666466469e-23, nan 
-165.875, 81.625, 9.805621217457192e-24, nan 
-165.625, 81.625, 9.836784519664718e-24, nan 
-165.375, 81.625, 1.0066891936109284e-23, nan 
-165.125, 81.625, 9.542505924526165e-24, nan 
-164.875, 81.625, 9.31839020586085e-24, nan 
-164.625, 81.625, 9.69114669273025e-24, nan 
-164.375, 81.625, 8.779777757556514e-24, nan 
-164.125, 81.625, 7.615085962447578e-24, nan 
-163.875, 81.625, 6.872677558879379e-24, nan 
-163.625, 81.625, 7.701811376740976e-24, nan 
-163.375, 81.625, 6.836778748210727e-24, nan 
-163.125, 81.625, 6.105623093946441e-24, nan 
-162.875, 81.625, 5.916845110408652e-24, nan 
-162.625, 81.625, 5.857679105405657e-24, nan 
-162.375, 81.625, 5.6395256170365964e-24, nan 
-162.125, 81.625, 5.457240990720454e-24, nan 
-161.875, 81.625, 5.716830368128158e-24, nan 
-161.625, 81.625, 5.177602213140425e-24, nan 
-161.375, 81.625, 5.003267219107467e-24, nan 
-161.125, 81.625, 4.830582543489997e-24, nan 
-160.875, 81.625, 4.652729451321629e-24, nan 
-160.625, 81.625, 4.716413010794693e-24, nan 
-160.375, 81.625, 4.443843746110497e-24, nan 
-160.125, 81.625, 4.6587176780199086e-24, nan 
-159.875, 81.625, 4.400463130261891e-24, nan 
-159.625, 81.625, 4.24581078020863e-24, nan 
-159.375, 81.625, 4.51452096141502e-24, nan 
-159.125, 81.625, 4.755441070349065e-24, nan 
-158.875, 81.625, 4.493128527242351e-24, nan 
-158.625, 81.625, 4.1480411056160545e-24, nan 
-158.375, 81.625, 4.661998907612319e-24, nan 
-158.125, 81.625, 4.912358611503594e-24, nan 
-157.875, 81.625, 4.973710250358216e-24, nan 
-157.625, 81.625, 4.592964491613146e-24, nan 
-157.375, 81.625, 4.377859240600783e-24, nan 
-157.125, 81.625, 4.692232307662714e-24, nan 
-156.875, 81.625, 4.8687042872966446e-24, nan 
-156.625, 81.625, 4.741019701596119e-24, nan 
-156.375, 81.625, 4.285384618611015e-24, nan 
-156.125, 81.625, 4.415594828493326e-24, nan 
-155.875, 81.625, 4.545234627639182e-24, nan 
-155.625, 81.625, 4.362222616289968e-24, nan 
-155.375, 81.625, 4.102420896624604e-24, nan 
-155.125, 81.625, 4.664792655576138e-24, nan 
-154.875, 81.625, 4.601483260953268e-24, nan 
-154.625, 81.625, 4.117021140443471e-24, nan 
-154.375, 81.625, 4.214877843748333e-24, nan 
-154.125, 81.625, 4.268767006503401e-24, nan 
-153.875, 81.625, 4.608785166827576e-24, nan 
-153.625, 81.625, 3.982892510995913e-24, nan 
-153.375, 81.625, 4.432146388908968e-24, nan 
-153.125, 81.625, 4.112784167648716e-24, nan 
-152.875, 81.625, 4.408752067317994e-24, nan 
-152.625, 81.625, 4.400389997846424e-24, nan 
-152.375, 81.625, 4.049861973428337e-24, nan 
-152.125, 81.625, 3.6552156986017754e-24, nan 
-151.875, 81.625, 3.7996888962535774e-24, nan 
-151.625, 81.625, 4.4472547395970544e-24, nan 
-151.375, 81.625, 3.6611526526301115e-24, nan 
-151.125, 81.625, 3.572800654694894e-24, nan 
-150.875, 81.625, 4.0510970060897174e-24, nan 
-150.625, 81.625, 3.9424786582911205e-24, nan 
-150.375, 81.625, 3.684741980721504e-24, nan 
-150.125, 81.625, 3.2490401318580654e-24, nan 
-149.875, 81.625, 3.47723033748593e-24, nan 
-149.625, 81.625, 3.53571156861772e-24, nan 
-149.375, 81.625, 3.6015119323275354e-24, nan 
-149.125, 81.625, 3.8948024852456756e-24, nan 
-148.875, 81.625, 3.7234038179162844e-24, nan 
-148.625, 81.625, 3.897157704245415e-24, nan 
-148.375, 81.625, 3.7580454957003344e-24, nan 
-148.125, 81.625, 3.848117906823149e-24, nan 
-147.875, 81.625, 3.527644095732894e-24, nan 
-147.625, 81.625, 3.825684560002164e-24, nan 
-147.375, 81.625, 3.96345686584225e-24, nan 
-147.125, 81.625, 4.080119012738187e-24, nan 
-146.875, 81.625, 3.7953461738008295e-24, nan 
-146.625, 81.625, 4.097786266246389e-24, nan 
-146.375, 81.625, 4.083510668730102e-24, nan 
-146.125, 81.625, 4.0793301687619964e-24, nan 
-145.875, 81.625, 4.099783526530289e-24, nan 
-145.625, 81.625, 4.6016327308467585e-24, nan 
-145.375, 81.625, 4.326951855612645e-24, nan 
-145.125, 81.625, 4.238899168770547e-24, nan 
-144.875, 81.625, 4.390453880902546e-24, nan 
-144.625, 81.625, 4.515013468808022e-24, nan 
-144.375, 81.625, 4.6198760733581796e-24, nan 
-144.125, 81.625, 4.326911240300518e-24, nan 
-143.875, 81.625, 4.4524503950001825e-24, nan 
-143.625, 81.625, 4.35693976268699e-24, nan 
-143.375, 81.625, 4.7205705621864284e-24, nan 
-143.125, 81.625, 4.517460829326637e-24, nan 
-142.875, 81.625, 4.45180444953836e-24, nan 
-142.625, 81.625, 4.827437118701168e-24, nan 
-142.375, 81.625, 4.575008706650967e-24, nan 
-142.125, 81.625, 4.6409246534248376e-24, nan 
-141.875, 81.625, 5.088173492362837e-24, nan 
-141.625, 81.625, 4.9720989124470606e-24, nan 
-141.375, 81.625, 4.867854582183499e-24, nan 
-141.125, 81.625, 5.143724181281095e-24, nan 
-140.875, 81.625, 4.851940243693135e-24, nan 
-140.625, 81.625, 4.9111282672649795e-24, nan 
-140.375, 81.625, 4.9368869274307876e-24, nan 
-140.125, 81.625, 4.9728828484776365e-24, nan 
-139.875, 81.625, 4.734020747307814e-24, nan 
-139.625, 81.625, 5.065818211486225e-24, nan 
-139.375, 81.625, 4.861689218623859e-24, nan 
-139.125, 81.625, 4.991037722220007e-24, nan 
-138.875, 81.625, 5.17748678793745e-24, nan 
-138.625, 81.625, 5.162552035405908e-24, nan 
-138.375, 81.625, 5.142043467249687e-24, nan 
-138.125, 81.625, 5.153873873038212e-24, nan 
-137.875, 81.625, 5.630460021108327e-24, nan 
-137.625, 81.625, 5.7982731370792514e-24, nan 
-137.375, 81.625, 5.605497163667023e-24, nan 
-137.125, 81.625, 5.8930071968893086e-24, nan 
-136.875, 81.625, 5.939453117589884e-24, nan 
-136.625, 81.625, 6.005853959828635e-24, nan 
-136.375, 81.625, 6.077167896018881e-24, nan 
-136.125, 81.625, 6.194536159248978e-24, nan 
-135.875, 81.625, 6.73789194577191e-24, nan 
-135.625, 81.625, 6.2687569212370636e-24, nan 
-135.375, 81.625, 6.742762984774854e-24, nan 
-135.125, 81.625, 6.667770942701315e-24, nan 
-134.875, 81.625, 6.99533811485932e-24, nan 
-134.625, 81.625, 7.885718751997219e-24, nan 
-134.375, 81.625, 7.508210059246238e-24, nan 
-134.125, 81.625, 7.805656138553855e-24, nan 
-133.875, 81.625, 8.449262874424615e-24, nan 
-133.625, 81.625, 8.288759654464365e-24, nan 
-133.375, 81.625, 8.884215806583668e-24, nan 
-133.125, 81.625, 1.0636304164950958e-23, nan 
-132.875, 81.625, 1.1327101690294236e-23, nan 
-132.625, 81.625, 1.0116350797407236e-23, nan 
-132.375, 81.625, 1.0588178955097145e-23, nan 
-132.125, 81.625, 1.1941966996723895e-23, nan 
-131.875, 81.625, 1.1590616539250867e-23, nan 
-131.625, 81.625, 1.2062854489331667e-23, nan 
-131.375, 81.625, 1.3211083176820352e-23, nan 
-131.125, 81.625, 1.255740083970165e-23, nan 
-130.875, 81.625, 1.2589474589916057e-23, nan 
-130.625, 81.625, 1.3820378262074906e-23, nan 
-130.375, 81.625, 1.3587647356995155e-23, nan 
-130.125, 81.625, 1.8791082922200488e-23, nan 
-129.875, 81.625, 2.053666689486724e-23, nan 
-129.625, 81.625, 1.4453492403044667e-23, nan 
-129.375, 81.625, 1.5155209697112137e-23, nan 
-129.125, 81.625, 2.5098288031560643e-23, nan 
-128.875, 81.625, 4.6927613943676874e-23, nan 
-128.625, 81.625, 5.648104170171151e-23, nan 
-128.375, 81.625, 6.882857768412128e-23, nan 
-128.125, 81.625, 7.527609368177489e-23, nan 
-127.875, 81.625, 8.271289796922265e-23, nan 
-127.625, 81.625, 8.285546507168676e-23, nan 
-127.375, 81.625, 8.299324503287004e-23, nan 
-127.125, 81.625, 8.731344601537868e-23, nan 
-126.875, 81.625, 8.459680028281634e-23, nan 
-126.625, 81.625, 7.482104448076839e-23, nan 
-126.375, 81.625, 8.442647907881212e-23, nan 
-126.125, 81.625, 9.239342943683361e-23, nan 
-125.875, 81.625, 9.030305737689177e-23, nan 
-125.625, 81.625, 7.86445487279444e-23, nan 
-125.375, 81.625, 6.862210070320382e-23, nan 
-125.125, 81.625, 7.314565844638463e-23, nan 
-124.875, 81.625, 5.1470467521867245e-23, nan 
-124.625, 81.625, 5.018998223824316e-23, nan 
-124.375, 81.625, 3.0765315781388864e-23, nan 
-124.125, 81.625, 3.898335854968916e-23, nan 
-123.875, 81.625, 2.66943352113342e-23, nan 
-123.625, 81.625, 2.71710421254583e-23, nan 
-123.375, 81.625, 3.132464073561708e-23, nan 
-123.125, 81.625, 3.3182576408077835e-23, nan 
-122.875, 81.625, 3.619152770904e-23, nan 
-122.625, 81.625, 4.33112894137339e-23, nan 
-122.375, 81.625, 5.009249414406831e-23, nan 
-122.125, 81.625, 4.382575785693303e-23, nan 
-121.875, 81.625, 4.171207343778212e-23, nan 
-121.625, 81.625, 3.952188121947418e-23, nan 
-121.375, 81.625, 4.4133500252043234e-23, nan 
-121.125, 81.625, 4.707783503339398e-23, nan 
-120.875, 81.625, 5.115867350203793e-23, nan 
-120.625, 81.625, 5.568892598154037e-23, nan 
-120.375, 81.625, 6.463695425854491e-23, nan 
-120.125, 81.625, 8.460980048024944e-23, nan 
-119.875, 81.625, 9.161132930000752e-23, nan 
-119.625, 81.625, 9.66144260488197e-23, nan 
-119.375, 81.625, 7.523927293102908e-23, nan 
-119.125, 81.625, 9.767073920686747e-23, nan 
-118.875, 81.625, 1.302557271632111e-22, nan 
-118.625, 81.625, 1.1966764942197834e-22, nan 
-118.375, 81.625, 9.237617227409973e-23, nan 
-118.125, 81.625, 7.269119620333844e-23, nan 
-117.875, 81.625, 7.915071655093272e-23, nan 
-117.625, 81.625, 8.117156710908597e-23, nan 
-117.375, 81.625, 4.574841260228423e-23, nan 
-117.125, 81.625, 1.2182958720030656e-22, nan 
-116.875, 81.625, 1.369251016106402e-22, nan 
-116.625, 81.625, 1.6583093257569703e-22, nan 
-116.375, 81.625, 2.0561777118086726e-22, nan 
-116.125, 81.625, 2.3565070006761267e-22, nan 
-115.875, 81.625, 2.6305962018154856e-22, nan 
-115.625, 81.625, 1.7510927430124046e-22, nan 
-115.375, 81.625, 2.5692694492462754e-22, nan 
-115.125, 81.625, 1.7486079858131614e-22, nan 
-114.875, 81.625, 1.8504567891170306e-22, nan 
-114.625, 81.625, 2.0997269202282935e-22, nan 
-114.375, 81.625, 2.690931114192978e-22, nan 
-114.125, 81.625, 3.013340894003856e-22, nan 
-113.875, 81.625, 2.749288225746077e-22, nan 
-113.625, 81.625, 3.093624629392375e-22, nan 
-113.375, 81.625, 1.3241789606113942e-22, nan 
-113.125, 81.625, 1.4747132828040289e-22, nan 
-112.875, 81.625, 1.4681161752916172e-22, nan 
-112.625, 81.625, 1.3433677053320913e-22, nan 
-112.375, 81.625, 1.3002340897857738e-22, nan 
-112.125, 81.625, 1.2070348178904286e-22, nan 
-111.875, 81.625, 1.2342798577989726e-22, nan 
-111.625, 81.625, 1.2188308476162878e-22, nan 
-111.375, 81.625, 1.5344001338415847e-22, nan 
-111.125, 81.625, 1.587778822790279e-22, nan 
-110.875, 81.625, 1.505126646455417e-22, nan 
-110.625, 81.625, 1.4566359318696044e-22, nan 
-110.375, 81.625, 1.3856936256779555e-22, nan 
-110.125, 81.625, 1.144198598637639e-22, nan 
-109.875, 81.625, 7.648302224138969e-23, nan 
-109.625, 81.625, 8.361983419811144e-23, nan 
-109.375, 81.625, 9.163164301301034e-23, nan 
-109.125, 81.625, 8.342497266565266e-23, nan 
-108.875, 81.625, 7.480568247306004e-23, nan 
-108.625, 81.625, 1.0817177642679913e-22, nan 
-108.375, 81.625, 1.0226169702524268e-22, nan 
-108.125, 81.625, 9.407707112304422e-23, nan 
-107.875, 81.625, 8.571184314973436e-23, nan 
-107.625, 81.625, 7.654934386560105e-23, nan 
-107.375, 81.625, 6.599879389370125e-23, nan 
-107.125, 81.625, 6.070540973321119e-23, nan 
-106.875, 81.625, 6.138615944970132e-23, nan 
-106.625, 81.625, 5.122243047438696e-23, nan 
-106.375, 81.625, 9.512494636028704e-23, nan 
-106.125, 81.625, 8.337149136583737e-23, nan 
-105.875, 81.625, 9.952210578472784e-23, nan 
-105.625, 81.625, 1.867485262928818e-22, nan 
-105.375, 81.625, 2.6819883146065805e-22, nan 
-105.125, 81.625, 3.304361634187582e-22, nan 
-104.875, 81.625, 2.9976810699448903e-22, nan 
-104.625, 81.625, 1.5533974928081308e-22, nan 
-104.375, 81.625, 1.2379570594520205e-22, nan 
-104.125, 81.625, 1.17720981086783e-22, nan 
-103.875, 81.625, 1.2509210306105625e-22, nan 
-103.625, 81.625, 1.7982601188881522e-22, nan 
-103.375, 81.625, 2.2908325681963587e-22, nan 
-103.125, 81.625, 2.288910003577655e-22, nan 
-102.875, 81.625, 1.9809091951271423e-22, nan 
-102.625, 81.625, 1.773419637841989e-22, nan 
-102.375, 81.625, 9.796892995157817e-23, nan 
-102.125, 81.625, 6.626142428974572e-23, nan 
-101.875, 81.625, 9.873905817203614e-23, nan 
-101.625, 81.625, 1.6176271989169691e-22, nan 
-101.375, 81.625, 2.2377488722110497e-22, nan 
-101.125, 81.625, 2.2037555977457692e-22, nan 
-100.875, 81.625, 2.4040716365933326e-22, nan 
-100.625, 81.625, 1.6091017347272083e-22, nan 
-100.375, 81.625, 1.9230121321151681e-22, nan 
-100.125, 81.625, 1.8330170742319042e-22, nan 
-99.875, 81.625, 1.7464537915177668e-22, nan 
-99.625, 81.625, 2.002282046172444e-22, nan 
-99.375, 81.625, 1.8958234736270166e-22, nan 
-99.125, 81.625, 2.0491088467306238e-22, nan 
-98.875, 81.625, 1.5903178674533915e-22, nan 
-98.625, 81.625, 1.575770607168895e-22, nan 
-98.375, 81.625, 1.559829700969829e-22, nan 
-98.125, 81.625, 1.4541412912412652e-22, nan 
-97.875, 81.625, 1.5190512980413334e-22, nan 
-97.625, 81.625, 1.5599893992427362e-22, nan 
-97.375, 81.625, 1.7799692561578324e-22, nan 
-97.125, 81.625, 1.5866891992099545e-22, nan 
-96.875, 81.625, 1.6808876296521e-22, nan 
-96.625, 81.625, 1.8910397988532072e-22, nan 
-96.375, 81.625, 2.393665835001074e-22, nan 
-96.125, 81.625, 5.254505348838031e-22, nan 
-95.875, 81.625, 7.6915127593187e-22, nan 
-95.625, 81.625, 1.1511692856635401e-21, nan 
-95.375, 81.625, 1.358121807076276e-21, nan 
-95.125, 81.625, 1.2635215079281936e-21, nan 
-94.875, 81.625, 1.2516068325604707e-21, nan 
-94.625, 81.625, 1.1662483002243287e-21, nan 
-94.375, 81.625, 1.2057170036975948e-21, nan 
-94.125, 81.625, 1.1037426610098709e-21, nan 
-93.875, 81.625, 1.2672676523391147e-21, nan 
-93.625, 81.625, 1.2674339645815776e-21, nan 
-93.375, 81.625, 1.2538392444903206e-21, nan 
-93.125, 81.625, 1.2604557442024098e-21, nan 
-92.875, 81.625, 1.0375712782661505e-21, nan 
-92.625, 81.625, 9.992302604681414e-22, nan 
-92.375, 81.625, 9.923729054814257e-22, nan 
-92.125, 81.625, 1.6553614821333856e-21, nan 
-91.875, 81.625, 1.4139377585985364e-21, nan 
-91.625, 81.625, 1.1443338497609648e-21, nan 
-91.375, 81.625, 1.4494518021982222e-21, nan 
-91.125, 81.625, 1.1127027996951818e-21, nan 
-90.875, 81.625, 1.361474066049039e-21, nan 
-90.625, 81.625, 1.3991451431127348e-21, nan 
-90.375, 81.625, 1.7329950661355595e-21, nan 
-90.125, 81.625, 1.443266256617541e-21, nan 
-89.875, 81.625, 1.3458873105326795e-21, nan 
-89.625, 81.625, 1.47014482997007e-21, nan 
-89.375, 81.625, 1.7093821391115967e-21, nan 
-89.125, 81.625, 1.9316408163643946e-21, nan 
-88.875, 81.625, 1.9911523378630398e-21, nan 
-88.625, 81.625, 2.2137745774021775e-21, nan 
-88.375, 81.625, 2.0348674268547013e-21, nan 
-88.125, 81.625, 2.4717533717452088e-21, nan 
-87.875, 81.625, 2.7352574233975907e-21, nan 
-87.625, 81.625, 3.263213350386215e-21, nan 
-87.375, 81.625, 1.82220639064361e-21, nan 
-87.125, 81.625, 1.8014654491870822e-21, nan 
-86.875, 81.625, 2.1999295395885413e-21, nan 
-86.625, 81.625, 2.4752372950373547e-21, nan 
-86.375, 81.625, 3.694967946263661e-21, nan 
-86.125, 81.625, 3.9183535462789595e-21, nan 
-85.875, 81.625, 4.0062771501182124e-21, nan 
-85.625, 81.625, 3.383308271859315e-21, nan 
-85.375, 81.625, 3.8141911652097185e-21, nan 
-85.125, 81.625, 4.0054542656159385e-21, nan 
-84.875, 81.625, 3.0968577135537243e-21, nan 
-84.625, 81.625, 4.266244266659365e-21, nan 
-84.375, 81.625, 4.6413817427705115e-21, nan 
-84.125, 81.625, 4.647414527730023e-21, nan 
-83.875, 81.625, 4.040494145930734e-21, nan 
-83.625, 81.625, 4.944725532788521e-21, nan 
-83.375, 81.625, 4.888458547728975e-21, nan 
-83.125, 81.625, 4.4041851666696225e-21, nan 
-82.875, 81.625, 3.7690281485507676e-21, nan 
-82.625, 81.625, 1.8275002993406857e-21, nan 
-82.375, 81.625, 1.8626943858905497e-21, nan 
-82.125, 81.625, 1.265377049532852e-21, nan 
-81.875, 81.625, 1.0940990074593116e-21, nan 
-81.625, 81.625, 1.1614290969288919e-21, nan 
-81.375, 81.625, 9.59075857092335e-22, nan 
-81.125, 81.625, 1.0176102646806527e-21, nan 
-80.875, 81.625, 1.1462381154975473e-21, nan 
-80.625, 81.625, 1.1710541860273568e-21, nan 
-80.375, 81.625, 1.2497078748576437e-21, nan 
-80.125, 81.625, 1.283223046979715e-21, nan 
-79.875, 81.625, 1.3428488646840288e-21, nan 
-79.625, 81.625, 1.1578034975878976e-21, nan 
-79.375, 81.625, 9.571289335292536e-22, nan 
-79.125, 81.625, 1.061463373560287e-21, nan 
-78.875, 81.625, 1.5496540049630835e-21, nan 
-78.625, 81.625, 1.95284779631377e-21, nan 
-78.375, 81.625, 2.068188140801201e-21, nan 
-78.125, 81.625, 2.136316580661606e-21, nan 
-77.875, 81.625, 2.3407314034809813e-21, nan 
-77.625, 81.625, 2.49603529438494e-21, nan 
-77.375, 81.625, 3.4064657606329574e-21, nan 
-77.125, 81.625, 2.0117851086826853e-21, nan 
-76.875, 81.625, 2.2131744095352045e-21, nan 
-76.625, 81.625, 2.2849013381546675e-21, nan 
-76.375, 81.625, 2.2637242477062296e-21, nan 
-76.125, 81.625, 2.42656884412309e-21, nan 
-75.875, 81.625, 2.6823365686833164e-21, nan 
-75.625, 81.625, 3.3635674123770095e-21, nan 
-75.375, 81.625, 2.2769294692134828e-21, nan 
-75.125, 81.625, 2.785795618719925e-21, nan 
-74.875, 81.625, 3.3789280363864984e-21, nan 
-74.625, 81.625, 3.570330564569183e-21, nan 
-74.375, 81.625, 4.693373068806712e-21, nan 
-74.125, 81.625, 5.54730986268927e-21, nan 
-73.875, 81.625, 5.39545033319162e-21, nan 
-73.625, 81.625, 5.44694366336355e-21, nan 
-73.375, 81.625, 5.4613570272638135e-21, nan 
-73.125, 81.625, 5.675355203950773e-21, nan 
-72.875, 81.625, 5.4190063199160186e-21, nan 
-72.625, 81.625, 5.872362522894162e-21, nan 
-72.375, 81.625, 8.157969760219501e-21, nan 
-72.125, 81.625, 1.1060068967078394e-20, nan 
-71.875, 81.625, 1.2404009959060212e-20, nan 
-71.625, 81.625, 1.2761563150856809e-20, nan 
-71.375, 81.625, 1.3938510901904766e-20, nan 
-71.125, 81.625, 1.5246786009893922e-20, nan 
-70.875, 81.625, 1.4089179931370653e-20, nan 
-70.625, 81.625, 1.326330581802487e-20, nan 
-70.375, 81.625, 1.662645173375344e-20, nan 
-70.125, 81.625, 1.6443941056432196e-20, nan 
-69.875, 81.625, 1.5188113497893698e-20, nan 
-69.625, 81.625, 1.4093412365014603e-20, nan 
-69.375, 81.625, 1.3398038818434046e-20, nan 
-69.125, 81.625, 1.1057516268630844e-20, nan 
-68.875, 81.625, 7.079502191280842e-21, nan 
-68.625, 81.625, 2.292052336831104e-21, nan 
-68.375, 81.625, 1.0076951904051703e-21, nan 
-68.125, 81.625, 6.43546330731436e-22, nan 
-67.875, 81.625, 3.9171147226121873e-22, nan 
-67.625, 81.625, 7.777895025523581e-22, nan 
-67.375, 81.625, 1.6169444020297793e-21, nan 
-67.125, 81.625, 1.7144695044960843e-21, nan 
-66.875, 81.625, 1.957320726855566e-21, nan 
-66.625, 81.625, 1.8607747705153515e-21, nan 
-66.375, 81.625, 1.498992223199259e-21, nan 
-66.125, 81.625, 1.1210851912109417e-21, nan 
-65.875, 81.625, 1.606137185255662e-21, nan 
-65.625, 81.625, 1.9482370344785082e-21, nan 
-65.375, 81.625, 1.846640783998371e-21, nan 
-65.125, 81.625, 2.124598140146951e-21, nan 
-64.875, 81.625, 2.151874881897192e-21, nan 
-64.625, 81.625, 2.1375502109859027e-21, nan 
-64.375, 81.625, 2.0938956235983377e-21, nan 
-64.125, 81.625, 2.513823712743556e-21, nan 
-63.875, 81.625, 2.935698471585446e-21, nan 
-63.625, 81.625, 3.646596095367792e-21, nan 
-63.375, 81.625, 4.276455981371329e-21, nan 
-63.125, 81.625, 4.450529460057798e-21, nan 
-62.875, 81.625, 4.387075183024451e-21, nan 
-62.625, 81.625, 4.585450105447987e-21, nan 
-62.375, 81.625, 5.2148373052682775e-21, nan 
-62.125, 81.625, 5.314958819367934e-21, nan 
-61.875, 81.625, 5.583815859993543e-21, nan 
-61.625, 81.625, 6.446634949397487e-21, nan 
-61.375, 81.625, 8.041607712228858e-21, nan 
-61.125, 81.625, 9.71094905749729e-21, nan 
-60.875, 81.625, 1.4486259881801322e-20, nan 
-60.625, 81.625, 1.932416932677237e-20, nan 
-60.375, 81.625, 2.1136425414711995e-20, nan 
-60.125, 81.625, 2.1042544980220466e-20, nan 
-59.875, 81.625, 2.0214833432943094e-20, nan 
-59.625, 81.625, 1.9730253724367557e-20, nan 
-59.375, 81.625, 2.0008342322496768e-20, nan 
-59.125, 81.625, 2.044733974297412e-20, nan 
-58.875, 81.625, 2.704322177862747e-20, nan 
-58.625, 81.625, 2.859593601125719e-20, nan 
-58.375, 81.625, 2.646298053360117e-20, nan 
-58.125, 81.625, 2.2749197847029646e-20, nan 
-57.875, 81.625, 2.0500408009001168e-20, nan 
-57.625, 81.625, 1.9490511096842835e-20, nan 
-57.375, 81.625, 1.2486940684225046e-20, nan 
-57.125, 81.625, 7.094992930052298e-21, nan 
-56.875, 81.625, 5.066611160967048e-21, nan 
-56.625, 81.625, 4.522646457012923e-21, nan 
-56.375, 81.625, 5.237422538802338e-21, nan 
-56.125, 81.625, 5.497852269085314e-21, nan 
-55.875, 81.625, 3.853708705626104e-21, nan 
-55.625, 81.625, 4.4782971626508855e-21, nan 
-55.375, 81.625, 7.450090944409727e-21, nan 
-55.125, 81.625, 6.553780304799052e-21, nan 
-54.875, 81.625, 5.0117464986541475e-21, nan 
-54.625, 81.625, 5.32963887170656e-21, nan 
-54.375, 81.625, 5.2426913151020336e-21, nan 
-54.125, 81.625, 4.2244495462356746e-21, nan 
-53.875, 81.625, 2.835835780567357e-21, nan 
-53.625, 81.625, 2.7974878712938986e-21, nan 
-53.375, 81.625, 2.24491469404331e-21, nan 
-53.125, 81.625, 2.33140058964998e-21, nan 
-52.875, 81.625, 2.998765609714013e-21, nan 
-52.625, 81.625, 3.3582273104288287e-21, nan 
-52.375, 81.625, 2.489449150182605e-21, nan 
-52.125, 81.625, 2.485300784723812e-21, nan 
-51.875, 81.625, 2.6717190481371165e-21, nan 
-51.625, 81.625, 2.62593011851957e-21, nan 
-51.375, 81.625, 4.110700244099164e-21, nan 
-51.125, 81.625, 3.858765095283041e-21, nan 
-50.875, 81.625, 4.236804763790384e-21, nan 
-50.625, 81.625, 5.5570803913542066e-21, nan 
-50.375, 81.625, 4.7474377626978664e-21, nan 
-50.125, 81.625, 4.947785402956711e-21, nan 
-49.875, 81.625, 5.304426191590974e-21, nan 
-49.625, 81.625, 4.9994097689731474e-21, nan 
-49.375, 81.625, 5.056170755564845e-21, nan 
-49.125, 81.625, 5.113863455618653e-21, nan 
-48.875, 81.625, 6.243330909698194e-21, nan 
-48.625, 81.625, 6.784136008236102e-21, nan 
-48.375, 81.625, 9.622579547664828e-21, nan 
-48.125, 81.625, 1.3059424399715015e-20, nan 
-47.875, 81.625, 1.652340932446407e-20, nan 
-47.625, 81.625, 1.7788419537135712e-20, nan 
-47.375, 81.625, 2.06099474605032e-20, nan 
-47.125, 81.625, 2.75908485190331e-20, nan 
-46.875, 81.625, 3.178769348524069e-20, nan 
-46.625, 81.625, 3.398656289452532e-20, nan 
-46.375, 81.625, 3.601869693052781e-20, nan 
-46.125, 81.625, 3.489298509913894e-20, nan 
-45.875, 81.625, 3.964953072830989e-20, nan 
-45.625, 81.625, 4.130757092803075e-20, nan 
-45.375, 81.625, 4.2550983062637764e-20, nan 
-45.125, 81.625, 4.6747179459471794e-20, nan 
-44.875, 81.625, 4.4818422644558717e-20, nan 
-44.625, 81.625, 3.9755319823843465e-20, nan 
-44.375, 81.625, 3.6546505772326773e-20, nan 
-44.125, 81.625, 4.464616459582573e-20, nan 
-43.875, 81.625, 4.5155127208285233e-20, nan 
-43.625, 81.625, 3.8842274679491524e-20, nan 
-43.375, 81.625, 4.477253946958992e-20, nan 
-43.125, 81.625, 3.887702614979525e-20, nan 
-42.875, 81.625, 3.406112639608549e-20, nan 
-42.625, 81.625, 3.503445311545174e-20, nan 
-42.375, 81.625, 3.1621835323021586e-20, nan 
-42.125, 81.625, 3.1755941339689266e-20, nan 
-41.875, 81.625, 3.238901478907891e-20, nan 
-41.625, 81.625, 4.550383537941317e-20, nan 
-41.375, 81.625, 4.1814187805772854e-20, nan 
-41.125, 81.625, 4.111312507297725e-20, nan 
-40.875, 81.625, 4.451075556030332e-20, nan 
-40.625, 81.625, 4.328418867633482e-20, nan 
-40.375, 81.625, 4.1165269483400604e-20, nan 
-40.125, 81.625, 5.035373001971123e-20, nan 
-39.875, 81.625, 9.955994109474417e-20, nan 
-39.625, 81.625, 9.822087268581286e-20, nan 
-39.375, 81.625, 6.392966852501491e-20, nan 
-39.125, 81.625, 8.074289633509721e-20, nan 
-38.875, 81.625, 6.482019445672753e-20, nan 
-38.625, 81.625, 6.170612824618092e-20, nan 
-38.375, 81.625, 8.554729308884062e-20, nan 
-38.125, 81.625, 8.990333937060431e-20, nan 
-37.875, 81.625, 8.470382497952922e-20, nan 
-37.625, 81.625, 4.537692922511869e-20, nan 
-37.375, 81.625, 4.5223779151075615e-20, nan 
-37.125, 81.625, 4.7381218243471426e-20, nan 
-36.875, 81.625, 5.402019338956001e-20, nan 
-36.625, 81.625, 6.208459501047662e-20, nan 
-36.375, 81.625, 8.045264589774058e-20, nan 
-36.125, 81.625, 6.589919508834552e-20, nan 
-35.875, 81.625, 7.627485898673394e-20, nan 
-35.625, 81.625, 7.743096754779706e-20, nan 
-35.375, 81.625, 5.396404754358222e-20, nan 
-35.125, 81.625, 5.894323399585181e-20, nan 
-34.875, 81.625, 8.413566990936267e-20, nan 
-34.625, 81.625, 1.098706780570547e-19, nan 
-34.375, 81.625, 8.71744508744374e-20, nan 
-34.125, 81.625, 3.193156890212958e-20, nan 
-33.875, 81.625, 4.804173110249845e-20, nan 
-33.625, 81.625, 8.617334222503131e-20, nan 
-33.375, 81.625, 7.608813522897597e-20, nan 
-33.125, 81.625, 1.0960072431102735e-19, nan 
-32.875, 81.625, 1.6935468244148273e-19, nan 
-32.625, 81.625, 1.793753941353205e-19, nan 
-32.375, 81.625, 1.2950682429316432e-19, nan 
-32.125, 81.625, 1.558409470029343e-19, nan 
-31.875, 81.625, 1.8238097736507222e-19, nan 
-31.625, 81.625, 1.4657905992578857e-19, nan 
-31.375, 81.625, 1.4852264074920064e-19, nan 
-31.125, 81.625, 1.7105237167660895e-19, nan 
-30.875, 81.625, 1.5395652479310155e-19, nan 
-30.625, 81.625, 9.083545602232749e-20, nan 
-30.375, 81.625, 7.487815953237541e-20, nan 
-30.125, 81.625, 5.044717697211541e-20, nan 
-29.875, 81.625, 4.44435038862384e-20, nan 
-29.625, 81.625, 4.479947606997593e-20, nan 
-29.375, 81.625, 4.639502191949705e-20, nan 
-29.125, 81.625, 6.433952285271006e-20, nan 
-28.875, 81.625, 9.226342632809377e-20, nan 
-28.625, 81.625, 7.181674862908217e-20, nan 
-28.375, 81.625, 7.56067150178706e-20, nan 
-28.125, 81.625, 9.575818691178475e-20, nan 
-27.875, 81.625, 1.158631051386937e-19, nan 
-27.625, 81.625, 9.674446961406084e-20, nan 
-27.375, 81.625, 7.714906832912453e-20, nan 
-27.125, 81.625, 9.180993164813935e-20, nan 
-26.875, 81.625, 8.126909319574784e-20, nan 
-26.625, 81.625, 7.656284096012553e-20, nan 
-26.375, 81.625, 1.9047235590430618e-19, nan 
-26.125, 81.625, 2.569830233455683e-19, nan 
-25.875, 81.625, 2.0787346422926521e-19, nan 
-25.625, 81.625, 2.0377691226912196e-19, nan 
-25.375, 81.625, 2.313843125929768e-19, nan 
-25.125, 81.625, 2.2109502164895996e-19, nan 
-24.875, 81.625, 1.3466301502490107e-19, nan 
-24.625, 81.625, 1.6463105942538282e-19, nan 
-24.375, 81.625, 2.0035398096583363e-19, nan 
-24.125, 81.625, 1.7088043502225141e-19, nan 
-23.875, 81.625, 7.605708324407593e-20, nan 
-23.625, 81.625, 6.359166606294822e-20, nan 
-23.375, 81.625, 5.695816901011005e-20, nan 
-23.125, 81.625, 8.614120194528759e-20, nan 
-22.875, 81.625, 9.459352005461787e-20, nan 
-22.625, 81.625, 3.346010345842764e-20, nan 
-22.375, 81.625, 3.5364126115099314e-20, nan 
-22.125, 81.625, 5.665631619704765e-20, nan 
-21.875, 81.625, 6.305041968622549e-20, nan 
-21.625, 81.625, 8.407844733715809e-20, nan 
-21.375, 81.625, 1.767189448337761e-19, nan 
-21.125, 81.625, 2.1191288803431997e-19, nan 
-20.875, 81.625, 1.3868508292751073e-19, nan 
-20.625, 81.625, 1.4309242950022959e-19, nan 
-20.375, 81.625, 1.2033255850110558e-19, nan 
-20.125, 81.625, 8.692693680298336e-20, nan 
-19.875, 81.625, 8.970150887260586e-20, nan 
-19.625, 81.625, 1.3829630343784175e-19, nan 
-19.375, 81.625, 1.5305995920758077e-19, nan 
-19.125, 81.625, 8.437864306985222e-20, nan 
-18.875, 81.625, 5.3931022122285383e-20, nan 
-18.625, 81.625, 3.880867164968259e-20, nan 
-18.375, 81.625, 3.6662294233065267e-20, nan 
-18.125, 81.625, 3.768266952622971e-20, nan 
-17.875, 81.625, 5.2222839982025115e-20, nan 
-17.625, 81.625, 1.1291261242691831e-19, nan 
-17.375, 81.625, 1.1318412129122474e-19, nan 
-17.125, 81.625, 4.188938937050153e-20, nan 
-16.875, 81.625, 2.03347547819853e-20, nan 
-16.625, 81.625, 3.205769670044588e-20, nan 
-16.375, 81.625, 3.1670549839126886e-20, nan 
-16.125, 81.625, 9.902795421049666e-20, nan 
-15.875, 81.625, 2.0750642876769575e-19, nan 
-15.625, 81.625, 2.0872496231740346e-19, nan 
-15.375, 81.625, 1.2399483654896182e-19, nan 
-15.125, 81.625, 6.87453977234923e-20, nan 
-14.875, 81.625, 5.1392662376028326e-20, nan 
-14.625, 81.625, 4.4697766679810084e-20, nan 
-14.375, 81.625, 8.242837448577411e-20, nan 
-14.125, 81.625, 1.5082868209931197e-19, nan 
-13.875, 81.625, 1.5898025358012085e-19, nan 
-13.625, 81.625, 9.417519404771631e-20, nan 
-13.375, 81.625, 4.524538689013116e-20, nan 
-13.125, 81.625, 3.612778581760096e-20, nan 
-12.875, 81.625, 3.319211469685185e-20, nan 
-12.625, 81.625, 3.041235268845405e-20, nan 
-12.375, 81.625, 2.835565439329556e-20, nan 
-12.125, 81.625, 3.2290698005308784e-20, nan 
-11.875, 81.625, 3.1526941037612175e-20, nan 
-11.625, 81.625, 2.4322871865545062e-20, nan 
-11.375, 81.625, 2.350775833359343e-20, nan 
-11.125, 81.625, 2.4890832893428804e-20, nan 
-10.875, 81.625, 3.120264991082936e-20, nan 
-10.625, 81.625, 1.236664022047204e-20, nan 
-10.375, 81.625, 2.056952949064128e-20, nan 
-10.125, 81.625, 2.981681054151491e-20, nan 
-9.875, 81.625, 2.4757395381143103e-20, nan 
-9.625, 81.625, 2.341609032626314e-20, nan 
-9.375, 81.625, 2.6932985328164007e-20, nan 
-9.125, 81.625, 3.839485230753164e-20, nan 
-8.875, 81.625, 4.189150691264462e-20, nan 
-8.625, 81.625, 4.2637272315898505e-20, nan 
-8.375, 81.625, 4.001632017832834e-20, nan 
-8.125, 81.625, 2.989169305306311e-20, nan 
-7.875, 81.625, 2.8048204689326447e-20, nan 
-7.625, 81.625, 2.822427552065738e-20, nan 
-7.375, 81.625, 3.3122627057479863e-20, nan 
-7.125, 81.625, 2.7095576166529337e-20, nan 
-6.875, 81.625, 2.661205753723377e-20, nan 
-6.625, 81.625, 2.4085861408739076e-20, nan 
-6.375, 81.625, 2.2367903391826136e-20, nan 
-6.125, 81.625, 1.8569132162653548e-20, nan 
-5.875, 81.625, 1.5825112939175093e-20, nan 
-5.625, 81.625, 1.5117732798812832e-20, nan 
-5.375, 81.625, 1.5256275791617424e-20, nan 
-5.125, 81.625, 1.1165691253401749e-20, nan 
-4.875, 81.625, 9.717560550842364e-21, nan 
-4.625, 81.625, 1.0659033414335172e-20, nan 
-4.375, 81.625, 1.5245526207168133e-20, nan 
-4.125, 81.625, 2.1129492048007197e-20, nan 
-3.875, 81.625, 2.096852421066009e-20, nan 
-3.625, 81.625, 2.3888261752487417e-20, nan 
-3.375, 81.625, 2.4610698443116994e-20, nan 
-3.125, 81.625, 2.0662741104970798e-20, nan 
-2.875, 81.625, 1.795213727253017e-20, nan 
-2.625, 81.625, 1.8356624291225532e-20, nan 
-2.375, 81.625, 1.9623816783736475e-20, nan 
-2.125, 81.625, 1.7308410006394428e-20, nan 
-1.875, 81.625, 1.4760971386824226e-20, nan 
-1.625, 81.625, 1.3992202182318267e-20, nan 
-1.375, 81.625, 1.334550948646711e-20, nan 
-1.125, 81.625, 1.1424257554282695e-20, nan 
-0.875, 81.625, 1.0213229506327367e-20, nan 
-0.625, 81.625, 8.369378572602653e-21, nan 
-0.375, 81.625, 7.370596263979938e-21, nan 
-0.125, 81.625, 7.474368841609177e-21, nan 
0.125, 81.625, 9.984133901778414e-21, nan 
0.375, 81.625, 1.5028304546287767e-20, nan 
0.625, 81.625, 1.2601710145165274e-20, nan 
0.875, 81.625, 9.999825657682422e-21, nan 
1.125, 81.625, 1.2952004429224096e-20, nan 
1.375, 81.625, 1.28124270945004e-20, nan 
1.625, 81.625, 1.2879744464856646e-20, nan 
1.875, 81.625, 1.4991582454867398e-20, nan 
2.125, 81.625, 1.7259082302309566e-20, nan 
2.375, 81.625, 1.599757698805584e-20, nan 
2.625, 81.625, 1.1431777699547694e-20, nan 
2.875, 81.625, 1.0885926648724996e-20, nan 
3.125, 81.625, 1.1531501902648098e-20, nan 
3.375, 81.625, 1.0674363635748557e-20, nan 
3.625, 81.625, 1.0512538523711365e-20, nan 
3.875, 81.625, 8.401439954865193e-21, nan 
4.125, 81.625, 8.019636755271964e-21, nan 
4.375, 81.625, 6.363326590042185e-21, nan 
4.625, 81.625, 4.977661401923943e-21, nan 
4.875, 81.625, 3.836890780900934e-21, nan 
5.125, 81.625, 3.6808026270529606e-21, nan 
5.375, 81.625, 3.420757491354733e-21, nan 
5.625, 81.625, 3.9159226355431915e-21, nan 
5.875, 81.625, 5.341453452438214e-21, nan 
6.125, 81.625, 6.142098516819021e-21, nan 
6.375, 81.625, 4.875156229756493e-21, nan 
6.625, 81.625, 4.028092355778219e-21, nan 
6.875, 81.625, 4.5141596504738696e-21, nan 
7.125, 81.625, 4.833584422999135e-21, nan 
7.375, 81.625, 5.813076236986481e-21, nan 
7.625, 81.625, 7.367938684588883e-21, nan 
7.875, 81.625, 7.02684904466268e-21, nan 
8.125, 81.625, 4.90118495974262e-21, nan 
8.375, 81.625, 4.0132511356975e-21, nan 
8.625, 81.625, 3.789005603189026e-21, nan 
8.875, 81.625, 3.933440965469159e-21, nan 
9.125, 81.625, 2.8596410116111378e-21, nan 
9.375, 81.625, 2.9144132543081187e-21, nan 
9.625, 81.625, 3.8087558079190644e-21, nan 
9.875, 81.625, 4.959757237585777e-21, nan 
10.125, 81.625, 5.347842488288008e-21, nan 
10.375, 81.625, 4.589123088398373e-21, nan 
10.625, 81.625, 5.373762352719009e-21, nan 
10.875, 81.625, 5.597249970791347e-21, nan 
11.125, 81.625, 5.1925660333983204e-21, nan 
11.375, 81.625, 3.424216814732106e-21, nan 
11.625, 81.625, 3.595870494528691e-21, nan 
11.875, 81.625, 3.3492621916772287e-21, nan 
12.125, 81.625, 3.019120539699405e-21, nan 
12.375, 81.625, 2.8253562332152642e-21, nan 
12.625, 81.625, 2.511883314461138e-21, nan 
12.875, 81.625, 2.4305787816358104e-21, nan 
13.125, 81.625, 2.662291476925754e-21, nan 
13.375, 81.625, 3.240977883449009e-21, nan 
13.625, 81.625, 3.270593199421922e-21, nan 
13.875, 81.625, 2.820528504196368e-21, nan 
14.125, 81.625, 2.5889300090794347e-21, nan 
14.375, 81.625, 2.8129265504214044e-21, nan 
14.625, 81.625, 2.4937771592747757e-21, nan 
14.875, 81.625, 2.1643393781017482e-21, nan 
15.125, 81.625, 2.7465188581753356e-21, nan 
15.375, 81.625, 2.5160552083178122e-21, nan 
15.625, 81.625, 1.9612671663796095e-21, nan 
15.875, 81.625, 1.6301971178654971e-21, nan 
16.125, 81.625, 1.565059293478907e-21, nan 
16.375, 81.625, 1.3430338505750232e-21, nan 
16.625, 81.625, 1.570329169593556e-21, nan 
16.875, 81.625, 1.1788245202239121e-21, nan 
17.125, 81.625, 1.145476102338549e-21, nan 
17.375, 81.625, 1.3169047811736079e-21, nan 
17.625, 81.625, 1.197400276114405e-21, nan 
17.875, 81.625, 1.0540253429459158e-21, nan 
18.125, 81.625, 1.2345507385659014e-21, nan 
18.375, 81.625, 2.25581554468227e-21, nan 
18.625, 81.625, 2.554307972575803e-21, nan 
18.875, 81.625, 2.5364190233532634e-21, nan 
19.125, 81.625, 3.6121996187430044e-21, nan 
19.375, 81.625, 6.960427716860181e-21, nan 
19.625, 81.625, 7.816298685439356e-21, nan 
19.875, 81.625, 6.788186546654721e-21, nan 
20.125, 81.625, 6.1217510336047086e-21, nan 
20.375, 81.625, 5.968140892625618e-21, nan 
20.625, 81.625, 2.8772198411184155e-21, nan 
20.875, 81.625, 3.549820626548391e-21, nan 
21.125, 81.625, 1.700790031820656e-21, nan 
21.375, 81.625, 1.265728971823624e-21, nan 
21.625, 81.625, 1.3751493030042574e-21, nan 
21.875, 81.625, 1.2255287341851093e-21, nan 
22.125, 81.625, 1.103922534969689e-21, nan 
22.375, 81.625, 9.919538150908605e-22, nan 
22.625, 81.625, 1.1868705457258435e-21, nan 
22.875, 81.625, 3.0618834825990026e-21, nan 
23.125, 81.625, 7.95084234572759e-21, nan 
23.375, 81.625, 3.5869875394275694e-21, nan 
23.625, 81.625, 7.189602847032579e-21, nan 
23.875, 81.625, 1.0572360655947563e-20, nan 
24.125, 81.625, 9.494686626939585e-21, nan 
24.375, 81.625, 4.5654619011341696e-21, nan 
24.625, 81.625, 5.1421940189889616e-21, nan 
24.875, 81.625, 4.332123405553211e-21, nan 
25.125, 81.625, 5.224857827010204e-21, nan 
25.375, 81.625, 8.118248428943823e-21, nan 
25.625, 81.625, 5.369921825981704e-21, nan 
25.875, 81.625, 5.330156846558481e-21, nan 
26.125, 81.625, 4.683375018314577e-21, nan 
26.375, 81.625, 5.331718267635978e-21, nan 
26.625, 81.625, 5.28923731022864e-21, nan 
26.875, 81.625, 5.13935747591292e-21, nan 
27.125, 81.625, 5.2761953887379384e-21, nan 
27.375, 81.625, 3.6805679209226186e-21, nan 
27.625, 81.625, 2.4130146815970224e-21, nan 
27.875, 81.625, 8.44957893816597e-22, nan 
28.125, 81.625, 5.585328872260677e-22, nan 
28.375, 81.625, 6.932906326609503e-22, nan 
28.625, 81.625, 1.0170402123620585e-21, nan 
28.875, 81.625, 1.0795500040444947e-21, nan 
29.125, 81.625, 1.919869882008532e-21, nan 
29.375, 81.625, 2.142955151224408e-21, nan 
29.625, 81.625, 2.2866504968247323e-21, nan 
29.875, 81.625, 2.2492959373234416e-21, nan 
30.125, 81.625, 3.055735950604849e-21, nan 
30.375, 81.625, 2.774585356792787e-21, nan 
30.625, 81.625, 2.5293153484287056e-21, nan 
30.875, 81.625, 1.8422020532540818e-21, nan 
31.125, 81.625, 1.935641249236361e-21, nan 
31.375, 81.625, 2.3974570117333873e-21, nan 
31.625, 81.625, 2.6229210782771895e-21, nan 
31.875, 81.625, 4.218758140485215e-21, nan 
32.125, 81.625, 3.825370209897979e-21, nan 
32.375, 81.625, 3.144948505503094e-21, nan 
32.625, 81.625, 2.1403538679194725e-21, nan 
32.875, 81.625, 3.677309549019511e-21, nan 
33.125, 81.625, 3.529979014789968e-21, nan 
33.375, 81.625, 2.1180429048099615e-21, nan 
33.625, 81.625, 2.4143867335088534e-21, nan 
33.875, 81.625, 2.137518100603648e-21, nan 
34.125, 81.625, 2.4109310347690416e-21, nan 
34.375, 81.625, 4.6090925244751154e-21, nan 
34.625, 81.625, 5.905830203522906e-21, nan 
34.875, 81.625, 5.522599050797229e-21, nan 
35.125, 81.625, 1.3685928430342428e-21, nan 
35.375, 81.625, 1.4243936901600922e-21, nan 
35.625, 81.625, 4.174753828720193e-21, nan 
35.875, 81.625, 5.495621312107188e-21, nan 
36.125, 81.625, 4.313312158663529e-21, nan 
36.375, 81.625, 5.7977828539346594e-21, nan 
36.625, 81.625, 6.0952181131673574e-21, nan 
36.875, 81.625, 4.33255735208171e-21, nan 
37.125, 81.625, 4.022991871946487e-21, nan 
37.375, 81.625, 4.594520134366516e-21, nan 
37.625, 81.625, 5.6138838866994435e-21, nan 
37.875, 81.625, 3.6180345257179046e-21, nan 
38.125, 81.625, 5.178209364256904e-21, nan 
38.375, 81.625, 5.324170569990036e-21, nan 
38.625, 81.625, 4.104508240552108e-21, nan 
38.875, 81.625, 4.050513034536805e-21, nan 
39.125, 81.625, 3.140941162032637e-21, nan 
39.375, 81.625, 3.4710552936578165e-21, nan 
39.625, 81.625, 2.2720721722533887e-21, nan 
39.875, 81.625, 2.475318013089548e-21, nan 
40.125, 81.625, 2.3005889062329994e-21, nan 
40.375, 81.625, 1.900082015803843e-21, nan 
40.625, 81.625, 1.983436360160653e-21, nan 
40.875, 81.625, 1.73900410846883e-21, nan 
41.125, 81.625, 1.4656508079804422e-21, nan 
41.375, 81.625, 1.0414285991058633e-21, nan 
41.625, 81.625, 9.617730169512363e-22, nan 
41.875, 81.625, 9.693885076718224e-22, nan 
42.125, 81.625, 8.270584934742857e-22, nan 
42.375, 81.625, 9.793677015503343e-22, nan 
42.625, 81.625, 8.917681045712975e-22, nan 
42.875, 81.625, 8.916123917098714e-22, nan 
43.125, 81.625, 5.656617858223524e-22, nan 
43.375, 81.625, 5.70649208039665e-22, nan 
43.625, 81.625, 4.60020691673434e-22, nan 
43.875, 81.625, 5.459380133331037e-22, nan 
44.125, 81.625, 5.34880908552228e-22, nan 
44.375, 81.625, 7.745679068293983e-22, nan 
44.625, 81.625, 6.6963258598542805e-22, nan 
44.875, 81.625, 6.955340803815037e-22, nan 
45.125, 81.625, 6.214198607757671e-22, nan 
45.375, 81.625, 6.409317718535766e-22, nan 
45.625, 81.625, 4.632634987287151e-22, nan 
45.875, 81.625, 8.072020867192761e-22, nan 
46.125, 81.625, 1.4859175264669412e-21, nan 
46.375, 81.625, 2.2948698755536402e-21, nan 
46.625, 81.625, 2.3198528652315942e-21, nan 
46.875, 81.625, 2.3136687958494623e-21, nan 
47.125, 81.625, 2.2505319836255015e-21, nan 
47.375, 81.625, 2.321886470810958e-21, nan 
47.625, 81.625, 2.30151249483281e-21, nan 
47.875, 81.625, 2.277215142801554e-21, nan 
48.125, 81.625, 2.340245761085568e-21, nan 
48.375, 81.625, 2.100402721442592e-21, nan 
48.625, 81.625, 2.3698908892127468e-21, nan 
48.875, 81.625, 2.2114719846801955e-21, nan 
49.125, 81.625, 1.5533778726143784e-21, nan 
49.375, 81.625, 1.2684123372018026e-21, nan 
49.625, 81.625, 1.528586247395317e-21, nan 
49.875, 81.625, 2.445075032237239e-21, nan 
50.125, 81.625, 2.4722520633283868e-21, nan 
50.375, 81.625, 2.860001969543202e-21, nan 
50.625, 81.625, 2.938526431569688e-21, nan 
50.875, 81.625, 2.0330141361649203e-21, nan 
51.125, 81.625, 1.0630495176497365e-21, nan 
51.375, 81.625, 1.4481661710296439e-21, nan 
51.625, 81.625, 1.7041968670325043e-21, nan 
51.875, 81.625, 1.5716992901244043e-21, nan 
52.125, 81.625, 1.772975572491451e-21, nan 
52.375, 81.625, 1.838415291751786e-21, nan 
52.625, 81.625, 1.3749744853844887e-21, nan 
52.875, 81.625, 9.05093193800088e-22, nan 
53.125, 81.625, 1.389561339054426e-21, nan 
53.375, 81.625, 1.0542645408713672e-21, nan 
53.625, 81.625, 8.520274741458692e-22, nan 
53.875, 81.625, 1.0827950658200574e-21, nan 
54.125, 81.625, 9.749689071418534e-22, nan 
54.375, 81.625, 9.858260564239436e-22, nan 
54.625, 81.625, 9.839719297522656e-22, nan 
54.875, 81.625, 1.0157283195161275e-21, nan 
55.125, 81.625, 8.985274985631397e-22, nan 
55.375, 81.625, 8.616738752888055e-22, nan 
55.625, 81.625, 3.6999823021309435e-22, nan 
55.875, 81.625, 6.546662306984025e-23, nan 
56.125, 81.625, 6.520978111591766e-23, nan 
56.375, 81.625, 6.239638712590368e-23, nan 
56.625, 81.625, 6.407346633502349e-23, nan 
56.875, 81.625, 4.862759726873642e-23, nan 
57.125, 81.625, 5.69837508468433e-23, nan 
57.375, 81.625, 4.79284605469557e-23, nan 
57.625, 81.625, 6.712787466967309e-23, nan 
57.875, 81.625, 9.941790501584495e-23, nan 
58.125, 81.625, 3.156176646555168e-22, nan 
58.375, 81.625, 3.528097859281612e-22, nan 
58.625, 81.625, 4.309933575781555e-22, nan 
58.875, 81.625, 5.288417109307294e-22, nan 
59.125, 81.625, 5.796574306777717e-22, nan 
59.375, 81.625, 4.860428614079034e-22, nan 
59.625, 81.625, 1.7138602694816977e-22, nan 
59.875, 81.625, 1.4850494120917854e-22, nan 
60.125, 81.625, 1.372338257917666e-22, nan 
60.375, 81.625, 2.607940314024684e-22, nan 
60.625, 81.625, 3.670730972349704e-22, nan 
60.875, 81.625, 3.6828257541353767e-22, nan 
61.125, 81.625, 3.150895605353743e-22, nan 
61.375, 81.625, 2.232250176745989e-22, nan 
61.625, 81.625, 2.7196636465937755e-22, nan 
61.875, 81.625, 3.025779018508392e-22, nan 
62.125, 81.625, 3.755231477403954e-22, nan 
62.375, 81.625, 4.541179654453031e-22, nan 
62.625, 81.625, 4.976919312347453e-22, nan 
62.875, 81.625, 4.514075990259981e-22, nan 
63.125, 81.625, 4.2916408746293e-22, nan 
63.375, 81.625, 3.6854834190022386e-22, nan 
63.625, 81.625, 4.751644416038453e-22, nan 
63.875, 81.625, 4.383843370418938e-22, nan 
64.125, 81.625, 3.7989821730031036e-22, nan 
64.375, 81.625, 3.8731418072760583e-22, nan 
64.625, 81.625, 3.07366327924389e-22, nan 
64.875, 81.625, 2.6197420016282984e-22, nan 
65.125, 81.625, 2.2135836920318497e-22, nan 
65.375, 81.625, 1.9405026116448844e-22, nan 
65.625, 81.625, 1.6580419951246383e-22, nan 
65.875, 81.625, 1.464323125408717e-22, nan 
66.125, 81.625, 1.4870677970319783e-22, nan 
66.375, 81.625, 1.2999997204153633e-22, nan 
66.625, 81.625, 1.2215643640922976e-22, nan 
66.875, 81.625, 1.2697774891484175e-22, nan 
67.125, 81.625, 8.030433174782854e-23, nan 
67.375, 81.625, 9.28894530266548e-23, nan 
67.625, 81.625, 1.7916602878869994e-22, nan 
67.875, 81.625, 2.3310942382196115e-22, nan 
68.125, 81.625, 2.2261165284619336e-22, nan 
68.375, 81.625, 2.258406744537216e-22, nan 
68.625, 81.625, 2.43166019494827e-22, nan 
68.875, 81.625, 2.498042099615967e-22, nan 
69.125, 81.625, 2.5415475387440067e-22, nan 
69.375, 81.625, 3.428959998097692e-22, nan 
69.625, 81.625, 4.2275556213304763e-22, nan 
69.875, 81.625, 4.170576402977684e-22, nan 
70.125, 81.625, 4.251499740307799e-22, nan 
70.375, 81.625, 3.5691254984939387e-22, nan 
70.625, 81.625, 2.6823776356923684e-22, nan 
70.875, 81.625, 2.4478237845098824e-22, nan 
71.125, 81.625, 1.973272336221868e-22, nan 
71.375, 81.625, 1.660417677283109e-22, nan 
71.625, 81.625, 1.9402078373443377e-22, nan 
71.875, 81.625, 1.3023097063168713e-22, nan 
72.125, 81.625, 1.6647721438998651e-22, nan 
72.375, 81.625, 2.012685659200078e-22, nan 
72.625, 81.625, 2.1531297606095243e-22, nan 
72.875, 81.625, 1.9326417659444028e-22, nan 
73.125, 81.625, 1.7017564141279157e-22, nan 
73.375, 81.625, 2.1006779836517398e-22, nan 
73.625, 81.625, 2.0875338529911344e-22, nan 
73.875, 81.625, 2.7125028121876246e-22, nan 
74.125, 81.625, 2.8981256023937297e-22, nan 
74.375, 81.625, 3.765662355482615e-22, nan 
74.625, 81.625, 3.9192786162591997e-22, nan 
74.875, 81.625, 3.9657838652897294e-22, nan 
75.125, 81.625, 4.43995000431345e-22, nan 
75.375, 81.625, 2.2714308761930824e-22, nan 
75.625, 81.625, 2.6399631902426005e-22, nan 
75.875, 81.625, 2.602021973839433e-22, nan 
76.125, 81.625, 3.4807601073757177e-22, nan 
76.375, 81.625, 3.178489156282522e-22, nan 
76.625, 81.625, 2.9242538540708896e-22, nan 
76.875, 81.625, 3.4495761578616314e-22, nan 
77.125, 81.625, 2.54752548277771e-22, nan 
77.375, 81.625, 3.131286999764476e-22, nan 
77.625, 81.625, 3.2476242457575027e-22, nan 
77.875, 81.625, 2.8848689611028303e-22, nan 
78.125, 81.625, 1.6945750896972014e-22, nan 
78.375, 81.625, 1.7131318508126311e-22, nan 
78.625, 81.625, 1.6657424414577426e-22, nan 
78.875, 81.625, 1.6172982433107747e-22, nan 
79.125, 81.625, 2.522473082557697e-22, nan 
79.375, 81.625, 2.363027095555631e-22, nan 
79.625, 81.625, 2.0911453684037585e-22, nan 
79.875, 81.625, 1.7305084787085498e-22, nan 
80.125, 81.625, 1.9179307703836293e-22, nan 
80.375, 81.625, 1.9200581861728207e-22, nan 
80.625, 81.625, 1.9211582807255314e-22, nan 
80.875, 81.625, 1.949963650282614e-22, nan 
81.125, 81.625, 1.4280710716297423e-22, nan 
81.375, 81.625, 4.299973079390208e-23, nan 
81.625, 81.625, 9.050681755248676e-23, nan 
81.875, 81.625, 9.844632939143836e-23, nan 
82.125, 81.625, 8.877000875760829e-23, nan 
82.375, 81.625, 8.74180985921344e-23, nan 
82.625, 81.625, 9.024575742642456e-23, nan 
82.875, 81.625, 8.612850392015148e-23, nan 
83.125, 81.625, 1.0283009147604443e-22, nan 
83.375, 81.625, 1.114195251288077e-22, nan 
83.625, 81.625, 1.0854078124587763e-22, nan 
83.875, 81.625, 1.1294803201996776e-22, nan 
84.125, 81.625, 1.1703182199645563e-22, nan 
84.375, 81.625, 1.165512821790994e-22, nan 
84.625, 81.625, 1.1441923859514366e-22, nan 
84.875, 81.625, 1.0674690394199393e-22, nan 
85.125, 81.625, 1.124649049299976e-22, nan 
85.375, 81.625, 1.1104365660967582e-22, nan 
85.625, 81.625, 1.0838505547078824e-22, nan 
85.875, 81.625, 8.794931143869423e-23, nan 
86.125, 81.625, 7.413021737094004e-23, nan 
86.375, 81.625, 8.593528088929896e-23, nan 
86.625, 81.625, 1.3429173148345476e-22, nan 
86.875, 81.625, 8.49831344029856e-23, nan 
87.125, 81.625, 6.978239377347212e-23, nan 
87.375, 81.625, 7.453120561804184e-23, nan 
87.625, 81.625, 7.426092670286751e-23, nan 
87.875, 81.625, 6.55740347701772e-23, nan 
88.125, 81.625, 5.706259377743448e-23, nan 
88.375, 81.625, 8.283981241849933e-23, nan 
88.625, 81.625, 4.765884111847896e-23, nan 
88.875, 81.625, 5.044818456329095e-23, nan 
89.125, 81.625, 4.75177646535445e-23, nan 
89.375, 81.625, 3.8422234662098195e-23, nan 
89.625, 81.625, 3.150648130221882e-23, nan 
89.875, 81.625, 4.1111584113241745e-23, nan 
90.125, 81.625, 4.678312817282664e-23, nan 
90.375, 81.625, 5.950883692717169e-23, nan 
90.625, 81.625, 5.774212524280349e-23, nan 
90.875, 81.625, 7.661228932523622e-23, nan 
91.125, 81.625, 7.145288043131552e-23, nan 
91.375, 81.625, 5.96256935584147e-23, nan 
91.625, 81.625, 6.402213390755872e-23, nan 
91.875, 81.625, 6.222463169054982e-23, nan 
92.125, 81.625, 4.9941432343147696e-23, nan 
92.375, 81.625, 4.9990140085935735e-23, nan 
92.625, 81.625, 5.0344513251262956e-23, nan 
92.875, 81.625, 4.398840136795866e-23, nan 
93.125, 81.625, 3.8951681784225e-23, nan 
93.375, 81.625, 4.2904140687737844e-23, nan 
93.625, 81.625, 3.920444070529773e-23, nan 
93.875, 81.625, 3.8074452763611053e-23, nan 
94.125, 81.625, 3.619767853248193e-23, nan 
94.375, 81.625, 3.761880846337094e-23, nan 
94.625, 81.625, 3.9630786475796593e-23, nan 
94.875, 81.625, 4.187903195056285e-23, nan 
95.125, 81.625, 4.153072179945507e-23, nan 
95.375, 81.625, 3.996532974060997e-23, nan 
95.625, 81.625, 4.281016480830327e-23, nan 
95.875, 81.625, 4.6193016676122536e-23, nan 
96.125, 81.625, 3.4214354375292045e-23, nan 
96.375, 81.625, 4.5962524090684404e-23, nan 
96.625, 81.625, 4.744817971342324e-23, nan 
96.875, 81.625, 3.367541740016815e-23, nan 
97.125, 81.625, 4.349319524130744e-23, nan 
97.375, 81.625, 4.875738282079358e-23, nan 
97.625, 81.625, 4.72444058260426e-23, nan 
97.875, 81.625, 3.546736439796964e-23, nan 
98.125, 81.625, 3.826190585799672e-23, nan 
98.375, 81.625, 4.421882773600892e-23, nan 
98.625, 81.625, 3.7950972375024393e-23, nan 
98.875, 81.625, 3.3265998477199763e-23, nan 
99.125, 81.625, 4.4604381632102174e-23, nan 
99.375, 81.625, 4.7420975993979504e-23, nan 
99.625, 81.625, 4.1372911575777054e-23, nan 
99.875, 81.625, 3.9409784607254275e-23, nan 
100.125, 81.625, 5.061045088033863e-23, nan 
100.375, 81.625, 4.522533772704477e-23, nan 
100.625, 81.625, 4.771767375116452e-23, nan 
100.875, 81.625, 4.924796476924938e-23, nan 
101.125, 81.625, 4.546277981936131e-23, nan 
101.375, 81.625, 4.6982234698992986e-23, nan 
101.625, 81.625, 3.473289443306906e-23, nan 
101.875, 81.625, 4.251437773813498e-23, nan 
102.125, 81.625, 3.860229705270769e-23, nan 
102.375, 81.625, 4.0123949508257485e-23, nan 
102.625, 81.625, 3.925578098712922e-23, nan 
102.875, 81.625, 3.7311493340431595e-23, nan 
103.125, 81.625, 3.790445987162642e-23, nan 
103.375, 81.625, 3.123007919255865e-23, nan 
103.625, 81.625, 3.825451025114968e-23, nan 
103.875, 81.625, 3.3638625048035784e-23, nan 
104.125, 81.625, 3.540634065656339e-23, nan 
104.375, 81.625, 2.98318640087545e-23, nan 
104.625, 81.625, 3.057890793328448e-23, nan 
104.875, 81.625, 2.2987482615037084e-23, nan 
105.125, 81.625, 3.0073583038646454e-23, nan 
105.375, 81.625, 2.6562833018640053e-23, nan 
105.625, 81.625, 2.3522965004009026e-23, nan 
105.875, 81.625, 2.5624790921777905e-23, nan 
106.125, 81.625, 1.7782272420899567e-23, nan 
106.375, 81.625, 6.4788600588980434e-24, nan 
106.625, 81.625, 6.720585306017766e-24, nan 
106.875, 81.625, 1.0093015280795669e-23, nan 
107.125, 81.625, 1.0740529270824467e-23, nan 
107.375, 81.625, 4.946117252101823e-24, nan 
107.625, 81.625, 5.223090727085599e-24, nan 
107.875, 81.625, 5.366753072964409e-24, nan 
108.125, 81.625, 5.64731196546546e-24, nan 
108.375, 81.625, 4.598298359073615e-24, nan 
108.625, 81.625, 2.2969575908109746e-24, nan 
108.875, 81.625, 2.8877773124618888e-24, nan 
109.125, 81.625, 3.075121664748229e-24, nan 
109.375, 81.625, 6.398303927297836e-24, nan 
109.625, 81.625, 6.892351344130416e-24, nan 
109.875, 81.625, 6.719920197660832e-24, nan 
110.125, 81.625, 7.33429036121236e-24, nan 
110.375, 81.625, 6.323828978695245e-24, nan 
110.625, 81.625, 5.565618543329193e-24, nan 
110.875, 81.625, 5.857820167091254e-24, nan 
111.125, 81.625, 7.753135755755553e-24, nan 
111.375, 81.625, 6.191246688347333e-24, nan 
111.625, 81.625, 7.984986246796566e-24, nan 
111.875, 81.625, 8.093773728762362e-24, nan 
112.125, 81.625, 6.0728885464042224e-24, nan 
112.375, 81.625, 5.780386015333969e-24, nan 
112.625, 81.625, 6.06737951107016e-24, nan 
112.875, 81.625, 3.362160638162363e-24, nan 
113.125, 81.625, 4.351482620331764e-24, nan 
113.375, 81.625, 9.689646299817755e-24, nan 
113.625, 81.625, 8.50350104589534e-24, nan 
113.875, 81.625, 5.3221830515585604e-24, nan 
114.125, 81.625, 4.407545669003195e-24, nan 
114.375, 81.625, 2.7863250239999532e-24, nan 
114.625, 81.625, 2.106173807482224e-24, nan 
114.875, 81.625, 2.647277167910196e-24, nan 
115.125, 81.625, 5.089755709746098e-24, nan 
115.375, 81.625, 5.4775639991941836e-24, nan 
115.625, 81.625, 5.269372397007387e-24, nan 
115.875, 81.625, 3.8655859336528005e-24, nan 
116.125, 81.625, 1.5411095420249536e-24, nan 
116.375, 81.625, 4.976993108240239e-24, nan 
116.625, 81.625, 6.218692998009194e-24, nan 
116.875, 81.625, 7.287753635441422e-24, nan 
117.125, 81.625, 7.20611108436542e-24, nan 
117.375, 81.625, 7.471645717995916e-24, nan 
117.625, 81.625, 6.298895034961294e-24, nan 
117.875, 81.625, 5.9055165230524925e-24, nan 
118.125, 81.625, 6.343607870403241e-24, nan 
118.375, 81.625, 5.9543233678168885e-24, nan 
118.625, 81.625, 6.926740793318679e-24, nan 
118.875, 81.625, 7.132843024153858e-24, nan 
119.125, 81.625, 6.815774910326309e-24, nan 
119.375, 81.625, 5.964573926779529e-24, nan 
119.625, 81.625, 5.083778145318861e-24, nan 
119.875, 81.625, 2.622176163438214e-24, nan 
120.125, 81.625, 2.9026629590265332e-24, nan 
120.375, 81.625, 3.1389545097066646e-24, nan 
120.625, 81.625, 1.5973054691468172e-24, nan 
120.875, 81.625, 1.4992007332604403e-24, nan 
121.125, 81.625, 1.2998211548070717e-24, nan 
121.375, 81.625, 1.008905659352879e-24, nan 
121.625, 81.625, 1.400336083551583e-24, nan 
121.875, 81.625, 2.4741247422220943e-24, nan 
122.125, 81.625, 2.881084920015235e-24, nan 
122.375, 81.625, 2.1777598527075814e-24, nan 
122.625, 81.625, 4.15123705556269e-24, nan 
122.875, 81.625, 3.4252650071612334e-24, nan 
123.125, 81.625, 2.1900650086742826e-24, nan 
123.375, 81.625, 1.095604122913172e-24, nan 
123.625, 81.625, 1.3167845719351725e-24, nan 
123.875, 81.625, 9.25275663911571e-25, nan 
124.125, 81.625, 2.015595226290321e-24, nan 
124.375, 81.625, 2.985252421202643e-24, nan 
124.625, 81.625, 2.698930123665063e-24, nan 
124.875, 81.625, 2.1053433693562997e-24, nan 
125.125, 81.625, 1.4645372826340316e-24, nan 
125.375, 81.625, 1.4735168863448389e-24, nan 
125.625, 81.625, 1.5354889464198504e-24, nan 
125.875, 81.625, 1.3317633799790155e-24, nan 
126.125, 81.625, 1.1796164286687732e-24, nan 
126.375, 81.625, 1.2917419986363705e-24, nan 
126.625, 81.625, 1.2177111479367813e-24, nan 
126.875, 81.625, 1.264588095229928e-24, nan 
127.125, 81.625, 9.619825079874527e-25, nan 
127.375, 81.625, 9.889040904670031e-25, nan 
127.625, 81.625, 1.6096057438170243e-24, nan 
127.875, 81.625, 1.6834265075466658e-24, nan 
128.125, 81.625, 1.4327693898741521e-24, nan 
128.375, 81.625, 1.4867379445530808e-24, nan 
128.625, 81.625, 1.4969770934480308e-24, nan 
128.875, 81.625, 1.5289292027678117e-24, nan 
129.125, 81.625, 9.800724512546648e-25, nan 
129.375, 81.625, 1.3496028780144572e-24, nan 
129.625, 81.625, 1.2503005243046204e-24, nan 
129.875, 81.625, 1.8215445252655557e-24, nan 
130.125, 81.625, 1.7905249988968795e-24, nan 
130.375, 81.625, 1.7406789828632125e-24, nan 
130.625, 81.625, 2.296883992568608e-24, nan 
130.875, 81.625, 2.33899090880354e-24, nan 
131.125, 81.625, 1.87497886374537e-24, nan 
131.375, 81.625, 2.0435164619801867e-24, nan 
131.625, 81.625, 2.3896036549266873e-24, nan 
131.875, 81.625, 2.0467449736558864e-24, nan 
132.125, 81.625, 1.0265640650545643e-24, nan 
132.375, 81.625, 1.590391897067748e-24, nan 
132.625, 81.625, 1.7554645106922653e-24, nan 
132.875, 81.625, 1.7115923511612056e-24, nan 
133.125, 81.625, 1.3078538017021067e-24, nan 
133.375, 81.625, 2.2548492635774144e-24, nan 
133.625, 81.625, 1.830934814308842e-24, nan 
133.875, 81.625, 1.392039559151188e-24, nan 
134.125, 81.625, 1.9267362574419272e-24, nan 
134.375, 81.625, 2.585805692888496e-24, nan 
134.625, 81.625, 2.9245617253649815e-24, nan 
134.875, 81.625, 2.6866219579538115e-24, nan 
135.125, 81.625, 2.786250250597026e-24, nan 
135.375, 81.625, 3.439717904745034e-24, nan 
135.625, 81.625, 2.71046610070398e-24, nan 
135.875, 81.625, 4.34484001302092e-24, nan 
136.125, 81.625, 6.2175214538039075e-24, nan 
136.375, 81.625, 7.756157720173335e-24, nan 
136.625, 81.625, 7.940500653610555e-24, nan 
136.875, 81.625, 8.002188996682899e-24, nan 
137.125, 81.625, 9.406990585447352e-24, nan 
137.375, 81.625, 8.433938145608928e-24, nan 
137.625, 81.625, 7.204761311760062e-24, nan 
137.875, 81.625, 6.0048271340767214e-24, nan 
138.125, 81.625, 7.425443690998085e-24, nan 
138.375, 81.625, 7.855007623224647e-24, nan 
138.625, 81.625, 7.523614137300782e-24, nan 
138.875, 81.625, 8.28297897430698e-24, nan 
139.125, 81.625, 7.687858910071551e-24, nan 
139.375, 81.625, 4.461547431931277e-24, nan 
139.625, 81.625, 3.421144128137825e-24, nan 
139.875, 81.625, 2.9917927127769288e-24, nan 
140.125, 81.625, 3.0957933024307326e-24, nan 
140.375, 81.625, 3.1850774995513935e-24, nan 
140.625, 81.625, 3.442579633129328e-24, nan 
140.875, 81.625, 3.3831922890546394e-24, nan 
141.125, 81.625, 3.6638626158567426e-24, nan 
141.375, 81.625, 3.447146693343368e-24, nan 
141.625, 81.625, 3.7594829337428745e-24, nan 
141.875, 81.625, 3.711863604650111e-24, nan 
142.125, 81.625, 3.604660140844026e-24, nan 
142.375, 81.625, 3.725941804544301e-24, nan 
142.625, 81.625, 3.789273347082034e-24, nan 
142.875, 81.625, 4.2774757365621866e-24, nan 
143.125, 81.625, 4.072038662325945e-24, nan 
143.375, 81.625, 4.070456736742611e-24, nan 
143.625, 81.625, 4.877582136132676e-24, nan 
143.875, 81.625, 5.251462254302855e-24, nan 
144.125, 81.625, 4.9912736851847344e-24, nan 
144.375, 81.625, 5.155986853751799e-24, nan 
144.625, 81.625, 5.864313825994139e-24, nan 
144.875, 81.625, 5.744401108325368e-24, nan 
145.125, 81.625, 6.0822170384374234e-24, nan 
145.375, 81.625, 6.4035892602360736e-24, nan 
145.625, 81.625, 6.612630624458615e-24, nan 
145.875, 81.625, 6.638876402586763e-24, nan 
146.125, 81.625, 6.777668081099982e-24, nan 
146.375, 81.625, 6.35878119078717e-24, nan 
146.625, 81.625, 6.066842418560943e-24, nan 
146.875, 81.625, 6.342725179296181e-24, nan 
147.125, 81.625, 6.790109758434179e-24, nan 
147.375, 81.625, 6.753222431020129e-24, nan 
147.625, 81.625, 6.131528607473498e-24, nan 
147.875, 81.625, 6.708313058981082e-24, nan 
148.125, 81.625, 6.814383606526962e-24, nan 
148.375, 81.625, 6.3553113047877814e-24, nan 
148.625, 81.625, 6.806372873563996e-24, nan 
148.875, 81.625, 6.4590936457287945e-24, nan 
149.125, 81.625, 6.462204568876549e-24, nan 
149.375, 81.625, 6.4570922611598984e-24, nan 
149.625, 81.625, 6.43354546704965e-24, nan 
149.875, 81.625, 6.65482997670721e-24, nan 
150.125, 81.625, 6.761774165975382e-24, nan 
150.375, 81.625, 6.501529718240975e-24, nan 
150.625, 81.625, 6.456550419364578e-24, nan 
150.875, 81.625, 6.318215505485552e-24, nan 
151.125, 81.625, 6.2478379290654544e-24, nan 
151.375, 81.625, 6.59023902645136e-24, nan 
151.625, 81.625, 6.3347877540076094e-24, nan 
151.875, 81.625, 6.6078639101570884e-24, nan 
152.125, 81.625, 6.623340068548339e-24, nan 
152.375, 81.625, 6.86625286723609e-24, nan 
152.625, 81.625, 6.3938987239644295e-24, nan 
152.875, 81.625, 6.314132606411903e-24, nan 
153.125, 81.625, 6.626192012527359e-24, nan 
153.375, 81.625, 6.6039639524090644e-24, nan 
153.625, 81.625, 6.3406723897256445e-24, nan 
153.875, 81.625, 6.649170284727742e-24, nan 
154.125, 81.625, 6.68500094154072e-24, nan 
154.375, 81.625, 6.209801936509161e-24, nan 
154.625, 81.625, 6.217164979390786e-24, nan 
154.875, 81.625, 6.4253391859769564e-24, nan 
155.125, 81.625, 6.527630518559528e-24, nan 
155.375, 81.625, 6.1236205015855056e-24, nan 
155.625, 81.625, 6.733653319972843e-24, nan 
155.875, 81.625, 6.582709112614822e-24, nan 
156.125, 81.625, 6.151884474923481e-24, nan 
156.375, 81.625, 6.316529834978527e-24, nan 
156.625, 81.625, 6.17732367861901e-24, nan 
156.875, 81.625, 6.3339847796568866e-24, nan 
157.125, 81.625, 6.055008964913132e-24, nan 
157.375, 81.625, 5.8629364443167056e-24, nan 
157.625, 81.625, 5.906258936414458e-24, nan 
157.875, 81.625, 6.118262391304231e-24, nan 
158.125, 81.625, 6.536719997741889e-24, nan 
158.375, 81.625, 6.0502086313894654e-24, nan 
158.625, 81.625, 5.3925693188840095e-24, nan 
158.875, 81.625, 5.580091909040786e-24, nan 
159.125, 81.625, 6.06482175747861e-24, nan 
159.375, 81.625, 5.899604651602856e-24, nan 
159.625, 81.625, 5.4015466246396396e-24, nan 
159.875, 81.625, 6.175805572096115e-24, nan 
160.125, 81.625, 5.522244068263141e-24, nan 
160.375, 81.625, 4.9587620517837825e-24, nan 
160.625, 81.625, 5.664421036272536e-24, nan 
160.875, 81.625, 5.66710945378194e-24, nan 
161.125, 81.625, 4.5950708784249255e-24, nan 
161.375, 81.625, 4.696756394840272e-24, nan 
161.625, 81.625, 4.369726703686944e-24, nan 
161.875, 81.625, 4.50835979017662e-24, nan 
162.125, 81.625, 4.8044380792287564e-24, nan 
162.375, 81.625, 4.842077605600834e-24, nan 
162.625, 81.625, 4.408128113203625e-24, nan 
162.875, 81.625, 4.664078082947806e-24, nan 
163.125, 81.625, 4.787943687193884e-24, nan 
163.375, 81.625, 5.286763551818837e-24, nan 
163.625, 81.625, 4.878044704468844e-24, nan 
163.875, 81.625, 4.795267490671762e-24, nan 
164.125, 81.625, 5.029853357171406e-24, nan 
164.375, 81.625, 5.5702859296647426e-24, nan 
164.625, 81.625, 4.803222966888128e-24, nan 
164.875, 81.625, 4.8946084719606306e-24, nan 
165.125, 81.625, 5.430878518373753e-24, nan 
165.375, 81.625, 5.300578767670192e-24, nan 
165.625, 81.625, 5.432915698311366e-24, nan 
165.875, 81.625, 5.034122548208874e-24, nan 
166.125, 81.625, 5.155519768640599e-24, nan 
166.375, 81.625, 5.423925200702082e-24, nan 
166.625, 81.625, 5.111155580567888e-24, nan 
166.875, 81.625, 5.0941713672798186e-24, nan 
167.125, 81.625, 5.212504139137752e-24, nan 
167.375, 81.625, 4.928624498384493e-24, nan 
167.625, 81.625, 5.146796817219964e-24, nan 
167.875, 81.625, 4.9443563221285035e-24, nan 
168.125, 81.625, 4.660240839380617e-24, nan 
168.375, 81.625, 4.665136705577696e-24, nan 
168.625, 81.625, 5.1288420712019186e-24, nan 
168.875, 81.625, 5.1999643309377956e-24, nan 
169.125, 81.625, 4.668244749487062e-24, nan 
169.375, 81.625, 5.323900745084538e-24, nan 
169.625, 81.625, 5.488826132407586e-24, nan 
169.875, 81.625, 5.1759233101638174e-24, nan 
170.125, 81.625, 5.54074869408972e-24, nan 
170.375, 81.625, 5.446817950288931e-24, nan 
170.625, 81.625, 5.342208751137222e-24, nan 
170.875, 81.625, 5.117318120397171e-24, nan 
171.125, 81.625, 4.650552721900806e-24, nan 
171.375, 81.625, 5.0603737592268855e-24, nan 
171.625, 81.625, 4.830896011198464e-24, nan 
171.875, 81.625, 4.693134297253313e-24, nan 
172.125, 81.625, 4.883170115994048e-24, nan 
172.375, 81.625, 4.9224423450380654e-24, nan 
172.625, 81.625, 4.87004272717321e-24, nan 
172.875, 81.625, 4.7311971267029896e-24, nan 
173.125, 81.625, 4.661967595927254e-24, nan 
173.375, 81.625, 5.165333594956943e-24, nan 
173.625, 81.625, 4.9737795422192326e-24, nan 
173.875, 81.625, 6.149452795938188e-24, nan 
174.125, 81.625, 5.3938060280836506e-24, nan 
174.375, 81.625, 5.593877400767374e-24, nan 
174.625, 81.625, 5.0819453038490176e-24, nan 
174.875, 81.625, 5.082261383320058e-24, nan 
175.125, 81.625, 5.245188831536739e-24, nan 
175.375, 81.625, 5.7359972403066194e-24, nan 
175.625, 81.625, 7.944412732696943e-24, nan 
175.875, 81.625, 6.3516461392615714e-24, nan 
176.125, 81.625, 5.663337303799065e-24, nan 
176.375, 81.625, 5.952644797459047e-24, nan 
176.625, 81.625, 5.905346088327008e-24, nan 
176.875, 81.625, 5.463417077437348e-24, nan 
177.125, 81.625, 5.8189062564732194e-24, nan 
177.375, 81.625, 5.363313748391472e-24, nan 
177.625, 81.625, 5.426073712541816e-24, nan 
177.875, 81.625, 5.211596578086288e-24, nan 
178.125, 81.625, 5.320920559297109e-24, nan 
178.375, 81.625, 5.4405115196597976e-24, nan 
178.625, 81.625, 5.4472719662222916e-24, nan 
178.875, 81.625, 5.09910248413378e-24, nan 
179.125, 81.625, 5.196606708864554e-24, nan 
179.375, 81.625, 4.995147381654015e-24, nan 
179.625, 81.625, 5.030904434616019e-24, nan 
179.875, 81.625, 5.3802939283186485e-24, nan 
-179.875, 81.875, 3.909529089134748e-24, nan 
-179.625, 81.875, 3.889791793483454e-24, nan 
-179.375, 81.875, 3.776760188046109e-24, nan 
-179.125, 81.875, 4.061792938852767e-24, nan 
-178.875, 81.875, 4.0661351533612786e-24, nan 
-178.625, 81.875, 4.079954032097805e-24, nan 
-178.375, 81.875, 3.829207539573482e-24, nan 
-178.125, 81.875, 4.191222622158716e-24, nan 
-177.875, 81.875, 4.300483417837445e-24, nan 
-177.625, 81.875, 4.3673734772463805e-24, nan 
-177.375, 81.875, 3.858018272703932e-24, nan 
-177.125, 81.875, 4.221378547546513e-24, nan 
-176.875, 81.875, 4.148537001821207e-24, nan 
-176.625, 81.875, 4.280587000351757e-24, nan 
-176.375, 81.875, 4.269318808865981e-24, nan 
-176.125, 81.875, 4.364036004196625e-24, nan 
-175.875, 81.875, 4.2182568291596406e-24, nan 
-175.625, 81.875, 4.8869774157940924e-24, nan 
-175.375, 81.875, 5.056003735207162e-24, nan 
-175.125, 81.875, 5.054011517767718e-24, nan 
-174.875, 81.875, 5.103182535883288e-24, nan 
-174.625, 81.875, 5.751042130556727e-24, nan 
-174.375, 81.875, 6.681735469613707e-24, nan 
-174.125, 81.875, 6.3290358901456656e-24, nan 
-173.875, 81.875, 6.83025025203395e-24, nan 
-173.625, 81.875, 7.857187921583096e-24, nan 
-173.375, 81.875, 7.40673218496894e-24, nan 
-173.125, 81.875, 6.697538110728394e-24, nan 
-172.875, 81.875, 7.574823693196989e-24, nan 
-172.625, 81.875, 1.0337785723107976e-23, nan 
-172.375, 81.875, 9.128202451715158e-24, nan 
-172.125, 81.875, 1.0167197318243479e-23, nan 
-171.875, 81.875, 1.4202240025937015e-23, nan 
-171.625, 81.875, 1.1217812478689216e-23, nan 
-171.375, 81.875, 7.730392246760185e-24, nan 
-171.125, 81.875, 6.350704894388891e-24, nan 
-170.875, 81.875, 7.525261685371688e-24, nan 
-170.625, 81.875, 1.531584601004702e-23, nan 
-170.375, 81.875, 1.515315514063459e-23, nan 
-170.125, 81.875, 1.9090557264436693e-23, nan 
-169.875, 81.875, 2.4424672381465676e-23, nan 
-169.625, 81.875, 4.638827782855805e-23, nan 
-169.375, 81.875, 8.922456073642217e-23, nan 
-169.125, 81.875, 3.1783563098287915e-23, nan 
-168.875, 81.875, 4.635915182281765e-24, nan 
-168.625, 81.875, 4.283258549839744e-24, nan 
-168.375, 81.875, 5.2146775271530516e-24, nan 
-168.125, 81.875, 5.508316100019482e-24, nan 
-167.875, 81.875, 7.188977538822005e-24, nan 
-167.625, 81.875, 8.923547954414219e-24, nan 
-167.375, 81.875, 8.638368164387534e-24, nan 
-167.125, 81.875, 8.369376247095355e-24, nan 
-166.875, 81.875, 8.84662802952684e-24, nan 
-166.625, 81.875, 8.750418479440694e-24, nan 
-166.375, 81.875, 7.415702099861414e-24, nan 
-166.125, 81.875, 8.348356656132996e-24, nan 
-165.875, 81.875, 9.636091852592363e-24, nan 
-165.625, 81.875, 9.874149678225957e-24, nan 
-165.375, 81.875, 8.511284994437246e-24, nan 
-165.125, 81.875, 9.570009367826095e-24, nan 
-164.875, 81.875, 9.920471457454572e-24, nan 
-164.625, 81.875, 9.604639311568387e-24, nan 
-164.375, 81.875, 9.228767802892483e-24, nan 
-164.125, 81.875, 9.265859257841287e-24, nan 
-163.875, 81.875, 9.296234468110333e-24, nan 
-163.625, 81.875, 8.642755593725841e-24, nan 
-163.375, 81.875, 8.804875574859073e-24, nan 
-163.125, 81.875, 8.823861711237609e-24, nan 
-162.875, 81.875, 8.3249855008048e-24, nan 
-162.625, 81.875, 8.423801457445282e-24, nan 
-162.375, 81.875, 8.155250943661848e-24, nan 
-162.125, 81.875, 7.846753950945392e-24, nan 
-161.875, 81.875, 7.675841434970648e-24, nan 
-161.625, 81.875, 7.608837435678738e-24, nan 
-161.375, 81.875, 7.640075529160442e-24, nan 
-161.125, 81.875, 7.32082227911526e-24, nan 
-160.875, 81.875, 7.042167410621149e-24, nan 
-160.625, 81.875, 6.853388145706749e-24, nan 
-160.375, 81.875, 7.019251635290182e-24, nan 
-160.125, 81.875, 7.111579667556288e-24, nan 
-159.875, 81.875, 6.97435372259347e-24, nan 
-159.625, 81.875, 6.4693482320904285e-24, nan 
-159.375, 81.875, 6.107933954230986e-24, nan 
-159.125, 81.875, 6.1446443806939276e-24, nan 
-158.875, 81.875, 6.318081869917018e-24, nan 
-158.625, 81.875, 6.517333906412119e-24, nan 
-158.375, 81.875, 6.629795066880808e-24, nan 
-158.125, 81.875, 6.252923378508487e-24, nan 
-157.875, 81.875, 6.166905154510633e-24, nan 
-157.625, 81.875, 6.418424806079337e-24, nan 
-157.375, 81.875, 6.5785376838953384e-24, nan 
-157.125, 81.875, 6.71165563523035e-24, nan 
-156.875, 81.875, 6.499594678605119e-24, nan 
-156.625, 81.875, 6.430242919162472e-24, nan 
-156.375, 81.875, 6.848655403176704e-24, nan 
-156.125, 81.875, 6.753054445496929e-24, nan 
-155.875, 81.875, 6.73955005794171e-24, nan 
-155.625, 81.875, 6.418646678178636e-24, nan 
-155.375, 81.875, 6.566020539885513e-24, nan 
-155.125, 81.875, 6.656347968904485e-24, nan 
-154.875, 81.875, 6.91086935769768e-24, nan 
-154.625, 81.875, 6.578461914325156e-24, nan 
-154.375, 81.875, 6.798241954950676e-24, nan 
-154.125, 81.875, 6.670992574454224e-24, nan 
-153.875, 81.875, 6.6064100100697994e-24, nan 
-153.625, 81.875, 6.693118208359569e-24, nan 
-153.375, 81.875, 6.4934189358729325e-24, nan 
-153.125, 81.875, 6.460755059936334e-24, nan 
-152.875, 81.875, 6.3974572973322154e-24, nan 
-152.625, 81.875, 6.567048212165466e-24, nan 
-152.375, 81.875, 6.471439468659184e-24, nan 
-152.125, 81.875, 6.68237293443789e-24, nan 
-151.875, 81.875, 6.700345139957952e-24, nan 
-151.625, 81.875, 6.5281967279036046e-24, nan 
-151.375, 81.875, 6.344490684516573e-24, nan 
-151.125, 81.875, 6.5535026481496725e-24, nan 
-150.875, 81.875, 6.290127872179686e-24, nan 
-150.625, 81.875, 6.63954396482218e-24, nan 
-150.375, 81.875, 6.118163204820175e-24, nan 
-150.125, 81.875, 6.384927846538022e-24, nan 
-149.875, 81.875, 6.5029644634286475e-24, nan 
-149.625, 81.875, 6.409283178362027e-24, nan 
-149.375, 81.875, 6.0693185901154934e-24, nan 
-149.125, 81.875, 6.408871005492019e-24, nan 
-148.875, 81.875, 5.932928851353861e-24, nan 
-148.625, 81.875, 5.955566966380944e-24, nan 
-148.375, 81.875, 5.9855336654983536e-24, nan 
-148.125, 81.875, 6.04173845730735e-24, nan 
-147.875, 81.875, 6.2778619056426524e-24, nan 
-147.625, 81.875, 5.704147850178838e-24, nan 
-147.375, 81.875, 5.5504886872277264e-24, nan 
-147.125, 81.875, 5.499747568034936e-24, nan 
-146.875, 81.875, 5.6830185100692895e-24, nan 
-146.625, 81.875, 5.386120454723865e-24, nan 
-146.375, 81.875, 5.694253668833889e-24, nan 
-146.125, 81.875, 5.546712897507097e-24, nan 
-145.875, 81.875, 5.6886103002120854e-24, nan 
-145.625, 81.875, 5.439210304336758e-24, nan 
-145.375, 81.875, 5.234685316100143e-24, nan 
-145.125, 81.875, 5.704821173898227e-24, nan 
-144.875, 81.875, 5.8358477550471675e-24, nan 
-144.625, 81.875, 5.430687809579781e-24, nan 
-144.375, 81.875, 5.1518702385805405e-24, nan 
-144.125, 81.875, 5.404956804796316e-24, nan 
-143.875, 81.875, 6.0441355017209756e-24, nan 
-143.625, 81.875, 5.409788189614098e-24, nan 
-143.375, 81.875, 5.071066220325966e-24, nan 
-143.125, 81.875, 5.5998911330658304e-24, nan 
-142.875, 81.875, 6.250661273502745e-24, nan 
-142.625, 81.875, 5.47051298182876e-24, nan 
-142.375, 81.875, 5.511250615777351e-24, nan 
-142.125, 81.875, 5.9778454243439755e-24, nan 
-141.875, 81.875, 5.8970007883852264e-24, nan 
-141.625, 81.875, 5.682766472030417e-24, nan 
-141.375, 81.875, 5.66553021479039e-24, nan 
-141.125, 81.875, 6.169716625505626e-24, nan 
-140.875, 81.875, 6.1023389321331916e-24, nan 
-140.625, 81.875, 6.023278105095384e-24, nan 
-140.375, 81.875, 6.188610122418897e-24, nan 
-140.125, 81.875, 6.121979192992686e-24, nan 
-139.875, 81.875, 6.272869316346357e-24, nan 
-139.625, 81.875, 6.521631573866135e-24, nan 
-139.375, 81.875, 6.819279530563547e-24, nan 
-139.125, 81.875, 6.451587418046684e-24, nan 
-138.875, 81.875, 6.010281619354931e-24, nan 
-138.625, 81.875, 6.526876460971172e-24, nan 
-138.375, 81.875, 6.599494420679696e-24, nan 
-138.125, 81.875, 6.4657743347566216e-24, nan 
-137.875, 81.875, 6.714640343480842e-24, nan 
-137.625, 81.875, 6.746978295446568e-24, nan 
-137.375, 81.875, 6.968570742667697e-24, nan 
-137.125, 81.875, 7.44293565705804e-24, nan 
-136.875, 81.875, 7.640694701387363e-24, nan 
-136.625, 81.875, 7.760566199267949e-24, nan 
-136.375, 81.875, 8.485137109815164e-24, nan 
-136.125, 81.875, 1.0563541257080914e-23, nan 
-135.875, 81.875, 1.0939218491133139e-23, nan 
-135.625, 81.875, 1.0444078562317706e-23, nan 
-135.375, 81.875, 9.933849609068126e-24, nan 
-135.125, 81.875, 1.060750949278557e-23, nan 
-134.875, 81.875, 9.6652594426481e-24, nan 
-134.625, 81.875, 1.0937374132736415e-23, nan 
-134.375, 81.875, 1.2592380379848001e-23, nan 
-134.125, 81.875, 1.3252934320707174e-23, nan 
-133.875, 81.875, 1.432367339771029e-23, nan 
-133.625, 81.875, 1.3657629814699015e-23, nan 
-133.375, 81.875, 1.1605149277091165e-23, nan 
-133.125, 81.875, 1.111560226434324e-23, nan 
-132.875, 81.875, 1.2282070550930589e-23, nan 
-132.625, 81.875, 1.162190811794743e-23, nan 
-132.375, 81.875, 1.3890796689579756e-23, nan 
-132.125, 81.875, 2.880547685558097e-23, nan 
-131.875, 81.875, 3.0174880344427945e-23, nan 
-131.625, 81.875, 3.224527031746237e-23, nan 
-131.375, 81.875, 3.301540260274971e-23, nan 
-131.125, 81.875, 3.3298446125900553e-23, nan 
-130.875, 81.875, 4.569840036786607e-23, nan 
-130.625, 81.875, 5.871288130659561e-23, nan 
-130.375, 81.875, 6.652696119685227e-23, nan 
-130.125, 81.875, 5.526716421732148e-23, nan 
-129.875, 81.875, 5.879656158656754e-23, nan 
-129.625, 81.875, 7.89710026765289e-23, nan 
-129.375, 81.875, 8.058264900206786e-23, nan 
-129.125, 81.875, 6.682266611669499e-23, nan 
-128.875, 81.875, 6.391956608632027e-23, nan 
-128.625, 81.875, 7.321023577569284e-23, nan 
-128.375, 81.875, 7.108207619517245e-23, nan 
-128.125, 81.875, 7.262084044837771e-23, nan 
-127.875, 81.875, 8.594562254175318e-23, nan 
-127.625, 81.875, 8.708575105406194e-23, nan 
-127.375, 81.875, 8.462163786313168e-23, nan 
-127.125, 81.875, 7.900751314207789e-23, nan 
-126.875, 81.875, 7.338407293716539e-23, nan 
-126.625, 81.875, 3.4764278876509535e-23, nan 
-126.375, 81.875, 2.660598636380585e-23, nan 
-126.125, 81.875, 2.6322831318629867e-23, nan 
-125.875, 81.875, 2.889517632251979e-23, nan 
-125.625, 81.875, 3.17888559965993e-23, nan 
-125.375, 81.875, 2.886201919509847e-23, nan 
-125.125, 81.875, 2.831457668625954e-23, nan 
-124.875, 81.875, 2.9822662028629175e-23, nan 
-124.625, 81.875, 2.854979938957219e-23, nan 
-124.375, 81.875, 3.0860930356563426e-23, nan 
-124.125, 81.875, 3.537134905442694e-23, nan 
-123.875, 81.875, 3.877661278354247e-23, nan 
-123.625, 81.875, 4.242971753736832e-23, nan 
-123.375, 81.875, 4.887545194154175e-23, nan 
-123.125, 81.875, 6.357564087007646e-23, nan 
-122.875, 81.875, 6.74759299870722e-23, nan 
-122.625, 81.875, 7.102354710336307e-23, nan 
-122.375, 81.875, 7.481367646716944e-23, nan 
-122.125, 81.875, 8.67165017575172e-23, nan 
-121.875, 81.875, 1.0481187725564167e-22, nan 
-121.625, 81.875, 1.100147165049243e-22, nan 
-121.375, 81.875, 1.061417895752129e-22, nan 
-121.125, 81.875, 9.418825952734692e-23, nan 
-120.875, 81.875, 1.4606317810255313e-22, nan 
-120.625, 81.875, 1.9642664138897475e-22, nan 
-120.375, 81.875, 2.1144543168478877e-22, nan 
-120.125, 81.875, 2.3107248978921265e-22, nan 
-119.875, 81.875, 2.4338731523335364e-22, nan 
-119.625, 81.875, 2.3928153312921766e-22, nan 
-119.375, 81.875, 2.1594680833067495e-22, nan 
-119.125, 81.875, 1.806666175717698e-22, nan 
-118.875, 81.875, 2.1199215390179616e-22, nan 
-118.625, 81.875, 2.0969633629055966e-22, nan 
-118.375, 81.875, 1.3739979988115416e-22, nan 
-118.125, 81.875, 9.329529896522045e-23, nan 
-117.875, 81.875, 1.0083041133405832e-22, nan 
-117.625, 81.875, 9.890892249815777e-23, nan 
-117.375, 81.875, 1.51133353195562e-22, nan 
-117.125, 81.875, 1.514319211810375e-22, nan 
-116.875, 81.875, 1.4014923955607317e-22, nan 
-116.625, 81.875, 1.4882634290740057e-22, nan 
-116.375, 81.875, 2.7108093653777057e-22, nan 
-116.125, 81.875, 2.734341461668138e-22, nan 
-115.875, 81.875, 2.782824584368474e-22, nan 
-115.625, 81.875, 2.729341732407377e-22, nan 
-115.375, 81.875, 2.857747858954915e-22, nan 
-115.125, 81.875, 2.0037137634386446e-22, nan 
-114.875, 81.875, 1.8527065048546429e-22, nan 
-114.625, 81.875, 1.5721100357161526e-22, nan 
-114.375, 81.875, 1.4211518032692562e-22, nan 
-114.125, 81.875, 1.2636008027001366e-22, nan 
-113.875, 81.875, 1.3184289256639487e-22, nan 
-113.625, 81.875, 1.3328212700606948e-22, nan 
-113.375, 81.875, 1.3540887194014284e-22, nan 
-113.125, 81.875, 1.6724881583789356e-22, nan 
-112.875, 81.875, 1.8137344001479042e-22, nan 
-112.625, 81.875, 1.8228632802757643e-22, nan 
-112.375, 81.875, 1.677324234537351e-22, nan 
-112.125, 81.875, 1.5676443077544667e-22, nan 
-111.875, 81.875, 1.2479151876836592e-22, nan 
-111.625, 81.875, 1.1173056905797975e-22, nan 
-111.375, 81.875, 1.4253446024392788e-22, nan 
-111.125, 81.875, 1.587833740785653e-22, nan 
-110.875, 81.875, 1.5642356814810136e-22, nan 
-110.625, 81.875, 1.4497250549846543e-22, nan 
-110.375, 81.875, 1.357211241616088e-22, nan 
-110.125, 81.875, 1.0082597347033757e-22, nan 
-109.875, 81.875, 8.869872579107166e-23, nan 
-109.625, 81.875, 5.800298274377935e-23, nan 
-109.375, 81.875, 6.086705974914648e-23, nan 
-109.125, 81.875, 6.147626312262845e-23, nan 
-108.875, 81.875, 6.203336620423237e-23, nan 
-108.625, 81.875, 5.742969987454511e-23, nan 
-108.375, 81.875, 5.830482247138795e-23, nan 
-108.125, 81.875, 5.336978263889051e-23, nan 
-107.875, 81.875, 7.118735935667854e-23, nan 
-107.625, 81.875, 6.983539669993275e-23, nan 
-107.375, 81.875, 6.413390553470128e-23, nan 
-107.125, 81.875, 6.906224851766814e-23, nan 
-106.875, 81.875, 8.85966545801085e-23, nan 
-106.625, 81.875, 8.714562539672106e-23, nan 
-106.375, 81.875, 8.4304844749565e-23, nan 
-106.125, 81.875, 9.959305074330753e-23, nan 
-105.875, 81.875, 1.1067660288133827e-22, nan 
-105.625, 81.875, 1.252956027198942e-22, nan 
-105.375, 81.875, 1.2030480142505823e-22, nan 
-105.125, 81.875, 1.4053408373490166e-22, nan 
-104.875, 81.875, 2.121138746227432e-22, nan 
-104.625, 81.875, 2.2310041155579813e-22, nan 
-104.375, 81.875, 1.955838961330448e-22, nan 
-104.125, 81.875, 1.863369929880715e-22, nan 
-103.875, 81.875, 1.7294301964750164e-22, nan 
-103.625, 81.875, 1.4960604796485313e-22, nan 
-103.375, 81.875, 1.4416791145016257e-22, nan 
-103.125, 81.875, 1.5399514195740564e-22, nan 
-102.875, 81.875, 1.5832049885893464e-22, nan 
-102.625, 81.875, 1.545986979596775e-22, nan 
-102.375, 81.875, 1.8335218046887208e-22, nan 
-102.125, 81.875, 1.7020045396760592e-22, nan 
-101.875, 81.875, 2.0698875351476915e-22, nan 
-101.625, 81.875, 2.1292775410146333e-22, nan 
-101.375, 81.875, 1.9288327302178328e-22, nan 
-101.125, 81.875, 1.9320097754758013e-22, nan 
-100.875, 81.875, 2.15216205989845e-22, nan 
-100.625, 81.875, 1.7766549819004172e-22, nan 
-100.375, 81.875, 1.6437060446864004e-22, nan 
-100.125, 81.875, 1.7130406829910348e-22, nan 
-99.875, 81.875, 1.73531968275717e-22, nan 
-99.625, 81.875, 1.389617315193878e-22, nan 
-99.375, 81.875, 1.250497322338473e-22, nan 
-99.125, 81.875, 1.3447552407229858e-22, nan 
-98.875, 81.875, 1.5225049642920369e-22, nan 
-98.625, 81.875, 1.4929929224594178e-22, nan 
-98.375, 81.875, 1.338069088841028e-22, nan 
-98.125, 81.875, 1.321691795248431e-22, nan 
-97.875, 81.875, 1.0740397108001286e-22, nan 
-97.625, 81.875, 1.3054610497070175e-22, nan 
-97.375, 81.875, 1.0958462628011843e-22, nan 
-97.125, 81.875, 1.4014442172099242e-22, nan 
-96.875, 81.875, 1.5414561528200788e-22, nan 
-96.625, 81.875, 1.5280296632937804e-22, nan 
-96.375, 81.875, 1.571728460397131e-22, nan 
-96.125, 81.875, 1.6418432019897513e-22, nan 
-95.875, 81.875, 1.983199697388263e-22, nan 
-95.625, 81.875, 1.7807141549579885e-22, nan 
-95.375, 81.875, 2.0673558496549965e-22, nan 
-95.125, 81.875, 2.0038132250488773e-22, nan 
-94.875, 81.875, 2.218859727891399e-22, nan 
-94.625, 81.875, 2.3726098856825585e-22, nan 
-94.375, 81.875, 2.5094867054281758e-22, nan 
-94.125, 81.875, 3.184757097665765e-22, nan 
-93.875, 81.875, 5.376771302674551e-22, nan 
-93.625, 81.875, 6.703126492992688e-22, nan 
-93.375, 81.875, 6.650276303442525e-22, nan 
-93.125, 81.875, 5.648576772496481e-22, nan 
-92.875, 81.875, 4.76676129602719e-22, nan 
-92.625, 81.875, 5.597496601560033e-22, nan 
-92.375, 81.875, 5.19122057634986e-22, nan 
-92.125, 81.875, 1.2655796259271506e-21, nan 
-91.875, 81.875, 1.1985758285822584e-21, nan 
-91.625, 81.875, 1.020679549642158e-21, nan 
-91.375, 81.875, 1.2238934812415793e-21, nan 
-91.125, 81.875, 5.217175813660416e-22, nan 
-90.875, 81.875, 5.001317452505562e-22, nan 
-90.625, 81.875, 4.613527847205929e-22, nan 
-90.375, 81.875, 4.500948780808965e-22, nan 
-90.125, 81.875, 6.258326282055586e-22, nan 
-89.875, 81.875, 1.309524320291155e-21, nan 
-89.625, 81.875, 8.435365273547005e-22, nan 
-89.375, 81.875, 6.741339457704555e-22, nan 
-89.125, 81.875, 1.4215994041281427e-21, nan 
-88.875, 81.875, 1.508705121052503e-21, nan 
-88.625, 81.875, 1.6135112675799214e-21, nan 
-88.375, 81.875, 1.5432099929231597e-21, nan 
-88.125, 81.875, 1.9565478814292942e-21, nan 
-87.875, 81.875, 2.0485576396327686e-21, nan 
-87.625, 81.875, 2.323217227880803e-21, nan 
-87.375, 81.875, 5.491118336499085e-22, nan 
-87.125, 81.875, 6.293264910430902e-22, nan 
-86.875, 81.875, 5.5707449155779565e-22, nan 
-86.625, 81.875, 5.957306084427777e-22, nan 
-86.375, 81.875, 5.635707941461134e-22, nan 
-86.125, 81.875, 5.972475280040485e-22, nan 
-85.875, 81.875, 6.488238703033895e-22, nan 
-85.625, 81.875, 5.94889461233463e-22, nan 
-85.375, 81.875, 5.777652209622688e-22, nan 
-85.125, 81.875, 4.858795839817162e-22, nan 
-84.875, 81.875, 1.5265580169576957e-21, nan 
-84.625, 81.875, 3.34935710228667e-21, nan 
-84.375, 81.875, 4.215312598948495e-21, nan 
-84.125, 81.875, 4.271001140276085e-21, nan 
-83.875, 81.875, 4.5685723385145925e-21, nan 
-83.625, 81.875, 5.183717224916686e-21, nan 
-83.375, 81.875, 4.876238065259847e-21, nan 
-83.125, 81.875, 5.104782568933883e-21, nan 
-82.875, 81.875, 4.883484337201317e-21, nan 
-82.625, 81.875, 4.051076585538987e-21, nan 
-82.375, 81.875, 4.076285436998567e-21, nan 
-82.125, 81.875, 5.4431963239451106e-21, nan 
-81.875, 81.875, 5.572341775369168e-21, nan 
-81.625, 81.875, 5.219201280818553e-21, nan 
-81.375, 81.875, 5.145180402078894e-21, nan 
-81.125, 81.875, 4.247613394261953e-21, nan 
-80.875, 81.875, 1.837171070646631e-21, nan 
-80.625, 81.875, 1.4940924167417386e-21, nan 
-80.375, 81.875, 8.482693163831264e-22, nan 
-80.125, 81.875, 1.1129799096211932e-21, nan 
-79.875, 81.875, 1.1279441419865064e-21, nan 
-79.625, 81.875, 1.1231420591278423e-21, nan 
-79.375, 81.875, 1.0054980725999478e-21, nan 
-79.125, 81.875, 1.4167569837613443e-21, nan 
-78.875, 81.875, 1.9397720268664625e-21, nan 
-78.625, 81.875, 2.1090010560437336e-21, nan 
-78.375, 81.875, 2.3259987269945813e-21, nan 
-78.125, 81.875, 2.619996332529832e-21, nan 
-77.875, 81.875, 2.682998305568324e-21, nan 
-77.625, 81.875, 2.6142977316499132e-21, nan 
-77.375, 81.875, 2.9543471406020414e-21, nan 
-77.125, 81.875, 2.961089896807285e-21, nan 
-76.875, 81.875, 2.804541937461745e-21, nan 
-76.625, 81.875, 2.711918372633425e-21, nan 
-76.375, 81.875, 2.6868685186187353e-21, nan 
-76.125, 81.875, 2.8383930724225807e-21, nan 
-75.875, 81.875, 2.9449794896465857e-21, nan 
-75.625, 81.875, 2.8610898374306032e-21, nan 
-75.375, 81.875, 2.8990595603643393e-21, nan 
-75.125, 81.875, 3.518832124771721e-21, nan 
-74.875, 81.875, 4.295389545934565e-21, nan 
-74.625, 81.875, 5.1969149076795685e-21, nan 
-74.375, 81.875, 5.807874291210305e-21, nan 
-74.125, 81.875, 5.7538750423243795e-21, nan 
-73.875, 81.875, 5.5153589343457344e-21, nan 
-73.625, 81.875, 5.066627987011488e-21, nan 
-73.375, 81.875, 4.587379478426339e-21, nan 
-73.125, 81.875, 4.811484221036183e-21, nan 
-72.875, 81.875, 8.026500351492403e-21, nan 
-72.625, 81.875, 1.0723745735044476e-20, nan 
-72.375, 81.875, 1.1552071452113686e-20, nan 
-72.125, 81.875, 1.1926563723177825e-20, nan 
-71.875, 81.875, 1.1554767527796728e-20, nan 
-71.625, 81.875, 1.0622665097144393e-20, nan 
-71.375, 81.875, 8.590114024823551e-21, nan 
-71.125, 81.875, 1.0983149014457924e-20, nan 
-70.875, 81.875, 1.3384383984026653e-20, nan 
-70.625, 81.875, 1.2700749088210697e-20, nan 
-70.375, 81.875, 1.2354289362065496e-20, nan 
-70.125, 81.875, 1.2337781105089961e-20, nan 
-69.875, 81.875, 1.1763361910616579e-20, nan 
-69.625, 81.875, 8.387567276542885e-21, nan 
-69.375, 81.875, 3.857762928367028e-21, nan 
-69.125, 81.875, 1.4562830590520228e-21, nan 
-68.875, 81.875, 1.1680241211651902e-21, nan 
-68.625, 81.875, 1.114922988060287e-21, nan 
-68.375, 81.875, 1.0952824755626813e-21, nan 
-68.125, 81.875, 8.99118382229943e-22, nan 
-67.875, 81.875, 7.53114407168961e-22, nan 
-67.625, 81.875, 6.816540780382837e-22, nan 
-67.375, 81.875, 9.078299080547392e-22, nan 
-67.125, 81.875, 8.221318058920233e-22, nan 
-66.875, 81.875, 9.11989014701117e-22, nan 
-66.625, 81.875, 9.06006506594821e-22, nan 
-66.375, 81.875, 8.622004788459527e-22, nan 
-66.125, 81.875, 6.375821035909813e-22, nan 
-65.875, 81.875, 1.0838802676904645e-21, nan 
-65.625, 81.875, 7.150846539724224e-22, nan 
-65.375, 81.875, 6.906221800200739e-22, nan 
-65.125, 81.875, 1.0196566858648947e-21, nan 
-64.875, 81.875, 1.1197006188533301e-21, nan 
-64.625, 81.875, 1.6904370006789882e-21, nan 
-64.375, 81.875, 1.6249868968157573e-21, nan 
-64.125, 81.875, 2.1574574821807988e-21, nan 
-63.875, 81.875, 2.5811296539836263e-21, nan 
-63.625, 81.875, 2.8243261830678792e-21, nan 
-63.375, 81.875, 2.8996936346835495e-21, nan 
-63.125, 81.875, 3.433357054805309e-21, nan 
-62.875, 81.875, 3.570865957354068e-21, nan 
-62.625, 81.875, 3.6954853901021524e-21, nan 
-62.375, 81.875, 3.07256306516855e-21, nan 
-62.125, 81.875, 3.921950665234631e-21, nan 
-61.875, 81.875, 4.464762150915906e-21, nan 
-61.625, 81.875, 4.857182910667592e-21, nan 
-61.375, 81.875, 5.902455150717839e-21, nan 
-61.125, 81.875, 6.680560389236637e-21, nan 
-60.875, 81.875, 1.0019327312212218e-20, nan 
-60.625, 81.875, 1.099565891831458e-20, nan 
-60.375, 81.875, 1.281850028975049e-20, nan 
-60.125, 81.875, 1.594524614905524e-20, nan 
-59.875, 81.875, 2.1817903359635185e-20, nan 
-59.625, 81.875, 2.2801568431747674e-20, nan 
-59.375, 81.875, 2.0428860592730215e-20, nan 
-59.125, 81.875, 1.713365499728388e-20, nan 
-58.875, 81.875, 2.1538036067230638e-20, nan 
-58.625, 81.875, 2.2875140034260918e-20, nan 
-58.375, 81.875, 2.229977154050251e-20, nan 
-58.125, 81.875, 2.686628566573392e-20, nan 
-57.875, 81.875, 2.755226295952533e-20, nan 
-57.625, 81.875, 2.407013336662394e-20, nan 
-57.375, 81.875, 1.7824235427926923e-20, nan 
-57.125, 81.875, 1.6963330631099364e-20, nan 
-56.875, 81.875, 1.6277863412350013e-20, nan 
-56.625, 81.875, 1.2813650233471335e-20, nan 
-56.375, 81.875, 5.3295701057494804e-21, nan 
-56.125, 81.875, 4.665105436447694e-21, nan 
-55.875, 81.875, 5.860992977108285e-21, nan 
-55.625, 81.875, 6.649220409567366e-21, nan 
-55.375, 81.875, 6.553989315733457e-21, nan 
-55.125, 81.875, 4.968068575765889e-21, nan 
-54.875, 81.875, 4.8810944695168284e-21, nan 
-54.625, 81.875, 5.2554539529306775e-21, nan 
-54.375, 81.875, 4.952096118492592e-21, nan 
-54.125, 81.875, 3.474205218222101e-21, nan 
-53.875, 81.875, 3.1595539325269966e-21, nan 
-53.625, 81.875, 2.9899624355445636e-21, nan 
-53.375, 81.875, 3.3470945205344294e-21, nan 
-53.125, 81.875, 4.114936842979532e-21, nan 
-52.875, 81.875, 4.577234153989987e-21, nan 
-52.625, 81.875, 4.326089397141365e-21, nan 
-52.375, 81.875, 3.340213287956644e-21, nan 
-52.125, 81.875, 3.053119373782764e-21, nan 
-51.875, 81.875, 3.1982076146105963e-21, nan 
-51.625, 81.875, 3.572023924477718e-21, nan 
-51.375, 81.875, 2.649669353619622e-21, nan 
-51.125, 81.875, 3.6073992757710825e-21, nan 
-50.875, 81.875, 4.8261810827728496e-21, nan 
-50.625, 81.875, 5.18527502507725e-21, nan 
-50.375, 81.875, 5.644869824521746e-21, nan 
-50.125, 81.875, 5.6328953961913614e-21, nan 
-49.875, 81.875, 5.30664940188563e-21, nan 
-49.625, 81.875, 5.276030044536705e-21, nan 
-49.375, 81.875, 5.3696526264487075e-21, nan 
-49.125, 81.875, 6.414719988194698e-21, nan 
-48.875, 81.875, 6.0309517858050486e-21, nan 
-48.625, 81.875, 6.645481173870488e-21, nan 
-48.375, 81.875, 6.579254957588406e-21, nan 
-48.125, 81.875, 4.746008201192226e-21, nan 
-47.875, 81.875, 8.855310449601742e-21, nan 
-47.625, 81.875, 1.3107148918107221e-20, nan 
-47.375, 81.875, 1.562280523811562e-20, nan 
-47.125, 81.875, 1.8957814983728207e-20, nan 
-46.875, 81.875, 2.0193878766504914e-20, nan 
-46.625, 81.875, 2.685721537461802e-20, nan 
-46.375, 81.875, 3.790058233826331e-20, nan 
-46.125, 81.875, 3.966491527215815e-20, nan 
-45.875, 81.875, 3.990421506214068e-20, nan 
-45.625, 81.875, 4.266539659116141e-20, nan 
-45.375, 81.875, 4.5008733041146046e-20, nan 
-45.125, 81.875, 4.733031283583869e-20, nan 
-44.875, 81.875, 4.62992565763644e-20, nan 
-44.625, 81.875, 5.287184507877347e-20, nan 
-44.375, 81.875, 5.149342928408133e-20, nan 
-44.125, 81.875, 4.8914143146279305e-20, nan 
-43.875, 81.875, 5.112285581993154e-20, nan 
-43.625, 81.875, 5.05022105639801e-20, nan 
-43.375, 81.875, 5.050992828092955e-20, nan 
-43.125, 81.875, 4.174343214587933e-20, nan 
-42.875, 81.875, 3.2939414246147185e-20, nan 
-42.625, 81.875, 2.782560591324392e-20, nan 
-42.375, 81.875, 2.2529936229133473e-20, nan 
-42.125, 81.875, 2.980159297673946e-20, nan 
-41.875, 81.875, 2.768965383882292e-20, nan 
-41.625, 81.875, 2.949780502065413e-20, nan 
-41.375, 81.875, 3.247638912940511e-20, nan 
-41.125, 81.875, 3.8136577834560755e-20, nan 
-40.875, 81.875, 3.993587297165982e-20, nan 
-40.625, 81.875, 5.33625601272481e-20, nan 
-40.375, 81.875, 7.215787082036998e-20, nan 
-40.125, 81.875, 4.7713645983122384e-20, nan 
-39.875, 81.875, 5.42688970384335e-20, nan 
-39.625, 81.875, 5.674471766999098e-20, nan 
-39.375, 81.875, 3.4000957311763664e-20, nan 
-39.125, 81.875, 4.130413019756336e-20, nan 
-38.875, 81.875, 5.787270397612962e-20, nan 
-38.625, 81.875, 7.048928791072122e-20, nan 
-38.375, 81.875, 4.895813638270754e-20, nan 
-38.125, 81.875, 2.5003168440944282e-20, nan 
-37.875, 81.875, 3.2688429351749755e-20, nan 
-37.625, 81.875, 3.147228891692114e-20, nan 
-37.375, 81.875, 3.1961687406239954e-20, nan 
-37.125, 81.875, 4.4182342148707064e-20, nan 
-36.875, 81.875, 7.097040009305623e-20, nan 
-36.625, 81.875, 7.30451542811938e-20, nan 
-36.375, 81.875, 5.587950496342752e-20, nan 
-36.125, 81.875, 4.353144099071392e-20, nan 
-35.875, 81.875, 3.8347324462761596e-20, nan 
-35.625, 81.875, 3.5631483148547875e-20, nan 
-35.375, 81.875, 3.989649599067103e-20, nan 
-35.125, 81.875, 7.651550337754887e-20, nan 
-34.875, 81.875, 8.349670565259003e-20, nan 
-34.625, 81.875, 6.206189051898915e-20, nan 
-34.375, 81.875, 2.430825446290641e-20, nan 
-34.125, 81.875, 3.859573131460237e-20, nan 
-33.875, 81.875, 4.3017333018300594e-20, nan 
-33.625, 81.875, 5.212634010601881e-20, nan 
-33.375, 81.875, 5.34404464230248e-20, nan 
-33.125, 81.875, 1.0446985305022369e-19, nan 
-32.875, 81.875, 1.3036905295812724e-19, nan 
-32.625, 81.875, 9.380112727655687e-20, nan 
-32.375, 81.875, 6.545015067618589e-20, nan 
-32.125, 81.875, 5.591004812345608e-20, nan 
-31.875, 81.875, 4.932178453320807e-20, nan 
-31.625, 81.875, 6.100621035797266e-20, nan 
-31.375, 81.875, 9.469762160846045e-20, nan 
-31.125, 81.875, 1.030068392643489e-19, nan 
-30.875, 81.875, 5.4118237673091253e-20, nan 
-30.625, 81.875, 2.771479364285465e-20, nan 
-30.375, 81.875, 3.3614748804632176e-20, nan 
-30.125, 81.875, 3.779505444427223e-20, nan 
-29.875, 81.875, 2.9284201928624024e-20, nan 
-29.625, 81.875, 2.667382157961543e-20, nan 
-29.375, 81.875, 3.5668063036202805e-20, nan 
-29.125, 81.875, 4.418279629802681e-20, nan 
-28.875, 81.875, 4.558102260037681e-20, nan 
-28.625, 81.875, 3.678433444361329e-20, nan 
-28.375, 81.875, 3.263811851799317e-20, nan 
-28.125, 81.875, 3.60996103105911e-20, nan 
-27.875, 81.875, 2.926044202172571e-20, nan 
-27.625, 81.875, 3.7564213922141816e-20, nan 
-27.375, 81.875, 3.7671461250579893e-20, nan 
-27.125, 81.875, 5.189307621155214e-20, nan 
-26.875, 81.875, 8.323728803577121e-20, nan 
-26.625, 81.875, 8.934449468207342e-20, nan 
-26.375, 81.875, 9.465902627043694e-20, nan 
-26.125, 81.875, 1.1537880148290536e-19, nan 
-25.875, 81.875, 9.87963279836581e-20, nan 
-25.625, 81.875, 5.067350916633847e-20, nan 
-25.375, 81.875, 5.961765031072312e-20, nan 
-25.125, 81.875, 7.800143715980129e-20, nan 
-24.875, 81.875, 8.094172814323672e-20, nan 
-24.625, 81.875, 5.149009226274918e-20, nan 
-24.375, 81.875, 5.815951619462336e-20, nan 
-24.125, 81.875, 6.15430613624408e-20, nan 
-23.875, 81.875, 4.646484269658867e-20, nan 
-23.625, 81.875, 5.331749809024947e-20, nan 
-23.375, 81.875, 7.243389149204057e-20, nan 
-23.125, 81.875, 3.276584499186112e-20, nan 
-22.875, 81.875, 2.9050216378894114e-20, nan 
-22.625, 81.875, 4.666487018456235e-20, nan 
-22.375, 81.875, 3.927444375156143e-20, nan 
-22.125, 81.875, 4.789932910136506e-20, nan 
-21.875, 81.875, 9.336774014795781e-20, nan 
-21.625, 81.875, 1.4002553049401362e-19, nan 
-21.375, 81.875, 9.218306069508288e-20, nan 
-21.125, 81.875, 1.0372333641495455e-19, nan 
-20.875, 81.875, 6.973015047416689e-20, nan 
-20.625, 81.875, 5.0343636236307004e-20, nan 
-20.375, 81.875, 5.081934978827916e-20, nan 
-20.125, 81.875, 7.77253765742546e-20, nan 
-19.875, 81.875, 1.0509916507071165e-19, nan 
-19.625, 81.875, 5.857374047531734e-20, nan 
-19.375, 81.875, 3.7623264315152603e-20, nan 
-19.125, 81.875, 2.539242634885592e-20, nan 
-18.875, 81.875, 2.412724009342602e-20, nan 
-18.625, 81.875, 2.2573838057975037e-20, nan 
-18.375, 81.875, 2.5597580194881027e-20, nan 
-18.125, 81.875, 2.5251484891121452e-20, nan 
-17.875, 81.875, 3.1611931034154397e-20, nan 
-17.625, 81.875, 4.806353595913773e-20, nan 
-17.375, 81.875, 4.1418969843398973e-20, nan 
-17.125, 81.875, 1.6485066166358816e-20, nan 
-16.875, 81.875, 2.0566249369574673e-20, nan 
-16.625, 81.875, 3.217917162243383e-20, nan 
-16.375, 81.875, 4.23326389074646e-20, nan 
-16.125, 81.875, 6.839394445779917e-20, nan 
-15.875, 81.875, 1.068336725742318e-19, nan 
-15.625, 81.875, 1.0921303625028908e-19, nan 
-15.375, 81.875, 6.156018864871536e-20, nan 
-15.125, 81.875, 3.6473348169900116e-20, nan 
-14.875, 81.875, 3.66949184816821e-20, nan 
-14.625, 81.875, 4.305755366174228e-20, nan 
-14.375, 81.875, 6.118808923096337e-20, nan 
-14.125, 81.875, 8.279574652998734e-20, nan 
-13.875, 81.875, 8.054768847871501e-20, nan 
-13.625, 81.875, 4.8195233484539335e-20, nan 
-13.375, 81.875, 3.3702398203984066e-20, nan 
-13.125, 81.875, 2.7888217411185987e-20, nan 
-12.875, 81.875, 2.322268687115154e-20, nan 
-12.625, 81.875, 2.0323773290388793e-20, nan 
-12.375, 81.875, 1.722126320617716e-20, nan 
-12.125, 81.875, 2.0288872231419025e-20, nan 
-11.875, 81.875, 1.9911452261916976e-20, nan 
-11.625, 81.875, 2.059722075891984e-20, nan 
-11.375, 81.875, 2.1668520047496943e-20, nan 
-11.125, 81.875, 1.7726629129859703e-20, nan 
-10.875, 81.875, 1.544608117537633e-20, nan 
-10.625, 81.875, 1.5814458556835845e-20, nan 
-10.375, 81.875, 1.9515776460528722e-20, nan 
-10.125, 81.875, 2.2683121623127703e-20, nan 
-9.875, 81.875, 1.4717868221683588e-20, nan 
-9.625, 81.875, 1.8088087580505586e-20, nan 
-9.375, 81.875, 2.0705433402949598e-20, nan 
-9.125, 81.875, 2.4850593516169297e-20, nan 
-8.875, 81.875, 2.2890561215067186e-20, nan 
-8.625, 81.875, 2.078332748272407e-20, nan 
-8.375, 81.875, 1.8620130297514265e-20, nan 
-8.125, 81.875, 1.674777075069545e-20, nan 
-7.875, 81.875, 1.853588334107383e-20, nan 
-7.625, 81.875, 1.8513605825735755e-20, nan 
-7.375, 81.875, 1.9310538766244787e-20, nan 
-7.125, 81.875, 1.8206132005872424e-20, nan 
-6.875, 81.875, 1.5563876343580087e-20, nan 
-6.625, 81.875, 1.2812922741258527e-20, nan 
-6.375, 81.875, 9.844287031616842e-21, nan 
-6.125, 81.875, 9.09093616932083e-21, nan 
-5.875, 81.875, 9.182719476037567e-21, nan 
-5.625, 81.875, 1.2029346060710346e-20, nan 
-5.375, 81.875, 1.0060580889215195e-20, nan 
-5.125, 81.875, 8.114097417436901e-21, nan 
-4.875, 81.875, 8.791071699380241e-21, nan 
-4.625, 81.875, 1.045386536392121e-20, nan 
-4.375, 81.875, 1.1975209656945218e-20, nan 
-4.125, 81.875, 1.3481865565998033e-20, nan 
-3.875, 81.875, 1.128947292767189e-20, nan 
-3.625, 81.875, 1.0804701274499172e-20, nan 
-3.375, 81.875, 1.1016739110865703e-20, nan 
-3.125, 81.875, 1.1411662948347565e-20, nan 
-2.875, 81.875, 1.1045522311193654e-20, nan 
-2.625, 81.875, 1.0499767314537419e-20, nan 
-2.375, 81.875, 9.88321311017085e-21, nan 
-2.125, 81.875, 9.143542280939264e-21, nan 
-1.875, 81.875, 9.1214230056221e-21, nan 
-1.625, 81.875, 9.06408178697816e-21, nan 
-1.375, 81.875, 9.798152315205869e-21, nan 
-1.125, 81.875, 8.513195508200719e-21, nan 
-0.875, 81.875, 6.934014671972466e-21, nan 
-0.625, 81.875, 5.543824272013781e-21, nan 
-0.375, 81.875, 6.1772927825851425e-21, nan 
-0.125, 81.875, 6.289719586763644e-21, nan 
0.125, 81.875, 6.188439671375191e-21, nan 
0.375, 81.875, 7.423037906878225e-21, nan 
0.625, 81.875, 6.758965771206388e-21, nan 
0.875, 81.875, 5.942680430343143e-21, nan 
1.125, 81.875, 5.738936115748033e-21, nan 
1.375, 81.875, 6.441216317933063e-21, nan 
1.625, 81.875, 7.12549409951093e-21, nan 
1.875, 81.875, 7.821428236433635e-21, nan 
2.125, 81.875, 6.5768577062049065e-21, nan 
2.375, 81.875, 6.2224432547984626e-21, nan 
2.625, 81.875, 4.842677202503146e-21, nan 
2.875, 81.875, 5.088296396132615e-21, nan 
3.125, 81.875, 4.854875577153888e-21, nan 
3.375, 81.875, 4.362581562161402e-21, nan 
3.625, 81.875, 4.538241627791201e-21, nan 
3.875, 81.875, 5.235274915961112e-21, nan 
4.125, 81.875, 4.5755857721145176e-21, nan 
4.375, 81.875, 3.408730399580381e-21, nan 
4.625, 81.875, 2.7119711985763795e-21, nan 
4.875, 81.875, 2.6927182331179406e-21, nan 
5.125, 81.875, 3.3491190930070723e-21, nan 
5.375, 81.875, 3.454001652359041e-21, nan 
5.625, 81.875, 3.630334045664627e-21, nan 
5.875, 81.875, 3.525166153541583e-21, nan 
6.125, 81.875, 3.594934685339576e-21, nan 
6.375, 81.875, 2.5169787386591323e-21, nan 
6.625, 81.875, 2.055383685552602e-21, nan 
6.875, 81.875, 3.096160347482732e-21, nan 
7.125, 81.875, 3.369659013449255e-21, nan 
7.375, 81.875, 2.8679442657918227e-21, nan 
7.625, 81.875, 2.045409345006459e-21, nan 
7.875, 81.875, 1.9690113554026416e-21, nan 
8.125, 81.875, 2.7852765206688103e-21, nan 
8.375, 81.875, 3.333314602200303e-21, nan 
8.625, 81.875, 3.090946905660036e-21, nan 
8.875, 81.875, 3.0212345014913778e-21, nan 
9.125, 81.875, 2.8716675670873563e-21, nan 
9.375, 81.875, 2.832392879328216e-21, nan 
9.625, 81.875, 2.5604183131533978e-21, nan 
9.875, 81.875, 3.3295453738233718e-21, nan 
10.125, 81.875, 3.6062696705143264e-21, nan 
10.375, 81.875, 2.811591505133183e-21, nan 
10.625, 81.875, 2.1547788678905438e-21, nan 
10.875, 81.875, 2.4912819568149178e-21, nan 
11.125, 81.875, 2.59652997245516e-21, nan 
11.375, 81.875, 2.3552121979350815e-21, nan 
11.625, 81.875, 2.258930307010834e-21, nan 
11.875, 81.875, 1.40408054234879e-21, nan 
12.125, 81.875, 1.124124758179861e-21, nan 
12.375, 81.875, 1.7844408771227546e-21, nan 
12.625, 81.875, 1.6421740019104911e-21, nan 
12.875, 81.875, 1.0979645488649665e-21, nan 
13.125, 81.875, 1.4906962868057837e-21, nan 
13.375, 81.875, 1.980048482627837e-21, nan 
13.625, 81.875, 1.8946225316223747e-21, nan 
13.875, 81.875, 1.6861845615078166e-21, nan 
14.125, 81.875, 1.0785258400346398e-21, nan 
14.375, 81.875, 7.561713411540216e-22, nan 
14.625, 81.875, 6.847372208820197e-22, nan 
14.875, 81.875, 9.513370241827657e-22, nan 
15.125, 81.875, 9.263389328261762e-22, nan 
15.375, 81.875, 8.346568060988899e-22, nan 
15.625, 81.875, 8.380546297036069e-22, nan 
15.875, 81.875, 7.973112772723201e-22, nan 
16.125, 81.875, 7.350319901757454e-22, nan 
16.375, 81.875, 6.696115118347291e-22, nan 
16.625, 81.875, 6.288575446215071e-22, nan 
16.875, 81.875, 6.056737801110622e-22, nan 
17.125, 81.875, 7.348544937107611e-22, nan 
17.375, 81.875, 8.776154035402499e-22, nan 
17.625, 81.875, 1.0288546623978757e-21, nan 
17.875, 81.875, 9.197631905894513e-22, nan 
18.125, 81.875, 6.614841507779086e-22, nan 
18.375, 81.875, 3.8157020921262274e-22, nan 
18.625, 81.875, 3.3910406928812447e-22, nan 
18.875, 81.875, 3.786228246316383e-22, nan 
19.125, 81.875, 5.612699091939425e-22, nan 
19.375, 81.875, 6.486462445519405e-22, nan 
19.625, 81.875, 5.508552281326727e-22, nan 
19.875, 81.875, 6.657723609198682e-22, nan 
20.125, 81.875, 6.561760544788801e-22, nan 
20.375, 81.875, 4.847923190016635e-22, nan 
20.625, 81.875, 3.0300859643238113e-22, nan 
20.875, 81.875, 4.2250360069382353e-22, nan 
21.125, 81.875, 2.719854854896869e-22, nan 
21.375, 81.875, 1.3488834491244241e-22, nan 
21.625, 81.875, 1.0087121495276526e-22, nan 
21.875, 81.875, 1.6731622999802039e-22, nan 
22.125, 81.875, 1.9959659087810386e-22, nan 
22.375, 81.875, 1.9060126508214105e-22, nan 
22.625, 81.875, 3.3844772884143476e-22, nan 
22.875, 81.875, 3.771362842635977e-22, nan 
23.125, 81.875, 3.0088091567687974e-22, nan 
23.375, 81.875, 3.52764328889188e-22, nan 
23.625, 81.875, 5.185910193860743e-22, nan 
23.875, 81.875, 6.204880769800907e-22, nan 
24.125, 81.875, 7.984111678056427e-22, nan 
24.375, 81.875, 1.162743353893395e-21, nan 
24.625, 81.875, 2.8390566696862744e-21, nan 
24.875, 81.875, 2.0376753329101076e-21, nan 
25.125, 81.875, 2.7489892582300418e-21, nan 
25.375, 81.875, 4.89012060848791e-21, nan 
25.625, 81.875, 3.373235607200579e-21, nan 
25.875, 81.875, 3.37615713204968e-21, nan 
26.125, 81.875, 1.9242563019619194e-21, nan 
26.375, 81.875, 1.554718981225507e-21, nan 
26.625, 81.875, 1.0926057232348794e-21, nan 
26.875, 81.875, 6.04698554958284e-22, nan 
27.125, 81.875, 7.621542519133803e-22, nan 
27.375, 81.875, 6.296078973654778e-22, nan 
27.625, 81.875, 1.0406445916702552e-21, nan 
27.875, 81.875, 1.5469588201433906e-21, nan 
28.125, 81.875, 8.661261168596689e-22, nan 
28.375, 81.875, 1.2103165707059155e-21, nan 
28.625, 81.875, 1.9053401750851273e-21, nan 
28.875, 81.875, 2.318047620618093e-21, nan 
29.125, 81.875, 2.4927625014133867e-21, nan 
29.375, 81.875, 2.2544268240489312e-21, nan 
29.625, 81.875, 1.1179393862237687e-21, nan 
29.875, 81.875, 9.175660227115239e-22, nan 
30.125, 81.875, 1.3591665576892754e-21, nan 
30.375, 81.875, 2.202559032844642e-21, nan 
30.625, 81.875, 2.658700431160989e-21, nan 
30.875, 81.875, 2.8577173911833355e-21, nan 
31.125, 81.875, 2.3538470961895917e-21, nan 
31.375, 81.875, 1.193772330179588e-21, nan 
31.625, 81.875, 1.4939257869226151e-21, nan 
31.875, 81.875, 2.26542981453646e-21, nan 
32.125, 81.875, 2.327858398322964e-21, nan 
32.375, 81.875, 2.3079009384450178e-21, nan 
32.625, 81.875, 1.6471095602864682e-21, nan 
32.875, 81.875, 1.2574192021015051e-21, nan 
33.125, 81.875, 1.1788260843769176e-21, nan 
33.375, 81.875, 1.2121750604947314e-21, nan 
33.625, 81.875, 8.994734383700106e-22, nan 
33.875, 81.875, 1.0365342251447178e-21, nan 
34.125, 81.875, 1.8316686008984337e-21, nan 
34.375, 81.875, 3.1178499736113127e-21, nan 
34.625, 81.875, 3.62221474103489e-21, nan 
34.875, 81.875, 3.478595505192312e-21, nan 
35.125, 81.875, 1.3409247573385728e-21, nan 
35.375, 81.875, 1.6498225913633562e-21, nan 
35.625, 81.875, 1.3967202531797747e-21, nan 
35.875, 81.875, 9.134839533485974e-22, nan 
36.125, 81.875, 8.032055525160172e-22, nan 
36.375, 81.875, 1.5552865830196248e-21, nan 
36.625, 81.875, 1.4510131190951965e-21, nan 
36.875, 81.875, 1.3971636467321733e-21, nan 
37.125, 81.875, 1.1585838070697747e-21, nan 
37.375, 81.875, 3.446607033454903e-21, nan 
37.625, 81.875, 3.9554233477581394e-21, nan 
37.875, 81.875, 2.4420640180430624e-21, nan 
38.125, 81.875, 3.749883629282226e-21, nan 
38.375, 81.875, 3.7411454133590826e-21, nan 
38.625, 81.875, 3.080900224984568e-21, nan 
38.875, 81.875, 2.510349507325232e-21, nan 
39.125, 81.875, 2.7112763570754588e-21, nan 
39.375, 81.875, 2.253636665739163e-21, nan 
39.625, 81.875, 2.0811838273243946e-21, nan 
39.875, 81.875, 2.18750254717513e-21, nan 
40.125, 81.875, 2.0023933720953776e-21, nan 
40.375, 81.875, 1.728576804252884e-21, nan 
40.625, 81.875, 1.6590001388608135e-21, nan 
40.875, 81.875, 1.4681748507947538e-21, nan 
41.125, 81.875, 1.20030311615336e-21, nan 
41.375, 81.875, 6.8667802403964445e-22, nan 
41.625, 81.875, 7.072638129539675e-22, nan 
41.875, 81.875, 5.536812074940613e-22, nan 
42.125, 81.875, 4.3227138184692665e-22, nan 
42.375, 81.875, 2.9083893530860005e-22, nan 
42.625, 81.875, 9.312224924979555e-22, nan 
42.875, 81.875, 5.942519690760705e-22, nan 
43.125, 81.875, 5.2776786619773335e-22, nan 
43.375, 81.875, 9.51702989154668e-22, nan 
43.625, 81.875, 8.542915053530055e-22, nan 
43.875, 81.875, 8.624464929133098e-22, nan 
44.125, 81.875, 7.436977472020296e-22, nan 
44.375, 81.875, 1.1972234884172894e-21, nan 
44.625, 81.875, 6.982420642763531e-22, nan 
44.875, 81.875, 6.276745217773549e-22, nan 
45.125, 81.875, 1.040000090480843e-21, nan 
45.375, 81.875, 1.001645696949824e-21, nan 
45.625, 81.875, 9.13829029643799e-22, nan 
45.875, 81.875, 8.147588803053899e-22, nan 
46.125, 81.875, 5.689435620408564e-22, nan 
46.375, 81.875, 5.139553034343926e-22, nan 
46.625, 81.875, 5.100453603686661e-22, nan 
46.875, 81.875, 4.077807577161177e-22, nan 
47.125, 81.875, 3.281861534828192e-22, nan 
47.375, 81.875, 3.1081380657162854e-22, nan 
47.625, 81.875, 4.499521359360867e-22, nan 
47.875, 81.875, 8.132804608755625e-22, nan 
48.125, 81.875, 1.8086317785663126e-22, nan 
48.375, 81.875, 1.6571755714036466e-22, nan 
48.625, 81.875, 4.937136569280057e-22, nan 
48.875, 81.875, 1.7744435610692225e-22, nan 
49.125, 81.875, 4.889860173822287e-22, nan 
49.375, 81.875, 8.367360108034137e-22, nan 
49.625, 81.875, 1.1281457196078271e-21, nan 
49.875, 81.875, 1.4685284632561483e-21, nan 
50.125, 81.875, 1.4805582556614387e-21, nan 
50.375, 81.875, 1.688731821835126e-21, nan 
50.625, 81.875, 1.773174737348194e-21, nan 
50.875, 81.875, 1.3129200978840973e-21, nan 
51.125, 81.875, 5.262219177311086e-22, nan 
51.375, 81.875, 1.0493542425866581e-21, nan 
51.625, 81.875, 2.236321273627169e-22, nan 
51.875, 81.875, 2.9044847622857893e-22, nan 
52.125, 81.875, 2.583628675787234e-22, nan 
52.375, 81.875, 2.261509799230717e-22, nan 
52.625, 81.875, 1.8438895372345519e-22, nan 
52.875, 81.875, 1.64686336640432e-22, nan 
53.125, 81.875, 1.1441574527669338e-22, nan 
53.375, 81.875, 1.028305398095716e-22, nan 
53.625, 81.875, 8.763509013694322e-23, nan 
53.875, 81.875, 9.039977038688423e-23, nan 
54.125, 81.875, 6.59958209068733e-23, nan 
54.375, 81.875, 8.878549537146398e-23, nan 
54.625, 81.875, 6.560320500653786e-23, nan 
54.875, 81.875, 5.572537769868941e-23, nan 
55.125, 81.875, 5.202422455154425e-23, nan 
55.375, 81.875, 1.2211327673816866e-22, nan 
55.625, 81.875, 1.0551271910648156e-22, nan 
55.875, 81.875, 8.052673474781227e-23, nan 
56.125, 81.875, 1.3799348705732195e-22, nan 
56.375, 81.875, 2.9200034660995285e-22, nan 
56.625, 81.875, 1.825542704398048e-22, nan 
56.875, 81.875, 1.6635904695551932e-22, nan 
57.125, 81.875, 1.6834350458393152e-22, nan 
57.375, 81.875, 1.8997231659313544e-22, nan 
57.625, 81.875, 2.17345466532385e-22, nan 
57.875, 81.875, 2.242794048233236e-22, nan 
58.125, 81.875, 4.567100162010554e-22, nan 
58.375, 81.875, 2.754488385628571e-22, nan 
58.625, 81.875, 2.586255568590507e-22, nan 
58.875, 81.875, 2.46566993461149e-22, nan 
59.125, 81.875, 2.743446792161837e-22, nan 
59.375, 81.875, 3.0627374647338393e-22, nan 
59.625, 81.875, 1.9680368873625752e-22, nan 
59.875, 81.875, 2.3957441774257164e-22, nan 
60.125, 81.875, 1.7017916903533318e-22, nan 
60.375, 81.875, 1.457235583783725e-22, nan 
60.625, 81.875, 1.6750906429745225e-22, nan 
60.875, 81.875, 1.2160773680659695e-22, nan 
61.125, 81.875, 9.144930746716972e-23, nan 
61.375, 81.875, 8.16533179596037e-23, nan 
61.625, 81.875, 2.5340633005453193e-22, nan 
61.875, 81.875, 4.196798467210246e-22, nan 
62.125, 81.875, 4.702916174435968e-22, nan 
62.375, 81.875, 4.0814065083985854e-22, nan 
62.625, 81.875, 4.355544501704733e-22, nan 
62.875, 81.875, 3.4927346502917237e-22, nan 
63.125, 81.875, 2.670625734948706e-22, nan 
63.375, 81.875, 2.586855257793686e-22, nan 
63.625, 81.875, 4.724037515732429e-22, nan 
63.875, 81.875, 5.529744342514927e-22, nan 
64.125, 81.875, 4.805368914527026e-22, nan 
64.375, 81.875, 5.945635257347351e-22, nan 
64.625, 81.875, 4.911086315288156e-22, nan 
64.875, 81.875, 4.702057588254896e-22, nan 
65.125, 81.875, 4.527310354237883e-22, nan 
65.375, 81.875, 4.0594453677911685e-22, nan 
65.625, 81.875, 3.8855625762208877e-22, nan 
65.875, 81.875, 3.326278047858531e-22, nan 
66.125, 81.875, 3.4975058029916975e-22, nan 
66.375, 81.875, 3.4123939526152366e-22, nan 
66.625, 81.875, 3.3966700167794416e-22, nan 
66.875, 81.875, 2.8256771195972036e-22, nan 
67.125, 81.875, 2.8693008136824086e-22, nan 
67.375, 81.875, 2.704156545118626e-22, nan 
67.625, 81.875, 2.501277707542477e-22, nan 
67.875, 81.875, 2.867574475374664e-22, nan 
68.125, 81.875, 2.464474305382323e-22, nan 
68.375, 81.875, 2.454944487765944e-22, nan 
68.625, 81.875, 2.3708142972239764e-22, nan 
68.875, 81.875, 2.0973441109154538e-22, nan 
69.125, 81.875, 1.6203277702171569e-22, nan 
69.375, 81.875, 1.0782789709251326e-22, nan 
69.625, 81.875, 1.0859587316631103e-22, nan 
69.875, 81.875, 6.19485619406774e-23, nan 
70.125, 81.875, 1.1953908915831163e-22, nan 
70.375, 81.875, 1.5815102911219794e-22, nan 
70.625, 81.875, 1.8747119654427666e-22, nan 
70.875, 81.875, 1.887564987597625e-22, nan 
71.125, 81.875, 1.145024231486767e-22, nan 
71.375, 81.875, 1.572065380998506e-22, nan 
71.625, 81.875, 2.544877503412668e-22, nan 
71.875, 81.875, 3.09712612950988e-22, nan 
72.125, 81.875, 3.006300800634069e-22, nan 
72.375, 81.875, 2.521379075141816e-22, nan 
72.625, 81.875, 1.679906212333212e-22, nan 
72.875, 81.875, 9.667210736184888e-23, nan 
73.125, 81.875, 2.738954707548778e-22, nan 
73.375, 81.875, 4.46969442570969e-22, nan 
73.625, 81.875, 5.812590658789648e-22, nan 
73.875, 81.875, 5.062396498500604e-22, nan 
74.125, 81.875, 4.096709354325542e-22, nan 
74.375, 81.875, 2.8992799195380227e-22, nan 
74.625, 81.875, 2.7902016207995535e-22, nan 
74.875, 81.875, 3.881773713490284e-22, nan 
75.125, 81.875, 4.587015705321279e-22, nan 
75.375, 81.875, 4.317924812494388e-22, nan 
75.625, 81.875, 3.6789184177400275e-22, nan 
75.875, 81.875, 3.308612750689297e-22, nan 
76.125, 81.875, 2.398664821711299e-22, nan 
76.375, 81.875, 1.1547866277771726e-22, nan 
76.625, 81.875, 6.848216838315419e-23, nan 
76.875, 81.875, 4.2110855921996925e-23, nan 
77.125, 81.875, 5.37398920913442e-23, nan 
77.375, 81.875, 3.8056117758370245e-23, nan 
77.625, 81.875, 6.635323674320159e-23, nan 
77.875, 81.875, 9.558835054789827e-23, nan 
78.125, 81.875, 1.1651358176928263e-22, nan 
78.375, 81.875, 1.6646722140491614e-22, nan 
78.625, 81.875, 1.2849556142769375e-22, nan 
78.875, 81.875, 1.2064512219258723e-22, nan 
79.125, 81.875, 1.7543507605393326e-22, nan 
79.375, 81.875, 1.6585556191121885e-22, nan 
79.625, 81.875, 1.3223161615234191e-22, nan 
79.875, 81.875, 1.257794836326303e-22, nan 
80.125, 81.875, 1.828877347388951e-22, nan 
80.375, 81.875, 1.1563222071054729e-22, nan 
80.625, 81.875, 7.389466960357061e-23, nan 
80.875, 81.875, 9.984159279800868e-23, nan 
81.125, 81.875, 1.5783784579735064e-22, nan 
81.375, 81.875, 9.2523179730267e-23, nan 
81.625, 81.875, 9.168989907083732e-23, nan 
81.875, 81.875, 1.0546299969974003e-22, nan 
82.125, 81.875, 8.51243240374495e-23, nan 
82.375, 81.875, 7.196477402294672e-23, nan 
82.625, 81.875, 7.856163048407203e-23, nan 
82.875, 81.875, 1.0691982422165398e-22, nan 
83.125, 81.875, 9.249596888383132e-23, nan 
83.375, 81.875, 9.965081047367985e-23, nan 
83.625, 81.875, 9.600598267111586e-23, nan 
83.875, 81.875, 1.0000319411725524e-22, nan 
84.125, 81.875, 1.0574957053784332e-22, nan 
84.375, 81.875, 1.1066951024957406e-22, nan 
84.625, 81.875, 1.004327803805213e-22, nan 
84.875, 81.875, 8.322346966638087e-23, nan 
85.125, 81.875, 7.732106203537382e-23, nan 
85.375, 81.875, 8.634818979976603e-23, nan 
85.625, 81.875, 8.037847652416962e-23, nan 
85.875, 81.875, 6.574143318152984e-23, nan 
86.125, 81.875, 7.406286872333043e-23, nan 
86.375, 81.875, 7.72355410793917e-23, nan 
86.625, 81.875, 4.387723370330207e-23, nan 
86.875, 81.875, 7.845039589068089e-23, nan 
87.125, 81.875, 7.317473081141836e-23, nan 
87.375, 81.875, 8.099342787626991e-23, nan 
87.625, 81.875, 8.540716774033933e-23, nan 
87.875, 81.875, 9.176296372464547e-23, nan 
88.125, 81.875, 9.156105373276625e-23, nan 
88.375, 81.875, 8.443213181682644e-23, nan 
88.625, 81.875, 8.634720000120218e-23, nan 
88.875, 81.875, 8.108768018257206e-23, nan 
89.125, 81.875, 8.27230875269726e-23, nan 
89.375, 81.875, 9.459809073333952e-23, nan 
89.625, 81.875, 9.33868132135763e-23, nan 
89.875, 81.875, 7.669618500092253e-23, nan 
90.125, 81.875, 6.397714395012595e-23, nan 
90.375, 81.875, 6.435623758105344e-23, nan 
90.625, 81.875, 6.224743094837162e-23, nan 
90.875, 81.875, 7.918902610338171e-23, nan 
91.125, 81.875, 7.696479941820638e-23, nan 
91.375, 81.875, 7.090115024326569e-23, nan 
91.625, 81.875, 7.282303702065124e-23, nan 
91.875, 81.875, 6.593618001203696e-23, nan 
92.125, 81.875, 5.311124292643393e-23, nan 
92.375, 81.875, 5.470265236327672e-23, nan 
92.625, 81.875, 5.970447374872993e-23, nan 
92.875, 81.875, 4.620564272933638e-23, nan 
93.125, 81.875, 4.723041327282832e-23, nan 
93.375, 81.875, 5.046595225821591e-23, nan 
93.625, 81.875, 3.9532716746252295e-23, nan 
93.875, 81.875, 4.011026842446082e-23, nan 
94.125, 81.875, 3.7091806496400436e-23, nan 
94.375, 81.875, 3.8863750607485365e-23, nan 
94.625, 81.875, 4.036624607573225e-23, nan 
94.875, 81.875, 3.9627938600490585e-23, nan 
95.125, 81.875, 4.718803828828947e-23, nan 
95.375, 81.875, 3.457283882976152e-23, nan 
95.625, 81.875, 3.267087702364626e-23, nan 
95.875, 81.875, 4.4750904076853037e-23, nan 
96.125, 81.875, 3.3928752323513194e-23, nan 
96.375, 81.875, 5.409565421086027e-23, nan 
96.625, 81.875, 4.1500689983801865e-23, nan 
96.875, 81.875, 3.162202247809675e-23, nan 
97.125, 81.875, 5.763995654084242e-23, nan 
97.375, 81.875, 5.652232303277717e-23, nan 
97.625, 81.875, 4.866863731617385e-23, nan 
97.875, 81.875, 3.829394100444547e-23, nan 
98.125, 81.875, 4.249482084211395e-23, nan 
98.375, 81.875, 4.9328732964037926e-23, nan 
98.625, 81.875, 3.3948722587183526e-23, nan 
98.875, 81.875, 4.6118933618277804e-23, nan 
99.125, 81.875, 4.2621869060211335e-23, nan 
99.375, 81.875, 4.1227390684027065e-23, nan 
99.625, 81.875, 3.783666961957853e-23, nan 
99.875, 81.875, 3.594759850609676e-23, nan 
100.125, 81.875, 4.3415210577099445e-23, nan 
100.375, 81.875, 4.116483220901307e-23, nan 
100.625, 81.875, 3.5672386480013476e-23, nan 
100.875, 81.875, 3.380975548203089e-23, nan 
101.125, 81.875, 4.2717621877577826e-23, nan 
101.375, 81.875, 4.0532274317172767e-23, nan 
101.625, 81.875, 4.1465129552787644e-23, nan 
101.875, 81.875, 4.102693594549826e-23, nan 
102.125, 81.875, 4.5984304036340454e-23, nan 
102.375, 81.875, 4.7298225071082453e-23, nan 
102.625, 81.875, 4.342796697649539e-23, nan 
102.875, 81.875, 4.332959448509065e-23, nan 
103.125, 81.875, 5.1298590274665744e-23, nan 
103.375, 81.875, 4.51598910391493e-23, nan 
103.625, 81.875, 4.4524619831730996e-23, nan 
103.875, 81.875, 4.732954122713607e-23, nan 
104.125, 81.875, 4.84507837377249e-23, nan 
104.375, 81.875, 4.702324065767403e-23, nan 
104.625, 81.875, 4.695781042674622e-23, nan 
104.875, 81.875, 4.4951627002834815e-23, nan 
105.125, 81.875, 4.2541065404343476e-23, nan 
105.375, 81.875, 4.1516767272583835e-23, nan 
105.625, 81.875, 3.868466755062144e-23, nan 
105.875, 81.875, 3.807831685834274e-23, nan 
106.125, 81.875, 3.180194720864191e-23, nan 
106.375, 81.875, 3.114992749209264e-23, nan 
106.625, 81.875, 2.8766385014867516e-23, nan 
106.875, 81.875, 2.2808108847229766e-23, nan 
107.125, 81.875, 2.0162851518488285e-23, nan 
107.375, 81.875, 2.1398084211801628e-23, nan 
107.625, 81.875, 2.2294749369042123e-23, nan 
107.875, 81.875, 1.536174555853576e-23, nan 
108.125, 81.875, 6.24737942929365e-24, nan 
108.375, 81.875, 6.821460822697006e-24, nan 
108.625, 81.875, 9.831787737629916e-24, nan 
108.875, 81.875, 1.0596168886650456e-23, nan 
109.125, 81.875, 9.046578338505177e-24, nan 
109.375, 81.875, 9.570000280597948e-24, nan 
109.625, 81.875, 8.995906188710662e-24, nan 
109.875, 81.875, 9.452623851744325e-24, nan 
110.125, 81.875, 8.524712678690725e-24, nan 
110.375, 81.875, 7.857790327366334e-24, nan 
110.625, 81.875, 7.422263689877438e-24, nan 
110.875, 81.875, 6.836591812534341e-24, nan 
111.125, 81.875, 8.835932215538579e-24, nan 
111.375, 81.875, 9.6282114771996e-24, nan 
111.625, 81.875, 9.489032576456333e-24, nan 
111.875, 81.875, 8.720182337861346e-24, nan 
112.125, 81.875, 8.778930432434044e-24, nan 
112.375, 81.875, 7.755982912080255e-24, nan 
112.625, 81.875, 5.4297433533398084e-24, nan 
112.875, 81.875, 4.087691329375074e-24, nan 
113.125, 81.875, 4.937481518465225e-24, nan 
113.375, 81.875, 7.467974385632489e-24, nan 
113.625, 81.875, 7.466390412234528e-24, nan 
113.875, 81.875, 6.326665401781195e-24, nan 
114.125, 81.875, 7.081223657187704e-24, nan 
114.375, 81.875, 6.4192794843023995e-24, nan 
114.625, 81.875, 5.697821600480762e-24, nan 
114.875, 81.875, 4.921314918818001e-24, nan 
115.125, 81.875, 6.2624791722124996e-24, nan 
115.375, 81.875, 7.003738949609629e-24, nan 
115.625, 81.875, 6.648844324852124e-24, nan 
115.875, 81.875, 5.475718450861208e-24, nan 
116.125, 81.875, 6.5584673060210956e-24, nan 
116.375, 81.875, 7.040070619601613e-24, nan 
116.625, 81.875, 6.540397745687798e-24, nan 
116.875, 81.875, 4.576091180691432e-24, nan 
117.125, 81.875, 3.442208167511591e-24, nan 
117.375, 81.875, 3.8152714928746836e-24, nan 
117.625, 81.875, 3.2160868002286804e-24, nan 
117.875, 81.875, 3.631898795681697e-24, nan 
118.125, 81.875, 6.916804736971294e-24, nan 
118.375, 81.875, 6.007885949082197e-24, nan 
118.625, 81.875, 5.51908563833381e-24, nan 
118.875, 81.875, 5.6376603451264464e-24, nan 
119.125, 81.875, 5.193409200082422e-24, nan 
119.375, 81.875, 4.539899186316423e-24, nan 
119.625, 81.875, 4.675402863175103e-24, nan 
119.875, 81.875, 6.538640217265545e-24, nan 
120.125, 81.875, 5.8263347007679455e-24, nan 
120.375, 81.875, 6.1174909712878385e-24, nan 
120.625, 81.875, 6.129509432302481e-24, nan 
120.875, 81.875, 4.640584034552641e-24, nan 
121.125, 81.875, 3.907606134338226e-24, nan 
121.375, 81.875, 3.1218441177250474e-24, nan 
121.625, 81.875, 2.8535184902099998e-24, nan 
121.875, 81.875, 2.777684009368077e-24, nan 
122.125, 81.875, 2.404730934728269e-24, nan 
122.375, 81.875, 1.578400395543269e-24, nan 
122.625, 81.875, 2.462597107918305e-24, nan 
122.875, 81.875, 2.6339281969640563e-24, nan 
123.125, 81.875, 2.5316798565134753e-24, nan 
123.375, 81.875, 2.016789337383386e-24, nan 
123.625, 81.875, 2.1016044828447262e-24, nan 
123.875, 81.875, 1.8651700067439065e-24, nan 
124.125, 81.875, 1.8227270781077355e-24, nan 
124.375, 81.875, 1.474800845874189e-24, nan 
124.625, 81.875, 1.57420162995052e-24, nan 
124.875, 81.875, 2.3955961399496933e-24, nan 
125.125, 81.875, 2.185425602694237e-24, nan 
125.375, 81.875, 1.9540304667552144e-24, nan 
125.625, 81.875, 1.8818966108483264e-24, nan 
125.875, 81.875, 1.5603092455022367e-24, nan 
126.125, 81.875, 1.3099915132579e-24, nan 
126.375, 81.875, 1.5344503262121229e-24, nan 
126.625, 81.875, 1.6407312402336544e-24, nan 
126.875, 81.875, 1.2438169871223053e-24, nan 
127.125, 81.875, 9.185206202488185e-25, nan 
127.375, 81.875, 7.85063102875543e-25, nan 
127.625, 81.875, 1.597370917513506e-24, nan 
127.875, 81.875, 9.445265185827904e-25, nan 
128.125, 81.875, 1.8738709745552922e-24, nan 
128.375, 81.875, 2.2027842846151267e-24, nan 
128.625, 81.875, 1.5031913575134931e-24, nan 
128.875, 81.875, 1.3871253194502132e-24, nan 
129.125, 81.875, 1.1379253721406102e-24, nan 
129.375, 81.875, 1.5621289459748948e-24, nan 
129.625, 81.875, 1.212222361608883e-24, nan 
129.875, 81.875, 1.8219169690940008e-24, nan 
130.125, 81.875, 1.5208869807116145e-24, nan 
130.375, 81.875, 1.9031044999284807e-24, nan 
130.625, 81.875, 2.6220098579637588e-24, nan 
130.875, 81.875, 2.7198187583283273e-24, nan 
131.125, 81.875, 1.6961603160098013e-24, nan 
131.375, 81.875, 1.8836077223298656e-24, nan 
131.625, 81.875, 2.1034386718885803e-24, nan 
131.875, 81.875, 1.9954206954962256e-24, nan 
132.125, 81.875, 2.4213655502030043e-24, nan 
132.375, 81.875, 2.5092856855917015e-24, nan 
132.625, 81.875, 3.116669984194812e-24, nan 
132.875, 81.875, 3.0534138686020784e-24, nan 
133.125, 81.875, 2.3591404729413922e-24, nan 
133.375, 81.875, 1.8528362710665793e-24, nan 
133.625, 81.875, 2.1841660378749074e-24, nan 
133.875, 81.875, 2.4773651127709155e-24, nan 
134.125, 81.875, 2.6569964519950694e-24, nan 
134.375, 81.875, 2.7460371883709476e-24, nan 
134.625, 81.875, 2.318825188611429e-24, nan 
134.875, 81.875, 2.7401484122543932e-24, nan 
135.125, 81.875, 3.382855901491766e-24, nan 
135.375, 81.875, 3.2773650670572137e-24, nan 
135.625, 81.875, 4.031867622000213e-24, nan 
135.875, 81.875, 3.917107321950335e-24, nan 
136.125, 81.875, 4.412551687328534e-24, nan 
136.375, 81.875, 4.793062524631352e-24, nan 
136.625, 81.875, 4.780036815680135e-24, nan 
136.875, 81.875, 5.1179793018956344e-24, nan 
137.125, 81.875, 6.333835285182925e-24, nan 
137.375, 81.875, 6.06612056028307e-24, nan 
137.625, 81.875, 4.14349669752613e-24, nan 
137.875, 81.875, 3.778238844674971e-24, nan 
138.125, 81.875, 4.117887412206061e-24, nan 
138.375, 81.875, 4.0765932481743264e-24, nan 
138.625, 81.875, 3.680834181442586e-24, nan 
138.875, 81.875, 3.67054550987288e-24, nan 
139.125, 81.875, 3.25124480878739e-24, nan 
139.375, 81.875, 3.477684993811872e-24, nan 
139.625, 81.875, 3.089537216247669e-24, nan 
139.875, 81.875, 3.1129816485279025e-24, nan 
140.125, 81.875, 3.1242059760227824e-24, nan 
140.375, 81.875, 3.1697830036976083e-24, nan 
140.625, 81.875, 3.641927269636299e-24, nan 
140.875, 81.875, 3.6154272250796696e-24, nan 
141.125, 81.875, 3.941300458496413e-24, nan 
141.375, 81.875, 3.90591100524995e-24, nan 
141.625, 81.875, 3.828811603092592e-24, nan 
141.875, 81.875, 4.066738532700982e-24, nan 
142.125, 81.875, 4.26279370867998e-24, nan 
142.375, 81.875, 4.142481719920785e-24, nan 
142.625, 81.875, 4.222878525722902e-24, nan 
142.875, 81.875, 4.347953253097816e-24, nan 
143.125, 81.875, 4.369218824037254e-24, nan 
143.375, 81.875, 4.438505002026287e-24, nan 
143.625, 81.875, 4.486498280332525e-24, nan 
143.875, 81.875, 4.74186542749755e-24, nan 
144.125, 81.875, 4.726386843428263e-24, nan 
144.375, 81.875, 4.836453490153603e-24, nan 
144.625, 81.875, 4.5541565330656756e-24, nan 
144.875, 81.875, 5.258274182383665e-24, nan 
145.125, 81.875, 5.911233841562382e-24, nan 
145.375, 81.875, 4.9559165748805826e-24, nan 
145.625, 81.875, 4.7798105926077795e-24, nan 
145.875, 81.875, 5.526522817440939e-24, nan 
146.125, 81.875, 6.243356206476056e-24, nan 
146.375, 81.875, 5.5365372733634245e-24, nan 
146.625, 81.875, 5.447617169575774e-24, nan 
146.875, 81.875, 5.722665401292433e-24, nan 
147.125, 81.875, 5.528340294371929e-24, nan 
147.375, 81.875, 5.370001410047855e-24, nan 
147.625, 81.875, 5.4050927457509264e-24, nan 
147.875, 81.875, 5.703981365195753e-24, nan 
148.125, 81.875, 5.907158512534361e-24, nan 
148.375, 81.875, 5.648347755460719e-24, nan 
148.625, 81.875, 5.401910023720465e-24, nan 
148.875, 81.875, 5.01796099100886e-24, nan 
149.125, 81.875, 5.57805184104433e-24, nan 
149.375, 81.875, 5.671042967519055e-24, nan 
149.625, 81.875, 5.4658700009177395e-24, nan 
149.875, 81.875, 5.359637786402475e-24, nan 
150.125, 81.875, 5.941407889077671e-24, nan 
150.375, 81.875, 5.847734228420371e-24, nan 
150.625, 81.875, 5.7846030947683225e-24, nan 
150.875, 81.875, 5.3768397730912045e-24, nan 
151.125, 81.875, 5.520258084026778e-24, nan 
151.375, 81.875, 5.2857489812609896e-24, nan 
151.625, 81.875, 5.251649453228907e-24, nan 
151.875, 81.875, 5.171885710072217e-24, nan 
152.125, 81.875, 5.391815946248948e-24, nan 
152.375, 81.875, 5.8391909468935725e-24, nan 
152.625, 81.875, 5.6588656953638854e-24, nan 
152.875, 81.875, 5.25869133020408e-24, nan 
153.125, 81.875, 5.260068040551568e-24, nan 
153.375, 81.875, 5.4537847365542926e-24, nan 
153.625, 81.875, 5.458851985818237e-24, nan 
153.875, 81.875, 5.615583194656269e-24, nan 
154.125, 81.875, 5.078214424494313e-24, nan 
154.375, 81.875, 5.191835953581647e-24, nan 
154.625, 81.875, 5.295343030550201e-24, nan 
154.875, 81.875, 5.0322322431526264e-24, nan 
155.125, 81.875, 4.939599273903857e-24, nan 
155.375, 81.875, 4.763981644535012e-24, nan 
155.625, 81.875, 4.8538578525318914e-24, nan 
155.875, 81.875, 4.751894228520654e-24, nan 
156.125, 81.875, 5.367976223508902e-24, nan 
156.375, 81.875, 5.081272084710501e-24, nan 
156.625, 81.875, 4.427764523369143e-24, nan 
156.875, 81.875, 4.504109311906996e-24, nan 
157.125, 81.875, 4.843194036803411e-24, nan 
157.375, 81.875, 4.747920469424844e-24, nan 
157.625, 81.875, 4.4179034265109136e-24, nan 
157.875, 81.875, 4.464728628450229e-24, nan 
158.125, 81.875, 4.755608601327539e-24, nan 
158.375, 81.875, 4.668763876782819e-24, nan 
158.625, 81.875, 4.0749090957437065e-24, nan 
158.875, 81.875, 4.674326599233919e-24, nan 
159.125, 81.875, 4.4872063357281386e-24, nan 
159.375, 81.875, 4.125476956066352e-24, nan 
159.625, 81.875, 4.41947871964996e-24, nan 
159.875, 81.875, 4.1391035749137646e-24, nan 
160.125, 81.875, 4.2550861708117685e-24, nan 
160.375, 81.875, 4.405762642397015e-24, nan 
160.625, 81.875, 4.1548620663901585e-24, nan 
160.875, 81.875, 3.849644414714646e-24, nan 
161.125, 81.875, 3.923424175387834e-24, nan 
161.375, 81.875, 4.562877785547001e-24, nan 
161.625, 81.875, 4.19663207343963e-24, nan 
161.875, 81.875, 3.7527312240844e-24, nan 
162.125, 81.875, 4.151866372322009e-24, nan 
162.375, 81.875, 4.544038423363938e-24, nan 
162.625, 81.875, 4.259881890097663e-24, nan 
162.875, 81.875, 4.009257941200845e-24, nan 
163.125, 81.875, 4.1904936557759004e-24, nan 
163.375, 81.875, 4.1793098243125096e-24, nan 
163.625, 81.875, 4.1851776152583806e-24, nan 
163.875, 81.875, 4.100369157773549e-24, nan 
164.125, 81.875, 3.9977701221875746e-24, nan 
164.375, 81.875, 4.24497607247293e-24, nan 
164.625, 81.875, 4.383477635259687e-24, nan 
164.875, 81.875, 4.3807260240328216e-24, nan 
165.125, 81.875, 4.035197382962031e-24, nan 
165.375, 81.875, 4.093344554542611e-24, nan 
165.625, 81.875, 4.411706556843969e-24, nan 
165.875, 81.875, 4.3429680503122815e-24, nan 
166.125, 81.875, 3.723015032021286e-24, nan 
166.375, 81.875, 4.359248861665612e-24, nan 
166.625, 81.875, 4.02150446654504e-24, nan 
166.875, 81.875, 4.1003705880223955e-24, nan 
167.125, 81.875, 4.1394148614713755e-24, nan 
167.375, 81.875, 3.936855456549152e-24, nan 
167.625, 81.875, 4.354652124764727e-24, nan 
167.875, 81.875, 4.157657241474221e-24, nan 
168.125, 81.875, 3.920723202746105e-24, nan 
168.375, 81.875, 4.3869922920296656e-24, nan 
168.625, 81.875, 3.949340137898175e-24, nan 
168.875, 81.875, 3.873973706767803e-24, nan 
169.125, 81.875, 4.078280803721026e-24, nan 
169.375, 81.875, 4.121742425904748e-24, nan 
169.625, 81.875, 4.147633015913866e-24, nan 
169.875, 81.875, 4.310826683380489e-24, nan 
170.125, 81.875, 4.577207656276091e-24, nan 
170.375, 81.875, 4.1258915992460376e-24, nan 
170.625, 81.875, 4.345154125181371e-24, nan 
170.875, 81.875, 4.3929060940765215e-24, nan 
171.125, 81.875, 4.396323958218731e-24, nan 
171.375, 81.875, 4.216485992056152e-24, nan 
171.625, 81.875, 4.248654890368282e-24, nan 
171.875, 81.875, 4.3365512128271575e-24, nan 
172.125, 81.875, 4.272116379558017e-24, nan 
172.375, 81.875, 4.450592180753329e-24, nan 
172.625, 81.875, 4.638151676549811e-24, nan 
172.875, 81.875, 4.470770235912899e-24, nan 
173.125, 81.875, 4.4881578136367404e-24, nan 
173.375, 81.875, 4.553455597258997e-24, nan 
173.625, 81.875, 4.770705047432401e-24, nan 
173.875, 81.875, 4.9899953162217386e-24, nan 
174.125, 81.875, 4.3069341101075635e-24, nan 
174.375, 81.875, 4.523942997622211e-24, nan 
174.625, 81.875, 4.781284975057161e-24, nan 
174.875, 81.875, 5.013507826109946e-24, nan 
175.125, 81.875, 4.9682957518770385e-24, nan 
175.375, 81.875, 4.322538220071197e-24, nan 
175.625, 81.875, 3.025027246745388e-24, nan 
175.875, 81.875, 3.6455878305679465e-24, nan 
176.125, 81.875, 4.349943646355609e-24, nan 
176.375, 81.875, 4.424288785712333e-24, nan 
176.625, 81.875, 4.6222585100478564e-24, nan 
176.875, 81.875, 4.1725855405346166e-24, nan 
177.125, 81.875, 3.76539947711992e-24, nan 
177.375, 81.875, 3.859835795395821e-24, nan 
177.625, 81.875, 4.170281788349853e-24, nan 
177.875, 81.875, 4.2541425159712905e-24, nan 
178.125, 81.875, 3.979437486929411e-24, nan 
178.375, 81.875, 4.0728673757158504e-24, nan 
178.625, 81.875, 4.3850513045497444e-24, nan 
178.875, 81.875, 4.1192742296156596e-24, nan 
179.125, 81.875, 3.867201659974431e-24, nan 
179.375, 81.875, 4.118822831532812e-24, nan 
179.625, 81.875, 3.829520640946736e-24, nan 
179.875, 81.875, 3.998324626944948e-24, nan 
-179.875, 82.125, 2.3436200056681465e-24, nan 
-179.625, 82.125, 2.479148402036295e-24, nan 
-179.375, 82.125, 2.5846251961808987e-24, nan 
-179.125, 82.125, 2.331698170087018e-24, nan 
-178.875, 82.125, 2.438501831543855e-24, nan 
-178.625, 82.125, 2.8494669209350142e-24, nan 
-178.375, 82.125, 2.9692763728185916e-24, nan 
-178.125, 82.125, 2.859967687851234e-24, nan 
-177.875, 82.125, 2.650433274538934e-24, nan 
-177.625, 82.125, 2.5666132700239527e-24, nan 
-177.375, 82.125, 2.934854504419299e-24, nan 
-177.125, 82.125, 3.0580617741883036e-24, nan 
-176.875, 82.125, 3.010564259378368e-24, nan 
-176.625, 82.125, 2.758711280108197e-24, nan 
-176.375, 82.125, 2.941491888885338e-24, nan 
-176.125, 82.125, 3.2134729490793435e-24, nan 
-175.875, 82.125, 2.9575060518829164e-24, nan 
-175.625, 82.125, 3.0233723199601747e-24, nan 
-175.375, 82.125, 3.0313948930775353e-24, nan 
-175.125, 82.125, 3.1366163595472968e-24, nan 
-174.875, 82.125, 3.5894371629076035e-24, nan 
-174.625, 82.125, 3.715446790051791e-24, nan 
-174.375, 82.125, 3.673938550311779e-24, nan 
-174.125, 82.125, 4.10545572873859e-24, nan 
-173.875, 82.125, 4.3702389795791206e-24, nan 
-173.625, 82.125, 3.93322698110329e-24, nan 
-173.375, 82.125, 4.279508911701162e-24, nan 
-173.125, 82.125, 4.6241514648688754e-24, nan 
-172.875, 82.125, 5.379688390931229e-24, nan 
-172.625, 82.125, 5.8887630614280174e-24, nan 
-172.375, 82.125, 4.0990954920822404e-24, nan 
-172.125, 82.125, 5.7393721068112694e-24, nan 
-171.875, 82.125, 7.886565438662487e-24, nan 
-171.625, 82.125, 6.282806714468764e-24, nan 
-171.375, 82.125, 4.245609086999317e-24, nan 
-171.125, 82.125, 3.65479445037463e-24, nan 
-170.875, 82.125, 2.1051351910377143e-24, nan 
-170.625, 82.125, 4.0986441310832765e-24, nan 
-170.375, 82.125, 3.166149298876174e-24, nan 
-170.125, 82.125, 4.0274163614981466e-24, nan 
-169.875, 82.125, 3.476264978920944e-24, nan 
-169.625, 82.125, 2.7746727137582632e-24, nan 
-169.375, 82.125, 2.1098204642926834e-24, nan 
-169.125, 82.125, 1.8754561238305567e-24, nan 
-168.875, 82.125, 2.084347287793729e-24, nan 
-168.625, 82.125, 1.9818741084277393e-24, nan 
-168.375, 82.125, 1.0408353106206851e-24, nan 
-168.125, 82.125, 1.627217199035289e-24, nan 
-167.875, 82.125, 1.7794538858313447e-24, nan 
-167.625, 82.125, 2.43500013468076e-24, nan 
-167.375, 82.125, 3.0664559008909686e-24, nan 
-167.125, 82.125, 3.133645174403092e-24, nan 
-166.875, 82.125, 3.4554193179434736e-24, nan 
-166.625, 82.125, 4.280622922623981e-24, nan 
-166.375, 82.125, 4.477484931027988e-24, nan 
-166.125, 82.125, 4.986352642575361e-24, nan 
-165.875, 82.125, 4.8422067930310934e-24, nan 
-165.625, 82.125, 4.993312316149463e-24, nan 
-165.375, 82.125, 5.6330316751017704e-24, nan 
-165.125, 82.125, 5.9518515390529346e-24, nan 
-164.875, 82.125, 6.117212700073841e-24, nan 
-164.625, 82.125, 6.622508427866705e-24, nan 
-164.375, 82.125, 6.541285553502854e-24, nan 
-164.125, 82.125, 7.004616969290731e-24, nan 
-163.875, 82.125, 7.130077469204027e-24, nan 
-163.625, 82.125, 6.899716979227642e-24, nan 
-163.375, 82.125, 7.38698603845361e-24, nan 
-163.125, 82.125, 7.405814285210842e-24, nan 
-162.875, 82.125, 7.399102911878651e-24, nan 
-162.625, 82.125, 7.133181052265023e-24, nan 
-162.375, 82.125, 7.567643541537026e-24, nan 
-162.125, 82.125, 7.587954195310231e-24, nan 
-161.875, 82.125, 6.88718775954843e-24, nan 
-161.625, 82.125, 7.107564702743907e-24, nan 
-161.375, 82.125, 7.368594735382589e-24, nan 
-161.125, 82.125, 7.509005293011412e-24, nan 
-160.875, 82.125, 7.770109650436055e-24, nan 
-160.625, 82.125, 7.38189351221932e-24, nan 
-160.375, 82.125, 7.313193056953632e-24, nan 
-160.125, 82.125, 6.955034892660119e-24, nan 
-159.875, 82.125, 7.575926459245405e-24, nan 
-159.625, 82.125, 7.687677635637441e-24, nan 
-159.375, 82.125, 7.027198192689924e-24, nan 
-159.125, 82.125, 6.780438793465234e-24, nan 
-158.875, 82.125, 6.832595789503925e-24, nan 
-158.625, 82.125, 7.305311914129609e-24, nan 
-158.375, 82.125, 6.91614111904607e-24, nan 
-158.125, 82.125, 6.816561988802496e-24, nan 
-157.875, 82.125, 6.5216412717818706e-24, nan 
-157.625, 82.125, 6.5114983327290334e-24, nan 
-157.375, 82.125, 6.475474588192089e-24, nan 
-157.125, 82.125, 6.478800230003494e-24, nan 
-156.875, 82.125, 6.474171355509379e-24, nan 
-156.625, 82.125, 6.575782661474424e-24, nan 
-156.375, 82.125, 6.445894962906618e-24, nan 
-156.125, 82.125, 6.192293964288663e-24, nan 
-155.875, 82.125, 6.533196283058073e-24, nan 
-155.625, 82.125, 7.132755043115523e-24, nan 
-155.375, 82.125, 6.801738378806166e-24, nan 
-155.125, 82.125, 6.428717967114222e-24, nan 
-154.875, 82.125, 6.399245243508071e-24, nan 
-154.625, 82.125, 7.050717387700295e-24, nan 
-154.375, 82.125, 6.994816752104879e-24, nan 
-154.125, 82.125, 6.953832287363473e-24, nan 
-153.875, 82.125, 6.067046401426204e-24, nan 
-153.625, 82.125, 6.882600086833822e-24, nan 
-153.375, 82.125, 6.89104112835308e-24, nan 
-153.125, 82.125, 6.972366003375458e-24, nan 
-152.875, 82.125, 6.355536703222434e-24, nan 
-152.625, 82.125, 6.67445665131015e-24, nan 
-152.375, 82.125, 6.937988915016497e-24, nan 
-152.125, 82.125, 7.198582935265529e-24, nan 
-151.875, 82.125, 7.09481392974383e-24, nan 
-151.625, 82.125, 6.744294414708344e-24, nan 
-151.375, 82.125, 6.980343365410601e-24, nan 
-151.125, 82.125, 7.15605889837542e-24, nan 
-150.875, 82.125, 7.045868024773268e-24, nan 
-150.625, 82.125, 7.140473568438956e-24, nan 
-150.375, 82.125, 7.289620419419995e-24, nan 
-150.125, 82.125, 7.587703247533158e-24, nan 
-149.875, 82.125, 7.307664575539348e-24, nan 
-149.625, 82.125, 7.33443321429768e-24, nan 
-149.375, 82.125, 7.530539816630691e-24, nan 
-149.125, 82.125, 7.559419609261995e-24, nan 
-148.875, 82.125, 7.74351328832435e-24, nan 
-148.625, 82.125, 7.752960488158299e-24, nan 
-148.375, 82.125, 8.048851547251626e-24, nan 
-148.125, 82.125, 7.795935275526643e-24, nan 
-147.875, 82.125, 8.168152296059949e-24, nan 
-147.625, 82.125, 8.00221063256222e-24, nan 
-147.375, 82.125, 8.460857272338847e-24, nan 
-147.125, 82.125, 8.21969517436604e-24, nan 
-146.875, 82.125, 8.186393319140752e-24, nan 
-146.625, 82.125, 8.387992644215672e-24, nan 
-146.375, 82.125, 8.198199139086045e-24, nan 
-146.125, 82.125, 8.290718518822389e-24, nan 
-145.875, 82.125, 8.109022020529772e-24, nan 
-145.625, 82.125, 8.017027053736418e-24, nan 
-145.375, 82.125, 8.094849808496172e-24, nan 
-145.125, 82.125, 8.065905649288398e-24, nan 
-144.875, 82.125, 7.91909270799372e-24, nan 
-144.625, 82.125, 7.884848817474604e-24, nan 
-144.375, 82.125, 7.918919011351837e-24, nan 
-144.125, 82.125, 7.711433339362315e-24, nan 
-143.875, 82.125, 7.413032109701074e-24, nan 
-143.625, 82.125, 7.547523039177441e-24, nan 
-143.375, 82.125, 8.113382878336317e-24, nan 
-143.125, 82.125, 8.395929402519107e-24, nan 
-142.875, 82.125, 7.825529537817384e-24, nan 
-142.625, 82.125, 7.51656112699986e-24, nan 
-142.375, 82.125, 7.926647861459667e-24, nan 
-142.125, 82.125, 8.169634390282556e-24, nan 
-141.875, 82.125, 7.76741358739254e-24, nan 
-141.625, 82.125, 7.420569636095182e-24, nan 
-141.375, 82.125, 7.910934818165357e-24, nan 
-141.125, 82.125, 8.644792201568889e-24, nan 
-140.875, 82.125, 7.493618866960892e-24, nan 
-140.625, 82.125, 8.029247305708612e-24, nan 
-140.375, 82.125, 9.17025820919875e-24, nan 
-140.125, 82.125, 8.689962903297077e-24, nan 
-139.875, 82.125, 7.622346132866961e-24, nan 
-139.625, 82.125, 8.52346113051702e-24, nan 
-139.375, 82.125, 1.013108532891942e-23, nan 
-139.125, 82.125, 9.255276970320942e-24, nan 
-138.875, 82.125, 1.1371398858762153e-23, nan 
-138.625, 82.125, 1.0611295981879734e-23, nan 
-138.375, 82.125, 9.632822653540588e-24, nan 
-138.125, 82.125, 9.341811710466185e-24, nan 
-137.875, 82.125, 9.745985710150932e-24, nan 
-137.625, 82.125, 1.0018648562492761e-23, nan 
-137.375, 82.125, 9.89381110843361e-24, nan 
-137.125, 82.125, 9.999960066035422e-24, nan 
-136.875, 82.125, 1.1051502070689525e-23, nan 
-136.625, 82.125, 1.2574408790483324e-23, nan 
-136.375, 82.125, 1.2843962221287705e-23, nan 
-136.125, 82.125, 1.2291249978783422e-23, nan 
-135.875, 82.125, 1.2596565019243255e-23, nan 
-135.625, 82.125, 1.2993174992075853e-23, nan 
-135.375, 82.125, 1.4411087501462536e-23, nan 
-135.125, 82.125, 1.4654664082075035e-23, nan 
-134.875, 82.125, 1.271276166600086e-23, nan 
-134.625, 82.125, 1.2892474237525753e-23, nan 
-134.375, 82.125, 1.485213999334808e-23, nan 
-134.125, 82.125, 1.71418110105098e-23, nan 
-133.875, 82.125, 2.4151363994345896e-23, nan 
-133.625, 82.125, 2.646235391685229e-23, nan 
-133.375, 82.125, 3.021570848840298e-23, nan 
-133.125, 82.125, 2.77189815231652e-23, nan 
-132.875, 82.125, 2.711667267943098e-23, nan 
-132.625, 82.125, 3.595614112871888e-23, nan 
-132.375, 82.125, 3.9607041996603813e-23, nan 
-132.125, 82.125, 3.404338849067212e-23, nan 
-131.875, 82.125, 3.7181743116695964e-23, nan 
-131.625, 82.125, 4.2179972349259594e-23, nan 
-131.375, 82.125, 4.5337621404388203e-23, nan 
-131.125, 82.125, 4.8636227559839246e-23, nan 
-130.875, 82.125, 5.662209502165652e-23, nan 
-130.625, 82.125, 6.282357839630146e-23, nan 
-130.375, 82.125, 5.700188293152744e-23, nan 
-130.125, 82.125, 4.644670611678059e-23, nan 
-129.875, 82.125, 5.0768047970288786e-23, nan 
-129.625, 82.125, 6.82878192253404e-23, nan 
-129.375, 82.125, 7.166723205613648e-23, nan 
-129.125, 82.125, 5.057480596034237e-23, nan 
-128.875, 82.125, 2.801367504605691e-23, nan 
-128.625, 82.125, 1.8630912276579234e-23, nan 
-128.375, 82.125, 1.693864853289391e-23, nan 
-128.125, 82.125, 1.6350756180736288e-23, nan 
-127.875, 82.125, 1.265957580128828e-23, nan 
-127.625, 82.125, 1.4351860197968336e-23, nan 
-127.375, 82.125, 1.6076682204253105e-23, nan 
-127.125, 82.125, 1.9027887804977985e-23, nan 
-126.875, 82.125, 1.8823437560133946e-23, nan 
-126.625, 82.125, 2.057483488073799e-23, nan 
-126.375, 82.125, 3.284657290104829e-23, nan 
-126.125, 82.125, 3.746034479882461e-23, nan 
-125.875, 82.125, 3.129271211053939e-23, nan 
-125.625, 82.125, 2.4901187865015436e-23, nan 
-125.375, 82.125, 2.757803187881105e-23, nan 
-125.125, 82.125, 3.456708421070276e-23, nan 
-124.875, 82.125, 3.76699859316749e-23, nan 
-124.625, 82.125, 3.455982893109983e-23, nan 
-124.375, 82.125, 4.086154554903384e-23, nan 
-124.125, 82.125, 4.7880096105210635e-23, nan 
-123.875, 82.125, 5.459546509108998e-23, nan 
-123.625, 82.125, 5.944815178199473e-23, nan 
-123.375, 82.125, 6.310295231880793e-23, nan 
-123.125, 82.125, 7.269170020639491e-23, nan 
-122.875, 82.125, 7.871303916222208e-23, nan 
-122.625, 82.125, 3.439873585437949e-23, nan 
-122.375, 82.125, 7.198387473236913e-23, nan 
-122.125, 82.125, 8.521228566603239e-23, nan 
-121.875, 82.125, 9.786494277756525e-23, nan 
-121.625, 82.125, 1.1082771660320875e-22, nan 
-121.375, 82.125, 1.3687635793413975e-22, nan 
-121.125, 82.125, 1.5953980246624693e-22, nan 
-120.875, 82.125, 8.725476188889349e-23, nan 
-120.625, 82.125, 1.4094022784557917e-22, nan 
-120.375, 82.125, 1.7279245005701843e-22, nan 
-120.125, 82.125, 2.0847342606825019e-22, nan 
-119.875, 82.125, 2.4180643802843275e-22, nan 
-119.625, 82.125, 2.591142203554028e-22, nan 
-119.375, 82.125, 2.6611336114052463e-22, nan 
-119.125, 82.125, 1.1522147063628517e-22, nan 
-118.875, 82.125, 1.0233314185109946e-22, nan 
-118.625, 82.125, 1.534486165186878e-22, nan 
-118.375, 82.125, 3.0233374629821407e-22, nan 
-118.125, 82.125, 3.721448666713351e-22, nan 
-117.875, 82.125, 3.7901502750906337e-22, nan 
-117.625, 82.125, 3.832816922218717e-22, nan 
-117.375, 82.125, 3.744838105443684e-22, nan 
-117.125, 82.125, 3.5275321207555205e-22, nan 
-116.875, 82.125, 3.036841794411571e-22, nan 
-116.625, 82.125, 2.617328698474673e-22, nan 
-116.375, 82.125, 3.60405530993358e-22, nan 
-116.125, 82.125, 3.4914543763222686e-22, nan 
-115.875, 82.125, 3.3977136174034044e-22, nan 
-115.625, 82.125, 3.4998539129103255e-22, nan 
-115.375, 82.125, 3.203015362112869e-22, nan 
-115.125, 82.125, 2.652671964279686e-22, nan 
-114.875, 82.125, 2.1533243974581997e-22, nan 
-114.625, 82.125, 1.4861031691862938e-22, nan 
-114.375, 82.125, 1.2610699214627207e-22, nan 
-114.125, 82.125, 1.1237970313407535e-22, nan 
-113.875, 82.125, 1.1708918708729583e-22, nan 
-113.625, 82.125, 1.115384902517378e-22, nan 
-113.375, 82.125, 1.0453984976652086e-22, nan 
-113.125, 82.125, 1.2218042452344838e-22, nan 
-112.875, 82.125, 1.3794305951309863e-22, nan 
-112.625, 82.125, 1.6476823159810304e-22, nan 
-112.375, 82.125, 1.7315877117275641e-22, nan 
-112.125, 82.125, 1.8131386899612347e-22, nan 
-111.875, 82.125, 1.7702718797421628e-22, nan 
-111.625, 82.125, 1.587920050487396e-22, nan 
-111.375, 82.125, 1.2724799662129292e-22, nan 
-111.125, 82.125, 1.454011903782573e-22, nan 
-110.875, 82.125, 1.3840832692537865e-22, nan 
-110.625, 82.125, 1.2055322330137376e-22, nan 
-110.375, 82.125, 1.0473786733840875e-22, nan 
-110.125, 82.125, 9.71046249071691e-23, nan 
-109.875, 82.125, 9.027216410723151e-23, nan 
-109.625, 82.125, 8.376106349916031e-23, nan 
-109.375, 82.125, 8.131286474953472e-23, nan 
-109.125, 82.125, 7.833495152059586e-23, nan 
-108.875, 82.125, 8.35543522742786e-23, nan 
-108.625, 82.125, 9.670958943377187e-23, nan 
-108.375, 82.125, 1.0355596270973556e-22, nan 
-108.125, 82.125, 9.415648463405615e-23, nan 
-107.875, 82.125, 8.472283376365801e-23, nan 
-107.625, 82.125, 9.085975478789876e-23, nan 
-107.375, 82.125, 9.428320322845424e-23, nan 
-107.125, 82.125, 8.065427576619255e-23, nan 
-106.875, 82.125, 1.9312140540179808e-22, nan 
-106.625, 82.125, 2.948310755413884e-22, nan 
-106.375, 82.125, 3.312903709135447e-22, nan 
-106.125, 82.125, 4.1789119968426217e-22, nan 
-105.875, 82.125, 4.365706541516485e-22, nan 
-105.625, 82.125, 4.591830735302931e-22, nan 
-105.375, 82.125, 4.171741567865812e-22, nan 
-105.125, 82.125, 2.773814560049106e-22, nan 
-104.875, 82.125, 3.5688875230069765e-22, nan 
-104.625, 82.125, 3.8752128418409483e-22, nan 
-104.375, 82.125, 3.7373357330180913e-22, nan 
-104.125, 82.125, 3.61996884419372e-22, nan 
-103.875, 82.125, 3.785943915961382e-22, nan 
-103.625, 82.125, 3.314971737383192e-22, nan 
-103.375, 82.125, 1.8935455369491278e-22, nan 
-103.125, 82.125, 1.542405961229291e-22, nan 
-102.875, 82.125, 1.5840656402734745e-22, nan 
-102.625, 82.125, 1.5958385384629962e-22, nan 
-102.375, 82.125, 1.888896225814334e-22, nan 
-102.125, 82.125, 1.6627254208958701e-22, nan 
-101.875, 82.125, 1.8304218926381176e-22, nan 
-101.625, 82.125, 1.6903523314198602e-22, nan 
-101.375, 82.125, 9.624273679414783e-23, nan 
-101.125, 82.125, 7.928794517308195e-23, nan 
-100.875, 82.125, 8.055636353579698e-23, nan 
-100.625, 82.125, 1.0135554565759631e-22, nan 
-100.375, 82.125, 9.232570510082172e-23, nan 
-100.125, 82.125, 9.825205594389324e-23, nan 
-99.875, 82.125, 9.61372156700255e-23, nan 
-99.625, 82.125, 6.949226521255313e-23, nan 
-99.375, 82.125, 9.077310411048268e-23, nan 
-99.125, 82.125, 9.141037114524595e-23, nan 
-98.875, 82.125, 9.83456422667742e-23, nan 
-98.625, 82.125, 9.782411293618735e-23, nan 
-98.375, 82.125, 9.029182756305542e-23, nan 
-98.125, 82.125, 9.549497175944509e-23, nan 
-97.875, 82.125, 8.470109603834967e-23, nan 
-97.625, 82.125, 9.478112909406184e-23, nan 
-97.375, 82.125, 1.0026927244682264e-22, nan 
-97.125, 82.125, 1.2468934331872756e-22, nan 
-96.875, 82.125, 1.3774096894577862e-22, nan 
-96.625, 82.125, 1.4105236555081466e-22, nan 
-96.375, 82.125, 1.7290840731588783e-22, nan 
-96.125, 82.125, 1.8067294393573333e-22, nan 
-95.875, 82.125, 1.7300965715388153e-22, nan 
-95.625, 82.125, 1.6774847999647917e-22, nan 
-95.375, 82.125, 1.7885712747314935e-22, nan 
-95.125, 82.125, 1.9739435986767598e-22, nan 
-94.875, 82.125, 2.0866129459755176e-22, nan 
-94.625, 82.125, 1.9111014810006479e-22, nan 
-94.375, 82.125, 2.3402910881805375e-22, nan 
-94.125, 82.125, 1.9273684068682162e-22, nan 
-93.875, 82.125, 1.720718533887691e-22, nan 
-93.625, 82.125, 1.6882926616572563e-22, nan 
-93.375, 82.125, 1.7561638365273656e-22, nan 
-93.125, 82.125, 1.9273701604936278e-22, nan 
-92.875, 82.125, 1.8693605571965161e-22, nan 
-92.625, 82.125, 2.26330358648576e-22, nan 
-92.375, 82.125, 2.774827290100072e-22, nan 
-92.125, 82.125, 3.134517010912489e-22, nan 
-91.875, 82.125, 3.0336004426582303e-22, nan 
-91.625, 82.125, 3.164943913446008e-22, nan 
-91.375, 82.125, 3.2513169842907445e-22, nan 
-91.125, 82.125, 3.6973940837694405e-22, nan 
-90.875, 82.125, 3.7865118787344382e-22, nan 
-90.625, 82.125, 3.3705203547313516e-22, nan 
-90.375, 82.125, 4.2936009109126e-22, nan 
-90.125, 82.125, 4.083524494285422e-22, nan 
-89.875, 82.125, 4.0194788390951394e-22, nan 
-89.625, 82.125, 3.9600455256975003e-22, nan 
-89.375, 82.125, 4.027374420042008e-22, nan 
-89.125, 82.125, 3.754345564698375e-22, nan 
-88.875, 82.125, 3.5528772363664183e-22, nan 
-88.625, 82.125, 3.619057218031938e-22, nan 
-88.375, 82.125, 3.7244666338902474e-22, nan 
-88.125, 82.125, 3.01215256190802e-22, nan 
-87.875, 82.125, 3.3097033450340817e-22, nan 
-87.625, 82.125, 3.5104962066644374e-22, nan 
-87.375, 82.125, 3.645254262845293e-22, nan 
-87.125, 82.125, 4.406727221134363e-22, nan 
-86.875, 82.125, 3.5904194426598597e-22, nan 
-86.625, 82.125, 3.1339014845533486e-22, nan 
-86.375, 82.125, 3.8059221488389004e-22, nan 
-86.125, 82.125, 4.1074001258886715e-22, nan 
-85.875, 82.125, 4.15482103661467e-22, nan 
-85.625, 82.125, 2.6680617206308885e-22, nan 
-85.375, 82.125, 3.60303083996871e-22, nan 
-85.125, 82.125, 3.8687738233210158e-22, nan 
-84.875, 82.125, 2.7254091608086405e-22, nan 
-84.625, 82.125, 1.574364866735741e-22, nan 
-84.375, 82.125, 2.205933291367131e-22, nan 
-84.125, 82.125, 2.429565091620405e-22, nan 
-83.875, 82.125, 2.8460458833786343e-22, nan 
-83.625, 82.125, 2.601753485140634e-22, nan 
-83.375, 82.125, 6.019199051635541e-22, nan 
-83.125, 82.125, 6.114447329508067e-22, nan 
-82.875, 82.125, 1.4564630624557597e-21, nan 
-82.625, 82.125, 3.5812734368404456e-21, nan 
-82.375, 82.125, 4.282780360648945e-21, nan 
-82.125, 82.125, 5.1256125784881956e-21, nan 
-81.875, 82.125, 5.217403385866043e-21, nan 
-81.625, 82.125, 5.158830180082543e-21, nan 
-81.375, 82.125, 4.940042467548288e-21, nan 
-81.125, 82.125, 4.357247589410064e-21, nan 
-80.875, 82.125, 4.813463146011759e-21, nan 
-80.625, 82.125, 5.932633737925459e-21, nan 
-80.375, 82.125, 5.7695156758313374e-21, nan 
-80.125, 82.125, 5.661060153698347e-21, nan 
-79.875, 82.125, 5.693795659218748e-21, nan 
-79.625, 82.125, 5.485697486386272e-21, nan 
-79.375, 82.125, 4.935037883825866e-21, nan 
-79.125, 82.125, 4.103427950520735e-21, nan 
-78.875, 82.125, 4.010222391387657e-21, nan 
-78.625, 82.125, 3.669888407976489e-21, nan 
-78.375, 82.125, 2.8985631441934074e-21, nan 
-78.125, 82.125, 4.291085220690568e-21, nan 
-77.875, 82.125, 2.722833513805021e-21, nan 
-77.625, 82.125, 2.4290487558275637e-21, nan 
-77.375, 82.125, 3.0976378621008598e-21, nan 
-77.125, 82.125, 3.2844075166041232e-21, nan 
-76.875, 82.125, 3.627464104576239e-21, nan 
-76.625, 82.125, 4.180287659827403e-21, nan 
-76.375, 82.125, 4.6314387521065844e-21, nan 
-76.125, 82.125, 4.607329986604798e-21, nan 
-75.875, 82.125, 3.548440864314855e-21, nan 
-75.625, 82.125, 4.22568640311409e-21, nan 
-75.375, 82.125, 4.484015281576483e-21, nan 
-75.125, 82.125, 5.393386671075404e-21, nan 
-74.875, 82.125, 6.358482378362543e-21, nan 
-74.625, 82.125, 6.985848732682253e-21, nan 
-74.375, 82.125, 7.383817710817326e-21, nan 
-74.125, 82.125, 5.988258730505082e-21, nan 
-73.875, 82.125, 5.215516402482687e-21, nan 
-73.625, 82.125, 4.862270748667311e-21, nan 
-73.375, 82.125, 4.4297808096055385e-21, nan 
-73.125, 82.125, 4.558780287210375e-21, nan 
-72.875, 82.125, 8.537736716185487e-21, nan 
-72.625, 82.125, 1.192317127675185e-20, nan 
-72.375, 82.125, 1.2330031878219356e-20, nan 
-72.125, 82.125, 1.459184217424916e-20, nan 
-71.875, 82.125, 1.4772933212804064e-20, nan 
-71.625, 82.125, 1.3665636015043208e-20, nan 
-71.375, 82.125, 9.360561709832376e-21, nan 
-71.125, 82.125, 8.231198161770333e-21, nan 
-70.875, 82.125, 1.0224220441493727e-20, nan 
-70.625, 82.125, 1.1110668422589816e-20, nan 
-70.375, 82.125, 1.1683140065242398e-20, nan 
-70.125, 82.125, 1.1738210456980422e-20, nan 
-69.875, 82.125, 1.1246866686631355e-20, nan 
-69.625, 82.125, 8.477781026374172e-21, nan 
-69.375, 82.125, 5.687556845434683e-21, nan 
-69.125, 82.125, 2.1220730316999735e-21, nan 
-68.875, 82.125, 1.9912178787689477e-21, nan 
-68.625, 82.125, 3.3208211337036987e-21, nan 
-68.375, 82.125, 3.3378086677581283e-21, nan 
-68.125, 82.125, 2.5245230812943966e-21, nan 
-67.875, 82.125, 1.971627984049239e-21, nan 
-67.625, 82.125, 1.6964750857581583e-21, nan 
-67.375, 82.125, 1.5511098759843444e-21, nan 
-67.125, 82.125, 1.4546126094817338e-21, nan 
-66.875, 82.125, 1.4725183090870231e-21, nan 
-66.625, 82.125, 1.2372769774964094e-21, nan 
-66.375, 82.125, 1.0567478934849133e-21, nan 
-66.125, 82.125, 9.855666891888008e-22, nan 
-65.875, 82.125, 1.0035422538596814e-21, nan 
-65.625, 82.125, 9.092606140965974e-22, nan 
-65.375, 82.125, 9.564259863102209e-22, nan 
-65.125, 82.125, 1.1378428102849838e-21, nan 
-64.875, 82.125, 1.4167353372463137e-21, nan 
-64.625, 82.125, 2.1843510030932363e-21, nan 
-64.375, 82.125, 1.9243590399016747e-21, nan 
-64.125, 82.125, 1.6516730032707684e-21, nan 
-63.875, 82.125, 1.4341341439925378e-21, nan 
-63.625, 82.125, 1.9593555928138797e-21, nan 
-63.375, 82.125, 2.4393849964888838e-21, nan 
-63.125, 82.125, 3.095102758690581e-21, nan 
-62.875, 82.125, 4.792611431913099e-21, nan 
-62.625, 82.125, 4.437895537882572e-21, nan 
-62.375, 82.125, 4.5458393680525864e-21, nan 
-62.125, 82.125, 4.162837811643572e-21, nan 
-61.875, 82.125, 4.006984594532256e-21, nan 
-61.625, 82.125, 4.3582700086887176e-21, nan 
-61.375, 82.125, 4.843851822912644e-21, nan 
-61.125, 82.125, 5.8553726806022115e-21, nan 
-60.875, 82.125, 1.1308374667048277e-20, nan 
-60.625, 82.125, 1.3425015719604649e-20, nan 
-60.375, 82.125, 1.5872221515209355e-20, nan 
-60.125, 82.125, 2.064888331243237e-20, nan 
-59.875, 82.125, 1.659696315822471e-20, nan 
-59.625, 82.125, 1.6656307546837086e-20, nan 
-59.375, 82.125, 1.6585999529750793e-20, nan 
-59.125, 82.125, 1.7659081386259427e-20, nan 
-58.875, 82.125, 2.1381840879964703e-20, nan 
-58.625, 82.125, 2.4273499869837018e-20, nan 
-58.375, 82.125, 3.062468601527007e-20, nan 
-58.125, 82.125, 2.5626180693292828e-20, nan 
-57.875, 82.125, 2.4066482391751347e-20, nan 
-57.625, 82.125, 2.3378070198873527e-20, nan 
-57.375, 82.125, 1.604872517273638e-20, nan 
-57.125, 82.125, 1.379168106191581e-20, nan 
-56.875, 82.125, 1.2439484276481776e-20, nan 
-56.625, 82.125, 7.927218101695585e-21, nan 
-56.375, 82.125, 1.3462959111791457e-20, nan 
-56.125, 82.125, 1.4570718082815994e-20, nan 
-55.875, 82.125, 1.397939143849553e-20, nan 
-55.625, 82.125, 1.3028638897344365e-20, nan 
-55.375, 82.125, 9.300988298281974e-21, nan 
-55.125, 82.125, 7.0508619556135e-21, nan 
-54.875, 82.125, 6.836997011103533e-21, nan 
-54.625, 82.125, 6.507014010764788e-21, nan 
-54.375, 82.125, 5.6018068508220186e-21, nan 
-54.125, 82.125, 4.320862350159828e-21, nan 
-53.875, 82.125, 3.789495408556729e-21, nan 
-53.625, 82.125, 3.2510080200845455e-21, nan 
-53.375, 82.125, 2.8517040830185428e-21, nan 
-53.125, 82.125, 2.470138672431884e-21, nan 
-52.875, 82.125, 2.376780544043422e-21, nan 
-52.625, 82.125, 2.408586801102771e-21, nan 
-52.375, 82.125, 2.543618266334438e-21, nan 
-52.125, 82.125, 2.2590455594924246e-21, nan 
-51.875, 82.125, 2.386008603615231e-21, nan 
-51.625, 82.125, 2.495729862626119e-21, nan 
-51.375, 82.125, 2.867625762053146e-21, nan 
-51.125, 82.125, 3.1995019440143853e-21, nan 
-50.875, 82.125, 3.32130777023111e-21, nan 
-50.625, 82.125, 3.3513714346471275e-21, nan 
-50.375, 82.125, 4.105313595841323e-21, nan 
-50.125, 82.125, 3.931637150911368e-21, nan 
-49.875, 82.125, 3.904808073433817e-21, nan 
-49.625, 82.125, 3.78278556037826e-21, nan 
-49.375, 82.125, 3.3082901878456897e-21, nan 
-49.125, 82.125, 3.695650448578405e-21, nan 
-48.875, 82.125, 3.530686158024521e-21, nan 
-48.625, 82.125, 4.279780006406282e-21, nan 
-48.375, 82.125, 4.33849428379692e-21, nan 
-48.125, 82.125, 4.0015500659930525e-21, nan 
-47.875, 82.125, 3.570976472032691e-21, nan 
-47.625, 82.125, 2.847237523470328e-21, nan 
-47.375, 82.125, 3.516743993903743e-21, nan 
-47.125, 82.125, 5.982510354135798e-21, nan 
-46.875, 82.125, 8.379454279358795e-21, nan 
-46.625, 82.125, 1.2702716725731277e-20, nan 
-46.375, 82.125, 1.421280065404322e-20, nan 
-46.125, 82.125, 2.1427555282159476e-20, nan 
-45.875, 82.125, 2.792646990396118e-20, nan 
-45.625, 82.125, 3.093039072757877e-20, nan 
-45.375, 82.125, 3.207098329691485e-20, nan 
-45.125, 82.125, 3.437816882260605e-20, nan 
-44.875, 82.125, 4.4499835126834214e-20, nan 
-44.625, 82.125, 4.9026921620326685e-20, nan 
-44.375, 82.125, 4.662183844954506e-20, nan 
-44.125, 82.125, 4.8318925160864615e-20, nan 
-43.875, 82.125, 5.238198380355616e-20, nan 
-43.625, 82.125, 5.3093486049244276e-20, nan 
-43.375, 82.125, 5.05936546952507e-20, nan 
-43.125, 82.125, 5.1891914380746226e-20, nan 
-42.875, 82.125, 5.0848483255591007e-20, nan 
-42.625, 82.125, 4.249655771888385e-20, nan 
-42.375, 82.125, 4.1800745458395504e-20, nan 
-42.125, 82.125, 4.468788783255803e-20, nan 
-41.875, 82.125, 4.3840035822675405e-20, nan 
-41.625, 82.125, 3.990128998644217e-20, nan 
-41.375, 82.125, 3.095248948243139e-20, nan 
-41.125, 82.125, 3.3908050191120184e-20, nan 
-40.875, 82.125, 3.4509341726450206e-20, nan 
-40.625, 82.125, 3.7505431229432124e-20, nan 
-40.375, 82.125, 4.345474859989182e-20, nan 
-40.125, 82.125, 3.422752053156306e-20, nan 
-39.875, 82.125, 2.486723085763897e-20, nan 
-39.625, 82.125, 2.937224236188983e-20, nan 
-39.375, 82.125, 3.596514369276045e-20, nan 
-39.125, 82.125, 3.481891886550761e-20, nan 
-38.875, 82.125, 3.342896956289134e-20, nan 
-38.625, 82.125, 2.8799873266050436e-20, nan 
-38.375, 82.125, 2.5413618056817733e-20, nan 
-38.125, 82.125, 2.4672469427846502e-20, nan 
-37.875, 82.125, 2.832069842901073e-20, nan 
-37.625, 82.125, 2.7458278274345266e-20, nan 
-37.375, 82.125, 3.792908247025179e-20, nan 
-37.125, 82.125, 6.910118411840576e-20, nan 
-36.875, 82.125, 5.830664698550669e-20, nan 
-36.625, 82.125, 4.022955272749878e-20, nan 
-36.375, 82.125, 3.653431375421406e-20, nan 
-36.125, 82.125, 3.468191237639007e-20, nan 
-35.875, 82.125, 2.962512908408468e-20, nan 
-35.625, 82.125, 4.251070915067609e-20, nan 
-35.375, 82.125, 6.781046462658862e-20, nan 
-35.125, 82.125, 6.130816241030911e-20, nan 
-34.875, 82.125, 3.7887750522236805e-20, nan 
-34.625, 82.125, 3.1074079956768823e-20, nan 
-34.375, 82.125, 2.70141397729779e-20, nan 
-34.125, 82.125, 2.748422147965695e-20, nan 
-33.875, 82.125, 3.0907902687849406e-20, nan 
-33.625, 82.125, 3.8907263456835e-20, nan 
-33.375, 82.125, 4.846975175222416e-20, nan 
-33.125, 82.125, 5.0058045467751453e-20, nan 
-32.875, 82.125, 6.130519801109112e-20, nan 
-32.625, 82.125, 3.57430769559631e-20, nan 
-32.375, 82.125, 3.049921882447347e-20, nan 
-32.125, 82.125, 3.742135367809273e-20, nan 
-31.875, 82.125, 4.646072704515591e-20, nan 
-31.625, 82.125, 5.161649693551155e-20, nan 
-31.375, 82.125, 3.6776302069476917e-20, nan 
-31.125, 82.125, 2.3388096180361558e-20, nan 
-30.875, 82.125, 2.0584187181074642e-20, nan 
-30.625, 82.125, 2.160923568930271e-20, nan 
-30.375, 82.125, 1.9406972068987554e-20, nan 
-30.125, 82.125, 1.8634000448092276e-20, nan 
-29.875, 82.125, 1.748306181929975e-20, nan 
-29.625, 82.125, 2.0075976689267183e-20, nan 
-29.375, 82.125, 2.5855624893699987e-20, nan 
-29.125, 82.125, 3.1983152505455304e-20, nan 
-28.875, 82.125, 3.870647284613804e-20, nan 
-28.625, 82.125, 4.035323195927276e-20, nan 
-28.375, 82.125, 3.555633296388353e-20, nan 
-28.125, 82.125, 1.8924868468020253e-20, nan 
-27.875, 82.125, 1.472669051657653e-20, nan 
-27.625, 82.125, 2.5112389586772568e-20, nan 
-27.375, 82.125, 3.471921347598833e-20, nan 
-27.125, 82.125, 4.6143128148849106e-20, nan 
-26.875, 82.125, 5.664354743792451e-20, nan 
-26.625, 82.125, 5.499458602853351e-20, nan 
-26.375, 82.125, 4.085894372557549e-20, nan 
-26.125, 82.125, 4.6528236364808017e-20, nan 
-25.875, 82.125, 4.319768841239431e-20, nan 
-25.625, 82.125, 4.0407787629170057e-20, nan 
-25.375, 82.125, 3.583109049513803e-20, nan 
-25.125, 82.125, 2.586835129292811e-20, nan 
-24.875, 82.125, 2.6625750686308723e-20, nan 
-24.625, 82.125, 3.9958395345518305e-20, nan 
-24.375, 82.125, 4.968095734316801e-20, nan 
-24.125, 82.125, 4.320836458668622e-20, nan 
-23.875, 82.125, 4.0706651011053477e-20, nan 
-23.625, 82.125, 3.2827359607354544e-20, nan 
-23.375, 82.125, 2.3733023798460198e-20, nan 
-23.125, 82.125, 2.3060697804290365e-20, nan 
-22.875, 82.125, 2.841096443956542e-20, nan 
-22.625, 82.125, 3.526799257251013e-20, nan 
-22.375, 82.125, 2.968380223764849e-20, nan 
-22.125, 82.125, 3.273477017506359e-20, nan 
-21.875, 82.125, 4.7443203411369605e-20, nan 
-21.625, 82.125, 6.648550470452588e-20, nan 
-21.375, 82.125, 4.0329829383920405e-20, nan 
-21.125, 82.125, 2.931700046866405e-20, nan 
-20.875, 82.125, 2.516648537822891e-20, nan 
-20.625, 82.125, 3.198227875629262e-20, nan 
-20.375, 82.125, 3.589873848695295e-20, nan 
-20.125, 82.125, 3.4520620508526754e-20, nan 
-19.875, 82.125, 3.2553088983234594e-20, nan 
-19.625, 82.125, 2.9830211802346027e-20, nan 
-19.375, 82.125, 2.1677887279036574e-20, nan 
-19.125, 82.125, 1.563451852165349e-20, nan 
-18.875, 82.125, 1.789547685799943e-20, nan 
-18.625, 82.125, 1.959851959154774e-20, nan 
-18.375, 82.125, 1.4828019417604556e-20, nan 
-18.125, 82.125, 1.0693061026963409e-20, nan 
-17.875, 82.125, 2.918660146215323e-20, nan 
-17.625, 82.125, 3.872392412465957e-20, nan 
-17.375, 82.125, 2.1343781899606292e-20, nan 
-17.125, 82.125, 3.8135978689994996e-21, nan 
-16.875, 82.125, 1.2611697848199786e-20, nan 
-16.625, 82.125, 1.8797515940385516e-20, nan 
-16.375, 82.125, 2.88050303123767e-20, nan 
-16.125, 82.125, 6.087450207291167e-20, nan 
-15.875, 82.125, 7.468845792478082e-20, nan 
-15.625, 82.125, 5.497608839556781e-20, nan 
-15.375, 82.125, 3.6166851412079313e-20, nan 
-15.125, 82.125, 3.593769950908027e-20, nan 
-14.875, 82.125, 2.6502369145107418e-20, nan 
-14.625, 82.125, 2.903175023389979e-20, nan 
-14.375, 82.125, 5.095049571675234e-20, nan 
-14.125, 82.125, 6.217013761308037e-20, nan 
-13.875, 82.125, 4.9165590222244523e-20, nan 
-13.625, 82.125, 3.5968230734742535e-20, nan 
-13.375, 82.125, 2.85117726965899e-20, nan 
-13.125, 82.125, 2.219206473051047e-20, nan 
-12.875, 82.125, 1.966007188004252e-20, nan 
-12.625, 82.125, 1.9758045247727676e-20, nan 
-12.375, 82.125, 1.9001786076914518e-20, nan 
-12.125, 82.125, 1.7482126568931517e-20, nan 
-11.875, 82.125, 1.618855021375507e-20, nan 
-11.625, 82.125, 1.5290761420961146e-20, nan 
-11.375, 82.125, 1.420109447720426e-20, nan 
-11.125, 82.125, 1.4020098955904393e-20, nan 
-10.875, 82.125, 1.5604103220193357e-20, nan 
-10.625, 82.125, 1.5246068410251163e-20, nan 
-10.375, 82.125, 1.1198779231832597e-20, nan 
-10.125, 82.125, 9.697645831015268e-21, nan 
-9.875, 82.125, 9.64142839110945e-21, nan 
-9.625, 82.125, 1.2221445252188861e-20, nan 
-9.375, 82.125, 1.1173247893496616e-20, nan 
-9.125, 82.125, 1.2232543071164389e-20, nan 
-8.875, 82.125, 1.2443404352382907e-20, nan 
-8.625, 82.125, 1.2345044885462123e-20, nan 
-8.375, 82.125, 1.3607961712198355e-20, nan 
-8.125, 82.125, 1.4175145971315363e-20, nan 
-7.875, 82.125, 1.521531685226324e-20, nan 
-7.625, 82.125, 1.4921119816150926e-20, nan 
-7.375, 82.125, 1.4363308356744406e-20, nan 
-7.125, 82.125, 1.349762634171166e-20, nan 
-6.875, 82.125, 1.2378006372822007e-20, nan 
-6.625, 82.125, 1.1403146363348638e-20, nan 
-6.375, 82.125, 1.1418336731742017e-20, nan 
-6.125, 82.125, 1.1636363812063485e-20, nan 
-5.875, 82.125, 9.910512517482009e-21, nan 
-5.625, 82.125, 7.580416622384194e-21, nan 
-5.375, 82.125, 7.009689017428267e-21, nan 
-5.125, 82.125, 7.329743401740143e-21, nan 
-4.875, 82.125, 7.244263799631115e-21, nan 
-4.625, 82.125, 6.7193090296443754e-21, nan 
-4.375, 82.125, 6.5940346581827345e-21, nan 
-4.125, 82.125, 6.258775865591958e-21, nan 
-3.875, 82.125, 6.0895542467238205e-21, nan 
-3.625, 82.125, 6.3085143822242654e-21, nan 
-3.375, 82.125, 6.537165179592824e-21, nan 
-3.125, 82.125, 6.881208524421596e-21, nan 
-2.875, 82.125, 7.024254901610784e-21, nan 
-2.625, 82.125, 6.744469582269322e-21, nan 
-2.375, 82.125, 6.770902805468593e-21, nan 
-2.125, 82.125, 7.209249439661236e-21, nan 
-1.875, 82.125, 7.37507607424679e-21, nan 
-1.625, 82.125, 7.031611227733997e-21, nan 
-1.375, 82.125, 6.758524760509775e-21, nan 
-1.125, 82.125, 6.671318882351347e-21, nan 
-0.875, 82.125, 6.057324175787724e-21, nan 
-0.625, 82.125, 5.044381787791026e-21, nan 
-0.375, 82.125, 4.741259110369105e-21, nan 
-0.125, 82.125, 5.4147690475189366e-21, nan 
0.125, 82.125, 5.412214927507229e-21, nan 
0.375, 82.125, 4.075699970832201e-21, nan 
0.625, 82.125, 3.3575617070307987e-21, nan 
0.875, 82.125, 3.206926074796864e-21, nan 
1.125, 82.125, 3.183722270076596e-21, nan 
1.375, 82.125, 2.808860505454634e-21, nan 
1.625, 82.125, 2.557014732600246e-21, nan 
1.875, 82.125, 3.075146148355549e-21, nan 
2.125, 82.125, 3.400479968490714e-21, nan 
2.375, 82.125, 3.0353897966658078e-21, nan 
2.625, 82.125, 2.9600099435525974e-21, nan 
2.875, 82.125, 3.1404745412864425e-21, nan 
3.125, 82.125, 3.459855336582208e-21, nan 
3.375, 82.125, 3.7715575089708095e-21, nan 
3.625, 82.125, 3.949555549369012e-21, nan 
3.875, 82.125, 3.989112763512443e-21, nan 
4.125, 82.125, 4.07347511286487e-21, nan 
4.375, 82.125, 3.988904018115809e-21, nan 
4.625, 82.125, 3.498835169099884e-21, nan 
4.875, 82.125, 3.229525378123976e-21, nan 
5.125, 82.125, 2.967472466898739e-21, nan 
5.375, 82.125, 3.1866085110427184e-21, nan 
5.625, 82.125, 3.0044007875361553e-21, nan 
5.875, 82.125, 2.7355185841743527e-21, nan 
6.125, 82.125, 2.194629209060623e-21, nan 
6.375, 82.125, 1.6755073055042873e-21, nan 
6.625, 82.125, 1.4640999489068418e-21, nan 
6.875, 82.125, 1.6393426650086646e-21, nan 
7.125, 82.125, 2.0586339793398784e-21, nan 
7.375, 82.125, 1.726917619727231e-21, nan 
7.625, 82.125, 1.3355088296552723e-21, nan 
7.875, 82.125, 1.2332112359770612e-21, nan 
8.125, 82.125, 1.4675412228688622e-21, nan 
8.375, 82.125, 2.0662848825357547e-21, nan 
8.625, 82.125, 2.335926995937927e-21, nan 
8.875, 82.125, 2.2504142124320592e-21, nan 
9.125, 82.125, 2.048765571647917e-21, nan 
9.375, 82.125, 2.0380039945246593e-21, nan 
9.625, 82.125, 2.2374814069039663e-21, nan 
9.875, 82.125, 2.670413069145041e-21, nan 
10.125, 82.125, 2.7520616765115067e-21, nan 
10.375, 82.125, 2.5367485343189336e-21, nan 
10.625, 82.125, 2.2090157407848877e-21, nan 
10.875, 82.125, 2.148988430039815e-21, nan 
11.125, 82.125, 2.0768467071067248e-21, nan 
11.375, 82.125, 2.1329471667211936e-21, nan 
11.625, 82.125, 2.1303987125144413e-21, nan 
11.875, 82.125, 1.8754988321369884e-21, nan 
12.125, 82.125, 1.5649984912133572e-21, nan 
12.375, 82.125, 1.0434706463342548e-21, nan 
12.625, 82.125, 9.773141040859167e-22, nan 
12.875, 82.125, 1.1905369840861416e-21, nan 
13.125, 82.125, 9.644486616474286e-22, nan 
13.375, 82.125, 7.643882509574116e-22, nan 
13.625, 82.125, 7.941732621369986e-22, nan 
13.875, 82.125, 7.90523730948373e-22, nan 
14.125, 82.125, 8.228391888877063e-22, nan 
14.375, 82.125, 8.084055554095153e-22, nan 
14.625, 82.125, 7.557197030896675e-22, nan 
14.875, 82.125, 8.602837199206981e-22, nan 
15.125, 82.125, 9.20134268864224e-22, nan 
15.375, 82.125, 9.64601660963437e-22, nan 
15.625, 82.125, 8.433863511478155e-22, nan 
15.875, 82.125, 7.386446467502616e-22, nan 
16.125, 82.125, 8.384112805406658e-22, nan 
16.375, 82.125, 8.723003716127383e-22, nan 
16.625, 82.125, 8.838331039715727e-22, nan 
16.875, 82.125, 8.15587219786258e-22, nan 
17.125, 82.125, 6.611245440166045e-22, nan 
17.375, 82.125, 6.057176440481764e-22, nan 
17.625, 82.125, 5.3804042466951355e-22, nan 
17.875, 82.125, 4.776988578218397e-22, nan 
18.125, 82.125, 4.774361881921412e-22, nan 
18.375, 82.125, 5.145240920927498e-22, nan 
18.625, 82.125, 4.234614758827561e-22, nan 
18.875, 82.125, 3.2710241946435005e-22, nan 
19.125, 82.125, 2.792808992507049e-22, nan 
19.375, 82.125, 3.3889072895774497e-22, nan 
19.625, 82.125, 3.2617531723660724e-22, nan 
19.875, 82.125, 2.2212054168021867e-22, nan 
20.125, 82.125, 1.231280084847789e-22, nan 
20.375, 82.125, 1.200078239447174e-22, nan 
20.625, 82.125, 1.392935036181459e-22, nan 
20.875, 82.125, 1.8908039980741616e-22, nan 
21.125, 82.125, 1.8886700389751039e-22, nan 
21.375, 82.125, 2.536900036544593e-22, nan 
21.625, 82.125, 3.0799797104713e-22, nan 
21.875, 82.125, 3.155036468578647e-22, nan 
22.125, 82.125, 3.2077923903742815e-22, nan 
22.375, 82.125, 3.6333103176597896e-22, nan 
22.625, 82.125, 4.332948573412804e-22, nan 
22.875, 82.125, 4.599108525512799e-22, nan 
23.125, 82.125, 4.107990445668981e-22, nan 
23.375, 82.125, 3.778515661298643e-22, nan 
23.625, 82.125, 4.1806297419444786e-22, nan 
23.875, 82.125, 4.476012034522563e-22, nan 
24.125, 82.125, 5.05346886748548e-22, nan 
24.375, 82.125, 6.4258011092637915e-22, nan 
24.625, 82.125, 8.0918135195885e-22, nan 
24.875, 82.125, 8.792984026002095e-22, nan 
25.125, 82.125, 1.0390067761348241e-21, nan 
25.375, 82.125, 1.2293269761917712e-21, nan 
25.625, 82.125, 1.3766027337977872e-21, nan 
25.875, 82.125, 1.271550884265687e-21, nan 
26.125, 82.125, 9.619272530057983e-22, nan 
26.375, 82.125, 1.047765335106336e-21, nan 
26.625, 82.125, 1.1522388727496788e-21, nan 
26.875, 82.125, 1.1943716251412323e-21, nan 
27.125, 82.125, 1.6342931306739096e-21, nan 
27.375, 82.125, 1.8261712022640407e-21, nan 
27.625, 82.125, 1.6513357886538055e-21, nan 
27.875, 82.125, 1.3001095807999452e-21, nan 
28.125, 82.125, 1.2280316445161512e-21, nan 
28.375, 82.125, 1.3472651311055474e-21, nan 
28.625, 82.125, 1.0834027300378918e-21, nan 
28.875, 82.125, 1.1299464487625305e-21, nan 
29.125, 82.125, 1.4461193725312178e-21, nan 
29.375, 82.125, 1.533573438854299e-21, nan 
29.625, 82.125, 1.66907117961249e-21, nan 
29.875, 82.125, 1.7114942722974157e-21, nan 
30.125, 82.125, 1.3921629187092021e-21, nan 
30.375, 82.125, 1.7891942914726062e-21, nan 
30.625, 82.125, 2.030971728588414e-21, nan 
30.875, 82.125, 2.0510554323573215e-21, nan 
31.125, 82.125, 1.7403578426318842e-21, nan 
31.375, 82.125, 2.3834103254732586e-21, nan 
31.625, 82.125, 2.4951651233537278e-21, nan 
31.875, 82.125, 2.050713254156362e-21, nan 
32.125, 82.125, 2.314749668952783e-21, nan 
32.375, 82.125, 2.045137374519574e-21, nan 
32.625, 82.125, 1.4984038341563637e-21, nan 
32.875, 82.125, 1.0232695191935953e-21, nan 
33.125, 82.125, 1.4236690216643877e-21, nan 
33.375, 82.125, 1.696626785350099e-21, nan 
33.625, 82.125, 1.8913084730088494e-21, nan 
33.875, 82.125, 2.1541651925297857e-21, nan 
34.125, 82.125, 1.6471635859060796e-21, nan 
34.375, 82.125, 1.369275148473615e-21, nan 
34.625, 82.125, 1.7398186850423574e-21, nan 
34.875, 82.125, 1.602981567960559e-21, nan 
35.125, 82.125, 1.2542074689548409e-21, nan 
35.375, 82.125, 1.524913862862263e-21, nan 
35.625, 82.125, 2.290207099192675e-21, nan 
35.875, 82.125, 1.6736447181445072e-21, nan 
36.125, 82.125, 1.6604952550670344e-21, nan 
36.375, 82.125, 2.5204252418280355e-21, nan 
36.625, 82.125, 2.1357476701722824e-21, nan 
36.875, 82.125, 1.7575474500621683e-21, nan 
37.125, 82.125, 1.9033779882919885e-21, nan 
37.375, 82.125, 2.314388787422948e-21, nan 
37.625, 82.125, 2.089970489742709e-21, nan 
37.875, 82.125, 2.5490638970379237e-21, nan 
38.125, 82.125, 2.3918188752394595e-21, nan 
38.375, 82.125, 1.881881709870563e-21, nan 
38.625, 82.125, 1.9260137410303762e-21, nan 
38.875, 82.125, 1.9261945136182746e-21, nan 
39.125, 82.125, 1.8842659183899477e-21, nan 
39.375, 82.125, 1.5063339658547645e-21, nan 
39.625, 82.125, 1.1227408404095867e-21, nan 
39.875, 82.125, 8.540432407497396e-22, nan 
40.125, 82.125, 1.1555684484696158e-21, nan 
40.375, 82.125, 8.048858792212644e-22, nan 
40.625, 82.125, 7.991604953609667e-22, nan 
40.875, 82.125, 7.351898400465563e-22, nan 
41.125, 82.125, 5.361983249972972e-22, nan 
41.375, 82.125, 4.9367751297804835e-22, nan 
41.625, 82.125, 4.542812838105667e-22, nan 
41.875, 82.125, 4.126485398461431e-22, nan 
42.125, 82.125, 3.052179449948834e-22, nan 
42.375, 82.125, 3.324939622059938e-22, nan 
42.625, 82.125, 2.323858213768748e-22, nan 
42.875, 82.125, 1.5828820158106408e-22, nan 
43.125, 82.125, 1.7095928845424174e-22, nan 
43.375, 82.125, 2.4614114082109953e-22, nan 
43.625, 82.125, 2.9120593891609686e-22, nan 
43.875, 82.125, 2.6465964519020767e-22, nan 
44.125, 82.125, 3.1459462359122795e-22, nan 
44.375, 82.125, 8.227416634228709e-22, nan 
44.625, 82.125, 5.626544455807657e-22, nan 
44.875, 82.125, 4.423507063956109e-22, nan 
45.125, 82.125, 7.0622318650573605e-22, nan 
45.375, 82.125, 6.651955749302191e-22, nan 
45.625, 82.125, 6.208428567967791e-22, nan 
45.875, 82.125, 5.391437756570412e-22, nan 
46.125, 82.125, 5.461142900276736e-22, nan 
46.375, 82.125, 5.158426279905945e-22, nan 
46.625, 82.125, 4.759681068804064e-22, nan 
46.875, 82.125, 4.2170713932169143e-22, nan 
47.125, 82.125, 3.825218107531468e-22, nan 
47.375, 82.125, 3.654057789494199e-22, nan 
47.625, 82.125, 5.127871504317055e-22, nan 
47.875, 82.125, 6.3462675995021485e-22, nan 
48.125, 82.125, 3.2237851781218046e-22, nan 
48.375, 82.125, 3.761458634783873e-22, nan 
48.625, 82.125, 4.561187249906747e-22, nan 
48.875, 82.125, 2.423880564318698e-22, nan 
49.125, 82.125, 1.5555112556408072e-22, nan 
49.375, 82.125, 2.571990385828074e-22, nan 
49.625, 82.125, 1.4285079374093416e-22, nan 
49.875, 82.125, 1.3253592132755201e-22, nan 
50.125, 82.125, 1.2277030297318519e-22, nan 
50.375, 82.125, 1.1974397224701533e-22, nan 
50.625, 82.125, 6.56172638102729e-23, nan 
50.875, 82.125, 1.8077250366317914e-22, nan 
51.125, 82.125, 1.516492022327698e-22, nan 
51.375, 82.125, 1.8206511019395431e-22, nan 
51.625, 82.125, 2.3697533458849698e-22, nan 
51.875, 82.125, 2.7638624235278777e-22, nan 
52.125, 82.125, 2.3850305626196433e-22, nan 
52.375, 82.125, 1.8017845179141324e-22, nan 
52.625, 82.125, 1.5613910730094304e-22, nan 
52.875, 82.125, 1.372960479542811e-22, nan 
53.125, 82.125, 1.3698500262006805e-22, nan 
53.375, 82.125, 1.392863118198378e-22, nan 
53.625, 82.125, 1.1799847474410875e-22, nan 
53.875, 82.125, 1.05167523352604e-22, nan 
54.125, 82.125, 1.0920408679237415e-22, nan 
54.375, 82.125, 1.2207572315381132e-22, nan 
54.625, 82.125, 4.841830338436275e-23, nan 
54.875, 82.125, 8.689957497760151e-23, nan 
55.125, 82.125, 6.449202678700373e-23, nan 
55.375, 82.125, 1.114007434611081e-22, nan 
55.625, 82.125, 4.974906955692701e-23, nan 
55.875, 82.125, 8.948596993200984e-23, nan 
56.125, 82.125, 1.2892637562489434e-22, nan 
56.375, 82.125, 5.799547538536575e-23, nan 
56.625, 82.125, 2.0397297693580226e-22, nan 
56.875, 82.125, 1.4983106983637636e-22, nan 
57.125, 82.125, 1.7597491031363425e-22, nan 
57.375, 82.125, 2.8398083962430665e-22, nan 
57.625, 82.125, 3.422748857375292e-22, nan 
57.875, 82.125, 3.5900025923541243e-22, nan 
58.125, 82.125, 4.771986896595136e-22, nan 
58.375, 82.125, 4.345171501903459e-22, nan 
58.625, 82.125, 3.3869420795331446e-22, nan 
58.875, 82.125, 2.75134109469202e-22, nan 
59.125, 82.125, 4.321737071141515e-22, nan 
59.375, 82.125, 4.346302659584174e-22, nan 
59.625, 82.125, 2.807216931396078e-22, nan 
59.875, 82.125, 3.571046733401203e-22, nan 
60.125, 82.125, 4.609460104058991e-22, nan 
60.375, 82.125, 4.765807175927275e-22, nan 
60.625, 82.125, 4.750925811124725e-22, nan 
60.875, 82.125, 4.287874188839025e-22, nan 
61.125, 82.125, 3.5552324080043942e-22, nan 
61.375, 82.125, 3.1827755197415894e-22, nan 
61.625, 82.125, 2.7617140532388637e-22, nan 
61.875, 82.125, 4.3787560045039075e-22, nan 
62.125, 82.125, 6.285303354079123e-22, nan 
62.375, 82.125, 7.378899113871341e-22, nan 
62.625, 82.125, 7.701450407247378e-22, nan 
62.875, 82.125, 7.396316297928155e-22, nan 
63.125, 82.125, 6.872608561669823e-22, nan 
63.375, 82.125, 5.937104407958962e-22, nan 
63.625, 82.125, 5.113487283393267e-22, nan 
63.875, 82.125, 5.005241417632247e-22, nan 
64.125, 82.125, 5.728620971936148e-22, nan 
64.375, 82.125, 6.695334451006927e-22, nan 
64.625, 82.125, 6.065803050469666e-22, nan 
64.875, 82.125, 5.73106062179476e-22, nan 
65.125, 82.125, 5.501458813768123e-22, nan 
65.375, 82.125, 5.017084048026118e-22, nan 
65.625, 82.125, 4.12541062967113e-22, nan 
65.875, 82.125, 3.3347049821848694e-22, nan 
66.125, 82.125, 3.441967861616873e-22, nan 
66.375, 82.125, 3.4248716767813787e-22, nan 
66.625, 82.125, 3.4267603089743957e-22, nan 
66.875, 82.125, 2.822736436232089e-22, nan 
67.125, 82.125, 3.0205913415001563e-22, nan 
67.375, 82.125, 2.9016227094840234e-22, nan 
67.625, 82.125, 2.6669097826782865e-22, nan 
67.875, 82.125, 3.094373103262367e-22, nan 
68.125, 82.125, 3.1118325640633984e-22, nan 
68.375, 82.125, 3.7052455864422164e-22, nan 
68.625, 82.125, 3.6060986807046844e-22, nan 
68.875, 82.125, 3.6880187666003227e-22, nan 
69.125, 82.125, 3.4553147633051073e-22, nan 
69.375, 82.125, 2.631005346494529e-22, nan 
69.625, 82.125, 2.4500967468921567e-22, nan 
69.875, 82.125, 2.4016034546834116e-22, nan 
70.125, 82.125, 3.2753369268233385e-22, nan 
70.375, 82.125, 3.860785731533926e-22, nan 
70.625, 82.125, 4.515298854765747e-22, nan 
70.875, 82.125, 4.708895349114715e-22, nan 
71.125, 82.125, 2.933772212650874e-22, nan 
71.375, 82.125, 3.339339789055037e-22, nan 
71.625, 82.125, 3.5949839221381722e-22, nan 
71.875, 82.125, 2.0962957927265707e-22, nan 
72.125, 82.125, 3.107379649665306e-22, nan 
72.375, 82.125, 3.5083471090644537e-22, nan 
72.625, 82.125, 4.0714702526737486e-22, nan 
72.875, 82.125, 2.0430464233738635e-22, nan 
73.125, 82.125, 2.2766206984906043e-22, nan 
73.375, 82.125, 3.1569215871402386e-22, nan 
73.625, 82.125, 3.2757850327028133e-22, nan 
73.875, 82.125, 3.9275827962792703e-22, nan 
74.125, 82.125, 4.1310544301348227e-22, nan 
74.375, 82.125, 4.75051255499248e-22, nan 
74.625, 82.125, 2.8200413280104595e-22, nan 
74.875, 82.125, 1.9867662281216952e-22, nan 
75.125, 82.125, 1.5227443999511686e-22, nan 
75.375, 82.125, 1.7185646407878555e-22, nan 
75.625, 82.125, 1.8905705460672512e-22, nan 
75.875, 82.125, 2.0254232174672817e-22, nan 
76.125, 82.125, 2.598919270092418e-22, nan 
76.375, 82.125, 1.9846534477911375e-22, nan 
76.625, 82.125, 1.1765571191656182e-22, nan 
76.875, 82.125, 8.074496152500677e-23, nan 
77.125, 82.125, 9.395252614061578e-23, nan 
77.375, 82.125, 8.422437132012047e-23, nan 
77.625, 82.125, 1.225910969268587e-22, nan 
77.875, 82.125, 1.161760430332312e-22, nan 
78.125, 82.125, 9.872932465297035e-23, nan 
78.375, 82.125, 9.997202874000496e-23, nan 
78.625, 82.125, 1.1765418625010117e-22, nan 
78.875, 82.125, 1.1635140051488816e-22, nan 
79.125, 82.125, 1.0540055349437406e-22, nan 
79.375, 82.125, 8.681279044432261e-23, nan 
79.625, 82.125, 1.0082833251648185e-22, nan 
79.875, 82.125, 9.176315438404648e-23, nan 
80.125, 82.125, 1.247758693656927e-22, nan 
80.375, 82.125, 9.495988974660671e-23, nan 
80.625, 82.125, 7.528818410688711e-23, nan 
80.875, 82.125, 8.844717353518605e-23, nan 
81.125, 82.125, 1.2279677757919011e-22, nan 
81.375, 82.125, 8.955762334613424e-23, nan 
81.625, 82.125, 4.792074533307973e-23, nan 
81.875, 82.125, 8.046016098700866e-23, nan 
82.125, 82.125, 8.322615983268792e-23, nan 
82.375, 82.125, 8.450651972719279e-23, nan 
82.625, 82.125, 7.962317201845608e-23, nan 
82.875, 82.125, 7.84187309833509e-23, nan 
83.125, 82.125, 7.335814186531582e-23, nan 
83.375, 82.125, 8.524932125418247e-23, nan 
83.625, 82.125, 7.914445420330131e-23, nan 
83.875, 82.125, 8.164833204833645e-23, nan 
84.125, 82.125, 8.491642302169917e-23, nan 
84.375, 82.125, 6.845496854999591e-23, nan 
84.625, 82.125, 8.029187661117133e-23, nan 
84.875, 82.125, 7.570744083297772e-23, nan 
85.125, 82.125, 6.312203826224361e-23, nan 
85.375, 82.125, 9.703652870184281e-23, nan 
85.625, 82.125, 7.345069577055986e-23, nan 
85.875, 82.125, 7.580809266125522e-23, nan 
86.125, 82.125, 9.287716758760295e-23, nan 
86.375, 82.125, 1.2040150756058153e-22, nan 
86.625, 82.125, 1.0650046893869308e-22, nan 
86.875, 82.125, 8.734457625332443e-23, nan 
87.125, 82.125, 1.6391485841868956e-22, nan 
87.375, 82.125, 7.954376860509665e-23, nan 
87.625, 82.125, 6.895121456523227e-23, nan 
87.875, 82.125, 9.399924657732231e-23, nan 
88.125, 82.125, 1.029399719943352e-22, nan 
88.375, 82.125, 8.771527921329319e-23, nan 
88.625, 82.125, 1.1606170509502328e-22, nan 
88.875, 82.125, 1.4123496664706524e-22, nan 
89.125, 82.125, 1.1526439394321487e-22, nan 
89.375, 82.125, 1.1441202111311934e-22, nan 
89.625, 82.125, 1.2059046012941085e-22, nan 
89.875, 82.125, 1.2097916324138728e-22, nan 
90.125, 82.125, 9.70648965462687e-23, nan 
90.375, 82.125, 1.1608996186517116e-22, nan 
90.625, 82.125, 1.189055672470616e-22, nan 
90.875, 82.125, 1.2387261021764955e-22, nan 
91.125, 82.125, 1.20552922718269e-22, nan 
91.375, 82.125, 1.2710437808068517e-22, nan 
91.625, 82.125, 1.4410901002817595e-22, nan 
91.875, 82.125, 1.2306649699303568e-22, nan 
92.125, 82.125, 8.1216682552698e-23, nan 
92.375, 82.125, 8.410256586857191e-23, nan 
92.625, 82.125, 1.0399173290270018e-22, nan 
92.875, 82.125, 8.49651833904638e-23, nan 
93.125, 82.125, 9.913316228048015e-23, nan 
93.375, 82.125, 8.701200084874766e-23, nan 
93.625, 82.125, 7.693322673843385e-23, nan 
93.875, 82.125, 7.656988376905114e-23, nan 
94.125, 82.125, 7.142511252047717e-23, nan 
94.375, 82.125, 6.639946163331543e-23, nan 
94.625, 82.125, 6.578279843619123e-23, nan 
94.875, 82.125, 5.971447422290497e-23, nan 
95.125, 82.125, 6.014326169738067e-23, nan 
95.375, 82.125, 5.486203492507582e-23, nan 
95.625, 82.125, 6.002706870287928e-23, nan 
95.875, 82.125, 6.42069556486723e-23, nan 
96.125, 82.125, 5.695679603241407e-23, nan 
96.375, 82.125, 6.892235814456908e-23, nan 
96.625, 82.125, 6.525309477733642e-23, nan 
96.875, 82.125, 5.311081543953569e-23, nan 
97.125, 82.125, 5.31237714098203e-23, nan 
97.375, 82.125, 4.9162451042401703e-23, nan 
97.625, 82.125, 4.7453899611373945e-23, nan 
97.875, 82.125, 4.675399493485122e-23, nan 
98.125, 82.125, 4.4431321586535116e-23, nan 
98.375, 82.125, 3.7514623638648845e-23, nan 
98.625, 82.125, 3.8271933474882664e-23, nan 
98.875, 82.125, 4.737523126595897e-23, nan 
99.125, 82.125, 3.976242194041395e-23, nan 
99.375, 82.125, 2.3723338216014656e-23, nan 
99.625, 82.125, 2.768678158838264e-23, nan 
99.875, 82.125, 3.0916779998296257e-23, nan 
100.125, 82.125, 3.275451481818377e-23, nan 
100.375, 82.125, 3.1561713396163944e-23, nan 
100.625, 82.125, 3.5125898287871494e-23, nan 
100.875, 82.125, 3.266741320471187e-23, nan 
101.125, 82.125, 3.55525332079323e-23, nan 
101.375, 82.125, 3.466549802507365e-23, nan 
101.625, 82.125, 3.535945900761102e-23, nan 
101.875, 82.125, 4.065559954200865e-23, nan 
102.125, 82.125, 4.2827207391672654e-23, nan 
102.375, 82.125, 4.521358711578849e-23, nan 
102.625, 82.125, 3.8561897637318136e-23, nan 
102.875, 82.125, 4.256415931498153e-23, nan 
103.125, 82.125, 4.612311572001848e-23, nan 
103.375, 82.125, 4.518746890568526e-23, nan 
103.625, 82.125, 3.936762523534623e-23, nan 
103.875, 82.125, 4.7171959884734955e-23, nan 
104.125, 82.125, 4.905545453754038e-23, nan 
104.375, 82.125, 5.096534479119342e-23, nan 
104.625, 82.125, 5.102287958071489e-23, nan 
104.875, 82.125, 5.101275908477499e-23, nan 
105.125, 82.125, 5.0840195054312843e-23, nan 
105.375, 82.125, 5.1428605795371967e-23, nan 
105.625, 82.125, 5.1964759516677947e-23, nan 
105.875, 82.125, 5.411540258916829e-23, nan 
106.125, 82.125, 5.617157581678978e-23, nan 
106.375, 82.125, 5.876762125881267e-23, nan 
106.625, 82.125, 5.87453312158836e-23, nan 
106.875, 82.125, 5.634134155249496e-23, nan 
107.125, 82.125, 5.689141891527125e-23, nan 
107.375, 82.125, 5.751427487361987e-23, nan 
107.625, 82.125, 5.825148506547933e-23, nan 
107.875, 82.125, 5.4920530876166e-23, nan 
108.125, 82.125, 5.2401870005064195e-23, nan 
108.375, 82.125, 5.003913968785199e-23, nan 
108.625, 82.125, 4.6151689273741914e-23, nan 
108.875, 82.125, 4.080139861699723e-23, nan 
109.125, 82.125, 3.457519993832828e-23, nan 
109.375, 82.125, 2.6764486124715623e-23, nan 
109.625, 82.125, 1.6591357273830166e-23, nan 
109.875, 82.125, 1.1844555745822186e-23, nan 
110.125, 82.125, 9.224505666718707e-24, nan 
110.375, 82.125, 7.43637515475987e-24, nan 
110.625, 82.125, 7.42253203383142e-24, nan 
110.875, 82.125, 9.01614284500729e-24, nan 
111.125, 82.125, 1.1146268919536839e-23, nan 
111.375, 82.125, 1.0954100236660663e-23, nan 
111.625, 82.125, 1.0901097195452722e-23, nan 
111.875, 82.125, 9.831327746975323e-24, nan 
112.125, 82.125, 9.166379178586697e-24, nan 
112.375, 82.125, 8.008934958201683e-24, nan 
112.625, 82.125, 7.861876199992482e-24, nan 
112.875, 82.125, 8.509801554239798e-24, nan 
113.125, 82.125, 6.78875534102867e-24, nan 
113.375, 82.125, 7.362639755801373e-24, nan 
113.625, 82.125, 6.771049863422017e-24, nan 
113.875, 82.125, 6.279002290755581e-24, nan 
114.125, 82.125, 6.574877880666219e-24, nan 
114.375, 82.125, 6.1690789453706254e-24, nan 
114.625, 82.125, 5.932623390155007e-24, nan 
114.875, 82.125, 4.531941741363174e-24, nan 
115.125, 82.125, 7.487876631081676e-24, nan 
115.375, 82.125, 9.518985468053321e-24, nan 
115.625, 82.125, 8.431311918927456e-24, nan 
115.875, 82.125, 6.931176882217986e-24, nan 
116.125, 82.125, 8.445545930358601e-24, nan 
116.375, 82.125, 1.0126672704320406e-23, nan 
116.625, 82.125, 9.827399047387827e-24, nan 
116.875, 82.125, 5.89942088730845e-24, nan 
117.125, 82.125, 6.657303599051992e-24, nan 
117.375, 82.125, 5.816671731198669e-24, nan 
117.625, 82.125, 5.492602910598047e-24, nan 
117.875, 82.125, 6.823713235953063e-24, nan 
118.125, 82.125, 8.816962502460088e-24, nan 
118.375, 82.125, 9.309056622606989e-24, nan 
118.625, 82.125, 5.442779727198482e-24, nan 
118.875, 82.125, 4.7751532131943585e-24, nan 
119.125, 82.125, 5.7451429672982345e-24, nan 
119.375, 82.125, 5.637315642218976e-24, nan 
119.625, 82.125, 6.0714603570655734e-24, nan 
119.875, 82.125, 5.3543155022221895e-24, nan 
120.125, 82.125, 5.013917206447568e-24, nan 
120.375, 82.125, 5.46262083244866e-24, nan 
120.625, 82.125, 6.017759149654596e-24, nan 
120.875, 82.125, 4.457597174865044e-24, nan 
121.125, 82.125, 4.185498594565971e-24, nan 
121.375, 82.125, 4.387467164600883e-24, nan 
121.625, 82.125, 4.4981607410951865e-24, nan 
121.875, 82.125, 4.21005109475245e-24, nan 
122.125, 82.125, 4.170463187245144e-24, nan 
122.375, 82.125, 4.498731790602829e-24, nan 
122.625, 82.125, 3.859406131810577e-24, nan 
122.875, 82.125, 4.1532995810478324e-24, nan 
123.125, 82.125, 4.012144589255002e-24, nan 
123.375, 82.125, 4.502801602185731e-24, nan 
123.625, 82.125, 4.667782471775179e-24, nan 
123.875, 82.125, 4.402541523963119e-24, nan 
124.125, 82.125, 3.494067545663032e-24, nan 
124.375, 82.125, 3.1591330204012457e-24, nan 
124.625, 82.125, 3.353188254587121e-24, nan 
124.875, 82.125, 2.889963791975151e-24, nan 
125.125, 82.125, 2.883258475775024e-24, nan 
125.375, 82.125, 3.693730265766929e-24, nan 
125.625, 82.125, 4.015918772593057e-24, nan 
125.875, 82.125, 3.765064264134264e-24, nan 
126.125, 82.125, 2.922724278921242e-24, nan 
126.375, 82.125, 2.065697102787767e-24, nan 
126.625, 82.125, 1.659481370787977e-24, nan 
126.875, 82.125, 1.6252327876148188e-24, nan 
127.125, 82.125, 1.6553973641536997e-24, nan 
127.375, 82.125, 2.083953466732558e-24, nan 
127.625, 82.125, 2.3721352189484752e-24, nan 
127.875, 82.125, 2.4694329219103194e-24, nan 
128.125, 82.125, 2.162829675355913e-24, nan 
128.375, 82.125, 2.1506153720726858e-24, nan 
128.625, 82.125, 2.022130443322257e-24, nan 
128.875, 82.125, 1.3678483899581926e-24, nan 
129.125, 82.125, 5.149836574207571e-25, nan 
129.375, 82.125, 1.3766753845246801e-24, nan 
129.625, 82.125, 1.72593048873539e-24, nan 
129.875, 82.125, 2.3232056832022902e-24, nan 
130.125, 82.125, 2.4187937943672164e-24, nan 
130.375, 82.125, 3.272826652760578e-24, nan 
130.625, 82.125, 3.7452880629911386e-24, nan 
130.875, 82.125, 3.6531312020035714e-24, nan 
131.125, 82.125, 2.4952582143958423e-24, nan 
131.375, 82.125, 1.994892275581557e-24, nan 
131.625, 82.125, 2.1703847462550376e-24, nan 
131.875, 82.125, 1.9980395114521518e-24, nan 
132.125, 82.125, 3.495413845519332e-24, nan 
132.375, 82.125, 3.736747722003028e-24, nan 
132.625, 82.125, 4.4544803822232495e-24, nan 
132.875, 82.125, 3.87944161258068e-24, nan 
133.125, 82.125, 2.845004477428088e-24, nan 
133.375, 82.125, 2.857784053685066e-24, nan 
133.625, 82.125, 2.4107111130424957e-24, nan 
133.875, 82.125, 2.596427551342798e-24, nan 
134.125, 82.125, 2.3746567796595045e-24, nan 
134.375, 82.125, 2.307476375489154e-24, nan 
134.625, 82.125, 2.8743730484748457e-24, nan 
134.875, 82.125, 2.7477464625900963e-24, nan 
135.125, 82.125, 3.2940469333006037e-24, nan 
135.375, 82.125, 3.2794190244982732e-24, nan 
135.625, 82.125, 3.664142624447185e-24, nan 
135.875, 82.125, 3.405518661346159e-24, nan 
136.125, 82.125, 3.690294960184871e-24, nan 
136.375, 82.125, 4.063137515061205e-24, nan 
136.625, 82.125, 3.976357211542639e-24, nan 
136.875, 82.125, 3.642043191360637e-24, nan 
137.125, 82.125, 3.740425604957426e-24, nan 
137.375, 82.125, 3.4448312471012865e-24, nan 
137.625, 82.125, 3.6607479661331544e-24, nan 
137.875, 82.125, 3.4900578066593106e-24, nan 
138.125, 82.125, 3.7631497118028794e-24, nan 
138.375, 82.125, 3.986186946667648e-24, nan 
138.625, 82.125, 3.685080263339862e-24, nan 
138.875, 82.125, 3.719072883854225e-24, nan 
139.125, 82.125, 3.492790495747486e-24, nan 
139.375, 82.125, 3.6994295750326415e-24, nan 
139.625, 82.125, 3.495975888178646e-24, nan 
139.875, 82.125, 3.0900554030110746e-24, nan 
140.125, 82.125, 3.122228599768907e-24, nan 
140.375, 82.125, 3.009206287390401e-24, nan 
140.625, 82.125, 2.967141233886805e-24, nan 
140.875, 82.125, 3.0186737781258546e-24, nan 
141.125, 82.125, 3.26488653854804e-24, nan 
141.375, 82.125, 3.582385718640054e-24, nan 
141.625, 82.125, 3.223120407282236e-24, nan 
141.875, 82.125, 3.4427626053165946e-24, nan 
142.125, 82.125, 3.5627096934754396e-24, nan 
142.375, 82.125, 3.440723181355293e-24, nan 
142.625, 82.125, 3.537644269655721e-24, nan 
142.875, 82.125, 3.348710319977842e-24, nan 
143.125, 82.125, 3.73839389344756e-24, nan 
143.375, 82.125, 4.1703262651801075e-24, nan 
143.625, 82.125, 3.927309552518268e-24, nan 
143.875, 82.125, 3.808821058078294e-24, nan 
144.125, 82.125, 4.090532932142288e-24, nan 
144.375, 82.125, 4.386961908565446e-24, nan 
144.625, 82.125, 4.021341694833055e-24, nan 
144.875, 82.125, 3.649857719380353e-24, nan 
145.125, 82.125, 3.99413282011742e-24, nan 
145.375, 82.125, 3.889819285984829e-24, nan 
145.625, 82.125, 4.239606911489419e-24, nan 
145.875, 82.125, 4.2381687784703266e-24, nan 
146.125, 82.125, 3.870871864219578e-24, nan 
146.375, 82.125, 3.961412579663185e-24, nan 
146.625, 82.125, 4.669918226383631e-24, nan 
146.875, 82.125, 4.5211468100145035e-24, nan 
147.125, 82.125, 4.0923615425196794e-24, nan 
147.375, 82.125, 4.1043339113518e-24, nan 
147.625, 82.125, 4.163654566349039e-24, nan 
147.875, 82.125, 3.896333604622774e-24, nan 
148.125, 82.125, 3.379212047730236e-24, nan 
148.375, 82.125, 3.979691785121654e-24, nan 
148.625, 82.125, 3.984007689631442e-24, nan 
148.875, 82.125, 3.889820270659568e-24, nan 
149.125, 82.125, 3.8811880843629614e-24, nan 
149.375, 82.125, 3.660499189883013e-24, nan 
149.625, 82.125, 3.779696447863522e-24, nan 
149.875, 82.125, 4.10516454732158e-24, nan 
150.125, 82.125, 3.9410057026001775e-24, nan 
150.375, 82.125, 3.860353222794145e-24, nan 
150.625, 82.125, 4.3375056522866056e-24, nan 
150.875, 82.125, 4.626848498412679e-24, nan 
151.125, 82.125, 3.931954252899241e-24, nan 
151.375, 82.125, 3.8767006594620106e-24, nan 
151.625, 82.125, 3.938334762894029e-24, nan 
151.875, 82.125, 3.778254465634754e-24, nan 
152.125, 82.125, 3.6390263371293884e-24, nan 
152.375, 82.125, 3.1995830293185165e-24, nan 
152.625, 82.125, 3.7618151838485974e-24, nan 
152.875, 82.125, 3.9115026042610155e-24, nan 
153.125, 82.125, 3.9500515097531755e-24, nan 
153.375, 82.125, 3.678186263238723e-24, nan 
153.625, 82.125, 3.580282348871576e-24, nan 
153.875, 82.125, 3.616901624176703e-24, nan 
154.125, 82.125, 3.491053734148434e-24, nan 
154.375, 82.125, 3.814526520799067e-24, nan 
154.625, 82.125, 3.734515878733857e-24, nan 
154.875, 82.125, 3.428256150097697e-24, nan 
155.125, 82.125, 3.5019221876273025e-24, nan 
155.375, 82.125, 3.7258155127166946e-24, nan 
155.625, 82.125, 3.468099100170839e-24, nan 
155.875, 82.125, 3.1149679792794488e-24, nan 
156.125, 82.125, 3.1372920569765054e-24, nan 
156.375, 82.125, 3.5470806577188685e-24, nan 
156.625, 82.125, 3.785828910320309e-24, nan 
156.875, 82.125, 3.5480361963107185e-24, nan 
157.125, 82.125, 3.2502126940746277e-24, nan 
157.375, 82.125, 3.4377390244512565e-24, nan 
157.625, 82.125, 3.590328390122906e-24, nan 
157.875, 82.125, 3.2356371147671944e-24, nan 
158.125, 82.125, 2.987846614766067e-24, nan 
158.375, 82.125, 3.315279869488815e-24, nan 
158.625, 82.125, 3.4230944650381946e-24, nan 
158.875, 82.125, 3.2909540254157013e-24, nan 
159.125, 82.125, 3.2619846499745927e-24, nan 
159.375, 82.125, 3.244892041326098e-24, nan 
159.625, 82.125, 3.616269035197774e-24, nan 
159.875, 82.125, 3.1789916739706846e-24, nan 
160.125, 82.125, 2.93189868379104e-24, nan 
160.375, 82.125, 3.2841696201407793e-24, nan 
160.625, 82.125, 3.4103709062783935e-24, nan 
160.875, 82.125, 3.384893391840856e-24, nan 
161.125, 82.125, 3.1144654370597703e-24, nan 
161.375, 82.125, 2.9760334555408385e-24, nan 
161.625, 82.125, 3.167375878653236e-24, nan 
161.875, 82.125, 3.325826610498955e-24, nan 
162.125, 82.125, 3.099651899994845e-24, nan 
162.375, 82.125, 2.9739116774055667e-24, nan 
162.625, 82.125, 3.314556400577373e-24, nan 
162.875, 82.125, 3.3681738587698044e-24, nan 
163.125, 82.125, 3.305697236779265e-24, nan 
163.375, 82.125, 3.0833715711968223e-24, nan 
163.625, 82.125, 3.0823087094216105e-24, nan 
163.875, 82.125, 3.391841154101828e-24, nan 
164.125, 82.125, 3.004453822475458e-24, nan 
164.375, 82.125, 2.88538438804755e-24, nan 
164.625, 82.125, 3.2777353075584704e-24, nan 
164.875, 82.125, 3.195846968326136e-24, nan 
165.125, 82.125, 3.2707765477565463e-24, nan 
165.375, 82.125, 3.2869682635303625e-24, nan 
165.625, 82.125, 3.139318404313659e-24, nan 
165.875, 82.125, 3.3161570600069955e-24, nan 
166.125, 82.125, 3.1684464143762957e-24, nan 
166.375, 82.125, 3.512803480875827e-24, nan 
166.625, 82.125, 3.31981195577555e-24, nan 
166.875, 82.125, 3.110347099561835e-24, nan 
167.125, 82.125, 3.091162337305184e-24, nan 
167.375, 82.125, 3.1786957295774147e-24, nan 
167.625, 82.125, 3.2924804709134232e-24, nan 
167.875, 82.125, 3.368738041903731e-24, nan 
168.125, 82.125, 3.346063867645781e-24, nan 
168.375, 82.125, 3.5487311432139294e-24, nan 
168.625, 82.125, 3.4369571545653506e-24, nan 
168.875, 82.125, 3.338611484206144e-24, nan 
169.125, 82.125, 3.357485139001046e-24, nan 
169.375, 82.125, 3.308898820270744e-24, nan 
169.625, 82.125, 3.299384073204339e-24, nan 
169.875, 82.125, 3.543549941790058e-24, nan 
170.125, 82.125, 3.3224583047991366e-24, nan 
170.375, 82.125, 3.427183809294739e-24, nan 
170.625, 82.125, 3.441572569581306e-24, nan 
170.875, 82.125, 3.805491577737354e-24, nan 
171.125, 82.125, 3.77262889575673e-24, nan 
171.375, 82.125, 3.421495208469121e-24, nan 
171.625, 82.125, 3.554406197987533e-24, nan 
171.875, 82.125, 3.691359964885739e-24, nan 
172.125, 82.125, 3.577132238415393e-24, nan 
172.375, 82.125, 3.346661766783753e-24, nan 
172.625, 82.125, 3.716515960197349e-24, nan 
172.875, 82.125, 4.050901951706397e-24, nan 
173.125, 82.125, 3.916235227700356e-24, nan 
173.375, 82.125, 3.264373604824277e-24, nan 
173.625, 82.125, 3.35809743047746e-24, nan 
173.875, 82.125, 3.7005933732114765e-24, nan 
174.125, 82.125, 3.5046077957560586e-24, nan 
174.375, 82.125, 3.440977333073625e-24, nan 
174.625, 82.125, 3.408997379202155e-24, nan 
174.875, 82.125, 3.2394232258545398e-24, nan 
175.125, 82.125, 3.319591745940577e-24, nan 
175.375, 82.125, 2.8883693906486078e-24, nan 
175.625, 82.125, 2.644949293767601e-24, nan 
175.875, 82.125, 2.5582713017611378e-24, nan 
176.125, 82.125, 2.575392603028505e-24, nan 
176.375, 82.125, 2.157273711620062e-24, nan 
176.625, 82.125, 2.1737051377710767e-24, nan 
176.875, 82.125, 2.5495041232030158e-24, nan 
177.125, 82.125, 2.7034842426831626e-24, nan 
177.375, 82.125, 2.4883853786430868e-24, nan 
177.625, 82.125, 2.170659364023433e-24, nan 
177.875, 82.125, 2.15955317971857e-24, nan 
178.125, 82.125, 2.3650726307359915e-24, nan 
178.375, 82.125, 2.4815603279116814e-24, nan 
178.625, 82.125, 2.2354915940087568e-24, nan 
178.875, 82.125, 2.2667092868806673e-24, nan 
179.125, 82.125, 2.6223558858177666e-24, nan 
179.375, 82.125, 2.6975252392442197e-24, nan 
179.625, 82.125, 2.323012990867382e-24, nan 
179.875, 82.125, 2.141537849702334e-24, nan 
-179.875, 82.375, 1.8493228711408522e-24, nan 
-179.625, 82.375, 1.7733169864269573e-24, nan 
-179.375, 82.375, 1.6276945166720616e-24, nan 
-179.125, 82.375, 1.8141561406553935e-24, nan 
-178.875, 82.375, 1.774798662117305e-24, nan 
-178.625, 82.375, 1.6146256743303969e-24, nan 
-178.375, 82.375, 1.4998929283898843e-24, nan 
-178.125, 82.375, 1.5811066608143926e-24, nan 
-177.875, 82.375, 1.853460746474623e-24, nan 
-177.625, 82.375, 1.9369689763661813e-24, nan 
-177.375, 82.375, 1.6682623380974756e-24, nan 
-177.125, 82.375, 1.8390966356318194e-24, nan 
-176.875, 82.375, 2.117873451825563e-24, nan 
-176.625, 82.375, 2.001580886433874e-24, nan 
-176.375, 82.375, 2.0285245509569153e-24, nan 
-176.125, 82.375, 1.9401603193906652e-24, nan 
-175.875, 82.375, 2.0858007826868876e-24, nan 
-175.625, 82.375, 2.3468828226487233e-24, nan 
-175.375, 82.375, 2.292632842265521e-24, nan 
-175.125, 82.375, 2.2839890252625144e-24, nan 
-174.875, 82.375, 2.2343466957024124e-24, nan 
-174.625, 82.375, 2.3547124524816174e-24, nan 
-174.375, 82.375, 2.1604004448350763e-24, nan 
-174.125, 82.375, 2.28128880923927e-24, nan 
-173.875, 82.375, 2.5958729152785933e-24, nan 
-173.625, 82.375, 2.448383475769197e-24, nan 
-173.375, 82.375, 2.5224249995477757e-24, nan 
-173.125, 82.375, 2.2790636794919395e-24, nan 
-172.875, 82.375, 1.9717305466363933e-24, nan 
-172.625, 82.375, 2.6655202311874766e-24, nan 
-172.375, 82.375, 2.7007462718096285e-24, nan 
-172.125, 82.375, 2.5673949379074083e-24, nan 
-171.875, 82.375, 2.3566797570429166e-24, nan 
-171.625, 82.375, 2.1325145373632213e-24, nan 
-171.375, 82.375, 2.4864656642626105e-24, nan 
-171.125, 82.375, 2.4723905046710644e-24, nan 
-170.875, 82.375, 1.8519039203157557e-24, nan 
-170.625, 82.375, 1.816535352864189e-24, nan 
-170.375, 82.375, 2.2942262401996422e-24, nan 
-170.125, 82.375, 2.3268616190460315e-24, nan 
-169.875, 82.375, 1.667666505577676e-24, nan 
-169.625, 82.375, 1.371992489485936e-24, nan 
-169.375, 82.375, 2.3244078096609525e-24, nan 
-169.125, 82.375, 2.531845406273452e-24, nan 
-168.875, 82.375, 1.2891372903567221e-24, nan 
-168.625, 82.375, 1.7313126326430624e-24, nan 
-168.375, 82.375, 2.8509146828243008e-24, nan 
-168.125, 82.375, 2.0912351112303386e-24, nan 
-167.875, 82.375, 1.9149637219308203e-24, nan 
-167.625, 82.375, 2.955472727768311e-24, nan 
-167.375, 82.375, 2.2568147134168298e-24, nan 
-167.125, 82.375, 2.830632448486456e-24, nan 
-166.875, 82.375, 3.393787343900783e-24, nan 
-166.625, 82.375, 3.462437793374536e-24, nan 
-166.375, 82.375, 2.8232559562958127e-24, nan 
-166.125, 82.375, 2.9076186545369347e-24, nan 
-165.875, 82.375, 3.7562052930541325e-24, nan 
-165.625, 82.375, 4.141878573806896e-24, nan 
-165.375, 82.375, 4.4308953684646195e-24, nan 
-165.125, 82.375, 4.553934478865499e-24, nan 
-164.875, 82.375, 4.8545293349062796e-24, nan 
-164.625, 82.375, 4.8503544550047754e-24, nan 
-164.375, 82.375, 5.2739972357350795e-24, nan 
-164.125, 82.375, 5.773198962269529e-24, nan 
-163.875, 82.375, 5.85611179828656e-24, nan 
-163.625, 82.375, 6.1060389144987546e-24, nan 
-163.375, 82.375, 6.342482010970346e-24, nan 
-163.125, 82.375, 6.278524324612611e-24, nan 
-162.875, 82.375, 6.668713244049749e-24, nan 
-162.625, 82.375, 6.5827790408922434e-24, nan 
-162.375, 82.375, 7.020466307385992e-24, nan 
-162.125, 82.375, 6.880736168208212e-24, nan 
-161.875, 82.375, 6.947846414116703e-24, nan 
-161.625, 82.375, 7.310485315268586e-24, nan 
-161.375, 82.375, 7.24901300278868e-24, nan 
-161.125, 82.375, 7.189518350021275e-24, nan 
-160.875, 82.375, 7.058831515434895e-24, nan 
-160.625, 82.375, 7.272764782304591e-24, nan 
-160.375, 82.375, 7.21828728642738e-24, nan 
-160.125, 82.375, 7.386458917687605e-24, nan 
-159.875, 82.375, 6.987028926269088e-24, nan 
-159.625, 82.375, 7.3604620385864e-24, nan 
-159.375, 82.375, 7.41450391810734e-24, nan 
-159.125, 82.375, 7.851599441493333e-24, nan 
-158.875, 82.375, 7.653400064917644e-24, nan 
-158.625, 82.375, 7.342337001340315e-24, nan 
-158.375, 82.375, 7.036629036047618e-24, nan 
-158.125, 82.375, 7.733701578147294e-24, nan 
-157.875, 82.375, 7.757820615870144e-24, nan 
-157.625, 82.375, 7.337393514575957e-24, nan 
-157.375, 82.375, 7.20529129801211e-24, nan 
-157.125, 82.375, 7.215727465687944e-24, nan 
-156.875, 82.375, 7.457980062965823e-24, nan 
-156.625, 82.375, 7.790354440511725e-24, nan 
-156.375, 82.375, 7.55148871738111e-24, nan 
-156.125, 82.375, 7.267511750968425e-24, nan 
-155.875, 82.375, 7.240786878981016e-24, nan 
-155.625, 82.375, 7.593793507735219e-24, nan 
-155.375, 82.375, 7.586591454437146e-24, nan 
-155.125, 82.375, 7.246255518483673e-24, nan 
-154.875, 82.375, 7.689535685777436e-24, nan 
-154.625, 82.375, 8.388198812936099e-24, nan 
-154.375, 82.375, 7.856196139625686e-24, nan 
-154.125, 82.375, 7.279991142732724e-24, nan 
-153.875, 82.375, 7.956254859023188e-24, nan 
-153.625, 82.375, 7.520985426112979e-24, nan 
-153.375, 82.375, 6.710593612317738e-24, nan 
-153.125, 82.375, 6.85945314916786e-24, nan 
-152.875, 82.375, 9.230940983549534e-24, nan 
-152.625, 82.375, 8.964926977565902e-24, nan 
-152.375, 82.375, 6.983209991614555e-24, nan 
-152.125, 82.375, 7.486678177399601e-24, nan 
-151.875, 82.375, 7.204366931062172e-24, nan 
-151.625, 82.375, 7.647680382073882e-24, nan 
-151.375, 82.375, 8.241277193351357e-24, nan 
-151.125, 82.375, 7.55733561106263e-24, nan 
-150.875, 82.375, 8.287303200004363e-24, nan 
-150.625, 82.375, 7.994134002111242e-24, nan 
-150.375, 82.375, 8.099508776864308e-24, nan 
-150.125, 82.375, 7.047744779140616e-24, nan 
-149.875, 82.375, 7.402892966942293e-24, nan 
-149.625, 82.375, 7.913784561581288e-24, nan 
-149.375, 82.375, 8.242317643994413e-24, nan 
-149.125, 82.375, 7.825450712171769e-24, nan 
-148.875, 82.375, 7.513904554658831e-24, nan 
-148.625, 82.375, 8.65338500700312e-24, nan 
-148.375, 82.375, 8.225777069745814e-24, nan 
-148.125, 82.375, 8.205147909027623e-24, nan 
-147.875, 82.375, 8.126235539344462e-24, nan 
-147.625, 82.375, 8.500895191133359e-24, nan 
-147.375, 82.375, 8.787643695245795e-24, nan 
-147.125, 82.375, 8.857072372035074e-24, nan 
-146.875, 82.375, 8.922789700906246e-24, nan 
-146.625, 82.375, 9.550899056001548e-24, nan 
-146.375, 82.375, 8.787552176229997e-24, nan 
-146.125, 82.375, 7.811128303663546e-24, nan 
-145.875, 82.375, 8.027074517223122e-24, nan 
-145.625, 82.375, 8.922253902839618e-24, nan 
-145.375, 82.375, 9.010491697022966e-24, nan 
-145.125, 82.375, 8.385229269023098e-24, nan 
-144.875, 82.375, 8.112923081496114e-24, nan 
-144.625, 82.375, 9.036884146928918e-24, nan 
-144.375, 82.375, 9.657444609602458e-24, nan 
-144.125, 82.375, 9.512488472760078e-24, nan 
-143.875, 82.375, 9.442747007241251e-24, nan 
-143.625, 82.375, 9.945658724628761e-24, nan 
-143.375, 82.375, 1.0398267773305339e-23, nan 
-143.125, 82.375, 1.0085152692577427e-23, nan 
-142.875, 82.375, 9.833003829191117e-24, nan 
-142.625, 82.375, 1.073333174085732e-23, nan 
-142.375, 82.375, 1.0720375323503002e-23, nan 
-142.125, 82.375, 9.652270277877882e-24, nan 
-141.875, 82.375, 1.0116408641424313e-23, nan 
-141.625, 82.375, 1.1080756034910488e-23, nan 
-141.375, 82.375, 1.0996452515996424e-23, nan 
-141.125, 82.375, 1.0058273468037877e-23, nan 
-140.875, 82.375, 1.0757910241428932e-23, nan 
-140.625, 82.375, 1.040774149193118e-23, nan 
-140.375, 82.375, 1.0765096406356556e-23, nan 
-140.125, 82.375, 1.1328976276194403e-23, nan 
-139.875, 82.375, 1.1267240573027881e-23, nan 
-139.625, 82.375, 1.0641205310053755e-23, nan 
-139.375, 82.375, 1.115565610094974e-23, nan 
-139.125, 82.375, 1.1188084124995387e-23, nan 
-138.875, 82.375, 1.2764679024290633e-23, nan 
-138.625, 82.375, 1.170153194324929e-23, nan 
-138.375, 82.375, 1.122208777880091e-23, nan 
-138.125, 82.375, 1.163224935413398e-23, nan 
-137.875, 82.375, 1.1700265798153392e-23, nan 
-137.625, 82.375, 1.2131634512320811e-23, nan 
-137.375, 82.375, 1.2725332741447632e-23, nan 
-137.125, 82.375, 1.402805288800613e-23, nan 
-136.875, 82.375, 1.4059446371804112e-23, nan 
-136.625, 82.375, 1.522837321766624e-23, nan 
-136.375, 82.375, 1.58804676805605e-23, nan 
-136.125, 82.375, 1.4352464877879855e-23, nan 
-135.875, 82.375, 1.3529137181646472e-23, nan 
-135.625, 82.375, 1.4355470348700097e-23, nan 
-135.375, 82.375, 1.5355975658243367e-23, nan 
-135.125, 82.375, 1.508596586788602e-23, nan 
-134.875, 82.375, 1.645487427856114e-23, nan 
-134.625, 82.375, 1.7559542566777445e-23, nan 
-134.375, 82.375, 1.5683408785344615e-23, nan 
-134.125, 82.375, 1.2944503220387127e-23, nan 
-133.875, 82.375, 1.732793610666136e-23, nan 
-133.625, 82.375, 2.0309504527518e-23, nan 
-133.375, 82.375, 2.394751562904788e-23, nan 
-133.125, 82.375, 2.5909206489730756e-23, nan 
-132.875, 82.375, 2.803139448565581e-23, nan 
-132.625, 82.375, 2.997864076939416e-23, nan 
-132.375, 82.375, 3.000817577320762e-23, nan 
-132.125, 82.375, 1.8137696014361935e-23, nan 
-131.875, 82.375, 1.488962465415323e-23, nan 
-131.625, 82.375, 1.4504912325599412e-23, nan 
-131.375, 82.375, 2.15911646452699e-23, nan 
-131.125, 82.375, 2.6609448443976575e-23, nan 
-130.875, 82.375, 2.4305608518549772e-23, nan 
-130.625, 82.375, 2.0780371762952372e-23, nan 
-130.375, 82.375, 1.7475720106676093e-23, nan 
-130.125, 82.375, 1.4540983295669897e-23, nan 
-129.875, 82.375, 8.687485974289367e-24, nan 
-129.625, 82.375, 4.516109171921853e-24, nan 
-129.375, 82.375, 1.0713941565875157e-23, nan 
-129.125, 82.375, 1.8713278140366772e-23, nan 
-128.875, 82.375, 2.242474553070538e-23, nan 
-128.625, 82.375, 1.772919825261056e-23, nan 
-128.375, 82.375, 1.9528541493709028e-23, nan 
-128.125, 82.375, 3.1047784015830616e-23, nan 
-127.875, 82.375, 3.3765416927916085e-23, nan 
-127.625, 82.375, 3.0874005825310967e-23, nan 
-127.375, 82.375, 2.490127866880046e-23, nan 
-127.125, 82.375, 2.823603429880976e-23, nan 
-126.875, 82.375, 2.9420957068799425e-23, nan 
-126.625, 82.375, 3.147520843487209e-23, nan 
-126.375, 82.375, 4.186597962065973e-23, nan 
-126.125, 82.375, 4.638141014004553e-23, nan 
-125.875, 82.375, 3.970684841858911e-23, nan 
-125.625, 82.375, 2.9222057152733626e-23, nan 
-125.375, 82.375, 3.326641136346327e-23, nan 
-125.125, 82.375, 3.491784978014338e-23, nan 
-124.875, 82.375, 4.1019785124497283e-23, nan 
-124.625, 82.375, 4.824886779877453e-23, nan 
-124.375, 82.375, 4.7486636572540976e-23, nan 
-124.125, 82.375, 3.999261219385475e-23, nan 
-123.875, 82.375, 3.979327775581264e-23, nan 
-123.625, 82.375, 4.5386758967044575e-23, nan 
-123.375, 82.375, 5.496665613543432e-23, nan 
-123.125, 82.375, 5.734126267553208e-23, nan 
-122.875, 82.375, 5.1799739947961127e-23, nan 
-122.625, 82.375, 5.607106374533618e-23, nan 
-122.375, 82.375, 8.431961999286781e-23, nan 
-122.125, 82.375, 1.0230683201958471e-22, nan 
-121.875, 82.375, 1.0503275884579322e-22, nan 
-121.625, 82.375, 1.2622715289136587e-22, nan 
-121.375, 82.375, 1.4029449626081011e-22, nan 
-121.125, 82.375, 1.2796047294386114e-22, nan 
-120.875, 82.375, 7.772581922087197e-23, nan 
-120.625, 82.375, 7.129680611698828e-23, nan 
-120.375, 82.375, 1.465325017441145e-22, nan 
-120.125, 82.375, 3.338085894128953e-22, nan 
-119.875, 82.375, 3.3785094948912733e-22, nan 
-119.625, 82.375, 3.6046640747713342e-22, nan 
-119.375, 82.375, 3.8395679185595684e-22, nan 
-119.125, 82.375, 3.7749889404831336e-22, nan 
-118.875, 82.375, 3.5585477477007326e-22, nan 
-118.625, 82.375, 2.358269024216366e-22, nan 
-118.375, 82.375, 3.6031714114516575e-22, nan 
-118.125, 82.375, 3.6735426753835127e-22, nan 
-117.875, 82.375, 3.9260359929641976e-22, nan 
-117.625, 82.375, 4.0633455694649335e-22, nan 
-117.375, 82.375, 4.1057810722296905e-22, nan 
-117.125, 82.375, 4.1668098912047307e-22, nan 
-116.875, 82.375, 3.462404685550085e-22, nan 
-116.625, 82.375, 2.324537890521177e-22, nan 
-116.375, 82.375, 1.3584624188753342e-22, nan 
-116.125, 82.375, 1.3455877425839105e-22, nan 
-115.875, 82.375, 1.880768359555406e-22, nan 
-115.625, 82.375, 1.775874159716482e-22, nan 
-115.375, 82.375, 1.4843706616504757e-22, nan 
-115.125, 82.375, 1.5091582984457502e-22, nan 
-114.875, 82.375, 1.491443898657422e-22, nan 
-114.625, 82.375, 1.2573470124064234e-22, nan 
-114.375, 82.375, 1.4444661654757222e-22, nan 
-114.125, 82.375, 1.963406554713487e-22, nan 
-113.875, 82.375, 2.8356687123516933e-22, nan 
-113.625, 82.375, 3.3475945119221e-22, nan 
-113.375, 82.375, 3.441332560249816e-22, nan 
-113.125, 82.375, 3.2500456021725806e-22, nan 
-112.875, 82.375, 2.0349733379003882e-22, nan 
-112.625, 82.375, 1.8516393006344257e-22, nan 
-112.375, 82.375, 2.0964611579750494e-22, nan 
-112.125, 82.375, 2.6731275255899166e-22, nan 
-111.875, 82.375, 3.0299587263267657e-22, nan 
-111.625, 82.375, 2.813591800567072e-22, nan 
-111.375, 82.375, 2.3766355566306853e-22, nan 
-111.125, 82.375, 1.8558534466211922e-22, nan 
-110.875, 82.375, 1.4540251434091042e-22, nan 
-110.625, 82.375, 1.0190015617540029e-22, nan 
-110.375, 82.375, 1.0318140081224659e-22, nan 
-110.125, 82.375, 1.082233284951102e-22, nan 
-109.875, 82.375, 1.0266625624157937e-22, nan 
-109.625, 82.375, 1.2613826262771665e-22, nan 
-109.375, 82.375, 1.4897217468022223e-22, nan 
-109.125, 82.375, 1.6423212150889059e-22, nan 
-108.875, 82.375, 1.7551015911844527e-22, nan 
-108.625, 82.375, 1.8027202887903708e-22, nan 
-108.375, 82.375, 1.660189326115764e-22, nan 
-108.125, 82.375, 1.2720879430086612e-22, nan 
-107.875, 82.375, 2.518732969350992e-22, nan 
-107.625, 82.375, 3.7207704647964137e-22, nan 
-107.375, 82.375, 4.71767377445271e-22, nan 
-107.125, 82.375, 5.119018804366944e-22, nan 
-106.875, 82.375, 5.291436823396307e-22, nan 
-106.625, 82.375, 5.148155297689178e-22, nan 
-106.375, 82.375, 3.7775889985355728e-22, nan 
-106.125, 82.375, 3.827265384387111e-22, nan 
-105.875, 82.375, 4.656810859506872e-22, nan 
-105.625, 82.375, 5.010152173066596e-22, nan 
-105.375, 82.375, 5.084009364211138e-22, nan 
-105.125, 82.375, 4.359618384589432e-22, nan 
-104.875, 82.375, 3.9550367653503464e-22, nan 
-104.625, 82.375, 2.9782601898173807e-22, nan 
-104.375, 82.375, 1.2862440015285346e-22, nan 
-104.125, 82.375, 1.090439299091454e-22, nan 
-103.875, 82.375, 1.0734042226997153e-22, nan 
-103.625, 82.375, 1.2750743174983018e-22, nan 
-103.375, 82.375, 1.2016371251375822e-22, nan 
-103.125, 82.375, 1.04888975206769e-22, nan 
-102.875, 82.375, 1.0329242639053851e-22, nan 
-102.625, 82.375, 1.0103042452844069e-22, nan 
-102.375, 82.375, 1.1741785885684214e-22, nan 
-102.125, 82.375, 1.0477210304146378e-22, nan 
-101.875, 82.375, 1.1467314453384106e-22, nan 
-101.625, 82.375, 1.2829815127230127e-22, nan 
-101.375, 82.375, 1.144315897821678e-22, nan 
-101.125, 82.375, 1.1686908476008536e-22, nan 
-100.875, 82.375, 1.2341379818968953e-22, nan 
-100.625, 82.375, 1.2071040365407953e-22, nan 
-100.375, 82.375, 1.06674328641775e-22, nan 
-100.125, 82.375, 1.0569546699544556e-22, nan 
-99.875, 82.375, 1.3527762432015513e-22, nan 
-99.625, 82.375, 1.2115786970913052e-22, nan 
-99.375, 82.375, 1.183986867506688e-22, nan 
-99.125, 82.375, 9.257947731371072e-23, nan 
-98.875, 82.375, 2.206546518975996e-22, nan 
-98.625, 82.375, 2.276309680496598e-22, nan 
-98.375, 82.375, 1.5738917640777346e-22, nan 
-98.125, 82.375, 1.836527371318413e-22, nan 
-97.875, 82.375, 1.908673298059456e-22, nan 
-97.625, 82.375, 1.693166069815528e-22, nan 
-97.375, 82.375, 1.536231456002793e-22, nan 
-97.125, 82.375, 1.2290074845906926e-22, nan 
-96.875, 82.375, 1.2596944530373593e-22, nan 
-96.625, 82.375, 1.2435524085774761e-22, nan 
-96.375, 82.375, 1.0279631034881634e-22, nan 
-96.125, 82.375, 8.434216511420981e-23, nan 
-95.875, 82.375, 8.054460478974688e-23, nan 
-95.625, 82.375, 1.6585804164783532e-22, nan 
-95.375, 82.375, 2.751045429561702e-22, nan 
-95.125, 82.375, 2.540874940474512e-22, nan 
-94.875, 82.375, 3.1933555169206747e-22, nan 
-94.625, 82.375, 3.0530427544314916e-22, nan 
-94.375, 82.375, 2.3993085006544703e-22, nan 
-94.125, 82.375, 1.246547405863339e-22, nan 
-93.875, 82.375, 2.4340498088369046e-22, nan 
-93.625, 82.375, 2.8696696874193064e-22, nan 
-93.375, 82.375, 5.587538776667494e-22, nan 
-93.125, 82.375, 8.125147637863651e-22, nan 
-92.875, 82.375, 8.244275714177724e-22, nan 
-92.625, 82.375, 5.971425988757874e-22, nan 
-92.375, 82.375, 5.550439004418861e-22, nan 
-92.125, 82.375, 6.438658916159216e-22, nan 
-91.875, 82.375, 5.739755505729552e-22, nan 
-91.625, 82.375, 5.09981526465718e-22, nan 
-91.375, 82.375, 6.710752423544164e-22, nan 
-91.125, 82.375, 7.381595766995067e-22, nan 
-90.875, 82.375, 6.103572895122725e-22, nan 
-90.625, 82.375, 5.460895303270087e-22, nan 
-90.375, 82.375, 5.78808693611564e-22, nan 
-90.125, 82.375, 5.64516799961558e-22, nan 
-89.875, 82.375, 4.84552363301267e-22, nan 
-89.625, 82.375, 3.562632452527334e-22, nan 
-89.375, 82.375, 3.9239163438849787e-22, nan 
-89.125, 82.375, 4.05152826443974e-22, nan 
-88.875, 82.375, 4.154766314646106e-22, nan 
-88.625, 82.375, 3.7725445894491866e-22, nan 
-88.375, 82.375, 3.2623439645005437e-22, nan 
-88.125, 82.375, 3.9261241632143003e-22, nan 
-87.875, 82.375, 4.092500958463084e-22, nan 
-87.625, 82.375, 3.392992285226699e-22, nan 
-87.375, 82.375, 2.6918949369054635e-22, nan 
-87.125, 82.375, 3.268284485599682e-22, nan 
-86.875, 82.375, 5.080711488437897e-22, nan 
-86.625, 82.375, 5.410324989778963e-22, nan 
-86.375, 82.375, 5.854250958722664e-22, nan 
-86.125, 82.375, 6.109155643376727e-22, nan 
-85.875, 82.375, 5.007775940693031e-22, nan 
-85.625, 82.375, 4.81755689108292e-22, nan 
-85.375, 82.375, 5.525317806679976e-22, nan 
-85.125, 82.375, 5.022155811603964e-22, nan 
-84.875, 82.375, 3.440708093218341e-22, nan 
-84.625, 82.375, 4.896163657385223e-22, nan 
-84.375, 82.375, 4.709919188992519e-22, nan 
-84.125, 82.375, 2.38841283494031e-22, nan 
-83.875, 82.375, 3.131252873286999e-22, nan 
-83.625, 82.375, 3.0013418261707506e-22, nan 
-83.375, 82.375, 3.216512586855753e-22, nan 
-83.125, 82.375, 4.784080110622654e-22, nan 
-82.875, 82.375, 5.3156436118864e-22, nan 
-82.625, 82.375, 5.385492143752219e-22, nan 
-82.375, 82.375, 5.59117768129818e-22, nan 
-82.125, 82.375, 5.796855778671895e-22, nan 
-81.875, 82.375, 6.484379933131353e-22, nan 
-81.625, 82.375, 9.47617963369992e-22, nan 
-81.375, 82.375, 1.1321345208387528e-21, nan 
-81.125, 82.375, 2.1106608684555912e-21, nan 
-80.875, 82.375, 3.3568902266925947e-21, nan 
-80.625, 82.375, 4.282198381740057e-21, nan 
-80.375, 82.375, 4.298331239397723e-21, nan 
-80.125, 82.375, 4.753359800356001e-21, nan 
-79.875, 82.375, 4.353785998467863e-21, nan 
-79.625, 82.375, 5.201753847637454e-21, nan 
-79.375, 82.375, 5.283203751520971e-21, nan 
-79.125, 82.375, 5.397632294350465e-21, nan 
-78.875, 82.375, 6.5827116779136766e-21, nan 
-78.625, 82.375, 6.144417219111095e-21, nan 
-78.375, 82.375, 5.637668022282106e-21, nan 
-78.125, 82.375, 5.90549434792315e-21, nan 
-77.875, 82.375, 5.862951104417169e-21, nan 
-77.625, 82.375, 5.181157440856672e-21, nan 
-77.375, 82.375, 5.41838414981809e-21, nan 
-77.125, 82.375, 7.947582961907813e-21, nan 
-76.875, 82.375, 7.69987810705726e-21, nan 
-76.625, 82.375, 6.9428158712702e-21, nan 
-76.375, 82.375, 7.614140171003096e-21, nan 
-76.125, 82.375, 4.7275746977934486e-21, nan 
-75.875, 82.375, 2.728047730573006e-21, nan 
-75.625, 82.375, 2.9076095356597256e-21, nan 
-75.375, 82.375, 3.8723524596775786e-21, nan 
-75.125, 82.375, 4.2932703577583204e-21, nan 
-74.875, 82.375, 5.862358848055197e-21, nan 
-74.625, 82.375, 7.926391751699993e-21, nan 
-74.375, 82.375, 8.373027166059821e-21, nan 
-74.125, 82.375, 7.492699194513177e-21, nan 
-73.875, 82.375, 7.960749991553447e-21, nan 
-73.625, 82.375, 8.153205241216279e-21, nan 
-73.375, 82.375, 8.04592174627315e-21, nan 
-73.125, 82.375, 6.553804923928185e-21, nan 
-72.875, 82.375, 7.373576634724557e-21, nan 
-72.625, 82.375, 8.053676831745094e-21, nan 
-72.375, 82.375, 8.399987168138201e-21, nan 
-72.125, 82.375, 1.0863376397383916e-20, nan 
-71.875, 82.375, 1.1687298116594386e-20, nan 
-71.625, 82.375, 1.112009157268554e-20, nan 
-71.375, 82.375, 7.536278211174634e-21, nan 
-71.125, 82.375, 5.429087976451786e-21, nan 
-70.875, 82.375, 4.92154425318299e-21, nan 
-70.625, 82.375, 5.078396545097774e-21, nan 
-70.375, 82.375, 4.362511190545679e-21, nan 
-70.125, 82.375, 4.578293722609226e-21, nan 
-69.875, 82.375, 3.996814236172273e-21, nan 
-69.625, 82.375, 4.353396299458175e-21, nan 
-69.375, 82.375, 4.140477843732611e-21, nan 
-69.125, 82.375, 2.628704804425804e-21, nan 
-68.875, 82.375, 2.8308330489407945e-21, nan 
-68.625, 82.375, 6.22498621742734e-21, nan 
-68.375, 82.375, 6.188579060060166e-21, nan 
-68.125, 82.375, 4.9220726003434844e-21, nan 
-67.875, 82.375, 5.069940648796957e-21, nan 
-67.625, 82.375, 4.6220363785469484e-21, nan 
-67.375, 82.375, 2.8115857334685046e-21, nan 
-67.125, 82.375, 1.8672861291018182e-21, nan 
-66.875, 82.375, 1.4500669904413773e-21, nan 
-66.625, 82.375, 1.5496195137211196e-21, nan 
-66.375, 82.375, 9.744313477137802e-22, nan 
-66.125, 82.375, 1.1324596889106392e-21, nan 
-65.875, 82.375, 8.315507568884641e-22, nan 
-65.625, 82.375, 8.554259294911539e-22, nan 
-65.375, 82.375, 1.1915988921378158e-21, nan 
-65.125, 82.375, 1.3591728216284733e-21, nan 
-64.875, 82.375, 1.2704351370656326e-21, nan 
-64.625, 82.375, 1.3850918230942732e-21, nan 
-64.375, 82.375, 1.5540327521401227e-21, nan 
-64.125, 82.375, 1.8367499344036655e-21, nan 
-63.875, 82.375, 1.9132801896401283e-21, nan 
-63.625, 82.375, 2.10546817426628e-21, nan 
-63.375, 82.375, 2.358923453946426e-21, nan 
-63.125, 82.375, 2.6659279787086946e-21, nan 
-62.875, 82.375, 3.684218816913211e-21, nan 
-62.625, 82.375, 3.9242172781757245e-21, nan 
-62.375, 82.375, 4.9516626046357415e-21, nan 
-62.125, 82.375, 4.8178848976206235e-21, nan 
-61.875, 82.375, 4.593040175383159e-21, nan 
-61.625, 82.375, 6.608691907216413e-21, nan 
-61.375, 82.375, 6.0186218241569575e-21, nan 
-61.125, 82.375, 4.296101585529096e-21, nan 
-60.875, 82.375, 3.471595017548807e-21, nan 
-60.625, 82.375, 4.127988938781085e-21, nan 
-60.375, 82.375, 5.405963753211497e-21, nan 
-60.125, 82.375, 7.003647217636451e-21, nan 
-59.875, 82.375, 9.419736549974998e-21, nan 
-59.625, 82.375, 1.3120357801287507e-20, nan 
-59.375, 82.375, 2.1051694160423495e-20, nan 
-59.125, 82.375, 2.1322656338197942e-20, nan 
-58.875, 82.375, 2.131097060095039e-20, nan 
-58.625, 82.375, 2.3475582154517514e-20, nan 
-58.375, 82.375, 2.7913674690305115e-20, nan 
-58.125, 82.375, 2.2796024969705185e-20, nan 
-57.875, 82.375, 1.906851660476491e-20, nan 
-57.625, 82.375, 2.631454344820387e-20, nan 
-57.375, 82.375, 2.363962753219606e-20, nan 
-57.125, 82.375, 2.3105546372679418e-20, nan 
-56.875, 82.375, 2.4341878475627367e-20, nan 
-56.625, 82.375, 2.6991533868257673e-20, nan 
-56.375, 82.375, 2.6390895266909153e-20, nan 
-56.125, 82.375, 2.011368491624916e-20, nan 
-55.875, 82.375, 1.5894399450216594e-20, nan 
-55.625, 82.375, 1.7369967068204648e-20, nan 
-55.375, 82.375, 1.8169256929855377e-20, nan 
-55.125, 82.375, 1.6191990843973563e-20, nan 
-54.875, 82.375, 1.4055234805463154e-20, nan 
-54.625, 82.375, 1.3117337715185965e-20, nan 
-54.375, 82.375, 1.2880079145444232e-20, nan 
-54.125, 82.375, 1.2405378396596901e-20, nan 
-53.875, 82.375, 1.2078289805157053e-20, nan 
-53.625, 82.375, 1.0741059932165983e-20, nan 
-53.375, 82.375, 9.791024893367606e-21, nan 
-53.125, 82.375, 8.625675678136994e-21, nan 
-52.875, 82.375, 6.4717603008254725e-21, nan 
-52.625, 82.375, 3.978178556549137e-21, nan 
-52.375, 82.375, 2.8813469351362285e-21, nan 
-52.125, 82.375, 2.468987461237752e-21, nan 
-51.875, 82.375, 2.5762204088984014e-21, nan 
-51.625, 82.375, 2.588337217462987e-21, nan 
-51.375, 82.375, 2.1439696338461975e-21, nan 
-51.125, 82.375, 2.3542062362827174e-21, nan 
-50.875, 82.375, 2.0333109010432443e-21, nan 
-50.625, 82.375, 2.21792030684846e-21, nan 
-50.375, 82.375, 2.8342812639157014e-21, nan 
-50.125, 82.375, 3.169878990471287e-21, nan 
-49.875, 82.375, 3.206818851504884e-21, nan 
-49.625, 82.375, 2.8143703666121236e-21, nan 
-49.375, 82.375, 3.413946596766548e-21, nan 
-49.125, 82.375, 2.4076866010136268e-21, nan 
-48.875, 82.375, 2.4758864048014987e-21, nan 
-48.625, 82.375, 3.109215989549332e-21, nan 
-48.375, 82.375, 2.5843750371212356e-21, nan 
-48.125, 82.375, 2.957807679308944e-21, nan 
-47.875, 82.375, 3.657953839025442e-21, nan 
-47.625, 82.375, 4.753075471409192e-21, nan 
-47.375, 82.375, 2.2558962890817524e-21, nan 
-47.125, 82.375, 2.900869502288672e-21, nan 
-46.875, 82.375, 2.467599753942992e-21, nan 
-46.625, 82.375, 2.533479461873104e-21, nan 
-46.375, 82.375, 4.343396154818399e-21, nan 
-46.125, 82.375, 8.552548766950265e-21, nan 
-45.875, 82.375, 1.1449617570495064e-20, nan 
-45.625, 82.375, 1.2908279157157284e-20, nan 
-45.375, 82.375, 1.4702851613495656e-20, nan 
-45.125, 82.375, 2.2561940444239737e-20, nan 
-44.875, 82.375, 2.951967961691781e-20, nan 
-44.625, 82.375, 3.110273275493733e-20, nan 
-44.375, 82.375, 3.3699952528224984e-20, nan 
-44.125, 82.375, 3.695153707581507e-20, nan 
-43.875, 82.375, 3.9924335759223316e-20, nan 
-43.625, 82.375, 4.168319226910196e-20, nan 
-43.375, 82.375, 4.502982797246836e-20, nan 
-43.125, 82.375, 5.089985458535179e-20, nan 
-42.875, 82.375, 5.100850816885215e-20, nan 
-42.625, 82.375, 4.8239060651516534e-20, nan 
-42.375, 82.375, 4.7451494868414685e-20, nan 
-42.125, 82.375, 5.1211326298585176e-20, nan 
-41.875, 82.375, 5.298479783088704e-20, nan 
-41.625, 82.375, 4.619000314954237e-20, nan 
-41.375, 82.375, 4.3906285189090225e-20, nan 
-41.125, 82.375, 4.190164549349698e-20, nan 
-40.875, 82.375, 3.915282896216167e-20, nan 
-40.625, 82.375, 3.799434833614683e-20, nan 
-40.375, 82.375, 3.6620234155585485e-20, nan 
-40.125, 82.375, 3.6653992864242853e-20, nan 
-39.875, 82.375, 3.0157117248553105e-20, nan 
-39.625, 82.375, 2.626724845824504e-20, nan 
-39.375, 82.375, 2.701952615915293e-20, nan 
-39.125, 82.375, 3.1363810991755917e-20, nan 
-38.875, 82.375, 3.2305031426216806e-20, nan 
-38.625, 82.375, 2.449117214048772e-20, nan 
-38.375, 82.375, 1.7625284091763282e-20, nan 
-38.125, 82.375, 1.9718026532461568e-20, nan 
-37.875, 82.375, 2.1614626445993582e-20, nan 
-37.625, 82.375, 2.323685331293918e-20, nan 
-37.375, 82.375, 2.7892951296561e-20, nan 
-37.125, 82.375, 3.945900963971646e-20, nan 
-36.875, 82.375, 3.8865596378298536e-20, nan 
-36.625, 82.375, 2.852253193884992e-20, nan 
-36.375, 82.375, 2.7096510857039413e-20, nan 
-36.125, 82.375, 2.625180111407034e-20, nan 
-35.875, 82.375, 2.4445308202767016e-20, nan 
-35.625, 82.375, 3.1801756673773384e-20, nan 
-35.375, 82.375, 4.347936271084627e-20, nan 
-35.125, 82.375, 4.327814173057476e-20, nan 
-34.875, 82.375, 3.164126831834446e-20, nan 
-34.625, 82.375, 2.6522633237310498e-20, nan 
-34.375, 82.375, 2.4975166721288354e-20, nan 
-34.125, 82.375, 2.4435702376751333e-20, nan 
-33.875, 82.375, 2.782322424053584e-20, nan 
-33.625, 82.375, 2.4568292373837562e-20, nan 
-33.375, 82.375, 2.6391913717127994e-20, nan 
-33.125, 82.375, 2.4309316605711242e-20, nan 
-32.875, 82.375, 2.4813026134425667e-20, nan 
-32.625, 82.375, 2.4285492183374103e-20, nan 
-32.375, 82.375, 2.8416232700826654e-20, nan 
-32.125, 82.375, 3.1600647908550724e-20, nan 
-31.875, 82.375, 2.740164708330875e-20, nan 
-31.625, 82.375, 2.641801908745923e-20, nan 
-31.375, 82.375, 2.6518432611420193e-20, nan 
-31.125, 82.375, 2.453242354942276e-20, nan 
-30.875, 82.375, 2.2267218407042595e-20, nan 
-30.625, 82.375, 1.5863805696110422e-20, nan 
-30.375, 82.375, 1.246632506560394e-20, nan 
-30.125, 82.375, 1.4363315048910162e-20, nan 
-29.875, 82.375, 1.5013568456333804e-20, nan 
-29.625, 82.375, 1.2062364585705328e-20, nan 
-29.375, 82.375, 2.4468109391340224e-20, nan 
-29.125, 82.375, 3.766353007294862e-20, nan 
-28.875, 82.375, 3.434585501080459e-20, nan 
-28.625, 82.375, 2.5919254644788066e-20, nan 
-28.375, 82.375, 2.39277811949817e-20, nan 
-28.125, 82.375, 2.4228014990498167e-20, nan 
-27.875, 82.375, 1.9006160739607284e-20, nan 
-27.625, 82.375, 2.6502393043061097e-20, nan 
-27.375, 82.375, 3.811636437972374e-20, nan 
-27.125, 82.375, 3.605317169725628e-20, nan 
-26.875, 82.375, 2.72825510518336e-20, nan 
-26.625, 82.375, 2.593315989894716e-20, nan 
-26.375, 82.375, 2.9181586020457336e-20, nan 
-26.125, 82.375, 2.771439667206246e-20, nan 
-25.875, 82.375, 2.439769520772544e-20, nan 
-25.625, 82.375, 2.613860010649137e-20, nan 
-25.375, 82.375, 2.4808921460425148e-20, nan 
-25.125, 82.375, 2.222388241682399e-20, nan 
-24.875, 82.375, 2.3711727442310807e-20, nan 
-24.625, 82.375, 2.684851164261448e-20, nan 
-24.375, 82.375, 2.7274621448321077e-20, nan 
-24.125, 82.375, 2.755615586003821e-20, nan 
-23.875, 82.375, 2.86357512259467e-20, nan 
-23.625, 82.375, 2.7877791428324504e-20, nan 
-23.375, 82.375, 2.5332788363249376e-20, nan 
-23.125, 82.375, 2.4459187072188042e-20, nan 
-22.875, 82.375, 2.513774478450421e-20, nan 
-22.625, 82.375, 2.2909312909151433e-20, nan 
-22.375, 82.375, 1.994626862911438e-20, nan 
-22.125, 82.375, 2.0432304224534152e-20, nan 
-21.875, 82.375, 2.1434274576527848e-20, nan 
-21.625, 82.375, 2.2719601667877084e-20, nan 
-21.375, 82.375, 2.3611281669140417e-20, nan 
-21.125, 82.375, 2.3651705866099698e-20, nan 
-20.875, 82.375, 2.0473941802258664e-20, nan 
-20.625, 82.375, 2.0791044293272378e-20, nan 
-20.375, 82.375, 2.3776177603799788e-20, nan 
-20.125, 82.375, 2.485597395211752e-20, nan 
-19.875, 82.375, 2.5094390923651474e-20, nan 
-19.625, 82.375, 2.546354022498785e-20, nan 
-19.375, 82.375, 2.492825749232421e-20, nan 
-19.125, 82.375, 1.9066275320958802e-20, nan 
-18.875, 82.375, 1.5240153986329625e-20, nan 
-18.625, 82.375, 1.4969245210653537e-20, nan 
-18.375, 82.375, 1.6421007158153775e-20, nan 
-18.125, 82.375, 1.52310014397587e-20, nan 
-17.875, 82.375, 1.2577864999626303e-20, nan 
-17.625, 82.375, 1.862602638762225e-20, nan 
-17.375, 82.375, 1.5120401291941487e-20, nan 
-17.125, 82.375, 1.2303192104458046e-20, nan 
-16.875, 82.375, 1.6528982686651524e-20, nan 
-16.625, 82.375, 8.933878429021991e-21, nan 
-16.375, 82.375, 1.0764647470878107e-20, nan 
-16.125, 82.375, 2.765450884803559e-20, nan 
-15.875, 82.375, 4.0482135983379195e-20, nan 
-15.625, 82.375, 3.7512897011214787e-20, nan 
-15.375, 82.375, 3.8243912986188156e-20, nan 
-15.125, 82.375, 4.383266854547231e-20, nan 
-14.875, 82.375, 2.679558364102154e-20, nan 
-14.625, 82.375, 2.40641814506708e-20, nan 
-14.375, 82.375, 2.7913033266218936e-20, nan 
-14.125, 82.375, 3.526388946649333e-20, nan 
-13.875, 82.375, 3.5405420706128564e-20, nan 
-13.625, 82.375, 3.5087755118581715e-20, nan 
-13.375, 82.375, 3.6981741336720616e-20, nan 
-13.125, 82.375, 2.3784069379272677e-20, nan 
-12.875, 82.375, 1.876001431956685e-20, nan 
-12.625, 82.375, 1.8426101259035704e-20, nan 
-12.375, 82.375, 1.8028409523012424e-20, nan 
-12.125, 82.375, 1.5271939399582104e-20, nan 
-11.875, 82.375, 1.4464473387359836e-20, nan 
-11.625, 82.375, 1.4632486975353603e-20, nan 
-11.375, 82.375, 1.3928122241257234e-20, nan 
-11.125, 82.375, 1.266621087842043e-20, nan 
-10.875, 82.375, 1.2487429769774343e-20, nan 
-10.625, 82.375, 1.202972835650357e-20, nan 
-10.375, 82.375, 9.620037164725084e-21, nan 
-10.125, 82.375, 7.649732198427944e-21, nan 
-9.875, 82.375, 7.871054957045741e-21, nan 
-9.625, 82.375, 8.505270211488131e-21, nan 
-9.375, 82.375, 6.750100442834985e-21, nan 
-9.125, 82.375, 6.755254403263685e-21, nan 
-8.875, 82.375, 7.043009301220634e-21, nan 
-8.625, 82.375, 8.864484639633896e-21, nan 
-8.375, 82.375, 1.214499565278506e-20, nan 
-8.125, 82.375, 1.3739512091136205e-20, nan 
-7.875, 82.375, 1.538334717374866e-20, nan 
-7.625, 82.375, 1.4272055660488048e-20, nan 
-7.375, 82.375, 1.4007057095783137e-20, nan 
-7.125, 82.375, 1.3122339184719962e-20, nan 
-6.875, 82.375, 1.3097300244283478e-20, nan 
-6.625, 82.375, 1.3766584762406733e-20, nan 
-6.375, 82.375, 1.42863262004183e-20, nan 
-6.125, 82.375, 1.5190296042253374e-20, nan 
-5.875, 82.375, 1.3661741458094194e-20, nan 
-5.625, 82.375, 1.122409585937613e-20, nan 
-5.375, 82.375, 9.655449243265859e-21, nan 
-5.125, 82.375, 8.881131996835341e-21, nan 
-4.875, 82.375, 7.47678110037258e-21, nan 
-4.625, 82.375, 6.449603047327047e-21, nan 
-4.375, 82.375, 5.9568307824158616e-21, nan 
-4.125, 82.375, 5.0414807867305734e-21, nan 
-3.875, 82.375, 4.2592459859069634e-21, nan 
-3.625, 82.375, 4.436353969934551e-21, nan 
-3.375, 82.375, 4.533201603540337e-21, nan 
-3.125, 82.375, 4.649295148819598e-21, nan 
-2.875, 82.375, 4.6772271034827025e-21, nan 
-2.625, 82.375, 4.7902318960906635e-21, nan 
-2.375, 82.375, 5.50484547534844e-21, nan 
-2.125, 82.375, 5.892224944499941e-21, nan 
-1.875, 82.375, 5.988586074428155e-21, nan 
-1.625, 82.375, 6.134236877671734e-21, nan 
-1.375, 82.375, 6.2109807742932285e-21, nan 
-1.125, 82.375, 5.840001435543157e-21, nan 
-0.875, 82.375, 5.895289008748027e-21, nan 
-0.625, 82.375, 6.091843330263229e-21, nan 
-0.375, 82.375, 5.850286924699917e-21, nan 
-0.125, 82.375, 5.653092887345184e-21, nan 
0.125, 82.375, 5.339472447816039e-21, nan 
0.375, 82.375, 4.8636775922658056e-21, nan 
0.625, 82.375, 4.896270982860149e-21, nan 
0.875, 82.375, 4.342935089007661e-21, nan 
1.125, 82.375, 3.47738970685359e-21, nan 
1.375, 82.375, 3.3198115223379773e-21, nan 
1.625, 82.375, 2.9601125894150274e-21, nan 
1.875, 82.375, 2.3499962487996908e-21, nan 
2.125, 82.375, 2.1171979283882335e-21, nan 
2.375, 82.375, 2.2705237760869277e-21, nan 
2.625, 82.375, 3.033010877045488e-21, nan 
2.875, 82.375, 3.4229915060103475e-21, nan 
3.125, 82.375, 2.7434499498538846e-21, nan 
3.375, 82.375, 3.309188976342864e-21, nan 
3.625, 82.375, 3.287976004716171e-21, nan 
3.875, 82.375, 3.444606119768621e-21, nan 
4.125, 82.375, 3.719031129508785e-21, nan 
4.375, 82.375, 3.906163914554607e-21, nan 
4.625, 82.375, 3.653443190344274e-21, nan 
4.875, 82.375, 3.982627476514524e-21, nan 
5.125, 82.375, 4.417989521533912e-21, nan 
5.375, 82.375, 4.049820153410071e-21, nan 
5.625, 82.375, 3.808773252002313e-21, nan 
5.875, 82.375, 3.823579056379421e-21, nan 
6.125, 82.375, 3.91216878618355e-21, nan 
6.375, 82.375, 3.3748820922467127e-21, nan 
6.625, 82.375, 3.2370431482312994e-21, nan 
6.875, 82.375, 3.0857081288761908e-21, nan 
7.125, 82.375, 3.240049988445127e-21, nan 
7.375, 82.375, 2.7729379279050706e-21, nan 
7.625, 82.375, 2.482651471172948e-21, nan 
7.875, 82.375, 2.376229859622107e-21, nan 
8.125, 82.375, 2.2793401597185622e-21, nan 
8.375, 82.375, 2.302807785338226e-21, nan 
8.625, 82.375, 2.1733041227620985e-21, nan 
8.875, 82.375, 2.492155545908075e-21, nan 
9.125, 82.375, 2.619133374388076e-21, nan 
9.375, 82.375, 2.339504814911144e-21, nan 
9.625, 82.375, 1.775291330460689e-21, nan 
9.875, 82.375, 2.1146373550349973e-21, nan 
10.125, 82.375, 2.402694376579594e-21, nan 
10.375, 82.375, 2.610159980677245e-21, nan 
10.625, 82.375, 2.6192684402128306e-21, nan 
10.875, 82.375, 2.2345640405194665e-21, nan 
11.125, 82.375, 1.9638324074250635e-21, nan 
11.375, 82.375, 2.291407921717307e-21, nan 
11.625, 82.375, 2.4811965800239822e-21, nan 
11.875, 82.375, 2.342800497089941e-21, nan 
12.125, 82.375, 2.1546968345299944e-21, nan 
12.375, 82.375, 1.9369976501703196e-21, nan 
12.625, 82.375, 1.738527505636521e-21, nan 
12.875, 82.375, 1.5573006024204127e-21, nan 
13.125, 82.375, 1.2514992669287048e-21, nan 
13.375, 82.375, 1.1640967783105094e-21, nan 
13.625, 82.375, 1.134313691600046e-21, nan 
13.875, 82.375, 1.076620149869262e-21, nan 
14.125, 82.375, 1.153103890997834e-21, nan 
14.375, 82.375, 9.933125181581691e-22, nan 
14.625, 82.375, 9.935235012547034e-22, nan 
14.875, 82.375, 9.206410867218593e-22, nan 
15.125, 82.375, 9.447634159512027e-22, nan 
15.375, 82.375, 1.0087885137290668e-21, nan 
15.625, 82.375, 9.722498085966978e-22, nan 
15.875, 82.375, 1.0998550564012663e-21, nan 
16.125, 82.375, 1.0205236772638328e-21, nan 
16.375, 82.375, 9.396187229145955e-22, nan 
16.625, 82.375, 9.193672662286875e-22, nan 
16.875, 82.375, 1.01488262809925e-21, nan 
17.125, 82.375, 1.0384213147700244e-21, nan 
17.375, 82.375, 9.31906328497893e-22, nan 
17.625, 82.375, 9.259209343504118e-22, nan 
17.875, 82.375, 8.775461602025383e-22, nan 
18.125, 82.375, 8.556177870511142e-22, nan 
18.375, 82.375, 8.462043086637753e-22, nan 
18.625, 82.375, 7.679293564365233e-22, nan 
18.875, 82.375, 7.309089379914831e-22, nan 
19.125, 82.375, 7.380631306495535e-22, nan 
19.375, 82.375, 7.204629025705397e-22, nan 
19.625, 82.375, 6.441644426727262e-22, nan 
19.875, 82.375, 6.191591494924917e-22, nan 
20.125, 82.375, 6.414480006389013e-22, nan 
20.375, 82.375, 6.031217911500726e-22, nan 
20.625, 82.375, 5.537159113258194e-22, nan 
20.875, 82.375, 5.231857562617348e-22, nan 
21.125, 82.375, 5.494151624023088e-22, nan 
21.375, 82.375, 5.197287762238049e-22, nan 
21.625, 82.375, 4.503679010064796e-22, nan 
21.875, 82.375, 3.8931433350009736e-22, nan 
22.125, 82.375, 3.949169144137573e-22, nan 
22.375, 82.375, 4.1935328521570204e-22, nan 
22.625, 82.375, 3.8035690582687177e-22, nan 
22.875, 82.375, 3.3633877304990903e-22, nan 
23.125, 82.375, 3.601594455739095e-22, nan 
23.375, 82.375, 3.210635995278429e-22, nan 
23.625, 82.375, 3.000675649520802e-22, nan 
23.875, 82.375, 2.494196494036755e-22, nan 
24.125, 82.375, 2.335721284758962e-22, nan 
24.375, 82.375, 2.2903078076177964e-22, nan 
24.625, 82.375, 2.0230235819772865e-22, nan 
24.875, 82.375, 1.192759162999526e-22, nan 
25.125, 82.375, 1.6315256292102293e-22, nan 
25.375, 82.375, 2.1018486185539891e-22, nan 
25.625, 82.375, 2.288717256474128e-22, nan 
25.875, 82.375, 3.7339719223611996e-22, nan 
26.125, 82.375, 5.055568297256478e-22, nan 
26.375, 82.375, 5.307073683789663e-22, nan 
26.625, 82.375, 5.591284924067774e-22, nan 
26.875, 82.375, 7.713718368274502e-22, nan 
27.125, 82.375, 1.0114490431397706e-21, nan 
27.375, 82.375, 1.078771454528893e-21, nan 
27.625, 82.375, 1.0344880232225657e-21, nan 
27.875, 82.375, 8.0102659600347165e-22, nan 
28.125, 82.375, 9.62617268527862e-22, nan 
28.375, 82.375, 1.1901760245388122e-21, nan 
28.625, 82.375, 9.581862848430311e-22, nan 
28.875, 82.375, 3.631746673006958e-22, nan 
29.125, 82.375, 3.0091052069608043e-22, nan 
29.375, 82.375, 7.941405269809838e-22, nan 
29.625, 82.375, 4.341568796615221e-22, nan 
29.875, 82.375, 5.6360029271257e-22, nan 
30.125, 82.375, 8.440877346082092e-22, nan 
30.375, 82.375, 8.4952017245387e-22, nan 
30.625, 82.375, 1.0766392061627065e-21, nan 
30.875, 82.375, 1.1142695422718656e-21, nan 
31.125, 82.375, 1.4211382660086438e-21, nan 
31.375, 82.375, 1.6775730151400863e-21, nan 
31.625, 82.375, 2.2786978791530526e-21, nan 
31.875, 82.375, 2.2330704471152367e-21, nan 
32.125, 82.375, 2.4890216883233082e-21, nan 
32.375, 82.375, 2.534350921123814e-21, nan 
32.625, 82.375, 2.531039413285924e-21, nan 
32.875, 82.375, 1.797130344272448e-21, nan 
33.125, 82.375, 1.0800352976442799e-21, nan 
33.375, 82.375, 2.2154958108940503e-21, nan 
33.625, 82.375, 2.4623227547858073e-21, nan 
33.875, 82.375, 2.923354745117794e-21, nan 
34.125, 82.375, 2.9808189241400787e-21, nan 
34.375, 82.375, 3.222036114751048e-21, nan 
34.625, 82.375, 2.1009744702416855e-21, nan 
34.875, 82.375, 1.4059472310228186e-21, nan 
35.125, 82.375, 1.8329947773335757e-21, nan 
35.375, 82.375, 2.6210945980053732e-21, nan 
35.625, 82.375, 1.8201585352288064e-21, nan 
35.875, 82.375, 1.4763269194670592e-21, nan 
36.125, 82.375, 1.5594815763594171e-21, nan 
36.375, 82.375, 1.7453136686423503e-21, nan 
36.625, 82.375, 1.627239165813104e-21, nan 
36.875, 82.375, 1.4277486059063413e-21, nan 
37.125, 82.375, 2.222640936288164e-21, nan 
37.375, 82.375, 1.9982194287366257e-21, nan 
37.625, 82.375, 1.5378429313927967e-21, nan 
37.875, 82.375, 2.14449936586829e-21, nan 
38.125, 82.375, 2.5552420769269635e-21, nan 
38.375, 82.375, 1.8922846193104256e-21, nan 
38.625, 82.375, 2.041466656819752e-21, nan 
38.875, 82.375, 1.9500225842005286e-21, nan 
39.125, 82.375, 1.8111771753351947e-21, nan 
39.375, 82.375, 1.52440382786157e-21, nan 
39.625, 82.375, 1.2602126712784168e-21, nan 
39.875, 82.375, 1.6112923758247548e-21, nan 
40.125, 82.375, 1.2435681035286077e-21, nan 
40.375, 82.375, 1.2885009252357295e-21, nan 
40.625, 82.375, 1.1664164925016947e-21, nan 
40.875, 82.375, 9.931138354471233e-22, nan 
41.125, 82.375, 8.891656868339455e-22, nan 
41.375, 82.375, 6.891128454273514e-22, nan 
41.625, 82.375, 7.527050500455841e-22, nan 
41.875, 82.375, 8.295971346353403e-22, nan 
42.125, 82.375, 5.323680934901399e-22, nan 
42.375, 82.375, 6.456756992127218e-22, nan 
42.625, 82.375, 8.06150685315364e-22, nan 
42.875, 82.375, 7.52364061214766e-22, nan 
43.125, 82.375, 5.668125686341111e-22, nan 
43.375, 82.375, 6.25737437088548e-22, nan 
43.625, 82.375, 6.339863373986546e-22, nan 
43.875, 82.375, 4.781574218914453e-22, nan 
44.125, 82.375, 5.678492711752001e-22, nan 
44.375, 82.375, 8.684748581176934e-22, nan 
44.625, 82.375, 7.446392943408441e-22, nan 
44.875, 82.375, 4.641841344191039e-22, nan 
45.125, 82.375, 4.361790202318792e-22, nan 
45.375, 82.375, 2.575189574210207e-22, nan 
45.625, 82.375, 3.257349802890296e-22, nan 
45.875, 82.375, 4.201534571976087e-22, nan 
46.125, 82.375, 8.651462666519696e-22, nan 
46.375, 82.375, 6.7013095451966685e-22, nan 
46.625, 82.375, 7.040547191076079e-22, nan 
46.875, 82.375, 6.573632213532078e-22, nan 
47.125, 82.375, 4.238363613404324e-22, nan 
47.375, 82.375, 3.8685192064642057e-22, nan 
47.625, 82.375, 4.433669236808748e-22, nan 
47.875, 82.375, 6.222358220760164e-22, nan 
48.125, 82.375, 4.987695488573274e-22, nan 
48.375, 82.375, 6.773705862310941e-22, nan 
48.625, 82.375, 6.381066599367497e-22, nan 
48.875, 82.375, 4.488671709160655e-22, nan 
49.125, 82.375, 5.015814972137025e-22, nan 
49.375, 82.375, 4.808506652833187e-22, nan 
49.625, 82.375, 4.563493724939151e-22, nan 
49.875, 82.375, 3.3188147407219436e-22, nan 
50.125, 82.375, 3.3048115908308343e-22, nan 
50.375, 82.375, 2.7073202658262344e-22, nan 
50.625, 82.375, 2.302447003586066e-22, nan 
50.875, 82.375, 1.6421836172696197e-22, nan 
51.125, 82.375, 2.2794719961271613e-22, nan 
51.375, 82.375, 2.021126108007539e-22, nan 
51.625, 82.375, 1.9765028513743336e-22, nan 
51.875, 82.375, 1.6018921797104776e-22, nan 
52.125, 82.375, 1.0923777025355924e-22, nan 
52.375, 82.375, 5.520933540048415e-23, nan 
52.625, 82.375, 4.5905263790333505e-23, nan 
52.875, 82.375, 1.082412347799592e-22, nan 
53.125, 82.375, 9.710036541501689e-23, nan 
53.375, 82.375, 1.1635353415617437e-22, nan 
53.625, 82.375, 1.4797555901166656e-22, nan 
53.875, 82.375, 1.5712165540930454e-22, nan 
54.125, 82.375, 1.7112570235420512e-22, nan 
54.375, 82.375, 1.5468116561721922e-22, nan 
54.625, 82.375, 1.6637263411197498e-22, nan 
54.875, 82.375, 3.1845464983882257e-22, nan 
55.125, 82.375, 2.728467272770946e-22, nan 
55.375, 82.375, 3.443026945155902e-22, nan 
55.625, 82.375, 3.8458099181589214e-22, nan 
55.875, 82.375, 4.922797605084703e-22, nan 
56.125, 82.375, 4.745015900395778e-22, nan 
56.375, 82.375, 5.393339876556141e-22, nan 
56.625, 82.375, 4.718338814958204e-22, nan 
56.875, 82.375, 3.2641946301874025e-22, nan 
57.125, 82.375, 2.8295138423842957e-22, nan 
57.375, 82.375, 4.0937543840776703e-22, nan 
57.625, 82.375, 4.507748051185343e-22, nan 
57.875, 82.375, 5.404323590802906e-22, nan 
58.125, 82.375, 7.074736167035746e-22, nan 
58.375, 82.375, 7.117640247204631e-22, nan 
58.625, 82.375, 5.718748918851156e-22, nan 
58.875, 82.375, 5.314472089480368e-22, nan 
59.125, 82.375, 6.785021402939708e-22, nan 
59.375, 82.375, 6.540457119214328e-22, nan 
59.625, 82.375, 5.301742598339501e-22, nan 
59.875, 82.375, 5.2119120734278405e-22, nan 
60.125, 82.375, 5.724795189143949e-22, nan 
60.375, 82.375, 5.395322686115394e-22, nan 
60.625, 82.375, 5.22180327938891e-22, nan 
60.875, 82.375, 4.375449943799558e-22, nan 
61.125, 82.375, 4.641042883033904e-22, nan 
61.375, 82.375, 6.235817451684713e-22, nan 
61.625, 82.375, 6.622498860835137e-22, nan 
61.875, 82.375, 6.451998581394853e-22, nan 
62.125, 82.375, 5.315901025533376e-22, nan 
62.375, 82.375, 5.406554498515643e-22, nan 
62.625, 82.375, 5.028321088239804e-22, nan 
62.875, 82.375, 4.751097009328358e-22, nan 
63.125, 82.375, 5.713598202425401e-22, nan 
63.375, 82.375, 5.701008154489728e-22, nan 
63.625, 82.375, 5.195974120339891e-22, nan 
63.875, 82.375, 3.451778934901647e-22, nan 
64.125, 82.375, 3.037128521333031e-22, nan 
64.375, 82.375, 2.4254493410035542e-22, nan 
64.625, 82.375, 7.023240472905015e-23, nan 
64.875, 82.375, 1.992959921504457e-23, nan 
65.125, 82.375, 2.6005738211632972e-23, nan 
65.375, 82.375, 2.440615468746847e-23, nan 
65.625, 82.375, 5.408919157533294e-23, nan 
65.875, 82.375, 1.16754808983711e-22, nan 
66.125, 82.375, 1.6548221221769056e-22, nan 
66.375, 82.375, 1.5071869659607813e-22, nan 
66.625, 82.375, 1.6196785344413593e-22, nan 
66.875, 82.375, 2.0766863222953864e-22, nan 
67.125, 82.375, 2.4347636585419675e-22, nan 
67.375, 82.375, 2.488761647349402e-22, nan 
67.625, 82.375, 2.716760626306031e-22, nan 
67.875, 82.375, 2.3180146207607012e-22, nan 
68.125, 82.375, 1.619525473145069e-22, nan 
68.375, 82.375, 1.7120554540218187e-22, nan 
68.625, 82.375, 1.7976023169674322e-22, nan 
68.875, 82.375, 2.05594472560715e-22, nan 
69.125, 82.375, 2.224491247982998e-22, nan 
69.375, 82.375, 2.852415405643003e-22, nan 
69.625, 82.375, 2.951355949560818e-22, nan 
69.875, 82.375, 2.161458214239562e-22, nan 
70.125, 82.375, 2.718929618220036e-22, nan 
70.375, 82.375, 2.86953831317444e-22, nan 
70.625, 82.375, 2.9092892618967097e-22, nan 
70.875, 82.375, 3.0457314492999014e-22, nan 
71.125, 82.375, 2.6778422250439265e-22, nan 
71.375, 82.375, 3.2598446285152143e-22, nan 
71.625, 82.375, 3.4867253569761984e-22, nan 
71.875, 82.375, 2.483829573890833e-22, nan 
72.125, 82.375, 2.0549210878563826e-22, nan 
72.375, 82.375, 1.6220798196502463e-22, nan 
72.625, 82.375, 1.5357906665486576e-22, nan 
72.875, 82.375, 2.2876806666773046e-22, nan 
73.125, 82.375, 2.3974252935147295e-22, nan 
73.375, 82.375, 2.9149264698316426e-22, nan 
73.625, 82.375, 2.25352751542707e-22, nan 
73.875, 82.375, 2.81086232883161e-22, nan 
74.125, 82.375, 2.963642099234946e-22, nan 
74.375, 82.375, 2.9705751758582425e-22, nan 
74.625, 82.375, 2.3744884617457294e-22, nan 
74.875, 82.375, 1.2893482755783396e-22, nan 
75.125, 82.375, 1.3557520070029505e-22, nan 
75.375, 82.375, 1.0076332089160874e-22, nan 
75.625, 82.375, 8.841231182418124e-23, nan 
75.875, 82.375, 1.090661976046483e-22, nan 
76.125, 82.375, 6.984074766066951e-23, nan 
76.375, 82.375, 9.35323054736486e-23, nan 
76.625, 82.375, 6.846983278556943e-23, nan 
76.875, 82.375, 7.548809336616879e-23, nan 
77.125, 82.375, 6.675592518052512e-23, nan 
77.375, 82.375, 6.39265729448438e-23, nan 
77.625, 82.375, 1.8149195886857374e-22, nan 
77.875, 82.375, 1.7097604691793588e-22, nan 
78.125, 82.375, 1.3801929181858339e-22, nan 
78.375, 82.375, 1.6597434297801572e-22, nan 
78.625, 82.375, 1.7622699619710322e-22, nan 
78.875, 82.375, 1.7123316748431043e-22, nan 
79.125, 82.375, 1.5394460243743717e-22, nan 
79.375, 82.375, 1.105274761915178e-22, nan 
79.625, 82.375, 9.301948722043655e-23, nan 
79.875, 82.375, 8.416254235359525e-23, nan 
80.125, 82.375, 9.830341955130365e-23, nan 
80.375, 82.375, 1.0430381849432947e-22, nan 
80.625, 82.375, 1.1673013430757782e-22, nan 
80.875, 82.375, 1.2058608008364522e-22, nan 
81.125, 82.375, 1.1882873118862415e-22, nan 
81.375, 82.375, 6.476991895690633e-23, nan 
81.625, 82.375, 1.0717955517769358e-22, nan 
81.875, 82.375, 8.652093172914735e-23, nan 
82.125, 82.375, 9.59756042029774e-23, nan 
82.375, 82.375, 1.0265023463437952e-22, nan 
82.625, 82.375, 1.1031610405052343e-22, nan 
82.875, 82.375, 1.0716227750454917e-22, nan 
83.125, 82.375, 8.250035852442575e-23, nan 
83.375, 82.375, 1.0594606906758253e-22, nan 
83.625, 82.375, 8.324492996762205e-23, nan 
83.875, 82.375, 8.794959174556981e-23, nan 
84.125, 82.375, 9.235041813825975e-23, nan 
84.375, 82.375, 7.649272871799952e-23, nan 
84.625, 82.375, 6.862658454101127e-23, nan 
84.875, 82.375, 7.800084428414824e-23, nan 
85.125, 82.375, 7.507756995991324e-23, nan 
85.375, 82.375, 8.077825600001057e-23, nan 
85.625, 82.375, 9.655359366699097e-23, nan 
85.875, 82.375, 9.15601634979134e-23, nan 
86.125, 82.375, 8.650803957640245e-23, nan 
86.375, 82.375, 9.649932737454748e-23, nan 
86.625, 82.375, 9.170559809963331e-23, nan 
86.875, 82.375, 8.049211903091927e-23, nan 
87.125, 82.375, 1.2326974836225862e-22, nan 
87.375, 82.375, 7.061304833539172e-23, nan 
87.625, 82.375, 4.8877556134931995e-23, nan 
87.875, 82.375, 3.4926235568192124e-23, nan 
88.125, 82.375, 2.996880490310512e-23, nan 
88.375, 82.375, 3.8048169666155933e-23, nan 
88.625, 82.375, 3.9915642432779345e-23, nan 
88.875, 82.375, 3.899723128643611e-23, nan 
89.125, 82.375, 3.108423169951458e-23, nan 
89.375, 82.375, 2.982311160693827e-23, nan 
89.625, 82.375, 2.522950709982767e-23, nan 
89.875, 82.375, 2.4972967831489553e-23, nan 
90.125, 82.375, 3.2909362726875115e-23, nan 
90.375, 82.375, 9.252492156306515e-23, nan 
90.625, 82.375, 9.416814973087454e-23, nan 
90.875, 82.375, 9.766702739935242e-23, nan 
91.125, 82.375, 9.885107441133022e-23, nan 
91.375, 82.375, 1.0131737943597559e-22, nan 
91.625, 82.375, 1.1454251672180212e-22, nan 
91.875, 82.375, 1.0390678990929235e-22, nan 
92.125, 82.375, 8.464316309668994e-23, nan 
92.375, 82.375, 8.896746962449276e-23, nan 
92.625, 82.375, 1.0356713250136322e-22, nan 
92.875, 82.375, 9.042140876343979e-23, nan 
93.125, 82.375, 1.0026168460775069e-22, nan 
93.375, 82.375, 9.231306367371865e-23, nan 
93.625, 82.375, 8.36265650942584e-23, nan 
93.875, 82.375, 7.825279828867497e-23, nan 
94.125, 82.375, 7.661773284703604e-23, nan 
94.375, 82.375, 7.23204864647052e-23, nan 
94.625, 82.375, 6.928527018341817e-23, nan 
94.875, 82.375, 5.962210472340961e-23, nan 
95.125, 82.375, 6.218188411996132e-23, nan 
95.375, 82.375, 5.637305891829669e-23, nan 
95.625, 82.375, 6.398108210152511e-23, nan 
95.875, 82.375, 6.717631429458719e-23, nan 
96.125, 82.375, 6.239446550716437e-23, nan 
96.375, 82.375, 7.205038948059412e-23, nan 
96.625, 82.375, 6.865821620590195e-23, nan 
96.875, 82.375, 5.88614450603677e-23, nan 
97.125, 82.375, 6.039371283109203e-23, nan 
97.375, 82.375, 5.844141082588671e-23, nan 
97.625, 82.375, 5.814907091848563e-23, nan 
97.875, 82.375, 6.598378179620997e-23, nan 
98.125, 82.375, 6.426143230110137e-23, nan 
98.375, 82.375, 5.099688313777082e-23, nan 
98.625, 82.375, 5.1956188267132014e-23, nan 
98.875, 82.375, 5.485673212308315e-23, nan 
99.125, 82.375, 4.4291643097942155e-23, nan 
99.375, 82.375, 3.879939963417891e-23, nan 
99.625, 82.375, 4.038174466541341e-23, nan 
99.875, 82.375, 4.1257433119373647e-23, nan 
100.125, 82.375, 3.656030640352708e-23, nan 
100.375, 82.375, 3.733785140437166e-23, nan 
100.625, 82.375, 4.589869641278172e-23, nan 
100.875, 82.375, 3.6827101706383097e-23, nan 
101.125, 82.375, 3.880396477254099e-23, nan 
101.375, 82.375, 3.97101842215611e-23, nan 
101.625, 82.375, 4.052907477896216e-23, nan 
101.875, 82.375, 3.9629780759768023e-23, nan 
102.125, 82.375, 4.053655338508881e-23, nan 
102.375, 82.375, 5.549571224434947e-23, nan 
102.625, 82.375, 4.6471391603993073e-23, nan 
102.875, 82.375, 5.398442259803562e-23, nan 
103.125, 82.375, 4.3300999073883465e-23, nan 
103.375, 82.375, 4.391322048479967e-23, nan 
103.625, 82.375, 4.1325184475456245e-23, nan 
103.875, 82.375, 4.4241853399473546e-23, nan 
104.125, 82.375, 4.068889663976634e-23, nan 
104.375, 82.375, 4.1059537835719704e-23, nan 
104.625, 82.375, 3.2992664652867167e-23, nan 
104.875, 82.375, 3.4481206602755397e-23, nan 
105.125, 82.375, 3.146095067354424e-23, nan 
105.375, 82.375, 3.2148874161489594e-23, nan 
105.625, 82.375, 2.880868623542341e-23, nan 
105.875, 82.375, 2.8836797099232196e-23, nan 
106.125, 82.375, 3.142456720817937e-23, nan 
106.375, 82.375, 3.6650438841344e-23, nan 
106.625, 82.375, 3.9625658881377904e-23, nan 
106.875, 82.375, 4.149949569614629e-23, nan 
107.125, 82.375, 4.708869000339686e-23, nan 
107.375, 82.375, 5.400103120044685e-23, nan 
107.625, 82.375, 5.711302871801434e-23, nan 
107.875, 82.375, 6.171683864831225e-23, nan 
108.125, 82.375, 6.444120147546686e-23, nan 
108.375, 82.375, 6.367014199146532e-23, nan 
108.625, 82.375, 6.171494906597221e-23, nan 
108.875, 82.375, 5.820565749715935e-23, nan 
109.125, 82.375, 5.2849107433311764e-23, nan 
109.375, 82.375, 4.739445748095541e-23, nan 
109.625, 82.375, 4.428072995231709e-23, nan 
109.875, 82.375, 4.4318385783784147e-23, nan 
110.125, 82.375, 4.244155799711672e-23, nan 
110.375, 82.375, 4.117536010321085e-23, nan 
110.625, 82.375, 3.7315254062059693e-23, nan 
110.875, 82.375, 3.442815029824588e-23, nan 
111.125, 82.375, 3.1963445814716627e-23, nan 
111.375, 82.375, 2.6938618361773705e-23, nan 
111.625, 82.375, 2.6583487205846465e-23, nan 
111.875, 82.375, 2.0512874007585246e-23, nan 
112.125, 82.375, 1.7493890963329407e-23, nan 
112.375, 82.375, 8.713854840394095e-24, nan 
112.625, 82.375, 1.74384645126159e-23, nan 
112.875, 82.375, 1.6770668402749196e-23, nan 
113.125, 82.375, 1.3203857598712284e-23, nan 
113.375, 82.375, 6.847532280600318e-24, nan 
113.625, 82.375, 1.1035923391234868e-23, nan 
113.875, 82.375, 9.635267678956274e-24, nan 
114.125, 82.375, 4.401248481575443e-24, nan 
114.375, 82.375, 3.140565797705712e-24, nan 
114.625, 82.375, 3.982588623423381e-24, nan 
114.875, 82.375, 4.7128835449385695e-24, nan 
115.125, 82.375, 5.287970198530113e-24, nan 
115.375, 82.375, 5.00378373010018e-24, nan 
115.625, 82.375, 5.177296356639101e-24, nan 
115.875, 82.375, 4.478725551211312e-24, nan 
116.125, 82.375, 5.0071566330937124e-24, nan 
116.375, 82.375, 5.559658642258332e-24, nan 
116.625, 82.375, 5.3770864979477146e-24, nan 
116.875, 82.375, 5.521557126924879e-24, nan 
117.125, 82.375, 6.068274399450283e-24, nan 
117.375, 82.375, 5.1922263821455716e-24, nan 
117.625, 82.375, 5.466157782534652e-24, nan 
117.875, 82.375, 6.4055227617668916e-24, nan 
118.125, 82.375, 8.014984080403556e-24, nan 
118.375, 82.375, 6.209233072400776e-24, nan 
118.625, 82.375, 4.5579348721871896e-24, nan 
118.875, 82.375, 4.2631652311891036e-24, nan 
119.125, 82.375, 4.8508601677580636e-24, nan 
119.375, 82.375, 4.773636490601192e-24, nan 
119.625, 82.375, 4.572827638558155e-24, nan 
119.875, 82.375, 2.911436663283349e-24, nan 
120.125, 82.375, 2.4632068570813575e-24, nan 
120.375, 82.375, 2.477674241320857e-24, nan 
120.625, 82.375, 2.0324544486192168e-24, nan 
120.875, 82.375, 1.7209242343847916e-24, nan 
121.125, 82.375, 1.4746598908557112e-24, nan 
121.375, 82.375, 1.4455986888571784e-24, nan 
121.625, 82.375, 2.537745578682769e-24, nan 
121.875, 82.375, 3.4340363195632774e-24, nan 
122.125, 82.375, 2.8533714340782913e-24, nan 
122.375, 82.375, 3.93506383217364e-24, nan 
122.625, 82.375, 4.290910692859477e-24, nan 
122.875, 82.375, 4.5755720377961364e-24, nan 
123.125, 82.375, 4.631266177557971e-24, nan 
123.375, 82.375, 5.678320034610675e-24, nan 
123.625, 82.375, 5.818094885977227e-24, nan 
123.875, 82.375, 5.175599971375031e-24, nan 
124.125, 82.375, 4.6021793570515626e-24, nan 
124.375, 82.375, 5.166819564894038e-24, nan 
124.625, 82.375, 5.555260766941556e-24, nan 
124.875, 82.375, 6.0721747504027015e-24, nan 
125.125, 82.375, 6.954206318796785e-24, nan 
125.375, 82.375, 7.115529353968962e-24, nan 
125.625, 82.375, 6.887375064014898e-24, nan 
125.875, 82.375, 6.296623045705733e-24, nan 
126.125, 82.375, 6.785373712698299e-24, nan 
126.375, 82.375, 6.671735097702934e-24, nan 
126.625, 82.375, 6.68121070528691e-24, nan 
126.875, 82.375, 6.435142099409928e-24, nan 
127.125, 82.375, 6.211129082640056e-24, nan 
127.375, 82.375, 5.721192911225594e-24, nan 
127.625, 82.375, 5.4083780063143844e-24, nan 
127.875, 82.375, 5.010691103571497e-24, nan 
128.125, 82.375, 4.0406501477633295e-24, nan 
128.375, 82.375, 3.0045094641793635e-24, nan 
128.625, 82.375, 2.164462953146902e-24, nan 
128.875, 82.375, 1.671337684661327e-24, nan 
129.125, 82.375, 1.7652243095641986e-24, nan 
129.375, 82.375, 1.2267772137506664e-24, nan 
129.625, 82.375, 1.5347504642631359e-24, nan 
129.875, 82.375, 1.65571760096903e-24, nan 
130.125, 82.375, 1.4941961956931248e-24, nan 
130.375, 82.375, 1.4707754961156936e-24, nan 
130.625, 82.375, 1.5532278917263536e-24, nan 
130.875, 82.375, 1.3014425308915626e-24, nan 
131.125, 82.375, 7.6443747292735935e-25, nan 
131.375, 82.375, 1.1350596255528565e-24, nan 
131.625, 82.375, 8.660925370291773e-25, nan 
131.875, 82.375, 1.291976789513284e-24, nan 
132.125, 82.375, 2.3847595060591973e-24, nan 
132.375, 82.375, 2.7889391769296518e-24, nan 
132.625, 82.375, 3.0254393555291707e-24, nan 
132.875, 82.375, 3.9505602181018525e-24, nan 
133.125, 82.375, 3.790966593132482e-24, nan 
133.375, 82.375, 4.491685327223118e-24, nan 
133.625, 82.375, 3.411737559521085e-24, nan 
133.875, 82.375, 3.1248575712826545e-24, nan 
134.125, 82.375, 3.3573882664468e-24, nan 
134.375, 82.375, 3.556938265158635e-24, nan 
134.625, 82.375, 4.800648166775789e-24, nan 
134.875, 82.375, 4.380420664985257e-24, nan 
135.125, 82.375, 4.842856228776241e-24, nan 
135.375, 82.375, 4.4727706341479e-24, nan 
135.625, 82.375, 3.390712412589105e-24, nan 
135.875, 82.375, 3.107374471784223e-24, nan 
136.125, 82.375, 3.596082587493665e-24, nan 
136.375, 82.375, 2.80123347388318e-24, nan 
136.625, 82.375, 2.4338473854407257e-24, nan 
136.875, 82.375, 2.0782026740919036e-24, nan 
137.125, 82.375, 1.931921295016015e-24, nan 
137.375, 82.375, 2.2271200343224603e-24, nan 
137.625, 82.375, 2.2030976648508503e-24, nan 
137.875, 82.375, 2.8928149637923217e-24, nan 
138.125, 82.375, 3.746901195659995e-24, nan 
138.375, 82.375, 3.7705816257918265e-24, nan 
138.625, 82.375, 3.460770244555016e-24, nan 
138.875, 82.375, 3.4212737981918614e-24, nan 
139.125, 82.375, 2.801726757598621e-24, nan 
139.375, 82.375, 2.997574142428098e-24, nan 
139.625, 82.375, 3.481334562669124e-24, nan 
139.875, 82.375, 4.240738180970249e-24, nan 
140.125, 82.375, 4.1893544316876065e-24, nan 
140.375, 82.375, 3.8038565388815276e-24, nan 
140.625, 82.375, 3.856960819091894e-24, nan 
140.875, 82.375, 3.7877800115315914e-24, nan 
141.125, 82.375, 3.6012783548954554e-24, nan 
141.375, 82.375, 3.1854766866913675e-24, nan 
141.625, 82.375, 3.404659254394151e-24, nan 
141.875, 82.375, 3.2049050839999714e-24, nan 
142.125, 82.375, 2.956717939305905e-24, nan 
142.375, 82.375, 3.0824461387159963e-24, nan 
142.625, 82.375, 4.024431825195773e-24, nan 
142.875, 82.375, 3.6987994852872946e-24, nan 
143.125, 82.375, 3.524954168818116e-24, nan 
143.375, 82.375, 3.526203514353309e-24, nan 
143.625, 82.375, 3.4867416167133115e-24, nan 
143.875, 82.375, 3.417510200490719e-24, nan 
144.125, 82.375, 3.0387648233715943e-24, nan 
144.375, 82.375, 2.7624598513498044e-24, nan 
144.625, 82.375, 2.6248746872995395e-24, nan 
144.875, 82.375, 2.7027399722881766e-24, nan 
145.125, 82.375, 2.6578232128712794e-24, nan 
145.375, 82.375, 2.3138682003143697e-24, nan 
145.625, 82.375, 2.330672284511216e-24, nan 
145.875, 82.375, 2.869123348389906e-24, nan 
146.125, 82.375, 2.7690670433625325e-24, nan 
146.375, 82.375, 2.9246864001663325e-24, nan 
146.625, 82.375, 2.9337918415633133e-24, nan 
146.875, 82.375, 3.124341225712632e-24, nan 
147.125, 82.375, 3.353225595813556e-24, nan 
147.375, 82.375, 3.397802851555538e-24, nan 
147.625, 82.375, 3.474413819057141e-24, nan 
147.875, 82.375, 3.5508168411307154e-24, nan 
148.125, 82.375, 3.5097497384535134e-24, nan 
148.375, 82.375, 3.3694461521331234e-24, nan 
148.625, 82.375, 3.480245453763717e-24, nan 
148.875, 82.375, 3.781736885814033e-24, nan 
149.125, 82.375, 3.770795033064545e-24, nan 
149.375, 82.375, 3.38623811888987e-24, nan 
149.625, 82.375, 3.3737192394162865e-24, nan 
149.875, 82.375, 3.320938393853472e-24, nan 
150.125, 82.375, 3.2783761612982365e-24, nan 
150.375, 82.375, 3.1108844836425283e-24, nan 
150.625, 82.375, 3.2520620652952748e-24, nan 
150.875, 82.375, 3.135648978372822e-24, nan 
151.125, 82.375, 2.986509002680975e-24, nan 
151.375, 82.375, 3.0796158292105628e-24, nan 
151.625, 82.375, 3.1997038660222813e-24, nan 
151.875, 82.375, 2.824601946103714e-24, nan 
152.125, 82.375, 2.7988412573557266e-24, nan 
152.375, 82.375, 2.702343794832438e-24, nan 
152.625, 82.375, 2.7818863742502527e-24, nan 
152.875, 82.375, 2.9355340948623624e-24, nan 
153.125, 82.375, 2.7420840835565497e-24, nan 
153.375, 82.375, 2.709186496552689e-24, nan 
153.625, 82.375, 2.744879998309152e-24, nan 
153.875, 82.375, 2.936685424880143e-24, nan 
154.125, 82.375, 2.7182839520972375e-24, nan 
154.375, 82.375, 2.558942388328268e-24, nan 
154.625, 82.375, 2.8689836089169223e-24, nan 
154.875, 82.375, 2.8058702142309824e-24, nan 
155.125, 82.375, 2.7857645480640195e-24, nan 
155.375, 82.375, 2.6434572815531216e-24, nan 
155.625, 82.375, 2.8109016359215142e-24, nan 
155.875, 82.375, 2.8322104048657623e-24, nan 
156.125, 82.375, 2.766001358947189e-24, nan 
156.375, 82.375, 2.552012798002708e-24, nan 
156.625, 82.375, 2.595107801403137e-24, nan 
156.875, 82.375, 2.6087433954116763e-24, nan 
157.125, 82.375, 2.876284835740252e-24, nan 
157.375, 82.375, 2.7219262763032798e-24, nan 
157.625, 82.375, 2.6672580221508165e-24, nan 
157.875, 82.375, 2.8416277591767254e-24, nan 
158.125, 82.375, 2.616747451515601e-24, nan 
158.375, 82.375, 2.6574640501994442e-24, nan 
158.625, 82.375, 2.760838683560893e-24, nan 
158.875, 82.375, 2.7683358788287464e-24, nan 
159.125, 82.375, 2.553935937216868e-24, nan 
159.375, 82.375, 2.48111795276233e-24, nan 
159.625, 82.375, 2.5118706232305467e-24, nan 
159.875, 82.375, 2.7347069838585326e-24, nan 
160.125, 82.375, 2.806523166993092e-24, nan 
160.375, 82.375, 2.783589699276216e-24, nan 
160.625, 82.375, 2.573420137732299e-24, nan 
160.875, 82.375, 2.5433828262860697e-24, nan 
161.125, 82.375, 2.6993724805521033e-24, nan 
161.375, 82.375, 2.5589377407576365e-24, nan 
161.625, 82.375, 2.722265272605128e-24, nan 
161.875, 82.375, 2.50539107908387e-24, nan 
162.125, 82.375, 2.5722600215062726e-24, nan 
162.375, 82.375, 2.418573071503017e-24, nan 
162.625, 82.375, 2.4847555283757785e-24, nan 
162.875, 82.375, 2.6246150676250486e-24, nan 
163.125, 82.375, 2.53147091658993e-24, nan 
163.375, 82.375, 2.511363406616113e-24, nan 
163.625, 82.375, 2.615497061962974e-24, nan 
163.875, 82.375, 2.4988759860966752e-24, nan 
164.125, 82.375, 2.676982829624457e-24, nan 
164.375, 82.375, 2.376705029049177e-24, nan 
164.625, 82.375, 2.516667625093371e-24, nan 
164.875, 82.375, 2.4121703944734955e-24, nan 
165.125, 82.375, 2.3518404056387423e-24, nan 
165.375, 82.375, 2.5633105043952697e-24, nan 
165.625, 82.375, 2.3084850579785277e-24, nan 
165.875, 82.375, 2.725161437629459e-24, nan 
166.125, 82.375, 2.629428955841862e-24, nan 
166.375, 82.375, 2.4112564243318737e-24, nan 
166.625, 82.375, 2.5561359393038166e-24, nan 
166.875, 82.375, 2.7467802294451604e-24, nan 
167.125, 82.375, 2.532177512568194e-24, nan 
167.375, 82.375, 2.585956132186271e-24, nan 
167.625, 82.375, 2.341365787149861e-24, nan 
167.875, 82.375, 2.6751756267349095e-24, nan 
168.125, 82.375, 2.8143580884513845e-24, nan 
168.375, 82.375, 2.698919084347702e-24, nan 
168.625, 82.375, 2.8238388258164676e-24, nan 
168.875, 82.375, 2.7239197126575064e-24, nan 
169.125, 82.375, 2.911409714545125e-24, nan 
169.375, 82.375, 2.945991724435398e-24, nan 
169.625, 82.375, 2.5473782074350524e-24, nan 
169.875, 82.375, 2.553890058902703e-24, nan 
170.125, 82.375, 2.5340865579797157e-24, nan 
170.375, 82.375, 2.6475648101156467e-24, nan 
170.625, 82.375, 2.9319796224244432e-24, nan 
170.875, 82.375, 2.854823894143572e-24, nan 
171.125, 82.375, 2.8716507929973146e-24, nan 
171.375, 82.375, 2.8170978470306286e-24, nan 
171.625, 82.375, 2.7572973506950396e-24, nan 
171.875, 82.375, 2.5803932299274656e-24, nan 
172.125, 82.375, 2.8649278083280663e-24, nan 
172.375, 82.375, 3.1639843729124042e-24, nan 
172.625, 82.375, 2.6231286862882193e-24, nan 
172.875, 82.375, 2.4631054820816142e-24, nan 
173.125, 82.375, 2.7989173535828392e-24, nan 
173.375, 82.375, 2.573143604263535e-24, nan 
173.625, 82.375, 2.619608284432942e-24, nan 
173.875, 82.375, 2.316711473980004e-24, nan 
174.125, 82.375, 2.1359261830069e-24, nan 
174.375, 82.375, 2.209404095352293e-24, nan 
174.625, 82.375, 2.0379788173162172e-24, nan 
174.875, 82.375, 2.0206226101614664e-24, nan 
175.125, 82.375, 1.946620574956506e-24, nan 
175.375, 82.375, 2.1710146959653962e-24, nan 
175.625, 82.375, 1.8371393572318546e-24, nan 
175.875, 82.375, 1.625093620680616e-24, nan 
176.125, 82.375, 1.3070862512987822e-24, nan 
176.375, 82.375, 1.5624855941943985e-24, nan 
176.625, 82.375, 1.5571857706811697e-24, nan 
176.875, 82.375, 1.5137019134361968e-24, nan 
177.125, 82.375, 1.274761646733271e-24, nan 
177.375, 82.375, 1.3660634250499807e-24, nan 
177.625, 82.375, 1.5360065936550331e-24, nan 
177.875, 82.375, 1.4659751441618194e-24, nan 
178.125, 82.375, 1.3152272018566347e-24, nan 
178.375, 82.375, 1.3137714790139428e-24, nan 
178.625, 82.375, 1.3681126898328898e-24, nan 
178.875, 82.375, 1.4706821179074875e-24, nan 
179.125, 82.375, 1.2190036742009405e-24, nan 
179.375, 82.375, 1.4532756780462126e-24, nan 
179.625, 82.375, 1.5972499527959684e-24, nan 
179.875, 82.375, 1.6228113932400647e-24, nan 
-179.875, 82.625, 1.8341017173703678e-24, nan 
-179.625, 82.625, 1.6932391386649432e-24, nan 
-179.375, 82.625, 1.4239563973281904e-24, nan 
-179.125, 82.625, 1.4746638039980483e-24, nan 
-178.875, 82.625, 1.3502556340672526e-24, nan 
-178.625, 82.625, 1.3311279063006046e-24, nan 
-178.375, 82.625, 1.3629483214479412e-24, nan 
-178.125, 82.625, 1.4090631129939377e-24, nan 
-177.875, 82.625, 1.4791544584364897e-24, nan 
-177.625, 82.625, 1.4835714498062601e-24, nan 
-177.375, 82.625, 1.3613049412280195e-24, nan 
-177.125, 82.625, 1.5199215755816135e-24, nan 
-176.875, 82.625, 1.714397349497622e-24, nan 
-176.625, 82.625, 1.5271740241751723e-24, nan 
-176.375, 82.625, 1.5461311097210747e-24, nan 
-176.125, 82.625, 1.814951044327346e-24, nan 
-175.875, 82.625, 2.060182848650381e-24, nan 
-175.625, 82.625, 1.9222703476529413e-24, nan 
-175.375, 82.625, 2.3020598031959646e-24, nan 
-175.125, 82.625, 2.52404451882115e-24, nan 
-174.875, 82.625, 2.9981782581431756e-24, nan 
-174.625, 82.625, 3.0855187786081962e-24, nan 
-174.375, 82.625, 3.092226650375288e-24, nan 
-174.125, 82.625, 3.2245995230452983e-24, nan 
-173.875, 82.625, 2.7315411080941143e-24, nan 
-173.625, 82.625, 2.665695513815304e-24, nan 
-173.375, 82.625, 2.9220082810139482e-24, nan 
-173.125, 82.625, 2.8280675962266177e-24, nan 
-172.875, 82.625, 2.93828277591143e-24, nan 
-172.625, 82.625, 3.002455955125188e-24, nan 
-172.375, 82.625, 3.1284091887428036e-24, nan 
-172.125, 82.625, 4.059061355752749e-24, nan 
-171.875, 82.625, 4.4845302787870165e-24, nan 
-171.625, 82.625, 3.9289030254004364e-24, nan 
-171.375, 82.625, 4.5863015828048675e-24, nan 
-171.125, 82.625, 4.533199295283911e-24, nan 
-170.875, 82.625, 5.005629274782056e-24, nan 
-170.625, 82.625, 4.784698305369767e-24, nan 
-170.375, 82.625, 5.130341276027702e-24, nan 
-170.125, 82.625, 5.0099870955800364e-24, nan 
-169.875, 82.625, 5.1876577414515485e-24, nan 
-169.625, 82.625, 5.143249179246294e-24, nan 
-169.375, 82.625, 4.914651676641344e-24, nan 
-169.125, 82.625, 4.987198060438655e-24, nan 
-168.875, 82.625, 5.133248181818513e-24, nan 
-168.625, 82.625, 5.2989856112154724e-24, nan 
-168.375, 82.625, 4.915056144618936e-24, nan 
-168.125, 82.625, 5.003962160889255e-24, nan 
-167.875, 82.625, 4.804882144735819e-24, nan 
-167.625, 82.625, 4.665716871672577e-24, nan 
-167.375, 82.625, 4.759033905744569e-24, nan 
-167.125, 82.625, 4.4067638917309974e-24, nan 
-166.875, 82.625, 4.5891861744033136e-24, nan 
-166.625, 82.625, 4.458964295366205e-24, nan 
-166.375, 82.625, 4.519333561319695e-24, nan 
-166.125, 82.625, 4.745524434930234e-24, nan 
-165.875, 82.625, 4.445153931495885e-24, nan 
-165.625, 82.625, 4.327820805801111e-24, nan 
-165.375, 82.625, 4.6903207418547784e-24, nan 
-165.125, 82.625, 4.982363409884892e-24, nan 
-164.875, 82.625, 5.26902804293799e-24, nan 
-164.625, 82.625, 4.8689964204915086e-24, nan 
-164.375, 82.625, 4.899577560888171e-24, nan 
-164.125, 82.625, 5.284890511344236e-24, nan 
-163.875, 82.625, 5.5571980924860026e-24, nan 
-163.625, 82.625, 5.8232524261707044e-24, nan 
-163.375, 82.625, 5.956897485914423e-24, nan 
-163.125, 82.625, 5.903019830972068e-24, nan 
-162.875, 82.625, 5.859374355272111e-24, nan 
-162.625, 82.625, 6.3620208217983064e-24, nan 
-162.375, 82.625, 6.800327783170417e-24, nan 
-162.125, 82.625, 6.654673715265666e-24, nan 
-161.875, 82.625, 6.688932961925225e-24, nan 
-161.625, 82.625, 7.119744244537077e-24, nan 
-161.375, 82.625, 7.222959975796352e-24, nan 
-161.125, 82.625, 7.142226264868808e-24, nan 
-160.875, 82.625, 6.967464331795642e-24, nan 
-160.625, 82.625, 7.331344945054495e-24, nan 
-160.375, 82.625, 7.538356564800441e-24, nan 
-160.125, 82.625, 7.672883772099422e-24, nan 
-159.875, 82.625, 7.325332059329605e-24, nan 
-159.625, 82.625, 7.357092047332802e-24, nan 
-159.375, 82.625, 7.705827361588185e-24, nan 
-159.125, 82.625, 7.42112658199484e-24, nan 
-158.875, 82.625, 7.660707131633163e-24, nan 
-158.625, 82.625, 7.378903667120617e-24, nan 
-158.375, 82.625, 8.23177802590515e-24, nan 
-158.125, 82.625, 7.675996812916536e-24, nan 
-157.875, 82.625, 7.445066951980732e-24, nan 
-157.625, 82.625, 7.271615636594144e-24, nan 
-157.375, 82.625, 8.94324273342326e-24, nan 
-157.125, 82.625, 8.329998969399803e-24, nan 
-156.875, 82.625, 7.6451582308462e-24, nan 
-156.625, 82.625, 7.539661511816938e-24, nan 
-156.375, 82.625, 7.772868123225106e-24, nan 
-156.125, 82.625, 8.747398538868331e-24, nan 
-155.875, 82.625, 9.335178198802586e-24, nan 
-155.625, 82.625, 7.776402346255552e-24, nan 
-155.375, 82.625, 8.123821424742274e-24, nan 
-155.125, 82.625, 9.386131074618195e-24, nan 
-154.875, 82.625, 9.843217351915217e-24, nan 
-154.625, 82.625, 8.818645404075077e-24, nan 
-154.375, 82.625, 8.109745729466614e-24, nan 
-154.125, 82.625, 8.690507127625775e-24, nan 
-153.875, 82.625, 9.653855742625734e-24, nan 
-153.625, 82.625, 9.314168066073904e-24, nan 
-153.375, 82.625, 8.603511233441616e-24, nan 
-153.125, 82.625, 8.61416917431232e-24, nan 
-152.875, 82.625, 1.0369748298246971e-23, nan 
-152.625, 82.625, 1.0129580583123604e-23, nan 
-152.375, 82.625, 9.010875453421057e-24, nan 
-152.125, 82.625, 9.451326977020549e-24, nan 
-151.875, 82.625, 1.0589082538117444e-23, nan 
-151.625, 82.625, 1.0187081696139181e-23, nan 
-151.375, 82.625, 9.363815328357466e-24, nan 
-151.125, 82.625, 9.910585529075534e-24, nan 
-150.875, 82.625, 1.0056260932814434e-23, nan 
-150.625, 82.625, 9.826957229452378e-24, nan 
-150.375, 82.625, 9.855463562477205e-24, nan 
-150.125, 82.625, 9.291843119747583e-24, nan 
-149.875, 82.625, 8.884790453624174e-24, nan 
-149.625, 82.625, 9.023034581355413e-24, nan 
-149.375, 82.625, 8.748334850274912e-24, nan 
-149.125, 82.625, 8.718724933016574e-24, nan 
-148.875, 82.625, 8.635303450493357e-24, nan 
-148.625, 82.625, 8.746214141548186e-24, nan 
-148.375, 82.625, 7.769076599709287e-24, nan 
-148.125, 82.625, 8.252153881667314e-24, nan 
-147.875, 82.625, 9.4500322576367e-24, nan 
-147.625, 82.625, 9.400410849623253e-24, nan 
-147.375, 82.625, 8.73947845763679e-24, nan 
-147.125, 82.625, 8.571729336700972e-24, nan 
-146.875, 82.625, 9.276410310302315e-24, nan 
-146.625, 82.625, 9.525992156806452e-24, nan 
-146.375, 82.625, 8.906462118054902e-24, nan 
-146.125, 82.625, 9.626249767051177e-24, nan 
-145.875, 82.625, 9.463822417254106e-24, nan 
-145.625, 82.625, 8.462510794663608e-24, nan 
-145.375, 82.625, 8.798564986861005e-24, nan 
-145.125, 82.625, 9.096221283960415e-24, nan 
-144.875, 82.625, 9.550326185142028e-24, nan 
-144.625, 82.625, 8.537814714273138e-24, nan 
-144.375, 82.625, 8.1496539866105e-24, nan 
-144.125, 82.625, 8.544937840094448e-24, nan 
-143.875, 82.625, 9.087181538241193e-24, nan 
-143.625, 82.625, 9.22294364309921e-24, nan 
-143.375, 82.625, 9.100466902382054e-24, nan 
-143.125, 82.625, 8.722780943591852e-24, nan 
-142.875, 82.625, 9.253856941318128e-24, nan 
-142.625, 82.625, 9.780131621971158e-24, nan 
-142.375, 82.625, 1.013064290109622e-23, nan 
-142.125, 82.625, 9.78178588908953e-24, nan 
-141.875, 82.625, 9.98764914751893e-24, nan 
-141.625, 82.625, 1.0250050340729926e-23, nan 
-141.375, 82.625, 1.0080854574403771e-23, nan 
-141.125, 82.625, 9.584196208291687e-24, nan 
-140.875, 82.625, 1.098583557664782e-23, nan 
-140.625, 82.625, 1.1005696408474781e-23, nan 
-140.375, 82.625, 1.000069188803488e-23, nan 
-140.125, 82.625, 1.0731014571782168e-23, nan 
-139.875, 82.625, 1.1257936205230874e-23, nan 
-139.625, 82.625, 1.1597884590259699e-23, nan 
-139.375, 82.625, 1.1234531775065607e-23, nan 
-139.125, 82.625, 1.0933642181291618e-23, nan 
-138.875, 82.625, 8.584016977061016e-24, nan 
-138.625, 82.625, 1.0112835476451825e-23, nan 
-138.375, 82.625, 1.128459759224621e-23, nan 
-138.125, 82.625, 1.1463241011214237e-23, nan 
-137.875, 82.625, 1.0806251291081582e-23, nan 
-137.625, 82.625, 1.0517171662804071e-23, nan 
-137.375, 82.625, 1.1539657428045978e-23, nan 
-137.125, 82.625, 1.2241195883061068e-23, nan 
-136.875, 82.625, 1.198810534426079e-23, nan 
-136.625, 82.625, 1.1132079383326494e-23, nan 
-136.375, 82.625, 1.0470207528085277e-23, nan 
-136.125, 82.625, 1.0345543987144331e-23, nan 
-135.875, 82.625, 1.2676228194070041e-23, nan 
-135.625, 82.625, 1.2819039179979151e-23, nan 
-135.375, 82.625, 1.1705610324121075e-23, nan 
-135.125, 82.625, 1.069055619646277e-23, nan 
-134.875, 82.625, 1.2156193772178196e-23, nan 
-134.625, 82.625, 1.3783275209400248e-23, nan 
-134.375, 82.625, 1.4358398342103063e-23, nan 
-134.125, 82.625, 1.665135653552479e-23, nan 
-133.875, 82.625, 1.7769726851051624e-23, nan 
-133.625, 82.625, 1.6727870885949733e-23, nan 
-133.375, 82.625, 1.39093242074849e-23, nan 
-133.125, 82.625, 1.1406040355517326e-23, nan 
-132.875, 82.625, 1.0288469486624291e-23, nan 
-132.625, 82.625, 1.431088668172751e-23, nan 
-132.375, 82.625, 1.6149873648516703e-23, nan 
-132.125, 82.625, 1.6330930683128422e-23, nan 
-131.875, 82.625, 1.5631748749361718e-23, nan 
-131.625, 82.625, 1.6383494815133263e-23, nan 
-131.375, 82.625, 1.606847440929322e-23, nan 
-131.125, 82.625, 1.9506192466435816e-23, nan 
-130.875, 82.625, 2.59009477506804e-23, nan 
-130.625, 82.625, 2.5658902306752898e-23, nan 
-130.375, 82.625, 2.4661640751875892e-23, nan 
-130.125, 82.625, 2.5356504398506403e-23, nan 
-129.875, 82.625, 2.981331295995528e-23, nan 
-129.625, 82.625, 3.059214111528206e-23, nan 
-129.375, 82.625, 2.8098742642530736e-23, nan 
-129.125, 82.625, 3.059853818887107e-23, nan 
-128.875, 82.625, 3.193907180776654e-23, nan 
-128.625, 82.625, 3.026205954166532e-23, nan 
-128.375, 82.625, 3.029299469367176e-23, nan 
-128.125, 82.625, 3.717694343399971e-23, nan 
-127.875, 82.625, 3.936102662749149e-23, nan 
-127.625, 82.625, 3.6130506706938903e-23, nan 
-127.375, 82.625, 2.4817045203587895e-23, nan 
-127.125, 82.625, 2.1461499948994495e-23, nan 
-126.875, 82.625, 2.3366472637802235e-23, nan 
-126.625, 82.625, 1.9843264209651786e-23, nan 
-126.375, 82.625, 1.615844229655172e-23, nan 
-126.125, 82.625, 2.8939746221705795e-23, nan 
-125.875, 82.625, 4.632180250061849e-23, nan 
-125.625, 82.625, 6.58758279222389e-23, nan 
-125.375, 82.625, 8.116928212080899e-23, nan 
-125.125, 82.625, 9.609806608516097e-23, nan 
-124.875, 82.625, 1.0807056763352022e-22, nan 
-124.625, 82.625, 1.2329304522831372e-22, nan 
-124.375, 82.625, 1.130450689727523e-22, nan 
-124.125, 82.625, 1.1758172639828588e-22, nan 
-123.875, 82.625, 1.248803722572486e-22, nan 
-123.625, 82.625, 1.177022643879791e-22, nan 
-123.375, 82.625, 1.275657696886513e-22, nan 
-123.125, 82.625, 1.3624708602394585e-22, nan 
-122.875, 82.625, 1.1613172392970825e-22, nan 
-122.625, 82.625, 9.586467711512589e-23, nan 
-122.375, 82.625, 2.667322589747508e-22, nan 
-122.125, 82.625, 4.160498530898391e-22, nan 
-121.875, 82.625, 4.476982545377863e-22, nan 
-121.625, 82.625, 4.481220265240379e-22, nan 
-121.375, 82.625, 4.48525725363176e-22, nan 
-121.125, 82.625, 3.992656814626675e-22, nan 
-120.875, 82.625, 3.390744896556809e-22, nan 
-120.625, 82.625, 2.503531443397717e-22, nan 
-120.375, 82.625, 2.763667275178723e-22, nan 
-120.125, 82.625, 4.0106413094868807e-22, nan 
-119.875, 82.625, 3.720461018740782e-22, nan 
-119.625, 82.625, 3.823010910810366e-22, nan 
-119.375, 82.625, 3.7660165476566203e-22, nan 
-119.125, 82.625, 3.519469059069226e-22, nan 
-118.875, 82.625, 3.065578848388831e-22, nan 
-118.625, 82.625, 2.288185516654978e-22, nan 
-118.375, 82.625, 2.070495603908824e-22, nan 
-118.125, 82.625, 2.2406370553867526e-22, nan 
-117.875, 82.625, 2.2349962686925196e-22, nan 
-117.625, 82.625, 2.617189010002492e-22, nan 
-117.375, 82.625, 2.5043062391475867e-22, nan 
-117.125, 82.625, 2.623335104360316e-22, nan 
-116.875, 82.625, 3.0939400275808745e-22, nan 
-116.625, 82.625, 3.081113188181627e-22, nan 
-116.375, 82.625, 3.2828496603729604e-22, nan 
-116.125, 82.625, 3.0209534834452766e-22, nan 
-115.875, 82.625, 4.0897442716189984e-22, nan 
-115.625, 82.625, 4.0002081651053705e-22, nan 
-115.375, 82.625, 3.1107405798566565e-22, nan 
-115.125, 82.625, 3.824897718522554e-22, nan 
-114.875, 82.625, 4.267217791368342e-22, nan 
-114.625, 82.625, 4.150697565457783e-22, nan 
-114.375, 82.625, 3.4071460907511347e-22, nan 
-114.125, 82.625, 2.887249444019474e-22, nan 
-113.875, 82.625, 2.7246935335402156e-22, nan 
-113.625, 82.625, 2.8779256413667364e-22, nan 
-113.375, 82.625, 3.6600991356419583e-22, nan 
-113.125, 82.625, 4.0157666852575936e-22, nan 
-112.875, 82.625, 3.4116303917191396e-22, nan 
-112.625, 82.625, 2.7135147493698606e-22, nan 
-112.375, 82.625, 2.0784287240547947e-22, nan 
-112.125, 82.625, 1.1137928651993638e-22, nan 
-111.875, 82.625, 6.629824746067608e-23, nan 
-111.625, 82.625, 8.362911351618003e-23, nan 
-111.375, 82.625, 1.1919993861869607e-22, nan 
-111.125, 82.625, 1.6128579293694387e-22, nan 
-110.875, 82.625, 1.520689041218271e-22, nan 
-110.625, 82.625, 2.0427709877706263e-22, nan 
-110.375, 82.625, 2.505356681232991e-22, nan 
-110.125, 82.625, 2.3853139084889514e-22, nan 
-109.875, 82.625, 2.103723031363503e-22, nan 
-109.625, 82.625, 1.7268360253444824e-22, nan 
-109.375, 82.625, 1.3242734046010098e-22, nan 
-109.125, 82.625, 2.3147037993461736e-22, nan 
-108.875, 82.625, 3.488430301667637e-22, nan 
-108.625, 82.625, 4.339395493778771e-22, nan 
-108.375, 82.625, 5.143829253235279e-22, nan 
-108.125, 82.625, 5.791907123897714e-22, nan 
-107.875, 82.625, 5.046618602018178e-22, nan 
-107.625, 82.625, 3.1611034924399964e-22, nan 
-107.375, 82.625, 3.663188234641333e-22, nan 
-107.125, 82.625, 4.651395619401221e-22, nan 
-106.875, 82.625, 5.231785496977557e-22, nan 
-106.625, 82.625, 5.518405100993603e-22, nan 
-106.375, 82.625, 4.919701141439214e-22, nan 
-106.125, 82.625, 3.8615084715137263e-22, nan 
-105.875, 82.625, 2.497036879643916e-22, nan 
-105.625, 82.625, 1.586895874030765e-22, nan 
-105.375, 82.625, 1.5508806157190692e-22, nan 
-105.125, 82.625, 1.2306242692028165e-22, nan 
-104.875, 82.625, 9.581016749177344e-23, nan 
-104.625, 82.625, 1.371332515388345e-22, nan 
-104.375, 82.625, 1.9516052213279286e-22, nan 
-104.125, 82.625, 2.292275972303134e-22, nan 
-103.875, 82.625, 2.372281531675126e-22, nan 
-103.625, 82.625, 2.9848580400990713e-22, nan 
-103.375, 82.625, 3.632363533292362e-22, nan 
-103.125, 82.625, 3.014628187200182e-22, nan 
-102.875, 82.625, 3.065753671594423e-22, nan 
-102.625, 82.625, 2.976187342507634e-22, nan 
-102.375, 82.625, 2.4167265905460126e-22, nan 
-102.125, 82.625, 1.986098056777814e-22, nan 
-101.875, 82.625, 2.714068450432168e-22, nan 
-101.625, 82.625, 4.226826201596528e-22, nan 
-101.375, 82.625, 4.942949554914551e-22, nan 
-101.125, 82.625, 5.135082796208574e-22, nan 
-100.875, 82.625, 5.414781975498401e-22, nan 
-100.625, 82.625, 6.356460955432715e-22, nan 
-100.375, 82.625, 6.425666345485991e-22, nan 
-100.125, 82.625, 6.287437219790224e-22, nan 
-99.875, 82.625, 6.33136921256901e-22, nan 
-99.625, 82.625, 5.817597266739225e-22, nan 
-99.375, 82.625, 5.142008099624441e-22, nan 
-99.125, 82.625, 3.450222343676719e-22, nan 
-98.875, 82.625, 4.858644908793258e-22, nan 
-98.625, 82.625, 4.513035702744557e-22, nan 
-98.375, 82.625, 3.2941196116173646e-22, nan 
-98.125, 82.625, 3.9618543106743147e-22, nan 
-97.875, 82.625, 4.574441737943406e-22, nan 
-97.625, 82.625, 4.643504877474421e-22, nan 
-97.375, 82.625, 3.2253034717656676e-22, nan 
-97.125, 82.625, 3.318045413250964e-22, nan 
-96.875, 82.625, 2.849240839682902e-22, nan 
-96.625, 82.625, 3.7232730175925633e-22, nan 
-96.375, 82.625, 4.685491853345978e-22, nan 
-96.125, 82.625, 4.21640372215621e-22, nan 
-95.875, 82.625, 4.64609287811912e-22, nan 
-95.625, 82.625, 6.537445195197126e-22, nan 
-95.375, 82.625, 7.42614154275083e-22, nan 
-95.125, 82.625, 7.316332531873504e-22, nan 
-94.875, 82.625, 9.016985934884818e-22, nan 
-94.625, 82.625, 1.0360517262349232e-21, nan 
-94.375, 82.625, 8.99651722118882e-22, nan 
-94.125, 82.625, 9.725676789180333e-22, nan 
-93.875, 82.625, 1.2347345653163892e-21, nan 
-93.625, 82.625, 9.228457258733164e-22, nan 
-93.375, 82.625, 6.82086382313909e-22, nan 
-93.125, 82.625, 9.092175976058121e-22, nan 
-92.875, 82.625, 9.837799130319938e-22, nan 
-92.625, 82.625, 8.014890260904032e-22, nan 
-92.375, 82.625, 8.773074013726182e-22, nan 
-92.125, 82.625, 1.108593426836789e-21, nan 
-91.875, 82.625, 8.217710667006054e-22, nan 
-91.625, 82.625, 4.792793994030854e-22, nan 
-91.375, 82.625, 6.224973542010085e-22, nan 
-91.125, 82.625, 6.103463865720769e-22, nan 
-90.875, 82.625, 5.398952666920405e-22, nan 
-90.625, 82.625, 5.718099994075193e-22, nan 
-90.375, 82.625, 5.8279653218923355e-22, nan 
-90.125, 82.625, 6.218874162253617e-22, nan 
-89.875, 82.625, 4.903160605462985e-22, nan 
-89.625, 82.625, 6.567374988849485e-22, nan 
-89.375, 82.625, 6.281004311135525e-22, nan 
-89.125, 82.625, 6.176410981769554e-22, nan 
-88.875, 82.625, 5.836217121919596e-22, nan 
-88.625, 82.625, 6.201424158106951e-22, nan 
-88.375, 82.625, 7.222547875896622e-22, nan 
-88.125, 82.625, 5.506046346298395e-22, nan 
-87.875, 82.625, 5.711587733408619e-22, nan 
-87.625, 82.625, 5.877930698747369e-22, nan 
-87.375, 82.625, 7.577462315029084e-22, nan 
-87.125, 82.625, 7.229563039557252e-22, nan 
-86.875, 82.625, 6.350008323894464e-22, nan 
-86.625, 82.625, 8.267097071482317e-22, nan 
-86.375, 82.625, 7.416164893717242e-22, nan 
-86.125, 82.625, 7.497092143856578e-22, nan 
-85.875, 82.625, 8.137775589496129e-22, nan 
-85.625, 82.625, 9.406868126282888e-22, nan 
-85.375, 82.625, 8.127589775746873e-22, nan 
-85.125, 82.625, 7.921934534645126e-22, nan 
-84.875, 82.625, 1.023522523294061e-21, nan 
-84.625, 82.625, 9.253934747035144e-22, nan 
-84.375, 82.625, 8.218996920379939e-22, nan 
-84.125, 82.625, 9.46863647314372e-22, nan 
-83.875, 82.625, 1.198511602250498e-21, nan 
-83.625, 82.625, 7.850460856948036e-22, nan 
-83.375, 82.625, 7.749490504429593e-22, nan 
-83.125, 82.625, 7.65412427011211e-22, nan 
-82.875, 82.625, 1.0106753555667838e-21, nan 
-82.625, 82.625, 8.670370093888858e-22, nan 
-82.375, 82.625, 6.795545709985191e-22, nan 
-82.125, 82.625, 6.584467629287651e-22, nan 
-81.875, 82.625, 6.932752671084222e-22, nan 
-81.625, 82.625, 8.176648043217183e-22, nan 
-81.375, 82.625, 6.144728759773713e-22, nan 
-81.125, 82.625, 6.895349107491235e-22, nan 
-80.875, 82.625, 7.897777529623035e-22, nan 
-80.625, 82.625, 8.520742710257552e-22, nan 
-80.375, 82.625, 9.37471745995087e-22, nan 
-80.125, 82.625, 9.591214738290921e-22, nan 
-79.875, 82.625, 9.117881276036088e-22, nan 
-79.625, 82.625, 9.96079174065096e-22, nan 
-79.375, 82.625, 1.1819753596972262e-21, nan 
-79.125, 82.625, 1.4083585212883417e-21, nan 
-78.875, 82.625, 1.6471136947144491e-21, nan 
-78.625, 82.625, 2.0831030231157792e-21, nan 
-78.375, 82.625, 3.153925036562576e-21, nan 
-78.125, 82.625, 2.39297095242396e-21, nan 
-77.875, 82.625, 5.477868085772601e-21, nan 
-77.625, 82.625, 6.02529549474976e-21, nan 
-77.375, 82.625, 4.526445830661433e-21, nan 
-77.125, 82.625, 5.752715945482546e-21, nan 
-76.875, 82.625, 6.800769713255129e-21, nan 
-76.625, 82.625, 6.969373058993444e-21, nan 
-76.375, 82.625, 5.573901926916474e-21, nan 
-76.125, 82.625, 7.240018089493161e-21, nan 
-75.875, 82.625, 8.560443391792855e-21, nan 
-75.625, 82.625, 4.236861461220954e-21, nan 
-75.375, 82.625, 4.063926111438766e-21, nan 
-75.125, 82.625, 7.547719118332984e-21, nan 
-74.875, 82.625, 8.156504802991062e-21, nan 
-74.625, 82.625, 5.2395489782985475e-21, nan 
-74.375, 82.625, 6.5151364997590755e-21, nan 
-74.125, 82.625, 7.117318482256125e-21, nan 
-73.875, 82.625, 5.019348877505009e-21, nan 
-73.625, 82.625, 4.9954741714916244e-21, nan 
-73.375, 82.625, 6.5155422696445085e-21, nan 
-73.125, 82.625, 5.584268311949558e-21, nan 
-72.875, 82.625, 2.579725616411898e-21, nan 
-72.625, 82.625, 2.7296263322890438e-21, nan 
-72.375, 82.625, 3.0070529840202962e-21, nan 
-72.125, 82.625, 1.4707654775001897e-21, nan 
-71.875, 82.625, 2.1055574588855774e-21, nan 
-71.625, 82.625, 3.024625835993765e-21, nan 
-71.375, 82.625, 2.9717965907161165e-21, nan 
-71.125, 82.625, 3.1107310748582054e-21, nan 
-70.875, 82.625, 3.942892246475115e-21, nan 
-70.625, 82.625, 3.8722043492789545e-21, nan 
-70.375, 82.625, 3.769532691437448e-21, nan 
-70.125, 82.625, 3.2087651895206313e-21, nan 
-69.875, 82.625, 3.3684597989967714e-21, nan 
-69.625, 82.625, 4.44371415953728e-21, nan 
-69.375, 82.625, 3.839311530192014e-21, nan 
-69.125, 82.625, 3.2400617472097675e-21, nan 
-68.875, 82.625, 3.209203285372449e-21, nan 
-68.625, 82.625, 3.6428170236597696e-21, nan 
-68.375, 82.625, 2.8246767770359805e-21, nan 
-68.125, 82.625, 2.795408800296397e-21, nan 
-67.875, 82.625, 3.647705728632694e-21, nan 
-67.625, 82.625, 3.004477669449493e-21, nan 
-67.375, 82.625, 2.493556418341275e-21, nan 
-67.125, 82.625, 2.4882504670274314e-21, nan 
-66.875, 82.625, 2.03873647936387e-21, nan 
-66.625, 82.625, 1.709780468087676e-21, nan 
-66.375, 82.625, 1.6230075576248e-21, nan 
-66.125, 82.625, 1.5055040814129772e-21, nan 
-65.875, 82.625, 1.4311185587100243e-21, nan 
-65.625, 82.625, 1.5111381543257366e-21, nan 
-65.375, 82.625, 1.4854292387686858e-21, nan 
-65.125, 82.625, 1.784885681216525e-21, nan 
-64.875, 82.625, 1.704504764975923e-21, nan 
-64.625, 82.625, 1.6095169621609708e-21, nan 
-64.375, 82.625, 1.5946392974875548e-21, nan 
-64.125, 82.625, 1.6906555835891202e-21, nan 
-63.875, 82.625, 1.9262925703500056e-21, nan 
-63.625, 82.625, 1.5987532786790717e-21, nan 
-63.375, 82.625, 1.2428785372342706e-21, nan 
-63.125, 82.625, 1.4633964878500722e-21, nan 
-62.875, 82.625, 1.956787780903517e-21, nan 
-62.625, 82.625, 2.6418833313762176e-21, nan 
-62.375, 82.625, 4.153080825042227e-21, nan 
-62.125, 82.625, 6.6644837172063224e-21, nan 
-61.875, 82.625, 8.894415482569237e-21, nan 
-61.625, 82.625, 1.1383237383310046e-20, nan 
-61.375, 82.625, 7.101958224282681e-21, nan 
-61.125, 82.625, 3.2009608305281315e-21, nan 
-60.875, 82.625, 2.9399692362955627e-21, nan 
-60.625, 82.625, 4.9895620115177235e-21, nan 
-60.375, 82.625, 8.384665644074044e-21, nan 
-60.125, 82.625, 1.2201000783704217e-20, nan 
-59.875, 82.625, 1.6842614155850247e-20, nan 
-59.625, 82.625, 1.2133361985417802e-20, nan 
-59.375, 82.625, 1.5590348316634198e-20, nan 
-59.125, 82.625, 1.7607186325546058e-20, nan 
-58.875, 82.625, 1.7752319886074433e-20, nan 
-58.625, 82.625, 1.6747926548313436e-20, nan 
-58.375, 82.625, 1.3999449600519346e-20, nan 
-58.125, 82.625, 1.103206489132773e-20, nan 
-57.875, 82.625, 1.142068198751619e-20, nan 
-57.625, 82.625, 2.1154848701924455e-20, nan 
-57.375, 82.625, 2.31379546927694e-20, nan 
-57.125, 82.625, 2.172290072799121e-20, nan 
-56.875, 82.625, 1.9318154103760288e-20, nan 
-56.625, 82.625, 1.9399491417448288e-20, nan 
-56.375, 82.625, 1.6994732392613068e-20, nan 
-56.125, 82.625, 1.4469233571974702e-20, nan 
-55.875, 82.625, 1.428312833898678e-20, nan 
-55.625, 82.625, 1.4209985789619055e-20, nan 
-55.375, 82.625, 1.4933679835349018e-20, nan 
-55.125, 82.625, 1.5728055754928866e-20, nan 
-54.875, 82.625, 1.640988135087803e-20, nan 
-54.625, 82.625, 1.7288011049537146e-20, nan 
-54.375, 82.625, 1.8955620297487412e-20, nan 
-54.125, 82.625, 1.9712473395214703e-20, nan 
-53.875, 82.625, 1.9318818563377953e-20, nan 
-53.625, 82.625, 1.555335739304406e-20, nan 
-53.375, 82.625, 1.4190093820120394e-20, nan 
-53.125, 82.625, 1.3960665491165106e-20, nan 
-52.875, 82.625, 1.3237404129841911e-20, nan 
-52.625, 82.625, 1.3010168709897503e-20, nan 
-52.375, 82.625, 1.347894746346592e-20, nan 
-52.125, 82.625, 1.387622862416118e-20, nan 
-51.875, 82.625, 1.2319842301551552e-20, nan 
-51.625, 82.625, 1.1201324571934628e-20, nan 
-51.375, 82.625, 1.0259404465265778e-20, nan 
-51.125, 82.625, 8.768367234025434e-21, nan 
-50.875, 82.625, 6.3855777376139574e-21, nan 
-50.625, 82.625, 5.251180510856239e-21, nan 
-50.375, 82.625, 3.734609696452197e-21, nan 
-50.125, 82.625, 3.877486142685663e-21, nan 
-49.875, 82.625, 3.9198837121455015e-21, nan 
-49.625, 82.625, 4.246935873886457e-21, nan 
-49.375, 82.625, 5.242457386743882e-21, nan 
-49.125, 82.625, 5.937271345739845e-21, nan 
-48.875, 82.625, 6.871168700528343e-21, nan 
-48.625, 82.625, 9.062496631225762e-21, nan 
-48.375, 82.625, 8.979965611978447e-21, nan 
-48.125, 82.625, 8.135703259179183e-21, nan 
-47.875, 82.625, 9.010885103298639e-21, nan 
-47.625, 82.625, 1.0215854261786205e-20, nan 
-47.375, 82.625, 9.172136771477759e-21, nan 
-47.125, 82.625, 7.365702054793369e-21, nan 
-46.875, 82.625, 5.549329368509606e-21, nan 
-46.625, 82.625, 4.916848859355312e-21, nan 
-46.375, 82.625, 5.031327708869051e-21, nan 
-46.125, 82.625, 4.222448232783012e-21, nan 
-45.875, 82.625, 4.065923313746197e-21, nan 
-45.625, 82.625, 3.642021347732156e-21, nan 
-45.375, 82.625, 5.2754318677447256e-21, nan 
-45.125, 82.625, 5.056164729337199e-21, nan 
-44.875, 82.625, 7.828432399775723e-21, nan 
-44.625, 82.625, 8.607685244336624e-21, nan 
-44.375, 82.625, 1.472621380118417e-20, nan 
-44.125, 82.625, 1.9724127126971113e-20, nan 
-43.875, 82.625, 2.2745893515509615e-20, nan 
-43.625, 82.625, 2.3784762887607737e-20, nan 
-43.375, 82.625, 3.121208550317925e-20, nan 
-43.125, 82.625, 3.3829168659184026e-20, nan 
-42.875, 82.625, 3.679398106990902e-20, nan 
-42.625, 82.625, 4.020430230896204e-20, nan 
-42.375, 82.625, 4.110902234463546e-20, nan 
-42.125, 82.625, 4.6064431112853365e-20, nan 
-41.875, 82.625, 4.737915882543478e-20, nan 
-41.625, 82.625, 4.972667027475183e-20, nan 
-41.375, 82.625, 5.2424338829195466e-20, nan 
-41.125, 82.625, 5.614214586390332e-20, nan 
-40.875, 82.625, 5.652430704007084e-20, nan 
-40.625, 82.625, 4.3603671570930284e-20, nan 
-40.375, 82.625, 4.4830765288419076e-20, nan 
-40.125, 82.625, 4.55424297438021e-20, nan 
-39.875, 82.625, 3.853062990258378e-20, nan 
-39.625, 82.625, 3.5033878729130926e-20, nan 
-39.375, 82.625, 3.6079997261188004e-20, nan 
-39.125, 82.625, 3.259589134401853e-20, nan 
-38.875, 82.625, 2.9766610957240896e-20, nan 
-38.625, 82.625, 2.6018252802020803e-20, nan 
-38.375, 82.625, 2.8321078123787425e-20, nan 
-38.125, 82.625, 2.64313695125829e-20, nan 
-37.875, 82.625, 2.4161288152777933e-20, nan 
-37.625, 82.625, 2.4570395806802864e-20, nan 
-37.375, 82.625, 2.5523290539049675e-20, nan 
-37.125, 82.625, 2.6487610739019945e-20, nan 
-36.875, 82.625, 2.883476495145032e-20, nan 
-36.625, 82.625, 2.86505031710471e-20, nan 
-36.375, 82.625, 3.16948544665622e-20, nan 
-36.125, 82.625, 3.534943507488948e-20, nan 
-35.875, 82.625, 3.510657836779362e-20, nan 
-35.625, 82.625, 3.8261267795114655e-20, nan 
-35.375, 82.625, 4.3665339865902555e-20, nan 
-35.125, 82.625, 3.9741247376217375e-20, nan 
-34.875, 82.625, 3.2644919466304545e-20, nan 
-34.625, 82.625, 2.813485184646366e-20, nan 
-34.375, 82.625, 2.4807740922536314e-20, nan 
-34.125, 82.625, 1.929860188086125e-20, nan 
-33.875, 82.625, 2.182922270280373e-20, nan 
-33.625, 82.625, 2.4230098247247204e-20, nan 
-33.375, 82.625, 2.1406986645701942e-20, nan 
-33.125, 82.625, 1.823832707243637e-20, nan 
-32.875, 82.625, 1.9571771373494563e-20, nan 
-32.625, 82.625, 2.2817337079250085e-20, nan 
-32.375, 82.625, 2.308605325536046e-20, nan 
-32.125, 82.625, 1.98990339616054e-20, nan 
-31.875, 82.625, 2.0762538987235593e-20, nan 
-31.625, 82.625, 2.2656898059049944e-20, nan 
-31.375, 82.625, 2.0818123755556024e-20, nan 
-31.125, 82.625, 1.8348844275720224e-20, nan 
-30.875, 82.625, 1.8540646924088417e-20, nan 
-30.625, 82.625, 1.919258537295768e-20, nan 
-30.375, 82.625, 1.4159871487806635e-20, nan 
-30.125, 82.625, 1.1861968703831134e-20, nan 
-29.875, 82.625, 1.2506883699750256e-20, nan 
-29.625, 82.625, 1.38007610330389e-20, nan 
-29.375, 82.625, 1.4924600320256006e-20, nan 
-29.125, 82.625, 2.1560938423899e-20, nan 
-28.875, 82.625, 2.3380426894828158e-20, nan 
-28.625, 82.625, 2.176038903033956e-20, nan 
-28.375, 82.625, 2.025955996509497e-20, nan 
-28.125, 82.625, 2.0648857100933524e-20, nan 
-27.875, 82.625, 1.951520259495726e-20, nan 
-27.625, 82.625, 2.1521079515953847e-20, nan 
-27.375, 82.625, 2.5262609017139908e-20, nan 
-27.125, 82.625, 2.618629017906874e-20, nan 
-26.875, 82.625, 2.410382575128277e-20, nan 
-26.625, 82.625, 2.1708070834243432e-20, nan 
-26.375, 82.625, 2.223220876572446e-20, nan 
-26.125, 82.625, 1.9943049449725103e-20, nan 
-25.875, 82.625, 1.5921235408520497e-20, nan 
-25.625, 82.625, 1.5594467665712785e-20, nan 
-25.375, 82.625, 1.6910290633807568e-20, nan 
-25.125, 82.625, 1.741831344191023e-20, nan 
-24.875, 82.625, 1.75891531926237e-20, nan 
-24.625, 82.625, 1.826896786622921e-20, nan 
-24.375, 82.625, 1.8765756028765076e-20, nan 
-24.125, 82.625, 1.933698464675623e-20, nan 
-23.875, 82.625, 1.9229562016870723e-20, nan 
-23.625, 82.625, 1.9192492608570255e-20, nan 
-23.375, 82.625, 1.9463641310378028e-20, nan 
-23.125, 82.625, 1.9309093364508455e-20, nan 
-22.875, 82.625, 1.9761201514578943e-20, nan 
-22.625, 82.625, 1.912409460655791e-20, nan 
-22.375, 82.625, 1.743552644277749e-20, nan 
-22.125, 82.625, 1.4919006405305554e-20, nan 
-21.875, 82.625, 1.283812319973587e-20, nan 
-21.625, 82.625, 1.2236178855139638e-20, nan 
-21.375, 82.625, 1.3348069160692444e-20, nan 
-21.125, 82.625, 1.4259467664106113e-20, nan 
-20.875, 82.625, 1.5439702401306028e-20, nan 
-20.625, 82.625, 1.7696030170442482e-20, nan 
-20.375, 82.625, 1.8885276854638586e-20, nan 
-20.125, 82.625, 1.93647564987676e-20, nan 
-19.875, 82.625, 2.058947490188422e-20, nan 
-19.625, 82.625, 2.0759196637836185e-20, nan 
-19.375, 82.625, 2.053925996496218e-20, nan 
-19.125, 82.625, 1.8863817045593978e-20, nan 
-18.875, 82.625, 1.8925272959146318e-20, nan 
-18.625, 82.625, 1.91747194048366e-20, nan 
-18.375, 82.625, 2.010165782319705e-20, nan 
-18.125, 82.625, 2.0548486778328335e-20, nan 
-17.875, 82.625, 1.6868418638591275e-20, nan 
-17.625, 82.625, 1.4096542092576117e-20, nan 
-17.375, 82.625, 1.0163770783057878e-20, nan 
-17.125, 82.625, 7.100984217636497e-21, nan 
-16.875, 82.625, 6.026492405767349e-21, nan 
-16.625, 82.625, 1.70630537039377e-20, nan 
-16.375, 82.625, 1.6786245697591424e-20, nan 
-16.125, 82.625, 1.2197496119695095e-20, nan 
-15.875, 82.625, 1.1982488132581819e-20, nan 
-15.625, 82.625, 1.1818892374431935e-20, nan 
-15.375, 82.625, 1.305109286316711e-20, nan 
-15.125, 82.625, 1.7880090820049866e-20, nan 
-14.875, 82.625, 3.237024302057642e-20, nan 
-14.625, 82.625, 3.1607235948745057e-20, nan 
-14.375, 82.625, 2.419389110184064e-20, nan 
-14.125, 82.625, 1.866902005527194e-20, nan 
-13.875, 82.625, 1.8367691507466055e-20, nan 
-13.625, 82.625, 1.7561762351522485e-20, nan 
-13.375, 82.625, 2.07644562215372e-20, nan 
-13.125, 82.625, 2.802666915317833e-20, nan 
-12.875, 82.625, 2.6992042670330663e-20, nan 
-12.625, 82.625, 2.3763795408494537e-20, nan 
-12.375, 82.625, 1.9685078572635053e-20, nan 
-12.125, 82.625, 1.7796221949591736e-20, nan 
-11.875, 82.625, 1.7143317069888856e-20, nan 
-11.625, 82.625, 1.5808417329930198e-20, nan 
-11.375, 82.625, 1.3489979576321107e-20, nan 
-11.125, 82.625, 1.2015428702253203e-20, nan 
-10.875, 82.625, 1.1957672535756961e-20, nan 
-10.625, 82.625, 1.1687499021721468e-20, nan 
-10.375, 82.625, 1.0418065333770048e-20, nan 
-10.125, 82.625, 9.647154704654006e-21, nan 
-9.875, 82.625, 9.611476249558263e-21, nan 
-9.625, 82.625, 7.985155460604664e-21, nan 
-9.375, 82.625, 5.852267647639498e-21, nan 
-9.125, 82.625, 4.693152650291552e-21, nan 
-8.875, 82.625, 7.012604763340784e-21, nan 
-8.625, 82.625, 7.091106035558338e-21, nan 
-8.375, 82.625, 5.224941214410626e-21, nan 
-8.125, 82.625, 4.8971374512167674e-21, nan 
-7.875, 82.625, 5.545583776512211e-21, nan 
-7.625, 82.625, 7.801201455499046e-21, nan 
-7.375, 82.625, 1.1218665840526282e-20, nan 
-7.125, 82.625, 1.1919284231282034e-20, nan 
-6.875, 82.625, 1.1653514011367534e-20, nan 
-6.625, 82.625, 9.763739829664203e-21, nan 
-6.375, 82.625, 9.786187312555502e-21, nan 
-6.125, 82.625, 1.0430897922185094e-20, nan 
-5.875, 82.625, 1.1096920995866391e-20, nan 
-5.625, 82.625, 1.1785362948076094e-20, nan 
-5.375, 82.625, 1.1688243991551741e-20, nan 
-5.125, 82.625, 1.1255352939964612e-20, nan 
-4.875, 82.625, 9.58991890983653e-21, nan 
-4.625, 82.625, 8.50401822100492e-21, nan 
-4.375, 82.625, 8.532983304398985e-21, nan 
-4.125, 82.625, 7.80910222037501e-21, nan 
-3.875, 82.625, 6.110813567403355e-21, nan 
-3.625, 82.625, 5.478879577921046e-21, nan 
-3.375, 82.625, 5.4452548759992036e-21, nan 
-3.125, 82.625, 5.310274649991762e-21, nan 
-2.875, 82.625, 4.946595190940701e-21, nan 
-2.625, 82.625, 4.299591578371494e-21, nan 
-2.375, 82.625, 3.677665802602921e-21, nan 
-2.125, 82.625, 3.8951725027165014e-21, nan 
-1.875, 82.625, 4.07169244701759e-21, nan 
-1.625, 82.625, 4.6866884564913725e-21, nan 
-1.375, 82.625, 4.966953803069821e-21, nan 
-1.125, 82.625, 4.69030634629461e-21, nan 
-0.875, 82.625, 5.0235546636693754e-21, nan 
-0.625, 82.625, 5.564852811308472e-21, nan 
-0.375, 82.625, 5.59928628654804e-21, nan 
-0.125, 82.625, 5.398490736426563e-21, nan 
0.125, 82.625, 5.776773950753981e-21, nan 
0.375, 82.625, 6.026246157723943e-21, nan 
0.625, 82.625, 5.554765417948845e-21, nan 
0.875, 82.625, 5.3434482221564335e-21, nan 
1.125, 82.625, 4.8924341683731795e-21, nan 
1.375, 82.625, 5.099314696031147e-21, nan 
1.625, 82.625, 5.104934687366107e-21, nan 
1.875, 82.625, 4.178334323209523e-21, nan 
2.125, 82.625, 3.859270168173401e-21, nan 
2.375, 82.625, 4.054201100787681e-21, nan 
2.625, 82.625, 4.267943094480036e-21, nan 
2.875, 82.625, 3.811212057172403e-21, nan 
3.125, 82.625, 3.2084214228432513e-21, nan 
3.375, 82.625, 3.5233262075318556e-21, nan 
3.625, 82.625, 4.052934128712282e-21, nan 
3.875, 82.625, 4.321009544734556e-21, nan 
4.125, 82.625, 3.443963490743935e-21, nan 
4.375, 82.625, 3.2239005519460747e-21, nan 
4.625, 82.625, 3.481572376797966e-21, nan 
4.875, 82.625, 3.612810428370195e-21, nan 
5.125, 82.625, 3.824774547957531e-21, nan 
5.375, 82.625, 3.3509775238779447e-21, nan 
5.625, 82.625, 3.751711777002114e-21, nan 
5.875, 82.625, 3.838102868505249e-21, nan 
6.125, 82.625, 3.7435134731303164e-21, nan 
6.375, 82.625, 3.480184635183432e-21, nan 
6.625, 82.625, 3.3277508645589646e-21, nan 
6.875, 82.625, 3.697642516171069e-21, nan 
7.125, 82.625, 3.706740382365781e-21, nan 
7.375, 82.625, 3.493049319323918e-21, nan 
7.625, 82.625, 3.2464996065663445e-21, nan 
7.875, 82.625, 3.434469085187871e-21, nan 
8.125, 82.625, 3.5467683604245284e-21, nan 
8.375, 82.625, 3.093335991332574e-21, nan 
8.625, 82.625, 2.8567273502931714e-21, nan 
8.875, 82.625, 2.8662660431318096e-21, nan 
9.125, 82.625, 2.9624928012030467e-21, nan 
9.375, 82.625, 2.9131757374223736e-21, nan 
9.625, 82.625, 2.7067557077433115e-21, nan 
9.875, 82.625, 2.290926265551946e-21, nan 
10.125, 82.625, 2.2442315835782284e-21, nan 
10.375, 82.625, 2.2550964458987098e-21, nan 
10.625, 82.625, 2.211344713522781e-21, nan 
10.875, 82.625, 2.212249883078514e-21, nan 
11.125, 82.625, 2.418154240599166e-21, nan 
11.375, 82.625, 2.4817118374151885e-21, nan 
11.625, 82.625, 2.390866629915546e-21, nan 
11.875, 82.625, 2.2940636792205373e-21, nan 
12.125, 82.625, 2.2325191753996e-21, nan 
12.375, 82.625, 2.2619371060799522e-21, nan 
12.625, 82.625, 1.99126993292284e-21, nan 
12.875, 82.625, 1.7530800967697356e-21, nan 
13.125, 82.625, 1.9434517179809683e-21, nan 
13.375, 82.625, 1.876430235463933e-21, nan 
13.625, 82.625, 1.889175244322114e-21, nan 
13.875, 82.625, 1.5220952256063585e-21, nan 
14.125, 82.625, 1.1957999206472586e-21, nan 
14.375, 82.625, 1.2638152895430077e-21, nan 
14.625, 82.625, 1.3002106602785555e-21, nan 
14.875, 82.625, 1.168952909098436e-21, nan 
15.125, 82.625, 1.1871915069940212e-21, nan 
15.375, 82.625, 1.1008622224832257e-21, nan 
15.625, 82.625, 1.1449402130286624e-21, nan 
15.875, 82.625, 1.2485009382292848e-21, nan 
16.125, 82.625, 9.065292566333733e-22, nan 
16.375, 82.625, 8.496612654696696e-22, nan 
16.625, 82.625, 9.860164144363726e-22, nan 
16.875, 82.625, 1.0016110839669244e-21, nan 
17.125, 82.625, 1.0349083028856485e-21, nan 
17.375, 82.625, 9.960841795736142e-22, nan 
17.625, 82.625, 1.0691958118865344e-21, nan 
17.875, 82.625, 1.1050196981048622e-21, nan 
18.125, 82.625, 1.0482548844401042e-21, nan 
18.375, 82.625, 9.916292655783724e-22, nan 
18.625, 82.625, 1.0110009294985506e-21, nan 
18.875, 82.625, 1.0314392487938284e-21, nan 
19.125, 82.625, 1.0568876029951153e-21, nan 
19.375, 82.625, 9.879849063968896e-22, nan 
19.625, 82.625, 9.499055628945137e-22, nan 
19.875, 82.625, 1.0207080548548346e-21, nan 
20.125, 82.625, 1.071727859482677e-21, nan 
20.375, 82.625, 9.243947657695999e-22, nan 
20.625, 82.625, 8.300579654363135e-22, nan 
20.875, 82.625, 8.367681326082091e-22, nan 
21.125, 82.625, 8.481749749413866e-22, nan 
21.375, 82.625, 8.039449535060537e-22, nan 
21.625, 82.625, 6.910636391992529e-22, nan 
21.875, 82.625, 6.466023124488423e-22, nan 
22.125, 82.625, 6.965750921637529e-22, nan 
22.375, 82.625, 6.553796985616858e-22, nan 
22.625, 82.625, 5.36555686145004e-22, nan 
22.875, 82.625, 5.36107483963048e-22, nan 
23.125, 82.625, 5.227314745339883e-22, nan 
23.375, 82.625, 5.234751812044171e-22, nan 
23.625, 82.625, 4.560877752277881e-22, nan 
23.875, 82.625, 4.2350055256022224e-22, nan 
24.125, 82.625, 4.293974615481709e-22, nan 
24.375, 82.625, 4.113801181974525e-22, nan 
24.625, 82.625, 3.4236203042963755e-22, nan 
24.875, 82.625, 3.647103469036357e-22, nan 
25.125, 82.625, 3.754787570481528e-22, nan 
25.375, 82.625, 3.4657072362029897e-22, nan 
25.625, 82.625, 3.1745296528431547e-22, nan 
25.875, 82.625, 2.712661709602813e-22, nan 
26.125, 82.625, 2.5306233419806226e-22, nan 
26.375, 82.625, 2.3389919780503414e-22, nan 
26.625, 82.625, 1.9156737847958034e-22, nan 
26.875, 82.625, 2.0172498804311646e-22, nan 
27.125, 82.625, 1.7412151795941984e-22, nan 
27.375, 82.625, 1.6024066522553447e-22, nan 
27.625, 82.625, 2.125181369372334e-22, nan 
27.875, 82.625, 2.4948376987954433e-22, nan 
28.125, 82.625, 2.001915700208231e-22, nan 
28.375, 82.625, 1.6613852602653656e-22, nan 
28.625, 82.625, 1.9658187388068729e-22, nan 
28.875, 82.625, 2.317328505340022e-22, nan 
29.125, 82.625, 2.2547676429432585e-22, nan 
29.375, 82.625, 2.4879258471590967e-22, nan 
29.625, 82.625, 2.747230011015258e-22, nan 
29.875, 82.625, 3.7666931582296273e-22, nan 
30.125, 82.625, 5.516140019118206e-22, nan 
30.375, 82.625, 3.6481262064019798e-22, nan 
30.625, 82.625, 2.7909974233281387e-22, nan 
30.875, 82.625, 3.627482793146995e-22, nan 
31.125, 82.625, 8.365859723497538e-22, nan 
31.375, 82.625, 3.1093109549430687e-22, nan 
31.625, 82.625, 3.033908174508e-22, nan 
31.875, 82.625, 3.6520640715207284e-22, nan 
32.125, 82.625, 3.8355647606945996e-22, nan 
32.375, 82.625, 3.243306383143505e-22, nan 
32.625, 82.625, 3.224182241308679e-22, nan 
32.875, 82.625, 3.0288336443261586e-22, nan 
33.125, 82.625, 6.091039976391099e-22, nan 
33.375, 82.625, 1.46492812081277e-21, nan 
33.625, 82.625, 1.6218600473465976e-21, nan 
33.875, 82.625, 1.7953234424037955e-21, nan 
34.125, 82.625, 1.826159525208587e-21, nan 
34.375, 82.625, 1.957304157741851e-21, nan 
34.625, 82.625, 1.4420403392034524e-21, nan 
34.875, 82.625, 1.2016274916859133e-21, nan 
35.125, 82.625, 1.5231359035395019e-21, nan 
35.375, 82.625, 1.8570330127303325e-21, nan 
35.625, 82.625, 8.357301189583563e-22, nan 
35.875, 82.625, 8.895772273845795e-22, nan 
36.125, 82.625, 8.460919106434297e-22, nan 
36.375, 82.625, 8.975542709297779e-22, nan 
36.625, 82.625, 1.077819989076449e-21, nan 
36.875, 82.625, 7.090058787154496e-22, nan 
37.125, 82.625, 5.637714213386372e-22, nan 
37.375, 82.625, 7.607018152108042e-22, nan 
37.625, 82.625, 1.193519659279809e-21, nan 
37.875, 82.625, 1.1917700452525274e-21, nan 
38.125, 82.625, 1.1440687901043728e-21, nan 
38.375, 82.625, 1.3403593005232693e-21, nan 
38.625, 82.625, 1.449813550538914e-21, nan 
38.875, 82.625, 1.2777757905869548e-21, nan 
39.125, 82.625, 1.1261013895620302e-21, nan 
39.375, 82.625, 1.0925814181567382e-21, nan 
39.625, 82.625, 1.1324989426804975e-21, nan 
39.875, 82.625, 1.2114370864977284e-21, nan 
40.125, 82.625, 1.1057890210756482e-21, nan 
40.375, 82.625, 1.1030554104015905e-21, nan 
40.625, 82.625, 1.0033905269202144e-21, nan 
40.875, 82.625, 8.618108323961822e-22, nan 
41.125, 82.625, 6.9750100747724e-22, nan 
41.375, 82.625, 7.009689352503642e-22, nan 
41.625, 82.625, 7.673860670672675e-22, nan 
41.875, 82.625, 7.672231852396741e-22, nan 
42.125, 82.625, 7.375939769277027e-22, nan 
42.375, 82.625, 7.695524754844486e-22, nan 
42.625, 82.625, 7.709785410923672e-22, nan 
42.875, 82.625, 6.538810580909007e-22, nan 
43.125, 82.625, 6.556512922053176e-22, nan 
43.375, 82.625, 6.63188040521379e-22, nan 
43.625, 82.625, 5.791850562903846e-22, nan 
43.875, 82.625, 5.694159651868417e-22, nan 
44.125, 82.625, 5.34154272055038e-22, nan 
44.375, 82.625, 4.944908020783815e-22, nan 
44.625, 82.625, 5.552936813908859e-22, nan 
44.875, 82.625, 5.163407293215875e-22, nan 
45.125, 82.625, 4.458831932375522e-22, nan 
45.375, 82.625, 3.8052542479599864e-22, nan 
45.625, 82.625, 5.1224247853195785e-22, nan 
45.875, 82.625, 3.856573581644435e-22, nan 
46.125, 82.625, 5.704293987787764e-22, nan 
46.375, 82.625, 5.8630872183490405e-22, nan 
46.625, 82.625, 5.692623663760963e-22, nan 
46.875, 82.625, 6.476345238621598e-22, nan 
47.125, 82.625, 6.738452350653797e-22, nan 
47.375, 82.625, 1.1589291001116034e-21, nan 
47.625, 82.625, 1.0195243980732928e-21, nan 
47.875, 82.625, 9.71154335000005e-22, nan 
48.125, 82.625, 7.225642746993521e-22, nan 
48.375, 82.625, 6.449248216297233e-22, nan 
48.625, 82.625, 4.860079856479633e-22, nan 
48.875, 82.625, 3.961161466625432e-22, nan 
49.125, 82.625, 1.0246528994549546e-21, nan 
49.375, 82.625, 9.526731459752017e-22, nan 
49.625, 82.625, 8.96529418889434e-22, nan 
49.875, 82.625, 6.2509309920105185e-22, nan 
50.125, 82.625, 4.01956769959761e-22, nan 
50.375, 82.625, 3.0175632870996605e-22, nan 
50.625, 82.625, 3.132103092171528e-22, nan 
50.875, 82.625, 3.896681816702438e-22, nan 
51.125, 82.625, 4.857047801062569e-22, nan 
51.375, 82.625, 4.72123725480924e-22, nan 
51.625, 82.625, 4.449626815886996e-22, nan 
51.875, 82.625, 4.1390587100756186e-22, nan 
52.125, 82.625, 3.40591375603619e-22, nan 
52.375, 82.625, 3.0842786723493357e-22, nan 
52.625, 82.625, 3.475600178228792e-22, nan 
52.875, 82.625, 2.9793693888898233e-22, nan 
53.125, 82.625, 3.376219285338467e-22, nan 
53.375, 82.625, 3.4646657027284775e-22, nan 
53.625, 82.625, 3.610592844403432e-22, nan 
53.875, 82.625, 3.3265959559660386e-22, nan 
54.125, 82.625, 4.496178369456338e-22, nan 
54.375, 82.625, 3.9855952225067044e-22, nan 
54.625, 82.625, 4.097610524684328e-22, nan 
54.875, 82.625, 4.732137815150281e-22, nan 
55.125, 82.625, 3.416309878734446e-22, nan 
55.375, 82.625, 3.019536805327758e-22, nan 
55.625, 82.625, 3.41339166357042e-22, nan 
55.875, 82.625, 6.104596232755812e-22, nan 
56.125, 82.625, 6.057241947591553e-22, nan 
56.375, 82.625, 8.290767954759315e-22, nan 
56.625, 82.625, 1.071076899364928e-21, nan 
56.875, 82.625, 9.298386725197182e-22, nan 
57.125, 82.625, 7.488612679090019e-22, nan 
57.375, 82.625, 6.61340382609639e-22, nan 
57.625, 82.625, 7.062284053913834e-22, nan 
57.875, 82.625, 6.095246553324414e-22, nan 
58.125, 82.625, 7.501429707553525e-22, nan 
58.375, 82.625, 9.017631948705728e-22, nan 
58.625, 82.625, 7.400047358599236e-22, nan 
58.875, 82.625, 6.733493272717546e-22, nan 
59.125, 82.625, 7.142839622913313e-22, nan 
59.375, 82.625, 6.965954424366042e-22, nan 
59.625, 82.625, 5.539579599454577e-22, nan 
59.875, 82.625, 4.838025960713991e-22, nan 
60.125, 82.625, 5.305646336153791e-22, nan 
60.375, 82.625, 5.063801711032477e-22, nan 
60.625, 82.625, 4.940415654975081e-22, nan 
60.875, 82.625, 4.320521743664653e-22, nan 
61.125, 82.625, 4.135619422218159e-22, nan 
61.375, 82.625, 4.843461684624276e-22, nan 
61.625, 82.625, 5.0814095128898935e-22, nan 
61.875, 82.625, 4.930453367477035e-22, nan 
62.125, 82.625, 3.803242743301693e-22, nan 
62.375, 82.625, 3.8491534564928435e-22, nan 
62.625, 82.625, 3.2566595364320113e-22, nan 
62.875, 82.625, 1.747996867198105e-22, nan 
63.125, 82.625, 1.4321868552336302e-22, nan 
63.375, 82.625, 1.49108441638889e-22, nan 
63.625, 82.625, 1.4621739537624574e-22, nan 
63.875, 82.625, 1.8213479772910342e-22, nan 
64.125, 82.625, 2.4563612335689813e-22, nan 
64.375, 82.625, 2.4698497919260966e-22, nan 
64.625, 82.625, 1.822983218486795e-22, nan 
64.875, 82.625, 1.5897619686174133e-22, nan 
65.125, 82.625, 1.8431217650225101e-22, nan 
65.375, 82.625, 2.2161278034047607e-22, nan 
65.625, 82.625, 2.421341071239398e-22, nan 
65.875, 82.625, 3.1308248982001026e-22, nan 
66.125, 82.625, 3.2599388576105174e-22, nan 
66.375, 82.625, 2.9373202584275864e-22, nan 
66.625, 82.625, 2.5689341642832483e-22, nan 
66.875, 82.625, 2.8550330498024164e-22, nan 
67.125, 82.625, 3.0218747060915503e-22, nan 
67.375, 82.625, 2.8331857987423566e-22, nan 
67.625, 82.625, 2.7835063081473542e-22, nan 
67.875, 82.625, 2.4946611772443336e-22, nan 
68.125, 82.625, 2.3663217078338494e-22, nan 
68.375, 82.625, 2.645017555124931e-22, nan 
68.625, 82.625, 2.7367024203934467e-22, nan 
68.875, 82.625, 2.772135255909735e-22, nan 
69.125, 82.625, 2.6473680246249084e-22, nan 
69.375, 82.625, 2.473036733353881e-22, nan 
69.625, 82.625, 2.2529686235772153e-22, nan 
69.875, 82.625, 1.9619039272862298e-22, nan 
70.125, 82.625, 2.093501722835992e-22, nan 
70.375, 82.625, 2.441753381787848e-22, nan 
70.625, 82.625, 2.535554859959437e-22, nan 
70.875, 82.625, 2.3809998427362036e-22, nan 
71.125, 82.625, 2.088139522932646e-22, nan 
71.375, 82.625, 1.7205309579383093e-22, nan 
71.625, 82.625, 1.5495246360258535e-22, nan 
71.875, 82.625, 1.5411090208306893e-22, nan 
72.125, 82.625, 1.5547797432464069e-22, nan 
72.375, 82.625, 1.4211791736661332e-22, nan 
72.625, 82.625, 1.378386979818789e-22, nan 
72.875, 82.625, 1.1658585483274279e-22, nan 
73.125, 82.625, 1.375298961592796e-22, nan 
73.375, 82.625, 1.0488877497078477e-22, nan 
73.625, 82.625, 8.367880298345565e-23, nan 
73.875, 82.625, 1.0977063506070748e-22, nan 
74.125, 82.625, 9.508724734797869e-23, nan 
74.375, 82.625, 1.0416069827676429e-22, nan 
74.625, 82.625, 1.7184909911416486e-22, nan 
74.875, 82.625, 1.6694645760137958e-22, nan 
75.125, 82.625, 1.577906571914983e-22, nan 
75.375, 82.625, 1.236858661624405e-22, nan 
75.625, 82.625, 1.5125126649309275e-22, nan 
75.875, 82.625, 1.41136587480146e-22, nan 
76.125, 82.625, 1.3600290507141471e-22, nan 
76.375, 82.625, 1.2645968383619984e-22, nan 
76.625, 82.625, 1.5483249029219153e-22, nan 
76.875, 82.625, 1.9750123203891965e-22, nan 
77.125, 82.625, 1.6173350948339351e-22, nan 
77.375, 82.625, 1.442688019805469e-22, nan 
77.625, 82.625, 1.400584952929071e-22, nan 
77.875, 82.625, 1.2714629123230883e-22, nan 
78.125, 82.625, 1.141288864286654e-22, nan 
78.375, 82.625, 1.455726902655248e-22, nan 
78.625, 82.625, 1.6474745413385726e-22, nan 
78.875, 82.625, 1.5686516024751903e-22, nan 
79.125, 82.625, 1.479606988229067e-22, nan 
79.375, 82.625, 9.333552039487123e-23, nan 
79.625, 82.625, 7.649403496015223e-23, nan 
79.875, 82.625, 6.792857334384788e-23, nan 
80.125, 82.625, 7.404502009715328e-23, nan 
80.375, 82.625, 8.039236406958972e-23, nan 
80.625, 82.625, 9.171629099238981e-23, nan 
80.875, 82.625, 1.0296050428580995e-22, nan 
81.125, 82.625, 9.968445984928396e-23, nan 
81.375, 82.625, 7.120178335370776e-23, nan 
81.625, 82.625, 9.697597375333225e-23, nan 
81.875, 82.625, 4.4656151192815565e-23, nan 
82.125, 82.625, 4.843040524182513e-23, nan 
82.375, 82.625, 5.411817176559707e-23, nan 
82.625, 82.625, 8.012159381979815e-23, nan 
82.875, 82.625, 5.66239457565184e-23, nan 
83.125, 82.625, 6.968908287627439e-23, nan 
83.375, 82.625, 8.016951990625878e-23, nan 
83.625, 82.625, 5.679093456884707e-23, nan 
83.875, 82.625, 4.9644287861559555e-23, nan 
84.125, 82.625, 7.749306912769697e-23, nan 
84.375, 82.625, 1.131025235557326e-22, nan 
84.625, 82.625, 4.921120402906424e-23, nan 
84.875, 82.625, 6.079427699008332e-23, nan 
85.125, 82.625, 6.389419859554665e-23, nan 
85.375, 82.625, 5.43923378982111e-23, nan 
85.625, 82.625, 7.036572745217799e-23, nan 
85.875, 82.625, 6.961590402069702e-23, nan 
86.125, 82.625, 8.110183214603665e-23, nan 
86.375, 82.625, 5.748708837924734e-23, nan 
86.625, 82.625, 5.495625114563591e-23, nan 
86.875, 82.625, 3.947707280863395e-23, nan 
87.125, 82.625, 5.627009933913884e-23, nan 
87.375, 82.625, 6.213573873120438e-23, nan 
87.625, 82.625, 4.993660632467914e-23, nan 
87.875, 82.625, 5.592042376470065e-23, nan 
88.125, 82.625, 7.290967193142397e-23, nan 
88.375, 82.625, 6.740395897502857e-23, nan 
88.625, 82.625, 5.978560635371089e-23, nan 
88.875, 82.625, 6.276422899481928e-23, nan 
89.125, 82.625, 6.630464898878088e-23, nan 
89.375, 82.625, 6.919785014930475e-23, nan 
89.625, 82.625, 6.492235667746144e-23, nan 
89.875, 82.625, 7.563862842425159e-23, nan 
90.125, 82.625, 6.693557912092325e-23, nan 
90.375, 82.625, 6.422322948284561e-23, nan 
90.625, 82.625, 6.021588734179052e-23, nan 
90.875, 82.625, 3.908740540769577e-23, nan 
91.125, 82.625, 2.5599880636033656e-23, nan 
91.375, 82.625, 6.842886164528079e-24, nan 
91.625, 82.625, 1.1751624516746134e-23, nan 
91.875, 82.625, 1.2009175985031934e-23, nan 
92.125, 82.625, 2.9174446501819245e-23, nan 
92.375, 82.625, 2.494296363189788e-23, nan 
92.625, 82.625, 2.859846320307258e-23, nan 
92.875, 82.625, 3.095785453339102e-23, nan 
93.125, 82.625, 3.246912812862939e-23, nan 
93.375, 82.625, 3.742947298295273e-23, nan 
93.625, 82.625, 3.8572206974995175e-23, nan 
93.875, 82.625, 3.906975586271812e-23, nan 
94.125, 82.625, 3.985399498164381e-23, nan 
94.375, 82.625, 3.848274665965998e-23, nan 
94.625, 82.625, 3.325944920977684e-23, nan 
94.875, 82.625, 3.999341518322585e-23, nan 
95.125, 82.625, 3.7011051914344896e-23, nan 
95.375, 82.625, 4.4288791171339507e-23, nan 
95.625, 82.625, 2.538556960209021e-23, nan 
95.875, 82.625, 4.1825030437007743e-23, nan 
96.125, 82.625, 2.6576433820325076e-23, nan 
96.375, 82.625, 2.350035645131172e-23, nan 
96.625, 82.625, 5.797314941492909e-23, nan 
96.875, 82.625, 5.2583751084519364e-23, nan 
97.125, 82.625, 6.448341778954202e-23, nan 
97.375, 82.625, 5.558765139587434e-23, nan 
97.625, 82.625, 4.7837803445557454e-23, nan 
97.875, 82.625, 5.433718332818481e-23, nan 
98.125, 82.625, 5.474612102727757e-23, nan 
98.375, 82.625, 7.379262619470392e-23, nan 
98.625, 82.625, 5.7087458873338e-23, nan 
98.875, 82.625, 6.394796516861275e-23, nan 
99.125, 82.625, 5.997719387942584e-23, nan 
99.375, 82.625, 3.5189073446122473e-23, nan 
99.625, 82.625, 5.208548551581791e-23, nan 
99.875, 82.625, 4.707941040824842e-23, nan 
100.125, 82.625, 1.9782324929705388e-23, nan 
100.375, 82.625, 3.8368604899770857e-23, nan 
100.625, 82.625, 2.2377260880048447e-23, nan 
100.875, 82.625, 1.8174650845348992e-23, nan 
101.125, 82.625, 2.19026352903047e-23, nan 
101.375, 82.625, 4.3026586738853166e-23, nan 
101.625, 82.625, 4.429587744173649e-23, nan 
101.875, 82.625, 5.300514669853255e-23, nan 
102.125, 82.625, 5.2457307015535076e-23, nan 
102.375, 82.625, 5.45476609849882e-23, nan 
102.625, 82.625, 4.421042164590202e-23, nan 
102.875, 82.625, 5.327598452494022e-23, nan 
103.125, 82.625, 6.157738052326886e-23, nan 
103.375, 82.625, 6.843888695926049e-23, nan 
103.625, 82.625, 6.452063816682081e-23, nan 
103.875, 82.625, 6.121542145683845e-23, nan 
104.125, 82.625, 6.67204831173397e-23, nan 
104.375, 82.625, 8.695273395156841e-23, nan 
104.625, 82.625, 7.582433514892802e-23, nan 
104.875, 82.625, 6.359012117417877e-23, nan 
105.125, 82.625, 5.768269859530318e-23, nan 
105.375, 82.625, 5.703632109877821e-23, nan 
105.625, 82.625, 4.8856360223574226e-23, nan 
105.875, 82.625, 4.79789922842813e-23, nan 
106.125, 82.625, 6.88770773263907e-23, nan 
106.375, 82.625, 7.07305156413912e-23, nan 
106.625, 82.625, 7.129206734888583e-23, nan 
106.875, 82.625, 6.548246050366469e-23, nan 
107.125, 82.625, 6.758239692638623e-23, nan 
107.375, 82.625, 6.88229477364533e-23, nan 
107.625, 82.625, 7.193829333763572e-23, nan 
107.875, 82.625, 6.923747171174846e-23, nan 
108.125, 82.625, 7.194655179401033e-23, nan 
108.375, 82.625, 7.915989274402718e-23, nan 
108.625, 82.625, 8.113727576510629e-23, nan 
108.875, 82.625, 8.408660526384868e-23, nan 
109.125, 82.625, 8.991611600590296e-23, nan 
109.375, 82.625, 9.526856829453077e-23, nan 
109.625, 82.625, 8.328104571001187e-23, nan 
109.875, 82.625, 1.034995213013653e-22, nan 
110.125, 82.625, 1.0183832469423652e-22, nan 
110.375, 82.625, 9.890343745428602e-23, nan 
110.625, 82.625, 1.0260390747137233e-22, nan 
110.875, 82.625, 8.018174584300244e-23, nan 
111.125, 82.625, 6.733049472615117e-23, nan 
111.375, 82.625, 4.7128924989593543e-23, nan 
111.625, 82.625, 4.547404649517296e-23, nan 
111.875, 82.625, 3.341017500657758e-23, nan 
112.125, 82.625, 2.5347449928150104e-23, nan 
112.375, 82.625, 2.2718336742311084e-23, nan 
112.625, 82.625, 2.393891941383945e-23, nan 
112.875, 82.625, 2.1760928915502338e-23, nan 
113.125, 82.625, 1.8832154148889854e-23, nan 
113.375, 82.625, 2.344855004382757e-23, nan 
113.625, 82.625, 1.4193038873489788e-23, nan 
113.875, 82.625, 1.2009686359660722e-23, nan 
114.125, 82.625, 9.622888441824293e-24, nan 
114.375, 82.625, 1.6842274169175002e-23, nan 
114.625, 82.625, 1.275673335052111e-23, nan 
114.875, 82.625, 9.392112262281373e-24, nan 
115.125, 82.625, 5.490377648084491e-24, nan 
115.375, 82.625, 9.212971276803075e-24, nan 
115.625, 82.625, 7.468229693989972e-24, nan 
115.875, 82.625, 4.4534049565186184e-24, nan 
116.125, 82.625, 6.262245993188393e-24, nan 
116.375, 82.625, 6.67053865893242e-24, nan 
116.625, 82.625, 6.0117748587010774e-24, nan 
116.875, 82.625, 6.018946163849775e-24, nan 
117.125, 82.625, 7.334472230434563e-24, nan 
117.375, 82.625, 5.451545032483897e-24, nan 
117.625, 82.625, 3.863806768698987e-24, nan 
117.875, 82.625, 5.464130638241782e-24, nan 
118.125, 82.625, 8.819165646203545e-24, nan 
118.375, 82.625, 5.305455616035414e-24, nan 
118.625, 82.625, 5.3076632228313935e-24, nan 
118.875, 82.625, 5.0596002121648086e-24, nan 
119.125, 82.625, 4.914780180678169e-24, nan 
119.375, 82.625, 5.5381392092671365e-24, nan 
119.625, 82.625, 6.296308224884493e-24, nan 
119.875, 82.625, 7.93339288273419e-24, nan 
120.125, 82.625, 5.528519029316927e-24, nan 
120.375, 82.625, 5.826396167997603e-24, nan 
120.625, 82.625, 6.349224573404316e-24, nan 
120.875, 82.625, 4.497590238808186e-24, nan 
121.125, 82.625, 3.5265526682401734e-24, nan 
121.375, 82.625, 3.370950661821964e-24, nan 
121.625, 82.625, 2.8659544091517024e-24, nan 
121.875, 82.625, 3.319005684220245e-24, nan 
122.125, 82.625, 4.668513657857972e-24, nan 
122.375, 82.625, 4.822592590512549e-24, nan 
122.625, 82.625, 4.1260951742641014e-24, nan 
122.875, 82.625, 3.4233248706557305e-24, nan 
123.125, 82.625, 2.8986094612063443e-24, nan 
123.375, 82.625, 1.5091075903720328e-24, nan 
123.625, 82.625, 1.6132517111781202e-24, nan 
123.875, 82.625, 2.0513303949685555e-24, nan 
124.125, 82.625, 2.8562106091586896e-24, nan 
124.375, 82.625, 3.241215834120924e-24, nan 
124.625, 82.625, 3.724555071486122e-24, nan 
124.875, 82.625, 4.908717632298591e-24, nan 
125.125, 82.625, 5.5733895202272176e-24, nan 
125.375, 82.625, 5.5448789459779116e-24, nan 
125.625, 82.625, 5.5027525788187596e-24, nan 
125.875, 82.625, 5.6889874194836015e-24, nan 
126.125, 82.625, 6.818516978113319e-24, nan 
126.375, 82.625, 7.104407544857506e-24, nan 
126.625, 82.625, 7.389776155180152e-24, nan 
126.875, 82.625, 7.468141841852437e-24, nan 
127.125, 82.625, 7.670430815479762e-24, nan 
127.375, 82.625, 7.204373385572977e-24, nan 
127.625, 82.625, 7.221763224922287e-24, nan 
127.875, 82.625, 6.733957182880293e-24, nan 
128.125, 82.625, 6.023535939882875e-24, nan 
128.375, 82.625, 5.6177580661245645e-24, nan 
128.625, 82.625, 5.375840791850483e-24, nan 
128.875, 82.625, 4.997281156964484e-24, nan 
129.125, 82.625, 4.780044282522468e-24, nan 
129.375, 82.625, 5.521495531758171e-24, nan 
129.625, 82.625, 5.664841385078205e-24, nan 
129.875, 82.625, 5.0644847527527946e-24, nan 
130.125, 82.625, 4.155766361439889e-24, nan 
130.375, 82.625, 4.203094286047868e-24, nan 
130.625, 82.625, 3.318255967713866e-24, nan 
130.875, 82.625, 3.5544229958030455e-24, nan 
131.125, 82.625, 3.632101179573731e-24, nan 
131.375, 82.625, 3.5248114958274455e-24, nan 
131.625, 82.625, 3.592899783436214e-24, nan 
131.875, 82.625, 4.098433004919036e-24, nan 
132.125, 82.625, 3.823190472602169e-24, nan 
132.375, 82.625, 3.2009329003686655e-24, nan 
132.625, 82.625, 3.274959893235637e-24, nan 
132.875, 82.625, 3.2092007674213272e-24, nan 
133.125, 82.625, 2.8661959996012142e-24, nan 
133.375, 82.625, 2.2605157027295727e-24, nan 
133.625, 82.625, 1.9451261247219523e-24, nan 
133.875, 82.625, 1.7852810005176203e-24, nan 
134.125, 82.625, 2.4077824548562973e-24, nan 
134.375, 82.625, 2.8345054729556865e-24, nan 
134.625, 82.625, 3.477238267121166e-24, nan 
134.875, 82.625, 3.693259989695737e-24, nan 
135.125, 82.625, 3.3117501444079655e-24, nan 
135.375, 82.625, 3.997665952116235e-24, nan 
135.625, 82.625, 4.225966176982852e-24, nan 
135.875, 82.625, 3.350663616441217e-24, nan 
136.125, 82.625, 3.321031307652527e-24, nan 
136.375, 82.625, 3.322209931055641e-24, nan 
136.625, 82.625, 3.642887850896124e-24, nan 
136.875, 82.625, 3.675390132695947e-24, nan 
137.125, 82.625, 4.264758499375385e-24, nan 
137.375, 82.625, 4.2260391147397314e-24, nan 
137.625, 82.625, 3.269769595120906e-24, nan 
137.875, 82.625, 3.344264334866854e-24, nan 
138.125, 82.625, 3.488506422603016e-24, nan 
138.375, 82.625, 3.611022271472194e-24, nan 
138.625, 82.625, 3.557639969868996e-24, nan 
138.875, 82.625, 3.539174764561681e-24, nan 
139.125, 82.625, 3.752141302637237e-24, nan 
139.375, 82.625, 3.6238759343196446e-24, nan 
139.625, 82.625, 3.424401764847062e-24, nan 
139.875, 82.625, 3.3707756938784524e-24, nan 
140.125, 82.625, 3.1691828498711552e-24, nan 
140.375, 82.625, 3.1849837529260625e-24, nan 
140.625, 82.625, 3.3510975760326355e-24, nan 
140.875, 82.625, 3.2434640409592065e-24, nan 
141.125, 82.625, 2.942506448155101e-24, nan 
141.375, 82.625, 2.430945938830429e-24, nan 
141.625, 82.625, 2.6991780634037843e-24, nan 
141.875, 82.625, 2.554236822919584e-24, nan 
142.125, 82.625, 2.2582853308094756e-24, nan 
142.375, 82.625, 2.3002802008961063e-24, nan 
142.625, 82.625, 3.187127050060344e-24, nan 
142.875, 82.625, 3.3754100628333244e-24, nan 
143.125, 82.625, 3.704530922416033e-24, nan 
143.375, 82.625, 3.387022549861448e-24, nan 
143.625, 82.625, 3.289381161501791e-24, nan 
143.875, 82.625, 3.291510944442711e-24, nan 
144.125, 82.625, 3.233604336708069e-24, nan 
144.375, 82.625, 3.6140028324754736e-24, nan 
144.625, 82.625, 3.782840442159439e-24, nan 
144.875, 82.625, 4.119728492282775e-24, nan 
145.125, 82.625, 4.0527421247376925e-24, nan 
145.375, 82.625, 4.081117794679769e-24, nan 
145.625, 82.625, 4.1001124969127425e-24, nan 
145.875, 82.625, 4.277617756579602e-24, nan 
146.125, 82.625, 3.53627583747018e-24, nan 
146.375, 82.625, 3.225632257791189e-24, nan 
146.625, 82.625, 3.2176925614003192e-24, nan 
146.875, 82.625, 3.3976398150916394e-24, nan 
147.125, 82.625, 3.791891764808066e-24, nan 
147.375, 82.625, 3.460944928663543e-24, nan 
147.625, 82.625, 2.977158648146982e-24, nan 
147.875, 82.625, 2.9553369296391674e-24, nan 
148.125, 82.625, 3.0480040044683843e-24, nan 
148.375, 82.625, 2.8538563089720386e-24, nan 
148.625, 82.625, 2.885357550400666e-24, nan 
148.875, 82.625, 2.836462939740102e-24, nan 
149.125, 82.625, 2.8975224595950172e-24, nan 
149.375, 82.625, 2.9786422614649157e-24, nan 
149.625, 82.625, 3.1326703189820474e-24, nan 
149.875, 82.625, 3.152525408543592e-24, nan 
150.125, 82.625, 3.1341682383269544e-24, nan 
150.375, 82.625, 3.2361802692007154e-24, nan 
150.625, 82.625, 2.9621571429364802e-24, nan 
150.875, 82.625, 3.069134994848982e-24, nan 
151.125, 82.625, 3.1280661685650596e-24, nan 
151.375, 82.625, 3.2118253736997908e-24, nan 
151.625, 82.625, 3.156892917057653e-24, nan 
151.875, 82.625, 3.178724382450468e-24, nan 
152.125, 82.625, 3.424809977577308e-24, nan 
152.375, 82.625, 2.952727918887395e-24, nan 
152.625, 82.625, 2.934769293822082e-24, nan 
152.875, 82.625, 2.9063880857059716e-24, nan 
153.125, 82.625, 2.5659684527127313e-24, nan 
153.375, 82.625, 2.6611811933351184e-24, nan 
153.625, 82.625, 2.6319372252534298e-24, nan 
153.875, 82.625, 2.511733237784456e-24, nan 
154.125, 82.625, 2.635285719134097e-24, nan 
154.375, 82.625, 2.5413951903181854e-24, nan 
154.625, 82.625, 2.352572812348957e-24, nan 
154.875, 82.625, 2.5753861354992422e-24, nan 
155.125, 82.625, 2.5017845623932746e-24, nan 
155.375, 82.625, 2.698180784198868e-24, nan 
155.625, 82.625, 2.6114306356501955e-24, nan 
155.875, 82.625, 2.5427140073686326e-24, nan 
156.125, 82.625, 2.4662899733093713e-24, nan 
156.375, 82.625, 2.2738657883612944e-24, nan 
156.625, 82.625, 2.3830425824736454e-24, nan 
156.875, 82.625, 2.340516829932238e-24, nan 
157.125, 82.625, 2.5918073143592356e-24, nan 
157.375, 82.625, 2.2038049996618844e-24, nan 
157.625, 82.625, 2.1832795526825368e-24, nan 
157.875, 82.625, 2.1777607086655062e-24, nan 
158.125, 82.625, 2.2698728760382716e-24, nan 
158.375, 82.625, 2.2515769467068635e-24, nan 
158.625, 82.625, 2.3799530109634813e-24, nan 
158.875, 82.625, 2.175152817783157e-24, nan 
159.125, 82.625, 2.3193433207147245e-24, nan 
159.375, 82.625, 2.346393725222354e-24, nan 
159.625, 82.625, 2.3025095944013695e-24, nan 
159.875, 82.625, 2.3276391631685737e-24, nan 
160.125, 82.625, 2.158779148678096e-24, nan 
160.375, 82.625, 2.2737794940921164e-24, nan 
160.625, 82.625, 2.2624731673656785e-24, nan 
160.875, 82.625, 2.0980735102877287e-24, nan 
161.125, 82.625, 2.2795018320961523e-24, nan 
161.375, 82.625, 2.520059002958578e-24, nan 
161.625, 82.625, 2.3416177972113492e-24, nan 
161.875, 82.625, 2.1550766681686508e-24, nan 
162.125, 82.625, 2.1501804584423565e-24, nan 
162.375, 82.625, 2.256295864989722e-24, nan 
162.625, 82.625, 2.1566640831252477e-24, nan 
162.875, 82.625, 2.3616422370323723e-24, nan 
163.125, 82.625, 2.1297422415496725e-24, nan 
163.375, 82.625, 2.4194848497538287e-24, nan 
163.625, 82.625, 2.291508876950422e-24, nan 
163.875, 82.625, 2.3178370318645735e-24, nan 
164.125, 82.625, 2.196134871684234e-24, nan 
164.375, 82.625, 2.4542719776183925e-24, nan 
164.625, 82.625, 2.254575340354729e-24, nan 
164.875, 82.625, 2.4107263317368564e-24, nan 
165.125, 82.625, 2.211122717741845e-24, nan 
165.375, 82.625, 2.418378042872787e-24, nan 
165.625, 82.625, 2.5033726835479878e-24, nan 
165.875, 82.625, 2.3447080933683297e-24, nan 
166.125, 82.625, 2.5142990225763876e-24, nan 
166.375, 82.625, 2.3964727214753654e-24, nan 
166.625, 82.625, 2.6039720051811226e-24, nan 
166.875, 82.625, 2.657887975849204e-24, nan 
167.125, 82.625, 2.8499595499109294e-24, nan 
167.375, 82.625, 2.6188566722275385e-24, nan 
167.625, 82.625, 2.739172692313257e-24, nan 
167.875, 82.625, 2.8981860481927768e-24, nan 
168.125, 82.625, 3.2226782348507075e-24, nan 
168.375, 82.625, 2.8142154915541343e-24, nan 
168.625, 82.625, 2.9792861139983627e-24, nan 
168.875, 82.625, 3.152086173392219e-24, nan 
169.125, 82.625, 2.8220936486735204e-24, nan 
169.375, 82.625, 2.9727481805522847e-24, nan 
169.625, 82.625, 2.965944092527254e-24, nan 
169.875, 82.625, 2.706634277995154e-24, nan 
170.125, 82.625, 3.1615693882586734e-24, nan 
170.375, 82.625, 2.425961411519923e-24, nan 
170.625, 82.625, 2.64506822678685e-24, nan 
170.875, 82.625, 2.889138159270052e-24, nan 
171.125, 82.625, 2.956850444451863e-24, nan 
171.375, 82.625, 2.738576702004408e-24, nan 
171.625, 82.625, 2.5765772674706684e-24, nan 
171.875, 82.625, 2.5692248133182897e-24, nan 
172.125, 82.625, 2.522514367232129e-24, nan 
172.375, 82.625, 2.5356401410153266e-24, nan 
172.625, 82.625, 2.5823539919252707e-24, nan 
172.875, 82.625, 2.3775231282500344e-24, nan 
173.125, 82.625, 2.6236561640124477e-24, nan 
173.375, 82.625, 2.733840522061922e-24, nan 
173.625, 82.625, 2.7078833141254493e-24, nan 
173.875, 82.625, 2.696312583265519e-24, nan 
174.125, 82.625, 2.485000793328746e-24, nan 
174.375, 82.625, 2.3970631650176697e-24, nan 
174.625, 82.625, 2.1539619773444268e-24, nan 
174.875, 82.625, 2.254733440581838e-24, nan 
175.125, 82.625, 2.2877764636889604e-24, nan 
175.375, 82.625, 2.2613659240891776e-24, nan 
175.625, 82.625, 2.341588213317172e-24, nan 
175.875, 82.625, 1.9995162737325442e-24, nan 
176.125, 82.625, 1.7466596965829465e-24, nan 
176.375, 82.625, 1.8620096582776866e-24, nan 
176.625, 82.625, 1.681270967795995e-24, nan 
176.875, 82.625, 1.7721591798054353e-24, nan 
177.125, 82.625, 1.3794867030100669e-24, nan 
177.375, 82.625, 1.4739104584062837e-24, nan 
177.625, 82.625, 1.4816272833034351e-24, nan 
177.875, 82.625, 1.3400705046578764e-24, nan 
178.125, 82.625, 1.366588470935127e-24, nan 
178.375, 82.625, 1.112027518243455e-24, nan 
178.625, 82.625, 1.1412819985110801e-24, nan 
178.875, 82.625, 1.2210695872344403e-24, nan 
179.125, 82.625, 1.1028971815347912e-24, nan 
179.375, 82.625, 1.0800104676219488e-24, nan 
179.625, 82.625, 1.3037471917977806e-24, nan 
179.875, 82.625, 1.5464688848302315e-24, nan 
-179.875, 82.875, 2.267520026072243e-24, nan 
-179.625, 82.875, 2.7339043082554104e-24, nan 
-179.375, 82.875, 2.819892403275035e-24, nan 
-179.125, 82.875, 1.8447466493647822e-24, nan 
-178.875, 82.875, 1.4091254795582763e-24, nan 
-178.625, 82.875, 2.7227391366046523e-24, nan 
-178.375, 82.875, 2.8635740038970876e-24, nan 
-178.125, 82.875, 3.0097721692791536e-24, nan 
-177.875, 82.875, 3.028737438710174e-24, nan 
-177.625, 82.875, 3.418979887175547e-24, nan 
-177.375, 82.875, 3.603543442297078e-24, nan 
-177.125, 82.875, 3.3615048808785976e-24, nan 
-176.875, 82.875, 2.6135957714495904e-24, nan 
-176.625, 82.875, 3.421803750481008e-24, nan 
-176.375, 82.875, 3.97207744394711e-24, nan 
-176.125, 82.875, 3.764289150944582e-24, nan 
-175.875, 82.875, 3.42269115066331e-24, nan 
-175.625, 82.875, 3.7002338057549575e-24, nan 
-175.375, 82.875, 3.808399824981887e-24, nan 
-175.125, 82.875, 3.9769761136781636e-24, nan 
-174.875, 82.875, 3.458065211701167e-24, nan 
-174.625, 82.875, 3.616262300270533e-24, nan 
-174.375, 82.875, 4.171379040520689e-24, nan 
-174.125, 82.875, 4.655752473850571e-24, nan 
-173.875, 82.875, 4.360737506952427e-24, nan 
-173.625, 82.875, 4.234236338161321e-24, nan 
-173.375, 82.875, 4.345994118108779e-24, nan 
-173.125, 82.875, 4.681246927087786e-24, nan 
-172.875, 82.875, 4.704810234099611e-24, nan 
-172.625, 82.875, 4.714094951249462e-24, nan 
-172.375, 82.875, 4.8169839990192466e-24, nan 
-172.125, 82.875, 4.6151945939825516e-24, nan 
-171.875, 82.875, 5.0252667111816554e-24, nan 
-171.625, 82.875, 4.9077295097010026e-24, nan 
-171.375, 82.875, 5.033467573383928e-24, nan 
-171.125, 82.875, 5.074496974683255e-24, nan 
-170.875, 82.875, 5.434702899444728e-24, nan 
-170.625, 82.875, 5.224831688105484e-24, nan 
-170.375, 82.875, 5.435307624609429e-24, nan 
-170.125, 82.875, 5.370522323004857e-24, nan 
-169.875, 82.875, 5.512303134533031e-24, nan 
-169.625, 82.875, 5.4066732436644025e-24, nan 
-169.375, 82.875, 5.024782441833328e-24, nan 
-169.125, 82.875, 4.541615948435335e-24, nan 
-168.875, 82.875, 5.430027502426666e-24, nan 
-168.625, 82.875, 5.51248111112334e-24, nan 
-168.375, 82.875, 4.7742391254620605e-24, nan 
-168.125, 82.875, 5.1628367268839126e-24, nan 
-167.875, 82.875, 4.946877036257368e-24, nan 
-167.625, 82.875, 4.621256779242092e-24, nan 
-167.375, 82.875, 5.506843144311613e-24, nan 
-167.125, 82.875, 4.989021775972683e-24, nan 
-166.875, 82.875, 4.613086416546071e-24, nan 
-166.625, 82.875, 4.570223851989629e-24, nan 
-166.375, 82.875, 5.358420892141585e-24, nan 
-166.125, 82.875, 5.757150805748323e-24, nan 
-165.875, 82.875, 4.80492582966962e-24, nan 
-165.625, 82.875, 4.899908532246556e-24, nan 
-165.375, 82.875, 5.01093463922645e-24, nan 
-165.125, 82.875, 5.0400293122714274e-24, nan 
-164.875, 82.875, 4.9581687311454525e-24, nan 
-164.625, 82.875, 5.303647681571596e-24, nan 
-164.375, 82.875, 5.569584399741331e-24, nan 
-164.125, 82.875, 5.180671392781025e-24, nan 
-163.875, 82.875, 5.348674188557693e-24, nan 
-163.625, 82.875, 5.247004997105136e-24, nan 
-163.375, 82.875, 5.4915645710987385e-24, nan 
-163.125, 82.875, 5.9631463462828395e-24, nan 
-162.875, 82.875, 5.76040340740909e-24, nan 
-162.625, 82.875, 5.8180337129225974e-24, nan 
-162.375, 82.875, 6.754018037575974e-24, nan 
-162.125, 82.875, 6.942299487923823e-24, nan 
-161.875, 82.875, 6.852602007138506e-24, nan 
-161.625, 82.875, 7.476408241294092e-24, nan 
-161.375, 82.875, 7.888606062535986e-24, nan 
-161.125, 82.875, 8.20525050743495e-24, nan 
-160.875, 82.875, 8.360776174000367e-24, nan 
-160.625, 82.875, 7.977698675459437e-24, nan 
-160.375, 82.875, 8.31934761722737e-24, nan 
-160.125, 82.875, 7.91734256532192e-24, nan 
-159.875, 82.875, 7.866551627242481e-24, nan 
-159.625, 82.875, 8.423204306113614e-24, nan 
-159.375, 82.875, 8.933323502125508e-24, nan 
-159.125, 82.875, 9.318246354825629e-24, nan 
-158.875, 82.875, 8.563779734501991e-24, nan 
-158.625, 82.875, 8.356007838571942e-24, nan 
-158.375, 82.875, 9.989286187231448e-24, nan 
-158.125, 82.875, 9.283447691064432e-24, nan 
-157.875, 82.875, 9.618198846272905e-24, nan 
-157.625, 82.875, 9.854522246432802e-24, nan 
-157.375, 82.875, 9.212201616865889e-24, nan 
-157.125, 82.875, 1.0066137905876248e-23, nan 
-156.875, 82.875, 1.0915216190050637e-23, nan 
-156.625, 82.875, 1.1115496611305777e-23, nan 
-156.375, 82.875, 1.0681260645040301e-23, nan 
-156.125, 82.875, 1.0379907436011965e-23, nan 
-155.875, 82.875, 9.99119918281124e-24, nan 
-155.625, 82.875, 1.0493617773256127e-23, nan 
-155.375, 82.875, 1.0829844154831e-23, nan 
-155.125, 82.875, 1.1250309907973428e-23, nan 
-154.875, 82.875, 1.1604693707773496e-23, nan 
-154.625, 82.875, 9.812917885322405e-24, nan 
-154.375, 82.875, 9.83140600400422e-24, nan 
-154.125, 82.875, 1.0392805788982023e-23, nan 
-153.875, 82.875, 1.202240611119311e-23, nan 
-153.625, 82.875, 1.2222029617059019e-23, nan 
-153.375, 82.875, 1.2509922873071016e-23, nan 
-153.125, 82.875, 1.2513738408487716e-23, nan 
-152.875, 82.875, 1.1893697439663372e-23, nan 
-152.625, 82.875, 1.2140528871505747e-23, nan 
-152.375, 82.875, 1.2871968985470715e-23, nan 
-152.125, 82.875, 1.1623712041790946e-23, nan 
-151.875, 82.875, 1.3148342797014851e-23, nan 
-151.625, 82.875, 1.3273063445115893e-23, nan 
-151.375, 82.875, 1.2652166854108891e-23, nan 
-151.125, 82.875, 1.3147307127454887e-23, nan 
-150.875, 82.875, 1.2572939595787809e-23, nan 
-150.625, 82.875, 1.2830666578464929e-23, nan 
-150.375, 82.875, 1.316255052260986e-23, nan 
-150.125, 82.875, 1.3504859502607283e-23, nan 
-149.875, 82.875, 1.3941928252817306e-23, nan 
-149.625, 82.875, 1.4122981114864775e-23, nan 
-149.375, 82.875, 1.4403715526679024e-23, nan 
-149.125, 82.875, 1.3937554085033402e-23, nan 
-148.875, 82.875, 1.3974048297925354e-23, nan 
-148.625, 82.875, 1.4435937168364385e-23, nan 
-148.375, 82.875, 1.462291349804624e-23, nan 
-148.125, 82.875, 1.3610669790160295e-23, nan 
-147.875, 82.875, 1.3533587789585313e-23, nan 
-147.625, 82.875, 1.391803683884769e-23, nan 
-147.375, 82.875, 1.3627140705536628e-23, nan 
-147.125, 82.875, 1.3257073384609102e-23, nan 
-146.875, 82.875, 1.3060677655786419e-23, nan 
-146.625, 82.875, 1.1760528954336235e-23, nan 
-146.375, 82.875, 1.244915821978353e-23, nan 
-146.125, 82.875, 1.46307919156627e-23, nan 
-145.875, 82.875, 1.5149488340278542e-23, nan 
-145.625, 82.875, 1.503636848134173e-23, nan 
-145.375, 82.875, 1.4979740749112987e-23, nan 
-145.125, 82.875, 1.5734514088171727e-23, nan 
-144.875, 82.875, 1.643311686697978e-23, nan 
-144.625, 82.875, 1.420117815809089e-23, nan 
-144.375, 82.875, 1.2932595832385606e-23, nan 
-144.125, 82.875, 1.3859104170309163e-23, nan 
-143.875, 82.875, 1.2736111051645049e-23, nan 
-143.625, 82.875, 1.0327036317857701e-23, nan 
-143.375, 82.875, 9.543398168542908e-24, nan 
-143.125, 82.875, 1.0662310644427597e-23, nan 
-142.875, 82.875, 9.355982221634624e-24, nan 
-142.625, 82.875, 8.03112242879728e-24, nan 
-142.375, 82.875, 8.188103994587629e-24, nan 
-142.125, 82.875, 1.0522978874195625e-23, nan 
-141.875, 82.875, 1.0959241349057877e-23, nan 
-141.625, 82.875, 1.1004092937817533e-23, nan 
-141.375, 82.875, 1.2022424315486793e-23, nan 
-141.125, 82.875, 1.2059031228206718e-23, nan 
-140.875, 82.875, 1.2816875128858701e-23, nan 
-140.625, 82.875, 1.183654522388072e-23, nan 
-140.375, 82.875, 1.0928977770020729e-23, nan 
-140.125, 82.875, 1.1706646950914499e-23, nan 
-139.875, 82.875, 1.1858378295078357e-23, nan 
-139.625, 82.875, 1.0579020082835942e-23, nan 
-139.375, 82.875, 1.062943036183146e-23, nan 
-139.125, 82.875, 1.0111579723617248e-23, nan 
-138.875, 82.875, 1.0595040830442495e-23, nan 
-138.625, 82.875, 1.1337734057465992e-23, nan 
-138.375, 82.875, 1.1573747181112491e-23, nan 
-138.125, 82.875, 1.055184842987049e-23, nan 
-137.875, 82.875, 1.0348691489872559e-23, nan 
-137.625, 82.875, 1.0950085808031161e-23, nan 
-137.375, 82.875, 1.1094635557480442e-23, nan 
-137.125, 82.875, 1.0839581830863377e-23, nan 
-136.875, 82.875, 9.480774555949385e-24, nan 
-136.625, 82.875, 1.0211862852842591e-23, nan 
-136.375, 82.875, 1.1816427490314623e-23, nan 
-136.125, 82.875, 1.2893297153011778e-23, nan 
-135.875, 82.875, 1.1746174402827892e-23, nan 
-135.625, 82.875, 1.2500577393252308e-23, nan 
-135.375, 82.875, 1.6976659821223066e-23, nan 
-135.125, 82.875, 2.1909285997853112e-23, nan 
-134.875, 82.875, 2.0830720436456914e-23, nan 
-134.625, 82.875, 1.65906394235871e-23, nan 
-134.375, 82.875, 2.0655738582136257e-23, nan 
-134.125, 82.875, 2.4074107194203956e-23, nan 
-133.875, 82.875, 2.604175796005602e-23, nan 
-133.625, 82.875, 2.4622272577888553e-23, nan 
-133.375, 82.875, 2.1852161458727808e-23, nan 
-133.125, 82.875, 2.0237022532440628e-23, nan 
-132.875, 82.875, 1.9965450233863852e-23, nan 
-132.625, 82.875, 1.9912132377473487e-23, nan 
-132.375, 82.875, 1.9122718405319023e-23, nan 
-132.125, 82.875, 1.8294540018922674e-23, nan 
-131.875, 82.875, 1.965195203238085e-23, nan 
-131.625, 82.875, 2.0129300759697168e-23, nan 
-131.375, 82.875, 2.0620991895453258e-23, nan 
-131.125, 82.875, 2.1404700527031054e-23, nan 
-130.875, 82.875, 2.2898394858649365e-23, nan 
-130.625, 82.875, 2.3366192409555577e-23, nan 
-130.375, 82.875, 2.488643613009843e-23, nan 
-130.125, 82.875, 2.5342413864270055e-23, nan 
-129.875, 82.875, 2.449792505932938e-23, nan 
-129.625, 82.875, 2.6006330590053714e-23, nan 
-129.375, 82.875, 2.2906613715470929e-23, nan 
-129.125, 82.875, 1.9312615735836054e-23, nan 
-128.875, 82.875, 2.0809714536828827e-23, nan 
-128.625, 82.875, 2.556137841250153e-23, nan 
-128.375, 82.875, 2.9657018945915436e-23, nan 
-128.125, 82.875, 3.4233024223824426e-23, nan 
-127.875, 82.875, 2.4266579225306094e-23, nan 
-127.625, 82.875, 2.605173131124997e-23, nan 
-127.375, 82.875, 3.6602802499679197e-23, nan 
-127.125, 82.875, 3.7134530271187196e-23, nan 
-126.875, 82.875, 8.430082969775474e-23, nan 
-126.625, 82.875, 9.621795625006031e-23, nan 
-126.375, 82.875, 1.0643524970044036e-22, nan 
-126.125, 82.875, 1.2213821058613298e-22, nan 
-125.875, 82.875, 1.4176175169675663e-22, nan 
-125.625, 82.875, 1.2396064980660513e-22, nan 
-125.375, 82.875, 1.1524157384993215e-22, nan 
-125.125, 82.875, 1.2214334035732241e-22, nan 
-124.875, 82.875, 1.2394422163802825e-22, nan 
-124.625, 82.875, 1.9444908851670376e-22, nan 
-124.375, 82.875, 2.7093131620771487e-22, nan 
-124.125, 82.875, 2.819635870897039e-22, nan 
-123.875, 82.875, 3.021301567820651e-22, nan 
-123.625, 82.875, 2.9026677592149527e-22, nan 
-123.375, 82.875, 3.283995246992484e-22, nan 
-123.125, 82.875, 3.547108485731136e-22, nan 
-122.875, 82.875, 3.605947881991287e-22, nan 
-122.625, 82.875, 3.131443419996655e-22, nan 
-122.375, 82.875, 2.9395591555375656e-22, nan 
-122.125, 82.875, 4.439959783143636e-22, nan 
-121.875, 82.875, 4.514540507466667e-22, nan 
-121.625, 82.875, 4.679311074527265e-22, nan 
-121.375, 82.875, 4.554403552500385e-22, nan 
-121.125, 82.875, 4.242464343989097e-22, nan 
-120.875, 82.875, 3.907173348310344e-22, nan 
-120.625, 82.875, 3.356437896303176e-22, nan 
-120.375, 82.875, 2.790094992867574e-22, nan 
-120.125, 82.875, 2.325110724756422e-22, nan 
-119.875, 82.875, 2.3203037365707725e-22, nan 
-119.625, 82.875, 1.9941311631034268e-22, nan 
-119.375, 82.875, 1.7239624649580038e-22, nan 
-119.125, 82.875, 1.6717745909045189e-22, nan 
-118.875, 82.875, 2.016621290857692e-22, nan 
-118.625, 82.875, 2.1706580636196378e-22, nan 
-118.375, 82.875, 2.2647865776685445e-22, nan 
-118.125, 82.875, 2.480776655992404e-22, nan 
-117.875, 82.875, 2.384483351905467e-22, nan 
-117.625, 82.875, 2.340212870702674e-22, nan 
-117.375, 82.875, 2.242468037500789e-22, nan 
-117.125, 82.875, 2.768445448978148e-22, nan 
-116.875, 82.875, 2.9760493545073317e-22, nan 
-116.625, 82.875, 2.763711442879531e-22, nan 
-116.375, 82.875, 2.6705186903946537e-22, nan 
-116.125, 82.875, 2.4882025343670794e-22, nan 
-115.875, 82.875, 3.1457356957886514e-22, nan 
-115.625, 82.875, 3.027766054052577e-22, nan 
-115.375, 82.875, 2.6430299380831776e-22, nan 
-115.125, 82.875, 2.9835269446986147e-22, nan 
-114.875, 82.875, 3.178393106241505e-22, nan 
-114.625, 82.875, 3.1513475101380824e-22, nan 
-114.375, 82.875, 2.7448949119181443e-22, nan 
-114.125, 82.875, 2.3310090713941847e-22, nan 
-113.875, 82.875, 1.7070685530623634e-22, nan 
-113.625, 82.875, 1.7395411401066747e-22, nan 
-113.375, 82.875, 2.035318551886962e-22, nan 
-113.125, 82.875, 1.8832695306907253e-22, nan 
-112.875, 82.875, 2.0529402730230299e-22, nan 
-112.625, 82.875, 2.092019829992992e-22, nan 
-112.375, 82.875, 1.9223533125955874e-22, nan 
-112.125, 82.875, 1.552683884298193e-22, nan 
-111.875, 82.875, 1.5606952234146243e-22, nan 
-111.625, 82.875, 1.5089653388590752e-22, nan 
-111.375, 82.875, 1.9454203351692273e-22, nan 
-111.125, 82.875, 3.3908411348891387e-22, nan 
-110.875, 82.875, 2.9799396227907773e-22, nan 
-110.625, 82.875, 4.684012771915496e-22, nan 
-110.375, 82.875, 5.7933146404889585e-22, nan 
-110.125, 82.875, 5.728226895597034e-22, nan 
-109.875, 82.875, 5.280970492557922e-22, nan 
-109.625, 82.875, 5.481010489757973e-22, nan 
-109.375, 82.875, 5.601112653498579e-22, nan 
-109.125, 82.875, 5.477423059388072e-22, nan 
-108.875, 82.875, 5.1343327136843e-22, nan 
-108.625, 82.875, 4.778924949017568e-22, nan 
-108.375, 82.875, 4.338353663041262e-22, nan 
-108.125, 82.875, 5.211303774590245e-22, nan 
-107.875, 82.875, 4.993268808068597e-22, nan 
-107.625, 82.875, 3.9487663011277935e-22, nan 
-107.375, 82.875, 3.455375018919173e-22, nan 
-107.125, 82.875, 3.3970544816857015e-22, nan 
-106.875, 82.875, 3.2888071558874527e-22, nan 
-106.625, 82.875, 3.09854464539816e-22, nan 
-106.375, 82.875, 2.892020466801901e-22, nan 
-106.125, 82.875, 2.246429786756693e-22, nan 
-105.875, 82.875, 2.5125759008066746e-22, nan 
-105.625, 82.875, 3.372269680897029e-22, nan 
-105.375, 82.875, 3.418736490606119e-22, nan 
-105.125, 82.875, 3.491887632975713e-22, nan 
-104.875, 82.875, 3.4242666282648114e-22, nan 
-104.625, 82.875, 2.9784684659570735e-22, nan 
-104.375, 82.875, 2.3718776112935656e-22, nan 
-104.125, 82.875, 2.603627101536517e-22, nan 
-103.875, 82.875, 3.4475095387548916e-22, nan 
-103.625, 82.875, 4.805807410610065e-22, nan 
-103.375, 82.875, 6.606737247733451e-22, nan 
-103.125, 82.875, 7.0325214049930735e-22, nan 
-102.875, 82.875, 8.652048423357542e-22, nan 
-102.625, 82.875, 9.74366299287584e-22, nan 
-102.375, 82.875, 8.900109764327528e-22, nan 
-102.125, 82.875, 6.71920096318223e-22, nan 
-101.875, 82.875, 5.310568601252138e-22, nan 
-101.625, 82.875, 4.900945622131865e-22, nan 
-101.375, 82.875, 6.447455142493816e-22, nan 
-101.125, 82.875, 7.4910297442809665e-22, nan 
-100.875, 82.875, 7.681357765915564e-22, nan 
-100.625, 82.875, 8.363695597609388e-22, nan 
-100.375, 82.875, 8.66942525339571e-22, nan 
-100.125, 82.875, 8.393387807193802e-22, nan 
-99.875, 82.875, 7.2587207505107635e-22, nan 
-99.625, 82.875, 6.338345695770592e-22, nan 
-99.375, 82.875, 4.890867569583443e-22, nan 
-99.125, 82.875, 3.800535059789099e-22, nan 
-98.875, 82.875, 2.3350576825766076e-22, nan 
-98.625, 82.875, 3.301297711255032e-22, nan 
-98.375, 82.875, 4.841787808415129e-22, nan 
-98.125, 82.875, 4.772886076609382e-22, nan 
-97.875, 82.875, 2.761391353296177e-22, nan 
-97.625, 82.875, 2.6655622806732384e-22, nan 
-97.375, 82.875, 5.4014359222325275e-22, nan 
-97.125, 82.875, 4.434354883100422e-22, nan 
-96.875, 82.875, 4.3131956599755225e-22, nan 
-96.625, 82.875, 3.2043226213496044e-22, nan 
-96.375, 82.875, 3.647092210124101e-22, nan 
-96.125, 82.875, 4.253901288144302e-22, nan 
-95.875, 82.875, 4.647335915778272e-22, nan 
-95.625, 82.875, 5.651360276231759e-22, nan 
-95.375, 82.875, 6.5955000889893515e-22, nan 
-95.125, 82.875, 6.994180751888593e-22, nan 
-94.875, 82.875, 7.352395914739003e-22, nan 
-94.625, 82.875, 8.284141369144522e-22, nan 
-94.375, 82.875, 7.387960045217367e-22, nan 
-94.125, 82.875, 7.386117260100381e-22, nan 
-93.875, 82.875, 8.840044891899902e-22, nan 
-93.625, 82.875, 7.390313356637826e-22, nan 
-93.375, 82.875, 4.0420816538190038e-22, nan 
-93.125, 82.875, 3.0865018546409814e-22, nan 
-92.875, 82.875, 3.2249905171011026e-22, nan 
-92.625, 82.875, 3.60540595484092e-22, nan 
-92.375, 82.875, 2.8860025959382974e-22, nan 
-92.125, 82.875, 2.501996208091884e-22, nan 
-91.875, 82.875, 3.0744181899169716e-22, nan 
-91.625, 82.875, 4.182378621822863e-22, nan 
-91.375, 82.875, 3.1032045988582003e-22, nan 
-91.125, 82.875, 2.8535937898322356e-22, nan 
-90.875, 82.875, 3.247636589503383e-22, nan 
-90.625, 82.875, 3.373592889517764e-22, nan 
-90.375, 82.875, 3.027966535969599e-22, nan 
-90.125, 82.875, 2.716157791027603e-22, nan 
-89.875, 82.875, 3.6864219588519727e-22, nan 
-89.625, 82.875, 5.469212295079012e-22, nan 
-89.375, 82.875, 4.811851471211853e-22, nan 
-89.125, 82.875, 4.618442413284727e-22, nan 
-88.875, 82.875, 4.321804897891122e-22, nan 
-88.625, 82.875, 4.497356826508469e-22, nan 
-88.375, 82.875, 5.182987101531053e-22, nan 
-88.125, 82.875, 4.1810661169019563e-22, nan 
-87.875, 82.875, 4.83439503501555e-22, nan 
-87.625, 82.875, 5.187333768348238e-22, nan 
-87.375, 82.875, 6.465224663653618e-22, nan 
-87.125, 82.875, 6.1468726497850785e-22, nan 
-86.875, 82.875, 4.16229133734888e-22, nan 
-86.625, 82.875, 4.1893149389787163e-22, nan 
-86.375, 82.875, 3.9155085045039514e-22, nan 
-86.125, 82.875, 5.025948842923564e-22, nan 
-85.875, 82.875, 6.008521485542255e-22, nan 
-85.625, 82.875, 5.5516262179900535e-22, nan 
-85.375, 82.875, 5.529073531380782e-22, nan 
-85.125, 82.875, 7.424648522039062e-22, nan 
-84.875, 82.875, 9.62949666615661e-22, nan 
-84.625, 82.875, 6.87525370925269e-22, nan 
-84.375, 82.875, 6.509765224923447e-22, nan 
-84.125, 82.875, 9.687543958957292e-22, nan 
-83.875, 82.875, 1.0115223536225246e-21, nan 
-83.625, 82.875, 7.571282635796875e-22, nan 
-83.375, 82.875, 8.514633389877793e-22, nan 
-83.125, 82.875, 8.255803727618843e-22, nan 
-82.875, 82.875, 9.128779024709868e-22, nan 
-82.625, 82.875, 7.773253154912078e-22, nan 
-82.375, 82.875, 7.188665067088187e-22, nan 
-82.125, 82.875, 6.3534461487196525e-22, nan 
-81.875, 82.875, 7.062498715707733e-22, nan 
-81.625, 82.875, 7.937053497246239e-22, nan 
-81.375, 82.875, 6.333463275705317e-22, nan 
-81.125, 82.875, 7.183498038332008e-22, nan 
-80.875, 82.875, 8.211113446952894e-22, nan 
-80.625, 82.875, 8.3804351620702735e-22, nan 
-80.375, 82.875, 9.168180703457449e-22, nan 
-80.125, 82.875, 9.76908944887636e-22, nan 
-79.875, 82.875, 9.525263487546367e-22, nan 
-79.625, 82.875, 9.081881004588978e-22, nan 
-79.375, 82.875, 9.249303162730478e-22, nan 
-79.125, 82.875, 9.496188789881183e-22, nan 
-78.875, 82.875, 9.225191229088852e-22, nan 
-78.625, 82.875, 9.172494670560118e-22, nan 
-78.375, 82.875, 1.0373823640437688e-21, nan 
-78.125, 82.875, 1.118605900320476e-21, nan 
-77.875, 82.875, 1.239074407633346e-21, nan 
-77.625, 82.875, 1.4949533300052625e-21, nan 
-77.375, 82.875, 1.795957692574068e-21, nan 
-77.125, 82.875, 1.9562209857029204e-21, nan 
-76.875, 82.875, 1.9322143278796598e-21, nan 
-76.625, 82.875, 1.9600290812458295e-21, nan 
-76.375, 82.875, 1.9948511787948133e-21, nan 
-76.125, 82.875, 4.248054381346723e-21, nan 
-75.875, 82.875, 5.289005532940955e-21, nan 
-75.625, 82.875, 3.2562674879645726e-21, nan 
-75.375, 82.875, 3.015703685390779e-21, nan 
-75.125, 82.875, 4.728018705499214e-21, nan 
-74.875, 82.875, 4.9510595764507155e-21, nan 
-74.625, 82.875, 2.1325187694011396e-21, nan 
-74.375, 82.875, 1.964466205846561e-21, nan 
-74.125, 82.875, 2.0711175218794105e-21, nan 
-73.875, 82.875, 2.7775870438574154e-21, nan 
-73.625, 82.875, 3.086055872009713e-21, nan 
-73.375, 82.875, 3.4362209544434246e-21, nan 
-73.125, 82.875, 3.882967713009949e-21, nan 
-72.875, 82.875, 3.6837495119364015e-21, nan 
-72.625, 82.875, 3.379710345834875e-21, nan 
-72.375, 82.875, 2.9079081654359113e-21, nan 
-72.125, 82.875, 2.040786114323413e-21, nan 
-71.875, 82.875, 2.235607206084789e-21, nan 
-71.625, 82.875, 3.7822459282327816e-21, nan 
-71.375, 82.875, 3.936143427377535e-21, nan 
-71.125, 82.875, 4.177778783115911e-21, nan 
-70.875, 82.875, 5.345187781019051e-21, nan 
-70.625, 82.875, 5.14194070331417e-21, nan 
-70.375, 82.875, 4.784687757372397e-21, nan 
-70.125, 82.875, 3.921774713517962e-21, nan 
-69.875, 82.875, 3.01915691782197e-21, nan 
-69.625, 82.875, 3.6276457715999205e-21, nan 
-69.375, 82.875, 2.9585835338112897e-21, nan 
-69.125, 82.875, 2.31773558282827e-21, nan 
-68.875, 82.875, 1.7926959344072282e-21, nan 
-68.625, 82.875, 1.6633469253518333e-21, nan 
-68.375, 82.875, 1.3811092067675111e-21, nan 
-68.125, 82.875, 1.3352874783502169e-21, nan 
-67.875, 82.875, 1.30649374922383e-21, nan 
-67.625, 82.875, 1.1653972949473635e-21, nan 
-67.375, 82.875, 9.118449617878517e-22, nan 
-67.125, 82.875, 9.168677278073326e-22, nan 
-66.875, 82.875, 9.76107627943057e-22, nan 
-66.625, 82.875, 1.0807681468072298e-21, nan 
-66.375, 82.875, 1.0487058707432536e-21, nan 
-66.125, 82.875, 8.104765985344501e-22, nan 
-65.875, 82.875, 1.0758674531456026e-21, nan 
-65.625, 82.875, 1.5307713012233453e-21, nan 
-65.375, 82.875, 1.5508546823037945e-21, nan 
-65.125, 82.875, 1.0002317233735359e-21, nan 
-64.875, 82.875, 1.0997623870590954e-21, nan 
-64.625, 82.875, 1.3836986514719476e-21, nan 
-64.375, 82.875, 1.2816313834486648e-21, nan 
-64.125, 82.875, 1.0471039686979503e-21, nan 
-63.875, 82.875, 1.580682626567927e-21, nan 
-63.625, 82.875, 1.240961088560585e-21, nan 
-63.375, 82.875, 1.226522620781529e-21, nan 
-63.125, 82.875, 1.9470701245324e-21, nan 
-62.875, 82.875, 2.74735996106267e-21, nan 
-62.625, 82.875, 3.0878726599176643e-21, nan 
-62.375, 82.875, 3.4476528837289975e-21, nan 
-62.125, 82.875, 3.458514312663868e-21, nan 
-61.875, 82.875, 3.43998680502347e-21, nan 
-61.625, 82.875, 3.3088936471009895e-21, nan 
-61.375, 82.875, 3.696000493599609e-21, nan 
-61.125, 82.875, 4.533258320541142e-21, nan 
-60.875, 82.875, 3.0945972970231713e-21, nan 
-60.625, 82.875, 5.0156041996229124e-21, nan 
-60.375, 82.875, 7.260466810866393e-21, nan 
-60.125, 82.875, 8.097056449694844e-21, nan 
-59.875, 82.875, 1.081680533717469e-20, nan 
-59.625, 82.875, 9.389961603106818e-21, nan 
-59.375, 82.875, 8.399459183960894e-21, nan 
-59.125, 82.875, 1.1637280959980431e-20, nan 
-58.875, 82.875, 1.4524034384331762e-20, nan 
-58.625, 82.875, 1.4293611565800988e-20, nan 
-58.375, 82.875, 1.1548701436671698e-20, nan 
-58.125, 82.875, 1.2970248425019013e-20, nan 
-57.875, 82.875, 1.0937657895044199e-20, nan 
-57.625, 82.875, 1.2502548328098587e-20, nan 
-57.375, 82.875, 1.44527140165044e-20, nan 
-57.125, 82.875, 1.4689008400596935e-20, nan 
-56.875, 82.875, 1.5860176667962082e-20, nan 
-56.625, 82.875, 1.7120965443501056e-20, nan 
-56.375, 82.875, 1.7100861890999217e-20, nan 
-56.125, 82.875, 1.2012551538894665e-20, nan 
-55.875, 82.875, 1.004019703211188e-20, nan 
-55.625, 82.875, 1.1760280654801333e-20, nan 
-55.375, 82.875, 1.2162826766240293e-20, nan 
-55.125, 82.875, 1.3380592422589308e-20, nan 
-54.875, 82.875, 1.5068176561094975e-20, nan 
-54.625, 82.875, 1.5902896366063076e-20, nan 
-54.375, 82.875, 1.657329075680333e-20, nan 
-54.125, 82.875, 1.711168804048949e-20, nan 
-53.875, 82.875, 1.6217278763948333e-20, nan 
-53.625, 82.875, 1.1299386906740218e-20, nan 
-53.375, 82.875, 1.406411108926009e-20, nan 
-53.125, 82.875, 1.5799502092115443e-20, nan 
-52.875, 82.875, 1.730262170514489e-20, nan 
-52.625, 82.875, 2.0657237040880192e-20, nan 
-52.375, 82.875, 2.2765567102035164e-20, nan 
-52.125, 82.875, 2.3895084333348592e-20, nan 
-51.875, 82.875, 2.3732157646051258e-20, nan 
-51.625, 82.875, 1.7694504999369038e-20, nan 
-51.375, 82.875, 1.1785348453816236e-20, nan 
-51.125, 82.875, 9.220826897980818e-21, nan 
-50.875, 82.875, 9.537995106020931e-21, nan 
-50.625, 82.875, 9.49518446087398e-21, nan 
-50.375, 82.875, 9.126693715867181e-21, nan 
-50.125, 82.875, 8.169761999855274e-21, nan 
-49.875, 82.875, 6.68015896758535e-21, nan 
-49.625, 82.875, 5.649453025807004e-21, nan 
-49.375, 82.875, 5.242392330096048e-21, nan 
-49.125, 82.875, 5.581997771411454e-21, nan 
-48.875, 82.875, 7.052360903835774e-21, nan 
-48.625, 82.875, 1.0168641339034827e-20, nan 
-48.375, 82.875, 1.1000441218862184e-20, nan 
-48.125, 82.875, 1.0860610829241763e-20, nan 
-47.875, 82.875, 1.1767360579165479e-20, nan 
-47.625, 82.875, 1.2468792461379567e-20, nan 
-47.375, 82.875, 1.1378176593075043e-20, nan 
-47.125, 82.875, 8.900266225064598e-21, nan 
-46.875, 82.875, 6.607668995776888e-21, nan 
-46.625, 82.875, 6.486057839776775e-21, nan 
-46.375, 82.875, 8.14867470782902e-21, nan 
-46.125, 82.875, 9.266323790401715e-21, nan 
-45.875, 82.875, 9.20120348464727e-21, nan 
-45.625, 82.875, 1.0124329822377445e-20, nan 
-45.375, 82.875, 1.0833770393713039e-20, nan 
-45.125, 82.875, 9.964723311570926e-21, nan 
-44.875, 82.875, 8.774611291835881e-21, nan 
-44.625, 82.875, 7.434942990131747e-21, nan 
-44.375, 82.875, 5.36647690433147e-21, nan 
-44.125, 82.875, 4.802119236066974e-21, nan 
-43.875, 82.875, 5.9818582491920955e-21, nan 
-43.625, 82.875, 5.452403858084014e-21, nan 
-43.375, 82.875, 5.499676605402188e-21, nan 
-43.125, 82.875, 6.626997026242999e-21, nan 
-42.875, 82.875, 2.0591663367037527e-20, nan 
-42.625, 82.875, 2.490498640871239e-20, nan 
-42.375, 82.875, 2.707533216529491e-20, nan 
-42.125, 82.875, 2.9740105700740736e-20, nan 
-41.875, 82.875, 3.188719108977616e-20, nan 
-41.625, 82.875, 3.70753721585596e-20, nan 
-41.375, 82.875, 4.169319685176801e-20, nan 
-41.125, 82.875, 4.4278014422643324e-20, nan 
-40.875, 82.875, 4.7471780604549267e-20, nan 
-40.625, 82.875, 3.85254672036544e-20, nan 
-40.375, 82.875, 4.293962571938385e-20, nan 
-40.125, 82.875, 4.549042671479019e-20, nan 
-39.875, 82.875, 4.660800922282413e-20, nan 
-39.625, 82.875, 4.7550052313432325e-20, nan 
-39.375, 82.875, 5.210753124896026e-20, nan 
-39.125, 82.875, 5.497445806923241e-20, nan 
-38.875, 82.875, 5.685428431683142e-20, nan 
-38.625, 82.875, 5.20879518925307e-20, nan 
-38.375, 82.875, 3.170604190967673e-20, nan 
-38.125, 82.875, 2.888274705499838e-20, nan 
-37.875, 82.875, 2.6393780731670562e-20, nan 
-37.625, 82.875, 2.1975283689959045e-20, nan 
-37.375, 82.875, 2.1582635903002264e-20, nan 
-37.125, 82.875, 2.1606650544597076e-20, nan 
-36.875, 82.875, 2.154564889229857e-20, nan 
-36.625, 82.875, 2.4088372953690225e-20, nan 
-36.375, 82.875, 3.173241876178832e-20, nan 
-36.125, 82.875, 3.6497736811638045e-20, nan 
-35.875, 82.875, 3.3300019250053895e-20, nan 
-35.625, 82.875, 3.2969592852239736e-20, nan 
-35.375, 82.875, 3.5818942699423215e-20, nan 
-35.125, 82.875, 3.234893514594081e-20, nan 
-34.875, 82.875, 3.1668302576303484e-20, nan 
-34.625, 82.875, 3.25116900204469e-20, nan 
-34.375, 82.875, 3.236332178575801e-20, nan 
-34.125, 82.875, 3.724914978914907e-20, nan 
-33.875, 82.875, 4.127001373607549e-20, nan 
-33.625, 82.875, 3.870678755991114e-20, nan 
-33.375, 82.875, 3.8913218451454975e-20, nan 
-33.125, 82.875, 4.227682175697786e-20, nan 
-32.875, 82.875, 4.219537539244341e-20, nan 
-32.625, 82.875, 4.173787431411464e-20, nan 
-32.375, 82.875, 4.2715621524211246e-20, nan 
-32.125, 82.875, 4.04790871624028e-20, nan 
-31.875, 82.875, 3.7394885813202495e-20, nan 
-31.625, 82.875, 2.911847611221985e-20, nan 
-31.375, 82.875, 1.978906265397825e-20, nan 
-31.125, 82.875, 1.9390750039119996e-20, nan 
-30.875, 82.875, 2.138028997929846e-20, nan 
-30.625, 82.875, 2.0342231866259377e-20, nan 
-30.375, 82.875, 1.7964705017849843e-20, nan 
-30.125, 82.875, 1.5611904050236553e-20, nan 
-29.875, 82.875, 1.511457797411051e-20, nan 
-29.625, 82.875, 1.6486228337947455e-20, nan 
-29.375, 82.875, 1.652708229836842e-20, nan 
-29.125, 82.875, 1.478054263675152e-20, nan 
-28.875, 82.875, 1.4886386615375027e-20, nan 
-28.625, 82.875, 1.6497567752857857e-20, nan 
-28.375, 82.875, 1.6681649253932167e-20, nan 
-28.125, 82.875, 1.5994880393961206e-20, nan 
-27.875, 82.875, 1.6081566101840252e-20, nan 
-27.625, 82.875, 1.7129478675013293e-20, nan 
-27.375, 82.875, 1.5343294749416355e-20, nan 
-27.125, 82.875, 1.5156151943246624e-20, nan 
-26.875, 82.875, 1.5651264500254798e-20, nan 
-26.625, 82.875, 1.7740299231156044e-20, nan 
-26.375, 82.875, 1.885355966973594e-20, nan 
-26.125, 82.875, 1.8147357929080227e-20, nan 
-25.875, 82.875, 1.716026139265222e-20, nan 
-25.625, 82.875, 1.7162595384478385e-20, nan 
-25.375, 82.875, 1.759383844118857e-20, nan 
-25.125, 82.875, 1.57528079450636e-20, nan 
-24.875, 82.875, 1.3616679076638018e-20, nan 
-24.625, 82.875, 1.3993351375318854e-20, nan 
-24.375, 82.875, 1.476443092110047e-20, nan 
-24.125, 82.875, 1.4828406333087007e-20, nan 
-23.875, 82.875, 1.4209199341584344e-20, nan 
-23.625, 82.875, 1.4074083094006476e-20, nan 
-23.375, 82.875, 1.4776031947045935e-20, nan 
-23.125, 82.875, 1.5025948297126582e-20, nan 
-22.875, 82.875, 1.5344985511707088e-20, nan 
-22.625, 82.875, 1.480993849003889e-20, nan 
-22.375, 82.875, 1.5027810236886033e-20, nan 
-22.125, 82.875, 1.590482227066741e-20, nan 
-21.875, 82.875, 1.600071897123254e-20, nan 
-21.625, 82.875, 1.5126989393669105e-20, nan 
-21.375, 82.875, 1.3228848631761278e-20, nan 
-21.125, 82.875, 1.3616483678796318e-20, nan 
-20.875, 82.875, 1.394322399097983e-20, nan 
-20.625, 82.875, 1.3016871489525209e-20, nan 
-20.375, 82.875, 1.2468682950242817e-20, nan 
-20.125, 82.875, 1.2201552291565207e-20, nan 
-19.875, 82.875, 1.2648266703962142e-20, nan 
-19.625, 82.875, 1.4056513476762514e-20, nan 
-19.375, 82.875, 1.389421266816358e-20, nan 
-19.125, 82.875, 1.3379496692954778e-20, nan 
-18.875, 82.875, 1.343162658352104e-20, nan 
-18.625, 82.875, 1.3673354262228173e-20, nan 
-18.375, 82.875, 1.3465434180176854e-20, nan 
-18.125, 82.875, 1.3654226054780696e-20, nan 
-17.875, 82.875, 1.3672831440454558e-20, nan 
-17.625, 82.875, 1.4600667009521045e-20, nan 
-17.375, 82.875, 1.5350907768163574e-20, nan 
-17.125, 82.875, 1.3589751942696293e-20, nan 
-16.875, 82.875, 1.1690083505393628e-20, nan 
-16.625, 82.875, 1.1413332321685002e-20, nan 
-16.375, 82.875, 1.1500881645624973e-20, nan 
-16.125, 82.875, 1.0588384929097092e-20, nan 
-15.875, 82.875, 8.155584452961482e-21, nan 
-15.625, 82.875, 5.912074651015595e-21, nan 
-15.375, 82.875, 6.041168360431365e-21, nan 
-15.125, 82.875, 8.639984581260914e-21, nan 
-14.875, 82.875, 1.2015417306358377e-20, nan 
-14.625, 82.875, 1.0492397010959079e-20, nan 
-14.375, 82.875, 8.566312301396888e-21, nan 
-14.125, 82.875, 8.891352416086174e-21, nan 
-13.875, 82.875, 1.0151134361930267e-20, nan 
-13.625, 82.875, 1.0259541740234458e-20, nan 
-13.375, 82.875, 1.2696966156872811e-20, nan 
-13.125, 82.875, 1.448487719499769e-20, nan 
-12.875, 82.875, 1.4494285163422648e-20, nan 
-12.625, 82.875, 1.3885540892098778e-20, nan 
-12.375, 82.875, 1.259608014364123e-20, nan 
-12.125, 82.875, 1.3341397340099253e-20, nan 
-11.875, 82.875, 1.4384442183476792e-20, nan 
-11.625, 82.875, 1.4507337109887097e-20, nan 
-11.375, 82.875, 1.433516896575815e-20, nan 
-11.125, 82.875, 1.4440358782768397e-20, nan 
-10.875, 82.875, 1.4343190700042587e-20, nan 
-10.625, 82.875, 1.3889785738719587e-20, nan 
-10.375, 82.875, 1.3638708683761065e-20, nan 
-10.125, 82.875, 1.209274181207284e-20, nan 
-9.875, 82.875, 1.1037255214772728e-20, nan 
-9.625, 82.875, 1.05374499637315e-20, nan 
-9.375, 82.875, 9.39332772916283e-21, nan 
-9.125, 82.875, 8.989032450969813e-21, nan 
-8.875, 82.875, 8.193979172012672e-21, nan 
-8.625, 82.875, 7.242065017694007e-21, nan 
-8.375, 82.875, 6.897454827744479e-21, nan 
-8.125, 82.875, 6.781438458751752e-21, nan 
-7.875, 82.875, 6.304986580421476e-21, nan 
-7.625, 82.875, 6.098200748051401e-21, nan 
-7.375, 82.875, 5.6816920795821515e-21, nan 
-7.125, 82.875, 5.274539025523886e-21, nan 
-6.875, 82.875, 5.127918222741969e-21, nan 
-6.625, 82.875, 5.243949912267057e-21, nan 
-6.375, 82.875, 5.8954148363320585e-21, nan 
-6.125, 82.875, 5.974442342390482e-21, nan 
-5.875, 82.875, 5.715419071167967e-21, nan 
-5.625, 82.875, 6.052249779521378e-21, nan 
-5.375, 82.875, 6.3534425813975834e-21, nan 
-5.125, 82.875, 6.194069322109286e-21, nan 
-4.875, 82.875, 5.917394601454349e-21, nan 
-4.625, 82.875, 6.3470349483393054e-21, nan 
-4.375, 82.875, 6.7106367718448284e-21, nan 
-4.125, 82.875, 6.696962917635451e-21, nan 
-3.875, 82.875, 6.503117293993771e-21, nan 
-3.625, 82.875, 6.324285531456641e-21, nan 
-3.375, 82.875, 6.082735729024936e-21, nan 
-3.125, 82.875, 5.6448637625465734e-21, nan 
-2.875, 82.875, 5.128431174786454e-21, nan 
-2.625, 82.875, 5.041871994468691e-21, nan 
-2.375, 82.875, 5.202300450232963e-21, nan 
-2.125, 82.875, 5.490853804595959e-21, nan 
-1.875, 82.875, 4.879994350619116e-21, nan 
-1.625, 82.875, 4.430919359550986e-21, nan 
-1.375, 82.875, 4.579845342573124e-21, nan 
-1.125, 82.875, 4.7833593839688264e-21, nan 
-0.875, 82.875, 4.518792340545066e-21, nan 
-0.625, 82.875, 4.58232656016518e-21, nan 
-0.375, 82.875, 5.083028240516412e-21, nan 
-0.125, 82.875, 5.214159313116834e-21, nan 
0.125, 82.875, 5.415505940320774e-21, nan 
0.375, 82.875, 5.898046203874906e-21, nan 
0.625, 82.875, 5.563804010612053e-21, nan 
0.875, 82.875, 5.332454920583494e-21, nan 
1.125, 82.875, 5.404567074861659e-21, nan 
1.375, 82.875, 5.4977898457264606e-21, nan 
1.625, 82.875, 5.523327411720997e-21, nan 
1.875, 82.875, 5.4387368338739195e-21, nan 
2.125, 82.875, 5.602650632880339e-21, nan 
2.375, 82.875, 5.541583437889991e-21, nan 
2.625, 82.875, 5.00331870749003e-21, nan 
2.875, 82.875, 4.978139391740797e-21, nan 
3.125, 82.875, 5.572812777811443e-21, nan 
3.375, 82.875, 5.123263698079473e-21, nan 
3.625, 82.875, 5.029974401351314e-21, nan 
3.875, 82.875, 4.796289805450991e-21, nan 
4.125, 82.875, 4.224092873424476e-21, nan 
4.375, 82.875, 4.692149352602344e-21, nan 
4.625, 82.875, 5.425785398863316e-21, nan 
4.875, 82.875, 5.113930315831829e-21, nan 
5.125, 82.875, 3.913811541393222e-21, nan 
5.375, 82.875, 3.761117636860664e-21, nan 
5.625, 82.875, 3.638176297543892e-21, nan 
5.875, 82.875, 3.811879637113607e-21, nan 
6.125, 82.875, 4.08118315818652e-21, nan 
6.375, 82.875, 3.9613058737117045e-21, nan 
6.625, 82.875, 3.850228031984892e-21, nan 
6.875, 82.875, 3.669741201411254e-21, nan 
7.125, 82.875, 3.723766362392078e-21, nan 
7.375, 82.875, 3.554729465158757e-21, nan 
7.625, 82.875, 3.2938346924337926e-21, nan 
7.875, 82.875, 3.406926704794977e-21, nan 
8.125, 82.875, 3.488988053423461e-21, nan 
8.375, 82.875, 3.337881413976276e-21, nan 
8.625, 82.875, 3.258412169818345e-21, nan 
8.875, 82.875, 3.0058777130320975e-21, nan 
9.125, 82.875, 2.670817170652776e-21, nan 
9.375, 82.875, 2.873116578116036e-21, nan 
9.625, 82.875, 3.0722896498432773e-21, nan 
9.875, 82.875, 2.8301828409718312e-21, nan 
10.125, 82.875, 2.8650542027818685e-21, nan 
10.375, 82.875, 2.7819041439231396e-21, nan 
10.625, 82.875, 2.466361230826297e-21, nan 
10.875, 82.875, 2.418015763924658e-21, nan 
11.125, 82.875, 2.377342408348701e-21, nan 
11.375, 82.875, 2.1590723456557623e-21, nan 
11.625, 82.875, 2.2398908332371097e-21, nan 
11.875, 82.875, 2.2057040342437114e-21, nan 
12.125, 82.875, 2.1876931557410513e-21, nan 
12.375, 82.875, 2.3096827813678904e-21, nan 
12.625, 82.875, 2.094877320602806e-21, nan 
12.875, 82.875, 1.842716742135966e-21, nan 
13.125, 82.875, 2.0074633302474672e-21, nan 
13.375, 82.875, 2.036202791790833e-21, nan 
13.625, 82.875, 1.9293191918058013e-21, nan 
13.875, 82.875, 1.8432043420946827e-21, nan 
14.125, 82.875, 1.7062482665095785e-21, nan 
14.375, 82.875, 1.7241949406393585e-21, nan 
14.625, 82.875, 1.837268537657933e-21, nan 
14.875, 82.875, 1.5660369632886057e-21, nan 
15.125, 82.875, 1.331188304084062e-21, nan 
15.375, 82.875, 1.1919675231132973e-21, nan 
15.625, 82.875, 1.1800436795201622e-21, nan 
15.875, 82.875, 1.1546804036820768e-21, nan 
16.125, 82.875, 1.1518166707072338e-21, nan 
16.375, 82.875, 1.1377169122107345e-21, nan 
16.625, 82.875, 1.1733344488567642e-21, nan 
16.875, 82.875, 1.08454254451525e-21, nan 
17.125, 82.875, 8.384085987411992e-22, nan 
17.375, 82.875, 8.461998132694091e-22, nan 
17.625, 82.875, 7.983241852180035e-22, nan 
17.875, 82.875, 8.627625876216937e-22, nan 
18.125, 82.875, 9.273967690101242e-22, nan 
18.375, 82.875, 9.472004212562703e-22, nan 
18.625, 82.875, 9.713852661742134e-22, nan 
18.875, 82.875, 9.75510925759866e-22, nan 
19.125, 82.875, 9.871534504864046e-22, nan 
19.375, 82.875, 9.81401959330768e-22, nan 
19.625, 82.875, 1.0128978329658853e-21, nan 
19.875, 82.875, 1.0684715685731325e-21, nan 
20.125, 82.875, 1.1436909356183213e-21, nan 
20.375, 82.875, 1.077113480815273e-21, nan 
20.625, 82.875, 1.0534549233957889e-21, nan 
20.875, 82.875, 1.0902360456827573e-21, nan 
21.125, 82.875, 1.0454812820198597e-21, nan 
21.375, 82.875, 1.0069980447528936e-21, nan 
21.625, 82.875, 9.425902930611478e-22, nan 
21.875, 82.875, 8.780063995968454e-22, nan 
22.125, 82.875, 8.854002911245555e-22, nan 
22.375, 82.875, 9.122178505544818e-22, nan 
22.625, 82.875, 8.073831379712469e-22, nan 
22.875, 82.875, 7.132690677252184e-22, nan 
23.125, 82.875, 6.717214328931394e-22, nan 
23.375, 82.875, 6.618544788822817e-22, nan 
23.625, 82.875, 6.415432466301858e-22, nan 
23.875, 82.875, 5.882186522344415e-22, nan 
24.125, 82.875, 5.571215398060655e-22, nan 
24.375, 82.875, 5.685163178935918e-22, nan 
24.625, 82.875, 5.194103624761837e-22, nan 
24.875, 82.875, 4.5829907699339535e-22, nan 
25.125, 82.875, 4.561331592416349e-22, nan 
25.375, 82.875, 4.522901349114022e-22, nan 
25.625, 82.875, 4.45644982601206e-22, nan 
25.875, 82.875, 4.054920304329842e-22, nan 
26.125, 82.875, 3.8462253711260124e-22, nan 
26.375, 82.875, 3.6946594098869472e-22, nan 
26.625, 82.875, 3.7054763005908053e-22, nan 
26.875, 82.875, 3.543635702317968e-22, nan 
27.125, 82.875, 3.462359350083078e-22, nan 
27.375, 82.875, 3.368657545320073e-22, nan 
27.625, 82.875, 3.385716629345743e-22, nan 
27.875, 82.875, 3.2101679274851453e-22, nan 
28.125, 82.875, 2.839182640149542e-22, nan 
28.375, 82.875, 2.491541003768179e-22, nan 
28.625, 82.875, 2.661002527869811e-22, nan 
28.875, 82.875, 2.5567417323065627e-22, nan 
29.125, 82.875, 2.4686069669547125e-22, nan 
29.375, 82.875, 2.388359049649421e-22, nan 
29.625, 82.875, 2.313463213037449e-22, nan 
29.875, 82.875, 2.2956942640043996e-22, nan 
30.125, 82.875, 2.323879475410909e-22, nan 
30.375, 82.875, 2.2474952042893686e-22, nan 
30.625, 82.875, 1.9348047461992765e-22, nan 
30.875, 82.875, 1.9203970749366413e-22, nan 
31.125, 82.875, 1.9533520944773994e-22, nan 
31.375, 82.875, 1.634968940535382e-22, nan 
31.625, 82.875, 1.5197726515302258e-22, nan 
31.875, 82.875, 1.5540630955001266e-22, nan 
32.125, 82.875, 1.6490817718276496e-22, nan 
32.375, 82.875, 1.5106151053471896e-22, nan 
32.625, 82.875, 1.3005745909161888e-22, nan 
32.875, 82.875, 1.4322249887348117e-22, nan 
33.125, 82.875, 1.4203564894815362e-22, nan 
33.375, 82.875, 1.3734091607248654e-22, nan 
33.625, 82.875, 1.2351215030881636e-22, nan 
33.875, 82.875, 1.123519050787292e-22, nan 
34.125, 82.875, 1.273078783534476e-22, nan 
34.375, 82.875, 1.6708111066299572e-22, nan 
34.625, 82.875, 1.6790602687146616e-22, nan 
34.875, 82.875, 2.124575356513702e-22, nan 
35.125, 82.875, 3.5988829933917005e-22, nan 
35.375, 82.875, 7.628628794824307e-22, nan 
35.625, 82.875, 8.93939233728363e-22, nan 
35.875, 82.875, 9.377820625396005e-22, nan 
36.125, 82.875, 9.698706799462205e-22, nan 
36.375, 82.875, 1.1934624974353074e-21, nan 
36.625, 82.875, 1.1226963102515384e-21, nan 
36.875, 82.875, 1.1080451679590549e-21, nan 
37.125, 82.875, 1.1157644147131396e-21, nan 
37.375, 82.875, 1.2030109635294366e-21, nan 
37.625, 82.875, 1.265076001409648e-21, nan 
37.875, 82.875, 1.4116099815530952e-21, nan 
38.125, 82.875, 1.4300735744577258e-21, nan 
38.375, 82.875, 1.497700593798335e-21, nan 
38.625, 82.875, 1.7863995007045715e-21, nan 
38.875, 82.875, 1.6560377113747183e-21, nan 
39.125, 82.875, 1.572868620560591e-21, nan 
39.375, 82.875, 1.548502286024493e-21, nan 
39.625, 82.875, 1.6599615748619224e-21, nan 
39.875, 82.875, 1.4295011633017599e-21, nan 
40.125, 82.875, 1.393941713480053e-21, nan 
40.375, 82.875, 1.4129207983647095e-21, nan 
40.625, 82.875, 1.4039746956729752e-21, nan 
40.875, 82.875, 1.3545402553118676e-21, nan 
41.125, 82.875, 1.3925870501717157e-21, nan 
41.375, 82.875, 1.3622439153006049e-21, nan 
41.625, 82.875, 1.3819270760784827e-21, nan 
41.875, 82.875, 1.38832100879774e-21, nan 
42.125, 82.875, 1.390047307311288e-21, nan 
42.375, 82.875, 1.4157265086652827e-21, nan 
42.625, 82.875, 1.5300085376520202e-21, nan 
42.875, 82.875, 1.436957376346482e-21, nan 
43.125, 82.875, 1.3998005309895505e-21, nan 
43.375, 82.875, 1.4315923202807034e-21, nan 
43.625, 82.875, 1.3518078995199281e-21, nan 
43.875, 82.875, 1.3299401223262085e-21, nan 
44.125, 82.875, 1.2542845287828347e-21, nan 
44.375, 82.875, 1.1148471036286129e-21, nan 
44.625, 82.875, 1.100765395477623e-21, nan 
44.875, 82.875, 1.0713573936783684e-21, nan 
45.125, 82.875, 9.96877156114616e-22, nan 
45.375, 82.875, 9.998275204850117e-22, nan 
45.625, 82.875, 9.876827737370483e-22, nan 
45.875, 82.875, 9.10832375242769e-22, nan 
46.125, 82.875, 8.572530187534073e-22, nan 
46.375, 82.875, 9.08036557715391e-22, nan 
46.625, 82.875, 8.119749566097481e-22, nan 
46.875, 82.875, 7.267944667980136e-22, nan 
47.125, 82.875, 7.199683602418026e-22, nan 
47.375, 82.875, 7.903748147133475e-22, nan 
47.625, 82.875, 8.0361779068119265e-22, nan 
47.875, 82.875, 8.463069502247109e-22, nan 
48.125, 82.875, 7.297837027493184e-22, nan 
48.375, 82.875, 7.624569219547895e-22, nan 
48.625, 82.875, 6.862277583539139e-22, nan 
48.875, 82.875, 6.0859579436492825e-22, nan 
49.125, 82.875, 5.466672329061358e-22, nan 
49.375, 82.875, 6.199884430989891e-22, nan 
49.625, 82.875, 6.876874679263973e-22, nan 
49.875, 82.875, 7.58367962515503e-22, nan 
50.125, 82.875, 7.702639005855756e-22, nan 
50.375, 82.875, 7.255216589321473e-22, nan 
50.625, 82.875, 7.472017032748448e-22, nan 
50.875, 82.875, 8.0514712641374025e-22, nan 
51.125, 82.875, 7.5075084294562555e-22, nan 
51.375, 82.875, 7.736606932535143e-22, nan 
51.625, 82.875, 8.785897161260396e-22, nan 
51.875, 82.875, 8.461963247227658e-22, nan 
52.125, 82.875, 7.8944347756167785e-22, nan 
52.375, 82.875, 7.905257468349269e-22, nan 
52.625, 82.875, 7.8676202240037675e-22, nan 
52.875, 82.875, 7.282876922917134e-22, nan 
53.125, 82.875, 6.887172745304661e-22, nan 
53.375, 82.875, 7.3097493625765565e-22, nan 
53.625, 82.875, 7.175011168904076e-22, nan 
53.875, 82.875, 6.286563460791661e-22, nan 
54.125, 82.875, 6.42503907248427e-22, nan 
54.375, 82.875, 6.905099764040707e-22, nan 
54.625, 82.875, 8.2784852081504295e-22, nan 
54.875, 82.875, 7.749589313663438e-22, nan 
55.125, 82.875, 7.472978260391238e-22, nan 
55.375, 82.875, 7.507487971329319e-22, nan 
55.625, 82.875, 7.551612752532392e-22, nan 
55.875, 82.875, 7.7458637075247265e-22, nan 
56.125, 82.875, 6.615053146018682e-22, nan 
56.375, 82.875, 6.8934733169953875e-22, nan 
56.625, 82.875, 7.044949698314493e-22, nan 
56.875, 82.875, 7.786461122526218e-22, nan 
57.125, 82.875, 6.816414498503165e-22, nan 
57.375, 82.875, 5.984694613505861e-22, nan 
57.625, 82.875, 6.228980332904142e-22, nan 
57.875, 82.875, 5.238923969363512e-22, nan 
58.125, 82.875, 4.485323239052489e-22, nan 
58.375, 82.875, 3.4590451115099958e-22, nan 
58.625, 82.875, 3.5336344940362144e-22, nan 
58.875, 82.875, 1.7763578895692435e-22, nan 
59.125, 82.875, 5.524767719627455e-23, nan 
59.375, 82.875, 6.298559569437776e-23, nan 
59.625, 82.875, 8.390405100661094e-23, nan 
59.875, 82.875, 1.1158315452739547e-22, nan 
60.125, 82.875, 1.3223636650002123e-22, nan 
60.375, 82.875, 1.5693139261414534e-22, nan 
60.625, 82.875, 1.8310326925044485e-22, nan 
60.875, 82.875, 2.1686466302905896e-22, nan 
61.125, 82.875, 2.1430376582553545e-22, nan 
61.375, 82.875, 2.0493596360370414e-22, nan 
61.625, 82.875, 2.1555243898590364e-22, nan 
61.875, 82.875, 2.536176443956975e-22, nan 
62.125, 82.875, 2.6071440696775057e-22, nan 
62.375, 82.875, 2.172850741087782e-22, nan 
62.625, 82.875, 2.3589890039122433e-22, nan 
62.875, 82.875, 2.8796160068400427e-22, nan 
63.125, 82.875, 3.480010070392873e-22, nan 
63.375, 82.875, 3.7230415215953486e-22, nan 
63.625, 82.875, 3.6056638812281544e-22, nan 
63.875, 82.875, 3.83520507148722e-22, nan 
64.125, 82.875, 4.141764709964811e-22, nan 
64.375, 82.875, 4.1450803324751146e-22, nan 
64.625, 82.875, 2.5302949786517677e-22, nan 
64.875, 82.875, 1.0842908025144706e-22, nan 
65.125, 82.875, 1.367634545249672e-22, nan 
65.375, 82.875, 2.103034511439858e-22, nan 
65.625, 82.875, 2.4991404523369014e-22, nan 
65.875, 82.875, 2.7921625020968204e-22, nan 
66.125, 82.875, 2.931008464336084e-22, nan 
66.375, 82.875, 3.0384130526934735e-22, nan 
66.625, 82.875, 2.9011946834818258e-22, nan 
66.875, 82.875, 2.6566441957660114e-22, nan 
67.125, 82.875, 2.391296473932913e-22, nan 
67.375, 82.875, 2.456437751672144e-22, nan 
67.625, 82.875, 2.5848686243596527e-22, nan 
67.875, 82.875, 2.3977193088019506e-22, nan 
68.125, 82.875, 2.25009771487199e-22, nan 
68.375, 82.875, 2.352212544470845e-22, nan 
68.625, 82.875, 2.1628796348819594e-22, nan 
68.875, 82.875, 2.0249277482300985e-22, nan 
69.125, 82.875, 1.8810436276474643e-22, nan 
69.375, 82.875, 1.5739612196571865e-22, nan 
69.625, 82.875, 1.3824018760715448e-22, nan 
69.875, 82.875, 1.2198508601147362e-22, nan 
70.125, 82.875, 8.512517642813481e-23, nan 
70.375, 82.875, 9.014738661031072e-23, nan 
70.625, 82.875, 7.067851314519912e-23, nan 
70.875, 82.875, 7.544532195820617e-23, nan 
71.125, 82.875, 7.785923876170257e-23, nan 
71.375, 82.875, 1.072987616878981e-22, nan 
71.625, 82.875, 1.1404675272400726e-22, nan 
71.875, 82.875, 2.342993761305578e-22, nan 
72.125, 82.875, 2.7572819763691776e-22, nan 
72.375, 82.875, 2.476060001277304e-22, nan 
72.625, 82.875, 2.8629646776450523e-22, nan 
72.875, 82.875, 2.128249538084628e-22, nan 
73.125, 82.875, 2.0255091264749507e-22, nan 
73.375, 82.875, 2.0159916427851437e-22, nan 
73.625, 82.875, 9.569960642043037e-23, nan 
73.875, 82.875, 9.773406506252801e-23, nan 
74.125, 82.875, 1.2394459283887667e-22, nan 
74.375, 82.875, 1.20121776690472e-22, nan 
74.625, 82.875, 1.3051947052375927e-22, nan 
74.875, 82.875, 1.8438007965185521e-22, nan 
75.125, 82.875, 1.5735912713953007e-22, nan 
75.375, 82.875, 1.2174927524995853e-22, nan 
75.625, 82.875, 1.6177190865271664e-22, nan 
75.875, 82.875, 1.3773766530388382e-22, nan 
76.125, 82.875, 1.240053337576362e-22, nan 
76.375, 82.875, 1.1962487612141583e-22, nan 
76.625, 82.875, 1.3473413160280947e-22, nan 
76.875, 82.875, 1.532626960395562e-22, nan 
77.125, 82.875, 1.250207061078093e-22, nan 
77.375, 82.875, 1.1917792648223848e-22, nan 
77.625, 82.875, 8.039242575685716e-23, nan 
77.875, 82.875, 6.034510297034067e-23, nan 
78.125, 82.875, 4.4912063411908137e-23, nan 
78.375, 82.875, 3.4128769504758843e-23, nan 
78.625, 82.875, 4.850468050258471e-23, nan 
78.875, 82.875, 4.022183553100274e-23, nan 
79.125, 82.875, 2.773812319528271e-23, nan 
79.375, 82.875, 3.96707641208639e-23, nan 
79.625, 82.875, 3.8377930203691384e-23, nan 
79.875, 82.875, 2.4045361812789724e-23, nan 
80.125, 82.875, 1.5711623886790208e-23, nan 
80.375, 82.875, 1.3038929746023444e-23, nan 
80.625, 82.875, 2.5248369574157543e-23, nan 
80.875, 82.875, 2.1999286879676123e-23, nan 
81.125, 82.875, 1.6836400955058117e-23, nan 
81.375, 82.875, 3.460787231497428e-23, nan 
81.625, 82.875, 3.628574789750594e-23, nan 
81.875, 82.875, 6.096200461148203e-23, nan 
82.125, 82.875, 6.619738841153329e-23, nan 
82.375, 82.875, 6.064263289560257e-23, nan 
82.625, 82.875, 5.641397732721362e-23, nan 
82.875, 82.875, 7.612756025201288e-23, nan 
83.125, 82.875, 7.718083449304833e-23, nan 
83.375, 82.875, 7.950578454993422e-23, nan 
83.625, 82.875, 7.524408981907195e-23, nan 
83.875, 82.875, 7.506578717256834e-23, nan 
84.125, 82.875, 8.429166856546587e-23, nan 
84.375, 82.875, 1.0416962337984156e-22, nan 
84.625, 82.875, 7.025362139406987e-23, nan 
84.875, 82.875, 6.7969145103094e-23, nan 
85.125, 82.875, 7.230451531458213e-23, nan 
85.375, 82.875, 7.376081515223078e-23, nan 
85.625, 82.875, 7.88159075056583e-23, nan 
85.875, 82.875, 8.640411692630916e-23, nan 
86.125, 82.875, 8.482962521394125e-23, nan 
86.375, 82.875, 1.01014212710252e-22, nan 
86.625, 82.875, 1.2102325441629315e-22, nan 
86.875, 82.875, 5.210900220560674e-23, nan 
87.125, 82.875, 5.1831868176632253e-23, nan 
87.375, 82.875, 6.328169721604834e-23, nan 
87.625, 82.875, 4.8547213134027904e-23, nan 
87.875, 82.875, 5.166961796546783e-23, nan 
88.125, 82.875, 8.033034119355385e-23, nan 
88.375, 82.875, 8.083283800015395e-23, nan 
88.625, 82.875, 7.796640481246686e-23, nan 
88.875, 82.875, 9.699611169962793e-23, nan 
89.125, 82.875, 9.738776373728848e-23, nan 
89.375, 82.875, 9.269746820445461e-23, nan 
89.625, 82.875, 8.640609878153185e-23, nan 
89.875, 82.875, 9.236276223210605e-23, nan 
90.125, 82.875, 8.844876811973713e-23, nan 
90.375, 82.875, 9.099570127118514e-23, nan 
90.625, 82.875, 8.065386500925883e-23, nan 
90.875, 82.875, 6.077116312964624e-23, nan 
91.125, 82.875, 7.547903174652854e-23, nan 
91.375, 82.875, 1.0953692428585108e-22, nan 
91.625, 82.875, 1.1120931788296254e-22, nan 
91.875, 82.875, 1.0985641123593971e-22, nan 
92.125, 82.875, 1.0473992741840667e-22, nan 
92.375, 82.875, 1.0772605478943718e-22, nan 
92.625, 82.875, 1.179759191275711e-22, nan 
92.875, 82.875, 1.0846844315541436e-22, nan 
93.125, 82.875, 9.792073121343098e-23, nan 
93.375, 82.875, 7.254154522529405e-23, nan 
93.625, 82.875, 7.720085794139012e-23, nan 
93.875, 82.875, 8.329564272357531e-23, nan 
94.125, 82.875, 7.141955528790392e-23, nan 
94.375, 82.875, 7.400657703683003e-23, nan 
94.625, 82.875, 7.344275153852659e-23, nan 
94.875, 82.875, 7.158219454859677e-23, nan 
95.125, 82.875, 6.660362856991947e-23, nan 
95.375, 82.875, 7.609069456628131e-23, nan 
95.625, 82.875, 7.645687339559766e-23, nan 
95.875, 82.875, 7.540942234972314e-23, nan 
96.125, 82.875, 6.276095713950985e-23, nan 
96.375, 82.875, 6.574923357340492e-23, nan 
96.625, 82.875, 7.321057389958708e-23, nan 
96.875, 82.875, 7.14968176111735e-23, nan 
97.125, 82.875, 6.703625387103364e-23, nan 
97.375, 82.875, 6.033733611459625e-23, nan 
97.625, 82.875, 7.864792873815059e-23, nan 
97.875, 82.875, 7.144103264943101e-23, nan 
98.125, 82.875, 4.362765424970177e-23, nan 
98.375, 82.875, 6.960101264863195e-23, nan 
98.625, 82.875, 7.336104848491442e-23, nan 
98.875, 82.875, 6.775353827534326e-23, nan 
99.125, 82.875, 7.508563968156824e-23, nan 
99.375, 82.875, 7.713563425966944e-23, nan 
99.625, 82.875, 8.237394527072093e-23, nan 
99.875, 82.875, 9.079143016325767e-23, nan 
100.125, 82.875, 8.566577717752657e-23, nan 
100.375, 82.875, 6.22569519182699e-23, nan 
100.625, 82.875, 7.630011181204904e-23, nan 
100.875, 82.875, 9.47513217939491e-23, nan 
101.125, 82.875, 8.924812307039415e-23, nan 
101.375, 82.875, 1.0709363920042473e-22, nan 
101.625, 82.875, 1.092156529676352e-22, nan 
101.875, 82.875, 1.193618249740936e-22, nan 
102.125, 82.875, 1.1853269341409962e-22, nan 
102.375, 82.875, 1.0003606945518278e-22, nan 
102.625, 82.875, 8.092319956298944e-23, nan 
102.875, 82.875, 8.428994181867022e-23, nan 
103.125, 82.875, 1.2579554903173974e-22, nan 
103.375, 82.875, 1.3505573226707572e-22, nan 
103.625, 82.875, 1.323088761251421e-22, nan 
103.875, 82.875, 1.1790224444110045e-22, nan 
104.125, 82.875, 1.250068232827652e-22, nan 
104.375, 82.875, 1.315713416462189e-22, nan 
104.625, 82.875, 1.1981587825305815e-22, nan 
104.875, 82.875, 1.1345212616373548e-22, nan 
105.125, 82.875, 1.004114226315216e-22, nan 
105.375, 82.875, 9.371336423849583e-23, nan 
105.625, 82.875, 8.934937505409738e-23, nan 
105.875, 82.875, 8.678635724918135e-23, nan 
106.125, 82.875, 9.136163501741839e-23, nan 
106.375, 82.875, 8.021902762325149e-23, nan 
106.625, 82.875, 7.785354984600803e-23, nan 
106.875, 82.875, 7.312909830812661e-23, nan 
107.125, 82.875, 5.047469610512535e-23, nan 
107.375, 82.875, 5.273880945740263e-23, nan 
107.625, 82.875, 6.323921846862205e-23, nan 
107.875, 82.875, 6.622895857130985e-23, nan 
108.125, 82.875, 5.875216785846215e-23, nan 
108.375, 82.875, 7.384073085138896e-23, nan 
108.625, 82.875, 7.224791752069125e-23, nan 
108.875, 82.875, 7.484306348106422e-23, nan 
109.125, 82.875, 9.37448523378339e-23, nan 
109.375, 82.875, 1.0303169670047072e-22, nan 
109.625, 82.875, 9.112019964469266e-23, nan 
109.875, 82.875, 1.1518060162535922e-22, nan 
110.125, 82.875, 1.2745054506173206e-22, nan 
110.375, 82.875, 1.2209294189181386e-22, nan 
110.625, 82.875, 1.212201097712425e-22, nan 
110.875, 82.875, 1.0584627473844902e-22, nan 
111.125, 82.875, 9.161481264724369e-23, nan 
111.375, 82.875, 6.840045163999682e-23, nan 
111.625, 82.875, 6.427714414759301e-23, nan 
111.875, 82.875, 5.681934914397197e-23, nan 
112.125, 82.875, 6.544479333409959e-23, nan 
112.375, 82.875, 7.549735715562421e-23, nan 
112.625, 82.875, 7.068828657457656e-23, nan 
112.875, 82.875, 6.655519082983214e-23, nan 
113.125, 82.875, 6.392786889437707e-23, nan 
113.375, 82.875, 5.830914060134209e-23, nan 
113.625, 82.875, 3.9048848483660977e-23, nan 
113.875, 82.875, 3.2487159145951893e-23, nan 
114.125, 82.875, 2.734929521580387e-23, nan 
114.375, 82.875, 1.9283058140985687e-23, nan 
114.625, 82.875, 1.5668137044570967e-23, nan 
114.875, 82.875, 1.6564537092859463e-23, nan 
115.125, 82.875, 1.7301510873987073e-23, nan 
115.375, 82.875, 1.65152284095264e-23, nan 
115.625, 82.875, 1.545923408319628e-23, nan 
115.875, 82.875, 1.471618703787198e-23, nan 
116.125, 82.875, 1.489901342948194e-23, nan 
116.375, 82.875, 1.5104757862178772e-23, nan 
116.625, 82.875, 1.5678567515444424e-23, nan 
116.875, 82.875, 1.2331243389329595e-23, nan 
117.125, 82.875, 9.088035702059465e-24, nan 
117.375, 82.875, 7.456839486748325e-24, nan 
117.625, 82.875, 9.725500665940237e-24, nan 
117.875, 82.875, 1.0236546998392089e-23, nan 
118.125, 82.875, 8.815033144122768e-24, nan 
118.375, 82.875, 1.1974357855213381e-23, nan 
118.625, 82.875, 1.1685609659608065e-23, nan 
118.875, 82.875, 8.872370782148883e-24, nan 
119.125, 82.875, 8.183126044370067e-24, nan 
119.375, 82.875, 1.0900309907737155e-23, nan 
119.625, 82.875, 1.1408591081324705e-23, nan 
119.875, 82.875, 9.960378126468355e-24, nan 
120.125, 82.875, 8.111028526351831e-24, nan 
120.375, 82.875, 7.324679992841915e-24, nan 
120.625, 82.875, 7.36791415444554e-24, nan 
120.875, 82.875, 4.871013697388973e-24, nan 
121.125, 82.875, 4.142049683740116e-24, nan 
121.375, 82.875, 4.6471763660534294e-24, nan 
121.625, 82.875, 5.756936832350472e-24, nan 
121.875, 82.875, 7.554835182774173e-24, nan 
122.125, 82.875, 5.9648447623517575e-24, nan 
122.375, 82.875, 6.105968587031812e-24, nan 
122.625, 82.875, 5.951378746593942e-24, nan 
122.875, 82.875, 6.1579161624402626e-24, nan 
123.125, 82.875, 5.895305996239045e-24, nan 
123.375, 82.875, 6.5421605994606305e-24, nan 
123.625, 82.875, 8.438559313401587e-24, nan 
123.875, 82.875, 8.341616040207777e-24, nan 
124.125, 82.875, 7.136140923543594e-24, nan 
124.375, 82.875, 7.040983353468364e-24, nan 
124.625, 82.875, 7.684213084179449e-24, nan 
124.875, 82.875, 7.945874915741813e-24, nan 
125.125, 82.875, 7.218422402039068e-24, nan 
125.375, 82.875, 5.536093458110905e-24, nan 
125.625, 82.875, 3.9588424288198495e-24, nan 
125.875, 82.875, 3.2984634198137402e-24, nan 
126.125, 82.875, 3.555218131944159e-24, nan 
126.375, 82.875, 2.990118032354728e-24, nan 
126.625, 82.875, 2.1650181687907753e-24, nan 
126.875, 82.875, 3.0726755620360258e-24, nan 
127.125, 82.875, 2.676970148618452e-24, nan 
127.375, 82.875, 2.232923412256091e-24, nan 
127.625, 82.875, 1.7231503617325565e-24, nan 
127.875, 82.875, 2.0854687659361515e-24, nan 
128.125, 82.875, 2.7327610660946264e-24, nan 
128.375, 82.875, 4.32632111994871e-24, nan 
128.625, 82.875, 3.709402108242687e-24, nan 
128.875, 82.875, 2.4097051388196156e-24, nan 
129.125, 82.875, 3.0887924919382362e-24, nan 
129.375, 82.875, 4.2367154564478894e-24, nan 
129.625, 82.875, 4.6598694389524155e-24, nan 
129.875, 82.875, 3.801068559582092e-24, nan 
130.125, 82.875, 3.6157833193822386e-24, nan 
130.375, 82.875, 4.16185144256085e-24, nan 
130.625, 82.875, 3.947101162993992e-24, nan 
130.875, 82.875, 3.970805421178124e-24, nan 
131.125, 82.875, 3.86305269257256e-24, nan 
131.375, 82.875, 3.828552741889766e-24, nan 
131.625, 82.875, 3.7972949641088175e-24, nan 
131.875, 82.875, 4.093368660364306e-24, nan 
132.125, 82.875, 3.895417840904265e-24, nan 
132.375, 82.875, 3.460731562176066e-24, nan 
132.625, 82.875, 3.697020848961391e-24, nan 
132.875, 82.875, 3.1627842895369314e-24, nan 
133.125, 82.875, 2.4642660227743226e-24, nan 
133.375, 82.875, 1.893565342638896e-24, nan 
133.625, 82.875, 2.212761834722567e-24, nan 
133.875, 82.875, 3.02795131331991e-24, nan 
134.125, 82.875, 2.4625071756961377e-24, nan 
134.375, 82.875, 1.9786702486344678e-24, nan 
134.625, 82.875, 1.4597133204310651e-24, nan 
134.875, 82.875, 1.4963343283309395e-24, nan 
135.125, 82.875, 9.87097715080595e-25, nan 
135.375, 82.875, 1.9053666690759224e-24, nan 
135.625, 82.875, 2.7412508081055575e-24, nan 
135.875, 82.875, 3.05428439426513e-24, nan 
136.125, 82.875, 3.6356317493580835e-24, nan 
136.375, 82.875, 3.442648309744749e-24, nan 
136.625, 82.875, 3.7406735871556486e-24, nan 
136.875, 82.875, 6.293517164276227e-24, nan 
137.125, 82.875, 7.964619580887014e-24, nan 
137.375, 82.875, 8.003514804104649e-24, nan 
137.625, 82.875, 6.029934065620514e-24, nan 
137.875, 82.875, 5.429433721931288e-24, nan 
138.125, 82.875, 5.801762429510554e-24, nan 
138.375, 82.875, 5.688073808286158e-24, nan 
138.625, 82.875, 5.567648413871048e-24, nan 
138.875, 82.875, 6.123808139703209e-24, nan 
139.125, 82.875, 6.3364048767169786e-24, nan 
139.375, 82.875, 6.384736884723015e-24, nan 
139.625, 82.875, 5.8780267707648e-24, nan 
139.875, 82.875, 4.588652783587155e-24, nan 
140.125, 82.875, 3.9112716903852504e-24, nan 
140.375, 82.875, 3.4685036764823234e-24, nan 
140.625, 82.875, 3.47666192970085e-24, nan 
140.875, 82.875, 2.897110985238272e-24, nan 
141.125, 82.875, 2.891629532360082e-24, nan 
141.375, 82.875, 2.5232198915370728e-24, nan 
141.625, 82.875, 2.352560109674052e-24, nan 
141.875, 82.875, 2.057235642601081e-24, nan 
142.125, 82.875, 2.050137076528086e-24, nan 
142.375, 82.875, 2.133765270476676e-24, nan 
142.625, 82.875, 1.6525055079772037e-24, nan 
142.875, 82.875, 1.092756960215712e-24, nan 
143.125, 82.875, 1.4965070189731871e-24, nan 
143.375, 82.875, 1.7076766487697272e-24, nan 
143.625, 82.875, 1.5466482116857805e-24, nan 
143.875, 82.875, 1.5884461265882442e-24, nan 
144.125, 82.875, 2.232905802741219e-24, nan 
144.375, 82.875, 2.734413952167902e-24, nan 
144.625, 82.875, 2.6552090626695606e-24, nan 
144.875, 82.875, 2.6837653668195225e-24, nan 
145.125, 82.875, 3.2761707755642705e-24, nan 
145.375, 82.875, 3.983911429957305e-24, nan 
145.625, 82.875, 3.687963556731004e-24, nan 
145.875, 82.875, 4.347679259830149e-24, nan 
146.125, 82.875, 4.140624278133756e-24, nan 
146.375, 82.875, 4.1635796948946234e-24, nan 
146.625, 82.875, 4.4770161025208515e-24, nan 
146.875, 82.875, 4.402412368611151e-24, nan 
147.125, 82.875, 4.73887640574243e-24, nan 
147.375, 82.875, 4.6189255502444014e-24, nan 
147.625, 82.875, 4.628358765637478e-24, nan 
147.875, 82.875, 4.544617431453353e-24, nan 
148.125, 82.875, 4.921754412621595e-24, nan 
148.375, 82.875, 4.7001413473429374e-24, nan 
148.625, 82.875, 4.487699432072374e-24, nan 
148.875, 82.875, 4.626875993339924e-24, nan 
149.125, 82.875, 4.5589028273731426e-24, nan 
149.375, 82.875, 4.786154889061124e-24, nan 
149.625, 82.875, 4.478321741263391e-24, nan 
149.875, 82.875, 3.783121084086659e-24, nan 
150.125, 82.875, 3.962269932491432e-24, nan 
150.375, 82.875, 3.588212565831376e-24, nan 
150.625, 82.875, 3.5947543643227524e-24, nan 
150.875, 82.875, 3.58565327161803e-24, nan 
151.125, 82.875, 3.328999495002814e-24, nan 
151.375, 82.875, 3.301076366464852e-24, nan 
151.625, 82.875, 3.285858402952561e-24, nan 
151.875, 82.875, 3.407736921570309e-24, nan 
152.125, 82.875, 3.384354659789396e-24, nan 
152.375, 82.875, 3.0870743162828022e-24, nan 
152.625, 82.875, 2.974065118273398e-24, nan 
152.875, 82.875, 3.2283179953037143e-24, nan 
153.125, 82.875, 3.2558139403278172e-24, nan 
153.375, 82.875, 3.398869806193385e-24, nan 
153.625, 82.875, 3.353108010122838e-24, nan 
153.875, 82.875, 3.0899172516928756e-24, nan 
154.125, 82.875, 3.100821722446246e-24, nan 
154.375, 82.875, 3.1241248809074053e-24, nan 
154.625, 82.875, 2.7868901253601786e-24, nan 
154.875, 82.875, 2.8108370356427533e-24, nan 
155.125, 82.875, 2.7712727985712935e-24, nan 
155.375, 82.875, 2.74262360512932e-24, nan 
155.625, 82.875, 2.7596101143752808e-24, nan 
155.875, 82.875, 2.5875800557651785e-24, nan 
156.125, 82.875, 2.640066987039469e-24, nan 
156.375, 82.875, 2.6993904973703584e-24, nan 
156.625, 82.875, 2.4398085000663504e-24, nan 
156.875, 82.875, 2.408694259779662e-24, nan 
157.125, 82.875, 2.5888073609097536e-24, nan 
157.375, 82.875, 2.3839003429495274e-24, nan 
157.625, 82.875, 2.4930505308190665e-24, nan 
157.875, 82.875, 2.392498779718248e-24, nan 
158.125, 82.875, 2.3530282964679387e-24, nan 
158.375, 82.875, 2.3721234031100853e-24, nan 
158.625, 82.875, 2.611329148853785e-24, nan 
158.875, 82.875, 2.2926295550303516e-24, nan 
159.125, 82.875, 2.2720825635466992e-24, nan 
159.375, 82.875, 2.4439104235645237e-24, nan 
159.625, 82.875, 2.3752374462954484e-24, nan 
159.875, 82.875, 2.2023370497333815e-24, nan 
160.125, 82.875, 2.057347520881661e-24, nan 
160.375, 82.875, 2.4177488409472197e-24, nan 
160.625, 82.875, 2.3771388803534202e-24, nan 
160.875, 82.875, 1.9925904195423826e-24, nan 
161.125, 82.875, 2.1227848790522468e-24, nan 
161.375, 82.875, 2.7058290379828005e-24, nan 
161.625, 82.875, 2.3512717887132594e-24, nan 
161.875, 82.875, 2.2314581516439045e-24, nan 
162.125, 82.875, 2.198027937940036e-24, nan 
162.375, 82.875, 2.3142495381434174e-24, nan 
162.625, 82.875, 2.2450021865421205e-24, nan 
162.875, 82.875, 2.3882574208382844e-24, nan 
163.125, 82.875, 2.4303463084186314e-24, nan 
163.375, 82.875, 2.2626289753258403e-24, nan 
163.625, 82.875, 2.589152340193725e-24, nan 
163.875, 82.875, 2.4802409233614948e-24, nan 
164.125, 82.875, 2.3944986166871445e-24, nan 
164.375, 82.875, 2.340501127176492e-24, nan 
164.625, 82.875, 2.538237632771735e-24, nan 
164.875, 82.875, 2.2048162260482587e-24, nan 
165.125, 82.875, 2.2505848185570726e-24, nan 
165.375, 82.875, 2.5142212534448477e-24, nan 
165.625, 82.875, 2.5114168760341602e-24, nan 
165.875, 82.875, 1.929480443210761e-24, nan 
166.125, 82.875, 2.39884493429404e-24, nan 
166.375, 82.875, 2.5745896501486467e-24, nan 
166.625, 82.875, 2.579508741760463e-24, nan 
166.875, 82.875, 2.5171887060365173e-24, nan 
167.125, 82.875, 2.723458586306374e-24, nan 
167.375, 82.875, 2.622010700797252e-24, nan 
167.625, 82.875, 2.6450876870054192e-24, nan 
167.875, 82.875, 2.757758567195049e-24, nan 
168.125, 82.875, 2.8892532148786e-24, nan 
168.375, 82.875, 2.617041430595905e-24, nan 
168.625, 82.875, 2.6229337577616747e-24, nan 
168.875, 82.875, 2.9251131326268463e-24, nan 
169.125, 82.875, 2.887014634428878e-24, nan 
169.375, 82.875, 3.1078682636857954e-24, nan 
169.625, 82.875, 3.3817025097504394e-24, nan 
169.875, 82.875, 3.390965646232727e-24, nan 
170.125, 82.875, 3.584489782306384e-24, nan 
170.375, 82.875, 3.39024556515445e-24, nan 
170.625, 82.875, 3.536876471189691e-24, nan 
170.875, 82.875, 3.463498549880799e-24, nan 
171.125, 82.875, 3.512979095708362e-24, nan 
171.375, 82.875, 3.5006553488003595e-24, nan 
171.625, 82.875, 3.49716544876403e-24, nan 
171.875, 82.875, 3.4986436615168415e-24, nan 
172.125, 82.875, 3.1705855428096616e-24, nan 
172.375, 82.875, 3.568848228929022e-24, nan 
172.625, 82.875, 3.4693282548554174e-24, nan 
172.875, 82.875, 3.334609516462687e-24, nan 
173.125, 82.875, 3.301836303736855e-24, nan 
173.375, 82.875, 3.2272273825419936e-24, nan 
173.625, 82.875, 3.2554515445887775e-24, nan 
173.875, 82.875, 3.1260609032731993e-24, nan 
174.125, 82.875, 3.118686623029042e-24, nan 
174.375, 82.875, 2.9132119763526008e-24, nan 
174.625, 82.875, 2.8671793890926035e-24, nan 
174.875, 82.875, 2.9445803836826173e-24, nan 
175.125, 82.875, 2.7018275235410167e-24, nan 
175.375, 82.875, 2.7481913013395772e-24, nan 
175.625, 82.875, 2.68535327316935e-24, nan 
175.875, 82.875, 2.6033754662654236e-24, nan 
176.125, 82.875, 2.475999913545475e-24, nan 
176.375, 82.875, 2.5078657460928367e-24, nan 
176.625, 82.875, 2.3119624282904525e-24, nan 
176.875, 82.875, 2.0613994017775234e-24, nan 
177.125, 82.875, 1.8976156616880193e-24, nan 
177.375, 82.875, 1.953163531903825e-24, nan 
177.625, 82.875, 2.0642012425217563e-24, nan 
177.875, 82.875, 1.9272316857449674e-24, nan 
178.125, 82.875, 1.7502380508579067e-24, nan 
178.375, 82.875, 2.111412302684568e-24, nan 
178.625, 82.875, 1.3976177539843735e-24, nan 
178.875, 82.875, 1.4552887131346933e-24, nan 
179.125, 82.875, 1.4325868741616397e-24, nan 
179.375, 82.875, 2.227461035940148e-24, nan 
179.625, 82.875, 1.949519630977162e-24, nan 
179.875, 82.875, 1.1084393601173255e-24, nan 
-179.875, 83.125, 3.432815662328824e-24, nan 
-179.625, 83.125, 3.9315455164487726e-24, nan 
-179.375, 83.125, 3.3761349499186426e-24, nan 
-179.125, 83.125, 3.0499777478253874e-24, nan 
-178.875, 83.125, 3.3890816071873774e-24, nan 
-178.625, 83.125, 3.8330460739819344e-24, nan 
-178.375, 83.125, 3.540776144736389e-24, nan 
-178.125, 83.125, 3.377986248380955e-24, nan 
-177.875, 83.125, 3.8225968468717096e-24, nan 
-177.625, 83.125, 3.960272758902267e-24, nan 
-177.375, 83.125, 4.118378587718217e-24, nan 
-177.125, 83.125, 3.853501705872825e-24, nan 
-176.875, 83.125, 3.8587900589518906e-24, nan 
-176.625, 83.125, 4.7456110290870135e-24, nan 
-176.375, 83.125, 4.7623773198503344e-24, nan 
-176.125, 83.125, 4.33178393121246e-24, nan 
-175.875, 83.125, 3.8631784890162435e-24, nan 
-175.625, 83.125, 4.21370103023811e-24, nan 
-175.375, 83.125, 4.3094357646241764e-24, nan 
-175.125, 83.125, 4.493861274415208e-24, nan 
-174.875, 83.125, 4.591248485955331e-24, nan 
-174.625, 83.125, 4.334530308843146e-24, nan 
-174.375, 83.125, 4.2037456670731864e-24, nan 
-174.125, 83.125, 4.452281678161533e-24, nan 
-173.875, 83.125, 4.757527072304871e-24, nan 
-173.625, 83.125, 4.695838025590604e-24, nan 
-173.375, 83.125, 4.65647906389633e-24, nan 
-173.125, 83.125, 4.8108559025723456e-24, nan 
-172.875, 83.125, 4.824228500630886e-24, nan 
-172.625, 83.125, 4.958530712262495e-24, nan 
-172.375, 83.125, 4.9152116122911246e-24, nan 
-172.125, 83.125, 3.946235364701638e-24, nan 
-171.875, 83.125, 3.886886375462089e-24, nan 
-171.625, 83.125, 4.5547702635999396e-24, nan 
-171.375, 83.125, 4.255618013024535e-24, nan 
-171.125, 83.125, 4.408426645417745e-24, nan 
-170.875, 83.125, 4.7247039940175055e-24, nan 
-170.625, 83.125, 4.940923963534601e-24, nan 
-170.375, 83.125, 4.736126512447916e-24, nan 
-170.125, 83.125, 4.863170363838507e-24, nan 
-169.875, 83.125, 4.696262441361447e-24, nan 
-169.625, 83.125, 5.278521723113455e-24, nan 
-169.375, 83.125, 4.300032044732691e-24, nan 
-169.125, 83.125, 4.177587678705337e-24, nan 
-168.875, 83.125, 4.4235277651876365e-24, nan 
-168.625, 83.125, 4.143121159137849e-24, nan 
-168.375, 83.125, 3.5218601739889836e-24, nan 
-168.125, 83.125, 3.93156510651702e-24, nan 
-167.875, 83.125, 4.220256648288586e-24, nan 
-167.625, 83.125, 3.098877011004746e-24, nan 
-167.375, 83.125, 3.6347150372166056e-24, nan 
-167.125, 83.125, 3.126581386103593e-24, nan 
-166.875, 83.125, 3.4064594068741025e-24, nan 
-166.625, 83.125, 4.301393848710529e-24, nan 
-166.375, 83.125, 4.272180738471984e-24, nan 
-166.125, 83.125, 3.968858166959727e-24, nan 
-165.875, 83.125, 3.8537012609662626e-24, nan 
-165.625, 83.125, 3.9284333853477206e-24, nan 
-165.375, 83.125, 3.877535507939793e-24, nan 
-165.125, 83.125, 4.3773310123260215e-24, nan 
-164.875, 83.125, 4.406519521572001e-24, nan 
-164.625, 83.125, 4.234586299179582e-24, nan 
-164.375, 83.125, 4.503607466704426e-24, nan 
-164.125, 83.125, 4.695521311779177e-24, nan 
-163.875, 83.125, 4.5305438975341566e-24, nan 
-163.625, 83.125, 4.645035263558416e-24, nan 
-163.375, 83.125, 4.8231489283733186e-24, nan 
-163.125, 83.125, 5.919795173830127e-24, nan 
-162.875, 83.125, 8.296713199626362e-24, nan 
-162.625, 83.125, 7.722550975484405e-24, nan 
-162.375, 83.125, 8.685150105299295e-24, nan 
-162.125, 83.125, 1.1482864106260115e-23, nan 
-161.875, 83.125, 1.1437151169633101e-23, nan 
-161.625, 83.125, 1.0853976825386589e-23, nan 
-161.375, 83.125, 1.0654183324502654e-23, nan 
-161.125, 83.125, 1.070941670391918e-23, nan 
-160.875, 83.125, 1.1323548969797954e-23, nan 
-160.625, 83.125, 1.104027089412727e-23, nan 
-160.375, 83.125, 1.1075003860101997e-23, nan 
-160.125, 83.125, 1.1508099180865831e-23, nan 
-159.875, 83.125, 1.154155161462813e-23, nan 
-159.625, 83.125, 1.1260577841557869e-23, nan 
-159.375, 83.125, 1.1451089199868254e-23, nan 
-159.125, 83.125, 1.1886584232024622e-23, nan 
-158.875, 83.125, 1.2162521647911067e-23, nan 
-158.625, 83.125, 1.2266162290751938e-23, nan 
-158.375, 83.125, 1.122385017686948e-23, nan 
-158.125, 83.125, 1.2125412690013219e-23, nan 
-157.875, 83.125, 1.2427486756817532e-23, nan 
-157.625, 83.125, 1.256201847827222e-23, nan 
-157.375, 83.125, 1.106613596204386e-23, nan 
-157.125, 83.125, 1.1833067233929791e-23, nan 
-156.875, 83.125, 1.3194303595712178e-23, nan 
-156.625, 83.125, 1.3390388891262898e-23, nan 
-156.375, 83.125, 1.2835364972092223e-23, nan 
-156.125, 83.125, 1.178856668359325e-23, nan 
-155.875, 83.125, 1.110755437534752e-23, nan 
-155.625, 83.125, 1.260080082306911e-23, nan 
-155.375, 83.125, 1.2318179358489475e-23, nan 
-155.125, 83.125, 1.1003532914809856e-23, nan 
-154.875, 83.125, 1.1225538208758889e-23, nan 
-154.625, 83.125, 1.1490463086789387e-23, nan 
-154.375, 83.125, 1.1763300561922571e-23, nan 
-154.125, 83.125, 1.1544676790678156e-23, nan 
-153.875, 83.125, 1.1247007780644185e-23, nan 
-153.625, 83.125, 1.1513661948692673e-23, nan 
-153.375, 83.125, 1.2248947355496242e-23, nan 
-153.125, 83.125, 1.2412947575632612e-23, nan 
-152.875, 83.125, 1.207941931290041e-23, nan 
-152.625, 83.125, 1.2035325774187511e-23, nan 
-152.375, 83.125, 1.2022796068649284e-23, nan 
-152.125, 83.125, 1.0553640971579509e-23, nan 
-151.875, 83.125, 1.0722480914505118e-23, nan 
-151.625, 83.125, 1.0928633499415189e-23, nan 
-151.375, 83.125, 1.1889490731805791e-23, nan 
-151.125, 83.125, 1.249016919480567e-23, nan 
-150.875, 83.125, 1.1642588068249137e-23, nan 
-150.625, 83.125, 1.157469232549138e-23, nan 
-150.375, 83.125, 1.2008697107345207e-23, nan 
-150.125, 83.125, 1.203033962116208e-23, nan 
-149.875, 83.125, 1.2569562581863445e-23, nan 
-149.625, 83.125, 1.3306196809636035e-23, nan 
-149.375, 83.125, 1.387903188865419e-23, nan 
-149.125, 83.125, 1.3725385729213612e-23, nan 
-148.875, 83.125, 1.404268915320587e-23, nan 
-148.625, 83.125, 1.4767275542884126e-23, nan 
-148.375, 83.125, 1.4316308296916297e-23, nan 
-148.125, 83.125, 1.302847503744133e-23, nan 
-147.875, 83.125, 1.3089688748240688e-23, nan 
-147.625, 83.125, 1.3762971224914747e-23, nan 
-147.375, 83.125, 1.373076048978342e-23, nan 
-147.125, 83.125, 1.374063798898235e-23, nan 
-146.875, 83.125, 1.3751714743840687e-23, nan 
-146.625, 83.125, 1.510727040248706e-23, nan 
-146.375, 83.125, 1.7360555138885449e-23, nan 
-146.125, 83.125, 1.844843263901646e-23, nan 
-145.875, 83.125, 1.8519638537555812e-23, nan 
-145.625, 83.125, 1.972692145881742e-23, nan 
-145.375, 83.125, 1.887373379762491e-23, nan 
-145.125, 83.125, 1.9470991099474307e-23, nan 
-144.875, 83.125, 2.0627113139267338e-23, nan 
-144.625, 83.125, 1.8803052462626317e-23, nan 
-144.375, 83.125, 1.7384332592212294e-23, nan 
-144.125, 83.125, 1.9901115954015398e-23, nan 
-143.875, 83.125, 1.7705597013890878e-23, nan 
-143.625, 83.125, 1.6123018954758927e-23, nan 
-143.375, 83.125, 2.1047450065901148e-23, nan 
-143.125, 83.125, 1.920956790694611e-23, nan 
-142.875, 83.125, 2.1690949493980732e-23, nan 
-142.625, 83.125, 2.4332519391749654e-23, nan 
-142.375, 83.125, 2.2167105068576143e-23, nan 
-142.125, 83.125, 1.7748194950686603e-23, nan 
-141.875, 83.125, 1.8393318009703465e-23, nan 
-141.625, 83.125, 1.994189653914692e-23, nan 
-141.375, 83.125, 1.8272785804945977e-23, nan 
-141.125, 83.125, 1.7885695282489047e-23, nan 
-140.875, 83.125, 1.7452581338537765e-23, nan 
-140.625, 83.125, 1.6701330756059625e-23, nan 
-140.375, 83.125, 1.625626828890745e-23, nan 
-140.125, 83.125, 1.6025326101810303e-23, nan 
-139.875, 83.125, 1.5760566528061695e-23, nan 
-139.625, 83.125, 1.330567872339836e-23, nan 
-139.375, 83.125, 1.1579112104156997e-23, nan 
-139.125, 83.125, 1.2002064328105916e-23, nan 
-138.875, 83.125, 1.3382477464779323e-23, nan 
-138.625, 83.125, 1.449509083065705e-23, nan 
-138.375, 83.125, 1.3147697365689625e-23, nan 
-138.125, 83.125, 1.4058073615947287e-23, nan 
-137.875, 83.125, 1.4146646492964687e-23, nan 
-137.625, 83.125, 1.4429389602680217e-23, nan 
-137.375, 83.125, 1.7422573390390518e-23, nan 
-137.125, 83.125, 1.6925376115121026e-23, nan 
-136.875, 83.125, 1.612654416586828e-23, nan 
-136.625, 83.125, 1.8196543542860984e-23, nan 
-136.375, 83.125, 1.9512577541766204e-23, nan 
-136.125, 83.125, 1.9050106613690267e-23, nan 
-135.875, 83.125, 1.9540089082102234e-23, nan 
-135.625, 83.125, 1.8345728107766464e-23, nan 
-135.375, 83.125, 2.044164457319528e-23, nan 
-135.125, 83.125, 2.4009588463104945e-23, nan 
-134.875, 83.125, 2.2300053102751937e-23, nan 
-134.625, 83.125, 1.9894883538563252e-23, nan 
-134.375, 83.125, 2.1861763778585235e-23, nan 
-134.125, 83.125, 2.4111163180845206e-23, nan 
-133.875, 83.125, 2.5517180637168195e-23, nan 
-133.625, 83.125, 2.354686299938154e-23, nan 
-133.375, 83.125, 2.159604172313099e-23, nan 
-133.125, 83.125, 2.0430554624769967e-23, nan 
-132.875, 83.125, 2.0745561708993414e-23, nan 
-132.625, 83.125, 1.9611405556264818e-23, nan 
-132.375, 83.125, 1.9095574535152662e-23, nan 
-132.125, 83.125, 1.936695542448345e-23, nan 
-131.875, 83.125, 2.1925866113570256e-23, nan 
-131.625, 83.125, 2.275307308469473e-23, nan 
-131.375, 83.125, 1.9493213283023506e-23, nan 
-131.125, 83.125, 2.3561445154461033e-23, nan 
-130.875, 83.125, 2.3420180809189932e-23, nan 
-130.625, 83.125, 2.1373411156858065e-23, nan 
-130.375, 83.125, 1.9624937999844243e-23, nan 
-130.125, 83.125, 1.49316341550002e-23, nan 
-129.875, 83.125, 1.1974159323061422e-23, nan 
-129.625, 83.125, 1.0939326533783237e-23, nan 
-129.375, 83.125, 9.331456553476561e-24, nan 
-129.125, 83.125, 9.739465645938869e-24, nan 
-128.875, 83.125, 1.3907483169642816e-23, nan 
-128.625, 83.125, 1.5402644690195372e-23, nan 
-128.375, 83.125, 2.137757158675195e-23, nan 
-128.125, 83.125, 4.5558940931337485e-23, nan 
-127.875, 83.125, 2.637293115033657e-23, nan 
-127.625, 83.125, 3.642228853067958e-23, nan 
-127.375, 83.125, 6.495982682299234e-23, nan 
-127.125, 83.125, 1.0973035424202793e-22, nan 
-126.875, 83.125, 1.3657949422386855e-22, nan 
-126.625, 83.125, 1.3360314716816467e-22, nan 
-126.375, 83.125, 1.1984071236437936e-22, nan 
-126.125, 83.125, 1.0350837585330899e-22, nan 
-125.875, 83.125, 8.798290385182347e-23, nan 
-125.625, 83.125, 6.283974884899762e-23, nan 
-125.375, 83.125, 1.3381675047665777e-22, nan 
-125.125, 83.125, 2.333369231362987e-22, nan 
-124.875, 83.125, 2.61921047788313e-22, nan 
-124.625, 83.125, 2.764499004071016e-22, nan 
-124.375, 83.125, 2.836557104792797e-22, nan 
-124.125, 83.125, 2.726431654974855e-22, nan 
-123.875, 83.125, 2.80321123674187e-22, nan 
-123.625, 83.125, 2.36216457281146e-22, nan 
-123.375, 83.125, 1.816340756778128e-22, nan 
-123.125, 83.125, 2.7491478692878664e-22, nan 
-122.875, 83.125, 3.608398891194987e-22, nan 
-122.625, 83.125, 3.7196118792883144e-22, nan 
-122.375, 83.125, 2.922623689154448e-22, nan 
-122.125, 83.125, 2.577818398795269e-22, nan 
-121.875, 83.125, 2.627745495673752e-22, nan 
-121.625, 83.125, 2.8787345817542995e-22, nan 
-121.375, 83.125, 3.1354860968089256e-22, nan 
-121.125, 83.125, 2.9775993776027565e-22, nan 
-120.875, 83.125, 2.4646316655067926e-22, nan 
-120.625, 83.125, 1.9125491992914375e-22, nan 
-120.375, 83.125, 1.9104251210788255e-22, nan 
-120.125, 83.125, 1.978111105516007e-22, nan 
-119.875, 83.125, 2.2295608377844016e-22, nan 
-119.625, 83.125, 2.4327716584883333e-22, nan 
-119.375, 83.125, 2.391039454410534e-22, nan 
-119.125, 83.125, 2.3329278703679624e-22, nan 
-118.875, 83.125, 2.299910233992259e-22, nan 
-118.625, 83.125, 1.9633577608760318e-22, nan 
-118.375, 83.125, 1.4437955106058492e-22, nan 
-118.125, 83.125, 9.808453253164013e-23, nan 
-117.875, 83.125, 7.936532356562124e-23, nan 
-117.625, 83.125, 8.143831070429878e-23, nan 
-117.375, 83.125, 8.851322743475405e-23, nan 
-117.125, 83.125, 1.0480921183781373e-22, nan 
-116.875, 83.125, 1.1818789550914848e-22, nan 
-116.625, 83.125, 1.175565551216157e-22, nan 
-116.375, 83.125, 1.2259864476127018e-22, nan 
-116.125, 83.125, 1.3890267976215359e-22, nan 
-115.875, 83.125, 1.799962700077925e-22, nan 
-115.625, 83.125, 1.9262876358674577e-22, nan 
-115.375, 83.125, 1.8854279630392449e-22, nan 
-115.125, 83.125, 1.9525512325053837e-22, nan 
-114.875, 83.125, 1.8169682004702904e-22, nan 
-114.625, 83.125, 1.690003922282041e-22, nan 
-114.375, 83.125, 1.3472127854898928e-22, nan 
-114.125, 83.125, 1.2570918077423909e-22, nan 
-113.875, 83.125, 1.179348671528732e-22, nan 
-113.625, 83.125, 1.9720228030509118e-22, nan 
-113.375, 83.125, 3.0001014760857393e-22, nan 
-113.125, 83.125, 4.073818550453796e-22, nan 
-112.875, 83.125, 5.704841506530405e-22, nan 
-112.625, 83.125, 6.037694113681239e-22, nan 
-112.375, 83.125, 5.9848698412608925e-22, nan 
-112.125, 83.125, 5.26217887659078e-22, nan 
-111.875, 83.125, 5.2872431254284655e-22, nan 
-111.625, 83.125, 5.243714763263586e-22, nan 
-111.375, 83.125, 4.2502440145619e-22, nan 
-111.125, 83.125, 4.255236675087623e-22, nan 
-110.875, 83.125, 4.155402024205242e-22, nan 
-110.625, 83.125, 5.4828074903160875e-22, nan 
-110.375, 83.125, 6.103016075814214e-22, nan 
-110.125, 83.125, 6.081160018370616e-22, nan 
-109.875, 83.125, 5.540492865112758e-22, nan 
-109.625, 83.125, 5.776297018209546e-22, nan 
-109.375, 83.125, 5.942928099911491e-22, nan 
-109.125, 83.125, 5.488140561831621e-22, nan 
-108.875, 83.125, 4.871823682156415e-22, nan 
-108.625, 83.125, 4.482346441359632e-22, nan 
-108.375, 83.125, 2.8479492620431103e-22, nan 
-108.125, 83.125, 1.5140593344727087e-22, nan 
-107.875, 83.125, 1.4536181259273016e-22, nan 
-107.625, 83.125, 1.5232647381583532e-22, nan 
-107.375, 83.125, 1.731100355974228e-22, nan 
-107.125, 83.125, 2.2408523079098735e-22, nan 
-106.875, 83.125, 2.9015540774515223e-22, nan 
-106.625, 83.125, 3.8935515300118178e-22, nan 
-106.375, 83.125, 4.2236298682889816e-22, nan 
-106.125, 83.125, 4.337369341491949e-22, nan 
-105.875, 83.125, 4.023774631113627e-22, nan 
-105.625, 83.125, 2.766685442339275e-22, nan 
-105.375, 83.125, 1.296890963249536e-22, nan 
-105.125, 83.125, 1.4324936012287394e-22, nan 
-104.875, 83.125, 3.6298282742224055e-22, nan 
-104.625, 83.125, 5.247017726173706e-22, nan 
-104.375, 83.125, 7.035497588071388e-22, nan 
-104.125, 83.125, 7.843601600384185e-22, nan 
-103.875, 83.125, 8.62750434927027e-22, nan 
-103.625, 83.125, 8.54740442572123e-22, nan 
-103.375, 83.125, 6.566838652900046e-22, nan 
-103.125, 83.125, 4.9180514990829e-22, nan 
-102.875, 83.125, 5.619718426366723e-22, nan 
-102.625, 83.125, 7.645958350902231e-22, nan 
-102.375, 83.125, 8.002958460264548e-22, nan 
-102.125, 83.125, 8.166715880263055e-22, nan 
-101.875, 83.125, 8.061059522150849e-22, nan 
-101.625, 83.125, 7.499524050064158e-22, nan 
-101.375, 83.125, 7.003246491848504e-22, nan 
-101.125, 83.125, 5.694780748321954e-22, nan 
-100.875, 83.125, 4.118974167292761e-22, nan 
-100.625, 83.125, 2.1152620384626278e-22, nan 
-100.375, 83.125, 1.46180806635876e-22, nan 
-100.125, 83.125, 1.2672751744527525e-22, nan 
-99.875, 83.125, 1.1487675543823574e-22, nan 
-99.625, 83.125, 1.851082321815137e-22, nan 
-99.375, 83.125, 2.3025659392481433e-22, nan 
-99.125, 83.125, 2.475866957353849e-22, nan 
-98.875, 83.125, 1.4618576364183445e-22, nan 
-98.625, 83.125, 2.9174890647176382e-22, nan 
-98.375, 83.125, 3.832594914237836e-22, nan 
-98.125, 83.125, 3.737969699936398e-22, nan 
-97.875, 83.125, 1.7760380203362965e-22, nan 
-97.625, 83.125, 1.744462595658264e-22, nan 
-97.375, 83.125, 4.110465246408378e-22, nan 
-97.125, 83.125, 3.6655115518807366e-22, nan 
-96.875, 83.125, 3.629723422136163e-22, nan 
-96.625, 83.125, 2.3129542909175237e-22, nan 
-96.375, 83.125, 2.0539697180460786e-22, nan 
-96.125, 83.125, 2.152254588881603e-22, nan 
-95.875, 83.125, 2.0908778823790536e-22, nan 
-95.625, 83.125, 1.2994265501282758e-22, nan 
-95.375, 83.125, 1.4776211057034704e-22, nan 
-95.125, 83.125, 1.563561820497693e-22, nan 
-94.875, 83.125, 1.5647550500286365e-22, nan 
-94.625, 83.125, 1.6631371143922932e-22, nan 
-94.375, 83.125, 1.6263102432579323e-22, nan 
-94.125, 83.125, 1.7597858220946853e-22, nan 
-93.875, 83.125, 1.8478864561302533e-22, nan 
-93.625, 83.125, 1.923827727555262e-22, nan 
-93.375, 83.125, 1.8333976143514642e-22, nan 
-93.125, 83.125, 1.8257377188765076e-22, nan 
-92.875, 83.125, 2.0179236330381014e-22, nan 
-92.625, 83.125, 2.4514731401892174e-22, nan 
-92.375, 83.125, 2.6704137893267366e-22, nan 
-92.125, 83.125, 2.590026870283004e-22, nan 
-91.875, 83.125, 2.504175279790793e-22, nan 
-91.625, 83.125, 2.6911590539902334e-22, nan 
-91.375, 83.125, 2.7988182524495887e-22, nan 
-91.125, 83.125, 3.3347091513154277e-22, nan 
-90.875, 83.125, 3.5977430616666354e-22, nan 
-90.625, 83.125, 3.7747731717528593e-22, nan 
-90.375, 83.125, 4.2497103659696995e-22, nan 
-90.125, 83.125, 3.9982456811598885e-22, nan 
-89.875, 83.125, 4.179738493051495e-22, nan 
-89.625, 83.125, 4.1251145880138274e-22, nan 
-89.375, 83.125, 4.401807365019357e-22, nan 
-89.125, 83.125, 4.1184377900347395e-22, nan 
-88.875, 83.125, 2.9041072735762866e-22, nan 
-88.625, 83.125, 3.6483608110055613e-22, nan 
-88.375, 83.125, 4.411705650858792e-22, nan 
-88.125, 83.125, 5.8070498389999965e-22, nan 
-87.875, 83.125, 5.718513737488331e-22, nan 
-87.625, 83.125, 5.5871010121415905e-22, nan 
-87.375, 83.125, 7.197649810784342e-22, nan 
-87.125, 83.125, 7.312844917630254e-22, nan 
-86.875, 83.125, 5.624524825429949e-22, nan 
-86.625, 83.125, 4.682073197195382e-22, nan 
-86.375, 83.125, 6.475152275764325e-22, nan 
-86.125, 83.125, 7.0033048639826e-22, nan 
-85.875, 83.125, 8.432909799362041e-22, nan 
-85.625, 83.125, 8.072850691866608e-22, nan 
-85.375, 83.125, 8.653103829450132e-22, nan 
-85.125, 83.125, 1.1876050762421167e-21, nan 
-84.875, 83.125, 1.2016700803100369e-21, nan 
-84.625, 83.125, 9.687045581161258e-22, nan 
-84.375, 83.125, 1.0546960844148861e-21, nan 
-84.125, 83.125, 1.5137643838135545e-21, nan 
-83.875, 83.125, 1.2369064618320085e-21, nan 
-83.625, 83.125, 1.272388483385765e-21, nan 
-83.375, 83.125, 1.5556780804121509e-21, nan 
-83.125, 83.125, 1.2977256291060034e-21, nan 
-82.875, 83.125, 1.3470168953986754e-21, nan 
-82.625, 83.125, 1.262142206334535e-21, nan 
-82.375, 83.125, 1.2428477829354407e-21, nan 
-82.125, 83.125, 1.2851068738355055e-21, nan 
-81.875, 83.125, 1.3255639080385847e-21, nan 
-81.625, 83.125, 1.3111406964817511e-21, nan 
-81.375, 83.125, 1.0615332111925014e-21, nan 
-81.125, 83.125, 1.351851005921342e-21, nan 
-80.875, 83.125, 1.3728574350835017e-21, nan 
-80.625, 83.125, 1.045956864287373e-21, nan 
-80.375, 83.125, 1.049526619476582e-21, nan 
-80.125, 83.125, 9.396576514544215e-22, nan 
-79.875, 83.125, 8.67706381367783e-22, nan 
-79.625, 83.125, 8.217082602746247e-22, nan 
-79.375, 83.125, 7.959137045351121e-22, nan 
-79.125, 83.125, 7.542661526717045e-22, nan 
-78.875, 83.125, 6.611880917129118e-22, nan 
-78.625, 83.125, 5.8614686896150885e-22, nan 
-78.375, 83.125, 5.249296510066641e-22, nan 
-78.125, 83.125, 4.601009470143881e-22, nan 
-77.875, 83.125, 5.584487313869595e-22, nan 
-77.625, 83.125, 5.96503832973761e-22, nan 
-77.375, 83.125, 6.046916806689845e-22, nan 
-77.125, 83.125, 6.504456229355941e-22, nan 
-76.875, 83.125, 7.577468889995766e-22, nan 
-76.625, 83.125, 8.728536735684545e-22, nan 
-76.375, 83.125, 9.904971901676213e-22, nan 
-76.125, 83.125, 1.140884189989571e-21, nan 
-75.875, 83.125, 1.2777581653191305e-21, nan 
-75.625, 83.125, 1.3536945600328636e-21, nan 
-75.375, 83.125, 1.4078298563942112e-21, nan 
-75.125, 83.125, 1.5225786844519994e-21, nan 
-74.875, 83.125, 1.5859531267497033e-21, nan 
-74.625, 83.125, 1.5657234344849458e-21, nan 
-74.375, 83.125, 1.6387003791513728e-21, nan 
-74.125, 83.125, 1.6743237126301583e-21, nan 
-73.875, 83.125, 1.8886563644674085e-21, nan 
-73.625, 83.125, 2.1005530626038504e-21, nan 
-73.375, 83.125, 2.2259132523049816e-21, nan 
-73.125, 83.125, 2.362167798546028e-21, nan 
-72.875, 83.125, 2.429774748753736e-21, nan 
-72.625, 83.125, 2.3497881427766337e-21, nan 
-72.375, 83.125, 2.1435518155492995e-21, nan 
-72.125, 83.125, 1.880574856834948e-21, nan 
-71.875, 83.125, 1.350191853749023e-21, nan 
-71.625, 83.125, 1.3290588129685913e-21, nan 
-71.375, 83.125, 1.2214025082488392e-21, nan 
-71.125, 83.125, 1.2299438405120087e-21, nan 
-70.875, 83.125, 1.5853632946578329e-21, nan 
-70.625, 83.125, 1.543178915663501e-21, nan 
-70.375, 83.125, 1.615302566560484e-21, nan 
-70.125, 83.125, 1.683027146125703e-21, nan 
-69.875, 83.125, 1.6835292087725243e-21, nan 
-69.625, 83.125, 1.2142965441634186e-21, nan 
-69.375, 83.125, 1.4361653345404642e-21, nan 
-69.125, 83.125, 1.4877913133435812e-21, nan 
-68.875, 83.125, 1.3754622310465545e-21, nan 
-68.625, 83.125, 1.566520318137469e-21, nan 
-68.375, 83.125, 1.7859742625111443e-21, nan 
-68.125, 83.125, 1.914665273736675e-21, nan 
-67.875, 83.125, 1.9604791828862315e-21, nan 
-67.625, 83.125, 2.031533972752587e-21, nan 
-67.375, 83.125, 2.0309805399730244e-21, nan 
-67.125, 83.125, 2.2293372357558353e-21, nan 
-66.875, 83.125, 2.176236360040021e-21, nan 
-66.625, 83.125, 2.5114902661264033e-21, nan 
-66.375, 83.125, 2.746600249332539e-21, nan 
-66.125, 83.125, 2.248778914178798e-21, nan 
-65.875, 83.125, 2.488299633563728e-21, nan 
-65.625, 83.125, 2.9684225282336128e-21, nan 
-65.375, 83.125, 3.224554006396218e-21, nan 
-65.125, 83.125, 2.52351020406651e-21, nan 
-64.875, 83.125, 2.077532628678279e-21, nan 
-64.625, 83.125, 2.1433705789339224e-21, nan 
-64.375, 83.125, 2.2719400864006055e-21, nan 
-64.125, 83.125, 2.3488652873475373e-21, nan 
-63.875, 83.125, 2.1520362960769616e-21, nan 
-63.625, 83.125, 2.218960324931469e-21, nan 
-63.375, 83.125, 2.4555981845823417e-21, nan 
-63.125, 83.125, 2.8866146016385725e-21, nan 
-62.875, 83.125, 2.847741621637822e-21, nan 
-62.625, 83.125, 2.6386601017456947e-21, nan 
-62.375, 83.125, 2.7934480132372606e-21, nan 
-62.125, 83.125, 2.75179029860524e-21, nan 
-61.875, 83.125, 2.678008329235714e-21, nan 
-61.625, 83.125, 2.759709340220631e-21, nan 
-61.375, 83.125, 2.9366673558458613e-21, nan 
-61.125, 83.125, 3.1944655995739773e-21, nan 
-60.875, 83.125, 2.5860654524373753e-21, nan 
-60.625, 83.125, 2.3944686637322843e-21, nan 
-60.375, 83.125, 2.7808931481267797e-21, nan 
-60.125, 83.125, 4.323875587568628e-21, nan 
-59.875, 83.125, 5.0525707564993446e-21, nan 
-59.625, 83.125, 5.57188389842952e-21, nan 
-59.375, 83.125, 6.1867064129268485e-21, nan 
-59.125, 83.125, 6.863752584197389e-21, nan 
-58.875, 83.125, 7.567274820238445e-21, nan 
-58.625, 83.125, 8.000184500556764e-21, nan 
-58.375, 83.125, 1.0548989368288585e-20, nan 
-58.125, 83.125, 1.2458988153703254e-20, nan 
-57.875, 83.125, 1.006993304266674e-20, nan 
-57.625, 83.125, 1.0340489362388828e-20, nan 
-57.375, 83.125, 1.0316680802762287e-20, nan 
-57.125, 83.125, 1.0622320567472057e-20, nan 
-56.875, 83.125, 1.2299245804416347e-20, nan 
-56.625, 83.125, 1.4144204965260192e-20, nan 
-56.375, 83.125, 1.4463166725023578e-20, nan 
-56.125, 83.125, 1.451849105797271e-20, nan 
-55.875, 83.125, 1.545293584346325e-20, nan 
-55.625, 83.125, 1.3028244142317686e-20, nan 
-55.375, 83.125, 1.3372797034257192e-20, nan 
-55.125, 83.125, 1.3121201620411414e-20, nan 
-54.875, 83.125, 1.2792964975033305e-20, nan 
-54.625, 83.125, 1.3133835125256537e-20, nan 
-54.375, 83.125, 1.8363619076593872e-20, nan 
-54.125, 83.125, 1.7622530638101314e-20, nan 
-53.875, 83.125, 1.7654941670637257e-20, nan 
-53.625, 83.125, 2.0402274313473618e-20, nan 
-53.375, 83.125, 1.8784568964424573e-20, nan 
-53.125, 83.125, 1.729725138956691e-20, nan 
-52.875, 83.125, 1.463147777141589e-20, nan 
-52.625, 83.125, 1.690165593744057e-20, nan 
-52.375, 83.125, 1.865061735841845e-20, nan 
-52.125, 83.125, 1.9493797294340327e-20, nan 
-51.875, 83.125, 1.8702771887102514e-20, nan 
-51.625, 83.125, 1.5086294001894566e-20, nan 
-51.375, 83.125, 1.3580952412419255e-20, nan 
-51.125, 83.125, 1.624444658884496e-20, nan 
-50.875, 83.125, 1.74684217933679e-20, nan 
-50.625, 83.125, 1.8262037214559702e-20, nan 
-50.375, 83.125, 2.0303081278321257e-20, nan 
-50.125, 83.125, 2.141506125284413e-20, nan 
-49.875, 83.125, 2.07540805481202e-20, nan 
-49.625, 83.125, 1.884508533026551e-20, nan 
-49.375, 83.125, 1.3006352374299051e-20, nan 
-49.125, 83.125, 7.77254216623426e-21, nan 
-48.875, 83.125, 5.421563122549316e-21, nan 
-48.625, 83.125, 4.835368227770226e-21, nan 
-48.375, 83.125, 5.2348979167643e-21, nan 
-48.125, 83.125, 5.6553225772764646e-21, nan 
-47.875, 83.125, 6.060149229571087e-21, nan 
-47.625, 83.125, 5.931996500693202e-21, nan 
-47.375, 83.125, 5.586641786396919e-21, nan 
-47.125, 83.125, 5.666200904429042e-21, nan 
-46.875, 83.125, 5.299281169324481e-21, nan 
-46.625, 83.125, 5.622088292686996e-21, nan 
-46.375, 83.125, 6.8406710897435e-21, nan 
-46.125, 83.125, 7.392834702861351e-21, nan 
-45.875, 83.125, 7.54767928971111e-21, nan 
-45.625, 83.125, 7.315328471684929e-21, nan 
-45.375, 83.125, 6.862118775233149e-21, nan 
-45.125, 83.125, 6.14161550860986e-21, nan 
-44.875, 83.125, 6.541548787903562e-21, nan 
-44.625, 83.125, 5.789492130450464e-21, nan 
-44.375, 83.125, 4.3790021151393134e-21, nan 
-44.125, 83.125, 5.649826553502417e-21, nan 
-43.875, 83.125, 5.9368674122830324e-21, nan 
-43.625, 83.125, 4.947601291044094e-21, nan 
-43.375, 83.125, 4.8267822149091285e-21, nan 
-43.125, 83.125, 4.561763085508439e-21, nan 
-42.875, 83.125, 4.662126158890044e-21, nan 
-42.625, 83.125, 5.744910261569191e-21, nan 
-42.375, 83.125, 6.1470196441693e-21, nan 
-42.125, 83.125, 5.9095460860223595e-21, nan 
-41.875, 83.125, 6.779844229074363e-21, nan 
-41.625, 83.125, 6.8935543707367e-21, nan 
-41.375, 83.125, 7.281581027873115e-21, nan 
-41.125, 83.125, 6.92620831350308e-21, nan 
-40.875, 83.125, 1.379884405569051e-20, nan 
-40.625, 83.125, 2.779765350377531e-20, nan 
-40.375, 83.125, 3.145968593321616e-20, nan 
-40.125, 83.125, 3.481276703958168e-20, nan 
-39.875, 83.125, 3.7402422973861874e-20, nan 
-39.625, 83.125, 3.873939250875742e-20, nan 
-39.375, 83.125, 4.171355723459842e-20, nan 
-39.125, 83.125, 4.2883001019136516e-20, nan 
-38.875, 83.125, 4.3692947429516695e-20, nan 
-38.625, 83.125, 3.626580373246582e-20, nan 
-38.375, 83.125, 3.7387267434687206e-20, nan 
-38.125, 83.125, 3.95888633844404e-20, nan 
-37.875, 83.125, 4.3031327541663036e-20, nan 
-37.625, 83.125, 4.529474093923349e-20, nan 
-37.375, 83.125, 4.5577022656668485e-20, nan 
-37.125, 83.125, 4.7272598649108135e-20, nan 
-36.875, 83.125, 4.7052509559662955e-20, nan 
-36.625, 83.125, 4.7226248136884436e-20, nan 
-36.375, 83.125, 3.3976753277473825e-20, nan 
-36.125, 83.125, 2.6529287787523982e-20, nan 
-35.875, 83.125, 2.3387488557112898e-20, nan 
-35.625, 83.125, 2.1453201647192703e-20, nan 
-35.375, 83.125, 2.0034452596429085e-20, nan 
-35.125, 83.125, 2.0755223430234314e-20, nan 
-34.875, 83.125, 2.4186182712861696e-20, nan 
-34.625, 83.125, 2.1320119577682632e-20, nan 
-34.375, 83.125, 2.1872402936367283e-20, nan 
-34.125, 83.125, 2.4779109308140998e-20, nan 
-33.875, 83.125, 2.76656723615736e-20, nan 
-33.625, 83.125, 3.2383780604630495e-20, nan 
-33.375, 83.125, 3.131883267922028e-20, nan 
-33.125, 83.125, 3.025554488080726e-20, nan 
-32.875, 83.125, 3.5809213685616975e-20, nan 
-32.625, 83.125, 3.9268586477417523e-20, nan 
-32.375, 83.125, 4.16237747698044e-20, nan 
-32.125, 83.125, 4.018000694581229e-20, nan 
-31.875, 83.125, 3.9567578636197775e-20, nan 
-31.625, 83.125, 3.3009881513430156e-20, nan 
-31.375, 83.125, 3.515906526639772e-20, nan 
-31.125, 83.125, 3.6787800262485744e-20, nan 
-30.875, 83.125, 3.613163809806144e-20, nan 
-30.625, 83.125, 3.944641618880387e-20, nan 
-30.375, 83.125, 4.2085946439442206e-20, nan 
-30.125, 83.125, 4.5892658288309864e-20, nan 
-29.875, 83.125, 4.759480522806446e-20, nan 
-29.625, 83.125, 4.8413775673530947e-20, nan 
-29.375, 83.125, 3.828859356185033e-20, nan 
-29.125, 83.125, 2.614743212956694e-20, nan 
-28.875, 83.125, 2.362571137549729e-20, nan 
-28.625, 83.125, 2.299073759070088e-20, nan 
-28.375, 83.125, 2.0198979826712765e-20, nan 
-28.125, 83.125, 1.8495872624187275e-20, nan 
-27.875, 83.125, 1.8263307573252632e-20, nan 
-27.625, 83.125, 1.8140543910950166e-20, nan 
-27.375, 83.125, 1.8860475432270273e-20, nan 
-27.125, 83.125, 2.025144575006715e-20, nan 
-26.875, 83.125, 2.2155031424242954e-20, nan 
-26.625, 83.125, 2.2869726516190728e-20, nan 
-26.375, 83.125, 2.3762423566980553e-20, nan 
-26.125, 83.125, 2.759054811660387e-20, nan 
-25.875, 83.125, 2.1340924371274255e-20, nan 
-25.625, 83.125, 1.9188502119154447e-20, nan 
-25.375, 83.125, 1.814585458861753e-20, nan 
-25.125, 83.125, 1.6424062046872316e-20, nan 
-24.875, 83.125, 1.5463076679511702e-20, nan 
-24.625, 83.125, 1.5536665203645676e-20, nan 
-24.375, 83.125, 1.3528145877306407e-20, nan 
-24.125, 83.125, 1.1958010100572245e-20, nan 
-23.875, 83.125, 1.0616125186922888e-20, nan 
-23.625, 83.125, 1.0411978250247527e-20, nan 
-23.375, 83.125, 9.329157592945639e-21, nan 
-23.125, 83.125, 9.487563411944872e-21, nan 
-22.875, 83.125, 1.0735836486262158e-20, nan 
-22.625, 83.125, 1.1118402868540103e-20, nan 
-22.375, 83.125, 1.002400741683112e-20, nan 
-22.125, 83.125, 9.969895461396114e-21, nan 
-21.875, 83.125, 1.0432270516425265e-20, nan 
-21.625, 83.125, 1.0860601948700675e-20, nan 
-21.375, 83.125, 1.1100640863114449e-20, nan 
-21.125, 83.125, 1.1096248050215082e-20, nan 
-20.875, 83.125, 1.1037491665353971e-20, nan 
-20.625, 83.125, 1.0930256989717322e-20, nan 
-20.375, 83.125, 1.0257792697617768e-20, nan 
-20.125, 83.125, 1.0452590416448918e-20, nan 
-19.875, 83.125, 1.065425051293666e-20, nan 
-19.625, 83.125, 1.0810536234082718e-20, nan 
-19.375, 83.125, 1.1565161385361359e-20, nan 
-19.125, 83.125, 1.129284214824589e-20, nan 
-18.875, 83.125, 1.1121782025288881e-20, nan 
-18.625, 83.125, 1.1775763178235844e-20, nan 
-18.375, 83.125, 1.257604716753899e-20, nan 
-18.125, 83.125, 1.3764935989694658e-20, nan 
-17.875, 83.125, 1.5054195873405756e-20, nan 
-17.625, 83.125, 1.519899647120389e-20, nan 
-17.375, 83.125, 1.4761969741417602e-20, nan 
-17.125, 83.125, 1.3685173510802244e-20, nan 
-16.875, 83.125, 1.3709898453628446e-20, nan 
-16.625, 83.125, 1.3567344465288512e-20, nan 
-16.375, 83.125, 1.4230749304178727e-20, nan 
-16.125, 83.125, 1.3382336163811318e-20, nan 
-15.875, 83.125, 1.164394243550765e-20, nan 
-15.625, 83.125, 1.1528150024496822e-20, nan 
-15.375, 83.125, 1.1101760992773606e-20, nan 
-15.125, 83.125, 1.1267752400476232e-20, nan 
-14.875, 83.125, 1.0518965281155434e-20, nan 
-14.625, 83.125, 8.041218019079015e-21, nan 
-14.375, 83.125, 7.507575066148426e-21, nan 
-14.125, 83.125, 7.810601979372173e-21, nan 
-13.875, 83.125, 7.546985080761843e-21, nan 
-13.625, 83.125, 7.317979579892594e-21, nan 
-13.375, 83.125, 7.437847380984497e-21, nan 
-13.125, 83.125, 7.654806514124031e-21, nan 
-12.875, 83.125, 7.77723317250134e-21, nan 
-12.625, 83.125, 7.298845444704347e-21, nan 
-12.375, 83.125, 8.014125030117561e-21, nan 
-12.125, 83.125, 9.231719205167731e-21, nan 
-11.875, 83.125, 9.410485828305755e-21, nan 
-11.625, 83.125, 9.88047479636501e-21, nan 
-11.375, 83.125, 1.0042289519688256e-20, nan 
-11.125, 83.125, 9.922198253338179e-21, nan 
-10.875, 83.125, 1.0150292346237797e-20, nan 
-10.625, 83.125, 1.02698220861055e-20, nan 
-10.375, 83.125, 9.861553226680824e-21, nan 
-10.125, 83.125, 9.838280941218802e-21, nan 
-9.875, 83.125, 1.0118243655943736e-20, nan 
-9.625, 83.125, 1.0299382690279341e-20, nan 
-9.375, 83.125, 1.0324236764442478e-20, nan 
-9.125, 83.125, 1.0106503365276941e-20, nan 
-8.875, 83.125, 9.406541867556419e-21, nan 
-8.625, 83.125, 8.638175027883832e-21, nan 
-8.375, 83.125, 8.277536239805893e-21, nan 
-8.125, 83.125, 8.120550012677742e-21, nan 
-7.875, 83.125, 7.365193578685252e-21, nan 
-7.625, 83.125, 6.576290357842937e-21, nan 
-7.375, 83.125, 6.491871081495648e-21, nan 
-7.125, 83.125, 6.4224695368701204e-21, nan 
-6.875, 83.125, 5.974176230369929e-21, nan 
-6.625, 83.125, 6.100449681438326e-21, nan 
-6.375, 83.125, 6.050513372860588e-21, nan 
-6.125, 83.125, 5.915566138966139e-21, nan 
-5.875, 83.125, 5.3979876029231726e-21, nan 
-5.625, 83.125, 5.444702818520314e-21, nan 
-5.375, 83.125, 5.686593434754875e-21, nan 
-5.125, 83.125, 5.697543714303445e-21, nan 
-4.875, 83.125, 5.248717619329176e-21, nan 
-4.625, 83.125, 5.555541560960439e-21, nan 
-4.375, 83.125, 5.6334459147317266e-21, nan 
-4.125, 83.125, 5.495390781297336e-21, nan 
-3.875, 83.125, 5.204449926676361e-21, nan 
-3.625, 83.125, 5.583558574148825e-21, nan 
-3.375, 83.125, 6.220426229523396e-21, nan 
-3.125, 83.125, 7.286582624111471e-21, nan 
-2.875, 83.125, 7.418380741869122e-21, nan 
-2.625, 83.125, 6.780162093223842e-21, nan 
-2.375, 83.125, 7.724635717964832e-21, nan 
-2.125, 83.125, 8.182905903264688e-21, nan 
-1.875, 83.125, 7.255494367261426e-21, nan 
-1.625, 83.125, 7.446976180521941e-21, nan 
-1.375, 83.125, 7.918607266153003e-21, nan 
-1.125, 83.125, 7.982973232839495e-21, nan 
-0.875, 83.125, 7.265272827881847e-21, nan 
-0.625, 83.125, 7.214918324692524e-21, nan 
-0.375, 83.125, 7.589364025236816e-21, nan 
-0.125, 83.125, 7.41708467427934e-21, nan 
0.125, 83.125, 6.959615279074908e-21, nan 
0.375, 83.125, 6.773401708619455e-21, nan 
0.625, 83.125, 6.391456368938574e-21, nan 
0.875, 83.125, 6.724838102767688e-21, nan 
1.125, 83.125, 6.936401575403856e-21, nan 
1.375, 83.125, 6.664593042543816e-21, nan 
1.625, 83.125, 5.747381389976167e-21, nan 
1.875, 83.125, 6.029900943615505e-21, nan 
2.125, 83.125, 6.164401065156894e-21, nan 
2.375, 83.125, 5.719830486534137e-21, nan 
2.625, 83.125, 5.544526096532375e-21, nan 
2.875, 83.125, 5.8761703610903535e-21, nan 
3.125, 83.125, 6.035115816350673e-21, nan 
3.375, 83.125, 5.794324158378067e-21, nan 
3.625, 83.125, 5.572013594846222e-21, nan 
3.875, 83.125, 4.888951199211173e-21, nan 
4.125, 83.125, 4.8407036038696814e-21, nan 
4.375, 83.125, 4.872077028607682e-21, nan 
4.625, 83.125, 5.292493694674584e-21, nan 
4.875, 83.125, 4.972808328510648e-21, nan 
5.125, 83.125, 4.769132067563382e-21, nan 
5.375, 83.125, 5.11245340605925e-21, nan 
5.625, 83.125, 5.044447077168176e-21, nan 
5.875, 83.125, 4.986711720696895e-21, nan 
6.125, 83.125, 4.4196889816706275e-21, nan 
6.375, 83.125, 4.414900304377745e-21, nan 
6.625, 83.125, 4.439666105360272e-21, nan 
6.875, 83.125, 4.474318353344463e-21, nan 
7.125, 83.125, 4.251900356001423e-21, nan 
7.375, 83.125, 4.064526871453224e-21, nan 
7.625, 83.125, 4.0675201481638595e-21, nan 
7.875, 83.125, 3.7990327357715566e-21, nan 
8.125, 83.125, 3.3690800087147725e-21, nan 
8.375, 83.125, 3.6586642532070176e-21, nan 
8.625, 83.125, 3.480033349591582e-21, nan 
8.875, 83.125, 3.483979254940186e-21, nan 
9.125, 83.125, 3.500039651722028e-21, nan 
9.375, 83.125, 3.3373097246629752e-21, nan 
9.625, 83.125, 3.2174768127929418e-21, nan 
9.875, 83.125, 3.1247906067099646e-21, nan 
10.125, 83.125, 3.006842990086481e-21, nan 
10.375, 83.125, 2.881141222843299e-21, nan 
10.625, 83.125, 2.8724012361633887e-21, nan 
10.875, 83.125, 2.6583301113328237e-21, nan 
11.125, 83.125, 2.5309927695938097e-21, nan 
11.375, 83.125, 2.458495417274112e-21, nan 
11.625, 83.125, 2.4708812263800896e-21, nan 
11.875, 83.125, 2.321463384659149e-21, nan 
12.125, 83.125, 2.1093096395207666e-21, nan 
12.375, 83.125, 2.0105870959421418e-21, nan 
12.625, 83.125, 2.0725864470422924e-21, nan 
12.875, 83.125, 2.1337099885775022e-21, nan 
13.125, 83.125, 2.1719507990270742e-21, nan 
13.375, 83.125, 2.0878649112273705e-21, nan 
13.625, 83.125, 1.8822844596407218e-21, nan 
13.875, 83.125, 1.9145409652373184e-21, nan 
14.125, 83.125, 1.962651050402085e-21, nan 
14.375, 83.125, 1.8940580751811165e-21, nan 
14.625, 83.125, 1.8760371993935748e-21, nan 
14.875, 83.125, 1.7952159687749467e-21, nan 
15.125, 83.125, 1.595528414736536e-21, nan 
15.375, 83.125, 1.6632204859342526e-21, nan 
15.625, 83.125, 1.7148012897289876e-21, nan 
15.875, 83.125, 1.556616590340405e-21, nan 
16.125, 83.125, 1.4513832719076801e-21, nan 
16.375, 83.125, 1.224094176743234e-21, nan 
16.625, 83.125, 1.1083436379391844e-21, nan 
16.875, 83.125, 1.042652750042609e-21, nan 
17.125, 83.125, 1.1163050315228146e-21, nan 
17.375, 83.125, 1.1442960358142877e-21, nan 
17.625, 83.125, 1.202639650219505e-21, nan 
17.875, 83.125, 1.2457659907373358e-21, nan 
18.125, 83.125, 8.868803482005548e-22, nan 
18.375, 83.125, 6.391932267436856e-22, nan 
18.625, 83.125, 6.103187845102689e-22, nan 
18.875, 83.125, 6.892062498663012e-22, nan 
19.125, 83.125, 7.400463676457364e-22, nan 
19.375, 83.125, 7.796598924443808e-22, nan 
19.625, 83.125, 8.12617952146487e-22, nan 
19.875, 83.125, 7.855694002349712e-22, nan 
20.125, 83.125, 7.499906643642388e-22, nan 
20.375, 83.125, 8.597163470577643e-22, nan 
20.625, 83.125, 9.518822630437365e-22, nan 
20.875, 83.125, 9.964876600579258e-22, nan 
21.125, 83.125, 9.875895351567774e-22, nan 
21.375, 83.125, 9.708992714924974e-22, nan 
21.625, 83.125, 9.898502709132176e-22, nan 
21.875, 83.125, 9.550462470027932e-22, nan 
22.125, 83.125, 9.212702516772174e-22, nan 
22.375, 83.125, 9.429979475828823e-22, nan 
22.625, 83.125, 9.413318341190115e-22, nan 
22.875, 83.125, 8.999984796293973e-22, nan 
23.125, 83.125, 8.917689839018126e-22, nan 
23.375, 83.125, 8.807266737539976e-22, nan 
23.625, 83.125, 8.338219377418645e-22, nan 
23.875, 83.125, 7.526712739270036e-22, nan 
24.125, 83.125, 6.828968796580908e-22, nan 
24.375, 83.125, 6.840737786873994e-22, nan 
24.625, 83.125, 6.726868619560298e-22, nan 
24.875, 83.125, 6.002901255658762e-22, nan 
25.125, 83.125, 5.52828955152274e-22, nan 
25.375, 83.125, 5.291654394520442e-22, nan 
25.625, 83.125, 5.098473523024124e-22, nan 
25.875, 83.125, 4.767683936745709e-22, nan 
26.125, 83.125, 4.766026017115506e-22, nan 
26.375, 83.125, 4.487727230378937e-22, nan 
26.625, 83.125, 4.5548880282420905e-22, nan 
26.875, 83.125, 4.1795956801384247e-22, nan 
27.125, 83.125, 3.962572907816971e-22, nan 
27.375, 83.125, 3.870645992793897e-22, nan 
27.625, 83.125, 3.8613225052181317e-22, nan 
27.875, 83.125, 3.5320157695461063e-22, nan 
28.125, 83.125, 3.463554398811505e-22, nan 
28.375, 83.125, 3.3629892873222565e-22, nan 
28.625, 83.125, 3.1427059431150816e-22, nan 
28.875, 83.125, 2.856408447609611e-22, nan 
29.125, 83.125, 2.8895769822722753e-22, nan 
29.375, 83.125, 2.9753313824398924e-22, nan 
29.625, 83.125, 2.6245841826439087e-22, nan 
29.875, 83.125, 2.675903810546411e-22, nan 
30.125, 83.125, 2.584697844106467e-22, nan 
30.375, 83.125, 2.3682851753576277e-22, nan 
30.625, 83.125, 2.119358124764319e-22, nan 
30.875, 83.125, 2.2090803721527427e-22, nan 
31.125, 83.125, 2.052247867196532e-22, nan 
31.375, 83.125, 1.8554364256598675e-22, nan 
31.625, 83.125, 1.8404562649801336e-22, nan 
31.875, 83.125, 1.808940431951457e-22, nan 
32.125, 83.125, 1.6350180874533388e-22, nan 
32.375, 83.125, 1.5718531924980771e-22, nan 
32.625, 83.125, 1.6002483927648112e-22, nan 
32.875, 83.125, 1.5516596068046602e-22, nan 
33.125, 83.125, 1.549736379164864e-22, nan 
33.375, 83.125, 1.628964807362e-22, nan 
33.625, 83.125, 1.4836706830742094e-22, nan 
33.875, 83.125, 1.4490894103671894e-22, nan 
34.125, 83.125, 1.5054635104163195e-22, nan 
34.375, 83.125, 1.6105244123200461e-22, nan 
34.625, 83.125, 1.4109182756379682e-22, nan 
34.875, 83.125, 1.1589352284587493e-22, nan 
35.125, 83.125, 1.1800257607540465e-22, nan 
35.375, 83.125, 1.132417668298679e-22, nan 
35.625, 83.125, 9.40928894762061e-23, nan 
35.875, 83.125, 8.694954391855302e-23, nan 
36.125, 83.125, 9.420465282918845e-23, nan 
36.375, 83.125, 1.1740744491163812e-22, nan 
36.625, 83.125, 1.344548376520169e-22, nan 
36.875, 83.125, 1.5008247578309328e-22, nan 
37.125, 83.125, 1.8071782231572907e-22, nan 
37.375, 83.125, 2.9370920917893114e-22, nan 
37.625, 83.125, 6.577128253044287e-22, nan 
37.875, 83.125, 7.9364906816007795e-22, nan 
38.125, 83.125, 8.396494626447073e-22, nan 
38.375, 83.125, 8.724468657039194e-22, nan 
38.625, 83.125, 1.0984539844779311e-21, nan 
38.875, 83.125, 1.049127391005115e-21, nan 
39.125, 83.125, 1.0345250328135474e-21, nan 
39.375, 83.125, 1.0670866225647802e-21, nan 
39.625, 83.125, 1.189323630310643e-21, nan 
39.875, 83.125, 1.1248899317709115e-21, nan 
40.125, 83.125, 1.1393090943417679e-21, nan 
40.375, 83.125, 1.125127952641771e-21, nan 
40.625, 83.125, 1.1503976442718912e-21, nan 
40.875, 83.125, 1.1688877052086456e-21, nan 
41.125, 83.125, 1.1786272875448378e-21, nan 
41.375, 83.125, 1.1677061859456249e-21, nan 
41.625, 83.125, 1.2000207938895734e-21, nan 
41.875, 83.125, 1.2436891883339655e-21, nan 
42.125, 83.125, 1.2458516846837891e-21, nan 
42.375, 83.125, 1.2712955194479114e-21, nan 
42.625, 83.125, 1.3422733240135417e-21, nan 
42.875, 83.125, 1.2896121126383651e-21, nan 
43.125, 83.125, 1.2696286233834406e-21, nan 
43.375, 83.125, 1.2991255949224905e-21, nan 
43.625, 83.125, 1.2567925355481323e-21, nan 
43.875, 83.125, 1.2448450072139284e-21, nan 
44.125, 83.125, 1.2090783738192827e-21, nan 
44.375, 83.125, 1.1045064230319614e-21, nan 
44.625, 83.125, 1.0709447554568812e-21, nan 
44.875, 83.125, 1.0543059501025422e-21, nan 
45.125, 83.125, 9.905279101895578e-22, nan 
45.375, 83.125, 9.597587446357432e-22, nan 
45.625, 83.125, 9.316503946348787e-22, nan 
45.875, 83.125, 8.787255160529646e-22, nan 
46.125, 83.125, 7.941948946034663e-22, nan 
46.375, 83.125, 8.598059990228793e-22, nan 
46.625, 83.125, 8.099608055431118e-22, nan 
46.875, 83.125, 6.118673731011112e-22, nan 
47.125, 83.125, 5.537230405988273e-22, nan 
47.375, 83.125, 5.682815504582559e-22, nan 
47.625, 83.125, 4.3302999871726775e-22, nan 
47.875, 83.125, 3.816243771845944e-22, nan 
48.125, 83.125, 4.242549479272091e-22, nan 
48.375, 83.125, 3.3522257008562406e-22, nan 
48.625, 83.125, 3.8889201878765203e-22, nan 
48.875, 83.125, 5.660333662183329e-22, nan 
49.125, 83.125, 5.465603616368873e-22, nan 
49.375, 83.125, 4.459951621966365e-22, nan 
49.625, 83.125, 5.419753728066048e-22, nan 
49.875, 83.125, 6.267345201348817e-22, nan 
50.125, 83.125, 6.362662392805675e-22, nan 
50.375, 83.125, 6.209256192860834e-22, nan 
50.625, 83.125, 6.1006656517310585e-22, nan 
50.875, 83.125, 6.835470897644879e-22, nan 
51.125, 83.125, 6.7417773592678485e-22, nan 
51.375, 83.125, 7.11587772659675e-22, nan 
51.625, 83.125, 7.57226511966778e-22, nan 
51.875, 83.125, 7.456737339677083e-22, nan 
52.125, 83.125, 7.281810303710978e-22, nan 
52.375, 83.125, 7.344517823657056e-22, nan 
52.625, 83.125, 7.206319106838058e-22, nan 
52.875, 83.125, 6.9685141746981e-22, nan 
53.125, 83.125, 6.721574594469079e-22, nan 
53.375, 83.125, 7.028511156701574e-22, nan 
53.625, 83.125, 6.964437420300338e-22, nan 
53.875, 83.125, 6.2984095181473605e-22, nan 
54.125, 83.125, 6.44647238630055e-22, nan 
54.375, 83.125, 6.461287558526078e-22, nan 
54.625, 83.125, 6.720334597077942e-22, nan 
54.875, 83.125, 6.454947516035685e-22, nan 
55.125, 83.125, 6.371255027750445e-22, nan 
55.375, 83.125, 6.099189159868476e-22, nan 
55.625, 83.125, 6.118664214956918e-22, nan 
55.875, 83.125, 6.015610254531283e-22, nan 
56.125, 83.125, 4.945417079131374e-22, nan 
56.375, 83.125, 5.094071642124645e-22, nan 
56.625, 83.125, 2.970686647214263e-22, nan 
56.875, 83.125, 1.0231036526738737e-22, nan 
57.125, 83.125, 1.1787486438585153e-22, nan 
57.375, 83.125, 1.2929850289466668e-22, nan 
57.625, 83.125, 1.2006920388170228e-22, nan 
57.875, 83.125, 1.2275095719017013e-22, nan 
58.125, 83.125, 1.3345954851379916e-22, nan 
58.375, 83.125, 1.131577308711887e-22, nan 
58.625, 83.125, 1.2318157486067374e-22, nan 
58.875, 83.125, 1.3381319894423764e-22, nan 
59.125, 83.125, 1.3718030727809902e-22, nan 
59.375, 83.125, 1.4155771718220557e-22, nan 
59.625, 83.125, 1.1869467958180648e-22, nan 
59.875, 83.125, 1.3179246060627207e-22, nan 
60.125, 83.125, 1.0780186929442246e-22, nan 
60.375, 83.125, 1.2223067145085529e-22, nan 
60.625, 83.125, 1.2222855093535e-22, nan 
60.875, 83.125, 1.3024921386803505e-22, nan 
61.125, 83.125, 8.251791063737533e-23, nan 
61.375, 83.125, 1.4891361069093326e-22, nan 
61.625, 83.125, 1.7932398896890334e-22, nan 
61.875, 83.125, 1.3818622687609329e-22, nan 
62.125, 83.125, 1.627231083747539e-22, nan 
62.375, 83.125, 1.8262586756989176e-22, nan 
62.625, 83.125, 2.071016812553322e-22, nan 
62.875, 83.125, 2.404914784378515e-22, nan 
63.125, 83.125, 2.7518728965507795e-22, nan 
63.375, 83.125, 2.86197153426216e-22, nan 
63.625, 83.125, 2.679303249408512e-22, nan 
63.875, 83.125, 2.7520086042384703e-22, nan 
64.125, 83.125, 2.970867569957893e-22, nan 
64.375, 83.125, 2.9936028545814335e-22, nan 
64.625, 83.125, 2.223809550064072e-22, nan 
64.875, 83.125, 1.353382289408458e-22, nan 
65.125, 83.125, 1.2461982538667507e-22, nan 
65.375, 83.125, 1.1212541003764439e-22, nan 
65.625, 83.125, 1.1573820188821769e-22, nan 
65.875, 83.125, 1.0772561004989198e-22, nan 
66.125, 83.125, 1.0223086240000285e-22, nan 
66.375, 83.125, 1.3681461372068581e-22, nan 
66.625, 83.125, 1.4389253257990813e-22, nan 
66.875, 83.125, 1.15429122068662e-22, nan 
67.125, 83.125, 1.079749149168115e-22, nan 
67.375, 83.125, 1.3557060171890638e-22, nan 
67.625, 83.125, 1.3876262508304027e-22, nan 
67.875, 83.125, 1.1710754211365833e-22, nan 
68.125, 83.125, 8.26809959637915e-23, nan 
68.375, 83.125, 8.703092032469319e-23, nan 
68.625, 83.125, 8.029464098461812e-23, nan 
68.875, 83.125, 2.3058872975523762e-23, nan 
69.125, 83.125, 6.129028535173712e-23, nan 
69.375, 83.125, 5.094778090679176e-23, nan 
69.625, 83.125, 1.3756024897675741e-22, nan 
69.875, 83.125, 1.9166741556868294e-22, nan 
70.125, 83.125, 2.1243188613931523e-22, nan 
70.375, 83.125, 1.884220088358867e-22, nan 
70.625, 83.125, 2.424616222793258e-22, nan 
70.875, 83.125, 2.907139944048022e-22, nan 
71.125, 83.125, 1.8816680773797863e-22, nan 
71.375, 83.125, 1.8855460635065417e-22, nan 
71.625, 83.125, 1.6012966192139497e-22, nan 
71.875, 83.125, 2.23673204121625e-22, nan 
72.125, 83.125, 2.5579721642635926e-22, nan 
72.375, 83.125, 2.3970381700671546e-22, nan 
72.625, 83.125, 2.437491616252151e-22, nan 
72.875, 83.125, 2.21433832103313e-22, nan 
73.125, 83.125, 2.33252069973494e-22, nan 
73.375, 83.125, 1.9291425138376506e-22, nan 
73.625, 83.125, 1.1314888062934718e-22, nan 
73.875, 83.125, 9.162435995984985e-23, nan 
74.125, 83.125, 1.1419077570712493e-22, nan 
74.375, 83.125, 9.970246253610425e-23, nan 
74.625, 83.125, 8.060927634723047e-23, nan 
74.875, 83.125, 6.14915851300711e-23, nan 
75.125, 83.125, 6.175490017751138e-23, nan 
75.375, 83.125, 6.84910652057384e-23, nan 
75.625, 83.125, 5.365787364001592e-23, nan 
75.875, 83.125, 5.0365373491661776e-23, nan 
76.125, 83.125, 5.628151326634784e-23, nan 
76.375, 83.125, 7.293936728820138e-23, nan 
76.625, 83.125, 1.0646594496661218e-22, nan 
76.875, 83.125, 9.074015130302023e-23, nan 
77.125, 83.125, 5.951210133684738e-23, nan 
77.375, 83.125, 7.459636512241994e-23, nan 
77.625, 83.125, 6.033058292264139e-23, nan 
77.875, 83.125, 2.6105141181885588e-23, nan 
78.125, 83.125, 6.351587355385008e-23, nan 
78.375, 83.125, 8.085945533326537e-23, nan 
78.625, 83.125, 8.301643567676672e-23, nan 
78.875, 83.125, 9.086880202250885e-23, nan 
79.125, 83.125, 8.576148699812485e-23, nan 
79.375, 83.125, 8.090270102178594e-23, nan 
79.625, 83.125, 7.553982921708983e-23, nan 
79.875, 83.125, 7.832053172774717e-23, nan 
80.125, 83.125, 7.568640284909096e-23, nan 
80.375, 83.125, 7.293804047521736e-23, nan 
80.625, 83.125, 8.210591549906293e-23, nan 
80.875, 83.125, 9.070157987646895e-23, nan 
81.125, 83.125, 9.528637978725159e-23, nan 
81.375, 83.125, 1.0626692960237943e-22, nan 
81.625, 83.125, 1.0654157174438093e-22, nan 
81.875, 83.125, 5.936117551282801e-23, nan 
82.125, 83.125, 7.453686870383983e-23, nan 
82.375, 83.125, 6.716581592875947e-23, nan 
82.625, 83.125, 4.71785056835444e-23, nan 
82.875, 83.125, 8.232538408655593e-23, nan 
83.125, 83.125, 8.386950326102886e-23, nan 
83.375, 83.125, 8.155396119474106e-23, nan 
83.625, 83.125, 8.472792193467435e-23, nan 
83.875, 83.125, 8.785368764619728e-23, nan 
84.125, 83.125, 6.476331381472392e-23, nan 
84.375, 83.125, 7.02692481332285e-23, nan 
84.625, 83.125, 6.825948341595403e-23, nan 
84.875, 83.125, 7.290243774175078e-23, nan 
85.125, 83.125, 7.450483744805227e-23, nan 
85.375, 83.125, 7.664919480285156e-23, nan 
85.625, 83.125, 7.664632094055243e-23, nan 
85.875, 83.125, 7.403451116055773e-23, nan 
86.125, 83.125, 7.561131295311009e-23, nan 
86.375, 83.125, 8.443681045200397e-23, nan 
86.625, 83.125, 8.982982549910652e-23, nan 
86.875, 83.125, 6.371376246509757e-23, nan 
87.125, 83.125, 5.372297473500429e-23, nan 
87.375, 83.125, 4.667235137543011e-23, nan 
87.625, 83.125, 5.675594490582767e-23, nan 
87.875, 83.125, 5.872293007227098e-23, nan 
88.125, 83.125, 6.04688127038145e-23, nan 
88.375, 83.125, 6.489614091501582e-23, nan 
88.625, 83.125, 6.852017061334706e-23, nan 
88.875, 83.125, 5.31453417291909e-23, nan 
89.125, 83.125, 8.946299729809212e-23, nan 
89.375, 83.125, 6.512684940522694e-23, nan 
89.625, 83.125, 7.085253096067213e-23, nan 
89.875, 83.125, 8.537400858022654e-23, nan 
90.125, 83.125, 7.094694738541259e-23, nan 
90.375, 83.125, 8.013792332992256e-23, nan 
90.625, 83.125, 1.0315557132893585e-22, nan 
90.875, 83.125, 1.1194804041244551e-22, nan 
91.125, 83.125, 6.471704811312694e-23, nan 
91.375, 83.125, 1.0309185833147799e-22, nan 
91.625, 83.125, 1.0169144486959097e-22, nan 
91.875, 83.125, 1.0015071052739043e-22, nan 
92.125, 83.125, 1.0100884924366727e-22, nan 
92.375, 83.125, 1.0172651824000895e-22, nan 
92.625, 83.125, 1.1132290267967149e-22, nan 
92.875, 83.125, 1.149373833278047e-22, nan 
93.125, 83.125, 1.114856079546567e-22, nan 
93.375, 83.125, 7.260998290427187e-23, nan 
93.625, 83.125, 7.639416421387638e-23, nan 
93.875, 83.125, 8.358684404801403e-23, nan 
94.125, 83.125, 6.519740998782278e-23, nan 
94.375, 83.125, 6.994301672132667e-23, nan 
94.625, 83.125, 7.219472580376992e-23, nan 
94.875, 83.125, 6.590349378939352e-23, nan 
95.125, 83.125, 6.464257372755882e-23, nan 
95.375, 83.125, 7.10762699022812e-23, nan 
95.625, 83.125, 7.7856043851937e-23, nan 
95.875, 83.125, 8.57964961967109e-23, nan 
96.125, 83.125, 7.437375624882634e-23, nan 
96.375, 83.125, 6.798846126001555e-23, nan 
96.625, 83.125, 7.836841527532629e-23, nan 
96.875, 83.125, 7.85774597196732e-23, nan 
97.125, 83.125, 7.170035563502671e-23, nan 
97.375, 83.125, 6.257503482200006e-23, nan 
97.625, 83.125, 6.649530105434204e-23, nan 
97.875, 83.125, 7.010866441541836e-23, nan 
98.125, 83.125, 7.001815642900852e-23, nan 
98.375, 83.125, 6.441982758893292e-23, nan 
98.625, 83.125, 6.988038585094798e-23, nan 
98.875, 83.125, 7.262653919149466e-23, nan 
99.125, 83.125, 6.746534644916668e-23, nan 
99.375, 83.125, 6.804801855399923e-23, nan 
99.625, 83.125, 7.318329017509772e-23, nan 
99.875, 83.125, 8.638170210229173e-23, nan 
100.125, 83.125, 8.577400029532542e-23, nan 
100.375, 83.125, 5.717508607626403e-23, nan 
100.625, 83.125, 7.566223720872182e-23, nan 
100.875, 83.125, 9.130618195482949e-23, nan 
101.125, 83.125, 8.255072881313009e-23, nan 
101.375, 83.125, 9.770943785456189e-23, nan 
101.625, 83.125, 1.0180318643308785e-22, nan 
101.875, 83.125, 1.106493400600949e-22, nan 
102.125, 83.125, 1.1274638722016448e-22, nan 
102.375, 83.125, 9.80433391452655e-23, nan 
102.625, 83.125, 7.219848057348176e-23, nan 
102.875, 83.125, 8.216366493878244e-23, nan 
103.125, 83.125, 1.1814634368170234e-22, nan 
103.375, 83.125, 1.2296666782178098e-22, nan 
103.625, 83.125, 1.2506411979840766e-22, nan 
103.875, 83.125, 1.1719549123121102e-22, nan 
104.125, 83.125, 1.2334650641978342e-22, nan 
104.375, 83.125, 1.2550093800078768e-22, nan 
104.625, 83.125, 1.18240368902081e-22, nan 
104.875, 83.125, 1.4083775752575628e-22, nan 
105.125, 83.125, 1.2619370806782925e-22, nan 
105.375, 83.125, 1.024952776663401e-22, nan 
105.625, 83.125, 1.0228607475210056e-22, nan 
105.875, 83.125, 1.0587925141977196e-22, nan 
106.125, 83.125, 1.0584630321821788e-22, nan 
106.375, 83.125, 9.102143608100512e-23, nan 
106.625, 83.125, 8.03458050324471e-23, nan 
106.875, 83.125, 8.263607786855758e-23, nan 
107.125, 83.125, 1.0479061427229719e-22, nan 
107.375, 83.125, 8.467927159944223e-23, nan 
107.625, 83.125, 6.126938962458327e-23, nan 
107.875, 83.125, 5.95066934729113e-23, nan 
108.125, 83.125, 5.638249287665612e-23, nan 
108.375, 83.125, 5.353267674148331e-23, nan 
108.625, 83.125, 5.856883192698342e-23, nan 
108.875, 83.125, 6.822881463811537e-23, nan 
109.125, 83.125, 6.2785536327013e-23, nan 
109.375, 83.125, 5.665885221036407e-23, nan 
109.625, 83.125, 6.120525086412866e-23, nan 
109.875, 83.125, 7.798338670616917e-23, nan 
110.125, 83.125, 7.264814689708392e-23, nan 
110.375, 83.125, 6.860400870023805e-23, nan 
110.625, 83.125, 7.142568985146934e-23, nan 
110.875, 83.125, 6.875162861992956e-23, nan 
111.125, 83.125, 8.471325664641637e-23, nan 
111.375, 83.125, 6.957207506617695e-23, nan 
111.625, 83.125, 6.802624780084353e-23, nan 
111.875, 83.125, 8.193650915062755e-23, nan 
112.125, 83.125, 9.28713108230514e-23, nan 
112.375, 83.125, 8.980434213355073e-23, nan 
112.625, 83.125, 8.50762123180622e-23, nan 
112.875, 83.125, 9.01493869653179e-23, nan 
113.125, 83.125, 8.373331919567719e-23, nan 
113.375, 83.125, 8.014101248902298e-23, nan 
113.625, 83.125, 7.30855491126912e-23, nan 
113.875, 83.125, 6.946347764189251e-23, nan 
114.125, 83.125, 6.270524459486455e-23, nan 
114.375, 83.125, 6.061749167897265e-23, nan 
114.625, 83.125, 5.232386106274081e-23, nan 
114.875, 83.125, 4.4834251531693827e-23, nan 
115.125, 83.125, 4.162679498753683e-23, nan 
115.375, 83.125, 4.365169859241947e-23, nan 
115.625, 83.125, 4.286890361209233e-23, nan 
115.875, 83.125, 4.697085398116451e-23, nan 
116.125, 83.125, 5.089983498364781e-23, nan 
116.375, 83.125, 4.985948795005138e-23, nan 
116.625, 83.125, 5.206015218698288e-23, nan 
116.875, 83.125, 4.1745872957057516e-23, nan 
117.125, 83.125, 3.517442344521759e-23, nan 
117.375, 83.125, 3.036595457332142e-23, nan 
117.625, 83.125, 2.3372090948892243e-23, nan 
117.875, 83.125, 2.3457120572627747e-23, nan 
118.125, 83.125, 1.1248254427040231e-23, nan 
118.375, 83.125, 1.4325816108404595e-23, nan 
118.625, 83.125, 1.3709437345877358e-23, nan 
118.875, 83.125, 1.3991929390018253e-23, nan 
119.125, 83.125, 1.3887174306151565e-23, nan 
119.375, 83.125, 1.3488891319676025e-23, nan 
119.625, 83.125, 9.700737138731062e-24, nan 
119.875, 83.125, 1.2441528220848765e-23, nan 
120.125, 83.125, 1.0357358215540962e-23, nan 
120.375, 83.125, 7.746713943850096e-24, nan 
120.625, 83.125, 7.975288948668804e-24, nan 
120.875, 83.125, 8.28272389734897e-24, nan 
121.125, 83.125, 6.44462030574378e-24, nan 
121.375, 83.125, 6.531539323242696e-24, nan 
121.625, 83.125, 6.89658850565491e-24, nan 
121.875, 83.125, 7.795809128011586e-24, nan 
122.125, 83.125, 6.6114122494229106e-24, nan 
122.375, 83.125, 5.226486526376814e-24, nan 
122.625, 83.125, 3.0385187429092637e-24, nan 
122.875, 83.125, 5.056983812923521e-24, nan 
123.125, 83.125, 6.7692994246424e-24, nan 
123.375, 83.125, 7.996201256043201e-24, nan 
123.625, 83.125, 1.0367567020863292e-23, nan 
123.875, 83.125, 1.0316819206681985e-23, nan 
124.125, 83.125, 8.615544784345425e-24, nan 
124.375, 83.125, 8.281505298828703e-24, nan 
124.625, 83.125, 8.513495857403897e-24, nan 
124.875, 83.125, 8.064806388279996e-24, nan 
125.125, 83.125, 7.311248368812524e-24, nan 
125.375, 83.125, 6.726687869189018e-24, nan 
125.625, 83.125, 6.446818955732278e-24, nan 
125.875, 83.125, 6.783214818545143e-24, nan 
126.125, 83.125, 7.209849006913581e-24, nan 
126.375, 83.125, 6.698399291513954e-24, nan 
126.625, 83.125, 5.635660188075022e-24, nan 
126.875, 83.125, 5.809371572754343e-24, nan 
127.125, 83.125, 5.592484360479423e-24, nan 
127.375, 83.125, 5.2133553359343275e-24, nan 
127.625, 83.125, 4.611403327041827e-24, nan 
127.875, 83.125, 4.353776680418351e-24, nan 
128.125, 83.125, 4.418692753405925e-24, nan 
128.375, 83.125, 6.189686587449548e-24, nan 
128.625, 83.125, 6.6100239181952856e-24, nan 
128.875, 83.125, 5.112206848376913e-24, nan 
129.125, 83.125, 5.550798115903656e-24, nan 
129.375, 83.125, 6.79392523968283e-24, nan 
129.625, 83.125, 7.284292943910208e-24, nan 
129.875, 83.125, 8.45423966331253e-24, nan 
130.125, 83.125, 1.0119912601882709e-23, nan 
130.375, 83.125, 1.091836445738035e-23, nan 
130.625, 83.125, 1.0665183774656915e-23, nan 
130.875, 83.125, 1.1050216367262075e-23, nan 
131.125, 83.125, 1.2997818001994646e-23, nan 
131.375, 83.125, 1.1982135034155599e-23, nan 
131.625, 83.125, 1.471541588001266e-23, nan 
131.875, 83.125, 1.5508283778042977e-23, nan 
132.125, 83.125, 1.5191832961415828e-23, nan 
132.375, 83.125, 1.4773598962517418e-23, nan 
132.625, 83.125, 1.447786184496593e-23, nan 
132.875, 83.125, 1.2918447418033444e-23, nan 
133.125, 83.125, 7.736634468896104e-24, nan 
133.375, 83.125, 1.3410609224611578e-23, nan 
133.625, 83.125, 1.491427261491265e-23, nan 
133.875, 83.125, 1.1115495867300027e-23, nan 
134.125, 83.125, 1.1585718066429124e-23, nan 
134.375, 83.125, 4.290436693063064e-24, nan 
134.625, 83.125, 4.751277674745999e-24, nan 
134.875, 83.125, 5.712541640656842e-24, nan 
135.125, 83.125, 6.851697563243952e-24, nan 
135.375, 83.125, 6.114395112887489e-24, nan 
135.625, 83.125, 6.086262694429198e-24, nan 
135.875, 83.125, 6.936649417953191e-24, nan 
136.125, 83.125, 6.521944090641884e-24, nan 
136.375, 83.125, 7.375833907151631e-24, nan 
136.625, 83.125, 8.437464313488441e-24, nan 
136.875, 83.125, 7.704653534239124e-24, nan 
137.125, 83.125, 8.289649192959543e-24, nan 
137.375, 83.125, 8.66629513736814e-24, nan 
137.625, 83.125, 7.359368928764465e-24, nan 
137.875, 83.125, 7.157850066856934e-24, nan 
138.125, 83.125, 7.166997677533067e-24, nan 
138.375, 83.125, 6.725870410089625e-24, nan 
138.625, 83.125, 7.839157693419267e-24, nan 
138.875, 83.125, 9.119177097256587e-24, nan 
139.125, 83.125, 7.36616561487734e-24, nan 
139.375, 83.125, 5.5464033986302365e-24, nan 
139.625, 83.125, 4.637005396681202e-24, nan 
139.875, 83.125, 4.354947537224109e-24, nan 
140.125, 83.125, 3.636733547081224e-24, nan 
140.375, 83.125, 3.351671406372469e-24, nan 
140.625, 83.125, 3.218339921195337e-24, nan 
140.875, 83.125, 3.75932021637211e-24, nan 
141.125, 83.125, 5.109027242508081e-24, nan 
141.375, 83.125, 6.033374904882451e-24, nan 
141.625, 83.125, 5.780154671994559e-24, nan 
141.875, 83.125, 4.868814965043463e-24, nan 
142.125, 83.125, 3.7608390846499026e-24, nan 
142.375, 83.125, 3.2180045896527306e-24, nan 
142.625, 83.125, 2.7696513318134128e-24, nan 
142.875, 83.125, 2.183777813641244e-24, nan 
143.125, 83.125, 2.050380436645201e-24, nan 
143.375, 83.125, 1.9011668170399472e-24, nan 
143.625, 83.125, 2.064005880787376e-24, nan 
143.875, 83.125, 2.100820669489577e-24, nan 
144.125, 83.125, 2.2735310957194995e-24, nan 
144.375, 83.125, 2.2078495093310495e-24, nan 
144.625, 83.125, 2.465886021479392e-24, nan 
144.875, 83.125, 2.5658274733570216e-24, nan 
145.125, 83.125, 2.414540378405769e-24, nan 
145.375, 83.125, 3.069315085003442e-24, nan 
145.625, 83.125, 3.750764108358779e-24, nan 
145.875, 83.125, 4.186570930336482e-24, nan 
146.125, 83.125, 4.920984746015727e-24, nan 
146.375, 83.125, 5.669258075581354e-24, nan 
146.625, 83.125, 5.76849684864331e-24, nan 
146.875, 83.125, 4.865504056929833e-24, nan 
147.125, 83.125, 3.7126201501278744e-24, nan 
147.375, 83.125, 4.567512750004117e-24, nan 
147.625, 83.125, 6.0429133116363895e-24, nan 
147.875, 83.125, 5.6328581859823394e-24, nan 
148.125, 83.125, 5.2776328323924444e-24, nan 
148.375, 83.125, 5.2668278866353616e-24, nan 
148.625, 83.125, 5.280127983533905e-24, nan 
148.875, 83.125, 5.329350870989867e-24, nan 
149.125, 83.125, 5.057290073775471e-24, nan 
149.375, 83.125, 4.6479712818910655e-24, nan 
149.625, 83.125, 4.26251046209688e-24, nan 
149.875, 83.125, 4.617746249566745e-24, nan 
150.125, 83.125, 4.56158793078517e-24, nan 
150.375, 83.125, 4.64514191193353e-24, nan 
150.625, 83.125, 4.3716669262967495e-24, nan 
150.875, 83.125, 4.1707498222135196e-24, nan 
151.125, 83.125, 3.964346407979334e-24, nan 
151.375, 83.125, 3.861919126991304e-24, nan 
151.625, 83.125, 4.1242522215471224e-24, nan 
151.875, 83.125, 4.005467271619683e-24, nan 
152.125, 83.125, 3.969328421144424e-24, nan 
152.375, 83.125, 3.999515801783504e-24, nan 
152.625, 83.125, 3.846058151954497e-24, nan 
152.875, 83.125, 3.4534670932452516e-24, nan 
153.125, 83.125, 3.607043551298561e-24, nan 
153.375, 83.125, 3.597947681740733e-24, nan 
153.625, 83.125, 3.467260929734391e-24, nan 
153.875, 83.125, 3.1284570307135166e-24, nan 
154.125, 83.125, 3.196230493835377e-24, nan 
154.375, 83.125, 3.1079911714323253e-24, nan 
154.625, 83.125, 2.921360446402605e-24, nan 
154.875, 83.125, 2.727281437124169e-24, nan 
155.125, 83.125, 3.1985778993960473e-24, nan 
155.375, 83.125, 3.298545843722011e-24, nan 
155.625, 83.125, 3.3795334853776404e-24, nan 
155.875, 83.125, 3.2627738627427995e-24, nan 
156.125, 83.125, 2.9617429933000817e-24, nan 
156.375, 83.125, 3.0360053702984403e-24, nan 
156.625, 83.125, 2.7957932917391646e-24, nan 
156.875, 83.125, 2.6472940345794795e-24, nan 
157.125, 83.125, 2.5775465066322274e-24, nan 
157.375, 83.125, 2.6489788219050595e-24, nan 
157.625, 83.125, 2.843693721285611e-24, nan 
157.875, 83.125, 2.8147172679965838e-24, nan 
158.125, 83.125, 2.69030159479456e-24, nan 
158.375, 83.125, 2.8175504957585794e-24, nan 
158.625, 83.125, 3.1540650265220104e-24, nan 
158.875, 83.125, 2.8409736645596516e-24, nan 
159.125, 83.125, 2.6457213004443518e-24, nan 
159.375, 83.125, 2.563620462072143e-24, nan 
159.625, 83.125, 2.533827741798753e-24, nan 
159.875, 83.125, 2.5641599381549138e-24, nan 
160.125, 83.125, 2.4056564742445647e-24, nan 
160.375, 83.125, 2.391722051844384e-24, nan 
160.625, 83.125, 2.5173247087771332e-24, nan 
160.875, 83.125, 2.713993157796954e-24, nan 
161.125, 83.125, 2.6853780312761206e-24, nan 
161.375, 83.125, 2.612298729810512e-24, nan 
161.625, 83.125, 2.7214826854136174e-24, nan 
161.875, 83.125, 2.7831960887148588e-24, nan 
162.125, 83.125, 2.702602237238092e-24, nan 
162.375, 83.125, 2.4612149894370237e-24, nan 
162.625, 83.125, 2.5876717451734204e-24, nan 
162.875, 83.125, 2.591043602040138e-24, nan 
163.125, 83.125, 2.4898656939271224e-24, nan 
163.375, 83.125, 2.5036449614694468e-24, nan 
163.625, 83.125, 2.7419042423552435e-24, nan 
163.875, 83.125, 2.704380533102745e-24, nan 
164.125, 83.125, 2.603774152129716e-24, nan 
164.375, 83.125, 2.6591345997092692e-24, nan 
164.625, 83.125, 2.543777457795552e-24, nan 
164.875, 83.125, 2.500912543536363e-24, nan 
165.125, 83.125, 2.472897472219535e-24, nan 
165.375, 83.125, 2.3528539542575648e-24, nan 
165.625, 83.125, 2.2513469089473352e-24, nan 
165.875, 83.125, 2.4387428356084853e-24, nan 
166.125, 83.125, 2.652712768488596e-24, nan 
166.375, 83.125, 2.6782054817392953e-24, nan 
166.625, 83.125, 2.4515336222264428e-24, nan 
166.875, 83.125, 2.5011553987147704e-24, nan 
167.125, 83.125, 2.7072085390880827e-24, nan 
167.375, 83.125, 2.7092102288579927e-24, nan 
167.625, 83.125, 2.6190003061423223e-24, nan 
167.875, 83.125, 2.6717102752317e-24, nan 
168.125, 83.125, 2.5875557956015684e-24, nan 
168.375, 83.125, 2.795730876418397e-24, nan 
168.625, 83.125, 2.978549718093928e-24, nan 
168.875, 83.125, 2.9022282805235945e-24, nan 
169.125, 83.125, 3.33399522599836e-24, nan 
169.375, 83.125, 3.8034765352344034e-24, nan 
169.625, 83.125, 3.968351766704465e-24, nan 
169.875, 83.125, 4.168853024330639e-24, nan 
170.125, 83.125, 4.1146992647182566e-24, nan 
170.375, 83.125, 3.896431868057568e-24, nan 
170.625, 83.125, 3.6672441401054296e-24, nan 
170.875, 83.125, 3.307206965879772e-24, nan 
171.125, 83.125, 3.455900135716999e-24, nan 
171.375, 83.125, 3.924596613411369e-24, nan 
171.625, 83.125, 4.000517333761202e-24, nan 
171.875, 83.125, 4.2718231501728685e-24, nan 
172.125, 83.125, 4.230865888825647e-24, nan 
172.375, 83.125, 4.46524770121133e-24, nan 
172.625, 83.125, 5.205128163702962e-24, nan 
172.875, 83.125, 5.188931648995586e-24, nan 
173.125, 83.125, 5.118636384048935e-24, nan 
173.375, 83.125, 4.77590302180063e-24, nan 
173.625, 83.125, 5.109927560475275e-24, nan 
173.875, 83.125, 5.755200726710214e-24, nan 
174.125, 83.125, 5.9373372345485345e-24, nan 
174.375, 83.125, 5.15849050883238e-24, nan 
174.625, 83.125, 5.258280987602463e-24, nan 
174.875, 83.125, 5.1600117604386586e-24, nan 
175.125, 83.125, 4.9794283848871715e-24, nan 
175.375, 83.125, 4.978796041389734e-24, nan 
175.625, 83.125, 4.911582739077128e-24, nan 
175.875, 83.125, 4.434206879617592e-24, nan 
176.125, 83.125, 4.743775295318799e-24, nan 
176.375, 83.125, 4.44386905937826e-24, nan 
176.625, 83.125, 4.0668355497062445e-24, nan 
176.875, 83.125, 4.029408795720347e-24, nan 
177.125, 83.125, 4.441878387896505e-24, nan 
177.375, 83.125, 4.062681385651365e-24, nan 
177.625, 83.125, 3.548755987655139e-24, nan 
177.875, 83.125, 4.4043458889104e-24, nan 
178.125, 83.125, 3.980460827462499e-24, nan 
178.375, 83.125, 3.1132145464572505e-24, nan 
178.625, 83.125, 3.1477601216253258e-24, nan 
178.875, 83.125, 3.9341878641697755e-24, nan 
179.125, 83.125, 3.328395914714733e-24, nan 
179.375, 83.125, 3.438976667672731e-24, nan 
179.625, 83.125, 3.2822092374446885e-24, nan 
179.875, 83.125, 3.2840087775815674e-24, nan 
-179.875, 83.375, 2.8888987194552962e-24, nan 
-179.625, 83.375, 2.9533982390372745e-24, nan 
-179.375, 83.375, 2.969979394952904e-24, nan 
-179.125, 83.375, 3.450135841446462e-24, nan 
-178.875, 83.375, 4.132595299703756e-24, nan 
-178.625, 83.375, 3.460296777862018e-24, nan 
-178.375, 83.375, 3.2850667723915567e-24, nan 
-178.125, 83.375, 2.9939847036462064e-24, nan 
-177.875, 83.375, 3.510795446255974e-24, nan 
-177.625, 83.375, 3.375794090091895e-24, nan 
-177.375, 83.375, 3.316713602625007e-24, nan 
-177.125, 83.375, 3.492061513673735e-24, nan 
-176.875, 83.375, 4.09874898608353e-24, nan 
-176.625, 83.375, 4.080935551179312e-24, nan 
-176.375, 83.375, 3.471839734507756e-24, nan 
-176.125, 83.375, 3.369469070875046e-24, nan 
-175.875, 83.375, 3.9355229935161495e-24, nan 
-175.625, 83.375, 3.738030951251199e-24, nan 
-175.375, 83.375, 3.6750128685558196e-24, nan 
-175.125, 83.375, 4.096314935834216e-24, nan 
-174.875, 83.375, 4.875304163587444e-24, nan 
-174.625, 83.375, 4.435212547143017e-24, nan 
-174.375, 83.375, 4.343993375126273e-24, nan 
-174.125, 83.375, 4.753959250893215e-24, nan 
-173.875, 83.375, 4.666143791037871e-24, nan 
-173.625, 83.375, 5.0310895373623126e-24, nan 
-173.375, 83.375, 5.263687671830707e-24, nan 
-173.125, 83.375, 5.155714010118417e-24, nan 
-172.875, 83.375, 4.969381616334475e-24, nan 
-172.625, 83.375, 4.702890491849778e-24, nan 
-172.375, 83.375, 4.909139199232324e-24, nan 
-172.125, 83.375, 4.9375296953045445e-24, nan 
-171.875, 83.375, 4.640651688085105e-24, nan 
-171.625, 83.375, 4.8333514426982024e-24, nan 
-171.375, 83.375, 5.112359359578492e-24, nan 
-171.125, 83.375, 5.089776714181174e-24, nan 
-170.875, 83.375, 5.2322794272998285e-24, nan 
-170.625, 83.375, 5.4237269005289714e-24, nan 
-170.375, 83.375, 5.474742790469674e-24, nan 
-170.125, 83.375, 5.5549548271368966e-24, nan 
-169.875, 83.375, 5.6402311504333006e-24, nan 
-169.625, 83.375, 6.493879460178957e-24, nan 
-169.375, 83.375, 6.0739349320046934e-24, nan 
-169.125, 83.375, 5.565945529305658e-24, nan 
-168.875, 83.375, 5.07228593921201e-24, nan 
-168.625, 83.375, 4.76695305367851e-24, nan 
-168.375, 83.375, 4.622378293225831e-24, nan 
-168.125, 83.375, 5.192178714093518e-24, nan 
-167.875, 83.375, 5.493583094674721e-24, nan 
-167.625, 83.375, 5.024031153876821e-24, nan 
-167.375, 83.375, 5.3157904250141444e-24, nan 
-167.125, 83.375, 5.472522017259926e-24, nan 
-166.875, 83.375, 4.059007851856375e-24, nan 
-166.625, 83.375, 3.813810676574713e-24, nan 
-166.375, 83.375, 4.2721616766270155e-24, nan 
-166.125, 83.375, 4.594718919091576e-24, nan 
-165.875, 83.375, 4.152818572710079e-24, nan 
-165.625, 83.375, 9.759461404174086e-24, nan 
-165.375, 83.375, 1.1269692395431877e-23, nan 
-165.125, 83.375, 1.1417411010494051e-23, nan 
-164.875, 83.375, 1.0600491676501531e-23, nan 
-164.625, 83.375, 1.1121482460034409e-23, nan 
-164.375, 83.375, 1.2455884503327571e-23, nan 
-164.125, 83.375, 1.1955277689944006e-23, nan 
-163.875, 83.375, 1.1646401009997422e-23, nan 
-163.625, 83.375, 1.1670852638140324e-23, nan 
-163.375, 83.375, 1.07432888331972e-23, nan 
-163.125, 83.375, 9.180469015629254e-24, nan 
-162.875, 83.375, 9.337768087583183e-24, nan 
-162.625, 83.375, 9.062848757304948e-24, nan 
-162.375, 83.375, 8.51888360490691e-24, nan 
-162.125, 83.375, 1.2572260478532406e-23, nan 
-161.875, 83.375, 1.2681625898597418e-23, nan 
-161.625, 83.375, 1.1385291017543149e-23, nan 
-161.375, 83.375, 1.0786364858950485e-23, nan 
-161.125, 83.375, 9.5036747907262e-24, nan 
-160.875, 83.375, 1.0010728544577639e-23, nan 
-160.625, 83.375, 1.037111643474822e-23, nan 
-160.375, 83.375, 1.0063066650928244e-23, nan 
-160.125, 83.375, 1.0414411386085967e-23, nan 
-159.875, 83.375, 1.1022127145836708e-23, nan 
-159.625, 83.375, 1.0161573565618659e-23, nan 
-159.375, 83.375, 1.0440104144553791e-23, nan 
-159.125, 83.375, 1.0365632883654127e-23, nan 
-158.875, 83.375, 1.0909999924932519e-23, nan 
-158.625, 83.375, 1.1422538406784747e-23, nan 
-158.375, 83.375, 9.193228374681992e-24, nan 
-158.125, 83.375, 1.0614879176645098e-23, nan 
-157.875, 83.375, 1.100889316406177e-23, nan 
-157.625, 83.375, 1.1177735087940462e-23, nan 
-157.375, 83.375, 1.1079883753643336e-23, nan 
-157.125, 83.375, 1.1330746802175986e-23, nan 
-156.875, 83.375, 1.0992718146999325e-23, nan 
-156.625, 83.375, 1.1236132350595848e-23, nan 
-156.375, 83.375, 1.1617783549987876e-23, nan 
-156.125, 83.375, 1.1538142427523768e-23, nan 
-155.875, 83.375, 1.1802773081456934e-23, nan 
-155.625, 83.375, 1.1903621196743567e-23, nan 
-155.375, 83.375, 1.1109490310686867e-23, nan 
-155.125, 83.375, 1.0431641016487374e-23, nan 
-154.875, 83.375, 9.876837270014028e-24, nan 
-154.625, 83.375, 1.1077349317088276e-23, nan 
-154.375, 83.375, 1.0802362523627517e-23, nan 
-154.125, 83.375, 1.0546252948694202e-23, nan 
-153.875, 83.375, 8.907085976334222e-24, nan 
-153.625, 83.375, 8.825025405175732e-24, nan 
-153.375, 83.375, 8.970027100952374e-24, nan 
-153.125, 83.375, 9.005795440199396e-24, nan 
-152.875, 83.375, 8.034530312260176e-24, nan 
-152.625, 83.375, 7.357953760345329e-24, nan 
-152.375, 83.375, 8.569888653196185e-24, nan 
-152.125, 83.375, 8.86862963999049e-24, nan 
-151.875, 83.375, 8.33215995118621e-24, nan 
-151.625, 83.375, 8.434218053919856e-24, nan 
-151.375, 83.375, 8.742850762915274e-24, nan 
-151.125, 83.375, 9.166709738611694e-24, nan 
-150.875, 83.375, 8.796719460606831e-24, nan 
-150.625, 83.375, 8.198451172146173e-24, nan 
-150.375, 83.375, 7.911103285602232e-24, nan 
-150.125, 83.375, 7.969051995806897e-24, nan 
-149.875, 83.375, 7.122157786919478e-24, nan 
-149.625, 83.375, 6.714752098565106e-24, nan 
-149.375, 83.375, 6.544130516192581e-24, nan 
-149.125, 83.375, 6.759481866930575e-24, nan 
-148.875, 83.375, 7.620444222176e-24, nan 
-148.625, 83.375, 9.991816443357707e-24, nan 
-148.375, 83.375, 1.1064640717525836e-23, nan 
-148.125, 83.375, 1.1363274638806822e-23, nan 
-147.875, 83.375, 1.3365789822944243e-23, nan 
-147.625, 83.375, 1.414942096364157e-23, nan 
-147.375, 83.375, 1.3974015662737988e-23, nan 
-147.125, 83.375, 1.369935242203318e-23, nan 
-146.875, 83.375, 1.3325392241383692e-23, nan 
-146.625, 83.375, 1.2005960616629076e-23, nan 
-146.375, 83.375, 1.3622519762045076e-23, nan 
-146.125, 83.375, 1.4951133526445664e-23, nan 
-145.875, 83.375, 1.3965285863162478e-23, nan 
-145.625, 83.375, 1.3841104040287712e-23, nan 
-145.375, 83.375, 1.3504724384097012e-23, nan 
-145.125, 83.375, 1.2988903735291462e-23, nan 
-144.875, 83.375, 1.1775511336985542e-23, nan 
-144.625, 83.375, 1.2513345009396663e-23, nan 
-144.375, 83.375, 1.4577374812228183e-23, nan 
-144.125, 83.375, 1.6772530344382464e-23, nan 
-143.875, 83.375, 1.50936603430901e-23, nan 
-143.625, 83.375, 1.668317670954294e-23, nan 
-143.375, 83.375, 1.9163514721143267e-23, nan 
-143.125, 83.375, 1.719046277317533e-23, nan 
-142.875, 83.375, 1.9459678162877076e-23, nan 
-142.625, 83.375, 2.1688742246208495e-23, nan 
-142.375, 83.375, 2.1746676354580182e-23, nan 
-142.125, 83.375, 1.9285347779551975e-23, nan 
-141.875, 83.375, 2.0965364724493397e-23, nan 
-141.625, 83.375, 2.2795859181976957e-23, nan 
-141.375, 83.375, 2.2129827774571687e-23, nan 
-141.125, 83.375, 2.1814705037397756e-23, nan 
-140.875, 83.375, 2.1432539716173567e-23, nan 
-140.625, 83.375, 2.4354571730255344e-23, nan 
-140.375, 83.375, 2.4526384474591678e-23, nan 
-140.125, 83.375, 2.5280864894170485e-23, nan 
-139.875, 83.375, 2.855095525736047e-23, nan 
-139.625, 83.375, 3.079414553043993e-23, nan 
-139.375, 83.375, 3.3002164193335095e-23, nan 
-139.125, 83.375, 3.335395219646652e-23, nan 
-138.875, 83.375, 2.967152641520395e-23, nan 
-138.625, 83.375, 2.886822354632761e-23, nan 
-138.375, 83.375, 2.83781061526422e-23, nan 
-138.125, 83.375, 2.701173661351785e-23, nan 
-137.875, 83.375, 2.564676117792851e-23, nan 
-137.625, 83.375, 2.6093579938411218e-23, nan 
-137.375, 83.375, 2.3097136747253307e-23, nan 
-137.125, 83.375, 1.930944688770852e-23, nan 
-136.875, 83.375, 1.7971998800042765e-23, nan 
-136.625, 83.375, 1.779137969209556e-23, nan 
-136.375, 83.375, 1.8405462991596083e-23, nan 
-136.125, 83.375, 1.7553563648207592e-23, nan 
-135.875, 83.375, 1.781300575441693e-23, nan 
-135.625, 83.375, 1.6186235666566527e-23, nan 
-135.375, 83.375, 1.3873007993916824e-23, nan 
-135.125, 83.375, 9.197040143581272e-24, nan 
-134.875, 83.375, 1.0297708191737743e-23, nan 
-134.625, 83.375, 1.3788587616783046e-23, nan 
-134.375, 83.375, 1.0042654137584973e-23, nan 
-134.125, 83.375, 9.270189223646259e-24, nan 
-133.875, 83.375, 9.184014593454652e-24, nan 
-133.625, 83.375, 1.1352101330281416e-23, nan 
-133.375, 83.375, 1.4573894743890707e-23, nan 
-133.125, 83.375, 1.5057809021162115e-23, nan 
-132.875, 83.375, 1.412493695762051e-23, nan 
-132.625, 83.375, 1.368645308075506e-23, nan 
-132.375, 83.375, 1.3577979964314113e-23, nan 
-132.125, 83.375, 1.5996836877463473e-23, nan 
-131.875, 83.375, 2.0676963362091405e-23, nan 
-131.625, 83.375, 2.3537159821188046e-23, nan 
-131.375, 83.375, 2.221432561556421e-23, nan 
-131.125, 83.375, 3.2303445694385663e-23, nan 
-130.875, 83.375, 3.458358780971156e-23, nan 
-130.625, 83.375, 3.3073315816839405e-23, nan 
-130.375, 83.375, 3.0462898555380924e-23, nan 
-130.125, 83.375, 2.924315505189607e-23, nan 
-129.875, 83.375, 2.673910345281615e-23, nan 
-129.625, 83.375, 3.68005724904917e-23, nan 
-129.375, 83.375, 7.590403951989277e-23, nan 
-129.125, 83.375, 8.453192058743778e-23, nan 
-128.875, 83.375, 8.332870477208511e-23, nan 
-128.625, 83.375, 8.251309447595581e-23, nan 
-128.375, 83.375, 7.537945564373262e-23, nan 
-128.125, 83.375, 5.601757623996157e-23, nan 
-127.875, 83.375, 3.423205908530963e-23, nan 
-127.625, 83.375, 4.759984561037306e-23, nan 
-127.375, 83.375, 8.041338540487325e-23, nan 
-127.125, 83.375, 1.400100129049957e-22, nan 
-126.875, 83.375, 1.6924145159310956e-22, nan 
-126.625, 83.375, 2.2421063970193716e-22, nan 
-126.375, 83.375, 2.4065890002481497e-22, nan 
-126.125, 83.375, 2.339284666431955e-22, nan 
-125.875, 83.375, 1.686452222426121e-22, nan 
-125.625, 83.375, 8.153248974152967e-23, nan 
-125.375, 83.375, 8.76434584207263e-23, nan 
-125.125, 83.375, 1.5884249616893077e-22, nan 
-124.875, 83.375, 1.2108711532767448e-22, nan 
-124.625, 83.375, 1.4091285517362158e-22, nan 
-124.375, 83.375, 2.8230756180847355e-22, nan 
-124.125, 83.375, 3.162323654448059e-22, nan 
-123.875, 83.375, 3.309657675277819e-22, nan 
-123.625, 83.375, 2.9910659851289685e-22, nan 
-123.375, 83.375, 2.374935355382338e-22, nan 
-123.125, 83.375, 2.916454831139944e-22, nan 
-122.875, 83.375, 3.2057937961195224e-22, nan 
-122.625, 83.375, 3.154600314908356e-22, nan 
-122.375, 83.375, 3.02843611385447e-22, nan 
-122.125, 83.375, 2.743685722398592e-22, nan 
-121.875, 83.375, 2.314936473868863e-22, nan 
-121.625, 83.375, 1.985883506526725e-22, nan 
-121.375, 83.375, 2.4286625213014716e-22, nan 
-121.125, 83.375, 3.1301416843903303e-22, nan 
-120.875, 83.375, 3.589919801289591e-22, nan 
-120.625, 83.375, 3.5089174684601606e-22, nan 
-120.375, 83.375, 3.3318153085161824e-22, nan 
-120.125, 83.375, 3.1572538514517745e-22, nan 
-119.875, 83.375, 2.967976850643302e-22, nan 
-119.625, 83.375, 2.524993826064591e-22, nan 
-119.375, 83.375, 1.7424193580721125e-22, nan 
-119.125, 83.375, 1.3738362797460334e-22, nan 
-118.875, 83.375, 1.33664464173163e-22, nan 
-118.625, 83.375, 1.4318968359673293e-22, nan 
-118.375, 83.375, 1.5212312076049601e-22, nan 
-118.125, 83.375, 1.6089691500057569e-22, nan 
-117.875, 83.375, 1.6760952333674722e-22, nan 
-117.625, 83.375, 1.6447455529049204e-22, nan 
-117.375, 83.375, 1.6676405951448076e-22, nan 
-117.125, 83.375, 1.634956308601774e-22, nan 
-116.875, 83.375, 1.620537430415622e-22, nan 
-116.625, 83.375, 1.6252275617299113e-22, nan 
-116.375, 83.375, 1.7226754109078335e-22, nan 
-116.125, 83.375, 1.8519423772687326e-22, nan 
-115.875, 83.375, 1.997267104944917e-22, nan 
-115.625, 83.375, 2.1277900668643367e-22, nan 
-115.375, 83.375, 2.6802152407544597e-22, nan 
-115.125, 83.375, 3.2587243698436624e-22, nan 
-114.875, 83.375, 3.1190261343307384e-22, nan 
-114.625, 83.375, 3.020973494775034e-22, nan 
-114.375, 83.375, 3.2308642338401243e-22, nan 
-114.125, 83.375, 3.5929913390849036e-22, nan 
-113.875, 83.375, 3.9138743742031073e-22, nan 
-113.625, 83.375, 4.4724823733112355e-22, nan 
-113.375, 83.375, 4.1297454865864808e-22, nan 
-113.125, 83.375, 3.952892828008274e-22, nan 
-112.875, 83.375, 5.232701974566777e-22, nan 
-112.625, 83.375, 5.570245244393864e-22, nan 
-112.375, 83.375, 5.619274007763145e-22, nan 
-112.125, 83.375, 5.221179950975024e-22, nan 
-111.875, 83.375, 5.210941903040335e-22, nan 
-111.625, 83.375, 5.401783390276489e-22, nan 
-111.375, 83.375, 4.907034367540824e-22, nan 
-111.125, 83.375, 3.747210108088903e-22, nan 
-110.875, 83.375, 2.4398002982447314e-22, nan 
-110.625, 83.375, 8.548366468646577e-23, nan 
-110.375, 83.375, 6.335567752249459e-23, nan 
-110.125, 83.375, 7.61707038094708e-23, nan 
-109.875, 83.375, 9.103763020198866e-23, nan 
-109.625, 83.375, 8.87991074393455e-23, nan 
-109.375, 83.375, 9.865544705289845e-23, nan 
-109.125, 83.375, 9.556686453137318e-23, nan 
-108.875, 83.375, 8.964244103909108e-23, nan 
-108.625, 83.375, 9.118981289582744e-23, nan 
-108.375, 83.375, 5.873724167828089e-23, nan 
-108.125, 83.375, 4.9413485162408795e-23, nan 
-107.875, 83.375, 5.755872432255919e-23, nan 
-107.625, 83.375, 7.910317054497599e-23, nan 
-107.375, 83.375, 1.1827510801537704e-22, nan 
-107.125, 83.375, 1.7809913318279933e-22, nan 
-106.875, 83.375, 2.6379864055562563e-22, nan 
-106.625, 83.375, 3.332094912408775e-22, nan 
-106.375, 83.375, 3.0760790602112656e-22, nan 
-106.125, 83.375, 2.265552213942145e-22, nan 
-105.875, 83.375, 1.5632403661609784e-22, nan 
-105.625, 83.375, 9.783650548682003e-23, nan 
-105.375, 83.375, 7.305337591206964e-23, nan 
-105.125, 83.375, 1.865322246734613e-22, nan 
-104.875, 83.375, 3.587138579124664e-22, nan 
-104.625, 83.375, 5.185124826932843e-22, nan 
-104.375, 83.375, 6.519930052436836e-22, nan 
-104.125, 83.375, 6.2645534769008655e-22, nan 
-103.875, 83.375, 5.3545706058327e-22, nan 
-103.625, 83.375, 4.965368918953023e-22, nan 
-103.375, 83.375, 3.8391280608849688e-22, nan 
-103.125, 83.375, 3.0334923840141994e-22, nan 
-102.875, 83.375, 2.2362611421594923e-22, nan 
-102.625, 83.375, 3.3065141903621335e-22, nan 
-102.375, 83.375, 4.6168893824433155e-22, nan 
-102.125, 83.375, 5.433325480600693e-22, nan 
-101.875, 83.375, 5.1506236915559245e-22, nan 
-101.625, 83.375, 3.961946435052008e-22, nan 
-101.375, 83.375, 3.059119590060168e-22, nan 
-101.125, 83.375, 2.8372116381984097e-22, nan 
-100.875, 83.375, 2.6126051437144205e-22, nan 
-100.625, 83.375, 1.7287829242242587e-22, nan 
-100.375, 83.375, 2.724480590448713e-22, nan 
-100.125, 83.375, 2.673569374814403e-22, nan 
-99.875, 83.375, 2.0451232491458143e-22, nan 
-99.625, 83.375, 2.4478948679276465e-22, nan 
-99.375, 83.375, 1.8234350714787472e-22, nan 
-99.125, 83.375, 6.307618422789007e-23, nan 
-98.875, 83.375, 5.562691484852543e-23, nan 
-98.625, 83.375, 7.926853865690907e-23, nan 
-98.375, 83.375, 1.1847089943326949e-22, nan 
-98.125, 83.375, 1.957786235491509e-22, nan 
-97.875, 83.375, 1.8964259311958578e-22, nan 
-97.625, 83.375, 1.698116841899844e-22, nan 
-97.375, 83.375, 1.9740890145299621e-22, nan 
-97.125, 83.375, 1.889684509793305e-22, nan 
-96.875, 83.375, 1.6233737036188878e-22, nan 
-96.625, 83.375, 1.39895389001985e-22, nan 
-96.375, 83.375, 1.5265403119088603e-22, nan 
-96.125, 83.375, 1.4043676347643526e-22, nan 
-95.875, 83.375, 1.2854134587298306e-22, nan 
-95.625, 83.375, 1.409270066058291e-22, nan 
-95.375, 83.375, 1.0241140295051737e-22, nan 
-95.125, 83.375, 1.156213774717842e-22, nan 
-94.875, 83.375, 1.573377382096611e-22, nan 
-94.625, 83.375, 7.931159385169691e-23, nan 
-94.375, 83.375, 7.84120858936887e-23, nan 
-94.125, 83.375, 8.806851909563503e-23, nan 
-93.875, 83.375, 8.220084475082456e-23, nan 
-93.625, 83.375, 1.3246362489083333e-22, nan 
-93.375, 83.375, 2.115416332386651e-22, nan 
-93.125, 83.375, 2.4658186000989303e-22, nan 
-92.875, 83.375, 2.763552279409866e-22, nan 
-92.625, 83.375, 3.080205055894555e-22, nan 
-92.375, 83.375, 3.393254450696378e-22, nan 
-92.125, 83.375, 3.7343166723385027e-22, nan 
-91.875, 83.375, 3.587860875919033e-22, nan 
-91.625, 83.375, 3.194472053852945e-22, nan 
-91.375, 83.375, 2.822358985946253e-22, nan 
-91.125, 83.375, 2.183553970401311e-22, nan 
-90.875, 83.375, 2.0575295381423254e-22, nan 
-90.625, 83.375, 3.058087996483087e-22, nan 
-90.375, 83.375, 4.500076429660522e-22, nan 
-90.125, 83.375, 6.214646143957566e-22, nan 
-89.875, 83.375, 6.409088253098781e-22, nan 
-89.625, 83.375, 6.061898792631366e-22, nan 
-89.375, 83.375, 6.697721806737257e-22, nan 
-89.125, 83.375, 7.380923776659074e-22, nan 
-88.875, 83.375, 6.01670035708159e-22, nan 
-88.625, 83.375, 5.584790598612299e-22, nan 
-88.375, 83.375, 5.659594436031716e-22, nan 
-88.125, 83.375, 6.313217496158563e-22, nan 
-87.875, 83.375, 6.542342524185054e-22, nan 
-87.625, 83.375, 6.492772864022879e-22, nan 
-87.375, 83.375, 7.427118028885141e-22, nan 
-87.125, 83.375, 7.710096281048828e-22, nan 
-86.875, 83.375, 7.256581999617097e-22, nan 
-86.625, 83.375, 6.822722479819879e-22, nan 
-86.375, 83.375, 7.674296235927005e-22, nan 
-86.125, 83.375, 8.030101518537278e-22, nan 
-85.875, 83.375, 8.657477089761291e-22, nan 
-85.625, 83.375, 7.19366313456346e-22, nan 
-85.375, 83.375, 8.104202348707712e-22, nan 
-85.125, 83.375, 9.928251324498641e-22, nan 
-84.875, 83.375, 1.0398448861024062e-21, nan 
-84.625, 83.375, 9.350901478579537e-22, nan 
-84.375, 83.375, 9.54792868128476e-22, nan 
-84.125, 83.375, 1.4354827126430207e-21, nan 
-83.875, 83.375, 1.3124913897120849e-21, nan 
-83.625, 83.375, 1.3860530371439502e-21, nan 
-83.375, 83.375, 1.4926685696603746e-21, nan 
-83.125, 83.375, 1.3061575845412688e-21, nan 
-82.875, 83.375, 1.411783320089913e-21, nan 
-82.625, 83.375, 1.4231429349364285e-21, nan 
-82.375, 83.375, 1.306428391171316e-21, nan 
-82.125, 83.375, 1.3159841316149768e-21, nan 
-81.875, 83.375, 1.4329446231421883e-21, nan 
-81.625, 83.375, 1.462433914048566e-21, nan 
-81.375, 83.375, 1.2653096670525831e-21, nan 
-81.125, 83.375, 1.488816999541337e-21, nan 
-80.875, 83.375, 1.5261759083005279e-21, nan 
-80.625, 83.375, 1.3661536993984608e-21, nan 
-80.375, 83.375, 1.5066676649005784e-21, nan 
-80.125, 83.375, 1.291030744501541e-21, nan 
-79.875, 83.375, 1.2221062241126045e-21, nan 
-79.625, 83.375, 1.2259106370068323e-21, nan 
-79.375, 83.375, 1.412719076102976e-21, nan 
-79.125, 83.375, 1.4005118000067818e-21, nan 
-78.875, 83.375, 1.1382127349560918e-21, nan 
-78.625, 83.375, 1.0939708924471728e-21, nan 
-78.375, 83.375, 1.146495943794361e-21, nan 
-78.125, 83.375, 1.0666493715835324e-21, nan 
-77.875, 83.375, 9.744467812347422e-22, nan 
-77.625, 83.375, 8.955873961463577e-22, nan 
-77.375, 83.375, 9.154982462614851e-22, nan 
-77.125, 83.375, 1.2132962240451483e-21, nan 
-76.875, 83.375, 1.271593930460398e-21, nan 
-76.625, 83.375, 9.644293369059853e-22, nan 
-76.375, 83.375, 7.109231435205978e-22, nan 
-76.125, 83.375, 6.049527018239077e-22, nan 
-75.875, 83.375, 5.794769003673419e-22, nan 
-75.625, 83.375, 7.568829876593219e-22, nan 
-75.375, 83.375, 8.010530271853964e-22, nan 
-75.125, 83.375, 8.496697412827917e-22, nan 
-74.875, 83.375, 8.934476543872705e-22, nan 
-74.625, 83.375, 8.762054740161927e-22, nan 
-74.375, 83.375, 9.879144436148213e-22, nan 
-74.125, 83.375, 1.1159186576920812e-21, nan 
-73.875, 83.375, 1.249569709897138e-21, nan 
-73.625, 83.375, 1.3923840253687876e-21, nan 
-73.375, 83.375, 1.48471062984893e-21, nan 
-73.125, 83.375, 1.5189645282577412e-21, nan 
-72.875, 83.375, 1.5813485615431162e-21, nan 
-72.625, 83.375, 1.6676706246254897e-21, nan 
-72.375, 83.375, 1.7553924771143573e-21, nan 
-72.125, 83.375, 1.8048181531007072e-21, nan 
-71.875, 83.375, 1.5127092042903703e-21, nan 
-71.625, 83.375, 1.2112863618567676e-21, nan 
-71.375, 83.375, 9.84618106152973e-22, nan 
-71.125, 83.375, 7.857618846281679e-22, nan 
-70.875, 83.375, 7.971923769520166e-22, nan 
-70.625, 83.375, 1.2238825702074479e-21, nan 
-70.375, 83.375, 1.696405249539205e-21, nan 
-70.125, 83.375, 2.1521699259602147e-21, nan 
-69.875, 83.375, 2.291975160737602e-21, nan 
-69.625, 83.375, 2.045883473807608e-21, nan 
-69.375, 83.375, 2.0103633670714138e-21, nan 
-69.125, 83.375, 1.7633492421767687e-21, nan 
-68.875, 83.375, 1.795304055845204e-21, nan 
-68.625, 83.375, 1.8636866358378555e-21, nan 
-68.375, 83.375, 1.860912828746454e-21, nan 
-68.125, 83.375, 2.072081618658729e-21, nan 
-67.875, 83.375, 2.374643928703956e-21, nan 
-67.625, 83.375, 2.5907735231856682e-21, nan 
-67.375, 83.375, 2.4467823735735322e-21, nan 
-67.125, 83.375, 2.3731789497788528e-21, nan 
-66.875, 83.375, 2.1875216650248425e-21, nan 
-66.625, 83.375, 2.3394308077376817e-21, nan 
-66.375, 83.375, 2.36797019183357e-21, nan 
-66.125, 83.375, 1.9488521396864437e-21, nan 
-65.875, 83.375, 2.0542761759073484e-21, nan 
-65.625, 83.375, 2.2437580875161847e-21, nan 
-65.375, 83.375, 2.2471026974640144e-21, nan 
-65.125, 83.375, 1.6711426558580004e-21, nan 
-64.875, 83.375, 1.3210003303073205e-21, nan 
-64.625, 83.375, 1.4481182492895459e-21, nan 
-64.375, 83.375, 1.357065204557468e-21, nan 
-64.125, 83.375, 1.1458831859221202e-21, nan 
-63.875, 83.375, 1.5431515485565666e-21, nan 
-63.625, 83.375, 1.8478409756329954e-21, nan 
-63.375, 83.375, 1.6356375676412079e-21, nan 
-63.125, 83.375, 1.54496558311422e-21, nan 
-62.875, 83.375, 1.628299579386684e-21, nan 
-62.625, 83.375, 1.735727596722205e-21, nan 
-62.375, 83.375, 1.8504364848003002e-21, nan 
-62.125, 83.375, 1.9398310618711554e-21, nan 
-61.875, 83.375, 1.9140510159313455e-21, nan 
-61.625, 83.375, 1.960296908558893e-21, nan 
-61.375, 83.375, 2.2121410968080328e-21, nan 
-61.125, 83.375, 2.4392404576034907e-21, nan 
-60.875, 83.375, 2.4399404697490136e-21, nan 
-60.625, 83.375, 1.926774220114119e-21, nan 
-60.375, 83.375, 1.9723632631787252e-21, nan 
-60.125, 83.375, 2.724611892897071e-21, nan 
-59.875, 83.375, 2.915204418119298e-21, nan 
-59.625, 83.375, 2.984525315771345e-21, nan 
-59.375, 83.375, 2.684663488705676e-21, nan 
-59.125, 83.375, 2.6730992607691587e-21, nan 
-58.875, 83.375, 2.7110635520434673e-21, nan 
-58.625, 83.375, 4.106186063652751e-21, nan 
-58.375, 83.375, 4.515598290487028e-21, nan 
-58.125, 83.375, 5.0058708751234686e-21, nan 
-57.875, 83.375, 6.2106964523077915e-21, nan 
-57.625, 83.375, 7.387194849891955e-21, nan 
-57.375, 83.375, 8.277278561563974e-21, nan 
-57.125, 83.375, 8.824318090897744e-21, nan 
-56.875, 83.375, 8.795666664415284e-21, nan 
-56.625, 83.375, 7.948583935041726e-21, nan 
-56.375, 83.375, 6.0832131522660516e-21, nan 
-56.125, 83.375, 6.6339646567620394e-21, nan 
-55.875, 83.375, 7.574979578030371e-21, nan 
-55.625, 83.375, 8.176850281622382e-21, nan 
-55.375, 83.375, 1.002550262857853e-20, nan 
-55.125, 83.375, 1.3991595733817678e-20, nan 
-54.875, 83.375, 1.6735523308509013e-20, nan 
-54.625, 83.375, 1.612657154930916e-20, nan 
-54.375, 83.375, 1.8771766770562293e-20, nan 
-54.125, 83.375, 1.802466364550641e-20, nan 
-53.875, 83.375, 1.7020769209698554e-20, nan 
-53.625, 83.375, 1.927738245252491e-20, nan 
-53.375, 83.375, 1.6558045371010934e-20, nan 
-53.125, 83.375, 1.4678455140683702e-20, nan 
-52.875, 83.375, 1.8673223096509883e-20, nan 
-52.625, 83.375, 2.3562241102477604e-20, nan 
-52.375, 83.375, 1.732103353809912e-20, nan 
-52.125, 83.375, 1.6920801112044817e-20, nan 
-51.875, 83.375, 1.6796287686582147e-20, nan 
-51.625, 83.375, 1.8694089438391475e-20, nan 
-51.375, 83.375, 2.021980219470704e-20, nan 
-51.125, 83.375, 1.9994962603666087e-20, nan 
-50.875, 83.375, 1.8662025354314257e-20, nan 
-50.625, 83.375, 1.5466448816705642e-20, nan 
-50.375, 83.375, 1.7222760404475807e-20, nan 
-50.125, 83.375, 1.874150081890746e-20, nan 
-49.875, 83.375, 1.707262527560446e-20, nan 
-49.625, 83.375, 1.5657401570085048e-20, nan 
-49.375, 83.375, 1.6490062846475685e-20, nan 
-49.125, 83.375, 1.6093342231249856e-20, nan 
-48.875, 83.375, 1.7593302828048094e-20, nan 
-48.625, 83.375, 1.9327458282228842e-20, nan 
-48.375, 83.375, 1.9028447300050007e-20, nan 
-48.125, 83.375, 1.9186193090598707e-20, nan 
-47.875, 83.375, 1.8931804529592766e-20, nan 
-47.625, 83.375, 1.8122034795605327e-20, nan 
-47.375, 83.375, 1.5492354739652826e-20, nan 
-47.125, 83.375, 1.4627657247670123e-20, nan 
-46.875, 83.375, 1.0867255481535348e-20, nan 
-46.625, 83.375, 9.152123859451557e-21, nan 
-46.375, 83.375, 8.140568276966832e-21, nan 
-46.125, 83.375, 8.473168464693109e-21, nan 
-45.875, 83.375, 8.813541580618796e-21, nan 
-45.625, 83.375, 8.890028074524911e-21, nan 
-45.375, 83.375, 8.35415781916058e-21, nan 
-45.125, 83.375, 7.685974660874262e-21, nan 
-44.875, 83.375, 7.086011443095928e-21, nan 
-44.625, 83.375, 6.823274277527942e-21, nan 
-44.375, 83.375, 7.024602457071991e-21, nan 
-44.125, 83.375, 7.100785598036414e-21, nan 
-43.875, 83.375, 6.828641936312067e-21, nan 
-43.625, 83.375, 6.492550075397744e-21, nan 
-43.375, 83.375, 5.692136690755385e-21, nan 
-43.125, 83.375, 5.820237775782628e-21, nan 
-42.875, 83.375, 6.138085885624222e-21, nan 
-42.625, 83.375, 6.452493862234395e-21, nan 
-42.375, 83.375, 6.23061069437195e-21, nan 
-42.125, 83.375, 5.413188491046339e-21, nan 
-41.875, 83.375, 5.5294151627319106e-21, nan 
-41.625, 83.375, 5.8277721367415055e-21, nan 
-41.375, 83.375, 6.217757826094164e-21, nan 
-41.125, 83.375, 6.80964029419463e-21, nan 
-40.875, 83.375, 7.820103382933292e-21, nan 
-40.625, 83.375, 8.412242882499852e-21, nan 
-40.375, 83.375, 9.13361543203706e-21, nan 
-40.125, 83.375, 9.859881917506632e-21, nan 
-39.875, 83.375, 9.183653282472201e-21, nan 
-39.625, 83.375, 9.064319362477499e-21, nan 
-39.375, 83.375, 8.921405385814878e-21, nan 
-39.125, 83.375, 8.988918200451729e-21, nan 
-38.875, 83.375, 9.163469520975865e-21, nan 
-38.625, 83.375, 1.629141470001141e-20, nan 
-38.375, 83.375, 2.2601369065181386e-20, nan 
-38.125, 83.375, 2.5867143908216234e-20, nan 
-37.875, 83.375, 2.970823024057063e-20, nan 
-37.625, 83.375, 3.2121241358334816e-20, nan 
-37.375, 83.375, 3.127950182031451e-20, nan 
-37.125, 83.375, 3.173888796445993e-20, nan 
-36.875, 83.375, 3.333982614807792e-20, nan 
-36.625, 83.375, 3.330797131882594e-20, nan 
-36.375, 83.375, 2.855766349252486e-20, nan 
-36.125, 83.375, 2.9390999155729393e-20, nan 
-35.875, 83.375, 2.991853123547972e-20, nan 
-35.625, 83.375, 3.271352282328413e-20, nan 
-35.375, 83.375, 3.4073952039267297e-20, nan 
-35.125, 83.375, 3.396172572163057e-20, nan 
-34.875, 83.375, 3.5391654470014614e-20, nan 
-34.625, 83.375, 3.605980545043334e-20, nan 
-34.375, 83.375, 3.580020921265425e-20, nan 
-34.125, 83.375, 3.067796695284483e-20, nan 
-33.875, 83.375, 3.1272682420205264e-20, nan 
-33.625, 83.375, 2.76502197159215e-20, nan 
-33.375, 83.375, 2.438193723438223e-20, nan 
-33.125, 83.375, 2.341467814778803e-20, nan 
-32.875, 83.375, 2.538249462821747e-20, nan 
-32.625, 83.375, 2.721848132699354e-20, nan 
-32.375, 83.375, 2.7591166478348744e-20, nan 
-32.125, 83.375, 2.719557020793698e-20, nan 
-31.875, 83.375, 2.5804613200348e-20, nan 
-31.625, 83.375, 2.6315918579270932e-20, nan 
-31.375, 83.375, 3.019736386064984e-20, nan 
-31.125, 83.375, 2.766891129587385e-20, nan 
-30.875, 83.375, 2.6300034815113656e-20, nan 
-30.625, 83.375, 2.7410121395558637e-20, nan 
-30.375, 83.375, 2.951705690739905e-20, nan 
-30.125, 83.375, 3.310413831923458e-20, nan 
-29.875, 83.375, 3.530076010985304e-20, nan 
-29.625, 83.375, 3.618699088665955e-20, nan 
-29.375, 83.375, 2.901171841847119e-20, nan 
-29.125, 83.375, 2.5206253212032363e-20, nan 
-28.875, 83.375, 2.6220732175336162e-20, nan 
-28.625, 83.375, 2.7217961003820097e-20, nan 
-28.375, 83.375, 2.6776203931079863e-20, nan 
-28.125, 83.375, 2.7090859273677042e-20, nan 
-27.875, 83.375, 2.91519103284343e-20, nan 
-27.625, 83.375, 2.949625465249947e-20, nan 
-27.375, 83.375, 3.0943782533325905e-20, nan 
-27.125, 83.375, 2.6802736629435583e-20, nan 
-26.875, 83.375, 2.409491831410197e-20, nan 
-26.625, 83.375, 2.4555475879673378e-20, nan 
-26.375, 83.375, 2.4700946078922735e-20, nan 
-26.125, 83.375, 2.800049086809336e-20, nan 
-25.875, 83.375, 2.353713283710925e-20, nan 
-25.625, 83.375, 2.426060621134839e-20, nan 
-25.375, 83.375, 2.379214370023545e-20, nan 
-25.125, 83.375, 2.3703638520404363e-20, nan 
-24.875, 83.375, 2.406189395359527e-20, nan 
-24.625, 83.375, 2.602846104453977e-20, nan 
-24.375, 83.375, 2.7037906861580084e-20, nan 
-24.125, 83.375, 2.5944074955606267e-20, nan 
-23.875, 83.375, 2.7019677771855287e-20, nan 
-23.625, 83.375, 2.112596125613364e-20, nan 
-23.375, 83.375, 1.7239696060364763e-20, nan 
-23.125, 83.375, 1.6869882966292895e-20, nan 
-22.875, 83.375, 1.633772896262225e-20, nan 
-22.625, 83.375, 1.5378631675255738e-20, nan 
-22.375, 83.375, 1.2835735572160697e-20, nan 
-22.125, 83.375, 1.3248329690582546e-20, nan 
-21.875, 83.375, 1.5224348244753846e-20, nan 
-21.625, 83.375, 1.6608810686216272e-20, nan 
-21.375, 83.375, 1.3814279556578208e-20, nan 
-21.125, 83.375, 1.043391078426617e-20, nan 
-20.875, 83.375, 1.2049715793161436e-20, nan 
-20.625, 83.375, 1.4252746771073934e-20, nan 
-20.375, 83.375, 1.496942406631531e-20, nan 
-20.125, 83.375, 1.3805021054979884e-20, nan 
-19.875, 83.375, 1.285737614360622e-20, nan 
-19.625, 83.375, 1.2360286087090385e-20, nan 
-19.375, 83.375, 1.1862761488044352e-20, nan 
-19.125, 83.375, 1.2267131633628169e-20, nan 
-18.875, 83.375, 1.2483859004061162e-20, nan 
-18.625, 83.375, 1.3128310294002981e-20, nan 
-18.375, 83.375, 1.3686955909894422e-20, nan 
-18.125, 83.375, 1.4783646399465998e-20, nan 
-17.875, 83.375, 1.5530899621464748e-20, nan 
-17.625, 83.375, 1.5397853316377767e-20, nan 
-17.375, 83.375, 1.511235870047617e-20, nan 
-17.125, 83.375, 1.653887867361795e-20, nan 
-16.875, 83.375, 1.962704544436772e-20, nan 
-16.625, 83.375, 2.2263513096454523e-20, nan 
-16.375, 83.375, 2.143542275306611e-20, nan 
-16.125, 83.375, 1.9058531233087952e-20, nan 
-15.875, 83.375, 1.6818528589502783e-20, nan 
-15.625, 83.375, 1.678078946649929e-20, nan 
-15.375, 83.375, 1.7297548831208274e-20, nan 
-15.125, 83.375, 1.7981270985425867e-20, nan 
-14.875, 83.375, 1.7510368701646406e-20, nan 
-14.625, 83.375, 1.5301984028467554e-20, nan 
-14.375, 83.375, 1.531337389423783e-20, nan 
-14.125, 83.375, 1.514884245563605e-20, nan 
-13.875, 83.375, 1.3628251256660902e-20, nan 
-13.625, 83.375, 1.1427071620527378e-20, nan 
-13.375, 83.375, 1.0189759676349024e-20, nan 
-13.125, 83.375, 1.0051572596299636e-20, nan 
-12.875, 83.375, 1.0039507484263739e-20, nan 
-12.625, 83.375, 1.0643276766511794e-20, nan 
-12.375, 83.375, 9.297016526933482e-21, nan 
-12.125, 83.375, 8.676715185627232e-21, nan 
-11.875, 83.375, 8.570906485745189e-21, nan 
-11.625, 83.375, 8.518249974387156e-21, nan 
-11.375, 83.375, 8.336810166502075e-21, nan 
-11.125, 83.375, 8.421895710882158e-21, nan 
-10.875, 83.375, 8.556607442569549e-21, nan 
-10.625, 83.375, 8.48844820076394e-21, nan 
-10.375, 83.375, 7.947328925973002e-21, nan 
-10.125, 83.375, 7.904322826444664e-21, nan 
-9.875, 83.375, 8.068330285357494e-21, nan 
-9.625, 83.375, 8.128981959206068e-21, nan 
-9.375, 83.375, 8.038502921489052e-21, nan 
-9.125, 83.375, 7.737693428440868e-21, nan 
-8.875, 83.375, 7.354664186057754e-21, nan 
-8.625, 83.375, 7.230164816603101e-21, nan 
-8.375, 83.375, 7.290020469495832e-21, nan 
-8.125, 83.375, 6.6926928025826015e-21, nan 
-7.875, 83.375, 6.357012891752917e-21, nan 
-7.625, 83.375, 6.133562891684341e-21, nan 
-7.375, 83.375, 6.023420903932679e-21, nan 
-7.125, 83.375, 6.188894657591901e-21, nan 
-6.875, 83.375, 5.81049475927485e-21, nan 
-6.625, 83.375, 5.501850623297277e-21, nan 
-6.375, 83.375, 5.371287024877657e-21, nan 
-6.125, 83.375, 5.4416712148622215e-21, nan 
-5.875, 83.375, 5.1139126566191444e-21, nan 
-5.625, 83.375, 4.948096831193733e-21, nan 
-5.375, 83.375, 4.81400529065744e-21, nan 
-5.125, 83.375, 4.3832883208435084e-21, nan 
-4.875, 83.375, 4.280015127483793e-21, nan 
-4.625, 83.375, 4.8422849497001556e-21, nan 
-4.375, 83.375, 5.12305952028591e-21, nan 
-4.125, 83.375, 5.208664681624498e-21, nan 
-3.875, 83.375, 5.519497720148831e-21, nan 
-3.625, 83.375, 5.015053681919603e-21, nan 
-3.375, 83.375, 4.9877135419808875e-21, nan 
-3.125, 83.375, 5.5735583885165724e-21, nan 
-2.875, 83.375, 5.7696207056911686e-21, nan 
-2.625, 83.375, 5.4916152430531115e-21, nan 
-2.375, 83.375, 6.039521314159447e-21, nan 
-2.125, 83.375, 6.335180682868581e-21, nan 
-1.875, 83.375, 5.858715084745112e-21, nan 
-1.625, 83.375, 6.278899057153749e-21, nan 
-1.375, 83.375, 6.650752658893699e-21, nan 
-1.125, 83.375, 6.6997879942119275e-21, nan 
-0.875, 83.375, 6.0865917352394256e-21, nan 
-0.625, 83.375, 6.166425591325215e-21, nan 
-0.375, 83.375, 6.5716045044492795e-21, nan 
-0.125, 83.375, 6.396046390237996e-21, nan 
0.125, 83.375, 6.0483300446261266e-21, nan 
0.375, 83.375, 5.5665618263065775e-21, nan 
0.625, 83.375, 5.537044898849348e-21, nan 
0.875, 83.375, 6.170450076734085e-21, nan 
1.125, 83.375, 6.2076579304510245e-21, nan 
1.375, 83.375, 5.804086016571155e-21, nan 
1.625, 83.375, 5.235881834266349e-21, nan 
1.875, 83.375, 5.4574523574798205e-21, nan 
2.125, 83.375, 5.719441086540843e-21, nan 
2.375, 83.375, 5.825716872547144e-21, nan 
2.625, 83.375, 5.849915033283578e-21, nan 
2.875, 83.375, 5.498711507775604e-21, nan 
3.125, 83.375, 5.2867934550742056e-21, nan 
3.375, 83.375, 5.126022525007363e-21, nan 
3.625, 83.375, 5.198418462636104e-21, nan 
3.875, 83.375, 5.097893700634019e-21, nan 
4.125, 83.375, 5.312079091048966e-21, nan 
4.375, 83.375, 4.8248155676850634e-21, nan 
4.625, 83.375, 4.203758524016782e-21, nan 
4.875, 83.375, 4.038380104954199e-21, nan 
5.125, 83.375, 4.521574898809986e-21, nan 
5.375, 83.375, 4.558397376824268e-21, nan 
5.625, 83.375, 4.7003100595186216e-21, nan 
5.875, 83.375, 4.767709101634148e-21, nan 
6.125, 83.375, 4.032441670688959e-21, nan 
6.375, 83.375, 4.058731954947892e-21, nan 
6.625, 83.375, 4.104459618659875e-21, nan 
6.875, 83.375, 4.220560594647252e-21, nan 
7.125, 83.375, 3.841227701127304e-21, nan 
7.375, 83.375, 3.860263281051488e-21, nan 
7.625, 83.375, 4.045153470448072e-21, nan 
7.875, 83.375, 3.9124216773160485e-21, nan 
8.125, 83.375, 3.8382621883599435e-21, nan 
8.375, 83.375, 3.652311840022168e-21, nan 
8.625, 83.375, 3.567145856750411e-21, nan 
8.875, 83.375, 3.475168398728598e-21, nan 
9.125, 83.375, 3.522068346421794e-21, nan 
9.375, 83.375, 3.2995654372615766e-21, nan 
9.625, 83.375, 3.315773333301545e-21, nan 
9.875, 83.375, 3.321684359054496e-21, nan 
10.125, 83.375, 3.232705087405509e-21, nan 
10.375, 83.375, 3.0368969806356015e-21, nan 
10.625, 83.375, 3.050248099504684e-21, nan 
10.875, 83.375, 2.8207504145094884e-21, nan 
11.125, 83.375, 2.82377168669593e-21, nan 
11.375, 83.375, 2.7993047619699108e-21, nan 
11.625, 83.375, 2.712948327291171e-21, nan 
11.875, 83.375, 2.5672106085277143e-21, nan 
12.125, 83.375, 2.390541515259158e-21, nan 
12.375, 83.375, 2.2404867392991086e-21, nan 
12.625, 83.375, 2.1991394796359567e-21, nan 
12.875, 83.375, 2.1835313739724757e-21, nan 
13.125, 83.375, 2.0518227171954227e-21, nan 
13.375, 83.375, 1.8685053091489038e-21, nan 
13.625, 83.375, 1.882041433240561e-21, nan 
13.875, 83.375, 1.9701231318839975e-21, nan 
14.125, 83.375, 2.0381698340446348e-21, nan 
14.375, 83.375, 2.0137938089281006e-21, nan 
14.625, 83.375, 1.9701285316302745e-21, nan 
14.875, 83.375, 1.8982068559130394e-21, nan 
15.125, 83.375, 2.0288895103722804e-21, nan 
15.375, 83.375, 2.1411627282909336e-21, nan 
15.625, 83.375, 1.9918524939324294e-21, nan 
15.875, 83.375, 1.8124408375732787e-21, nan 
16.125, 83.375, 1.8756743611409523e-21, nan 
16.375, 83.375, 2.0076575937983876e-21, nan 
16.625, 83.375, 1.8646879172315686e-21, nan 
16.875, 83.375, 1.640718999786384e-21, nan 
17.125, 83.375, 1.3404865561372115e-21, nan 
17.375, 83.375, 1.1769651256693733e-21, nan 
17.625, 83.375, 1.200976983562594e-21, nan 
17.875, 83.375, 1.3174033898887765e-21, nan 
18.125, 83.375, 1.1018539502248823e-21, nan 
18.375, 83.375, 1.1747312144962745e-21, nan 
18.625, 83.375, 1.0200781012621204e-21, nan 
18.875, 83.375, 8.867876822027338e-22, nan 
19.125, 83.375, 6.996446140845583e-22, nan 
19.375, 83.375, 6.44004572880784e-22, nan 
19.625, 83.375, 6.6930787346662865e-22, nan 
19.875, 83.375, 7.136819103800812e-22, nan 
20.125, 83.375, 7.692458749149179e-22, nan 
20.375, 83.375, 5.869322806118211e-22, nan 
20.625, 83.375, 5.440074860267058e-22, nan 
20.875, 83.375, 5.39982609161405e-22, nan 
21.125, 83.375, 5.392155626530278e-22, nan 
21.375, 83.375, 6.377659653164966e-22, nan 
21.625, 83.375, 7.458003093212604e-22, nan 
21.875, 83.375, 7.735600007236579e-22, nan 
22.125, 83.375, 7.360874418794001e-22, nan 
22.375, 83.375, 7.264291711786477e-22, nan 
22.625, 83.375, 7.589980632684993e-22, nan 
22.875, 83.375, 7.712487095955943e-22, nan 
23.125, 83.375, 7.80538730230299e-22, nan 
23.375, 83.375, 8.261191867912749e-22, nan 
23.625, 83.375, 8.470393562155019e-22, nan 
23.875, 83.375, 8.2032868259845595e-22, nan 
24.125, 83.375, 7.769420797447998e-22, nan 
24.375, 83.375, 7.431384010517646e-22, nan 
24.625, 83.375, 7.25203048387618e-22, nan 
24.875, 83.375, 6.919856791924359e-22, nan 
25.125, 83.375, 6.523928973151456e-22, nan 
25.375, 83.375, 6.264108721964038e-22, nan 
25.625, 83.375, 6.324294406459709e-22, nan 
25.875, 83.375, 5.784863933163775e-22, nan 
26.125, 83.375, 5.3404948705242405e-22, nan 
26.375, 83.375, 5.044223162006672e-22, nan 
26.625, 83.375, 5.17938850713682e-22, nan 
26.875, 83.375, 4.767798659455743e-22, nan 
27.125, 83.375, 4.431961454952766e-22, nan 
27.375, 83.375, 4.364172420591282e-22, nan 
27.625, 83.375, 4.107511886291544e-22, nan 
27.875, 83.375, 3.786398920063762e-22, nan 
28.125, 83.375, 3.6361076064941324e-22, nan 
28.375, 83.375, 3.752763375299626e-22, nan 
28.625, 83.375, 3.450810893161871e-22, nan 
28.875, 83.375, 3.21444268661428e-22, nan 
29.125, 83.375, 3.0936140416898303e-22, nan 
29.375, 83.375, 2.9303839458915696e-22, nan 
29.625, 83.375, 2.729135394971633e-22, nan 
29.875, 83.375, 2.623328373090948e-22, nan 
30.125, 83.375, 2.401547430815086e-22, nan 
30.375, 83.375, 2.2979819855517807e-22, nan 
30.625, 83.375, 2.0917514313400738e-22, nan 
30.875, 83.375, 2.0745460358877066e-22, nan 
31.125, 83.375, 1.9277463250355252e-22, nan 
31.375, 83.375, 1.911632996891152e-22, nan 
31.625, 83.375, 1.897043164526902e-22, nan 
31.875, 83.375, 1.7787689283511108e-22, nan 
32.125, 83.375, 1.7160894475843754e-22, nan 
32.375, 83.375, 1.7067526637616972e-22, nan 
32.625, 83.375, 1.7196220070723927e-22, nan 
32.875, 83.375, 1.6505843557186886e-22, nan 
33.125, 83.375, 1.6245925066210634e-22, nan 
33.375, 83.375, 1.4951119845760187e-22, nan 
33.625, 83.375, 1.5769637777225465e-22, nan 
33.875, 83.375, 1.6042396802217976e-22, nan 
34.125, 83.375, 1.527077540383957e-22, nan 
34.375, 83.375, 1.4256054009792593e-22, nan 
34.625, 83.375, 1.3037708654708958e-22, nan 
34.875, 83.375, 1.2541886452283786e-22, nan 
35.125, 83.375, 1.1441934674260827e-22, nan 
35.375, 83.375, 1.126850800619456e-22, nan 
35.625, 83.375, 1.0988101983956105e-22, nan 
35.875, 83.375, 1.0454962957833011e-22, nan 
36.125, 83.375, 1.0663044849599462e-22, nan 
36.375, 83.375, 1.0517451484138154e-22, nan 
36.625, 83.375, 1.0565952612112498e-22, nan 
36.875, 83.375, 9.517459535715433e-23, nan 
37.125, 83.375, 8.715477710971625e-23, nan 
37.375, 83.375, 7.836460499573795e-23, nan 
37.625, 83.375, 7.639515991494583e-23, nan 
37.875, 83.375, 8.256365110924648e-23, nan 
38.125, 83.375, 8.773945963550819e-23, nan 
38.375, 83.375, 9.92320821036912e-23, nan 
38.625, 83.375, 1.0534556841172121e-22, nan 
38.875, 83.375, 1.2640362439460022e-22, nan 
39.125, 83.375, 1.5239927777108103e-22, nan 
39.375, 83.375, 1.6481191316016236e-22, nan 
39.625, 83.375, 1.7447694454411033e-22, nan 
39.875, 83.375, 1.6744336134920515e-22, nan 
40.125, 83.375, 1.8554432483660071e-22, nan 
40.375, 83.375, 2.3170692546556765e-22, nan 
40.625, 83.375, 2.506580111857466e-22, nan 
40.875, 83.375, 2.7161942620083037e-22, nan 
41.125, 83.375, 3.366237967908906e-22, nan 
41.375, 83.375, 3.8792911938865003e-22, nan 
41.625, 83.375, 3.940556844517628e-22, nan 
41.875, 83.375, 3.886055860493427e-22, nan 
42.125, 83.375, 4.0721110096865233e-22, nan 
42.375, 83.375, 4.122075779091982e-22, nan 
42.625, 83.375, 3.7048074653085175e-22, nan 
42.875, 83.375, 3.621887997874456e-22, nan 
43.125, 83.375, 3.5766532180218977e-22, nan 
43.375, 83.375, 3.6513423665230746e-22, nan 
43.625, 83.375, 4.1107723588468735e-22, nan 
43.875, 83.375, 3.965675416871112e-22, nan 
44.125, 83.375, 3.803166283735724e-22, nan 
44.375, 83.375, 3.896021346466808e-22, nan 
44.625, 83.375, 3.954861829591345e-22, nan 
44.875, 83.375, 3.404274526111641e-22, nan 
45.125, 83.375, 3.273364852594922e-22, nan 
45.375, 83.375, 3.2071691979333553e-22, nan 
45.625, 83.375, 2.841160686905639e-22, nan 
45.875, 83.375, 2.8066844919760446e-22, nan 
46.125, 83.375, 2.5728218036960977e-22, nan 
46.375, 83.375, 2.688629913933892e-22, nan 
46.625, 83.375, 2.6757200356340396e-22, nan 
46.875, 83.375, 2.236602002895376e-22, nan 
47.125, 83.375, 2.0328575635040448e-22, nan 
47.375, 83.375, 1.9905977553643124e-22, nan 
47.625, 83.375, 1.8581488171926032e-22, nan 
47.875, 83.375, 1.823372235189634e-22, nan 
48.125, 83.375, 1.6609977237924018e-22, nan 
48.375, 83.375, 1.7971958517579197e-22, nan 
48.625, 83.375, 1.8375280595547517e-22, nan 
48.875, 83.375, 1.825779875945581e-22, nan 
49.125, 83.375, 3.2434864095998227e-22, nan 
49.375, 83.375, 2.012328394160479e-22, nan 
49.625, 83.375, 1.703986943974411e-22, nan 
49.875, 83.375, 1.7317209805901176e-22, nan 
50.125, 83.375, 1.48237104108872e-22, nan 
50.375, 83.375, 1.3611683440851337e-22, nan 
50.625, 83.375, 2.0475966682648105e-22, nan 
50.875, 83.375, 2.2717762070331466e-22, nan 
51.125, 83.375, 1.50119954255718e-22, nan 
51.375, 83.375, 1.2074525270888508e-22, nan 
51.625, 83.375, 2.0357344333905313e-22, nan 
51.875, 83.375, 2.57229673416526e-22, nan 
52.125, 83.375, 2.0456485522846157e-22, nan 
52.375, 83.375, 1.8840879731400512e-22, nan 
52.625, 83.375, 3.059628093039571e-22, nan 
52.875, 83.375, 3.296968682825682e-22, nan 
53.125, 83.375, 2.4332647812822133e-22, nan 
53.375, 83.375, 1.9615844848127484e-22, nan 
53.625, 83.375, 1.8270540063165342e-22, nan 
53.875, 83.375, 1.111298632246859e-22, nan 
54.125, 83.375, 1.91439444319861e-22, nan 
54.375, 83.375, 2.363266657866757e-22, nan 
54.625, 83.375, 2.288547446547632e-22, nan 
54.875, 83.375, 3.9885405494665618e-22, nan 
55.125, 83.375, 4.74083039157118e-22, nan 
55.375, 83.375, 3.1279082697912117e-22, nan 
55.625, 83.375, 2.943786302896512e-22, nan 
55.875, 83.375, 2.946161800358472e-22, nan 
56.125, 83.375, 2.265946381168137e-22, nan 
56.375, 83.375, 1.9458020971860409e-22, nan 
56.625, 83.375, 2.5768356385478796e-22, nan 
56.875, 83.375, 2.30806068642619e-22, nan 
57.125, 83.375, 1.9661770582926877e-22, nan 
57.375, 83.375, 2.287341983406331e-22, nan 
57.625, 83.375, 1.686826517391742e-22, nan 
57.875, 83.375, 1.7019547787833552e-22, nan 
58.125, 83.375, 1.7683209665916074e-22, nan 
58.375, 83.375, 1.3678649584690711e-22, nan 
58.625, 83.375, 1.3412481161738432e-22, nan 
58.875, 83.375, 1.6733683750848402e-22, nan 
59.125, 83.375, 1.6137817351687964e-22, nan 
59.375, 83.375, 1.138329221843141e-22, nan 
59.625, 83.375, 1.1158616838551916e-22, nan 
59.875, 83.375, 1.2924168051056475e-22, nan 
60.125, 83.375, 1.1697259761678237e-22, nan 
60.375, 83.375, 1.3396409948749945e-22, nan 
60.625, 83.375, 1.4972330754081654e-22, nan 
60.875, 83.375, 2.143603289527357e-22, nan 
61.125, 83.375, 1.9717446892201606e-22, nan 
61.375, 83.375, 1.771044010052641e-22, nan 
61.625, 83.375, 2.0065489302460385e-22, nan 
61.875, 83.375, 1.3553884300179552e-22, nan 
62.125, 83.375, 1.3154569934010627e-22, nan 
62.375, 83.375, 1.5743314919665691e-22, nan 
62.625, 83.375, 1.5690062514807147e-22, nan 
62.875, 83.375, 1.539063414460964e-22, nan 
63.125, 83.375, 2.0574861842150781e-22, nan 
63.375, 83.375, 2.176298370450183e-22, nan 
63.625, 83.375, 1.2851485499706913e-22, nan 
63.875, 83.375, 1.5710902095309177e-22, nan 
64.125, 83.375, 1.4836576324077212e-22, nan 
64.375, 83.375, 1.400736563034078e-22, nan 
64.625, 83.375, 1.8929868562800464e-22, nan 
64.875, 83.375, 2.006912907551428e-22, nan 
65.125, 83.375, 1.9731725541981402e-22, nan 
65.375, 83.375, 7.897540076525249e-23, nan 
65.625, 83.375, 6.340114943030882e-23, nan 
65.875, 83.375, 6.402216212057665e-23, nan 
66.125, 83.375, 9.922645014093129e-23, nan 
66.375, 83.375, 8.387269938662623e-23, nan 
66.625, 83.375, 9.090207814547072e-23, nan 
66.875, 83.375, 9.237972572508221e-23, nan 
67.125, 83.375, 9.331309292415231e-23, nan 
67.375, 83.375, 1.41404352824152e-22, nan 
67.625, 83.375, 1.3138991258863996e-22, nan 
67.875, 83.375, 1.1298353751263548e-22, nan 
68.125, 83.375, 1.2165819747510167e-22, nan 
68.375, 83.375, 1.3607215603812767e-22, nan 
68.625, 83.375, 1.5769884701476136e-22, nan 
68.875, 83.375, 2.0410178394902829e-22, nan 
69.125, 83.375, 2.2202519577695235e-22, nan 
69.375, 83.375, 2.2608259784627946e-22, nan 
69.625, 83.375, 1.9216646253782094e-22, nan 
69.875, 83.375, 1.660392433762211e-22, nan 
70.125, 83.375, 1.6993953011717563e-22, nan 
70.375, 83.375, 1.771388027462341e-22, nan 
70.625, 83.375, 2.226225796700868e-22, nan 
70.875, 83.375, 2.5906060490864372e-22, nan 
71.125, 83.375, 2.103190312844744e-22, nan 
71.375, 83.375, 2.184051380460526e-22, nan 
71.625, 83.375, 1.9753204764548448e-22, nan 
71.875, 83.375, 1.314303347018273e-22, nan 
72.125, 83.375, 8.842962505109469e-23, nan 
72.375, 83.375, 6.185251103609315e-23, nan 
72.625, 83.375, 6.150991012956482e-23, nan 
72.875, 83.375, 6.060064688718093e-23, nan 
73.125, 83.375, 3.768560073879157e-23, nan 
73.375, 83.375, 4.644918974483869e-23, nan 
73.625, 83.375, 5.66980255745337e-23, nan 
73.875, 83.375, 6.017281032025487e-23, nan 
74.125, 83.375, 6.531867519971188e-23, nan 
74.375, 83.375, 6.380838925278163e-23, nan 
74.625, 83.375, 5.796219043843492e-23, nan 
74.875, 83.375, 6.157934072366488e-23, nan 
75.125, 83.375, 5.844721960462408e-23, nan 
75.375, 83.375, 5.288466537046721e-23, nan 
75.625, 83.375, 4.9298829568768056e-23, nan 
75.875, 83.375, 7.156051421687412e-23, nan 
76.125, 83.375, 8.474136226089252e-23, nan 
76.375, 83.375, 1.0496891923060759e-22, nan 
76.625, 83.375, 1.1323208992006025e-22, nan 
76.875, 83.375, 1.1237147943478554e-22, nan 
77.125, 83.375, 1.0390056787198726e-22, nan 
77.375, 83.375, 9.603559749533471e-23, nan 
77.625, 83.375, 1.147801222941104e-22, nan 
77.875, 83.375, 9.550060605931807e-23, nan 
78.125, 83.375, 7.90727119358798e-23, nan 
78.375, 83.375, 9.137252044360776e-23, nan 
78.625, 83.375, 7.855321898428634e-23, nan 
78.875, 83.375, 8.941211861617291e-23, nan 
79.125, 83.375, 9.792951272460712e-23, nan 
79.375, 83.375, 8.135180890203807e-23, nan 
79.625, 83.375, 7.825798490119526e-23, nan 
79.875, 83.375, 9.84430393327199e-23, nan 
80.125, 83.375, 8.561621125991828e-23, nan 
80.375, 83.375, 8.08317185321369e-23, nan 
80.625, 83.375, 8.276255507321029e-23, nan 
80.875, 83.375, 8.588087264857602e-23, nan 
81.125, 83.375, 8.950788166965971e-23, nan 
81.375, 83.375, 9.815210599819496e-23, nan 
81.625, 83.375, 1.0054612426080164e-22, nan 
81.875, 83.375, 5.57336230567746e-23, nan 
82.125, 83.375, 1.030742437111814e-22, nan 
82.375, 83.375, 6.775429024315547e-23, nan 
82.625, 83.375, 6.929847142874064e-23, nan 
82.875, 83.375, 8.789757370329427e-23, nan 
83.125, 83.375, 8.839863513815325e-23, nan 
83.375, 83.375, 6.604490699863023e-23, nan 
83.625, 83.375, 8.522457786783673e-23, nan 
83.875, 83.375, 1.0382397902865303e-22, nan 
84.125, 83.375, 4.0723114036520864e-23, nan 
84.375, 83.375, 7.436023875178493e-23, nan 
84.625, 83.375, 4.8415233713797714e-23, nan 
84.875, 83.375, 4.9272760694593817e-23, nan 
85.125, 83.375, 5.92443192042862e-23, nan 
85.375, 83.375, 5.696142253437242e-23, nan 
85.625, 83.375, 4.781775362121236e-23, nan 
85.875, 83.375, 5.2280317963516906e-23, nan 
86.125, 83.375, 5.927020678238746e-23, nan 
86.375, 83.375, 4.2759793307731285e-23, nan 
86.625, 83.375, 6.446030175087646e-23, nan 
86.875, 83.375, 4.294670330416216e-23, nan 
87.125, 83.375, 5.176143686842464e-23, nan 
87.375, 83.375, 4.2613542496108275e-23, nan 
87.625, 83.375, 4.440872694633836e-23, nan 
87.875, 83.375, 5.650862940844005e-23, nan 
88.125, 83.375, 5.781658545417228e-23, nan 
88.375, 83.375, 5.31162654162069e-23, nan 
88.625, 83.375, 5.35966247406042e-23, nan 
88.875, 83.375, 6.353353673429389e-23, nan 
89.125, 83.375, 7.015590467743435e-23, nan 
89.375, 83.375, 5.499823176357875e-23, nan 
89.625, 83.375, 6.085079881953167e-23, nan 
89.875, 83.375, 6.774484538322959e-23, nan 
90.125, 83.375, 6.116197012288859e-23, nan 
90.375, 83.375, 6.656824053242852e-23, nan 
90.625, 83.375, 7.845462447833426e-23, nan 
90.875, 83.375, 8.452446396925694e-23, nan 
91.125, 83.375, 3.3968404777273705e-23, nan 
91.375, 83.375, 2.3941077985442494e-23, nan 
91.625, 83.375, 2.1041999657629882e-23, nan 
91.875, 83.375, 2.3462377925821116e-23, nan 
92.125, 83.375, 3.2739182703184635e-23, nan 
92.375, 83.375, 3.630773661875585e-23, nan 
92.625, 83.375, 2.066919218121955e-23, nan 
92.875, 83.375, 4.805755829244222e-23, nan 
93.125, 83.375, 2.4824025095088963e-23, nan 
93.375, 83.375, 4.031881447259007e-23, nan 
93.625, 83.375, 4.674135942225231e-23, nan 
93.875, 83.375, 4.5948894915104456e-23, nan 
94.125, 83.375, 3.2623211978357995e-23, nan 
94.375, 83.375, 3.5612732760421363e-23, nan 
94.625, 83.375, 4.298106557029111e-23, nan 
94.875, 83.375, 4.2755839956415557e-23, nan 
95.125, 83.375, 3.7438534462223645e-23, nan 
95.375, 83.375, 3.83920934609026e-23, nan 
95.625, 83.375, 4.1618437987873223e-23, nan 
95.875, 83.375, 4.106831674119248e-23, nan 
96.125, 83.375, 3.801542824375993e-23, nan 
96.375, 83.375, 2.790587886293138e-23, nan 
96.625, 83.375, 2.6128474740178175e-23, nan 
96.875, 83.375, 2.6984754090185185e-23, nan 
97.125, 83.375, 1.657354255494359e-23, nan 
97.375, 83.375, 2.4869685346066502e-23, nan 
97.625, 83.375, 2.802093406858879e-23, nan 
97.875, 83.375, 3.0821127199306345e-23, nan 
98.125, 83.375, 4.1099518299961094e-23, nan 
98.375, 83.375, 4.740463812195585e-23, nan 
98.625, 83.375, 4.25563799454814e-23, nan 
98.875, 83.375, 3.908054061930562e-23, nan 
99.125, 83.375, 3.727570042988708e-23, nan 
99.375, 83.375, 3.658871600220825e-23, nan 
99.625, 83.375, 4.5726584345110195e-23, nan 
99.875, 83.375, 4.812077150014704e-23, nan 
100.125, 83.375, 4.5184686671832463e-23, nan 
100.375, 83.375, 4.342065263100246e-23, nan 
100.625, 83.375, 4.586143735908819e-23, nan 
100.875, 83.375, 5.552500665206022e-23, nan 
101.125, 83.375, 5.449136875866927e-23, nan 
101.375, 83.375, 4.8820318736922884e-23, nan 
101.625, 83.375, 4.822176632836552e-23, nan 
101.875, 83.375, 5.256263822319421e-23, nan 
102.125, 83.375, 5.381027295974068e-23, nan 
102.375, 83.375, 5.147609987132152e-23, nan 
102.625, 83.375, 4.583344225698472e-23, nan 
102.875, 83.375, 3.390212484368801e-23, nan 
103.125, 83.375, 3.078036228720407e-23, nan 
103.375, 83.375, 3.148848330961448e-23, nan 
103.625, 83.375, 3.165552294819131e-23, nan 
103.875, 83.375, 3.543793266551758e-23, nan 
104.125, 83.375, 4.402106376298789e-23, nan 
104.375, 83.375, 5.619772070934729e-23, nan 
104.625, 83.375, 5.243837313543633e-23, nan 
104.875, 83.375, 4.9587155989324727e-23, nan 
105.125, 83.375, 5.44263234565976e-23, nan 
105.375, 83.375, 5.556871093668069e-23, nan 
105.625, 83.375, 6.336740666727233e-23, nan 
105.875, 83.375, 6.637914427320945e-23, nan 
106.125, 83.375, 7.090815502042038e-23, nan 
106.375, 83.375, 7.083638408815274e-23, nan 
106.625, 83.375, 7.361784396280483e-23, nan 
106.875, 83.375, 7.421544044795682e-23, nan 
107.125, 83.375, 1.0603669837021953e-22, nan 
107.375, 83.375, 9.169027432879842e-23, nan 
107.625, 83.375, 8.106988801529741e-23, nan 
107.875, 83.375, 9.535124054856394e-23, nan 
108.125, 83.375, 1.0327373949678974e-22, nan 
108.375, 83.375, 9.659155611825545e-23, nan 
108.625, 83.375, 7.645527074029334e-23, nan 
108.875, 83.375, 4.712596142757071e-23, nan 
109.125, 83.375, 3.730106015331896e-23, nan 
109.375, 83.375, 7.476209900186341e-23, nan 
109.625, 83.375, 5.116534239516055e-23, nan 
109.875, 83.375, 4.057015077215735e-23, nan 
110.125, 83.375, 3.929714883693095e-23, nan 
110.375, 83.375, 5.422874043458249e-23, nan 
110.625, 83.375, 4.565651942689663e-23, nan 
110.875, 83.375, 3.7097651629595745e-23, nan 
111.125, 83.375, 7.06047363378307e-23, nan 
111.375, 83.375, 5.691987855364345e-23, nan 
111.625, 83.375, 6.214679918926897e-23, nan 
111.875, 83.375, 7.032602512761584e-23, nan 
112.125, 83.375, 8.270040608582137e-23, nan 
112.375, 83.375, 8.311256221554141e-23, nan 
112.625, 83.375, 8.004279050858518e-23, nan 
112.875, 83.375, 8.316009990969752e-23, nan 
113.125, 83.375, 8.685755852804154e-23, nan 
113.375, 83.375, 9.226831377861782e-23, nan 
113.625, 83.375, 8.218999130324972e-23, nan 
113.875, 83.375, 7.611423857231388e-23, nan 
114.125, 83.375, 7.225168398433995e-23, nan 
114.375, 83.375, 7.180125432192404e-23, nan 
114.625, 83.375, 7.29117948111547e-23, nan 
114.875, 83.375, 6.600763443155197e-23, nan 
115.125, 83.375, 6.730855931893036e-23, nan 
115.375, 83.375, 6.949816900709281e-23, nan 
115.625, 83.375, 6.842986174759404e-23, nan 
115.875, 83.375, 7.248536808684381e-23, nan 
116.125, 83.375, 7.240523419271523e-23, nan 
116.375, 83.375, 7.259157771491756e-23, nan 
116.625, 83.375, 7.438596009842627e-23, nan 
116.875, 83.375, 6.95160650551939e-23, nan 
117.125, 83.375, 6.773036257175582e-23, nan 
117.375, 83.375, 6.01267776462979e-23, nan 
117.625, 83.375, 6.012177250264044e-23, nan 
117.875, 83.375, 5.455095378219218e-23, nan 
118.125, 83.375, 8.197950282664362e-23, nan 
118.375, 83.375, 7.725815082075827e-23, nan 
118.625, 83.375, 6.362349636785759e-23, nan 
118.875, 83.375, 6.148031228637674e-23, nan 
119.125, 83.375, 6.208001597981286e-23, nan 
119.375, 83.375, 4.0311010474477e-23, nan 
119.625, 83.375, 2.715512702687757e-23, nan 
119.875, 83.375, 1.51536807193376e-23, nan 
120.125, 83.375, 1.832124449814691e-23, nan 
120.375, 83.375, 1.8401363999424032e-23, nan 
120.625, 83.375, 1.632995779723115e-23, nan 
120.875, 83.375, 1.2465718890425405e-23, nan 
121.125, 83.375, 1.3016163972097395e-23, nan 
121.375, 83.375, 1.555945808699113e-23, nan 
121.625, 83.375, 1.5788536154361795e-23, nan 
121.875, 83.375, 8.045780530640053e-24, nan 
122.125, 83.375, 5.463612709831286e-24, nan 
122.375, 83.375, 7.524075711425993e-24, nan 
122.625, 83.375, 9.161484545093453e-24, nan 
122.875, 83.375, 8.289123484840965e-24, nan 
123.125, 83.375, 1.822070658415027e-23, nan 
123.375, 83.375, 2.841065842204893e-23, nan 
123.625, 83.375, 3.087874393605219e-23, nan 
123.875, 83.375, 2.578680726939741e-23, nan 
124.125, 83.375, 2.199601519287452e-23, nan 
124.375, 83.375, 1.8747754939934417e-23, nan 
124.625, 83.375, 1.5078821481400533e-23, nan 
124.875, 83.375, 1.467064028171628e-23, nan 
125.125, 83.375, 8.656763850683481e-24, nan 
125.375, 83.375, 6.334923650353828e-24, nan 
125.625, 83.375, 5.577916026029706e-24, nan 
125.875, 83.375, 6.818505059783446e-24, nan 
126.125, 83.375, 7.507609754252436e-24, nan 
126.375, 83.375, 6.687840451349321e-24, nan 
126.625, 83.375, 5.53534439944212e-24, nan 
126.875, 83.375, 6.906507132090391e-24, nan 
127.125, 83.375, 8.775964615988913e-24, nan 
127.375, 83.375, 9.091682098090705e-24, nan 
127.625, 83.375, 1.0252009261012444e-23, nan 
127.875, 83.375, 1.1454420934026594e-23, nan 
128.125, 83.375, 1.1002835398166332e-23, nan 
128.375, 83.375, 9.164759248749899e-24, nan 
128.625, 83.375, 8.540433262382487e-24, nan 
128.875, 83.375, 1.0328796649361261e-23, nan 
129.125, 83.375, 8.600800691681548e-24, nan 
129.375, 83.375, 1.0387982879057928e-23, nan 
129.625, 83.375, 1.1391386852140884e-23, nan 
129.875, 83.375, 1.246625445666099e-23, nan 
130.125, 83.375, 1.536860166735315e-23, nan 
130.375, 83.375, 1.5666018814654174e-23, nan 
130.625, 83.375, 2.2123660894230416e-23, nan 
130.875, 83.375, 2.3339924032553897e-23, nan 
131.125, 83.375, 2.513568072315144e-23, nan 
131.375, 83.375, 2.4975107395955763e-23, nan 
131.625, 83.375, 3.0975051840369934e-23, nan 
131.875, 83.375, 3.377105500475559e-23, nan 
132.125, 83.375, 3.545070695059887e-23, nan 
132.375, 83.375, 3.710289422662801e-23, nan 
132.625, 83.375, 3.901890900303563e-23, nan 
132.875, 83.375, 3.7654543644575266e-23, nan 
133.125, 83.375, 2.9144563138167556e-23, nan 
133.375, 83.375, 3.932459790725865e-23, nan 
133.625, 83.375, 4.2928697174818085e-23, nan 
133.875, 83.375, 3.6216126756011635e-23, nan 
134.125, 83.375, 3.6917069380839914e-23, nan 
134.375, 83.375, 2.537460324186741e-23, nan 
134.625, 83.375, 2.2041333179688325e-23, nan 
134.875, 83.375, 2.1795364773600417e-23, nan 
135.125, 83.375, 2.085513768297121e-23, nan 
135.375, 83.375, 1.6846671840554188e-23, nan 
135.625, 83.375, 2.0830639821868667e-23, nan 
135.875, 83.375, 2.2270069600835458e-23, nan 
136.125, 83.375, 1.8404742102330105e-23, nan 
136.375, 83.375, 1.9177385991878793e-23, nan 
136.625, 83.375, 1.4192627719855102e-23, nan 
136.875, 83.375, 1.3082367588378794e-23, nan 
137.125, 83.375, 1.1372958998374486e-23, nan 
137.375, 83.375, 8.007495245607096e-24, nan 
137.625, 83.375, 7.975187162061977e-24, nan 
137.875, 83.375, 7.728918908750084e-24, nan 
138.125, 83.375, 5.403235389237206e-24, nan 
138.375, 83.375, 3.102199610571922e-24, nan 
138.625, 83.375, 3.827186964978058e-24, nan 
138.875, 83.375, 4.979453625898345e-24, nan 
139.125, 83.375, 6.597090825653796e-24, nan 
139.375, 83.375, 5.21973470081396e-24, nan 
139.625, 83.375, 5.414464193418207e-24, nan 
139.875, 83.375, 1.4234861370840923e-23, nan 
140.125, 83.375, 2.081711578392508e-23, nan 
140.375, 83.375, 1.7096217933695883e-23, nan 
140.625, 83.375, 1.2294552295157989e-23, nan 
140.875, 83.375, 9.773799278339568e-24, nan 
141.125, 83.375, 9.506591928400099e-24, nan 
141.375, 83.375, 1.0612265011126335e-23, nan 
141.625, 83.375, 1.0383740780466431e-23, nan 
141.875, 83.375, 8.961521083695668e-24, nan 
142.125, 83.375, 6.775431894327268e-24, nan 
142.375, 83.375, 6.4684091999470755e-24, nan 
142.625, 83.375, 6.663738689461993e-24, nan 
142.875, 83.375, 6.025672198152973e-24, nan 
143.125, 83.375, 6.705362047185148e-24, nan 
143.375, 83.375, 8.152672875745029e-24, nan 
143.625, 83.375, 9.320584032453964e-24, nan 
143.875, 83.375, 9.194430142302367e-24, nan 
144.125, 83.375, 8.512249959269424e-24, nan 
144.375, 83.375, 7.918261095985886e-24, nan 
144.625, 83.375, 7.251655640141584e-24, nan 
144.875, 83.375, 6.5684067752276974e-24, nan 
145.125, 83.375, 6.510820298326677e-24, nan 
145.375, 83.375, 7.018298137880487e-24, nan 
145.625, 83.375, 6.705506351574215e-24, nan 
145.875, 83.375, 6.319628282470015e-24, nan 
146.125, 83.375, 6.23306943174433e-24, nan 
146.375, 83.375, 6.409235420345823e-24, nan 
146.625, 83.375, 6.864358051213495e-24, nan 
146.875, 83.375, 5.7365414827362735e-24, nan 
147.125, 83.375, 4.673443815945644e-24, nan 
147.375, 83.375, 5.4446551054552455e-24, nan 
147.625, 83.375, 6.448970673949284e-24, nan 
147.875, 83.375, 5.264611266416026e-24, nan 
148.125, 83.375, 4.2770147543156324e-24, nan 
148.375, 83.375, 4.039977472017256e-24, nan 
148.625, 83.375, 3.9141480222133514e-24, nan 
148.875, 83.375, 3.508520221151881e-24, nan 
149.125, 83.375, 3.1379542028124002e-24, nan 
149.375, 83.375, 3.3698309217814334e-24, nan 
149.625, 83.375, 3.747646561894144e-24, nan 
149.875, 83.375, 2.6565953591351668e-24, nan 
150.125, 83.375, 2.6272485565612038e-24, nan 
150.375, 83.375, 3.6446753494923295e-24, nan 
150.625, 83.375, 4.2605314370554996e-24, nan 
150.875, 83.375, 3.983065743622395e-24, nan 
151.125, 83.375, 3.553279039859289e-24, nan 
151.375, 83.375, 4.13022396520047e-24, nan 
151.625, 83.375, 4.728370498157457e-24, nan 
151.875, 83.375, 4.03252557406882e-24, nan 
152.125, 83.375, 3.5518331124677844e-24, nan 
152.375, 83.375, 4.373259484531194e-24, nan 
152.625, 83.375, 4.3252529650377076e-24, nan 
152.875, 83.375, 3.437608700714285e-24, nan 
153.125, 83.375, 3.586565216738929e-24, nan 
153.375, 83.375, 3.819247125319292e-24, nan 
153.625, 83.375, 3.97970751356554e-24, nan 
153.875, 83.375, 4.6278938669615686e-24, nan 
154.125, 83.375, 4.968503981477534e-24, nan 
154.375, 83.375, 5.0218386199935796e-24, nan 
154.625, 83.375, 5.041733820764096e-24, nan 
154.875, 83.375, 4.795735057104298e-24, nan 
155.125, 83.375, 4.676730612671541e-24, nan 
155.375, 83.375, 4.481223410900711e-24, nan 
155.625, 83.375, 4.661108486125147e-24, nan 
155.875, 83.375, 4.139575094698236e-24, nan 
156.125, 83.375, 3.363680202223178e-24, nan 
156.375, 83.375, 3.671837053284675e-24, nan 
156.625, 83.375, 3.652722858236987e-24, nan 
156.875, 83.375, 2.9850770580521067e-24, nan 
157.125, 83.375, 3.721606963178746e-24, nan 
157.375, 83.375, 5.072411128570171e-24, nan 
157.625, 83.375, 5.2627748403685536e-24, nan 
157.875, 83.375, 4.0165407170449046e-24, nan 
158.125, 83.375, 4.002381283750638e-24, nan 
158.375, 83.375, 4.643387647650023e-24, nan 
158.625, 83.375, 4.44297345744937e-24, nan 
158.875, 83.375, 3.515766928491223e-24, nan 
159.125, 83.375, 2.8634875599769352e-24, nan 
159.375, 83.375, 2.5213016032855314e-24, nan 
159.625, 83.375, 2.715152457622268e-24, nan 
159.875, 83.375, 3.291845348435306e-24, nan 
160.125, 83.375, 4.147318085181008e-24, nan 
160.375, 83.375, 4.19296372796869e-24, nan 
160.625, 83.375, 3.311525444667134e-24, nan 
160.875, 83.375, 3.540204290442864e-24, nan 
161.125, 83.375, 4.0567948765442155e-24, nan 
161.375, 83.375, 3.948803827307421e-24, nan 
161.625, 83.375, 3.914627973069231e-24, nan 
161.875, 83.375, 3.99566520467333e-24, nan 
162.125, 83.375, 4.2924177997259424e-24, nan 
162.375, 83.375, 4.025664601763627e-24, nan 
162.625, 83.375, 3.9944309035363595e-24, nan 
162.875, 83.375, 3.9761195305242164e-24, nan 
163.125, 83.375, 3.959440841377533e-24, nan 
163.375, 83.375, 4.289210526375912e-24, nan 
163.625, 83.375, 4.166062115158348e-24, nan 
163.875, 83.375, 4.2555272345357114e-24, nan 
164.125, 83.375, 4.2401120730301925e-24, nan 
164.375, 83.375, 4.752212804612162e-24, nan 
164.625, 83.375, 5.170669021973074e-24, nan 
164.875, 83.375, 5.6244692859156494e-24, nan 
165.125, 83.375, 1.2347245707551205e-23, nan 
165.375, 83.375, 1.5732601275801736e-23, nan 
165.625, 83.375, 8.106414580232054e-24, nan 
165.875, 83.375, 1.0048722762298776e-23, nan 
166.125, 83.375, 1.5817461504992008e-23, nan 
166.375, 83.375, 1.333934301290212e-23, nan 
166.625, 83.375, 9.41151982535797e-24, nan 
166.875, 83.375, 9.383465691830804e-24, nan 
167.125, 83.375, 7.554057665834207e-24, nan 
167.375, 83.375, 7.004316417541314e-24, nan 
167.625, 83.375, 6.5291426861129534e-24, nan 
167.875, 83.375, 6.3122562530648295e-24, nan 
168.125, 83.375, 6.0531232665812705e-24, nan 
168.375, 83.375, 5.0573907514159434e-24, nan 
168.625, 83.375, 3.410323091011468e-24, nan 
168.875, 83.375, 4.911449587243359e-24, nan 
169.125, 83.375, 5.160083867334103e-24, nan 
169.375, 83.375, 6.460719994044914e-24, nan 
169.625, 83.375, 6.952667277408537e-24, nan 
169.875, 83.375, 6.869958138671963e-24, nan 
170.125, 83.375, 8.834250435073659e-24, nan 
170.375, 83.375, 1.1444034554788854e-23, nan 
170.625, 83.375, 1.131786955396279e-23, nan 
170.875, 83.375, 9.570368131061656e-24, nan 
171.125, 83.375, 9.585801181303964e-24, nan 
171.375, 83.375, 1.09985414049127e-23, nan 
171.625, 83.375, 1.197469412129218e-23, nan 
171.875, 83.375, 1.2001374421678162e-23, nan 
172.125, 83.375, 1.1637482332497655e-23, nan 
172.375, 83.375, 1.1540318954172503e-23, nan 
172.625, 83.375, 1.1321828451621174e-23, nan 
172.875, 83.375, 1.0968828361905233e-23, nan 
173.125, 83.375, 1.0183567417242518e-23, nan 
173.375, 83.375, 9.280732055316704e-24, nan 
173.625, 83.375, 8.79364598862515e-24, nan 
173.875, 83.375, 8.537117826366274e-24, nan 
174.125, 83.375, 8.042991653013814e-24, nan 
174.375, 83.375, 7.604698804554271e-24, nan 
174.625, 83.375, 7.047941625714604e-24, nan 
174.875, 83.375, 6.312617547458441e-24, nan 
175.125, 83.375, 5.928661077230603e-24, nan 
175.375, 83.375, 5.7513762773195456e-24, nan 
175.625, 83.375, 5.8056130466540415e-24, nan 
175.875, 83.375, 5.061506079646708e-24, nan 
176.125, 83.375, 4.377924334553725e-24, nan 
176.375, 83.375, 3.8253405586971475e-24, nan 
176.625, 83.375, 4.441162866082094e-24, nan 
176.875, 83.375, 4.1662895881624554e-24, nan 
177.125, 83.375, 4.0173412871728156e-24, nan 
177.375, 83.375, 3.829936895750717e-24, nan 
177.625, 83.375, 3.685569325435305e-24, nan 
177.875, 83.375, 3.715891088754861e-24, nan 
178.125, 83.375, 3.593767721076878e-24, nan 
178.375, 83.375, 3.0024222920799243e-24, nan 
178.625, 83.375, 3.4409584386408765e-24, nan 
178.875, 83.375, 3.648945980415622e-24, nan 
179.125, 83.375, 3.081580050962652e-24, nan 
179.375, 83.375, 2.1963193693421797e-24, nan 
179.625, 83.375, 2.488730052997263e-24, nan 
179.875, 83.375, 3.23702467440791e-24, nan 
-179.875, 83.625, 2.818472794039934e-24, nan 
-179.625, 83.625, 2.853531883080615e-24, nan 
-179.375, 83.625, 2.806808650943994e-24, nan 
-179.125, 83.625, 2.7521714001521056e-24, nan 
-178.875, 83.625, 3.0673919828221674e-24, nan 
-178.625, 83.625, 2.9806059033558633e-24, nan 
-178.375, 83.625, 2.9870518047850718e-24, nan 
-178.125, 83.625, 3.284426814585129e-24, nan 
-177.875, 83.625, 3.588904272879108e-24, nan 
-177.625, 83.625, 3.0701887077337964e-24, nan 
-177.375, 83.625, 3.224098896664962e-24, nan 
-177.125, 83.625, 3.1433825879567627e-24, nan 
-176.875, 83.625, 3.0724864108064895e-24, nan 
-176.625, 83.625, 3.433805053648255e-24, nan 
-176.375, 83.625, 3.858924075669018e-24, nan 
-176.125, 83.625, 3.455925516850351e-24, nan 
-175.875, 83.625, 4.236688699477526e-24, nan 
-175.625, 83.625, 4.233002783729143e-24, nan 
-175.375, 83.625, 3.532683186689361e-24, nan 
-175.125, 83.625, 3.492704416668378e-24, nan 
-174.875, 83.625, 3.0476390743312536e-24, nan 
-174.625, 83.625, 3.1440329682644203e-24, nan 
-174.375, 83.625, 3.980039200283913e-24, nan 
-174.125, 83.625, 5.106520980647352e-24, nan 
-173.875, 83.625, 4.316599857788009e-24, nan 
-173.625, 83.625, 4.5525497138805155e-24, nan 
-173.375, 83.625, 5.4432253568815814e-24, nan 
-173.125, 83.625, 5.645600408530041e-24, nan 
-172.875, 83.625, 4.841494395491448e-24, nan 
-172.625, 83.625, 4.2632148611839864e-24, nan 
-172.375, 83.625, 4.894926457216558e-24, nan 
-172.125, 83.625, 4.6024843820480154e-24, nan 
-171.875, 83.625, 3.750827667036867e-24, nan 
-171.625, 83.625, 3.969643267366231e-24, nan 
-171.375, 83.625, 4.184865157675551e-24, nan 
-171.125, 83.625, 3.723101216556483e-24, nan 
-170.875, 83.625, 3.2771969464303563e-24, nan 
-170.625, 83.625, 3.1381988338822327e-24, nan 
-170.375, 83.625, 3.430412096509319e-24, nan 
-170.125, 83.625, 3.493253332801157e-24, nan 
-169.875, 83.625, 3.2586844795649237e-24, nan 
-169.625, 83.625, 3.0104819976942835e-24, nan 
-169.375, 83.625, 3.897085482490822e-24, nan 
-169.125, 83.625, 4.635437862840995e-24, nan 
-168.875, 83.625, 5.185626105021895e-24, nan 
-168.625, 83.625, 4.927567352765915e-24, nan 
-168.375, 83.625, 4.780311933156068e-24, nan 
-168.125, 83.625, 4.9138390369063214e-24, nan 
-167.875, 83.625, 7.666484173649913e-24, nan 
-167.625, 83.625, 7.925665654779672e-24, nan 
-167.375, 83.625, 7.890187622874067e-24, nan 
-167.125, 83.625, 8.363894954467582e-24, nan 
-166.875, 83.625, 8.608942465043347e-24, nan 
-166.625, 83.625, 9.066977035004553e-24, nan 
-166.375, 83.625, 7.234434786049152e-24, nan 
-166.125, 83.625, 6.66752256632954e-24, nan 
-165.875, 83.625, 6.912409912211574e-24, nan 
-165.625, 83.625, 1.2342427750726611e-23, nan 
-165.375, 83.625, 1.4742715877001193e-23, nan 
-165.125, 83.625, 1.4312186312534042e-23, nan 
-164.875, 83.625, 1.3560348989433032e-23, nan 
-164.625, 83.625, 1.45504060958744e-23, nan 
-164.375, 83.625, 1.5644396636113173e-23, nan 
-164.125, 83.625, 1.51354170480195e-23, nan 
-163.875, 83.625, 1.5064943823357528e-23, nan 
-163.625, 83.625, 1.5172795372786085e-23, nan 
-163.375, 83.625, 1.3884078311320744e-23, nan 
-163.125, 83.625, 1.2818603005001537e-23, nan 
-162.875, 83.625, 1.203265381851039e-23, nan 
-162.625, 83.625, 1.2460827560855017e-23, nan 
-162.375, 83.625, 1.1759831744828394e-23, nan 
-162.125, 83.625, 1.0406783251422422e-23, nan 
-161.875, 83.625, 1.1702698545442122e-23, nan 
-161.625, 83.625, 1.151303947931459e-23, nan 
-161.375, 83.625, 1.1456650493633747e-23, nan 
-161.125, 83.625, 1.1176193982714388e-23, nan 
-160.875, 83.625, 1.1524483156841275e-23, nan 
-160.625, 83.625, 1.1149184590164655e-23, nan 
-160.375, 83.625, 1.0684709189118959e-23, nan 
-160.125, 83.625, 1.1016531729406174e-23, nan 
-159.875, 83.625, 1.0779048927134181e-23, nan 
-159.625, 83.625, 9.599258789342204e-24, nan 
-159.375, 83.625, 9.211856885768086e-24, nan 
-159.125, 83.625, 9.285511789119718e-24, nan 
-158.875, 83.625, 9.003564241631958e-24, nan 
-158.625, 83.625, 8.87098271783017e-24, nan 
-158.375, 83.625, 8.072450895774044e-24, nan 
-158.125, 83.625, 8.406543254283613e-24, nan 
-157.875, 83.625, 9.203068600542757e-24, nan 
-157.625, 83.625, 9.21689622470239e-24, nan 
-157.375, 83.625, 8.341703905066841e-24, nan 
-157.125, 83.625, 8.374305520916668e-24, nan 
-156.875, 83.625, 8.899505117097383e-24, nan 
-156.625, 83.625, 8.833712295634099e-24, nan 
-156.375, 83.625, 8.824589239049429e-24, nan 
-156.125, 83.625, 1.0792634018759836e-23, nan 
-155.875, 83.625, 1.2125521157163823e-23, nan 
-155.625, 83.625, 1.1594095302411616e-23, nan 
-155.375, 83.625, 1.1440217062127091e-23, nan 
-155.125, 83.625, 1.3671032908092722e-23, nan 
-154.875, 83.625, 1.378226909818316e-23, nan 
-154.625, 83.625, 1.2651789118095065e-23, nan 
-154.375, 83.625, 1.2875457163472868e-23, nan 
-154.125, 83.625, 1.3827709322559253e-23, nan 
-153.875, 83.625, 1.411358086659375e-23, nan 
-153.625, 83.625, 1.412812043145445e-23, nan 
-153.375, 83.625, 1.3807992751086865e-23, nan 
-153.125, 83.625, 1.498380613287235e-23, nan 
-152.875, 83.625, 1.4575331051602248e-23, nan 
-152.625, 83.625, 1.4162942863903985e-23, nan 
-152.375, 83.625, 1.463993919451521e-23, nan 
-152.125, 83.625, 1.6053713878473766e-23, nan 
-151.875, 83.625, 1.654232942078198e-23, nan 
-151.625, 83.625, 1.8235194036097355e-23, nan 
-151.375, 83.625, 1.800955382613353e-23, nan 
-151.125, 83.625, 1.8580763590949703e-23, nan 
-150.875, 83.625, 2.0275365433146178e-23, nan 
-150.625, 83.625, 2.0603696593897455e-23, nan 
-150.375, 83.625, 2.194061033994803e-23, nan 
-150.125, 83.625, 2.2610802384669505e-23, nan 
-149.875, 83.625, 2.3606090416944754e-23, nan 
-149.625, 83.625, 2.291415770145836e-23, nan 
-149.375, 83.625, 2.3976890260718087e-23, nan 
-149.125, 83.625, 2.346811994475286e-23, nan 
-148.875, 83.625, 2.1700599843375172e-23, nan 
-148.625, 83.625, 2.0416388416009893e-23, nan 
-148.375, 83.625, 1.9395000563637376e-23, nan 
-148.125, 83.625, 1.9714647451269243e-23, nan 
-147.875, 83.625, 2.063124385422562e-23, nan 
-147.625, 83.625, 1.9663201874544378e-23, nan 
-147.375, 83.625, 1.841239294568955e-23, nan 
-147.125, 83.625, 1.8581246182586645e-23, nan 
-146.875, 83.625, 1.7424965964053223e-23, nan 
-146.625, 83.625, 1.2166705856433024e-23, nan 
-146.375, 83.625, 8.666267511867199e-24, nan 
-146.125, 83.625, 8.593696464606967e-24, nan 
-145.875, 83.625, 8.683154227913596e-24, nan 
-145.625, 83.625, 1.1330870536517548e-23, nan 
-145.375, 83.625, 1.2269613618316666e-23, nan 
-145.125, 83.625, 1.4603569681317012e-23, nan 
-144.875, 83.625, 1.389629582513081e-23, nan 
-144.625, 83.625, 1.2443439836137915e-23, nan 
-144.375, 83.625, 1.1046495065202129e-23, nan 
-144.125, 83.625, 9.913746317631411e-24, nan 
-143.875, 83.625, 1.3542922204091863e-23, nan 
-143.625, 83.625, 1.5048896171638314e-23, nan 
-143.375, 83.625, 1.4167624770995916e-23, nan 
-143.125, 83.625, 1.6553645524297178e-23, nan 
-142.875, 83.625, 1.9555887505972972e-23, nan 
-142.625, 83.625, 1.732528460637379e-23, nan 
-142.375, 83.625, 1.624217399641319e-23, nan 
-142.125, 83.625, 1.8519884014947308e-23, nan 
-141.875, 83.625, 1.9656419206257583e-23, nan 
-141.625, 83.625, 1.8426364326263816e-23, nan 
-141.375, 83.625, 1.9181570877883856e-23, nan 
-141.125, 83.625, 2.0180660726417596e-23, nan 
-140.875, 83.625, 2.1658314729390823e-23, nan 
-140.625, 83.625, 2.366337661175191e-23, nan 
-140.375, 83.625, 2.4387709442668006e-23, nan 
-140.125, 83.625, 2.5924402812322265e-23, nan 
-139.875, 83.625, 3.0005631278689746e-23, nan 
-139.625, 83.625, 3.358320924658579e-23, nan 
-139.375, 83.625, 3.677612134623529e-23, nan 
-139.125, 83.625, 3.753440629526437e-23, nan 
-138.875, 83.625, 3.4263005424764904e-23, nan 
-138.625, 83.625, 3.283336205529098e-23, nan 
-138.375, 83.625, 3.219546225508002e-23, nan 
-138.125, 83.625, 3.120485786740323e-23, nan 
-137.875, 83.625, 3.02271185535115e-23, nan 
-137.625, 83.625, 3.0776066681965725e-23, nan 
-137.375, 83.625, 2.840936158491936e-23, nan 
-137.125, 83.625, 2.8089694703174686e-23, nan 
-136.875, 83.625, 2.764459003063296e-23, nan 
-136.625, 83.625, 2.494818026004697e-23, nan 
-136.375, 83.625, 2.4342041785840264e-23, nan 
-136.125, 83.625, 2.2126823345278636e-23, nan 
-135.875, 83.625, 2.0248323523117378e-23, nan 
-135.625, 83.625, 1.9455074904910216e-23, nan 
-135.375, 83.625, 1.877020701649639e-23, nan 
-135.125, 83.625, 1.6517043648141947e-23, nan 
-134.875, 83.625, 1.1141507880039058e-23, nan 
-134.625, 83.625, 8.463868642805204e-24, nan 
-134.375, 83.625, 8.370116345564317e-24, nan 
-134.125, 83.625, 1.0722496419890711e-23, nan 
-133.875, 83.625, 1.0897641546579283e-23, nan 
-133.625, 83.625, 8.829543808892944e-24, nan 
-133.375, 83.625, 1.0517046854925105e-23, nan 
-133.125, 83.625, 1.3657521270169135e-23, nan 
-132.875, 83.625, 1.6476402795216314e-23, nan 
-132.625, 83.625, 1.834803404017467e-23, nan 
-132.375, 83.625, 2.0625097169166964e-23, nan 
-132.125, 83.625, 2.1230170544247974e-23, nan 
-131.875, 83.625, 2.3656360844316362e-23, nan 
-131.625, 83.625, 2.5251804787880817e-23, nan 
-131.375, 83.625, 2.9901886540464776e-23, nan 
-131.125, 83.625, 3.446996821527626e-23, nan 
-130.875, 83.625, 3.1555217432836465e-23, nan 
-130.625, 83.625, 3.04800862384639e-23, nan 
-130.375, 83.625, 2.885497244151996e-23, nan 
-130.125, 83.625, 3.245352338772959e-23, nan 
-129.875, 83.625, 3.685133710431107e-23, nan 
-129.625, 83.625, 3.331868232895458e-23, nan 
-129.375, 83.625, 3.3467186195161665e-23, nan 
-129.125, 83.625, 2.915604867382714e-23, nan 
-128.875, 83.625, 2.824330737336112e-23, nan 
-128.625, 83.625, 2.834189207110534e-23, nan 
-128.375, 83.625, 3.1113307995198946e-23, nan 
-128.125, 83.625, 2.6188706835687347e-23, nan 
-127.875, 83.625, 2.628089333131985e-23, nan 
-127.625, 83.625, 3.1561927646407657e-23, nan 
-127.375, 83.625, 3.3135542952342173e-23, nan 
-127.125, 83.625, 6.429782218268882e-23, nan 
-126.875, 83.625, 7.50884564851843e-23, nan 
-126.625, 83.625, 7.840763865430265e-23, nan 
-126.375, 83.625, 8.696416046769514e-23, nan 
-126.125, 83.625, 8.306872674288926e-23, nan 
-125.875, 83.625, 6.075835929503251e-23, nan 
-125.625, 83.625, 3.518623313520342e-23, nan 
-125.375, 83.625, 5.916816951101699e-23, nan 
-125.125, 83.625, 8.045391422326503e-23, nan 
-124.875, 83.625, 2.74653283525395e-22, nan 
-124.625, 83.625, 2.6277591869507416e-22, nan 
-124.375, 83.625, 2.7682216759650242e-22, nan 
-124.125, 83.625, 3.00488561604721e-22, nan 
-123.875, 83.625, 3.6005653330627163e-22, nan 
-123.625, 83.625, 4.017874668143485e-22, nan 
-123.375, 83.625, 3.432798640189978e-22, nan 
-123.125, 83.625, 4.0320410765556026e-22, nan 
-122.875, 83.625, 4.430947197021998e-22, nan 
-122.625, 83.625, 4.360827066720901e-22, nan 
-122.375, 83.625, 4.0146095358337584e-22, nan 
-122.125, 83.625, 3.229550125250229e-22, nan 
-121.875, 83.625, 2.5814563069628582e-22, nan 
-121.625, 83.625, 3.0166791677243964e-22, nan 
-121.375, 83.625, 3.392280796250137e-22, nan 
-121.125, 83.625, 3.632714935994368e-22, nan 
-120.875, 83.625, 3.775185670167968e-22, nan 
-120.625, 83.625, 3.7523529837978547e-22, nan 
-120.375, 83.625, 3.554943104438361e-22, nan 
-120.125, 83.625, 3.2082886909443526e-22, nan 
-119.875, 83.625, 2.4554228023912836e-22, nan 
-119.625, 83.625, 1.3234850456846682e-22, nan 
-119.375, 83.625, 8.504898318840067e-23, nan 
-119.125, 83.625, 1.079705436899625e-22, nan 
-118.875, 83.625, 1.2666352824375443e-22, nan 
-118.625, 83.625, 1.5083711775396333e-22, nan 
-118.375, 83.625, 1.6501103532755949e-22, nan 
-118.125, 83.625, 1.9048062646886004e-22, nan 
-117.875, 83.625, 2.2181197175399875e-22, nan 
-117.625, 83.625, 2.337480570157055e-22, nan 
-117.375, 83.625, 2.2461449523191393e-22, nan 
-117.125, 83.625, 1.691715024645561e-22, nan 
-116.875, 83.625, 1.367511509054158e-22, nan 
-116.625, 83.625, 1.8408526308111395e-22, nan 
-116.375, 83.625, 2.688382675409622e-22, nan 
-116.125, 83.625, 3.1281791275178713e-22, nan 
-115.875, 83.625, 3.7172243779818946e-22, nan 
-115.625, 83.625, 4.39005359252129e-22, nan 
-115.375, 83.625, 4.660008710708277e-22, nan 
-115.125, 83.625, 4.578767653675778e-22, nan 
-114.875, 83.625, 3.7443865595345512e-22, nan 
-114.625, 83.625, 2.719129121288625e-22, nan 
-114.375, 83.625, 2.693199312973531e-22, nan 
-114.125, 83.625, 3.5691221775049006e-22, nan 
-113.875, 83.625, 3.93023433977908e-22, nan 
-113.625, 83.625, 4.602357485929903e-22, nan 
-113.375, 83.625, 4.91529223328959e-22, nan 
-113.125, 83.625, 4.477591758562458e-22, nan 
-112.875, 83.625, 4.292356420755202e-22, nan 
-112.625, 83.625, 3.6984542223613585e-22, nan 
-112.375, 83.625, 2.7994320648681564e-22, nan 
-112.125, 83.625, 1.379192696608677e-22, nan 
-111.875, 83.625, 6.357655723199543e-23, nan 
-111.625, 83.625, 5.417664053358636e-23, nan 
-111.375, 83.625, 4.618993807187062e-23, nan 
-111.125, 83.625, 2.965521804937209e-23, nan 
-110.875, 83.625, 2.7438223861038995e-23, nan 
-110.625, 83.625, 3.6993590701483524e-23, nan 
-110.375, 83.625, 5.153061800029083e-23, nan 
-110.125, 83.625, 6.896214416328355e-23, nan 
-109.875, 83.625, 6.647697510508476e-23, nan 
-109.625, 83.625, 7.080249652958645e-23, nan 
-109.375, 83.625, 8.62773130843588e-23, nan 
-109.125, 83.625, 9.032654324943879e-23, nan 
-108.875, 83.625, 9.248362004552485e-23, nan 
-108.625, 83.625, 7.29653236179176e-23, nan 
-108.375, 83.625, 6.702210691952895e-23, nan 
-108.125, 83.625, 7.227102979482139e-23, nan 
-107.875, 83.625, 7.705809630301237e-23, nan 
-107.625, 83.625, 8.484497963739772e-23, nan 
-107.375, 83.625, 9.746871685049886e-23, nan 
-107.125, 83.625, 1.2924520325866316e-22, nan 
-106.875, 83.625, 1.8522951127862226e-22, nan 
-106.625, 83.625, 1.9742065773446278e-22, nan 
-106.375, 83.625, 1.924386069508783e-22, nan 
-106.125, 83.625, 2.0594863328532669e-22, nan 
-105.875, 83.625, 2.047987614703838e-22, nan 
-105.625, 83.625, 9.159009011847093e-23, nan 
-105.375, 83.625, 1.2557185028107027e-22, nan 
-105.125, 83.625, 2.10706255865452e-22, nan 
-104.875, 83.625, 2.951697849120124e-22, nan 
-104.625, 83.625, 4.748005331884754e-22, nan 
-104.375, 83.625, 5.373544416435093e-22, nan 
-104.125, 83.625, 5.093961899827065e-22, nan 
-103.875, 83.625, 5.268642997170397e-22, nan 
-103.625, 83.625, 5.699839762394905e-22, nan 
-103.375, 83.625, 3.8717807884855156e-22, nan 
-103.125, 83.625, 2.6577028449416117e-22, nan 
-102.875, 83.625, 2.500142080534857e-22, nan 
-102.625, 83.625, 2.8118290010634224e-22, nan 
-102.375, 83.625, 3.5820553128111116e-22, nan 
-102.125, 83.625, 3.6748419567426115e-22, nan 
-101.875, 83.625, 3.469212660321594e-22, nan 
-101.625, 83.625, 3.769996037333524e-22, nan 
-101.375, 83.625, 4.265271546067752e-22, nan 
-101.125, 83.625, 3.317888610565608e-22, nan 
-100.875, 83.625, 2.259391860138503e-22, nan 
-100.625, 83.625, 2.4074059066460205e-22, nan 
-100.375, 83.625, 3.3865164945947836e-22, nan 
-100.125, 83.625, 4.465078140373896e-22, nan 
-99.875, 83.625, 4.468140077907054e-22, nan 
-99.625, 83.625, 4.0626107242580673e-22, nan 
-99.375, 83.625, 3.794163717852983e-22, nan 
-99.125, 83.625, 3.642972232638112e-22, nan 
-98.875, 83.625, 2.263130205718894e-22, nan 
-98.625, 83.625, 1.9696990090895868e-22, nan 
-98.375, 83.625, 2.1435814972228035e-22, nan 
-98.125, 83.625, 1.5008723707720281e-22, nan 
-97.875, 83.625, 8.185718055988161e-23, nan 
-97.625, 83.625, 1.4201211507146734e-22, nan 
-97.375, 83.625, 1.7655490971416542e-22, nan 
-97.125, 83.625, 1.566414190651109e-22, nan 
-96.875, 83.625, 1.2417519816206456e-22, nan 
-96.625, 83.625, 1.2468433877730662e-22, nan 
-96.375, 83.625, 9.820666692533831e-23, nan 
-96.125, 83.625, 4.1684896256866004e-23, nan 
-95.875, 83.625, 5.828606036323057e-23, nan 
-95.625, 83.625, 1.6206085257542407e-22, nan 
-95.375, 83.625, 2.4599573224853055e-22, nan 
-95.125, 83.625, 3.137188572961236e-22, nan 
-94.875, 83.625, 3.3927319881634176e-22, nan 
-94.625, 83.625, 1.6712483774835064e-22, nan 
-94.375, 83.625, 1.8765528178584954e-22, nan 
-94.125, 83.625, 2.528233394777255e-22, nan 
-93.875, 83.625, 2.635383035692615e-22, nan 
-93.625, 83.625, 2.0850582903338323e-22, nan 
-93.375, 83.625, 2.2523912779276284e-22, nan 
-93.125, 83.625, 3.312022629549095e-22, nan 
-92.875, 83.625, 3.912702042964527e-22, nan 
-92.625, 83.625, 5.050416194764955e-22, nan 
-92.375, 83.625, 4.896434378184831e-22, nan 
-92.125, 83.625, 6.549657163966121e-22, nan 
-91.875, 83.625, 8.291760858968571e-22, nan 
-91.625, 83.625, 1.007492923388833e-21, nan 
-91.375, 83.625, 9.434870091500588e-22, nan 
-91.125, 83.625, 8.73838658399514e-22, nan 
-90.875, 83.625, 7.546543733336842e-22, nan 
-90.625, 83.625, 6.839934804152389e-22, nan 
-90.375, 83.625, 6.553700855236472e-22, nan 
-90.125, 83.625, 7.088566645614022e-22, nan 
-89.875, 83.625, 7.177520197043505e-22, nan 
-89.625, 83.625, 7.692394025348579e-22, nan 
-89.375, 83.625, 9.013508061818727e-22, nan 
-89.125, 83.625, 9.227445445606866e-22, nan 
-88.875, 83.625, 8.315115695720513e-22, nan 
-88.625, 83.625, 7.1997295438947575e-22, nan 
-88.375, 83.625, 6.526495012092418e-22, nan 
-88.125, 83.625, 5.398029521690316e-22, nan 
-87.875, 83.625, 4.1135498327617388e-22, nan 
-87.625, 83.625, 4.71295116133783e-22, nan 
-87.375, 83.625, 6.633874439990192e-22, nan 
-87.125, 83.625, 7.939449094195772e-22, nan 
-86.875, 83.625, 8.537493203935141e-22, nan 
-86.625, 83.625, 9.22850445393232e-22, nan 
-86.375, 83.625, 1.0820185996401217e-21, nan 
-86.125, 83.625, 1.0008407351230257e-21, nan 
-85.875, 83.625, 1.0003098900350655e-21, nan 
-85.625, 83.625, 8.808807672661914e-22, nan 
-85.375, 83.625, 7.233897566669019e-22, nan 
-85.125, 83.625, 6.773473800161325e-22, nan 
-84.875, 83.625, 9.21626732246804e-22, nan 
-84.625, 83.625, 9.36741754245128e-22, nan 
-84.375, 83.625, 8.799395320181471e-22, nan 
-84.125, 83.625, 1.20742215164943e-21, nan 
-83.875, 83.625, 1.2364656154000232e-21, nan 
-83.625, 83.625, 1.3951984763484597e-21, nan 
-83.375, 83.625, 1.4650027366404394e-21, nan 
-83.125, 83.625, 1.3308297251093552e-21, nan 
-82.875, 83.625, 1.4541247250613845e-21, nan 
-82.625, 83.625, 1.7208977564483202e-21, nan 
-82.375, 83.625, 1.341224100553341e-21, nan 
-82.125, 83.625, 1.2204340754763113e-21, nan 
-81.875, 83.625, 1.4449495778074194e-21, nan 
-81.625, 83.625, 1.6749559770171418e-21, nan 
-81.375, 83.625, 1.7486983747849626e-21, nan 
-81.125, 83.625, 1.588136658588085e-21, nan 
-80.875, 83.625, 1.64307661768276e-21, nan 
-80.625, 83.625, 1.8360749622907778e-21, nan 
-80.375, 83.625, 1.966208648502204e-21, nan 
-80.125, 83.625, 1.5767605779831248e-21, nan 
-79.875, 83.625, 1.5069030252711271e-21, nan 
-79.625, 83.625, 1.635581384086023e-21, nan 
-79.375, 83.625, 2.466182514913021e-21, nan 
-79.125, 83.625, 2.7836474875443147e-21, nan 
-78.875, 83.625, 2.2552342914020005e-21, nan 
-78.625, 83.625, 2.183459548136894e-21, nan 
-78.375, 83.625, 2.5070970590340972e-21, nan 
-78.125, 83.625, 2.1104670217763687e-21, nan 
-77.875, 83.625, 2.187545184176987e-21, nan 
-77.625, 83.625, 2.1654211134476754e-21, nan 
-77.375, 83.625, 2.4052969868786026e-21, nan 
-77.125, 83.625, 2.3949556279588302e-21, nan 
-76.875, 83.625, 2.483418418519167e-21, nan 
-76.625, 83.625, 2.401449792169551e-21, nan 
-76.375, 83.625, 2.7134168626959132e-21, nan 
-76.125, 83.625, 3.2659025179128478e-21, nan 
-75.875, 83.625, 3.3597839564753067e-21, nan 
-75.625, 83.625, 3.427915122519746e-21, nan 
-75.375, 83.625, 3.2911933585806734e-21, nan 
-75.125, 83.625, 3.1513111059256508e-21, nan 
-74.875, 83.625, 2.5967971373716122e-21, nan 
-74.625, 83.625, 1.805563418261617e-21, nan 
-74.375, 83.625, 9.76070911781427e-22, nan 
-74.125, 83.625, 6.2485853351752815e-22, nan 
-73.875, 83.625, 8.79919595100192e-22, nan 
-73.625, 83.625, 1.0908836891743954e-21, nan 
-73.375, 83.625, 1.2585728024929062e-21, nan 
-73.125, 83.625, 1.2858763967634153e-21, nan 
-72.875, 83.625, 1.1853585277242322e-21, nan 
-72.625, 83.625, 1.152421914500213e-21, nan 
-72.375, 83.625, 1.2463250475546973e-21, nan 
-72.125, 83.625, 1.2449018087959452e-21, nan 
-71.875, 83.625, 1.0895951652722063e-21, nan 
-71.625, 83.625, 8.897569457729166e-22, nan 
-71.375, 83.625, 6.793162320885603e-22, nan 
-71.125, 83.625, 7.546792540474335e-22, nan 
-70.875, 83.625, 1.0644074767503128e-21, nan 
-70.625, 83.625, 1.1525945275957973e-21, nan 
-70.375, 83.625, 1.34493510017376e-21, nan 
-70.125, 83.625, 1.5910532519854196e-21, nan 
-69.875, 83.625, 1.6813865863048357e-21, nan 
-69.625, 83.625, 1.409683363615786e-21, nan 
-69.375, 83.625, 1.26786017114426e-21, nan 
-69.125, 83.625, 1.0765584452637028e-21, nan 
-68.875, 83.625, 1.0901300316524043e-21, nan 
-68.625, 83.625, 1.0695970096779086e-21, nan 
-68.375, 83.625, 8.824505194791337e-22, nan 
-68.125, 83.625, 8.05542454175463e-22, nan 
-67.875, 83.625, 8.372430498325098e-22, nan 
-67.625, 83.625, 9.394869600147285e-22, nan 
-67.375, 83.625, 6.065970211995332e-22, nan 
-67.125, 83.625, 3.6408299634746336e-22, nan 
-66.875, 83.625, 4.478066851921471e-22, nan 
-66.625, 83.625, 4.729817875348545e-22, nan 
-66.375, 83.625, 4.0865844097849406e-22, nan 
-66.125, 83.625, 6.031312538253501e-22, nan 
-65.875, 83.625, 7.0514131417663295e-22, nan 
-65.625, 83.625, 5.845762096109731e-22, nan 
-65.375, 83.625, 7.580404696692039e-22, nan 
-65.125, 83.625, 7.555016794276516e-22, nan 
-64.875, 83.625, 6.394652276152579e-22, nan 
-64.625, 83.625, 5.789072110601648e-22, nan 
-64.375, 83.625, 8.69618474088886e-22, nan 
-64.125, 83.625, 6.879515023081861e-22, nan 
-63.875, 83.625, 1.267494868193552e-21, nan 
-63.625, 83.625, 1.6442767437487802e-21, nan 
-63.375, 83.625, 1.1913907412649983e-21, nan 
-63.125, 83.625, 1.5470070368185033e-21, nan 
-62.875, 83.625, 2.0091659185521283e-21, nan 
-62.625, 83.625, 2.0560512184474265e-21, nan 
-62.375, 83.625, 2.1533613537537054e-21, nan 
-62.125, 83.625, 2.398155497419311e-21, nan 
-61.875, 83.625, 2.587026902711618e-21, nan 
-61.625, 83.625, 2.788126462309993e-21, nan 
-61.375, 83.625, 2.96113565757499e-21, nan 
-61.125, 83.625, 3.741922087120175e-21, nan 
-60.875, 83.625, 4.655399603490522e-21, nan 
-60.625, 83.625, 4.698925362548616e-21, nan 
-60.375, 83.625, 4.734169958545451e-21, nan 
-60.125, 83.625, 5.531431648768584e-21, nan 
-59.875, 83.625, 5.278200014532793e-21, nan 
-59.625, 83.625, 5.084771060452777e-21, nan 
-59.375, 83.625, 4.843450154701896e-21, nan 
-59.125, 83.625, 5.129928379888098e-21, nan 
-58.875, 83.625, 3.1851338993679503e-21, nan 
-58.625, 83.625, 6.3211352092058576e-21, nan 
-58.375, 83.625, 7.130504047896366e-21, nan 
-58.125, 83.625, 7.629063850843465e-21, nan 
-57.875, 83.625, 9.021679525511113e-21, nan 
-57.625, 83.625, 1.0026021454464101e-20, nan 
-57.375, 83.625, 1.0406135927893322e-20, nan 
-57.125, 83.625, 1.0269470398215423e-20, nan 
-56.875, 83.625, 1.0063058958243128e-20, nan 
-56.625, 83.625, 8.01798361503431e-21, nan 
-56.375, 83.625, 8.665519084489057e-21, nan 
-56.125, 83.625, 9.487408636768361e-21, nan 
-55.875, 83.625, 1.0121076566681166e-20, nan 
-55.625, 83.625, 1.1305649833378974e-20, nan 
-55.375, 83.625, 1.2570855827849992e-20, nan 
-55.125, 83.625, 1.3129015826167198e-20, nan 
-54.875, 83.625, 1.2739741311316394e-20, nan 
-54.625, 83.625, 1.264681793782318e-20, nan 
-54.375, 83.625, 1.1921002594151913e-20, nan 
-54.125, 83.625, 1.030679342070443e-20, nan 
-53.875, 83.625, 1.0056301346083921e-20, nan 
-53.625, 83.625, 9.464425199040689e-21, nan 
-53.375, 83.625, 9.534873951792926e-21, nan 
-53.125, 83.625, 1.0059166031002854e-20, nan 
-52.875, 83.625, 1.6642088625465253e-20, nan 
-52.625, 83.625, 1.7613823130221622e-20, nan 
-52.375, 83.625, 1.0783563502114814e-20, nan 
-52.125, 83.625, 1.1871889379727657e-20, nan 
-51.875, 83.625, 1.283521633134978e-20, nan 
-51.625, 83.625, 1.3061350157068483e-20, nan 
-51.375, 83.625, 1.456802039290952e-20, nan 
-51.125, 83.625, 1.535562368162726e-20, nan 
-50.875, 83.625, 1.706849829514149e-20, nan 
-50.625, 83.625, 1.992804923837454e-20, nan 
-50.375, 83.625, 1.7688303241144043e-20, nan 
-50.125, 83.625, 1.3342581230283466e-20, nan 
-49.875, 83.625, 1.43733452135913e-20, nan 
-49.625, 83.625, 1.6781225057087163e-20, nan 
-49.375, 83.625, 1.2739382708633375e-20, nan 
-49.125, 83.625, 1.5241728621748694e-20, nan 
-48.875, 83.625, 1.6367523878608252e-20, nan 
-48.625, 83.625, 1.7979754444552195e-20, nan 
-48.375, 83.625, 1.6974744917971582e-20, nan 
-48.125, 83.625, 1.6712554585623333e-20, nan 
-47.875, 83.625, 1.716890869442317e-20, nan 
-47.625, 83.625, 1.6184731907611012e-20, nan 
-47.375, 83.625, 1.4393672497089833e-20, nan 
-47.125, 83.625, 1.6269281766423873e-20, nan 
-46.875, 83.625, 1.720882604357433e-20, nan 
-46.625, 83.625, 1.6315837400460742e-20, nan 
-46.375, 83.625, 1.594870215292794e-20, nan 
-46.125, 83.625, 1.6163086216333737e-20, nan 
-45.875, 83.625, 1.685955202372925e-20, nan 
-45.625, 83.625, 1.7234396446399916e-20, nan 
-45.375, 83.625, 1.6274217804578842e-20, nan 
-45.125, 83.625, 1.3985178205056712e-20, nan 
-44.875, 83.625, 1.3718945975031612e-20, nan 
-44.625, 83.625, 1.3657992407498884e-20, nan 
-44.375, 83.625, 1.2054454935061298e-20, nan 
-44.125, 83.625, 9.27129906169022e-21, nan 
-43.875, 83.625, 9.365313558410008e-21, nan 
-43.625, 83.625, 9.063929465213704e-21, nan 
-43.375, 83.625, 8.593553854763159e-21, nan 
-43.125, 83.625, 7.878576069230225e-21, nan 
-42.875, 83.625, 7.621065647475255e-21, nan 
-42.625, 83.625, 7.222258377424918e-21, nan 
-42.375, 83.625, 6.126815152060856e-21, nan 
-42.125, 83.625, 5.243925685625863e-21, nan 
-41.875, 83.625, 5.080095920583169e-21, nan 
-41.625, 83.625, 4.771206117225375e-21, nan 
-41.375, 83.625, 4.609899320145445e-21, nan 
-41.125, 83.625, 4.485696883809052e-21, nan 
-40.875, 83.625, 5.4491092165091284e-21, nan 
-40.625, 83.625, 5.405657911909112e-21, nan 
-40.375, 83.625, 6.19878286504432e-21, nan 
-40.125, 83.625, 7.62433415596938e-21, nan 
-39.875, 83.625, 6.99889564153285e-21, nan 
-39.625, 83.625, 7.87235052796583e-21, nan 
-39.375, 83.625, 8.09877806367873e-21, nan 
-39.125, 83.625, 8.111061739119507e-21, nan 
-38.875, 83.625, 8.249246666287434e-21, nan 
-38.625, 83.625, 8.172009964520228e-21, nan 
-38.375, 83.625, 8.662600860133882e-21, nan 
-38.125, 83.625, 9.419668025202958e-21, nan 
-37.875, 83.625, 1.0054936155085085e-20, nan 
-37.625, 83.625, 9.934317619648842e-21, nan 
-37.375, 83.625, 9.897665247426501e-21, nan 
-37.125, 83.625, 9.971352246003216e-21, nan 
-36.875, 83.625, 1.011664822938437e-20, nan 
-36.625, 83.625, 1.0214868756843995e-20, nan 
-36.375, 83.625, 1.4019823820356445e-20, nan 
-36.125, 83.625, 1.4766715278668276e-20, nan 
-35.875, 83.625, 1.760458288551226e-20, nan 
-35.625, 83.625, 2.048355611188488e-20, nan 
-35.375, 83.625, 2.0946345367735305e-20, nan 
-35.125, 83.625, 1.9570980439999492e-20, nan 
-34.875, 83.625, 1.9121575856192926e-20, nan 
-34.625, 83.625, 2.0307908503629962e-20, nan 
-34.375, 83.625, 2.019928855289493e-20, nan 
-34.125, 83.625, 2.090142408464492e-20, nan 
-33.875, 83.625, 2.1892435465507706e-20, nan 
-33.625, 83.625, 2.2026787528675805e-20, nan 
-33.375, 83.625, 2.5920645583067117e-20, nan 
-33.125, 83.625, 2.7943354320126375e-20, nan 
-32.875, 83.625, 2.8948384907948943e-20, nan 
-32.625, 83.625, 3.034530495522443e-20, nan 
-32.375, 83.625, 3.1708740981833686e-20, nan 
-32.125, 83.625, 3.15555783527332e-20, nan 
-31.875, 83.625, 3.050242745079442e-20, nan 
-31.625, 83.625, 2.9815520281994504e-20, nan 
-31.375, 83.625, 2.818014443231033e-20, nan 
-31.125, 83.625, 2.883933567275388e-20, nan 
-30.875, 83.625, 3.062344707421245e-20, nan 
-30.625, 83.625, 2.9961191155354414e-20, nan 
-30.375, 83.625, 3.2271005820118045e-20, nan 
-30.125, 83.625, 3.3872806517189473e-20, nan 
-29.875, 83.625, 3.4255549287763946e-20, nan 
-29.625, 83.625, 3.313751534009478e-20, nan 
-29.375, 83.625, 3.2063289073521783e-20, nan 
-29.125, 83.625, 3.019704018492789e-20, nan 
-28.875, 83.625, 2.363897858664742e-20, nan 
-28.625, 83.625, 2.3499193987105833e-20, nan 
-28.375, 83.625, 2.536288567574899e-20, nan 
-28.125, 83.625, 2.4348454795615336e-20, nan 
-27.875, 83.625, 2.1108784930577355e-20, nan 
-27.625, 83.625, 2.219560370829007e-20, nan 
-27.375, 83.625, 2.3590300849060934e-20, nan 
-27.125, 83.625, 2.5849815388901457e-20, nan 
-26.875, 83.625, 2.924631906368792e-20, nan 
-26.625, 83.625, 2.903380415337589e-20, nan 
-26.375, 83.625, 2.033861139417394e-20, nan 
-26.125, 83.625, 1.5488559968904395e-20, nan 
-25.875, 83.625, 1.624146542013635e-20, nan 
-25.625, 83.625, 1.932321006550627e-20, nan 
-25.375, 83.625, 1.8242991061748794e-20, nan 
-25.125, 83.625, 1.916900938064726e-20, nan 
-24.875, 83.625, 1.974686220480579e-20, nan 
-24.625, 83.625, 2.0343572107214985e-20, nan 
-24.375, 83.625, 1.930618395869161e-20, nan 
-24.125, 83.625, 1.758159193360033e-20, nan 
-23.875, 83.625, 1.7774451816649365e-20, nan 
-23.625, 83.625, 1.9512199805088295e-20, nan 
-23.375, 83.625, 2.0968617668179547e-20, nan 
-23.125, 83.625, 1.8990680670229698e-20, nan 
-22.875, 83.625, 1.720998559742728e-20, nan 
-22.625, 83.625, 1.571775783360954e-20, nan 
-22.375, 83.625, 1.6826554639207254e-20, nan 
-22.125, 83.625, 1.6958038846468016e-20, nan 
-21.875, 83.625, 1.5510856927926095e-20, nan 
-21.625, 83.625, 1.5890399318080418e-20, nan 
-21.375, 83.625, 1.531184712709394e-20, nan 
-21.125, 83.625, 1.5846141598241298e-20, nan 
-20.875, 83.625, 1.4559636082614458e-20, nan 
-20.625, 83.625, 1.4314679882684042e-20, nan 
-20.375, 83.625, 1.5016491759578763e-20, nan 
-20.125, 83.625, 1.4217831291286364e-20, nan 
-19.875, 83.625, 1.4161000809250162e-20, nan 
-19.625, 83.625, 1.4646429110146833e-20, nan 
-19.375, 83.625, 1.6658717342285278e-20, nan 
-19.125, 83.625, 1.6935984094479004e-20, nan 
-18.875, 83.625, 1.7643009638228775e-20, nan 
-18.625, 83.625, 1.6974187208821053e-20, nan 
-18.375, 83.625, 1.5895325161584668e-20, nan 
-18.125, 83.625, 1.5632395139424996e-20, nan 
-17.875, 83.625, 1.5886926242255468e-20, nan 
-17.625, 83.625, 1.5126181627818848e-20, nan 
-17.375, 83.625, 1.3925446417899415e-20, nan 
-17.125, 83.625, 1.3704091833325046e-20, nan 
-16.875, 83.625, 1.637450420458542e-20, nan 
-16.625, 83.625, 1.9855555078877486e-20, nan 
-16.375, 83.625, 1.8741754816845478e-20, nan 
-16.125, 83.625, 1.6639005097590013e-20, nan 
-15.875, 83.625, 1.6270701026982924e-20, nan 
-15.625, 83.625, 1.682155602424171e-20, nan 
-15.375, 83.625, 1.6830929325366904e-20, nan 
-15.125, 83.625, 1.7518986139249363e-20, nan 
-14.875, 83.625, 1.7581133947305524e-20, nan 
-14.625, 83.625, 1.8538220332311587e-20, nan 
-14.375, 83.625, 1.9681295245544225e-20, nan 
-14.125, 83.625, 1.9037581872010756e-20, nan 
-13.875, 83.625, 1.748311718109028e-20, nan 
-13.625, 83.625, 1.5963929276157635e-20, nan 
-13.375, 83.625, 1.5717386172161707e-20, nan 
-13.125, 83.625, 1.595450489821462e-20, nan 
-12.875, 83.625, 1.6848700572923428e-20, nan 
-12.625, 83.625, 1.7084012423444066e-20, nan 
-12.375, 83.625, 1.485443864467785e-20, nan 
-12.125, 83.625, 1.3851306520166805e-20, nan 
-11.875, 83.625, 1.290398361143102e-20, nan 
-11.625, 83.625, 1.1462370897253723e-20, nan 
-11.375, 83.625, 1.0464567686809445e-20, nan 
-11.125, 83.625, 9.303963746902289e-21, nan 
-10.875, 83.625, 8.991386504140736e-21, nan 
-10.625, 83.625, 8.626618437729926e-21, nan 
-10.375, 83.625, 8.940901659607965e-21, nan 
-10.125, 83.625, 8.564284823538312e-21, nan 
-9.875, 83.625, 8.076070905273634e-21, nan 
-9.625, 83.625, 8.081355845419829e-21, nan 
-9.375, 83.625, 8.141886707506038e-21, nan 
-9.125, 83.625, 7.901049818587262e-21, nan 
-8.875, 83.625, 7.710429032623313e-21, nan 
-8.625, 83.625, 7.685622302501179e-21, nan 
-8.375, 83.625, 7.566107856436096e-21, nan 
-8.125, 83.625, 7.103544146819935e-21, nan 
-7.875, 83.625, 6.4225067829234664e-21, nan 
-7.625, 83.625, 6.3949863698451165e-21, nan 
-7.375, 83.625, 6.839517827740972e-21, nan 
-7.125, 83.625, 6.84978925527691e-21, nan 
-6.875, 83.625, 5.914176853427172e-21, nan 
-6.625, 83.625, 5.166596916644014e-21, nan 
-6.375, 83.625, 4.55724056324235e-21, nan 
-6.125, 83.625, 4.571650877635643e-21, nan 
-5.875, 83.625, 4.8910421945054944e-21, nan 
-5.625, 83.625, 4.9752001307379946e-21, nan 
-5.375, 83.625, 5.417231713955922e-21, nan 
-5.125, 83.625, 6.056877944774178e-21, nan 
-4.875, 83.625, 5.82689363439183e-21, nan 
-4.625, 83.625, 5.620200917800791e-21, nan 
-4.375, 83.625, 6.244089638351968e-21, nan 
-4.125, 83.625, 7.624491588917597e-21, nan 
-3.875, 83.625, 8.058955820140998e-21, nan 
-3.625, 83.625, 7.607889156768687e-21, nan 
-3.375, 83.625, 6.991311342064323e-21, nan 
-3.125, 83.625, 7.196579777034493e-21, nan 
-2.875, 83.625, 7.965234266300412e-21, nan 
-2.625, 83.625, 7.659541790840693e-21, nan 
-2.375, 83.625, 6.28908765277928e-21, nan 
-2.125, 83.625, 6.409957017029439e-21, nan 
-1.875, 83.625, 6.658600971748437e-21, nan 
-1.625, 83.625, 6.3471786909717356e-21, nan 
-1.375, 83.625, 6.068987749242713e-21, nan 
-1.125, 83.625, 6.197153220531889e-21, nan 
-0.875, 83.625, 6.558565782154469e-21, nan 
-0.625, 83.625, 6.632550831129777e-21, nan 
-0.375, 83.625, 6.54857967682965e-21, nan 
-0.125, 83.625, 6.6056336244783095e-21, nan 
0.125, 83.625, 6.832541674752992e-21, nan 
0.375, 83.625, 6.713648459914704e-21, nan 
0.625, 83.625, 6.4639120914731214e-21, nan 
0.875, 83.625, 6.46926602093113e-21, nan 
1.125, 83.625, 7.032855179732341e-21, nan 
1.375, 83.625, 7.904650221900626e-21, nan 
1.625, 83.625, 8.022898482111776e-21, nan 
1.875, 83.625, 7.372903328416994e-21, nan 
2.125, 83.625, 6.798930564216971e-21, nan 
2.375, 83.625, 6.881657556973315e-21, nan 
2.625, 83.625, 7.206407205633457e-21, nan 
2.875, 83.625, 7.124457108926181e-21, nan 
3.125, 83.625, 7.760121176640636e-21, nan 
3.375, 83.625, 8.384067204760753e-21, nan 
3.625, 83.625, 8.878044741122594e-21, nan 
3.875, 83.625, 8.951131457743385e-21, nan 
4.125, 83.625, 7.235797107533499e-21, nan 
4.375, 83.625, 6.94700352992929e-21, nan 
4.625, 83.625, 7.365146543542553e-21, nan 
4.875, 83.625, 7.293341729506391e-21, nan 
5.125, 83.625, 6.154353312169387e-21, nan 
5.375, 83.625, 5.423423081498403e-21, nan 
5.625, 83.625, 5.008565907156408e-21, nan 
5.875, 83.625, 5.032533704289459e-21, nan 
6.125, 83.625, 5.0350587327298275e-21, nan 
6.375, 83.625, 4.8734110073703935e-21, nan 
6.625, 83.625, 4.754613735726694e-21, nan 
6.875, 83.625, 5.000351581663192e-21, nan 
7.125, 83.625, 5.137088569926825e-21, nan 
7.375, 83.625, 4.223097391862284e-21, nan 
7.625, 83.625, 4.1234622302616686e-21, nan 
7.875, 83.625, 4.195102164459739e-21, nan 
8.125, 83.625, 4.30705709053957e-21, nan 
8.375, 83.625, 3.561353278570741e-21, nan 
8.625, 83.625, 3.3707229355853907e-21, nan 
8.875, 83.625, 3.3473731849224784e-21, nan 
9.125, 83.625, 3.346986416006484e-21, nan 
9.375, 83.625, 3.049074255987372e-21, nan 
9.625, 83.625, 2.857966172186924e-21, nan 
9.875, 83.625, 2.8980356861132456e-21, nan 
10.125, 83.625, 3.0571251817366933e-21, nan 
10.375, 83.625, 3.118650908611687e-21, nan 
10.625, 83.625, 3.144934501007778e-21, nan 
10.875, 83.625, 3.1115920258709775e-21, nan 
11.125, 83.625, 3.0060362317017194e-21, nan 
11.375, 83.625, 2.862860319292026e-21, nan 
11.625, 83.625, 2.696845576677231e-21, nan 
11.875, 83.625, 2.6286562803320524e-21, nan 
12.125, 83.625, 2.5766939681463247e-21, nan 
12.375, 83.625, 2.646332281734072e-21, nan 
12.625, 83.625, 2.4608218014483805e-21, nan 
12.875, 83.625, 2.1285355749456275e-21, nan 
13.125, 83.625, 1.9236591092792023e-21, nan 
13.375, 83.625, 2.0485640670945364e-21, nan 
13.625, 83.625, 2.1164355393349315e-21, nan 
13.875, 83.625, 2.164330576240913e-21, nan 
14.125, 83.625, 2.0121595520198738e-21, nan 
14.375, 83.625, 1.8196391633311717e-21, nan 
14.625, 83.625, 1.611140195052617e-21, nan 
14.875, 83.625, 1.7013327116629213e-21, nan 
15.125, 83.625, 2.069837727446645e-21, nan 
15.375, 83.625, 2.540932809297787e-21, nan 
15.625, 83.625, 2.9823604370759227e-21, nan 
15.875, 83.625, 3.54707978808311e-21, nan 
16.125, 83.625, 3.62485331016679e-21, nan 
16.375, 83.625, 3.1408968908894423e-21, nan 
16.625, 83.625, 2.688008748417461e-21, nan 
16.875, 83.625, 2.341849363856781e-21, nan 
17.125, 83.625, 2.0450547634187268e-21, nan 
17.375, 83.625, 1.8671357382840007e-21, nan 
17.625, 83.625, 1.852419633097806e-21, nan 
17.875, 83.625, 1.5932936332223956e-21, nan 
18.125, 83.625, 1.3467906324456418e-21, nan 
18.375, 83.625, 1.4105535617153437e-21, nan 
18.625, 83.625, 1.4410161523020444e-21, nan 
18.875, 83.625, 1.3453277433701527e-21, nan 
19.125, 83.625, 1.1505221876433223e-21, nan 
19.375, 83.625, 9.350003577766161e-22, nan 
19.625, 83.625, 7.838217613102967e-22, nan 
19.875, 83.625, 7.13953292549509e-22, nan 
20.125, 83.625, 7.8135080320949575e-22, nan 
20.375, 83.625, 7.7791095703018265e-22, nan 
20.625, 83.625, 7.296352429451027e-22, nan 
20.875, 83.625, 6.630844174671608e-22, nan 
21.125, 83.625, 6.046530775459359e-22, nan 
21.375, 83.625, 5.4141681041782e-22, nan 
21.625, 83.625, 4.657867394699301e-22, nan 
21.875, 83.625, 4.547665581894914e-22, nan 
22.125, 83.625, 4.569134071911424e-22, nan 
22.375, 83.625, 5.135813096830953e-22, nan 
22.625, 83.625, 5.471292267952839e-22, nan 
22.875, 83.625, 5.601767484919728e-22, nan 
23.125, 83.625, 5.778537203856575e-22, nan 
23.375, 83.625, 6.24926731753515e-22, nan 
23.625, 83.625, 6.735610938213906e-22, nan 
23.875, 83.625, 6.741213084466863e-22, nan 
24.125, 83.625, 6.576142387037944e-22, nan 
24.375, 83.625, 6.317169584336713e-22, nan 
24.625, 83.625, 6.270315583511802e-22, nan 
24.875, 83.625, 6.09914629651658e-22, nan 
25.125, 83.625, 5.925128745588339e-22, nan 
25.375, 83.625, 5.857764644088916e-22, nan 
25.625, 83.625, 6.163201815210068e-22, nan 
25.875, 83.625, 6.125108083633455e-22, nan 
26.125, 83.625, 5.751015664841218e-22, nan 
26.375, 83.625, 5.452628665792826e-22, nan 
26.625, 83.625, 5.364030987217448e-22, nan 
26.875, 83.625, 4.939541546372597e-22, nan 
27.125, 83.625, 4.633942251706143e-22, nan 
27.375, 83.625, 4.519029810517924e-22, nan 
27.625, 83.625, 4.3019245806326945e-22, nan 
27.875, 83.625, 4.0361674510110886e-22, nan 
28.125, 83.625, 3.730439242383519e-22, nan 
28.375, 83.625, 3.661324429321339e-22, nan 
28.625, 83.625, 3.3791532980651004e-22, nan 
28.875, 83.625, 3.2262927500213863e-22, nan 
29.125, 83.625, 3.086685259173914e-22, nan 
29.375, 83.625, 2.893225648241133e-22, nan 
29.625, 83.625, 2.731000151206894e-22, nan 
29.875, 83.625, 2.5086017448380728e-22, nan 
30.125, 83.625, 2.3516008146715657e-22, nan 
30.375, 83.625, 2.284232203144072e-22, nan 
30.625, 83.625, 2.2092867798106563e-22, nan 
30.875, 83.625, 2.0292223673601774e-22, nan 
31.125, 83.625, 1.969386977679307e-22, nan 
31.375, 83.625, 1.862586952962237e-22, nan 
31.625, 83.625, 1.7398780342248154e-22, nan 
31.875, 83.625, 1.6565825832796083e-22, nan 
32.125, 83.625, 1.6259732634356025e-22, nan 
32.375, 83.625, 1.6156075297253649e-22, nan 
32.625, 83.625, 1.593941020252395e-22, nan 
32.875, 83.625, 1.5990114284642824e-22, nan 
33.125, 83.625, 1.5081149651100638e-22, nan 
33.375, 83.625, 1.4434520486007717e-22, nan 
33.625, 83.625, 1.508374551398948e-22, nan 
33.875, 83.625, 1.4798486296666222e-22, nan 
34.125, 83.625, 1.432459512978951e-22, nan 
34.375, 83.625, 1.341715979171354e-22, nan 
34.625, 83.625, 1.3084660785560142e-22, nan 
34.875, 83.625, 1.2729950063509541e-22, nan 
35.125, 83.625, 1.2075509208440898e-22, nan 
35.375, 83.625, 1.1780700665974748e-22, nan 
35.625, 83.625, 1.0865928310392406e-22, nan 
35.875, 83.625, 1.0912438129864497e-22, nan 
36.125, 83.625, 1.0997338387635963e-22, nan 
36.375, 83.625, 1.0593259733934192e-22, nan 
36.625, 83.625, 1.0080530736790109e-22, nan 
36.875, 83.625, 8.826921398315315e-23, nan 
37.125, 83.625, 7.857617239533883e-23, nan 
37.375, 83.625, 6.958967357023521e-23, nan 
37.625, 83.625, 7.035145778182626e-23, nan 
37.875, 83.625, 6.926706293002878e-23, nan 
38.125, 83.625, 6.193213633266796e-23, nan 
38.375, 83.625, 6.407825114294523e-23, nan 
38.625, 83.625, 6.461927308822891e-23, nan 
38.875, 83.625, 6.751851370519236e-23, nan 
39.125, 83.625, 6.949342791792183e-23, nan 
39.375, 83.625, 7.363533939867403e-23, nan 
39.625, 83.625, 7.93332571091159e-23, nan 
39.875, 83.625, 8.007321767895219e-23, nan 
40.125, 83.625, 9.063210929358263e-23, nan 
40.375, 83.625, 9.085750718511864e-23, nan 
40.625, 83.625, 9.381681820160473e-23, nan 
40.875, 83.625, 9.512237718142236e-23, nan 
41.125, 83.625, 1.0702225555677506e-22, nan 
41.375, 83.625, 1.203383915364033e-22, nan 
41.625, 83.625, 1.2393742016121985e-22, nan 
41.875, 83.625, 1.2659174954679568e-22, nan 
42.125, 83.625, 1.2533973024358902e-22, nan 
42.375, 83.625, 1.3877683726019768e-22, nan 
42.625, 83.625, 1.7193691365665984e-22, nan 
42.875, 83.625, 1.8359887314280132e-22, nan 
43.125, 83.625, 1.8850558514009294e-22, nan 
43.375, 83.625, 2.40499100691619e-22, nan 
43.625, 83.625, 2.9207822470865785e-22, nan 
43.875, 83.625, 2.976408397858035e-22, nan 
44.125, 83.625, 3.0010351486186484e-22, nan 
44.375, 83.625, 3.3784125720654264e-22, nan 
44.625, 83.625, 3.791443756413679e-22, nan 
44.875, 83.625, 3.6099064627002554e-22, nan 
45.125, 83.625, 3.451243971954797e-22, nan 
45.375, 83.625, 3.3787657397276107e-22, nan 
45.625, 83.625, 3.239217187398744e-22, nan 
45.875, 83.625, 3.5470828362416493e-22, nan 
46.125, 83.625, 3.1570557058065817e-22, nan 
46.375, 83.625, 2.9117596814365906e-22, nan 
46.625, 83.625, 3.1889175787773704e-22, nan 
46.875, 83.625, 3.3744656082005106e-22, nan 
47.125, 83.625, 3.342386522574718e-22, nan 
47.375, 83.625, 3.5120570624853456e-22, nan 
47.625, 83.625, 3.772494842687074e-22, nan 
47.875, 83.625, 3.4585573289674877e-22, nan 
48.125, 83.625, 3.294157196285562e-22, nan 
48.375, 83.625, 4.017546723619131e-22, nan 
48.625, 83.625, 4.436019388117113e-22, nan 
48.875, 83.625, 3.780718896298262e-22, nan 
49.125, 83.625, 3.1961279774965296e-22, nan 
49.375, 83.625, 3.9818631928425444e-22, nan 
49.625, 83.625, 4.589980828132411e-22, nan 
49.875, 83.625, 4.376812970439379e-22, nan 
50.125, 83.625, 3.8598607537713496e-22, nan 
50.375, 83.625, 4.313306971124772e-22, nan 
50.625, 83.625, 5.340932505100953e-22, nan 
50.875, 83.625, 5.784724341134296e-22, nan 
51.125, 83.625, 4.2043885103474004e-22, nan 
51.375, 83.625, 3.650392174275321e-22, nan 
51.625, 83.625, 5.296780675001176e-22, nan 
51.875, 83.625, 6.378702900769086e-22, nan 
52.125, 83.625, 4.983430097353571e-22, nan 
52.375, 83.625, 4.587724190852493e-22, nan 
52.625, 83.625, 6.55710161531771e-22, nan 
52.875, 83.625, 6.492298655316544e-22, nan 
53.125, 83.625, 5.763947238118799e-22, nan 
53.375, 83.625, 4.857576156083938e-22, nan 
53.625, 83.625, 4.776099794874704e-22, nan 
53.875, 83.625, 2.5172071082343998e-22, nan 
54.125, 83.625, 3.084012378232771e-22, nan 
54.375, 83.625, 2.8987201332945847e-22, nan 
54.625, 83.625, 2.6680072619185225e-22, nan 
54.875, 83.625, 3.899317651962411e-22, nan 
55.125, 83.625, 4.504963985362724e-22, nan 
55.375, 83.625, 3.7387622636591587e-22, nan 
55.625, 83.625, 3.1622804556227214e-22, nan 
55.875, 83.625, 3.1310083955776257e-22, nan 
56.125, 83.625, 2.204518111332495e-22, nan 
56.375, 83.625, 2.062686240312493e-22, nan 
56.625, 83.625, 2.396700405708721e-22, nan 
56.875, 83.625, 2.145892473519874e-22, nan 
57.125, 83.625, 1.2236559392523108e-22, nan 
57.375, 83.625, 1.4024292730927624e-22, nan 
57.625, 83.625, 1.4329567146890831e-22, nan 
57.875, 83.625, 1.40870880447239e-22, nan 
58.125, 83.625, 1.366879236576783e-22, nan 
58.375, 83.625, 1.5077589961411476e-22, nan 
58.625, 83.625, 1.5192278733678234e-22, nan 
58.875, 83.625, 1.4342714971961667e-22, nan 
59.125, 83.625, 1.3700966118333753e-22, nan 
59.375, 83.625, 1.3591618150862203e-22, nan 
59.625, 83.625, 1.3412354805511003e-22, nan 
59.875, 83.625, 1.246447653215422e-22, nan 
60.125, 83.625, 1.3878851981661282e-22, nan 
60.375, 83.625, 1.3080187453585805e-22, nan 
60.625, 83.625, 1.2387066494860099e-22, nan 
60.875, 83.625, 1.277208106773121e-22, nan 
61.125, 83.625, 1.2445785918445526e-22, nan 
61.375, 83.625, 1.1683574151745629e-22, nan 
61.625, 83.625, 1.166405095334802e-22, nan 
61.875, 83.625, 1.1610380895208695e-22, nan 
62.125, 83.625, 1.2115245210837747e-22, nan 
62.375, 83.625, 1.0473274209524576e-22, nan 
62.625, 83.625, 1.0127351427234581e-22, nan 
62.875, 83.625, 9.604324886089353e-23, nan 
63.125, 83.625, 1.1998432782934973e-22, nan 
63.375, 83.625, 1.0659562977688242e-22, nan 
63.625, 83.625, 6.941734264848237e-23, nan 
63.875, 83.625, 9.35627808727536e-23, nan 
64.125, 83.625, 1.0441912399274973e-22, nan 
64.375, 83.625, 1.6694325990302944e-22, nan 
64.625, 83.625, 1.8189084084996694e-22, nan 
64.875, 83.625, 1.4608570166804476e-22, nan 
65.125, 83.625, 1.8464366885657984e-22, nan 
65.375, 83.625, 1.7435459283815495e-22, nan 
65.625, 83.625, 1.8125506987740278e-22, nan 
65.875, 83.625, 1.8601119430237842e-22, nan 
66.125, 83.625, 1.877023350286588e-22, nan 
66.375, 83.625, 1.6383684497929018e-22, nan 
66.625, 83.625, 1.6633164431399443e-22, nan 
66.875, 83.625, 1.7125050681744712e-22, nan 
67.125, 83.625, 1.9037098861169048e-22, nan 
67.375, 83.625, 2.03040307474699e-22, nan 
67.625, 83.625, 2.1727733184201867e-22, nan 
67.875, 83.625, 2.3581565477666643e-22, nan 
68.125, 83.625, 2.4758638426971055e-22, nan 
68.375, 83.625, 2.3742640053992125e-22, nan 
68.625, 83.625, 1.6916054059190403e-22, nan 
68.875, 83.625, 1.661008549651479e-22, nan 
69.125, 83.625, 1.7578788748506959e-22, nan 
69.375, 83.625, 1.8990041431598574e-22, nan 
69.625, 83.625, 1.7591818217773463e-22, nan 
69.875, 83.625, 1.5826095282494732e-22, nan 
70.125, 83.625, 1.4938420644645924e-22, nan 
70.375, 83.625, 1.4934042286447176e-22, nan 
70.625, 83.625, 1.4349409230512776e-22, nan 
70.875, 83.625, 9.461032750000706e-23, nan 
71.125, 83.625, 7.029129036081527e-23, nan 
71.375, 83.625, 6.165784076892319e-23, nan 
71.625, 83.625, 5.848986901635084e-23, nan 
71.875, 83.625, 5.610085169221662e-23, nan 
72.125, 83.625, 5.999231041441205e-23, nan 
72.375, 83.625, 6.113941310437117e-23, nan 
72.625, 83.625, 5.987809267551328e-23, nan 
72.875, 83.625, 5.995843077202276e-23, nan 
73.125, 83.625, 7.375530350524597e-23, nan 
73.375, 83.625, 8.136550916424093e-23, nan 
73.625, 83.625, 8.013242924809884e-23, nan 
73.875, 83.625, 8.86372788736245e-23, nan 
74.125, 83.625, 9.457991531057968e-23, nan 
74.375, 83.625, 9.66600106251344e-23, nan 
74.625, 83.625, 9.731630507120367e-23, nan 
74.875, 83.625, 9.794653597389523e-23, nan 
75.125, 83.625, 9.067616259648721e-23, nan 
75.375, 83.625, 1.128044385833301e-22, nan 
75.625, 83.625, 5.297988621272219e-23, nan 
75.875, 83.625, 6.954644327153529e-23, nan 
76.125, 83.625, 8.481183382666598e-23, nan 
76.375, 83.625, 9.91356612853336e-23, nan 
76.625, 83.625, 9.777751103812427e-23, nan 
76.875, 83.625, 1.0178045203540211e-22, nan 
77.125, 83.625, 1.0203415104639115e-22, nan 
77.375, 83.625, 9.11262469249119e-23, nan 
77.625, 83.625, 1.153209146524934e-22, nan 
77.875, 83.625, 9.139455721727284e-23, nan 
78.125, 83.625, 5.292133001047388e-23, nan 
78.375, 83.625, 4.9687040336148255e-23, nan 
78.625, 83.625, 3.6857573713491844e-23, nan 
78.875, 83.625, 3.5612359014476885e-23, nan 
79.125, 83.625, 3.564033152202292e-23, nan 
79.375, 83.625, 3.4686939449892385e-23, nan 
79.625, 83.625, 3.349089716351708e-23, nan 
79.875, 83.625, 3.738536623379631e-23, nan 
80.125, 83.625, 4.178974436335284e-23, nan 
80.375, 83.625, 3.75678753711681e-23, nan 
80.625, 83.625, 4.188261763241332e-23, nan 
80.875, 83.625, 5.405102622024001e-23, nan 
81.125, 83.625, 5.469841271715271e-23, nan 
81.375, 83.625, 4.5978406504944735e-23, nan 
81.625, 83.625, 4.265723566824165e-23, nan 
81.875, 83.625, 5.232099255809936e-23, nan 
82.125, 83.625, 7.593821882249751e-23, nan 
82.375, 83.625, 5.939220779918924e-23, nan 
82.625, 83.625, 5.782514505744683e-23, nan 
82.875, 83.625, 6.992450717354085e-23, nan 
83.125, 83.625, 7.333832691727147e-23, nan 
83.375, 83.625, 6.171446342727079e-23, nan 
83.625, 83.625, 7.305710850797596e-23, nan 
83.875, 83.625, 8.239352939989434e-23, nan 
84.125, 83.625, 3.5657087087885656e-23, nan 
84.375, 83.625, 2.160911483956093e-23, nan 
84.625, 83.625, 2.6647456278548135e-23, nan 
84.875, 83.625, 2.248956671445916e-23, nan 
85.125, 83.625, 2.1172549858037118e-23, nan 
85.375, 83.625, 2.3518359456438898e-23, nan 
85.625, 83.625, 2.895999404820329e-23, nan 
85.875, 83.625, 3.450099970895737e-23, nan 
86.125, 83.625, 3.226166550528985e-23, nan 
86.375, 83.625, 4.291945020137744e-23, nan 
86.625, 83.625, 6.547187194974023e-23, nan 
86.875, 83.625, 4.569651295371835e-23, nan 
87.125, 83.625, 3.800429047129789e-23, nan 
87.375, 83.625, 3.6898740124881667e-23, nan 
87.625, 83.625, 3.389101442034318e-23, nan 
87.875, 83.625, 2.4921738133482802e-23, nan 
88.125, 83.625, 2.794665390340671e-23, nan 
88.375, 83.625, 2.4664681167708727e-23, nan 
88.625, 83.625, 3.93883029213214e-23, nan 
88.875, 83.625, 5.337831935363047e-23, nan 
89.125, 83.625, 4.2149974113906283e-23, nan 
89.375, 83.625, 3.5090075740905873e-23, nan 
89.625, 83.625, 4.071519577704694e-23, nan 
89.875, 83.625, 4.2914786379021505e-23, nan 
90.125, 83.625, 3.1160450113967254e-23, nan 
90.375, 83.625, 4.383125190186948e-23, nan 
90.625, 83.625, 7.690292966628204e-23, nan 
90.875, 83.625, 5.771168741436765e-23, nan 
91.125, 83.625, 6.146674053704417e-23, nan 
91.375, 83.625, 4.0466934439936525e-23, nan 
91.625, 83.625, 6.496666431942932e-23, nan 
91.875, 83.625, 5.881895340213774e-23, nan 
92.125, 83.625, 4.0182160641819385e-23, nan 
92.375, 83.625, 3.584186971896539e-23, nan 
92.625, 83.625, 5.654750736325158e-23, nan 
92.875, 83.625, 1.3104485130399907e-22, nan 
93.125, 83.625, 7.743772007242505e-23, nan 
93.375, 83.625, 4.73961179580913e-23, nan 
93.625, 83.625, 4.831888483771856e-23, nan 
93.875, 83.625, 5.583884508148029e-23, nan 
94.125, 83.625, 4.237973622184869e-23, nan 
94.375, 83.625, 4.713408652582992e-23, nan 
94.625, 83.625, 5.463298606599345e-23, nan 
94.875, 83.625, 8.080842255479894e-23, nan 
95.125, 83.625, 8.636280343463843e-23, nan 
95.375, 83.625, 5.697780176732066e-23, nan 
95.625, 83.625, 4.647967071720071e-23, nan 
95.875, 83.625, 5.226311700439232e-23, nan 
96.125, 83.625, 7.205382086473037e-23, nan 
96.375, 83.625, 6.837938359380389e-23, nan 
96.625, 83.625, 6.433651721435123e-23, nan 
96.875, 83.625, 6.675771879863563e-23, nan 
97.125, 83.625, 1.0156911161306576e-22, nan 
97.375, 83.625, 8.287447651843726e-23, nan 
97.625, 83.625, 7.274472036276273e-23, nan 
97.875, 83.625, 7.339670461310271e-23, nan 
98.125, 83.625, 7.045007670686513e-23, nan 
98.375, 83.625, 9.419797595217673e-23, nan 
98.625, 83.625, 9.462812675891496e-23, nan 
98.875, 83.625, 8.011898640383381e-23, nan 
99.125, 83.625, 6.803054024684787e-23, nan 
99.375, 83.625, 7.389858145442114e-23, nan 
99.625, 83.625, 9.496855156517534e-23, nan 
99.875, 83.625, 1.0584879636441511e-22, nan 
100.125, 83.625, 1.05186070161793e-22, nan 
100.375, 83.625, 9.710571967765603e-23, nan 
100.625, 83.625, 8.609370507242146e-23, nan 
100.875, 83.625, 9.077623928933498e-23, nan 
101.125, 83.625, 9.18716091996344e-23, nan 
101.375, 83.625, 8.763811093420564e-23, nan 
101.625, 83.625, 7.932637147377625e-23, nan 
101.875, 83.625, 8.075297273494144e-23, nan 
102.125, 83.625, 8.405789390512751e-23, nan 
102.375, 83.625, 9.066860548846088e-23, nan 
102.625, 83.625, 8.395606245095209e-23, nan 
102.875, 83.625, 6.689839376371247e-23, nan 
103.125, 83.625, 6.019409369362167e-23, nan 
103.375, 83.625, 6.752383789656246e-23, nan 
103.625, 83.625, 6.165153166803374e-23, nan 
103.875, 83.625, 5.2433152084111316e-23, nan 
104.125, 83.625, 4.472150533239461e-23, nan 
104.375, 83.625, 4.36047791794746e-23, nan 
104.625, 83.625, 4.564553748778539e-23, nan 
104.875, 83.625, 4.1351554288272e-23, nan 
105.125, 83.625, 3.8732495351610707e-23, nan 
105.375, 83.625, 3.6478343751435295e-23, nan 
105.625, 83.625, 3.4958373126892187e-23, nan 
105.875, 83.625, 3.4425257345001476e-23, nan 
106.125, 83.625, 3.581582399237962e-23, nan 
106.375, 83.625, 5.0745456485187614e-23, nan 
106.625, 83.625, 6.332030357842726e-23, nan 
106.875, 83.625, 8.460477753548417e-23, nan 
107.125, 83.625, 9.46981029902817e-23, nan 
107.375, 83.625, 8.933482466456042e-23, nan 
107.625, 83.625, 8.443906053174022e-23, nan 
107.875, 83.625, 9.710640051552933e-23, nan 
108.125, 83.625, 1.0555986687480809e-22, nan 
108.375, 83.625, 9.733686863324536e-23, nan 
108.625, 83.625, 8.706124444288644e-23, nan 
108.875, 83.625, 6.781826019124784e-23, nan 
109.125, 83.625, 6.544544715213721e-23, nan 
109.375, 83.625, 8.952660223492747e-23, nan 
109.625, 83.625, 7.332951211867617e-23, nan 
109.875, 83.625, 5.720034467062959e-23, nan 
110.125, 83.625, 6.762111783669848e-23, nan 
110.375, 83.625, 7.766976591366436e-23, nan 
110.625, 83.625, 7.011182445698204e-23, nan 
110.875, 83.625, 4.9306202287194335e-23, nan 
111.125, 83.625, 4.1134735211220255e-23, nan 
111.375, 83.625, 4.5558183943880483e-23, nan 
111.625, 83.625, 6.141320404046156e-23, nan 
111.875, 83.625, 5.501060595696999e-23, nan 
112.125, 83.625, 4.796727581549351e-23, nan 
112.375, 83.625, 5.326105078879611e-23, nan 
112.625, 83.625, 6.471822756341503e-23, nan 
112.875, 83.625, 6.208635695495826e-23, nan 
113.125, 83.625, 5.825687144650015e-23, nan 
113.375, 83.625, 6.96860072250382e-23, nan 
113.625, 83.625, 7.402579600629516e-23, nan 
113.875, 83.625, 7.034501670500159e-23, nan 
114.125, 83.625, 5.467293920882076e-23, nan 
114.375, 83.625, 8.10934518208694e-23, nan 
114.625, 83.625, 8.684661577604179e-23, nan 
114.875, 83.625, 9.684347805688476e-23, nan 
115.125, 83.625, 9.779329466180797e-23, nan 
115.375, 83.625, 9.804280035607047e-23, nan 
115.625, 83.625, 9.674461328296604e-23, nan 
115.875, 83.625, 9.30447977937e-23, nan 
116.125, 83.625, 8.772471365178841e-23, nan 
116.375, 83.625, 8.88671075941002e-23, nan 
116.625, 83.625, 8.879202163667688e-23, nan 
116.875, 83.625, 9.066210218660057e-23, nan 
117.125, 83.625, 1.2038792740454097e-22, nan 
117.375, 83.625, 1.1866728228817694e-22, nan 
117.625, 83.625, 1.1835865563191774e-22, nan 
117.875, 83.625, 1.2095500011545292e-22, nan 
118.125, 83.625, 1.3917675783273444e-22, nan 
118.375, 83.625, 1.3133339531912165e-22, nan 
118.625, 83.625, 1.1156970135034395e-22, nan 
118.875, 83.625, 1.1311819566674083e-22, nan 
119.125, 83.625, 1.2052420511423697e-22, nan 
119.375, 83.625, 1.7298731747220243e-22, nan 
119.625, 83.625, 1.62121499833532e-22, nan 
119.875, 83.625, 1.4591783585713497e-22, nan 
120.125, 83.625, 1.436863692807286e-22, nan 
120.375, 83.625, 1.2181801544399394e-22, nan 
120.625, 83.625, 1.0357804602818026e-22, nan 
120.875, 83.625, 5.2785229996881723e-23, nan 
121.125, 83.625, 6.231708464672158e-23, nan 
121.375, 83.625, 7.67040279122113e-23, nan 
121.625, 83.625, 5.963387519932705e-23, nan 
121.875, 83.625, 6.348689891299931e-23, nan 
122.125, 83.625, 6.530132029730617e-23, nan 
122.375, 83.625, 1.9825752454840255e-23, nan 
122.625, 83.625, 3.4269726774464606e-23, nan 
122.875, 83.625, 3.020739253661147e-23, nan 
123.125, 83.625, 1.0282646831718949e-22, nan 
123.375, 83.625, 1.2402405442466363e-22, nan 
123.625, 83.625, 1.2113591055927944e-22, nan 
123.875, 83.625, 1.1111623994817322e-22, nan 
124.125, 83.625, 1.0459718711050931e-22, nan 
124.375, 83.625, 1.0204171067637912e-22, nan 
124.625, 83.625, 9.301288788920785e-23, nan 
124.875, 83.625, 8.922622955337369e-23, nan 
125.125, 83.625, 8.178114779673615e-23, nan 
125.375, 83.625, 7.802675355946034e-23, nan 
125.625, 83.625, 7.8532275644635e-23, nan 
125.875, 83.625, 6.407839014973928e-23, nan 
126.125, 83.625, 4.951708490226107e-23, nan 
126.375, 83.625, 5.519527618376802e-23, nan 
126.625, 83.625, 5.899372757217675e-23, nan 
126.875, 83.625, 5.82128284771142e-23, nan 
127.125, 83.625, 6.156755543028923e-23, nan 
127.375, 83.625, 6.597367467950526e-23, nan 
127.625, 83.625, 6.740021176461812e-23, nan 
127.875, 83.625, 5.106993380144494e-23, nan 
128.125, 83.625, 4.32248225384673e-23, nan 
128.375, 83.625, 5.605223453896854e-23, nan 
128.625, 83.625, 6.3493478330938e-23, nan 
128.875, 83.625, 4.7078352869289154e-23, nan 
129.125, 83.625, 4.153660580277308e-23, nan 
129.375, 83.625, 4.67399543133608e-23, nan 
129.625, 83.625, 5.388990269619324e-23, nan 
129.875, 83.625, 5.668571729424781e-23, nan 
130.125, 83.625, 5.314381223760762e-23, nan 
130.375, 83.625, 5.190711942808545e-23, nan 
130.625, 83.625, 3.938212947740241e-23, nan 
130.875, 83.625, 3.9616159937110954e-23, nan 
131.125, 83.625, 3.9803193241145115e-23, nan 
131.375, 83.625, 3.8220936436719044e-23, nan 
131.625, 83.625, 4.061378910430176e-23, nan 
131.875, 83.625, 4.2108342760394535e-23, nan 
132.125, 83.625, 4.241196968370422e-23, nan 
132.375, 83.625, 4.1603601214475385e-23, nan 
132.625, 83.625, 4.270288754052626e-23, nan 
132.875, 83.625, 3.4603805901473955e-23, nan 
133.125, 83.625, 2.798236760401603e-23, nan 
133.375, 83.625, 3.5577973449553033e-23, nan 
133.625, 83.625, 3.6790044725622375e-23, nan 
133.875, 83.625, 3.3006469917201476e-23, nan 
134.125, 83.625, 3.272208002346508e-23, nan 
134.375, 83.625, 2.29364904275469e-23, nan 
134.625, 83.625, 1.8323715219878722e-23, nan 
134.875, 83.625, 1.645780505674707e-23, nan 
135.125, 83.625, 1.4833034742232158e-23, nan 
135.375, 83.625, 1.4371144033100795e-23, nan 
135.625, 83.625, 1.5503542847292722e-23, nan 
135.875, 83.625, 1.68325204873826e-23, nan 
136.125, 83.625, 1.602685813231035e-23, nan 
136.375, 83.625, 1.4542725352054834e-23, nan 
136.625, 83.625, 1.6857294486678023e-23, nan 
136.875, 83.625, 2.0833329615198906e-23, nan 
137.125, 83.625, 1.876853443557616e-23, nan 
137.375, 83.625, 1.5503886750226482e-23, nan 
137.625, 83.625, 2.5864397969679763e-23, nan 
137.875, 83.625, 3.288312907881844e-23, nan 
138.125, 83.625, 2.9580602503718995e-23, nan 
138.375, 83.625, 2.655912428866959e-23, nan 
138.625, 83.625, 2.874421859996935e-23, nan 
138.875, 83.625, 2.707853971733393e-23, nan 
139.125, 83.625, 2.0092068143908382e-23, nan 
139.375, 83.625, 1.477228095157948e-23, nan 
139.625, 83.625, 1.5556583804521433e-23, nan 
139.875, 83.625, 3.596614747088979e-23, nan 
140.125, 83.625, 5.053107292219327e-23, nan 
140.375, 83.625, 4.4602773630028845e-23, nan 
140.625, 83.625, 3.5152109680160606e-23, nan 
140.875, 83.625, 2.8965241567744927e-23, nan 
141.125, 83.625, 2.4214689161462973e-23, nan 
141.375, 83.625, 2.318160380575758e-23, nan 
141.625, 83.625, 2.3068879638845027e-23, nan 
141.875, 83.625, 1.9705499931848226e-23, nan 
142.125, 83.625, 2.0493682376220208e-23, nan 
142.375, 83.625, 2.5735913332921643e-23, nan 
142.625, 83.625, 2.3530592932761044e-23, nan 
142.875, 83.625, 1.961234300700647e-23, nan 
143.125, 83.625, 1.7041056701366046e-23, nan 
143.375, 83.625, 1.5890731412932735e-23, nan 
143.625, 83.625, 1.5002072106282938e-23, nan 
143.875, 83.625, 1.4459658776109086e-23, nan 
144.125, 83.625, 1.2822750688782952e-23, nan 
144.375, 83.625, 1.1127316065512033e-23, nan 
144.625, 83.625, 9.635478574828733e-24, nan 
144.875, 83.625, 7.573122271081329e-24, nan 
145.125, 83.625, 6.62995489576981e-24, nan 
145.375, 83.625, 6.176414220848247e-24, nan 
145.625, 83.625, 5.2695355983437e-24, nan 
145.875, 83.625, 4.6706407122320976e-24, nan 
146.125, 83.625, 4.613478407332373e-24, nan 
146.375, 83.625, 4.438342260115259e-24, nan 
146.625, 83.625, 3.9295300856854594e-24, nan 
146.875, 83.625, 3.9984732203455416e-24, nan 
147.125, 83.625, 4.503906301581525e-24, nan 
147.375, 83.625, 3.574631620784637e-24, nan 
147.625, 83.625, 2.732531260940411e-24, nan 
147.875, 83.625, 2.6333744636180414e-24, nan 
148.125, 83.625, 3.1874208921852286e-24, nan 
148.375, 83.625, 3.53742000896616e-24, nan 
148.625, 83.625, 3.5126678819047254e-24, nan 
148.875, 83.625, 2.9125921048220455e-24, nan 
149.125, 83.625, 2.4805122094592235e-24, nan 
149.375, 83.625, 3.160570538254026e-24, nan 
149.625, 83.625, 3.898719751591018e-24, nan 
149.875, 83.625, 2.5640881050177616e-24, nan 
150.125, 83.625, 2.892838182853858e-24, nan 
150.375, 83.625, 3.953561556602839e-24, nan 
150.625, 83.625, 3.906509861800707e-24, nan 
150.875, 83.625, 3.910833272903141e-24, nan 
151.125, 83.625, 4.600071677706689e-24, nan 
151.375, 83.625, 5.6186264864224275e-24, nan 
151.625, 83.625, 6.567653113579479e-24, nan 
151.875, 83.625, 6.485340678608549e-24, nan 
152.125, 83.625, 6.629125349981204e-24, nan 
152.375, 83.625, 7.284342251241612e-24, nan 
152.625, 83.625, 7.5216958166445e-24, nan 
152.875, 83.625, 7.460844183721454e-24, nan 
153.125, 83.625, 6.03511198198519e-24, nan 
153.375, 83.625, 5.65333367256308e-24, nan 
153.625, 83.625, 5.9589305666374235e-24, nan 
153.875, 83.625, 6.2324995673411906e-24, nan 
154.125, 83.625, 6.4501875470345066e-24, nan 
154.375, 83.625, 6.863115692052542e-24, nan 
154.625, 83.625, 6.759398668275072e-24, nan 
154.875, 83.625, 6.815212460128336e-24, nan 
155.125, 83.625, 7.540723771286066e-24, nan 
155.375, 83.625, 6.781474007107157e-24, nan 
155.625, 83.625, 6.090579303618184e-24, nan 
155.875, 83.625, 6.0153407912038455e-24, nan 
156.125, 83.625, 5.582701052927887e-24, nan 
156.375, 83.625, 5.5205101750196375e-24, nan 
156.625, 83.625, 6.0596258154087494e-24, nan 
156.875, 83.625, 5.821538481392357e-24, nan 
157.125, 83.625, 7.362646440687903e-24, nan 
157.375, 83.625, 9.894876475636444e-24, nan 
157.625, 83.625, 1.1413158164667794e-23, nan 
157.875, 83.625, 9.969443400090972e-24, nan 
158.125, 83.625, 9.568952771175514e-24, nan 
158.375, 83.625, 1.1129339492087938e-23, nan 
158.625, 83.625, 1.348014446225981e-23, nan 
158.875, 83.625, 1.379094909667461e-23, nan 
159.125, 83.625, 1.2584989652534869e-23, nan 
159.375, 83.625, 1.2154530769488402e-23, nan 
159.625, 83.625, 1.9900878062448364e-23, nan 
159.875, 83.625, 2.227338596764229e-23, nan 
160.125, 83.625, 2.0603125774283402e-23, nan 
160.375, 83.625, 1.9143812976534492e-23, nan 
160.625, 83.625, 1.998650728557415e-23, nan 
160.875, 83.625, 1.922102493980081e-23, nan 
161.125, 83.625, 1.4507595290351295e-23, nan 
161.375, 83.625, 1.1205770541955985e-23, nan 
161.625, 83.625, 1.0136028976415106e-23, nan 
161.875, 83.625, 8.681654488081751e-24, nan 
162.125, 83.625, 7.904327242602867e-24, nan 
162.375, 83.625, 8.626175705556877e-24, nan 
162.625, 83.625, 6.80610581702012e-24, nan 
162.875, 83.625, 9.470949342000662e-24, nan 
163.125, 83.625, 1.370790643500349e-23, nan 
163.375, 83.625, 8.053774839002314e-24, nan 
163.625, 83.625, 9.549443227363204e-24, nan 
163.875, 83.625, 1.4750334432191616e-23, nan 
164.125, 83.625, 1.3082290529777217e-23, nan 
164.375, 83.625, 9.960773713006947e-24, nan 
164.625, 83.625, 9.106187410426151e-24, nan 
164.875, 83.625, 6.77399745805664e-24, nan 
165.125, 83.625, 1.6754406454647317e-23, nan 
165.375, 83.625, 2.4750819710051916e-23, nan 
165.625, 83.625, 9.523879428534355e-24, nan 
165.875, 83.625, 1.4396882389869116e-23, nan 
166.125, 83.625, 3.0262318029005333e-23, nan 
166.375, 83.625, 2.799839512155502e-23, nan 
166.625, 83.625, 2.214896114941117e-23, nan 
166.875, 83.625, 2.0023705445906176e-23, nan 
167.125, 83.625, 2.0863587793567277e-23, nan 
167.375, 83.625, 2.275362380018743e-23, nan 
167.625, 83.625, 2.3946072990586754e-23, nan 
167.875, 83.625, 2.261248286353229e-23, nan 
168.125, 83.625, 2.5554506763268067e-23, nan 
168.375, 83.625, 2.7463329236076876e-23, nan 
168.625, 83.625, 2.454387862102203e-23, nan 
168.875, 83.625, 2.4989002743099022e-23, nan 
169.125, 83.625, 2.6348825786590875e-23, nan 
169.375, 83.625, 2.6416724165501123e-23, nan 
169.625, 83.625, 2.4961538424988038e-23, nan 
169.875, 83.625, 2.412924434336804e-23, nan 
170.125, 83.625, 1.9794086041975733e-23, nan 
170.375, 83.625, 1.9075958282642428e-23, nan 
170.625, 83.625, 1.872251324097035e-23, nan 
170.875, 83.625, 1.6630017548444973e-23, nan 
171.125, 83.625, 1.7541555909475475e-23, nan 
171.375, 83.625, 1.91502156202873e-23, nan 
171.625, 83.625, 1.9857875343773967e-23, nan 
171.875, 83.625, 1.9000013212180713e-23, nan 
172.125, 83.625, 1.8638524636821938e-23, nan 
172.375, 83.625, 1.4051527768725875e-23, nan 
172.625, 83.625, 9.632968524284389e-24, nan 
172.875, 83.625, 8.91675561667719e-24, nan 
173.125, 83.625, 9.175162410896805e-24, nan 
173.375, 83.625, 7.48427209152894e-24, nan 
173.625, 83.625, 6.0466019678706005e-24, nan 
173.875, 83.625, 5.0552593303848016e-24, nan 
174.125, 83.625, 4.814703840259816e-24, nan 
174.375, 83.625, 4.6338638574450594e-24, nan 
174.625, 83.625, 4.143603491341381e-24, nan 
174.875, 83.625, 3.84022084043402e-24, nan 
175.125, 83.625, 3.536088554398239e-24, nan 
175.375, 83.625, 3.391793812482172e-24, nan 
175.625, 83.625, 3.1563629690618906e-24, nan 
175.875, 83.625, 3.046755929498466e-24, nan 
176.125, 83.625, 2.896148465721668e-24, nan 
176.375, 83.625, 2.710700712220718e-24, nan 
176.625, 83.625, 2.8966484599982122e-24, nan 
176.875, 83.625, 2.815248092758919e-24, nan 
177.125, 83.625, 2.4618975282081033e-24, nan 
177.375, 83.625, 2.5335180078873998e-24, nan 
177.625, 83.625, 2.576210221177713e-24, nan 
177.875, 83.625, 3.2235956340262183e-24, nan 
178.125, 83.625, 3.1279631944735534e-24, nan 
178.375, 83.625, 3.1734672845250892e-24, nan 
178.625, 83.625, 3.2716283649302822e-24, nan 
178.875, 83.625, 3.302829717911023e-24, nan 
179.125, 83.625, 3.15151007746854e-24, nan 
179.375, 83.625, 2.811859607510472e-24, nan 
179.625, 83.625, 2.547310157025744e-24, nan 
179.875, 83.625, 2.6164495113788063e-24, nan 
-179.875, 83.875, 2.702896608064658e-24, nan 
-179.625, 83.875, 2.858886560643537e-24, nan 
-179.375, 83.875, 3.1628806850706867e-24, nan 
-179.125, 83.875, 3.559872993773295e-24, nan 
-178.875, 83.875, 3.955883216345136e-24, nan 
-178.625, 83.875, 3.439275007104537e-24, nan 
-178.375, 83.875, 2.4295070307603852e-24, nan 
-178.125, 83.875, 3.0484854380184647e-24, nan 
-177.875, 83.875, 3.469467721692645e-24, nan 
-177.625, 83.875, 3.897034688224808e-24, nan 
-177.375, 83.875, 4.441559104332418e-24, nan 
-177.125, 83.875, 5.031446878425979e-24, nan 
-176.875, 83.875, 5.3235082716237725e-24, nan 
-176.625, 83.875, 5.666688604532272e-24, nan 
-176.375, 83.875, 5.253747609932805e-24, nan 
-176.125, 83.875, 4.132460159996474e-24, nan 
-175.875, 83.875, 4.938214458671019e-24, nan 
-175.625, 83.875, 5.077908563968068e-24, nan 
-175.375, 83.875, 3.7183248950950615e-24, nan 
-175.125, 83.875, 3.191246986682827e-24, nan 
-174.875, 83.875, 2.8615753419225912e-24, nan 
-174.625, 83.875, 2.5881293632266607e-24, nan 
-174.375, 83.875, 2.1345634843919028e-24, nan 
-174.125, 83.875, 2.1026556055775146e-24, nan 
-173.875, 83.875, 1.9780122582260402e-24, nan 
-173.625, 83.875, 1.626575200851602e-24, nan 
-173.375, 83.875, 2.1430208346513964e-24, nan 
-173.125, 83.875, 3.097158362670399e-24, nan 
-172.875, 83.875, 2.6949371248570948e-24, nan 
-172.625, 83.875, 1.849143378317083e-24, nan 
-172.375, 83.875, 1.8705379653834762e-24, nan 
-172.125, 83.875, 1.5673409360595926e-24, nan 
-171.875, 83.875, 1.31736554474653e-24, nan 
-171.625, 83.875, 1.386523210245922e-24, nan 
-171.375, 83.875, 2.0239129130001138e-24, nan 
-171.125, 83.875, 2.1607690938129714e-24, nan 
-170.875, 83.875, 2.2918812184469506e-24, nan 
-170.625, 83.875, 1.9044324572578e-24, nan 
-170.375, 83.875, 2.1744425601070468e-24, nan 
-170.125, 83.875, 1.9680084202269373e-24, nan 
-169.875, 83.875, 1.3092465378839013e-24, nan 
-169.625, 83.875, 2.2781642789720832e-24, nan 
-169.375, 83.875, 4.1286546572073e-24, nan 
-169.125, 83.875, 5.059368631900809e-24, nan 
-168.875, 83.875, 6.1368449063767125e-24, nan 
-168.625, 83.875, 7.708129221666355e-24, nan 
-168.375, 83.875, 8.488613353388853e-24, nan 
-168.125, 83.875, 8.410058139013402e-24, nan 
-167.875, 83.875, 9.373429989425949e-24, nan 
-167.625, 83.875, 8.873737088178872e-24, nan 
-167.375, 83.875, 9.229429428031619e-24, nan 
-167.125, 83.875, 1.0242633129498592e-23, nan 
-166.875, 83.875, 1.0094120568589878e-23, nan 
-166.625, 83.875, 9.92907676740688e-24, nan 
-166.375, 83.875, 1.02925470108366e-23, nan 
-166.125, 83.875, 1.0974823610119272e-23, nan 
-165.875, 83.875, 8.914361762525765e-24, nan 
-165.625, 83.875, 1.024094533639182e-23, nan 
-165.375, 83.875, 1.1222676429375937e-23, nan 
-165.125, 83.875, 1.1328684813410742e-23, nan 
-164.875, 83.875, 1.0934313516763478e-23, nan 
-164.625, 83.875, 1.0644969805933912e-23, nan 
-164.375, 83.875, 1.0778120613133525e-23, nan 
-164.125, 83.875, 1.1985732480102564e-23, nan 
-163.875, 83.875, 1.2206182418717158e-23, nan 
-163.625, 83.875, 1.2063471071670121e-23, nan 
-163.375, 83.875, 1.224730612942693e-23, nan 
-163.125, 83.875, 1.1793718350787332e-23, nan 
-162.875, 83.875, 1.2081389670638609e-23, nan 
-162.625, 83.875, 1.2429811796430547e-23, nan 
-162.375, 83.875, 1.273028999164139e-23, nan 
-162.125, 83.875, 1.2061749279928426e-23, nan 
-161.875, 83.875, 1.3980885801976572e-23, nan 
-161.625, 83.875, 1.439221573169723e-23, nan 
-161.375, 83.875, 1.4879383510972e-23, nan 
-161.125, 83.875, 1.4628052384448984e-23, nan 
-160.875, 83.875, 1.595468495471248e-23, nan 
-160.625, 83.875, 1.5181715585578176e-23, nan 
-160.375, 83.875, 1.4345022809373312e-23, nan 
-160.125, 83.875, 1.5043646918314268e-23, nan 
-159.875, 83.875, 1.563990920676363e-23, nan 
-159.625, 83.875, 1.3869465534555475e-23, nan 
-159.375, 83.875, 1.3605542874854374e-23, nan 
-159.125, 83.875, 1.443320539332847e-23, nan 
-158.875, 83.875, 1.4582780662243522e-23, nan 
-158.625, 83.875, 1.5213207972613972e-23, nan 
-158.375, 83.875, 1.6356789063190382e-23, nan 
-158.125, 83.875, 1.6938437413584498e-23, nan 
-157.875, 83.875, 1.6931456403202532e-23, nan 
-157.625, 83.875, 1.7575932573306457e-23, nan 
-157.375, 83.875, 1.9227988723178e-23, nan 
-157.125, 83.875, 1.927768189936978e-23, nan 
-156.875, 83.875, 1.8477863981646487e-23, nan 
-156.625, 83.875, 1.8098283578355443e-23, nan 
-156.375, 83.875, 1.6790493488207137e-23, nan 
-156.125, 83.875, 1.4145498885911725e-23, nan 
-155.875, 83.875, 1.516559442032152e-23, nan 
-155.625, 83.875, 1.5415764201683145e-23, nan 
-155.375, 83.875, 1.619400920831691e-23, nan 
-155.125, 83.875, 1.9185740067005958e-23, nan 
-154.875, 83.875, 2.00094950921986e-23, nan 
-154.625, 83.875, 1.9764249240099476e-23, nan 
-154.375, 83.875, 1.954244616089446e-23, nan 
-154.125, 83.875, 1.9436897178393728e-23, nan 
-153.875, 83.875, 1.8305574189079526e-23, nan 
-153.625, 83.875, 1.7724253672781804e-23, nan 
-153.375, 83.875, 1.7906743809761235e-23, nan 
-153.125, 83.875, 1.8222120515772652e-23, nan 
-152.875, 83.875, 1.7291082262662407e-23, nan 
-152.625, 83.875, 1.682287761717181e-23, nan 
-152.375, 83.875, 1.713448092892877e-23, nan 
-152.125, 83.875, 1.7902025171170176e-23, nan 
-151.875, 83.875, 1.8289744073951135e-23, nan 
-151.625, 83.875, 1.9110575355758973e-23, nan 
-151.375, 83.875, 1.8820947638888953e-23, nan 
-151.125, 83.875, 1.9181497515777412e-23, nan 
-150.875, 83.875, 2.0779011017928994e-23, nan 
-150.625, 83.875, 2.1056680199581507e-23, nan 
-150.375, 83.875, 2.1754040653654343e-23, nan 
-150.125, 83.875, 2.2107078826148743e-23, nan 
-149.875, 83.875, 2.2785121825485185e-23, nan 
-149.625, 83.875, 2.2838796516935864e-23, nan 
-149.375, 83.875, 2.332786775562169e-23, nan 
-149.125, 83.875, 2.3974973388950728e-23, nan 
-148.875, 83.875, 2.3555749514938303e-23, nan 
-148.625, 83.875, 2.3028559443326537e-23, nan 
-148.375, 83.875, 2.2283165224771368e-23, nan 
-148.125, 83.875, 2.264371527627299e-23, nan 
-147.875, 83.875, 2.2821863626288445e-23, nan 
-147.625, 83.875, 1.799841438403977e-23, nan 
-147.375, 83.875, 1.525408841357605e-23, nan 
-147.125, 83.875, 1.367866540325627e-23, nan 
-146.875, 83.875, 1.2234033512475544e-23, nan 
-146.625, 83.875, 1.2712265385444658e-23, nan 
-146.375, 83.875, 1.3611914588148292e-23, nan 
-146.125, 83.875, 1.5557959074725932e-23, nan 
-145.875, 83.875, 1.635693298766312e-23, nan 
-145.625, 83.875, 1.7155510180348566e-23, nan 
-145.375, 83.875, 1.5983030881614274e-23, nan 
-145.125, 83.875, 1.5483400125468072e-23, nan 
-144.875, 83.875, 1.5515617050800512e-23, nan 
-144.625, 83.875, 1.2783200934017344e-23, nan 
-144.375, 83.875, 1.0548605046805158e-23, nan 
-144.125, 83.875, 1.0678844315694841e-23, nan 
-143.875, 83.875, 1.3865226189666745e-23, nan 
-143.625, 83.875, 1.407091380382758e-23, nan 
-143.375, 83.875, 1.455569373706507e-23, nan 
-143.125, 83.875, 1.5297099617321764e-23, nan 
-142.875, 83.875, 1.651318157766494e-23, nan 
-142.625, 83.875, 1.5484956235078265e-23, nan 
-142.375, 83.875, 1.4373168356893426e-23, nan 
-142.125, 83.875, 1.532932325549764e-23, nan 
-141.875, 83.875, 1.6283792025582955e-23, nan 
-141.625, 83.875, 1.623588366865378e-23, nan 
-141.375, 83.875, 1.8005436283305792e-23, nan 
-141.125, 83.875, 1.9602711695842743e-23, nan 
-140.875, 83.875, 1.8900866874390616e-23, nan 
-140.625, 83.875, 1.7795953267177748e-23, nan 
-140.375, 83.875, 2.044426664915287e-23, nan 
-140.125, 83.875, 1.954328755364024e-23, nan 
-139.875, 83.875, 2.2297954684556237e-23, nan 
-139.625, 83.875, 2.431430744609385e-23, nan 
-139.375, 83.875, 2.5001690180591012e-23, nan 
-139.125, 83.875, 2.574513633023318e-23, nan 
-138.875, 83.875, 2.6869375144291776e-23, nan 
-138.625, 83.875, 2.6362009291148633e-23, nan 
-138.375, 83.875, 3.0770424476363317e-23, nan 
-138.125, 83.875, 3.193584824769419e-23, nan 
-137.875, 83.875, 3.183782573964089e-23, nan 
-137.625, 83.875, 3.1017392289267644e-23, nan 
-137.375, 83.875, 3.2407927294521924e-23, nan 
-137.125, 83.875, 3.57018407811747e-23, nan 
-136.875, 83.875, 3.4434068032817564e-23, nan 
-136.625, 83.875, 3.5454512617535114e-23, nan 
-136.375, 83.875, 3.9738009978928077e-23, nan 
-136.125, 83.875, 3.7021278022543804e-23, nan 
-135.875, 83.875, 3.543074755708485e-23, nan 
-135.625, 83.875, 3.552120837811726e-23, nan 
-135.375, 83.875, 3.7155778559437536e-23, nan 
-135.125, 83.875, 3.620848134077555e-23, nan 
-134.875, 83.875, 3.4209121417429084e-23, nan 
-134.625, 83.875, 3.399926766988219e-23, nan 
-134.375, 83.875, 3.2704534574299745e-23, nan 
-134.125, 83.875, 3.337004475452707e-23, nan 
-133.875, 83.875, 4.0707911700860345e-23, nan 
-133.625, 83.875, 4.948188944339096e-23, nan 
-133.375, 83.875, 5.1112222402817825e-23, nan 
-133.125, 83.875, 5.474368497233755e-23, nan 
-132.875, 83.875, 5.805885919605171e-23, nan 
-132.625, 83.875, 8.557308473382931e-23, nan 
-132.375, 83.875, 1.2522187547330336e-22, nan 
-132.125, 83.875, 1.5704854535513863e-22, nan 
-131.875, 83.875, 2.0445514292446078e-22, nan 
-131.625, 83.875, 2.3961864027320805e-22, nan 
-131.375, 83.875, 2.494012197582219e-22, nan 
-131.125, 83.875, 2.455614070400864e-22, nan 
-130.875, 83.875, 2.4388519339646597e-22, nan 
-130.625, 83.875, 2.5010092660457104e-22, nan 
-130.375, 83.875, 2.5470213664832937e-22, nan 
-130.125, 83.875, 2.5830536079570845e-22, nan 
-129.875, 83.875, 2.5664214790501215e-22, nan 
-129.625, 83.875, 2.5334182449260537e-22, nan 
-129.375, 83.875, 2.50807394961685e-22, nan 
-129.125, 83.875, 2.397128591101313e-22, nan 
-128.875, 83.875, 2.2991062115694856e-22, nan 
-128.625, 83.875, 1.8406121144127876e-22, nan 
-128.375, 83.875, 2.3142210339507054e-22, nan 
-128.125, 83.875, 2.3333782256116604e-22, nan 
-127.875, 83.875, 2.272737815441862e-22, nan 
-127.625, 83.875, 2.2266903379891017e-22, nan 
-127.375, 83.875, 4.0825580655716013e-23, nan 
-127.125, 83.875, 2.406778781562823e-22, nan 
-126.875, 83.875, 2.501561168775683e-22, nan 
-126.625, 83.875, 2.757929239237732e-22, nan 
-126.375, 83.875, 3.576925386935274e-22, nan 
-126.125, 83.875, 3.7222771352249685e-22, nan 
-125.875, 83.875, 3.9524294373287635e-22, nan 
-125.625, 83.875, 2.8770160811510496e-22, nan 
-125.375, 83.875, 3.546348673651172e-22, nan 
-125.125, 83.875, 3.8778116443131773e-22, nan 
-124.875, 83.875, 3.8154092725145755e-22, nan 
-124.625, 83.875, 3.8092066498486205e-22, nan 
-124.375, 83.875, 3.8275221447807376e-22, nan 
-124.125, 83.875, 3.7431570959556653e-22, nan 
-123.875, 83.875, 3.7714800297271377e-22, nan 
-123.625, 83.875, 3.9747066222305924e-22, nan 
-123.375, 83.875, 4.0698700767301385e-22, nan 
-123.125, 83.875, 3.5944291589274005e-22, nan 
-122.875, 83.875, 4.246453758184847e-22, nan 
-122.625, 83.875, 3.0206530815608943e-22, nan 
-122.375, 83.875, 2.849166810046183e-22, nan 
-122.125, 83.875, 2.25016783273632e-22, nan 
-121.875, 83.875, 1.3687178760395539e-22, nan 
-121.625, 83.875, 8.605284908521937e-23, nan 
-121.375, 83.875, 9.983497891585847e-23, nan 
-121.125, 83.875, 3.3932929717904103e-22, nan 
-120.875, 83.875, 1.6054222668603488e-22, nan 
-120.625, 83.875, 9.218606187100208e-23, nan 
-120.375, 83.875, 7.487308629787512e-23, nan 
-120.125, 83.875, 7.717041014876087e-23, nan 
-119.875, 83.875, 8.10792970631788e-23, nan 
-119.625, 83.875, 8.049494082282741e-23, nan 
-119.375, 83.875, 8.028347319547486e-23, nan 
-119.125, 83.875, 5.865673312376857e-23, nan 
-118.875, 83.875, 6.708154011045179e-23, nan 
-118.625, 83.875, 8.412879658296275e-23, nan 
-118.375, 83.875, 9.637349171743623e-23, nan 
-118.125, 83.875, 1.11513204124238e-22, nan 
-117.875, 83.875, 1.574171131875779e-22, nan 
-117.625, 83.875, 1.9845768298666443e-22, nan 
-117.375, 83.875, 2.1945188771169326e-22, nan 
-117.125, 83.875, 2.2413005235004766e-22, nan 
-116.875, 83.875, 1.9630048975234136e-22, nan 
-116.625, 83.875, 1.2483779068817222e-22, nan 
-116.375, 83.875, 1.0390243202666049e-22, nan 
-116.125, 83.875, 1.499028374356458e-22, nan 
-115.875, 83.875, 2.33785282034475e-22, nan 
-115.625, 83.875, 3.530732129025672e-22, nan 
-115.375, 83.875, 4.465143724838902e-22, nan 
-115.125, 83.875, 5.033874945433696e-22, nan 
-114.875, 83.875, 5.283992151443688e-22, nan 
-114.625, 83.875, 4.413112901771042e-22, nan 
-114.375, 83.875, 3.279011142296808e-22, nan 
-114.125, 83.875, 2.6243594611083207e-22, nan 
-113.875, 83.875, 1.864063278538386e-22, nan 
-113.625, 83.875, 2.09296987283606e-22, nan 
-113.375, 83.875, 2.954823325947086e-22, nan 
-113.125, 83.875, 3.6580815365982107e-22, nan 
-112.875, 83.875, 4.0897179233659365e-22, nan 
-112.625, 83.875, 4.320354165205578e-22, nan 
-112.375, 83.875, 3.685564745839999e-22, nan 
-112.125, 83.875, 2.925306051705462e-22, nan 
-111.875, 83.875, 2.331775839387673e-22, nan 
-111.625, 83.875, 1.5694938497966838e-22, nan 
-111.375, 83.875, 1.1524748985839442e-22, nan 
-111.125, 83.875, 1.0568730743333076e-22, nan 
-110.875, 83.875, 9.752646550766995e-23, nan 
-110.625, 83.875, 9.710913733558135e-23, nan 
-110.375, 83.875, 9.099655493692999e-23, nan 
-110.125, 83.875, 8.194166530647849e-23, nan 
-109.875, 83.875, 8.57765397345284e-23, nan 
-109.625, 83.875, 8.323452351694841e-23, nan 
-109.375, 83.875, 8.8357403559737e-23, nan 
-109.125, 83.875, 9.717875645545593e-23, nan 
-108.875, 83.875, 1.153595865563728e-22, nan 
-108.625, 83.875, 1.1573867355269073e-22, nan 
-108.375, 83.875, 1.1320205382207914e-22, nan 
-108.125, 83.875, 1.1589804201619286e-22, nan 
-107.875, 83.875, 1.0203822987836754e-22, nan 
-107.625, 83.875, 1.276242808728018e-22, nan 
-107.375, 83.875, 1.278135503880699e-22, nan 
-107.125, 83.875, 7.34766663798201e-23, nan 
-106.875, 83.875, 1.311023717592733e-22, nan 
-106.625, 83.875, 1.6459134494601534e-22, nan 
-106.375, 83.875, 1.9612298102760495e-22, nan 
-106.125, 83.875, 2.1589255416212237e-22, nan 
-105.875, 83.875, 2.574965203144966e-22, nan 
-105.625, 83.875, 2.542395049848905e-22, nan 
-105.375, 83.875, 3.4442242196084437e-22, nan 
-105.125, 83.875, 3.881789178942784e-22, nan 
-104.875, 83.875, 2.439385754058643e-22, nan 
-104.625, 83.875, 3.281483458242506e-22, nan 
-104.375, 83.875, 3.9554650180963657e-22, nan 
-104.125, 83.875, 4.0847151569874204e-22, nan 
-103.875, 83.875, 4.576803118331631e-22, nan 
-103.625, 83.875, 5.308068471817865e-22, nan 
-103.375, 83.875, 4.72576884937354e-22, nan 
-103.125, 83.875, 4.750803210942131e-22, nan 
-102.875, 83.875, 5.3577937130281355e-22, nan 
-102.625, 83.875, 5.155211484031857e-22, nan 
-102.375, 83.875, 5.415577136610059e-22, nan 
-102.125, 83.875, 5.343199683956262e-22, nan 
-101.875, 83.875, 4.77814171020954e-22, nan 
-101.625, 83.875, 4.708911164042136e-22, nan 
-101.375, 83.875, 4.637663026890865e-22, nan 
-101.125, 83.875, 3.536091625429609e-22, nan 
-100.875, 83.875, 2.2914492387870056e-22, nan 
-100.625, 83.875, 3.228995950766461e-22, nan 
-100.375, 83.875, 5.175120394289949e-22, nan 
-100.125, 83.875, 8.842417595985425e-22, nan 
-99.875, 83.875, 9.890200494201343e-22, nan 
-99.625, 83.875, 8.574604695320549e-22, nan 
-99.375, 83.875, 7.937840589849147e-22, nan 
-99.125, 83.875, 8.212982491905221e-22, nan 
-98.875, 83.875, 5.945098467251825e-22, nan 
-98.625, 83.875, 5.894141377321086e-22, nan 
-98.375, 83.875, 6.207866867117855e-22, nan 
-98.125, 83.875, 5.122565959406764e-22, nan 
-97.875, 83.875, 5.391832275943566e-22, nan 
-97.625, 83.875, 6.024938585349065e-22, nan 
-97.375, 83.875, 5.355785952112338e-22, nan 
-97.125, 83.875, 5.034902234057549e-22, nan 
-96.875, 83.875, 5.567158618079379e-22, nan 
-96.625, 83.875, 4.886951509147119e-22, nan 
-96.375, 83.875, 4.763811547038659e-22, nan 
-96.125, 83.875, 4.834254698423057e-22, nan 
-95.875, 83.875, 4.522262614519381e-22, nan 
-95.625, 83.875, 4.472961120190431e-22, nan 
-95.375, 83.875, 5.132993964449986e-22, nan 
-95.125, 83.875, 5.467716398611015e-22, nan 
-94.875, 83.875, 5.558094296867382e-22, nan 
-94.625, 83.875, 5.544925022486959e-22, nan 
-94.375, 83.875, 6.362672168594572e-22, nan 
-94.125, 83.875, 6.428881806161314e-22, nan 
-93.875, 83.875, 6.000358462673971e-22, nan 
-93.625, 83.875, 6.288575076764521e-22, nan 
-93.375, 83.875, 6.49285926873683e-22, nan 
-93.125, 83.875, 6.93572253069776e-22, nan 
-92.875, 83.875, 7.220035105031524e-22, nan 
-92.625, 83.875, 7.514098245494412e-22, nan 
-92.375, 83.875, 7.383243530687875e-22, nan 
-92.125, 83.875, 7.020164422867491e-22, nan 
-91.875, 83.875, 7.868202727669621e-22, nan 
-91.625, 83.875, 8.528872817081973e-22, nan 
-91.375, 83.875, 8.4320605638338435e-22, nan 
-91.125, 83.875, 8.355253582248316e-22, nan 
-90.875, 83.875, 8.087618111237356e-22, nan 
-90.625, 83.875, 7.882761422926466e-22, nan 
-90.375, 83.875, 7.220080606689923e-22, nan 
-90.125, 83.875, 6.698918949094915e-22, nan 
-89.875, 83.875, 5.152759514610033e-22, nan 
-89.625, 83.875, 4.487472273088357e-22, nan 
-89.375, 83.875, 2.950113932939351e-22, nan 
-89.125, 83.875, 2.8263380246993396e-22, nan 
-88.875, 83.875, 3.3726189331433227e-22, nan 
-88.625, 83.875, 4.482256737240356e-22, nan 
-88.375, 83.875, 5.548621172210884e-22, nan 
-88.125, 83.875, 6.272413174188284e-22, nan 
-87.875, 83.875, 6.545217549706791e-22, nan 
-87.625, 83.875, 6.942573401340838e-22, nan 
-87.375, 83.875, 6.838939716847383e-22, nan 
-87.125, 83.875, 5.975393254912885e-22, nan 
-86.875, 83.875, 5.97043550008266e-22, nan 
-86.625, 83.875, 7.444306899765553e-22, nan 
-86.375, 83.875, 8.370664382667555e-22, nan 
-86.125, 83.875, 8.92980238952319e-22, nan 
-85.875, 83.875, 9.668526559937626e-22, nan 
-85.625, 83.875, 1.0970611244453436e-21, nan 
-85.375, 83.875, 1.2050780592997256e-21, nan 
-85.125, 83.875, 1.1934624105627296e-21, nan 
-84.875, 83.875, 9.187821725496363e-22, nan 
-84.625, 83.875, 1.0161032595729525e-21, nan 
-84.375, 83.875, 1.26848990251858e-21, nan 
-84.125, 83.875, 1.2204091420976796e-21, nan 
-83.875, 83.875, 1.0927786573236645e-21, nan 
-83.625, 83.875, 1.0876364514028826e-21, nan 
-83.375, 83.875, 1.1744960304229572e-21, nan 
-83.125, 83.875, 1.2227944496678576e-21, nan 
-82.875, 83.875, 1.4012590159225442e-21, nan 
-82.625, 83.875, 1.5348557498407513e-21, nan 
-82.375, 83.875, 1.3583341694945557e-21, nan 
-82.125, 83.875, 1.4343035516966975e-21, nan 
-81.875, 83.875, 1.574568171235197e-21, nan 
-81.625, 83.875, 1.5853441734976182e-21, nan 
-81.375, 83.875, 1.577527492994977e-21, nan 
-81.125, 83.875, 1.4132330031292884e-21, nan 
-80.875, 83.875, 1.473899474213448e-21, nan 
-80.625, 83.875, 1.6072298779079585e-21, nan 
-80.375, 83.875, 1.804599682952632e-21, nan 
-80.125, 83.875, 1.5068163450230707e-21, nan 
-79.875, 83.875, 1.4964613907438388e-21, nan 
-79.625, 83.875, 1.5814563347278702e-21, nan 
-79.375, 83.875, 2.1435333206419375e-21, nan 
-79.125, 83.875, 2.320564127881319e-21, nan 
-78.875, 83.875, 2.0538899280363127e-21, nan 
-78.625, 83.875, 2.0656434542115363e-21, nan 
-78.375, 83.875, 2.3291461266315018e-21, nan 
-78.125, 83.875, 1.9883516410618682e-21, nan 
-77.875, 83.875, 1.936397349426516e-21, nan 
-77.625, 83.875, 1.9837584978900124e-21, nan 
-77.375, 83.875, 2.198045050828334e-21, nan 
-77.125, 83.875, 2.009671372938037e-21, nan 
-76.875, 83.875, 2.2641374301660537e-21, nan 
-76.625, 83.875, 2.9237416465398698e-21, nan 
-76.375, 83.875, 3.541418039373523e-21, nan 
-76.125, 83.875, 3.8264893323597535e-21, nan 
-75.875, 83.875, 3.786806393721445e-21, nan 
-75.625, 83.875, 3.821579751634621e-21, nan 
-75.375, 83.875, 3.823701182808487e-21, nan 
-75.125, 83.875, 3.719103628093182e-21, nan 
-74.875, 83.875, 3.054412089765703e-21, nan 
-74.625, 83.875, 2.7136962415850693e-21, nan 
-74.375, 83.875, 3.048121997637039e-21, nan 
-74.125, 83.875, 3.623750168007408e-21, nan 
-73.875, 83.875, 3.397400416341034e-21, nan 
-73.625, 83.875, 3.251915094836169e-21, nan 
-73.375, 83.875, 3.3403314582284522e-21, nan 
-73.125, 83.875, 3.612868640051237e-21, nan 
-72.875, 83.875, 3.655171265997002e-21, nan 
-72.625, 83.875, 3.211731580354059e-21, nan 
-72.375, 83.875, 2.7288847140456966e-21, nan 
-72.125, 83.875, 2.323895197114526e-21, nan 
-71.875, 83.875, 2.164993439252799e-21, nan 
-71.625, 83.875, 2.302887826747603e-21, nan 
-71.375, 83.875, 2.0024346846996276e-21, nan 
-71.125, 83.875, 1.9268588381165098e-21, nan 
-70.875, 83.875, 1.4728880080727079e-21, nan 
-70.625, 83.875, 1.113044001798825e-21, nan 
-70.375, 83.875, 8.771122284062767e-22, nan 
-70.125, 83.875, 8.718121079648788e-22, nan 
-69.875, 83.875, 9.379331004084218e-22, nan 
-69.625, 83.875, 8.034061849762416e-22, nan 
-69.375, 83.875, 6.769753315831828e-22, nan 
-69.125, 83.875, 5.243433175459966e-22, nan 
-68.875, 83.875, 5.281767680143447e-22, nan 
-68.625, 83.875, 5.550693045567408e-22, nan 
-68.375, 83.875, 6.030255622062163e-22, nan 
-68.125, 83.875, 6.133225096344494e-22, nan 
-67.875, 83.875, 7.656060382037448e-22, nan 
-67.625, 83.875, 8.961366422362648e-22, nan 
-67.375, 83.875, 8.548505940442597e-22, nan 
-67.125, 83.875, 7.676416190773064e-22, nan 
-66.875, 83.875, 8.525699817158484e-22, nan 
-66.625, 83.875, 9.429625535867039e-22, nan 
-66.375, 83.875, 1.0122294919343433e-21, nan 
-66.125, 83.875, 1.0741538219252968e-21, nan 
-65.875, 83.875, 1.1922718291997353e-21, nan 
-65.625, 83.875, 1.2834306856659042e-21, nan 
-65.375, 83.875, 1.4395108563522924e-21, nan 
-65.125, 83.875, 1.5853232250839828e-21, nan 
-64.875, 83.875, 1.3747484292201714e-21, nan 
-64.625, 83.875, 1.342904590109611e-21, nan 
-64.375, 83.875, 1.5423764952403233e-21, nan 
-64.125, 83.875, 1.7023303009327143e-21, nan 
-63.875, 83.875, 2.019495156972163e-21, nan 
-63.625, 83.875, 2.195510903697826e-21, nan 
-63.375, 83.875, 2.4048381330086825e-21, nan 
-63.125, 83.875, 2.4276831591155364e-21, nan 
-62.875, 83.875, 2.4399500439565178e-21, nan 
-62.625, 83.875, 2.413002152960619e-21, nan 
-62.375, 83.875, 2.355771773561202e-21, nan 
-62.125, 83.875, 2.5035061867231473e-21, nan 
-61.875, 83.875, 2.609138056253709e-21, nan 
-61.625, 83.875, 2.7692466431540944e-21, nan 
-61.375, 83.875, 2.8911003927321647e-21, nan 
-61.125, 83.875, 3.2934593154184817e-21, nan 
-60.875, 83.875, 3.394385205929227e-21, nan 
-60.625, 83.875, 3.215630596642145e-21, nan 
-60.375, 83.875, 3.212648604497275e-21, nan 
-60.125, 83.875, 3.433922784020322e-21, nan 
-59.875, 83.875, 3.3268715892438097e-21, nan 
-59.625, 83.875, 3.2672749794242552e-21, nan 
-59.375, 83.875, 3.1226642459536186e-21, nan 
-59.125, 83.875, 3.3723010068094055e-21, nan 
-58.875, 83.875, 2.2345659107532457e-21, nan 
-58.625, 83.875, 1.3240023322969524e-21, nan 
-58.375, 83.875, 1.2039354767091963e-21, nan 
-58.125, 83.875, 1.4157931045288414e-21, nan 
-57.875, 83.875, 1.5222955087962202e-21, nan 
-57.625, 83.875, 1.6217265252573343e-21, nan 
-57.375, 83.875, 1.8008779503470688e-21, nan 
-57.125, 83.875, 2.023735701255685e-21, nan 
-56.875, 83.875, 2.3058457825794137e-21, nan 
-56.625, 83.875, 2.8180472934237696e-21, nan 
-56.375, 83.875, 6.142908064155592e-21, nan 
-56.125, 83.875, 6.4835536326747864e-21, nan 
-55.875, 83.875, 6.923441682146397e-21, nan 
-55.625, 83.875, 7.805644968201502e-21, nan 
-55.375, 83.875, 1.0067745634046212e-20, nan 
-55.125, 83.875, 1.0953962275753454e-20, nan 
-54.875, 83.875, 1.089953729241075e-20, nan 
-54.625, 83.875, 1.0567121124618243e-20, nan 
-54.375, 83.875, 9.876533425185066e-21, nan 
-54.125, 83.875, 1.0156525508801833e-20, nan 
-53.875, 83.875, 9.725372563417082e-21, nan 
-53.625, 83.875, 8.306109782659033e-21, nan 
-53.375, 83.875, 7.149259196885588e-21, nan 
-53.125, 83.875, 8.697825009830478e-21, nan 
-52.875, 83.875, 1.0352089827472412e-20, nan 
-52.625, 83.875, 1.0512547323775793e-20, nan 
-52.375, 83.875, 1.0878954104111294e-20, nan 
-52.125, 83.875, 9.588118380226114e-21, nan 
-51.875, 83.875, 9.377411240125347e-21, nan 
-51.625, 83.875, 1.4691015965827807e-20, nan 
-51.375, 83.875, 1.6420512335184568e-20, nan 
-51.125, 83.875, 1.4672516096934926e-20, nan 
-50.875, 83.875, 1.419324680187276e-20, nan 
-50.625, 83.875, 1.683679408303789e-20, nan 
-50.375, 83.875, 1.6282323733230344e-20, nan 
-50.125, 83.875, 1.3759004227511374e-20, nan 
-49.875, 83.875, 1.542853004754484e-20, nan 
-49.625, 83.875, 1.673229611533792e-20, nan 
-49.375, 83.875, 1.929510718244984e-20, nan 
-49.125, 83.875, 2.26055454274298e-20, nan 
-48.875, 83.875, 1.8680647194540515e-20, nan 
-48.625, 83.875, 1.7554713847075662e-20, nan 
-48.375, 83.875, 1.8984650015346813e-20, nan 
-48.125, 83.875, 1.9706068300873123e-20, nan 
-47.875, 83.875, 1.962088109865789e-20, nan 
-47.625, 83.875, 2.111796834515149e-20, nan 
-47.375, 83.875, 2.2579598710379414e-20, nan 
-47.125, 83.875, 1.9314552802948675e-20, nan 
-46.875, 83.875, 1.9427260431687898e-20, nan 
-46.625, 83.875, 2.0376739451949898e-20, nan 
-46.375, 83.875, 2.3680359518090852e-20, nan 
-46.125, 83.875, 2.3704708510238394e-20, nan 
-45.875, 83.875, 2.3487031388442116e-20, nan 
-45.625, 83.875, 2.3421850939881492e-20, nan 
-45.375, 83.875, 2.3655798445684103e-20, nan 
-45.125, 83.875, 2.3770898736230608e-20, nan 
-44.875, 83.875, 1.4104495894215133e-20, nan 
-44.625, 83.875, 1.495431558253946e-20, nan 
-44.375, 83.875, 1.316320785749013e-20, nan 
-44.125, 83.875, 1.2430489109594676e-20, nan 
-43.875, 83.875, 1.3544185704764772e-20, nan 
-43.625, 83.875, 1.533073123038107e-20, nan 
-43.375, 83.875, 1.498556829317579e-20, nan 
-43.125, 83.875, 1.3604861787222112e-20, nan 
-42.875, 83.875, 1.2412869818923843e-20, nan 
-42.625, 83.875, 1.4032591237115322e-20, nan 
-42.375, 83.875, 1.5115395472251908e-20, nan 
-42.125, 83.875, 1.4092460316981672e-20, nan 
-41.875, 83.875, 1.2405236238905217e-20, nan 
-41.625, 83.875, 1.1969553894231324e-20, nan 
-41.375, 83.875, 1.101662587973512e-20, nan 
-41.125, 83.875, 8.76503330569673e-21, nan 
-40.875, 83.875, 6.748596876157269e-21, nan 
-40.625, 83.875, 4.023804783594073e-21, nan 
-40.375, 83.875, 3.3736774897441424e-21, nan 
-40.125, 83.875, 2.93088588599147e-21, nan 
-39.875, 83.875, 3.270031798661606e-21, nan 
-39.625, 83.875, 3.68430618945571e-21, nan 
-39.375, 83.875, 3.763217939507875e-21, nan 
-39.125, 83.875, 3.3258161705240752e-21, nan 
-38.875, 83.875, 3.2617240876354974e-21, nan 
-38.625, 83.875, 3.680574637913993e-21, nan 
-38.375, 83.875, 4.043323788323084e-21, nan 
-38.125, 83.875, 4.242795794215993e-21, nan 
-37.875, 83.875, 4.113816064116464e-21, nan 
-37.625, 83.875, 4.057153427905556e-21, nan 
-37.375, 83.875, 5.3303124008644305e-21, nan 
-37.125, 83.875, 6.5757452894845825e-21, nan 
-36.875, 83.875, 6.480832692485097e-21, nan 
-36.625, 83.875, 6.584832198379851e-21, nan 
-36.375, 83.875, 6.866686087192456e-21, nan 
-36.125, 83.875, 7.466371601098263e-21, nan 
-35.875, 83.875, 7.986143945545669e-21, nan 
-35.625, 83.875, 8.383210103369083e-21, nan 
-35.375, 83.875, 8.919383752686685e-21, nan 
-35.125, 83.875, 9.120530067939386e-21, nan 
-34.875, 83.875, 8.383384511627013e-21, nan 
-34.625, 83.875, 8.31591508577323e-21, nan 
-34.375, 83.875, 8.372062869915966e-21, nan 
-34.125, 83.875, 9.12054313820362e-21, nan 
-33.875, 83.875, 1.0201139984771339e-20, nan 
-33.625, 83.875, 1.1116025786361204e-20, nan 
-33.375, 83.875, 1.2231671935055571e-20, nan 
-33.125, 83.875, 1.2932580776526943e-20, nan 
-32.875, 83.875, 1.335048970218369e-20, nan 
-32.625, 83.875, 1.2184919868897491e-20, nan 
-32.375, 83.875, 1.2081932042792714e-20, nan 
-32.125, 83.875, 1.1974123862261858e-20, nan 
-31.875, 83.875, 1.2379739472603193e-20, nan 
-31.625, 83.875, 1.2972550252793279e-20, nan 
-31.375, 83.875, 1.5561072734770837e-20, nan 
-31.125, 83.875, 2.280226248732618e-20, nan 
-30.875, 83.875, 2.3544339388367873e-20, nan 
-30.625, 83.875, 2.142350118683161e-20, nan 
-30.375, 83.875, 2.2988747282011444e-20, nan 
-30.125, 83.875, 2.5687650306070214e-20, nan 
-29.875, 83.875, 2.5352233553348982e-20, nan 
-29.625, 83.875, 2.4574518191925474e-20, nan 
-29.375, 83.875, 2.2693079813080543e-20, nan 
-29.125, 83.875, 2.2108425092554048e-20, nan 
-28.875, 83.875, 2.4007132235517947e-20, nan 
-28.625, 83.875, 2.6015595760090655e-20, nan 
-28.375, 83.875, 2.8927487405101284e-20, nan 
-28.125, 83.875, 3.11698999208938e-20, nan 
-27.875, 83.875, 3.1619527022134736e-20, nan 
-27.625, 83.875, 3.1676869994889286e-20, nan 
-27.375, 83.875, 3.071973075072601e-20, nan 
-27.125, 83.875, 3.0175499289105186e-20, nan 
-26.875, 83.875, 3.2147523786457154e-20, nan 
-26.625, 83.875, 3.1853566806226706e-20, nan 
-26.375, 83.875, 3.2384071354878363e-20, nan 
-26.125, 83.875, 3.67139596006597e-20, nan 
-25.875, 83.875, 3.817944023021688e-20, nan 
-25.625, 83.875, 3.6101190209059654e-20, nan 
-25.375, 83.875, 3.5659905476093815e-20, nan 
-25.125, 83.875, 3.556519088470373e-20, nan 
-24.875, 83.875, 3.687858071041402e-20, nan 
-24.625, 83.875, 3.987676567049029e-20, nan 
-24.375, 83.875, 3.9849156029066665e-20, nan 
-24.125, 83.875, 3.6519958677048827e-20, nan 
-23.875, 83.875, 3.7107677841992555e-20, nan 
-23.625, 83.875, 3.8125320653582755e-20, nan 
-23.375, 83.875, 3.749391369275011e-20, nan 
-23.125, 83.875, 3.703036772545277e-20, nan 
-22.875, 83.875, 3.753960837302941e-20, nan 
-22.625, 83.875, 3.879308786080972e-20, nan 
-22.375, 83.875, 3.970247712135243e-20, nan 
-22.125, 83.875, 3.852454138936223e-20, nan 
-21.875, 83.875, 3.7455385090196203e-20, nan 
-21.625, 83.875, 3.858061855269312e-20, nan 
-21.375, 83.875, 4.6172303137156544e-20, nan 
-21.125, 83.875, 4.397554200592076e-20, nan 
-20.875, 83.875, 4.2309210429111606e-20, nan 
-20.625, 83.875, 4.3525604529764655e-20, nan 
-20.375, 83.875, 5.0213323685464284e-20, nan 
-20.125, 83.875, 5.105141753984731e-20, nan 
-19.875, 83.875, 4.7976803804738534e-20, nan 
-19.625, 83.875, 3.750671678606779e-20, nan 
-19.375, 83.875, 5.003526037676044e-20, nan 
-19.125, 83.875, 5.3725938356797255e-20, nan 
-18.875, 83.875, 6.131011267657984e-20, nan 
-18.625, 83.875, 2.6015275429500807e-20, nan 
-18.375, 83.875, 2.6039212743919457e-20, nan 
-18.125, 83.875, 2.881301533075561e-20, nan 
-17.875, 83.875, 3.047921570765511e-20, nan 
-17.625, 83.875, 3.0075699496714866e-20, nan 
-17.375, 83.875, 2.9362772860595604e-20, nan 
-17.125, 83.875, 2.6820855134174655e-20, nan 
-16.875, 83.875, 2.5204178851060235e-20, nan 
-16.625, 83.875, 2.17213093608711e-20, nan 
-16.375, 83.875, 1.6856802129028596e-20, nan 
-16.125, 83.875, 1.386947682957382e-20, nan 
-15.875, 83.875, 1.41553438562566e-20, nan 
-15.625, 83.875, 1.305195453944921e-20, nan 
-15.375, 83.875, 1.1874139711149235e-20, nan 
-15.125, 83.875, 1.0353802300793552e-20, nan 
-14.875, 83.875, 9.679342996536327e-21, nan 
-14.625, 83.875, 1.1230345603042985e-20, nan 
-14.375, 83.875, 1.1028634924715384e-20, nan 
-14.125, 83.875, 1.1521970018579369e-20, nan 
-13.875, 83.875, 1.2791653266282488e-20, nan 
-13.625, 83.875, 1.426302320516961e-20, nan 
-13.375, 83.875, 1.48617592649645e-20, nan 
-13.125, 83.875, 1.4196924656248096e-20, nan 
-12.875, 83.875, 1.4282903947820697e-20, nan 
-12.625, 83.875, 1.474885463825154e-20, nan 
-12.375, 83.875, 1.5020236450190607e-20, nan 
-12.125, 83.875, 1.4908568363778965e-20, nan 
-11.875, 83.875, 1.4232089646740844e-20, nan 
-11.625, 83.875, 1.3853147044799995e-20, nan 
-11.375, 83.875, 1.3923829366573903e-20, nan 
-11.125, 83.875, 1.3183507605345242e-20, nan 
-10.875, 83.875, 1.19200798811322e-20, nan 
-10.625, 83.875, 1.1851663963562447e-20, nan 
-10.375, 83.875, 1.2187070552457596e-20, nan 
-10.125, 83.875, 1.1865490228224638e-20, nan 
-9.875, 83.875, 1.057101348215319e-20, nan 
-9.625, 83.875, 9.677099901673806e-21, nan 
-9.375, 83.875, 8.89077630711695e-21, nan 
-9.125, 83.875, 8.902474376383698e-21, nan 
-8.875, 83.875, 8.427124453296431e-21, nan 
-8.625, 83.875, 8.758227494817495e-21, nan 
-8.375, 83.875, 8.981556636767672e-21, nan 
-8.125, 83.875, 9.223775895234307e-21, nan 
-7.875, 83.875, 9.036881467078517e-21, nan 
-7.625, 83.875, 8.442139966539533e-21, nan 
-7.375, 83.875, 9.26122148325757e-21, nan 
-7.125, 83.875, 9.597820059042269e-21, nan 
-6.875, 83.875, 9.905558904979024e-21, nan 
-6.625, 83.875, 9.739276516758412e-21, nan 
-6.375, 83.875, 1.0334668599500111e-20, nan 
-6.125, 83.875, 1.0830914517883657e-20, nan 
-5.875, 83.875, 1.0233532699357729e-20, nan 
-5.625, 83.875, 9.35953256754027e-21, nan 
-5.375, 83.875, 9.33822239001112e-21, nan 
-5.125, 83.875, 9.584745152169606e-21, nan 
-4.875, 83.875, 1.0001436847760041e-20, nan 
-4.625, 83.875, 8.648714837630852e-21, nan 
-4.375, 83.875, 8.393003281203561e-21, nan 
-4.125, 83.875, 8.937442771808876e-21, nan 
-3.875, 83.875, 8.999348669846046e-21, nan 
-3.625, 83.875, 8.474000335313481e-21, nan 
-3.375, 83.875, 8.064679104006838e-21, nan 
-3.125, 83.875, 8.57755333452998e-21, nan 
-2.875, 83.875, 9.326109331980635e-21, nan 
-2.625, 83.875, 9.943962937567846e-21, nan 
-2.375, 83.875, 8.397515627080745e-21, nan 
-2.125, 83.875, 7.884944948503959e-21, nan 
-1.875, 83.875, 8.710773075038274e-21, nan 
-1.625, 83.875, 9.320954163923604e-21, nan 
-1.375, 83.875, 8.899512515107288e-21, nan 
-1.125, 83.875, 8.217229068427135e-21, nan 
-0.875, 83.875, 8.68828295494655e-21, nan 
-0.625, 83.875, 8.929155658412551e-21, nan 
-0.375, 83.875, 8.878229885067343e-21, nan 
-0.125, 83.875, 8.771660365062271e-21, nan 
0.125, 83.875, 9.591383382070867e-21, nan 
0.375, 83.875, 1.0114484698756603e-20, nan 
0.625, 83.875, 9.983126831963983e-21, nan 
0.875, 83.875, 9.140941035700295e-21, nan 
1.125, 83.875, 1.0000446181303824e-20, nan 
1.375, 83.875, 1.090771527994433e-20, nan 
1.625, 83.875, 1.1778410872561539e-20, nan 
1.875, 83.875, 1.0308895816966309e-20, nan 
2.125, 83.875, 9.425822959064247e-21, nan 
2.375, 83.875, 9.517975752848034e-21, nan 
2.625, 83.875, 9.470496921538515e-21, nan 
2.875, 83.875, 9.197400783039844e-21, nan 
3.125, 83.875, 9.23837852912524e-21, nan 
3.375, 83.875, 9.835408634508127e-21, nan 
3.625, 83.875, 1.0012320157538664e-20, nan 
3.875, 83.875, 9.348342852642335e-21, nan 
4.125, 83.875, 7.650964364705873e-21, nan 
4.375, 83.875, 7.606876656025747e-21, nan 
4.625, 83.875, 8.19631607492706e-21, nan 
4.875, 83.875, 8.578244078851851e-21, nan 
5.125, 83.875, 8.976433448124657e-21, nan 
5.375, 83.875, 8.690993428917697e-21, nan 
5.625, 83.875, 8.357769352082289e-21, nan 
5.875, 83.875, 8.083373349496523e-21, nan 
6.125, 83.875, 7.644001477942485e-21, nan 
6.375, 83.875, 6.642483778000765e-21, nan 
6.625, 83.875, 6.136724040852047e-21, nan 
6.875, 83.875, 6.1387575142077404e-21, nan 
7.125, 83.875, 6.4493689224801724e-21, nan 
7.375, 83.875, 5.842583446836524e-21, nan 
7.625, 83.875, 5.1529975726611306e-21, nan 
7.875, 83.875, 4.7679715684560755e-21, nan 
8.125, 83.875, 4.4959399996912804e-21, nan 
8.375, 83.875, 4.162066244100591e-21, nan 
8.625, 83.875, 4.1610193997857605e-21, nan 
8.875, 83.875, 4.395395126939045e-21, nan 
9.125, 83.875, 4.283761536712513e-21, nan 
9.375, 83.875, 4.2591552003283105e-21, nan 
9.625, 83.875, 3.549022991561945e-21, nan 
9.875, 83.875, 3.3912861677961926e-21, nan 
10.125, 83.875, 3.2665304426049125e-21, nan 
10.375, 83.875, 3.554703714983534e-21, nan 
10.625, 83.875, 3.599843323599385e-21, nan 
10.875, 83.875, 3.722184607180674e-21, nan 
11.125, 83.875, 3.397893068135656e-21, nan 
11.375, 83.875, 3.0132426019290224e-21, nan 
11.625, 83.875, 2.4931449930190162e-21, nan 
11.875, 83.875, 2.269941910623116e-21, nan 
12.125, 83.875, 2.3797890475029164e-21, nan 
12.375, 83.875, 2.831248930730313e-21, nan 
12.625, 83.875, 2.9935979822278363e-21, nan 
12.875, 83.875, 2.4915260383306975e-21, nan 
13.125, 83.875, 2.162102002112028e-21, nan 
13.375, 83.875, 2.29898210486462e-21, nan 
13.625, 83.875, 2.5938034287934302e-21, nan 
13.875, 83.875, 2.497604330849603e-21, nan 
14.125, 83.875, 2.2335664423886974e-21, nan 
14.375, 83.875, 1.905071507678067e-21, nan 
14.625, 83.875, 1.7801585926187646e-21, nan 
14.875, 83.875, 1.6747716213170813e-21, nan 
15.125, 83.875, 1.194283832401947e-21, nan 
15.375, 83.875, 1.8613310410994878e-21, nan 
15.625, 83.875, 3.3180148756602365e-21, nan 
15.875, 83.875, 4.641412057787279e-21, nan 
16.125, 83.875, 4.864375954406354e-21, nan 
16.375, 83.875, 4.436395665094046e-21, nan 
16.625, 83.875, 3.6185856558957274e-21, nan 
16.875, 83.875, 2.8429579204804885e-21, nan 
17.125, 83.875, 2.432275204642691e-21, nan 
17.375, 83.875, 2.0758486588608532e-21, nan 
17.625, 83.875, 2.1303433305785583e-21, nan 
17.875, 83.875, 2.5991976948489228e-21, nan 
18.125, 83.875, 3.351620980952167e-21, nan 
18.375, 83.875, 3.445289267320996e-21, nan 
18.625, 83.875, 2.8015277365484286e-21, nan 
18.875, 83.875, 2.2330702181074807e-21, nan 
19.125, 83.875, 1.812084180176507e-21, nan 
19.375, 83.875, 1.5492586383643568e-21, nan 
19.625, 83.875, 1.2784901830085024e-21, nan 
19.875, 83.875, 1.134180874059364e-21, nan 
20.125, 83.875, 9.85837427760662e-22, nan 
20.375, 83.875, 8.249689098576615e-22, nan 
20.625, 83.875, 7.592591467108776e-22, nan 
20.875, 83.875, 7.126931443972572e-22, nan 
21.125, 83.875, 6.984303050017949e-22, nan 
21.375, 83.875, 6.805755615558451e-22, nan 
21.625, 83.875, 6.269947002023888e-22, nan 
21.875, 83.875, 5.838257177346139e-22, nan 
22.125, 83.875, 5.738380360985503e-22, nan 
22.375, 83.875, 5.871657812034083e-22, nan 
22.625, 83.875, 5.805349454928435e-22, nan 
22.875, 83.875, 5.906352686958996e-22, nan 
23.125, 83.875, 5.971978387890184e-22, nan 
23.375, 83.875, 5.824374153244315e-22, nan 
23.625, 83.875, 5.834758348335074e-22, nan 
23.875, 83.875, 5.696056642353953e-22, nan 
24.125, 83.875, 5.491071402992591e-22, nan 
24.375, 83.875, 5.411273757064428e-22, nan 
24.625, 83.875, 5.659830656206001e-22, nan 
24.875, 83.875, 5.630038590918853e-22, nan 
25.125, 83.875, 5.544714550403735e-22, nan 
25.375, 83.875, 5.707527626088286e-22, nan 
25.625, 83.875, 5.743985214373744e-22, nan 
25.875, 83.875, 5.602341713654092e-22, nan 
26.125, 83.875, 5.496773728744648e-22, nan 
26.375, 83.875, 5.234352378209465e-22, nan 
26.625, 83.875, 4.963505168474728e-22, nan 
26.875, 83.875, 4.815339148088927e-22, nan 
27.125, 83.875, 4.510728430159204e-22, nan 
27.375, 83.875, 4.1803731914634423e-22, nan 
27.625, 83.875, 4.0568107813090314e-22, nan 
27.875, 83.875, 3.91197789738415e-22, nan 
28.125, 83.875, 3.6380598366698227e-22, nan 
28.375, 83.875, 3.4088818317245527e-22, nan 
28.625, 83.875, 3.241259097964152e-22, nan 
28.875, 83.875, 3.1162151062000947e-22, nan 
29.125, 83.875, 2.8830520703581253e-22, nan 
29.375, 83.875, 2.7482586254944224e-22, nan 
29.625, 83.875, 2.5678398194709497e-22, nan 
29.875, 83.875, 2.4241738370461457e-22, nan 
30.125, 83.875, 2.2932022149179864e-22, nan 
30.375, 83.875, 2.2281976480566266e-22, nan 
30.625, 83.875, 2.0727541218660064e-22, nan 
30.875, 83.875, 1.9738904301039157e-22, nan 
31.125, 83.875, 1.8571484306610134e-22, nan 
31.375, 83.875, 1.808144753617584e-22, nan 
31.625, 83.875, 1.736032666271995e-22, nan 
31.875, 83.875, 1.6675738019535828e-22, nan 
32.125, 83.875, 1.5847777120183338e-22, nan 
32.375, 83.875, 1.538053447442024e-22, nan 
32.625, 83.875, 1.4807881066507934e-22, nan 
32.875, 83.875, 1.4631224281849818e-22, nan 
33.125, 83.875, 1.4070170124972985e-22, nan 
33.375, 83.875, 1.396866059377253e-22, nan 
33.625, 83.875, 1.413795091950063e-22, nan 
33.875, 83.875, 1.3746469018730413e-22, nan 
34.125, 83.875, 1.3241197049855273e-22, nan 
34.375, 83.875, 1.2377073979035095e-22, nan 
34.625, 83.875, 1.2798169067516436e-22, nan 
34.875, 83.875, 1.275107997777042e-22, nan 
35.125, 83.875, 1.227633887694562e-22, nan 
35.375, 83.875, 1.128561086936086e-22, nan 
35.625, 83.875, 1.0645585547992372e-22, nan 
35.875, 83.875, 1.0492005578561741e-22, nan 
36.125, 83.875, 1.0124133400557037e-22, nan 
36.375, 83.875, 9.130301177767805e-23, nan 
36.625, 83.875, 8.248329536439869e-23, nan 
36.875, 83.875, 7.758717409985271e-23, nan 
37.125, 83.875, 7.282125662880247e-23, nan 
37.375, 83.875, 6.710863702361779e-23, nan 
37.625, 83.875, 5.862616785766886e-23, nan 
37.875, 83.875, 5.121174016492107e-23, nan 
38.125, 83.875, 4.050197271613805e-23, nan 
38.375, 83.875, 3.668075510479874e-23, nan 
38.625, 83.875, 3.930045461647605e-23, nan 
38.875, 83.875, 3.999235235224329e-23, nan 
39.125, 83.875, 4.301960818802241e-23, nan 
39.375, 83.875, 4.1218341180337074e-23, nan 
39.625, 83.875, 4.4798361821034157e-23, nan 
39.875, 83.875, 4.903747763094698e-23, nan 
40.125, 83.875, 5.285262234479257e-23, nan 
40.375, 83.875, 6.067618789719522e-23, nan 
40.625, 83.875, 6.355546247680226e-23, nan 
40.875, 83.875, 6.882642310912044e-23, nan 
41.125, 83.875, 7.585689436755698e-23, nan 
41.375, 83.875, 8.160418075796534e-23, nan 
41.625, 83.875, 8.18459438757753e-23, nan 
41.875, 83.875, 8.200693179420971e-23, nan 
42.125, 83.875, 8.092792937928651e-23, nan 
42.375, 83.875, 8.762015189647302e-23, nan 
42.625, 83.875, 8.973539518366768e-23, nan 
42.875, 83.875, 9.136283386433582e-23, nan 
43.125, 83.875, 9.056008433574765e-23, nan 
43.375, 83.875, 9.565180262278028e-23, nan 
43.625, 83.875, 9.827598422260874e-23, nan 
43.875, 83.875, 1.0069689033325339e-22, nan 
44.125, 83.875, 9.814683773766346e-23, nan 
44.375, 83.875, 1.0175204597609096e-22, nan 
44.625, 83.875, 1.084054578327337e-22, nan 
44.875, 83.875, 1.1593134471136209e-22, nan 
45.125, 83.875, 1.143088919492065e-22, nan 
45.375, 83.875, 1.098543916623642e-22, nan 
45.625, 83.875, 1.1487617688334006e-22, nan 
45.875, 83.875, 1.3125917796904922e-22, nan 
46.125, 83.875, 1.3533642967191243e-22, nan 
46.375, 83.875, 1.3686061649822833e-22, nan 
46.625, 83.875, 1.7945567064107192e-22, nan 
46.875, 83.875, 2.2903974442886776e-22, nan 
47.125, 83.875, 2.346323621823702e-22, nan 
47.375, 83.875, 2.2169474072840348e-22, nan 
47.625, 83.875, 2.192748943089338e-22, nan 
47.875, 83.875, 2.1821731709708585e-22, nan 
48.125, 83.875, 2.3242308938341174e-22, nan 
48.375, 83.875, 2.2118732623016682e-22, nan 
48.625, 83.875, 2.364838867041842e-22, nan 
48.875, 83.875, 2.845742770302176e-22, nan 
49.125, 83.875, 2.7624013661049297e-22, nan 
49.375, 83.875, 2.700702495082073e-22, nan 
49.625, 83.875, 3.145620880866677e-22, nan 
49.875, 83.875, 3.38837028208282e-22, nan 
50.125, 83.875, 3.030305537508131e-22, nan 
50.375, 83.875, 2.82304085864431e-22, nan 
50.625, 83.875, 4.0256666411304253e-22, nan 
50.875, 83.875, 4.499907021109112e-22, nan 
51.125, 83.875, 3.620536215111749e-22, nan 
51.375, 83.875, 3.0968418606751787e-22, nan 
51.625, 83.875, 4.262457558261961e-22, nan 
51.875, 83.875, 4.773911171078458e-22, nan 
52.125, 83.875, 4.058574302274257e-22, nan 
52.375, 83.875, 3.820279862203278e-22, nan 
52.625, 83.875, 4.691377606459157e-22, nan 
52.875, 83.875, 4.779115734244774e-22, nan 
53.125, 83.875, 4.538384150221241e-22, nan 
53.375, 83.875, 4.0201734410557814e-22, nan 
53.625, 83.875, 3.786858388238715e-22, nan 
53.875, 83.875, 2.4492223493771183e-22, nan 
54.125, 83.875, 2.376128158330643e-22, nan 
54.375, 83.875, 2.516635201373058e-22, nan 
54.625, 83.875, 2.391141435697222e-22, nan 
54.875, 83.875, 2.3615350677815156e-22, nan 
55.125, 83.875, 2.337670975300318e-22, nan 
55.375, 83.875, 2.4409518352757074e-22, nan 
55.625, 83.875, 2.3767888332230695e-22, nan 
55.875, 83.875, 2.273653288797744e-22, nan 
56.125, 83.875, 2.300278048381861e-22, nan 
56.375, 83.875, 2.8787973616965223e-22, nan 
56.625, 83.875, 3.1674935364600965e-22, nan 
56.875, 83.875, 2.9698548965337607e-22, nan 
57.125, 83.875, 2.975377861552069e-22, nan 
57.375, 83.875, 2.9818248621024296e-22, nan 
57.625, 83.875, 2.8009619351596205e-22, nan 
57.875, 83.875, 3.0083430672301726e-22, nan 
58.125, 83.875, 3.085496875287215e-22, nan 
58.375, 83.875, 3.006096390500897e-22, nan 
58.625, 83.875, 2.844219932040114e-22, nan 
58.875, 83.875, 2.89583624342453e-22, nan 
59.125, 83.875, 2.9614998942344823e-22, nan 
59.375, 83.875, 2.9014404372308902e-22, nan 
59.625, 83.875, 3.057573785486247e-22, nan 
59.875, 83.875, 2.9990260550887326e-22, nan 
60.125, 83.875, 3.304959797015613e-22, nan 
60.375, 83.875, 3.2331989647114194e-22, nan 
60.625, 83.875, 3.151329200167452e-22, nan 
60.875, 83.875, 3.167105372455239e-22, nan 
61.125, 83.875, 3.1980289181454543e-22, nan 
61.375, 83.875, 3.1950367279354707e-22, nan 
61.625, 83.875, 3.257175852249577e-22, nan 
61.875, 83.875, 3.715841053430025e-22, nan 
62.125, 83.875, 4.407549166580142e-22, nan 
62.375, 83.875, 4.061774651776447e-22, nan 
62.625, 83.875, 3.6520457130420683e-22, nan 
62.875, 83.875, 4.0598885643357596e-22, nan 
63.125, 83.875, 3.995802360487259e-22, nan 
63.375, 83.875, 3.043723595179017e-22, nan 
63.625, 83.875, 2.7616830247164365e-22, nan 
63.875, 83.875, 2.7417299820125714e-22, nan 
64.125, 83.875, 2.19665525696759e-22, nan 
64.375, 83.875, 2.7991274790778287e-22, nan 
64.625, 83.875, 2.6552070087516036e-22, nan 
64.875, 83.875, 2.140248140406999e-22, nan 
65.125, 83.875, 2.583064931815767e-22, nan 
65.375, 83.875, 2.812733708899066e-22, nan 
65.625, 83.875, 2.444396595799583e-22, nan 
65.875, 83.875, 2.291536716830215e-22, nan 
66.125, 83.875, 2.1598780560694536e-22, nan 
66.375, 83.875, 1.6726664124188384e-22, nan 
66.625, 83.875, 1.4580279437789598e-22, nan 
66.875, 83.875, 1.5511100762994207e-22, nan 
67.125, 83.875, 1.780080627320212e-22, nan 
67.375, 83.875, 1.678673751661922e-22, nan 
67.625, 83.875, 1.7220564613894047e-22, nan 
67.875, 83.875, 1.9015267074895908e-22, nan 
68.125, 83.875, 1.9518738327171822e-22, nan 
68.375, 83.875, 1.845462023276823e-22, nan 
68.625, 83.875, 1.353642647379554e-22, nan 
68.875, 83.875, 7.525212359959486e-23, nan 
69.125, 83.875, 6.888488663988986e-23, nan 
69.375, 83.875, 6.186859069658983e-23, nan 
69.625, 83.875, 5.741589736057529e-23, nan 
69.875, 83.875, 4.5259372147458306e-23, nan 
70.125, 83.875, 5.462054568824193e-23, nan 
70.375, 83.875, 6.168348071894506e-23, nan 
70.625, 83.875, 5.868731148386013e-23, nan 
70.875, 83.875, 6.674165007106879e-23, nan 
71.125, 83.875, 7.474271588424756e-23, nan 
71.375, 83.875, 8.181763277160911e-23, nan 
71.625, 83.875, 8.529039556408808e-23, nan 
71.875, 83.875, 8.211292998622903e-23, nan 
72.125, 83.875, 8.16058998131829e-23, nan 
72.375, 83.875, 8.346805613950998e-23, nan 
72.625, 83.875, 8.567023040854159e-23, nan 
72.875, 83.875, 8.517671370727629e-23, nan 
73.125, 83.875, 8.281877183607172e-23, nan 
73.375, 83.875, 8.879340381094772e-23, nan 
73.625, 83.875, 8.768151725653483e-23, nan 
73.875, 83.875, 8.698503441651784e-23, nan 
74.125, 83.875, 8.461152654116493e-23, nan 
74.375, 83.875, 8.999726772714164e-23, nan 
74.625, 83.875, 9.499918839790942e-23, nan 
74.875, 83.875, 9.470845941223248e-23, nan 
75.125, 83.875, 9.608523118368677e-23, nan 
75.375, 83.875, 1.0681470885465745e-22, nan 
75.625, 83.875, 9.027146065333107e-23, nan 
75.875, 83.875, 8.755027669514945e-23, nan 
76.125, 83.875, 7.584059903969423e-23, nan 
76.375, 83.875, 6.656588315528104e-23, nan 
76.625, 83.875, 6.934343852703775e-23, nan 
76.875, 83.875, 6.417081445998252e-23, nan 
77.125, 83.875, 5.753196361209239e-23, nan 
77.375, 83.875, 5.407717694069876e-23, nan 
77.625, 83.875, 5.1754461500132674e-23, nan 
77.875, 83.875, 5.297173259601232e-23, nan 
78.125, 83.875, 5.408221239482986e-23, nan 
78.375, 83.875, 4.9158107108921713e-23, nan 
78.625, 83.875, 4.551807126681721e-23, nan 
78.875, 83.875, 4.4747359028371026e-23, nan 
79.125, 83.875, 4.217329876881011e-23, nan 
79.375, 83.875, 4.457993059303871e-23, nan 
79.625, 83.875, 3.589722705708694e-23, nan 
79.875, 83.875, 2.704490516934862e-23, nan 
80.125, 83.875, 2.436871091531916e-23, nan 
80.375, 83.875, 3.830879541278282e-23, nan 
80.625, 83.875, 3.852743918558948e-23, nan 
80.875, 83.875, 3.521397619835546e-23, nan 
81.125, 83.875, 3.763254215647466e-23, nan 
81.375, 83.875, 4.205893091188649e-23, nan 
81.625, 83.875, 4.362489199549941e-23, nan 
81.875, 83.875, 3.5848094687907e-23, nan 
82.125, 83.875, 3.366279962613329e-23, nan 
82.375, 83.875, 3.791666184818627e-23, nan 
82.625, 83.875, 4.23256120950808e-23, nan 
82.875, 83.875, 3.2131519009356895e-23, nan 
83.125, 83.875, 2.962112213792766e-23, nan 
83.375, 83.875, 4.3440018943537485e-23, nan 
83.625, 83.875, 4.846042298533599e-23, nan 
83.875, 83.875, 4.795995499572877e-23, nan 
84.125, 83.875, 5.097138042466939e-23, nan 
84.375, 83.875, 5.87179007705785e-23, nan 
84.625, 83.875, 6.155331529107216e-23, nan 
84.875, 83.875, 6.352972662119194e-23, nan 
85.125, 83.875, 5.930333029939218e-23, nan 
85.375, 83.875, 6.245820583428874e-23, nan 
85.625, 83.875, 6.126743494449023e-23, nan 
85.875, 83.875, 6.493848384314027e-23, nan 
86.125, 83.875, 5.135667566341571e-23, nan 
86.375, 83.875, 5.296796695181077e-23, nan 
86.625, 83.875, 7.293876719188306e-23, nan 
86.875, 83.875, 8.458902140719559e-23, nan 
87.125, 83.875, 9.108821603987997e-23, nan 
87.375, 83.875, 8.197557801732185e-23, nan 
87.625, 83.875, 8.857388900412037e-23, nan 
87.875, 83.875, 8.779784690645077e-23, nan 
88.125, 83.875, 9.340583463970911e-23, nan 
88.375, 83.875, 6.565897345374364e-23, nan 
88.625, 83.875, 4.534839255042883e-23, nan 
88.875, 83.875, 5.335346481305443e-23, nan 
89.125, 83.875, 4.822214989498828e-23, nan 
89.375, 83.875, 4.8460491850297723e-23, nan 
89.625, 83.875, 5.0376832716980477e-23, nan 
89.875, 83.875, 5.59217492876266e-23, nan 
90.125, 83.875, 5.88768816073374e-23, nan 
90.375, 83.875, 6.529297250675697e-23, nan 
90.625, 83.875, 6.51852950399228e-23, nan 
90.875, 83.875, 6.073237779760671e-23, nan 
91.125, 83.875, 6.398349195846824e-23, nan 
91.375, 83.875, 4.152962184626618e-23, nan 
91.625, 83.875, 5.74475227809991e-23, nan 
91.875, 83.875, 5.906468130279488e-23, nan 
92.125, 83.875, 2.8484454997443734e-23, nan 
92.375, 83.875, 2.4606208571057553e-23, nan 
92.625, 83.875, 5.095550433724836e-23, nan 
92.875, 83.875, 9.633234251391457e-23, nan 
93.125, 83.875, 6.876691316638538e-23, nan 
93.375, 83.875, 2.8871647848546724e-23, nan 
93.625, 83.875, 2.7541945648619073e-23, nan 
93.875, 83.875, 2.7500042296257366e-23, nan 
94.125, 83.875, 3.8282999408598456e-23, nan 
94.375, 83.875, 3.7214950466552994e-23, nan 
94.625, 83.875, 3.124009113082769e-23, nan 
94.875, 83.875, 3.056179470520408e-23, nan 
95.125, 83.875, 3.578014568266956e-23, nan 
95.375, 83.875, 3.1385262563775134e-23, nan 
95.625, 83.875, 3.235919068696865e-23, nan 
95.875, 83.875, 3.560056289792683e-23, nan 
96.125, 83.875, 3.449268740612808e-23, nan 
96.375, 83.875, 4.8706078985627743e-23, nan 
96.625, 83.875, 5.462505649252199e-23, nan 
96.875, 83.875, 5.734137057665277e-23, nan 
97.125, 83.875, 8.249011526333212e-23, nan 
97.375, 83.875, 6.801031201219799e-23, nan 
97.625, 83.875, 4.1196866201763e-23, nan 
97.875, 83.875, 3.7152642612663256e-23, nan 
98.125, 83.875, 5.263687079677845e-23, nan 
98.375, 83.875, 7.958883605550102e-23, nan 
98.625, 83.875, 8.481220691746669e-23, nan 
98.875, 83.875, 7.537346847738351e-23, nan 
99.125, 83.875, 6.372967942775748e-23, nan 
99.375, 83.875, 7.635604057364114e-23, nan 
99.625, 83.875, 9.172269500314667e-23, nan 
99.875, 83.875, 9.190416255957685e-23, nan 
100.125, 83.875, 9.083727451050636e-23, nan 
100.375, 83.875, 9.373831606274061e-23, nan 
100.625, 83.875, 9.724904778215816e-23, nan 
100.875, 83.875, 9.394106576901745e-23, nan 
101.125, 83.875, 9.432799864084813e-23, nan 
101.375, 83.875, 9.252248279482573e-23, nan 
101.625, 83.875, 9.560819656631582e-23, nan 
101.875, 83.875, 9.368684133105427e-23, nan 
102.125, 83.875, 9.629016170749961e-23, nan 
102.375, 83.875, 9.523295233887015e-23, nan 
102.625, 83.875, 9.249519215623124e-23, nan 
102.875, 83.875, 8.083433948654917e-23, nan 
103.125, 83.875, 7.404432430596691e-23, nan 
103.375, 83.875, 8.267010817719728e-23, nan 
103.625, 83.875, 7.707189540030983e-23, nan 
103.875, 83.875, 7.104766165439734e-23, nan 
104.125, 83.875, 6.431888142226556e-23, nan 
104.375, 83.875, 6.53059593078413e-23, nan 
104.625, 83.875, 7.347944944049516e-23, nan 
104.875, 83.875, 8.324167960015144e-23, nan 
105.125, 83.875, 8.154410242757959e-23, nan 
105.375, 83.875, 7.995185294510807e-23, nan 
105.625, 83.875, 7.561121373179988e-23, nan 
105.875, 83.875, 7.328534861822618e-23, nan 
106.125, 83.875, 6.700825147981052e-23, nan 
106.375, 83.875, 8.71907009953675e-23, nan 
106.625, 83.875, 9.357911952043666e-23, nan 
106.875, 83.875, 8.647647784425083e-23, nan 
107.125, 83.875, 8.011175788992612e-23, nan 
107.375, 83.875, 7.020583352836249e-23, nan 
107.625, 83.875, 7.449915305748607e-23, nan 
107.875, 83.875, 6.99217700668498e-23, nan 
108.125, 83.875, 7.452598022350035e-23, nan 
108.375, 83.875, 8.510974487411254e-23, nan 
108.625, 83.875, 1.1642784828091596e-22, nan 
108.875, 83.875, 1.2112087311261785e-22, nan 
109.125, 83.875, 1.0988492104005901e-22, nan 
109.375, 83.875, 9.6704702387035e-23, nan 
109.625, 83.875, 9.148557250149501e-23, nan 
109.875, 83.875, 1.0058110771928542e-22, nan 
110.125, 83.875, 8.872506193149562e-23, nan 
110.375, 83.875, 8.622883821544099e-23, nan 
110.625, 83.875, 9.447732424498307e-23, nan 
110.875, 83.875, 8.632637868524656e-23, nan 
111.125, 83.875, 7.320273810294206e-23, nan 
111.375, 83.875, 5.08305192517927e-23, nan 
111.625, 83.875, 5.435490479414298e-23, nan 
111.875, 83.875, 5.77428896633032e-23, nan 
112.125, 83.875, 4.3324678736271373e-23, nan 
112.375, 83.875, 4.737264459134827e-23, nan 
112.625, 83.875, 4.0990122272217843e-23, nan 
112.875, 83.875, 4.6751039905298234e-23, nan 
113.125, 83.875, 4.4173776535028654e-23, nan 
113.375, 83.875, 5.980487801054687e-23, nan 
113.625, 83.875, 4.9156009074318687e-23, nan 
113.875, 83.875, 5.134296806817191e-23, nan 
114.125, 83.875, 6.170013189152466e-23, nan 
114.375, 83.875, 7.761354691023066e-23, nan 
114.625, 83.875, 8.240169963406219e-23, nan 
114.875, 83.875, 8.787678157517441e-23, nan 
115.125, 83.875, 8.775581710135568e-23, nan 
115.375, 83.875, 8.737146498033377e-23, nan 
115.625, 83.875, 8.507400567325875e-23, nan 
115.875, 83.875, 8.154996901742487e-23, nan 
116.125, 83.875, 7.824612757421154e-23, nan 
116.375, 83.875, 8.710010593497597e-23, nan 
116.625, 83.875, 8.04211001231998e-23, nan 
116.875, 83.875, 7.913285059834337e-23, nan 
117.125, 83.875, 6.962367796060218e-23, nan 
117.375, 83.875, 7.1947976494154e-23, nan 
117.625, 83.875, 7.810333001678861e-23, nan 
117.875, 83.875, 8.930217068569195e-23, nan 
118.125, 83.875, 1.1304466123871738e-22, nan 
118.375, 83.875, 1.2448889578907325e-22, nan 
118.625, 83.875, 1.4152679843821892e-22, nan 
118.875, 83.875, 1.3425493463267438e-22, nan 
119.125, 83.875, 1.3371503370080346e-22, nan 
119.375, 83.875, 1.7619150722285555e-22, nan 
119.625, 83.875, 1.6185717551351575e-22, nan 
119.875, 83.875, 1.4601225008724292e-22, nan 
120.125, 83.875, 1.966918861071344e-22, nan 
120.375, 83.875, 1.6725593386387626e-22, nan 
120.625, 83.875, 1.6079188945545487e-22, nan 
120.875, 83.875, 1.3892795711216405e-22, nan 
121.125, 83.875, 1.2347890660808058e-22, nan 
121.375, 83.875, 1.2921036896282347e-22, nan 
121.625, 83.875, 1.2656924033887127e-22, nan 
121.875, 83.875, 1.1490084852662652e-22, nan 
122.125, 83.875, 1.068817828394909e-22, nan 
122.375, 83.875, 2.250956896611783e-22, nan 
122.625, 83.875, 2.1562501542007764e-22, nan 
122.875, 83.875, 1.9367266600712168e-22, nan 
123.125, 83.875, 1.1195049911955238e-22, nan 
123.375, 83.875, 1.2572845644417548e-22, nan 
123.625, 83.875, 1.2857068299213178e-22, nan 
123.875, 83.875, 1.2411829299534837e-22, nan 
124.125, 83.875, 1.1438060547927627e-22, nan 
124.375, 83.875, 1.1068275440070883e-22, nan 
124.625, 83.875, 1.4539841974206408e-22, nan 
124.875, 83.875, 1.4894216574478836e-22, nan 
125.125, 83.875, 1.4189924212901652e-22, nan 
125.375, 83.875, 8.075473807982094e-23, nan 
125.625, 83.875, 8.455620526685278e-23, nan 
125.875, 83.875, 7.268757847247835e-23, nan 
126.125, 83.875, 6.813849981781546e-23, nan 
126.375, 83.875, 6.581764212933759e-23, nan 
126.625, 83.875, 6.973961559687244e-23, nan 
126.875, 83.875, 7.236741418442284e-23, nan 
127.125, 83.875, 7.071826343117243e-23, nan 
127.375, 83.875, 7.304316461193148e-23, nan 
127.625, 83.875, 7.441542453116691e-23, nan 
127.875, 83.875, 6.26529912542987e-23, nan 
128.125, 83.875, 5.401244813226616e-23, nan 
128.375, 83.875, 5.871600656607677e-23, nan 
128.625, 83.875, 6.564847297047071e-23, nan 
128.875, 83.875, 5.2862380902805895e-23, nan 
129.125, 83.875, 5.458391367282941e-23, nan 
129.375, 83.875, 5.331247051791439e-23, nan 
129.625, 83.875, 5.701913490634738e-23, nan 
129.875, 83.875, 5.877846734135138e-23, nan 
130.125, 83.875, 5.104932656809237e-23, nan 
130.375, 83.875, 4.9821078656172616e-23, nan 
130.625, 83.875, 3.843604871278007e-23, nan 
130.875, 83.875, 4.042752216211825e-23, nan 
131.125, 83.875, 3.512300531361881e-23, nan 
131.375, 83.875, 3.3570280499414294e-23, nan 
131.625, 83.875, 3.200392620485795e-23, nan 
131.875, 83.875, 3.151384896492596e-23, nan 
132.125, 83.875, 2.6180911361113657e-23, nan 
132.375, 83.875, 2.0659688835618828e-23, nan 
132.625, 83.875, 1.9467862535988514e-23, nan 
132.875, 83.875, 2.0289645489869646e-23, nan 
133.125, 83.875, 2.4617085407521406e-23, nan 
133.375, 83.875, 2.4521970268939864e-23, nan 
133.625, 83.875, 2.747591146903349e-23, nan 
133.875, 83.875, 2.652366842203261e-23, nan 
134.125, 83.875, 2.379961098930753e-23, nan 
134.375, 83.875, 1.8466165369230015e-23, nan 
134.625, 83.875, 1.2959261125828073e-23, nan 
134.875, 83.875, 1.4577258197233697e-23, nan 
135.125, 83.875, 1.5684532560707667e-23, nan 
135.375, 83.875, 1.4283322704719564e-23, nan 
135.625, 83.875, 1.5954125498049955e-23, nan 
135.875, 83.875, 2.1902219014058663e-23, nan 
136.125, 83.875, 2.6535777362180237e-23, nan 
136.375, 83.875, 3.267834916168825e-23, nan 
136.625, 83.875, 3.460831210794283e-23, nan 
136.875, 83.875, 2.483915030250475e-23, nan 
137.125, 83.875, 1.7214404525907698e-23, nan 
137.375, 83.875, 9.059355843472579e-24, nan 
137.625, 83.875, 1.3838647612184203e-23, nan 
137.875, 83.875, 1.6514982418946154e-23, nan 
138.125, 83.875, 3.008064432808641e-23, nan 
138.375, 83.875, 4.784489230761312e-23, nan 
138.625, 83.875, 6.15028142440424e-23, nan 
138.875, 83.875, 6.307036387232142e-23, nan 
139.125, 83.875, 4.630809859613823e-23, nan 
139.375, 83.875, 3.316538308211738e-23, nan 
139.625, 83.875, 1.34384837011678e-23, nan 
139.875, 83.875, 2.3184558226821085e-23, nan 
140.125, 83.875, 3.061554798584524e-23, nan 
140.375, 83.875, 3.337848821661562e-23, nan 
140.625, 83.875, 3.8990244217850667e-23, nan 
140.875, 83.875, 4.2507113950072146e-23, nan 
141.125, 83.875, 4.060840011079183e-23, nan 
141.375, 83.875, 3.546574645155755e-23, nan 
141.625, 83.875, 3.05635589084324e-23, nan 
141.875, 83.875, 1.9772027782198982e-23, nan 
142.125, 83.875, 1.5722931302636972e-23, nan 
142.375, 83.875, 1.5959429468379824e-23, nan 
142.625, 83.875, 1.336539907623948e-23, nan 
142.875, 83.875, 1.1681991227137139e-23, nan 
143.125, 83.875, 8.83722947687486e-24, nan 
143.375, 83.875, 8.307765241487334e-24, nan 
143.625, 83.875, 7.768629446314e-24, nan 
143.875, 83.875, 9.073304622267807e-24, nan 
144.125, 83.875, 1.026577856223171e-23, nan 
144.375, 83.875, 9.622621623458785e-24, nan 
144.625, 83.875, 8.955201942016151e-24, nan 
144.875, 83.875, 7.441041449886408e-24, nan 
145.125, 83.875, 6.982395382281626e-24, nan 
145.375, 83.875, 5.9494208879614444e-24, nan 
145.625, 83.875, 5.19290274985061e-24, nan 
145.875, 83.875, 4.435695974445989e-24, nan 
146.125, 83.875, 2.999878920083462e-24, nan 
146.375, 83.875, 2.7452460805780494e-24, nan 
146.625, 83.875, 2.4676409329438704e-24, nan 
146.875, 83.875, 2.597420625932415e-24, nan 
147.125, 83.875, 2.391133058046942e-24, nan 
147.375, 83.875, 2.4093080830456217e-24, nan 
147.625, 83.875, 2.01348047065783e-24, nan 
147.875, 83.875, 1.994351761803257e-24, nan 
148.125, 83.875, 2.981396820794351e-24, nan 
148.375, 83.875, 3.2738527699790725e-24, nan 
148.625, 83.875, 3.3269595737636856e-24, nan 
148.875, 83.875, 3.9303201247088676e-24, nan 
149.125, 83.875, 4.739599920898382e-24, nan 
149.375, 83.875, 5.25860126713257e-24, nan 
149.625, 83.875, 4.359247826254522e-24, nan 
149.875, 83.875, 4.0388940834681655e-24, nan 
150.125, 83.875, 4.6216449978991774e-24, nan 
150.375, 83.875, 5.0744426103847484e-24, nan 
150.625, 83.875, 5.3493628757678365e-24, nan 
150.875, 83.875, 5.556065283607874e-24, nan 
151.125, 83.875, 6.001010210818483e-24, nan 
151.375, 83.875, 6.971208618984643e-24, nan 
151.625, 83.875, 7.772265668906787e-24, nan 
151.875, 83.875, 7.63749623260907e-24, nan 
152.125, 83.875, 7.96054373700346e-24, nan 
152.375, 83.875, 7.728785717032907e-24, nan 
152.625, 83.875, 7.249038173117754e-24, nan 
152.875, 83.875, 6.839611863039898e-24, nan 
153.125, 83.875, 5.949979532390089e-24, nan 
153.375, 83.875, 5.300141561641634e-24, nan 
153.625, 83.875, 5.351584334135815e-24, nan 
153.875, 83.875, 5.172037275384098e-24, nan 
154.125, 83.875, 5.1803402162343734e-24, nan 
154.375, 83.875, 5.653845514862198e-24, nan 
154.625, 83.875, 5.8925727300846075e-24, nan 
154.875, 83.875, 7.072906646682112e-24, nan 
155.125, 83.875, 6.74977713710706e-24, nan 
155.375, 83.875, 7.53394967079037e-24, nan 
155.625, 83.875, 8.219334320467098e-24, nan 
155.875, 83.875, 9.940530137174872e-24, nan 
156.125, 83.875, 1.2848658132683692e-23, nan 
156.375, 83.875, 1.457529508877095e-23, nan 
156.625, 83.875, 1.6371317019320368e-23, nan 
156.875, 83.875, 1.7395345162853577e-23, nan 
157.125, 83.875, 1.8089373730898483e-23, nan 
157.375, 83.875, 2.478608924250605e-23, nan 
157.625, 83.875, 3.0839840348839807e-23, nan 
157.875, 83.875, 2.816991553271126e-23, nan 
158.125, 83.875, 2.632089920008911e-23, nan 
158.375, 83.875, 2.4777062158093865e-23, nan 
158.625, 83.875, 2.188185173263088e-23, nan 
158.875, 83.875, 1.8563575530455908e-23, nan 
159.125, 83.875, 1.568848718161855e-23, nan 
159.375, 83.875, 1.5352272716836736e-23, nan 
159.625, 83.875, 3.124925746311637e-23, nan 
159.875, 83.875, 3.877910732802545e-23, nan 
160.125, 83.875, 3.948010465610786e-23, nan 
160.375, 83.875, 3.709323651025553e-23, nan 
160.625, 83.875, 3.8052788087798084e-23, nan 
160.875, 83.875, 3.579899794059679e-23, nan 
161.125, 83.875, 2.9707373114029263e-23, nan 
161.375, 83.875, 2.6086867317590355e-23, nan 
161.625, 83.875, 2.307069168123493e-23, nan 
161.875, 83.875, 2.4913558514118268e-23, nan 
162.125, 83.875, 2.781803581751338e-23, nan 
162.375, 83.875, 2.7553047432531196e-23, nan 
162.625, 83.875, 2.5875607641841422e-23, nan 
162.875, 83.875, 2.5055709718259712e-23, nan 
163.125, 83.875, 2.391875161125152e-23, nan 
163.375, 83.875, 2.1761653287038208e-23, nan 
163.625, 83.875, 2.0840784899011654e-23, nan 
163.875, 83.875, 2.2922159280816264e-23, nan 
164.125, 83.875, 2.4990718245490962e-23, nan 
164.375, 83.875, 2.872947890317817e-23, nan 
164.625, 83.875, 2.701438777213832e-23, nan 
164.875, 83.875, 2.9102569985068306e-23, nan 
165.125, 83.875, 2.825869470865448e-23, nan 
165.375, 83.875, 2.891839519375561e-23, nan 
165.625, 83.875, 2.7913471683309356e-23, nan 
165.875, 83.875, 2.5775050537712896e-23, nan 
166.125, 83.875, 2.820583005528528e-23, nan 
166.375, 83.875, 2.842761757753066e-23, nan 
166.625, 83.875, 2.908427793964722e-23, nan 
166.875, 83.875, 2.701427842680163e-23, nan 
167.125, 83.875, 3.050338081990499e-23, nan 
167.375, 83.875, 3.118561156358003e-23, nan 
167.625, 83.875, 3.084200573561438e-23, nan 
167.875, 83.875, 3.1086060471323404e-23, nan 
168.125, 83.875, 2.972811373907713e-23, nan 
168.375, 83.875, 2.5559271806363388e-23, nan 
168.625, 83.875, 2.3039632888882182e-23, nan 
168.875, 83.875, 2.220284493297304e-23, nan 
169.125, 83.875, 2.36574644048743e-23, nan 
169.375, 83.875, 2.1464355726293117e-23, nan 
169.625, 83.875, 1.950857854377285e-23, nan 
169.875, 83.875, 1.843360776839929e-23, nan 
170.125, 83.875, 1.3872531394546235e-23, nan 
170.375, 83.875, 9.614895795380211e-24, nan 
170.625, 83.875, 8.496015867475785e-24, nan 
170.875, 83.875, 9.475860883550305e-24, nan 
171.125, 83.875, 7.316375021015389e-24, nan 
171.375, 83.875, 4.744812911989597e-24, nan 
171.625, 83.875, 3.8592177504723105e-24, nan 
171.875, 83.875, 3.533902844220843e-24, nan 
172.125, 83.875, 3.655989221590112e-24, nan 
172.375, 83.875, 3.828680276716706e-24, nan 
172.625, 83.875, 3.5066259909508894e-24, nan 
172.875, 83.875, 3.2093730214043227e-24, nan 
173.125, 83.875, 3.410093217305973e-24, nan 
173.375, 83.875, 3.607764061898332e-24, nan 
173.625, 83.875, 2.965863437566289e-24, nan 
173.875, 83.875, 2.38250721845561e-24, nan 
174.125, 83.875, 2.5126843975654348e-24, nan 
174.375, 83.875, 2.666642714666699e-24, nan 
174.625, 83.875, 2.8313433267007558e-24, nan 
174.875, 83.875, 2.7717540334331275e-24, nan 
175.125, 83.875, 2.660681579620685e-24, nan 
175.375, 83.875, 2.559350144512169e-24, nan 
175.625, 83.875, 2.687645820621097e-24, nan 
175.875, 83.875, 2.2871641230419198e-24, nan 
176.125, 83.875, 2.0031971442614156e-24, nan 
176.375, 83.875, 2.1249486550743848e-24, nan 
176.625, 83.875, 2.2541217760214973e-24, nan 
176.875, 83.875, 2.271509779434615e-24, nan 
177.125, 83.875, 1.96954065055401e-24, nan 
177.375, 83.875, 2.0927930810596063e-24, nan 
177.625, 83.875, 2.724763450565943e-24, nan 
177.875, 83.875, 2.954750952122798e-24, nan 
178.125, 83.875, 2.7622076153900946e-24, nan 
178.375, 83.875, 2.6674538017746376e-24, nan 
178.625, 83.875, 2.915559607894104e-24, nan 
178.875, 83.875, 3.261593927594941e-24, nan 
179.125, 83.875, 3.137189096705073e-24, nan 
179.375, 83.875, 2.906644580446107e-24, nan 
179.625, 83.875, 2.6952516807565726e-24, nan 
179.875, 83.875, 2.5355855831837862e-24, nan 
-179.875, 84.125, 5.1460294737479146e-24, nan 
-179.625, 84.125, 5.5183199691491386e-24, nan 
-179.375, 84.125, 5.090456121656558e-24, nan 
-179.125, 84.125, 4.524119161198277e-24, nan 
-178.875, 84.125, 4.475104365608311e-24, nan 
-178.625, 84.125, 4.935615016388966e-24, nan 
-178.375, 84.125, 5.962789186385142e-24, nan 
-178.125, 84.125, 6.509299720095752e-24, nan 
-177.875, 84.125, 6.807182585047938e-24, nan 
-177.625, 84.125, 6.4583293693487516e-24, nan 
-177.375, 84.125, 6.504835944813974e-24, nan 
-177.125, 84.125, 6.439494073956217e-24, nan 
-176.875, 84.125, 5.987370258079898e-24, nan 
-176.625, 84.125, 6.149065499214511e-24, nan 
-176.375, 84.125, 6.0792433642885324e-24, nan 
-176.125, 84.125, 5.741038222284927e-24, nan 
-175.875, 84.125, 6.315370908836541e-24, nan 
-175.625, 84.125, 6.398051308970375e-24, nan 
-175.375, 84.125, 5.979045568548572e-24, nan 
-175.125, 84.125, 5.905880420579654e-24, nan 
-174.875, 84.125, 5.9737334816709906e-24, nan 
-174.625, 84.125, 6.1022805614002376e-24, nan 
-174.375, 84.125, 6.3630571859670695e-24, nan 
-174.125, 84.125, 6.705904975706979e-24, nan 
-173.875, 84.125, 6.918995620481691e-24, nan 
-173.625, 84.125, 7.302465087969298e-24, nan 
-173.375, 84.125, 7.177624614463667e-24, nan 
-173.125, 84.125, 6.478682614961858e-24, nan 
-172.875, 84.125, 5.881098810747483e-24, nan 
-172.625, 84.125, 5.8254055107913196e-24, nan 
-172.375, 84.125, 5.584603334624127e-24, nan 
-172.125, 84.125, 6.010499921526806e-24, nan 
-171.875, 84.125, 7.476097076299993e-24, nan 
-171.625, 84.125, 8.817497147964249e-24, nan 
-171.375, 84.125, 9.438687080443252e-24, nan 
-171.125, 84.125, 9.626535394760525e-24, nan 
-170.875, 84.125, 1.0597463760254372e-23, nan 
-170.625, 84.125, 9.965557597889681e-24, nan 
-170.375, 84.125, 8.742383536924081e-24, nan 
-170.125, 84.125, 9.989786884912417e-24, nan 
-169.875, 84.125, 1.1260399309858988e-23, nan 
-169.625, 84.125, 1.0082109445947527e-23, nan 
-169.375, 84.125, 1.0357936796068078e-23, nan 
-169.125, 84.125, 1.1249632008666443e-23, nan 
-168.875, 84.125, 1.206444031736561e-23, nan 
-168.625, 84.125, 1.273946603458609e-23, nan 
-168.375, 84.125, 1.2304490023269478e-23, nan 
-168.125, 84.125, 1.099195942295392e-23, nan 
-167.875, 84.125, 1.1383479266945884e-23, nan 
-167.625, 84.125, 1.1492821463011828e-23, nan 
-167.375, 84.125, 1.0638604509904462e-23, nan 
-167.125, 84.125, 1.0520792083305458e-23, nan 
-166.875, 84.125, 1.0711773592362462e-23, nan 
-166.625, 84.125, 1.0479743085977774e-23, nan 
-166.375, 84.125, 1.0459655180733814e-23, nan 
-166.125, 84.125, 1.1257765401896429e-23, nan 
-165.875, 84.125, 9.997745011150973e-24, nan 
-165.625, 84.125, 9.837731310717028e-24, nan 
-165.375, 84.125, 9.733865496833027e-24, nan 
-165.125, 84.125, 1.0645650178262593e-23, nan 
-164.875, 84.125, 1.0670313133763431e-23, nan 
-164.625, 84.125, 1.0082527889465728e-23, nan 
-164.375, 84.125, 1.1028992313396308e-23, nan 
-164.125, 84.125, 1.242264600719863e-23, nan 
-163.875, 84.125, 1.3405876278412752e-23, nan 
-163.625, 84.125, 1.4339008972577795e-23, nan 
-163.375, 84.125, 1.577686502688405e-23, nan 
-163.125, 84.125, 1.2579190686276476e-23, nan 
-162.875, 84.125, 8.268460176823183e-24, nan 
-162.625, 84.125, 8.748132861040642e-24, nan 
-162.375, 84.125, 8.491813831753665e-24, nan 
-162.125, 84.125, 9.236506411902971e-24, nan 
-161.875, 84.125, 1.2172082963152907e-23, nan 
-161.625, 84.125, 1.3763017607279452e-23, nan 
-161.375, 84.125, 1.3919210419571435e-23, nan 
-161.125, 84.125, 1.4855922057460186e-23, nan 
-160.875, 84.125, 1.50555867793623e-23, nan 
-160.625, 84.125, 1.3288603036505775e-23, nan 
-160.375, 84.125, 1.2622804799559702e-23, nan 
-160.125, 84.125, 1.2741795034846714e-23, nan 
-159.875, 84.125, 1.328848909987281e-23, nan 
-159.625, 84.125, 1.391856830648506e-23, nan 
-159.375, 84.125, 1.508185476002509e-23, nan 
-159.125, 84.125, 1.9829960067938725e-23, nan 
-158.875, 84.125, 1.9520232441143022e-23, nan 
-158.625, 84.125, 1.8331434424718506e-23, nan 
-158.375, 84.125, 1.8065238490715135e-23, nan 
-158.125, 84.125, 2.0218058269840138e-23, nan 
-157.875, 84.125, 2.221345816076048e-23, nan 
-157.625, 84.125, 2.0838614173334758e-23, nan 
-157.375, 84.125, 1.9662694666971303e-23, nan 
-157.125, 84.125, 1.894248800133357e-23, nan 
-156.875, 84.125, 1.8333868721284156e-23, nan 
-156.625, 84.125, 1.7810334150332795e-23, nan 
-156.375, 84.125, 1.6519112845939356e-23, nan 
-156.125, 84.125, 1.1462370420763e-23, nan 
-155.875, 84.125, 1.016674673712249e-23, nan 
-155.625, 84.125, 1.240780928098027e-23, nan 
-155.375, 84.125, 1.2750344489165587e-23, nan 
-155.125, 84.125, 1.2313309028344837e-23, nan 
-154.875, 84.125, 1.4046417699410667e-23, nan 
-154.625, 84.125, 1.7068178569658858e-23, nan 
-154.375, 84.125, 1.6169847962424154e-23, nan 
-154.125, 84.125, 1.5629429655704193e-23, nan 
-153.875, 84.125, 1.5947733411525994e-23, nan 
-153.625, 84.125, 1.5994212324759696e-23, nan 
-153.375, 84.125, 1.745963416305239e-23, nan 
-153.125, 84.125, 1.6171224648858708e-23, nan 
-152.875, 84.125, 2.0428009003635918e-23, nan 
-152.625, 84.125, 2.5262416716522694e-23, nan 
-152.375, 84.125, 3.1475954443186865e-23, nan 
-152.125, 84.125, 3.2349037991660957e-23, nan 
-151.875, 84.125, 3.5417545551601684e-23, nan 
-151.625, 84.125, 3.5792399682512853e-23, nan 
-151.375, 84.125, 3.1805005608326395e-23, nan 
-151.125, 84.125, 2.618099680358763e-23, nan 
-150.875, 84.125, 2.226148183066204e-23, nan 
-150.625, 84.125, 2.65748943553846e-23, nan 
-150.375, 84.125, 2.0836623894031945e-23, nan 
-150.125, 84.125, 1.8386526440372595e-23, nan 
-149.875, 84.125, 1.7725866012728506e-23, nan 
-149.625, 84.125, 1.667643462670031e-23, nan 
-149.375, 84.125, 1.537417264928543e-23, nan 
-149.125, 84.125, 1.3125529362871994e-23, nan 
-148.875, 84.125, 2.2999325272813008e-23, nan 
-148.625, 84.125, 1.0428405120735127e-23, nan 
-148.375, 84.125, 1.0571638832990628e-23, nan 
-148.125, 84.125, 1.2346889154213233e-23, nan 
-147.875, 84.125, 1.1413253137880629e-23, nan 
-147.625, 84.125, 1.0032554848634862e-23, nan 
-147.375, 84.125, 9.485597356418837e-24, nan 
-147.125, 84.125, 8.860103090082785e-24, nan 
-146.875, 84.125, 6.3247991730802256e-24, nan 
-146.625, 84.125, 4.575381591983869e-24, nan 
-146.375, 84.125, 5.05095071850777e-24, nan 
-146.125, 84.125, 6.382616533994798e-24, nan 
-145.875, 84.125, 8.188658902674473e-24, nan 
-145.625, 84.125, 8.63890281914318e-24, nan 
-145.375, 84.125, 1.0949772847051459e-23, nan 
-145.125, 84.125, 1.360688282668688e-23, nan 
-144.875, 84.125, 1.5899528707979953e-23, nan 
-144.625, 84.125, 1.4013574484669894e-23, nan 
-144.375, 84.125, 9.651423303967547e-24, nan 
-144.125, 84.125, 9.536517635167184e-24, nan 
-143.875, 84.125, 1.39534398837122e-23, nan 
-143.625, 84.125, 1.4892647945332753e-23, nan 
-143.375, 84.125, 1.6713164552391272e-23, nan 
-143.125, 84.125, 1.6334195097861194e-23, nan 
-142.875, 84.125, 1.7622623801687134e-23, nan 
-142.625, 84.125, 1.7512198778581728e-23, nan 
-142.375, 84.125, 2.0449363740024193e-23, nan 
-142.125, 84.125, 2.5228101154300674e-23, nan 
-141.875, 84.125, 2.5528320097698243e-23, nan 
-141.625, 84.125, 1.6410425012493902e-23, nan 
-141.375, 84.125, 1.5922116243857984e-23, nan 
-141.125, 84.125, 2.2826690234629117e-23, nan 
-140.875, 84.125, 2.654373870742932e-23, nan 
-140.625, 84.125, 2.1996457664506147e-23, nan 
-140.375, 84.125, 2.9743955133073554e-23, nan 
-140.125, 84.125, 4.57837017652995e-23, nan 
-139.875, 84.125, 5.079050590137577e-23, nan 
-139.625, 84.125, 6.176441758956063e-23, nan 
-139.375, 84.125, 4.455324645843804e-23, nan 
-139.125, 84.125, 3.242091262995615e-23, nan 
-138.875, 84.125, 3.115291912998403e-23, nan 
-138.625, 84.125, 3.7903185827406914e-23, nan 
-138.375, 84.125, 3.559791548814057e-23, nan 
-138.125, 84.125, 3.294245469246681e-23, nan 
-137.875, 84.125, 3.5442427280511666e-23, nan 
-137.625, 84.125, 3.623608260088947e-23, nan 
-137.375, 84.125, 3.436022494115285e-23, nan 
-137.125, 84.125, 5.540483102400462e-23, nan 
-136.875, 84.125, 8.730085715124199e-23, nan 
-136.625, 84.125, 1.4620938361713783e-22, nan 
-136.375, 84.125, 1.582284505794454e-22, nan 
-136.125, 84.125, 1.7438347183763407e-22, nan 
-135.875, 84.125, 1.8122277193694066e-22, nan 
-135.625, 84.125, 2.0282030952031596e-22, nan 
-135.375, 84.125, 1.913294994088387e-22, nan 
-135.125, 84.125, 2.4186152355557383e-22, nan 
-134.875, 84.125, 2.598276181904194e-22, nan 
-134.625, 84.125, 2.819468154628752e-22, nan 
-134.375, 84.125, 2.8946700788979504e-22, nan 
-134.125, 84.125, 3.0177187075012983e-22, nan 
-133.875, 84.125, 2.9915661829146744e-22, nan 
-133.625, 84.125, 2.919864882889829e-22, nan 
-133.375, 84.125, 2.903968715610109e-22, nan 
-133.125, 84.125, 2.889188367926776e-22, nan 
-132.875, 84.125, 2.9136323951584788e-22, nan 
-132.625, 84.125, 2.6657955249154875e-22, nan 
-132.375, 84.125, 2.4984764972688413e-22, nan 
-132.125, 84.125, 2.524421602011415e-22, nan 
-131.875, 84.125, 2.8488174988185744e-22, nan 
-131.625, 84.125, 3.1574450183517986e-22, nan 
-131.375, 84.125, 3.2200567250100697e-22, nan 
-131.125, 84.125, 3.172084670006614e-22, nan 
-130.875, 84.125, 3.235231245353465e-22, nan 
-130.625, 84.125, 3.2438417638243046e-22, nan 
-130.375, 84.125, 3.126530732419191e-22, nan 
-130.125, 84.125, 2.94048800272504e-22, nan 
-129.875, 84.125, 2.7802816513583583e-22, nan 
-129.625, 84.125, 3.5870498957129455e-22, nan 
-129.375, 84.125, 3.94900646354085e-22, nan 
-129.125, 84.125, 3.735237591481844e-22, nan 
-128.875, 84.125, 3.0358695893600614e-22, nan 
-128.625, 84.125, 2.0800984021602735e-22, nan 
-128.375, 84.125, 2.392164448053282e-22, nan 
-128.125, 84.125, 2.3856530549668902e-22, nan 
-127.875, 84.125, 2.303615415891327e-22, nan 
-127.625, 84.125, 2.261906902754837e-22, nan 
-127.375, 84.125, 3.85934798354937e-22, nan 
-127.125, 84.125, 4.783346207904329e-22, nan 
-126.875, 84.125, 4.452257557931545e-22, nan 
-126.625, 84.125, 3.070649613148276e-22, nan 
-126.375, 84.125, 2.4073681959164263e-22, nan 
-126.125, 84.125, 2.5785567962973885e-22, nan 
-125.875, 84.125, 2.7905022425715343e-22, nan 
-125.625, 84.125, 2.8039731520128654e-22, nan 
-125.375, 84.125, 2.794857376598529e-22, nan 
-125.125, 84.125, 3.4732194565288816e-22, nan 
-124.875, 84.125, 2.8101678607349216e-22, nan 
-124.625, 84.125, 2.658586150860299e-22, nan 
-124.375, 84.125, 1.8706099346906974e-22, nan 
-124.125, 84.125, 7.936102328657501e-23, nan 
-123.875, 84.125, 8.944913412150957e-23, nan 
-123.625, 84.125, 9.644090838858156e-23, nan 
-123.375, 84.125, 2.6751242682000756e-22, nan 
-123.125, 84.125, 1.1549355374841323e-22, nan 
-122.875, 84.125, 6.87162468674884e-23, nan 
-122.625, 84.125, 6.529690067905877e-23, nan 
-122.375, 84.125, 5.960922277382087e-23, nan 
-122.125, 84.125, 6.382908955103959e-23, nan 
-121.875, 84.125, 7.491237463054728e-23, nan 
-121.625, 84.125, 9.535365081239334e-23, nan 
-121.375, 84.125, 1.1093861597804856e-22, nan 
-121.125, 84.125, 1.0255558133480271e-22, nan 
-120.875, 84.125, 9.818250064910914e-23, nan 
-120.625, 84.125, 9.897731492325717e-23, nan 
-120.375, 84.125, 1.0038845544737186e-22, nan 
-120.125, 84.125, 8.982296845013469e-23, nan 
-119.875, 84.125, 6.949111097941221e-23, nan 
-119.625, 84.125, 7.416259925431242e-23, nan 
-119.375, 84.125, 8.916948477761559e-23, nan 
-119.125, 84.125, 1.0246423277445308e-22, nan 
-118.875, 84.125, 1.0855231524535526e-22, nan 
-118.625, 84.125, 1.2306597074565665e-22, nan 
-118.375, 84.125, 1.1413079686653934e-22, nan 
-118.125, 84.125, 1.0941548605364517e-22, nan 
-117.875, 84.125, 1.1067047819752913e-22, nan 
-117.625, 84.125, 1.1250066712687094e-22, nan 
-117.375, 84.125, 1.1621213062418571e-22, nan 
-117.125, 84.125, 1.0832290039525533e-22, nan 
-116.875, 84.125, 1.0351123778814984e-22, nan 
-116.625, 84.125, 1.2382627232346398e-22, nan 
-116.375, 84.125, 1.1384955369946668e-22, nan 
-116.125, 84.125, 1.1247469025114726e-22, nan 
-115.875, 84.125, 1.354289039091139e-22, nan 
-115.625, 84.125, 1.946732246989108e-22, nan 
-115.375, 84.125, 2.521586685958647e-22, nan 
-115.125, 84.125, 2.907922509527422e-22, nan 
-114.875, 84.125, 2.936135176756175e-22, nan 
-114.625, 84.125, 2.3489529964874175e-22, nan 
-114.375, 84.125, 1.872514087741162e-22, nan 
-114.125, 84.125, 1.490577812163772e-22, nan 
-113.875, 84.125, 1.2530444245005138e-22, nan 
-113.625, 84.125, 1.0225726864801249e-22, nan 
-113.375, 84.125, 1.151782063733747e-22, nan 
-113.125, 84.125, 1.3174174017447267e-22, nan 
-112.875, 84.125, 1.3933256362218409e-22, nan 
-112.625, 84.125, 1.4716618029930516e-22, nan 
-112.375, 84.125, 1.502642607879036e-22, nan 
-112.125, 84.125, 1.628959304627026e-22, nan 
-111.875, 84.125, 1.2566656067135437e-22, nan 
-111.625, 84.125, 1.153029345462542e-22, nan 
-111.375, 84.125, 8.187786197406735e-23, nan 
-111.125, 84.125, 7.44817018808863e-23, nan 
-110.875, 84.125, 9.902428057909155e-23, nan 
-110.625, 84.125, 1.1147549913740827e-22, nan 
-110.375, 84.125, 1.5802469095783724e-22, nan 
-110.125, 84.125, 1.643631677170908e-22, nan 
-109.875, 84.125, 1.810581549241754e-22, nan 
-109.625, 84.125, 1.5883901840655216e-22, nan 
-109.375, 84.125, 1.3492737414555847e-22, nan 
-109.125, 84.125, 1.3356479705483247e-22, nan 
-108.875, 84.125, 1.2834014732874589e-22, nan 
-108.625, 84.125, 1.4327434108010914e-22, nan 
-108.375, 84.125, 1.4637789791157605e-22, nan 
-108.125, 84.125, 1.5000443844529866e-22, nan 
-107.875, 84.125, 1.2455365224559803e-22, nan 
-107.625, 84.125, 7.06855276917028e-23, nan 
-107.375, 84.125, 1.1108174669604319e-22, nan 
-107.125, 84.125, 7.998938559896116e-23, nan 
-106.875, 84.125, 9.355957777004269e-23, nan 
-106.625, 84.125, 1.3537311361697582e-22, nan 
-106.375, 84.125, 1.7319598146245406e-22, nan 
-106.125, 84.125, 1.5167848659049775e-22, nan 
-105.875, 84.125, 1.6353487760688884e-22, nan 
-105.625, 84.125, 1.4748503395568006e-22, nan 
-105.375, 84.125, 1.8995930884226462e-22, nan 
-105.125, 84.125, 2.3925963586288187e-22, nan 
-104.875, 84.125, 1.5455506196970556e-22, nan 
-104.625, 84.125, 2.065078559674958e-22, nan 
-104.375, 84.125, 2.960024337244378e-22, nan 
-104.125, 84.125, 3.8566041509206864e-22, nan 
-103.875, 84.125, 3.9876103477297753e-22, nan 
-103.625, 84.125, 4.470334093668605e-22, nan 
-103.375, 84.125, 4.8437673845937535e-22, nan 
-103.125, 84.125, 5.625689994119048e-22, nan 
-102.875, 84.125, 6.733155099527805e-22, nan 
-102.625, 84.125, 7.622852723162886e-22, nan 
-102.375, 84.125, 8.495753865883586e-22, nan 
-102.125, 84.125, 9.688951778252826e-22, nan 
-101.875, 84.125, 1.0272230014482608e-21, nan 
-101.625, 84.125, 1.1213588953735184e-21, nan 
-101.375, 84.125, 1.1316720154247717e-21, nan 
-101.125, 84.125, 1.0875378711035647e-21, nan 
-100.875, 84.125, 8.008106105259966e-22, nan 
-100.625, 84.125, 7.298538982766463e-22, nan 
-100.375, 84.125, 6.5115481251857615e-22, nan 
-100.125, 84.125, 8.083113658777606e-22, nan 
-99.875, 84.125, 9.620298984919743e-22, nan 
-99.625, 84.125, 9.620393815606872e-22, nan 
-99.375, 84.125, 1.0074755374379718e-21, nan 
-99.125, 84.125, 1.0503379410321854e-21, nan 
-98.875, 84.125, 9.737929271005507e-22, nan 
-98.625, 84.125, 8.069164751422822e-22, nan 
-98.375, 84.125, 7.626480391809827e-22, nan 
-98.125, 84.125, 5.796725473260844e-22, nan 
-97.875, 84.125, 4.100761363250488e-22, nan 
-97.625, 84.125, 3.209543316831146e-22, nan 
-97.375, 84.125, 3.3204814725944387e-22, nan 
-97.125, 84.125, 4.1336656563726255e-22, nan 
-96.875, 84.125, 4.74628666877752e-22, nan 
-96.625, 84.125, 4.4653939662398625e-22, nan 
-96.375, 84.125, 4.1059446872096744e-22, nan 
-96.125, 84.125, 4.1136152100676684e-22, nan 
-95.875, 84.125, 4.317111187017072e-22, nan 
-95.625, 84.125, 4.5274146609276305e-22, nan 
-95.375, 84.125, 4.892603009487602e-22, nan 
-95.125, 84.125, 5.154011465881005e-22, nan 
-94.875, 84.125, 5.377401345557134e-22, nan 
-94.625, 84.125, 5.430858448137396e-22, nan 
-94.375, 84.125, 5.394617466788604e-22, nan 
-94.125, 84.125, 5.277786782844134e-22, nan 
-93.875, 84.125, 4.766252206066455e-22, nan 
-93.625, 84.125, 4.876112282350395e-22, nan 
-93.375, 84.125, 4.890995134684121e-22, nan 
-93.125, 84.125, 5.030362133189093e-22, nan 
-92.875, 84.125, 5.2145083245862335e-22, nan 
-92.625, 84.125, 5.3672381717861e-22, nan 
-92.375, 84.125, 5.250068474665986e-22, nan 
-92.125, 84.125, 2.8498471157114513e-22, nan 
-91.875, 84.125, 2.6710173773049933e-22, nan 
-91.625, 84.125, 1.9430730740780334e-22, nan 
-91.375, 84.125, 1.4958773368024878e-22, nan 
-91.125, 84.125, 1.3674209472529419e-22, nan 
-90.875, 84.125, 1.2718084316929306e-22, nan 
-90.625, 84.125, 1.478435090376798e-22, nan 
-90.375, 84.125, 1.6198534329874507e-22, nan 
-90.125, 84.125, 1.8509771439050404e-22, nan 
-89.875, 84.125, 2.0685503076656012e-22, nan 
-89.625, 84.125, 2.5445341868087877e-22, nan 
-89.375, 84.125, 2.8333174858662775e-22, nan 
-89.125, 84.125, 3.2634040023359588e-22, nan 
-88.875, 84.125, 3.8477642352558867e-22, nan 
-88.625, 84.125, 4.104012249830681e-22, nan 
-88.375, 84.125, 4.602156271740813e-22, nan 
-88.125, 84.125, 4.982717772896336e-22, nan 
-87.875, 84.125, 5.158691570088457e-22, nan 
-87.625, 84.125, 5.42812975626483e-22, nan 
-87.375, 84.125, 5.522966259147578e-22, nan 
-87.125, 84.125, 5.674933706052945e-22, nan 
-86.875, 84.125, 5.777789123992605e-22, nan 
-86.625, 84.125, 6.763663414993094e-22, nan 
-86.375, 84.125, 7.781512267025607e-22, nan 
-86.125, 84.125, 8.4177363495173425e-22, nan 
-85.875, 84.125, 9.07531354328652e-22, nan 
-85.625, 84.125, 9.378675276111933e-22, nan 
-85.375, 84.125, 9.688239687283771e-22, nan 
-85.125, 84.125, 9.56228345677582e-22, nan 
-84.875, 84.125, 7.590608500333005e-22, nan 
-84.625, 84.125, 7.93654814527698e-22, nan 
-84.375, 84.125, 9.534239263453371e-22, nan 
-84.125, 84.125, 9.322604947916358e-22, nan 
-83.875, 84.125, 8.270120965174563e-22, nan 
-83.625, 84.125, 7.620050548084337e-22, nan 
-83.375, 84.125, 5.973501165804175e-22, nan 
-83.125, 84.125, 5.59599668093524e-22, nan 
-82.875, 84.125, 5.957258006134957e-22, nan 
-82.625, 84.125, 6.815464742893403e-22, nan 
-82.375, 84.125, 6.64066246090805e-22, nan 
-82.125, 84.125, 4.911166159468178e-22, nan 
-81.875, 84.125, 6.308756849411305e-22, nan 
-81.625, 84.125, 5.8671094998361315e-22, nan 
-81.375, 84.125, 4.272581178838463e-22, nan 
-81.125, 84.125, 3.795229748314033e-22, nan 
-80.875, 84.125, 3.607564669382188e-22, nan 
-80.625, 84.125, 3.967936238451375e-22, nan 
-80.375, 84.125, 3.85141254724784e-22, nan 
-80.125, 84.125, 4.865549701743557e-22, nan 
-79.875, 84.125, 6.192269809969848e-22, nan 
-79.625, 84.125, 5.49618904889093e-22, nan 
-79.375, 84.125, 4.987442313260552e-22, nan 
-79.125, 84.125, 4.665825027806452e-22, nan 
-78.875, 84.125, 5.254932525130252e-22, nan 
-78.625, 84.125, 5.907921807683008e-22, nan 
-78.375, 84.125, 6.509815940499434e-22, nan 
-78.125, 84.125, 6.396055037575253e-22, nan 
-77.875, 84.125, 6.134455484963796e-22, nan 
-77.625, 84.125, 7.345821582758185e-22, nan 
-77.375, 84.125, 7.757988678647839e-22, nan 
-77.125, 84.125, 6.763436485641163e-22, nan 
-76.875, 84.125, 6.436913966167133e-22, nan 
-76.625, 84.125, 7.468264163366806e-22, nan 
-76.375, 84.125, 8.252728213947365e-22, nan 
-76.125, 84.125, 8.66285229464907e-22, nan 
-75.875, 84.125, 9.306681693555317e-22, nan 
-75.625, 84.125, 1.0173151137010318e-21, nan 
-75.375, 84.125, 1.1627635483146813e-21, nan 
-75.125, 84.125, 1.3484556168643371e-21, nan 
-74.875, 84.125, 1.2721152023569578e-21, nan 
-74.625, 84.125, 1.514736747404405e-21, nan 
-74.375, 84.125, 2.0632806382779545e-21, nan 
-74.125, 84.125, 2.4845328165625757e-21, nan 
-73.875, 84.125, 2.3429292768330065e-21, nan 
-73.625, 84.125, 2.3114233641608185e-21, nan 
-73.375, 84.125, 2.2010206160945196e-21, nan 
-73.125, 84.125, 2.2828341241867294e-21, nan 
-72.875, 84.125, 2.4070860672639384e-21, nan 
-72.625, 84.125, 2.573952407675102e-21, nan 
-72.375, 84.125, 2.548574862617077e-21, nan 
-72.125, 84.125, 2.4409201393430926e-21, nan 
-71.875, 84.125, 2.3797259153392514e-21, nan 
-71.625, 84.125, 2.5473268898520093e-21, nan 
-71.375, 84.125, 2.3388354402349594e-21, nan 
-71.125, 84.125, 2.239208688827639e-21, nan 
-70.875, 84.125, 1.6594951483048737e-21, nan 
-70.625, 84.125, 1.5839882093628148e-21, nan 
-70.375, 84.125, 1.945969233571403e-21, nan 
-70.125, 84.125, 1.9639152020758473e-21, nan 
-69.875, 84.125, 1.8534441815190382e-21, nan 
-69.625, 84.125, 1.802571385224797e-21, nan 
-69.375, 84.125, 2.0529692961812103e-21, nan 
-69.125, 84.125, 2.1159546267204714e-21, nan 
-68.875, 84.125, 2.1336788837659258e-21, nan 
-68.625, 84.125, 1.882219288785114e-21, nan 
-68.375, 84.125, 1.5978204132320542e-21, nan 
-68.125, 84.125, 1.499653584248755e-21, nan 
-67.875, 84.125, 1.4203375167127008e-21, nan 
-67.625, 84.125, 1.4289710135793295e-21, nan 
-67.375, 84.125, 1.2190420830682917e-21, nan 
-67.125, 84.125, 1.1388578073063537e-21, nan 
-66.875, 84.125, 1.0813660561811765e-21, nan 
-66.625, 84.125, 1.1095877605041889e-21, nan 
-66.375, 84.125, 1.147866828845684e-21, nan 
-66.125, 84.125, 1.1853680579389494e-21, nan 
-65.875, 84.125, 1.3514649316986423e-21, nan 
-65.625, 84.125, 1.3392531537388032e-21, nan 
-65.375, 84.125, 1.3820598189593446e-21, nan 
-65.125, 84.125, 1.3470879018147087e-21, nan 
-64.875, 84.125, 1.1903694910100047e-21, nan 
-64.625, 84.125, 1.1619483856003025e-21, nan 
-64.375, 84.125, 1.259847980906063e-21, nan 
-64.125, 84.125, 1.3467757770644518e-21, nan 
-63.875, 84.125, 1.4273118931786492e-21, nan 
-63.625, 84.125, 1.4769253427146485e-21, nan 
-63.375, 84.125, 1.573805707172882e-21, nan 
-63.125, 84.125, 1.4739633565958818e-21, nan 
-62.875, 84.125, 1.2933783554504241e-21, nan 
-62.625, 84.125, 1.306950368974939e-21, nan 
-62.375, 84.125, 1.2886049811730173e-21, nan 
-62.125, 84.125, 1.2994192659803811e-21, nan 
-61.875, 84.125, 1.042168029402224e-21, nan 
-61.625, 84.125, 7.879407944367391e-22, nan 
-61.375, 84.125, 7.442564393070883e-22, nan 
-61.125, 84.125, 5.893362008146396e-22, nan 
-60.875, 84.125, 4.262328950841789e-22, nan 
-60.625, 84.125, 3.3349634920718016e-22, nan 
-60.375, 84.125, 3.2296123005472274e-22, nan 
-60.125, 84.125, 2.050782513616493e-22, nan 
-59.875, 84.125, 2.869110256964046e-22, nan 
-59.625, 84.125, 5.291470028608925e-22, nan 
-59.375, 84.125, 7.270246380519999e-22, nan 
-59.125, 84.125, 8.185456734091463e-22, nan 
-58.875, 84.125, 7.0820261539667845e-22, nan 
-58.625, 84.125, 7.677081038933488e-22, nan 
-58.375, 84.125, 8.157297736618105e-22, nan 
-58.125, 84.125, 1.025976838967815e-21, nan 
-57.875, 84.125, 1.1181399554800085e-21, nan 
-57.625, 84.125, 1.3787442659070207e-21, nan 
-57.375, 84.125, 1.741495128012267e-21, nan 
-57.125, 84.125, 2.106107980691551e-21, nan 
-56.875, 84.125, 2.518285232810444e-21, nan 
-56.625, 84.125, 2.3125317039898412e-21, nan 
-56.375, 84.125, 2.1343760914310835e-21, nan 
-56.125, 84.125, 2.0524674445766606e-21, nan 
-55.875, 84.125, 1.6510560453157971e-21, nan 
-55.625, 84.125, 1.3389677533436261e-21, nan 
-55.375, 84.125, 1.4626297373385366e-21, nan 
-55.125, 84.125, 1.4246778718305113e-21, nan 
-54.875, 84.125, 1.4519352696478103e-21, nan 
-54.625, 84.125, 1.8547877639265152e-21, nan 
-54.375, 84.125, 3.1741872916916127e-21, nan 
-54.125, 84.125, 4.0326816262011636e-21, nan 
-53.875, 84.125, 4.599364927839279e-21, nan 
-53.625, 84.125, 5.161225538508938e-21, nan 
-53.375, 84.125, 5.2462132002045495e-21, nan 
-53.125, 84.125, 6.2417368620180134e-21, nan 
-52.875, 84.125, 6.805244260961023e-21, nan 
-52.625, 84.125, 6.7263728360489174e-21, nan 
-52.375, 84.125, 6.36092581626987e-21, nan 
-52.125, 84.125, 5.793110581462098e-21, nan 
-51.875, 84.125, 6.688953421861196e-21, nan 
-51.625, 84.125, 7.568136080073369e-21, nan 
-51.375, 84.125, 8.810404865712015e-21, nan 
-51.125, 84.125, 5.815499536482367e-21, nan 
-50.875, 84.125, 5.178683754757906e-21, nan 
-50.625, 84.125, 4.967334476890223e-21, nan 
-50.375, 84.125, 4.732145905537344e-21, nan 
-50.125, 84.125, 4.734705872158534e-21, nan 
-49.875, 84.125, 3.1204067055914262e-21, nan 
-49.625, 84.125, 2.822288419858109e-21, nan 
-49.375, 84.125, 1.1887972000794535e-20, nan 
-49.125, 84.125, 1.392364147341514e-20, nan 
-48.875, 84.125, 1.128961461056885e-20, nan 
-48.625, 84.125, 9.447979153721091e-21, nan 
-48.375, 84.125, 1.0888235892560495e-20, nan 
-48.125, 84.125, 1.1721037326626466e-20, nan 
-47.875, 84.125, 1.2312905015356192e-20, nan 
-47.625, 84.125, 1.3551440868415257e-20, nan 
-47.375, 84.125, 1.4581582254314507e-20, nan 
-47.125, 84.125, 2.2613764020321758e-20, nan 
-46.875, 84.125, 2.2965463320696783e-20, nan 
-46.625, 84.125, 2.394352197780492e-20, nan 
-46.375, 84.125, 2.481663524172793e-20, nan 
-46.125, 84.125, 2.4948005091979378e-20, nan 
-45.875, 84.125, 2.3957621706781815e-20, nan 
-45.625, 84.125, 2.4339180203572748e-20, nan 
-45.375, 84.125, 2.5117145774923588e-20, nan 
-45.125, 84.125, 2.5923243748820002e-20, nan 
-44.875, 84.125, 2.7936224298366414e-20, nan 
-44.625, 84.125, 2.935114129890108e-20, nan 
-44.375, 84.125, 3.023820746779602e-20, nan 
-44.125, 84.125, 3.015008551988662e-20, nan 
-43.875, 84.125, 3.0137263966542155e-20, nan 
-43.625, 84.125, 2.919316696057494e-20, nan 
-43.375, 84.125, 2.9943674944698165e-20, nan 
-43.125, 84.125, 3.0135323099710564e-20, nan 
-42.875, 84.125, 3.103832339073484e-20, nan 
-42.625, 84.125, 2.3703920485976334e-20, nan 
-42.375, 84.125, 2.3778236930698304e-20, nan 
-42.125, 84.125, 2.357225643322788e-20, nan 
-41.875, 84.125, 2.342029796551559e-20, nan 
-41.625, 84.125, 2.340884505439978e-20, nan 
-41.375, 84.125, 2.2203913420111514e-20, nan 
-41.125, 84.125, 1.637866841395213e-20, nan 
-40.875, 84.125, 1.5700976575522178e-20, nan 
-40.625, 84.125, 1.74915444606538e-20, nan 
-40.375, 84.125, 2.0183710914145696e-20, nan 
-40.125, 84.125, 2.065133009385636e-20, nan 
-39.875, 84.125, 1.737146556900308e-20, nan 
-39.625, 84.125, 1.5090142384375306e-20, nan 
-39.375, 84.125, 1.2148249062215879e-20, nan 
-39.125, 84.125, 1.133215922770366e-20, nan 
-38.875, 84.125, 1.0109287610972145e-20, nan 
-38.625, 84.125, 1.0233920326024391e-20, nan 
-38.375, 84.125, 1.115437177251772e-20, nan 
-38.125, 84.125, 1.0750827356728065e-20, nan 
-37.875, 84.125, 1.0095286706431128e-20, nan 
-37.625, 84.125, 7.544092514795954e-21, nan 
-37.375, 84.125, 6.0507491568052206e-21, nan 
-37.125, 84.125, 5.935302550111676e-21, nan 
-36.875, 84.125, 4.479869916243196e-21, nan 
-36.625, 84.125, 3.513898335493935e-21, nan 
-36.375, 84.125, 2.7959787382015046e-21, nan 
-36.125, 84.125, 2.827525981273352e-21, nan 
-35.875, 84.125, 3.02231729065468e-21, nan 
-35.625, 84.125, 3.804008895561696e-21, nan 
-35.375, 84.125, 4.373573936172527e-21, nan 
-35.125, 84.125, 4.830430858148857e-21, nan 
-34.875, 84.125, 3.887479411999914e-21, nan 
-34.625, 84.125, 3.700750569223566e-21, nan 
-34.375, 84.125, 3.823538494363983e-21, nan 
-34.125, 84.125, 4.769867278171975e-21, nan 
-33.875, 84.125, 5.719203115430963e-21, nan 
-33.625, 84.125, 6.0465841745719914e-21, nan 
-33.375, 84.125, 6.263884129660426e-21, nan 
-33.125, 84.125, 6.4647869162077625e-21, nan 
-32.875, 84.125, 6.823539035913102e-21, nan 
-32.625, 84.125, 6.527322076493072e-21, nan 
-32.375, 84.125, 6.521320764997053e-21, nan 
-32.125, 84.125, 6.760014358938377e-21, nan 
-31.875, 84.125, 6.583857536290352e-21, nan 
-31.625, 84.125, 7.12222233189044e-21, nan 
-31.375, 84.125, 7.140050956531967e-21, nan 
-31.125, 84.125, 7.65403497675689e-21, nan 
-30.875, 84.125, 8.553654951814308e-21, nan 
-30.625, 84.125, 8.702896809018023e-21, nan 
-30.375, 84.125, 8.613579083188564e-21, nan 
-30.125, 84.125, 8.952548855618585e-21, nan 
-29.875, 84.125, 9.444987689980855e-21, nan 
-29.625, 84.125, 9.33770526559865e-21, nan 
-29.375, 84.125, 1.0124409793086788e-20, nan 
-29.125, 84.125, 1.1691319888530242e-20, nan 
-28.875, 84.125, 1.4386583488806995e-20, nan 
-28.625, 84.125, 1.4578152289342194e-20, nan 
-28.375, 84.125, 1.288833267941883e-20, nan 
-28.125, 84.125, 1.3866573661251805e-20, nan 
-27.875, 84.125, 1.6565066007724158e-20, nan 
-27.625, 84.125, 1.6550786698986337e-20, nan 
-27.375, 84.125, 1.528566419097157e-20, nan 
-27.125, 84.125, 1.4196084940346692e-20, nan 
-26.875, 84.125, 1.24305598055647e-20, nan 
-26.625, 84.125, 1.3892485427679585e-20, nan 
-26.375, 84.125, 2.0914934985109028e-20, nan 
-26.125, 84.125, 2.37787889143881e-20, nan 
-25.875, 84.125, 2.546030631405435e-20, nan 
-25.625, 84.125, 2.5514940754502437e-20, nan 
-25.375, 84.125, 2.5132272504185138e-20, nan 
-25.125, 84.125, 2.4203007654222235e-20, nan 
-24.875, 84.125, 2.40886997958858e-20, nan 
-24.625, 84.125, 2.525620521097012e-20, nan 
-24.375, 84.125, 2.6383260513488695e-20, nan 
-24.125, 84.125, 2.718854763431713e-20, nan 
-23.875, 84.125, 2.809089772269083e-20, nan 
-23.625, 84.125, 2.8747112315786385e-20, nan 
-23.375, 84.125, 2.819906544287525e-20, nan 
-23.125, 84.125, 2.7871496523519786e-20, nan 
-22.875, 84.125, 2.809377406433196e-20, nan 
-22.625, 84.125, 3.022637091551205e-20, nan 
-22.375, 84.125, 3.1137120468826475e-20, nan 
-22.125, 84.125, 3.02804393596569e-20, nan 
-21.875, 84.125, 2.9716665617386325e-20, nan 
-21.625, 84.125, 3.1232048225348523e-20, nan 
-21.375, 84.125, 3.5825565337914714e-20, nan 
-21.125, 84.125, 3.560204714947797e-20, nan 
-20.875, 84.125, 3.674618178428909e-20, nan 
-20.625, 84.125, 3.835047076881603e-20, nan 
-20.375, 84.125, 4.6054291935712226e-20, nan 
-20.125, 84.125, 4.618241102194577e-20, nan 
-19.875, 84.125, 4.2321574479687865e-20, nan 
-19.625, 84.125, 3.294368589336111e-20, nan 
-19.375, 84.125, 4.716294307391487e-20, nan 
-19.125, 84.125, 5.2758869801339366e-20, nan 
-18.875, 84.125, 6.596623914868372e-20, nan 
-18.625, 84.125, 4.298171136662512e-20, nan 
-18.375, 84.125, 4.578259924469304e-20, nan 
-18.125, 84.125, 4.9429117572032754e-20, nan 
-17.875, 84.125, 5.111793304562869e-20, nan 
-17.625, 84.125, 5.071838036283649e-20, nan 
-17.375, 84.125, 4.786132127198515e-20, nan 
-17.125, 84.125, 5.378840543514317e-20, nan 
-16.875, 84.125, 5.484488264579311e-20, nan 
-16.625, 84.125, 5.128753906306954e-20, nan 
-16.375, 84.125, 2.3688768435094716e-20, nan 
-16.125, 84.125, 2.339277672190766e-20, nan 
-15.875, 84.125, 2.43671287002361e-20, nan 
-15.625, 84.125, 2.784617140467347e-20, nan 
-15.375, 84.125, 2.8050963068274313e-20, nan 
-15.125, 84.125, 2.730894590058287e-20, nan 
-14.875, 84.125, 2.4162047053534675e-20, nan 
-14.625, 84.125, 2.1603675657715036e-20, nan 
-14.375, 84.125, 1.8555794710468576e-20, nan 
-14.125, 84.125, 1.5001171958868903e-20, nan 
-13.875, 84.125, 1.2517127417042015e-20, nan 
-13.625, 84.125, 1.1918319479127616e-20, nan 
-13.375, 84.125, 1.1328766048378949e-20, nan 
-13.125, 84.125, 1.1911892998310212e-20, nan 
-12.875, 84.125, 1.1234251153033354e-20, nan 
-12.625, 84.125, 1.0350200042965348e-20, nan 
-12.375, 84.125, 1.0431727081608453e-20, nan 
-12.125, 84.125, 1.1467733334357722e-20, nan 
-11.875, 84.125, 1.1423831337730212e-20, nan 
-11.625, 84.125, 1.1512842361711981e-20, nan 
-11.375, 84.125, 1.1494436722593203e-20, nan 
-11.125, 84.125, 1.1181119337878869e-20, nan 
-10.875, 84.125, 1.0328142649042025e-20, nan 
-10.625, 84.125, 9.719613409415193e-21, nan 
-10.375, 84.125, 1.0032818801307608e-20, nan 
-10.125, 84.125, 1.0944391815264412e-20, nan 
-9.875, 84.125, 1.1755265820155301e-20, nan 
-9.625, 84.125, 1.1252245321758254e-20, nan 
-9.375, 84.125, 1.0408603295916024e-20, nan 
-9.125, 84.125, 1.0076048076842584e-20, nan 
-8.875, 84.125, 9.353841197829013e-21, nan 
-8.625, 84.125, 9.322723214686318e-21, nan 
-8.375, 84.125, 9.085649878769733e-21, nan 
-8.125, 84.125, 8.992502080885197e-21, nan 
-7.875, 84.125, 9.18404294553521e-21, nan 
-7.625, 84.125, 9.29100888343004e-21, nan 
-7.375, 84.125, 8.650712454472675e-21, nan 
-7.125, 84.125, 8.758130418998971e-21, nan 
-6.875, 84.125, 9.408192169952944e-21, nan 
-6.625, 84.125, 9.853341153655875e-21, nan 
-6.375, 84.125, 1.028806776071008e-20, nan 
-6.125, 84.125, 1.0503962025001912e-20, nan 
-5.875, 84.125, 1.064774330160387e-20, nan 
-5.625, 84.125, 1.0664703515434514e-20, nan 
-5.375, 84.125, 1.0126829930117644e-20, nan 
-5.125, 84.125, 9.716156578935401e-21, nan 
-4.875, 84.125, 1.0105679775037445e-20, nan 
-4.625, 84.125, 9.937003463936306e-21, nan 
-4.375, 84.125, 9.586116117122673e-21, nan 
-4.125, 84.125, 9.050872414126865e-21, nan 
-3.875, 84.125, 9.294070682766467e-21, nan 
-3.625, 84.125, 9.903628205714549e-21, nan 
-3.375, 84.125, 1.0247091309188985e-20, nan 
-3.125, 84.125, 9.676021240756308e-21, nan 
-2.875, 84.125, 9.974875801376514e-21, nan 
-2.625, 84.125, 1.0591644237798775e-20, nan 
-2.375, 84.125, 1.2380848383590964e-20, nan 
-2.125, 84.125, 1.3128068163754349e-20, nan 
-1.875, 84.125, 1.348309210351618e-20, nan 
-1.625, 84.125, 1.4064231595950846e-20, nan 
-1.375, 84.125, 1.6123805730653674e-20, nan 
-1.125, 84.125, 1.67315754704044e-20, nan 
-0.875, 84.125, 1.515065801125602e-20, nan 
-0.625, 84.125, 1.511355136061935e-20, nan 
-0.375, 84.125, 1.6401947104918484e-20, nan 
-0.125, 84.125, 1.770989856744943e-20, nan 
0.125, 84.125, 1.846057053429848e-20, nan 
0.375, 84.125, 1.7851161447288832e-20, nan 
0.625, 84.125, 1.7761554651774524e-20, nan 
0.875, 84.125, 1.8758695689919024e-20, nan 
1.125, 84.125, 1.8327262041525824e-20, nan 
1.375, 84.125, 1.9285980398682127e-20, nan 
1.625, 84.125, 2.0882657278414076e-20, nan 
1.875, 84.125, 2.50815952606925e-20, nan 
2.125, 84.125, 2.57574134567584e-20, nan 
2.375, 84.125, 2.5322862471003734e-20, nan 
2.625, 84.125, 2.0050238592800864e-20, nan 
2.875, 84.125, 2.0381033809627772e-20, nan 
3.125, 84.125, 1.9164757160077103e-20, nan 
3.375, 84.125, 1.639331470725797e-20, nan 
3.625, 84.125, 1.1018239887949274e-20, nan 
3.875, 84.125, 9.717719600819343e-21, nan 
4.125, 84.125, 9.084168132601493e-21, nan 
4.375, 84.125, 8.030518309913734e-21, nan 
4.625, 84.125, 7.632493668126897e-21, nan 
4.875, 84.125, 7.80553373453957e-21, nan 
5.125, 84.125, 8.5387669791998e-21, nan 
5.375, 84.125, 8.355286292246255e-21, nan 
5.625, 84.125, 7.632013514707876e-21, nan 
5.875, 84.125, 7.196397918704993e-21, nan 
6.125, 84.125, 6.274976559875208e-21, nan 
6.375, 84.125, 6.0261125439051226e-21, nan 
6.625, 84.125, 6.129092557743837e-21, nan 
6.875, 84.125, 6.1030725427472106e-21, nan 
7.125, 84.125, 6.018734531292618e-21, nan 
7.375, 84.125, 6.467963946184829e-21, nan 
7.625, 84.125, 5.979393290861355e-21, nan 
7.875, 84.125, 5.447460720004099e-21, nan 
8.125, 84.125, 4.854933966410567e-21, nan 
8.375, 84.125, 4.408819722148622e-21, nan 
8.625, 84.125, 4.1654675725652335e-21, nan 
8.875, 84.125, 3.8471048156595215e-21, nan 
9.125, 84.125, 3.955282505599608e-21, nan 
9.375, 84.125, 4.2774329603173464e-21, nan 
9.625, 84.125, 4.096833008505248e-21, nan 
9.875, 84.125, 3.5299327349066176e-21, nan 
10.125, 84.125, 3.1999883287844486e-21, nan 
10.375, 84.125, 3.266488968277549e-21, nan 
10.625, 84.125, 3.106200797497942e-21, nan 
10.875, 84.125, 3.6822551602467156e-21, nan 
11.125, 84.125, 3.521741989016288e-21, nan 
11.375, 84.125, 2.931591766245309e-21, nan 
11.625, 84.125, 2.216876046777411e-21, nan 
11.875, 84.125, 1.788380598467399e-21, nan 
12.125, 84.125, 1.8153671108003014e-21, nan 
12.375, 84.125, 2.5016349941786345e-21, nan 
12.625, 84.125, 2.969113538295054e-21, nan 
12.875, 84.125, 2.7469342748875487e-21, nan 
13.125, 84.125, 2.7913880462984563e-21, nan 
13.375, 84.125, 2.41593958349987e-21, nan 
13.625, 84.125, 2.1073865018137678e-21, nan 
13.875, 84.125, 2.1673758894694493e-21, nan 
14.125, 84.125, 2.518922223905672e-21, nan 
14.375, 84.125, 2.24372794135036e-21, nan 
14.625, 84.125, 2.697974464470602e-21, nan 
14.875, 84.125, 2.4151341231427088e-21, nan 
15.125, 84.125, 1.4396043441381986e-21, nan 
15.375, 84.125, 8.418207323811766e-22, nan 
15.625, 84.125, 1.1379126372403954e-21, nan 
15.875, 84.125, 2.816514050983383e-21, nan 
16.125, 84.125, 4.268565818096129e-21, nan 
16.375, 84.125, 5.016985344876138e-21, nan 
16.625, 84.125, 4.335510404479029e-21, nan 
16.875, 84.125, 3.1292617866925126e-21, nan 
17.125, 84.125, 2.582354817793506e-21, nan 
17.375, 84.125, 2.1140010589012696e-21, nan 
17.625, 84.125, 1.7851226026452587e-21, nan 
17.875, 84.125, 1.8948639122864327e-21, nan 
18.125, 84.125, 2.617234560161675e-21, nan 
18.375, 84.125, 3.2395562811828274e-21, nan 
18.625, 84.125, 3.656987242981432e-21, nan 
18.875, 84.125, 3.200811943735948e-21, nan 
19.125, 84.125, 2.5295439333591483e-21, nan 
19.375, 84.125, 2.1354603892657743e-21, nan 
19.625, 84.125, 1.7726727329361187e-21, nan 
19.875, 84.125, 1.4799629916186505e-21, nan 
20.125, 84.125, 1.3981286666454904e-21, nan 
20.375, 84.125, 1.6215622702758006e-21, nan 
20.625, 84.125, 1.6949550825343243e-21, nan 
20.875, 84.125, 1.3419320366297946e-21, nan 
21.125, 84.125, 1.0362858729201363e-21, nan 
21.375, 84.125, 8.677805444453905e-22, nan 
21.625, 84.125, 7.968566260767151e-22, nan 
21.875, 84.125, 7.426298477679417e-22, nan 
22.125, 84.125, 6.960961467113848e-22, nan 
22.375, 84.125, 6.573329548883925e-22, nan 
22.625, 84.125, 6.537964594544122e-22, nan 
22.875, 84.125, 6.597870866616283e-22, nan 
23.125, 84.125, 6.432248543109495e-22, nan 
23.375, 84.125, 6.250470673579484e-22, nan 
23.625, 84.125, 6.132976996130095e-22, nan 
23.875, 84.125, 5.945098062199588e-22, nan 
24.125, 84.125, 5.835264169972965e-22, nan 
24.375, 84.125, 5.837993064182273e-22, nan 
24.625, 84.125, 5.817820439955118e-22, nan 
24.875, 84.125, 5.794935332886576e-22, nan 
25.125, 84.125, 5.740124624696399e-22, nan 
25.375, 84.125, 5.628461434685678e-22, nan 
25.625, 84.125, 5.429436490124602e-22, nan 
25.875, 84.125, 5.352212207206279e-22, nan 
26.125, 84.125, 5.042625214344002e-22, nan 
26.375, 84.125, 4.835814034508951e-22, nan 
26.625, 84.125, 4.616319359037849e-22, nan 
26.875, 84.125, 4.509028162739164e-22, nan 
27.125, 84.125, 4.2060385862696925e-22, nan 
27.375, 84.125, 3.8607433584215903e-22, nan 
27.625, 84.125, 3.69559468511318e-22, nan 
27.875, 84.125, 3.4861183810541535e-22, nan 
28.125, 84.125, 3.2699531216503673e-22, nan 
28.375, 84.125, 3.071561444662736e-22, nan 
28.625, 84.125, 2.878718274480765e-22, nan 
28.875, 84.125, 2.7276263203096074e-22, nan 
29.125, 84.125, 2.4987276530329934e-22, nan 
29.375, 84.125, 2.3679693231394924e-22, nan 
29.625, 84.125, 2.2841332305285873e-22, nan 
29.875, 84.125, 2.160514208385346e-22, nan 
30.125, 84.125, 2.0856246110834377e-22, nan 
30.375, 84.125, 1.9668509989465374e-22, nan 
30.625, 84.125, 1.854115327395951e-22, nan 
30.875, 84.125, 1.7299604094897853e-22, nan 
31.125, 84.125, 1.699577823474162e-22, nan 
31.375, 84.125, 1.625593267573366e-22, nan 
31.625, 84.125, 1.5978672651137638e-22, nan 
31.875, 84.125, 1.568522508939679e-22, nan 
32.125, 84.125, 1.5060359945878862e-22, nan 
32.375, 84.125, 1.480555784041816e-22, nan 
32.625, 84.125, 1.4214525754383195e-22, nan 
32.875, 84.125, 1.4159896391580638e-22, nan 
33.125, 84.125, 1.4013034849317928e-22, nan 
33.375, 84.125, 1.3323787325506064e-22, nan 
33.625, 84.125, 1.3531321669944262e-22, nan 
33.875, 84.125, 1.291650247294678e-22, nan 
34.125, 84.125, 1.2812298872883938e-22, nan 
34.375, 84.125, 1.2311547799124332e-22, nan 
34.625, 84.125, 1.2206699829754913e-22, nan 
34.875, 84.125, 1.1825736381816237e-22, nan 
35.125, 84.125, 1.1749808640234713e-22, nan 
35.375, 84.125, 1.1432965071026232e-22, nan 
35.625, 84.125, 1.0665766480016798e-22, nan 
35.875, 84.125, 1.0455540481462314e-22, nan 
36.125, 84.125, 9.804881799343268e-23, nan 
36.375, 84.125, 9.202432534355605e-23, nan 
36.625, 84.125, 8.674234036878294e-23, nan 
36.875, 84.125, 8.443020053145996e-23, nan 
37.125, 84.125, 8.130184291971298e-23, nan 
37.375, 84.125, 7.5250965384289e-23, nan 
37.625, 84.125, 6.772671727997353e-23, nan 
37.875, 84.125, 6.287765217883294e-23, nan 
38.125, 84.125, 6.156321238121093e-23, nan 
38.375, 84.125, 6.370363695709674e-23, nan 
38.625, 84.125, 5.675990541513864e-23, nan 
38.875, 84.125, 5.638198758277523e-23, nan 
39.125, 84.125, 5.473508543744672e-23, nan 
39.375, 84.125, 5.72843081710768e-23, nan 
39.625, 84.125, 5.896033547899465e-23, nan 
39.875, 84.125, 5.945736800822539e-23, nan 
40.125, 84.125, 5.559599246861731e-23, nan 
40.375, 84.125, 5.811291383418839e-23, nan 
40.625, 84.125, 6.196429905185362e-23, nan 
40.875, 84.125, 6.699403930910028e-23, nan 
41.125, 84.125, 7.076158230780038e-23, nan 
41.375, 84.125, 7.374071357526722e-23, nan 
41.625, 84.125, 7.512606162638396e-23, nan 
41.875, 84.125, 7.761466593105372e-23, nan 
42.125, 84.125, 7.814634571727613e-23, nan 
42.375, 84.125, 7.979784116439251e-23, nan 
42.625, 84.125, 8.489888220437718e-23, nan 
42.875, 84.125, 8.436475317788338e-23, nan 
43.125, 84.125, 8.181298891390927e-23, nan 
43.375, 84.125, 8.685374048186877e-23, nan 
43.625, 84.125, 9.035895349025248e-23, nan 
43.875, 84.125, 9.078593910384741e-23, nan 
44.125, 84.125, 9.062588074984556e-23, nan 
44.375, 84.125, 8.84107239159978e-23, nan 
44.625, 84.125, 9.087355972268161e-23, nan 
44.875, 84.125, 9.531166511635517e-23, nan 
45.125, 84.125, 9.804535631714262e-23, nan 
45.375, 84.125, 9.296811653197796e-23, nan 
45.625, 84.125, 8.958469890924324e-23, nan 
45.875, 84.125, 9.291346540271436e-23, nan 
46.125, 84.125, 9.741399107159439e-23, nan 
46.375, 84.125, 9.900650000720572e-23, nan 
46.625, 84.125, 1.0046144522851406e-22, nan 
46.875, 84.125, 1.0266074066452027e-22, nan 
47.125, 84.125, 1.045393982297718e-22, nan 
47.375, 84.125, 1.0334452406920636e-22, nan 
47.625, 84.125, 1.0211011598475401e-22, nan 
47.875, 84.125, 1.0209448145744031e-22, nan 
48.125, 84.125, 1.1021926597211194e-22, nan 
48.375, 84.125, 1.0740289531351677e-22, nan 
48.625, 84.125, 1.0553812122533935e-22, nan 
48.875, 84.125, 9.859198782910412e-23, nan 
49.125, 84.125, 9.708819427522296e-23, nan 
49.375, 84.125, 9.720576975729483e-23, nan 
49.625, 84.125, 9.841030941169161e-23, nan 
49.875, 84.125, 9.989032798681126e-23, nan 
50.125, 84.125, 1.0447846534333023e-22, nan 
50.375, 84.125, 1.0686836288339208e-22, nan 
50.625, 84.125, 9.575661186857919e-23, nan 
50.875, 84.125, 9.312652006965147e-23, nan 
51.125, 84.125, 8.921082012458744e-23, nan 
51.375, 84.125, 9.622157073804041e-23, nan 
51.625, 84.125, 1.0262526873467206e-22, nan 
51.875, 84.125, 9.859128662101132e-23, nan 
52.125, 84.125, 9.738300478999583e-23, nan 
52.375, 84.125, 1.0445498659731911e-22, nan 
52.625, 84.125, 1.0444966724696549e-22, nan 
52.875, 84.125, 1.0603791516811848e-22, nan 
53.125, 84.125, 1.0908293103859278e-22, nan 
53.375, 84.125, 1.1788654999396119e-22, nan 
53.625, 84.125, 1.219071144689582e-22, nan 
53.875, 84.125, 1.2486129346250263e-22, nan 
54.125, 84.125, 1.332606130845372e-22, nan 
54.375, 84.125, 1.276189531141659e-22, nan 
54.625, 84.125, 1.3815169010725424e-22, nan 
54.875, 84.125, 1.4058475066170758e-22, nan 
55.125, 84.125, 1.5283267426786936e-22, nan 
55.375, 84.125, 1.8045505310296132e-22, nan 
55.625, 84.125, 1.7533123224501432e-22, nan 
55.875, 84.125, 1.5249274689440417e-22, nan 
56.125, 84.125, 1.7047592136615678e-22, nan 
56.375, 84.125, 2.272269335702412e-22, nan 
56.625, 84.125, 2.4491276951295187e-22, nan 
56.875, 84.125, 2.376715816321864e-22, nan 
57.125, 84.125, 2.3902973793221104e-22, nan 
57.375, 84.125, 2.4244534050796887e-22, nan 
57.625, 84.125, 2.415800101395324e-22, nan 
57.875, 84.125, 2.4793509528485042e-22, nan 
58.125, 84.125, 2.4776795891055004e-22, nan 
58.375, 84.125, 2.491644717160716e-22, nan 
58.625, 84.125, 2.5176958091348354e-22, nan 
58.875, 84.125, 2.5853660112627703e-22, nan 
59.125, 84.125, 2.6440416669794436e-22, nan 
59.375, 84.125, 2.5945693382039602e-22, nan 
59.625, 84.125, 2.7291464542768683e-22, nan 
59.875, 84.125, 2.6370921588936226e-22, nan 
60.125, 84.125, 2.9821769922729956e-22, nan 
60.375, 84.125, 2.938501749374427e-22, nan 
60.625, 84.125, 2.9072114874478883e-22, nan 
60.875, 84.125, 2.957759909489455e-22, nan 
61.125, 84.125, 2.9983204758400764e-22, nan 
61.375, 84.125, 2.9887190070738524e-22, nan 
61.625, 84.125, 3.0491728508830023e-22, nan 
61.875, 84.125, 3.1766281171156437e-22, nan 
62.125, 84.125, 3.292371356518089e-22, nan 
62.375, 84.125, 3.160972632504009e-22, nan 
62.625, 84.125, 3.1400357048438297e-22, nan 
62.875, 84.125, 3.110240784792166e-22, nan 
63.125, 84.125, 2.989240618685019e-22, nan 
63.375, 84.125, 2.387237882400639e-22, nan 
63.625, 84.125, 2.172910463918748e-22, nan 
63.875, 84.125, 2.1837065215634845e-22, nan 
64.125, 84.125, 1.4751737216315862e-22, nan 
64.375, 84.125, 9.54196268789305e-23, nan 
64.625, 84.125, 1.2618208028261505e-22, nan 
64.875, 84.125, 1.4864851792858186e-22, nan 
65.125, 84.125, 9.156936056636376e-23, nan 
65.375, 84.125, 9.185396751734836e-23, nan 
65.625, 84.125, 9.950455019836927e-23, nan 
65.875, 84.125, 9.668258891549244e-23, nan 
66.125, 84.125, 9.718796339953308e-23, nan 
66.375, 84.125, 1.0150882514425459e-22, nan 
66.625, 84.125, 1.0394007039567543e-22, nan 
66.875, 84.125, 1.6322704016419196e-22, nan 
67.125, 84.125, 1.2245786021912818e-22, nan 
67.375, 84.125, 1.0695698879861834e-22, nan 
67.625, 84.125, 1.21396282848363e-22, nan 
67.875, 84.125, 1.5094584150735073e-22, nan 
68.125, 84.125, 1.4170806822668672e-22, nan 
68.375, 84.125, 1.4086636617471087e-22, nan 
68.625, 84.125, 1.530952130881537e-22, nan 
68.875, 84.125, 9.887059807013608e-23, nan 
69.125, 84.125, 9.541910795118244e-23, nan 
69.375, 84.125, 8.143506361345367e-23, nan 
69.625, 84.125, 1.2786214859274145e-22, nan 
69.875, 84.125, 9.32912008449448e-23, nan 
70.125, 84.125, 9.256825906170939e-23, nan 
70.375, 84.125, 9.38667259192233e-23, nan 
70.625, 84.125, 9.098836186250376e-23, nan 
70.875, 84.125, 1.0097197373567558e-22, nan 
71.125, 84.125, 8.828474805558655e-23, nan 
71.375, 84.125, 9.161663656577109e-23, nan 
71.625, 84.125, 9.083984704159178e-23, nan 
71.875, 84.125, 1.0249968268078215e-22, nan 
72.125, 84.125, 8.911896793326822e-23, nan 
72.375, 84.125, 8.760676826853065e-23, nan 
72.625, 84.125, 8.864517533785465e-23, nan 
72.875, 84.125, 8.831849591359275e-23, nan 
73.125, 84.125, 8.426535852026878e-23, nan 
73.375, 84.125, 8.196974034741977e-23, nan 
73.625, 84.125, 8.432429554325572e-23, nan 
73.875, 84.125, 8.295858927405744e-23, nan 
74.125, 84.125, 8.090807110069997e-23, nan 
74.375, 84.125, 8.205429431455724e-23, nan 
74.625, 84.125, 8.314480312238359e-23, nan 
74.875, 84.125, 7.982976290028287e-23, nan 
75.125, 84.125, 8.237766818566823e-23, nan 
75.375, 84.125, 8.211517162911522e-23, nan 
75.625, 84.125, 8.482815205981974e-23, nan 
75.875, 84.125, 8.49977161867977e-23, nan 
76.125, 84.125, 7.668155218962654e-23, nan 
76.375, 84.125, 7.060072119725119e-23, nan 
76.625, 84.125, 7.42252275880823e-23, nan 
76.875, 84.125, 7.004220414242602e-23, nan 
77.125, 84.125, 6.395474389217068e-23, nan 
77.375, 84.125, 6.060753245809686e-23, nan 
77.625, 84.125, 6.141031150625938e-23, nan 
77.875, 84.125, 5.887643958452697e-23, nan 
78.125, 84.125, 5.1750090328223207e-23, nan 
78.375, 84.125, 5.2748884239828083e-23, nan 
78.625, 84.125, 5.446293814049872e-23, nan 
78.875, 84.125, 6.183046612726594e-23, nan 
79.125, 84.125, 5.731209598257595e-23, nan 
79.375, 84.125, 4.970833058360602e-23, nan 
79.625, 84.125, 5.078219737935355e-23, nan 
79.875, 84.125, 6.587566126840724e-23, nan 
80.125, 84.125, 6.926148429178979e-23, nan 
80.375, 84.125, 4.599672216497145e-23, nan 
80.625, 84.125, 4.4893695651704035e-23, nan 
80.875, 84.125, 4.405390464690312e-23, nan 
81.125, 84.125, 4.5278738645125125e-23, nan 
81.375, 84.125, 4.669358115286703e-23, nan 
81.625, 84.125, 4.485013124191854e-23, nan 
81.875, 84.125, 4.0108530926522996e-23, nan 
82.125, 84.125, 4.227852253974272e-23, nan 
82.375, 84.125, 4.734429252053976e-23, nan 
82.625, 84.125, 4.2795249280039633e-23, nan 
82.875, 84.125, 3.4136272891449824e-23, nan 
83.125, 84.125, 3.1175647863013603e-23, nan 
83.375, 84.125, 3.7271212747919405e-23, nan 
83.625, 84.125, 4.290309779576157e-23, nan 
83.875, 84.125, 4.7470035190117935e-23, nan 
84.125, 84.125, 4.793527789112281e-23, nan 
84.375, 84.125, 4.5268286847411774e-23, nan 
84.625, 84.125, 4.314894052347555e-23, nan 
84.875, 84.125, 4.539548400546094e-23, nan 
85.125, 84.125, 4.2888108475330154e-23, nan 
85.375, 84.125, 4.6885686146998996e-23, nan 
85.625, 84.125, 5.1700596061957035e-23, nan 
85.875, 84.125, 5.603798581333172e-23, nan 
86.125, 84.125, 5.335242175215033e-23, nan 
86.375, 84.125, 5.988133167043984e-23, nan 
86.625, 84.125, 6.962989706329041e-23, nan 
86.875, 84.125, 7.451815214786664e-23, nan 
87.125, 84.125, 7.621149121107947e-23, nan 
87.375, 84.125, 7.292229485440321e-23, nan 
87.625, 84.125, 7.575032153244892e-23, nan 
87.875, 84.125, 7.508612321917064e-23, nan 
88.125, 84.125, 7.685234426513593e-23, nan 
88.375, 84.125, 6.458147290282749e-23, nan 
88.625, 84.125, 5.600252114784566e-23, nan 
88.875, 84.125, 5.355598554054252e-23, nan 
89.125, 84.125, 5.105526458437091e-23, nan 
89.375, 84.125, 4.717890543301559e-23, nan 
89.625, 84.125, 4.416083559137971e-23, nan 
89.875, 84.125, 4.5078843575639253e-23, nan 
90.125, 84.125, 4.9332723308894e-23, nan 
90.375, 84.125, 5.0095218805009726e-23, nan 
90.625, 84.125, 3.5370022970105954e-23, nan 
90.875, 84.125, 3.0188678322741076e-23, nan 
91.125, 84.125, 3.2549662458476793e-23, nan 
91.375, 84.125, 3.174416121724073e-23, nan 
91.625, 84.125, 2.8892483675837656e-23, nan 
91.875, 84.125, 2.8344958091513075e-23, nan 
92.125, 84.125, 3.0364537996960157e-23, nan 
92.375, 84.125, 3.2154879447588285e-23, nan 
92.625, 84.125, 3.447333925050064e-23, nan 
92.875, 84.125, 2.997422032415791e-23, nan 
93.125, 84.125, 2.814927453167347e-23, nan 
93.375, 84.125, 2.8425723832183586e-23, nan 
93.625, 84.125, 2.855149343820664e-23, nan 
93.875, 84.125, 2.691625304855794e-23, nan 
94.125, 84.125, 2.7350031030020364e-23, nan 
94.375, 84.125, 2.7681973888219754e-23, nan 
94.625, 84.125, 2.5415631937616476e-23, nan 
94.875, 84.125, 2.7499061506889083e-23, nan 
95.125, 84.125, 3.139886771473977e-23, nan 
95.375, 84.125, 2.822865905598374e-23, nan 
95.625, 84.125, 3.125550590324105e-23, nan 
95.875, 84.125, 4.120066961787661e-23, nan 
96.125, 84.125, 3.986643838689167e-23, nan 
96.375, 84.125, 3.639868545080869e-23, nan 
96.625, 84.125, 3.004717429116915e-23, nan 
96.875, 84.125, 4.107091155102341e-23, nan 
97.125, 84.125, 5.212771260217964e-23, nan 
97.375, 84.125, 5.7789664168212e-23, nan 
97.625, 84.125, 4.555865796836725e-23, nan 
97.875, 84.125, 4.033197423373914e-23, nan 
98.125, 84.125, 6.18049357045956e-23, nan 
98.375, 84.125, 6.938422482688604e-23, nan 
98.625, 84.125, 4.836443120335547e-23, nan 
98.875, 84.125, 5.1396523053061354e-23, nan 
99.125, 84.125, 6.269926549014913e-23, nan 
99.375, 84.125, 7.357582633417461e-23, nan 
99.625, 84.125, 7.279868473615448e-23, nan 
99.875, 84.125, 6.984688403599181e-23, nan 
100.125, 84.125, 6.81448475379353e-23, nan 
100.375, 84.125, 7.782705961011689e-23, nan 
100.625, 84.125, 9.634888093018487e-23, nan 
100.875, 84.125, 8.240256042195143e-23, nan 
101.125, 84.125, 8.187165900110569e-23, nan 
101.375, 84.125, 8.082395330366769e-23, nan 
101.625, 84.125, 1.0033953787925818e-22, nan 
101.875, 84.125, 9.683481252664546e-23, nan 
102.125, 84.125, 8.838326481369876e-23, nan 
102.375, 84.125, 6.693728829928293e-23, nan 
102.625, 84.125, 7.330283116793049e-23, nan 
102.875, 84.125, 6.818558184746923e-23, nan 
103.125, 84.125, 6.330337261762519e-23, nan 
103.375, 84.125, 6.015325400156425e-23, nan 
103.625, 84.125, 5.931697825396696e-23, nan 
103.875, 84.125, 7.741477005912384e-23, nan 
104.125, 84.125, 8.430712062323683e-23, nan 
104.375, 84.125, 8.044959121219664e-23, nan 
104.625, 84.125, 8.211922233646862e-23, nan 
104.875, 84.125, 8.692870389755288e-23, nan 
105.125, 84.125, 6.598071176647005e-23, nan 
105.375, 84.125, 6.765370761270027e-23, nan 
105.625, 84.125, 6.159249359882745e-23, nan 
105.875, 84.125, 9.308317963122021e-23, nan 
106.125, 84.125, 1.189451762798201e-22, nan 
106.375, 84.125, 1.3942459058563545e-22, nan 
106.625, 84.125, 1.53984865308513e-22, nan 
106.875, 84.125, 1.5148822843479166e-22, nan 
107.125, 84.125, 1.4940724447520392e-22, nan 
107.375, 84.125, 1.0836658271268053e-22, nan 
107.625, 84.125, 9.61123598292749e-23, nan 
107.875, 84.125, 6.63077946511777e-23, nan 
108.125, 84.125, 5.858213474703063e-23, nan 
108.375, 84.125, 8.788866790147051e-23, nan 
108.625, 84.125, 1.258437752044647e-22, nan 
108.875, 84.125, 1.4107310154456616e-22, nan 
109.125, 84.125, 1.389678276223666e-22, nan 
109.375, 84.125, 1.335873799188565e-22, nan 
109.625, 84.125, 1.1504663904260023e-22, nan 
109.875, 84.125, 1.2660130316647326e-22, nan 
110.125, 84.125, 1.0503804255331369e-22, nan 
110.375, 84.125, 9.346367123110926e-23, nan 
110.625, 84.125, 9.258862485908939e-23, nan 
110.875, 84.125, 9.852889262282398e-23, nan 
111.125, 84.125, 8.442286741142914e-23, nan 
111.375, 84.125, 5.526267078671101e-23, nan 
111.625, 84.125, 6.997916834892145e-23, nan 
111.875, 84.125, 7.359483740914772e-23, nan 
112.125, 84.125, 7.132254412802654e-23, nan 
112.375, 84.125, 6.41917233127789e-23, nan 
112.625, 84.125, 6.204243499440798e-23, nan 
112.875, 84.125, 5.349200181777504e-23, nan 
113.125, 84.125, 4.8601704031712896e-23, nan 
113.375, 84.125, 3.2324293318838276e-23, nan 
113.625, 84.125, 2.4488301282985808e-23, nan 
113.875, 84.125, 2.1130942431757687e-23, nan 
114.125, 84.125, 4.725817096124105e-23, nan 
114.375, 84.125, 1.546642107513078e-23, nan 
114.625, 84.125, 1.690773153720009e-23, nan 
114.875, 84.125, 1.7610178601756493e-23, nan 
115.125, 84.125, 1.575070397129525e-23, nan 
115.375, 84.125, 1.4900266156029865e-23, nan 
115.625, 84.125, 1.339402269774055e-23, nan 
115.875, 84.125, 1.613218733143741e-23, nan 
116.125, 84.125, 2.0225350891768263e-23, nan 
116.375, 84.125, 2.2987898813708118e-23, nan 
116.625, 84.125, 2.0639105476586468e-23, nan 
116.875, 84.125, 2.897215953036894e-23, nan 
117.125, 84.125, 3.5886456443821076e-23, nan 
117.375, 84.125, 3.5795137255746333e-23, nan 
117.625, 84.125, 3.667410448831577e-23, nan 
117.875, 84.125, 3.7846197777645436e-23, nan 
118.125, 84.125, 4.6055799038671176e-23, nan 
118.375, 84.125, 4.6543291300253034e-23, nan 
118.625, 84.125, 4.6798052291859513e-23, nan 
118.875, 84.125, 4.3868926703684363e-23, nan 
119.125, 84.125, 4.609865710530882e-23, nan 
119.375, 84.125, 4.466553096055414e-23, nan 
119.625, 84.125, 4.1925053133867125e-23, nan 
119.875, 84.125, 3.4133075374929196e-23, nan 
120.125, 84.125, 3.3025269301273094e-23, nan 
120.375, 84.125, 6.689537591108499e-23, nan 
120.625, 84.125, 8.216003960226309e-23, nan 
120.875, 84.125, 9.854622889765223e-23, nan 
121.125, 84.125, 9.094425993524292e-23, nan 
121.375, 84.125, 8.251563904434147e-23, nan 
121.625, 84.125, 8.193183110090523e-23, nan 
121.875, 84.125, 8.172871534487222e-23, nan 
122.125, 84.125, 7.966263387640796e-23, nan 
122.375, 84.125, 1.538880471644912e-22, nan 
122.625, 84.125, 1.607864081369432e-22, nan 
122.875, 84.125, 1.3935620900028253e-22, nan 
123.125, 84.125, 7.482706008269194e-23, nan 
123.375, 84.125, 7.94513720642489e-23, nan 
123.625, 84.125, 6.151858703257975e-23, nan 
123.875, 84.125, 5.498693051101969e-23, nan 
124.125, 84.125, 6.902003835843012e-23, nan 
124.375, 84.125, 7.444886445708888e-23, nan 
124.625, 84.125, 7.387773803886824e-23, nan 
124.875, 84.125, 6.963904927360755e-23, nan 
125.125, 84.125, 5.360841217780068e-23, nan 
125.375, 84.125, 4.4096113674420733e-23, nan 
125.625, 84.125, 4.44042010156812e-23, nan 
125.875, 84.125, 4.8908393488360097e-23, nan 
126.125, 84.125, 5.559564598275875e-23, nan 
126.375, 84.125, 4.822662543105908e-23, nan 
126.625, 84.125, 4.3092427621712404e-23, nan 
126.875, 84.125, 3.5668051607425315e-23, nan 
127.125, 84.125, 2.3602956245863324e-23, nan 
127.375, 84.125, 1.6657468430150726e-23, nan 
127.625, 84.125, 2.091119253627234e-23, nan 
127.875, 84.125, 2.6303423879940838e-23, nan 
128.125, 84.125, 2.9365127398074635e-23, nan 
128.375, 84.125, 1.9756603286988284e-23, nan 
128.625, 84.125, 1.7600989758619183e-23, nan 
128.875, 84.125, 3.0075477019330124e-23, nan 
129.125, 84.125, 3.2175787434649164e-23, nan 
129.375, 84.125, 2.69211627191967e-23, nan 
129.625, 84.125, 2.8995344425896974e-23, nan 
129.875, 84.125, 4.963880547342918e-23, nan 
130.125, 84.125, 6.947870788862783e-23, nan 
130.375, 84.125, 6.597327219086522e-23, nan 
130.625, 84.125, 6.174282349049769e-23, nan 
130.875, 84.125, 5.618635145672032e-23, nan 
131.125, 84.125, 6.497671950403193e-23, nan 
131.375, 84.125, 5.671789244635621e-23, nan 
131.625, 84.125, 5.647570208848426e-23, nan 
131.875, 84.125, 5.460117499689015e-23, nan 
132.125, 84.125, 5.578650336007786e-23, nan 
132.375, 84.125, 5.400968439744258e-23, nan 
132.625, 84.125, 5.356178685270039e-23, nan 
132.875, 84.125, 5.387146477321803e-23, nan 
133.125, 84.125, 5.1782228287875964e-23, nan 
133.375, 84.125, 4.980952430531296e-23, nan 
133.625, 84.125, 5.158375979951346e-23, nan 
133.875, 84.125, 4.752271444953671e-23, nan 
134.125, 84.125, 4.470850735049816e-23, nan 
134.375, 84.125, 4.312159914973035e-23, nan 
134.625, 84.125, 4.0942285675760067e-23, nan 
134.875, 84.125, 3.646369183789457e-23, nan 
135.125, 84.125, 3.5378643456890724e-23, nan 
135.375, 84.125, 3.8318598926562796e-23, nan 
135.625, 84.125, 4.418658415681871e-23, nan 
135.875, 84.125, 4.463228022026141e-23, nan 
136.125, 84.125, 3.0753751995488796e-23, nan 
136.375, 84.125, 2.367221834645113e-23, nan 
136.625, 84.125, 1.9659729564964826e-23, nan 
136.875, 84.125, 1.472869093715234e-23, nan 
137.125, 84.125, 1.4459909022230775e-23, nan 
137.375, 84.125, 1.519656313889996e-23, nan 
137.625, 84.125, 1.2442671880194554e-23, nan 
137.875, 84.125, 1.1012817305345994e-23, nan 
138.125, 84.125, 2.0001989586213814e-23, nan 
138.375, 84.125, 2.9973450432073634e-23, nan 
138.625, 84.125, 3.7918632595776147e-23, nan 
138.875, 84.125, 4.1997523405819005e-23, nan 
139.125, 84.125, 4.281127590855276e-23, nan 
139.375, 84.125, 4.1973867814439684e-23, nan 
139.625, 84.125, 4.420486256693592e-23, nan 
139.875, 84.125, 4.5753346140902716e-23, nan 
140.125, 84.125, 5.020045967470834e-23, nan 
140.375, 84.125, 4.8520578566908533e-23, nan 
140.625, 84.125, 4.93017902343803e-23, nan 
140.875, 84.125, 4.858798345805592e-23, nan 
141.125, 84.125, 5.1298095777613985e-23, nan 
141.375, 84.125, 5.1063847123161854e-23, nan 
141.625, 84.125, 4.779186869220569e-23, nan 
141.875, 84.125, 4.6104393451553504e-23, nan 
142.125, 84.125, 4.509216710549646e-23, nan 
142.375, 84.125, 4.0473665222421696e-23, nan 
142.625, 84.125, 3.481680957128425e-23, nan 
142.875, 84.125, 3.523123128597874e-23, nan 
143.125, 84.125, 4.6188015727385497e-23, nan 
143.375, 84.125, 2.959956602646728e-23, nan 
143.625, 84.125, 9.50894247509744e-24, nan 
143.875, 84.125, 2.2372196887582266e-23, nan 
144.125, 84.125, 2.5054165797889553e-23, nan 
144.375, 84.125, 2.861772897245979e-23, nan 
144.625, 84.125, 2.693547541288626e-23, nan 
144.875, 84.125, 2.4515363778010652e-23, nan 
145.125, 84.125, 2.401464562294462e-23, nan 
145.375, 84.125, 2.1471793505928587e-23, nan 
145.625, 84.125, 1.9590729261942463e-23, nan 
145.875, 84.125, 1.7843142397752885e-23, nan 
146.125, 84.125, 1.5667714272029484e-23, nan 
146.375, 84.125, 1.591874358991492e-23, nan 
146.625, 84.125, 1.5205489312434897e-23, nan 
146.875, 84.125, 1.4152467609701048e-23, nan 
147.125, 84.125, 1.2745951561645181e-23, nan 
147.375, 84.125, 1.227646722082692e-23, nan 
147.625, 84.125, 1.1106262535087274e-23, nan 
147.875, 84.125, 1.0081503348950709e-23, nan 
148.125, 84.125, 9.021352145194713e-24, nan 
148.375, 84.125, 7.66134358241807e-24, nan 
148.625, 84.125, 7.558314774369609e-24, nan 
148.875, 84.125, 7.316378373845208e-24, nan 
149.125, 84.125, 7.411999172750503e-24, nan 
149.375, 84.125, 7.497533486511991e-24, nan 
149.625, 84.125, 7.554436971137796e-24, nan 
149.875, 84.125, 7.764050702145804e-24, nan 
150.125, 84.125, 7.713999023840469e-24, nan 
150.375, 84.125, 7.157269202590904e-24, nan 
150.625, 84.125, 6.742028583938192e-24, nan 
150.875, 84.125, 7.067787394607424e-24, nan 
151.125, 84.125, 7.18295636214579e-24, nan 
151.375, 84.125, 7.193811695383412e-24, nan 
151.625, 84.125, 6.846185463646772e-24, nan 
151.875, 84.125, 7.883891715991831e-24, nan 
152.125, 84.125, 8.400258891298534e-24, nan 
152.375, 84.125, 8.057380891815018e-24, nan 
152.625, 84.125, 8.272257004056673e-24, nan 
152.875, 84.125, 8.369099019210159e-24, nan 
153.125, 84.125, 1.0027084541048885e-23, nan 
153.375, 84.125, 1.3361235900303855e-23, nan 
153.625, 84.125, 1.5599776416795183e-23, nan 
153.875, 84.125, 1.6779507168857188e-23, nan 
154.125, 84.125, 1.6794387537287908e-23, nan 
154.375, 84.125, 1.8243456838704263e-23, nan 
154.625, 84.125, 2.0394215719543672e-23, nan 
154.875, 84.125, 2.092794232449037e-23, nan 
155.125, 84.125, 2.2039743681667496e-23, nan 
155.375, 84.125, 2.7606835257942445e-23, nan 
155.625, 84.125, 2.5215938567528878e-23, nan 
155.875, 84.125, 2.418026024152808e-23, nan 
156.125, 84.125, 2.623195937802938e-23, nan 
156.375, 84.125, 2.997174355340626e-23, nan 
156.625, 84.125, 2.6924797312024904e-23, nan 
156.875, 84.125, 2.5357695303090173e-23, nan 
157.125, 84.125, 2.5115894108192492e-23, nan 
157.375, 84.125, 2.8569173893087716e-23, nan 
157.625, 84.125, 4.200337708482235e-23, nan 
157.875, 84.125, 4.4187403188076854e-23, nan 
158.125, 84.125, 4.1083411861913655e-23, nan 
158.375, 84.125, 4.273116099695883e-23, nan 
158.625, 84.125, 4.2115346402742226e-23, nan 
158.875, 84.125, 4.112670529020378e-23, nan 
159.125, 84.125, 3.7569574883800154e-23, nan 
159.375, 84.125, 3.9676013296577176e-23, nan 
159.625, 84.125, 3.7424444834101287e-23, nan 
159.875, 84.125, 4.223524392044432e-23, nan 
160.125, 84.125, 4.3835730089288036e-23, nan 
160.375, 84.125, 4.239159786747501e-23, nan 
160.625, 84.125, 4.295416876824162e-23, nan 
160.875, 84.125, 4.2937061171103615e-23, nan 
161.125, 84.125, 4.307301447661268e-23, nan 
161.375, 84.125, 4.0219835496966253e-23, nan 
161.625, 84.125, 3.8514449390978057e-23, nan 
161.875, 84.125, 3.3048772127700754e-23, nan 
162.125, 84.125, 3.078337079664242e-23, nan 
162.375, 84.125, 2.5269831015458452e-23, nan 
162.625, 84.125, 2.4220337843754144e-23, nan 
162.875, 84.125, 2.1458169635810518e-23, nan 
163.125, 84.125, 1.9483955939430225e-23, nan 
163.375, 84.125, 1.8977307206914595e-23, nan 
163.625, 84.125, 1.828648791921957e-23, nan 
163.875, 84.125, 1.8072999904234724e-23, nan 
164.125, 84.125, 1.862877815543511e-23, nan 
164.375, 84.125, 1.952178956946654e-23, nan 
164.625, 84.125, 1.9832568151038527e-23, nan 
164.875, 84.125, 1.8603208310578956e-23, nan 
165.125, 84.125, 1.6739269260807203e-23, nan 
165.375, 84.125, 1.6012441330608148e-23, nan 
165.625, 84.125, 1.6378409554101157e-23, nan 
165.875, 84.125, 1.3810444395392653e-23, nan 
166.125, 84.125, 9.2366297815205e-24, nan 
166.375, 84.125, 7.728519964600762e-24, nan 
166.625, 84.125, 5.576181750590455e-24, nan 
166.875, 84.125, 6.911177822354322e-24, nan 
167.125, 84.125, 5.8972788221434375e-24, nan 
167.375, 84.125, 6.5546187562578815e-24, nan 
167.625, 84.125, 6.585102320911632e-24, nan 
167.875, 84.125, 6.545104593035555e-24, nan 
168.125, 84.125, 7.039674645989115e-24, nan 
168.375, 84.125, 7.173025024331967e-24, nan 
168.625, 84.125, 6.4281472789080795e-24, nan 
168.875, 84.125, 6.332767188057313e-24, nan 
169.125, 84.125, 6.548713759425332e-24, nan 
169.375, 84.125, 6.41210764446157e-24, nan 
169.625, 84.125, 6.082980558813086e-24, nan 
169.875, 84.125, 5.598596332697614e-24, nan 
170.125, 84.125, 5.4594564358196865e-24, nan 
170.375, 84.125, 5.254493203736814e-24, nan 
170.625, 84.125, 5.349652271364869e-24, nan 
170.875, 84.125, 5.65695339979531e-24, nan 
171.125, 84.125, 5.569929170662059e-24, nan 
171.375, 84.125, 5.247634802170717e-24, nan 
171.625, 84.125, 5.267110011514855e-24, nan 
171.875, 84.125, 5.02984975540217e-24, nan 
172.125, 84.125, 4.9153322668448185e-24, nan 
172.375, 84.125, 4.990397554913109e-24, nan 
172.625, 84.125, 5.034363226989091e-24, nan 
172.875, 84.125, 5.0873762712084514e-24, nan 
173.125, 84.125, 5.425930198593663e-24, nan 
173.375, 84.125, 5.429369796728409e-24, nan 
173.625, 84.125, 5.056512573569169e-24, nan 
173.875, 84.125, 4.889238304779774e-24, nan 
174.125, 84.125, 4.8823175236634735e-24, nan 
174.375, 84.125, 4.811361096652274e-24, nan 
174.625, 84.125, 5.043366186214933e-24, nan 
174.875, 84.125, 5.3806118771406415e-24, nan 
175.125, 84.125, 5.554418670740268e-24, nan 
175.375, 84.125, 5.4393855746124664e-24, nan 
175.625, 84.125, 5.6069734926380286e-24, nan 
175.875, 84.125, 5.818816946200375e-24, nan 
176.125, 84.125, 5.9346639563620164e-24, nan 
176.375, 84.125, 5.960167973855057e-24, nan 
176.625, 84.125, 6.045203985675112e-24, nan 
176.875, 84.125, 5.95824949812089e-24, nan 
177.125, 84.125, 5.8356896253238736e-24, nan 
177.375, 84.125, 5.847806132696951e-24, nan 
177.625, 84.125, 5.495168830104227e-24, nan 
177.875, 84.125, 5.831618687489177e-24, nan 
178.125, 84.125, 5.3884108594141775e-24, nan 
178.375, 84.125, 5.482824090278839e-24, nan 
178.625, 84.125, 5.5844581547715374e-24, nan 
178.875, 84.125, 5.562404482292305e-24, nan 
179.125, 84.125, 5.324028600151234e-24, nan 
179.375, 84.125, 5.3764183899432105e-24, nan 
179.625, 84.125, 5.1620853301491064e-24, nan 
179.875, 84.125, 5.0630618680019466e-24, nan 
-179.875, 84.375, 6.851710449255201e-24, nan 
-179.625, 84.375, 7.093829258093081e-24, nan 
-179.375, 84.375, 8.004170781833018e-24, nan 
-179.125, 84.375, 7.564343960142327e-24, nan 
-178.875, 84.375, 7.348507767128024e-24, nan 
-178.625, 84.375, 7.364240220059073e-24, nan 
-178.375, 84.375, 8.890695323512652e-24, nan 
-178.125, 84.375, 9.039817709731897e-24, nan 
-177.875, 84.375, 9.982999512295044e-24, nan 
-177.625, 84.375, 1.0252031555221345e-23, nan 
-177.375, 84.375, 9.941784099155494e-24, nan 
-177.125, 84.375, 8.139068515162218e-24, nan 
-176.875, 84.375, 6.583503977163692e-24, nan 
-176.625, 84.375, 5.8940114910895136e-24, nan 
-176.375, 84.375, 7.712929604705102e-24, nan 
-176.125, 84.375, 7.783185020987744e-24, nan 
-175.875, 84.375, 4.813457335689279e-24, nan 
-175.625, 84.375, 4.88181806869716e-24, nan 
-175.375, 84.375, 5.072562758063847e-24, nan 
-175.125, 84.375, 5.456099261826021e-24, nan 
-174.875, 84.375, 5.737289845139957e-24, nan 
-174.625, 84.375, 5.773862488589306e-24, nan 
-174.375, 84.375, 6.017131433379663e-24, nan 
-174.125, 84.375, 6.117779180639668e-24, nan 
-173.875, 84.375, 6.015928788079019e-24, nan 
-173.625, 84.375, 6.43687423500023e-24, nan 
-173.375, 84.375, 6.484996065903687e-24, nan 
-173.125, 84.375, 6.2633199354881124e-24, nan 
-172.875, 84.375, 6.641542685683334e-24, nan 
-172.625, 84.375, 6.809291331907827e-24, nan 
-172.375, 84.375, 6.92463222648087e-24, nan 
-172.125, 84.375, 8.06766681212868e-24, nan 
-171.875, 84.375, 9.80124221130634e-24, nan 
-171.625, 84.375, 1.1288769503642296e-23, nan 
-171.375, 84.375, 1.10639687677613e-23, nan 
-171.125, 84.375, 1.171481676792898e-23, nan 
-170.875, 84.375, 1.1791512067628941e-23, nan 
-170.625, 84.375, 1.1179361113861283e-23, nan 
-170.375, 84.375, 1.1755385047602294e-23, nan 
-170.125, 84.375, 1.293677642106117e-23, nan 
-169.875, 84.375, 1.4199226426069858e-23, nan 
-169.625, 84.375, 1.3934010509972697e-23, nan 
-169.375, 84.375, 1.3191447071173299e-23, nan 
-169.125, 84.375, 1.7053681197595682e-23, nan 
-168.875, 84.375, 2.0825078799802844e-23, nan 
-168.625, 84.375, 1.9777957323726803e-23, nan 
-168.375, 84.375, 1.711250635212313e-23, nan 
-168.125, 84.375, 1.5383688097802332e-23, nan 
-167.875, 84.375, 1.3879961357248638e-23, nan 
-167.625, 84.375, 1.2556171344738165e-23, nan 
-167.375, 84.375, 1.0830078125833902e-23, nan 
-167.125, 84.375, 9.194469889727936e-24, nan 
-166.875, 84.375, 8.142147493145972e-24, nan 
-166.625, 84.375, 7.776085216047171e-24, nan 
-166.375, 84.375, 7.481579971936356e-24, nan 
-166.125, 84.375, 8.024133086455948e-24, nan 
-165.875, 84.375, 9.647521524140353e-24, nan 
-165.625, 84.375, 1.0326212927824188e-23, nan 
-165.375, 84.375, 1.1032856286922355e-23, nan 
-165.125, 84.375, 1.0976702052903028e-23, nan 
-164.875, 84.375, 1.1076948837401646e-23, nan 
-164.625, 84.375, 1.110536364376319e-23, nan 
-164.375, 84.375, 1.1385413625359742e-23, nan 
-164.125, 84.375, 1.1793809804417615e-23, nan 
-163.875, 84.375, 1.6792601691814145e-23, nan 
-163.625, 84.375, 1.925395213175647e-23, nan 
-163.375, 84.375, 2.2773710743159767e-23, nan 
-163.125, 84.375, 2.2582839223063545e-23, nan 
-162.875, 84.375, 2.5546134636882362e-23, nan 
-162.625, 84.375, 2.804974185387049e-23, nan 
-162.375, 84.375, 3.283739643728802e-23, nan 
-162.125, 84.375, 3.9497701469838056e-23, nan 
-161.875, 84.375, 5.2315619440539754e-23, nan 
-161.625, 84.375, 5.077107272414772e-23, nan 
-161.375, 84.375, 5.870747821992794e-23, nan 
-161.125, 84.375, 6.011788551728457e-23, nan 
-160.875, 84.375, 6.303722282290865e-23, nan 
-160.625, 84.375, 6.287575529520247e-23, nan 
-160.375, 84.375, 5.776163165519289e-23, nan 
-160.125, 84.375, 5.383710788586882e-23, nan 
-159.875, 84.375, 5.672461400868853e-23, nan 
-159.625, 84.375, 5.554431244456648e-23, nan 
-159.375, 84.375, 4.73752752471434e-23, nan 
-159.125, 84.375, 3.100241725188925e-23, nan 
-158.875, 84.375, 2.789452056249424e-23, nan 
-158.625, 84.375, 2.1655919028462824e-23, nan 
-158.375, 84.375, 1.855143968966997e-23, nan 
-158.125, 84.375, 2.5240376690323695e-23, nan 
-157.875, 84.375, 2.9785224810472485e-23, nan 
-157.625, 84.375, 2.241092088162243e-23, nan 
-157.375, 84.375, 1.6551961424298464e-23, nan 
-157.125, 84.375, 1.2388396272087988e-23, nan 
-156.875, 84.375, 9.55527814819962e-24, nan 
-156.625, 84.375, 1.950564985406848e-23, nan 
-156.375, 84.375, 3.337441055540047e-23, nan 
-156.125, 84.375, 4.303137731611685e-23, nan 
-155.875, 84.375, 4.5930187619783464e-23, nan 
-155.625, 84.375, 5.0293498179552616e-23, nan 
-155.375, 84.375, 5.636431317031325e-23, nan 
-155.125, 84.375, 6.284894620965825e-23, nan 
-154.875, 84.375, 6.048857991933463e-23, nan 
-154.625, 84.375, 6.321410765529571e-23, nan 
-154.375, 84.375, 6.153879023955802e-23, nan 
-154.125, 84.375, 5.307524412544192e-23, nan 
-153.875, 84.375, 3.390394967830452e-23, nan 
-153.625, 84.375, 3.542239823779474e-23, nan 
-153.375, 84.375, 3.7963970547896177e-23, nan 
-153.125, 84.375, 4.0978014534401786e-23, nan 
-152.875, 84.375, 5.739346412565904e-23, nan 
-152.625, 84.375, 6.636775500039461e-23, nan 
-152.375, 84.375, 7.890706678174078e-23, nan 
-152.125, 84.375, 9.674639165832379e-23, nan 
-151.875, 84.375, 1.1041619591389214e-22, nan 
-151.625, 84.375, 1.0731503724434138e-22, nan 
-151.375, 84.375, 9.147607644687343e-23, nan 
-151.125, 84.375, 7.284814961505458e-23, nan 
-150.875, 84.375, 5.820809128091366e-23, nan 
-150.625, 84.375, 6.219009841299876e-23, nan 
-150.375, 84.375, 4.5288032926193644e-23, nan 
-150.125, 84.375, 3.369292943827465e-23, nan 
-149.875, 84.375, 2.182143735679028e-23, nan 
-149.625, 84.375, 1.7760342469718465e-23, nan 
-149.375, 84.375, 1.796106865691618e-23, nan 
-149.125, 84.375, 3.8840956068340696e-23, nan 
-148.875, 84.375, 7.052356087189301e-23, nan 
-148.625, 84.375, 3.7801180027954694e-23, nan 
-148.375, 84.375, 2.353529628400559e-23, nan 
-148.125, 84.375, 3.140504794170636e-23, nan 
-147.875, 84.375, 3.3578008586531676e-23, nan 
-147.625, 84.375, 2.3897752385260242e-23, nan 
-147.375, 84.375, 1.456860605311021e-23, nan 
-147.125, 84.375, 1.2861132200204871e-23, nan 
-146.875, 84.375, 1.2251999492490692e-23, nan 
-146.625, 84.375, 1.5212709495195028e-23, nan 
-146.375, 84.375, 1.5800315003300847e-23, nan 
-146.125, 84.375, 2.925967788268056e-23, nan 
-145.875, 84.375, 1.6842001882225574e-23, nan 
-145.625, 84.375, 4.4102368139724046e-23, nan 
-145.375, 84.375, 1.2749202371798093e-22, nan 
-145.125, 84.375, 1.2147914813010843e-22, nan 
-144.875, 84.375, 5.820110840576033e-23, nan 
-144.625, 84.375, 8.249313621981177e-23, nan 
-144.375, 84.375, 1.7547630898990695e-22, nan 
-144.125, 84.375, 1.9414824814546666e-22, nan 
-143.875, 84.375, 2.191951897257637e-22, nan 
-143.625, 84.375, 2.20862456157067e-22, nan 
-143.375, 84.375, 2.275810208818486e-22, nan 
-143.125, 84.375, 2.323533586068004e-22, nan 
-142.875, 84.375, 2.3117858846421787e-22, nan 
-142.625, 84.375, 2.317328954919167e-22, nan 
-142.375, 84.375, 2.4431516704233386e-22, nan 
-142.125, 84.375, 2.532207749941446e-22, nan 
-141.875, 84.375, 2.510610275930732e-22, nan 
-141.625, 84.375, 2.2584691854788697e-22, nan 
-141.375, 84.375, 2.214317286481241e-22, nan 
-141.125, 84.375, 2.368319488533208e-22, nan 
-140.875, 84.375, 2.3809603904436994e-22, nan 
-140.625, 84.375, 1.6295303909027363e-22, nan 
-140.375, 84.375, 1.061797302951759e-22, nan 
-140.125, 84.375, 1.117301848179398e-22, nan 
-139.875, 84.375, 1.681757320864945e-22, nan 
-139.625, 84.375, 1.9614220884315222e-22, nan 
-139.375, 84.375, 2.177477723035788e-22, nan 
-139.125, 84.375, 2.2905417473003206e-22, nan 
-138.875, 84.375, 2.379313285257732e-22, nan 
-138.625, 84.375, 2.490819657421999e-22, nan 
-138.375, 84.375, 2.7478819827097956e-22, nan 
-138.125, 84.375, 2.7432439442389593e-22, nan 
-137.875, 84.375, 3.006106174664404e-22, nan 
-137.625, 84.375, 3.1797483670626743e-22, nan 
-137.375, 84.375, 3.29259120031778e-22, nan 
-137.125, 84.375, 2.906258294810207e-22, nan 
-136.875, 84.375, 2.5034612703622454e-22, nan 
-136.625, 84.375, 2.327519613336147e-22, nan 
-136.375, 84.375, 2.456604947755427e-22, nan 
-136.125, 84.375, 2.504629556716954e-22, nan 
-135.875, 84.375, 2.5389862564055913e-22, nan 
-135.625, 84.375, 2.7269603363228367e-22, nan 
-135.375, 84.375, 2.6191693510914003e-22, nan 
-135.125, 84.375, 3.0901003322429733e-22, nan 
-134.875, 84.375, 3.2882847511791205e-22, nan 
-134.625, 84.375, 3.413280911342925e-22, nan 
-134.375, 84.375, 3.219639648229343e-22, nan 
-134.125, 84.375, 2.9363433016339806e-22, nan 
-133.875, 84.375, 2.541143468439817e-22, nan 
-133.625, 84.375, 2.436832109495074e-22, nan 
-133.375, 84.375, 2.3786706764786996e-22, nan 
-133.125, 84.375, 2.3235976374391687e-22, nan 
-132.875, 84.375, 2.267168149064197e-22, nan 
-132.625, 84.375, 1.9977007011847048e-22, nan 
-132.375, 84.375, 1.5089796347359293e-22, nan 
-132.125, 84.375, 1.196952246156924e-22, nan 
-131.875, 84.375, 8.319800612637522e-23, nan 
-131.625, 84.375, 6.350292500149035e-23, nan 
-131.375, 84.375, 6.271694789334099e-23, nan 
-131.125, 84.375, 6.895863348251718e-23, nan 
-130.875, 84.375, 7.22827798598798e-23, nan 
-130.625, 84.375, 7.156962811357353e-23, nan 
-130.375, 84.375, 6.853322815836003e-23, nan 
-130.125, 84.375, 6.884047473314203e-23, nan 
-129.875, 84.375, 6.919835693788599e-23, nan 
-129.625, 84.375, 6.96442906964235e-23, nan 
-129.375, 84.375, 7.108822183244008e-23, nan 
-129.125, 84.375, 7.211625819560741e-23, nan 
-128.875, 84.375, 7.293301883296813e-23, nan 
-128.625, 84.375, 8.659900899506466e-23, nan 
-128.375, 84.375, 7.718387441186539e-23, nan 
-128.125, 84.375, 7.476303798407883e-23, nan 
-127.875, 84.375, 7.237870195676918e-23, nan 
-127.625, 84.375, 7.189006798179054e-23, nan 
-127.375, 84.375, 2.1113188475281557e-22, nan 
-127.125, 84.375, 2.595113001398091e-22, nan 
-126.875, 84.375, 2.39086485357101e-22, nan 
-126.625, 84.375, 1.5701598984045592e-22, nan 
-126.375, 84.375, 6.135731633622224e-23, nan 
-126.125, 84.375, 6.342449208151386e-23, nan 
-125.875, 84.375, 6.779692369910441e-23, nan 
-125.625, 84.375, 7.07541913074644e-23, nan 
-125.375, 84.375, 7.877793841999683e-23, nan 
-125.125, 84.375, 8.674907199686149e-23, nan 
-124.875, 84.375, 9.236381479429276e-23, nan 
-124.625, 84.375, 9.519520964413837e-23, nan 
-124.375, 84.375, 1.0028042100346214e-22, nan 
-124.125, 84.375, 9.926114604793463e-23, nan 
-123.875, 84.375, 9.063438543556197e-23, nan 
-123.625, 84.375, 7.706602113003463e-23, nan 
-123.375, 84.375, 7.261098421354241e-23, nan 
-123.125, 84.375, 8.414289029280141e-23, nan 
-122.875, 84.375, 1.0716839093206066e-22, nan 
-122.625, 84.375, 1.2913975455189283e-22, nan 
-122.375, 84.375, 1.5523656127123715e-22, nan 
-122.125, 84.375, 1.697546976804254e-22, nan 
-121.875, 84.375, 1.7597772487967697e-22, nan 
-121.625, 84.375, 1.879951533517827e-22, nan 
-121.375, 84.375, 1.8613076160803386e-22, nan 
-121.125, 84.375, 1.644411290367905e-22, nan 
-120.875, 84.375, 1.4492068681966138e-22, nan 
-120.625, 84.375, 1.2909151269055304e-22, nan 
-120.375, 84.375, 1.2352517081486548e-22, nan 
-120.125, 84.375, 1.1753950286844419e-22, nan 
-119.875, 84.375, 1.112647074179922e-22, nan 
-119.625, 84.375, 1.2075558225498038e-22, nan 
-119.375, 84.375, 1.367109345779901e-22, nan 
-119.125, 84.375, 1.4379713809623126e-22, nan 
-118.875, 84.375, 1.5086071728859218e-22, nan 
-118.625, 84.375, 1.8092005575026592e-22, nan 
-118.375, 84.375, 2.0999044722690022e-22, nan 
-118.125, 84.375, 2.219350661845397e-22, nan 
-117.875, 84.375, 2.160470965865527e-22, nan 
-117.625, 84.375, 1.955018783106176e-22, nan 
-117.375, 84.375, 1.6981706588516006e-22, nan 
-117.125, 84.375, 1.5451911823341247e-22, nan 
-116.875, 84.375, 2.995252969800768e-22, nan 
-116.625, 84.375, 4.347667395517618e-22, nan 
-116.375, 84.375, 4.6876445442678315e-22, nan 
-116.125, 84.375, 4.699425517410953e-22, nan 
-115.875, 84.375, 4.649253822607216e-22, nan 
-115.625, 84.375, 3.794839200813107e-22, nan 
-115.375, 84.375, 3.331688409401783e-22, nan 
-115.125, 84.375, 2.972360365539646e-22, nan 
-114.875, 84.375, 3.0981372099395407e-22, nan 
-114.625, 84.375, 2.729345026610963e-22, nan 
-114.375, 84.375, 2.4286331992715044e-22, nan 
-114.125, 84.375, 2.313104887855677e-22, nan 
-113.875, 84.375, 2.500258368188892e-22, nan 
-113.625, 84.375, 2.291990740204844e-22, nan 
-113.375, 84.375, 2.141667041312323e-22, nan 
-113.125, 84.375, 2.286876639879226e-22, nan 
-112.875, 84.375, 1.9722301664713114e-22, nan 
-112.625, 84.375, 1.9461231042897175e-22, nan 
-112.375, 84.375, 1.7362471673912083e-22, nan 
-112.125, 84.375, 1.863178820107065e-22, nan 
-111.875, 84.375, 1.798806660071342e-22, nan 
-111.625, 84.375, 1.6117687092789523e-22, nan 
-111.375, 84.375, 1.4917640347593039e-22, nan 
-111.125, 84.375, 1.4688545921807835e-22, nan 
-110.875, 84.375, 1.3822180244030757e-22, nan 
-110.625, 84.375, 1.3312395409956062e-22, nan 
-110.375, 84.375, 2.1696191000637886e-22, nan 
-110.125, 84.375, 2.6963149713177e-22, nan 
-109.875, 84.375, 3.521112775438329e-22, nan 
-109.625, 84.375, 3.6105758758569696e-22, nan 
-109.375, 84.375, 4.578259658548738e-22, nan 
-109.125, 84.375, 4.708819928683963e-22, nan 
-108.875, 84.375, 4.947002450006108e-22, nan 
-108.625, 84.375, 5.240026931259566e-22, nan 
-108.375, 84.375, 5.726232197355308e-22, nan 
-108.125, 84.375, 5.942810835758633e-22, nan 
-107.875, 84.375, 5.709721402649118e-22, nan 
-107.625, 84.375, 4.347074533975094e-22, nan 
-107.375, 84.375, 4.1433985600272e-22, nan 
-107.125, 84.375, 4.3515268640250125e-22, nan 
-106.875, 84.375, 4.318919659173653e-22, nan 
-106.625, 84.375, 4.268530009803111e-22, nan 
-106.375, 84.375, 4.317322593125746e-22, nan 
-106.125, 84.375, 4.633631834279889e-22, nan 
-105.875, 84.375, 5.047902741153403e-22, nan 
-105.625, 84.375, 5.431298758449022e-22, nan 
-105.375, 84.375, 5.5910616716855745e-22, nan 
-105.125, 84.375, 5.55092286091898e-22, nan 
-104.875, 84.375, 5.4296172170906775e-22, nan 
-104.625, 84.375, 5.559315550505954e-22, nan 
-104.375, 84.375, 5.601475513553104e-22, nan 
-104.125, 84.375, 5.280875715097534e-22, nan 
-103.875, 84.375, 5.193310659292491e-22, nan 
-103.625, 84.375, 5.356877707386773e-22, nan 
-103.375, 84.375, 5.300984886812058e-22, nan 
-103.125, 84.375, 5.647603025877642e-22, nan 
-102.875, 84.375, 6.336177013757541e-22, nan 
-102.625, 84.375, 6.87261156225821e-22, nan 
-102.375, 84.375, 7.106352531843611e-22, nan 
-102.125, 84.375, 7.544534899785502e-22, nan 
-101.875, 84.375, 7.936122673441899e-22, nan 
-101.625, 84.375, 8.452178461709785e-22, nan 
-101.375, 84.375, 8.300477122739422e-22, nan 
-101.125, 84.375, 8.103401402160454e-22, nan 
-100.875, 84.375, 6.501385091678605e-22, nan 
-100.625, 84.375, 5.759517559743079e-22, nan 
-100.375, 84.375, 4.164637570593138e-22, nan 
-100.125, 84.375, 2.6695918601300317e-22, nan 
-99.875, 84.375, 1.690916709994166e-22, nan 
-99.625, 84.375, 1.6799868078816262e-22, nan 
-99.375, 84.375, 1.7542890097654826e-22, nan 
-99.125, 84.375, 1.5182059238123781e-22, nan 
-98.875, 84.375, 1.3164311721098452e-22, nan 
-98.625, 84.375, 1.2268535819685412e-22, nan 
-98.375, 84.375, 1.378518946318893e-22, nan 
-98.125, 84.375, 1.722394953139359e-22, nan 
-97.875, 84.375, 1.5526077272201023e-22, nan 
-97.625, 84.375, 1.395451583066309e-22, nan 
-97.375, 84.375, 1.520223982758025e-22, nan 
-97.125, 84.375, 1.5025287286120477e-22, nan 
-96.875, 84.375, 1.0720055267885608e-22, nan 
-96.625, 84.375, 7.866676992082532e-23, nan 
-96.375, 84.375, 7.484229605520774e-23, nan 
-96.125, 84.375, 8.403684729258123e-23, nan 
-95.875, 84.375, 1.0098057034911711e-22, nan 
-95.625, 84.375, 1.1645430336782563e-22, nan 
-95.375, 84.375, 1.1709945108337001e-22, nan 
-95.125, 84.375, 1.2701285763899741e-22, nan 
-94.875, 84.375, 1.3774506518865178e-22, nan 
-94.625, 84.375, 1.213413896836987e-22, nan 
-94.375, 84.375, 1.158467950283838e-22, nan 
-94.125, 84.375, 1.077436223839396e-22, nan 
-93.875, 84.375, 1.1839854441568972e-22, nan 
-93.625, 84.375, 1.1421077561419786e-22, nan 
-93.375, 84.375, 5.39073370476132e-23, nan 
-93.125, 84.375, 7.359659169021342e-23, nan 
-92.875, 84.375, 1.1809413703012846e-22, nan 
-92.625, 84.375, 1.2018037093623338e-22, nan 
-92.375, 84.375, 1.3864378360876456e-22, nan 
-92.125, 84.375, 1.6542895898898367e-22, nan 
-91.875, 84.375, 1.905433697551495e-22, nan 
-91.625, 84.375, 2.5798070592583355e-22, nan 
-91.375, 84.375, 2.340278737810176e-22, nan 
-91.125, 84.375, 2.3087714724549704e-22, nan 
-90.875, 84.375, 2.4376180267671828e-22, nan 
-90.625, 84.375, 2.365610841398978e-22, nan 
-90.375, 84.375, 2.2499797055541633e-22, nan 
-90.125, 84.375, 2.1097169523344147e-22, nan 
-89.875, 84.375, 2.0556751992688102e-22, nan 
-89.625, 84.375, 2.2449251160085545e-22, nan 
-89.375, 84.375, 2.3805137950911443e-22, nan 
-89.125, 84.375, 2.460959129149455e-22, nan 
-88.875, 84.375, 2.8835122675922993e-22, nan 
-88.625, 84.375, 2.4679359781326404e-22, nan 
-88.375, 84.375, 2.1145284454419384e-22, nan 
-88.125, 84.375, 1.9829467904403468e-22, nan 
-87.875, 84.375, 1.896605741896634e-22, nan 
-87.625, 84.375, 1.800331760705128e-22, nan 
-87.375, 84.375, 1.57411280101203e-22, nan 
-87.125, 84.375, 1.5022185943271783e-22, nan 
-86.875, 84.375, 1.378853839705198e-22, nan 
-86.625, 84.375, 1.2783990461983451e-22, nan 
-86.375, 84.375, 1.2266381903880885e-22, nan 
-86.125, 84.375, 1.1631508023092944e-22, nan 
-85.875, 84.375, 1.2150806531518885e-22, nan 
-85.625, 84.375, 1.290683034563542e-22, nan 
-85.375, 84.375, 1.5297483601750611e-22, nan 
-85.125, 84.375, 1.833426313040751e-22, nan 
-84.875, 84.375, 2.3305197213738636e-22, nan 
-84.625, 84.375, 2.7812992215042883e-22, nan 
-84.375, 84.375, 3.1205473469190252e-22, nan 
-84.125, 84.375, 3.4482419945851573e-22, nan 
-83.875, 84.375, 3.58541202289507e-22, nan 
-83.625, 84.375, 4.365810653987048e-22, nan 
-83.375, 84.375, 4.288991596633561e-22, nan 
-83.125, 84.375, 4.5638555975666385e-22, nan 
-82.875, 84.375, 5.095055417159848e-22, nan 
-82.625, 84.375, 5.98086462868249e-22, nan 
-82.375, 84.375, 5.873794128092724e-22, nan 
-82.125, 84.375, 5.030424147116537e-22, nan 
-81.875, 84.375, 6.263688155244841e-22, nan 
-81.625, 84.375, 5.9494470365516815e-22, nan 
-81.375, 84.375, 4.707384151034625e-22, nan 
-81.125, 84.375, 3.919736469138551e-22, nan 
-80.875, 84.375, 3.5140050281445226e-22, nan 
-80.625, 84.375, 3.9112591772478957e-22, nan 
-80.375, 84.375, 3.5979144905084148e-22, nan 
-80.125, 84.375, 3.6047233358181687e-22, nan 
-79.875, 84.375, 3.5353177894126027e-22, nan 
-79.625, 84.375, 4.0643675135617726e-22, nan 
-79.375, 84.375, 3.870090006035336e-22, nan 
-79.125, 84.375, 4.215370990059362e-22, nan 
-78.875, 84.375, 4.1489869198695903e-22, nan 
-78.625, 84.375, 3.6343082904028336e-22, nan 
-78.375, 84.375, 4.766029030494854e-22, nan 
-78.125, 84.375, 5.596185332104073e-22, nan 
-77.875, 84.375, 6.057508295931873e-22, nan 
-77.625, 84.375, 5.541216104691569e-22, nan 
-77.375, 84.375, 5.553595384721438e-22, nan 
-77.125, 84.375, 5.405149970936041e-22, nan 
-76.875, 84.375, 6.067254903267234e-22, nan 
-76.625, 84.375, 6.983979731646819e-22, nan 
-76.375, 84.375, 7.883790837167226e-22, nan 
-76.125, 84.375, 8.76274232646797e-22, nan 
-75.875, 84.375, 1.072628611423854e-21, nan 
-75.625, 84.375, 1.3827488566231621e-21, nan 
-75.375, 84.375, 1.7081039701559427e-21, nan 
-75.125, 84.375, 1.838217366399395e-21, nan 
-74.875, 84.375, 1.7656578586503936e-21, nan 
-74.625, 84.375, 1.691646607220454e-21, nan 
-74.375, 84.375, 1.882971026402327e-21, nan 
-74.125, 84.375, 1.8482243438093424e-21, nan 
-73.875, 84.375, 1.914206457959809e-21, nan 
-73.625, 84.375, 2.1276707879827546e-21, nan 
-73.375, 84.375, 1.660174086516783e-21, nan 
-73.125, 84.375, 1.4351216399850875e-21, nan 
-72.875, 84.375, 1.747093956021727e-21, nan 
-72.625, 84.375, 2.2544234466303076e-21, nan 
-72.375, 84.375, 2.2342613530517233e-21, nan 
-72.125, 84.375, 2.341419524336823e-21, nan 
-71.875, 84.375, 2.4091861043638432e-21, nan 
-71.625, 84.375, 2.4475426956179247e-21, nan 
-71.375, 84.375, 2.3781932389990657e-21, nan 
-71.125, 84.375, 2.492019049082353e-21, nan 
-70.875, 84.375, 2.7657182855524468e-21, nan 
-70.625, 84.375, 2.3508430681865566e-21, nan 
-70.375, 84.375, 2.0961703645271943e-21, nan 
-70.125, 84.375, 1.80380545554089e-21, nan 
-69.875, 84.375, 1.4956206899334443e-21, nan 
-69.625, 84.375, 1.3794621112694448e-21, nan 
-69.375, 84.375, 1.4345234439923802e-21, nan 
-69.125, 84.375, 1.4970017606859178e-21, nan 
-68.875, 84.375, 1.5282974403821918e-21, nan 
-68.625, 84.375, 1.5097257698485133e-21, nan 
-68.375, 84.375, 1.4904163283954737e-21, nan 
-68.125, 84.375, 1.4900865615733059e-21, nan 
-67.875, 84.375, 1.308635874642698e-21, nan 
-67.625, 84.375, 1.3245124223063325e-21, nan 
-67.375, 84.375, 1.2137093625731758e-21, nan 
-67.125, 84.375, 1.2046475559261824e-21, nan 
-66.875, 84.375, 1.1938519878547637e-21, nan 
-66.625, 84.375, 1.180347204070949e-21, nan 
-66.375, 84.375, 1.2534640907164787e-21, nan 
-66.125, 84.375, 1.3277807612116942e-21, nan 
-65.875, 84.375, 1.3077308982666185e-21, nan 
-65.625, 84.375, 1.3516656556635289e-21, nan 
-65.375, 84.375, 1.3857736706092319e-21, nan 
-65.125, 84.375, 1.457630598163868e-21, nan 
-64.875, 84.375, 1.75025315227909e-21, nan 
-64.625, 84.375, 1.879427446482614e-21, nan 
-64.375, 84.375, 1.9429442503709503e-21, nan 
-64.125, 84.375, 1.6854607513896558e-21, nan 
-63.875, 84.375, 1.5810818605355965e-21, nan 
-63.625, 84.375, 1.4163355234361232e-21, nan 
-63.375, 84.375, 1.3820233374729865e-21, nan 
-63.125, 84.375, 1.4496886985773126e-21, nan 
-62.875, 84.375, 1.3782133611152822e-21, nan 
-62.625, 84.375, 1.3520904050480874e-21, nan 
-62.375, 84.375, 1.1846668269167213e-21, nan 
-62.125, 84.375, 9.691143329395231e-22, nan 
-61.875, 84.375, 6.966212315150764e-22, nan 
-61.625, 84.375, 6.36027829662549e-22, nan 
-61.375, 84.375, 5.21131082459416e-22, nan 
-61.125, 84.375, 5.206139066485187e-22, nan 
-60.875, 84.375, 4.799752878231811e-22, nan 
-60.625, 84.375, 4.687585295316459e-22, nan 
-60.375, 84.375, 5.802114532798109e-22, nan 
-60.125, 84.375, 7.05747123904407e-22, nan 
-59.875, 84.375, 6.452018912709061e-22, nan 
-59.625, 84.375, 8.12094751369491e-22, nan 
-59.375, 84.375, 1.2776211087462156e-21, nan 
-59.125, 84.375, 1.482116529095926e-21, nan 
-58.875, 84.375, 1.5143711070320215e-21, nan 
-58.625, 84.375, 1.4674718275899751e-21, nan 
-58.375, 84.375, 1.1994828493530424e-21, nan 
-58.125, 84.375, 1.2109012177454955e-21, nan 
-57.875, 84.375, 1.113118035808425e-21, nan 
-57.625, 84.375, 1.2260484767568481e-21, nan 
-57.375, 84.375, 1.388444331720765e-21, nan 
-57.125, 84.375, 1.5393152264579312e-21, nan 
-56.875, 84.375, 2.0178684024428477e-21, nan 
-56.625, 84.375, 2.45394746698389e-21, nan 
-56.375, 84.375, 2.3563617280081547e-21, nan 
-56.125, 84.375, 2.2640379875535086e-21, nan 
-55.875, 84.375, 2.130219563936608e-21, nan 
-55.625, 84.375, 2.1401311553841736e-21, nan 
-55.375, 84.375, 2.004772392826585e-21, nan 
-55.125, 84.375, 1.7401349170655686e-21, nan 
-54.875, 84.375, 1.886339810716476e-21, nan 
-54.625, 84.375, 1.8620773457097267e-21, nan 
-54.375, 84.375, 2.0631099912884853e-21, nan 
-54.125, 84.375, 3.637578524353567e-21, nan 
-53.875, 84.375, 4.5408226499376296e-21, nan 
-53.625, 84.375, 4.54357677129365e-21, nan 
-53.375, 84.375, 4.492792734742121e-21, nan 
-53.125, 84.375, 4.814862506714927e-21, nan 
-52.875, 84.375, 5.336464654951848e-21, nan 
-52.625, 84.375, 5.042741029851815e-21, nan 
-52.375, 84.375, 4.965671792751887e-21, nan 
-52.125, 84.375, 6.012848390543719e-21, nan 
-51.875, 84.375, 7.0031976172929e-21, nan 
-51.625, 84.375, 7.295530254808732e-21, nan 
-51.375, 84.375, 7.871011582555686e-21, nan 
-51.125, 84.375, 7.634426148875038e-21, nan 
-50.875, 84.375, 8.512326536179638e-21, nan 
-50.625, 84.375, 8.827952300408724e-21, nan 
-50.375, 84.375, 9.394043876307629e-21, nan 
-50.125, 84.375, 9.58434301862553e-21, nan 
-49.875, 84.375, 8.098016756597285e-21, nan 
-49.625, 84.375, 6.614700402779886e-21, nan 
-49.375, 84.375, 6.6338779652909965e-21, nan 
-49.125, 84.375, 6.914451743034057e-21, nan 
-48.875, 84.375, 6.062422230604275e-21, nan 
-48.625, 84.375, 5.45603371908863e-21, nan 
-48.375, 84.375, 6.57761554816677e-22, nan 
-48.125, 84.375, 7.110956249074508e-22, nan 
-47.875, 84.375, 8.4129807495933855e-22, nan 
-47.625, 84.375, 1.2421619120173698e-21, nan 
-47.375, 84.375, 2.1435424174950882e-21, nan 
-47.125, 84.375, 3.0037229922556974e-21, nan 
-46.875, 84.375, 3.2755627030874996e-21, nan 
-46.625, 84.375, 3.900592284042233e-21, nan 
-46.375, 84.375, 3.547023937287486e-21, nan 
-46.125, 84.375, 3.5610531859390276e-21, nan 
-45.875, 84.375, 3.644382416276629e-21, nan 
-45.625, 84.375, 4.8067645875131626e-21, nan 
-45.375, 84.375, 6.114346139817498e-21, nan 
-45.125, 84.375, 5.837601072498232e-21, nan 
-44.875, 84.375, 1.7209905496093284e-20, nan 
-44.625, 84.375, 1.852055897822353e-20, nan 
-44.375, 84.375, 1.9501191543624295e-20, nan 
-44.125, 84.375, 1.9659460991327115e-20, nan 
-43.875, 84.375, 2.1506053177100178e-20, nan 
-43.625, 84.375, 2.046586322411623e-20, nan 
-43.375, 84.375, 1.9967414289691796e-20, nan 
-43.125, 84.375, 1.9272223191994212e-20, nan 
-42.875, 84.375, 1.9898628008246503e-20, nan 
-42.625, 84.375, 2.0489850793096932e-20, nan 
-42.375, 84.375, 2.1136129526257052e-20, nan 
-42.125, 84.375, 2.1735878425147478e-20, nan 
-41.875, 84.375, 2.1387691169829138e-20, nan 
-41.625, 84.375, 2.1615253710580678e-20, nan 
-41.375, 84.375, 2.0687265732304807e-20, nan 
-41.125, 84.375, 1.996081300037296e-20, nan 
-40.875, 84.375, 2.0395337796466416e-20, nan 
-40.625, 84.375, 2.1102246367473586e-20, nan 
-40.375, 84.375, 2.1378424817181792e-20, nan 
-40.125, 84.375, 2.1773084640132428e-20, nan 
-39.875, 84.375, 2.1154504825605312e-20, nan 
-39.625, 84.375, 2.1746672467103132e-20, nan 
-39.375, 84.375, 2.283424139165742e-20, nan 
-39.125, 84.375, 2.2742596798454055e-20, nan 
-38.875, 84.375, 2.23739021919369e-20, nan 
-38.625, 84.375, 2.083025953227923e-20, nan 
-38.375, 84.375, 1.76074433724346e-20, nan 
-38.125, 84.375, 1.7371877058084804e-20, nan 
-37.875, 84.375, 1.726645748433321e-20, nan 
-37.625, 84.375, 1.8974797601942725e-20, nan 
-37.375, 84.375, 1.9323844561443507e-20, nan 
-37.125, 84.375, 1.7976856553810325e-20, nan 
-36.875, 84.375, 1.8415975607361228e-20, nan 
-36.625, 84.375, 1.8447624220644148e-20, nan 
-36.375, 84.375, 1.815081917361412e-20, nan 
-36.125, 84.375, 1.707941396731284e-20, nan 
-35.875, 84.375, 1.6469985690672525e-20, nan 
-35.625, 84.375, 1.5896828698741596e-20, nan 
-35.375, 84.375, 1.4915880090780105e-20, nan 
-35.125, 84.375, 1.3116034746450881e-20, nan 
-34.875, 84.375, 1.1814968151355447e-20, nan 
-34.625, 84.375, 1.2177430298839631e-20, nan 
-34.375, 84.375, 1.1734652542451776e-20, nan 
-34.125, 84.375, 1.1913135508767268e-20, nan 
-33.875, 84.375, 9.009272450627466e-21, nan 
-33.625, 84.375, 7.165839364382818e-21, nan 
-33.375, 84.375, 6.179619836179379e-21, nan 
-33.125, 84.375, 5.686772170806528e-21, nan 
-32.875, 84.375, 5.660891449418638e-21, nan 
-32.625, 84.375, 5.806072709228498e-21, nan 
-32.375, 84.375, 5.829617076004872e-21, nan 
-32.125, 84.375, 5.735752762265906e-21, nan 
-31.875, 84.375, 4.556800310041365e-21, nan 
-31.625, 84.375, 3.6345196839856866e-21, nan 
-31.375, 84.375, 3.321059492305326e-21, nan 
-31.125, 84.375, 2.9159055727276726e-21, nan 
-30.875, 84.375, 2.734444097553239e-21, nan 
-30.625, 84.375, 3.1789253820940406e-21, nan 
-30.375, 84.375, 3.571550760025698e-21, nan 
-30.125, 84.375, 4.261597817211393e-21, nan 
-29.875, 84.375, 4.732547767980057e-21, nan 
-29.625, 84.375, 5.303010683045739e-21, nan 
-29.375, 84.375, 5.485959025451841e-21, nan 
-29.125, 84.375, 5.5552486250370496e-21, nan 
-28.875, 84.375, 5.4843024612248036e-21, nan 
-28.625, 84.375, 6.082189998058924e-21, nan 
-28.375, 84.375, 6.062589847484058e-21, nan 
-28.125, 84.375, 6.1151435327571865e-21, nan 
-27.875, 84.375, 6.768978500238838e-21, nan 
-27.625, 84.375, 6.7119562963473365e-21, nan 
-27.375, 84.375, 6.744083186988974e-21, nan 
-27.125, 84.375, 7.380552642816298e-21, nan 
-26.875, 84.375, 7.908860582159893e-21, nan 
-26.625, 84.375, 8.554218362130232e-21, nan 
-26.375, 84.375, 9.07425888491834e-21, nan 
-26.125, 84.375, 9.23858794670189e-21, nan 
-25.875, 84.375, 9.284688817639043e-21, nan 
-25.625, 84.375, 9.704500242434339e-21, nan 
-25.375, 84.375, 1.0025449561016854e-20, nan 
-25.125, 84.375, 1.0676306523745123e-20, nan 
-24.875, 84.375, 1.0181342772263373e-20, nan 
-24.625, 84.375, 9.249232601229552e-21, nan 
-24.375, 84.375, 8.602710301899772e-21, nan 
-24.125, 84.375, 9.771478558213533e-21, nan 
-23.875, 84.375, 1.162899040401371e-20, nan 
-23.625, 84.375, 1.3451874090364415e-20, nan 
-23.375, 84.375, 1.2546372235677011e-20, nan 
-23.125, 84.375, 1.3562512197631682e-20, nan 
-22.875, 84.375, 1.4535632970018708e-20, nan 
-22.625, 84.375, 1.47152966008465e-20, nan 
-22.375, 84.375, 1.3754187923111207e-20, nan 
-22.125, 84.375, 1.345673587393121e-20, nan 
-21.875, 84.375, 1.4142959610739964e-20, nan 
-21.625, 84.375, 1.5675981705757957e-20, nan 
-21.375, 84.375, 2.059047936930132e-20, nan 
-21.125, 84.375, 2.1367224919677986e-20, nan 
-20.875, 84.375, 1.9526264311977415e-20, nan 
-20.625, 84.375, 1.7932612238217896e-20, nan 
-20.375, 84.375, 1.6413585285458437e-20, nan 
-20.125, 84.375, 1.5755614048515408e-20, nan 
-19.875, 84.375, 1.34215042204512e-20, nan 
-19.625, 84.375, 1.3440564201375998e-20, nan 
-19.375, 84.375, 1.7826619970071887e-20, nan 
-19.125, 84.375, 2.222135602456219e-20, nan 
-18.875, 84.375, 2.5522439701480557e-20, nan 
-18.625, 84.375, 4.033764588632765e-20, nan 
-18.375, 84.375, 4.160180877748145e-20, nan 
-18.125, 84.375, 4.1343860067491103e-20, nan 
-17.875, 84.375, 4.1152506757927523e-20, nan 
-17.625, 84.375, 4.2259215826891957e-20, nan 
-17.375, 84.375, 4.3740115941384873e-20, nan 
-17.125, 84.375, 4.539586934868469e-20, nan 
-16.875, 84.375, 4.3031897324024576e-20, nan 
-16.625, 84.375, 2.3395590293483148e-20, nan 
-16.375, 84.375, 2.586874850446398e-20, nan 
-16.125, 84.375, 2.8621634618350433e-20, nan 
-15.875, 84.375, 3.152274873157846e-20, nan 
-15.625, 84.375, 3.280710378855516e-20, nan 
-15.375, 84.375, 3.371981544690914e-20, nan 
-15.125, 84.375, 3.4332032568086135e-20, nan 
-14.875, 84.375, 3.506565822863846e-20, nan 
-14.625, 84.375, 3.584900091198144e-20, nan 
-14.375, 84.375, 3.582577791281528e-20, nan 
-14.125, 84.375, 3.3193582738591736e-20, nan 
-13.875, 84.375, 1.6297360192004288e-20, nan 
-13.625, 84.375, 1.356433169230267e-20, nan 
-13.375, 84.375, 1.3190320521485363e-20, nan 
-13.125, 84.375, 1.2055980347252453e-20, nan 
-12.875, 84.375, 1.1781942924483796e-20, nan 
-12.625, 84.375, 1.0523104831678514e-20, nan 
-12.375, 84.375, 9.968380293845347e-21, nan 
-12.125, 84.375, 9.403560208644556e-21, nan 
-11.875, 84.375, 8.823349747613977e-21, nan 
-11.625, 84.375, 8.71044212010951e-21, nan 
-11.375, 84.375, 8.091056440267863e-21, nan 
-11.125, 84.375, 8.437012156602366e-21, nan 
-10.875, 84.375, 9.109369828375836e-21, nan 
-10.625, 84.375, 9.20336142412087e-21, nan 
-10.375, 84.375, 9.07210734031663e-21, nan 
-10.125, 84.375, 8.832519577612311e-21, nan 
-9.875, 84.375, 8.812185167541236e-21, nan 
-9.625, 84.375, 8.827309642393915e-21, nan 
-9.375, 84.375, 8.892425403797947e-21, nan 
-9.125, 84.375, 8.641962607198578e-21, nan 
-8.875, 84.375, 8.576885611321894e-21, nan 
-8.625, 84.375, 8.043340352067475e-21, nan 
-8.375, 84.375, 7.712477554829707e-21, nan 
-8.125, 84.375, 7.463454155373788e-21, nan 
-7.875, 84.375, 7.41948671767445e-21, nan 
-7.625, 84.375, 7.58361600910884e-21, nan 
-7.375, 84.375, 7.371863703248443e-21, nan 
-7.125, 84.375, 7.012586211541334e-21, nan 
-6.875, 84.375, 6.7380931621272525e-21, nan 
-6.625, 84.375, 7.165940216685105e-21, nan 
-6.375, 84.375, 7.326201636394915e-21, nan 
-6.125, 84.375, 7.400730185156616e-21, nan 
-5.875, 84.375, 7.306677057712155e-21, nan 
-5.625, 84.375, 7.73947054747984e-21, nan 
-5.375, 84.375, 7.652226011576746e-21, nan 
-5.125, 84.375, 8.075184492770085e-21, nan 
-4.875, 84.375, 8.313829979802991e-21, nan 
-4.625, 84.375, 9.397408488980852e-21, nan 
-4.375, 84.375, 9.889630118072006e-21, nan 
-4.125, 84.375, 1.0748583487526256e-20, nan 
-3.875, 84.375, 1.0947983669737762e-20, nan 
-3.625, 84.375, 1.0580928473415673e-20, nan 
-3.375, 84.375, 1.1070122283708498e-20, nan 
-3.125, 84.375, 1.213361640278725e-20, nan 
-2.875, 84.375, 1.270603411608683e-20, nan 
-2.625, 84.375, 1.324332924738237e-20, nan 
-2.375, 84.375, 1.389878850882662e-20, nan 
-2.125, 84.375, 1.4285804276752496e-20, nan 
-1.875, 84.375, 1.4294315102971145e-20, nan 
-1.625, 84.375, 1.4407915832891472e-20, nan 
-1.375, 84.375, 1.5981291867892802e-20, nan 
-1.125, 84.375, 1.7146743203371675e-20, nan 
-0.875, 84.375, 1.859021680577092e-20, nan 
-0.625, 84.375, 1.851070418702916e-20, nan 
-0.375, 84.375, 1.8422613181659803e-20, nan 
-0.125, 84.375, 1.7182940582506168e-20, nan 
0.125, 84.375, 1.7419738275752288e-20, nan 
0.375, 84.375, 1.7018398955146475e-20, nan 
0.625, 84.375, 1.731885738568103e-20, nan 
0.875, 84.375, 1.9096133753455003e-20, nan 
1.125, 84.375, 1.979816862761016e-20, nan 
1.375, 84.375, 2.1159164479537204e-20, nan 
1.625, 84.375, 2.2958191554471832e-20, nan 
1.875, 84.375, 2.845613411903685e-20, nan 
2.125, 84.375, 2.928208878806225e-20, nan 
2.375, 84.375, 2.891036581602002e-20, nan 
2.625, 84.375, 2.3864327950706e-20, nan 
2.875, 84.375, 2.53141742034321e-20, nan 
3.125, 84.375, 2.5318371702681336e-20, nan 
3.375, 84.375, 2.2970962042801718e-20, nan 
3.625, 84.375, 2.023588562336108e-20, nan 
3.875, 84.375, 1.0885667684819478e-20, nan 
4.125, 84.375, 1.1911961646369618e-20, nan 
4.375, 84.375, 1.3290593780485219e-20, nan 
4.625, 84.375, 1.5891419361831377e-20, nan 
4.875, 84.375, 1.6329469355016385e-20, nan 
5.125, 84.375, 1.641636922329702e-20, nan 
5.375, 84.375, 1.3581685871347405e-20, nan 
5.625, 84.375, 1.4102851252646442e-20, nan 
5.875, 84.375, 1.3981403472516363e-20, nan 
6.125, 84.375, 1.2395213572478809e-20, nan 
6.375, 84.375, 8.84700941279021e-21, nan 
6.625, 84.375, 8.348172549426285e-21, nan 
6.875, 84.375, 7.387608923804841e-21, nan 
7.125, 84.375, 6.271891906981655e-21, nan 
7.375, 84.375, 6.637810721106478e-21, nan 
7.625, 84.375, 6.605867440087921e-21, nan 
7.875, 84.375, 6.6497183731912436e-21, nan 
8.125, 84.375, 6.292700228515486e-21, nan 
8.375, 84.375, 5.319054526293982e-21, nan 
8.625, 84.375, 4.759461479725145e-21, nan 
8.875, 84.375, 4.717559050809142e-21, nan 
9.125, 84.375, 5.043588412195753e-21, nan 
9.375, 84.375, 5.450344971032648e-21, nan 
9.625, 84.375, 5.219997612324329e-21, nan 
9.875, 84.375, 4.215473146132813e-21, nan 
10.125, 84.375, 3.932788896115075e-21, nan 
10.375, 84.375, 4.6286980237166134e-21, nan 
10.625, 84.375, 3.0513104825408797e-21, nan 
10.875, 84.375, 2.6946437979689017e-21, nan 
11.125, 84.375, 2.8210167878372473e-21, nan 
11.375, 84.375, 2.5242012087527944e-21, nan 
11.625, 84.375, 2.1736294732616343e-21, nan 
11.875, 84.375, 2.3821844977667673e-21, nan 
12.125, 84.375, 2.3655261086013122e-21, nan 
12.375, 84.375, 2.5949130906829724e-21, nan 
12.625, 84.375, 2.462232815934703e-21, nan 
12.875, 84.375, 2.4055177461775675e-21, nan 
13.125, 84.375, 3.939954702118993e-21, nan 
13.375, 84.375, 4.579049131274435e-21, nan 
13.625, 84.375, 4.137219394546561e-21, nan 
13.875, 84.375, 3.2695839471387557e-21, nan 
14.125, 84.375, 1.3777982990736815e-21, nan 
14.375, 84.375, 1.3775530713134557e-21, nan 
14.625, 84.375, 2.129713910023773e-21, nan 
14.875, 84.375, 1.5683545112925796e-21, nan 
15.125, 84.375, 1.5376355426611818e-21, nan 
15.375, 84.375, 1.6045675937046277e-21, nan 
15.625, 84.375, 1.4367261286152263e-21, nan 
15.875, 84.375, 4.9405682866135095e-21, nan 
16.125, 84.375, 7.202068366132982e-21, nan 
16.375, 84.375, 6.370070931304506e-21, nan 
16.625, 84.375, 5.103166537684921e-21, nan 
16.875, 84.375, 2.4962459067408533e-21, nan 
17.125, 84.375, 2.0449908509580527e-21, nan 
17.375, 84.375, 2.1253359878320803e-21, nan 
17.625, 84.375, 1.979879700479237e-21, nan 
17.875, 84.375, 1.98672443658596e-21, nan 
18.125, 84.375, 1.8698799719094143e-21, nan 
18.375, 84.375, 1.978784538342453e-21, nan 
18.625, 84.375, 3.3521037234415226e-21, nan 
18.875, 84.375, 4.484422861903585e-21, nan 
19.125, 84.375, 4.238607567141602e-21, nan 
19.375, 84.375, 3.558953372431045e-21, nan 
19.625, 84.375, 2.2566617031784204e-21, nan 
19.875, 84.375, 1.8662629800519794e-21, nan 
20.125, 84.375, 1.738754707451414e-21, nan 
20.375, 84.375, 1.6663101901998456e-21, nan 
20.625, 84.375, 1.5986855471290191e-21, nan 
20.875, 84.375, 1.4643790163203038e-21, nan 
21.125, 84.375, 1.3289151894706108e-21, nan 
21.375, 84.375, 1.1921358238897e-21, nan 
21.625, 84.375, 1.1098674609968314e-21, nan 
21.875, 84.375, 1.0177361779040654e-21, nan 
22.125, 84.375, 9.436006898383128e-22, nan 
22.375, 84.375, 8.777250319946987e-22, nan 
22.625, 84.375, 8.257492915898864e-22, nan 
22.875, 84.375, 7.835959092731167e-22, nan 
23.125, 84.375, 7.452807816772103e-22, nan 
23.375, 84.375, 7.027359751618465e-22, nan 
23.625, 84.375, 6.551766409303657e-22, nan 
23.875, 84.375, 6.188690064158632e-22, nan 
24.125, 84.375, 5.852752891306962e-22, nan 
24.375, 84.375, 5.681099703064933e-22, nan 
24.625, 84.375, 5.540814871086272e-22, nan 
24.875, 84.375, 5.343861408977403e-22, nan 
25.125, 84.375, 5.002759232399883e-22, nan 
25.375, 84.375, 4.828753725577326e-22, nan 
25.625, 84.375, 4.4600651158768085e-22, nan 
25.875, 84.375, 4.28487192332805e-22, nan 
26.125, 84.375, 4.06508293272046e-22, nan 
26.375, 84.375, 3.8384028440446656e-22, nan 
26.625, 84.375, 3.5526890949563315e-22, nan 
26.875, 84.375, 3.389159819570837e-22, nan 
27.125, 84.375, 3.157869278414823e-22, nan 
27.375, 84.375, 3.0448043166430614e-22, nan 
27.625, 84.375, 2.783276000157373e-22, nan 
27.875, 84.375, 2.614135100433351e-22, nan 
28.125, 84.375, 2.532116568825732e-22, nan 
28.375, 84.375, 2.4167618087951973e-22, nan 
28.625, 84.375, 2.2795177926915124e-22, nan 
28.875, 84.375, 2.1664279434350595e-22, nan 
29.125, 84.375, 2.0877490876303202e-22, nan 
29.375, 84.375, 1.926224898201881e-22, nan 
29.625, 84.375, 1.8922546253030154e-22, nan 
29.875, 84.375, 1.8248153780776723e-22, nan 
30.125, 84.375, 1.8018447557273266e-22, nan 
30.375, 84.375, 1.7697720352047539e-22, nan 
30.625, 84.375, 1.7071993118914513e-22, nan 
30.875, 84.375, 1.68496823494099e-22, nan 
31.125, 84.375, 1.6350153213944381e-22, nan 
31.375, 84.375, 1.651518974266499e-22, nan 
31.625, 84.375, 1.6064350798041995e-22, nan 
31.875, 84.375, 1.626861917371547e-22, nan 
32.125, 84.375, 1.6581845181479165e-22, nan 
32.375, 84.375, 1.6403416273831863e-22, nan 
32.625, 84.375, 1.6502051282139856e-22, nan 
32.875, 84.375, 1.6128867100748499e-22, nan 
33.125, 84.375, 1.6740110503177285e-22, nan 
33.375, 84.375, 1.6777702194189704e-22, nan 
33.625, 84.375, 1.656716584357319e-22, nan 
33.875, 84.375, 1.6640933614220193e-22, nan 
34.125, 84.375, 1.6702304626577208e-22, nan 
34.375, 84.375, 1.6649717305382882e-22, nan 
34.625, 84.375, 1.6069746432668788e-22, nan 
34.875, 84.375, 1.5520336693069024e-22, nan 
35.125, 84.375, 1.5021124804583315e-22, nan 
35.375, 84.375, 1.4958376223240298e-22, nan 
35.625, 84.375, 1.4314364938775317e-22, nan 
35.875, 84.375, 1.337945395953257e-22, nan 
36.125, 84.375, 1.3334137767542469e-22, nan 
36.375, 84.375, 1.2957919862428037e-22, nan 
36.625, 84.375, 1.2966217071470566e-22, nan 
36.875, 84.375, 1.213194580955234e-22, nan 
37.125, 84.375, 1.1751741457782725e-22, nan 
37.375, 84.375, 1.0948596024867393e-22, nan 
37.625, 84.375, 1.0327121976283814e-22, nan 
37.875, 84.375, 9.860438711364367e-23, nan 
38.125, 84.375, 9.58907728479582e-23, nan 
38.375, 84.375, 9.254482480287199e-23, nan 
38.625, 84.375, 8.731579737327033e-23, nan 
38.875, 84.375, 7.865140052171971e-23, nan 
39.125, 84.375, 7.992055776225773e-23, nan 
39.375, 84.375, 8.225002796381687e-23, nan 
39.625, 84.375, 8.859136994394069e-23, nan 
39.875, 84.375, 8.867205945640692e-23, nan 
40.125, 84.375, 8.697562592310701e-23, nan 
40.375, 84.375, 8.58182467016193e-23, nan 
40.625, 84.375, 9.329312460477125e-23, nan 
40.875, 84.375, 9.557101759559955e-23, nan 
41.125, 84.375, 9.668934282405913e-23, nan 
41.375, 84.375, 9.791853674093958e-23, nan 
41.625, 84.375, 9.723422752141042e-23, nan 
41.875, 84.375, 9.228846854988601e-23, nan 
42.125, 84.375, 9.251134019764537e-23, nan 
42.375, 84.375, 9.208672152129021e-23, nan 
42.625, 84.375, 9.771331305886192e-23, nan 
42.875, 84.375, 1.0099036311982223e-22, nan 
43.125, 84.375, 1.0301399633169571e-22, nan 
43.375, 84.375, 1.0180443293616895e-22, nan 
43.625, 84.375, 9.899753556016559e-23, nan 
43.875, 84.375, 1.0043824824396892e-22, nan 
44.125, 84.375, 1.030657760128649e-22, nan 
44.375, 84.375, 1.0583274119798013e-22, nan 
44.625, 84.375, 1.0406804445331536e-22, nan 
44.875, 84.375, 1.0504870877983997e-22, nan 
45.125, 84.375, 1.0538521318202917e-22, nan 
45.375, 84.375, 1.002723979557256e-22, nan 
45.625, 84.375, 9.559117173504319e-23, nan 
45.875, 84.375, 9.53115858297791e-23, nan 
46.125, 84.375, 9.918587606256304e-23, nan 
46.375, 84.375, 1.0347029955273577e-22, nan 
46.625, 84.375, 1.0515734099333417e-22, nan 
46.875, 84.375, 9.93286245259909e-23, nan 
47.125, 84.375, 9.880168970911789e-23, nan 
47.375, 84.375, 9.899811466602262e-23, nan 
47.625, 84.375, 9.950389545235635e-23, nan 
47.875, 84.375, 9.864686453553608e-23, nan 
48.125, 84.375, 9.810716974919692e-23, nan 
48.375, 84.375, 1.0422359067981642e-22, nan 
48.625, 84.375, 1.0726968944771995e-22, nan 
48.875, 84.375, 1.0567697802159044e-22, nan 
49.125, 84.375, 1.0378920290207118e-22, nan 
49.375, 84.375, 1.0203301779793095e-22, nan 
49.625, 84.375, 1.011033214349377e-22, nan 
49.875, 84.375, 9.659254633058074e-23, nan 
50.125, 84.375, 9.258809474023626e-23, nan 
50.375, 84.375, 9.484939565635608e-23, nan 
50.625, 84.375, 9.254989958722657e-23, nan 
50.875, 84.375, 9.228074584263353e-23, nan 
51.125, 84.375, 8.795543346079426e-23, nan 
51.375, 84.375, 8.741220917297423e-23, nan 
51.625, 84.375, 8.783531549342668e-23, nan 
51.875, 84.375, 8.836640629543561e-23, nan 
52.125, 84.375, 8.49045867085445e-23, nan 
52.375, 84.375, 8.083294064992851e-23, nan 
52.625, 84.375, 8.375145093463409e-23, nan 
52.875, 84.375, 8.741943859460383e-23, nan 
53.125, 84.375, 8.73843094204318e-23, nan 
53.375, 84.375, 7.766726328233241e-23, nan 
53.625, 84.375, 7.794005253136418e-23, nan 
53.875, 84.375, 8.348264034968469e-23, nan 
54.125, 84.375, 7.586998672320056e-23, nan 
54.375, 84.375, 7.327578700774341e-23, nan 
54.625, 84.375, 6.949827342698198e-23, nan 
54.875, 84.375, 6.936442348020166e-23, nan 
55.125, 84.375, 7.554668973941338e-23, nan 
55.375, 84.375, 7.908597623358099e-23, nan 
55.625, 84.375, 7.864448242737675e-23, nan 
55.875, 84.375, 8.02218473219917e-23, nan 
56.125, 84.375, 8.905258897539655e-23, nan 
56.375, 84.375, 8.926194348543021e-23, nan 
56.625, 84.375, 8.519579519264672e-23, nan 
56.875, 84.375, 8.058638777875994e-23, nan 
57.125, 84.375, 8.715707206888446e-23, nan 
57.375, 84.375, 9.578507332162978e-23, nan 
57.625, 84.375, 9.605252347090179e-23, nan 
57.875, 84.375, 8.237604317316362e-23, nan 
58.125, 84.375, 8.524989720304743e-23, nan 
58.375, 84.375, 8.150352465708249e-23, nan 
58.625, 84.375, 7.976367622970164e-23, nan 
58.875, 84.375, 7.374749967366521e-23, nan 
59.125, 84.375, 7.08300034749801e-23, nan 
59.375, 84.375, 7.309946916394749e-23, nan 
59.625, 84.375, 7.485453477423973e-23, nan 
59.875, 84.375, 7.639038637766998e-23, nan 
60.125, 84.375, 6.733815656658672e-23, nan 
60.375, 84.375, 6.565977168258984e-23, nan 
60.625, 84.375, 6.942721354999951e-23, nan 
60.875, 84.375, 7.317850550649129e-23, nan 
61.125, 84.375, 7.566816285839822e-23, nan 
61.375, 84.375, 7.398735392388936e-23, nan 
61.625, 84.375, 7.024977661635583e-23, nan 
61.875, 84.375, 7.105056371250161e-23, nan 
62.125, 84.375, 7.067956943830681e-23, nan 
62.375, 84.375, 6.833696418873538e-23, nan 
62.625, 84.375, 6.9481402100886e-23, nan 
62.875, 84.375, 7.221302999472353e-23, nan 
63.125, 84.375, 7.114174067286511e-23, nan 
63.375, 84.375, 7.00757567657536e-23, nan 
63.625, 84.375, 6.949850201246484e-23, nan 
63.875, 84.375, 6.956343077081343e-23, nan 
64.125, 84.375, 6.897444269576299e-23, nan 
64.375, 84.375, 6.752440951611998e-23, nan 
64.625, 84.375, 6.758711026211247e-23, nan 
64.875, 84.375, 6.749479072314888e-23, nan 
65.125, 84.375, 6.86428722724318e-23, nan 
65.375, 84.375, 6.991572598826794e-23, nan 
65.625, 84.375, 7.55198636022649e-23, nan 
65.875, 84.375, 8.01892719050261e-23, nan 
66.125, 84.375, 8.193983890199616e-23, nan 
66.375, 84.375, 8.732638723962362e-23, nan 
66.625, 84.375, 9.882540003255517e-23, nan 
66.875, 84.375, 1.2763586164570985e-22, nan 
67.125, 84.375, 1.0797830197971283e-22, nan 
67.375, 84.375, 1.0141981456154873e-22, nan 
67.625, 84.375, 1.1145385512083553e-22, nan 
67.875, 84.375, 1.2178533490599087e-22, nan 
68.125, 84.375, 1.1682296752548583e-22, nan 
68.375, 84.375, 1.180324955514029e-22, nan 
68.625, 84.375, 1.233034106538908e-22, nan 
68.875, 84.375, 9.292925387271484e-23, nan 
69.125, 84.375, 8.227183960452864e-23, nan 
69.375, 84.375, 7.458158373644454e-23, nan 
69.625, 84.375, 1.115695416028446e-22, nan 
69.875, 84.375, 8.758191164410091e-23, nan 
70.125, 84.375, 6.812572719732998e-23, nan 
70.375, 84.375, 5.99470548371567e-23, nan 
70.625, 84.375, 6.046166816837977e-23, nan 
70.875, 84.375, 5.395443684083545e-23, nan 
71.125, 84.375, 4.6694754320258584e-23, nan 
71.375, 84.375, 4.3980563636315616e-23, nan 
71.625, 84.375, 4.3602278154267885e-23, nan 
71.875, 84.375, 4.8308144526130765e-23, nan 
72.125, 84.375, 4.7945651827646605e-23, nan 
72.375, 84.375, 4.5927178426180806e-23, nan 
72.625, 84.375, 4.5943692358001926e-23, nan 
72.875, 84.375, 4.815309387795325e-23, nan 
73.125, 84.375, 5.010270878123957e-23, nan 
73.375, 84.375, 4.771352632373063e-23, nan 
73.625, 84.375, 4.647426214149764e-23, nan 
73.875, 84.375, 4.8069838003812396e-23, nan 
74.125, 84.375, 5.073158253208812e-23, nan 
74.375, 84.375, 4.5067208860769494e-23, nan 
74.625, 84.375, 4.0572119679073727e-23, nan 
74.875, 84.375, 3.9571336574746903e-23, nan 
75.125, 84.375, 3.831836254691025e-23, nan 
75.375, 84.375, 3.78335127155314e-23, nan 
75.625, 84.375, 3.6610181262350074e-23, nan 
75.875, 84.375, 3.472287334389477e-23, nan 
76.125, 84.375, 3.3474231201333145e-23, nan 
76.375, 84.375, 3.4895826700166946e-23, nan 
76.625, 84.375, 3.5389427286249365e-23, nan 
76.875, 84.375, 3.5446311664792363e-23, nan 
77.125, 84.375, 3.739823496087677e-23, nan 
77.375, 84.375, 4.172672954525636e-23, nan 
77.625, 84.375, 4.281123346715684e-23, nan 
77.875, 84.375, 4.3166771662790224e-23, nan 
78.125, 84.375, 4.28104495916768e-23, nan 
78.375, 84.375, 4.5703368188958244e-23, nan 
78.625, 84.375, 4.973847079808934e-23, nan 
78.875, 84.375, 5.652683172982837e-23, nan 
79.125, 84.375, 5.1045273935602064e-23, nan 
79.375, 84.375, 3.997215377483574e-23, nan 
79.625, 84.375, 4.6884735856850647e-23, nan 
79.875, 84.375, 6.197373322559623e-23, nan 
80.125, 84.375, 6.372353841441895e-23, nan 
80.375, 84.375, 4.1914330707316666e-23, nan 
80.625, 84.375, 4.009338291949877e-23, nan 
80.875, 84.375, 4.107089734847447e-23, nan 
81.125, 84.375, 3.9041618885569726e-23, nan 
81.375, 84.375, 3.6415244110999466e-23, nan 
81.625, 84.375, 3.404447148802727e-23, nan 
81.875, 84.375, 3.6525342973724976e-23, nan 
82.125, 84.375, 4.0245345727473216e-23, nan 
82.375, 84.375, 3.9152031613970617e-23, nan 
82.625, 84.375, 3.6744145202101373e-23, nan 
82.875, 84.375, 3.8349350522935867e-23, nan 
83.125, 84.375, 4.025519065243513e-23, nan 
83.375, 84.375, 3.610466772032869e-23, nan 
83.625, 84.375, 3.9386350780187753e-23, nan 
83.875, 84.375, 4.5800241146823654e-23, nan 
84.125, 84.375, 4.870241566520015e-23, nan 
84.375, 84.375, 4.5484949477981696e-23, nan 
84.625, 84.375, 5.248084578190141e-23, nan 
84.875, 84.375, 5.82383699955012e-23, nan 
85.125, 84.375, 5.581310287855007e-23, nan 
85.375, 84.375, 4.709500983346245e-23, nan 
85.625, 84.375, 3.637600226387754e-23, nan 
85.875, 84.375, 3.6814019581149525e-23, nan 
86.125, 84.375, 3.2738086287721536e-23, nan 
86.375, 84.375, 3.6258513467501764e-23, nan 
86.625, 84.375, 4.1053196935431094e-23, nan 
86.875, 84.375, 4.417643906576036e-23, nan 
87.125, 84.375, 4.4605573388997083e-23, nan 
87.375, 84.375, 4.9578721443991336e-23, nan 
87.625, 84.375, 5.175967987835053e-23, nan 
87.875, 84.375, 5.417240876448251e-23, nan 
88.125, 84.375, 5.279294882357239e-23, nan 
88.375, 84.375, 4.9726264523314353e-23, nan 
88.625, 84.375, 5.011426093626161e-23, nan 
88.875, 84.375, 4.74485637477606e-23, nan 
89.125, 84.375, 4.8495532002189997e-23, nan 
89.375, 84.375, 4.4365270882023477e-23, nan 
89.625, 84.375, 4.1368620222000427e-23, nan 
89.875, 84.375, 4.371843422709419e-23, nan 
90.125, 84.375, 4.71317118768542e-23, nan 
90.375, 84.375, 4.6236972171198945e-23, nan 
90.625, 84.375, 3.61752872418932e-23, nan 
90.875, 84.375, 2.995779964590571e-23, nan 
91.125, 84.375, 3.47107032139952e-23, nan 
91.375, 84.375, 3.365468082635823e-23, nan 
91.625, 84.375, 2.884146359071586e-23, nan 
91.875, 84.375, 2.860672013001497e-23, nan 
92.125, 84.375, 3.0511820318703465e-23, nan 
92.375, 84.375, 3.288906139145555e-23, nan 
92.625, 84.375, 3.265095489926073e-23, nan 
92.875, 84.375, 3.347955984154239e-23, nan 
93.125, 84.375, 3.8001288499598524e-23, nan 
93.375, 84.375, 4.37314322744903e-23, nan 
93.625, 84.375, 4.8052676328888744e-23, nan 
93.875, 84.375, 4.826236758394832e-23, nan 
94.125, 84.375, 5.55148125908637e-23, nan 
94.375, 84.375, 6.790529328102168e-23, nan 
94.625, 84.375, 7.391142738955849e-23, nan 
94.875, 84.375, 5.950095415924378e-23, nan 
95.125, 84.375, 3.396099895133432e-23, nan 
95.375, 84.375, 4.2640389035528675e-23, nan 
95.625, 84.375, 6.870988809758015e-23, nan 
95.875, 84.375, 4.9213227216404156e-23, nan 
96.125, 84.375, 5.984760790316655e-23, nan 
96.375, 84.375, 7.604772571308704e-23, nan 
96.625, 84.375, 7.331296255110983e-23, nan 
96.875, 84.375, 8.891378763327399e-23, nan 
97.125, 84.375, 1.1116815631303208e-22, nan 
97.375, 84.375, 1.2508557240297657e-22, nan 
97.625, 84.375, 9.396753647395935e-23, nan 
97.875, 84.375, 1.7045781131026536e-23, nan 
98.125, 84.375, 5.091155261571485e-23, nan 
98.375, 84.375, 1.0751702395816478e-22, nan 
98.625, 84.375, 3.331096001718413e-23, nan 
98.875, 84.375, 2.025657105488252e-23, nan 
99.125, 84.375, 5.926294318030645e-23, nan 
99.375, 84.375, 6.112827884941757e-23, nan 
99.625, 84.375, 7.067889078882048e-23, nan 
99.875, 84.375, 7.643471662857333e-23, nan 
100.125, 84.375, 8.558787987084237e-23, nan 
100.375, 84.375, 7.871923261163577e-23, nan 
100.625, 84.375, 8.067127439479514e-23, nan 
100.875, 84.375, 9.808548864409509e-23, nan 
101.125, 84.375, 1.3126009214033772e-22, nan 
101.375, 84.375, 1.1981286481517483e-22, nan 
101.625, 84.375, 1.0121611556287666e-22, nan 
101.875, 84.375, 1.2129104805020986e-22, nan 
102.125, 84.375, 1.336840504426589e-22, nan 
102.375, 84.375, 9.788251727640877e-23, nan 
102.625, 84.375, 7.338513753046619e-23, nan 
102.875, 84.375, 6.997835054714007e-23, nan 
103.125, 84.375, 5.568744332195088e-23, nan 
103.375, 84.375, 4.96461531342913e-23, nan 
103.625, 84.375, 6.904629029955891e-23, nan 
103.875, 84.375, 1.3165625468712431e-22, nan 
104.125, 84.375, 1.2349873330024718e-22, nan 
104.375, 84.375, 6.97552236890593e-23, nan 
104.625, 84.375, 1.2980131704124629e-22, nan 
104.875, 84.375, 1.81911045380285e-22, nan 
105.125, 84.375, 1.1115239019202635e-22, nan 
105.375, 84.375, 6.203664356602372e-23, nan 
105.625, 84.375, 6.606996176817655e-23, nan 
105.875, 84.375, 8.241248472087979e-23, nan 
106.125, 84.375, 8.433099397498626e-23, nan 
106.375, 84.375, 8.622436505726247e-23, nan 
106.625, 84.375, 1.0076874580566717e-22, nan 
106.875, 84.375, 1.032496412014057e-22, nan 
107.125, 84.375, 1.056094988574839e-22, nan 
107.375, 84.375, 9.718815356187557e-23, nan 
107.625, 84.375, 1.0310666172657074e-22, nan 
107.875, 84.375, 8.800202289130141e-23, nan 
108.125, 84.375, 5.308503932848431e-23, nan 
108.375, 84.375, 5.634744093904559e-23, nan 
108.625, 84.375, 4.5157844891454845e-23, nan 
108.875, 84.375, 5.0162335622973486e-23, nan 
109.125, 84.375, 4.0768411523237944e-23, nan 
109.375, 84.375, 3.550910979088088e-23, nan 
109.625, 84.375, 3.557927726838633e-23, nan 
109.875, 84.375, 3.7485000363875733e-23, nan 
110.125, 84.375, 3.7760476074288737e-23, nan 
110.375, 84.375, 3.900150183408897e-23, nan 
110.625, 84.375, 4.589415410574309e-23, nan 
110.875, 84.375, 4.487646749119661e-23, nan 
111.125, 84.375, 5.493624310732419e-23, nan 
111.375, 84.375, 4.984211535681927e-23, nan 
111.625, 84.375, 5.168569798188639e-23, nan 
111.875, 84.375, 4.438298407905515e-23, nan 
112.125, 84.375, 4.403049206262712e-23, nan 
112.375, 84.375, 4.564044266384306e-23, nan 
112.625, 84.375, 4.0919618490339577e-23, nan 
112.875, 84.375, 3.511311843607409e-23, nan 
113.125, 84.375, 3.496633537290389e-23, nan 
113.375, 84.375, 3.5940123888292253e-23, nan 
113.625, 84.375, 3.4066340404481497e-23, nan 
113.875, 84.375, 3.1345429403837437e-23, nan 
114.125, 84.375, 3.787335632842039e-23, nan 
114.375, 84.375, 4.092877744540048e-23, nan 
114.625, 84.375, 4.276708083031276e-23, nan 
114.875, 84.375, 4.3348584546226304e-23, nan 
115.125, 84.375, 4.252748206079254e-23, nan 
115.375, 84.375, 4.8679060595897275e-23, nan 
115.625, 84.375, 5.317680898714252e-23, nan 
115.875, 84.375, 6.202895075201979e-23, nan 
116.125, 84.375, 5.996050144956069e-23, nan 
116.375, 84.375, 5.728040845011998e-23, nan 
116.625, 84.375, 6.070879293953938e-23, nan 
116.875, 84.375, 6.426537297212797e-23, nan 
117.125, 84.375, 6.105808011235459e-23, nan 
117.375, 84.375, 6.234328187202208e-23, nan 
117.625, 84.375, 6.491741307185096e-23, nan 
117.875, 84.375, 5.1079608157930594e-23, nan 
118.125, 84.375, 6.001660183129885e-23, nan 
118.375, 84.375, 5.791415018572889e-23, nan 
118.625, 84.375, 5.526496686482273e-23, nan 
118.875, 84.375, 5.032655282078074e-23, nan 
119.125, 84.375, 5.625873276711032e-23, nan 
119.375, 84.375, 6.487288176314065e-23, nan 
119.625, 84.375, 4.742315661034598e-23, nan 
119.875, 84.375, 4.5782578201271884e-23, nan 
120.125, 84.375, 3.499809649905532e-23, nan 
120.375, 84.375, 1.7494750204387102e-23, nan 
120.625, 84.375, 4.619577137711106e-23, nan 
120.875, 84.375, 6.043081491330793e-23, nan 
121.125, 84.375, 6.33053632233633e-23, nan 
121.375, 84.375, 6.051990302313744e-23, nan 
121.625, 84.375, 5.664216647781883e-23, nan 
121.875, 84.375, 4.896005323376021e-23, nan 
122.125, 84.375, 5.031504865036514e-23, nan 
122.375, 84.375, 5.0707738027475763e-23, nan 
122.625, 84.375, 4.70341224016682e-23, nan 
122.875, 84.375, 4.6965177784599997e-23, nan 
123.125, 84.375, 6.162376462887381e-23, nan 
123.375, 84.375, 6.265917864238036e-23, nan 
123.625, 84.375, 5.1601901800250483e-23, nan 
123.875, 84.375, 4.470865312360955e-23, nan 
124.125, 84.375, 4.998335753064908e-23, nan 
124.375, 84.375, 5.665325300947809e-23, nan 
124.625, 84.375, 6.598177527500983e-23, nan 
124.875, 84.375, 7.33472316929804e-23, nan 
125.125, 84.375, 7.313619497680242e-23, nan 
125.375, 84.375, 7.535439619643931e-23, nan 
125.625, 84.375, 7.936878927886684e-23, nan 
125.875, 84.375, 8.673239652652122e-23, nan 
126.125, 84.375, 9.246874119836773e-23, nan 
126.375, 84.375, 8.474906629413421e-23, nan 
126.625, 84.375, 7.272333467410386e-23, nan 
126.875, 84.375, 4.684679242543515e-23, nan 
127.125, 84.375, 3.469258949125148e-23, nan 
127.375, 84.375, 5.530104694848296e-23, nan 
127.625, 84.375, 7.174161234573335e-23, nan 
127.875, 84.375, 8.046041188413206e-23, nan 
128.125, 84.375, 8.493215029358928e-23, nan 
128.375, 84.375, 9.185652503382534e-23, nan 
128.625, 84.375, 9.217862226540533e-23, nan 
128.875, 84.375, 9.389986591649429e-23, nan 
129.125, 84.375, 8.556019219944123e-23, nan 
129.375, 84.375, 6.977393380669831e-23, nan 
129.625, 84.375, 4.041470913630023e-23, nan 
129.875, 84.375, 4.659760262829309e-23, nan 
130.125, 84.375, 8.942751283146867e-23, nan 
130.375, 84.375, 9.108134394940142e-23, nan 
130.625, 84.375, 8.545376011937648e-23, nan 
130.875, 84.375, 8.669858441706047e-23, nan 
131.125, 84.375, 9.947848095737585e-23, nan 
131.375, 84.375, 9.146084892979761e-23, nan 
131.625, 84.375, 8.959712605172168e-23, nan 
131.875, 84.375, 8.584564911292056e-23, nan 
132.125, 84.375, 8.457946924596259e-23, nan 
132.375, 84.375, 7.794449348484953e-23, nan 
132.625, 84.375, 7.470170185870942e-23, nan 
132.875, 84.375, 7.694059770331556e-23, nan 
133.125, 84.375, 6.462744148505059e-23, nan 
133.375, 84.375, 6.198929464069098e-23, nan 
133.625, 84.375, 6.035649333024101e-23, nan 
133.875, 84.375, 6.380696738776606e-23, nan 
134.125, 84.375, 6.596398353044172e-23, nan 
134.375, 84.375, 6.491226433098373e-23, nan 
134.625, 84.375, 6.213878749591215e-23, nan 
134.875, 84.375, 6.226359655784026e-23, nan 
135.125, 84.375, 6.329204130304894e-23, nan 
135.375, 84.375, 6.85212963557364e-23, nan 
135.625, 84.375, 7.394632854023622e-23, nan 
135.875, 84.375, 7.518889060480571e-23, nan 
136.125, 84.375, 7.118432497170934e-23, nan 
136.375, 84.375, 7.243907987127354e-23, nan 
136.625, 84.375, 7.04907824496546e-23, nan 
136.875, 84.375, 7.234084153925713e-23, nan 
137.125, 84.375, 7.14905126979468e-23, nan 
137.375, 84.375, 7.211006131770536e-23, nan 
137.625, 84.375, 7.269990107008981e-23, nan 
137.875, 84.375, 7.670382289360024e-23, nan 
138.125, 84.375, 8.633033427613361e-23, nan 
138.375, 84.375, 9.598527092054082e-23, nan 
138.625, 84.375, 1.0446720430762611e-22, nan 
138.875, 84.375, 1.1169152147478953e-22, nan 
139.125, 84.375, 1.2114773937056945e-22, nan 
139.375, 84.375, 1.2079169399881533e-22, nan 
139.625, 84.375, 1.2684590322082865e-22, nan 
139.875, 84.375, 1.311074121111296e-22, nan 
140.125, 84.375, 1.3582078260126427e-22, nan 
140.375, 84.375, 1.3117916272792028e-22, nan 
140.625, 84.375, 1.3339306668511156e-22, nan 
140.875, 84.375, 1.3758221145489045e-22, nan 
141.125, 84.375, 1.4129497715757643e-22, nan 
141.375, 84.375, 1.3511706727077049e-22, nan 
141.625, 84.375, 1.2876963291105038e-22, nan 
141.875, 84.375, 1.2617384287159367e-22, nan 
142.125, 84.375, 1.2664102796199031e-22, nan 
142.375, 84.375, 1.1991150123866469e-22, nan 
142.625, 84.375, 1.0848749948220344e-22, nan 
142.875, 84.375, 1.0725628225006136e-22, nan 
143.125, 84.375, 1.1902007360464298e-22, nan 
143.375, 84.375, 8.44078388827325e-23, nan 
143.625, 84.375, 5.710005763171851e-23, nan 
143.875, 84.375, 6.558091390002433e-23, nan 
144.125, 84.375, 6.469889629250398e-23, nan 
144.375, 84.375, 6.801296086830522e-23, nan 
144.625, 84.375, 6.835459969926116e-23, nan 
144.875, 84.375, 6.620979592702807e-23, nan 
145.125, 84.375, 6.247149506832228e-23, nan 
145.375, 84.375, 5.637724179208256e-23, nan 
145.625, 84.375, 5.628245492537735e-23, nan 
145.875, 84.375, 6.364688874211236e-23, nan 
146.125, 84.375, 4.607146299233358e-23, nan 
146.375, 84.375, 1.8475721014967716e-23, nan 
146.625, 84.375, 1.126705187434162e-23, nan 
146.875, 84.375, 1.030994230168902e-23, nan 
147.125, 84.375, 1.0803544177455532e-23, nan 
147.375, 84.375, 1.0803298055250971e-23, nan 
147.625, 84.375, 1.1426805649828599e-23, nan 
147.875, 84.375, 1.2895410663391311e-23, nan 
148.125, 84.375, 1.465984300727815e-23, nan 
148.375, 84.375, 1.492035493985117e-23, nan 
148.625, 84.375, 1.50675580714632e-23, nan 
148.875, 84.375, 1.4961621036391665e-23, nan 
149.125, 84.375, 1.4251057018259102e-23, nan 
149.375, 84.375, 1.289724282167268e-23, nan 
149.625, 84.375, 1.1650566553364166e-23, nan 
149.875, 84.375, 1.1335677609487758e-23, nan 
150.125, 84.375, 9.269714253936813e-24, nan 
150.375, 84.375, 8.596701575142483e-24, nan 
150.625, 84.375, 7.850800143543191e-24, nan 
150.875, 84.375, 7.194476301328127e-24, nan 
151.125, 84.375, 6.821347435178036e-24, nan 
151.375, 84.375, 8.217660066054346e-24, nan 
151.625, 84.375, 8.353231195554738e-24, nan 
151.875, 84.375, 1.030104229605402e-23, nan 
152.125, 84.375, 1.042762114761041e-23, nan 
152.375, 84.375, 9.845470417066878e-24, nan 
152.625, 84.375, 1.1886351536387981e-23, nan 
152.875, 84.375, 1.4094089149997635e-23, nan 
153.125, 84.375, 2.0751784074913817e-23, nan 
153.375, 84.375, 2.701139389448323e-23, nan 
153.625, 84.375, 3.5444305251762144e-23, nan 
153.875, 84.375, 3.304045511696887e-23, nan 
154.125, 84.375, 2.658486550693197e-23, nan 
154.375, 84.375, 2.426246667329348e-23, nan 
154.625, 84.375, 2.3541615072134558e-23, nan 
154.875, 84.375, 2.2178224784650924e-23, nan 
155.125, 84.375, 1.8793642466631797e-23, nan 
155.375, 84.375, 2.5360085408035687e-23, nan 
155.625, 84.375, 2.4076984037012962e-23, nan 
155.875, 84.375, 2.6430647001466792e-23, nan 
156.125, 84.375, 3.6391409436754085e-23, nan 
156.375, 84.375, 5.322406380692898e-23, nan 
156.625, 84.375, 5.03605145955497e-23, nan 
156.875, 84.375, 4.33984740454372e-23, nan 
157.125, 84.375, 4.304711295885172e-23, nan 
157.375, 84.375, 4.2170703157698543e-23, nan 
157.625, 84.375, 3.8387069305343173e-23, nan 
157.875, 84.375, 3.414342815199802e-23, nan 
158.125, 84.375, 3.119212690725052e-23, nan 
158.375, 84.375, 3.137147152726863e-23, nan 
158.625, 84.375, 3.380523129596199e-23, nan 
158.875, 84.375, 3.77892524113454e-23, nan 
159.125, 84.375, 4.446664728398199e-23, nan 
159.375, 84.375, 4.7419599348249874e-23, nan 
159.625, 84.375, 4.316967696089823e-23, nan 
159.875, 84.375, 4.2579390693089055e-23, nan 
160.125, 84.375, 3.9075290213467507e-23, nan 
160.375, 84.375, 3.8355624525959427e-23, nan 
160.625, 84.375, 3.416876800618921e-23, nan 
160.875, 84.375, 2.9740951332669345e-23, nan 
161.125, 84.375, 2.318605091492099e-23, nan 
161.375, 84.375, 2.1260486422574017e-23, nan 
161.625, 84.375, 1.9931685506696354e-23, nan 
161.875, 84.375, 1.6901717330670616e-23, nan 
162.125, 84.375, 1.3003767107421474e-23, nan 
162.375, 84.375, 9.04460250211933e-24, nan 
162.625, 84.375, 6.029422905865333e-24, nan 
162.875, 84.375, 4.9171607905866014e-24, nan 
163.125, 84.375, 5.015519098342639e-24, nan 
163.375, 84.375, 3.4144292820329286e-24, nan 
163.625, 84.375, 3.411724765757843e-24, nan 
163.875, 84.375, 3.565275832353338e-24, nan 
164.125, 84.375, 3.476441394780896e-24, nan 
164.375, 84.375, 2.960132471441643e-24, nan 
164.625, 84.375, 2.840343017627242e-24, nan 
164.875, 84.375, 3.079378549591357e-24, nan 
165.125, 84.375, 3.350912815345774e-24, nan 
165.375, 84.375, 3.354901306356735e-24, nan 
165.625, 84.375, 3.202229719226929e-24, nan 
165.875, 84.375, 3.537077019451705e-24, nan 
166.125, 84.375, 3.753607875144934e-24, nan 
166.375, 84.375, 4.757107238768955e-24, nan 
166.625, 84.375, 5.193813584306242e-24, nan 
166.875, 84.375, 5.092249685646771e-24, nan 
167.125, 84.375, 5.3040840926520034e-24, nan 
167.375, 84.375, 5.1398319547236186e-24, nan 
167.625, 84.375, 4.675522661473963e-24, nan 
167.875, 84.375, 4.560549847010834e-24, nan 
168.125, 84.375, 5.246977660144994e-24, nan 
168.375, 84.375, 5.658172225123e-24, nan 
168.625, 84.375, 4.7355858562860104e-24, nan 
168.875, 84.375, 4.001973993209907e-24, nan 
169.125, 84.375, 3.961216660537853e-24, nan 
169.375, 84.375, 4.487130745469955e-24, nan 
169.625, 84.375, 4.522322940901881e-24, nan 
169.875, 84.375, 4.296938748678741e-24, nan 
170.125, 84.375, 4.320829131195999e-24, nan 
170.375, 84.375, 4.327058279430348e-24, nan 
170.625, 84.375, 4.148422690055962e-24, nan 
170.875, 84.375, 3.621766134989041e-24, nan 
171.125, 84.375, 3.266738853968816e-24, nan 
171.375, 84.375, 3.74066244836033e-24, nan 
171.625, 84.375, 4.280650610240674e-24, nan 
171.875, 84.375, 3.8586080973083965e-24, nan 
172.125, 84.375, 3.3395468903310224e-24, nan 
172.375, 84.375, 3.2718921773649564e-24, nan 
172.625, 84.375, 3.550295953829996e-24, nan 
172.875, 84.375, 3.656261614909172e-24, nan 
173.125, 84.375, 3.786795898639384e-24, nan 
173.375, 84.375, 3.6615481066931044e-24, nan 
173.625, 84.375, 3.9667376179421005e-24, nan 
173.875, 84.375, 4.40427831033064e-24, nan 
174.125, 84.375, 4.273522839456145e-24, nan 
174.375, 84.375, 3.87722157309414e-24, nan 
174.625, 84.375, 3.9762039086589544e-24, nan 
174.875, 84.375, 4.607911869056222e-24, nan 
175.125, 84.375, 4.994716363888199e-24, nan 
175.375, 84.375, 5.0681145359649746e-24, nan 
175.625, 84.375, 5.066476854661527e-24, nan 
175.875, 84.375, 5.64897139665329e-24, nan 
176.125, 84.375, 6.0116189550965135e-24, nan 
176.375, 84.375, 6.1874383775022146e-24, nan 
176.625, 84.375, 6.094219657404371e-24, nan 
176.875, 84.375, 5.8986211502941476e-24, nan 
177.125, 84.375, 5.871373205838428e-24, nan 
177.375, 84.375, 5.904754322981204e-24, nan 
177.625, 84.375, 5.444216953475423e-24, nan 
177.875, 84.375, 5.79606119935629e-24, nan 
178.125, 84.375, 6.058711679483822e-24, nan 
178.375, 84.375, 6.2015049621857486e-24, nan 
178.625, 84.375, 5.843629901711756e-24, nan 
178.875, 84.375, 5.720985619310376e-24, nan 
179.125, 84.375, 6.04395811000413e-24, nan 
179.375, 84.375, 6.782407378131236e-24, nan 
179.625, 84.375, 6.874768339705625e-24, nan 
179.875, 84.375, 6.831401073364696e-24, nan 
-179.875, 84.625, 3.2140885635812407e-23, nan 
-179.625, 84.625, 3.334033160072591e-23, nan 
-179.375, 84.625, 3.200448713906797e-23, nan 
-179.125, 84.625, 9.157382211863428e-24, nan 
-178.875, 84.625, 1.537837927787521e-23, nan 
-178.625, 84.625, 1.6120477114130594e-23, nan 
-178.375, 84.625, 1.9023657011402808e-23, nan 
-178.125, 84.625, 1.7793794885196772e-23, nan 
-177.875, 84.625, 2.1542306709451292e-23, nan 
-177.625, 84.625, 2.1799615636299612e-23, nan 
-177.375, 84.625, 1.967374718006027e-23, nan 
-177.125, 84.625, 1.5947533002217286e-23, nan 
-176.875, 84.625, 1.2414955754039273e-23, nan 
-176.625, 84.625, 1.0327044886100297e-23, nan 
-176.375, 84.625, 1.1731308880141782e-23, nan 
-176.125, 84.625, 1.1354885576102861e-23, nan 
-175.875, 84.625, 8.50093130789326e-24, nan 
-175.625, 84.625, 1.2227989296687858e-23, nan 
-175.375, 84.625, 1.3588070822636495e-23, nan 
-175.125, 84.625, 1.7781374118514686e-23, nan 
-174.875, 84.625, 1.999052699889236e-23, nan 
-174.625, 84.625, 2.0788491461130468e-23, nan 
-174.375, 84.625, 2.2795419182926334e-23, nan 
-174.125, 84.625, 2.3209371587278172e-23, nan 
-173.875, 84.625, 2.1662307136869993e-23, nan 
-173.625, 84.625, 2.2955668207319492e-23, nan 
-173.375, 84.625, 2.2533716844690743e-23, nan 
-173.125, 84.625, 2.111040539685058e-23, nan 
-172.875, 84.625, 2.280401037504903e-23, nan 
-172.625, 84.625, 2.419811337557823e-23, nan 
-172.375, 84.625, 2.3104877431900387e-23, nan 
-172.125, 84.625, 1.9720209628249686e-23, nan 
-171.875, 84.625, 2.0486410037688424e-23, nan 
-171.625, 84.625, 2.2277930836864887e-23, nan 
-171.375, 84.625, 2.1492568352717672e-23, nan 
-171.125, 84.625, 1.86338850351702e-23, nan 
-170.875, 84.625, 1.78627806720454e-23, nan 
-170.625, 84.625, 1.7110763446123784e-23, nan 
-170.375, 84.625, 1.839329737361326e-23, nan 
-170.125, 84.625, 1.6985055419949373e-23, nan 
-169.875, 84.625, 1.8643999486113746e-23, nan 
-169.625, 84.625, 2.1108614091221008e-23, nan 
-169.375, 84.625, 2.1287062067288364e-23, nan 
-169.125, 84.625, 2.769432155710015e-23, nan 
-168.875, 84.625, 3.5012340759323364e-23, nan 
-168.625, 84.625, 3.8043065213318806e-23, nan 
-168.375, 84.625, 3.7675245592705257e-23, nan 
-168.125, 84.625, 3.269846615186495e-23, nan 
-167.875, 84.625, 2.423577403394677e-23, nan 
-167.625, 84.625, 2.5016792010083073e-23, nan 
-167.375, 84.625, 1.718739887065284e-23, nan 
-167.125, 84.625, 1.330895252798903e-23, nan 
-166.875, 84.625, 1.32451310125616e-23, nan 
-166.625, 84.625, 1.0905812162297433e-23, nan 
-166.375, 84.625, 1.7947169791751857e-23, nan 
-166.125, 84.625, 2.811456947445417e-23, nan 
-165.875, 84.625, 2.754637418956977e-23, nan 
-165.625, 84.625, 2.8693401640329017e-23, nan 
-165.375, 84.625, 2.9770242315167894e-23, nan 
-165.125, 84.625, 3.487383308313504e-23, nan 
-164.875, 84.625, 4.288790310078017e-23, nan 
-164.625, 84.625, 5.427428378855042e-23, nan 
-164.375, 84.625, 6.037617946578103e-23, nan 
-164.125, 84.625, 6.687416964046792e-23, nan 
-163.875, 84.625, 6.613952428804089e-23, nan 
-163.625, 84.625, 7.161966457956945e-23, nan 
-163.375, 84.625, 6.916647123113717e-23, nan 
-163.125, 84.625, 7.044726340750197e-23, nan 
-162.875, 84.625, 6.5906325805076e-23, nan 
-162.625, 84.625, 6.54960184193511e-23, nan 
-162.375, 84.625, 6.434210843219102e-23, nan 
-162.125, 84.625, 6.355856418142123e-23, nan 
-161.875, 84.625, 7.426406434713908e-23, nan 
-161.625, 84.625, 7.38950728453068e-23, nan 
-161.375, 84.625, 8.847106512733453e-23, nan 
-161.125, 84.625, 9.098363986577536e-23, nan 
-160.875, 84.625, 9.128043287672588e-23, nan 
-160.625, 84.625, 1.108491446693625e-22, nan 
-160.375, 84.625, 1.7782766555691161e-22, nan 
-160.125, 84.625, 2.068044998409379e-22, nan 
-159.875, 84.625, 2.136603589365971e-22, nan 
-159.625, 84.625, 2.1912456096232754e-22, nan 
-159.375, 84.625, 2.0887684420087137e-22, nan 
-159.125, 84.625, 1.8107707465665268e-22, nan 
-158.875, 84.625, 1.7571296973745231e-22, nan 
-158.625, 84.625, 1.732812837887508e-22, nan 
-158.375, 84.625, 1.7375089619873863e-22, nan 
-158.125, 84.625, 1.7829527848556898e-22, nan 
-157.875, 84.625, 1.818651655351603e-22, nan 
-157.625, 84.625, 1.7380275747093237e-22, nan 
-157.375, 84.625, 1.6914691555233266e-22, nan 
-157.125, 84.625, 1.6753551736879326e-22, nan 
-156.875, 84.625, 1.639387791472939e-22, nan 
-156.625, 84.625, 1.7065175822844196e-22, nan 
-156.375, 84.625, 1.8402427088907412e-22, nan 
-156.125, 84.625, 1.9592248020636127e-22, nan 
-155.875, 84.625, 2.0198986798000092e-22, nan 
-155.625, 84.625, 2.0608678515222147e-22, nan 
-155.375, 84.625, 2.0847357393281008e-22, nan 
-155.125, 84.625, 2.1269408721403136e-22, nan 
-154.875, 84.625, 2.1377989234126344e-22, nan 
-154.625, 84.625, 2.188796069504152e-22, nan 
-154.375, 84.625, 2.1063050354253358e-22, nan 
-154.125, 84.625, 1.9128340310425406e-22, nan 
-153.875, 84.625, 1.1008066578043e-22, nan 
-153.625, 84.625, 1.1116069345748694e-22, nan 
-153.375, 84.625, 1.060162529010968e-22, nan 
-153.125, 84.625, 9.125436785545961e-23, nan 
-152.875, 84.625, 1.0483306754849035e-22, nan 
-152.625, 84.625, 1.1357591436037638e-22, nan 
-152.375, 84.625, 1.2509468893323863e-22, nan 
-152.125, 84.625, 1.592895263999528e-22, nan 
-151.875, 84.625, 1.7626555388267547e-22, nan 
-151.625, 84.625, 1.6424346106187796e-22, nan 
-151.375, 84.625, 1.5410018314951112e-22, nan 
-151.125, 84.625, 1.131119838665932e-22, nan 
-150.875, 84.625, 9.421322083548304e-23, nan 
-150.625, 84.625, 9.28067638890877e-23, nan 
-150.375, 84.625, 7.992983970347879e-23, nan 
-150.125, 84.625, 5.800801916355987e-23, nan 
-149.875, 84.625, 7.015221156476277e-23, nan 
-149.625, 84.625, 1.4061520477515467e-22, nan 
-149.375, 84.625, 1.7241343585344624e-22, nan 
-149.125, 84.625, 1.7650196461358845e-22, nan 
-148.875, 84.625, 1.9206648531694801e-22, nan 
-148.625, 84.625, 2.137982383881332e-22, nan 
-148.375, 84.625, 2.4062627774747485e-22, nan 
-148.125, 84.625, 2.7624751342958813e-22, nan 
-147.875, 84.625, 2.7956874994197e-22, nan 
-147.625, 84.625, 2.591678233973176e-22, nan 
-147.375, 84.625, 2.501890029140403e-22, nan 
-147.125, 84.625, 2.859429325774949e-22, nan 
-146.875, 84.625, 2.9847608912506236e-22, nan 
-146.625, 84.625, 3.157816084083563e-22, nan 
-146.375, 84.625, 3.1481355506507343e-22, nan 
-146.125, 84.625, 3.155997503815443e-22, nan 
-145.875, 84.625, 2.9746487472313086e-22, nan 
-145.625, 84.625, 2.5671626843635708e-22, nan 
-145.375, 84.625, 2.2646811492636875e-22, nan 
-145.125, 84.625, 2.249703644432205e-22, nan 
-144.875, 84.625, 2.490206624631008e-22, nan 
-144.625, 84.625, 2.2870688862735656e-22, nan 
-144.375, 84.625, 2.551205220220941e-22, nan 
-144.125, 84.625, 2.7810123828920005e-22, nan 
-143.875, 84.625, 3.102335361115853e-22, nan 
-143.625, 84.625, 3.109149575641084e-22, nan 
-143.375, 84.625, 3.2883074969632276e-22, nan 
-143.125, 84.625, 3.3446517127624156e-22, nan 
-142.875, 84.625, 3.0585841910003878e-22, nan 
-142.625, 84.625, 2.492788412704998e-22, nan 
-142.375, 84.625, 2.5824594521134105e-22, nan 
-142.125, 84.625, 2.995769735129305e-22, nan 
-141.875, 84.625, 2.8647051160082224e-22, nan 
-141.625, 84.625, 2.3482584130466354e-22, nan 
-141.375, 84.625, 2.29986413592512e-22, nan 
-141.125, 84.625, 2.449459667371648e-22, nan 
-140.875, 84.625, 2.4605897926602278e-22, nan 
-140.625, 84.625, 2.241539539388309e-22, nan 
-140.375, 84.625, 2.317311143576241e-22, nan 
-140.125, 84.625, 2.1737094283485527e-22, nan 
-139.875, 84.625, 1.7222242471893162e-22, nan 
-139.625, 84.625, 1.8273231902392524e-22, nan 
-139.375, 84.625, 2.059807469114588e-22, nan 
-139.125, 84.625, 2.1994879261945226e-22, nan 
-138.875, 84.625, 2.242056979187433e-22, nan 
-138.625, 84.625, 2.3228596730995164e-22, nan 
-138.375, 84.625, 2.4746570213309784e-22, nan 
-138.125, 84.625, 2.5561430824804986e-22, nan 
-137.875, 84.625, 2.711432159878689e-22, nan 
-137.625, 84.625, 2.923965872497743e-22, nan 
-137.375, 84.625, 2.985065748955224e-22, nan 
-137.125, 84.625, 2.4853343766040893e-22, nan 
-136.875, 84.625, 2.1065499280214567e-22, nan 
-136.625, 84.625, 1.5664685736107652e-22, nan 
-136.375, 84.625, 1.6083251866478285e-22, nan 
-136.125, 84.625, 1.428806599758976e-22, nan 
-135.875, 84.625, 1.329855436287391e-22, nan 
-135.625, 84.625, 1.1272333256305294e-22, nan 
-135.375, 84.625, 1.2650697855789455e-22, nan 
-135.125, 84.625, 8.520768854357794e-23, nan 
-134.875, 84.625, 7.878067719672337e-23, nan 
-134.625, 84.625, 8.047545695588328e-23, nan 
-134.375, 84.625, 8.516480787208512e-23, nan 
-134.125, 84.625, 9.486377526380037e-23, nan 
-133.875, 84.625, 1.0563068450600808e-22, nan 
-133.625, 84.625, 1.168094020044575e-22, nan 
-133.375, 84.625, 1.2796772792498084e-22, nan 
-133.125, 84.625, 1.3493815815488995e-22, nan 
-132.875, 84.625, 1.376372397712467e-22, nan 
-132.625, 84.625, 1.4086769103251486e-22, nan 
-132.375, 84.625, 1.3682293495347739e-22, nan 
-132.125, 84.625, 1.4116404590529074e-22, nan 
-131.875, 84.625, 1.509194798327848e-22, nan 
-131.625, 84.625, 1.5313796681231244e-22, nan 
-131.375, 84.625, 1.5655396277015378e-22, nan 
-131.125, 84.625, 1.5477831680427577e-22, nan 
-130.875, 84.625, 1.4515883630327678e-22, nan 
-130.625, 84.625, 1.407263421033319e-22, nan 
-130.375, 84.625, 1.364946292976232e-22, nan 
-130.125, 84.625, 1.3243294475818596e-22, nan 
-129.875, 84.625, 1.2775094270469732e-22, nan 
-129.625, 84.625, 1.2122150751613914e-22, nan 
-129.375, 84.625, 1.1698584513507104e-22, nan 
-129.125, 84.625, 1.1198977700610302e-22, nan 
-128.875, 84.625, 1.0772300777791513e-22, nan 
-128.625, 84.625, 1.0284563988144307e-22, nan 
-128.375, 84.625, 9.512887548503176e-23, nan 
-128.125, 84.625, 8.361070450122152e-23, nan 
-127.875, 84.625, 7.648205389205575e-23, nan 
-127.625, 84.625, 6.734322680140489e-23, nan 
-127.375, 84.625, 7.237664111280384e-23, nan 
-127.125, 84.625, 7.986401182844411e-23, nan 
-126.875, 84.625, 1.0216579761206126e-22, nan 
-126.625, 84.625, 1.146480879525934e-22, nan 
-126.375, 84.625, 1.227329113999665e-22, nan 
-126.125, 84.625, 1.3339153076785787e-22, nan 
-125.875, 84.625, 1.1824078881435768e-22, nan 
-125.625, 84.625, 1.0589540956110643e-22, nan 
-125.375, 84.625, 8.913926362150803e-23, nan 
-125.125, 84.625, 7.108426142535559e-23, nan 
-124.875, 84.625, 5.74359809156395e-23, nan 
-124.625, 84.625, 5.542353501234158e-23, nan 
-124.375, 84.625, 5.569796386325893e-23, nan 
-124.125, 84.625, 5.676437066798981e-23, nan 
-123.875, 84.625, 6.660477833571465e-23, nan 
-123.625, 84.625, 7.704946112660042e-23, nan 
-123.375, 84.625, 9.65282771269221e-23, nan 
-123.125, 84.625, 1.215857181154655e-22, nan 
-122.875, 84.625, 1.5311324337819961e-22, nan 
-122.625, 84.625, 1.7469158549271049e-22, nan 
-122.375, 84.625, 2.021104835719304e-22, nan 
-122.125, 84.625, 2.1341465831077756e-22, nan 
-121.875, 84.625, 2.1781425761283766e-22, nan 
-121.625, 84.625, 2.136201088771105e-22, nan 
-121.375, 84.625, 2.1666935165541835e-22, nan 
-121.125, 84.625, 2.216557724338714e-22, nan 
-120.875, 84.625, 2.033727839813788e-22, nan 
-120.625, 84.625, 1.5842405318105328e-22, nan 
-120.375, 84.625, 1.380052333312278e-22, nan 
-120.125, 84.625, 9.825377897060525e-23, nan 
-119.875, 84.625, 9.864485564143365e-23, nan 
-119.625, 84.625, 2.6233673448576465e-22, nan 
-119.375, 84.625, 3.6301574129235773e-22, nan 
-119.125, 84.625, 4.205701162177848e-22, nan 
-118.875, 84.625, 6.121221589705518e-22, nan 
-118.625, 84.625, 7.111402301117263e-22, nan 
-118.375, 84.625, 7.897959281641473e-22, nan 
-118.125, 84.625, 8.197097567067601e-22, nan 
-117.875, 84.625, 7.718772555953714e-22, nan 
-117.625, 84.625, 7.63536429375071e-22, nan 
-117.375, 84.625, 6.56481340685074e-22, nan 
-117.125, 84.625, 5.305192761414489e-22, nan 
-116.875, 84.625, 4.314254947415527e-22, nan 
-116.625, 84.625, 5.607907916037454e-22, nan 
-116.375, 84.625, 6.56825585393188e-22, nan 
-116.125, 84.625, 7.009138631662179e-22, nan 
-115.875, 84.625, 7.5422543377960555e-22, nan 
-115.625, 84.625, 7.522034042370315e-22, nan 
-115.375, 84.625, 7.211494095041806e-22, nan 
-115.125, 84.625, 6.469209423476735e-22, nan 
-114.875, 84.625, 6.279997086374221e-22, nan 
-114.625, 84.625, 5.344145134914238e-22, nan 
-114.375, 84.625, 4.183550208465023e-22, nan 
-114.125, 84.625, 2.607960639412533e-22, nan 
-113.875, 84.625, 2.410905670515493e-22, nan 
-113.625, 84.625, 2.5517908496541587e-22, nan 
-113.375, 84.625, 2.8472100269041573e-22, nan 
-113.125, 84.625, 3.06853470852823e-22, nan 
-112.875, 84.625, 3.360866943181798e-22, nan 
-112.625, 84.625, 3.589431041294749e-22, nan 
-112.375, 84.625, 4.252030353549292e-22, nan 
-112.125, 84.625, 5.133042559846889e-22, nan 
-111.875, 84.625, 5.990051421159195e-22, nan 
-111.625, 84.625, 6.106224187048454e-22, nan 
-111.375, 84.625, 6.46426108235377e-22, nan 
-111.125, 84.625, 6.766049626369895e-22, nan 
-110.875, 84.625, 6.810951203788239e-22, nan 
-110.625, 84.625, 6.833250081078738e-22, nan 
-110.375, 84.625, 6.584162532070923e-22, nan 
-110.125, 84.625, 6.051926900059691e-22, nan 
-109.875, 84.625, 5.785622108571233e-22, nan 
-109.625, 84.625, 5.544973977220505e-22, nan 
-109.375, 84.625, 5.447146916463237e-22, nan 
-109.125, 84.625, 5.737277539525811e-22, nan 
-108.875, 84.625, 6.037978472919165e-22, nan 
-108.625, 84.625, 6.481410606081935e-22, nan 
-108.375, 84.625, 7.001782764098001e-22, nan 
-108.125, 84.625, 7.298731787432915e-22, nan 
-107.875, 84.625, 7.338640850892006e-22, nan 
-107.625, 84.625, 6.393947881640956e-22, nan 
-107.375, 84.625, 5.680272413493584e-22, nan 
-107.125, 84.625, 5.344454697530092e-22, nan 
-106.875, 84.625, 4.947977823855407e-22, nan 
-106.625, 84.625, 3.9218812690439743e-22, nan 
-106.375, 84.625, 3.9273531577005686e-22, nan 
-106.125, 84.625, 4.008824266704123e-22, nan 
-105.875, 84.625, 4.065945750179993e-22, nan 
-105.625, 84.625, 4.0712140068232196e-22, nan 
-105.375, 84.625, 4.0779714144289026e-22, nan 
-105.125, 84.625, 4.1770455913381916e-22, nan 
-104.875, 84.625, 4.331602099050884e-22, nan 
-104.625, 84.625, 4.33237471217078e-22, nan 
-104.375, 84.625, 4.209048747493922e-22, nan 
-104.125, 84.625, 3.578623765488615e-22, nan 
-103.875, 84.625, 3.496849393745719e-22, nan 
-103.625, 84.625, 3.36211791722266e-22, nan 
-103.375, 84.625, 2.6496627430566296e-22, nan 
-103.125, 84.625, 1.8616621045616766e-22, nan 
-102.875, 84.625, 1.30184945895335e-22, nan 
-102.625, 84.625, 9.301377207713584e-23, nan 
-102.375, 84.625, 9.911501153482094e-23, nan 
-102.125, 84.625, 1.0584908898761493e-22, nan 
-101.875, 84.625, 9.922668490665146e-23, nan 
-101.625, 84.625, 9.817510325598253e-23, nan 
-101.375, 84.625, 9.65049678686427e-23, nan 
-101.125, 84.625, 9.115886149329358e-23, nan 
-100.875, 84.625, 7.871202666232097e-23, nan 
-100.625, 84.625, 6.643346740409618e-23, nan 
-100.375, 84.625, 6.711303008680971e-23, nan 
-100.125, 84.625, 6.438286152104603e-23, nan 
-99.875, 84.625, 6.456538656089969e-23, nan 
-99.625, 84.625, 7.243597520093922e-23, nan 
-99.375, 84.625, 7.693742879034306e-23, nan 
-99.125, 84.625, 7.600351690533945e-23, nan 
-98.875, 84.625, 8.385895711162126e-23, nan 
-98.625, 84.625, 9.679032058711714e-23, nan 
-98.375, 84.625, 9.872172422696863e-23, nan 
-98.125, 84.625, 1.0072456236374747e-22, nan 
-97.875, 84.625, 1.2034916754986355e-22, nan 
-97.625, 84.625, 1.2325742826809095e-22, nan 
-97.375, 84.625, 1.0891338365589948e-22, nan 
-97.125, 84.625, 1.0184696174793327e-22, nan 
-96.875, 84.625, 9.592568091260652e-23, nan 
-96.625, 84.625, 9.200384391859956e-23, nan 
-96.375, 84.625, 9.118361435750452e-23, nan 
-96.125, 84.625, 8.122893423213162e-23, nan 
-95.875, 84.625, 1.1929869277265156e-22, nan 
-95.625, 84.625, 1.7918142024738926e-22, nan 
-95.375, 84.625, 2.1783481256858934e-22, nan 
-95.125, 84.625, 2.7692414323093136e-22, nan 
-94.875, 84.625, 3.437530329802306e-22, nan 
-94.625, 84.625, 3.4192486232849415e-22, nan 
-94.375, 84.625, 3.4917390177315145e-22, nan 
-94.125, 84.625, 3.5176109019105363e-22, nan 
-93.875, 84.625, 3.888589789004114e-22, nan 
-93.625, 84.625, 4.0893549430507117e-22, nan 
-93.375, 84.625, 3.401979258184025e-22, nan 
-93.125, 84.625, 2.781820886756894e-22, nan 
-92.875, 84.625, 2.452612657033721e-22, nan 
-92.625, 84.625, 2.4307574790610483e-22, nan 
-92.375, 84.625, 2.5583283287043573e-22, nan 
-92.125, 84.625, 2.808708450459825e-22, nan 
-91.875, 84.625, 2.845440059113988e-22, nan 
-91.625, 84.625, 3.2290665413500855e-22, nan 
-91.375, 84.625, 3.1733637922769587e-22, nan 
-91.125, 84.625, 3.426260378149931e-22, nan 
-90.875, 84.625, 3.6015125538209093e-22, nan 
-90.625, 84.625, 3.173002161043681e-22, nan 
-90.375, 84.625, 2.5506587572749563e-22, nan 
-90.125, 84.625, 1.9185705814555069e-22, nan 
-89.875, 84.625, 1.7751479307472152e-22, nan 
-89.625, 84.625, 1.555331851608858e-22, nan 
-89.375, 84.625, 1.6572250206393926e-22, nan 
-89.125, 84.625, 2.0536878019775285e-22, nan 
-88.875, 84.625, 1.8879206754323655e-22, nan 
-88.625, 84.625, 1.7236971180868394e-22, nan 
-88.375, 84.625, 1.6899680757235643e-22, nan 
-88.125, 84.625, 2.0006419708580487e-22, nan 
-87.875, 84.625, 2.207479395332689e-22, nan 
-87.625, 84.625, 2.583446915711459e-22, nan 
-87.375, 84.625, 2.826871357973046e-22, nan 
-87.125, 84.625, 2.926535673441918e-22, nan 
-86.875, 84.625, 2.6968204277296314e-22, nan 
-86.625, 84.625, 2.460010195113687e-22, nan 
-86.375, 84.625, 2.5695198181924844e-22, nan 
-86.125, 84.625, 2.4307943572615436e-22, nan 
-85.875, 84.625, 2.246558704757433e-22, nan 
-85.625, 84.625, 1.623538001391631e-22, nan 
-85.375, 84.625, 1.349220869951068e-22, nan 
-85.125, 84.625, 1.3847508252581223e-22, nan 
-84.875, 84.625, 1.746112205899347e-22, nan 
-84.625, 84.625, 1.8661800075934368e-22, nan 
-84.375, 84.625, 1.894483736785498e-22, nan 
-84.125, 84.625, 1.8006457996169697e-22, nan 
-83.875, 84.625, 1.565080327240504e-22, nan 
-83.625, 84.625, 1.415224051028671e-22, nan 
-83.375, 84.625, 1.501263578606627e-22, nan 
-83.125, 84.625, 1.5331056674105686e-22, nan 
-82.875, 84.625, 1.7523634062595545e-22, nan 
-82.625, 84.625, 1.9046426627377322e-22, nan 
-82.375, 84.625, 2.852165346865696e-22, nan 
-82.125, 84.625, 3.3835326028622504e-22, nan 
-81.875, 84.625, 4.1722647641824837e-22, nan 
-81.625, 84.625, 4.1633289322226133e-22, nan 
-81.375, 84.625, 4.714995560027449e-22, nan 
-81.125, 84.625, 5.247378129814097e-22, nan 
-80.875, 84.625, 5.98182108869746e-22, nan 
-80.625, 84.625, 6.691165638374626e-22, nan 
-80.375, 84.625, 6.583891551881559e-22, nan 
-80.125, 84.625, 5.204193219149447e-22, nan 
-79.875, 84.625, 4.463369447658663e-22, nan 
-79.625, 84.625, 5.728315877768056e-22, nan 
-79.375, 84.625, 6.630233844114403e-22, nan 
-79.125, 84.625, 8.698325628047669e-22, nan 
-78.875, 84.625, 9.167307872999812e-22, nan 
-78.625, 84.625, 9.600722181607385e-22, nan 
-78.375, 84.625, 1.0625952361826719e-21, nan 
-78.125, 84.625, 1.1393869873687338e-21, nan 
-77.875, 84.625, 1.2568782859499668e-21, nan 
-77.625, 84.625, 1.235864226344228e-21, nan 
-77.375, 84.625, 1.180382493717938e-21, nan 
-77.125, 84.625, 1.2706663949021381e-21, nan 
-76.875, 84.625, 1.326588543969641e-21, nan 
-76.625, 84.625, 1.3248023542584353e-21, nan 
-76.375, 84.625, 1.3094506352049224e-21, nan 
-76.125, 84.625, 1.342275845449912e-21, nan 
-75.875, 84.625, 1.3809038105677017e-21, nan 
-75.625, 84.625, 1.3973493091421439e-21, nan 
-75.375, 84.625, 1.3254401334949684e-21, nan 
-75.125, 84.625, 1.418908553328709e-21, nan 
-74.875, 84.625, 1.268014425088481e-21, nan 
-74.625, 84.625, 1.479659529148806e-21, nan 
-74.375, 84.625, 1.751659861583069e-21, nan 
-74.125, 84.625, 1.4648451714921485e-21, nan 
-73.875, 84.625, 1.2474140721397542e-21, nan 
-73.625, 84.625, 1.0015703209437237e-21, nan 
-73.375, 84.625, 8.369535262027407e-22, nan 
-73.125, 84.625, 1.0257849263904473e-21, nan 
-72.875, 84.625, 1.399221365232277e-21, nan 
-72.625, 84.625, 1.772618758573605e-21, nan 
-72.375, 84.625, 1.773039775832798e-21, nan 
-72.125, 84.625, 1.818527180302466e-21, nan 
-71.875, 84.625, 1.8944081565798405e-21, nan 
-71.625, 84.625, 1.951887464103349e-21, nan 
-71.375, 84.625, 1.9922303585465786e-21, nan 
-71.125, 84.625, 2.0064446277822506e-21, nan 
-70.875, 84.625, 1.921651030648371e-21, nan 
-70.625, 84.625, 1.820530816342485e-21, nan 
-70.375, 84.625, 1.8349626116154383e-21, nan 
-70.125, 84.625, 1.6793642201140564e-21, nan 
-69.875, 84.625, 1.410552907252102e-21, nan 
-69.625, 84.625, 1.2646530843357918e-21, nan 
-69.375, 84.625, 1.2732928265354502e-21, nan 
-69.125, 84.625, 1.2521961586995778e-21, nan 
-68.875, 84.625, 1.224498093975513e-21, nan 
-68.625, 84.625, 1.220799092605877e-21, nan 
-68.375, 84.625, 1.1455473450569633e-21, nan 
-68.125, 84.625, 1.1036869995474592e-21, nan 
-67.875, 84.625, 1.241013370389383e-21, nan 
-67.625, 84.625, 1.3723511217552458e-21, nan 
-67.375, 84.625, 1.1933812487136216e-21, nan 
-67.125, 84.625, 1.0070355515289992e-21, nan 
-66.875, 84.625, 1.007711458163691e-21, nan 
-66.625, 84.625, 9.486654412168666e-22, nan 
-66.375, 84.625, 1.0086740647445783e-21, nan 
-66.125, 84.625, 1.0548662158783086e-21, nan 
-65.875, 84.625, 9.224243851507252e-22, nan 
-65.625, 84.625, 1.0682172189637024e-21, nan 
-65.375, 84.625, 1.0801239415638499e-21, nan 
-65.125, 84.625, 1.2846268025915383e-21, nan 
-64.875, 84.625, 1.5635374341263234e-21, nan 
-64.625, 84.625, 1.7322365768209633e-21, nan 
-64.375, 84.625, 1.82655120657268e-21, nan 
-64.125, 84.625, 1.6910568177687161e-21, nan 
-63.875, 84.625, 1.5824403588137103e-21, nan 
-63.625, 84.625, 1.459098196887874e-21, nan 
-63.375, 84.625, 1.4568382421025198e-21, nan 
-63.125, 84.625, 1.5703080654605106e-21, nan 
-62.875, 84.625, 1.5884771419846582e-21, nan 
-62.625, 84.625, 1.4250056709654854e-21, nan 
-62.375, 84.625, 1.1056892506929763e-21, nan 
-62.125, 84.625, 1.0560719211040296e-21, nan 
-61.875, 84.625, 1.1274069693460973e-21, nan 
-61.625, 84.625, 1.1964242567439417e-21, nan 
-61.375, 84.625, 1.2675465120008249e-21, nan 
-61.125, 84.625, 1.2619781464383415e-21, nan 
-60.875, 84.625, 1.2424993672747494e-21, nan 
-60.625, 84.625, 1.4351622707689403e-21, nan 
-60.375, 84.625, 1.8188802570285e-21, nan 
-60.125, 84.625, 2.1585742088982676e-21, nan 
-59.875, 84.625, 1.8750861798902525e-21, nan 
-59.625, 84.625, 1.0790879486140957e-21, nan 
-59.375, 84.625, 1.1100537709836486e-21, nan 
-59.125, 84.625, 1.2953458170825399e-21, nan 
-58.875, 84.625, 1.4011647724445625e-21, nan 
-58.625, 84.625, 1.464780902972665e-21, nan 
-58.375, 84.625, 1.3479858500388936e-21, nan 
-58.125, 84.625, 1.3668696212732802e-21, nan 
-57.875, 84.625, 1.5865317662350217e-21, nan 
-57.625, 84.625, 1.9656886465237883e-21, nan 
-57.375, 84.625, 2.230072272800177e-21, nan 
-57.125, 84.625, 2.07250916456107e-21, nan 
-56.875, 84.625, 1.5591037396995547e-21, nan 
-56.625, 84.625, 1.3330400866246331e-21, nan 
-56.375, 84.625, 1.2748295502795095e-21, nan 
-56.125, 84.625, 1.3093372224495813e-21, nan 
-55.875, 84.625, 1.3175108714160696e-21, nan 
-55.625, 84.625, 1.2782380244512437e-21, nan 
-55.375, 84.625, 1.3199660803483807e-21, nan 
-55.125, 84.625, 1.5753329016886262e-21, nan 
-54.875, 84.625, 1.73553274867845e-21, nan 
-54.625, 84.625, 1.696543174141007e-21, nan 
-54.375, 84.625, 1.820986092689035e-21, nan 
-54.125, 84.625, 2.613467386640488e-21, nan 
-53.875, 84.625, 3.0215902531528813e-21, nan 
-53.625, 84.625, 2.763060679145881e-21, nan 
-53.375, 84.625, 2.584536929405481e-21, nan 
-53.125, 84.625, 2.59556543534461e-21, nan 
-52.875, 84.625, 3.031801018912819e-21, nan 
-52.625, 84.625, 3.1554986776302293e-21, nan 
-52.375, 84.625, 3.4623161681853316e-21, nan 
-52.125, 84.625, 3.920972120964503e-21, nan 
-51.875, 84.625, 4.353465717899385e-21, nan 
-51.625, 84.625, 4.681948973345314e-21, nan 
-51.375, 84.625, 5.090678030399297e-21, nan 
-51.125, 84.625, 8.09698159721796e-21, nan 
-50.875, 84.625, 8.756447000963304e-21, nan 
-50.625, 84.625, 9.029359683633075e-21, nan 
-50.375, 84.625, 9.20548183758025e-21, nan 
-50.125, 84.625, 9.350312459538392e-21, nan 
-49.875, 84.625, 9.042831416531395e-21, nan 
-49.625, 84.625, 8.012483919229399e-21, nan 
-49.375, 84.625, 8.258357988550036e-21, nan 
-49.125, 84.625, 8.368068445625395e-21, nan 
-48.875, 84.625, 8.471402723888274e-21, nan 
-48.625, 84.625, 8.754445613604263e-21, nan 
-48.375, 84.625, 9.526230279883116e-21, nan 
-48.125, 84.625, 1.0211764894442078e-20, nan 
-47.875, 84.625, 1.0196883979676877e-20, nan 
-47.625, 84.625, 9.94606646745211e-21, nan 
-47.375, 84.625, 1.0726743535678549e-20, nan 
-47.125, 84.625, 1.205299302141991e-20, nan 
-46.875, 84.625, 1.1615373732131526e-20, nan 
-46.625, 84.625, 1.1886974628600124e-20, nan 
-46.375, 84.625, 1.0712912986950335e-20, nan 
-46.125, 84.625, 1.0343759771147264e-20, nan 
-45.875, 84.625, 9.632208341759574e-21, nan 
-45.625, 84.625, 1.0876647728362652e-20, nan 
-45.375, 84.625, 1.1875614775843051e-20, nan 
-45.125, 84.625, 9.231682042938826e-21, nan 
-44.875, 84.625, 4.985171971751096e-21, nan 
-44.625, 84.625, 6.0868955800755476e-21, nan 
-44.375, 84.625, 7.898920740809448e-21, nan 
-44.125, 84.625, 9.352777198763715e-21, nan 
-43.875, 84.625, 1.1354678872107182e-20, nan 
-43.625, 84.625, 9.180737936969252e-21, nan 
-43.375, 84.625, 3.1334885027540107e-21, nan 
-43.125, 84.625, 2.9375553734017467e-21, nan 
-42.875, 84.625, 3.587059332978968e-21, nan 
-42.625, 84.625, 4.465470111295583e-21, nan 
-42.375, 84.625, 4.02949409368607e-21, nan 
-42.125, 84.625, 3.943271733702333e-21, nan 
-41.875, 84.625, 4.390305724836111e-21, nan 
-41.625, 84.625, 5.189800796737663e-21, nan 
-41.375, 84.625, 6.448682841394252e-21, nan 
-41.125, 84.625, 1.074773596324717e-20, nan 
-40.875, 84.625, 1.0450466139358701e-20, nan 
-40.625, 84.625, 9.852491255085585e-21, nan 
-40.375, 84.625, 8.600521179067134e-21, nan 
-40.125, 84.625, 8.770581017661967e-21, nan 
-39.875, 84.625, 1.0472547117180632e-20, nan 
-39.625, 84.625, 1.1499190121879247e-20, nan 
-39.375, 84.625, 1.3217113182069312e-20, nan 
-39.125, 84.625, 1.343292241954856e-20, nan 
-38.875, 84.625, 1.349108586631602e-20, nan 
-38.625, 84.625, 1.3567843519914827e-20, nan 
-38.375, 84.625, 1.312507712115774e-20, nan 
-38.125, 84.625, 1.3579588518302374e-20, nan 
-37.875, 84.625, 1.4086896674027073e-20, nan 
-37.625, 84.625, 1.5453179627187095e-20, nan 
-37.375, 84.625, 1.5712865478336693e-20, nan 
-37.125, 84.625, 1.581120933593511e-20, nan 
-36.875, 84.625, 1.6353776219849716e-20, nan 
-36.625, 84.625, 1.789840830852501e-20, nan 
-36.375, 84.625, 1.8150400095532233e-20, nan 
-36.125, 84.625, 1.7858981132009765e-20, nan 
-35.875, 84.625, 1.6457819423732956e-20, nan 
-35.625, 84.625, 1.4269569898108287e-20, nan 
-35.375, 84.625, 1.3280701932336305e-20, nan 
-35.125, 84.625, 1.2368330485087043e-20, nan 
-34.875, 84.625, 1.3564154996332357e-20, nan 
-34.625, 84.625, 1.3797136073606618e-20, nan 
-34.375, 84.625, 1.4113614315985293e-20, nan 
-34.125, 84.625, 1.3619882217555e-20, nan 
-33.875, 84.625, 1.2323851372384813e-20, nan 
-33.625, 84.625, 1.144604274885721e-20, nan 
-33.375, 84.625, 1.2455725653987358e-20, nan 
-33.125, 84.625, 1.2075256133545145e-20, nan 
-32.875, 84.625, 1.1876851786714378e-20, nan 
-32.625, 84.625, 1.1020420806725407e-20, nan 
-32.375, 84.625, 1.0886480290179262e-20, nan 
-32.125, 84.625, 1.0681296433728263e-20, nan 
-31.875, 84.625, 1.1212646292919287e-20, nan 
-31.625, 84.625, 1.133560120510764e-20, nan 
-31.375, 84.625, 1.189980562640944e-20, nan 
-31.125, 84.625, 1.1196690086976066e-20, nan 
-30.875, 84.625, 1.1577852609971559e-20, nan 
-30.625, 84.625, 1.1845780765816878e-20, nan 
-30.375, 84.625, 1.0847983592966231e-20, nan 
-30.125, 84.625, 1.1150919589749378e-20, nan 
-29.875, 84.625, 1.190072147856184e-20, nan 
-29.625, 84.625, 1.1916815259925032e-20, nan 
-29.375, 84.625, 1.2338094096003988e-20, nan 
-29.125, 84.625, 1.2806907242150728e-20, nan 
-28.875, 84.625, 1.1457157931162066e-20, nan 
-28.625, 84.625, 1.0605172884650522e-20, nan 
-28.375, 84.625, 9.754862741429474e-21, nan 
-28.125, 84.625, 8.904912595626202e-21, nan 
-27.875, 84.625, 9.450395410697313e-21, nan 
-27.625, 84.625, 1.0444431184933551e-20, nan 
-27.375, 84.625, 9.497212679833421e-21, nan 
-27.125, 84.625, 9.704560981762707e-21, nan 
-26.875, 84.625, 1.0065024092672623e-20, nan 
-26.625, 84.625, 1.0570329602331775e-20, nan 
-26.375, 84.625, 1.10944654698536e-20, nan 
-26.125, 84.625, 9.635344674567685e-21, nan 
-25.875, 84.625, 8.166678091867351e-21, nan 
-25.625, 84.625, 7.515089060275193e-21, nan 
-25.375, 84.625, 7.931695727626706e-21, nan 
-25.125, 84.625, 8.333637275436789e-21, nan 
-24.875, 84.625, 7.664837603075057e-21, nan 
-24.625, 84.625, 7.367556565216397e-21, nan 
-24.375, 84.625, 7.14992172189408e-21, nan 
-24.125, 84.625, 7.28462446920461e-21, nan 
-23.875, 84.625, 8.614606731532691e-21, nan 
-23.625, 84.625, 1.0713871561130786e-20, nan 
-23.375, 84.625, 9.813055340945922e-21, nan 
-23.125, 84.625, 1.0670033658331544e-20, nan 
-22.875, 84.625, 1.1090980010263703e-20, nan 
-22.625, 84.625, 1.1115380110327957e-20, nan 
-22.375, 84.625, 1.0118232327319046e-20, nan 
-22.125, 84.625, 9.167199696236498e-21, nan 
-21.875, 84.625, 9.415231454859844e-21, nan 
-21.625, 84.625, 1.0313099940386245e-20, nan 
-21.375, 84.625, 1.2322063560324703e-20, nan 
-21.125, 84.625, 1.2320339564720113e-20, nan 
-20.875, 84.625, 1.1405474751275072e-20, nan 
-20.625, 84.625, 1.0341814079385447e-20, nan 
-20.375, 84.625, 9.292458511410085e-21, nan 
-20.125, 84.625, 8.89576659107445e-21, nan 
-19.875, 84.625, 9.719041643777874e-21, nan 
-19.625, 84.625, 1.3121203108002088e-20, nan 
-19.375, 84.625, 1.4613547435006497e-20, nan 
-19.125, 84.625, 1.5337751341021194e-20, nan 
-18.875, 84.625, 1.6706363050579152e-20, nan 
-18.625, 84.625, 1.794727421402393e-20, nan 
-18.375, 84.625, 1.8908359535209898e-20, nan 
-18.125, 84.625, 2.0165465063613583e-20, nan 
-17.875, 84.625, 2.116886785674426e-20, nan 
-17.625, 84.625, 2.126277051849393e-20, nan 
-17.375, 84.625, 2.177348075408274e-20, nan 
-17.125, 84.625, 2.0128903457312823e-20, nan 
-16.875, 84.625, 2.0151751996823932e-20, nan 
-16.625, 84.625, 1.7978122261552214e-20, nan 
-16.375, 84.625, 1.8729715655839708e-20, nan 
-16.125, 84.625, 1.9464911353345448e-20, nan 
-15.875, 84.625, 2.0549308722662244e-20, nan 
-15.625, 84.625, 2.1153291471397418e-20, nan 
-15.375, 84.625, 2.201446567953191e-20, nan 
-15.125, 84.625, 2.2740730270921124e-20, nan 
-14.875, 84.625, 2.2720228534516344e-20, nan 
-14.625, 84.625, 2.2954872915891902e-20, nan 
-14.375, 84.625, 1.8377474948868636e-20, nan 
-14.125, 84.625, 1.384220450558772e-20, nan 
-13.875, 84.625, 1.2085156566924857e-20, nan 
-13.625, 84.625, 1.1375408927027279e-20, nan 
-13.375, 84.625, 1.0505411198116662e-20, nan 
-13.125, 84.625, 9.767695514785376e-21, nan 
-12.875, 84.625, 9.496459593253403e-21, nan 
-12.625, 84.625, 8.96691470372734e-21, nan 
-12.375, 84.625, 8.534964004195516e-21, nan 
-12.125, 84.625, 8.2942431121577e-21, nan 
-11.875, 84.625, 7.750724006579065e-21, nan 
-11.625, 84.625, 7.188720892069483e-21, nan 
-11.375, 84.625, 7.053221178561239e-21, nan 
-11.125, 84.625, 6.925389692218381e-21, nan 
-10.875, 84.625, 6.952951574613219e-21, nan 
-10.625, 84.625, 7.13625818634317e-21, nan 
-10.375, 84.625, 7.025506518784109e-21, nan 
-10.125, 84.625, 7.026874964386514e-21, nan 
-9.875, 84.625, 7.084852728437353e-21, nan 
-9.625, 84.625, 7.7572240526048e-21, nan 
-9.375, 84.625, 8.176775443033065e-21, nan 
-9.125, 84.625, 8.444548866414546e-21, nan 
-8.875, 84.625, 8.39305717941686e-21, nan 
-8.625, 84.625, 7.471809093398532e-21, nan 
-8.375, 84.625, 7.766118423299111e-21, nan 
-8.125, 84.625, 7.200823240009861e-21, nan 
-7.875, 84.625, 7.8021469568783e-21, nan 
-7.625, 84.625, 6.807340494402237e-21, nan 
-7.375, 84.625, 6.973195985259893e-21, nan 
-7.125, 84.625, 7.461057802477553e-21, nan 
-6.875, 84.625, 8.402171812322906e-21, nan 
-6.625, 84.625, 8.965401381927074e-21, nan 
-6.375, 84.625, 9.090018948451778e-21, nan 
-6.125, 84.625, 8.826253140479895e-21, nan 
-5.875, 84.625, 8.686581500227332e-21, nan 
-5.625, 84.625, 8.960688511956197e-21, nan 
-5.375, 84.625, 9.58246215883922e-21, nan 
-5.125, 84.625, 9.846582985193953e-21, nan 
-4.875, 84.625, 1.0196117091548616e-20, nan 
-4.625, 84.625, 1.0355356583204544e-20, nan 
-4.375, 84.625, 1.054769859060163e-20, nan 
-4.125, 84.625, 1.0848929187270292e-20, nan 
-3.875, 84.625, 1.0837065274566723e-20, nan 
-3.625, 84.625, 1.1021745762941426e-20, nan 
-3.375, 84.625, 1.0615687254499202e-20, nan 
-3.125, 84.625, 1.0344839127193133e-20, nan 
-2.875, 84.625, 1.0130032626240082e-20, nan 
-2.625, 84.625, 1.0469816755519822e-20, nan 
-2.375, 84.625, 1.0929276922708811e-20, nan 
-2.125, 84.625, 1.1591366188611482e-20, nan 
-1.875, 84.625, 1.1905521010546641e-20, nan 
-1.625, 84.625, 1.2428851230234172e-20, nan 
-1.375, 84.625, 1.2443877258977516e-20, nan 
-1.125, 84.625, 1.2668509935649084e-20, nan 
-0.875, 84.625, 1.3103748288480363e-20, nan 
-0.625, 84.625, 1.2780458711349457e-20, nan 
-0.375, 84.625, 1.1996196374291754e-20, nan 
-0.125, 84.625, 1.1290656758906105e-20, nan 
0.125, 84.625, 1.0752280498031154e-20, nan 
0.375, 84.625, 1.1069861524409913e-20, nan 
0.625, 84.625, 1.1486141611251377e-20, nan 
0.875, 84.625, 1.1557715277152281e-20, nan 
1.125, 84.625, 1.8202966306145572e-20, nan 
1.375, 84.625, 2.236650305640748e-20, nan 
1.625, 84.625, 2.279832677164671e-20, nan 
1.875, 84.625, 2.2785884712580184e-20, nan 
2.125, 84.625, 2.3524940144211772e-20, nan 
2.375, 84.625, 2.3479731598577794e-20, nan 
2.625, 84.625, 2.4219224841363996e-20, nan 
2.875, 84.625, 2.386198467161885e-20, nan 
3.125, 84.625, 2.4437651706139842e-20, nan 
3.375, 84.625, 2.5066750324737352e-20, nan 
3.625, 84.625, 3.207798126979772e-20, nan 
3.875, 84.625, 1.9416210345189493e-20, nan 
4.125, 84.625, 1.929551165378128e-20, nan 
4.375, 84.625, 1.9822831032060168e-20, nan 
4.625, 84.625, 2.076285668351802e-20, nan 
4.875, 84.625, 2.12313842149232e-20, nan 
5.125, 84.625, 2.1327514300374415e-20, nan 
5.375, 84.625, 2.1177960889503007e-20, nan 
5.625, 84.625, 2.1042530595859405e-20, nan 
5.875, 84.625, 2.113604024275523e-20, nan 
6.125, 84.625, 2.1078040426434127e-20, nan 
6.375, 84.625, 2.043741526430862e-20, nan 
6.625, 84.625, 9.959938657651824e-21, nan 
6.875, 84.625, 6.953290870962789e-21, nan 
7.125, 84.625, 6.275604053752418e-21, nan 
7.375, 84.625, 6.3286904242396576e-21, nan 
7.625, 84.625, 5.847028850533389e-21, nan 
7.875, 84.625, 6.031338736935908e-21, nan 
8.125, 84.625, 6.061279648098501e-21, nan 
8.375, 84.625, 5.900527422891614e-21, nan 
8.625, 84.625, 5.329261218580532e-21, nan 
8.875, 84.625, 5.157221142750529e-21, nan 
9.125, 84.625, 4.681204382950982e-21, nan 
9.375, 84.625, 3.777077494801887e-21, nan 
9.625, 84.625, 3.479690981766669e-21, nan 
9.875, 84.625, 2.9731959232300293e-21, nan 
10.125, 84.625, 2.0907755027603994e-21, nan 
10.375, 84.625, 2.4472902510253044e-21, nan 
10.625, 84.625, 1.4665265593646207e-21, nan 
10.875, 84.625, 1.2853521596723679e-21, nan 
11.125, 84.625, 1.788343084683248e-21, nan 
11.375, 84.625, 1.9884808770612116e-21, nan 
11.625, 84.625, 2.1599909756069897e-21, nan 
11.875, 84.625, 2.2192068203152363e-21, nan 
12.125, 84.625, 2.0402420732246315e-21, nan 
12.375, 84.625, 1.9708027874798267e-21, nan 
12.625, 84.625, 1.880742960329496e-21, nan 
12.875, 84.625, 1.778157818952372e-21, nan 
13.125, 84.625, 1.6705352973912693e-21, nan 
13.375, 84.625, 1.6918802804916788e-21, nan 
13.625, 84.625, 1.937121690043308e-21, nan 
13.875, 84.625, 2.040659588281813e-21, nan 
14.125, 84.625, 2.6552990841127967e-21, nan 
14.375, 84.625, 3.518243226553756e-21, nan 
14.625, 84.625, 3.373690296080315e-21, nan 
14.875, 84.625, 3.3318650941930058e-21, nan 
15.125, 84.625, 3.722710859733648e-21, nan 
15.375, 84.625, 3.7119740986394856e-21, nan 
15.625, 84.625, 3.2899020915773397e-21, nan 
15.875, 84.625, 3.891958484628664e-21, nan 
16.125, 84.625, 4.758761351099557e-21, nan 
16.375, 84.625, 4.685753235699567e-21, nan 
16.625, 84.625, 3.9808039368631006e-21, nan 
16.875, 84.625, 3.279021651471796e-21, nan 
17.125, 84.625, 3.3794621753243856e-21, nan 
17.375, 84.625, 3.393482380068395e-21, nan 
17.625, 84.625, 2.8989614284382196e-21, nan 
17.875, 84.625, 2.815686332550897e-21, nan 
18.125, 84.625, 2.750395141475566e-21, nan 
18.375, 84.625, 2.5493961348132557e-21, nan 
18.625, 84.625, 2.5628141767110596e-21, nan 
18.875, 84.625, 2.7795857420895074e-21, nan 
19.125, 84.625, 2.826782613708113e-21, nan 
19.375, 84.625, 2.4748318512008244e-21, nan 
19.625, 84.625, 2.1478293595785203e-21, nan 
19.875, 84.625, 2.1380496304495486e-21, nan 
20.125, 84.625, 2.1158078022904388e-21, nan 
20.375, 84.625, 1.6413127686785532e-21, nan 
20.625, 84.625, 1.2241479592683974e-21, nan 
20.875, 84.625, 1.0385391753816443e-21, nan 
21.125, 84.625, 9.799777084079595e-22, nan 
21.375, 84.625, 9.07591357077017e-22, nan 
21.625, 84.625, 8.8659542129074e-22, nan 
21.875, 84.625, 8.625803151332235e-22, nan 
22.125, 84.625, 7.84959975675235e-22, nan 
22.375, 84.625, 7.065767903486502e-22, nan 
22.625, 84.625, 6.301269310297717e-22, nan 
22.875, 84.625, 5.58745792557291e-22, nan 
23.125, 84.625, 5.377873415100396e-22, nan 
23.375, 84.625, 5.0286188517584805e-22, nan 
23.625, 84.625, 4.842518384426386e-22, nan 
23.875, 84.625, 4.288679648477388e-22, nan 
24.125, 84.625, 4.150550634779441e-22, nan 
24.375, 84.625, 3.840658968806873e-22, nan 
24.625, 84.625, 3.5526958431496073e-22, nan 
24.875, 84.625, 3.228583595424532e-22, nan 
25.125, 84.625, 3.0374274193301184e-22, nan 
25.375, 84.625, 2.866651367254162e-22, nan 
25.625, 84.625, 2.65704987158001e-22, nan 
25.875, 84.625, 2.4513849712633645e-22, nan 
26.125, 84.625, 2.261377486614766e-22, nan 
26.375, 84.625, 2.228222932353256e-22, nan 
26.625, 84.625, 2.0984810319292785e-22, nan 
26.875, 84.625, 2.0298880937358461e-22, nan 
27.125, 84.625, 1.88014937189598e-22, nan 
27.375, 84.625, 1.814226611090573e-22, nan 
27.625, 84.625, 1.7992890079285395e-22, nan 
27.875, 84.625, 1.763667998632408e-22, nan 
28.125, 84.625, 1.7801714179950073e-22, nan 
28.375, 84.625, 1.9008277678601796e-22, nan 
28.625, 84.625, 1.898017647878468e-22, nan 
28.875, 84.625, 1.7502335184318437e-22, nan 
29.125, 84.625, 1.7247109853748734e-22, nan 
29.375, 84.625, 1.757770380102081e-22, nan 
29.625, 84.625, 1.804816938556699e-22, nan 
29.875, 84.625, 1.7478759419457434e-22, nan 
30.125, 84.625, 1.849317961893983e-22, nan 
30.375, 84.625, 2.0292417383360327e-22, nan 
30.625, 84.625, 2.1583061253763656e-22, nan 
30.875, 84.625, 2.247123012554869e-22, nan 
31.125, 84.625, 2.295999947398846e-22, nan 
31.375, 84.625, 2.332470135792154e-22, nan 
31.625, 84.625, 2.438341379353351e-22, nan 
31.875, 84.625, 2.45000634986475e-22, nan 
32.125, 84.625, 2.4387525887232475e-22, nan 
32.375, 84.625, 2.432093725215507e-22, nan 
32.625, 84.625, 2.426798677640849e-22, nan 
32.875, 84.625, 2.372589286494066e-22, nan 
33.125, 84.625, 2.3789388879218074e-22, nan 
33.375, 84.625, 2.417112479768863e-22, nan 
33.625, 84.625, 2.4551293496936745e-22, nan 
33.875, 84.625, 2.4257401973929573e-22, nan 
34.125, 84.625, 2.318446686031203e-22, nan 
34.375, 84.625, 2.2661712365508404e-22, nan 
34.625, 84.625, 2.207452432974419e-22, nan 
34.875, 84.625, 2.1625103309468954e-22, nan 
35.125, 84.625, 2.0715845442249775e-22, nan 
35.375, 84.625, 2.0549552636116175e-22, nan 
35.625, 84.625, 1.947760895708937e-22, nan 
35.875, 84.625, 1.855540687726275e-22, nan 
36.125, 84.625, 1.8183681718728913e-22, nan 
36.375, 84.625, 1.7050507882013162e-22, nan 
36.625, 84.625, 1.6453099533219817e-22, nan 
36.875, 84.625, 1.574442176231136e-22, nan 
37.125, 84.625, 1.505504698818218e-22, nan 
37.375, 84.625, 1.4737908427059167e-22, nan 
37.625, 84.625, 1.4224110678853048e-22, nan 
37.875, 84.625, 1.4040230039309818e-22, nan 
38.125, 84.625, 1.3638699302496178e-22, nan 
38.375, 84.625, 1.3324668030318809e-22, nan 
38.625, 84.625, 1.3224733923036412e-22, nan 
38.875, 84.625, 1.2677284113486696e-22, nan 
39.125, 84.625, 1.206442076589941e-22, nan 
39.375, 84.625, 1.1636072987388734e-22, nan 
39.625, 84.625, 1.1754425708166443e-22, nan 
39.875, 84.625, 1.198732305369294e-22, nan 
40.125, 84.625, 1.1668436093958746e-22, nan 
40.375, 84.625, 1.160393694998656e-22, nan 
40.625, 84.625, 1.1540165777360365e-22, nan 
40.875, 84.625, 1.1362386539520131e-22, nan 
41.125, 84.625, 1.1343531086997773e-22, nan 
41.375, 84.625, 1.114058805033858e-22, nan 
41.625, 84.625, 1.0816561649848083e-22, nan 
41.875, 84.625, 1.05119569470323e-22, nan 
42.125, 84.625, 1.0841682152172677e-22, nan 
42.375, 84.625, 1.1229668634752793e-22, nan 
42.625, 84.625, 1.1579986065689532e-22, nan 
42.875, 84.625, 1.1974652020898416e-22, nan 
43.125, 84.625, 1.1731113793731592e-22, nan 
43.375, 84.625, 1.0853181878730038e-22, nan 
43.625, 84.625, 1.0075872434219737e-22, nan 
43.875, 84.625, 9.851412067751745e-23, nan 
44.125, 84.625, 1.0470730675661117e-22, nan 
44.375, 84.625, 1.0900029980575626e-22, nan 
44.625, 84.625, 1.093077722657364e-22, nan 
44.875, 84.625, 1.070439962230815e-22, nan 
45.125, 84.625, 1.060660488815097e-22, nan 
45.375, 84.625, 1.0603386969662157e-22, nan 
45.625, 84.625, 1.0609694059279023e-22, nan 
45.875, 84.625, 1.0408033770893472e-22, nan 
46.125, 84.625, 1.059426005416137e-22, nan 
46.375, 84.625, 1.0506525875536965e-22, nan 
46.625, 84.625, 1.0814851120788574e-22, nan 
46.875, 84.625, 1.069094867236751e-22, nan 
47.125, 84.625, 1.1068302732426319e-22, nan 
47.375, 84.625, 1.0811990591712309e-22, nan 
47.625, 84.625, 1.0222413168467301e-22, nan 
47.875, 84.625, 1.0344580805501094e-22, nan 
48.125, 84.625, 1.0264412079747203e-22, nan 
48.375, 84.625, 1.0517452192276288e-22, nan 
48.625, 84.625, 1.090700048514358e-22, nan 
48.875, 84.625, 1.1301795100701792e-22, nan 
49.125, 84.625, 1.092870570827531e-22, nan 
49.375, 84.625, 1.0893336604971579e-22, nan 
49.625, 84.625, 1.072120495883281e-22, nan 
49.875, 84.625, 1.1072442513865354e-22, nan 
50.125, 84.625, 1.1536128210658556e-22, nan 
50.375, 84.625, 1.1484573167766712e-22, nan 
50.625, 84.625, 1.1751985449367855e-22, nan 
50.875, 84.625, 1.1566132439447201e-22, nan 
51.125, 84.625, 1.169519669939936e-22, nan 
51.375, 84.625, 1.1564014215416913e-22, nan 
51.625, 84.625, 1.1699187033519008e-22, nan 
51.875, 84.625, 1.1562207989405428e-22, nan 
52.125, 84.625, 1.0948764496973613e-22, nan 
52.375, 84.625, 1.0795405532867004e-22, nan 
52.625, 84.625, 1.0455072924975749e-22, nan 
52.875, 84.625, 1.0448123023241952e-22, nan 
53.125, 84.625, 1.0918654156545476e-22, nan 
53.375, 84.625, 1.046073798509823e-22, nan 
53.625, 84.625, 9.903487132942939e-23, nan 
53.875, 84.625, 9.691468138245911e-23, nan 
54.125, 84.625, 9.692914639431415e-23, nan 
54.375, 84.625, 9.772101492657379e-23, nan 
54.625, 84.625, 9.888419279448325e-23, nan 
54.875, 84.625, 9.692733916838351e-23, nan 
55.125, 84.625, 9.993099968424773e-23, nan 
55.375, 84.625, 9.630940142030879e-23, nan 
55.625, 84.625, 8.963090659222785e-23, nan 
55.875, 84.625, 8.22081569384872e-23, nan 
56.125, 84.625, 7.461663537965199e-23, nan 
56.375, 84.625, 7.476827397134527e-23, nan 
56.625, 84.625, 7.768308595399068e-23, nan 
56.875, 84.625, 7.570815023454125e-23, nan 
57.125, 84.625, 7.163701372826852e-23, nan 
57.375, 84.625, 6.998773501954435e-23, nan 
57.625, 84.625, 6.824270902978569e-23, nan 
57.875, 84.625, 6.969359426433103e-23, nan 
58.125, 84.625, 6.814436491471008e-23, nan 
58.375, 84.625, 6.90584378059324e-23, nan 
58.625, 84.625, 6.536968657870515e-23, nan 
58.875, 84.625, 6.349379438470933e-23, nan 
59.125, 84.625, 6.320365806759475e-23, nan 
59.375, 84.625, 6.011770283352688e-23, nan 
59.625, 84.625, 5.897057312256739e-23, nan 
59.875, 84.625, 6.054436680800853e-23, nan 
60.125, 84.625, 5.925431642888717e-23, nan 
60.375, 84.625, 5.767132068058772e-23, nan 
60.625, 84.625, 5.792684840208511e-23, nan 
60.875, 84.625, 6.091855775688849e-23, nan 
61.125, 84.625, 6.322378751464012e-23, nan 
61.375, 84.625, 6.085109141273176e-23, nan 
61.625, 84.625, 5.782159587675113e-23, nan 
61.875, 84.625, 5.934915444200627e-23, nan 
62.125, 84.625, 6.041830845271495e-23, nan 
62.375, 84.625, 5.985613397615677e-23, nan 
62.625, 84.625, 6.222865802923923e-23, nan 
62.875, 84.625, 6.109385299211027e-23, nan 
63.125, 84.625, 6.19123931799062e-23, nan 
63.375, 84.625, 6.391019311835125e-23, nan 
63.625, 84.625, 6.376215153481207e-23, nan 
63.875, 84.625, 6.554508484451354e-23, nan 
64.125, 84.625, 6.642505436001538e-23, nan 
64.375, 84.625, 6.547472591916514e-23, nan 
64.625, 84.625, 6.639887812540183e-23, nan 
64.875, 84.625, 6.506891523443736e-23, nan 
65.125, 84.625, 6.567881720083816e-23, nan 
65.375, 84.625, 6.639930994397646e-23, nan 
65.625, 84.625, 6.937149100594657e-23, nan 
65.875, 84.625, 6.231949173780335e-23, nan 
66.125, 84.625, 5.877508865652821e-23, nan 
66.375, 84.625, 5.75125035985137e-23, nan 
66.625, 84.625, 6.095382871364369e-23, nan 
66.875, 84.625, 6.242762714879666e-23, nan 
67.125, 84.625, 5.88056740354044e-23, nan 
67.375, 84.625, 5.890721982964906e-23, nan 
67.625, 84.625, 6.255487003899466e-23, nan 
67.875, 84.625, 6.23641060913372e-23, nan 
68.125, 84.625, 5.645595679448384e-23, nan 
68.375, 84.625, 4.870363350577692e-23, nan 
68.625, 84.625, 4.391169114919196e-23, nan 
68.875, 84.625, 4.166652220331407e-23, nan 
69.125, 84.625, 4.6668444254252895e-23, nan 
69.375, 84.625, 4.2258017214385516e-23, nan 
69.625, 84.625, 4.0155183495591814e-23, nan 
69.875, 84.625, 3.803139750789107e-23, nan 
70.125, 84.625, 3.927940812367381e-23, nan 
70.375, 84.625, 3.753135320937031e-23, nan 
70.625, 84.625, 3.734839604508563e-23, nan 
70.875, 84.625, 3.447480038759822e-23, nan 
71.125, 84.625, 3.633901195448278e-23, nan 
71.375, 84.625, 3.75320562264321e-23, nan 
71.625, 84.625, 4.097635099569489e-23, nan 
71.875, 84.625, 4.6896800404866506e-23, nan 
72.125, 84.625, 4.855324116741395e-23, nan 
72.375, 84.625, 4.360000049408347e-23, nan 
72.625, 84.625, 3.8079265742340646e-23, nan 
72.875, 84.625, 3.5175568498465824e-23, nan 
73.125, 84.625, 3.7998435917999773e-23, nan 
73.375, 84.625, 4.466684995108061e-23, nan 
73.625, 84.625, 4.62885087371782e-23, nan 
73.875, 84.625, 4.543569473884138e-23, nan 
74.125, 84.625, 4.4456702469269673e-23, nan 
74.375, 84.625, 4.406519185692821e-23, nan 
74.625, 84.625, 4.279108924402099e-23, nan 
74.875, 84.625, 4.1344615665938426e-23, nan 
75.125, 84.625, 4.1791454540843906e-23, nan 
75.375, 84.625, 4.258044063643119e-23, nan 
75.625, 84.625, 4.385276657310473e-23, nan 
75.875, 84.625, 4.658592468233742e-23, nan 
76.125, 84.625, 4.820074205206196e-23, nan 
76.375, 84.625, 4.8905716877626554e-23, nan 
76.625, 84.625, 4.7329571447601693e-23, nan 
76.875, 84.625, 4.5555011277740616e-23, nan 
77.125, 84.625, 4.8060167790977e-23, nan 
77.375, 84.625, 4.811706653125026e-23, nan 
77.625, 84.625, 4.7027646894849747e-23, nan 
77.875, 84.625, 4.8126540900597715e-23, nan 
78.125, 84.625, 4.8206153856468486e-23, nan 
78.375, 84.625, 4.762868249939198e-23, nan 
78.625, 84.625, 4.942331296303243e-23, nan 
78.875, 84.625, 5.0174841233695915e-23, nan 
79.125, 84.625, 4.507308752630605e-23, nan 
79.375, 84.625, 4.388936708148898e-23, nan 
79.625, 84.625, 5.025769293622602e-23, nan 
79.875, 84.625, 6.163054730114315e-23, nan 
80.125, 84.625, 5.99821456557272e-23, nan 
80.375, 84.625, 5.659883783666183e-23, nan 
80.625, 84.625, 5.857470640716395e-23, nan 
80.875, 84.625, 5.715376821169275e-23, nan 
81.125, 84.625, 6.083320045383927e-23, nan 
81.375, 84.625, 6.170253782824946e-23, nan 
81.625, 84.625, 6.647399495775784e-23, nan 
81.875, 84.625, 4.92360420346384e-23, nan 
82.125, 84.625, 3.293826554172636e-23, nan 
82.375, 84.625, 3.3194092451432566e-23, nan 
82.625, 84.625, 3.9774281493301273e-23, nan 
82.875, 84.625, 4.134506380166837e-23, nan 
83.125, 84.625, 4.1917381243916646e-23, nan 
83.375, 84.625, 4.334845171220813e-23, nan 
83.625, 84.625, 4.512323842916223e-23, nan 
83.875, 84.625, 4.878391438508131e-23, nan 
84.125, 84.625, 5.0393450062330675e-23, nan 
84.375, 84.625, 5.082451174397379e-23, nan 
84.625, 84.625, 4.9882461304560304e-23, nan 
84.875, 84.625, 5.063399136996682e-23, nan 
85.125, 84.625, 4.8410077555713773e-23, nan 
85.375, 84.625, 4.445675890343477e-23, nan 
85.625, 84.625, 3.7683916862978975e-23, nan 
85.875, 84.625, 3.807524878209141e-23, nan 
86.125, 84.625, 3.0802043410268e-23, nan 
86.375, 84.625, 2.588954601123657e-23, nan 
86.625, 84.625, 2.447120674470653e-23, nan 
86.875, 84.625, 2.3321673043154035e-23, nan 
87.125, 84.625, 2.378421606379496e-23, nan 
87.375, 84.625, 2.1313360766319382e-23, nan 
87.625, 84.625, 2.1238001341736088e-23, nan 
87.875, 84.625, 2.087347592480238e-23, nan 
88.125, 84.625, 2.1495346209426282e-23, nan 
88.375, 84.625, 2.0304975546343524e-23, nan 
88.625, 84.625, 1.9152365663326456e-23, nan 
88.875, 84.625, 1.9022165438142193e-23, nan 
89.125, 84.625, 1.7474668577089832e-23, nan 
89.375, 84.625, 1.567765711513549e-23, nan 
89.625, 84.625, 1.4149357657430183e-23, nan 
89.875, 84.625, 1.390267355918928e-23, nan 
90.125, 84.625, 1.6664344652307005e-23, nan 
90.375, 84.625, 2.2841907652489347e-23, nan 
90.625, 84.625, 2.687811524380609e-23, nan 
90.875, 84.625, 2.5230154454264854e-23, nan 
91.125, 84.625, 2.5784680391363413e-23, nan 
91.375, 84.625, 2.3807066827071214e-23, nan 
91.625, 84.625, 2.727068226818946e-23, nan 
91.875, 84.625, 2.5136677537201472e-23, nan 
92.125, 84.625, 2.460798844312455e-23, nan 
92.375, 84.625, 2.642404512960155e-23, nan 
92.625, 84.625, 2.774726512401777e-23, nan 
92.875, 84.625, 2.933466381839804e-23, nan 
93.125, 84.625, 3.136904128455232e-23, nan 
93.375, 84.625, 3.280714273811592e-23, nan 
93.625, 84.625, 3.107945713800959e-23, nan 
93.875, 84.625, 3.1629842186383134e-23, nan 
94.125, 84.625, 3.328935570322975e-23, nan 
94.375, 84.625, 3.4647322170140466e-23, nan 
94.625, 84.625, 3.4054802761726854e-23, nan 
94.875, 84.625, 3.4412164517112674e-23, nan 
95.125, 84.625, 3.663928801575391e-23, nan 
95.375, 84.625, 3.8110848856596376e-23, nan 
95.625, 84.625, 4.6495651008037985e-23, nan 
95.875, 84.625, 5.0782020364144935e-23, nan 
96.125, 84.625, 5.814127173446433e-23, nan 
96.375, 84.625, 6.381952522076629e-23, nan 
96.625, 84.625, 6.525042808362639e-23, nan 
96.875, 84.625, 7.534677055684416e-23, nan 
97.125, 84.625, 8.645873605133326e-23, nan 
97.375, 84.625, 9.073358863484412e-23, nan 
97.625, 84.625, 7.845366797736255e-23, nan 
97.875, 84.625, 3.8418112516290716e-23, nan 
98.125, 84.625, 4.296116090645884e-23, nan 
98.375, 84.625, 8.496698320935397e-23, nan 
98.625, 84.625, 6.184160336716554e-23, nan 
98.875, 84.625, 5.434455738517478e-23, nan 
99.125, 84.625, 5.740552875801213e-23, nan 
99.375, 84.625, 5.844970426900979e-23, nan 
99.625, 84.625, 6.512774848659907e-23, nan 
99.875, 84.625, 5.94745049778721e-23, nan 
100.125, 84.625, 6.256730532903546e-23, nan 
100.375, 84.625, 6.123392850208957e-23, nan 
100.625, 84.625, 6.438145917611965e-23, nan 
100.875, 84.625, 7.241904529691892e-23, nan 
101.125, 84.625, 6.877328146026601e-23, nan 
101.375, 84.625, 7.521884483850007e-23, nan 
101.625, 84.625, 6.916660865505372e-23, nan 
101.875, 84.625, 6.397687798672563e-23, nan 
102.125, 84.625, 6.647524716214691e-23, nan 
102.375, 84.625, 5.283660419855301e-23, nan 
102.625, 84.625, 8.076266033404009e-23, nan 
102.875, 84.625, 9.16037356903243e-23, nan 
103.125, 84.625, 9.819487980933362e-23, nan 
103.375, 84.625, 8.677416072653282e-23, nan 
103.625, 84.625, 8.378148230779697e-23, nan 
103.875, 84.625, 1.0247133698569619e-22, nan 
104.125, 84.625, 9.936312473064722e-23, nan 
104.375, 84.625, 8.163153620731716e-23, nan 
104.625, 84.625, 1.1280494115443843e-22, nan 
104.875, 84.625, 1.5712645095086003e-22, nan 
105.125, 84.625, 9.845286660483994e-23, nan 
105.375, 84.625, 1.389268790853752e-22, nan 
105.625, 84.625, 1.6251065538168322e-22, nan 
105.875, 84.625, 1.7824094072464943e-22, nan 
106.125, 84.625, 1.5875094594290208e-22, nan 
106.375, 84.625, 1.3955894433280008e-22, nan 
106.625, 84.625, 1.2804259782573932e-22, nan 
106.875, 84.625, 1.1988594371274832e-22, nan 
107.125, 84.625, 9.720739992992215e-23, nan 
107.375, 84.625, 6.478191379019409e-23, nan 
107.625, 84.625, 7.409734360625971e-23, nan 
107.875, 84.625, 4.6054820079896955e-23, nan 
108.125, 84.625, 3.43310529970782e-23, nan 
108.375, 84.625, 4.8436469941811965e-23, nan 
108.625, 84.625, 5.458028389513281e-23, nan 
108.875, 84.625, 5.280695968640527e-23, nan 
109.125, 84.625, 5.157231279634602e-23, nan 
109.375, 84.625, 5.2861827885217494e-23, nan 
109.625, 84.625, 5.431851226473185e-23, nan 
109.875, 84.625, 5.776010867048548e-23, nan 
110.125, 84.625, 5.980159025359535e-23, nan 
110.375, 84.625, 5.901254051668255e-23, nan 
110.625, 84.625, 6.106338282539974e-23, nan 
110.875, 84.625, 6.685153960271058e-23, nan 
111.125, 84.625, 6.861077800695446e-23, nan 
111.375, 84.625, 6.652353084101804e-23, nan 
111.625, 84.625, 6.580238308561799e-23, nan 
111.875, 84.625, 6.304417698606924e-23, nan 
112.125, 84.625, 6.457643352561751e-23, nan 
112.375, 84.625, 7.338729209964063e-23, nan 
112.625, 84.625, 7.605937024772442e-23, nan 
112.875, 84.625, 7.824982944377131e-23, nan 
113.125, 84.625, 9.3049668984617e-23, nan 
113.375, 84.625, 1.0618395200846187e-22, nan 
113.625, 84.625, 9.942902253188281e-23, nan 
113.875, 84.625, 9.878536046581624e-23, nan 
114.125, 84.625, 1.0395739840484085e-22, nan 
114.375, 84.625, 9.428120940912553e-23, nan 
114.625, 84.625, 8.869696045231891e-23, nan 
114.875, 84.625, 8.938478935832064e-23, nan 
115.125, 84.625, 5.621738063686084e-23, nan 
115.375, 84.625, 5.645719113064624e-23, nan 
115.625, 84.625, 6.761680806389219e-23, nan 
115.875, 84.625, 9.526596559680349e-23, nan 
116.125, 84.625, 1.1869931215457367e-22, nan 
116.375, 84.625, 1.3046249819168648e-22, nan 
116.625, 84.625, 1.5144216291742384e-22, nan 
116.875, 84.625, 1.5980675158975983e-22, nan 
117.125, 84.625, 1.5411537626014454e-22, nan 
117.375, 84.625, 1.5725271764440372e-22, nan 
117.625, 84.625, 1.627749568017123e-22, nan 
117.875, 84.625, 1.0187522993746347e-22, nan 
118.125, 84.625, 8.456592313340254e-23, nan 
118.375, 84.625, 9.622255653836092e-23, nan 
118.625, 84.625, 9.746148152619208e-23, nan 
118.875, 84.625, 8.977418636950762e-23, nan 
119.125, 84.625, 8.26399079032842e-23, nan 
119.375, 84.625, 8.903275553183684e-23, nan 
119.625, 84.625, 8.575837544397144e-23, nan 
119.875, 84.625, 8.121851851030502e-23, nan 
120.125, 84.625, 7.870718797692843e-23, nan 
120.375, 84.625, 7.990727728718301e-23, nan 
120.625, 84.625, 6.263372746821389e-23, nan 
120.875, 84.625, 7.408590468430826e-23, nan 
121.125, 84.625, 8.630821616767257e-23, nan 
121.375, 84.625, 8.973980912075977e-23, nan 
121.625, 84.625, 9.921382136173626e-23, nan 
121.875, 84.625, 8.348587138579076e-23, nan 
122.125, 84.625, 8.310298351403173e-23, nan 
122.375, 84.625, 8.732759247603912e-23, nan 
122.625, 84.625, 8.502715320020481e-23, nan 
122.875, 84.625, 8.49221430817164e-23, nan 
123.125, 84.625, 7.30840908764367e-23, nan 
123.375, 84.625, 7.099677295137404e-23, nan 
123.625, 84.625, 7.267834599769675e-23, nan 
123.875, 84.625, 7.791197501666262e-23, nan 
124.125, 84.625, 7.634828900353552e-23, nan 
124.375, 84.625, 9.773652864315018e-23, nan 
124.625, 84.625, 9.567354345345992e-23, nan 
124.875, 84.625, 8.913749618091999e-23, nan 
125.125, 84.625, 8.788709924516205e-23, nan 
125.375, 84.625, 9.637081339344807e-23, nan 
125.625, 84.625, 1.0101243367432877e-22, nan 
125.875, 84.625, 9.461527342087e-23, nan 
126.125, 84.625, 1.0027964028815576e-22, nan 
126.375, 84.625, 1.0316627537414503e-22, nan 
126.625, 84.625, 1.0632768859675118e-22, nan 
126.875, 84.625, 9.26729127899817e-23, nan 
127.125, 84.625, 8.375018036962633e-23, nan 
127.375, 84.625, 9.0906242074823e-23, nan 
127.625, 84.625, 6.783945715692856e-23, nan 
127.875, 84.625, 6.763532045199199e-23, nan 
128.125, 84.625, 8.012262745051514e-23, nan 
128.375, 84.625, 8.365022271632738e-23, nan 
128.625, 84.625, 7.90261311964474e-23, nan 
128.875, 84.625, 7.156961069886313e-23, nan 
129.125, 84.625, 8.00808681002381e-23, nan 
129.375, 84.625, 7.177469792953836e-23, nan 
129.625, 84.625, 6.148615769329425e-23, nan 
129.875, 84.625, 6.782578934836846e-23, nan 
130.125, 84.625, 9.145489880106492e-23, nan 
130.375, 84.625, 7.789273477008175e-23, nan 
130.625, 84.625, 8.376033373249911e-23, nan 
130.875, 84.625, 1.1453153010589387e-22, nan 
131.125, 84.625, 1.21594351098361e-22, nan 
131.375, 84.625, 1.3120879852026044e-22, nan 
131.625, 84.625, 1.3445370970666635e-22, nan 
131.875, 84.625, 1.4204538867809913e-22, nan 
132.125, 84.625, 1.352252371421107e-22, nan 
132.375, 84.625, 1.3614245829372447e-22, nan 
132.625, 84.625, 1.3889965337169306e-22, nan 
132.875, 84.625, 1.2938057557177797e-22, nan 
133.125, 84.625, 7.861304285492075e-23, nan 
133.375, 84.625, 6.901647098529944e-23, nan 
133.625, 84.625, 7.722443776785893e-23, nan 
133.875, 84.625, 7.703851444101293e-23, nan 
134.125, 84.625, 7.329213614140655e-23, nan 
134.375, 84.625, 7.405221079142408e-23, nan 
134.625, 84.625, 7.503866635888458e-23, nan 
134.875, 84.625, 7.455337959619173e-23, nan 
135.125, 84.625, 7.368071441968434e-23, nan 
135.375, 84.625, 7.666086841535727e-23, nan 
135.625, 84.625, 7.472416428936871e-23, nan 
135.875, 84.625, 7.105949612206686e-23, nan 
136.125, 84.625, 7.526507803323816e-23, nan 
136.375, 84.625, 7.32784895650592e-23, nan 
136.625, 84.625, 7.421816450202842e-23, nan 
136.875, 84.625, 8.066381560005789e-23, nan 
137.125, 84.625, 8.28824427979815e-23, nan 
137.375, 84.625, 8.265660064509132e-23, nan 
137.625, 84.625, 8.337780346489955e-23, nan 
137.875, 84.625, 8.20051132211506e-23, nan 
138.125, 84.625, 8.469417917358363e-23, nan 
138.375, 84.625, 8.736968684118734e-23, nan 
138.625, 84.625, 9.293116644101895e-23, nan 
138.875, 84.625, 1.0066004954958816e-22, nan 
139.125, 84.625, 1.0812184693879621e-22, nan 
139.375, 84.625, 1.0890637710145062e-22, nan 
139.625, 84.625, 1.165985872577055e-22, nan 
139.875, 84.625, 1.2273933744814745e-22, nan 
140.125, 84.625, 1.2623319405874763e-22, nan 
140.375, 84.625, 1.252341381243656e-22, nan 
140.625, 84.625, 1.2706508177898264e-22, nan 
140.875, 84.625, 1.2549319512311535e-22, nan 
141.125, 84.625, 1.2215772085570467e-22, nan 
141.375, 84.625, 1.1580285540323702e-22, nan 
141.625, 84.625, 1.093089447983401e-22, nan 
141.875, 84.625, 1.0695165220858954e-22, nan 
142.125, 84.625, 1.0861168666018762e-22, nan 
142.375, 84.625, 1.0670077326133175e-22, nan 
142.625, 84.625, 9.942590193737627e-23, nan 
142.875, 84.625, 9.735682813185471e-23, nan 
143.125, 84.625, 1.0061710683633434e-22, nan 
143.375, 84.625, 7.648470109446611e-23, nan 
143.625, 84.625, 4.7382466573873746e-23, nan 
143.875, 84.625, 3.7752587157043126e-23, nan 
144.125, 84.625, 3.5111828231453054e-23, nan 
144.375, 84.625, 3.0896809374298155e-23, nan 
144.625, 84.625, 2.985787784134191e-23, nan 
144.875, 84.625, 3.344987764753767e-23, nan 
145.125, 84.625, 3.4445644685993787e-23, nan 
145.375, 84.625, 3.350414453009201e-23, nan 
145.625, 84.625, 3.1867856985537325e-23, nan 
145.875, 84.625, 2.973892644632317e-23, nan 
146.125, 84.625, 2.420966593609516e-23, nan 
146.375, 84.625, 2.185198762071285e-23, nan 
146.625, 84.625, 2.3555420445534507e-23, nan 
146.875, 84.625, 2.0764974301862823e-23, nan 
147.125, 84.625, 1.5793397184013338e-23, nan 
147.375, 84.625, 1.1630344481978045e-23, nan 
147.625, 84.625, 9.243191895120228e-24, nan 
147.875, 84.625, 1.106308796113852e-23, nan 
148.125, 84.625, 1.5590613685380938e-23, nan 
148.375, 84.625, 1.7626548410925357e-23, nan 
148.625, 84.625, 2.1105750263794265e-23, nan 
148.875, 84.625, 2.5924124097782255e-23, nan 
149.125, 84.625, 3.8332162507719013e-23, nan 
149.375, 84.625, 4.374208936791808e-23, nan 
149.625, 84.625, 5.1991031487103635e-23, nan 
149.875, 84.625, 5.442670469833883e-23, nan 
150.125, 84.625, 5.334212981872781e-23, nan 
150.375, 84.625, 5.319933840126372e-23, nan 
150.625, 84.625, 5.822961764545925e-23, nan 
150.875, 84.625, 6.228220330030733e-23, nan 
151.125, 84.625, 6.043733415942291e-23, nan 
151.375, 84.625, 6.421861966342371e-23, nan 
151.625, 84.625, 5.688242596010337e-23, nan 
151.875, 84.625, 5.759601756850026e-23, nan 
152.125, 84.625, 5.986690374981902e-23, nan 
152.375, 84.625, 6.115050700631432e-23, nan 
152.625, 84.625, 6.611083372774006e-23, nan 
152.875, 84.625, 6.500988342004453e-23, nan 
153.125, 84.625, 6.046422998977506e-23, nan 
153.375, 84.625, 5.483798698924061e-23, nan 
153.625, 84.625, 5.420467122811312e-23, nan 
153.875, 84.625, 5.566975999622108e-23, nan 
154.125, 84.625, 5.347279258274183e-23, nan 
154.375, 84.625, 4.394227329345433e-23, nan 
154.625, 84.625, 4.0553348837490484e-23, nan 
154.875, 84.625, 4.4824075068699014e-23, nan 
155.125, 84.625, 4.811911026743556e-23, nan 
155.375, 84.625, 6.916466099235132e-23, nan 
155.625, 84.625, 6.899566896124529e-23, nan 
155.875, 84.625, 6.197226222507242e-23, nan 
156.125, 84.625, 6.233862032294395e-23, nan 
156.375, 84.625, 7.243941943517114e-23, nan 
156.625, 84.625, 9.012821432612692e-23, nan 
156.875, 84.625, 9.305144310754416e-23, nan 
157.125, 84.625, 9.179297803629247e-23, nan 
157.375, 84.625, 8.946009374524248e-23, nan 
157.625, 84.625, 7.106492732273893e-23, nan 
157.875, 84.625, 5.674268305889543e-23, nan 
158.125, 84.625, 5.038535023177868e-23, nan 
158.375, 84.625, 4.318684921252208e-23, nan 
158.625, 84.625, 3.9435761472892393e-23, nan 
158.875, 84.625, 4.025497964080487e-23, nan 
159.125, 84.625, 4.815668169740401e-23, nan 
159.375, 84.625, 6.3491126182137e-23, nan 
159.625, 84.625, 6.437381836137802e-23, nan 
159.875, 84.625, 6.271532606225676e-23, nan 
160.125, 84.625, 6.077595455525748e-23, nan 
160.375, 84.625, 5.056641015599949e-23, nan 
160.625, 84.625, 4.1050559096689046e-23, nan 
160.875, 84.625, 3.352762211109759e-23, nan 
161.125, 84.625, 2.3567225458744687e-23, nan 
161.375, 84.625, 1.922159739710818e-23, nan 
161.625, 84.625, 1.0540814826776406e-23, nan 
161.875, 84.625, 5.012267680820703e-24, nan 
162.125, 84.625, 5.710758658266275e-24, nan 
162.375, 84.625, 6.093839611112496e-24, nan 
162.625, 84.625, 6.02514608579076e-24, nan 
162.875, 84.625, 5.623144571456445e-24, nan 
163.125, 84.625, 5.754812381523976e-24, nan 
163.375, 84.625, 5.62278924867756e-24, nan 
163.625, 84.625, 5.13177009739607e-24, nan 
163.875, 84.625, 4.805343687809606e-24, nan 
164.125, 84.625, 4.2399729229036566e-24, nan 
164.375, 84.625, 3.796477670074461e-24, nan 
164.625, 84.625, 3.64848219680245e-24, nan 
164.875, 84.625, 3.393455850845159e-24, nan 
165.125, 84.625, 3.67373385300085e-24, nan 
165.375, 84.625, 3.655395169906821e-24, nan 
165.625, 84.625, 3.714961794907335e-24, nan 
165.875, 84.625, 3.172296232672321e-24, nan 
166.125, 84.625, 3.181583353561665e-24, nan 
166.375, 84.625, 2.9617211059479445e-24, nan 
166.625, 84.625, 2.5529267466196116e-24, nan 
166.875, 84.625, 2.150109002220576e-24, nan 
167.125, 84.625, 1.9331149628499727e-24, nan 
167.375, 84.625, 1.3646432035311965e-24, nan 
167.625, 84.625, 1.2039554324026194e-24, nan 
167.875, 84.625, 1.1294531178253267e-24, nan 
168.125, 84.625, 1.8269348882018996e-24, nan 
168.375, 84.625, 3.211348705678192e-24, nan 
168.625, 84.625, 3.5311458953080665e-24, nan 
168.875, 84.625, 3.2953774366504722e-24, nan 
169.125, 84.625, 3.4817377515776685e-24, nan 
169.375, 84.625, 3.2108329221593827e-24, nan 
169.625, 84.625, 3.151335697064248e-24, nan 
169.875, 84.625, 3.2060527540878344e-24, nan 
170.125, 84.625, 3.38977715205459e-24, nan 
170.375, 84.625, 3.318589908871227e-24, nan 
170.625, 84.625, 3.221986342646796e-24, nan 
170.875, 84.625, 2.437977634149909e-24, nan 
171.125, 84.625, 1.9291692263377405e-24, nan 
171.375, 84.625, 2.147009628870606e-24, nan 
171.625, 84.625, 2.2264799885312543e-24, nan 
171.875, 84.625, 2.631489413764628e-24, nan 
172.125, 84.625, 4.313910034153021e-24, nan 
172.375, 84.625, 6.088136807867032e-24, nan 
172.625, 84.625, 7.39366373909813e-24, nan 
172.875, 84.625, 8.639951162412453e-24, nan 
173.125, 84.625, 1.0247898637800496e-23, nan 
173.375, 84.625, 1.2828195189436803e-23, nan 
173.625, 84.625, 1.597540520541148e-23, nan 
173.875, 84.625, 2.1300047585761723e-23, nan 
174.125, 84.625, 2.1486898929852328e-23, nan 
174.375, 84.625, 2.7233347829139593e-23, nan 
174.625, 84.625, 2.7870683741789745e-23, nan 
174.875, 84.625, 2.8061799354339624e-23, nan 
175.125, 84.625, 2.978793616132684e-23, nan 
175.375, 84.625, 2.834554515284372e-23, nan 
175.625, 84.625, 2.5663713367620202e-23, nan 
175.875, 84.625, 2.14288598564216e-23, nan 
176.125, 84.625, 2.711786942286989e-23, nan 
176.375, 84.625, 3.2204006911778095e-23, nan 
176.625, 84.625, 3.533262922872949e-23, nan 
176.875, 84.625, 3.801868186504709e-23, nan 
177.125, 84.625, 3.8070744432947804e-23, nan 
177.375, 84.625, 4.143881213274941e-23, nan 
177.625, 84.625, 4.160750545423829e-23, nan 
177.875, 84.625, 4.151166824936534e-23, nan 
178.125, 84.625, 3.9477237350388993e-23, nan 
178.375, 84.625, 3.5705985971855045e-23, nan 
178.625, 84.625, 3.6353695110623904e-23, nan 
178.875, 84.625, 3.9502552011471533e-23, nan 
179.125, 84.625, 3.8984308077015096e-23, nan 
179.375, 84.625, 3.486263335683772e-23, nan 
179.625, 84.625, 3.4540367960084833e-23, nan 
179.875, 84.625, 3.489537341156224e-23, nan 
-179.875, 84.875, 7.57714110885966e-23, nan 
-179.625, 84.875, 7.36143801782997e-23, nan 
-179.375, 84.875, 6.891110875038364e-23, nan 
-179.125, 84.875, 3.878358067129752e-23, nan 
-178.875, 84.875, 5.537928934001525e-23, nan 
-178.625, 84.875, 5.801486222114348e-23, nan 
-178.375, 84.875, 6.382683693708952e-23, nan 
-178.125, 84.875, 6.224532526893048e-23, nan 
-177.875, 84.875, 6.236661872790985e-23, nan 
-177.625, 84.875, 5.993613026687488e-23, nan 
-177.375, 84.875, 5.66413804074625e-23, nan 
-177.125, 84.875, 5.35434371284194e-23, nan 
-176.875, 84.875, 5.325430471392389e-23, nan 
-176.625, 84.875, 4.990354573751607e-23, nan 
-176.375, 84.875, 2.399575462712633e-23, nan 
-176.125, 84.875, 2.0636482756181668e-23, nan 
-175.875, 84.875, 1.920916672528063e-23, nan 
-175.625, 84.875, 2.151265903475847e-23, nan 
-175.375, 84.875, 2.2421228693053395e-23, nan 
-175.125, 84.875, 2.5640674282611506e-23, nan 
-174.875, 84.875, 2.6020652808775469e-23, nan 
-174.625, 84.875, 2.708634097878707e-23, nan 
-174.375, 84.875, 3.112801780072681e-23, nan 
-174.125, 84.875, 3.4014341566264226e-23, nan 
-173.875, 84.875, 3.157706400426285e-23, nan 
-173.625, 84.875, 3.238272882561574e-23, nan 
-173.375, 84.875, 2.8929454649499823e-23, nan 
-173.125, 84.875, 2.901309066418744e-23, nan 
-172.875, 84.875, 3.139369237381261e-23, nan 
-172.625, 84.875, 3.0991355565490616e-23, nan 
-172.375, 84.875, 3.1341405885234164e-23, nan 
-172.125, 84.875, 1.9170120464142064e-23, nan 
-171.875, 84.875, 1.7913967139132213e-23, nan 
-171.625, 84.875, 2.0839918756423397e-23, nan 
-171.375, 84.875, 2.83280716253327e-23, nan 
-171.125, 84.875, 3.113224342479914e-23, nan 
-170.875, 84.875, 2.5286931764358535e-23, nan 
-170.625, 84.875, 1.667276601440498e-23, nan 
-170.375, 84.875, 1.539666940645971e-23, nan 
-170.125, 84.875, 2.1427976124180944e-23, nan 
-169.875, 84.875, 3.613832796312693e-23, nan 
-169.625, 84.875, 4.7844846599767554e-23, nan 
-169.375, 84.875, 5.237975499358443e-23, nan 
-169.125, 84.875, 6.022608467367356e-23, nan 
-168.875, 84.875, 6.840283806215103e-23, nan 
-168.625, 84.875, 7.917816739291715e-23, nan 
-168.375, 84.875, 8.455537598024573e-23, nan 
-168.125, 84.875, 7.943963471222324e-23, nan 
-167.875, 84.875, 7.247289834703732e-23, nan 
-167.625, 84.875, 4.9762800084430186e-23, nan 
-167.375, 84.875, 3.8501117247943904e-23, nan 
-167.125, 84.875, 5.011940474040268e-23, nan 
-166.875, 84.875, 1.381507803698756e-22, nan 
-166.625, 84.875, 1.5550918387726897e-22, nan 
-166.375, 84.875, 1.6654491737660151e-22, nan 
-166.125, 84.875, 1.7466953526206102e-22, nan 
-165.875, 84.875, 1.7599411816347686e-22, nan 
-165.625, 84.875, 1.774952914777512e-22, nan 
-165.375, 84.875, 1.7886974195162432e-22, nan 
-165.125, 84.875, 1.7972483932651307e-22, nan 
-164.875, 84.875, 1.86946176302161e-22, nan 
-164.625, 84.875, 1.9478726203790319e-22, nan 
-164.375, 84.875, 2.100568536151834e-22, nan 
-164.125, 84.875, 2.164812045415217e-22, nan 
-163.875, 84.875, 2.2741548220431903e-22, nan 
-163.625, 84.875, 2.440495931634519e-22, nan 
-163.375, 84.875, 2.552631128464676e-22, nan 
-163.125, 84.875, 3.016097768569018e-22, nan 
-162.875, 84.875, 3.184281867082504e-22, nan 
-162.625, 84.875, 3.183246863970215e-22, nan 
-162.375, 84.875, 3.1871675364637316e-22, nan 
-162.125, 84.875, 3.1849396652133108e-22, nan 
-161.875, 84.875, 3.157753800003632e-22, nan 
-161.625, 84.875, 3.131176867736587e-22, nan 
-161.375, 84.875, 3.108942478479754e-22, nan 
-161.125, 84.875, 3.1132992189227224e-22, nan 
-160.875, 84.875, 2.921729912755736e-22, nan 
-160.625, 84.875, 2.3091838027294586e-22, nan 
-160.375, 84.875, 2.496454197014358e-22, nan 
-160.125, 84.875, 2.884144668839546e-22, nan 
-159.875, 84.875, 2.937326389230639e-22, nan 
-159.625, 84.875, 3.0152686095801978e-22, nan 
-159.375, 84.875, 3.0224517310965224e-22, nan 
-159.125, 84.875, 2.8759917682154066e-22, nan 
-158.875, 84.875, 2.8360986303040886e-22, nan 
-158.625, 84.875, 2.794642296767529e-22, nan 
-158.375, 84.875, 2.797502026254644e-22, nan 
-158.125, 84.875, 2.7345370899042185e-22, nan 
-157.875, 84.875, 2.330606224904049e-22, nan 
-157.625, 84.875, 1.7927953409882447e-22, nan 
-157.375, 84.875, 1.6605648833846707e-22, nan 
-157.125, 84.875, 1.6271796544567355e-22, nan 
-156.875, 84.875, 1.5972478088131241e-22, nan 
-156.625, 84.875, 1.7051428425429866e-22, nan 
-156.375, 84.875, 1.83748769355837e-22, nan 
-156.125, 84.875, 1.9661310920969936e-22, nan 
-155.875, 84.875, 2.120988200591865e-22, nan 
-155.625, 84.875, 2.170395947590431e-22, nan 
-155.375, 84.875, 2.2060358041194477e-22, nan 
-155.125, 84.875, 2.321205141331632e-22, nan 
-154.875, 84.875, 2.371628718046271e-22, nan 
-154.625, 84.875, 2.449087696651379e-22, nan 
-154.375, 84.875, 2.4782407786426545e-22, nan 
-154.125, 84.875, 2.455641237823393e-22, nan 
-153.875, 84.875, 2.0308625513194578e-22, nan 
-153.625, 84.875, 1.999377648758697e-22, nan 
-153.375, 84.875, 1.8925888539562508e-22, nan 
-153.125, 84.875, 1.5293415166221274e-22, nan 
-152.875, 84.875, 1.3226601631272594e-22, nan 
-152.625, 84.875, 1.0243626105515453e-22, nan 
-152.375, 84.875, 1.2525764489077782e-22, nan 
-152.125, 84.875, 1.6679511200268212e-22, nan 
-151.875, 84.875, 1.8907543905137962e-22, nan 
-151.625, 84.875, 2.125614473096852e-22, nan 
-151.375, 84.875, 2.594726195070647e-22, nan 
-151.125, 84.875, 2.9530491233614243e-22, nan 
-150.875, 84.875, 3.350194320004791e-22, nan 
-150.625, 84.875, 3.6513171092315972e-22, nan 
-150.375, 84.875, 3.726653490657001e-22, nan 
-150.125, 84.875, 3.4823474159271837e-22, nan 
-149.875, 84.875, 2.465562956280238e-22, nan 
-149.625, 84.875, 2.078521400646288e-22, nan 
-149.375, 84.875, 2.2204575881506976e-22, nan 
-149.125, 84.875, 2.304532767747446e-22, nan 
-148.875, 84.875, 2.4584601525928806e-22, nan 
-148.625, 84.875, 2.7555203897488394e-22, nan 
-148.375, 84.875, 3.114111773160013e-22, nan 
-148.125, 84.875, 3.4507515360972675e-22, nan 
-147.875, 84.875, 3.647209591583476e-22, nan 
-147.625, 84.875, 3.7135956854847476e-22, nan 
-147.375, 84.875, 3.508055960658318e-22, nan 
-147.125, 84.875, 3.050084317965133e-22, nan 
-146.875, 84.875, 2.737470604047839e-22, nan 
-146.625, 84.875, 2.6984769289326735e-22, nan 
-146.375, 84.875, 2.7017063328370815e-22, nan 
-146.125, 84.875, 2.67076365807241e-22, nan 
-145.875, 84.875, 2.4446976904232665e-22, nan 
-145.625, 84.875, 2.029929944468017e-22, nan 
-145.375, 84.875, 1.154486404799306e-22, nan 
-145.125, 84.875, 1.2267257297544545e-22, nan 
-144.875, 84.875, 1.922403621668532e-22, nan 
-144.625, 84.875, 1.6433573670870995e-22, nan 
-144.375, 84.875, 6.762635684988199e-23, nan 
-144.125, 84.875, 5.514607331601258e-23, nan 
-143.875, 84.875, 4.2922872478352445e-23, nan 
-143.625, 84.875, 4.332563471042398e-23, nan 
-143.375, 84.875, 3.9681404414503455e-23, nan 
-143.125, 84.875, 3.7486339007758076e-23, nan 
-142.875, 84.875, 4.5624443148318016e-23, nan 
-142.625, 84.875, 4.607847706079545e-23, nan 
-142.375, 84.875, 3.9536352581376557e-23, nan 
-142.125, 84.875, 3.2831236868860995e-23, nan 
-141.875, 84.875, 2.9592205399374435e-23, nan 
-141.625, 84.875, 3.410132082717065e-23, nan 
-141.375, 84.875, 3.999577304818636e-23, nan 
-141.125, 84.875, 3.873532495962364e-23, nan 
-140.875, 84.875, 4.4147817159348754e-23, nan 
-140.625, 84.875, 1.0260231623166886e-22, nan 
-140.375, 84.875, 1.3785949634060381e-22, nan 
-140.125, 84.875, 1.368682293507245e-22, nan 
-139.875, 84.875, 7.126654864277842e-23, nan 
-139.625, 84.875, 5.01203980306285e-23, nan 
-139.375, 84.875, 5.318126714208467e-23, nan 
-139.125, 84.875, 5.840006965049032e-23, nan 
-138.875, 84.875, 6.948762278673941e-23, nan 
-138.625, 84.875, 7.841431740276924e-23, nan 
-138.375, 84.875, 8.359856175045586e-23, nan 
-138.125, 84.875, 9.319018581035811e-23, nan 
-137.875, 84.875, 1.0628399049750139e-22, nan 
-137.625, 84.875, 1.2359022089405224e-22, nan 
-137.375, 84.875, 1.393819238498128e-22, nan 
-137.125, 84.875, 1.5169778344127076e-22, nan 
-136.875, 84.875, 1.6254008239025695e-22, nan 
-136.625, 84.875, 1.6441409655884565e-22, nan 
-136.375, 84.875, 1.6850032180290507e-22, nan 
-136.125, 84.875, 1.772912797738855e-22, nan 
-135.875, 84.875, 1.8883537897041495e-22, nan 
-135.625, 84.875, 1.9853778257651614e-22, nan 
-135.375, 84.875, 2.125231812033912e-22, nan 
-135.125, 84.875, 2.2236041750129873e-22, nan 
-134.875, 84.875, 2.317887616630979e-22, nan 
-134.625, 84.875, 2.417765598305763e-22, nan 
-134.375, 84.875, 2.4236544016701614e-22, nan 
-134.125, 84.875, 2.43631037655109e-22, nan 
-133.875, 84.875, 2.3828129255366377e-22, nan 
-133.625, 84.875, 2.2809500075445474e-22, nan 
-133.375, 84.875, 2.21344799598669e-22, nan 
-133.125, 84.875, 2.1820157558200535e-22, nan 
-132.875, 84.875, 2.119435807480869e-22, nan 
-132.625, 84.875, 2.0947439417032495e-22, nan 
-132.375, 84.875, 1.9693647677998386e-22, nan 
-132.125, 84.875, 2.0476788102205347e-22, nan 
-131.875, 84.875, 2.465937693536605e-22, nan 
-131.625, 84.875, 2.6246836291287813e-22, nan 
-131.375, 84.875, 2.7868569236768185e-22, nan 
-131.125, 84.875, 2.8505683659960644e-22, nan 
-130.875, 84.875, 2.694942019739853e-22, nan 
-130.625, 84.875, 2.6678041758065553e-22, nan 
-130.375, 84.875, 2.5821119569528763e-22, nan 
-130.125, 84.875, 2.943664427002531e-22, nan 
-129.875, 84.875, 3.2921508925324473e-22, nan 
-129.625, 84.875, 3.2976231887970577e-22, nan 
-129.375, 84.875, 3.3115800287431866e-22, nan 
-129.125, 84.875, 3.29557850012467e-22, nan 
-128.875, 84.875, 3.2155513685767167e-22, nan 
-128.625, 84.875, 3.031119444530361e-22, nan 
-128.375, 84.875, 2.869151283902699e-22, nan 
-128.125, 84.875, 2.5482804535119475e-22, nan 
-127.875, 84.875, 2.23957675271091e-22, nan 
-127.625, 84.875, 1.6570531679976446e-22, nan 
-127.375, 84.875, 1.3176616909373076e-22, nan 
-127.125, 84.875, 1.0837256028019078e-22, nan 
-126.875, 84.875, 1.4676880930054414e-22, nan 
-126.625, 84.875, 1.66535510519773e-22, nan 
-126.375, 84.875, 1.6305026718067412e-22, nan 
-126.125, 84.875, 1.6385665493488623e-22, nan 
-125.875, 84.875, 1.5620526610246586e-22, nan 
-125.625, 84.875, 1.5579914963854804e-22, nan 
-125.375, 84.875, 1.5773041267680988e-22, nan 
-125.125, 84.875, 1.9465591564281925e-22, nan 
-124.875, 84.875, 2.1652591890707564e-22, nan 
-124.625, 84.875, 1.6258348732846673e-22, nan 
-124.375, 84.875, 2.694775792416276e-22, nan 
-124.125, 84.875, 3.2708425496756493e-22, nan 
-123.875, 84.875, 3.267325654861375e-22, nan 
-123.625, 84.875, 1.0820567504674139e-22, nan 
-123.375, 84.875, 1.5437954741709944e-22, nan 
-123.125, 84.875, 2.186047540846104e-22, nan 
-122.875, 84.875, 2.2648848690512723e-22, nan 
-122.625, 84.875, 2.454484146334456e-22, nan 
-122.375, 84.875, 2.156320511827404e-22, nan 
-122.125, 84.875, 2.336408198050923e-22, nan 
-121.875, 84.875, 3.2249378178333254e-22, nan 
-121.625, 84.875, 5.545165703953482e-22, nan 
-121.375, 84.875, 5.77750070661637e-22, nan 
-121.125, 84.875, 7.167920753690862e-22, nan 
-120.875, 84.875, 6.717093338238075e-22, nan 
-120.625, 84.875, 6.033321624142406e-22, nan 
-120.375, 84.875, 4.994779473553508e-22, nan 
-120.125, 84.875, 5.549239147792091e-22, nan 
-119.875, 84.875, 5.801126128338896e-22, nan 
-119.625, 84.875, 7.865806652001963e-22, nan 
-119.375, 84.875, 8.230180268945759e-22, nan 
-119.125, 84.875, 6.173394160235093e-22, nan 
-118.875, 84.875, 7.211073664636155e-22, nan 
-118.625, 84.875, 7.915916886519484e-22, nan 
-118.375, 84.875, 8.279968442057905e-22, nan 
-118.125, 84.875, 8.403751471134611e-22, nan 
-117.875, 84.875, 7.992037824407283e-22, nan 
-117.625, 84.875, 7.290680629188533e-22, nan 
-117.375, 84.875, 7.086588890680996e-22, nan 
-117.125, 84.875, 6.858255746037946e-22, nan 
-116.875, 84.875, 7.575515467211144e-22, nan 
-116.625, 84.875, 7.731105946253117e-22, nan 
-116.375, 84.875, 6.154584139677661e-22, nan 
-116.125, 84.875, 4.1402159143542367e-22, nan 
-115.875, 84.875, 4.009813056806152e-22, nan 
-115.625, 84.875, 3.7342405356848928e-22, nan 
-115.375, 84.875, 2.1963710327962433e-22, nan 
-115.125, 84.875, 7.40103435575455e-23, nan 
-114.875, 84.875, 1.452389598848746e-22, nan 
-114.625, 84.875, 2.6698933258179555e-22, nan 
-114.375, 84.875, 3.91753168199381e-22, nan 
-114.125, 84.875, 5.645598672808764e-22, nan 
-113.875, 84.875, 6.467985042351025e-22, nan 
-113.625, 84.875, 6.903204480751731e-22, nan 
-113.375, 84.875, 7.38219793185578e-22, nan 
-113.125, 84.875, 7.556347911124186e-22, nan 
-112.875, 84.875, 7.5289925385603105e-22, nan 
-112.625, 84.875, 5.555578327318945e-22, nan 
-112.375, 84.875, 3.917770903866393e-22, nan 
-112.125, 84.875, 4.0103608118998406e-22, nan 
-111.875, 84.875, 5.139776855974713e-22, nan 
-111.625, 84.875, 5.748929538025683e-22, nan 
-111.375, 84.875, 6.421292034113706e-22, nan 
-111.125, 84.875, 6.84742328633069e-22, nan 
-110.875, 84.875, 7.112362456927363e-22, nan 
-110.625, 84.875, 7.353793236497371e-22, nan 
-110.375, 84.875, 7.309022843839136e-22, nan 
-110.125, 84.875, 7.021623004229847e-22, nan 
-109.875, 84.875, 5.802135879387981e-22, nan 
-109.625, 84.875, 4.55462037961029e-22, nan 
-109.375, 84.875, 2.8011631452321024e-22, nan 
-109.125, 84.875, 2.537046837300323e-22, nan 
-108.875, 84.875, 2.4144030087587296e-22, nan 
-108.625, 84.875, 2.290615376103109e-22, nan 
-108.375, 84.875, 1.9178240077577388e-22, nan 
-108.125, 84.875, 1.648338611265157e-22, nan 
-107.875, 84.875, 1.4285071377971534e-22, nan 
-107.625, 84.875, 1.2718464549625077e-22, nan 
-107.375, 84.875, 1.1390592768519225e-22, nan 
-107.125, 84.875, 1.0340903515371633e-22, nan 
-106.875, 84.875, 1.0359512558381376e-22, nan 
-106.625, 84.875, 1.0432900530061567e-22, nan 
-106.375, 84.875, 1.0611599024405455e-22, nan 
-106.125, 84.875, 1.0544665350364555e-22, nan 
-105.875, 84.875, 9.183864639391218e-23, nan 
-105.625, 84.875, 8.679055627792243e-23, nan 
-105.375, 84.875, 7.65014468768488e-23, nan 
-105.125, 84.875, 7.667086267076779e-23, nan 
-104.875, 84.875, 9.399190642956614e-23, nan 
-104.625, 84.875, 9.808253274421718e-23, nan 
-104.375, 84.875, 1.1014265346253677e-22, nan 
-104.125, 84.875, 1.1709179637834423e-22, nan 
-103.875, 84.875, 1.0313201763230336e-22, nan 
-103.625, 84.875, 1.1000742022092325e-22, nan 
-103.375, 84.875, 1.2865204094847838e-22, nan 
-103.125, 84.875, 1.1568350086025133e-22, nan 
-102.875, 84.875, 1.0142307601195861e-22, nan 
-102.625, 84.875, 9.260948272121444e-23, nan 
-102.375, 84.875, 9.839223249533863e-23, nan 
-102.125, 84.875, 1.0404941803046558e-22, nan 
-101.875, 84.875, 1.0489088597854877e-22, nan 
-101.625, 84.875, 1.0339881144835989e-22, nan 
-101.375, 84.875, 1.0275324276871409e-22, nan 
-101.125, 84.875, 1.0456051394569281e-22, nan 
-100.875, 84.875, 1.1014157251907072e-22, nan 
-100.625, 84.875, 1.2186738361583394e-22, nan 
-100.375, 84.875, 1.1012466156432067e-22, nan 
-100.125, 84.875, 1.0644523777680236e-22, nan 
-99.875, 84.875, 1.164827427523283e-22, nan 
-99.625, 84.875, 1.1654219853951976e-22, nan 
-99.375, 84.875, 1.267721172375766e-22, nan 
-99.125, 84.875, 1.2552325903951909e-22, nan 
-98.875, 84.875, 1.3382909225785492e-22, nan 
-98.625, 84.875, 1.4337943963772463e-22, nan 
-98.375, 84.875, 1.6643864230203686e-22, nan 
-98.125, 84.875, 1.857325826656779e-22, nan 
-97.875, 84.875, 2.4350645449254384e-22, nan 
-97.625, 84.875, 2.2593155245335704e-22, nan 
-97.375, 84.875, 2.2842567034009363e-22, nan 
-97.125, 84.875, 2.4640669326681935e-22, nan 
-96.875, 84.875, 2.6487893793116e-22, nan 
-96.625, 84.875, 2.4983272475015875e-22, nan 
-96.375, 84.875, 2.574287128375879e-22, nan 
-96.125, 84.875, 2.6696819591302383e-22, nan 
-95.875, 84.875, 2.75927750776069e-22, nan 
-95.625, 84.875, 2.580533707511098e-22, nan 
-95.375, 84.875, 2.130196941906122e-22, nan 
-95.125, 84.875, 2.449255785099484e-22, nan 
-94.875, 84.875, 2.7782445666434043e-22, nan 
-94.625, 84.875, 2.8865959527988994e-22, nan 
-94.375, 84.875, 3.025991186113712e-22, nan 
-94.125, 84.875, 3.3083761307368407e-22, nan 
-93.875, 84.875, 3.5118583379209423e-22, nan 
-93.625, 84.875, 3.745591585705876e-22, nan 
-93.375, 84.875, 3.6408968170715996e-22, nan 
-93.125, 84.875, 3.4852157367793468e-22, nan 
-92.875, 84.875, 3.244239254481586e-22, nan 
-92.625, 84.875, 2.9610122279620017e-22, nan 
-92.375, 84.875, 2.972430473275692e-22, nan 
-92.125, 84.875, 2.915825526602219e-22, nan 
-91.875, 84.875, 3.038745829476679e-22, nan 
-91.625, 84.875, 2.9579961246480735e-22, nan 
-91.375, 84.875, 2.9583084304630523e-22, nan 
-91.125, 84.875, 2.979236730860434e-22, nan 
-90.875, 84.875, 3.017060126234405e-22, nan 
-90.625, 84.875, 2.9835804730752687e-22, nan 
-90.375, 84.875, 3.168715873433706e-22, nan 
-90.125, 84.875, 3.0107429887057624e-22, nan 
-89.875, 84.875, 2.7901557293523133e-22, nan 
-89.625, 84.875, 2.5073925432489774e-22, nan 
-89.375, 84.875, 2.3204672546068425e-22, nan 
-89.125, 84.875, 2.778667177810814e-22, nan 
-88.875, 84.875, 2.755111007439989e-22, nan 
-88.625, 84.875, 2.616909229742335e-22, nan 
-88.375, 84.875, 2.4732783179401685e-22, nan 
-88.125, 84.875, 2.679808781508554e-22, nan 
-87.875, 84.875, 2.8372487191547017e-22, nan 
-87.625, 84.875, 3.3067317931374406e-22, nan 
-87.375, 84.875, 3.8986164921240874e-22, nan 
-87.125, 84.875, 4.440749568663861e-22, nan 
-86.875, 84.875, 5.156438528224472e-22, nan 
-86.625, 84.875, 5.145124583305261e-22, nan 
-86.375, 84.875, 5.821598284266325e-22, nan 
-86.125, 84.875, 6.403052014099881e-22, nan 
-85.875, 84.875, 5.7203231887665545e-22, nan 
-85.625, 84.875, 5.443596672677819e-22, nan 
-85.375, 84.875, 5.883543376135959e-22, nan 
-85.125, 84.875, 6.090470820426597e-22, nan 
-84.875, 84.875, 6.410914283000594e-22, nan 
-84.625, 84.875, 6.70711087690052e-22, nan 
-84.375, 84.875, 6.617012332958344e-22, nan 
-84.125, 84.875, 6.552254163965217e-22, nan 
-83.875, 84.875, 6.962125857398924e-22, nan 
-83.625, 84.875, 7.474235757532114e-22, nan 
-83.375, 84.875, 7.973903492453924e-22, nan 
-83.125, 84.875, 7.827325913949671e-22, nan 
-82.875, 84.875, 7.190711675226586e-22, nan 
-82.625, 84.875, 6.287257122586794e-22, nan 
-82.375, 84.875, 5.247218836367578e-22, nan 
-82.125, 84.875, 5.78303644009784e-22, nan 
-81.875, 84.875, 7.595981354169812e-22, nan 
-81.625, 84.875, 8.682642448691156e-22, nan 
-81.375, 84.875, 1.090243885142812e-21, nan 
-81.125, 84.875, 1.2483879850569676e-21, nan 
-80.875, 84.875, 1.446787230695346e-21, nan 
-80.625, 84.875, 1.6484390692429889e-21, nan 
-80.375, 84.875, 1.6577665240896792e-21, nan 
-80.125, 84.875, 1.5191342098150315e-21, nan 
-79.875, 84.875, 1.2651683352763974e-21, nan 
-79.625, 84.875, 6.596064323957763e-22, nan 
-79.375, 84.875, 6.736642949235022e-22, nan 
-79.125, 84.875, 8.53757996407809e-22, nan 
-78.875, 84.875, 9.415338491311768e-22, nan 
-78.625, 84.875, 1.0823130218113675e-21, nan 
-78.375, 84.875, 1.2144349540258112e-21, nan 
-78.125, 84.875, 1.3492395720911197e-21, nan 
-77.875, 84.875, 1.5292464908467026e-21, nan 
-77.625, 84.875, 1.5530344001333335e-21, nan 
-77.375, 84.875, 1.4947094987673396e-21, nan 
-77.125, 84.875, 1.4456128757652163e-21, nan 
-76.875, 84.875, 1.239700676882866e-21, nan 
-76.625, 84.875, 1.2116211418021677e-21, nan 
-76.375, 84.875, 1.1660373814912603e-21, nan 
-76.125, 84.875, 1.1972647247714743e-21, nan 
-75.875, 84.875, 1.2052365307453056e-21, nan 
-75.625, 84.875, 1.231974860903101e-21, nan 
-75.375, 84.875, 1.188756111578031e-21, nan 
-75.125, 84.875, 1.2698906367824964e-21, nan 
-74.875, 84.875, 1.2450169634082802e-21, nan 
-74.625, 84.875, 1.4634219890640526e-21, nan 
-74.375, 84.875, 2.0250205426828245e-21, nan 
-74.125, 84.875, 2.1577063358429127e-21, nan 
-73.875, 84.875, 2.133784082883746e-21, nan 
-73.625, 84.875, 1.6220624546135783e-21, nan 
-73.375, 84.875, 1.2984807398712067e-21, nan 
-73.125, 84.875, 1.148535132742503e-21, nan 
-72.875, 84.875, 1.4269583332916995e-21, nan 
-72.625, 84.875, 1.7176748136906613e-21, nan 
-72.375, 84.875, 1.6994559865383933e-21, nan 
-72.125, 84.875, 1.5967662617936217e-21, nan 
-71.875, 84.875, 1.5198145076554073e-21, nan 
-71.625, 84.875, 2.2023792966974564e-21, nan 
-71.375, 84.875, 2.77122499798141e-21, nan 
-71.125, 84.875, 2.9186114338056227e-21, nan 
-70.875, 84.875, 2.2334186759591542e-21, nan 
-70.625, 84.875, 1.8471566064560373e-21, nan 
-70.375, 84.875, 1.7475133014718755e-21, nan 
-70.125, 84.875, 2.173487126809586e-21, nan 
-69.875, 84.875, 2.497556914496886e-21, nan 
-69.625, 84.875, 2.4903158960659894e-21, nan 
-69.375, 84.875, 2.402878665208144e-21, nan 
-69.125, 84.875, 2.2998034484969885e-21, nan 
-68.875, 84.875, 1.996851141266648e-21, nan 
-68.625, 84.875, 2.1838799256520203e-21, nan 
-68.375, 84.875, 2.0586638008626666e-21, nan 
-68.125, 84.875, 1.9101015540276602e-21, nan 
-67.875, 84.875, 1.940761454857328e-21, nan 
-67.625, 84.875, 2.0042646680656405e-21, nan 
-67.375, 84.875, 2.0229277978834924e-21, nan 
-67.125, 84.875, 2.059480431991995e-21, nan 
-66.875, 84.875, 2.0636674091707433e-21, nan 
-66.625, 84.875, 1.9254802149836966e-21, nan 
-66.375, 84.875, 1.927273255296646e-21, nan 
-66.125, 84.875, 1.943456654384654e-21, nan 
-65.875, 84.875, 1.9551247444851145e-21, nan 
-65.625, 84.875, 2.0683161151431176e-21, nan 
-65.375, 84.875, 1.8902829377426454e-21, nan 
-65.125, 84.875, 2.0090332116805574e-21, nan 
-64.875, 84.875, 1.9025668507758205e-21, nan 
-64.625, 84.875, 1.6971351091518985e-21, nan 
-64.375, 84.875, 1.778686051618444e-21, nan 
-64.125, 84.875, 1.8561182133633353e-21, nan 
-63.875, 84.875, 1.8556370998265053e-21, nan 
-63.625, 84.875, 1.914471544975746e-21, nan 
-63.375, 84.875, 2.040403869147788e-21, nan 
-63.125, 84.875, 2.4654000419340904e-21, nan 
-62.875, 84.875, 2.5587136348770356e-21, nan 
-62.625, 84.875, 2.6200986369398596e-21, nan 
-62.375, 84.875, 2.651477184983364e-21, nan 
-62.125, 84.875, 2.6348277949909755e-21, nan 
-61.875, 84.875, 2.6826308953901565e-21, nan 
-61.625, 84.875, 2.735216512962206e-21, nan 
-61.375, 84.875, 2.8003807935660162e-21, nan 
-61.125, 84.875, 2.8916913125990674e-21, nan 
-60.875, 84.875, 3.117364464628853e-21, nan 
-60.625, 84.875, 3.1980622511664274e-21, nan 
-60.375, 84.875, 3.419652308426956e-21, nan 
-60.125, 84.875, 3.575042187017111e-21, nan 
-59.875, 84.875, 3.580973697275237e-21, nan 
-59.625, 84.875, 3.511961170515177e-21, nan 
-59.375, 84.875, 3.0843411514506585e-21, nan 
-59.125, 84.875, 2.795921316820169e-21, nan 
-58.875, 84.875, 2.5997662677011055e-21, nan 
-58.625, 84.875, 2.4929347164907e-21, nan 
-58.375, 84.875, 2.4207620598355066e-21, nan 
-58.125, 84.875, 2.404391738142022e-21, nan 
-57.875, 84.875, 2.788886937161819e-21, nan 
-57.625, 84.875, 2.866252516917248e-21, nan 
-57.375, 84.875, 2.2577873644347134e-21, nan 
-57.125, 84.875, 1.584943519554951e-21, nan 
-56.875, 84.875, 1.3090397536451863e-21, nan 
-56.625, 84.875, 1.196544700136881e-21, nan 
-56.375, 84.875, 1.0403920314105044e-21, nan 
-56.125, 84.875, 8.855348010493713e-22, nan 
-55.875, 84.875, 7.865893132249041e-22, nan 
-55.625, 84.875, 8.233926020665673e-22, nan 
-55.375, 84.875, 9.909541599704358e-22, nan 
-55.125, 84.875, 1.4419858912827089e-21, nan 
-54.875, 84.875, 1.7359359528713212e-21, nan 
-54.625, 84.875, 1.729461815280427e-21, nan 
-54.375, 84.875, 1.5535219122818356e-21, nan 
-54.125, 84.875, 1.4499760241068355e-21, nan 
-53.875, 84.875, 1.3873835077733989e-21, nan 
-53.625, 84.875, 1.2822001634068084e-21, nan 
-53.375, 84.875, 1.1291935736199716e-21, nan 
-53.125, 84.875, 1.0086716149591644e-21, nan 
-52.875, 84.875, 8.997815809286996e-22, nan 
-52.625, 84.875, 8.440966828801345e-22, nan 
-52.375, 84.875, 7.814787120473117e-22, nan 
-52.125, 84.875, 6.784276735048281e-22, nan 
-51.875, 84.875, 6.023234123998317e-22, nan 
-51.625, 84.875, 5.541830370649441e-22, nan 
-51.375, 84.875, 6.046586016965868e-22, nan 
-51.125, 84.875, 6.0542302442623405e-22, nan 
-50.875, 84.875, 6.409988896790492e-22, nan 
-50.625, 84.875, 6.4423652540362425e-22, nan 
-50.375, 84.875, 9.017384994659059e-22, nan 
-50.125, 84.875, 1.3175156112751734e-21, nan 
-49.875, 84.875, 1.95069545439021e-21, nan 
-49.625, 84.875, 3.3140625791691193e-21, nan 
-49.375, 84.875, 4.0402043624802865e-21, nan 
-49.125, 84.875, 4.6611242037976116e-21, nan 
-48.875, 84.875, 4.961190977831469e-21, nan 
-48.625, 84.875, 5.480233493889916e-21, nan 
-48.375, 84.875, 5.9707048025554375e-21, nan 
-48.125, 84.875, 6.434170664709769e-21, nan 
-47.875, 84.875, 6.747476607759048e-21, nan 
-47.625, 84.875, 7.860333112773992e-21, nan 
-47.375, 84.875, 8.856367659861004e-21, nan 
-47.125, 84.875, 9.636263580080031e-21, nan 
-46.875, 84.875, 9.867939320348363e-21, nan 
-46.625, 84.875, 1.0033947283104936e-20, nan 
-46.375, 84.875, 9.528659514880512e-21, nan 
-46.125, 84.875, 9.616563770180963e-21, nan 
-45.875, 84.875, 9.246218276907066e-21, nan 
-45.625, 84.875, 9.775373316324106e-21, nan 
-45.375, 84.875, 1.0009029316662368e-20, nan 
-45.125, 84.875, 8.700901197110949e-21, nan 
-44.875, 84.875, 8.633737652399253e-21, nan 
-44.625, 84.875, 9.739880395055933e-21, nan 
-44.375, 84.875, 1.0173534850334851e-20, nan 
-44.125, 84.875, 1.0614870182186197e-20, nan 
-43.875, 84.875, 1.1101680780136341e-20, nan 
-43.625, 84.875, 1.0580235020446852e-20, nan 
-43.375, 84.875, 9.522409212344063e-21, nan 
-43.125, 84.875, 9.202276688657135e-21, nan 
-42.875, 84.875, 9.176411850426854e-21, nan 
-42.625, 84.875, 8.946939324346694e-21, nan 
-42.375, 84.875, 8.87270551702234e-21, nan 
-42.125, 84.875, 8.1594182780997e-21, nan 
-41.875, 84.875, 8.257335142372472e-21, nan 
-41.625, 84.875, 8.373757128618701e-21, nan 
-41.375, 84.875, 8.078030067636302e-21, nan 
-41.125, 84.875, 8.246989551936493e-21, nan 
-40.875, 84.875, 8.902866511594955e-21, nan 
-40.625, 84.875, 8.546431352486164e-21, nan 
-40.375, 84.875, 8.39618776898702e-21, nan 
-40.125, 84.875, 8.459489439041329e-21, nan 
-39.875, 84.875, 8.762120991324168e-21, nan 
-39.625, 84.875, 1.0798991622924257e-20, nan 
-39.375, 84.875, 1.1389506228497548e-20, nan 
-39.125, 84.875, 1.1337021216309192e-20, nan 
-38.875, 84.875, 1.0881732703349363e-20, nan 
-38.625, 84.875, 8.847464348874117e-21, nan 
-38.375, 84.875, 1.1266949260662172e-20, nan 
-38.125, 84.875, 1.1629161847195704e-20, nan 
-37.875, 84.875, 1.1784372613147481e-20, nan 
-37.625, 84.875, 9.97275123532413e-21, nan 
-37.375, 84.875, 9.78772153041353e-21, nan 
-37.125, 84.875, 9.458088257534636e-21, nan 
-36.875, 84.875, 9.25685685055843e-21, nan 
-36.625, 84.875, 1.1054467485856904e-20, nan 
-36.375, 84.875, 1.1936020195366326e-20, nan 
-36.125, 84.875, 1.1164873485996915e-20, nan 
-35.875, 84.875, 1.0052023036044381e-20, nan 
-35.625, 84.875, 1.2914742833607977e-20, nan 
-35.375, 84.875, 1.3496357848107491e-20, nan 
-35.125, 84.875, 1.3482635307057148e-20, nan 
-34.875, 84.875, 1.0564313639473662e-20, nan 
-34.625, 84.875, 1.0126004706702731e-20, nan 
-34.375, 84.875, 1.0051076474077258e-20, nan 
-34.125, 84.875, 9.442638300653082e-21, nan 
-33.875, 84.875, 1.096667523436234e-20, nan 
-33.625, 84.875, 1.2195133157875308e-20, nan 
-33.375, 84.875, 1.2160853448603054e-20, nan 
-33.125, 84.875, 1.2006853264057422e-20, nan 
-32.875, 84.875, 1.1627667393930746e-20, nan 
-32.625, 84.875, 1.2798673185486236e-20, nan 
-32.375, 84.875, 1.3524423026993293e-20, nan 
-32.125, 84.875, 1.42891478224828e-20, nan 
-31.875, 84.875, 1.5333924169213742e-20, nan 
-31.625, 84.875, 1.5997829283983187e-20, nan 
-31.375, 84.875, 1.6369176621898266e-20, nan 
-31.125, 84.875, 1.708191715964748e-20, nan 
-30.875, 84.875, 1.6446058271894467e-20, nan 
-30.625, 84.875, 1.6205011222010242e-20, nan 
-30.375, 84.875, 1.5136723932639623e-20, nan 
-30.125, 84.875, 1.568275822397929e-20, nan 
-29.875, 84.875, 1.5577391955489428e-20, nan 
-29.625, 84.875, 1.581207544951371e-20, nan 
-29.375, 84.875, 1.5430910210492422e-20, nan 
-29.125, 84.875, 1.5730187033958112e-20, nan 
-28.875, 84.875, 1.639395688054429e-20, nan 
-28.625, 84.875, 1.726672364225554e-20, nan 
-28.375, 84.875, 1.776147003270285e-20, nan 
-28.125, 84.875, 1.8133860905677317e-20, nan 
-27.875, 84.875, 1.769607837176606e-20, nan 
-27.625, 84.875, 1.7454665447760922e-20, nan 
-27.375, 84.875, 1.7781589573949884e-20, nan 
-27.125, 84.875, 1.7941100423214317e-20, nan 
-26.875, 84.875, 1.7783352096696796e-20, nan 
-26.625, 84.875, 1.7089305695449654e-20, nan 
-26.375, 84.875, 1.737315334632533e-20, nan 
-26.125, 84.875, 1.7863991536519847e-20, nan 
-25.875, 84.875, 1.8475258281518674e-20, nan 
-25.625, 84.875, 1.907749755490985e-20, nan 
-25.375, 84.875, 1.9421020447359676e-20, nan 
-25.125, 84.875, 2.0860486722690008e-20, nan 
-24.875, 84.875, 2.328519872789228e-20, nan 
-24.625, 84.875, 2.684070733488052e-20, nan 
-24.375, 84.875, 2.8250721697387085e-20, nan 
-24.125, 84.875, 2.8756130756436577e-20, nan 
-23.875, 84.875, 2.9708677040732104e-20, nan 
-23.625, 84.875, 3.019177152128917e-20, nan 
-23.375, 84.875, 3.066093017023148e-20, nan 
-23.125, 84.875, 2.9567663631505034e-20, nan 
-22.875, 84.875, 2.908264531477002e-20, nan 
-22.625, 84.875, 2.833675425176345e-20, nan 
-22.375, 84.875, 2.6749794917520693e-20, nan 
-22.125, 84.875, 2.6334052547227117e-20, nan 
-21.875, 84.875, 2.4775202460389913e-20, nan 
-21.625, 84.875, 2.405867506413388e-20, nan 
-21.375, 84.875, 2.446703525942667e-20, nan 
-21.125, 84.875, 2.5799029401978525e-20, nan 
-20.875, 84.875, 2.5601893790328567e-20, nan 
-20.625, 84.875, 2.607680152172677e-20, nan 
-20.375, 84.875, 2.5238562472830825e-20, nan 
-20.125, 84.875, 2.45683951496322e-20, nan 
-19.875, 84.875, 2.3763162406884932e-20, nan 
-19.625, 84.875, 2.5132580497785886e-20, nan 
-19.375, 84.875, 2.6212063689453847e-20, nan 
-19.125, 84.875, 2.86829253009852e-20, nan 
-18.875, 84.875, 2.9375271784639446e-20, nan 
-18.625, 84.875, 2.990946486880404e-20, nan 
-18.375, 84.875, 2.9597292996083826e-20, nan 
-18.125, 84.875, 2.887347037356053e-20, nan 
-17.875, 84.875, 2.860053187012427e-20, nan 
-17.625, 84.875, 2.826808401966098e-20, nan 
-17.375, 84.875, 2.7638019194396693e-20, nan 
-17.125, 84.875, 2.7046174120386696e-20, nan 
-16.875, 84.875, 2.189508825450458e-20, nan 
-16.625, 84.875, 1.8347431725039593e-20, nan 
-16.375, 84.875, 1.6960536538142495e-20, nan 
-16.125, 84.875, 1.6531433907720172e-20, nan 
-15.875, 84.875, 1.6655219486676097e-20, nan 
-15.625, 84.875, 1.6146273249947943e-20, nan 
-15.375, 84.875, 1.5992169266082718e-20, nan 
-15.125, 84.875, 1.6159115289425106e-20, nan 
-14.875, 84.875, 1.6279681805653923e-20, nan 
-14.625, 84.875, 1.6165163454340992e-20, nan 
-14.375, 84.875, 1.547418531344804e-20, nan 
-14.125, 84.875, 1.1289567238513593e-20, nan 
-13.875, 84.875, 8.928850198476108e-21, nan 
-13.625, 84.875, 8.214749637175047e-21, nan 
-13.375, 84.875, 9.70123129328211e-21, nan 
-13.125, 84.875, 1.0807106667192083e-20, nan 
-12.875, 84.875, 1.0475374054314762e-20, nan 
-12.625, 84.875, 6.119297417401401e-21, nan 
-12.375, 84.875, 4.834451120863808e-21, nan 
-12.125, 84.875, 4.812369637902852e-21, nan 
-11.875, 84.875, 4.753954096958877e-21, nan 
-11.625, 84.875, 4.8007740352436154e-21, nan 
-11.375, 84.875, 5.081602587787959e-21, nan 
-11.125, 84.875, 5.661476840243685e-21, nan 
-10.875, 84.875, 6.348287214349358e-21, nan 
-10.625, 84.875, 6.5775501432747754e-21, nan 
-10.375, 84.875, 5.847305593788495e-21, nan 
-10.125, 84.875, 5.6274216433713416e-21, nan 
-9.875, 84.875, 6.087951414703946e-21, nan 
-9.625, 84.875, 6.603864663624908e-21, nan 
-9.375, 84.875, 7.02997630507271e-21, nan 
-9.125, 84.875, 5.824683011860028e-21, nan 
-8.875, 84.875, 1.2278208499651364e-20, nan 
-8.625, 84.875, 1.6750286997806243e-20, nan 
-8.375, 84.875, 1.8078539299258424e-20, nan 
-8.125, 84.875, 1.832691435452681e-20, nan 
-7.875, 84.875, 1.8611860561193404e-20, nan 
-7.625, 84.875, 1.7818427299326543e-20, nan 
-7.375, 84.875, 1.7428765190247364e-20, nan 
-7.125, 84.875, 1.779514092191028e-20, nan 
-6.875, 84.875, 1.8538610449501153e-20, nan 
-6.625, 84.875, 1.8585883447052953e-20, nan 
-6.375, 84.875, 1.76977102681198e-20, nan 
-6.125, 84.875, 1.5407076808557807e-20, nan 
-5.875, 84.875, 1.136949300798759e-20, nan 
-5.625, 84.875, 6.455800848016768e-21, nan 
-5.375, 84.875, 8.377200601752546e-21, nan 
-5.125, 84.875, 7.599463540095934e-21, nan 
-4.875, 84.875, 9.303536298836313e-21, nan 
-4.625, 84.875, 9.875881709100978e-21, nan 
-4.375, 84.875, 1.2903463448926935e-20, nan 
-4.125, 84.875, 1.441428070745295e-20, nan 
-3.875, 84.875, 1.527653309614657e-20, nan 
-3.625, 84.875, 1.6044548918511563e-20, nan 
-3.375, 84.875, 1.6302292414078257e-20, nan 
-3.125, 84.875, 1.6064127156244057e-20, nan 
-2.875, 84.875, 1.6054502485450396e-20, nan 
-2.625, 84.875, 1.6092719178666827e-20, nan 
-2.375, 84.875, 1.6582903088676573e-20, nan 
-2.125, 84.875, 1.685289905524792e-20, nan 
-1.875, 84.875, 1.7165515028518402e-20, nan 
-1.625, 84.875, 1.710893780203751e-20, nan 
-1.375, 84.875, 1.7020523502067455e-20, nan 
-1.125, 84.875, 1.6692795833284345e-20, nan 
-0.875, 84.875, 1.6752285582289453e-20, nan 
-0.625, 84.875, 1.6789437079774848e-20, nan 
-0.375, 84.875, 1.7157561049980674e-20, nan 
-0.125, 84.875, 1.7319642046302118e-20, nan 
0.125, 84.875, 1.7925252882578866e-20, nan 
0.375, 84.875, 1.8368161047732497e-20, nan 
0.625, 84.875, 1.9334541116519087e-20, nan 
0.875, 84.875, 2.768536129123765e-20, nan 
1.125, 84.875, 3.2155452641236045e-20, nan 
1.375, 84.875, 3.278625058179354e-20, nan 
1.625, 84.875, 3.292229978493515e-20, nan 
1.875, 84.875, 3.2470853469272873e-20, nan 
2.125, 84.875, 3.25860640787631e-20, nan 
2.375, 84.875, 3.215236573690771e-20, nan 
2.625, 84.875, 3.189703969159529e-20, nan 
2.875, 84.875, 3.192835031074068e-20, nan 
3.125, 84.875, 3.15087400375132e-20, nan 
3.375, 84.875, 3.080897638598054e-20, nan 
3.625, 84.875, 2.4520890716526493e-20, nan 
3.875, 84.875, 2.475358607346689e-20, nan 
4.125, 84.875, 2.4141713088857806e-20, nan 
4.375, 84.875, 2.4070093605414708e-20, nan 
4.625, 84.875, 2.3624353104599972e-20, nan 
4.875, 84.875, 2.352232991834899e-20, nan 
5.125, 84.875, 2.310429550355158e-20, nan 
5.375, 84.875, 2.291848110514253e-20, nan 
5.625, 84.875, 2.2805749862906754e-20, nan 
5.875, 84.875, 2.2564752816453682e-20, nan 
6.125, 84.875, 2.191586811322961e-20, nan 
6.375, 84.875, 6.2218404915963876e-21, nan 
6.625, 84.875, 3.719067154761903e-21, nan 
6.875, 84.875, 3.6071119907433356e-21, nan 
7.125, 84.875, 3.448736831656996e-21, nan 
7.375, 84.875, 2.8670876872999954e-21, nan 
7.625, 84.875, 2.719079277123098e-21, nan 
7.875, 84.875, 2.809803599279007e-21, nan 
8.125, 84.875, 2.9069059351926213e-21, nan 
8.375, 84.875, 3.3166740458377725e-21, nan 
8.625, 84.875, 3.495578268165755e-21, nan 
8.875, 84.875, 4.0180891546115496e-21, nan 
9.125, 84.875, 4.741083055551931e-21, nan 
9.375, 84.875, 5.012884543016368e-21, nan 
9.625, 84.875, 4.640534258119684e-21, nan 
9.875, 84.875, 4.261563333343636e-21, nan 
10.125, 84.875, 4.076561860844209e-21, nan 
10.375, 84.875, 3.9625892680913275e-21, nan 
10.625, 84.875, 3.0721249629258744e-21, nan 
10.875, 84.875, 2.730933293564833e-21, nan 
11.125, 84.875, 2.6158656961973995e-21, nan 
11.375, 84.875, 2.6921291617744464e-21, nan 
11.625, 84.875, 2.877007275031933e-21, nan 
11.875, 84.875, 3.1563844987079197e-21, nan 
12.125, 84.875, 3.2903477581159102e-21, nan 
12.375, 84.875, 3.129047872413065e-21, nan 
12.625, 84.875, 2.9553157855760262e-21, nan 
12.875, 84.875, 2.8528602352587114e-21, nan 
13.125, 84.875, 2.8264924131737992e-21, nan 
13.375, 84.875, 2.6453301720225587e-21, nan 
13.625, 84.875, 2.6848329714830193e-21, nan 
13.875, 84.875, 2.6995650011279585e-21, nan 
14.125, 84.875, 2.809072424741722e-21, nan 
14.375, 84.875, 3.089480715297759e-21, nan 
14.625, 84.875, 3.0338901766920843e-21, nan 
14.875, 84.875, 2.8928413408648115e-21, nan 
15.125, 84.875, 2.8473257278817073e-21, nan 
15.375, 84.875, 2.7862733378359476e-21, nan 
15.625, 84.875, 2.575142817648471e-21, nan 
15.875, 84.875, 2.7003761357838573e-21, nan 
16.125, 84.875, 3.0386847720075175e-21, nan 
16.375, 84.875, 3.1263669307079625e-21, nan 
16.625, 84.875, 2.7496143806762447e-21, nan 
16.875, 84.875, 2.384034354915468e-21, nan 
17.125, 84.875, 2.2830468876384907e-21, nan 
17.375, 84.875, 2.3054822171989734e-21, nan 
17.625, 84.875, 1.9548108514006583e-21, nan 
17.875, 84.875, 1.703512734504556e-21, nan 
18.125, 84.875, 1.6094347586292246e-21, nan 
18.375, 84.875, 1.404630140905797e-21, nan 
18.625, 84.875, 1.2071598937698025e-21, nan 
18.875, 84.875, 1.1071246030980999e-21, nan 
19.125, 84.875, 1.0410174188613268e-21, nan 
19.375, 84.875, 9.811833475758578e-22, nan 
19.625, 84.875, 8.943691086134804e-22, nan 
19.875, 84.875, 8.246376618471037e-22, nan 
20.125, 84.875, 7.386534006824215e-22, nan 
20.375, 84.875, 6.97434990555229e-22, nan 
20.625, 84.875, 6.143535123467314e-22, nan 
20.875, 84.875, 5.721832946121765e-22, nan 
21.125, 84.875, 5.031402861310168e-22, nan 
21.375, 84.875, 4.628878950829854e-22, nan 
21.625, 84.875, 4.15916292692803e-22, nan 
21.875, 84.875, 3.8569973127527294e-22, nan 
22.125, 84.875, 3.511269031150028e-22, nan 
22.375, 84.875, 3.258523041197872e-22, nan 
22.625, 84.875, 2.94651023173274e-22, nan 
22.875, 84.875, 2.626190848496811e-22, nan 
23.125, 84.875, 2.23798180204233e-22, nan 
23.375, 84.875, 2.0130659224453736e-22, nan 
23.625, 84.875, 1.8413961790723648e-22, nan 
23.875, 84.875, 1.7642865755800485e-22, nan 
24.125, 84.875, 2.2115454472951363e-22, nan 
24.375, 84.875, 2.365260889709028e-22, nan 
24.625, 84.875, 2.153829332532177e-22, nan 
24.875, 84.875, 1.7890980583307207e-22, nan 
25.125, 84.875, 1.8237317888698716e-22, nan 
25.375, 84.875, 1.7275485206441268e-22, nan 
25.625, 84.875, 1.3687639929134122e-22, nan 
25.875, 84.875, 1.4979102100349778e-22, nan 
26.125, 84.875, 2.0322128886908713e-22, nan 
26.375, 84.875, 1.67691649707546e-22, nan 
26.625, 84.875, 1.6960554700860356e-22, nan 
26.875, 84.875, 1.1716873764679585e-22, nan 
27.125, 84.875, 1.1919221201402777e-22, nan 
27.375, 84.875, 1.6293179791019147e-22, nan 
27.625, 84.875, 2.728653114122767e-22, nan 
27.875, 84.875, 3.395843832548868e-22, nan 
28.125, 84.875, 4.073497984508712e-22, nan 
28.375, 84.875, 4.611694912312711e-22, nan 
28.625, 84.875, 4.869348217790356e-22, nan 
28.875, 84.875, 4.770846170724876e-22, nan 
29.125, 84.875, 4.677990233090408e-22, nan 
29.375, 84.875, 4.533005957417258e-22, nan 
29.625, 84.875, 4.592066889507836e-22, nan 
29.875, 84.875, 4.422267856349638e-22, nan 
30.125, 84.875, 4.264696778831692e-22, nan 
30.375, 84.875, 4.256404996690955e-22, nan 
30.625, 84.875, 4.243693959123613e-22, nan 
30.875, 84.875, 4.36263857280676e-22, nan 
31.125, 84.875, 4.444360197346588e-22, nan 
31.375, 84.875, 4.329192020807642e-22, nan 
31.625, 84.875, 4.1970601793140707e-22, nan 
31.875, 84.875, 4.044533408573566e-22, nan 
32.125, 84.875, 3.945369562411855e-22, nan 
32.375, 84.875, 3.9121887539887305e-22, nan 
32.625, 84.875, 3.774600636722612e-22, nan 
32.875, 84.875, 3.508777774145734e-22, nan 
33.125, 84.875, 3.2930917534669466e-22, nan 
33.375, 84.875, 3.1612489749412542e-22, nan 
33.625, 84.875, 2.9793504790157175e-22, nan 
33.875, 84.875, 2.8889095822913423e-22, nan 
34.125, 84.875, 2.753179550226731e-22, nan 
34.375, 84.875, 2.5824888048865343e-22, nan 
34.625, 84.875, 2.4912451879746505e-22, nan 
34.875, 84.875, 2.4072709087256753e-22, nan 
35.125, 84.875, 2.2957768854444155e-22, nan 
35.375, 84.875, 2.2594107659918917e-22, nan 
35.625, 84.875, 2.1337119128619184e-22, nan 
35.875, 84.875, 2.0090392538708134e-22, nan 
36.125, 84.875, 1.9010478769119946e-22, nan 
36.375, 84.875, 1.7140882061285868e-22, nan 
36.625, 84.875, 1.6133159533140677e-22, nan 
36.875, 84.875, 1.6045378333534066e-22, nan 
37.125, 84.875, 1.5455460366037067e-22, nan 
37.375, 84.875, 1.4885859686958375e-22, nan 
37.625, 84.875, 1.3894136536384786e-22, nan 
37.875, 84.875, 1.3637218603967236e-22, nan 
38.125, 84.875, 1.3062617436268002e-22, nan 
38.375, 84.875, 1.2769061333496146e-22, nan 
38.625, 84.875, 1.2298556312146702e-22, nan 
38.875, 84.875, 1.1995828307999087e-22, nan 
39.125, 84.875, 1.1616032292136075e-22, nan 
39.375, 84.875, 1.1015805710106407e-22, nan 
39.625, 84.875, 1.0736186136754598e-22, nan 
39.875, 84.875, 1.1311375849339453e-22, nan 
40.125, 84.875, 1.1976883823111045e-22, nan 
40.375, 84.875, 1.3253805827173492e-22, nan 
40.625, 84.875, 1.385318609035348e-22, nan 
40.875, 84.875, 1.3115059196499874e-22, nan 
41.125, 84.875, 1.2460960637906785e-22, nan 
41.375, 84.875, 1.1663001056216425e-22, nan 
41.625, 84.875, 1.2326191861744786e-22, nan 
41.875, 84.875, 1.3679027754897267e-22, nan 
42.125, 84.875, 1.390374901305922e-22, nan 
42.375, 84.875, 1.4528892203873736e-22, nan 
42.625, 84.875, 1.4470077771487252e-22, nan 
42.875, 84.875, 1.3635110018626238e-22, nan 
43.125, 84.875, 1.3906430517062871e-22, nan 
43.375, 84.875, 1.4033862766151838e-22, nan 
43.625, 84.875, 1.3471272775655842e-22, nan 
43.875, 84.875, 1.365503659596012e-22, nan 
44.125, 84.875, 1.362547073661134e-22, nan 
44.375, 84.875, 1.369011996222642e-22, nan 
44.625, 84.875, 1.3805077501520476e-22, nan 
44.875, 84.875, 1.4375565167801483e-22, nan 
45.125, 84.875, 1.4436038379074598e-22, nan 
45.375, 84.875, 1.3929734809485598e-22, nan 
45.625, 84.875, 1.3494998459686182e-22, nan 
45.875, 84.875, 1.329163136973018e-22, nan 
46.125, 84.875, 1.2829554583886877e-22, nan 
46.375, 84.875, 1.309028880043385e-22, nan 
46.625, 84.875, 1.3068463125390534e-22, nan 
46.875, 84.875, 1.3256284215771272e-22, nan 
47.125, 84.875, 1.3249840093611731e-22, nan 
47.375, 84.875, 1.319636529433631e-22, nan 
47.625, 84.875, 1.3034331449927312e-22, nan 
47.875, 84.875, 1.2879448058874988e-22, nan 
48.125, 84.875, 1.2568493719156292e-22, nan 
48.375, 84.875, 1.198983423497313e-22, nan 
48.625, 84.875, 1.1667226451962815e-22, nan 
48.875, 84.875, 1.1882121889985249e-22, nan 
49.125, 84.875, 1.1959754562432247e-22, nan 
49.375, 84.875, 1.177419587074434e-22, nan 
49.625, 84.875, 1.1905257402139138e-22, nan 
49.875, 84.875, 1.1796031399083857e-22, nan 
50.125, 84.875, 1.1466611828713508e-22, nan 
50.375, 84.875, 1.1220355072695519e-22, nan 
50.625, 84.875, 1.1400163409689554e-22, nan 
50.875, 84.875, 1.112232855708975e-22, nan 
51.125, 84.875, 1.1194523035414784e-22, nan 
51.375, 84.875, 1.1066851933107217e-22, nan 
51.625, 84.875, 1.0910066769467737e-22, nan 
51.875, 84.875, 1.0585420355979435e-22, nan 
52.125, 84.875, 9.940293785733689e-23, nan 
52.375, 84.875, 9.847620948047374e-23, nan 
52.625, 84.875, 9.755961855930885e-23, nan 
52.875, 84.875, 9.767818513586149e-23, nan 
53.125, 84.875, 9.841584826510943e-23, nan 
53.375, 84.875, 9.838138454013919e-23, nan 
53.625, 84.875, 9.669052083363776e-23, nan 
53.875, 84.875, 9.636112205885532e-23, nan 
54.125, 84.875, 9.500836120676004e-23, nan 
54.375, 84.875, 9.451914874425165e-23, nan 
54.625, 84.875, 9.459709305066247e-23, nan 
54.875, 84.875, 9.28579355548113e-23, nan 
55.125, 84.875, 9.162451617037876e-23, nan 
55.375, 84.875, 8.684724810892377e-23, nan 
55.625, 84.875, 8.306750123094189e-23, nan 
55.875, 84.875, 8.180694323155283e-23, nan 
56.125, 84.875, 7.906649942300523e-23, nan 
56.375, 84.875, 7.731956154342144e-23, nan 
56.625, 84.875, 7.894567637344088e-23, nan 
56.875, 84.875, 7.957981270195904e-23, nan 
57.125, 84.875, 7.552689158445336e-23, nan 
57.375, 84.875, 7.538494450366278e-23, nan 
57.625, 84.875, 7.412315287051006e-23, nan 
57.875, 84.875, 7.828196528700192e-23, nan 
58.125, 84.875, 7.818856564459061e-23, nan 
58.375, 84.875, 7.944128893780493e-23, nan 
58.625, 84.875, 7.765252516906158e-23, nan 
58.875, 84.875, 7.728514519498122e-23, nan 
59.125, 84.875, 7.924352152415722e-23, nan 
59.375, 84.875, 8.086421004903391e-23, nan 
59.625, 84.875, 7.996045746231142e-23, nan 
59.875, 84.875, 7.716316884199468e-23, nan 
60.125, 84.875, 7.90996985374713e-23, nan 
60.375, 84.875, 7.927910101650515e-23, nan 
60.625, 84.875, 7.936710599769924e-23, nan 
60.875, 84.875, 7.768503840144724e-23, nan 
61.125, 84.875, 7.673972624157729e-23, nan 
61.375, 84.875, 7.838253405601124e-23, nan 
61.625, 84.875, 7.94220937402243e-23, nan 
61.875, 84.875, 7.714146297435081e-23, nan 
62.125, 84.875, 7.499805339015976e-23, nan 
62.375, 84.875, 7.34091364532516e-23, nan 
62.625, 84.875, 6.555668591964519e-23, nan 
62.875, 84.875, 6.350674972240888e-23, nan 
63.125, 84.875, 6.291977104630664e-23, nan 
63.375, 84.875, 5.890431421346321e-23, nan 
63.625, 84.875, 5.558094773140891e-23, nan 
63.875, 84.875, 5.145704198798432e-23, nan 
64.125, 84.875, 5.0323691646501714e-23, nan 
64.375, 84.875, 5.0261257075553686e-23, nan 
64.625, 84.875, 5.0786259187367483e-23, nan 
64.875, 84.875, 5.1646918590012643e-23, nan 
65.125, 84.875, 5.220372565319329e-23, nan 
65.375, 84.875, 5.1279927297068196e-23, nan 
65.625, 84.875, 5.0712693214693236e-23, nan 
65.875, 84.875, 5.042253832080257e-23, nan 
66.125, 84.875, 4.9288868555769755e-23, nan 
66.375, 84.875, 4.578829748750628e-23, nan 
66.625, 84.875, 4.488753245843663e-23, nan 
66.875, 84.875, 4.469020370320006e-23, nan 
67.125, 84.875, 4.30877659461507e-23, nan 
67.375, 84.875, 4.3552681839018305e-23, nan 
67.625, 84.875, 4.2270710348630916e-23, nan 
67.875, 84.875, 4.3133602595941837e-23, nan 
68.125, 84.875, 4.374176000611278e-23, nan 
68.375, 84.875, 4.478865879508239e-23, nan 
68.625, 84.875, 4.426170215338356e-23, nan 
68.875, 84.875, 4.5675238295023517e-23, nan 
69.125, 84.875, 4.755237895637666e-23, nan 
69.375, 84.875, 4.9118327669439435e-23, nan 
69.625, 84.875, 4.9498495376390976e-23, nan 
69.875, 84.875, 4.786800978325427e-23, nan 
70.125, 84.875, 4.6050182600551683e-23, nan 
70.375, 84.875, 4.4973870223907045e-23, nan 
70.625, 84.875, 4.5444071926955487e-23, nan 
70.875, 84.875, 4.813441459392355e-23, nan 
71.125, 84.875, 4.960226898261262e-23, nan 
71.375, 84.875, 4.7980480704690074e-23, nan 
71.625, 84.875, 4.6309498763574676e-23, nan 
71.875, 84.875, 4.69921027133399e-23, nan 
72.125, 84.875, 4.883978384692627e-23, nan 
72.375, 84.875, 4.771759642428876e-23, nan 
72.625, 84.875, 4.597410747108613e-23, nan 
72.875, 84.875, 4.5535104152495364e-23, nan 
73.125, 84.875, 4.49220317599213e-23, nan 
73.375, 84.875, 4.8109989429122367e-23, nan 
73.625, 84.875, 5.2086662290792204e-23, nan 
73.875, 84.875, 5.251392070054665e-23, nan 
74.125, 84.875, 5.337558334911069e-23, nan 
74.375, 84.875, 5.129813124409895e-23, nan 
74.625, 84.875, 4.567950899548087e-23, nan 
74.875, 84.875, 4.3495468784167875e-23, nan 
75.125, 84.875, 4.3559298309247147e-23, nan 
75.375, 84.875, 4.4229839661329237e-23, nan 
75.625, 84.875, 4.621916144852534e-23, nan 
75.875, 84.875, 4.678954942472573e-23, nan 
76.125, 84.875, 4.7383422208306333e-23, nan 
76.375, 84.875, 4.715653337577544e-23, nan 
76.625, 84.875, 4.7553954478264725e-23, nan 
76.875, 84.875, 4.4362125595320805e-23, nan 
77.125, 84.875, 4.4116341463639853e-23, nan 
77.375, 84.875, 4.55844892994424e-23, nan 
77.625, 84.875, 4.4516931335729926e-23, nan 
77.875, 84.875, 4.570211295883829e-23, nan 
78.125, 84.875, 4.710383284512725e-23, nan 
78.375, 84.875, 4.5613166353947394e-23, nan 
78.625, 84.875, 4.773088993616621e-23, nan 
78.875, 84.875, 4.8253769060144874e-23, nan 
79.125, 84.875, 4.7120524209184536e-23, nan 
79.375, 84.875, 4.6676892754929217e-23, nan 
79.625, 84.875, 4.9318579739433494e-23, nan 
79.875, 84.875, 5.581375275802073e-23, nan 
80.125, 84.875, 5.570761713619545e-23, nan 
80.375, 84.875, 5.515325822173113e-23, nan 
80.625, 84.875, 5.652066962773883e-23, nan 
80.875, 84.875, 5.567418429535846e-23, nan 
81.125, 84.875, 5.730039429075138e-23, nan 
81.375, 84.875, 5.800208616281408e-23, nan 
81.625, 84.875, 6.032285784953094e-23, nan 
81.875, 84.875, 5.171861268874338e-23, nan 
82.125, 84.875, 4.031622608357914e-23, nan 
82.375, 84.875, 3.701134828637624e-23, nan 
82.625, 84.875, 3.5765277617334347e-23, nan 
82.875, 84.875, 3.620180255489658e-23, nan 
83.125, 84.875, 3.7561752205709736e-23, nan 
83.375, 84.875, 3.8660134713606385e-23, nan 
83.625, 84.875, 3.8414353511965696e-23, nan 
83.875, 84.875, 3.924652156492274e-23, nan 
84.125, 84.875, 4.002221362434769e-23, nan 
84.375, 84.875, 3.908777709613431e-23, nan 
84.625, 84.875, 3.9670537478199003e-23, nan 
84.875, 84.875, 3.853046157665342e-23, nan 
85.125, 84.875, 3.9615493818143624e-23, nan 
85.375, 84.875, 4.111658855623979e-23, nan 
85.625, 84.875, 4.1631572944428913e-23, nan 
85.875, 84.875, 4.240530933730416e-23, nan 
86.125, 84.875, 4.163754732206076e-23, nan 
86.375, 84.875, 4.1682395131986026e-23, nan 
86.625, 84.875, 4.037039665633182e-23, nan 
86.875, 84.875, 3.962863286908786e-23, nan 
87.125, 84.875, 3.9581736225203544e-23, nan 
87.375, 84.875, 3.8347361586604966e-23, nan 
87.625, 84.875, 3.6900614789356444e-23, nan 
87.875, 84.875, 3.63981374738195e-23, nan 
88.125, 84.875, 3.5284864462484557e-23, nan 
88.375, 84.875, 3.6664555942013575e-23, nan 
88.625, 84.875, 3.850516685062504e-23, nan 
88.875, 84.875, 3.810690243950568e-23, nan 
89.125, 84.875, 3.695719753079095e-23, nan 
89.375, 84.875, 3.787548693160684e-23, nan 
89.625, 84.875, 4.256859693091273e-23, nan 
89.875, 84.875, 4.6640603628061926e-23, nan 
90.125, 84.875, 4.2166591927643167e-23, nan 
90.375, 84.875, 3.539923398955617e-23, nan 
90.625, 84.875, 3.465981754270569e-23, nan 
90.875, 84.875, 3.4646848445589903e-23, nan 
91.125, 84.875, 3.520825524579834e-23, nan 
91.375, 84.875, 3.528752391747091e-23, nan 
91.625, 84.875, 3.6427729998032817e-23, nan 
91.875, 84.875, 3.3919485413939696e-23, nan 
92.125, 84.875, 3.5116943483488e-23, nan 
92.375, 84.875, 4.2998304204108025e-23, nan 
92.625, 84.875, 4.8866091861199997e-23, nan 
92.875, 84.875, 6.511216794683224e-23, nan 
93.125, 84.875, 7.423629011927438e-23, nan 
93.375, 84.875, 7.744198371876972e-23, nan 
93.625, 84.875, 7.261690715578222e-23, nan 
93.875, 84.875, 7.277674727529748e-23, nan 
94.125, 84.875, 7.48409281506464e-23, nan 
94.375, 84.875, 8.154299699049652e-23, nan 
94.625, 84.875, 8.268261724840197e-23, nan 
94.875, 84.875, 8.681179415699652e-23, nan 
95.125, 84.875, 7.259624817278745e-23, nan 
95.375, 84.875, 7.397927149213516e-23, nan 
95.625, 84.875, 1.0534178233474797e-22, nan 
95.875, 84.875, 1.2344722846080104e-22, nan 
96.125, 84.875, 1.29467155720687e-22, nan 
96.375, 84.875, 1.2534249387591388e-22, nan 
96.625, 84.875, 1.2540815000188408e-22, nan 
96.875, 84.875, 1.2883338190067983e-22, nan 
97.125, 84.875, 1.3711600767943644e-22, nan 
97.375, 84.875, 1.337436426509944e-22, nan 
97.625, 84.875, 1.3878306108430652e-22, nan 
97.875, 84.875, 9.313382439121253e-23, nan 
98.125, 84.875, 7.57092625476287e-23, nan 
98.375, 84.875, 5.761536442562615e-23, nan 
98.625, 84.875, 6.64712830995892e-23, nan 
98.875, 84.875, 6.91923216419049e-23, nan 
99.125, 84.875, 7.017847415518295e-23, nan 
99.375, 84.875, 7.133342685187825e-23, nan 
99.625, 84.875, 7.524789895101239e-23, nan 
99.875, 84.875, 7.632197994995085e-23, nan 
100.125, 84.875, 7.612102206325216e-23, nan 
100.375, 84.875, 7.946458310479425e-23, nan 
100.625, 84.875, 6.971189471649358e-23, nan 
100.875, 84.875, 6.930634019219164e-23, nan 
101.125, 84.875, 6.278552180955471e-23, nan 
101.375, 84.875, 6.672427069042333e-23, nan 
101.625, 84.875, 6.415401222063453e-23, nan 
101.875, 84.875, 6.169676025298137e-23, nan 
102.125, 84.875, 6.01097545911271e-23, nan 
102.375, 84.875, 5.996295640884365e-23, nan 
102.625, 84.875, 5.952248617207608e-23, nan 
102.875, 84.875, 6.493009603293435e-23, nan 
103.125, 84.875, 6.548632468421357e-23, nan 
103.375, 84.875, 6.703227448001601e-23, nan 
103.625, 84.875, 6.704072223549368e-23, nan 
103.875, 84.875, 6.948838071533385e-23, nan 
104.125, 84.875, 6.88009211812901e-23, nan 
104.375, 84.875, 6.695786121618218e-23, nan 
104.625, 84.875, 9.169153387248875e-23, nan 
104.875, 84.875, 1.1193408680651984e-22, nan 
105.125, 84.875, 1.4362561209159528e-22, nan 
105.375, 84.875, 1.8589472413434264e-22, nan 
105.625, 84.875, 2.025886062045257e-22, nan 
105.875, 84.875, 2.1157378057590076e-22, nan 
106.125, 84.875, 2.0945751776876413e-22, nan 
106.375, 84.875, 2.056895583683869e-22, nan 
106.625, 84.875, 2.0205847059993429e-22, nan 
106.875, 84.875, 1.9125816567687107e-22, nan 
107.125, 84.875, 1.6877464142562412e-22, nan 
107.375, 84.875, 1.5196476653904277e-22, nan 
107.625, 84.875, 1.6741257397097278e-22, nan 
107.875, 84.875, 1.8276921624476e-22, nan 
108.125, 84.875, 1.892892435077928e-22, nan 
108.375, 84.875, 1.9326175981598037e-22, nan 
108.625, 84.875, 1.9872655279707611e-22, nan 
108.875, 84.875, 2.0579300303285625e-22, nan 
109.125, 84.875, 2.1097206256552694e-22, nan 
109.375, 84.875, 2.1151295027542588e-22, nan 
109.625, 84.875, 2.0322373343091338e-22, nan 
109.875, 84.875, 1.9296169759222052e-22, nan 
110.125, 84.875, 1.6253535695567614e-22, nan 
110.375, 84.875, 1.4867087931863595e-22, nan 
110.625, 84.875, 1.4328837141893225e-22, nan 
110.875, 84.875, 1.4473212136527236e-22, nan 
111.125, 84.875, 1.3405722935551411e-22, nan 
111.375, 84.875, 1.2776307305168616e-22, nan 
111.625, 84.875, 1.2976327080591056e-22, nan 
111.875, 84.875, 1.2182088456749648e-22, nan 
112.125, 84.875, 1.1587806109009708e-22, nan 
112.375, 84.875, 1.1123402903041783e-22, nan 
112.625, 84.875, 1.0773950807163542e-22, nan 
112.875, 84.875, 1.0078985043898098e-22, nan 
113.125, 84.875, 9.147579145102097e-23, nan 
113.375, 84.875, 8.049541091643866e-23, nan 
113.625, 84.875, 8.178023668962881e-23, nan 
113.875, 84.875, 8.686572491066565e-23, nan 
114.125, 84.875, 9.225750316531067e-23, nan 
114.375, 84.875, 9.182092605860734e-23, nan 
114.625, 84.875, 9.835533058994525e-23, nan 
114.875, 84.875, 1.0749069271283423e-22, nan 
115.125, 84.875, 1.0700388401380108e-22, nan 
115.375, 84.875, 1.0234545060335929e-22, nan 
115.625, 84.875, 9.706687236281406e-23, nan 
115.875, 84.875, 9.319354134444153e-23, nan 
116.125, 84.875, 8.182121973544291e-23, nan 
116.375, 84.875, 9.059581353914397e-23, nan 
116.625, 84.875, 1.1137675331561615e-22, nan 
116.875, 84.875, 1.3130244437817278e-22, nan 
117.125, 84.875, 1.380785913362718e-22, nan 
117.375, 84.875, 1.5676731166904107e-22, nan 
117.625, 84.875, 1.6979151556539775e-22, nan 
117.875, 84.875, 1.4178611525740162e-22, nan 
118.125, 84.875, 1.3155642077603255e-22, nan 
118.375, 84.875, 1.3797530648612998e-22, nan 
118.625, 84.875, 1.330443898818981e-22, nan 
118.875, 84.875, 1.078925893604109e-22, nan 
119.125, 84.875, 8.298427795584189e-23, nan 
119.375, 84.875, 6.282301308168585e-23, nan 
119.625, 84.875, 7.61123520999879e-23, nan 
119.875, 84.875, 6.564252892438607e-23, nan 
120.125, 84.875, 6.74492621670151e-23, nan 
120.375, 84.875, 7.6751069277473e-23, nan 
120.625, 84.875, 4.75217785466386e-23, nan 
120.875, 84.875, 4.4175167617741834e-23, nan 
121.125, 84.875, 4.427626402686831e-23, nan 
121.375, 84.875, 4.301165078695955e-23, nan 
121.625, 84.875, 3.556492338808517e-23, nan 
121.875, 84.875, 3.196871815685803e-23, nan 
122.125, 84.875, 2.5844243347392063e-23, nan 
122.375, 84.875, 2.76127935012747e-23, nan 
122.625, 84.875, 3.1471503730935195e-23, nan 
122.875, 84.875, 4.280015673328054e-23, nan 
123.125, 84.875, 3.9978051060490614e-23, nan 
123.375, 84.875, 3.1021366683984636e-23, nan 
123.625, 84.875, 2.6102989179767964e-23, nan 
123.875, 84.875, 4.008341739511413e-23, nan 
124.125, 84.875, 4.734970856471025e-23, nan 
124.375, 84.875, 6.933056324259228e-23, nan 
124.625, 84.875, 6.579100000399241e-23, nan 
124.875, 84.875, 6.237917240972995e-23, nan 
125.125, 84.875, 6.279269346142903e-23, nan 
125.375, 84.875, 6.966854017102956e-23, nan 
125.625, 84.875, 7.41482619028708e-23, nan 
125.875, 84.875, 7.978467228186143e-23, nan 
126.125, 84.875, 1.0099083865829554e-22, nan 
126.375, 84.875, 1.1865055043518436e-22, nan 
126.625, 84.875, 1.2072209502449223e-22, nan 
126.875, 84.875, 1.0296724494632663e-22, nan 
127.125, 84.875, 8.875849744309423e-23, nan 
127.375, 84.875, 9.111584597050872e-23, nan 
127.625, 84.875, 7.16552115937919e-23, nan 
127.875, 84.875, 5.894996742819925e-23, nan 
128.125, 84.875, 5.881553757554123e-23, nan 
128.375, 84.875, 5.706827472901462e-23, nan 
128.625, 84.875, 7.445280075026714e-23, nan 
128.875, 84.875, 1.226253485541483e-22, nan 
129.125, 84.875, 1.536383808524656e-22, nan 
129.375, 84.875, 1.4643165928120774e-22, nan 
129.625, 84.875, 1.100475487543232e-22, nan 
129.875, 84.875, 6.580956495802696e-23, nan 
130.125, 84.875, 7.391945113534421e-23, nan 
130.375, 84.875, 7.143159785908482e-23, nan 
130.625, 84.875, 7.508988017797892e-23, nan 
130.875, 84.875, 9.763049114370007e-23, nan 
131.125, 84.875, 1.0083838247809041e-22, nan 
131.375, 84.875, 1.1134411126697812e-22, nan 
131.625, 84.875, 1.280520329769459e-22, nan 
131.875, 84.875, 1.4052407280952234e-22, nan 
132.125, 84.875, 1.3575658965225514e-22, nan 
132.375, 84.875, 1.2864872103746582e-22, nan 
132.625, 84.875, 1.230531230480199e-22, nan 
132.875, 84.875, 1.1767708056432325e-22, nan 
133.125, 84.875, 8.206826177540335e-23, nan 
133.375, 84.875, 7.044053888249492e-23, nan 
133.625, 84.875, 8.055108590538064e-23, nan 
133.875, 84.875, 8.054198823592145e-23, nan 
134.125, 84.875, 7.191115485930725e-23, nan 
134.375, 84.875, 7.208694449271441e-23, nan 
134.625, 84.875, 6.889895928652696e-23, nan 
134.875, 84.875, 7.471786760239801e-23, nan 
135.125, 84.875, 7.458280256798962e-23, nan 
135.375, 84.875, 8.166985924024923e-23, nan 
135.625, 84.875, 8.110551632160634e-23, nan 
135.875, 84.875, 7.880879436948373e-23, nan 
136.125, 84.875, 7.974466980328958e-23, nan 
136.375, 84.875, 7.735962358223828e-23, nan 
136.625, 84.875, 7.66882603213907e-23, nan 
136.875, 84.875, 7.728367551240725e-23, nan 
137.125, 84.875, 7.552300271388413e-23, nan 
137.375, 84.875, 7.260835011172556e-23, nan 
137.625, 84.875, 7.148731593312454e-23, nan 
137.875, 84.875, 6.906852909964652e-23, nan 
138.125, 84.875, 6.51554581251862e-23, nan 
138.375, 84.875, 5.890011756526974e-23, nan 
138.625, 84.875, 5.1076084189828437e-23, nan 
138.875, 84.875, 4.842630746131352e-23, nan 
139.125, 84.875, 5.0131359254338413e-23, nan 
139.375, 84.875, 5.711293852508312e-23, nan 
139.625, 84.875, 5.50580903066207e-23, nan 
139.875, 84.875, 5.423853767918681e-23, nan 
140.125, 84.875, 5.556883107260915e-23, nan 
140.375, 84.875, 5.333300072809782e-23, nan 
140.625, 84.875, 5.1651323970593836e-23, nan 
140.875, 84.875, 5.111697079662027e-23, nan 
141.125, 84.875, 4.8521696183616067e-23, nan 
141.375, 84.875, 4.8844504636362635e-23, nan 
141.625, 84.875, 4.929985178706465e-23, nan 
141.875, 84.875, 4.1641702260224195e-23, nan 
142.125, 84.875, 4.1375180447986867e-23, nan 
142.375, 84.875, 4.6774087240986505e-23, nan 
142.625, 84.875, 5.539012065623014e-23, nan 
142.875, 84.875, 6.665369897139372e-23, nan 
143.125, 84.875, 7.162816974787584e-23, nan 
143.375, 84.875, 7.218421862635403e-23, nan 
143.625, 84.875, 7.138737557263102e-23, nan 
143.875, 84.875, 6.524581314471882e-23, nan 
144.125, 84.875, 5.216667183735698e-23, nan 
144.375, 84.875, 3.875601163605826e-23, nan 
144.625, 84.875, 3.407451172490237e-23, nan 
144.875, 84.875, 3.613900192328541e-23, nan 
145.125, 84.875, 3.9887045141644536e-23, nan 
145.375, 84.875, 3.818841715380475e-23, nan 
145.625, 84.875, 4.150299921028895e-23, nan 
145.875, 84.875, 5.1139373222999596e-23, nan 
146.125, 84.875, 5.39369739331357e-23, nan 
146.375, 84.875, 6.534170018824295e-23, nan 
146.625, 84.875, 7.593775786502444e-23, nan 
146.875, 84.875, 7.876057677040796e-23, nan 
147.125, 84.875, 6.928607034463449e-23, nan 
147.375, 84.875, 6.645447410033099e-23, nan 
147.625, 84.875, 6.309149716102445e-23, nan 
147.875, 84.875, 6.372087202495324e-23, nan 
148.125, 84.875, 6.745321220916621e-23, nan 
148.375, 84.875, 6.433234269195342e-23, nan 
148.625, 84.875, 7.39339879864643e-23, nan 
148.875, 84.875, 7.635068161363419e-23, nan 
149.125, 84.875, 8.977748337154116e-23, nan 
149.375, 84.875, 1.129034812036194e-22, nan 
149.625, 84.875, 1.1573932115580583e-22, nan 
149.875, 84.875, 1.313776851538707e-22, nan 
150.125, 84.875, 1.2027750288983712e-22, nan 
150.375, 84.875, 1.1926266148678981e-22, nan 
150.625, 84.875, 1.2898482285133192e-22, nan 
150.875, 84.875, 1.4801163741045477e-22, nan 
151.125, 84.875, 1.5696478513399989e-22, nan 
151.375, 84.875, 1.7096305985332425e-22, nan 
151.625, 84.875, 1.5653341924619316e-22, nan 
151.875, 84.875, 1.621161730313272e-22, nan 
152.125, 84.875, 1.5804919328292573e-22, nan 
152.375, 84.875, 1.6098781826379754e-22, nan 
152.625, 84.875, 1.5872920077540466e-22, nan 
152.875, 84.875, 1.5430801766863524e-22, nan 
153.125, 84.875, 1.497505333905176e-22, nan 
153.375, 84.875, 1.4106790216549464e-22, nan 
153.625, 84.875, 1.3281352585881988e-22, nan 
153.875, 84.875, 1.12003229608269e-22, nan 
154.125, 84.875, 1.085205637458061e-22, nan 
154.375, 84.875, 9.474520975871092e-23, nan 
154.625, 84.875, 6.916160447995576e-23, nan 
154.875, 84.875, 7.241346582994806e-23, nan 
155.125, 84.875, 8.106744525854243e-23, nan 
155.375, 84.875, 8.976066849087667e-23, nan 
155.625, 84.875, 8.682588669543176e-23, nan 
155.875, 84.875, 8.588072562713032e-23, nan 
156.125, 84.875, 8.47660646852772e-23, nan 
156.375, 84.875, 8.818602973675192e-23, nan 
156.625, 84.875, 9.395306100717139e-23, nan 
156.875, 84.875, 9.441326485175956e-23, nan 
157.125, 84.875, 9.011279803039103e-23, nan 
157.375, 84.875, 6.763822425091064e-23, nan 
157.625, 84.875, 5.69576360218867e-23, nan 
157.875, 84.875, 4.667054921668909e-23, nan 
158.125, 84.875, 4.141571110683467e-23, nan 
158.375, 84.875, 3.6663738880491023e-23, nan 
158.625, 84.875, 3.152928829199888e-23, nan 
158.875, 84.875, 2.7514504089260814e-23, nan 
159.125, 84.875, 3.728578012669517e-23, nan 
159.375, 84.875, 4.9983268765088107e-23, nan 
159.625, 84.875, 4.7937056361607134e-23, nan 
159.875, 84.875, 5.719179588988626e-23, nan 
160.125, 84.875, 6.485624844885834e-23, nan 
160.375, 84.875, 5.330369906732675e-23, nan 
160.625, 84.875, 4.743792989034964e-23, nan 
160.875, 84.875, 3.8975838169017214e-23, nan 
161.125, 84.875, 3.7344086359063386e-23, nan 
161.375, 84.875, 3.451018377976893e-23, nan 
161.625, 84.875, 3.2122769381124916e-23, nan 
161.875, 84.875, 2.858926706447246e-23, nan 
162.125, 84.875, 2.816703717207749e-23, nan 
162.375, 84.875, 2.6455300175376903e-23, nan 
162.625, 84.875, 2.3550711927101672e-23, nan 
162.875, 84.875, 2.367827522824695e-23, nan 
163.125, 84.875, 2.6001368752799575e-23, nan 
163.375, 84.875, 2.6713041159210974e-23, nan 
163.625, 84.875, 2.5735628345660307e-23, nan 
163.875, 84.875, 2.2337990363723666e-23, nan 
164.125, 84.875, 1.9878203036648808e-23, nan 
164.375, 84.875, 1.7768424786912667e-23, nan 
164.625, 84.875, 1.4964295796331225e-23, nan 
164.875, 84.875, 1.4777270739509364e-23, nan 
165.125, 84.875, 1.371497166928047e-23, nan 
165.375, 84.875, 1.0284138450642288e-23, nan 
165.625, 84.875, 8.553197206366958e-24, nan 
165.875, 84.875, 7.47443357462232e-24, nan 
166.125, 84.875, 5.6329051071379835e-24, nan 
166.375, 84.875, 7.439458321426394e-24, nan 
166.625, 84.875, 6.852969546635488e-24, nan 
166.875, 84.875, 4.379920937042721e-24, nan 
167.125, 84.875, 4.36237033576156e-24, nan 
167.375, 84.875, 6.15609527977016e-24, nan 
167.625, 84.875, 4.908458572053621e-24, nan 
167.875, 84.875, 3.3133312252086e-24, nan 
168.125, 84.875, 1.4331336696412694e-24, nan 
168.375, 84.875, 6.216632391909333e-24, nan 
168.625, 84.875, 7.085693019476942e-24, nan 
168.875, 84.875, 5.3922285353125846e-24, nan 
169.125, 84.875, 5.3029982502153056e-24, nan 
169.375, 84.875, 3.977848552772218e-24, nan 
169.625, 84.875, 4.307314620008497e-24, nan 
169.875, 84.875, 5.0287921091177295e-24, nan 
170.125, 84.875, 5.872274129425342e-24, nan 
170.375, 84.875, 6.702070914267325e-24, nan 
170.625, 84.875, 9.85859349182949e-24, nan 
170.875, 84.875, 1.479856350197582e-23, nan 
171.125, 84.875, 2.1607227462361606e-23, nan 
171.375, 84.875, 2.2551488579400393e-23, nan 
171.625, 84.875, 2.7890100548003083e-23, nan 
171.875, 84.875, 2.869524242360421e-23, nan 
172.125, 84.875, 2.7628829280526333e-23, nan 
172.375, 84.875, 2.85616229237551e-23, nan 
172.625, 84.875, 2.7271511045351914e-23, nan 
172.875, 84.875, 2.4704692439188258e-23, nan 
173.125, 84.875, 2.1712687558046534e-23, nan 
173.375, 84.875, 2.5108154821492988e-23, nan 
173.625, 84.875, 2.887199040750457e-23, nan 
173.875, 84.875, 3.400958903243474e-23, nan 
174.125, 84.875, 3.659521891367054e-23, nan 
174.375, 84.875, 4.513042499992322e-23, nan 
174.625, 84.875, 4.7110760295845994e-23, nan 
174.875, 84.875, 4.750108330084132e-23, nan 
175.125, 84.875, 4.9658905862739903e-23, nan 
175.375, 84.875, 4.761500440862879e-23, nan 
175.625, 84.875, 4.42869255739585e-23, nan 
175.875, 84.875, 4.2343768845242344e-23, nan 
176.125, 84.875, 5.671282668963606e-23, nan 
176.375, 84.875, 6.878661124641376e-23, nan 
176.625, 84.875, 7.427800509367121e-23, nan 
176.875, 84.875, 8.023278681238791e-23, nan 
177.125, 84.875, 7.953160363608513e-23, nan 
177.375, 84.875, 9.972498102256947e-23, nan 
177.625, 84.875, 1.0205775534626916e-22, nan 
177.875, 84.875, 1.0287478672088339e-22, nan 
178.125, 84.875, 1.0051177251888876e-22, nan 
178.375, 84.875, 9.354603747964845e-23, nan 
178.625, 84.875, 9.370690306745293e-23, nan 
178.875, 84.875, 9.734339029205276e-23, nan 
179.125, 84.875, 9.515517718852497e-23, nan 
179.375, 84.875, 8.767489923726573e-23, nan 
179.625, 84.875, 8.566036485273465e-23, nan 
179.875, 84.875, 8.35089785859949e-23, nan 
-179.875, 85.125, 6.709186389184121e-23, nan 
-179.625, 85.125, 6.264381175254543e-23, nan 
-179.375, 85.125, 5.817359767628028e-23, nan 
-179.125, 85.125, 4.036865240231146e-23, nan 
-178.875, 85.125, 4.186293796986678e-23, nan 
-178.625, 85.125, 4.3836153087584846e-23, nan 
-178.375, 85.125, 4.637834014083165e-23, nan 
-178.125, 85.125, 4.7948589423580615e-23, nan 
-177.875, 85.125, 5.0654067701925e-23, nan 
-177.625, 85.125, 5.046046689002684e-23, nan 
-177.375, 85.125, 4.6893317794109113e-23, nan 
-177.125, 85.125, 4.605268032178647e-23, nan 
-176.875, 85.125, 4.0554772131261496e-23, nan 
-176.625, 85.125, 3.38754834037835e-23, nan 
-176.375, 85.125, 3.0119949503590304e-23, nan 
-176.125, 85.125, 2.360580417654385e-23, nan 
-175.875, 85.125, 2.3824609182959878e-23, nan 
-175.625, 85.125, 1.9847691636139933e-23, nan 
-175.375, 85.125, 4.687610364693769e-23, nan 
-175.125, 85.125, 5.449991536609853e-23, nan 
-174.875, 85.125, 6.168366456214331e-23, nan 
-174.625, 85.125, 6.477281796205854e-23, nan 
-174.375, 85.125, 3.17101258548719e-23, nan 
-174.125, 85.125, 5.0269242276993746e-23, nan 
-173.875, 85.125, 4.934208274074085e-23, nan 
-173.625, 85.125, 5.323796700377622e-23, nan 
-173.375, 85.125, 6.803675567758442e-23, nan 
-173.125, 85.125, 7.853959785586322e-23, nan 
-172.875, 85.125, 1.0214042605340398e-22, nan 
-172.625, 85.125, 1.2788213785034683e-22, nan 
-172.375, 85.125, 1.5229161590238013e-22, nan 
-172.125, 85.125, 1.7318524557896118e-22, nan 
-171.875, 85.125, 1.9095527476652624e-22, nan 
-171.625, 85.125, 1.953701016541208e-22, nan 
-171.375, 85.125, 2.021411371578643e-22, nan 
-171.125, 85.125, 2.0420025166324068e-22, nan 
-170.875, 85.125, 2.0216612536136963e-22, nan 
-170.625, 85.125, 1.9772222243632687e-22, nan 
-170.375, 85.125, 1.944437976039808e-22, nan 
-170.125, 85.125, 2.129544217888768e-22, nan 
-169.875, 85.125, 2.4377550776345886e-22, nan 
-169.625, 85.125, 3.170241633439369e-22, nan 
-169.375, 85.125, 3.302687393502712e-22, nan 
-169.125, 85.125, 3.504246091943484e-22, nan 
-168.875, 85.125, 3.7835766120329925e-22, nan 
-168.625, 85.125, 3.931969617954077e-22, nan 
-168.375, 85.125, 4.037634007266072e-22, nan 
-168.125, 85.125, 3.9985924525836255e-22, nan 
-167.875, 85.125, 3.877128027754873e-22, nan 
-167.625, 85.125, 3.47332436443727e-22, nan 
-167.375, 85.125, 3.176405908040433e-22, nan 
-167.125, 85.125, 2.1152939462062383e-22, nan 
-166.875, 85.125, 2.493435810817965e-22, nan 
-166.625, 85.125, 2.7289833207793767e-22, nan 
-166.375, 85.125, 2.9136806467817793e-22, nan 
-166.125, 85.125, 3.1250772094370954e-22, nan 
-165.875, 85.125, 3.18926573023248e-22, nan 
-165.625, 85.125, 3.254151234318596e-22, nan 
-165.375, 85.125, 3.2595302141247615e-22, nan 
-165.125, 85.125, 3.212090791685373e-22, nan 
-164.875, 85.125, 3.08274737704284e-22, nan 
-164.625, 85.125, 3.005263090680692e-22, nan 
-164.375, 85.125, 2.4660082404525312e-22, nan 
-164.125, 85.125, 2.1334094502863737e-22, nan 
-163.875, 85.125, 2.222631752530604e-22, nan 
-163.625, 85.125, 2.354741835541765e-22, nan 
-163.375, 85.125, 2.391320294745479e-22, nan 
-163.125, 85.125, 2.4429161966292613e-22, nan 
-162.875, 85.125, 2.431674257888545e-22, nan 
-162.625, 85.125, 2.4285986335725286e-22, nan 
-162.375, 85.125, 2.417184112831625e-22, nan 
-162.125, 85.125, 2.4148732492530595e-22, nan 
-161.875, 85.125, 2.414793472183473e-22, nan 
-161.625, 85.125, 2.4108514763154007e-22, nan 
-161.375, 85.125, 2.4052498273365243e-22, nan 
-161.125, 85.125, 2.4191354158672754e-22, nan 
-160.875, 85.125, 2.279109707749221e-22, nan 
-160.625, 85.125, 1.6335106581011258e-22, nan 
-160.375, 85.125, 7.135031767490902e-23, nan 
-160.125, 85.125, 4.8843798504545555e-23, nan 
-159.875, 85.125, 4.5043634878528463e-23, nan 
-159.625, 85.125, 4.5484469511241416e-23, nan 
-159.375, 85.125, 4.546087264954438e-23, nan 
-159.125, 85.125, 4.6586629168505615e-23, nan 
-158.875, 85.125, 5.120042332804415e-23, nan 
-158.625, 85.125, 5.958477549411003e-23, nan 
-158.375, 85.125, 6.529053470730011e-23, nan 
-158.125, 85.125, 7.184372939711929e-23, nan 
-157.875, 85.125, 7.637611477775551e-23, nan 
-157.625, 85.125, 7.363276510450694e-23, nan 
-157.375, 85.125, 7.648410052725201e-23, nan 
-157.125, 85.125, 8.730592434579686e-23, nan 
-156.875, 85.125, 9.782818561449093e-23, nan 
-156.625, 85.125, 1.1163073746982622e-22, nan 
-156.375, 85.125, 1.1026323019414976e-22, nan 
-156.125, 85.125, 1.054976862426129e-22, nan 
-155.875, 85.125, 1.02427143499182e-22, nan 
-155.625, 85.125, 1.0360114969475055e-22, nan 
-155.375, 85.125, 1.0635308405088727e-22, nan 
-155.125, 85.125, 1.1038504460782257e-22, nan 
-154.875, 85.125, 1.1206944944174807e-22, nan 
-154.625, 85.125, 1.1141894786536656e-22, nan 
-154.375, 85.125, 1.0311895915123471e-22, nan 
-154.125, 85.125, 1.147037748263948e-22, nan 
-153.875, 85.125, 1.471369290034612e-22, nan 
-153.625, 85.125, 1.5617643484963845e-22, nan 
-153.375, 85.125, 1.6594128254297668e-22, nan 
-153.125, 85.125, 2.0282953186774384e-22, nan 
-152.875, 85.125, 2.4126227364360735e-22, nan 
-152.625, 85.125, 2.6903399431815167e-22, nan 
-152.375, 85.125, 2.786940038197229e-22, nan 
-152.125, 85.125, 2.929294428446825e-22, nan 
-151.875, 85.125, 2.9579103714959053e-22, nan 
-151.625, 85.125, 2.452295261393657e-22, nan 
-151.375, 85.125, 2.2375633185024715e-22, nan 
-151.125, 85.125, 2.1026722908177002e-22, nan 
-150.875, 85.125, 2.162945374794735e-22, nan 
-150.625, 85.125, 2.4351589884857493e-22, nan 
-150.375, 85.125, 2.832497862405477e-22, nan 
-150.125, 85.125, 3.030873834625848e-22, nan 
-149.875, 85.125, 2.616604239345852e-22, nan 
-149.625, 85.125, 2.3154887299587217e-22, nan 
-149.375, 85.125, 2.3379577354800783e-22, nan 
-149.125, 85.125, 2.409706924655284e-22, nan 
-148.875, 85.125, 2.0946008838371174e-22, nan 
-148.625, 85.125, 1.7561207124362228e-22, nan 
-148.375, 85.125, 1.2980465425675992e-22, nan 
-148.125, 85.125, 9.426861141421856e-23, nan 
-147.875, 85.125, 7.119591409784839e-23, nan 
-147.625, 85.125, 7.832536476775397e-23, nan 
-147.375, 85.125, 8.486334569378231e-23, nan 
-147.125, 85.125, 8.695992558417575e-23, nan 
-146.875, 85.125, 7.310217866557285e-23, nan 
-146.625, 85.125, 7.699053755824192e-23, nan 
-146.375, 85.125, 9.50495503494481e-23, nan 
-146.125, 85.125, 9.77948821766559e-23, nan 
-145.875, 85.125, 1.0437370074439119e-22, nan 
-145.625, 85.125, 8.637660560483215e-23, nan 
-145.375, 85.125, 8.26695320785965e-23, nan 
-145.125, 85.125, 8.01952801426079e-23, nan 
-144.875, 85.125, 7.849941356062005e-23, nan 
-144.625, 85.125, 7.668890000166913e-23, nan 
-144.375, 85.125, 7.847168341503522e-23, nan 
-144.125, 85.125, 8.462485509283133e-23, nan 
-143.875, 85.125, 8.462244362577226e-23, nan 
-143.625, 85.125, 7.837602837276271e-23, nan 
-143.375, 85.125, 7.90176993317e-23, nan 
-143.125, 85.125, 7.957997524579519e-23, nan 
-142.875, 85.125, 8.563419553144847e-23, nan 
-142.625, 85.125, 8.270231136002332e-23, nan 
-142.375, 85.125, 8.363814507869098e-23, nan 
-142.125, 85.125, 9.308576604241074e-23, nan 
-141.875, 85.125, 9.36642501523217e-23, nan 
-141.625, 85.125, 1.0058029289074962e-22, nan 
-141.375, 85.125, 1.0981774468603077e-22, nan 
-141.125, 85.125, 1.114337841499577e-22, nan 
-140.875, 85.125, 1.1033615910654368e-22, nan 
-140.625, 85.125, 1.0608602038501437e-22, nan 
-140.375, 85.125, 9.276795546130394e-23, nan 
-140.125, 85.125, 7.37369979083577e-23, nan 
-139.875, 85.125, 7.484047162819986e-23, nan 
-139.625, 85.125, 8.594330104521809e-23, nan 
-139.375, 85.125, 1.1447201191870954e-22, nan 
-139.125, 85.125, 1.4861327627099769e-22, nan 
-138.875, 85.125, 1.8881045720600742e-22, nan 
-138.625, 85.125, 2.224346025226309e-22, nan 
-138.375, 85.125, 2.4443989941370028e-22, nan 
-138.125, 85.125, 2.6135219381529715e-22, nan 
-137.875, 85.125, 2.8174260000926794e-22, nan 
-137.625, 85.125, 2.6963634139253484e-22, nan 
-137.375, 85.125, 2.5428469478631606e-22, nan 
-137.125, 85.125, 2.3852158879832316e-22, nan 
-136.875, 85.125, 2.264494922508182e-22, nan 
-136.625, 85.125, 2.4134834555179497e-22, nan 
-136.375, 85.125, 2.703690048024292e-22, nan 
-136.125, 85.125, 3.101528067906495e-22, nan 
-135.875, 85.125, 3.6054427238911877e-22, nan 
-135.625, 85.125, 3.9893156196627307e-22, nan 
-135.375, 85.125, 4.309530910404442e-22, nan 
-135.125, 85.125, 4.636456826047156e-22, nan 
-134.875, 85.125, 4.640884072222602e-22, nan 
-134.625, 85.125, 4.595742740022615e-22, nan 
-134.375, 85.125, 4.574879705968503e-22, nan 
-134.125, 85.125, 4.572208203988085e-22, nan 
-133.875, 85.125, 4.567034198682439e-22, nan 
-133.625, 85.125, 4.5918104995940755e-22, nan 
-133.375, 85.125, 4.588177263963832e-22, nan 
-133.125, 85.125, 4.603091857029241e-22, nan 
-132.875, 85.125, 4.855438230738614e-22, nan 
-132.625, 85.125, 5.170866138660325e-22, nan 
-132.375, 85.125, 5.052393389907445e-22, nan 
-132.125, 85.125, 3.380774677148329e-22, nan 
-131.875, 85.125, 3.165148148244673e-22, nan 
-131.625, 85.125, 3.1600188276703744e-22, nan 
-131.375, 85.125, 3.251513828654672e-22, nan 
-131.125, 85.125, 3.359238445184123e-22, nan 
-130.875, 85.125, 3.4121365861677683e-22, nan 
-130.625, 85.125, 3.548476893433661e-22, nan 
-130.375, 85.125, 3.5849483978446702e-22, nan 
-130.125, 85.125, 4.371148830734623e-22, nan 
-129.875, 85.125, 5.377901625851797e-22, nan 
-129.625, 85.125, 5.513899785673171e-22, nan 
-129.375, 85.125, 4.884816580255997e-22, nan 
-129.125, 85.125, 4.946543501682768e-22, nan 
-128.875, 85.125, 5.223119445399629e-22, nan 
-128.625, 85.125, 5.836249567935502e-22, nan 
-128.375, 85.125, 5.6152818547975275e-22, nan 
-128.125, 85.125, 5.071790893570828e-22, nan 
-127.875, 85.125, 4.793106278260317e-22, nan 
-127.625, 85.125, 4.1486110893640766e-22, nan 
-127.375, 85.125, 2.9992019731785333e-22, nan 
-127.125, 85.125, 3.8398312174388807e-22, nan 
-126.875, 85.125, 4.825183216073565e-22, nan 
-126.625, 85.125, 5.207479125488907e-22, nan 
-126.375, 85.125, 5.463974633176182e-22, nan 
-126.125, 85.125, 6.508439505097854e-22, nan 
-125.875, 85.125, 7.938784912603656e-22, nan 
-125.625, 85.125, 7.862588618379328e-22, nan 
-125.375, 85.125, 7.4584570156924405e-22, nan 
-125.125, 85.125, 7.493616660897982e-22, nan 
-124.875, 85.125, 7.126409009516837e-22, nan 
-124.625, 85.125, 4.733737419453805e-22, nan 
-124.375, 85.125, 5.528601306540284e-22, nan 
-124.125, 85.125, 6.115093380337722e-22, nan 
-123.875, 85.125, 3.9123113485588107e-22, nan 
-123.625, 85.125, 5.580208018543492e-22, nan 
-123.375, 85.125, 7.345756146014638e-22, nan 
-123.125, 85.125, 7.941204950627172e-22, nan 
-122.875, 85.125, 8.189310021473298e-22, nan 
-122.625, 85.125, 8.306558876743351e-22, nan 
-122.375, 85.125, 8.381198323280677e-22, nan 
-122.125, 85.125, 8.301739117687069e-22, nan 
-121.875, 85.125, 8.962775814796509e-22, nan 
-121.625, 85.125, 1.001497564220165e-21, nan 
-121.375, 85.125, 9.494344257316194e-22, nan 
-121.125, 85.125, 4.528854841974722e-22, nan 
-120.875, 85.125, 5.853508057074544e-22, nan 
-120.625, 85.125, 6.7939581846989815e-22, nan 
-120.375, 85.125, 7.070539890678493e-22, nan 
-120.125, 85.125, 7.6240488743234e-22, nan 
-119.875, 85.125, 7.8097122756930295e-22, nan 
-119.625, 85.125, 8.813033844718985e-22, nan 
-119.375, 85.125, 8.91371960860694e-22, nan 
-119.125, 85.125, 7.97206799645773e-22, nan 
-118.875, 85.125, 7.027430658509534e-22, nan 
-118.625, 85.125, 6.519494666372841e-22, nan 
-118.375, 85.125, 2.483525885058237e-22, nan 
-118.125, 85.125, 2.448073127020864e-22, nan 
-117.875, 85.125, 2.343538806232268e-22, nan 
-117.625, 85.125, 2.0700579679811452e-22, nan 
-117.375, 85.125, 1.8700041138146108e-22, nan 
-117.125, 85.125, 1.9933967761233427e-22, nan 
-116.875, 85.125, 1.863317026472226e-22, nan 
-116.625, 85.125, 1.8011158911425018e-22, nan 
-116.375, 85.125, 1.761918086823986e-22, nan 
-116.125, 85.125, 1.8224737683131444e-22, nan 
-115.875, 85.125, 1.8016419608190517e-22, nan 
-115.625, 85.125, 1.95259930210031e-22, nan 
-115.375, 85.125, 2.546743279631673e-22, nan 
-115.125, 85.125, 2.667894756335524e-22, nan 
-114.875, 85.125, 3.168694097674003e-22, nan 
-114.625, 85.125, 3.3088173891177924e-22, nan 
-114.375, 85.125, 3.723205681186411e-22, nan 
-114.125, 85.125, 3.7094304302294424e-22, nan 
-113.875, 85.125, 4.094185471792058e-22, nan 
-113.625, 85.125, 4.349468174116363e-22, nan 
-113.375, 85.125, 4.544950987687066e-22, nan 
-113.125, 85.125, 4.617686426659765e-22, nan 
-112.875, 85.125, 4.7251789898435e-22, nan 
-112.625, 85.125, 3.9923936149618787e-22, nan 
-112.375, 85.125, 3.0438042111943607e-22, nan 
-112.125, 85.125, 2.8933456131355913e-22, nan 
-111.875, 85.125, 2.738031550941489e-22, nan 
-111.625, 85.125, 2.9339962292353948e-22, nan 
-111.375, 85.125, 2.3824355754222057e-22, nan 
-111.125, 85.125, 2.4331307527923127e-22, nan 
-110.875, 85.125, 2.5717370374626944e-22, nan 
-110.625, 85.125, 2.4926927313617046e-22, nan 
-110.375, 85.125, 2.2893957826757808e-22, nan 
-110.125, 85.125, 2.1092276304633357e-22, nan 
-109.875, 85.125, 1.8252483499117e-22, nan 
-109.625, 85.125, 1.8559744568528902e-22, nan 
-109.375, 85.125, 1.9319096020551383e-22, nan 
-109.125, 85.125, 1.6972675096140906e-22, nan 
-108.875, 85.125, 1.5483608022420371e-22, nan 
-108.625, 85.125, 1.4912784799646239e-22, nan 
-108.375, 85.125, 1.5061412733323212e-22, nan 
-108.125, 85.125, 1.3165347465682752e-22, nan 
-107.875, 85.125, 1.0488485929904681e-22, nan 
-107.625, 85.125, 9.24561951882699e-23, nan 
-107.375, 85.125, 1.1279718345535434e-22, nan 
-107.125, 85.125, 1.4243307684065443e-22, nan 
-106.875, 85.125, 1.7917340921015245e-22, nan 
-106.625, 85.125, 2.2009661318586046e-22, nan 
-106.375, 85.125, 2.3801805136955237e-22, nan 
-106.125, 85.125, 2.2961697139519554e-22, nan 
-105.875, 85.125, 2.18874499653598e-22, nan 
-105.625, 85.125, 2.254190430343294e-22, nan 
-105.375, 85.125, 1.9145920087357233e-22, nan 
-105.125, 85.125, 1.2401957253933951e-22, nan 
-104.875, 85.125, 7.322669747742763e-23, nan 
-104.625, 85.125, 7.647985489640001e-23, nan 
-104.375, 85.125, 9.584060922898674e-23, nan 
-104.125, 85.125, 1.171391393565718e-22, nan 
-103.875, 85.125, 1.3471108541591378e-22, nan 
-103.625, 85.125, 1.5275744854034176e-22, nan 
-103.375, 85.125, 1.5889434407488936e-22, nan 
-103.125, 85.125, 1.490484838922888e-22, nan 
-102.875, 85.125, 1.5549720857972067e-22, nan 
-102.625, 85.125, 1.5038937530545262e-22, nan 
-102.375, 85.125, 1.4648578575206387e-22, nan 
-102.125, 85.125, 1.4250920317820156e-22, nan 
-101.875, 85.125, 1.4672701301108013e-22, nan 
-101.625, 85.125, 1.5163913852597986e-22, nan 
-101.375, 85.125, 1.5645207129568003e-22, nan 
-101.125, 85.125, 1.604049797661219e-22, nan 
-100.875, 85.125, 1.6340708218392824e-22, nan 
-100.625, 85.125, 1.6187046011053412e-22, nan 
-100.375, 85.125, 1.6093715269222204e-22, nan 
-100.125, 85.125, 1.6752771488796307e-22, nan 
-99.875, 85.125, 1.9291193798757565e-22, nan 
-99.625, 85.125, 2.331876436631367e-22, nan 
-99.375, 85.125, 2.476751687576693e-22, nan 
-99.125, 85.125, 2.5640159571289306e-22, nan 
-98.875, 85.125, 2.4395239218417936e-22, nan 
-98.625, 85.125, 2.563309028926822e-22, nan 
-98.375, 85.125, 2.5214228340740922e-22, nan 
-98.125, 85.125, 2.6970223387480457e-22, nan 
-97.875, 85.125, 2.8216450842532236e-22, nan 
-97.625, 85.125, 2.9285841490016375e-22, nan 
-97.375, 85.125, 2.82550359014602e-22, nan 
-97.125, 85.125, 2.941864621631604e-22, nan 
-96.875, 85.125, 3.04411553642428e-22, nan 
-96.625, 85.125, 2.86925876814417e-22, nan 
-96.375, 85.125, 2.774971469917368e-22, nan 
-96.125, 85.125, 2.7564128442429357e-22, nan 
-95.875, 85.125, 2.8648046466730027e-22, nan 
-95.625, 85.125, 2.938975758210055e-22, nan 
-95.375, 85.125, 2.525043244554727e-22, nan 
-95.125, 85.125, 2.5999612916987045e-22, nan 
-94.875, 85.125, 2.845681569621791e-22, nan 
-94.625, 85.125, 2.7569023869529526e-22, nan 
-94.375, 85.125, 2.3488492532678364e-22, nan 
-94.125, 85.125, 2.4790655338799315e-22, nan 
-93.875, 85.125, 2.3493576156424274e-22, nan 
-93.625, 85.125, 2.627676544978467e-22, nan 
-93.375, 85.125, 2.751062745504298e-22, nan 
-93.125, 85.125, 3.902562709398366e-22, nan 
-92.875, 85.125, 4.322630212791949e-22, nan 
-92.625, 85.125, 4.585100184621463e-22, nan 
-92.375, 85.125, 4.979682797687176e-22, nan 
-92.125, 85.125, 5.054928388464605e-22, nan 
-91.875, 85.125, 4.906993223938011e-22, nan 
-91.625, 85.125, 5.204901559353478e-22, nan 
-91.375, 85.125, 5.700805944433233e-22, nan 
-91.125, 85.125, 6.005604437417209e-22, nan 
-90.875, 85.125, 6.079857173048753e-22, nan 
-90.625, 85.125, 6.093183124092654e-22, nan 
-90.375, 85.125, 6.45535023526954e-22, nan 
-90.125, 85.125, 6.157660768975329e-22, nan 
-89.875, 85.125, 5.89387771919861e-22, nan 
-89.625, 85.125, 6.22828185053637e-22, nan 
-89.375, 85.125, 6.583751243899483e-22, nan 
-89.125, 85.125, 6.835670006153632e-22, nan 
-88.875, 85.125, 7.117795422175832e-22, nan 
-88.625, 85.125, 6.928648410596428e-22, nan 
-88.375, 85.125, 7.643924425960722e-22, nan 
-88.125, 85.125, 8.289385476786236e-22, nan 
-87.875, 85.125, 8.660338066597977e-22, nan 
-87.625, 85.125, 8.5096611442739e-22, nan 
-87.375, 85.125, 7.888021066921259e-22, nan 
-87.125, 85.125, 7.244137296079178e-22, nan 
-86.875, 85.125, 6.624320995211783e-22, nan 
-86.625, 85.125, 6.726478825550167e-22, nan 
-86.375, 85.125, 7.056657622086601e-22, nan 
-86.125, 85.125, 7.557186724223626e-22, nan 
-85.875, 85.125, 7.086683758611438e-22, nan 
-85.625, 85.125, 7.481484623158768e-22, nan 
-85.375, 85.125, 8.288888279619533e-22, nan 
-85.125, 85.125, 8.800516110717133e-22, nan 
-84.875, 85.125, 8.941188714492309e-22, nan 
-84.625, 85.125, 8.677235120147754e-22, nan 
-84.375, 85.125, 7.920279676054186e-22, nan 
-84.125, 85.125, 6.37558239568066e-22, nan 
-83.875, 85.125, 6.108437342490353e-22, nan 
-83.625, 85.125, 5.63709708575571e-22, nan 
-83.375, 85.125, 5.310038266605116e-22, nan 
-83.125, 85.125, 5.635069667754988e-22, nan 
-82.875, 85.125, 5.232118549168018e-22, nan 
-82.625, 85.125, 5.056704239390304e-22, nan 
-82.375, 85.125, 5.134927365020094e-22, nan 
-82.125, 85.125, 5.472462729548829e-22, nan 
-81.875, 85.125, 6.279938581033898e-22, nan 
-81.625, 85.125, 6.789174951863205e-22, nan 
-81.375, 85.125, 7.529172235355213e-22, nan 
-81.125, 85.125, 8.307045184883707e-22, nan 
-80.875, 85.125, 9.24536168394439e-22, nan 
-80.625, 85.125, 1.015871647945841e-21, nan 
-80.375, 85.125, 1.0228175297967335e-21, nan 
-80.125, 85.125, 9.436092969238222e-22, nan 
-79.875, 85.125, 8.236724765613515e-22, nan 
-79.625, 85.125, 4.44475084514505e-22, nan 
-79.375, 85.125, 3.6886136884731383e-22, nan 
-79.125, 85.125, 2.5940579952355316e-22, nan 
-78.875, 85.125, 2.2499781812301387e-22, nan 
-78.625, 85.125, 2.2134430180596974e-22, nan 
-78.375, 85.125, 2.5478721100184945e-22, nan 
-78.125, 85.125, 3.553218848846111e-22, nan 
-77.875, 85.125, 4.83882846142218e-22, nan 
-77.625, 85.125, 4.94401089852633e-22, nan 
-77.375, 85.125, 4.908368206868783e-22, nan 
-77.125, 85.125, 6.153951266346302e-22, nan 
-76.875, 85.125, 7.040852026375052e-22, nan 
-76.625, 85.125, 7.299990519421978e-22, nan 
-76.375, 85.125, 7.4825971239254685e-22, nan 
-76.125, 85.125, 7.870495655636726e-22, nan 
-75.875, 85.125, 8.037474711372901e-22, nan 
-75.625, 85.125, 8.473331862490217e-22, nan 
-75.375, 85.125, 9.215467447643211e-22, nan 
-75.125, 85.125, 1.0018374734575236e-21, nan 
-74.875, 85.125, 1.1340230984789795e-21, nan 
-74.625, 85.125, 1.1519982011315636e-21, nan 
-74.375, 85.125, 1.1774455322204986e-21, nan 
-74.125, 85.125, 1.2375183622332425e-21, nan 
-73.875, 85.125, 1.1326872508814335e-21, nan 
-73.625, 85.125, 1.0788081669740674e-21, nan 
-73.375, 85.125, 1.0805412920102211e-21, nan 
-73.125, 85.125, 1.1145350035830561e-21, nan 
-72.875, 85.125, 1.13781523307533e-21, nan 
-72.625, 85.125, 1.1787895447223882e-21, nan 
-72.375, 85.125, 1.1341515195691295e-21, nan 
-72.125, 85.125, 9.87009145512085e-22, nan 
-71.875, 85.125, 9.79775178871907e-22, nan 
-71.625, 85.125, 1.3454345354251566e-21, nan 
-71.375, 85.125, 1.6649718513493286e-21, nan 
-71.125, 85.125, 1.834253899130529e-21, nan 
-70.875, 85.125, 1.5893907642828934e-21, nan 
-70.625, 85.125, 1.3588746604977278e-21, nan 
-70.375, 85.125, 1.3298609845869578e-21, nan 
-70.125, 85.125, 1.5652913005730306e-21, nan 
-69.875, 85.125, 1.7361214680832683e-21, nan 
-69.625, 85.125, 1.6907024509866397e-21, nan 
-69.375, 85.125, 1.6788255873576184e-21, nan 
-69.125, 85.125, 1.7260450702666286e-21, nan 
-68.875, 85.125, 1.8579542688702458e-21, nan 
-68.625, 85.125, 2.0706743954368944e-21, nan 
-68.375, 85.125, 1.9706406457292873e-21, nan 
-68.125, 85.125, 1.8243870438282122e-21, nan 
-67.875, 85.125, 1.7782497657917395e-21, nan 
-67.625, 85.125, 1.8249300919587786e-21, nan 
-67.375, 85.125, 1.9212211917646175e-21, nan 
-67.125, 85.125, 1.9219016539675896e-21, nan 
-66.875, 85.125, 1.8769135940456503e-21, nan 
-66.625, 85.125, 1.7846796364914505e-21, nan 
-66.375, 85.125, 1.785010953648665e-21, nan 
-66.125, 85.125, 1.8081995228415367e-21, nan 
-65.875, 85.125, 1.788085073531673e-21, nan 
-65.625, 85.125, 1.8750431533598413e-21, nan 
-65.375, 85.125, 1.729500974317468e-21, nan 
-65.125, 85.125, 1.835871974569207e-21, nan 
-64.875, 85.125, 1.8061743442144157e-21, nan 
-64.625, 85.125, 1.7159811825132754e-21, nan 
-64.375, 85.125, 1.7621015226584887e-21, nan 
-64.125, 85.125, 1.746434722207886e-21, nan 
-63.875, 85.125, 1.7931104402565356e-21, nan 
-63.625, 85.125, 1.8741426160915744e-21, nan 
-63.375, 85.125, 2.0806906439626325e-21, nan 
-63.125, 85.125, 2.3569848552343683e-21, nan 
-62.875, 85.125, 2.4561107842831178e-21, nan 
-62.625, 85.125, 2.448820517881935e-21, nan 
-62.375, 85.125, 2.4416116713094767e-21, nan 
-62.125, 85.125, 2.376059610874786e-21, nan 
-61.875, 85.125, 2.3807655769602335e-21, nan 
-61.625, 85.125, 2.4137025881538592e-21, nan 
-61.375, 85.125, 2.438109016854112e-21, nan 
-61.125, 85.125, 2.543580755904402e-21, nan 
-60.875, 85.125, 2.8225641768670062e-21, nan 
-60.625, 85.125, 3.0348164235572927e-21, nan 
-60.375, 85.125, 3.3441519069109823e-21, nan 
-60.125, 85.125, 3.775240227726773e-21, nan 
-59.875, 85.125, 4.106196546997385e-21, nan 
-59.625, 85.125, 4.183791960044763e-21, nan 
-59.375, 85.125, 3.7418578361884895e-21, nan 
-59.125, 85.125, 3.449449064282802e-21, nan 
-58.875, 85.125, 3.219806461258682e-21, nan 
-58.625, 85.125, 3.0970928659786304e-21, nan 
-58.375, 85.125, 3.0640138101229785e-21, nan 
-58.125, 85.125, 2.9922699902911538e-21, nan 
-57.875, 85.125, 3.0924013168049764e-21, nan 
-57.625, 85.125, 3.2272458677662917e-21, nan 
-57.375, 85.125, 3.60009387716005e-21, nan 
-57.125, 85.125, 4.130398585192624e-21, nan 
-56.875, 85.125, 4.375355662512582e-21, nan 
-56.625, 85.125, 4.156247166990169e-21, nan 
-56.375, 85.125, 3.9332066088719285e-21, nan 
-56.125, 85.125, 3.68643008030575e-21, nan 
-55.875, 85.125, 3.474483797903625e-21, nan 
-55.625, 85.125, 3.447327707226622e-21, nan 
-55.375, 85.125, 3.0712968445336373e-21, nan 
-55.125, 85.125, 2.5809292868033675e-21, nan 
-54.875, 85.125, 2.0778141087891233e-21, nan 
-54.625, 85.125, 1.8218282260110446e-21, nan 
-54.375, 85.125, 1.501454664984073e-21, nan 
-54.125, 85.125, 1.3025722362775924e-21, nan 
-53.875, 85.125, 1.1035013269072565e-21, nan 
-53.625, 85.125, 1.0508496606587124e-21, nan 
-53.375, 85.125, 1.297016951155499e-21, nan 
-53.125, 85.125, 1.2794318966839548e-21, nan 
-52.875, 85.125, 1.2859575635775985e-21, nan 
-52.625, 85.125, 1.2396940750069733e-21, nan 
-52.375, 85.125, 1.0537396742045239e-21, nan 
-52.125, 85.125, 8.590845600717134e-22, nan 
-51.875, 85.125, 7.739734837097553e-22, nan 
-51.625, 85.125, 6.634419803412833e-22, nan 
-51.375, 85.125, 5.4718785427286785e-22, nan 
-51.125, 85.125, 5.210985485783252e-22, nan 
-50.875, 85.125, 4.645403239467918e-22, nan 
-50.625, 85.125, 4.392596661833255e-22, nan 
-50.375, 85.125, 4.689032681994519e-22, nan 
-50.125, 85.125, 4.893723440429106e-22, nan 
-49.875, 85.125, 5.295576151314237e-22, nan 
-49.625, 85.125, 6.830855034267371e-22, nan 
-49.375, 85.125, 4.889716308125317e-22, nan 
-49.125, 85.125, 2.6554226165365176e-22, nan 
-48.875, 85.125, 5.986046947825317e-22, nan 
-48.625, 85.125, 5.107743249881871e-22, nan 
-48.375, 85.125, 5.703704554425893e-22, nan 
-48.125, 85.125, 4.728208522095132e-22, nan 
-47.875, 85.125, 5.133958236063562e-22, nan 
-47.625, 85.125, 7.099635234086271e-22, nan 
-47.375, 85.125, 9.21252394616251e-22, nan 
-47.125, 85.125, 1.1787828368968787e-21, nan 
-46.875, 85.125, 1.077385958102716e-21, nan 
-46.625, 85.125, 9.740214688244181e-22, nan 
-46.375, 85.125, 1.2022901173244686e-21, nan 
-46.125, 85.125, 1.2401344844582695e-21, nan 
-45.875, 85.125, 1.4944766936268212e-21, nan 
-45.625, 85.125, 1.4649221116200315e-21, nan 
-45.375, 85.125, 1.873736137040206e-21, nan 
-45.125, 85.125, 2.5597207439473407e-21, nan 
-44.875, 85.125, 4.8861457885470525e-21, nan 
-44.625, 85.125, 5.522548549110034e-21, nan 
-44.375, 85.125, 5.567071586801949e-21, nan 
-44.125, 85.125, 5.6144759248955065e-21, nan 
-43.875, 85.125, 5.580334767128011e-21, nan 
-43.625, 85.125, 5.572760117199798e-21, nan 
-43.375, 85.125, 5.692133710570504e-21, nan 
-43.125, 85.125, 5.7381058478378125e-21, nan 
-42.875, 85.125, 5.8264619905258785e-21, nan 
-42.625, 85.125, 5.874797582895574e-21, nan 
-42.375, 85.125, 5.852935620677651e-21, nan 
-42.125, 85.125, 5.8751224702786004e-21, nan 
-41.875, 85.125, 5.946141248712276e-21, nan 
-41.625, 85.125, 6.218316826007384e-21, nan 
-41.375, 85.125, 6.585557785765097e-21, nan 
-41.125, 85.125, 6.7499017928322845e-21, nan 
-40.875, 85.125, 7.262895954104713e-21, nan 
-40.625, 85.125, 6.997273949865534e-21, nan 
-40.375, 85.125, 6.863570097070863e-21, nan 
-40.125, 85.125, 7.06179365845026e-21, nan 
-39.875, 85.125, 7.468179024080807e-21, nan 
-39.625, 85.125, 9.240050102535728e-21, nan 
-39.375, 85.125, 9.88727566624557e-21, nan 
-39.125, 85.125, 1.0192392306601794e-20, nan 
-38.875, 85.125, 9.828509007253137e-21, nan 
-38.625, 85.125, 8.101963348148483e-21, nan 
-38.375, 85.125, 7.866303173240126e-21, nan 
-38.125, 85.125, 7.852565398501325e-21, nan 
-37.875, 85.125, 8.081777470785957e-21, nan 
-37.625, 85.125, 8.310976014729653e-21, nan 
-37.375, 85.125, 8.216732715266213e-21, nan 
-37.125, 85.125, 8.357132026098736e-21, nan 
-36.875, 85.125, 8.694069970421228e-21, nan 
-36.625, 85.125, 9.145231781775695e-21, nan 
-36.375, 85.125, 9.829548822192185e-21, nan 
-36.125, 85.125, 9.642136240749841e-21, nan 
-35.875, 85.125, 9.464557659410033e-21, nan 
-35.625, 85.125, 1.147415090832989e-20, nan 
-35.375, 85.125, 1.1797668106945425e-20, nan 
-35.125, 85.125, 1.203535706041129e-20, nan 
-34.875, 85.125, 1.0854252657302991e-20, nan 
-34.625, 85.125, 1.1159313698081383e-20, nan 
-34.375, 85.125, 1.1769958311392216e-20, nan 
-34.125, 85.125, 1.273937614546776e-20, nan 
-33.875, 85.125, 1.405205854977376e-20, nan 
-33.625, 85.125, 1.5158830562502886e-20, nan 
-33.375, 85.125, 1.4765373321685416e-20, nan 
-33.125, 85.125, 1.3034979067840984e-20, nan 
-32.875, 85.125, 1.1841413504469018e-20, nan 
-32.625, 85.125, 1.1908980827304416e-20, nan 
-32.375, 85.125, 1.2280744164528418e-20, nan 
-32.125, 85.125, 1.2637761056163221e-20, nan 
-31.875, 85.125, 1.3298549648376265e-20, nan 
-31.625, 85.125, 1.37654956366729e-20, nan 
-31.375, 85.125, 1.437836693216614e-20, nan 
-31.125, 85.125, 1.545845084221405e-20, nan 
-30.875, 85.125, 1.4689725519048778e-20, nan 
-30.625, 85.125, 1.4193310793729286e-20, nan 
-30.375, 85.125, 1.362581384622244e-20, nan 
-30.125, 85.125, 1.3566974637314835e-20, nan 
-29.875, 85.125, 1.3506372492678256e-20, nan 
-29.625, 85.125, 1.38928479528603e-20, nan 
-29.375, 85.125, 1.3769457841979852e-20, nan 
-29.125, 85.125, 1.3570924954096876e-20, nan 
-28.875, 85.125, 1.4100533629988453e-20, nan 
-28.625, 85.125, 1.4565549787434133e-20, nan 
-28.375, 85.125, 1.523014374338694e-20, nan 
-28.125, 85.125, 1.5545495845958834e-20, nan 
-27.875, 85.125, 1.5000150180802312e-20, nan 
-27.625, 85.125, 1.4401957708220874e-20, nan 
-27.375, 85.125, 1.5320727091827555e-20, nan 
-27.125, 85.125, 1.5878205922224676e-20, nan 
-26.875, 85.125, 1.6365553435503478e-20, nan 
-26.625, 85.125, 1.716858065835914e-20, nan 
-26.375, 85.125, 1.7156801079844108e-20, nan 
-26.125, 85.125, 1.8033220717364057e-20, nan 
-25.875, 85.125, 1.9058881383508217e-20, nan 
-25.625, 85.125, 1.9365147884645126e-20, nan 
-25.375, 85.125, 1.9058673546591354e-20, nan 
-25.125, 85.125, 1.902666507477364e-20, nan 
-24.875, 85.125, 1.993181286834482e-20, nan 
-24.625, 85.125, 2.1939885951595107e-20, nan 
-24.375, 85.125, 2.311678405675684e-20, nan 
-24.125, 85.125, 2.3831500597110184e-20, nan 
-23.875, 85.125, 2.510022386148589e-20, nan 
-23.625, 85.125, 2.530555507507573e-20, nan 
-23.375, 85.125, 2.5861335774688558e-20, nan 
-23.125, 85.125, 2.5133184185200524e-20, nan 
-22.875, 85.125, 2.4744585847654472e-20, nan 
-22.625, 85.125, 2.3813071169379804e-20, nan 
-22.375, 85.125, 2.2028559607081786e-20, nan 
-22.125, 85.125, 2.143572983568541e-20, nan 
-21.875, 85.125, 1.9692710333388634e-20, nan 
-21.625, 85.125, 1.9127541422586368e-20, nan 
-21.375, 85.125, 1.9518187425043874e-20, nan 
-21.125, 85.125, 2.0541308504120126e-20, nan 
-20.875, 85.125, 2.0303904062380196e-20, nan 
-20.625, 85.125, 2.06949497925066e-20, nan 
-20.375, 85.125, 2.006618126782373e-20, nan 
-20.125, 85.125, 1.9566926806720947e-20, nan 
-19.875, 85.125, 1.8852174916429283e-20, nan 
-19.625, 85.125, 1.9210162115232434e-20, nan 
-19.375, 85.125, 1.8955260372564557e-20, nan 
-19.125, 85.125, 1.9419766999872193e-20, nan 
-18.875, 85.125, 1.9690399556967776e-20, nan 
-18.625, 85.125, 1.979216278050324e-20, nan 
-18.375, 85.125, 1.9432623649547424e-20, nan 
-18.125, 85.125, 1.8908610269404637e-20, nan 
-17.875, 85.125, 1.8860278278411026e-20, nan 
-17.625, 85.125, 1.8951956408062905e-20, nan 
-17.375, 85.125, 1.8764190473215302e-20, nan 
-17.125, 85.125, 1.8452328362075205e-20, nan 
-16.875, 85.125, 1.544833024248057e-20, nan 
-16.625, 85.125, 1.256371703531704e-20, nan 
-16.375, 85.125, 1.0231337402466108e-20, nan 
-16.125, 85.125, 1.0744530335601189e-20, nan 
-15.875, 85.125, 1.1699639000067388e-20, nan 
-15.625, 85.125, 1.390627074532637e-20, nan 
-15.375, 85.125, 1.266357964557022e-20, nan 
-15.125, 85.125, 1.2270418390072565e-20, nan 
-14.875, 85.125, 1.3675640271324253e-20, nan 
-14.625, 85.125, 1.4181378704918e-20, nan 
-14.375, 85.125, 1.5111043974018547e-20, nan 
-14.125, 85.125, 1.307970518083358e-20, nan 
-13.875, 85.125, 1.2738544856522764e-20, nan 
-13.625, 85.125, 1.3136993342736629e-20, nan 
-13.375, 85.125, 1.4463029558153844e-20, nan 
-13.125, 85.125, 1.553619234445881e-20, nan 
-12.875, 85.125, 1.6559493292546083e-20, nan 
-12.625, 85.125, 1.4789016419799965e-20, nan 
-12.375, 85.125, 1.6385796860055967e-20, nan 
-12.125, 85.125, 1.6528618661813235e-20, nan 
-11.875, 85.125, 1.673672423017475e-20, nan 
-11.625, 85.125, 2.100914290636324e-20, nan 
-11.375, 85.125, 2.492655492644347e-20, nan 
-11.125, 85.125, 2.6644245357977542e-20, nan 
-10.875, 85.125, 2.9090752663326474e-20, nan 
-10.625, 85.125, 2.9523522721920637e-20, nan 
-10.375, 85.125, 2.937968996850051e-20, nan 
-10.125, 85.125, 2.908033886442495e-20, nan 
-9.875, 85.125, 2.906598549617331e-20, nan 
-9.625, 85.125, 2.928720245388981e-20, nan 
-9.375, 85.125, 2.872770594794028e-20, nan 
-9.125, 85.125, 2.1159004679412875e-20, nan 
-8.875, 85.125, 1.5969794161865412e-20, nan 
-8.625, 85.125, 2.173811793901036e-20, nan 
-8.375, 85.125, 2.6344241730410824e-20, nan 
-8.125, 85.125, 2.7005282612320976e-20, nan 
-7.875, 85.125, 2.7433523162102074e-20, nan 
-7.625, 85.125, 2.6344488271623648e-20, nan 
-7.375, 85.125, 2.5436962247381518e-20, nan 
-7.125, 85.125, 2.4724142194196495e-20, nan 
-6.875, 85.125, 2.4743022730221688e-20, nan 
-6.625, 85.125, 2.3998384001263963e-20, nan 
-6.375, 85.125, 1.9091253380721338e-20, nan 
-6.125, 85.125, 1.2273009162776488e-20, nan 
-5.875, 85.125, 1.280222604026099e-20, nan 
-5.625, 85.125, 2.2492482013630787e-20, nan 
-5.375, 85.125, 1.8527108419292008e-20, nan 
-5.125, 85.125, 2.0232539530332175e-20, nan 
-4.875, 85.125, 1.750396875142128e-20, nan 
-4.625, 85.125, 1.605767008759113e-20, nan 
-4.375, 85.125, 1.237563743177041e-20, nan 
-4.125, 85.125, 1.1990378222462896e-20, nan 
-3.875, 85.125, 1.1983704331051734e-20, nan 
-3.625, 85.125, 1.2507206301881962e-20, nan 
-3.375, 85.125, 1.3116254577247317e-20, nan 
-3.125, 85.125, 1.4129407516063117e-20, nan 
-2.875, 85.125, 1.8309724502410055e-20, nan 
-2.625, 85.125, 1.61443782871653e-20, nan 
-2.375, 85.125, 1.7273945747191e-20, nan 
-2.125, 85.125, 1.5962690445031458e-20, nan 
-1.875, 85.125, 1.551403449260641e-20, nan 
-1.625, 85.125, 1.3440744874906078e-20, nan 
-1.375, 85.125, 1.2740274453916749e-20, nan 
-1.125, 85.125, 1.2291216928389102e-20, nan 
-0.875, 85.125, 1.2509697271377526e-20, nan 
-0.625, 85.125, 1.2848573350376468e-20, nan 
-0.375, 85.125, 1.3551039102191646e-20, nan 
-0.125, 85.125, 1.3903207237248225e-20, nan 
0.125, 85.125, 1.4531916163702433e-20, nan 
0.375, 85.125, 1.5071067187772108e-20, nan 
0.625, 85.125, 1.5828997148968345e-20, nan 
0.875, 85.125, 1.6276579081213292e-20, nan 
1.125, 85.125, 1.6700300258821935e-20, nan 
1.375, 85.125, 1.704180843896562e-20, nan 
1.625, 85.125, 1.7188250312499277e-20, nan 
1.875, 85.125, 1.709070466719017e-20, nan 
2.125, 85.125, 1.7330213179336423e-20, nan 
2.375, 85.125, 1.7414365047189122e-20, nan 
2.625, 85.125, 1.735650894628608e-20, nan 
2.875, 85.125, 1.7444247292105253e-20, nan 
3.125, 85.125, 1.716677119524079e-20, nan 
3.375, 85.125, 1.6823207623296256e-20, nan 
3.625, 85.125, 5.817292483190125e-21, nan 
3.875, 85.125, 4.797825626085545e-21, nan 
4.125, 85.125, 4.8400675161251544e-21, nan 
4.375, 85.125, 4.951639563193361e-21, nan 
4.625, 85.125, 4.8799191056968636e-21, nan 
4.875, 85.125, 4.5314733954809495e-21, nan 
5.125, 85.125, 4.1672304684183346e-21, nan 
5.375, 85.125, 4.192726052617899e-21, nan 
5.625, 85.125, 4.058006486279703e-21, nan 
5.875, 85.125, 4.151197948762167e-21, nan 
6.125, 85.125, 3.921458590962082e-21, nan 
6.375, 85.125, 3.620729230056353e-21, nan 
6.625, 85.125, 3.516963864930291e-21, nan 
6.875, 85.125, 3.695987650840722e-21, nan 
7.125, 85.125, 3.861546964319564e-21, nan 
7.375, 85.125, 3.813172804389044e-21, nan 
7.625, 85.125, 3.574951048030359e-21, nan 
7.875, 85.125, 3.5001792597709746e-21, nan 
8.125, 85.125, 3.507431576186483e-21, nan 
8.375, 85.125, 3.566595057721646e-21, nan 
8.625, 85.125, 3.58851059813747e-21, nan 
8.875, 85.125, 3.647078046111714e-21, nan 
9.125, 85.125, 3.698299717497499e-21, nan 
9.375, 85.125, 3.688917167440832e-21, nan 
9.625, 85.125, 3.441330633829971e-21, nan 
9.875, 85.125, 3.2152541944456725e-21, nan 
10.125, 85.125, 3.0749087339730904e-21, nan 
10.375, 85.125, 3.0343063372972184e-21, nan 
10.625, 85.125, 2.555632399357774e-21, nan 
10.875, 85.125, 2.272016909920534e-21, nan 
11.125, 85.125, 1.931591934453785e-21, nan 
11.375, 85.125, 1.7706911315587326e-21, nan 
11.625, 85.125, 1.7419098549047903e-21, nan 
11.875, 85.125, 1.6794797260795415e-21, nan 
12.125, 85.125, 1.642981316005875e-21, nan 
12.375, 85.125, 1.5606223154738742e-21, nan 
12.625, 85.125, 1.5101634296153989e-21, nan 
12.875, 85.125, 1.3878853581918637e-21, nan 
13.125, 85.125, 1.4620565511381545e-21, nan 
13.375, 85.125, 1.5855128501054635e-21, nan 
13.625, 85.125, 1.610948380390765e-21, nan 
13.875, 85.125, 1.662021466450925e-21, nan 
14.125, 85.125, 1.5246895658977473e-21, nan 
14.375, 85.125, 1.3536045376855855e-21, nan 
14.625, 85.125, 1.381052471260705e-21, nan 
14.875, 85.125, 1.421063888127455e-21, nan 
15.125, 85.125, 1.421720073648252e-21, nan 
15.375, 85.125, 1.4060433404829536e-21, nan 
15.625, 85.125, 1.1928641945341164e-21, nan 
15.875, 85.125, 9.975729163174903e-22, nan 
16.125, 85.125, 8.89019055924557e-22, nan 
16.375, 85.125, 8.509684310011825e-22, nan 
16.625, 85.125, 8.243344898783382e-22, nan 
16.875, 85.125, 7.459163026160462e-22, nan 
17.125, 85.125, 7.244003392117205e-22, nan 
17.375, 85.125, 6.50643029499998e-22, nan 
17.625, 85.125, 6.08302964084001e-22, nan 
17.875, 85.125, 5.651415139033438e-22, nan 
18.125, 85.125, 5.159106304639119e-22, nan 
18.375, 85.125, 4.696134766307252e-22, nan 
18.625, 85.125, 4.203871167139449e-22, nan 
18.875, 85.125, 3.9567877556614254e-22, nan 
19.125, 85.125, 3.880866675131228e-22, nan 
19.375, 85.125, 3.7082213753459753e-22, nan 
19.625, 85.125, 3.6249771272682013e-22, nan 
19.875, 85.125, 3.400422860942212e-22, nan 
20.125, 85.125, 3.473488076198235e-22, nan 
20.375, 85.125, 3.4124745135460595e-22, nan 
20.625, 85.125, 3.229133213040505e-22, nan 
20.875, 85.125, 2.8071425419958536e-22, nan 
21.125, 85.125, 2.7582543315066863e-22, nan 
21.375, 85.125, 3.235262743914173e-22, nan 
21.625, 85.125, 3.7357901169482123e-22, nan 
21.875, 85.125, 3.075114700870342e-22, nan 
22.125, 85.125, 2.1897301969003884e-22, nan 
22.375, 85.125, 2.903204498418461e-22, nan 
22.625, 85.125, 3.3843255677500724e-22, nan 
22.875, 85.125, 4.60001350320357e-22, nan 
23.125, 85.125, 4.7276920710107595e-22, nan 
23.375, 85.125, 5.372895976593027e-22, nan 
23.625, 85.125, 5.632341619717385e-22, nan 
23.875, 85.125, 6.822265944970583e-22, nan 
24.125, 85.125, 8.236370437005463e-22, nan 
24.375, 85.125, 8.991165533726456e-22, nan 
24.625, 85.125, 8.782802008544296e-22, nan 
24.875, 85.125, 8.496125487306627e-22, nan 
25.125, 85.125, 8.624993686076453e-22, nan 
25.375, 85.125, 8.89962614090739e-22, nan 
25.625, 85.125, 8.60754727086577e-22, nan 
25.875, 85.125, 9.056213080759919e-22, nan 
26.125, 85.125, 1.0225772990264517e-21, nan 
26.375, 85.125, 9.945085727661355e-22, nan 
26.625, 85.125, 9.94812057912842e-22, nan 
26.875, 85.125, 9.08783186012558e-22, nan 
27.125, 85.125, 8.558374427547184e-22, nan 
27.375, 85.125, 8.170048096328792e-22, nan 
27.625, 85.125, 7.405236381611849e-22, nan 
27.875, 85.125, 7.274211994925791e-22, nan 
28.125, 85.125, 7.195487910813349e-22, nan 
28.375, 85.125, 7.029216591753917e-22, nan 
28.625, 85.125, 7.073632471403277e-22, nan 
28.875, 85.125, 7.420338113321785e-22, nan 
29.125, 85.125, 7.09871815752325e-22, nan 
29.375, 85.125, 7.00214469075779e-22, nan 
29.625, 85.125, 6.5997596744851455e-22, nan 
29.875, 85.125, 6.177973570535486e-22, nan 
30.125, 85.125, 5.76374151568224e-22, nan 
30.375, 85.125, 5.0999280995042355e-22, nan 
30.625, 85.125, 4.666411586791124e-22, nan 
30.875, 85.125, 4.298143671630302e-22, nan 
31.125, 85.125, 4.0850799819252784e-22, nan 
31.375, 85.125, 3.7938244044047477e-22, nan 
31.625, 85.125, 3.5276141032789753e-22, nan 
31.875, 85.125, 3.306456877656552e-22, nan 
32.125, 85.125, 3.1669830614075614e-22, nan 
32.375, 85.125, 3.048440079057341e-22, nan 
32.625, 85.125, 2.9331886559171165e-22, nan 
32.875, 85.125, 2.6983940719158676e-22, nan 
33.125, 85.125, 2.5041223340905887e-22, nan 
33.375, 85.125, 2.3169605779268403e-22, nan 
33.625, 85.125, 2.0946165054704672e-22, nan 
33.875, 85.125, 1.978268444629703e-22, nan 
34.125, 85.125, 1.969172211261327e-22, nan 
34.375, 85.125, 1.841030074117525e-22, nan 
34.625, 85.125, 1.7935572999769381e-22, nan 
34.875, 85.125, 1.6622935132400166e-22, nan 
35.125, 85.125, 1.6047339054490341e-22, nan 
35.375, 85.125, 1.5597736624690504e-22, nan 
35.625, 85.125, 1.5057084205491932e-22, nan 
35.875, 85.125, 1.4343347731853928e-22, nan 
36.125, 85.125, 1.3687159941013604e-22, nan 
36.375, 85.125, 1.413116974380943e-22, nan 
36.625, 85.125, 1.380404722316404e-22, nan 
36.875, 85.125, 1.384374713621968e-22, nan 
37.125, 85.125, 1.4181093091330572e-22, nan 
37.375, 85.125, 1.4994315654954642e-22, nan 
37.625, 85.125, 1.633475081126015e-22, nan 
37.875, 85.125, 1.719803842536443e-22, nan 
38.125, 85.125, 1.665753806540668e-22, nan 
38.375, 85.125, 1.7033486750753112e-22, nan 
38.625, 85.125, 1.661812648689175e-22, nan 
38.875, 85.125, 1.7362841416827e-22, nan 
39.125, 85.125, 1.830082724414738e-22, nan 
39.375, 85.125, 1.8740501155755647e-22, nan 
39.625, 85.125, 1.8828881551218572e-22, nan 
39.875, 85.125, 1.781773823081768e-22, nan 
40.125, 85.125, 1.6402522592536518e-22, nan 
40.375, 85.125, 1.6004979774697457e-22, nan 
40.625, 85.125, 1.6028360122696547e-22, nan 
40.875, 85.125, 1.5385208035616126e-22, nan 
41.125, 85.125, 1.4927644153054017e-22, nan 
41.375, 85.125, 1.4460923586603542e-22, nan 
41.625, 85.125, 1.4924615548126484e-22, nan 
41.875, 85.125, 1.539663254707872e-22, nan 
42.125, 85.125, 1.5532634388583294e-22, nan 
42.375, 85.125, 1.5651286276932692e-22, nan 
42.625, 85.125, 1.501909164089479e-22, nan 
42.875, 85.125, 1.3464157345298133e-22, nan 
43.125, 85.125, 1.3027620769877813e-22, nan 
43.375, 85.125, 1.3481380569780314e-22, nan 
43.625, 85.125, 1.3167850201937003e-22, nan 
43.875, 85.125, 1.313345039890965e-22, nan 
44.125, 85.125, 1.2820103063512545e-22, nan 
44.375, 85.125, 1.25188676934279e-22, nan 
44.625, 85.125, 1.2076145296733125e-22, nan 
44.875, 85.125, 1.257187173339234e-22, nan 
45.125, 85.125, 1.2449772863947872e-22, nan 
45.375, 85.125, 1.2084157605724996e-22, nan 
45.625, 85.125, 1.1655949599932676e-22, nan 
45.875, 85.125, 1.1634628531202633e-22, nan 
46.125, 85.125, 1.1228676003879504e-22, nan 
46.375, 85.125, 1.135822608201328e-22, nan 
46.625, 85.125, 1.1293420339939128e-22, nan 
46.875, 85.125, 1.134720891404866e-22, nan 
47.125, 85.125, 1.1129884822333495e-22, nan 
47.375, 85.125, 1.141526405978582e-22, nan 
47.625, 85.125, 1.163583094396785e-22, nan 
47.875, 85.125, 1.1597102271502636e-22, nan 
48.125, 85.125, 1.1254808592400328e-22, nan 
48.375, 85.125, 1.0519316449599827e-22, nan 
48.625, 85.125, 1.0122145665633206e-22, nan 
48.875, 85.125, 1.0893550832443707e-22, nan 
49.125, 85.125, 1.1735589471397502e-22, nan 
49.375, 85.125, 1.164515093425076e-22, nan 
49.625, 85.125, 1.1467620365480367e-22, nan 
49.875, 85.125, 1.091069105770062e-22, nan 
50.125, 85.125, 9.938386231845766e-23, nan 
50.375, 85.125, 9.545698954082476e-23, nan 
50.625, 85.125, 9.479440065309449e-23, nan 
50.875, 85.125, 9.861902355604099e-23, nan 
51.125, 85.125, 1.0216949925666996e-22, nan 
51.375, 85.125, 1.0183318930878107e-22, nan 
51.625, 85.125, 1.1132349818605732e-22, nan 
51.875, 85.125, 1.1131484274860212e-22, nan 
52.125, 85.125, 1.1424023887136814e-22, nan 
52.375, 85.125, 1.1428885523428353e-22, nan 
52.625, 85.125, 1.1821583201906136e-22, nan 
52.875, 85.125, 1.175617795179402e-22, nan 
53.125, 85.125, 1.126384529142913e-22, nan 
53.375, 85.125, 1.0882228470491372e-22, nan 
53.625, 85.125, 1.0863994414405404e-22, nan 
53.875, 85.125, 1.0316754979732211e-22, nan 
54.125, 85.125, 1.0249099748606851e-22, nan 
54.375, 85.125, 1.0153548038306276e-22, nan 
54.625, 85.125, 1.0215767003962324e-22, nan 
54.875, 85.125, 1.0037716883874334e-22, nan 
55.125, 85.125, 9.868579835210391e-23, nan 
55.375, 85.125, 9.839223900167011e-23, nan 
55.625, 85.125, 9.772650034989147e-23, nan 
55.875, 85.125, 9.941258972316429e-23, nan 
56.125, 85.125, 9.914854057592867e-23, nan 
56.375, 85.125, 9.737248288097545e-23, nan 
56.625, 85.125, 9.346422310663055e-23, nan 
56.875, 85.125, 9.292474334118579e-23, nan 
57.125, 85.125, 9.358435805966957e-23, nan 
57.375, 85.125, 9.165270573627209e-23, nan 
57.625, 85.125, 8.982448568701504e-23, nan 
57.875, 85.125, 8.762139411519183e-23, nan 
58.125, 85.125, 8.594025825718065e-23, nan 
58.375, 85.125, 8.458382189441728e-23, nan 
58.625, 85.125, 8.134125869197662e-23, nan 
58.875, 85.125, 8.02231606208403e-23, nan 
59.125, 85.125, 7.884246602837076e-23, nan 
59.375, 85.125, 8.126656776406381e-23, nan 
59.625, 85.125, 8.376241999684089e-23, nan 
59.875, 85.125, 8.441108373168614e-23, nan 
60.125, 85.125, 8.367764875690249e-23, nan 
60.375, 85.125, 8.397307273982974e-23, nan 
60.625, 85.125, 8.58547958316205e-23, nan 
60.875, 85.125, 8.474351710681176e-23, nan 
61.125, 85.125, 8.521170955004741e-23, nan 
61.375, 85.125, 8.584622193589483e-23, nan 
61.625, 85.125, 8.609167258031432e-23, nan 
61.875, 85.125, 8.399870226496815e-23, nan 
62.125, 85.125, 8.392810362273475e-23, nan 
62.375, 85.125, 8.306878926696615e-23, nan 
62.625, 85.125, 7.95060021432262e-23, nan 
62.875, 85.125, 7.945242010927667e-23, nan 
63.125, 85.125, 7.942895876191096e-23, nan 
63.375, 85.125, 7.826393772546197e-23, nan 
63.625, 85.125, 7.607904699085798e-23, nan 
63.875, 85.125, 7.125499792224204e-23, nan 
64.125, 85.125, 6.837999176453611e-23, nan 
64.375, 85.125, 6.70294008359029e-23, nan 
64.625, 85.125, 6.484882050317572e-23, nan 
64.875, 85.125, 6.329792666936945e-23, nan 
65.125, 85.125, 6.325105776127639e-23, nan 
65.375, 85.125, 6.191521963402076e-23, nan 
65.625, 85.125, 6.1437645800183e-23, nan 
65.875, 85.125, 5.96326756627216e-23, nan 
66.125, 85.125, 5.883779794777689e-23, nan 
66.375, 85.125, 5.874603228819548e-23, nan 
66.625, 85.125, 5.881380708001607e-23, nan 
66.875, 85.125, 5.802280960424852e-23, nan 
67.125, 85.125, 5.769896051830033e-23, nan 
67.375, 85.125, 5.614885367832353e-23, nan 
67.625, 85.125, 5.659901180730987e-23, nan 
67.875, 85.125, 5.51990047782719e-23, nan 
68.125, 85.125, 5.436140039136816e-23, nan 
68.375, 85.125, 5.655049365832949e-23, nan 
68.625, 85.125, 5.784007077276117e-23, nan 
68.875, 85.125, 6.074439973173275e-23, nan 
69.125, 85.125, 6.357067856568705e-23, nan 
69.375, 85.125, 6.39718733054827e-23, nan 
69.625, 85.125, 6.488147095904468e-23, nan 
69.875, 85.125, 6.201661824343965e-23, nan 
70.125, 85.125, 5.973821251720094e-23, nan 
70.375, 85.125, 5.949725078509176e-23, nan 
70.625, 85.125, 5.804516601261648e-23, nan 
70.875, 85.125, 5.878757911009673e-23, nan 
71.125, 85.125, 5.950880086367167e-23, nan 
71.375, 85.125, 5.69307754523613e-23, nan 
71.625, 85.125, 5.0223928559597985e-23, nan 
71.875, 85.125, 4.3973973082571275e-23, nan 
72.125, 85.125, 4.18661602325936e-23, nan 
72.375, 85.125, 4.2684275189062595e-23, nan 
72.625, 85.125, 4.488783656358117e-23, nan 
72.875, 85.125, 4.54686102003777e-23, nan 
73.125, 85.125, 4.249465501464801e-23, nan 
73.375, 85.125, 3.866047423189675e-23, nan 
73.625, 85.125, 3.7553481572863045e-23, nan 
73.875, 85.125, 3.6550260174866186e-23, nan 
74.125, 85.125, 4.2881195958613616e-23, nan 
74.375, 85.125, 4.1795325613779825e-23, nan 
74.625, 85.125, 4.131926991611506e-23, nan 
74.875, 85.125, 3.782882234342389e-23, nan 
75.125, 85.125, 3.568736774958294e-23, nan 
75.375, 85.125, 3.479135314100799e-23, nan 
75.625, 85.125, 3.364789176635762e-23, nan 
75.875, 85.125, 3.334843787081249e-23, nan 
76.125, 85.125, 2.7377885384249275e-23, nan 
76.375, 85.125, 2.9237318528545734e-23, nan 
76.625, 85.125, 2.5921795633277416e-23, nan 
76.875, 85.125, 3.1397727385073646e-23, nan 
77.125, 85.125, 3.208041955777455e-23, nan 
77.375, 85.125, 2.461079244008051e-23, nan 
77.625, 85.125, 2.4584558152131553e-23, nan 
77.875, 85.125, 1.8420102749269093e-23, nan 
78.125, 85.125, 1.7756686853514587e-23, nan 
78.375, 85.125, 1.968473271799284e-23, nan 
78.625, 85.125, 2.0614209514069555e-23, nan 
78.875, 85.125, 2.049274463331803e-23, nan 
79.125, 85.125, 1.997308349804104e-23, nan 
79.375, 85.125, 2.117719028305112e-23, nan 
79.625, 85.125, 2.1406109971185245e-23, nan 
79.875, 85.125, 2.4745139766937917e-23, nan 
80.125, 85.125, 2.5685163960626322e-23, nan 
80.375, 85.125, 2.8288039564945685e-23, nan 
80.625, 85.125, 2.870155739472672e-23, nan 
80.875, 85.125, 2.745296811685781e-23, nan 
81.125, 85.125, 2.806349466150214e-23, nan 
81.375, 85.125, 2.8956178740591833e-23, nan 
81.625, 85.125, 2.951073897249872e-23, nan 
81.875, 85.125, 3.121166433880279e-23, nan 
82.125, 85.125, 3.254533050519409e-23, nan 
82.375, 85.125, 3.386769153542904e-23, nan 
82.625, 85.125, 3.4077467981572125e-23, nan 
82.875, 85.125, 3.381812567634902e-23, nan 
83.125, 85.125, 3.236911416277217e-23, nan 
83.375, 85.125, 3.250403641493578e-23, nan 
83.625, 85.125, 3.133856523857302e-23, nan 
83.875, 85.125, 3.2453082042860324e-23, nan 
84.125, 85.125, 3.44939612400743e-23, nan 
84.375, 85.125, 3.44260312505906e-23, nan 
84.625, 85.125, 3.76359317697055e-23, nan 
84.875, 85.125, 4.003468802687293e-23, nan 
85.125, 85.125, 4.3794736706018056e-23, nan 
85.375, 85.125, 5.167708210423339e-23, nan 
85.625, 85.125, 6.081448216469482e-23, nan 
85.875, 85.125, 6.313346832191676e-23, nan 
86.125, 85.125, 6.632388591231016e-23, nan 
86.375, 85.125, 6.602241697380489e-23, nan 
86.625, 85.125, 6.124506138688824e-23, nan 
86.875, 85.125, 5.666141345141697e-23, nan 
87.125, 85.125, 5.314808356422917e-23, nan 
87.375, 85.125, 5.1072438862559104e-23, nan 
87.625, 85.125, 4.8366046513487377e-23, nan 
87.875, 85.125, 4.52984081876647e-23, nan 
88.125, 85.125, 4.2688575392391144e-23, nan 
88.375, 85.125, 4.1691481374061385e-23, nan 
88.625, 85.125, 4.154051958367548e-23, nan 
88.875, 85.125, 3.850119875718889e-23, nan 
89.125, 85.125, 3.6954911387578764e-23, nan 
89.375, 85.125, 3.6875081767354353e-23, nan 
89.625, 85.125, 3.955308257166333e-23, nan 
89.875, 85.125, 4.193668806351943e-23, nan 
90.125, 85.125, 3.829451046345077e-23, nan 
90.375, 85.125, 3.013410561072768e-23, nan 
90.625, 85.125, 2.7494134488085633e-23, nan 
90.875, 85.125, 3.0823321314355155e-23, nan 
91.125, 85.125, 3.089926099761852e-23, nan 
91.375, 85.125, 3.270359838183513e-23, nan 
91.625, 85.125, 2.670444739493011e-23, nan 
91.875, 85.125, 2.798563833769707e-23, nan 
92.125, 85.125, 2.829436936400313e-23, nan 
92.375, 85.125, 2.644311592426797e-23, nan 
92.625, 85.125, 2.5466647708383324e-23, nan 
92.875, 85.125, 2.3684491951568582e-23, nan 
93.125, 85.125, 2.3066620828272458e-23, nan 
93.375, 85.125, 2.3523379542454565e-23, nan 
93.625, 85.125, 2.869801427508679e-23, nan 
93.875, 85.125, 3.0935316617593234e-23, nan 
94.125, 85.125, 3.4552726061759826e-23, nan 
94.375, 85.125, 4.0070084365710294e-23, nan 
94.625, 85.125, 3.9100968327161597e-23, nan 
94.875, 85.125, 4.778922132664035e-23, nan 
95.125, 85.125, 5.994719730048086e-23, nan 
95.375, 85.125, 6.585430179445817e-23, nan 
95.625, 85.125, 8.293092698669349e-23, nan 
95.875, 85.125, 9.187274188801415e-23, nan 
96.125, 85.125, 9.51951442648969e-23, nan 
96.375, 85.125, 9.412810952669888e-23, nan 
96.625, 85.125, 9.424556402932391e-23, nan 
96.875, 85.125, 9.648963092362448e-23, nan 
97.125, 85.125, 1.0020589375143826e-22, nan 
97.375, 85.125, 9.697392694053721e-23, nan 
97.625, 85.125, 1.0073183399400805e-22, nan 
97.875, 85.125, 7.942204559319187e-23, nan 
98.125, 85.125, 7.069587062457868e-23, nan 
98.375, 85.125, 3.395313493206968e-23, nan 
98.625, 85.125, 3.163712269119757e-23, nan 
98.875, 85.125, 3.1643229399201576e-23, nan 
99.125, 85.125, 3.1706640423651014e-23, nan 
99.375, 85.125, 3.1698434951917244e-23, nan 
99.625, 85.125, 3.275201049443743e-23, nan 
99.875, 85.125, 3.169387308970567e-23, nan 
100.125, 85.125, 3.0826269261131325e-23, nan 
100.375, 85.125, 3.0334471368705525e-23, nan 
100.625, 85.125, 2.929369867111078e-23, nan 
100.875, 85.125, 2.981450322823857e-23, nan 
101.125, 85.125, 3.157009127161524e-23, nan 
101.375, 85.125, 3.155250610114481e-23, nan 
101.625, 85.125, 3.150838204243348e-23, nan 
101.875, 85.125, 3.1102998056415785e-23, nan 
102.125, 85.125, 3.0568432403416593e-23, nan 
102.375, 85.125, 3.132180243617808e-23, nan 
102.625, 85.125, 3.230803904932476e-23, nan 
102.875, 85.125, 3.31771993138423e-23, nan 
103.125, 85.125, 3.342802268635661e-23, nan 
103.375, 85.125, 3.400350320171396e-23, nan 
103.625, 85.125, 3.25720802663948e-23, nan 
103.875, 85.125, 3.1403101774205413e-23, nan 
104.125, 85.125, 2.907943339773485e-23, nan 
104.375, 85.125, 2.5488468838317854e-23, nan 
104.625, 85.125, 2.1460257590787632e-23, nan 
104.875, 85.125, 1.814650423161491e-23, nan 
105.125, 85.125, 1.9202746641893142e-23, nan 
105.375, 85.125, 1.8252542891987225e-23, nan 
105.625, 85.125, 2.190200151312626e-23, nan 
105.875, 85.125, 2.932247943735395e-23, nan 
106.125, 85.125, 3.4229157032133856e-23, nan 
106.375, 85.125, 3.9735970938296397e-23, nan 
106.625, 85.125, 4.717333549638721e-23, nan 
106.875, 85.125, 5.570218201641394e-23, nan 
107.125, 85.125, 6.968053399384372e-23, nan 
107.375, 85.125, 1.110367399463167e-22, nan 
107.625, 85.125, 1.2948920900893484e-22, nan 
107.875, 85.125, 1.3862199354303432e-22, nan 
108.125, 85.125, 1.3957427447257764e-22, nan 
108.375, 85.125, 1.3991791357006364e-22, nan 
108.625, 85.125, 1.4326303665712638e-22, nan 
108.875, 85.125, 1.4539794551921854e-22, nan 
109.125, 85.125, 1.4731527279133225e-22, nan 
109.375, 85.125, 1.4742654820043523e-22, nan 
109.625, 85.125, 1.445828933417472e-22, nan 
109.875, 85.125, 1.4608173369072573e-22, nan 
110.125, 85.125, 1.465662301553251e-22, nan 
110.375, 85.125, 1.4616765839431822e-22, nan 
110.625, 85.125, 1.5008158272879225e-22, nan 
110.875, 85.125, 1.5364712252577573e-22, nan 
111.125, 85.125, 1.4471499591502817e-22, nan 
111.375, 85.125, 1.4209663664056526e-22, nan 
111.625, 85.125, 1.4455524844008809e-22, nan 
111.875, 85.125, 1.399612254174015e-22, nan 
112.125, 85.125, 1.3381135495795766e-22, nan 
112.375, 85.125, 1.3061594542345546e-22, nan 
112.625, 85.125, 1.296108208123608e-22, nan 
112.875, 85.125, 1.2788305072846596e-22, nan 
113.125, 85.125, 1.1503690724094462e-22, nan 
113.375, 85.125, 1.0164610654948208e-22, nan 
113.625, 85.125, 9.575619342351793e-23, nan 
113.875, 85.125, 9.344936983797643e-23, nan 
114.125, 85.125, 9.233394214300679e-23, nan 
114.375, 85.125, 8.876084917926113e-23, nan 
114.625, 85.125, 8.921021836939089e-23, nan 
114.875, 85.125, 9.059172259162204e-23, nan 
115.125, 85.125, 9.686587903946022e-23, nan 
115.375, 85.125, 1.0247837923557819e-22, nan 
115.625, 85.125, 1.1249094867932897e-22, nan 
115.875, 85.125, 1.0684420925378301e-22, nan 
116.125, 85.125, 9.667050300530375e-23, nan 
116.375, 85.125, 8.96888376223213e-23, nan 
116.625, 85.125, 9.382103887270792e-23, nan 
116.875, 85.125, 9.860602777868864e-23, nan 
117.125, 85.125, 1.067757038495594e-22, nan 
117.375, 85.125, 1.1800231107506494e-22, nan 
117.625, 85.125, 1.2154453449888302e-22, nan 
117.875, 85.125, 1.214357992524578e-22, nan 
118.125, 85.125, 1.2298814759778736e-22, nan 
118.375, 85.125, 1.2745849085327998e-22, nan 
118.625, 85.125, 1.2811493777590577e-22, nan 
118.875, 85.125, 1.2987295984190524e-22, nan 
119.125, 85.125, 1.3130911167373182e-22, nan 
119.375, 85.125, 1.3525430670243113e-22, nan 
119.625, 85.125, 1.4187518381347062e-22, nan 
119.875, 85.125, 1.3623888845857212e-22, nan 
120.125, 85.125, 1.364461720158708e-22, nan 
120.375, 85.125, 1.3795881808436555e-22, nan 
120.625, 85.125, 1.3156008731191977e-22, nan 
120.875, 85.125, 1.301064773288955e-22, nan 
121.125, 85.125, 1.2762807719732835e-22, nan 
121.375, 85.125, 1.2598334000698166e-22, nan 
121.625, 85.125, 1.2396491543808633e-22, nan 
121.875, 85.125, 1.2062292028794315e-22, nan 
122.125, 85.125, 1.0997235561482848e-22, nan 
122.375, 85.125, 1.0020986511428716e-22, nan 
122.625, 85.125, 9.188878308579149e-23, nan 
122.875, 85.125, 9.363910690533873e-23, nan 
123.125, 85.125, 8.761576612936965e-23, nan 
123.375, 85.125, 7.822126602637953e-23, nan 
123.625, 85.125, 7.914584532507829e-23, nan 
123.875, 85.125, 8.779448185805389e-23, nan 
124.125, 85.125, 5.98903444016111e-23, nan 
124.375, 85.125, 4.3790129853334854e-23, nan 
124.625, 85.125, 3.065494623179748e-23, nan 
124.875, 85.125, 2.6308923258776638e-23, nan 
125.125, 85.125, 2.6950702399011466e-23, nan 
125.375, 85.125, 2.909204967133026e-23, nan 
125.625, 85.125, 3.979290069107722e-23, nan 
125.875, 85.125, 3.52420576027161e-23, nan 
126.125, 85.125, 2.7869720095593907e-23, nan 
126.375, 85.125, 2.238369268133817e-23, nan 
126.625, 85.125, 4.1176832517019054e-23, nan 
126.875, 85.125, 4.6298739025460474e-23, nan 
127.125, 85.125, 4.589405993981011e-23, nan 
127.375, 85.125, 4.246653513935969e-23, nan 
127.625, 85.125, 4.514094710502945e-23, nan 
127.875, 85.125, 4.8006123945760804e-23, nan 
128.125, 85.125, 5.106770959588972e-23, nan 
128.375, 85.125, 5.599728500357909e-23, nan 
128.625, 85.125, 7.0273623450752e-23, nan 
128.875, 85.125, 9.53482484948462e-23, nan 
129.125, 85.125, 1.094587611085351e-22, nan 
129.375, 85.125, 1.0392926139920342e-22, nan 
129.625, 85.125, 8.436310825218649e-23, nan 
129.875, 85.125, 5.954376849625426e-23, nan 
130.125, 85.125, 4.954807013136805e-23, nan 
130.375, 85.125, 5.487802413622361e-23, nan 
130.625, 85.125, 5.713892420049478e-23, nan 
130.875, 85.125, 4.98888972745931e-23, nan 
131.125, 85.125, 4.593795172718776e-23, nan 
131.375, 85.125, 4.1571557126620014e-23, nan 
131.625, 85.125, 3.7497522541916037e-23, nan 
131.875, 85.125, 3.497925866130278e-23, nan 
132.125, 85.125, 3.5010637728586574e-23, nan 
132.375, 85.125, 3.812281639664731e-23, nan 
132.625, 85.125, 4.411312573570579e-23, nan 
132.875, 85.125, 4.517731355938143e-23, nan 
133.125, 85.125, 5.028069791721548e-23, nan 
133.375, 85.125, 5.350273507245599e-23, nan 
133.625, 85.125, 5.221424838212889e-23, nan 
133.875, 85.125, 5.1810882605278186e-23, nan 
134.125, 85.125, 5.0289347430206265e-23, nan 
134.375, 85.125, 4.602874566293603e-23, nan 
134.625, 85.125, 3.9426862302536876e-23, nan 
134.875, 85.125, 3.9144552729922413e-23, nan 
135.125, 85.125, 3.905050116234507e-23, nan 
135.375, 85.125, 4.0371815437718916e-23, nan 
135.625, 85.125, 4.16111050074374e-23, nan 
135.875, 85.125, 4.8771353789248504e-23, nan 
136.125, 85.125, 5.1740987787741314e-23, nan 
136.375, 85.125, 5.0232182095385323e-23, nan 
136.625, 85.125, 5.111569610751639e-23, nan 
136.875, 85.125, 5.05720778701717e-23, nan 
137.125, 85.125, 4.949636557987997e-23, nan 
137.375, 85.125, 4.874556448230847e-23, nan 
137.625, 85.125, 5.612807990861203e-23, nan 
137.875, 85.125, 6.275726214377417e-23, nan 
138.125, 85.125, 7.525896678621949e-23, nan 
138.375, 85.125, 9.017630761362948e-23, nan 
138.625, 85.125, 9.884870372980293e-23, nan 
138.875, 85.125, 1.0696301205931338e-22, nan 
139.125, 85.125, 1.0668826238250128e-22, nan 
139.375, 85.125, 1.0418075488212346e-22, nan 
139.625, 85.125, 1.0164232757485148e-22, nan 
139.875, 85.125, 1.0594611380031215e-22, nan 
140.125, 85.125, 1.0752937387230366e-22, nan 
140.375, 85.125, 1.1263197543596636e-22, nan 
140.625, 85.125, 1.2083991676413692e-22, nan 
140.875, 85.125, 1.182417163514622e-22, nan 
141.125, 85.125, 1.1509338169299607e-22, nan 
141.375, 85.125, 1.157387156590727e-22, nan 
141.625, 85.125, 1.1941081193577637e-22, nan 
141.875, 85.125, 1.1551723626806227e-22, nan 
142.125, 85.125, 1.110934951726785e-22, nan 
142.375, 85.125, 1.1190713396647047e-22, nan 
142.625, 85.125, 1.1471791144779643e-22, nan 
142.875, 85.125, 1.2458101984408926e-22, nan 
143.125, 85.125, 1.3591905604317728e-22, nan 
143.375, 85.125, 1.4376840375826867e-22, nan 
143.625, 85.125, 1.4596966749899236e-22, nan 
143.875, 85.125, 1.4194038086818175e-22, nan 
144.125, 85.125, 1.2859472195051492e-22, nan 
144.375, 85.125, 1.1677903604023357e-22, nan 
144.625, 85.125, 1.2680625293968801e-22, nan 
144.875, 85.125, 1.469481228438488e-22, nan 
145.125, 85.125, 1.569670314362225e-22, nan 
145.375, 85.125, 1.5977012768085676e-22, nan 
145.625, 85.125, 1.6811085083358226e-22, nan 
145.875, 85.125, 1.788081090508874e-22, nan 
146.125, 85.125, 1.8574592288411834e-22, nan 
146.375, 85.125, 1.9092645654493937e-22, nan 
146.625, 85.125, 1.9650243138883105e-22, nan 
146.875, 85.125, 1.813725833492524e-22, nan 
147.125, 85.125, 1.5625222504933048e-22, nan 
147.375, 85.125, 1.4078115680159293e-22, nan 
147.625, 85.125, 1.3361963404654755e-22, nan 
147.875, 85.125, 1.1782626695644196e-22, nan 
148.125, 85.125, 1.1799813457540274e-22, nan 
148.375, 85.125, 1.3370385044157107e-22, nan 
148.625, 85.125, 1.2228962005085622e-22, nan 
148.875, 85.125, 1.1537711689131408e-22, nan 
149.125, 85.125, 1.234695052728522e-22, nan 
149.375, 85.125, 1.2655990607719045e-22, nan 
149.625, 85.125, 1.2736369769940603e-22, nan 
149.875, 85.125, 1.2973797631732363e-22, nan 
150.125, 85.125, 1.2114540452038447e-22, nan 
150.375, 85.125, 1.1835040872710795e-22, nan 
150.625, 85.125, 1.1927600458969454e-22, nan 
150.875, 85.125, 1.3617585196570066e-22, nan 
151.125, 85.125, 1.666459383224424e-22, nan 
151.375, 85.125, 1.8214085893863022e-22, nan 
151.625, 85.125, 1.697267055867549e-22, nan 
151.875, 85.125, 1.6818715040997057e-22, nan 
152.125, 85.125, 1.5891099602776851e-22, nan 
152.375, 85.125, 1.6072868460761603e-22, nan 
152.625, 85.125, 1.5157435951093754e-22, nan 
152.875, 85.125, 1.5070461244305266e-22, nan 
153.125, 85.125, 1.4467520654652398e-22, nan 
153.375, 85.125, 1.3493825492507663e-22, nan 
153.625, 85.125, 1.2172320327887048e-22, nan 
153.875, 85.125, 1.0171694849003957e-22, nan 
154.125, 85.125, 1.0861742149249755e-22, nan 
154.375, 85.125, 1.0281073004577749e-22, nan 
154.625, 85.125, 7.648979139581859e-23, nan 
154.875, 85.125, 7.395071648711402e-23, nan 
155.125, 85.125, 7.192018230549763e-23, nan 
155.375, 85.125, 7.483584059191476e-23, nan 
155.625, 85.125, 7.640265737213576e-23, nan 
155.875, 85.125, 7.687548893798718e-23, nan 
156.125, 85.125, 7.640308216527576e-23, nan 
156.375, 85.125, 7.145155226309675e-23, nan 
156.625, 85.125, 6.4064059433138e-23, nan 
156.875, 85.125, 6.452022626355373e-23, nan 
157.125, 85.125, 8.041566514634038e-23, nan 
157.375, 85.125, 8.374590467042556e-23, nan 
157.625, 85.125, 9.357352719942487e-23, nan 
157.875, 85.125, 9.945831519643059e-23, nan 
158.125, 85.125, 1.236097781517138e-22, nan 
158.375, 85.125, 1.4723882931544627e-22, nan 
158.625, 85.125, 1.5964080068039442e-22, nan 
158.875, 85.125, 1.5900667123021692e-22, nan 
159.125, 85.125, 1.7844746644133116e-22, nan 
159.375, 85.125, 1.9527231142399508e-22, nan 
159.625, 85.125, 1.9231956038629615e-22, nan 
159.875, 85.125, 2.0786861254784058e-22, nan 
160.125, 85.125, 2.2106743949790436e-22, nan 
160.375, 85.125, 2.0001621832116944e-22, nan 
160.625, 85.125, 1.912394819435903e-22, nan 
160.875, 85.125, 1.785256561795002e-22, nan 
161.125, 85.125, 1.7555145181879391e-22, nan 
161.375, 85.125, 1.7440327496531e-22, nan 
161.625, 85.125, 1.7196478245362881e-22, nan 
161.875, 85.125, 1.6762867777588583e-22, nan 
162.125, 85.125, 1.6843528085282896e-22, nan 
162.375, 85.125, 1.670238333734897e-22, nan 
162.625, 85.125, 1.6407190039523218e-22, nan 
162.875, 85.125, 1.6439784788268381e-22, nan 
163.125, 85.125, 1.6306818337349938e-22, nan 
163.375, 85.125, 1.620985040374076e-22, nan 
163.625, 85.125, 1.599867632058358e-22, nan 
163.875, 85.125, 1.534657731083859e-22, nan 
164.125, 85.125, 1.5031001103646642e-22, nan 
164.375, 85.125, 1.4669225986892662e-22, nan 
164.625, 85.125, 1.4212976951107953e-22, nan 
164.875, 85.125, 1.4151625788163463e-22, nan 
165.125, 85.125, 1.39924697666599e-22, nan 
165.375, 85.125, 1.3547745401458134e-22, nan 
165.625, 85.125, 1.326068405542355e-22, nan 
165.875, 85.125, 1.306601955050908e-22, nan 
166.125, 85.125, 1.2726425422435972e-22, nan 
166.375, 85.125, 1.268663087166833e-22, nan 
166.625, 85.125, 1.2289585870925817e-22, nan 
166.875, 85.125, 1.1518831984498457e-22, nan 
167.125, 85.125, 1.0395274679539519e-22, nan 
167.375, 85.125, 6.287271447576325e-23, nan 
167.625, 85.125, 6.72582118063817e-23, nan 
167.875, 85.125, 7.385670404334807e-23, nan 
168.125, 85.125, 5.876124478159981e-23, nan 
168.375, 85.125, 3.3777623489401885e-23, nan 
168.625, 85.125, 2.5109417335726462e-23, nan 
168.875, 85.125, 2.5394879453915213e-23, nan 
169.125, 85.125, 2.8811981390804853e-23, nan 
169.375, 85.125, 2.8391812874981907e-23, nan 
169.625, 85.125, 2.6430409562853854e-23, nan 
169.875, 85.125, 2.5051630852804928e-23, nan 
170.125, 85.125, 2.4837104162221002e-23, nan 
170.375, 85.125, 2.1954508080049197e-23, nan 
170.625, 85.125, 1.999810410267788e-23, nan 
170.875, 85.125, 2.023678871575644e-23, nan 
171.125, 85.125, 2.485083482434875e-23, nan 
171.375, 85.125, 2.6188448828720005e-23, nan 
171.625, 85.125, 2.2912548375569846e-23, nan 
171.875, 85.125, 2.3325636310765755e-23, nan 
172.125, 85.125, 2.3931337215761948e-23, nan 
172.375, 85.125, 2.726159509483451e-23, nan 
172.625, 85.125, 3.3452144052072184e-23, nan 
172.875, 85.125, 4.3703827683456104e-23, nan 
173.125, 85.125, 6.101741167280483e-23, nan 
173.375, 85.125, 8.077052954916383e-23, nan 
173.625, 85.125, 1.0097896804878905e-22, nan 
173.875, 85.125, 1.219292259388319e-22, nan 
174.125, 85.125, 1.3705850712414632e-22, nan 
174.375, 85.125, 1.4371474312995768e-22, nan 
174.625, 85.125, 1.4680720506055463e-22, nan 
174.875, 85.125, 1.4748478976476883e-22, nan 
175.125, 85.125, 1.471020336569591e-22, nan 
175.375, 85.125, 1.419230291128427e-22, nan 
175.625, 85.125, 1.219612559529506e-22, nan 
175.875, 85.125, 7.663635223847769e-23, nan 
176.125, 85.125, 6.372283447266016e-23, nan 
176.375, 85.125, 7.499235119902642e-23, nan 
176.625, 85.125, 8.082055580357295e-23, nan 
176.875, 85.125, 8.381941387635484e-23, nan 
177.125, 85.125, 8.41512094178253e-23, nan 
177.375, 85.125, 1.0028087858670824e-22, nan 
177.625, 85.125, 1.0269898236580226e-22, nan 
177.875, 85.125, 1.0294081936582274e-22, nan 
178.125, 85.125, 1.0152678139718973e-22, nan 
178.375, 85.125, 9.54140001141133e-23, nan 
178.625, 85.125, 9.066534264218158e-23, nan 
178.875, 85.125, 8.845984081549418e-23, nan 
179.125, 85.125, 8.546607594595328e-23, nan 
179.375, 85.125, 7.999545992050075e-23, nan 
179.625, 85.125, 7.699751972569929e-23, nan 
179.875, 85.125, 7.257439980021947e-23, nan 
-179.875, 85.375, 1.2473289563311495e-22, nan 
-179.625, 85.375, 1.244631955120487e-22, nan 
-179.375, 85.375, 1.1399566512927255e-22, nan 
-179.125, 85.375, 9.374012298072254e-23, nan 
-178.875, 85.375, 4.9058246796781293e-23, nan 
-178.625, 85.375, 6.202023572119226e-23, nan 
-178.375, 85.375, 7.882206852586583e-23, nan 
-178.125, 85.375, 1.0864387275002835e-22, nan 
-177.875, 85.375, 1.4214100666197242e-22, nan 
-177.625, 85.375, 1.7364422710937645e-22, nan 
-177.375, 85.375, 2.1061851221601399e-22, nan 
-177.125, 85.375, 2.19873270958218e-22, nan 
-176.875, 85.375, 2.1574689557356028e-22, nan 
-176.625, 85.375, 2.1506715948072066e-22, nan 
-176.375, 85.375, 2.2380583008036626e-22, nan 
-176.125, 85.375, 2.3527029443622545e-22, nan 
-175.875, 85.375, 2.5266814193242697e-22, nan 
-175.625, 85.375, 2.5046656360939725e-22, nan 
-175.375, 85.375, 3.018335461879685e-22, nan 
-175.125, 85.375, 3.122037057516952e-22, nan 
-174.875, 85.375, 3.225271338947081e-22, nan 
-174.625, 85.375, 3.173218443650683e-22, nan 
-174.375, 85.375, 2.3899541455743623e-22, nan 
-174.125, 85.375, 1.9014759895096717e-22, nan 
-173.875, 85.375, 1.8835292732421265e-22, nan 
-173.625, 85.375, 1.8456167051370767e-22, nan 
-173.375, 85.375, 1.7655721347493287e-22, nan 
-173.125, 85.375, 1.7444835639004835e-22, nan 
-172.875, 85.375, 1.7590528483333985e-22, nan 
-172.625, 85.375, 1.9062030169947863e-22, nan 
-172.375, 85.375, 2.0274793440128234e-22, nan 
-172.125, 85.375, 2.498912604113503e-22, nan 
-171.875, 85.375, 2.6848922402621445e-22, nan 
-171.625, 85.375, 2.7030827268404013e-22, nan 
-171.375, 85.375, 2.699387238762414e-22, nan 
-171.125, 85.375, 2.3212300383291626e-22, nan 
-170.875, 85.375, 2.0574191091592446e-22, nan 
-170.625, 85.375, 2.067927755416438e-22, nan 
-170.375, 85.375, 2.1524437645057627e-22, nan 
-170.125, 85.375, 2.286371504086846e-22, nan 
-169.875, 85.375, 2.3878702574625946e-22, nan 
-169.625, 85.375, 2.471338644741965e-22, nan 
-169.375, 85.375, 2.453879079193197e-22, nan 
-169.125, 85.375, 2.5477625860019936e-22, nan 
-168.875, 85.375, 2.693562931127619e-22, nan 
-168.625, 85.375, 2.7736823607937856e-22, nan 
-168.375, 85.375, 2.8144738994503256e-22, nan 
-168.125, 85.375, 2.7918081762277668e-22, nan 
-167.875, 85.375, 2.7202219496689023e-22, nan 
-167.625, 85.375, 2.5090755760661364e-22, nan 
-167.375, 85.375, 2.336591739651516e-22, nan 
-167.125, 85.375, 1.424316141814284e-22, nan 
-166.875, 85.375, 4.069845524837623e-23, nan 
-166.625, 85.375, 2.8528163065881096e-23, nan 
-166.375, 85.375, 2.7982840756495256e-23, nan 
-166.125, 85.375, 2.7861597902582653e-23, nan 
-165.875, 85.375, 2.773714599963823e-23, nan 
-165.625, 85.375, 2.843046337212481e-23, nan 
-165.375, 85.375, 3.032809434232448e-23, nan 
-165.125, 85.375, 3.0904659138240895e-23, nan 
-164.875, 85.375, 2.9186524650070726e-23, nan 
-164.625, 85.375, 3.186104373348152e-23, nan 
-164.375, 85.375, 3.759888104712772e-23, nan 
-164.125, 85.375, 4.271171470029423e-23, nan 
-163.875, 85.375, 4.7084904223347044e-23, nan 
-163.625, 85.375, 4.9727804591167666e-23, nan 
-163.375, 85.375, 5.422435441968415e-23, nan 
-163.125, 85.375, 6.510216492416079e-23, nan 
-162.875, 85.375, 6.606847959350337e-23, nan 
-162.625, 85.375, 6.236653256719731e-23, nan 
-162.375, 85.375, 6.014214282588907e-23, nan 
-162.125, 85.375, 5.608394487594208e-23, nan 
-161.875, 85.375, 6.04164466440604e-23, nan 
-161.625, 85.375, 5.838816002786599e-23, nan 
-161.375, 85.375, 5.675701837738189e-23, nan 
-161.125, 85.375, 6.023291001080733e-23, nan 
-160.875, 85.375, 6.313255757230159e-23, nan 
-160.625, 85.375, 6.261167905942801e-23, nan 
-160.375, 85.375, 6.354016715946388e-23, nan 
-160.125, 85.375, 6.574133051475962e-23, nan 
-159.875, 85.375, 6.665254957068415e-23, nan 
-159.625, 85.375, 6.773447755077861e-23, nan 
-159.375, 85.375, 6.809348734139534e-23, nan 
-159.125, 85.375, 7.440957746941822e-23, nan 
-158.875, 85.375, 9.952043729691795e-23, nan 
-158.625, 85.375, 1.201214591006648e-22, nan 
-158.375, 85.375, 1.2835638744782945e-22, nan 
-158.125, 85.375, 1.3317460569613242e-22, nan 
-157.875, 85.375, 1.3602492006244159e-22, nan 
-157.625, 85.375, 1.3733018232916255e-22, nan 
-157.375, 85.375, 1.3490904252544555e-22, nan 
-157.125, 85.375, 1.2341470133058517e-22, nan 
-156.875, 85.375, 1.374157374238068e-22, nan 
-156.625, 85.375, 1.56411637959149e-22, nan 
-156.375, 85.375, 1.7467589149444006e-22, nan 
-156.125, 85.375, 1.905015585680679e-22, nan 
-155.875, 85.375, 2.0749735090225575e-22, nan 
-155.625, 85.375, 2.0541692104618984e-22, nan 
-155.375, 85.375, 1.9953642967061987e-22, nan 
-155.125, 85.375, 1.942962437738491e-22, nan 
-154.875, 85.375, 1.9356397226704417e-22, nan 
-154.625, 85.375, 1.8402073672320995e-22, nan 
-154.375, 85.375, 1.7981771771950549e-22, nan 
-154.125, 85.375, 1.7859514463175672e-22, nan 
-153.875, 85.375, 1.7810881205108858e-22, nan 
-153.625, 85.375, 1.6659748744686026e-22, nan 
-153.375, 85.375, 1.7467419639367225e-22, nan 
-153.125, 85.375, 1.7901679021385013e-22, nan 
-152.875, 85.375, 1.9835357880973878e-22, nan 
-152.625, 85.375, 2.2698911378007137e-22, nan 
-152.375, 85.375, 2.324349041583771e-22, nan 
-152.125, 85.375, 2.3728632311152667e-22, nan 
-151.875, 85.375, 2.3784223148395113e-22, nan 
-151.625, 85.375, 2.0933622115169792e-22, nan 
-151.375, 85.375, 1.8637916347561435e-22, nan 
-151.125, 85.375, 1.606752783698382e-22, nan 
-150.875, 85.375, 1.4099753625218704e-22, nan 
-150.625, 85.375, 1.2094485214559667e-22, nan 
-150.375, 85.375, 9.993398136033881e-23, nan 
-150.125, 85.375, 1.0168915451978237e-22, nan 
-149.875, 85.375, 7.968619073751464e-23, nan 
-149.625, 85.375, 6.511395741106299e-23, nan 
-149.375, 85.375, 4.4997892051273984e-23, nan 
-149.125, 85.375, 4.2906928551836504e-23, nan 
-148.875, 85.375, 4.311049502862855e-23, nan 
-148.625, 85.375, 4.331407954190342e-23, nan 
-148.375, 85.375, 4.640614291428093e-23, nan 
-148.125, 85.375, 5.459265546633585e-23, nan 
-147.875, 85.375, 6.444982906141178e-23, nan 
-147.625, 85.375, 7.707389753577701e-23, nan 
-147.375, 85.375, 7.943000897699629e-23, nan 
-147.125, 85.375, 8.393922777776915e-23, nan 
-146.875, 85.375, 6.779286395386282e-23, nan 
-146.625, 85.375, 6.672805936969294e-23, nan 
-146.375, 85.375, 7.691163028221272e-23, nan 
-146.125, 85.375, 7.86891575459724e-23, nan 
-145.875, 85.375, 8.362135843860804e-23, nan 
-145.625, 85.375, 7.529372959455892e-23, nan 
-145.375, 85.375, 7.544037672160286e-23, nan 
-145.125, 85.375, 7.58894747276852e-23, nan 
-144.875, 85.375, 7.602711179664135e-23, nan 
-144.625, 85.375, 7.507553057993491e-23, nan 
-144.375, 85.375, 7.689593400379899e-23, nan 
-144.125, 85.375, 8.104696759665132e-23, nan 
-143.875, 85.375, 8.146968883571338e-23, nan 
-143.625, 85.375, 7.553583052776874e-23, nan 
-143.375, 85.375, 7.684115073915366e-23, nan 
-143.125, 85.375, 7.811724951998006e-23, nan 
-142.875, 85.375, 8.480208703252474e-23, nan 
-142.625, 85.375, 8.387820055973461e-23, nan 
-142.375, 85.375, 8.288994430687161e-23, nan 
-142.125, 85.375, 8.67819097731268e-23, nan 
-141.875, 85.375, 8.554471317016411e-23, nan 
-141.625, 85.375, 8.789443954355252e-23, nan 
-141.375, 85.375, 9.768392486168599e-23, nan 
-141.125, 85.375, 1.1232943342730694e-22, nan 
-140.875, 85.375, 1.2692296628455686e-22, nan 
-140.625, 85.375, 1.43167819082548e-22, nan 
-140.375, 85.375, 1.5015242104188462e-22, nan 
-140.125, 85.375, 1.1397058589262185e-22, nan 
-139.875, 85.375, 8.725121135138343e-23, nan 
-139.625, 85.375, 7.499753206151347e-23, nan 
-139.375, 85.375, 5.782236978361909e-23, nan 
-139.125, 85.375, 5.250474759262443e-23, nan 
-138.875, 85.375, 6.132082935622341e-23, nan 
-138.625, 85.375, 8.294481850520383e-23, nan 
-138.375, 85.375, 1.0833084850112524e-22, nan 
-138.125, 85.375, 1.442593507461102e-22, nan 
-137.875, 85.375, 1.854957204299331e-22, nan 
-137.625, 85.375, 2.2053839511609794e-22, nan 
-137.375, 85.375, 2.5933618058742867e-22, nan 
-137.125, 85.375, 2.730749885272462e-22, nan 
-136.875, 85.375, 1.9629961998121292e-22, nan 
-136.625, 85.375, 1.407085943611202e-22, nan 
-136.375, 85.375, 1.5585951661909209e-22, nan 
-136.125, 85.375, 1.8810036793358753e-22, nan 
-135.875, 85.375, 2.345518957586871e-22, nan 
-135.625, 85.375, 2.7051605333453416e-22, nan 
-135.375, 85.375, 2.974783638032491e-22, nan 
-135.125, 85.375, 3.2570150426265395e-22, nan 
-134.875, 85.375, 3.4086624662169844e-22, nan 
-134.625, 85.375, 3.431488699599135e-22, nan 
-134.375, 85.375, 3.5397860064049613e-22, nan 
-134.125, 85.375, 3.671634782835226e-22, nan 
-133.875, 85.375, 3.7690496681588027e-22, nan 
-133.625, 85.375, 3.7219690653229447e-22, nan 
-133.375, 85.375, 3.6999861681861044e-22, nan 
-133.125, 85.375, 3.80090200362659e-22, nan 
-132.875, 85.375, 3.8640816234180364e-22, nan 
-132.625, 85.375, 3.9627032876099056e-22, nan 
-132.375, 85.375, 3.948899761921222e-22, nan 
-132.125, 85.375, 2.7475220628158754e-22, nan 
-131.875, 85.375, 2.444091164121908e-22, nan 
-131.625, 85.375, 2.365342894056503e-22, nan 
-131.375, 85.375, 2.181850453041664e-22, nan 
-131.125, 85.375, 1.971145794615972e-22, nan 
-130.875, 85.375, 1.7261449925075914e-22, nan 
-130.625, 85.375, 1.449653355373266e-22, nan 
-130.375, 85.375, 1.4754795662033112e-22, nan 
-130.125, 85.375, 1.00665903715335e-22, nan 
-129.875, 85.375, 7.253738334164909e-23, nan 
-129.625, 85.375, 7.412502360371294e-23, nan 
-129.375, 85.375, 8.494713587753998e-23, nan 
-129.125, 85.375, 1.1073075439921216e-22, nan 
-128.875, 85.375, 1.4782439401955746e-22, nan 
-128.625, 85.375, 2.0632624285154593e-22, nan 
-128.375, 85.375, 2.4576941371679727e-22, nan 
-128.125, 85.375, 2.3353961273145243e-22, nan 
-127.875, 85.375, 2.0258878241391588e-22, nan 
-127.625, 85.375, 1.598052245382092e-22, nan 
-127.375, 85.375, 1.8532919018482966e-22, nan 
-127.125, 85.375, 2.4729697088666333e-22, nan 
-126.875, 85.375, 3.037214083676115e-22, nan 
-126.625, 85.375, 3.2523968767873807e-22, nan 
-126.375, 85.375, 3.7555231345053607e-22, nan 
-126.125, 85.375, 4.534315273950055e-22, nan 
-125.875, 85.375, 5.658409344153887e-22, nan 
-125.625, 85.375, 5.703737351514783e-22, nan 
-125.375, 85.375, 5.606117678265832e-22, nan 
-125.125, 85.375, 5.793918913985083e-22, nan 
-124.875, 85.375, 5.7300522964275805e-22, nan 
-124.625, 85.375, 3.8637737775685776e-22, nan 
-124.375, 85.375, 1.631024063815088e-22, nan 
-124.125, 85.375, 8.533522832616328e-23, nan 
-123.875, 85.375, 1.4488753522625903e-22, nan 
-123.625, 85.375, 4.580835774640754e-22, nan 
-123.375, 85.375, 5.717716427270531e-22, nan 
-123.125, 85.375, 6.000050887327437e-22, nan 
-122.875, 85.375, 6.114163019815358e-22, nan 
-122.625, 85.375, 6.2702580198476945e-22, nan 
-122.375, 85.375, 6.44194254844112e-22, nan 
-122.125, 85.375, 6.481439395888578e-22, nan 
-121.875, 85.375, 6.677693022539339e-22, nan 
-121.625, 85.375, 6.771549518704321e-22, nan 
-121.375, 85.375, 6.346741825788597e-22, nan 
-121.125, 85.375, 3.036299317599423e-22, nan 
-120.875, 85.375, 2.6551501089992705e-22, nan 
-120.625, 85.375, 2.7414157716301027e-22, nan 
-120.375, 85.375, 2.5373563944446354e-22, nan 
-120.125, 85.375, 2.4550371270732094e-22, nan 
-119.875, 85.375, 2.60112132202238e-22, nan 
-119.625, 85.375, 2.699013404801415e-22, nan 
-119.375, 85.375, 2.751027243010519e-22, nan 
-119.125, 85.375, 2.7516467107555386e-22, nan 
-118.875, 85.375, 2.930363716815047e-22, nan 
-118.625, 85.375, 3.006511350996358e-22, nan 
-118.375, 85.375, 2.9936161024417876e-22, nan 
-118.125, 85.375, 2.9975602182444333e-22, nan 
-117.875, 85.375, 2.8127622579094253e-22, nan 
-117.625, 85.375, 2.400681369468078e-22, nan 
-117.375, 85.375, 1.8462600586544127e-22, nan 
-117.125, 85.375, 1.3654627421895087e-22, nan 
-116.875, 85.375, 1.1697169456614194e-22, nan 
-116.625, 85.375, 1.147933250678252e-22, nan 
-116.375, 85.375, 1.2022746987776575e-22, nan 
-116.125, 85.375, 1.2603136087205828e-22, nan 
-115.875, 85.375, 1.5692704223107115e-22, nan 
-115.625, 85.375, 1.867641895737781e-22, nan 
-115.375, 85.375, 2.2892484818984666e-22, nan 
-115.125, 85.375, 2.3881275396662563e-22, nan 
-114.875, 85.375, 2.658907292421348e-22, nan 
-114.625, 85.375, 2.5910856150980147e-22, nan 
-114.375, 85.375, 2.621495275707705e-22, nan 
-114.125, 85.375, 2.2181546077130763e-22, nan 
-113.875, 85.375, 2.0883939727171463e-22, nan 
-113.625, 85.375, 2.139207642653183e-22, nan 
-113.375, 85.375, 2.0478782153926566e-22, nan 
-113.125, 85.375, 1.8716126915456351e-22, nan 
-112.875, 85.375, 1.7200468130189397e-22, nan 
-112.625, 85.375, 1.5519540744930355e-22, nan 
-112.375, 85.375, 1.6816029059037374e-22, nan 
-112.125, 85.375, 1.7315299710527702e-22, nan 
-111.875, 85.375, 1.4462414992719319e-22, nan 
-111.625, 85.375, 1.228402942856569e-22, nan 
-111.375, 85.375, 1.2184816691348302e-22, nan 
-111.125, 85.375, 1.223044249159442e-22, nan 
-110.875, 85.375, 1.240965439060455e-22, nan 
-110.625, 85.375, 1.1256087541473187e-22, nan 
-110.375, 85.375, 1.0579932583480952e-22, nan 
-110.125, 85.375, 1.0016159347159473e-22, nan 
-109.875, 85.375, 9.19310770935078e-23, nan 
-109.625, 85.375, 8.66870703902799e-23, nan 
-109.375, 85.375, 9.027270512144948e-23, nan 
-109.125, 85.375, 1.0087929440180088e-22, nan 
-108.875, 85.375, 1.0689977856908606e-22, nan 
-108.625, 85.375, 1.0586506484124583e-22, nan 
-108.375, 85.375, 1.063761124610366e-22, nan 
-108.125, 85.375, 1.0253856088835408e-22, nan 
-107.875, 85.375, 9.68636038709946e-23, nan 
-107.625, 85.375, 1.0004829441624829e-22, nan 
-107.375, 85.375, 1.135646230205917e-22, nan 
-107.125, 85.375, 1.3110509090931972e-22, nan 
-106.875, 85.375, 1.4557123504260217e-22, nan 
-106.625, 85.375, 1.6198067961743382e-22, nan 
-106.375, 85.375, 1.7152017179728169e-22, nan 
-106.125, 85.375, 1.7262153935227816e-22, nan 
-105.875, 85.375, 1.6955484482609165e-22, nan 
-105.625, 85.375, 1.7577111454755056e-22, nan 
-105.375, 85.375, 1.6078929548852685e-22, nan 
-105.125, 85.375, 1.3844411425516782e-22, nan 
-104.875, 85.375, 1.33585541729923e-22, nan 
-104.625, 85.375, 1.597247474463264e-22, nan 
-104.375, 85.375, 1.964797422600947e-22, nan 
-104.125, 85.375, 2.278252905200237e-22, nan 
-103.875, 85.375, 2.6679808073460044e-22, nan 
-103.625, 85.375, 2.752871878228742e-22, nan 
-103.375, 85.375, 2.7059251983838583e-22, nan 
-103.125, 85.375, 2.5206062011508473e-22, nan 
-102.875, 85.375, 2.3592592753746997e-22, nan 
-102.625, 85.375, 2.228560202637131e-22, nan 
-102.375, 85.375, 2.2301492082874267e-22, nan 
-102.125, 85.375, 2.1083290468193795e-22, nan 
-101.875, 85.375, 2.1169572243138964e-22, nan 
-101.625, 85.375, 2.1385990185652234e-22, nan 
-101.375, 85.375, 2.193490480580043e-22, nan 
-101.125, 85.375, 2.315638702040811e-22, nan 
-100.875, 85.375, 2.43248882741677e-22, nan 
-100.625, 85.375, 2.460824299186137e-22, nan 
-100.375, 85.375, 2.436008009824215e-22, nan 
-100.125, 85.375, 2.42311472407755e-22, nan 
-99.875, 85.375, 2.386127802574869e-22, nan 
-99.625, 85.375, 2.5350924479171875e-22, nan 
-99.375, 85.375, 2.494304744163273e-22, nan 
-99.125, 85.375, 2.5407597956322274e-22, nan 
-98.875, 85.375, 2.32862240324918e-22, nan 
-98.625, 85.375, 2.407655827271268e-22, nan 
-98.375, 85.375, 2.224364413303387e-22, nan 
-98.125, 85.375, 2.3659743192778474e-22, nan 
-97.875, 85.375, 2.239510865107519e-22, nan 
-97.625, 85.375, 2.5896437239101714e-22, nan 
-97.375, 85.375, 2.471896960849189e-22, nan 
-97.125, 85.375, 2.7727578327722835e-22, nan 
-96.875, 85.375, 2.822031994515086e-22, nan 
-96.625, 85.375, 2.7010855195414323e-22, nan 
-96.375, 85.375, 2.322371261884932e-22, nan 
-96.125, 85.375, 2.158521314220117e-22, nan 
-95.875, 85.375, 1.864803974150136e-22, nan 
-95.625, 85.375, 1.7588412465976422e-22, nan 
-95.375, 85.375, 2.132187535689225e-22, nan 
-95.125, 85.375, 2.2580339708047966e-22, nan 
-94.875, 85.375, 2.4843531585794306e-22, nan 
-94.625, 85.375, 2.3858261742138547e-22, nan 
-94.375, 85.375, 2.474445241806109e-22, nan 
-94.125, 85.375, 2.410794508165142e-22, nan 
-93.875, 85.375, 2.8797751251698406e-22, nan 
-93.625, 85.375, 2.993106286754735e-22, nan 
-93.375, 85.375, 3.4427294858063713e-22, nan 
-93.125, 85.375, 3.3909973971966444e-22, nan 
-92.875, 85.375, 3.7170170121317247e-22, nan 
-92.625, 85.375, 3.863087516185181e-22, nan 
-92.375, 85.375, 4.128997857176356e-22, nan 
-92.125, 85.375, 4.2995189172312925e-22, nan 
-91.875, 85.375, 4.159473656486393e-22, nan 
-91.625, 85.375, 4.289250964055171e-22, nan 
-91.375, 85.375, 4.696066107643463e-22, nan 
-91.125, 85.375, 5.108366141085055e-22, nan 
-90.875, 85.375, 5.210181968848391e-22, nan 
-90.625, 85.375, 5.528754349094315e-22, nan 
-90.375, 85.375, 5.891121612594618e-22, nan 
-90.125, 85.375, 5.8775868272967865e-22, nan 
-89.875, 85.375, 5.470599975075401e-22, nan 
-89.625, 85.375, 5.54163271167178e-22, nan 
-89.375, 85.375, 5.655153473017118e-22, nan 
-89.125, 85.375, 5.699914147439896e-22, nan 
-88.875, 85.375, 5.57774723276403e-22, nan 
-88.625, 85.375, 5.639287655734623e-22, nan 
-88.375, 85.375, 5.925710545179163e-22, nan 
-88.125, 85.375, 6.095302087989098e-22, nan 
-87.875, 85.375, 6.218608727969445e-22, nan 
-87.625, 85.375, 6.021341348629862e-22, nan 
-87.375, 85.375, 5.440211138064293e-22, nan 
-87.125, 85.375, 4.857367688537767e-22, nan 
-86.875, 85.375, 3.7511985449496028e-22, nan 
-86.625, 85.375, 3.3715947536094785e-22, nan 
-86.375, 85.375, 2.9936755265605316e-22, nan 
-86.125, 85.375, 2.4047065038216023e-22, nan 
-85.875, 85.375, 2.8451602104472245e-22, nan 
-85.625, 85.375, 2.7598467577774966e-22, nan 
-85.375, 85.375, 2.8092704718353803e-22, nan 
-85.125, 85.375, 2.918998307014463e-22, nan 
-84.875, 85.375, 3.1595344947113884e-22, nan 
-84.625, 85.375, 3.4098781732971297e-22, nan 
-84.375, 85.375, 3.765539895148973e-22, nan 
-84.125, 85.375, 3.9537075061344186e-22, nan 
-83.875, 85.375, 3.785756110313951e-22, nan 
-83.625, 85.375, 3.421325005450619e-22, nan 
-83.375, 85.375, 3.104776470263495e-22, nan 
-83.125, 85.375, 3.006344254717981e-22, nan 
-82.875, 85.375, 2.862590326239326e-22, nan 
-82.625, 85.375, 2.7472497271540943e-22, nan 
-82.375, 85.375, 2.804192063552251e-22, nan 
-82.125, 85.375, 3.071255228757936e-22, nan 
-81.875, 85.375, 3.331338724071159e-22, nan 
-81.625, 85.375, 3.9864000192939e-22, nan 
-81.375, 85.375, 4.758653846783234e-22, nan 
-81.125, 85.375, 5.897081435069594e-22, nan 
-80.875, 85.375, 6.1980922054789435e-22, nan 
-80.625, 85.375, 6.185239216203008e-22, nan 
-80.375, 85.375, 6.327598881002157e-22, nan 
-80.125, 85.375, 6.492770607211535e-22, nan 
-79.875, 85.375, 7.04983667177879e-22, nan 
-79.625, 85.375, 7.242659112005175e-22, nan 
-79.375, 85.375, 7.239883301022673e-22, nan 
-79.125, 85.375, 7.119492088586728e-22, nan 
-78.875, 85.375, 6.94357778738559e-22, nan 
-78.625, 85.375, 6.04944118148785e-22, nan 
-78.375, 85.375, 6.113185945740461e-22, nan 
-78.125, 85.375, 5.774848030220724e-22, nan 
-77.875, 85.375, 6.254106873671017e-22, nan 
-77.625, 85.375, 6.369388267382087e-22, nan 
-77.375, 85.375, 6.368931779533541e-22, nan 
-77.125, 85.375, 6.793698436526695e-22, nan 
-76.875, 85.375, 7.395620213979132e-22, nan 
-76.625, 85.375, 7.956428328554747e-22, nan 
-76.375, 85.375, 8.235335400541154e-22, nan 
-76.125, 85.375, 8.602813641090365e-22, nan 
-75.875, 85.375, 8.721269399512094e-22, nan 
-75.625, 85.375, 8.98995369846711e-22, nan 
-75.375, 85.375, 9.126767456624118e-22, nan 
-75.125, 85.375, 9.768553072234912e-22, nan 
-74.875, 85.375, 1.1008039851206903e-21, nan 
-74.625, 85.375, 1.4307297117525185e-21, nan 
-74.375, 85.375, 1.6248385154662474e-21, nan 
-74.125, 85.375, 1.7296660910737504e-21, nan 
-73.875, 85.375, 1.6124285187658081e-21, nan 
-73.625, 85.375, 1.6468805966887244e-21, nan 
-73.375, 85.375, 1.6575010435383528e-21, nan 
-73.125, 85.375, 1.701115535105948e-21, nan 
-72.875, 85.375, 1.6422690401213324e-21, nan 
-72.625, 85.375, 1.6276897610409932e-21, nan 
-72.375, 85.375, 1.6320501747096892e-21, nan 
-72.125, 85.375, 1.5825660454551486e-21, nan 
-71.875, 85.375, 1.560193314048139e-21, nan 
-71.625, 85.375, 1.2356642372259307e-21, nan 
-71.375, 85.375, 1.761047952466429e-21, nan 
-71.125, 85.375, 2.1820298297146737e-21, nan 
-70.875, 85.375, 2.3712188225918788e-21, nan 
-70.625, 85.375, 2.1919787084774107e-21, nan 
-70.375, 85.375, 2.285312572478621e-21, nan 
-70.125, 85.375, 2.287771307118137e-21, nan 
-69.875, 85.375, 2.3567142698972377e-21, nan 
-69.625, 85.375, 2.147424824675917e-21, nan 
-69.375, 85.375, 2.0629241068567136e-21, nan 
-69.125, 85.375, 2.1067424682644225e-21, nan 
-68.875, 85.375, 2.225215838070305e-21, nan 
-68.625, 85.375, 2.2971021326995976e-21, nan 
-68.375, 85.375, 1.9002007412927786e-21, nan 
-68.125, 85.375, 1.477965480527509e-21, nan 
-67.875, 85.375, 1.3904538907855502e-21, nan 
-67.625, 85.375, 1.4427280994491203e-21, nan 
-67.375, 85.375, 1.2608258222283251e-21, nan 
-67.125, 85.375, 1.0819363329739568e-21, nan 
-66.875, 85.375, 7.851931478128603e-22, nan 
-66.625, 85.375, 5.708303129352718e-22, nan 
-66.375, 85.375, 4.400046214060545e-22, nan 
-66.125, 85.375, 3.653864218451154e-22, nan 
-65.875, 85.375, 2.1240905338814717e-22, nan 
-65.625, 85.375, 3.0009700020966374e-22, nan 
-65.375, 85.375, 4.754605561758925e-22, nan 
-65.125, 85.375, 5.520203250186797e-22, nan 
-64.875, 85.375, 6.891379271228839e-22, nan 
-64.625, 85.375, 7.326814455216998e-22, nan 
-64.375, 85.375, 8.598341903363288e-22, nan 
-64.125, 85.375, 8.167847632332254e-22, nan 
-63.875, 85.375, 7.926901960853122e-22, nan 
-63.625, 85.375, 7.794065316518053e-22, nan 
-63.375, 85.375, 8.466667009701453e-22, nan 
-63.125, 85.375, 8.225946029277055e-22, nan 
-62.875, 85.375, 8.184510732969124e-22, nan 
-62.625, 85.375, 7.690054939049333e-22, nan 
-62.375, 85.375, 7.033217540096242e-22, nan 
-62.125, 85.375, 6.906697934849538e-22, nan 
-61.875, 85.375, 6.8934395662128235e-22, nan 
-61.625, 85.375, 7.184228883559562e-22, nan 
-61.375, 85.375, 7.10657913709405e-22, nan 
-61.125, 85.375, 6.659028951111518e-22, nan 
-60.875, 85.375, 6.260484253077147e-22, nan 
-60.625, 85.375, 6.191348166773529e-22, nan 
-60.375, 85.375, 5.803072415303456e-22, nan 
-60.125, 85.375, 5.833376692012431e-22, nan 
-59.875, 85.375, 6.463702463745079e-22, nan 
-59.625, 85.375, 7.842642097965415e-22, nan 
-59.375, 85.375, 9.866250017354108e-22, nan 
-59.125, 85.375, 1.1610881557227094e-21, nan 
-58.875, 85.375, 1.2886847335039247e-21, nan 
-58.625, 85.375, 1.3541246649769126e-21, nan 
-58.375, 85.375, 1.3419615485999726e-21, nan 
-58.125, 85.375, 1.4069074324002456e-21, nan 
-57.875, 85.375, 1.5089012964804973e-21, nan 
-57.625, 85.375, 1.8920141022851652e-21, nan 
-57.375, 85.375, 2.396908550847499e-21, nan 
-57.125, 85.375, 2.8034291353188472e-21, nan 
-56.875, 85.375, 3.036195858372401e-21, nan 
-56.625, 85.375, 3.2203043951300104e-21, nan 
-56.375, 85.375, 3.0757931714970374e-21, nan 
-56.125, 85.375, 2.898671284538883e-21, nan 
-55.875, 85.375, 2.711811034583646e-21, nan 
-55.625, 85.375, 2.647752331296242e-21, nan 
-55.375, 85.375, 2.428829970873323e-21, nan 
-55.125, 85.375, 2.231471917451153e-21, nan 
-54.875, 85.375, 2.069632718025417e-21, nan 
-54.625, 85.375, 2.2411895490876306e-21, nan 
-54.375, 85.375, 2.70838247494602e-21, nan 
-54.125, 85.375, 3.2277763288959007e-21, nan 
-53.875, 85.375, 3.868804079177599e-21, nan 
-53.625, 85.375, 4.455757443109748e-21, nan 
-53.375, 85.375, 5.261402863064996e-21, nan 
-53.125, 85.375, 5.1716248765689625e-21, nan 
-52.875, 85.375, 3.0354632436707043e-21, nan 
-52.625, 85.375, 2.197159614101487e-21, nan 
-52.375, 85.375, 1.9023964178980596e-21, nan 
-52.125, 85.375, 1.6282947659843424e-21, nan 
-51.875, 85.375, 1.5718499924954584e-21, nan 
-51.625, 85.375, 1.4850458650026677e-21, nan 
-51.375, 85.375, 1.3921944707524233e-21, nan 
-51.125, 85.375, 1.2698998054374852e-21, nan 
-50.875, 85.375, 1.5504693463729665e-21, nan 
-50.625, 85.375, 1.9210298730911164e-21, nan 
-50.375, 85.375, 1.9319707702034304e-21, nan 
-50.125, 85.375, 2.1299575831204277e-21, nan 
-49.875, 85.375, 2.0238452347955835e-21, nan 
-49.625, 85.375, 2.2841320713455162e-21, nan 
-49.375, 85.375, 1.7551030014557945e-21, nan 
-49.125, 85.375, 1.0463407337114898e-21, nan 
-48.875, 85.375, 6.180996029972052e-22, nan 
-48.625, 85.375, 6.443281129442206e-22, nan 
-48.375, 85.375, 8.912953299806982e-22, nan 
-48.125, 85.375, 7.214922893847349e-22, nan 
-47.875, 85.375, 7.976603530346029e-22, nan 
-47.625, 85.375, 1.0692943217277678e-21, nan 
-47.375, 85.375, 1.5180444991986729e-21, nan 
-47.125, 85.375, 1.864587991189401e-21, nan 
-46.875, 85.375, 1.6021566317897432e-21, nan 
-46.625, 85.375, 1.2870347014042192e-21, nan 
-46.375, 85.375, 1.863213886071888e-21, nan 
-46.125, 85.375, 1.762302922861631e-21, nan 
-45.875, 85.375, 1.6900246169380401e-21, nan 
-45.625, 85.375, 1.0781149773311643e-21, nan 
-45.375, 85.375, 1.208853434113026e-21, nan 
-45.125, 85.375, 1.1656793022369635e-21, nan 
-44.875, 85.375, 1.0391399213176795e-21, nan 
-44.625, 85.375, 1.0504089697109147e-21, nan 
-44.375, 85.375, 9.542189942824678e-22, nan 
-44.125, 85.375, 8.84574454136086e-22, nan 
-43.875, 85.375, 9.10513155497466e-22, nan 
-43.625, 85.375, 7.91777582996653e-22, nan 
-43.375, 85.375, 6.842142735385139e-22, nan 
-43.125, 85.375, 7.215637694754181e-22, nan 
-42.875, 85.375, 7.436751237980149e-22, nan 
-42.625, 85.375, 7.609691866912674e-22, nan 
-42.375, 85.375, 6.137787224518428e-22, nan 
-42.125, 85.375, 5.70374638141456e-22, nan 
-41.875, 85.375, 5.078025259911466e-22, nan 
-41.625, 85.375, 5.110221525621182e-22, nan 
-41.375, 85.375, 5.436878954335285e-22, nan 
-41.125, 85.375, 5.885271294417637e-22, nan 
-40.875, 85.375, 6.633033969908748e-22, nan 
-40.625, 85.375, 7.419973095134874e-22, nan 
-40.375, 85.375, 8.241614644649785e-22, nan 
-40.125, 85.375, 8.454891741508409e-22, nan 
-39.875, 85.375, 9.066164782661541e-22, nan 
-39.625, 85.375, 1.0863917297494301e-21, nan 
-39.375, 85.375, 1.1448024592615044e-21, nan 
-39.125, 85.375, 1.2848256808425053e-21, nan 
-38.875, 85.375, 1.4393703804162252e-21, nan 
-38.625, 85.375, 1.6223690042843834e-21, nan 
-38.375, 85.375, 1.832136587864013e-21, nan 
-38.125, 85.375, 1.9695149900592497e-21, nan 
-37.875, 85.375, 2.1209718155166613e-21, nan 
-37.625, 85.375, 2.3140394561267597e-21, nan 
-37.375, 85.375, 2.6956754919154957e-21, nan 
-37.125, 85.375, 3.1290229456170536e-21, nan 
-36.875, 85.375, 4.106232952914606e-21, nan 
-36.625, 85.375, 4.958728251071608e-21, nan 
-36.375, 85.375, 5.573563684958339e-21, nan 
-36.125, 85.375, 5.4483610490782004e-21, nan 
-35.875, 85.375, 5.219324906830218e-21, nan 
-35.625, 85.375, 5.2758527557241844e-21, nan 
-35.375, 85.375, 5.520823076241791e-21, nan 
-35.125, 85.375, 5.829635985344419e-21, nan 
-34.875, 85.375, 6.238178312763964e-21, nan 
-34.625, 85.375, 6.620979631794628e-21, nan 
-34.375, 85.375, 7.211120787623519e-21, nan 
-34.125, 85.375, 7.929621176231625e-21, nan 
-33.875, 85.375, 8.668877858711712e-21, nan 
-33.625, 85.375, 9.504289308053686e-21, nan 
-33.375, 85.375, 9.422097618874323e-21, nan 
-33.125, 85.375, 8.260393898696276e-21, nan 
-32.875, 85.375, 6.83958687637715e-21, nan 
-32.625, 85.375, 5.92133762102108e-21, nan 
-32.375, 85.375, 5.592704590821956e-21, nan 
-32.125, 85.375, 5.403029726234173e-21, nan 
-31.875, 85.375, 5.1296991020245626e-21, nan 
-31.625, 85.375, 5.0547636851936825e-21, nan 
-31.375, 85.375, 4.662541986980491e-21, nan 
-31.125, 85.375, 4.254023745988473e-21, nan 
-30.875, 85.375, 4.940765567365077e-21, nan 
-30.625, 85.375, 5.4865986961502956e-21, nan 
-30.375, 85.375, 6.591810913459658e-21, nan 
-30.125, 85.375, 6.640234796554393e-21, nan 
-29.875, 85.375, 7.111194257321177e-21, nan 
-29.625, 85.375, 7.270503104606212e-21, nan 
-29.375, 85.375, 7.666638595245203e-21, nan 
-29.125, 85.375, 7.544105420756104e-21, nan 
-28.875, 85.375, 7.267284684174811e-21, nan 
-28.625, 85.375, 7.01693146251891e-21, nan 
-28.375, 85.375, 7.056254115736745e-21, nan 
-28.125, 85.375, 7.041594881397224e-21, nan 
-27.875, 85.375, 7.426208985426366e-21, nan 
-27.625, 85.375, 7.752561658822796e-21, nan 
-27.375, 85.375, 7.969347165474205e-21, nan 
-27.125, 85.375, 7.975027640367158e-21, nan 
-26.875, 85.375, 8.32568556702612e-21, nan 
-26.625, 85.375, 9.808239651359924e-21, nan 
-26.375, 85.375, 1.0733912480190196e-20, nan 
-26.125, 85.375, 1.0431734482883513e-20, nan 
-25.875, 85.375, 1.0702850701762971e-20, nan 
-25.625, 85.375, 1.0451895126664155e-20, nan 
-25.375, 85.375, 9.935116623588804e-21, nan 
-25.125, 85.375, 9.699135798784857e-21, nan 
-24.875, 85.375, 9.540750918159375e-21, nan 
-24.625, 85.375, 8.618770986511335e-21, nan 
-24.375, 85.375, 8.367067425933272e-21, nan 
-24.125, 85.375, 7.97291053871884e-21, nan 
-23.875, 85.375, 7.231870336957894e-21, nan 
-23.625, 85.375, 7.141826329764875e-21, nan 
-23.375, 85.375, 6.2163462975395746e-21, nan 
-23.125, 85.375, 5.219052549038253e-21, nan 
-22.875, 85.375, 4.85736906201246e-21, nan 
-22.625, 85.375, 4.977383835488138e-21, nan 
-22.375, 85.375, 5.3427556921569345e-21, nan 
-22.125, 85.375, 5.795295763625672e-21, nan 
-21.875, 85.375, 6.287190610987543e-21, nan 
-21.625, 85.375, 7.514405652408099e-21, nan 
-21.375, 85.375, 7.517384119255201e-21, nan 
-21.125, 85.375, 8.050824745128e-21, nan 
-20.875, 85.375, 8.119414363304159e-21, nan 
-20.625, 85.375, 7.674315107736017e-21, nan 
-20.375, 85.375, 8.264462049750155e-21, nan 
-20.125, 85.375, 9.126729922847361e-21, nan 
-19.875, 85.375, 9.076269416550292e-21, nan 
-19.625, 85.375, 9.564225745161868e-21, nan 
-19.375, 85.375, 1.0585587626545394e-20, nan 
-19.125, 85.375, 1.0446186746860727e-20, nan 
-18.875, 85.375, 1.1074078032782613e-20, nan 
-18.625, 85.375, 1.1306395655902698e-20, nan 
-18.375, 85.375, 9.830893838638827e-21, nan 
-18.125, 85.375, 1.0153705703149927e-20, nan 
-17.875, 85.375, 9.898581749479073e-21, nan 
-17.625, 85.375, 9.185582856709665e-21, nan 
-17.375, 85.375, 9.05754859578265e-21, nan 
-17.125, 85.375, 9.633636312478467e-21, nan 
-16.875, 85.375, 9.731652818777097e-21, nan 
-16.625, 85.375, 9.856950904613947e-21, nan 
-16.375, 85.375, 1.021428108065265e-20, nan 
-16.125, 85.375, 1.1111677575978294e-20, nan 
-15.875, 85.375, 1.1449650360394456e-20, nan 
-15.625, 85.375, 1.2636808907282727e-20, nan 
-15.375, 85.375, 1.3228440566403938e-20, nan 
-15.125, 85.375, 1.352067219913891e-20, nan 
-14.875, 85.375, 1.396073634427778e-20, nan 
-14.625, 85.375, 1.4009393436779424e-20, nan 
-14.375, 85.375, 1.3719867876064426e-20, nan 
-14.125, 85.375, 1.220861885639397e-20, nan 
-13.875, 85.375, 1.14321706678228e-20, nan 
-13.625, 85.375, 1.0261992655508947e-20, nan 
-13.375, 85.375, 9.187977872099327e-21, nan 
-13.125, 85.375, 8.273772141688721e-21, nan 
-12.875, 85.375, 8.589943309618238e-21, nan 
-12.625, 85.375, 1.1533231747826078e-20, nan 
-12.375, 85.375, 1.4396589831387934e-20, nan 
-12.125, 85.375, 1.445606787414266e-20, nan 
-11.875, 85.375, 1.4679415631956074e-20, nan 
-11.625, 85.375, 1.4863405064147294e-20, nan 
-11.375, 85.375, 1.5084284195142088e-20, nan 
-11.125, 85.375, 1.5164589951039092e-20, nan 
-10.875, 85.375, 1.5417969683717053e-20, nan 
-10.625, 85.375, 1.5246318314034166e-20, nan 
-10.375, 85.375, 1.4988648226108572e-20, nan 
-10.125, 85.375, 1.4977011470390665e-20, nan 
-9.875, 85.375, 1.5420009020254836e-20, nan 
-9.625, 85.375, 1.563549384797068e-20, nan 
-9.375, 85.375, 1.557783739943986e-20, nan 
-9.125, 85.375, 1.2414453444965091e-20, nan 
-8.875, 85.375, 6.181691527159361e-21, nan 
-8.625, 85.375, 2.8924636809815304e-21, nan 
-8.375, 85.375, 2.164408085492174e-21, nan 
-8.125, 85.375, 1.4558449564830834e-21, nan 
-7.875, 85.375, 1.4678654404524446e-21, nan 
-7.625, 85.375, 1.6224180570151421e-21, nan 
-7.375, 85.375, 1.7936066987508284e-21, nan 
-7.125, 85.375, 1.9080212020567355e-21, nan 
-6.875, 85.375, 2.1159589871440333e-21, nan 
-6.625, 85.375, 2.5202266324140635e-21, nan 
-6.375, 85.375, 2.953335810398912e-21, nan 
-6.125, 85.375, 3.777987871891237e-21, nan 
-5.875, 85.375, 5.810644774974395e-21, nan 
-5.625, 85.375, 1.0430462662336962e-20, nan 
-5.375, 85.375, 8.481997448264556e-21, nan 
-5.125, 85.375, 9.201987074465374e-21, nan 
-4.875, 85.375, 7.863840901376222e-21, nan 
-4.625, 85.375, 7.10159766841587e-21, nan 
-4.375, 85.375, 4.406938477545127e-21, nan 
-4.125, 85.375, 3.267499518787302e-21, nan 
-3.875, 85.375, 2.3728734031513518e-21, nan 
-3.625, 85.375, 1.878447465247218e-21, nan 
-3.375, 85.375, 1.455418701422197e-21, nan 
-3.125, 85.375, 2.2153524672588702e-21, nan 
-2.875, 85.375, 3.022058907330813e-21, nan 
-2.625, 85.375, 3.4641470010788864e-21, nan 
-2.375, 85.375, 3.6216493860595164e-21, nan 
-2.125, 85.375, 3.6753997071842874e-21, nan 
-1.875, 85.375, 3.993323880033546e-21, nan 
-1.625, 85.375, 4.027485310869469e-21, nan 
-1.375, 85.375, 4.253982519118004e-21, nan 
-1.125, 85.375, 4.44842627942318e-21, nan 
-0.875, 85.375, 4.863185865461071e-21, nan 
-0.625, 85.375, 4.9174383978793635e-21, nan 
-0.375, 85.375, 4.9853160814786565e-21, nan 
-0.125, 85.375, 4.928592320463473e-21, nan 
0.125, 85.375, 4.901299827393156e-21, nan 
0.375, 85.375, 4.557680113883521e-21, nan 
0.625, 85.375, 4.417412403192847e-21, nan 
0.875, 85.375, 4.66992680541817e-21, nan 
1.125, 85.375, 4.8535860019925794e-21, nan 
1.375, 85.375, 4.7245061372644436e-21, nan 
1.625, 85.375, 4.460446305521442e-21, nan 
1.875, 85.375, 4.570800263917712e-21, nan 
2.125, 85.375, 4.351550143011315e-21, nan 
2.375, 85.375, 4.408280399407017e-21, nan 
2.625, 85.375, 4.328529451685642e-21, nan 
2.875, 85.375, 4.199511829710108e-21, nan 
3.125, 85.375, 4.205965974029212e-21, nan 
3.375, 85.375, 4.055705795017749e-21, nan 
3.625, 85.375, 3.627697623465798e-21, nan 
3.875, 85.375, 3.438134321092567e-21, nan 
4.125, 85.375, 3.450244126684228e-21, nan 
4.375, 85.375, 3.552786238722061e-21, nan 
4.625, 85.375, 3.3467761280474343e-21, nan 
4.875, 85.375, 3.1561755246158984e-21, nan 
5.125, 85.375, 2.849013890989142e-21, nan 
5.375, 85.375, 2.8445586853676793e-21, nan 
5.625, 85.375, 2.71860383751154e-21, nan 
5.875, 85.375, 2.7879761308193293e-21, nan 
6.125, 85.375, 2.627741930877775e-21, nan 
6.375, 85.375, 2.2384742585754128e-21, nan 
6.625, 85.375, 1.9656540692767804e-21, nan 
6.875, 85.375, 1.773609112683926e-21, nan 
7.125, 85.375, 1.6177835121545033e-21, nan 
7.375, 85.375, 1.480916970414079e-21, nan 
7.625, 85.375, 1.4153812933098095e-21, nan 
7.875, 85.375, 1.359274373807829e-21, nan 
8.125, 85.375, 1.2860913247839326e-21, nan 
8.375, 85.375, 1.2339021250755612e-21, nan 
8.625, 85.375, 1.1502643441692426e-21, nan 
8.875, 85.375, 1.1165045446078002e-21, nan 
9.125, 85.375, 1.0794254683773549e-21, nan 
9.375, 85.375, 1.0462408378288944e-21, nan 
9.625, 85.375, 1.002269589484311e-21, nan 
9.875, 85.375, 9.73501788458592e-22, nan 
10.125, 85.375, 8.566822068233033e-22, nan 
10.375, 85.375, 8.07159934960218e-22, nan 
10.625, 85.375, 7.841628538258076e-22, nan 
10.875, 85.375, 7.478490301435052e-22, nan 
11.125, 85.375, 7.020142469428203e-22, nan 
11.375, 85.375, 6.800054159251234e-22, nan 
11.625, 85.375, 6.104076921239192e-22, nan 
11.875, 85.375, 5.307968374320785e-22, nan 
12.125, 85.375, 4.82794624825344e-22, nan 
12.375, 85.375, 4.611300137475352e-22, nan 
12.625, 85.375, 4.765691317347853e-22, nan 
12.875, 85.375, 5.015257289509807e-22, nan 
13.125, 85.375, 5.163681885738204e-22, nan 
13.375, 85.375, 5.456872481282563e-22, nan 
13.625, 85.375, 5.922918801535068e-22, nan 
13.875, 85.375, 5.991357047911099e-22, nan 
14.125, 85.375, 5.517700471376936e-22, nan 
14.375, 85.375, 6.140072420563704e-22, nan 
14.625, 85.375, 6.39657287992008e-22, nan 
14.875, 85.375, 6.178894845399214e-22, nan 
15.125, 85.375, 6.248744148145942e-22, nan 
15.375, 85.375, 5.877496903689983e-22, nan 
15.625, 85.375, 5.70243194769821e-22, nan 
15.875, 85.375, 6.061815413950719e-22, nan 
16.125, 85.375, 6.313838019645322e-22, nan 
16.375, 85.375, 6.336099618459052e-22, nan 
16.625, 85.375, 6.476486919553485e-22, nan 
16.875, 85.375, 6.925232693831267e-22, nan 
17.125, 85.375, 7.179961942667038e-22, nan 
17.375, 85.375, 6.985114338235637e-22, nan 
17.625, 85.375, 7.131935748022711e-22, nan 
17.875, 85.375, 7.230576605584973e-22, nan 
18.125, 85.375, 7.346009784332452e-22, nan 
18.375, 85.375, 7.4501926742868625e-22, nan 
18.625, 85.375, 7.493493089530449e-22, nan 
18.875, 85.375, 7.446428159122627e-22, nan 
19.125, 85.375, 7.493708938413685e-22, nan 
19.375, 85.375, 7.504057433331688e-22, nan 
19.625, 85.375, 8.040364239214006e-22, nan 
19.875, 85.375, 8.502660067560366e-22, nan 
20.125, 85.375, 9.212257409901638e-22, nan 
20.375, 85.375, 9.397563184167349e-22, nan 
20.625, 85.375, 1.0181546062220703e-21, nan 
20.875, 85.375, 1.052951719329653e-21, nan 
21.125, 85.375, 1.0780706339855987e-21, nan 
21.375, 85.375, 1.2041863568660085e-21, nan 
21.625, 85.375, 1.3377513208974302e-21, nan 
21.875, 85.375, 1.2853817859115694e-21, nan 
22.125, 85.375, 1.0080983379519125e-21, nan 
22.375, 85.375, 8.827727791342304e-22, nan 
22.625, 85.375, 8.165283623754454e-22, nan 
22.875, 85.375, 7.608686956367714e-22, nan 
23.125, 85.375, 7.802927791855056e-22, nan 
23.375, 85.375, 7.955100141653431e-22, nan 
23.625, 85.375, 7.985565163594485e-22, nan 
23.875, 85.375, 8.662276535558807e-22, nan 
24.125, 85.375, 9.36263842463588e-22, nan 
24.375, 85.375, 9.54747233961481e-22, nan 
24.625, 85.375, 9.787439099398097e-22, nan 
24.875, 85.375, 9.893772979471797e-22, nan 
25.125, 85.375, 9.591979058370858e-22, nan 
25.375, 85.375, 8.627451755057483e-22, nan 
25.625, 85.375, 7.99265822431699e-22, nan 
25.875, 85.375, 7.847523868061955e-22, nan 
26.125, 85.375, 7.908064965629302e-22, nan 
26.375, 85.375, 7.824123135261193e-22, nan 
26.625, 85.375, 7.691264235662966e-22, nan 
26.875, 85.375, 7.061623083974988e-22, nan 
27.125, 85.375, 6.467484450031559e-22, nan 
27.375, 85.375, 6.095368398316846e-22, nan 
27.625, 85.375, 5.261222772175837e-22, nan 
27.875, 85.375, 4.885559952288383e-22, nan 
28.125, 85.375, 4.4345048068725095e-22, nan 
28.375, 85.375, 4.250622520900746e-22, nan 
28.625, 85.375, 3.9542779134526853e-22, nan 
28.875, 85.375, 3.679634904796421e-22, nan 
29.125, 85.375, 3.4621712124705025e-22, nan 
29.375, 85.375, 3.23769152275868e-22, nan 
29.625, 85.375, 3.053981236032814e-22, nan 
29.875, 85.375, 2.8639861643062337e-22, nan 
30.125, 85.375, 2.6488465604618483e-22, nan 
30.375, 85.375, 2.4390836034849994e-22, nan 
30.625, 85.375, 2.373587457432142e-22, nan 
30.875, 85.375, 2.1472860469117145e-22, nan 
31.125, 85.375, 1.9798528655318852e-22, nan 
31.375, 85.375, 1.9262418500018043e-22, nan 
31.625, 85.375, 1.7302178006449664e-22, nan 
31.875, 85.375, 1.6611277886379034e-22, nan 
32.125, 85.375, 1.538134493422499e-22, nan 
32.375, 85.375, 1.3936533419726936e-22, nan 
32.625, 85.375, 1.3538856919840548e-22, nan 
32.875, 85.375, 1.3087371828912714e-22, nan 
33.125, 85.375, 1.2537742808746647e-22, nan 
33.375, 85.375, 1.2449932967070984e-22, nan 
33.625, 85.375, 1.2119190641472526e-22, nan 
33.875, 85.375, 1.1591824952782547e-22, nan 
34.125, 85.375, 1.1760427409594058e-22, nan 
34.375, 85.375, 1.183977520428587e-22, nan 
34.625, 85.375, 1.1817923737416692e-22, nan 
34.875, 85.375, 1.1942093313504693e-22, nan 
35.125, 85.375, 1.2302541824698656e-22, nan 
35.375, 85.375, 1.2353735555546986e-22, nan 
35.625, 85.375, 1.260336402308206e-22, nan 
35.875, 85.375, 1.2710612392667615e-22, nan 
36.125, 85.375, 1.3339982667848024e-22, nan 
36.375, 85.375, 1.376694850629387e-22, nan 
36.625, 85.375, 1.4353608923941505e-22, nan 
36.875, 85.375, 1.45249044222378e-22, nan 
37.125, 85.375, 1.5108218140702743e-22, nan 
37.375, 85.375, 1.566746052133961e-22, nan 
37.625, 85.375, 1.6558465587022641e-22, nan 
37.875, 85.375, 1.7283992879558898e-22, nan 
38.125, 85.375, 1.7431285982287152e-22, nan 
38.375, 85.375, 1.8180884867515768e-22, nan 
38.625, 85.375, 1.816843897629973e-22, nan 
38.875, 85.375, 1.8539192998298835e-22, nan 
39.125, 85.375, 1.8658525305084886e-22, nan 
39.375, 85.375, 1.8601031592539206e-22, nan 
39.625, 85.375, 1.8254516045835897e-22, nan 
39.875, 85.375, 1.7469278978471187e-22, nan 
40.125, 85.375, 1.6396485086339997e-22, nan 
40.375, 85.375, 1.5069675820288892e-22, nan 
40.625, 85.375, 1.3438618967618613e-22, nan 
40.875, 85.375, 1.3227699386044574e-22, nan 
41.125, 85.375, 1.2933109336526874e-22, nan 
41.375, 85.375, 1.2957694350577565e-22, nan 
41.625, 85.375, 1.2601773847313182e-22, nan 
41.875, 85.375, 1.2103680814479886e-22, nan 
42.125, 85.375, 1.3406865056776272e-22, nan 
42.375, 85.375, 1.412931296736147e-22, nan 
42.625, 85.375, 1.5350331060088195e-22, nan 
42.875, 85.375, 1.5272976206097147e-22, nan 
43.125, 85.375, 1.5061522048130295e-22, nan 
43.375, 85.375, 1.5259242130819695e-22, nan 
43.625, 85.375, 1.4913848989206058e-22, nan 
43.875, 85.375, 1.449773767332741e-22, nan 
44.125, 85.375, 1.471912804457774e-22, nan 
44.375, 85.375, 1.3954255540996208e-22, nan 
44.625, 85.375, 1.4687283319325e-22, nan 
44.875, 85.375, 1.5072107930787647e-22, nan 
45.125, 85.375, 1.5471322811568667e-22, nan 
45.375, 85.375, 1.6168701498673461e-22, nan 
45.625, 85.375, 1.6430716857367385e-22, nan 
45.875, 85.375, 1.6842010844930108e-22, nan 
46.125, 85.375, 1.6829629136086012e-22, nan 
46.375, 85.375, 1.6688238587921016e-22, nan 
46.625, 85.375, 1.6568588565974651e-22, nan 
46.875, 85.375, 1.6232950861345702e-22, nan 
47.125, 85.375, 1.575271325060021e-22, nan 
47.375, 85.375, 1.521947312995322e-22, nan 
47.625, 85.375, 1.4514596971061422e-22, nan 
47.875, 85.375, 1.397932302380822e-22, nan 
48.125, 85.375, 1.354622444246462e-22, nan 
48.375, 85.375, 1.297502193977359e-22, nan 
48.625, 85.375, 1.2310907977594838e-22, nan 
48.875, 85.375, 1.1214448116868185e-22, nan 
49.125, 85.375, 1.0596530978877018e-22, nan 
49.375, 85.375, 1.0267256725283322e-22, nan 
49.625, 85.375, 1.0037982095217934e-22, nan 
49.875, 85.375, 9.984740722467778e-23, nan 
50.125, 85.375, 9.93262188607716e-23, nan 
50.375, 85.375, 9.912127983279361e-23, nan 
50.625, 85.375, 8.828619476031494e-23, nan 
50.875, 85.375, 8.071484985828792e-23, nan 
51.125, 85.375, 7.756639147019366e-23, nan 
51.375, 85.375, 7.437175905176561e-23, nan 
51.625, 85.375, 8.397768812584082e-23, nan 
51.875, 85.375, 8.289536277592534e-23, nan 
52.125, 85.375, 8.624154663047428e-23, nan 
52.375, 85.375, 8.738239968839987e-23, nan 
52.625, 85.375, 9.195960414924885e-23, nan 
52.875, 85.375, 9.434454789508669e-23, nan 
53.125, 85.375, 9.147261636863025e-23, nan 
53.375, 85.375, 8.77086524706945e-23, nan 
53.625, 85.375, 9.004384672184114e-23, nan 
53.875, 85.375, 8.18467796097716e-23, nan 
54.125, 85.375, 8.085111082497972e-23, nan 
54.375, 85.375, 8.341012633973443e-23, nan 
54.625, 85.375, 8.742301584384269e-23, nan 
54.875, 85.375, 8.942398284862554e-23, nan 
55.125, 85.375, 8.973250430013728e-23, nan 
55.375, 85.375, 9.06884071931707e-23, nan 
55.625, 85.375, 8.980584926356399e-23, nan 
55.875, 85.375, 9.235675484295045e-23, nan 
56.125, 85.375, 9.191900866083768e-23, nan 
56.375, 85.375, 9.05016968282302e-23, nan 
56.625, 85.375, 8.646460861737055e-23, nan 
56.875, 85.375, 8.738587631815204e-23, nan 
57.125, 85.375, 8.744155924147461e-23, nan 
57.375, 85.375, 8.511986440019423e-23, nan 
57.625, 85.375, 8.355300126920777e-23, nan 
57.875, 85.375, 8.218165356624203e-23, nan 
58.125, 85.375, 8.007259739930406e-23, nan 
58.375, 85.375, 7.820907606909287e-23, nan 
58.625, 85.375, 7.330950276336209e-23, nan 
58.875, 85.375, 7.011818315620393e-23, nan 
59.125, 85.375, 6.670087865645395e-23, nan 
59.375, 85.375, 6.283852282364804e-23, nan 
59.625, 85.375, 6.197408671221186e-23, nan 
59.875, 85.375, 5.798631372636565e-23, nan 
60.125, 85.375, 5.370184537020844e-23, nan 
60.375, 85.375, 5.1809371318756556e-23, nan 
60.625, 85.375, 5.1203407681539355e-23, nan 
60.875, 85.375, 4.961104371118264e-23, nan 
61.125, 85.375, 4.9770509975578843e-23, nan 
61.375, 85.375, 4.924716934306096e-23, nan 
61.625, 85.375, 4.9544123078863356e-23, nan 
61.875, 85.375, 4.969883486817401e-23, nan 
62.125, 85.375, 5.1023934442362935e-23, nan 
62.375, 85.375, 5.050411283811462e-23, nan 
62.625, 85.375, 5.1718436174562707e-23, nan 
62.875, 85.375, 5.312647978603579e-23, nan 
63.125, 85.375, 5.35298023850608e-23, nan 
63.375, 85.375, 5.406443586584074e-23, nan 
63.625, 85.375, 5.425865928428683e-23, nan 
63.875, 85.375, 5.382814889279901e-23, nan 
64.125, 85.375, 5.307991494447818e-23, nan 
64.375, 85.375, 5.348235676119255e-23, nan 
64.625, 85.375, 5.287370344223447e-23, nan 
64.875, 85.375, 5.40714891449315e-23, nan 
65.125, 85.375, 5.420183710214531e-23, nan 
65.375, 85.375, 5.374371767002632e-23, nan 
65.625, 85.375, 5.318494598718288e-23, nan 
65.875, 85.375, 5.244708032769572e-23, nan 
66.125, 85.375, 5.2159307995447125e-23, nan 
66.375, 85.375, 5.2134504160301877e-23, nan 
66.625, 85.375, 5.204752502199858e-23, nan 
66.875, 85.375, 5.242174187130108e-23, nan 
67.125, 85.375, 5.528966214157985e-23, nan 
67.375, 85.375, 5.800750524973583e-23, nan 
67.625, 85.375, 6.180173023382908e-23, nan 
67.875, 85.375, 6.384504979155722e-23, nan 
68.125, 85.375, 6.384558332560662e-23, nan 
68.375, 85.375, 6.023925537034879e-23, nan 
68.625, 85.375, 5.788896816245085e-23, nan 
68.875, 85.375, 5.85947155519832e-23, nan 
69.125, 85.375, 5.896110200288226e-23, nan 
69.375, 85.375, 5.735205761147594e-23, nan 
69.625, 85.375, 5.623370904539309e-23, nan 
69.875, 85.375, 5.507928307507822e-23, nan 
70.125, 85.375, 5.395126254637051e-23, nan 
70.375, 85.375, 5.608852021262341e-23, nan 
70.625, 85.375, 5.525555432023571e-23, nan 
70.875, 85.375, 5.154565077033035e-23, nan 
71.125, 85.375, 4.731605991242189e-23, nan 
71.375, 85.375, 4.2740514309085086e-23, nan 
71.625, 85.375, 3.920305414522243e-23, nan 
71.875, 85.375, 3.5939539281541183e-23, nan 
72.125, 85.375, 3.6287556266857665e-23, nan 
72.375, 85.375, 3.66079714677043e-23, nan 
72.625, 85.375, 3.810711332031312e-23, nan 
72.875, 85.375, 3.92082367529317e-23, nan 
73.125, 85.375, 3.713709665091033e-23, nan 
73.375, 85.375, 3.471384236852256e-23, nan 
73.625, 85.375, 2.85138725158175e-23, nan 
73.875, 85.375, 2.74411067728254e-23, nan 
74.125, 85.375, 2.964049871490992e-23, nan 
74.375, 85.375, 3.0457821245315195e-23, nan 
74.625, 85.375, 4.701034001379563e-23, nan 
74.875, 85.375, 5.1632671594558035e-23, nan 
75.125, 85.375, 4.838702579328208e-23, nan 
75.375, 85.375, 5.0304718248916637e-23, nan 
75.625, 85.375, 4.742843144342518e-23, nan 
75.875, 85.375, 4.713221428947325e-23, nan 
76.125, 85.375, 4.597771904499219e-23, nan 
76.375, 85.375, 5.633417109445163e-23, nan 
76.625, 85.375, 5.153331838557541e-23, nan 
76.875, 85.375, 7.675253482392231e-23, nan 
77.125, 85.375, 7.569303604655356e-23, nan 
77.375, 85.375, 7.690858048545534e-23, nan 
77.625, 85.375, 7.558212024059831e-23, nan 
77.875, 85.375, 6.920488698140753e-23, nan 
78.125, 85.375, 6.823599778135584e-23, nan 
78.375, 85.375, 5.847594745996925e-23, nan 
78.625, 85.375, 5.0327863082779626e-23, nan 
78.875, 85.375, 4.403052660266055e-23, nan 
79.125, 85.375, 3.4629965306056344e-23, nan 
79.375, 85.375, 3.31459426061875e-23, nan 
79.625, 85.375, 3.2795199291562283e-23, nan 
79.875, 85.375, 2.6503843941303766e-23, nan 
80.125, 85.375, 2.8585075795463766e-23, nan 
80.375, 85.375, 2.5441109224765937e-23, nan 
80.625, 85.375, 1.9761842105737367e-23, nan 
80.875, 85.375, 1.3041041859490978e-23, nan 
81.125, 85.375, 9.63021571446157e-24, nan 
81.375, 85.375, 2.1908460302839714e-23, nan 
81.625, 85.375, 2.9913104632973756e-23, nan 
81.875, 85.375, 3.8470964302220213e-23, nan 
82.125, 85.375, 4.957256704252133e-23, nan 
82.375, 85.375, 5.800559464551136e-23, nan 
82.625, 85.375, 6.27725955252348e-23, nan 
82.875, 85.375, 6.595812683994177e-23, nan 
83.125, 85.375, 5.914001847118677e-23, nan 
83.375, 85.375, 5.3385833357041e-23, nan 
83.625, 85.375, 4.597109286079956e-23, nan 
83.875, 85.375, 3.9262506041220855e-23, nan 
84.125, 85.375, 3.413838796658723e-23, nan 
84.375, 85.375, 3.204930035337482e-23, nan 
84.625, 85.375, 3.030121087083697e-23, nan 
84.875, 85.375, 3.6441457407105786e-23, nan 
85.125, 85.375, 4.6116795764607223e-23, nan 
85.375, 85.375, 6.371337106484e-23, nan 
85.625, 85.375, 8.471790635455701e-23, nan 
85.875, 85.375, 8.986324271168833e-23, nan 
86.125, 85.375, 9.64780387105673e-23, nan 
86.375, 85.375, 9.269693988203505e-23, nan 
86.625, 85.375, 8.62958563469553e-23, nan 
86.875, 85.375, 7.948648993262474e-23, nan 
87.125, 85.375, 7.289933246103037e-23, nan 
87.375, 85.375, 6.39447191070877e-23, nan 
87.625, 85.375, 5.880835348812302e-23, nan 
87.875, 85.375, 5.162389063076551e-23, nan 
88.125, 85.375, 4.5698576995840745e-23, nan 
88.375, 85.375, 3.872218461376481e-23, nan 
88.625, 85.375, 3.4996170031401054e-23, nan 
88.875, 85.375, 3.43396212918265e-23, nan 
89.125, 85.375, 3.3444961767985757e-23, nan 
89.375, 85.375, 3.516516262765856e-23, nan 
89.625, 85.375, 3.432189194598369e-23, nan 
89.875, 85.375, 3.3098939102250946e-23, nan 
90.125, 85.375, 3.198714944336243e-23, nan 
90.375, 85.375, 3.0614524275717435e-23, nan 
90.625, 85.375, 2.9222324540836546e-23, nan 
90.875, 85.375, 3.100990214150597e-23, nan 
91.125, 85.375, 3.1689873346844987e-23, nan 
91.375, 85.375, 3.100740161593154e-23, nan 
91.625, 85.375, 3.373425682639552e-23, nan 
91.875, 85.375, 3.580423654294444e-23, nan 
92.125, 85.375, 3.525851734905422e-23, nan 
92.375, 85.375, 3.592450200533884e-23, nan 
92.625, 85.375, 3.529553199663629e-23, nan 
92.875, 85.375, 3.480108258825093e-23, nan 
93.125, 85.375, 3.390277071733501e-23, nan 
93.375, 85.375, 3.171944001816282e-23, nan 
93.625, 85.375, 3.0416437720311973e-23, nan 
93.875, 85.375, 3.1288149293663774e-23, nan 
94.125, 85.375, 3.14967748254687e-23, nan 
94.375, 85.375, 3.018035322708475e-23, nan 
94.625, 85.375, 2.843166361552042e-23, nan 
94.875, 85.375, 2.681158133333791e-23, nan 
95.125, 85.375, 2.6318939514118623e-23, nan 
95.375, 85.375, 2.466631652778252e-23, nan 
95.625, 85.375, 2.3199649850140857e-23, nan 
95.875, 85.375, 2.1643557294030175e-23, nan 
96.125, 85.375, 2.0317747559601192e-23, nan 
96.375, 85.375, 1.8292781312809786e-23, nan 
96.625, 85.375, 1.8637180957344784e-23, nan 
96.875, 85.375, 1.9207670441702393e-23, nan 
97.125, 85.375, 1.924878665945621e-23, nan 
97.375, 85.375, 2.0052593332512583e-23, nan 
97.625, 85.375, 2.0977683565796875e-23, nan 
97.875, 85.375, 2.2558975402077926e-23, nan 
98.125, 85.375, 2.3165279860115287e-23, nan 
98.375, 85.375, 2.316502844670774e-23, nan 
98.625, 85.375, 2.315143084471937e-23, nan 
98.875, 85.375, 2.2382286730919375e-23, nan 
99.125, 85.375, 2.3149843631290543e-23, nan 
99.375, 85.375, 2.395313173882203e-23, nan 
99.625, 85.375, 2.648296004000198e-23, nan 
99.875, 85.375, 2.6284078792759005e-23, nan 
100.125, 85.375, 2.751422049766549e-23, nan 
100.375, 85.375, 2.7430759131881606e-23, nan 
100.625, 85.375, 2.7403009921119063e-23, nan 
100.875, 85.375, 2.772944247953961e-23, nan 
101.125, 85.375, 2.678027476678898e-23, nan 
101.375, 85.375, 2.680121147312614e-23, nan 
101.625, 85.375, 2.6081059486802152e-23, nan 
101.875, 85.375, 2.739054772313477e-23, nan 
102.125, 85.375, 3.1068495455367245e-23, nan 
102.375, 85.375, 3.2187125743142376e-23, nan 
102.625, 85.375, 3.235990575809448e-23, nan 
102.875, 85.375, 3.2081230455730577e-23, nan 
103.125, 85.375, 3.247107584744992e-23, nan 
103.375, 85.375, 3.501180757862164e-23, nan 
103.625, 85.375, 3.544805841722606e-23, nan 
103.875, 85.375, 3.5296612116036175e-23, nan 
104.125, 85.375, 3.622440388088783e-23, nan 
104.375, 85.375, 3.7069403967954214e-23, nan 
104.625, 85.375, 3.6756860637702605e-23, nan 
104.875, 85.375, 3.3878304763438003e-23, nan 
105.125, 85.375, 2.86058486676613e-23, nan 
105.375, 85.375, 2.227304882317112e-23, nan 
105.625, 85.375, 2.0066352256001892e-23, nan 
105.875, 85.375, 2.034537322634364e-23, nan 
106.125, 85.375, 2.0954817267812558e-23, nan 
106.375, 85.375, 2.084041442535655e-23, nan 
106.625, 85.375, 2.4848802631445127e-23, nan 
106.875, 85.375, 2.606327715691413e-23, nan 
107.125, 85.375, 2.658253460991364e-23, nan 
107.375, 85.375, 2.7395126078977694e-23, nan 
107.625, 85.375, 2.744144303592382e-23, nan 
107.875, 85.375, 2.839019553337648e-23, nan 
108.125, 85.375, 2.973027514273207e-23, nan 
108.375, 85.375, 3.2290012935860835e-23, nan 
108.625, 85.375, 3.3988405198052056e-23, nan 
108.875, 85.375, 3.480555898518581e-23, nan 
109.125, 85.375, 4.0316137122760345e-23, nan 
109.375, 85.375, 5.08640379668596e-23, nan 
109.625, 85.375, 6.555210288178188e-23, nan 
109.875, 85.375, 7.779537002557911e-23, nan 
110.125, 85.375, 9.180742062287022e-23, nan 
110.375, 85.375, 9.826607578870951e-23, nan 
110.625, 85.375, 1.0622654211485786e-22, nan 
110.875, 85.375, 1.1329387609897846e-22, nan 
111.125, 85.375, 1.0435163589102346e-22, nan 
111.375, 85.375, 8.466188585061191e-23, nan 
111.625, 85.375, 7.60734939442697e-23, nan 
111.875, 85.375, 5.974153016550477e-23, nan 
112.125, 85.375, 5.1743564905836416e-23, nan 
112.375, 85.375, 4.566837656873258e-23, nan 
112.625, 85.375, 5.3621668246126e-23, nan 
112.875, 85.375, 7.100568995369166e-23, nan 
113.125, 85.375, 9.151383929054354e-23, nan 
113.375, 85.375, 1.132076967217536e-22, nan 
113.625, 85.375, 1.2827547541328015e-22, nan 
113.875, 85.375, 1.4814332998012171e-22, nan 
114.125, 85.375, 1.6382832600150258e-22, nan 
114.375, 85.375, 1.525659133562389e-22, nan 
114.625, 85.375, 1.2522215108236797e-22, nan 
114.875, 85.375, 1.170057169996489e-22, nan 
115.125, 85.375, 1.0070082153520907e-22, nan 
115.375, 85.375, 9.469484117405855e-23, nan 
115.625, 85.375, 9.461407917081524e-23, nan 
115.875, 85.375, 9.204166259767878e-23, nan 
116.125, 85.375, 9.425451899286175e-23, nan 
116.375, 85.375, 9.613425964200377e-23, nan 
116.625, 85.375, 1.0205899373054372e-22, nan 
116.875, 85.375, 1.1258919087012509e-22, nan 
117.125, 85.375, 1.2772531794064115e-22, nan 
117.375, 85.375, 1.3976966560400512e-22, nan 
117.625, 85.375, 1.4061513639757032e-22, nan 
117.875, 85.375, 1.3454667191300365e-22, nan 
118.125, 85.375, 1.3331232565244557e-22, nan 
118.375, 85.375, 1.3036836483283843e-22, nan 
118.625, 85.375, 1.287188513405815e-22, nan 
118.875, 85.375, 1.2914445387468773e-22, nan 
119.125, 85.375, 1.2848492625768281e-22, nan 
119.375, 85.375, 1.3195640922664008e-22, nan 
119.625, 85.375, 1.3545718212615432e-22, nan 
119.875, 85.375, 1.3039868452840576e-22, nan 
120.125, 85.375, 1.2717499462218628e-22, nan 
120.375, 85.375, 1.3115411453793137e-22, nan 
120.625, 85.375, 1.3319537525193436e-22, nan 
120.875, 85.375, 1.569743505560972e-22, nan 
121.125, 85.375, 1.6804983113390163e-22, nan 
121.375, 85.375, 1.7077812089328596e-22, nan 
121.625, 85.375, 1.7251661877122139e-22, nan 
121.875, 85.375, 1.7068901190008494e-22, nan 
122.125, 85.375, 1.6001036406547782e-22, nan 
122.375, 85.375, 1.466684822589589e-22, nan 
122.625, 85.375, 1.3340142084213016e-22, nan 
122.875, 85.375, 1.1585037492387718e-22, nan 
123.125, 85.375, 1.0450036991239568e-22, nan 
123.375, 85.375, 9.923219467622078e-23, nan 
123.625, 85.375, 1.0840451806190335e-22, nan 
123.875, 85.375, 1.0746998347441456e-22, nan 
124.125, 85.375, 1.2355365616969243e-22, nan 
124.375, 85.375, 1.445198196319554e-22, nan 
124.625, 85.375, 1.517388937551925e-22, nan 
124.875, 85.375, 1.5732586928513167e-22, nan 
125.125, 85.375, 1.5658804512754208e-22, nan 
125.375, 85.375, 1.5134219373269098e-22, nan 
125.625, 85.375, 1.447399349965646e-22, nan 
125.875, 85.375, 1.4245577087367832e-22, nan 
126.125, 85.375, 1.3659097817974397e-22, nan 
126.375, 85.375, 1.2278985293166308e-22, nan 
126.625, 85.375, 1.166389089981544e-22, nan 
126.875, 85.375, 1.0527395155101945e-22, nan 
127.125, 85.375, 9.672379619938378e-23, nan 
127.375, 85.375, 8.944419829472166e-23, nan 
127.625, 85.375, 8.559917362309645e-23, nan 
127.875, 85.375, 7.980632215400443e-23, nan 
128.125, 85.375, 7.455854801642928e-23, nan 
128.375, 85.375, 7.427540433130159e-23, nan 
128.625, 85.375, 7.993336070524943e-23, nan 
128.875, 85.375, 8.191171504068643e-23, nan 
129.125, 85.375, 9.390602228431858e-23, nan 
129.375, 85.375, 1.0036928641707186e-22, nan 
129.625, 85.375, 1.1059338967031176e-22, nan 
129.875, 85.375, 1.17157121033949e-22, nan 
130.125, 85.375, 1.271216923289918e-22, nan 
130.375, 85.375, 1.3525799792721651e-22, nan 
130.625, 85.375, 1.3932711504532282e-22, nan 
130.875, 85.375, 1.2608708740325009e-22, nan 
131.125, 85.375, 1.0127586184394439e-22, nan 
131.375, 85.375, 8.88135447263374e-23, nan 
131.625, 85.375, 7.680143176955717e-23, nan 
131.875, 85.375, 6.703211810568779e-23, nan 
132.125, 85.375, 8.292141454925836e-23, nan 
132.375, 85.375, 9.448246774761266e-23, nan 
132.625, 85.375, 1.0033695823307998e-22, nan 
132.875, 85.375, 1.0556262385135297e-22, nan 
133.125, 85.375, 1.0957236419738463e-22, nan 
133.375, 85.375, 1.1318275734859217e-22, nan 
133.625, 85.375, 1.1784841573289857e-22, nan 
133.875, 85.375, 1.2118264030741391e-22, nan 
134.125, 85.375, 1.2550133824374273e-22, nan 
134.375, 85.375, 1.2566314156674814e-22, nan 
134.625, 85.375, 1.241377861813556e-22, nan 
134.875, 85.375, 1.3167074106421472e-22, nan 
135.125, 85.375, 1.3306017779818377e-22, nan 
135.375, 85.375, 1.2636968999722362e-22, nan 
135.625, 85.375, 1.2163897522849512e-22, nan 
135.875, 85.375, 1.1722301926821918e-22, nan 
136.125, 85.375, 1.16756903975799e-22, nan 
136.375, 85.375, 1.1072673940450335e-22, nan 
136.625, 85.375, 1.0628229840814837e-22, nan 
136.875, 85.375, 1.0233500344676284e-22, nan 
137.125, 85.375, 9.725788020691112e-23, nan 
137.375, 85.375, 8.818218048664941e-23, nan 
137.625, 85.375, 8.633150933614209e-23, nan 
137.875, 85.375, 8.6014724431339e-23, nan 
138.125, 85.375, 9.711205938409109e-23, nan 
138.375, 85.375, 1.1115628748292652e-22, nan 
138.625, 85.375, 1.169204651534615e-22, nan 
138.875, 85.375, 1.2400997235388857e-22, nan 
139.125, 85.375, 1.2233082701115028e-22, nan 
139.375, 85.375, 1.2276413575487261e-22, nan 
139.625, 85.375, 1.1949290428779286e-22, nan 
139.875, 85.375, 1.186266397485851e-22, nan 
140.125, 85.375, 1.1644970218332322e-22, nan 
140.375, 85.375, 1.1493932560792448e-22, nan 
140.625, 85.375, 1.1266886886855684e-22, nan 
140.875, 85.375, 1.0993997366544823e-22, nan 
141.125, 85.375, 1.087106485020241e-22, nan 
141.375, 85.375, 1.1212501062062437e-22, nan 
141.625, 85.375, 1.1834835520853145e-22, nan 
141.875, 85.375, 1.1635035287648989e-22, nan 
142.125, 85.375, 1.0541646410354569e-22, nan 
142.375, 85.375, 9.492413673722318e-23, nan 
142.625, 85.375, 8.288922614330772e-23, nan 
142.875, 85.375, 7.558347200891297e-23, nan 
143.125, 85.375, 6.501497748592918e-23, nan 
143.375, 85.375, 6.124464188532629e-23, nan 
143.625, 85.375, 6.343831183813116e-23, nan 
143.875, 85.375, 6.711801872286101e-23, nan 
144.125, 85.375, 8.548423727874823e-23, nan 
144.375, 85.375, 1.1101382977284061e-22, nan 
144.625, 85.375, 1.2915483132604617e-22, nan 
144.875, 85.375, 1.4447394748538233e-22, nan 
145.125, 85.375, 1.4896922103528137e-22, nan 
145.375, 85.375, 1.4791140908223695e-22, nan 
145.625, 85.375, 1.5062376111014738e-22, nan 
145.875, 85.375, 1.5189350124776725e-22, nan 
146.125, 85.375, 1.5336349506853976e-22, nan 
146.375, 85.375, 1.5674505409783073e-22, nan 
146.625, 85.375, 1.5824770604660166e-22, nan 
146.875, 85.375, 1.585544538775585e-22, nan 
147.125, 85.375, 1.472923999207133e-22, nan 
147.375, 85.375, 1.4401680332066452e-22, nan 
147.625, 85.375, 1.3945800295896878e-22, nan 
147.875, 85.375, 1.2346118930831467e-22, nan 
148.125, 85.375, 1.1684930884779488e-22, nan 
148.375, 85.375, 1.2345308008711492e-22, nan 
148.625, 85.375, 1.0749999993191453e-22, nan 
148.875, 85.375, 9.977649607477919e-23, nan 
149.125, 85.375, 1.0743233253954968e-22, nan 
149.375, 85.375, 9.406979744571847e-23, nan 
149.625, 85.375, 1.0724868479786752e-22, nan 
149.875, 85.375, 9.880551976971772e-23, nan 
150.125, 85.375, 1.1384534384789107e-22, nan 
150.375, 85.375, 1.17033211154403e-22, nan 
150.625, 85.375, 1.1328438692642974e-22, nan 
150.875, 85.375, 9.746651193121366e-23, nan 
151.125, 85.375, 8.510925763854351e-23, nan 
151.375, 85.375, 7.408114540668984e-23, nan 
151.625, 85.375, 6.71624841611316e-23, nan 
151.875, 85.375, 5.594986927161206e-23, nan 
152.125, 85.375, 5.239086846838402e-23, nan 
152.375, 85.375, 5.972480035406893e-23, nan 
152.625, 85.375, 7.239131862979799e-23, nan 
152.875, 85.375, 1.0381209872176817e-22, nan 
153.125, 85.375, 1.2504637517267203e-22, nan 
153.375, 85.375, 1.3887350607434824e-22, nan 
153.625, 85.375, 1.449026336247288e-22, nan 
153.875, 85.375, 1.482298686342659e-22, nan 
154.125, 85.375, 1.4080800942017503e-22, nan 
154.375, 85.375, 1.371809562843316e-22, nan 
154.625, 85.375, 1.3361825409219987e-22, nan 
154.875, 85.375, 1.4087845905787292e-22, nan 
155.125, 85.375, 1.4056453266918386e-22, nan 
155.375, 85.375, 1.407760127122955e-22, nan 
155.625, 85.375, 1.425857181891406e-22, nan 
155.875, 85.375, 1.4382065418928273e-22, nan 
156.125, 85.375, 1.4554234233838631e-22, nan 
156.375, 85.375, 1.5678288988208053e-22, nan 
156.625, 85.375, 1.5949237839881564e-22, nan 
156.875, 85.375, 1.5731840545009368e-22, nan 
157.125, 85.375, 1.4890946531783257e-22, nan 
157.375, 85.375, 1.494910261924157e-22, nan 
157.625, 85.375, 1.373220013915687e-22, nan 
157.875, 85.375, 1.355777916834844e-22, nan 
158.125, 85.375, 1.471745590455639e-22, nan 
158.375, 85.375, 1.6596385130531256e-22, nan 
158.625, 85.375, 1.8136754779041223e-22, nan 
158.875, 85.375, 1.81675993585975e-22, nan 
159.125, 85.375, 1.97342585700237e-22, nan 
159.375, 85.375, 2.0744743313006799e-22, nan 
159.625, 85.375, 2.1048637698762153e-22, nan 
159.875, 85.375, 2.211011967868291e-22, nan 
160.125, 85.375, 2.27651379628945e-22, nan 
160.375, 85.375, 2.1026393133882334e-22, nan 
160.625, 85.375, 2.0650463940774346e-22, nan 
160.875, 85.375, 1.9061885864950014e-22, nan 
161.125, 85.375, 1.8593406022885024e-22, nan 
161.375, 85.375, 1.7973383757721603e-22, nan 
161.625, 85.375, 1.7553115908694401e-22, nan 
161.875, 85.375, 1.720017088942598e-22, nan 
162.125, 85.375, 1.722948271150345e-22, nan 
162.375, 85.375, 1.7151572334575228e-22, nan 
162.625, 85.375, 1.6680832885140144e-22, nan 
162.875, 85.375, 1.6529120288009354e-22, nan 
163.125, 85.375, 1.6619357248754833e-22, nan 
163.375, 85.375, 1.659158185599337e-22, nan 
163.625, 85.375, 1.65278518750887e-22, nan 
163.875, 85.375, 1.6119551247977067e-22, nan 
164.125, 85.375, 1.7303996495800594e-22, nan 
164.375, 85.375, 1.6629027421439895e-22, nan 
164.625, 85.375, 1.5878899664022894e-22, nan 
164.875, 85.375, 1.6338211858140536e-22, nan 
165.125, 85.375, 1.7452513061415709e-22, nan 
165.375, 85.375, 1.7807580631131957e-22, nan 
165.625, 85.375, 1.7438716179310556e-22, nan 
165.875, 85.375, 1.7085679856961607e-22, nan 
166.125, 85.375, 1.6779110309829067e-22, nan 
166.375, 85.375, 1.689785269930135e-22, nan 
166.625, 85.375, 1.6758131785064776e-22, nan 
166.875, 85.375, 1.6258222327687756e-22, nan 
167.125, 85.375, 1.5228983151972793e-22, nan 
167.375, 85.375, 1.2830647040743227e-22, nan 
167.625, 85.375, 1.293892664478692e-22, nan 
167.875, 85.375, 1.3623426187716425e-22, nan 
168.125, 85.375, 1.2827828420607818e-22, nan 
168.375, 85.375, 1.1465523387164997e-22, nan 
168.625, 85.375, 1.1548018461687515e-22, nan 
168.875, 85.375, 1.136729185117733e-22, nan 
169.125, 85.375, 1.1240160219780971e-22, nan 
169.375, 85.375, 1.074603418777641e-22, nan 
169.625, 85.375, 1.0460714728445144e-22, nan 
169.875, 85.375, 1.0531011506007514e-22, nan 
170.125, 85.375, 1.1241490273912514e-22, nan 
170.375, 85.375, 1.2153945763432447e-22, nan 
170.625, 85.375, 1.2048465031004404e-22, nan 
170.875, 85.375, 1.5273985985535308e-22, nan 
171.125, 85.375, 1.795875597372492e-22, nan 
171.375, 85.375, 1.8534754100923147e-22, nan 
171.625, 85.375, 1.7660368868464987e-22, nan 
171.875, 85.375, 1.8295596897182795e-22, nan 
172.125, 85.375, 1.987468333438854e-22, nan 
172.375, 85.375, 2.0345740047449424e-22, nan 
172.625, 85.375, 1.660544275671308e-22, nan 
172.875, 85.375, 1.399181775575709e-22, nan 
173.125, 85.375, 1.2511994918128788e-22, nan 
173.375, 85.375, 1.2345141337746341e-22, nan 
173.625, 85.375, 1.3725377127535274e-22, nan 
173.875, 85.375, 1.6704627160447803e-22, nan 
174.125, 85.375, 2.0274670902690998e-22, nan 
174.375, 85.375, 2.2379384315726304e-22, nan 
174.625, 85.375, 2.323990189508243e-22, nan 
174.875, 85.375, 2.3260036833031936e-22, nan 
175.125, 85.375, 2.3203427641440576e-22, nan 
175.375, 85.375, 2.2496143543282694e-22, nan 
175.625, 85.375, 1.9366482301321311e-22, nan 
175.875, 85.375, 1.1053280022567577e-22, nan 
176.125, 85.375, 7.729854771899505e-23, nan 
176.375, 85.375, 6.774326389264623e-23, nan 
176.625, 85.375, 5.897286909550965e-23, nan 
176.875, 85.375, 7.908904268380608e-23, nan 
177.125, 85.375, 8.902001088593418e-23, nan 
177.375, 85.375, 1.0085320300704948e-22, nan 
177.625, 85.375, 1.0867076054465768e-22, nan 
177.875, 85.375, 1.1386296396867914e-22, nan 
178.125, 85.375, 1.1638749185751335e-22, nan 
178.375, 85.375, 1.189178631634749e-22, nan 
178.625, 85.375, 1.2038190034551093e-22, nan 
178.875, 85.375, 1.1260576533709745e-22, nan 
179.125, 85.375, 9.253244339891978e-23, nan 
179.375, 85.375, 9.673231828576419e-23, nan 
179.625, 85.375, 1.1646289738219734e-22, nan 
179.875, 85.375, 1.2688463127724859e-22, nan 
-179.875, 85.625, 3.9701926157468463e-22, nan 
-179.625, 85.625, 3.991410361239111e-22, nan 
-179.375, 85.625, 3.845132391605686e-22, nan 
-179.125, 85.625, 3.380242610497274e-22, nan 
-178.875, 85.625, 2.3720654130437815e-22, nan 
-178.625, 85.625, 2.2342852064557365e-22, nan 
-178.375, 85.625, 2.0725508722850592e-22, nan 
-178.125, 85.625, 1.9720311834669307e-22, nan 
-177.875, 85.625, 2.131392240230455e-22, nan 
-177.625, 85.625, 2.496271115460072e-22, nan 
-177.375, 85.625, 2.9931821426994533e-22, nan 
-177.125, 85.625, 3.3915581638440667e-22, nan 
-176.875, 85.625, 3.5029313117078462e-22, nan 
-176.625, 85.625, 3.494722232524796e-22, nan 
-176.375, 85.625, 3.538400728125299e-22, nan 
-176.125, 85.625, 3.5139796741378924e-22, nan 
-175.875, 85.625, 3.3820839619052156e-22, nan 
-175.625, 85.625, 2.899841497986737e-22, nan 
-175.375, 85.625, 2.9942962475034103e-22, nan 
-175.125, 85.625, 2.8624599169721245e-22, nan 
-174.875, 85.625, 2.778368305385917e-22, nan 
-174.625, 85.625, 2.6224240348326316e-22, nan 
-174.375, 85.625, 1.9969335278690742e-22, nan 
-174.125, 85.625, 1.4419033665041193e-22, nan 
-173.875, 85.625, 1.414157947701772e-22, nan 
-173.625, 85.625, 1.3739509700250156e-22, nan 
-173.375, 85.625, 1.1792715088734212e-22, nan 
-173.125, 85.625, 1.0651796579154206e-22, nan 
-172.875, 85.625, 8.593799196373363e-23, nan 
-172.625, 85.625, 6.160837137618892e-23, nan 
-172.375, 85.625, 4.0111939942963485e-23, nan 
-172.125, 85.625, 2.6896241093112186e-23, nan 
-171.875, 85.625, 2.269002911730973e-23, nan 
-171.625, 85.625, 2.3208409978511368e-23, nan 
-171.375, 85.625, 2.2211521369660265e-23, nan 
-171.125, 85.625, 2.266660886209918e-23, nan 
-170.875, 85.625, 2.6064604747387154e-23, nan 
-170.625, 85.625, 2.8494808998979684e-23, nan 
-170.375, 85.625, 2.9265793710213514e-23, nan 
-170.125, 85.625, 2.752294211585486e-23, nan 
-169.875, 85.625, 2.8177676749648466e-23, nan 
-169.625, 85.625, 3.4883461830028666e-23, nan 
-169.375, 85.625, 3.610201367718146e-23, nan 
-169.125, 85.625, 3.6611005233385885e-23, nan 
-168.875, 85.625, 3.9727457940581276e-23, nan 
-168.625, 85.625, 4.1455764026427054e-23, nan 
-168.375, 85.625, 3.8482394244242045e-23, nan 
-168.125, 85.625, 3.7348642815220005e-23, nan 
-167.875, 85.625, 3.902931099317946e-23, nan 
-167.625, 85.625, 4.2970427147451904e-23, nan 
-167.375, 85.625, 4.9592325570329107e-23, nan 
-167.125, 85.625, 5.555601301924406e-23, nan 
-166.875, 85.625, 6.207118858177767e-23, nan 
-166.625, 85.625, 6.505516100388103e-23, nan 
-166.375, 85.625, 7.393659997602879e-23, nan 
-166.125, 85.625, 7.374247313475782e-23, nan 
-165.875, 85.625, 6.842786386605612e-23, nan 
-165.625, 85.625, 6.737188100855938e-23, nan 
-165.375, 85.625, 6.386969458554512e-23, nan 
-165.125, 85.625, 6.380801876048005e-23, nan 
-164.875, 85.625, 6.143311142211768e-23, nan 
-164.625, 85.625, 5.40435461886429e-23, nan 
-164.375, 85.625, 5.43230332591294e-23, nan 
-164.125, 85.625, 6.184783354703211e-23, nan 
-163.875, 85.625, 6.496059188323581e-23, nan 
-163.625, 85.625, 6.917698020982654e-23, nan 
-163.375, 85.625, 7.790673655007918e-23, nan 
-163.125, 85.625, 1.1357442483469023e-22, nan 
-162.875, 85.625, 1.3267874707992848e-22, nan 
-162.625, 85.625, 1.3442590552822393e-22, nan 
-162.375, 85.625, 1.3682155406943644e-22, nan 
-162.125, 85.625, 1.4052572183790268e-22, nan 
-161.875, 85.625, 1.5832588072009437e-22, nan 
-161.625, 85.625, 1.6114869682874458e-22, nan 
-161.375, 85.625, 1.640966013884734e-22, nan 
-161.125, 85.625, 1.7226773940711997e-22, nan 
-160.875, 85.625, 1.7562584965545608e-22, nan 
-160.625, 85.625, 1.6706302278276353e-22, nan 
-160.375, 85.625, 1.6187383355229265e-22, nan 
-160.125, 85.625, 1.6279255840967825e-22, nan 
-159.875, 85.625, 1.672904752759169e-22, nan 
-159.625, 85.625, 1.6647628761564323e-22, nan 
-159.375, 85.625, 1.4998890082132057e-22, nan 
-159.125, 85.625, 1.2837423220368665e-22, nan 
-158.875, 85.625, 1.204793406434754e-22, nan 
-158.625, 85.625, 1.4220163941209561e-22, nan 
-158.375, 85.625, 1.53833658608426e-22, nan 
-158.125, 85.625, 1.6298621806857813e-22, nan 
-157.875, 85.625, 1.6999104653887705e-22, nan 
-157.625, 85.625, 1.7275818535347663e-22, nan 
-157.375, 85.625, 1.6702341285612482e-22, nan 
-157.125, 85.625, 1.5325447557770357e-22, nan 
-156.875, 85.625, 1.6198801773273963e-22, nan 
-156.625, 85.625, 1.779589193792426e-22, nan 
-156.375, 85.625, 1.8231548259489634e-22, nan 
-156.125, 85.625, 1.8295436500546775e-22, nan 
-155.875, 85.625, 1.827670312903791e-22, nan 
-155.625, 85.625, 1.7115203001177825e-22, nan 
-155.375, 85.625, 1.6589427930501713e-22, nan 
-155.125, 85.625, 1.6214670429799823e-22, nan 
-154.875, 85.625, 1.6104857439659363e-22, nan 
-154.625, 85.625, 1.5480527734614184e-22, nan 
-154.375, 85.625, 1.5217138603786284e-22, nan 
-154.125, 85.625, 1.500218225907244e-22, nan 
-153.875, 85.625, 1.494009087024245e-22, nan 
-153.625, 85.625, 1.361712662187463e-22, nan 
-153.375, 85.625, 1.3068117962426039e-22, nan 
-153.125, 85.625, 9.111807899232799e-23, nan 
-152.875, 85.625, 6.875361421662063e-23, nan 
-152.625, 85.625, 4.1612192712327024e-23, nan 
-152.375, 85.625, 3.940440099220204e-23, nan 
-152.125, 85.625, 3.872126062872303e-23, nan 
-151.875, 85.625, 3.676345194401857e-23, nan 
-151.625, 85.625, 3.425596864057715e-23, nan 
-151.375, 85.625, 3.4758823536048414e-23, nan 
-151.125, 85.625, 3.7151424742125374e-23, nan 
-150.875, 85.625, 3.764787762619015e-23, nan 
-150.625, 85.625, 3.9564051487484894e-23, nan 
-150.375, 85.625, 4.5136032522775146e-23, nan 
-150.125, 85.625, 2.6001482318981075e-23, nan 
-149.875, 85.625, 1.2504099701289513e-23, nan 
-149.625, 85.625, 1.0651918443477333e-23, nan 
-149.375, 85.625, 1.0352212627365403e-23, nan 
-149.125, 85.625, 9.232389425759422e-24, nan 
-148.875, 85.625, 9.551029964733897e-24, nan 
-148.625, 85.625, 8.920091340788673e-24, nan 
-148.375, 85.625, 7.178326917891695e-24, nan 
-148.125, 85.625, 6.3368065539258354e-24, nan 
-147.875, 85.625, 5.0761563211252024e-24, nan 
-147.625, 85.625, 4.6084450298590545e-24, nan 
-147.375, 85.625, 8.200938058771878e-24, nan 
-147.125, 85.625, 2.7131027154042856e-23, nan 
-146.875, 85.625, 4.067239022295995e-23, nan 
-146.625, 85.625, 4.808940602124296e-23, nan 
-146.375, 85.625, 5.0728882372750203e-23, nan 
-146.125, 85.625, 5.429859415453434e-23, nan 
-145.875, 85.625, 5.641364188937012e-23, nan 
-145.625, 85.625, 5.592119043799441e-23, nan 
-145.375, 85.625, 5.812290394477546e-23, nan 
-145.125, 85.625, 5.634128936786893e-23, nan 
-144.875, 85.625, 5.2904095048149283e-23, nan 
-144.625, 85.625, 4.9448804847745e-23, nan 
-144.375, 85.625, 4.966006320277624e-23, nan 
-144.125, 85.625, 5.0260947716674064e-23, nan 
-143.875, 85.625, 5.2554194348887027e-23, nan 
-143.625, 85.625, 5.274950923973295e-23, nan 
-143.375, 85.625, 5.087752489330664e-23, nan 
-143.125, 85.625, 3.89617983284673e-23, nan 
-142.875, 85.625, 3.9081018910971403e-23, nan 
-142.625, 85.625, 4.4583301745515113e-23, nan 
-142.375, 85.625, 4.6330489807050895e-23, nan 
-142.125, 85.625, 5.521476652859587e-23, nan 
-141.875, 85.625, 6.002133529591057e-23, nan 
-141.625, 85.625, 5.916276605655801e-23, nan 
-141.375, 85.625, 5.682607109320613e-23, nan 
-141.125, 85.625, 5.539620375922056e-23, nan 
-140.875, 85.625, 5.323257255442307e-23, nan 
-140.625, 85.625, 5.215491212877104e-23, nan 
-140.375, 85.625, 5.015161073725462e-23, nan 
-140.125, 85.625, 4.805113331319988e-23, nan 
-139.875, 85.625, 4.2019746021143205e-23, nan 
-139.625, 85.625, 3.793056409290901e-23, nan 
-139.375, 85.625, 4.123233445134291e-23, nan 
-139.125, 85.625, 4.809771943995598e-23, nan 
-138.875, 85.625, 6.332864063775446e-23, nan 
-138.625, 85.625, 8.781146547698184e-23, nan 
-138.375, 85.625, 1.0767758929071203e-22, nan 
-138.125, 85.625, 1.2792749906939972e-22, nan 
-137.875, 85.625, 1.5094390866593614e-22, nan 
-137.625, 85.625, 1.7078882285264946e-22, nan 
-137.375, 85.625, 1.9234086184302926e-22, nan 
-137.125, 85.625, 2.0008924361581393e-22, nan 
-136.875, 85.625, 1.5542795758936283e-22, nan 
-136.625, 85.625, 1.0620883889201867e-22, nan 
-136.375, 85.625, 8.680889217320466e-23, nan 
-136.125, 85.625, 7.058631742898859e-23, nan 
-135.875, 85.625, 5.575898831795067e-23, nan 
-135.625, 85.625, 5.2822240222373313e-23, nan 
-135.375, 85.625, 5.554172246152638e-23, nan 
-135.125, 85.625, 5.567723284235827e-23, nan 
-134.875, 85.625, 5.594747902055023e-23, nan 
-134.625, 85.625, 5.784602008534721e-23, nan 
-134.375, 85.625, 5.432557028555287e-23, nan 
-134.125, 85.625, 5.2134083037850424e-23, nan 
-133.875, 85.625, 5.510699039403209e-23, nan 
-133.625, 85.625, 6.730830967788915e-23, nan 
-133.375, 85.625, 8.029749039467841e-23, nan 
-133.125, 85.625, 8.255117420183208e-23, nan 
-132.875, 85.625, 8.561901531480707e-23, nan 
-132.625, 85.625, 8.984436093854247e-23, nan 
-132.375, 85.625, 8.866692211727335e-23, nan 
-132.125, 85.625, 8.544058312366338e-23, nan 
-131.875, 85.625, 8.432393210308173e-23, nan 
-131.625, 85.625, 8.269194874723609e-23, nan 
-131.375, 85.625, 8.184810089711211e-23, nan 
-131.125, 85.625, 7.51160157909762e-23, nan 
-130.875, 85.625, 6.899394414373685e-23, nan 
-130.625, 85.625, 7.468451591103728e-23, nan 
-130.375, 85.625, 8.422891708239219e-23, nan 
-130.125, 85.625, 8.465965848833401e-23, nan 
-129.875, 85.625, 7.975251775068252e-23, nan 
-129.625, 85.625, 7.636718925903726e-23, nan 
-129.375, 85.625, 8.385687650504857e-23, nan 
-129.125, 85.625, 9.378590426053576e-23, nan 
-128.875, 85.625, 1.068813948173892e-22, nan 
-128.625, 85.625, 1.292801446045477e-22, nan 
-128.375, 85.625, 1.471308160870122e-22, nan 
-128.125, 85.625, 1.3765549735574853e-22, nan 
-127.875, 85.625, 1.2391168434197031e-22, nan 
-127.625, 85.625, 9.746954942210793e-23, nan 
-127.375, 85.625, 8.274297809741387e-23, nan 
-127.125, 85.625, 9.172428072751554e-23, nan 
-126.875, 85.625, 9.351244607325762e-23, nan 
-126.625, 85.625, 8.942675389244889e-23, nan 
-126.375, 85.625, 8.615348857762177e-23, nan 
-126.125, 85.625, 1.0922640506112974e-22, nan 
-125.875, 85.625, 1.161221388803355e-22, nan 
-125.625, 85.625, 1.2913375848738471e-22, nan 
-125.375, 85.625, 1.258255143833188e-22, nan 
-125.125, 85.625, 1.3286298583666476e-22, nan 
-124.875, 85.625, 1.5114126834057497e-22, nan 
-124.625, 85.625, 1.801833957864382e-22, nan 
-124.375, 85.625, 2.0503393116306198e-22, nan 
-124.125, 85.625, 2.1711090627945365e-22, nan 
-123.875, 85.625, 2.305914514219182e-22, nan 
-123.625, 85.625, 2.310219101516293e-22, nan 
-123.375, 85.625, 2.2994614403464273e-22, nan 
-123.125, 85.625, 2.2422192127629535e-22, nan 
-122.875, 85.625, 2.150725069056384e-22, nan 
-122.625, 85.625, 2.206012917576035e-22, nan 
-122.375, 85.625, 2.365759683956252e-22, nan 
-122.125, 85.625, 2.494408489135376e-22, nan 
-121.875, 85.625, 2.5843619258739395e-22, nan 
-121.625, 85.625, 2.6984440777023026e-22, nan 
-121.375, 85.625, 2.855933056269114e-22, nan 
-121.125, 85.625, 2.842879962464651e-22, nan 
-120.875, 85.625, 2.4506985062400236e-22, nan 
-120.625, 85.625, 2.006515688278636e-22, nan 
-120.375, 85.625, 1.8104216374848952e-22, nan 
-120.125, 85.625, 1.7072127354908465e-22, nan 
-119.875, 85.625, 1.61971474567489e-22, nan 
-119.625, 85.625, 1.3239094707137967e-22, nan 
-119.375, 85.625, 1.1181985595534166e-22, nan 
-119.125, 85.625, 9.012892735507739e-23, nan 
-118.875, 85.625, 7.230329465960534e-23, nan 
-118.625, 85.625, 6.464400313063146e-23, nan 
-118.375, 85.625, 6.15695417218372e-23, nan 
-118.125, 85.625, 5.992863608958281e-23, nan 
-117.875, 85.625, 6.726731533786155e-23, nan 
-117.625, 85.625, 7.606894448036681e-23, nan 
-117.375, 85.625, 8.303060505587281e-23, nan 
-117.125, 85.625, 8.851395113971032e-23, nan 
-116.875, 85.625, 8.936562477999919e-23, nan 
-116.625, 85.625, 8.695026628725333e-23, nan 
-116.375, 85.625, 8.725619361382914e-23, nan 
-116.125, 85.625, 8.517761944973994e-23, nan 
-115.875, 85.625, 8.470978754062997e-23, nan 
-115.625, 85.625, 9.055381336568105e-23, nan 
-115.375, 85.625, 9.661178515518526e-23, nan 
-115.125, 85.625, 1.0172605948860239e-22, nan 
-114.875, 85.625, 1.0908378163837845e-22, nan 
-114.625, 85.625, 1.2195906603890487e-22, nan 
-114.375, 85.625, 1.4322464514804464e-22, nan 
-114.125, 85.625, 1.6084048750799068e-22, nan 
-113.875, 85.625, 1.518092994484836e-22, nan 
-113.625, 85.625, 1.4231039248950883e-22, nan 
-113.375, 85.625, 1.328155081312372e-22, nan 
-113.125, 85.625, 1.1775185649661214e-22, nan 
-112.875, 85.625, 9.958659166833444e-23, nan 
-112.625, 85.625, 7.783090840716157e-23, nan 
-112.375, 85.625, 6.71181526390659e-23, nan 
-112.125, 85.625, 5.757701444687228e-23, nan 
-111.875, 85.625, 5.416415245327115e-23, nan 
-111.625, 85.625, 5.332866644926551e-23, nan 
-111.375, 85.625, 5.410796165508975e-23, nan 
-111.125, 85.625, 6.158788785263056e-23, nan 
-110.875, 85.625, 7.263174037387929e-23, nan 
-110.625, 85.625, 7.799609927369103e-23, nan 
-110.375, 85.625, 7.676509755859711e-23, nan 
-110.125, 85.625, 7.39813126576339e-23, nan 
-109.875, 85.625, 7.110810998683619e-23, nan 
-109.625, 85.625, 6.962002321822194e-23, nan 
-109.375, 85.625, 6.8059600851191e-23, nan 
-109.125, 85.625, 7.66545409588401e-23, nan 
-108.875, 85.625, 8.356904024543482e-23, nan 
-108.625, 85.625, 8.893421034904725e-23, nan 
-108.375, 85.625, 8.939651637687138e-23, nan 
-108.125, 85.625, 7.938625884243764e-23, nan 
-107.875, 85.625, 7.602937228982123e-23, nan 
-107.625, 85.625, 9.048401794461725e-23, nan 
-107.375, 85.625, 1.0189927577794749e-22, nan 
-107.125, 85.625, 1.161322567927258e-22, nan 
-106.875, 85.625, 1.20195852392953e-22, nan 
-106.625, 85.625, 1.2558027992611372e-22, nan 
-106.375, 85.625, 1.294660439703118e-22, nan 
-106.125, 85.625, 1.5806081635293525e-22, nan 
-105.875, 85.625, 1.8549855730205791e-22, nan 
-105.625, 85.625, 1.9777093074403692e-22, nan 
-105.375, 85.625, 2.0022542086972005e-22, nan 
-105.125, 85.625, 2.0536991428561522e-22, nan 
-104.875, 85.625, 1.9789048393947827e-22, nan 
-104.625, 85.625, 1.8681854005896502e-22, nan 
-104.375, 85.625, 2.0385387461950467e-22, nan 
-104.125, 85.625, 2.2487968419582027e-22, nan 
-103.875, 85.625, 2.5371859510180517e-22, nan 
-103.625, 85.625, 2.619249488045154e-22, nan 
-103.375, 85.625, 2.6099088509046457e-22, nan 
-103.125, 85.625, 2.459243085334576e-22, nan 
-102.875, 85.625, 2.31347699378506e-22, nan 
-102.625, 85.625, 2.1750907901315397e-22, nan 
-102.375, 85.625, 2.1249960198719126e-22, nan 
-102.125, 85.625, 2.0698670711120433e-22, nan 
-101.875, 85.625, 2.0940703725676784e-22, nan 
-101.625, 85.625, 2.0475312289198762e-22, nan 
-101.375, 85.625, 1.9935267554763685e-22, nan 
-101.125, 85.625, 1.9372058309617617e-22, nan 
-100.875, 85.625, 1.9190423073153127e-22, nan 
-100.625, 85.625, 1.8211115957970205e-22, nan 
-100.375, 85.625, 1.5827900446125414e-22, nan 
-100.125, 85.625, 1.5342310066270334e-22, nan 
-99.875, 85.625, 1.3913134660574965e-22, nan 
-99.625, 85.625, 1.2131906884431996e-22, nan 
-99.375, 85.625, 1.1989476608592424e-22, nan 
-99.125, 85.625, 1.3401824495740734e-22, nan 
-98.875, 85.625, 1.654800281608346e-22, nan 
-98.625, 85.625, 1.9850504255860205e-22, nan 
-98.375, 85.625, 2.051245620381567e-22, nan 
-98.125, 85.625, 1.8973355724801586e-22, nan 
-97.875, 85.625, 1.5643771055028312e-22, nan 
-97.625, 85.625, 9.35973486118646e-23, nan 
-97.375, 85.625, 1.0169577951523023e-22, nan 
-97.125, 85.625, 1.413932816902598e-22, nan 
-96.875, 85.625, 1.583112719704781e-22, nan 
-96.625, 85.625, 1.819652837240892e-22, nan 
-96.375, 85.625, 2.1167508926815309e-22, nan 
-96.125, 85.625, 2.6540947892048366e-22, nan 
-95.875, 85.625, 2.951644063086612e-22, nan 
-95.625, 85.625, 3.2142581296151514e-22, nan 
-95.375, 85.625, 3.2934779135000087e-22, nan 
-95.125, 85.625, 3.463610184388643e-22, nan 
-94.875, 85.625, 3.493153186875817e-22, nan 
-94.625, 85.625, 3.5047564603859685e-22, nan 
-94.375, 85.625, 3.425789401362134e-22, nan 
-94.125, 85.625, 3.2901746112888677e-22, nan 
-93.875, 85.625, 3.5045749381500353e-22, nan 
-93.625, 85.625, 3.432476365143013e-22, nan 
-93.375, 85.625, 3.510395153208262e-22, nan 
-93.125, 85.625, 3.2183276074395714e-22, nan 
-92.875, 85.625, 3.173600956835865e-22, nan 
-92.625, 85.625, 3.456138611713574e-22, nan 
-92.375, 85.625, 3.905965952224368e-22, nan 
-92.125, 85.625, 4.225272667686873e-22, nan 
-91.875, 85.625, 4.313895743011995e-22, nan 
-91.625, 85.625, 3.8541003444166696e-22, nan 
-91.375, 85.625, 3.1996379432848475e-22, nan 
-91.125, 85.625, 2.967099177928583e-22, nan 
-90.875, 85.625, 3.0846353206850192e-22, nan 
-90.625, 85.625, 3.298754359330575e-22, nan 
-90.375, 85.625, 3.2224047804787885e-22, nan 
-90.125, 85.625, 3.1079767952209623e-22, nan 
-89.875, 85.625, 2.975326450779836e-22, nan 
-89.625, 85.625, 2.941884604285901e-22, nan 
-89.375, 85.625, 2.967164856809573e-22, nan 
-89.125, 85.625, 3.118174611785877e-22, nan 
-88.875, 85.625, 3.2724921424668043e-22, nan 
-88.625, 85.625, 3.3334451192025426e-22, nan 
-88.375, 85.625, 3.0431724081771117e-22, nan 
-88.125, 85.625, 2.719195459620877e-22, nan 
-87.875, 85.625, 2.68420071238161e-22, nan 
-87.625, 85.625, 2.4479993992886216e-22, nan 
-87.375, 85.625, 2.2646879995949377e-22, nan 
-87.125, 85.625, 2.0434440842369626e-22, nan 
-86.875, 85.625, 1.9394252425625325e-22, nan 
-86.625, 85.625, 1.864040573414745e-22, nan 
-86.375, 85.625, 1.6548160499670211e-22, nan 
-86.125, 85.625, 1.5749180371505658e-22, nan 
-85.875, 85.625, 1.6094743009989809e-22, nan 
-85.625, 85.625, 1.6142096544186746e-22, nan 
-85.375, 85.625, 1.6169547182812127e-22, nan 
-85.125, 85.625, 1.568366305554508e-22, nan 
-84.875, 85.625, 1.5850798414807088e-22, nan 
-84.625, 85.625, 1.7814845133076055e-22, nan 
-84.375, 85.625, 2.0454049367838596e-22, nan 
-84.125, 85.625, 2.2130718115878414e-22, nan 
-83.875, 85.625, 2.3300676377553897e-22, nan 
-83.625, 85.625, 2.637736260342349e-22, nan 
-83.375, 85.625, 2.832323682215274e-22, nan 
-83.125, 85.625, 2.891471712146669e-22, nan 
-82.875, 85.625, 3.1069773139389538e-22, nan 
-82.625, 85.625, 3.3899866386091e-22, nan 
-82.375, 85.625, 3.6560924976422216e-22, nan 
-82.125, 85.625, 3.915206468010765e-22, nan 
-81.875, 85.625, 3.9194214788740255e-22, nan 
-81.625, 85.625, 4.0120135490959604e-22, nan 
-81.375, 85.625, 4.0794040501663184e-22, nan 
-81.125, 85.625, 4.240915749853249e-22, nan 
-80.875, 85.625, 4.348629973498036e-22, nan 
-80.625, 85.625, 4.267342143862404e-22, nan 
-80.375, 85.625, 4.1858671228024407e-22, nan 
-80.125, 85.625, 4.292415214094489e-22, nan 
-79.875, 85.625, 4.691446761435177e-22, nan 
-79.625, 85.625, 5.0871160183775475e-22, nan 
-79.375, 85.625, 5.356820308757084e-22, nan 
-79.125, 85.625, 5.528383998427756e-22, nan 
-78.875, 85.625, 5.573778217618281e-22, nan 
-78.625, 85.625, 5.1525329795031e-22, nan 
-78.375, 85.625, 5.2474388197362105e-22, nan 
-78.125, 85.625, 4.86672504365698e-22, nan 
-77.875, 85.625, 4.507559552503896e-22, nan 
-77.625, 85.625, 4.692096556146654e-22, nan 
-77.375, 85.625, 4.474967485400779e-22, nan 
-77.125, 85.625, 3.419461101608661e-22, nan 
-76.875, 85.625, 2.686354348148498e-22, nan 
-76.625, 85.625, 2.426768802306528e-22, nan 
-76.375, 85.625, 2.425905413191335e-22, nan 
-76.125, 85.625, 2.179816728937847e-22, nan 
-75.875, 85.625, 1.81417684854273e-22, nan 
-75.625, 85.625, 1.9395001768840674e-22, nan 
-75.375, 85.625, 1.6557196652856667e-22, nan 
-75.125, 85.625, 1.69420459363839e-22, nan 
-74.875, 85.625, 1.48878500090069e-22, nan 
-74.625, 85.625, 1.2794181387692119e-22, nan 
-74.375, 85.625, 1.4400959343366717e-22, nan 
-74.125, 85.625, 1.479229732571218e-22, nan 
-73.875, 85.625, 1.2504286300643024e-22, nan 
-73.625, 85.625, 1.2211177610618535e-22, nan 
-73.375, 85.625, 1.8437887753908752e-22, nan 
-73.125, 85.625, 2.4897142946640965e-22, nan 
-72.875, 85.625, 2.99366567105118e-22, nan 
-72.625, 85.625, 3.2057311094744234e-22, nan 
-72.375, 85.625, 3.5157016940651865e-22, nan 
-72.125, 85.625, 3.7052998750087514e-22, nan 
-71.875, 85.625, 3.8592857372982365e-22, nan 
-71.625, 85.625, 6.117543891644128e-22, nan 
-71.375, 85.625, 1.1911212338390915e-21, nan 
-71.125, 85.625, 1.4470822593781123e-21, nan 
-70.875, 85.625, 1.5440661381386977e-21, nan 
-70.625, 85.625, 1.4560962385637206e-21, nan 
-70.375, 85.625, 1.5055811260605775e-21, nan 
-70.125, 85.625, 1.5735006619833184e-21, nan 
-69.875, 85.625, 1.6807153807543593e-21, nan 
-69.625, 85.625, 1.6257450524803761e-21, nan 
-69.375, 85.625, 1.6254894562023504e-21, nan 
-69.125, 85.625, 1.7967671214357116e-21, nan 
-68.875, 85.625, 1.9145348483458703e-21, nan 
-68.625, 85.625, 2.009401727818722e-21, nan 
-68.375, 85.625, 1.950609951253716e-21, nan 
-68.125, 85.625, 1.923780939835251e-21, nan 
-67.875, 85.625, 1.826349198941472e-21, nan 
-67.625, 85.625, 1.854466464318709e-21, nan 
-67.375, 85.625, 1.7628697556732328e-21, nan 
-67.125, 85.625, 1.6674352554418695e-21, nan 
-66.875, 85.625, 1.5223135424032966e-21, nan 
-66.625, 85.625, 1.4798424826003638e-21, nan 
-66.375, 85.625, 1.5070739803390915e-21, nan 
-66.125, 85.625, 1.5482307490443835e-21, nan 
-65.875, 85.625, 1.8423356835170918e-21, nan 
-65.625, 85.625, 1.9809568672130333e-21, nan 
-65.375, 85.625, 2.1343595603996016e-21, nan 
-65.125, 85.625, 2.2301410278317193e-21, nan 
-64.875, 85.625, 2.3922736472794962e-21, nan 
-64.625, 85.625, 2.3282571852924362e-21, nan 
-64.375, 85.625, 2.3723680379839895e-21, nan 
-64.125, 85.625, 2.350067049723368e-21, nan 
-63.875, 85.625, 2.2600712663166496e-21, nan 
-63.625, 85.625, 2.079378779764127e-21, nan 
-63.375, 85.625, 1.887449260817737e-21, nan 
-63.125, 85.625, 1.705695256673052e-21, nan 
-62.875, 85.625, 1.5634071609537071e-21, nan 
-62.625, 85.625, 1.3440031031617852e-21, nan 
-62.375, 85.625, 1.258364496075973e-21, nan 
-62.125, 85.625, 1.2476572437298169e-21, nan 
-61.875, 85.625, 1.218160680253143e-21, nan 
-61.625, 85.625, 9.917785172376563e-22, nan 
-61.375, 85.625, 9.48174362416944e-22, nan 
-61.125, 85.625, 9.250233688541355e-22, nan 
-60.875, 85.625, 8.552713001364322e-22, nan 
-60.625, 85.625, 7.918998574080194e-22, nan 
-60.375, 85.625, 6.7492314642777215e-22, nan 
-60.125, 85.625, 6.417522835928991e-22, nan 
-59.875, 85.625, 6.214431217529522e-22, nan 
-59.625, 85.625, 6.676713856831017e-22, nan 
-59.375, 85.625, 6.963650737712414e-22, nan 
-59.125, 85.625, 7.348228801410625e-22, nan 
-58.875, 85.625, 7.586671702560651e-22, nan 
-58.625, 85.625, 7.607472518784199e-22, nan 
-58.375, 85.625, 6.993393690312802e-22, nan 
-58.125, 85.625, 6.590255280817666e-22, nan 
-57.875, 85.625, 8.656169660440346e-22, nan 
-57.625, 85.625, 1.2879844612021665e-21, nan 
-57.375, 85.625, 1.5822017616961455e-21, nan 
-57.125, 85.625, 1.763051827731593e-21, nan 
-56.875, 85.625, 1.8309488500281637e-21, nan 
-56.625, 85.625, 1.9302213013008236e-21, nan 
-56.375, 85.625, 1.898812815532912e-21, nan 
-56.125, 85.625, 1.0490863595409285e-21, nan 
-55.875, 85.625, 1.903624477741094e-21, nan 
-55.625, 85.625, 2.030610968724614e-21, nan 
-55.375, 85.625, 2.21245233529679e-21, nan 
-55.125, 85.625, 2.3458417252207238e-21, nan 
-54.875, 85.625, 2.4370107970035314e-21, nan 
-54.625, 85.625, 2.8358883971557217e-21, nan 
-54.375, 85.625, 3.742531632686436e-21, nan 
-54.125, 85.625, 4.5769470085734845e-21, nan 
-53.875, 85.625, 5.252813944732337e-21, nan 
-53.625, 85.625, 5.419468205028144e-21, nan 
-53.375, 85.625, 5.714120209328707e-21, nan 
-53.125, 85.625, 5.531409072355013e-21, nan 
-52.875, 85.625, 3.080089359862081e-21, nan 
-52.625, 85.625, 4.116144956051163e-21, nan 
-52.375, 85.625, 4.365156742594637e-21, nan 
-52.125, 85.625, 4.6734051607490234e-21, nan 
-51.875, 85.625, 4.906298147257633e-21, nan 
-51.625, 85.625, 5.009917405545615e-21, nan 
-51.375, 85.625, 5.138992197073225e-21, nan 
-51.125, 85.625, 5.5474609596110665e-21, nan 
-50.875, 85.625, 6.1958597744201786e-21, nan 
-50.625, 85.625, 6.674838259145826e-21, nan 
-50.375, 85.625, 6.198182698835966e-21, nan 
-50.125, 85.625, 6.0451614247146035e-21, nan 
-49.875, 85.625, 5.6527736597838426e-21, nan 
-49.625, 85.625, 4.261816649281048e-21, nan 
-49.375, 85.625, 3.3560868541033784e-21, nan 
-49.125, 85.625, 3.125353394184513e-21, nan 
-48.875, 85.625, 2.8596940260370617e-21, nan 
-48.625, 85.625, 2.736135724855512e-21, nan 
-48.375, 85.625, 2.345127249150345e-21, nan 
-48.125, 85.625, 2.1073722154403004e-21, nan 
-47.875, 85.625, 1.6196537461501458e-21, nan 
-47.625, 85.625, 1.8001510408096794e-21, nan 
-47.375, 85.625, 2.1142615452001006e-21, nan 
-47.125, 85.625, 1.863324398911441e-21, nan 
-46.875, 85.625, 1.823143389839189e-21, nan 
-46.625, 85.625, 1.5175222493477326e-21, nan 
-46.375, 85.625, 1.92665198018919e-21, nan 
-46.125, 85.625, 1.8439483435889094e-21, nan 
-45.875, 85.625, 1.852479207654088e-21, nan 
-45.625, 85.625, 1.8196099963479803e-21, nan 
-45.375, 85.625, 2.124151731882466e-21, nan 
-45.125, 85.625, 2.143922929401865e-21, nan 
-44.875, 85.625, 2.0478091309190754e-21, nan 
-44.625, 85.625, 2.253065595063739e-21, nan 
-44.375, 85.625, 2.204146499182091e-21, nan 
-44.125, 85.625, 2.2153708625742375e-21, nan 
-43.875, 85.625, 2.1944107948557686e-21, nan 
-43.625, 85.625, 2.158387175910228e-21, nan 
-43.375, 85.625, 2.1899187005368436e-21, nan 
-43.125, 85.625, 2.228726367969613e-21, nan 
-42.875, 85.625, 2.2299951952695353e-21, nan 
-42.625, 85.625, 2.1944127644408585e-21, nan 
-42.375, 85.625, 2.2344115251035948e-21, nan 
-42.125, 85.625, 2.2535199102078165e-21, nan 
-41.875, 85.625, 2.2170099582727166e-21, nan 
-41.625, 85.625, 2.1902522020714872e-21, nan 
-41.375, 85.625, 2.1992963294098157e-21, nan 
-41.125, 85.625, 2.214703298964777e-21, nan 
-40.875, 85.625, 2.3610579035004357e-21, nan 
-40.625, 85.625, 2.4673353372364342e-21, nan 
-40.375, 85.625, 2.5549152551643648e-21, nan 
-40.125, 85.625, 2.6381183971214577e-21, nan 
-39.875, 85.625, 2.6431722559543294e-21, nan 
-39.625, 85.625, 2.6639193176763904e-21, nan 
-39.375, 85.625, 2.866515668650273e-21, nan 
-39.125, 85.625, 2.6979591970715934e-21, nan 
-38.875, 85.625, 2.4659221558325918e-21, nan 
-38.625, 85.625, 2.4048751657810207e-21, nan 
-38.375, 85.625, 2.425559373672212e-21, nan 
-38.125, 85.625, 2.4240629728264093e-21, nan 
-37.875, 85.625, 2.4276375609759966e-21, nan 
-37.625, 85.625, 2.479940796501263e-21, nan 
-37.375, 85.625, 2.6487783541220713e-21, nan 
-37.125, 85.625, 2.9732466106221514e-21, nan 
-36.875, 85.625, 2.9378664491553896e-21, nan 
-36.625, 85.625, 3.075878587058982e-21, nan 
-36.375, 85.625, 3.3111936897475203e-21, nan 
-36.125, 85.625, 3.510850537157334e-21, nan 
-35.875, 85.625, 3.414504232849431e-21, nan 
-35.625, 85.625, 3.3514689144401408e-21, nan 
-35.375, 85.625, 3.1213268242518015e-21, nan 
-35.125, 85.625, 3.1749502100120184e-21, nan 
-34.875, 85.625, 3.1070602036535178e-21, nan 
-34.625, 85.625, 3.017960077586762e-21, nan 
-34.375, 85.625, 2.956625995058531e-21, nan 
-34.125, 85.625, 2.921879015495122e-21, nan 
-33.875, 85.625, 2.9857720474011997e-21, nan 
-33.625, 85.625, 3.080281859721067e-21, nan 
-33.375, 85.625, 3.164441436199978e-21, nan 
-33.125, 85.625, 3.329139387258261e-21, nan 
-32.875, 85.625, 3.559287296984712e-21, nan 
-32.625, 85.625, 3.9578045042694496e-21, nan 
-32.375, 85.625, 3.8208282278177885e-21, nan 
-32.125, 85.625, 3.629940700919982e-21, nan 
-31.875, 85.625, 3.689234090240749e-21, nan 
-31.625, 85.625, 3.5706290519024305e-21, nan 
-31.375, 85.625, 3.492377658463407e-21, nan 
-31.125, 85.625, 3.425505910130207e-21, nan 
-30.875, 85.625, 3.552442278327525e-21, nan 
-30.625, 85.625, 3.500167659383971e-21, nan 
-30.375, 85.625, 3.6711208946772686e-21, nan 
-30.125, 85.625, 3.661864970943742e-21, nan 
-29.875, 85.625, 4.241348869493958e-21, nan 
-29.625, 85.625, 5.135147773797144e-21, nan 
-29.375, 85.625, 5.059121006240735e-21, nan 
-29.125, 85.625, 5.122063132011271e-21, nan 
-28.875, 85.625, 5.1088546443082715e-21, nan 
-28.625, 85.625, 4.874444040725166e-21, nan 
-28.375, 85.625, 4.806082014045781e-21, nan 
-28.125, 85.625, 4.708826408480981e-21, nan 
-27.875, 85.625, 4.60359105583732e-21, nan 
-27.625, 85.625, 4.84039419892143e-21, nan 
-27.375, 85.625, 4.707235002034724e-21, nan 
-27.125, 85.625, 4.387931744927243e-21, nan 
-26.875, 85.625, 4.474979119202116e-21, nan 
-26.625, 85.625, 5.678025754095821e-21, nan 
-26.375, 85.625, 8.197263216361134e-21, nan 
-26.125, 85.625, 8.396085191667385e-21, nan 
-25.875, 85.625, 8.98852353351463e-21, nan 
-25.625, 85.625, 9.67972876113838e-21, nan 
-25.375, 85.625, 9.77153814378134e-21, nan 
-25.125, 85.625, 9.656442910448625e-21, nan 
-24.875, 85.625, 9.535266968089216e-21, nan 
-24.625, 85.625, 9.514593597754996e-21, nan 
-24.375, 85.625, 1.023953807211172e-20, nan 
-24.125, 85.625, 1.0197892995556101e-20, nan 
-23.875, 85.625, 9.542773082525402e-21, nan 
-23.625, 85.625, 9.328187720513653e-21, nan 
-23.375, 85.625, 8.909273230711243e-21, nan 
-23.125, 85.625, 8.108318209913737e-21, nan 
-22.875, 85.625, 7.336390711487488e-21, nan 
-22.625, 85.625, 7.358468833681529e-21, nan 
-22.375, 85.625, 7.119017401940272e-21, nan 
-22.125, 85.625, 7.033773560042135e-21, nan 
-21.875, 85.625, 7.399519889161505e-21, nan 
-21.625, 85.625, 7.947894557792915e-21, nan 
-21.375, 85.625, 8.260481206445815e-21, nan 
-21.125, 85.625, 8.779947670869815e-21, nan 
-20.875, 85.625, 8.814579087683042e-21, nan 
-20.625, 85.625, 8.531300128826123e-21, nan 
-20.375, 85.625, 8.756167613111538e-21, nan 
-20.125, 85.625, 8.64250431465447e-21, nan 
-19.875, 85.625, 8.174414139795821e-21, nan 
-19.625, 85.625, 8.07603751749945e-21, nan 
-19.375, 85.625, 8.551520247534207e-21, nan 
-19.125, 85.625, 8.258517640113982e-21, nan 
-18.875, 85.625, 8.496870739603721e-21, nan 
-18.625, 85.625, 8.903772854413867e-21, nan 
-18.375, 85.625, 8.29661331628179e-21, nan 
-18.125, 85.625, 8.634978776644543e-21, nan 
-17.875, 85.625, 8.434628212137576e-21, nan 
-17.625, 85.625, 7.453456916436682e-21, nan 
-17.375, 85.625, 6.855838408955748e-21, nan 
-17.125, 85.625, 6.7779685816587e-21, nan 
-16.875, 85.625, 5.753229812695408e-21, nan 
-16.625, 85.625, 5.3144567022293625e-21, nan 
-16.375, 85.625, 5.284900787886001e-21, nan 
-16.125, 85.625, 5.2563276346845554e-21, nan 
-15.875, 85.625, 5.379420456994499e-21, nan 
-15.625, 85.625, 5.502392064717771e-21, nan 
-15.375, 85.625, 5.626203777958234e-21, nan 
-15.125, 85.625, 5.93287374643303e-21, nan 
-14.875, 85.625, 5.683743839703397e-21, nan 
-14.625, 85.625, 5.544694348968184e-21, nan 
-14.375, 85.625, 4.8667584429712745e-21, nan 
-14.125, 85.625, 3.974221460062266e-21, nan 
-13.875, 85.625, 3.0765420015331714e-21, nan 
-13.625, 85.625, 2.8857358626793574e-21, nan 
-13.375, 85.625, 2.7810753513515413e-21, nan 
-13.125, 85.625, 3.1434419782534564e-21, nan 
-12.875, 85.625, 2.8111356120548086e-21, nan 
-12.625, 85.625, 2.4509598066558252e-21, nan 
-12.375, 85.625, 2.026607447197937e-21, nan 
-12.125, 85.625, 1.7047869973644733e-21, nan 
-11.875, 85.625, 1.1058672071781992e-21, nan 
-11.625, 85.625, 8.396119550975821e-22, nan 
-11.375, 85.625, 8.961298143043566e-22, nan 
-11.125, 85.625, 1.3036484424701909e-21, nan 
-10.875, 85.625, 2.2073708457665557e-21, nan 
-10.625, 85.625, 3.510934118960655e-21, nan 
-10.375, 85.625, 4.5533115329352994e-21, nan 
-10.125, 85.625, 5.0984173725868806e-21, nan 
-9.875, 85.625, 6.095714891156884e-21, nan 
-9.625, 85.625, 5.763111077624967e-21, nan 
-9.375, 85.625, 5.371616164013046e-21, nan 
-9.125, 85.625, 4.716162827996076e-21, nan 
-8.875, 85.625, 4.318643669700782e-21, nan 
-8.625, 85.625, 3.219906480629848e-21, nan 
-8.375, 85.625, 2.5012598263165157e-21, nan 
-8.125, 85.625, 1.961391525859152e-21, nan 
-7.875, 85.625, 1.8215173631291208e-21, nan 
-7.625, 85.625, 1.900252475450663e-21, nan 
-7.375, 85.625, 2.5835573041635354e-21, nan 
-7.125, 85.625, 3.090159057619209e-21, nan 
-6.875, 85.625, 3.3704822537190153e-21, nan 
-6.625, 85.625, 3.922267802428879e-21, nan 
-6.375, 85.625, 3.767809650002871e-21, nan 
-6.125, 85.625, 3.8908289444142475e-21, nan 
-5.875, 85.625, 3.869326776299789e-21, nan 
-5.625, 85.625, 3.855143987513552e-21, nan 
-5.375, 85.625, 3.523992158132742e-21, nan 
-5.125, 85.625, 3.401588387436615e-21, nan 
-4.875, 85.625, 3.135913843139719e-21, nan 
-4.625, 85.625, 3.1492953603870795e-21, nan 
-4.375, 85.625, 3.169239086136774e-21, nan 
-4.125, 85.625, 3.1755203916890967e-21, nan 
-3.875, 85.625, 3.3922225848739784e-21, nan 
-3.625, 85.625, 3.458866284179866e-21, nan 
-3.375, 85.625, 3.555835976157144e-21, nan 
-3.125, 85.625, 2.587886101545182e-21, nan 
-2.875, 85.625, 2.591478783045468e-21, nan 
-2.625, 85.625, 2.870878784351227e-21, nan 
-2.375, 85.625, 2.9763736288620272e-21, nan 
-2.125, 85.625, 2.990246769273799e-21, nan 
-1.875, 85.625, 3.2053133449151646e-21, nan 
-1.625, 85.625, 3.231042112241617e-21, nan 
-1.375, 85.625, 3.371305654479457e-21, nan 
-1.125, 85.625, 3.48224255046206e-21, nan 
-0.875, 85.625, 3.7764034182515604e-21, nan 
-0.625, 85.625, 3.900488408666848e-21, nan 
-0.375, 85.625, 3.918908545489859e-21, nan 
-0.125, 85.625, 3.827726093490589e-21, nan 
0.125, 85.625, 3.3813279148454013e-21, nan 
0.375, 85.625, 2.611250938357283e-21, nan 
0.625, 85.625, 2.294096343043259e-21, nan 
0.875, 85.625, 2.157057306937849e-21, nan 
1.125, 85.625, 2.050148769437407e-21, nan 
1.375, 85.625, 1.880386397017066e-21, nan 
1.625, 85.625, 1.855429523307174e-21, nan 
1.875, 85.625, 1.7305532406587515e-21, nan 
2.125, 85.625, 1.6059118801997292e-21, nan 
2.375, 85.625, 1.4205864252038197e-21, nan 
2.625, 85.625, 1.454776334164083e-21, nan 
2.875, 85.625, 1.4226571680737106e-21, nan 
3.125, 85.625, 1.360854901442536e-21, nan 
3.375, 85.625, 1.3392015518542014e-21, nan 
3.625, 85.625, 1.2849336637598764e-21, nan 
3.875, 85.625, 1.1199743175260344e-21, nan 
4.125, 85.625, 9.598424299569014e-22, nan 
4.375, 85.625, 8.602296207004481e-22, nan 
4.625, 85.625, 7.663034488946086e-22, nan 
4.875, 85.625, 6.986201756305806e-22, nan 
5.125, 85.625, 6.568210425978732e-22, nan 
5.375, 85.625, 5.646191507804588e-22, nan 
5.625, 85.625, 4.925260889338429e-22, nan 
5.875, 85.625, 4.0051055945052157e-22, nan 
6.125, 85.625, 3.825339853810569e-22, nan 
6.375, 85.625, 3.280539446109692e-22, nan 
6.625, 85.625, 3.743015196836566e-22, nan 
6.875, 85.625, 4.0688720164908214e-22, nan 
7.125, 85.625, 4.245360543990948e-22, nan 
7.375, 85.625, 4.480141331371978e-22, nan 
7.625, 85.625, 4.721767556172034e-22, nan 
7.875, 85.625, 5.243606328362729e-22, nan 
8.125, 85.625, 5.937830753767859e-22, nan 
8.375, 85.625, 6.094223895564791e-22, nan 
8.625, 85.625, 6.547015595964473e-22, nan 
8.875, 85.625, 7.146601402726736e-22, nan 
9.125, 85.625, 8.145322406741248e-22, nan 
9.375, 85.625, 8.246219894287684e-22, nan 
9.625, 85.625, 8.075688867475631e-22, nan 
9.875, 85.625, 8.058692285187743e-22, nan 
10.125, 85.625, 8.41071807100112e-22, nan 
10.375, 85.625, 9.015515760859245e-22, nan 
10.625, 85.625, 9.514085184323562e-22, nan 
10.875, 85.625, 9.45543062071177e-22, nan 
11.125, 85.625, 9.869357226351103e-22, nan 
11.375, 85.625, 1.017083183732304e-21, nan 
11.625, 85.625, 1.0235475320744817e-21, nan 
11.875, 85.625, 1.0317785275141827e-21, nan 
12.125, 85.625, 1.0642061325043966e-21, nan 
12.375, 85.625, 1.1014144818584742e-21, nan 
12.625, 85.625, 1.1423808199115583e-21, nan 
12.875, 85.625, 1.185700014380686e-21, nan 
13.125, 85.625, 1.2051871610624018e-21, nan 
13.375, 85.625, 1.0495710945033147e-21, nan 
13.625, 85.625, 9.796596017040815e-22, nan 
13.875, 85.625, 9.479710658162155e-22, nan 
14.125, 85.625, 9.387328073741828e-22, nan 
14.375, 85.625, 9.411500007239271e-22, nan 
14.625, 85.625, 9.477547839991615e-22, nan 
14.875, 85.625, 9.546268194330484e-22, nan 
15.125, 85.625, 9.441022209246352e-22, nan 
15.375, 85.625, 9.479747154915033e-22, nan 
15.625, 85.625, 9.682030829948609e-22, nan 
15.875, 85.625, 9.671363700303653e-22, nan 
16.125, 85.625, 9.66217547594438e-22, nan 
16.375, 85.625, 9.589976452721945e-22, nan 
16.625, 85.625, 8.708197958852217e-22, nan 
16.875, 85.625, 8.323624271737067e-22, nan 
17.125, 85.625, 8.2407689779253875e-22, nan 
17.375, 85.625, 8.303858833163974e-22, nan 
17.625, 85.625, 8.119862107608077e-22, nan 
17.875, 85.625, 8.076955005971169e-22, nan 
18.125, 85.625, 8.057597964262567e-22, nan 
18.375, 85.625, 8.049866327820345e-22, nan 
18.625, 85.625, 8.099473155817104e-22, nan 
18.875, 85.625, 8.135818623114844e-22, nan 
19.125, 85.625, 7.807691652416305e-22, nan 
19.375, 85.625, 7.551271349201653e-22, nan 
19.625, 85.625, 7.528030292118027e-22, nan 
19.875, 85.625, 7.666876072622159e-22, nan 
20.125, 85.625, 7.810508592292317e-22, nan 
20.375, 85.625, 7.723932510700565e-22, nan 
20.625, 85.625, 8.044562337743318e-22, nan 
20.875, 85.625, 8.153513071970866e-22, nan 
21.125, 85.625, 8.325927190103908e-22, nan 
21.375, 85.625, 8.976928477745171e-22, nan 
21.625, 85.625, 9.806803300093939e-22, nan 
21.875, 85.625, 9.5325687451721e-22, nan 
22.125, 85.625, 7.79419969254565e-22, nan 
22.375, 85.625, 6.744753424657666e-22, nan 
22.625, 85.625, 6.062236869341396e-22, nan 
22.875, 85.625, 4.9189134649699405e-22, nan 
23.125, 85.625, 4.78031576588398e-22, nan 
23.375, 85.625, 4.390214344422802e-22, nan 
23.625, 85.625, 4.005113833806229e-22, nan 
23.875, 85.625, 3.417977530401251e-22, nan 
24.125, 85.625, 3.1836553514417364e-22, nan 
24.375, 85.625, 2.833277576548198e-22, nan 
24.625, 85.625, 2.6556533965005646e-22, nan 
24.875, 85.625, 2.601236315674134e-22, nan 
25.125, 85.625, 2.668102646005148e-22, nan 
25.375, 85.625, 2.3792081790957887e-22, nan 
25.625, 85.625, 1.9806516590448466e-22, nan 
25.875, 85.625, 1.756459553620001e-22, nan 
26.125, 85.625, 1.5977867942139905e-22, nan 
26.375, 85.625, 1.333519851057158e-22, nan 
26.625, 85.625, 1.3044749131305622e-22, nan 
26.875, 85.625, 1.3060332765159444e-22, nan 
27.125, 85.625, 1.3153476557319308e-22, nan 
27.375, 85.625, 1.2602424798216631e-22, nan 
27.625, 85.625, 1.259472574207864e-22, nan 
27.875, 85.625, 1.154154242097567e-22, nan 
28.125, 85.625, 1.2288529808448442e-22, nan 
28.375, 85.625, 1.1774515315794923e-22, nan 
28.625, 85.625, 1.1187465100377654e-22, nan 
28.875, 85.625, 1.0229496537388806e-22, nan 
29.125, 85.625, 9.783607149342353e-23, nan 
29.375, 85.625, 8.810797222211918e-23, nan 
29.625, 85.625, 8.121114096718662e-23, nan 
29.875, 85.625, 7.441307691454708e-23, nan 
30.125, 85.625, 6.702681346435694e-23, nan 
30.375, 85.625, 6.554077113361755e-23, nan 
30.625, 85.625, 6.195610294417441e-23, nan 
30.875, 85.625, 5.910275277487599e-23, nan 
31.125, 85.625, 5.61282701911399e-23, nan 
31.375, 85.625, 6.232302251013404e-23, nan 
31.625, 85.625, 5.60189747915607e-23, nan 
31.875, 85.625, 5.58070798291522e-23, nan 
32.125, 85.625, 5.033135379845836e-23, nan 
32.375, 85.625, 4.9701174753629744e-23, nan 
32.625, 85.625, 6.557083398114225e-23, nan 
32.875, 85.625, 9.366630128942595e-23, nan 
33.125, 85.625, 1.3336522091405032e-22, nan 
33.375, 85.625, 1.5756442016410698e-22, nan 
33.625, 85.625, 1.7566594493176282e-22, nan 
33.875, 85.625, 2.0748229895806716e-22, nan 
34.125, 85.625, 2.2735703421117796e-22, nan 
34.375, 85.625, 2.62542727190605e-22, nan 
34.625, 85.625, 2.9700236754900243e-22, nan 
34.875, 85.625, 3.052112114983738e-22, nan 
35.125, 85.625, 3.2195826202403616e-22, nan 
35.375, 85.625, 3.175663125831493e-22, nan 
35.625, 85.625, 3.2621731138468427e-22, nan 
35.875, 85.625, 3.320562664755656e-22, nan 
36.125, 85.625, 3.285824126478757e-22, nan 
36.375, 85.625, 3.312811571940359e-22, nan 
36.625, 85.625, 3.2054480689343675e-22, nan 
36.875, 85.625, 3.1892991227120684e-22, nan 
37.125, 85.625, 3.1037223766551433e-22, nan 
37.375, 85.625, 2.8998937071589e-22, nan 
37.625, 85.625, 2.7792770751796507e-22, nan 
37.875, 85.625, 2.705461677828124e-22, nan 
38.125, 85.625, 2.7043212353229616e-22, nan 
38.375, 85.625, 2.7405180154870065e-22, nan 
38.625, 85.625, 2.691819130427791e-22, nan 
38.875, 85.625, 2.6920702210717094e-22, nan 
39.125, 85.625, 2.725325247872626e-22, nan 
39.375, 85.625, 2.7111347654004288e-22, nan 
39.625, 85.625, 2.6116239627327613e-22, nan 
39.875, 85.625, 2.499293631723158e-22, nan 
40.125, 85.625, 2.4245727701225853e-22, nan 
40.375, 85.625, 2.2839087861426037e-22, nan 
40.625, 85.625, 2.1726843219197866e-22, nan 
40.875, 85.625, 2.0752566613765865e-22, nan 
41.125, 85.625, 1.9881072668467134e-22, nan 
41.375, 85.625, 1.958015216780477e-22, nan 
41.625, 85.625, 1.8408092568802495e-22, nan 
41.875, 85.625, 1.7496196397307917e-22, nan 
42.125, 85.625, 1.644033343410799e-22, nan 
42.375, 85.625, 1.621488805398083e-22, nan 
42.625, 85.625, 1.645558722275019e-22, nan 
42.875, 85.625, 1.5910592044035868e-22, nan 
43.125, 85.625, 1.5809060142567326e-22, nan 
43.375, 85.625, 1.5502529684163466e-22, nan 
43.625, 85.625, 1.4769317973691914e-22, nan 
43.875, 85.625, 1.430140642200217e-22, nan 
44.125, 85.625, 1.4510267060797555e-22, nan 
44.375, 85.625, 1.4068954349251705e-22, nan 
44.625, 85.625, 1.4470868277308358e-22, nan 
44.875, 85.625, 1.463735619530284e-22, nan 
45.125, 85.625, 1.4985349666977517e-22, nan 
45.375, 85.625, 1.5555367308627323e-22, nan 
45.625, 85.625, 1.6592008956207107e-22, nan 
45.875, 85.625, 1.74546670640357e-22, nan 
46.125, 85.625, 1.7815853368606655e-22, nan 
46.375, 85.625, 1.8081296019431998e-22, nan 
46.625, 85.625, 1.814136651905277e-22, nan 
46.875, 85.625, 1.8037747593908792e-22, nan 
47.125, 85.625, 1.7656752329233176e-22, nan 
47.375, 85.625, 1.7532750293777571e-22, nan 
47.625, 85.625, 1.7123199339265146e-22, nan 
47.875, 85.625, 1.6879148743629508e-22, nan 
48.125, 85.625, 1.6705166104100255e-22, nan 
48.375, 85.625, 1.6864508602965613e-22, nan 
48.625, 85.625, 1.6874117079195998e-22, nan 
48.875, 85.625, 1.5964459662920378e-22, nan 
49.125, 85.625, 1.5316456111529113e-22, nan 
49.375, 85.625, 1.4789899873236115e-22, nan 
49.625, 85.625, 1.470823547423429e-22, nan 
49.875, 85.625, 1.4449264578926363e-22, nan 
50.125, 85.625, 1.4615834084934764e-22, nan 
50.375, 85.625, 1.4431367812064962e-22, nan 
50.625, 85.625, 1.3374994435073358e-22, nan 
50.875, 85.625, 1.204644814817347e-22, nan 
51.125, 85.625, 1.1421015227026277e-22, nan 
51.375, 85.625, 1.071720524190797e-22, nan 
51.625, 85.625, 9.700260219133337e-23, nan 
51.875, 85.625, 9.445205944547836e-23, nan 
52.125, 85.625, 9.202693697009573e-23, nan 
52.375, 85.625, 8.966322170962693e-23, nan 
52.625, 85.625, 8.508526455906125e-23, nan 
52.875, 85.625, 8.194958443650657e-23, nan 
53.125, 85.625, 7.90008683606093e-23, nan 
53.375, 85.625, 7.930416085150091e-23, nan 
53.625, 85.625, 7.859911842949491e-23, nan 
53.875, 85.625, 7.424840433479059e-23, nan 
54.125, 85.625, 8.685203132484374e-23, nan 
54.375, 85.625, 1.3924958198326873e-22, nan 
54.625, 85.625, 1.5115485313809927e-22, nan 
54.875, 85.625, 1.597847165797864e-22, nan 
55.125, 85.625, 1.7144537595007558e-22, nan 
55.375, 85.625, 1.6161578743829356e-22, nan 
55.625, 85.625, 1.5140608197526543e-22, nan 
55.875, 85.625, 1.57996884261334e-22, nan 
56.125, 85.625, 1.607509802369435e-22, nan 
56.375, 85.625, 1.6189965410421047e-22, nan 
56.625, 85.625, 1.63206256001849e-22, nan 
56.875, 85.625, 1.6040329990000102e-22, nan 
57.125, 85.625, 1.6316710990416945e-22, nan 
57.375, 85.625, 1.6050848567742467e-22, nan 
57.625, 85.625, 1.5524233886255456e-22, nan 
57.875, 85.625, 1.5370430654781003e-22, nan 
58.125, 85.625, 1.4879890847733843e-22, nan 
58.375, 85.625, 1.4201900005056344e-22, nan 
58.625, 85.625, 1.3834236374649652e-22, nan 
58.875, 85.625, 1.3462191255482228e-22, nan 
59.125, 85.625, 1.331936035213615e-22, nan 
59.375, 85.625, 1.2980314356448055e-22, nan 
59.625, 85.625, 1.294141422758697e-22, nan 
59.875, 85.625, 1.3008884698084442e-22, nan 
60.125, 85.625, 1.3063036686997957e-22, nan 
60.375, 85.625, 1.281052638287304e-22, nan 
60.625, 85.625, 1.2702628192147397e-22, nan 
60.875, 85.625, 1.2381209772505876e-22, nan 
61.125, 85.625, 1.2269957121186928e-22, nan 
61.375, 85.625, 1.214427259660557e-22, nan 
61.625, 85.625, 1.2023963440842564e-22, nan 
61.875, 85.625, 1.2094686722846074e-22, nan 
62.125, 85.625, 1.1990173716371705e-22, nan 
62.375, 85.625, 1.1792805831923166e-22, nan 
62.625, 85.625, 1.1603488474856048e-22, nan 
62.875, 85.625, 1.1230572085321447e-22, nan 
63.125, 85.625, 1.094728808539885e-22, nan 
63.375, 85.625, 1.0748278780447306e-22, nan 
63.625, 85.625, 1.0694304284380006e-22, nan 
63.875, 85.625, 1.129069251880279e-22, nan 
64.125, 85.625, 1.1731064063565186e-22, nan 
64.375, 85.625, 1.2090316484500128e-22, nan 
64.625, 85.625, 1.221059846200707e-22, nan 
64.875, 85.625, 1.1939425642325246e-22, nan 
65.125, 85.625, 1.144784033420069e-22, nan 
65.375, 85.625, 1.0944816767170377e-22, nan 
65.625, 85.625, 1.1141756407494933e-22, nan 
65.875, 85.625, 1.1370976855717884e-22, nan 
66.125, 85.625, 1.121684656686948e-22, nan 
66.375, 85.625, 1.0915326039104713e-22, nan 
66.625, 85.625, 1.0513759786153906e-22, nan 
66.875, 85.625, 9.024014898795057e-23, nan 
67.125, 85.625, 8.327369953490322e-23, nan 
67.375, 85.625, 8.207206429736009e-23, nan 
67.625, 85.625, 8.352826908990421e-23, nan 
67.875, 85.625, 8.705762448444194e-23, nan 
68.125, 85.625, 8.929208153771554e-23, nan 
68.375, 85.625, 8.470284794534398e-23, nan 
68.625, 85.625, 8.322543463350092e-23, nan 
68.875, 85.625, 8.032415278279949e-23, nan 
69.125, 85.625, 7.796969318588211e-23, nan 
69.375, 85.625, 7.558972457422388e-23, nan 
69.625, 85.625, 7.390588549701777e-23, nan 
69.875, 85.625, 7.254716814935839e-23, nan 
70.125, 85.625, 6.814545892046094e-23, nan 
70.375, 85.625, 6.44419806871812e-23, nan 
70.625, 85.625, 6.359228528077778e-23, nan 
70.875, 85.625, 6.31342063218956e-23, nan 
71.125, 85.625, 6.498997625012632e-23, nan 
71.375, 85.625, 6.745983155850599e-23, nan 
71.625, 85.625, 6.814809943727872e-23, nan 
71.875, 85.625, 7.265767160832928e-23, nan 
72.125, 85.625, 7.185764679934358e-23, nan 
72.375, 85.625, 7.084961680738611e-23, nan 
72.625, 85.625, 7.332680786238331e-23, nan 
72.875, 85.625, 7.769280485021821e-23, nan 
73.125, 85.625, 8.50173118237132e-23, nan 
73.375, 85.625, 8.47019423966589e-23, nan 
73.625, 85.625, 1.0439007850079883e-22, nan 
73.875, 85.625, 1.0406531222989741e-22, nan 
74.125, 85.625, 1.0890494282187607e-22, nan 
74.375, 85.625, 1.093256467238581e-22, nan 
74.625, 85.625, 1.08151213276227e-22, nan 
74.875, 85.625, 1.1095116984290015e-22, nan 
75.125, 85.625, 9.842988574284916e-23, nan 
75.375, 85.625, 9.081844336721258e-23, nan 
75.625, 85.625, 8.455801007327877e-23, nan 
75.875, 85.625, 8.734911988910008e-23, nan 
76.125, 85.625, 9.495051241773631e-23, nan 
76.375, 85.625, 1.130379091652805e-22, nan 
76.625, 85.625, 1.1702831116941856e-22, nan 
76.875, 85.625, 1.614605989185604e-22, nan 
77.125, 85.625, 1.626019475901586e-22, nan 
77.375, 85.625, 1.7312168361582658e-22, nan 
77.625, 85.625, 1.7663773074945477e-22, nan 
77.875, 85.625, 1.736788510963269e-22, nan 
78.125, 85.625, 1.742840348518559e-22, nan 
78.375, 85.625, 1.4675520454521993e-22, nan 
78.625, 85.625, 1.172054868845783e-22, nan 
78.875, 85.625, 9.325711313606214e-23, nan 
79.125, 85.625, 7.470944314560606e-23, nan 
79.375, 85.625, 5.841816121322574e-23, nan 
79.625, 85.625, 5.383077689995058e-23, nan 
79.875, 85.625, 5.406448119526151e-23, nan 
80.125, 85.625, 6.732815241237484e-23, nan 
80.375, 85.625, 6.876074458782647e-23, nan 
80.625, 85.625, 7.405745322924938e-23, nan 
80.875, 85.625, 7.618665316665831e-23, nan 
81.125, 85.625, 7.756019350915179e-23, nan 
81.375, 85.625, 7.925715816145838e-23, nan 
81.625, 85.625, 6.925084377432082e-23, nan 
81.875, 85.625, 6.066129689795449e-23, nan 
82.125, 85.625, 5.27662244523495e-23, nan 
82.375, 85.625, 4.886878288842105e-23, nan 
82.625, 85.625, 4.773464053753483e-23, nan 
82.875, 85.625, 4.473457570678024e-23, nan 
83.125, 85.625, 4.4263787747567905e-23, nan 
83.375, 85.625, 4.5866135280829956e-23, nan 
83.625, 85.625, 4.6645769346404236e-23, nan 
83.875, 85.625, 4.592255120426295e-23, nan 
84.125, 85.625, 4.58294004056064e-23, nan 
84.375, 85.625, 4.592754503520635e-23, nan 
84.625, 85.625, 4.531985317879276e-23, nan 
84.875, 85.625, 4.693046988603744e-23, nan 
85.125, 85.625, 4.9239815151287047e-23, nan 
85.375, 85.625, 5.33036464311875e-23, nan 
85.625, 85.625, 5.770813952136165e-23, nan 
85.875, 85.625, 5.817968833672643e-23, nan 
86.125, 85.625, 6.065461786003796e-23, nan 
86.375, 85.625, 5.718583987881663e-23, nan 
86.625, 85.625, 5.331752516968758e-23, nan 
86.875, 85.625, 4.962559251579774e-23, nan 
87.125, 85.625, 4.637481676294088e-23, nan 
87.375, 85.625, 4.220458583472132e-23, nan 
87.625, 85.625, 3.931555652960505e-23, nan 
87.875, 85.625, 3.792206670713253e-23, nan 
88.125, 85.625, 3.631472068952569e-23, nan 
88.375, 85.625, 3.2357554973391113e-23, nan 
88.625, 85.625, 3.1029023373990085e-23, nan 
88.875, 85.625, 2.7269158294062053e-23, nan 
89.125, 85.625, 2.923990862447704e-23, nan 
89.375, 85.625, 3.232501489566093e-23, nan 
89.625, 85.625, 3.8571851527708616e-23, nan 
89.875, 85.625, 4.1402902641465266e-23, nan 
90.125, 85.625, 5.0162729351492716e-23, nan 
90.375, 85.625, 6.537331607524252e-23, nan 
90.625, 85.625, 6.81186250443215e-23, nan 
90.875, 85.625, 6.516974385390675e-23, nan 
91.125, 85.625, 6.1634513310735e-23, nan 
91.375, 85.625, 6.005493032052158e-23, nan 
91.625, 85.625, 5.048824035011864e-23, nan 
91.875, 85.625, 4.375265775091997e-23, nan 
92.125, 85.625, 4.035668144934194e-23, nan 
92.375, 85.625, 3.9354831923602904e-23, nan 
92.625, 85.625, 4.13087227101324e-23, nan 
92.875, 85.625, 4.523119029268061e-23, nan 
93.125, 85.625, 4.881954721975047e-23, nan 
93.375, 85.625, 4.966840049513727e-23, nan 
93.625, 85.625, 5.209756336365128e-23, nan 
93.875, 85.625, 5.42167457937545e-23, nan 
94.125, 85.625, 5.47917671035427e-23, nan 
94.375, 85.625, 5.458749274359765e-23, nan 
94.625, 85.625, 5.3806443029326e-23, nan 
94.875, 85.625, 4.9711795530184134e-23, nan 
95.125, 85.625, 5.024088562527898e-23, nan 
95.375, 85.625, 4.950135803889421e-23, nan 
95.625, 85.625, 5.1342998268814235e-23, nan 
95.875, 85.625, 5.195469524656564e-23, nan 
96.125, 85.625, 5.334848532901334e-23, nan 
96.375, 85.625, 5.181858758523435e-23, nan 
96.625, 85.625, 5.201334440569241e-23, nan 
96.875, 85.625, 5.869572897945337e-23, nan 
97.125, 85.625, 6.960208163120886e-23, nan 
97.375, 85.625, 6.958988036900647e-23, nan 
97.625, 85.625, 6.933662328644883e-23, nan 
97.875, 85.625, 8.103124455727374e-23, nan 
98.125, 85.625, 8.875925391604387e-23, nan 
98.375, 85.625, 8.40884725854829e-23, nan 
98.625, 85.625, 8.05371478899809e-23, nan 
98.875, 85.625, 8.258204547131204e-23, nan 
99.125, 85.625, 8.470996149491577e-23, nan 
99.375, 85.625, 7.867652292530697e-23, nan 
99.625, 85.625, 7.446877671081215e-23, nan 
99.875, 85.625, 6.907173856870943e-23, nan 
100.125, 85.625, 6.392170793135749e-23, nan 
100.375, 85.625, 6.078642350266982e-23, nan 
100.625, 85.625, 5.765663080757064e-23, nan 
100.875, 85.625, 5.500299876033563e-23, nan 
101.125, 85.625, 5.262733430625684e-23, nan 
101.375, 85.625, 5.0524533477734106e-23, nan 
101.625, 85.625, 4.709758262233294e-23, nan 
101.875, 85.625, 4.2656176091102466e-23, nan 
102.125, 85.625, 4.190762670225108e-23, nan 
102.375, 85.625, 3.9672939306962425e-23, nan 
102.625, 85.625, 3.853703907053342e-23, nan 
102.875, 85.625, 4.167602265815116e-23, nan 
103.125, 85.625, 5.1695521146873935e-23, nan 
103.375, 85.625, 7.349266003688275e-23, nan 
103.625, 85.625, 8.54557873255603e-23, nan 
103.875, 85.625, 9.058422453861527e-23, nan 
104.125, 85.625, 9.355571391498499e-23, nan 
104.375, 85.625, 9.979392736318371e-23, nan 
104.625, 85.625, 1.0219928421539768e-22, nan 
104.875, 85.625, 1.0089196471466412e-22, nan 
105.125, 85.625, 9.404849633848379e-23, nan 
105.375, 85.625, 8.500127611434377e-23, nan 
105.625, 85.625, 7.964187216459809e-23, nan 
105.875, 85.625, 8.047202093989906e-23, nan 
106.125, 85.625, 7.900831526623463e-23, nan 
106.375, 85.625, 8.219836235556484e-23, nan 
106.625, 85.625, 8.903026199958408e-23, nan 
106.875, 85.625, 9.181212280790835e-23, nan 
107.125, 85.625, 9.249830061159284e-23, nan 
107.375, 85.625, 9.210086022432493e-23, nan 
107.625, 85.625, 9.076459500844669e-23, nan 
107.875, 85.625, 9.023681389409073e-23, nan 
108.125, 85.625, 9.007634173998118e-23, nan 
108.375, 85.625, 9.12096635197389e-23, nan 
108.625, 85.625, 8.961307102259114e-23, nan 
108.875, 85.625, 8.618936249669494e-23, nan 
109.125, 85.625, 8.619763487776696e-23, nan 
109.375, 85.625, 7.51907710139533e-23, nan 
109.625, 85.625, 6.975055067646427e-23, nan 
109.875, 85.625, 6.328316148586216e-23, nan 
110.125, 85.625, 5.300944570524465e-23, nan 
110.375, 85.625, 4.0462309872679075e-23, nan 
110.625, 85.625, 3.414576617929265e-23, nan 
110.875, 85.625, 3.586433037960614e-23, nan 
111.125, 85.625, 3.5041148218109177e-23, nan 
111.375, 85.625, 3.4004270052804787e-23, nan 
111.625, 85.625, 3.301363868038882e-23, nan 
111.875, 85.625, 3.139393210625937e-23, nan 
112.125, 85.625, 3.6875969328032424e-23, nan 
112.375, 85.625, 4.2982091252609314e-23, nan 
112.625, 85.625, 4.9523612718915456e-23, nan 
112.875, 85.625, 5.708643559859338e-23, nan 
113.125, 85.625, 6.614300559457253e-23, nan 
113.375, 85.625, 7.64018296941253e-23, nan 
113.625, 85.625, 8.620915677956143e-23, nan 
113.875, 85.625, 1.0022977100483906e-22, nan 
114.125, 85.625, 1.0924326171533693e-22, nan 
114.375, 85.625, 1.0680771008386154e-22, nan 
114.625, 85.625, 9.497950214314094e-23, nan 
114.875, 85.625, 8.857528625073786e-23, nan 
115.125, 85.625, 7.652390022671981e-23, nan 
115.375, 85.625, 7.582792742364031e-23, nan 
115.625, 85.625, 7.506932190013458e-23, nan 
115.875, 85.625, 7.385614771723835e-23, nan 
116.125, 85.625, 6.959194440136863e-23, nan 
116.375, 85.625, 6.403288015734343e-23, nan 
116.625, 85.625, 5.675976337769378e-23, nan 
116.875, 85.625, 3.639263868735667e-23, nan 
117.125, 85.625, 4.4351323237079833e-23, nan 
117.375, 85.625, 4.400056534551184e-23, nan 
117.625, 85.625, 4.529593796664464e-23, nan 
117.875, 85.625, 4.362612924796438e-23, nan 
118.125, 85.625, 3.970454340551873e-23, nan 
118.375, 85.625, 3.642311927499629e-23, nan 
118.625, 85.625, 4.146024750739125e-23, nan 
118.875, 85.625, 4.4708024497344786e-23, nan 
119.125, 85.625, 4.7275751124404455e-23, nan 
119.375, 85.625, 4.7329920104847396e-23, nan 
119.625, 85.625, 4.496616806910681e-23, nan 
119.875, 85.625, 4.212817050985755e-23, nan 
120.125, 85.625, 2.4064803678490638e-23, nan 
120.375, 85.625, 1.8466601503778745e-23, nan 
120.625, 85.625, 1.907822682959735e-23, nan 
120.875, 85.625, 1.8212467062510764e-23, nan 
121.125, 85.625, 1.975719240314699e-23, nan 
121.375, 85.625, 2.1657840533339455e-23, nan 
121.625, 85.625, 2.3080116887913776e-23, nan 
121.875, 85.625, 2.2192388349563665e-23, nan 
122.125, 85.625, 2.0942400289256053e-23, nan 
122.375, 85.625, 1.996757527605095e-23, nan 
122.625, 85.625, 2.195270421869597e-23, nan 
122.875, 85.625, 2.39645228488045e-23, nan 
123.125, 85.625, 2.5990422233428742e-23, nan 
123.375, 85.625, 2.9950932656172674e-23, nan 
123.625, 85.625, 3.900081769965669e-23, nan 
123.875, 85.625, 5.116250559680309e-23, nan 
124.125, 85.625, 8.781232864513674e-23, nan 
124.375, 85.625, 1.0539749407606215e-22, nan 
124.625, 85.625, 1.1223011321918585e-22, nan 
124.875, 85.625, 1.176335184236467e-22, nan 
125.125, 85.625, 1.1716484356829057e-22, nan 
125.375, 85.625, 1.1507525689935806e-22, nan 
125.625, 85.625, 1.1095455535440722e-22, nan 
125.875, 85.625, 1.0856312681820128e-22, nan 
126.125, 85.625, 1.0526652151478833e-22, nan 
126.375, 85.625, 9.132947446479781e-23, nan 
126.625, 85.625, 8.527434396376288e-23, nan 
126.875, 85.625, 7.240811892784719e-23, nan 
127.125, 85.625, 6.872788245698396e-23, nan 
127.375, 85.625, 7.002208410835484e-23, nan 
127.625, 85.625, 7.248112895734287e-23, nan 
127.875, 85.625, 7.475035024442121e-23, nan 
128.125, 85.625, 7.54329275917912e-23, nan 
128.375, 85.625, 7.865280205464154e-23, nan 
128.625, 85.625, 8.557763584239107e-23, nan 
128.875, 85.625, 8.219664116530389e-23, nan 
129.125, 85.625, 9.202785072805875e-23, nan 
129.375, 85.625, 9.745158436276207e-23, nan 
129.625, 85.625, 1.0615827959508897e-22, nan 
129.875, 85.625, 1.1057598383040206e-22, nan 
130.125, 85.625, 1.1661389265704073e-22, nan 
130.375, 85.625, 1.1903860936004066e-22, nan 
130.625, 85.625, 1.209323401260808e-22, nan 
130.875, 85.625, 1.1245942960325675e-22, nan 
131.125, 85.625, 9.046754690267949e-23, nan 
131.375, 85.625, 8.211030923465371e-23, nan 
131.625, 85.625, 7.445525820067105e-23, nan 
131.875, 85.625, 6.93591900764755e-23, nan 
132.125, 85.625, 8.150790338881361e-23, nan 
132.375, 85.625, 9.975180002186003e-23, nan 
132.625, 85.625, 1.072785520103703e-22, nan 
132.875, 85.625, 1.1209759431493265e-22, nan 
133.125, 85.625, 1.1547557195353997e-22, nan 
133.375, 85.625, 1.194313775130251e-22, nan 
133.625, 85.625, 1.2333670225257897e-22, nan 
133.875, 85.625, 1.2429306780139065e-22, nan 
134.125, 85.625, 1.2402202368394682e-22, nan 
134.375, 85.625, 1.2189601245621604e-22, nan 
134.625, 85.625, 1.1951205812442808e-22, nan 
134.875, 85.625, 1.1939585001724064e-22, nan 
135.125, 85.625, 1.1641012522893253e-22, nan 
135.375, 85.625, 1.0816641425246939e-22, nan 
135.625, 85.625, 1.0352069661957548e-22, nan 
135.875, 85.625, 1.0103720719447909e-22, nan 
136.125, 85.625, 1.0021918011287617e-22, nan 
136.375, 85.625, 9.561857489763602e-23, nan 
136.625, 85.625, 9.199954211116627e-23, nan 
136.875, 85.625, 8.759736230249832e-23, nan 
137.125, 85.625, 8.342845990533685e-23, nan 
137.375, 85.625, 7.399766430873392e-23, nan 
137.625, 85.625, 6.46759711842848e-23, nan 
137.875, 85.625, 6.064751746660561e-23, nan 
138.125, 85.625, 4.438220923003261e-23, nan 
138.375, 85.625, 3.674833454679126e-23, nan 
138.625, 85.625, 3.2056945100515007e-23, nan 
138.875, 85.625, 2.918683240365719e-23, nan 
139.125, 85.625, 3.12001113669421e-23, nan 
139.375, 85.625, 3.0647597940773864e-23, nan 
139.625, 85.625, 3.061415595851208e-23, nan 
139.875, 85.625, 3.0784273567657186e-23, nan 
140.125, 85.625, 3.002229027170692e-23, nan 
140.375, 85.625, 3.037153788107158e-23, nan 
140.625, 85.625, 3.313995314745402e-23, nan 
140.875, 85.625, 3.136841253592197e-23, nan 
141.125, 85.625, 3.137488330061984e-23, nan 
141.375, 85.625, 2.8161050590595557e-23, nan 
141.625, 85.625, 2.4843628724549058e-23, nan 
141.875, 85.625, 2.3015825019483094e-23, nan 
142.125, 85.625, 2.277393968306366e-23, nan 
142.375, 85.625, 2.3934805081877074e-23, nan 
142.625, 85.625, 2.4756155170828222e-23, nan 
142.875, 85.625, 2.5002684502519226e-23, nan 
143.125, 85.625, 2.6569819174841507e-23, nan 
143.375, 85.625, 2.655642336327031e-23, nan 
143.625, 85.625, 2.4821541198462244e-23, nan 
143.875, 85.625, 2.671269933520427e-23, nan 
144.125, 85.625, 2.89794926827677e-23, nan 
144.375, 85.625, 3.440105382951698e-23, nan 
144.625, 85.625, 3.378189747232596e-23, nan 
144.875, 85.625, 3.646655133063091e-23, nan 
145.125, 85.625, 4.4094040755521366e-23, nan 
145.375, 85.625, 5.610042162252372e-23, nan 
145.625, 85.625, 6.157444033492376e-23, nan 
145.875, 85.625, 6.935865390375371e-23, nan 
146.125, 85.625, 7.590656429046803e-23, nan 
146.375, 85.625, 9.130984374958013e-23, nan 
146.625, 85.625, 1.100726216876741e-22, nan 
146.875, 85.625, 1.2310773802977988e-22, nan 
147.125, 85.625, 1.3133032650298782e-22, nan 
147.375, 85.625, 1.3147789269561853e-22, nan 
147.625, 85.625, 1.2061266682533295e-22, nan 
147.875, 85.625, 1.1126872506625801e-22, nan 
148.125, 85.625, 1.0113788285601904e-22, nan 
148.375, 85.625, 9.82068947317181e-23, nan 
148.625, 85.625, 9.496820313376693e-23, nan 
148.875, 85.625, 9.075016069525003e-23, nan 
149.125, 85.625, 8.50053956066337e-23, nan 
149.375, 85.625, 6.988536143096598e-23, nan 
149.625, 85.625, 9.132783818743617e-23, nan 
149.875, 85.625, 1.3550785899867493e-22, nan 
150.125, 85.625, 1.6942210158750192e-22, nan 
150.375, 85.625, 1.9319640044856238e-22, nan 
150.625, 85.625, 1.9957690545831839e-22, nan 
150.875, 85.625, 1.9083184578883836e-22, nan 
151.125, 85.625, 1.873863035106336e-22, nan 
151.375, 85.625, 1.7645510374362382e-22, nan 
151.625, 85.625, 1.7550505692323913e-22, nan 
151.875, 85.625, 1.7275595753515724e-22, nan 
152.125, 85.625, 1.6916085336285381e-22, nan 
152.375, 85.625, 1.58412775651149e-22, nan 
152.625, 85.625, 1.1564864526326568e-22, nan 
152.875, 85.625, 9.705649509251827e-23, nan 
153.125, 85.625, 1.2513026634963096e-22, nan 
153.375, 85.625, 1.4803934192771403e-22, nan 
153.625, 85.625, 1.6324257130106943e-22, nan 
153.875, 85.625, 1.6914065440810243e-22, nan 
154.125, 85.625, 1.6467719468666465e-22, nan 
154.375, 85.625, 1.6159829347718793e-22, nan 
154.625, 85.625, 1.5654860565320593e-22, nan 
154.875, 85.625, 1.5832233849527713e-22, nan 
155.125, 85.625, 1.5597705676081098e-22, nan 
155.375, 85.625, 1.5279067226151757e-22, nan 
155.625, 85.625, 1.5318963846698523e-22, nan 
155.875, 85.625, 1.3473490466419236e-22, nan 
156.125, 85.625, 1.1558889468042797e-22, nan 
156.375, 85.625, 1.202268349680763e-22, nan 
156.625, 85.625, 1.1959435601240567e-22, nan 
156.875, 85.625, 1.1557172608581839e-22, nan 
157.125, 85.625, 1.0349492506564557e-22, nan 
157.375, 85.625, 1.0540957574235815e-22, nan 
157.625, 85.625, 8.139672263942716e-23, nan 
157.875, 85.625, 7.230719498654836e-23, nan 
158.125, 85.625, 4.5522025663639936e-23, nan 
158.375, 85.625, 2.4136949383609e-23, nan 
158.625, 85.625, 4.917614217704432e-24, nan 
158.875, 85.625, 6.328581032216662e-24, nan 
159.125, 85.625, 3.95544562092784e-24, nan 
159.375, 85.625, 4.6894077462917136e-24, nan 
159.625, 85.625, 4.543524928402594e-24, nan 
159.875, 85.625, 4.462965225257268e-24, nan 
160.125, 85.625, 5.6083789601010095e-24, nan 
160.375, 85.625, 8.031423557353143e-24, nan 
160.625, 85.625, 1.012560748885537e-23, nan 
160.875, 85.625, 1.2776644025500494e-23, nan 
161.125, 85.625, 1.7040091749960258e-23, nan 
161.375, 85.625, 2.1598430735098314e-23, nan 
161.625, 85.625, 2.5747992195233627e-23, nan 
161.875, 85.625, 3.1684747839301814e-23, nan 
162.125, 85.625, 3.828415552998252e-23, nan 
162.375, 85.625, 4.3134815540745486e-23, nan 
162.625, 85.625, 4.5842627177971795e-23, nan 
162.875, 85.625, 4.6256903160309396e-23, nan 
163.125, 85.625, 4.539108102123229e-23, nan 
163.375, 85.625, 4.56887035082932e-23, nan 
163.625, 85.625, 4.192875480825858e-23, nan 
163.875, 85.625, 3.8833865403783544e-23, nan 
164.125, 85.625, 3.5604933337022393e-23, nan 
164.375, 85.625, 4.133047258726165e-23, nan 
164.625, 85.625, 6.285448978088532e-23, nan 
164.875, 85.625, 8.81829992659949e-23, nan 
165.125, 85.625, 9.912922102262108e-23, nan 
165.375, 85.625, 1.0401509246942315e-22, nan 
165.625, 85.625, 1.0533412801721174e-22, nan 
165.875, 85.625, 1.0578156845424316e-22, nan 
166.125, 85.625, 1.0540962297903642e-22, nan 
166.375, 85.625, 1.0745207553213985e-22, nan 
166.625, 85.625, 1.0975882876109477e-22, nan 
166.875, 85.625, 1.170961333061959e-22, nan 
167.125, 85.625, 1.2152878720816185e-22, nan 
167.375, 85.625, 1.3585729545538712e-22, nan 
167.625, 85.625, 1.2461653835610972e-22, nan 
167.875, 85.625, 1.0575652825665047e-22, nan 
168.125, 85.625, 1.1476756145820785e-22, nan 
168.375, 85.625, 1.2659495750219622e-22, nan 
168.625, 85.625, 1.4138796953735545e-22, nan 
168.875, 85.625, 1.5987948830697235e-22, nan 
169.125, 85.625, 1.7383482192923009e-22, nan 
169.375, 85.625, 1.7704146556873258e-22, nan 
169.625, 85.625, 1.842754836231109e-22, nan 
169.875, 85.625, 1.9170843652765122e-22, nan 
170.125, 85.625, 2.1107572926871482e-22, nan 
170.375, 85.625, 2.2186351044968526e-22, nan 
170.625, 85.625, 2.315192681249306e-22, nan 
170.875, 85.625, 2.267905197235736e-22, nan 
171.125, 85.625, 1.9908169659461714e-22, nan 
171.375, 85.625, 1.709980730102635e-22, nan 
171.625, 85.625, 1.454679707077433e-22, nan 
171.875, 85.625, 1.349183967557658e-22, nan 
172.125, 85.625, 1.6217357902908916e-22, nan 
172.375, 85.625, 1.943189240130165e-22, nan 
172.625, 85.625, 1.9569766032225931e-22, nan 
172.875, 85.625, 1.9278868793644046e-22, nan 
173.125, 85.625, 1.8416357436114736e-22, nan 
173.375, 85.625, 1.8075981350472145e-22, nan 
173.625, 85.625, 1.7733430806586269e-22, nan 
173.875, 85.625, 1.7644031276289034e-22, nan 
174.125, 85.625, 1.7929224409368115e-22, nan 
174.375, 85.625, 1.8172958754222907e-22, nan 
174.625, 85.625, 1.8153003875026285e-22, nan 
174.875, 85.625, 1.6952039373148867e-22, nan 
175.125, 85.625, 1.5469497793784539e-22, nan 
175.375, 85.625, 1.493536775813181e-22, nan 
175.625, 85.625, 1.5610627233875023e-22, nan 
175.875, 85.625, 1.7292915569704906e-22, nan 
176.125, 85.625, 1.9639773490208276e-22, nan 
176.375, 85.625, 2.179391284057938e-22, nan 
176.625, 85.625, 2.2535114781584455e-22, nan 
176.875, 85.625, 1.198372598554507e-22, nan 
177.125, 85.625, 1.2597382731832474e-22, nan 
177.375, 85.625, 1.4431943610486374e-22, nan 
177.625, 85.625, 1.7387546027472796e-22, nan 
177.875, 85.625, 1.9780017682967243e-22, nan 
178.125, 85.625, 2.0729791478035206e-22, nan 
178.375, 85.625, 2.2134638781882446e-22, nan 
178.625, 85.625, 2.396479380146432e-22, nan 
178.875, 85.625, 2.6026009501774964e-22, nan 
179.125, 85.625, 2.839101036635852e-22, nan 
179.375, 85.625, 3.113009606681175e-22, nan 
179.625, 85.625, 3.6102622457622265e-22, nan 
179.875, 85.625, 3.908052104698491e-22, nan 
-179.875, 85.875, 2.746930243540782e-22, nan 
-179.625, 85.875, 2.633425165999173e-22, nan 
-179.375, 85.875, 2.519194697278984e-22, nan 
-179.125, 85.875, 2.3462236045312325e-22, nan 
-178.875, 85.875, 1.9922576298154397e-22, nan 
-178.625, 85.875, 2.1649906522295044e-22, nan 
-178.375, 85.875, 2.4215893896497454e-22, nan 
-178.125, 85.875, 2.4684208987288537e-22, nan 
-177.875, 85.875, 2.420552730435793e-22, nan 
-177.625, 85.875, 2.3715179767871992e-22, nan 
-177.375, 85.875, 2.2232015770413173e-22, nan 
-177.125, 85.875, 2.006135804091965e-22, nan 
-176.875, 85.875, 1.7900948524036196e-22, nan 
-176.625, 85.875, 1.539257852801603e-22, nan 
-176.375, 85.875, 1.3501170658561188e-22, nan 
-176.125, 85.875, 1.1505223565504729e-22, nan 
-175.875, 85.875, 1.008709924873328e-22, nan 
-175.625, 85.875, 7.948222510160939e-23, nan 
-175.375, 85.875, 4.462931573084146e-23, nan 
-175.125, 85.875, 1.1385474599412498e-23, nan 
-174.875, 85.875, 1.3547088869621994e-23, nan 
-174.625, 85.875, 1.7223610440590943e-23, nan 
-174.375, 85.875, 1.9108983627115946e-23, nan 
-174.125, 85.875, 1.991920708676896e-23, nan 
-173.875, 85.875, 1.9866846749298848e-23, nan 
-173.625, 85.875, 1.936808788478299e-23, nan 
-173.375, 85.875, 1.791882981271732e-23, nan 
-173.125, 85.875, 1.613842663285166e-23, nan 
-172.875, 85.875, 1.5574242742775442e-23, nan 
-172.625, 85.875, 1.5787725044473036e-23, nan 
-172.375, 85.875, 1.6910913985384543e-23, nan 
-172.125, 85.875, 1.9463384841466044e-23, nan 
-171.875, 85.875, 2.3427411594678184e-23, nan 
-171.625, 85.875, 2.6120491556809552e-23, nan 
-171.375, 85.875, 3.0742820221099675e-23, nan 
-171.125, 85.875, 3.779964978148252e-23, nan 
-170.875, 85.875, 4.508395445035953e-23, nan 
-170.625, 85.875, 5.536867427159556e-23, nan 
-170.375, 85.875, 6.505789074171594e-23, nan 
-170.125, 85.875, 7.756416074601094e-23, nan 
-169.875, 85.875, 7.753466552914506e-23, nan 
-169.625, 85.875, 7.421702198129684e-23, nan 
-169.375, 85.875, 7.291436154219932e-23, nan 
-169.125, 85.875, 6.945359303727265e-23, nan 
-168.875, 85.875, 6.974382840831314e-23, nan 
-168.625, 85.875, 7.128810033680417e-23, nan 
-168.375, 85.875, 7.013933057012507e-23, nan 
-168.125, 85.875, 6.958052491793762e-23, nan 
-167.875, 85.875, 5.866355729268278e-23, nan 
-167.625, 85.875, 4.982836325890167e-23, nan 
-167.375, 85.875, 6.596946753182089e-23, nan 
-167.125, 85.875, 8.475899858676781e-23, nan 
-166.875, 85.875, 1.103229456506192e-22, nan 
-166.625, 85.875, 1.1691536767393848e-22, nan 
-166.375, 85.875, 1.2516839534452938e-22, nan 
-166.125, 85.875, 1.4027536981560978e-22, nan 
-165.875, 85.875, 1.4563831736103864e-22, nan 
-165.625, 85.875, 1.5321787487055058e-22, nan 
-165.375, 85.875, 1.7286223091701421e-22, nan 
-165.125, 85.875, 1.840915094051664e-22, nan 
-164.875, 85.875, 1.8883617658325843e-22, nan 
-164.625, 85.875, 1.6770624823279676e-22, nan 
-164.375, 85.875, 1.2230092959405926e-22, nan 
-164.125, 85.875, 1.1006739672556998e-22, nan 
-163.875, 85.875, 1.1080382403290613e-22, nan 
-163.625, 85.875, 1.1366887362948874e-22, nan 
-163.375, 85.875, 1.1530043097756916e-22, nan 
-163.125, 85.875, 1.2906027978933766e-22, nan 
-162.875, 85.875, 1.5075197840763997e-22, nan 
-162.625, 85.875, 1.6065011033857008e-22, nan 
-162.375, 85.875, 1.6677075967414117e-22, nan 
-162.125, 85.875, 1.7263595448398415e-22, nan 
-161.875, 85.875, 1.8006512255873763e-22, nan 
-161.625, 85.875, 1.829357905187091e-22, nan 
-161.375, 85.875, 1.7510295542880703e-22, nan 
-161.125, 85.875, 1.6042226618127332e-22, nan 
-160.875, 85.875, 1.5683120476789237e-22, nan 
-160.625, 85.875, 1.5287204613846962e-22, nan 
-160.375, 85.875, 1.5372478459995677e-22, nan 
-160.125, 85.875, 1.5142445667160885e-22, nan 
-159.875, 85.875, 1.4365861617275366e-22, nan 
-159.625, 85.875, 1.3735555307727972e-22, nan 
-159.375, 85.875, 1.2130029911446002e-22, nan 
-159.125, 85.875, 9.371861239761296e-23, nan 
-158.875, 85.875, 5.2446381466628094e-23, nan 
-158.625, 85.875, 3.224694577158614e-23, nan 
-158.375, 85.875, 2.3584452101434848e-23, nan 
-158.125, 85.875, 1.7125822197119458e-23, nan 
-157.875, 85.875, 1.7203820964975818e-23, nan 
-157.625, 85.875, 1.9229923444755538e-23, nan 
-157.375, 85.875, 2.3452374951864052e-23, nan 
-157.125, 85.875, 4.2040118514990994e-23, nan 
-156.875, 85.875, 3.789651808920995e-23, nan 
-156.625, 85.875, 2.79262456401342e-23, nan 
-156.375, 85.875, 2.7169738493173357e-23, nan 
-156.125, 85.875, 2.2331249720145167e-23, nan 
-155.875, 85.875, 1.5062540284778075e-23, nan 
-155.625, 85.875, 1.7279137424208217e-23, nan 
-155.375, 85.875, 1.9010778723073469e-23, nan 
-155.125, 85.875, 1.9947000583056546e-23, nan 
-154.875, 85.875, 2.110936012622058e-23, nan 
-154.625, 85.875, 2.3646205682335883e-23, nan 
-154.375, 85.875, 2.43041823519515e-23, nan 
-154.125, 85.875, 2.492456304770928e-23, nan 
-153.875, 85.875, 2.6833529416426547e-23, nan 
-153.625, 85.875, 2.309089144139202e-23, nan 
-153.375, 85.875, 2.0126576944904413e-23, nan 
-153.125, 85.875, 2.1326596499482876e-23, nan 
-152.875, 85.875, 1.8144452230615183e-23, nan 
-152.625, 85.875, 1.7035389989970997e-23, nan 
-152.375, 85.875, 1.4673151372453977e-23, nan 
-152.125, 85.875, 1.1371417199848193e-23, nan 
-151.875, 85.875, 8.528686598426415e-24, nan 
-151.625, 85.875, 1.9154087485454321e-23, nan 
-151.375, 85.875, 3.0004268716579315e-23, nan 
-151.125, 85.875, 3.744313939746901e-23, nan 
-150.875, 85.875, 4.0012913144514715e-23, nan 
-150.625, 85.875, 4.3795797241682526e-23, nan 
-150.375, 85.875, 5.055334628525954e-23, nan 
-150.125, 85.875, 5.779616391320334e-23, nan 
-149.875, 85.875, 6.267306224443211e-23, nan 
-149.625, 85.875, 6.306805765734933e-23, nan 
-149.375, 85.875, 6.526736868710675e-23, nan 
-149.125, 85.875, 6.698971759300163e-23, nan 
-148.875, 85.875, 6.406865535046785e-23, nan 
-148.625, 85.875, 6.472026235197348e-23, nan 
-148.375, 85.875, 6.676015291746313e-23, nan 
-148.125, 85.875, 6.573150944169551e-23, nan 
-147.875, 85.875, 6.525766926077695e-23, nan 
-147.625, 85.875, 6.306867952503645e-23, nan 
-147.375, 85.875, 5.380226883573155e-23, nan 
-147.125, 85.875, 4.370908239982643e-23, nan 
-146.875, 85.875, 5.696731016723033e-23, nan 
-146.625, 85.875, 6.884941802717162e-23, nan 
-146.375, 85.875, 7.077546259440651e-23, nan 
-146.125, 85.875, 7.279648934157937e-23, nan 
-145.875, 85.875, 7.404901000295151e-23, nan 
-145.625, 85.875, 7.243241471905768e-23, nan 
-145.375, 85.875, 7.292650683568094e-23, nan 
-145.125, 85.875, 7.232330610761386e-23, nan 
-144.875, 85.875, 7.123472549638936e-23, nan 
-144.625, 85.875, 7.052885921998366e-23, nan 
-144.375, 85.875, 7.140306296063612e-23, nan 
-144.125, 85.875, 6.845645181785817e-23, nan 
-143.875, 85.875, 5.785119982761158e-23, nan 
-143.625, 85.875, 5.377088297444469e-23, nan 
-143.375, 85.875, 5.0404469137814745e-23, nan 
-143.125, 85.875, 3.9732806665558844e-23, nan 
-142.875, 85.875, 3.7051375954833936e-23, nan 
-142.625, 85.875, 3.967808357604526e-23, nan 
-142.375, 85.875, 4.186858091465508e-23, nan 
-142.125, 85.875, 4.096888669980114e-23, nan 
-141.875, 85.875, 3.846691457948688e-23, nan 
-141.625, 85.875, 3.617756015318935e-23, nan 
-141.375, 85.875, 3.2575297548041504e-23, nan 
-141.125, 85.875, 2.618845153966115e-23, nan 
-140.875, 85.875, 2.729233228782377e-23, nan 
-140.625, 85.875, 3.541707782730522e-23, nan 
-140.375, 85.875, 4.779617807226117e-23, nan 
-140.125, 85.875, 5.161746658196183e-23, nan 
-139.875, 85.875, 5.821607751155548e-23, nan 
-139.625, 85.875, 6.6609089362124e-23, nan 
-139.375, 85.875, 7.449824331580394e-23, nan 
-139.125, 85.875, 8.098763538241297e-23, nan 
-138.875, 85.875, 8.112487127483844e-23, nan 
-138.625, 85.875, 7.920514049275577e-23, nan 
-138.375, 85.875, 7.653981441175332e-23, nan 
-138.125, 85.875, 7.63925403032546e-23, nan 
-137.875, 85.875, 7.580918407876099e-23, nan 
-137.625, 85.875, 7.638715943904703e-23, nan 
-137.375, 85.875, 7.71461434676583e-23, nan 
-137.125, 85.875, 8.156772212183157e-23, nan 
-136.875, 85.875, 9.358913832444751e-23, nan 
-136.625, 85.875, 1.118527854273721e-22, nan 
-136.375, 85.875, 1.2034922777952618e-22, nan 
-136.125, 85.875, 1.2812633156997893e-22, nan 
-135.875, 85.875, 1.3583389645649692e-22, nan 
-135.625, 85.875, 1.3188903548139788e-22, nan 
-135.375, 85.875, 1.233812956768875e-22, nan 
-135.125, 85.875, 1.1190551880118113e-22, nan 
-134.875, 85.875, 1.048002162287483e-22, nan 
-134.625, 85.875, 9.252174934027512e-23, nan 
-134.375, 85.875, 7.086225237942643e-23, nan 
-134.125, 85.875, 6.122060697277408e-23, nan 
-133.875, 85.875, 6.418568733192935e-23, nan 
-133.625, 85.875, 8.534403523158389e-23, nan 
-133.375, 85.875, 1.1404361460643558e-22, nan 
-133.125, 85.875, 1.2568624351296673e-22, nan 
-132.875, 85.875, 1.4057504477851428e-22, nan 
-132.625, 85.875, 1.5914839033666041e-22, nan 
-132.375, 85.875, 1.6998472461605172e-22, nan 
-132.125, 85.875, 1.6790168253069361e-22, nan 
-131.875, 85.875, 1.6486361372711219e-22, nan 
-131.625, 85.875, 1.5220353614056297e-22, nan 
-131.375, 85.875, 1.3028011462296674e-22, nan 
-131.125, 85.875, 1.0221957292088838e-22, nan 
-130.875, 85.875, 7.847857849622221e-23, nan 
-130.625, 85.875, 6.646816402359116e-23, nan 
-130.375, 85.875, 7.26672376404373e-23, nan 
-130.125, 85.875, 8.631292713989583e-23, nan 
-129.875, 85.875, 9.41258309410464e-23, nan 
-129.625, 85.875, 1.0928057321944831e-22, nan 
-129.375, 85.875, 1.3323107249013567e-22, nan 
-129.125, 85.875, 1.6174711958163413e-22, nan 
-128.875, 85.875, 1.7202390122263536e-22, nan 
-128.625, 85.875, 1.763712865794123e-22, nan 
-128.375, 85.875, 1.669518535279633e-22, nan 
-128.125, 85.875, 1.3959457548503337e-22, nan 
-127.875, 85.875, 1.1352614237978284e-22, nan 
-127.625, 85.875, 1.0619689191876626e-22, nan 
-127.375, 85.875, 1.1134180989093804e-22, nan 
-127.125, 85.875, 1.247162108597846e-22, nan 
-126.875, 85.875, 1.382604187657734e-22, nan 
-126.625, 85.875, 1.528486012932694e-22, nan 
-126.375, 85.875, 1.707961342613354e-22, nan 
-126.125, 85.875, 1.8858200562142785e-22, nan 
-125.875, 85.875, 2.0773882126374173e-22, nan 
-125.625, 85.875, 2.2471979445833603e-22, nan 
-125.375, 85.875, 2.4001815288782597e-22, nan 
-125.125, 85.875, 2.420006053940166e-22, nan 
-124.875, 85.875, 2.3046024330191364e-22, nan 
-124.625, 85.875, 2.069279930625772e-22, nan 
-124.375, 85.875, 1.9810284597372895e-22, nan 
-124.125, 85.875, 1.982828380411457e-22, nan 
-123.875, 85.875, 2.0773200905527467e-22, nan 
-123.625, 85.875, 2.1026272085166493e-22, nan 
-123.375, 85.875, 2.108808329630003e-22, nan 
-123.125, 85.875, 2.023056702112872e-22, nan 
-122.875, 85.875, 1.8364592709742098e-22, nan 
-122.625, 85.875, 1.814114706064634e-22, nan 
-122.375, 85.875, 1.8149062007639235e-22, nan 
-122.125, 85.875, 1.8633597207800577e-22, nan 
-121.875, 85.875, 1.8437287096111223e-22, nan 
-121.625, 85.875, 1.7053999092533716e-22, nan 
-121.375, 85.875, 1.3860230648790367e-22, nan 
-121.125, 85.875, 1.0865880883253298e-22, nan 
-120.875, 85.875, 9.028707458426114e-23, nan 
-120.625, 85.875, 7.659481806254801e-23, nan 
-120.375, 85.875, 7.70395186590015e-23, nan 
-120.125, 85.875, 7.707014325481254e-23, nan 
-119.875, 85.875, 7.286751040753999e-23, nan 
-119.625, 85.875, 7.347091494635993e-23, nan 
-119.375, 85.875, 7.390915803604914e-23, nan 
-119.125, 85.875, 7.372830519834137e-23, nan 
-118.875, 85.875, 7.276638181454423e-23, nan 
-118.625, 85.875, 7.228543831703217e-23, nan 
-118.375, 85.875, 7.239760693683962e-23, nan 
-118.125, 85.875, 7.334901179413796e-23, nan 
-117.875, 85.875, 7.162716675846616e-23, nan 
-117.625, 85.875, 7.26242394619007e-23, nan 
-117.375, 85.875, 7.470786089122151e-23, nan 
-117.125, 85.875, 8.094810966611422e-23, nan 
-116.875, 85.875, 8.561937505433254e-23, nan 
-116.625, 85.875, 8.486388279242174e-23, nan 
-116.375, 85.875, 8.535203514699964e-23, nan 
-116.125, 85.875, 8.350641951802439e-23, nan 
-115.875, 85.875, 8.159755639703497e-23, nan 
-115.625, 85.875, 8.617905116582962e-23, nan 
-115.375, 85.875, 9.707696799754026e-23, nan 
-115.125, 85.875, 1.0135128058331966e-22, nan 
-114.875, 85.875, 1.0156049141285708e-22, nan 
-114.625, 85.875, 8.742176145731042e-23, nan 
-114.375, 85.875, 7.154956571013186e-23, nan 
-114.125, 85.875, 5.774142201833576e-23, nan 
-113.875, 85.875, 4.355755283543815e-23, nan 
-113.625, 85.875, 3.6348113340329126e-23, nan 
-113.375, 85.875, 3.409163700273659e-23, nan 
-113.125, 85.875, 3.4887606641310744e-23, nan 
-112.875, 85.875, 3.715699248070207e-23, nan 
-112.625, 85.875, 3.969384604519766e-23, nan 
-112.375, 85.875, 4.6792832923987605e-23, nan 
-112.125, 85.875, 5.917594661992896e-23, nan 
-111.875, 85.875, 6.814941277590007e-23, nan 
-111.625, 85.875, 6.900995107474829e-23, nan 
-111.375, 85.875, 7.787624727061803e-23, nan 
-111.125, 85.875, 9.250922381516231e-23, nan 
-110.875, 85.875, 1.0363830067274944e-22, nan 
-110.625, 85.875, 1.0704223478999645e-22, nan 
-110.375, 85.875, 1.110109403919779e-22, nan 
-110.125, 85.875, 9.976497877543573e-23, nan 
-109.875, 85.875, 9.118974697384524e-23, nan 
-109.625, 85.875, 7.796580076497712e-23, nan 
-109.375, 85.875, 5.300454715759028e-23, nan 
-109.125, 85.875, 7.878857763765297e-23, nan 
-108.875, 85.875, 9.077973874464115e-23, nan 
-108.625, 85.875, 9.48827588117959e-23, nan 
-108.375, 85.875, 1.105708829770972e-22, nan 
-108.125, 85.875, 1.4856226072091817e-22, nan 
-107.875, 85.875, 1.8755428048030474e-22, nan 
-107.625, 85.875, 2.1580975883917524e-22, nan 
-107.375, 85.875, 2.358128172229491e-22, nan 
-107.125, 85.875, 2.5924453446191776e-22, nan 
-106.875, 85.875, 2.427390145890755e-22, nan 
-106.625, 85.875, 2.2637580444966665e-22, nan 
-106.375, 85.875, 2.0116868462642034e-22, nan 
-106.125, 85.875, 1.1695872064539509e-22, nan 
-105.875, 85.875, 1.247011260822532e-22, nan 
-105.625, 85.875, 1.3714219361428846e-22, nan 
-105.375, 85.875, 1.4792674586209537e-22, nan 
-105.125, 85.875, 1.6629678819455267e-22, nan 
-104.875, 85.875, 1.8528243458500502e-22, nan 
-104.625, 85.875, 1.9490200492583212e-22, nan 
-104.375, 85.875, 1.9764186764408096e-22, nan 
-104.125, 85.875, 2.1005467686627742e-22, nan 
-103.875, 85.875, 2.25359669294495e-22, nan 
-103.625, 85.875, 2.006818719334678e-22, nan 
-103.375, 85.875, 1.7231691657000282e-22, nan 
-103.125, 85.875, 1.586619543542487e-22, nan 
-102.875, 85.875, 9.9614224108804e-23, nan 
-102.625, 85.875, 9.726778736594974e-23, nan 
-102.375, 85.875, 1.2870180431487076e-22, nan 
-102.125, 85.875, 1.5711384955397694e-22, nan 
-101.875, 85.875, 1.9909649997169955e-22, nan 
-101.625, 85.875, 1.8671567931100598e-22, nan 
-101.375, 85.875, 1.7923207751485484e-22, nan 
-101.125, 85.875, 1.5996151329947307e-22, nan 
-100.875, 85.875, 1.4104946263295624e-22, nan 
-100.625, 85.875, 1.6114552212845118e-22, nan 
-100.375, 85.875, 1.3640500388101665e-22, nan 
-100.125, 85.875, 1.4312055812636755e-22, nan 
-99.875, 85.875, 1.789401713655487e-22, nan 
-99.625, 85.875, 2.494932910046684e-22, nan 
-99.375, 85.875, 3.347390940114987e-22, nan 
-99.125, 85.875, 4.295314470810984e-22, nan 
-98.875, 85.875, 5.154192350464805e-22, nan 
-98.625, 85.875, 6.088952295525986e-22, nan 
-98.375, 85.875, 6.2762982483691155e-22, nan 
-98.125, 85.875, 6.025011616800484e-22, nan 
-97.875, 85.875, 5.377639114185413e-22, nan 
-97.625, 85.875, 4.2341794526025888e-22, nan 
-97.375, 85.875, 3.382834524534867e-22, nan 
-97.125, 85.875, 2.7935000671016266e-22, nan 
-96.875, 85.875, 2.740707907319389e-22, nan 
-96.625, 85.875, 2.7636223373738746e-22, nan 
-96.375, 85.875, 2.9973792412389833e-22, nan 
-96.125, 85.875, 3.6654007047814957e-22, nan 
-95.875, 85.875, 4.280981556070925e-22, nan 
-95.625, 85.875, 4.84071357399845e-22, nan 
-95.375, 85.875, 5.248664914163126e-22, nan 
-95.125, 85.875, 5.525184183171058e-22, nan 
-94.875, 85.875, 5.517851643061224e-22, nan 
-94.625, 85.875, 5.144699687729421e-22, nan 
-94.375, 85.875, 4.352137558394829e-22, nan 
-94.125, 85.875, 3.7070475656451366e-22, nan 
-93.875, 85.875, 3.3667415835321867e-22, nan 
-93.625, 85.875, 3.273314255777862e-22, nan 
-93.375, 85.875, 3.124036945859621e-22, nan 
-93.125, 85.875, 3.0012894518180633e-22, nan 
-92.875, 85.875, 2.855965225283987e-22, nan 
-92.625, 85.875, 3.2620172588565983e-22, nan 
-92.375, 85.875, 3.686881976877957e-22, nan 
-92.125, 85.875, 3.901383451390122e-22, nan 
-91.875, 85.875, 3.989458701099942e-22, nan 
-91.625, 85.875, 3.745898874115813e-22, nan 
-91.375, 85.875, 3.266621368450805e-22, nan 
-91.125, 85.875, 3.065570338802134e-22, nan 
-90.875, 85.875, 3.2511361117313925e-22, nan 
-90.625, 85.875, 3.528775120931067e-22, nan 
-90.375, 85.875, 3.566830922318446e-22, nan 
-90.125, 85.875, 3.501548400618619e-22, nan 
-89.875, 85.875, 3.414920921897235e-22, nan 
-89.625, 85.875, 3.479523657908941e-22, nan 
-89.375, 85.875, 3.5005161835146347e-22, nan 
-89.125, 85.875, 3.5489652130734255e-22, nan 
-88.875, 85.875, 3.64437687140827e-22, nan 
-88.625, 85.875, 3.6500830177242125e-22, nan 
-88.375, 85.875, 3.3967273533179003e-22, nan 
-88.125, 85.875, 3.1981166056040855e-22, nan 
-87.875, 85.875, 3.1322267353327847e-22, nan 
-87.625, 85.875, 2.9533840075781404e-22, nan 
-87.375, 85.875, 2.7897234996731946e-22, nan 
-87.125, 85.875, 2.789390121103825e-22, nan 
-86.875, 85.875, 2.7763343803661523e-22, nan 
-86.625, 85.875, 2.720556660902134e-22, nan 
-86.375, 85.875, 2.773894069682887e-22, nan 
-86.125, 85.875, 2.914519080978914e-22, nan 
-85.875, 85.875, 2.952521063988334e-22, nan 
-85.625, 85.875, 3.0769809589458687e-22, nan 
-85.375, 85.875, 3.1472805094998715e-22, nan 
-85.125, 85.875, 3.0896276065960695e-22, nan 
-84.875, 85.875, 3.1141760145589805e-22, nan 
-84.625, 85.875, 3.1472325747630157e-22, nan 
-84.375, 85.875, 3.151160632878555e-22, nan 
-84.125, 85.875, 3.063438622323356e-22, nan 
-83.875, 85.875, 3.070341492072719e-22, nan 
-83.625, 85.875, 2.968104947689244e-22, nan 
-83.375, 85.875, 2.924608954670038e-22, nan 
-83.125, 85.875, 2.833359428487026e-22, nan 
-82.875, 85.875, 2.8507682719556257e-22, nan 
-82.625, 85.875, 2.9629110264013744e-22, nan 
-82.375, 85.875, 3.061268156560018e-22, nan 
-82.125, 85.875, 3.25186909846941e-22, nan 
-81.875, 85.875, 3.3041703239549932e-22, nan 
-81.625, 85.875, 3.378914816078487e-22, nan 
-81.375, 85.875, 3.463580475868608e-22, nan 
-81.125, 85.875, 3.505086708279511e-22, nan 
-80.875, 85.875, 3.4958741319551817e-22, nan 
-80.625, 85.875, 3.3495302470260857e-22, nan 
-80.375, 85.875, 3.07535115565982e-22, nan 
-80.125, 85.875, 2.8933602299413573e-22, nan 
-79.875, 85.875, 2.92200575657626e-22, nan 
-79.625, 85.875, 3.1088343908247915e-22, nan 
-79.375, 85.875, 3.2012241636937477e-22, nan 
-79.125, 85.875, 3.377635980913692e-22, nan 
-78.875, 85.875, 3.835886894493202e-22, nan 
-78.625, 85.875, 4.1863508151302003e-22, nan 
-78.375, 85.875, 4.763280907245733e-22, nan 
-78.125, 85.875, 5.348963804713394e-22, nan 
-77.875, 85.875, 5.859398369777377e-22, nan 
-77.625, 85.875, 6.023056142534665e-22, nan 
-77.375, 85.875, 6.142794504077223e-22, nan 
-77.125, 85.875, 6.14501772650353e-22, nan 
-76.875, 85.875, 6.046988689335851e-22, nan 
-76.625, 85.875, 6.032736197285654e-22, nan 
-76.375, 85.875, 6.237899970296084e-22, nan 
-76.125, 85.875, 6.004315892741174e-22, nan 
-75.875, 85.875, 5.622012165749391e-22, nan 
-75.625, 85.875, 6.019709006308085e-22, nan 
-75.375, 85.875, 5.910423900158738e-22, nan 
-75.125, 85.875, 6.174544502856966e-22, nan 
-74.875, 85.875, 6.092792425441426e-22, nan 
-74.625, 85.875, 6.078516978122422e-22, nan 
-74.375, 85.875, 6.277383201442556e-22, nan 
-74.125, 85.875, 6.383455842759162e-22, nan 
-73.875, 85.875, 6.349960622134107e-22, nan 
-73.625, 85.875, 6.390317910242968e-22, nan 
-73.375, 85.875, 6.781400321527329e-22, nan 
-73.125, 85.875, 7.284786889232695e-22, nan 
-72.875, 85.875, 7.589562634098572e-22, nan 
-72.625, 85.875, 7.697570023818879e-22, nan 
-72.375, 85.875, 8.040797688655722e-22, nan 
-72.125, 85.875, 8.229811529302782e-22, nan 
-71.875, 85.875, 8.384304550187929e-22, nan 
-71.625, 85.875, 8.628782859577445e-22, nan 
-71.375, 85.875, 8.922406037570637e-22, nan 
-71.125, 85.875, 8.953046441599147e-22, nan 
-70.875, 85.875, 8.659842093813518e-22, nan 
-70.625, 85.875, 8.365099027551552e-22, nan 
-70.375, 85.875, 8.381100772359301e-22, nan 
-70.125, 85.875, 8.727605177020323e-22, nan 
-69.875, 85.875, 9.168983274091733e-22, nan 
-69.625, 85.875, 8.963442087049686e-22, nan 
-69.375, 85.875, 8.58089237181513e-22, nan 
-69.125, 85.875, 8.203986507259347e-22, nan 
-68.875, 85.875, 7.938867226054611e-22, nan 
-68.625, 85.875, 7.782675183575267e-22, nan 
-68.375, 85.875, 7.259521379725695e-22, nan 
-68.125, 85.875, 7.03408961028622e-22, nan 
-67.875, 85.875, 6.720055031235404e-22, nan 
-67.625, 85.875, 5.848609581850795e-22, nan 
-67.375, 85.875, 4.635600085430698e-22, nan 
-67.125, 85.875, 2.968531323369823e-22, nan 
-66.875, 85.875, 4.7021763045235815e-22, nan 
-66.625, 85.875, 6.619565652370322e-22, nan 
-66.375, 85.875, 7.644881888853901e-22, nan 
-66.125, 85.875, 8.329045538137933e-22, nan 
-65.875, 85.875, 1.0846070177660594e-21, nan 
-65.625, 85.875, 1.187774971540046e-21, nan 
-65.375, 85.875, 1.2817892214998747e-21, nan 
-65.125, 85.875, 1.3633326446157055e-21, nan 
-64.875, 85.875, 1.5580415286624551e-21, nan 
-64.625, 85.875, 1.5986745269164747e-21, nan 
-64.375, 85.875, 1.6168022855523847e-21, nan 
-64.125, 85.875, 1.6597772867536695e-21, nan 
-63.875, 85.875, 1.6406402431015034e-21, nan 
-63.625, 85.875, 1.675274928218096e-21, nan 
-63.375, 85.875, 1.64153319460348e-21, nan 
-63.125, 85.875, 1.578785162497877e-21, nan 
-62.875, 85.875, 1.512447737717738e-21, nan 
-62.625, 85.875, 1.3963574413248407e-21, nan 
-62.375, 85.875, 1.3310821381451805e-21, nan 
-62.125, 85.875, 1.2938718100866979e-21, nan 
-61.875, 85.875, 1.2460485563313737e-21, nan 
-61.625, 85.875, 1.193536033514995e-21, nan 
-61.375, 85.875, 1.2362152044807502e-21, nan 
-61.125, 85.875, 1.2308847027314152e-21, nan 
-60.875, 85.875, 1.2922855226105013e-21, nan 
-60.625, 85.875, 1.3472357348389296e-21, nan 
-60.375, 85.875, 1.5281748215420228e-21, nan 
-60.125, 85.875, 1.5757281659906258e-21, nan 
-59.875, 85.875, 1.6194703554699307e-21, nan 
-59.625, 85.875, 1.6507929970459472e-21, nan 
-59.375, 85.875, 1.6283327992902687e-21, nan 
-59.125, 85.875, 1.619677314978267e-21, nan 
-58.875, 85.875, 1.5715099334983237e-21, nan 
-58.625, 85.875, 1.5336925072218022e-21, nan 
-58.375, 85.875, 1.4287295932491329e-21, nan 
-58.125, 85.875, 1.4029912531401777e-21, nan 
-57.875, 85.875, 1.3994103348683358e-21, nan 
-57.625, 85.875, 1.3968603439523747e-21, nan 
-57.375, 85.875, 1.4065772735892116e-21, nan 
-57.125, 85.875, 1.4519889986081957e-21, nan 
-56.875, 85.875, 1.4684305579611023e-21, nan 
-56.625, 85.875, 1.4767881873411835e-21, nan 
-56.375, 85.875, 1.4840536476637738e-21, nan 
-56.125, 85.875, 1.5114247722538692e-21, nan 
-55.875, 85.875, 1.544655193570808e-21, nan 
-55.625, 85.875, 1.5797979495597023e-21, nan 
-55.375, 85.875, 1.6215362725782639e-21, nan 
-55.125, 85.875, 1.6972542391703793e-21, nan 
-54.875, 85.875, 1.5951503735353833e-21, nan 
-54.625, 85.875, 1.243842124656239e-21, nan 
-54.375, 85.875, 1.0045162969755015e-21, nan 
-54.125, 85.875, 9.23458705052271e-22, nan 
-53.875, 85.875, 8.759141492751199e-22, nan 
-53.625, 85.875, 8.48270275078279e-22, nan 
-53.375, 85.875, 7.406486866848309e-22, nan 
-53.125, 85.875, 6.722068165519796e-22, nan 
-52.875, 85.875, 2.042417328205149e-21, nan 
-52.625, 85.875, 3.2734807031958513e-21, nan 
-52.375, 85.875, 3.469016617394932e-21, nan 
-52.125, 85.875, 3.646348608094987e-21, nan 
-51.875, 85.875, 3.760082281597418e-21, nan 
-51.625, 85.875, 3.80285814683453e-21, nan 
-51.375, 85.875, 3.756153285047667e-21, nan 
-51.125, 85.875, 4.0152639436764816e-21, nan 
-50.875, 85.875, 4.3550169181767294e-21, nan 
-50.625, 85.875, 4.838816258538439e-21, nan 
-50.375, 85.875, 4.825973897456668e-21, nan 
-50.125, 85.875, 5.0499271666693245e-21, nan 
-49.875, 85.875, 4.8691966369529715e-21, nan 
-49.625, 85.875, 4.710644942164144e-21, nan 
-49.375, 85.875, 4.399770527807841e-21, nan 
-49.125, 85.875, 4.311099253412716e-21, nan 
-48.875, 85.875, 4.095428072831919e-21, nan 
-48.625, 85.875, 3.9686819002635515e-21, nan 
-48.375, 85.875, 3.6532090555504026e-21, nan 
-48.125, 85.875, 3.609179191595478e-21, nan 
-47.875, 85.875, 3.598761997043867e-21, nan 
-47.625, 85.875, 3.794417262763285e-21, nan 
-47.375, 85.875, 4.490461692644079e-21, nan 
-47.125, 85.875, 4.9024184999047315e-21, nan 
-46.875, 85.875, 5.4900355544026215e-21, nan 
-46.625, 85.875, 5.479285147373668e-21, nan 
-46.375, 85.875, 5.441266331222332e-21, nan 
-46.125, 85.875, 5.417022232978036e-21, nan 
-45.875, 85.875, 5.471788226321701e-21, nan 
-45.625, 85.875, 5.43115648019482e-21, nan 
-45.375, 85.875, 5.4777890266447235e-21, nan 
-45.125, 85.875, 5.295261064068843e-21, nan 
-44.875, 85.875, 5.234178464004542e-21, nan 
-44.625, 85.875, 5.075751095195141e-21, nan 
-44.375, 85.875, 4.903246881463317e-21, nan 
-44.125, 85.875, 4.771299644314321e-21, nan 
-43.875, 85.875, 4.758487385518083e-21, nan 
-43.625, 85.875, 4.736823667573303e-21, nan 
-43.375, 85.875, 4.8292019648208844e-21, nan 
-43.125, 85.875, 4.903828878207572e-21, nan 
-42.875, 85.875, 4.919678398605689e-21, nan 
-42.625, 85.875, 4.951096849416926e-21, nan 
-42.375, 85.875, 5.043204940352364e-21, nan 
-42.125, 85.875, 5.03557489981167e-21, nan 
-41.875, 85.875, 5.017159458771969e-21, nan 
-41.625, 85.875, 5.0219097009259125e-21, nan 
-41.375, 85.875, 5.013204361086072e-21, nan 
-41.125, 85.875, 5.019264099835506e-21, nan 
-40.875, 85.875, 5.16196105671463e-21, nan 
-40.625, 85.875, 5.281472518476439e-21, nan 
-40.375, 85.875, 5.3536572853348995e-21, nan 
-40.125, 85.875, 5.446512682450077e-21, nan 
-39.875, 85.875, 5.487729973360659e-21, nan 
-39.625, 85.875, 5.490851924082895e-21, nan 
-39.375, 85.875, 5.7181704250287734e-21, nan 
-39.125, 85.875, 5.538169612859835e-21, nan 
-38.875, 85.875, 5.2928016401679224e-21, nan 
-38.625, 85.875, 5.219346058186494e-21, nan 
-38.375, 85.875, 5.21978667606726e-21, nan 
-38.125, 85.875, 5.215352573212136e-21, nan 
-37.875, 85.875, 5.247052856155808e-21, nan 
-37.625, 85.875, 5.258570919176175e-21, nan 
-37.375, 85.875, 5.357091555797188e-21, nan 
-37.125, 85.875, 5.6528881223612525e-21, nan 
-36.875, 85.875, 5.627659254181409e-21, nan 
-36.625, 85.875, 5.728072068418338e-21, nan 
-36.375, 85.875, 5.9407649877099416e-21, nan 
-36.125, 85.875, 6.166337550134349e-21, nan 
-35.875, 85.875, 5.994021152297067e-21, nan 
-35.625, 85.875, 5.951605081384009e-21, nan 
-35.375, 85.875, 5.688605698792289e-21, nan 
-35.125, 85.875, 5.680731432900746e-21, nan 
-34.875, 85.875, 5.650364485707878e-21, nan 
-34.625, 85.875, 5.596694674378512e-21, nan 
-34.375, 85.875, 5.542890971947473e-21, nan 
-34.125, 85.875, 5.46823137178644e-21, nan 
-33.875, 85.875, 5.59690510879978e-21, nan 
-33.625, 85.875, 5.6710569307166205e-21, nan 
-33.375, 85.875, 5.5897761760930185e-21, nan 
-33.125, 85.875, 5.744020063052806e-21, nan 
-32.875, 85.875, 6.061238419141494e-21, nan 
-32.625, 85.875, 6.542621431739917e-21, nan 
-32.375, 85.875, 6.4335689624994015e-21, nan 
-32.125, 85.875, 6.381045732921965e-21, nan 
-31.875, 85.875, 6.610076187789705e-21, nan 
-31.625, 85.875, 6.5281679167316404e-21, nan 
-31.375, 85.875, 6.361008795216044e-21, nan 
-31.125, 85.875, 6.3540780855674005e-21, nan 
-30.875, 85.875, 6.484755475005104e-21, nan 
-30.625, 85.875, 6.375018848697563e-21, nan 
-30.375, 85.875, 6.487242192835439e-21, nan 
-30.125, 85.875, 5.945168284855486e-21, nan 
-29.875, 85.875, 5.477909484306563e-21, nan 
-29.625, 85.875, 5.002824186427469e-21, nan 
-29.375, 85.875, 4.588152360976385e-21, nan 
-29.125, 85.875, 4.138404466199827e-21, nan 
-28.875, 85.875, 4.0633368044561704e-21, nan 
-28.625, 85.875, 3.937382810653586e-21, nan 
-28.375, 85.875, 3.8592862092541385e-21, nan 
-28.125, 85.875, 3.8316505488329394e-21, nan 
-27.875, 85.875, 3.849779646780037e-21, nan 
-27.625, 85.875, 4.0614251304434044e-21, nan 
-27.375, 85.875, 4.118456239255994e-21, nan 
-27.125, 85.875, 4.284749279446643e-21, nan 
-26.875, 85.875, 4.163716191935245e-21, nan 
-26.625, 85.875, 4.8486661841019666e-21, nan 
-26.375, 85.875, 5.62929460577473e-21, nan 
-26.125, 85.875, 5.537417719606748e-21, nan 
-25.875, 85.875, 5.627384177076941e-21, nan 
-25.625, 85.875, 5.792250290884072e-21, nan 
-25.375, 85.875, 5.763035896516596e-21, nan 
-25.125, 85.875, 5.711349529577256e-21, nan 
-24.875, 85.875, 5.722584760802499e-21, nan 
-24.625, 85.875, 5.796421396228327e-21, nan 
-24.375, 85.875, 6.1492053178850286e-21, nan 
-24.125, 85.875, 6.2140114750986055e-21, nan 
-23.875, 85.875, 6.10621606627186e-21, nan 
-23.625, 85.875, 6.141429822042993e-21, nan 
-23.375, 85.875, 6.283461620623496e-21, nan 
-23.125, 85.875, 5.923798613326172e-21, nan 
-22.875, 85.875, 5.469432610980253e-21, nan 
-22.625, 85.875, 5.2386460427957685e-21, nan 
-22.375, 85.875, 4.528470519842487e-21, nan 
-22.125, 85.875, 3.9544504676893854e-21, nan 
-21.875, 85.875, 3.891213959491648e-21, nan 
-21.625, 85.875, 3.907912017795893e-21, nan 
-21.375, 85.875, 3.894509384894195e-21, nan 
-21.125, 85.875, 3.897245884845788e-21, nan 
-20.875, 85.875, 3.953193361126626e-21, nan 
-20.625, 85.875, 4.0797853032370295e-21, nan 
-20.375, 85.875, 4.026937442683555e-21, nan 
-20.125, 85.875, 3.261729749901796e-21, nan 
-19.875, 85.875, 2.7077190949028927e-21, nan 
-19.625, 85.875, 2.5796923008635212e-21, nan 
-19.375, 85.875, 2.2135590318689792e-21, nan 
-19.125, 85.875, 2.1514739634484184e-21, nan 
-18.875, 85.875, 2.0301110290162593e-21, nan 
-18.625, 85.875, 1.768610358442758e-21, nan 
-18.375, 85.875, 1.796284404253805e-21, nan 
-18.125, 85.875, 1.4571780481424423e-21, nan 
-17.875, 85.875, 1.3310064080783605e-21, nan 
-17.625, 85.875, 1.3369932510053099e-21, nan 
-17.375, 85.875, 1.410803972416092e-21, nan 
-17.125, 85.875, 1.4231226113403888e-21, nan 
-16.875, 85.875, 1.4395362923146477e-21, nan 
-16.625, 85.875, 1.5005513686720516e-21, nan 
-16.375, 85.875, 1.5679698291373468e-21, nan 
-16.125, 85.875, 1.6000320048877832e-21, nan 
-15.875, 85.875, 1.5718181738994133e-21, nan 
-15.625, 85.875, 1.4992693689517976e-21, nan 
-15.375, 85.875, 1.4392724696648147e-21, nan 
-15.125, 85.875, 1.3739175968645799e-21, nan 
-14.875, 85.875, 1.301189562091102e-21, nan 
-14.625, 85.875, 1.2713727975166148e-21, nan 
-14.375, 85.875, 1.2963766556584468e-21, nan 
-14.125, 85.875, 1.3914898229623529e-21, nan 
-13.875, 85.875, 1.5410246034468213e-21, nan 
-13.625, 85.875, 1.6096630280027067e-21, nan 
-13.375, 85.875, 1.7230592201710313e-21, nan 
-13.125, 85.875, 1.8696260364600216e-21, nan 
-12.875, 85.875, 2.0990763059044763e-21, nan 
-12.625, 85.875, 2.1442891871656005e-21, nan 
-12.375, 85.875, 2.0412976712962343e-21, nan 
-12.125, 85.875, 2.0619792233736048e-21, nan 
-11.875, 85.875, 1.996114253000246e-21, nan 
-11.625, 85.875, 1.9119890960796823e-21, nan 
-11.375, 85.875, 1.7947072503678654e-21, nan 
-11.125, 85.875, 1.7030861268731443e-21, nan 
-10.875, 85.875, 1.7689377718312784e-21, nan 
-10.625, 85.875, 2.1370614711589358e-21, nan 
-10.375, 85.875, 2.528471636025112e-21, nan 
-10.125, 85.875, 2.7823829019865806e-21, nan 
-9.875, 85.875, 3.2061904523742706e-21, nan 
-9.625, 85.875, 3.2029952861464343e-21, nan 
-9.375, 85.875, 3.1591176350535763e-21, nan 
-9.125, 85.875, 2.9249622053069904e-21, nan 
-8.875, 85.875, 2.8216713405310418e-21, nan 
-8.625, 85.875, 2.4661578878631728e-21, nan 
-8.375, 85.875, 2.197468586674303e-21, nan 
-8.125, 85.875, 1.930845346705945e-21, nan 
-7.875, 85.875, 1.7777987220800616e-21, nan 
-7.625, 85.875, 1.4850053149598888e-21, nan 
-7.375, 85.875, 1.2597316947770908e-21, nan 
-7.125, 85.875, 1.2859582193050209e-21, nan 
-6.875, 85.875, 1.3628458243412015e-21, nan 
-6.625, 85.875, 1.4446248498127964e-21, nan 
-6.375, 85.875, 1.6260005507553472e-21, nan 
-6.125, 85.875, 1.795619614089805e-21, nan 
-5.875, 85.875, 1.9780663038177735e-21, nan 
-5.625, 85.875, 2.0855570721378582e-21, nan 
-5.375, 85.875, 2.033215915069716e-21, nan 
-5.125, 85.875, 2.0706269136334046e-21, nan 
-4.875, 85.875, 2.144635477253525e-21, nan 
-4.625, 85.875, 2.1745131496468005e-21, nan 
-4.375, 85.875, 2.3014361094517907e-21, nan 
-4.125, 85.875, 2.369268460379524e-21, nan 
-3.875, 85.875, 2.4883659866771077e-21, nan 
-3.625, 85.875, 2.472386951806984e-21, nan 
-3.375, 85.875, 2.4447305630242735e-21, nan 
-3.125, 85.875, 1.9162782754431043e-21, nan 
-2.875, 85.875, 1.4751589290864906e-21, nan 
-2.625, 85.875, 1.37304031435245e-21, nan 
-2.375, 85.875, 1.3047371971204406e-21, nan 
-2.125, 85.875, 1.3210983916033435e-21, nan 
-1.875, 85.875, 1.3724370216362658e-21, nan 
-1.625, 85.875, 1.3529110172801572e-21, nan 
-1.375, 85.875, 1.3757826337533962e-21, nan 
-1.125, 85.875, 1.3719814652710672e-21, nan 
-0.875, 85.875, 1.3872552324331035e-21, nan 
-0.625, 85.875, 1.3351273521414158e-21, nan 
-0.375, 85.875, 1.2849470030075137e-21, nan 
-0.125, 85.875, 1.072322159053229e-21, nan 
0.125, 85.875, 8.769754900304739e-22, nan 
0.375, 85.875, 5.873590695373427e-22, nan 
0.625, 85.875, 4.27415276282755e-22, nan 
0.875, 85.875, 6.873173019338647e-22, nan 
1.125, 85.875, 9.363499389722578e-22, nan 
1.375, 85.875, 1.315859968479052e-21, nan 
1.625, 85.875, 1.4906407844621961e-21, nan 
1.875, 85.875, 1.5430481125911994e-21, nan 
2.125, 85.875, 1.6072475375546273e-21, nan 
2.375, 85.875, 1.7417386022384273e-21, nan 
2.625, 85.875, 1.8533117725126487e-21, nan 
2.875, 85.875, 1.913602324174823e-21, nan 
3.125, 85.875, 2.0027574977488582e-21, nan 
3.375, 85.875, 2.095050111404116e-21, nan 
3.625, 85.875, 2.0086211395645962e-21, nan 
3.875, 85.875, 1.9242578279322333e-21, nan 
4.125, 85.875, 1.869393665224603e-21, nan 
4.375, 85.875, 1.739886279272965e-21, nan 
4.625, 85.875, 1.6995839900352953e-21, nan 
4.875, 85.875, 1.6872347430912916e-21, nan 
5.125, 85.875, 1.6636294900895078e-21, nan 
5.375, 85.875, 1.6445202239632957e-21, nan 
5.625, 85.875, 1.6124932657777874e-21, nan 
5.875, 85.875, 1.438031889648076e-21, nan 
6.125, 85.875, 1.3945143145380873e-21, nan 
6.375, 85.875, 1.432647313331833e-21, nan 
6.625, 85.875, 1.4337152472995166e-21, nan 
6.875, 85.875, 1.3957966149062628e-21, nan 
7.125, 85.875, 1.3601340228969306e-21, nan 
7.375, 85.875, 1.3237724474569959e-21, nan 
7.625, 85.875, 1.286488092723899e-21, nan 
7.875, 85.875, 1.2442612633546138e-21, nan 
8.125, 85.875, 1.2297044626729732e-21, nan 
8.375, 85.875, 1.215624461417987e-21, nan 
8.625, 85.875, 1.2133569776645269e-21, nan 
8.875, 85.875, 1.2035044256169663e-21, nan 
9.125, 85.875, 1.1247678060356975e-21, nan 
9.375, 85.875, 1.068056295822157e-21, nan 
9.625, 85.875, 1.0790255090092014e-21, nan 
9.875, 85.875, 1.0247130539012667e-21, nan 
10.125, 85.875, 9.960048497264207e-22, nan 
10.375, 85.875, 9.909118633165675e-22, nan 
10.625, 85.875, 9.714134548179567e-22, nan 
10.875, 85.875, 9.575225416032602e-22, nan 
11.125, 85.875, 9.369045484386781e-22, nan 
11.375, 85.875, 9.17476295778522e-22, nan 
11.625, 85.875, 9.197789426397355e-22, nan 
11.875, 85.875, 9.127458348625317e-22, nan 
12.125, 85.875, 9.235323192061542e-22, nan 
12.375, 85.875, 9.30634576009857e-22, nan 
12.625, 85.875, 9.281010705512862e-22, nan 
12.875, 85.875, 9.446834267866052e-22, nan 
13.125, 85.875, 9.370943097685772e-22, nan 
13.375, 85.875, 8.189916941234886e-22, nan 
13.625, 85.875, 7.288612932061038e-22, nan 
13.875, 85.875, 6.569412261933651e-22, nan 
14.125, 85.875, 6.591842855615724e-22, nan 
14.375, 85.875, 6.170273549731368e-22, nan 
14.625, 85.875, 5.790965174805312e-22, nan 
14.875, 85.875, 5.848680873235842e-22, nan 
15.125, 85.875, 5.737258950397689e-22, nan 
15.375, 85.875, 5.694510720436816e-22, nan 
15.625, 85.875, 5.704583744786053e-22, nan 
15.875, 85.875, 5.271694748866226e-22, nan 
16.125, 85.875, 4.946344794713493e-22, nan 
16.375, 85.875, 4.709770290434782e-22, nan 
16.625, 85.875, 4.442200315273046e-22, nan 
16.875, 85.875, 4.092976349255801e-22, nan 
17.125, 85.875, 4.0794094172562496e-22, nan 
17.375, 85.875, 4.149116457976837e-22, nan 
17.625, 85.875, 3.984010541802115e-22, nan 
17.875, 85.875, 3.655793276880537e-22, nan 
18.125, 85.875, 3.4314441347971647e-22, nan 
18.375, 85.875, 3.4296171998748964e-22, nan 
18.625, 85.875, 3.2138060395037305e-22, nan 
18.875, 85.875, 2.9728594093366417e-22, nan 
19.125, 85.875, 2.8830216566541237e-22, nan 
19.375, 85.875, 2.9014432823201367e-22, nan 
19.625, 85.875, 2.779019624212592e-22, nan 
19.875, 85.875, 2.7980413325037495e-22, nan 
20.125, 85.875, 2.5907042963503353e-22, nan 
20.375, 85.875, 2.3030396319594194e-22, nan 
20.625, 85.875, 2.0847072128755192e-22, nan 
20.875, 85.875, 1.949230323336339e-22, nan 
21.125, 85.875, 1.615114758474102e-22, nan 
21.375, 85.875, 1.2121493700618994e-22, nan 
21.625, 85.875, 8.489228147588892e-23, nan 
21.875, 85.875, 7.243638409861471e-23, nan 
22.125, 85.875, 8.00543854415544e-23, nan 
22.375, 85.875, 9.68722635990708e-23, nan 
22.625, 85.875, 1.141496458982109e-22, nan 
22.875, 85.875, 1.1434239068839454e-22, nan 
23.125, 85.875, 1.2636364136257874e-22, nan 
23.375, 85.875, 1.4459322722503736e-22, nan 
23.625, 85.875, 1.5561591196870686e-22, nan 
23.875, 85.875, 1.6459247801453237e-22, nan 
24.125, 85.875, 1.74802833513782e-22, nan 
24.375, 85.875, 1.766868050559278e-22, nan 
24.625, 85.875, 1.6700109447889036e-22, nan 
24.875, 85.875, 1.6015458201090706e-22, nan 
25.125, 85.875, 1.5372637618499482e-22, nan 
25.375, 85.875, 1.3568444072610026e-22, nan 
25.625, 85.875, 1.197168788630253e-22, nan 
25.875, 85.875, 1.0978547635823866e-22, nan 
26.125, 85.875, 9.142752514111749e-23, nan 
26.375, 85.875, 8.689323590295925e-23, nan 
26.625, 85.875, 1.007623615040024e-22, nan 
26.875, 85.875, 1.1143472160893833e-22, nan 
27.125, 85.875, 1.2647371870930442e-22, nan 
27.375, 85.875, 1.3959099838114155e-22, nan 
27.625, 85.875, 1.5286928572369236e-22, nan 
27.875, 85.875, 1.4762353396474755e-22, nan 
28.125, 85.875, 1.5971788985834564e-22, nan 
28.375, 85.875, 1.5998694952689513e-22, nan 
28.625, 85.875, 1.4594353900372952e-22, nan 
28.875, 85.875, 2.0687502639614661e-22, nan 
29.125, 85.875, 2.866490886631827e-22, nan 
29.375, 85.875, 3.091166651677639e-22, nan 
29.625, 85.875, 3.2509421150238923e-22, nan 
29.875, 85.875, 3.8115500895496253e-22, nan 
30.125, 85.875, 3.9564115828167375e-22, nan 
30.375, 85.875, 4.041469728773388e-22, nan 
30.625, 85.875, 4.32323947680602e-22, nan 
30.875, 85.875, 4.634755692304977e-22, nan 
31.125, 85.875, 4.819655497927394e-22, nan 
31.375, 85.875, 4.943163151092469e-22, nan 
31.625, 85.875, 5.270082077994359e-22, nan 
31.875, 85.875, 5.534626180970579e-22, nan 
32.125, 85.875, 5.654492646578991e-22, nan 
32.375, 85.875, 5.565300285695774e-22, nan 
32.625, 85.875, 5.320925289198126e-22, nan 
32.875, 85.875, 4.995082163600903e-22, nan 
33.125, 85.875, 4.65150199136233e-22, nan 
33.375, 85.875, 4.53017339637549e-22, nan 
33.625, 85.875, 4.493079368504364e-22, nan 
33.875, 85.875, 4.35039315172921e-22, nan 
34.125, 85.875, 4.258964759601212e-22, nan 
34.375, 85.875, 4.1619380920363256e-22, nan 
34.625, 85.875, 4.173363839899671e-22, nan 
34.875, 85.875, 4.198661882410435e-22, nan 
35.125, 85.875, 4.280022623462551e-22, nan 
35.375, 85.875, 4.260073903707256e-22, nan 
35.625, 85.875, 4.192030043706667e-22, nan 
35.875, 85.875, 4.0689801338161393e-22, nan 
36.125, 85.875, 3.859134463850628e-22, nan 
36.375, 85.875, 3.646300344605035e-22, nan 
36.625, 85.875, 3.451623809750621e-22, nan 
36.875, 85.875, 3.353491723943287e-22, nan 
37.125, 85.875, 3.1600180472381695e-22, nan 
37.375, 85.875, 2.933959229147667e-22, nan 
37.625, 85.875, 2.6637737684313305e-22, nan 
37.875, 85.875, 2.4233254241192067e-22, nan 
38.125, 85.875, 2.362432385405445e-22, nan 
38.375, 85.875, 2.297217153676277e-22, nan 
38.625, 85.875, 2.2285298103325323e-22, nan 
38.875, 85.875, 2.125658734988381e-22, nan 
39.125, 85.875, 2.132479315930982e-22, nan 
39.375, 85.875, 2.0960504513237676e-22, nan 
39.625, 85.875, 1.99128374565826e-22, nan 
39.875, 85.875, 1.9051298847710522e-22, nan 
40.125, 85.875, 1.8210821192482347e-22, nan 
40.375, 85.875, 1.7488149842665762e-22, nan 
40.625, 85.875, 1.7674829484135443e-22, nan 
40.875, 85.875, 1.745548407591452e-22, nan 
41.125, 85.875, 1.7455719317191589e-22, nan 
41.375, 85.875, 1.738928156501405e-22, nan 
41.625, 85.875, 1.672532714332168e-22, nan 
41.875, 85.875, 1.6607582379787566e-22, nan 
42.125, 85.875, 1.5668638905948523e-22, nan 
42.375, 85.875, 1.7810538617673637e-22, nan 
42.625, 85.875, 1.7646500401173735e-22, nan 
42.875, 85.875, 1.8442168108935964e-22, nan 
43.125, 85.875, 1.8872659348874163e-22, nan 
43.375, 85.875, 1.9790202841342078e-22, nan 
43.625, 85.875, 2.0915697320555387e-22, nan 
43.875, 85.875, 2.1109138245125281e-22, nan 
44.125, 85.875, 2.125372656386943e-22, nan 
44.375, 85.875, 2.1379538804115513e-22, nan 
44.625, 85.875, 2.000090560286692e-22, nan 
44.875, 85.875, 1.915237813090393e-22, nan 
45.125, 85.875, 1.796939433424221e-22, nan 
45.375, 85.875, 1.7255160573093381e-22, nan 
45.625, 85.875, 1.6893320904905155e-22, nan 
45.875, 85.875, 1.6942375761593479e-22, nan 
46.125, 85.875, 1.743609082048224e-22, nan 
46.375, 85.875, 1.7119981137235082e-22, nan 
46.625, 85.875, 1.7055998501074745e-22, nan 
46.875, 85.875, 1.704792658370508e-22, nan 
47.125, 85.875, 1.692523921633558e-22, nan 
47.375, 85.875, 1.6611752630397165e-22, nan 
47.625, 85.875, 1.649026103323085e-22, nan 
47.875, 85.875, 1.5280554654505803e-22, nan 
48.125, 85.875, 1.4352429142682437e-22, nan 
48.375, 85.875, 1.5063091871424555e-22, nan 
48.625, 85.875, 1.677262428260135e-22, nan 
48.875, 85.875, 1.7527964479098538e-22, nan 
49.125, 85.875, 1.936923517945358e-22, nan 
49.375, 85.875, 2.290523053708629e-22, nan 
49.625, 85.875, 2.338883344060987e-22, nan 
49.875, 85.875, 2.5564835129017694e-22, nan 
50.125, 85.875, 2.468434228427336e-22, nan 
50.375, 85.875, 2.58634470223668e-22, nan 
50.625, 85.875, 2.629424612727114e-22, nan 
50.875, 85.875, 2.805253074858975e-22, nan 
51.125, 85.875, 3.018364713169239e-22, nan 
51.375, 85.875, 3.1642921699102244e-22, nan 
51.625, 85.875, 3.194433582827852e-22, nan 
51.875, 85.875, 3.1835538844583e-22, nan 
52.125, 85.875, 3.031814391069258e-22, nan 
52.375, 85.875, 2.9221603412444877e-22, nan 
52.625, 85.875, 2.895637927527273e-22, nan 
52.875, 85.875, 2.8183670482981554e-22, nan 
53.125, 85.875, 2.728496299767335e-22, nan 
53.375, 85.875, 2.646401083618276e-22, nan 
53.625, 85.875, 2.550860211771207e-22, nan 
53.875, 85.875, 2.513627840159055e-22, nan 
54.125, 85.875, 1.9508356586122204e-22, nan 
54.375, 85.875, 1.7568037241078046e-22, nan 
54.625, 85.875, 1.8239104774923272e-22, nan 
54.875, 85.875, 1.9577588385248108e-22, nan 
55.125, 85.875, 2.1676155996571574e-22, nan 
55.375, 85.875, 2.0142096594721417e-22, nan 
55.625, 85.875, 1.8475026545379993e-22, nan 
55.875, 85.875, 1.9514127221674322e-22, nan 
56.125, 85.875, 1.9875585903872573e-22, nan 
56.375, 85.875, 1.987622921086983e-22, nan 
56.625, 85.875, 2.0205823228262978e-22, nan 
56.875, 85.875, 1.9613437805711682e-22, nan 
57.125, 85.875, 2.000617939460296e-22, nan 
57.375, 85.875, 1.7565276853473974e-22, nan 
57.625, 85.875, 1.5020504511228477e-22, nan 
57.875, 85.875, 1.4738253114208594e-22, nan 
58.125, 85.875, 1.4251540380159497e-22, nan 
58.375, 85.875, 1.3803305241193755e-22, nan 
58.625, 85.875, 1.3319688810044347e-22, nan 
58.875, 85.875, 1.2874130074769286e-22, nan 
59.125, 85.875, 1.2860247845116285e-22, nan 
59.375, 85.875, 1.2626444271468218e-22, nan 
59.625, 85.875, 1.262016129215154e-22, nan 
59.875, 85.875, 1.2755075017423103e-22, nan 
60.125, 85.875, 1.280041479191424e-22, nan 
60.375, 85.875, 1.2600844129823768e-22, nan 
60.625, 85.875, 1.2450391257558885e-22, nan 
60.875, 85.875, 1.2098211327349e-22, nan 
61.125, 85.875, 1.196244037371507e-22, nan 
61.375, 85.875, 1.180029781572013e-22, nan 
61.625, 85.875, 1.1640632245519157e-22, nan 
61.875, 85.875, 1.1706974828790757e-22, nan 
62.125, 85.875, 1.161670213409854e-22, nan 
62.375, 85.875, 1.1446528495304142e-22, nan 
62.625, 85.875, 1.1250648112002376e-22, nan 
62.875, 85.875, 1.088569512216909e-22, nan 
63.125, 85.875, 1.062571709688832e-22, nan 
63.375, 85.875, 1.046249239856419e-22, nan 
63.625, 85.875, 1.0372684189818709e-22, nan 
63.875, 85.875, 1.0711001756644337e-22, nan 
64.125, 85.875, 1.085274987930954e-22, nan 
64.375, 85.875, 1.09270267931965e-22, nan 
64.625, 85.875, 1.0910321132038535e-22, nan 
64.875, 85.875, 1.0665669975615415e-22, nan 
65.125, 85.875, 1.0423098376521874e-22, nan 
65.375, 85.875, 1.0144565970488602e-22, nan 
65.625, 85.875, 1.0363485122138994e-22, nan 
65.875, 85.875, 1.0793841480872654e-22, nan 
66.125, 85.875, 1.0911407018834825e-22, nan 
66.375, 85.875, 1.0885614177591113e-22, nan 
66.625, 85.875, 1.0611225242342936e-22, nan 
66.875, 85.875, 9.572685354401619e-23, nan 
67.125, 85.875, 8.557487713697472e-23, nan 
67.375, 85.875, 7.72821971545913e-23, nan 
67.625, 85.875, 7.044298634491732e-23, nan 
67.875, 85.875, 6.517052888220974e-23, nan 
68.125, 85.875, 6.416640987535841e-23, nan 
68.375, 85.875, 6.546859114921646e-23, nan 
68.625, 85.875, 6.70853361925903e-23, nan 
68.875, 85.875, 6.384600507507408e-23, nan 
69.125, 85.875, 6.337591959430184e-23, nan 
69.375, 85.875, 6.36951047230771e-23, nan 
69.625, 85.875, 6.440668290765671e-23, nan 
69.875, 85.875, 5.99288895290246e-23, nan 
70.125, 85.875, 6.065182091920064e-23, nan 
70.375, 85.875, 5.820306677827583e-23, nan 
70.625, 85.875, 5.793826384936443e-23, nan 
70.875, 85.875, 5.84231948731634e-23, nan 
71.125, 85.875, 6.448067120587856e-23, nan 
71.375, 85.875, 6.649643067131062e-23, nan 
71.625, 85.875, 6.594524006743507e-23, nan 
71.875, 85.875, 6.933641516543233e-23, nan 
72.125, 85.875, 6.274110562475809e-23, nan 
72.375, 85.875, 5.920025559557175e-23, nan 
72.625, 85.875, 5.670005119707652e-23, nan 
72.875, 85.875, 5.593417479161722e-23, nan 
73.125, 85.875, 5.547720929172624e-23, nan 
73.375, 85.875, 5.497775116704611e-23, nan 
73.625, 85.875, 5.539203932667376e-23, nan 
73.875, 85.875, 5.727326237296745e-23, nan 
74.125, 85.875, 5.982415229295352e-23, nan 
74.375, 85.875, 6.033839067033629e-23, nan 
74.625, 85.875, 6.170071019822188e-23, nan 
74.875, 85.875, 6.374523938913762e-23, nan 
75.125, 85.875, 6.81158684977599e-23, nan 
75.375, 85.875, 7.114901368837721e-23, nan 
75.625, 85.875, 7.125990609798495e-23, nan 
75.875, 85.875, 7.551890949806973e-23, nan 
76.125, 85.875, 8.219149081632042e-23, nan 
76.375, 85.875, 9.088497227737635e-23, nan 
76.625, 85.875, 9.163442440952778e-23, nan 
76.875, 85.875, 1.1040987393550288e-22, nan 
77.125, 85.875, 1.1044499049429976e-22, nan 
77.375, 85.875, 1.1564347098055186e-22, nan 
77.625, 85.875, 1.180081835935278e-22, nan 
77.875, 85.875, 1.183901660240544e-22, nan 
78.125, 85.875, 1.2236650104384582e-22, nan 
78.375, 85.875, 1.1002836620754512e-22, nan 
78.625, 85.875, 9.622124359683991e-23, nan 
78.875, 85.875, 8.24804673966127e-23, nan 
79.125, 85.875, 7.016007874940658e-23, nan 
79.375, 85.875, 5.900466057255834e-23, nan 
79.625, 85.875, 5.326757874489919e-23, nan 
79.875, 85.875, 4.900299682328611e-23, nan 
80.125, 85.875, 4.4228911129613224e-23, nan 
80.375, 85.875, 4.169837170170778e-23, nan 
80.625, 85.875, 3.913555205787577e-23, nan 
80.875, 85.875, 4.048998010239044e-23, nan 
81.125, 85.875, 4.0042713972879454e-23, nan 
81.375, 85.875, 4.2080523598476347e-23, nan 
81.625, 85.875, 4.4121866535089074e-23, nan 
81.875, 85.875, 4.660386368133456e-23, nan 
82.125, 85.875, 4.441355002679477e-23, nan 
82.375, 85.875, 4.4089759853934906e-23, nan 
82.625, 85.875, 4.4706053511698957e-23, nan 
82.875, 85.875, 4.247959705483881e-23, nan 
83.125, 85.875, 4.3484924606226466e-23, nan 
83.375, 85.875, 4.7236520709582415e-23, nan 
83.625, 85.875, 5.071816741020407e-23, nan 
83.875, 85.875, 5.164896779054084e-23, nan 
84.125, 85.875, 5.389692478970849e-23, nan 
84.375, 85.875, 5.582287804734147e-23, nan 
84.625, 85.875, 5.295566865797286e-23, nan 
84.875, 85.875, 5.180009402977633e-23, nan 
85.125, 85.875, 5.1352793238624594e-23, nan 
85.375, 85.875, 4.9320727829327144e-23, nan 
85.625, 85.875, 4.689483627564069e-23, nan 
85.875, 85.875, 4.5076860725267607e-23, nan 
86.125, 85.875, 5.187038804079432e-23, nan 
86.375, 85.875, 4.77972097753716e-23, nan 
86.625, 85.875, 4.626655064180713e-23, nan 
86.875, 85.875, 4.2323580833258355e-23, nan 
87.125, 85.875, 5.2490544442611224e-23, nan 
87.375, 85.875, 5.5154018006404e-23, nan 
87.625, 85.875, 5.109825863307677e-23, nan 
87.875, 85.875, 4.861230146572005e-23, nan 
88.125, 85.875, 5.423464141527906e-23, nan 
88.375, 85.875, 5.841767080813481e-23, nan 
88.625, 85.875, 5.701024560077167e-23, nan 
88.875, 85.875, 6.485442969195994e-23, nan 
89.125, 85.875, 6.286703772205504e-23, nan 
89.375, 85.875, 7.326985338019196e-23, nan 
89.625, 85.875, 7.194022803580915e-23, nan 
89.875, 85.875, 6.168055641662002e-23, nan 
90.125, 85.875, 4.058388144437206e-23, nan 
90.375, 85.875, 6.851652668247566e-23, nan 
90.625, 85.875, 8.26265849698005e-23, nan 
90.875, 85.875, 8.512975022789659e-23, nan 
91.125, 85.875, 8.859576348322708e-23, nan 
91.375, 85.875, 9.482683826399327e-23, nan 
91.625, 85.875, 9.37491172824235e-23, nan 
91.875, 85.875, 9.10414709449187e-23, nan 
92.125, 85.875, 8.879858057547608e-23, nan 
92.375, 85.875, 8.762413048729482e-23, nan 
92.625, 85.875, 8.73635272176246e-23, nan 
92.875, 85.875, 8.448513792101282e-23, nan 
93.125, 85.875, 7.95782715926923e-23, nan 
93.375, 85.875, 7.300754620830339e-23, nan 
93.625, 85.875, 8.451317088296064e-23, nan 
93.875, 85.875, 9.679854096256977e-23, nan 
94.125, 85.875, 9.931265200051797e-23, nan 
94.375, 85.875, 1.0187272888626979e-22, nan 
94.625, 85.875, 1.1796718366561806e-22, nan 
94.875, 85.875, 1.2768106459880436e-22, nan 
95.125, 85.875, 1.2552129021867424e-22, nan 
95.375, 85.875, 1.2435007468762537e-22, nan 
95.625, 85.875, 1.2134343569725943e-22, nan 
95.875, 85.875, 1.1952380541072155e-22, nan 
96.125, 85.875, 1.1124428378895025e-22, nan 
96.375, 85.875, 1.0298335291221924e-22, nan 
96.625, 85.875, 9.285318064115497e-23, nan 
96.875, 85.875, 8.223886562926873e-23, nan 
97.125, 85.875, 9.594295271093152e-23, nan 
97.375, 85.875, 1.1491910961722634e-22, nan 
97.625, 85.875, 1.2768344382658138e-22, nan 
97.875, 85.875, 1.587543091166588e-22, nan 
98.125, 85.875, 1.7886434553851386e-22, nan 
98.375, 85.875, 1.7289789140340963e-22, nan 
98.625, 85.875, 1.6809657060213953e-22, nan 
98.875, 85.875, 1.705559832544753e-22, nan 
99.125, 85.875, 1.7846671498059125e-22, nan 
99.375, 85.875, 1.7022924085159088e-22, nan 
99.625, 85.875, 1.6867978404962783e-22, nan 
99.875, 85.875, 1.6792507367028054e-22, nan 
100.125, 85.875, 1.7073307672817812e-22, nan 
100.375, 85.875, 1.7479691534149934e-22, nan 
100.625, 85.875, 1.758976896134656e-22, nan 
100.875, 85.875, 1.7502065619483946e-22, nan 
101.125, 85.875, 1.7458247841307298e-22, nan 
101.375, 85.875, 1.7332821434444047e-22, nan 
101.625, 85.875, 1.6957813909179807e-22, nan 
101.875, 85.875, 1.6775440646750477e-22, nan 
102.125, 85.875, 1.6530348002515888e-22, nan 
102.375, 85.875, 1.5706435390313973e-22, nan 
102.625, 85.875, 1.5316884376225843e-22, nan 
102.875, 85.875, 1.3446841706869608e-22, nan 
103.125, 85.875, 1.2179553363697247e-22, nan 
103.375, 85.875, 1.2310143055696886e-22, nan 
103.625, 85.875, 1.3299050878910444e-22, nan 
103.875, 85.875, 1.3788806733488761e-22, nan 
104.125, 85.875, 1.3987820029249236e-22, nan 
104.375, 85.875, 1.4449297980319832e-22, nan 
104.625, 85.875, 1.4485564086502104e-22, nan 
104.875, 85.875, 1.4332009843882842e-22, nan 
105.125, 85.875, 1.3978376349655762e-22, nan 
105.375, 85.875, 1.3417394928788528e-22, nan 
105.625, 85.875, 1.2575459131582321e-22, nan 
105.875, 85.875, 1.243450357902541e-22, nan 
106.125, 85.875, 1.1293727578513895e-22, nan 
106.375, 85.875, 1.0557363630663816e-22, nan 
106.625, 85.875, 1.027312989121204e-22, nan 
106.875, 85.875, 1.0728514929082524e-22, nan 
107.125, 85.875, 1.1307381389457827e-22, nan 
107.375, 85.875, 1.1480787647703127e-22, nan 
107.625, 85.875, 1.129987673837002e-22, nan 
107.875, 85.875, 1.158502540041035e-22, nan 
108.125, 85.875, 1.1616286864446587e-22, nan 
108.375, 85.875, 1.1304814866675722e-22, nan 
108.625, 85.875, 1.080697989079106e-22, nan 
108.875, 85.875, 1.0067670235937648e-22, nan 
109.125, 85.875, 9.704819482712499e-23, nan 
109.375, 85.875, 8.856155877982267e-23, nan 
109.625, 85.875, 8.421389624161143e-23, nan 
109.875, 85.875, 8.064491963349015e-23, nan 
110.125, 85.875, 7.806729792824379e-23, nan 
110.375, 85.875, 8.056971230763687e-23, nan 
110.625, 85.875, 8.13714467118445e-23, nan 
110.875, 85.875, 7.922262596087997e-23, nan 
111.125, 85.875, 8.51451783587358e-23, nan 
111.375, 85.875, 8.681671993358792e-23, nan 
111.625, 85.875, 8.184745311969939e-23, nan 
111.875, 85.875, 7.825614857076427e-23, nan 
112.125, 85.875, 7.173790225655292e-23, nan 
112.375, 85.875, 6.691869897829808e-23, nan 
112.625, 85.875, 6.454058178313321e-23, nan 
112.875, 85.875, 6.184996233855296e-23, nan 
113.125, 85.875, 5.808560650286172e-23, nan 
113.375, 85.875, 5.368042608979199e-23, nan 
113.625, 85.875, 5.221775066086183e-23, nan 
113.875, 85.875, 5.277407622921988e-23, nan 
114.125, 85.875, 5.521403983789476e-23, nan 
114.375, 85.875, 5.95917590189323e-23, nan 
114.625, 85.875, 6.021645473140301e-23, nan 
114.875, 85.875, 5.735254591778007e-23, nan 
115.125, 85.875, 5.501619841863344e-23, nan 
115.375, 85.875, 5.960905628956533e-23, nan 
115.625, 85.875, 6.260742336359314e-23, nan 
115.875, 85.875, 6.207896160697694e-23, nan 
116.125, 85.875, 5.864085649327956e-23, nan 
116.375, 85.875, 5.494778732775817e-23, nan 
116.625, 85.875, 4.953868796324693e-23, nan 
116.875, 85.875, 2.9253709489786026e-23, nan 
117.125, 85.875, 2.4276294700692887e-23, nan 
117.375, 85.875, 2.5188157466167512e-23, nan 
117.625, 85.875, 3.058265710959144e-23, nan 
117.875, 85.875, 3.6840153483886513e-23, nan 
118.125, 85.875, 4.400240276128701e-23, nan 
118.375, 85.875, 5.390944622988397e-23, nan 
118.625, 85.875, 5.880001704801437e-23, nan 
118.875, 85.875, 6.030413649321905e-23, nan 
119.125, 85.875, 5.0856505172794785e-23, nan 
119.375, 85.875, 4.081018084631089e-23, nan 
119.625, 85.875, 3.5229499161285663e-23, nan 
119.875, 85.875, 5.1175464528509216e-23, nan 
120.125, 85.875, 6.194440658809013e-23, nan 
120.375, 85.875, 6.750183892512797e-23, nan 
120.625, 85.875, 7.112057257463045e-23, nan 
120.875, 85.875, 7.223733635350117e-23, nan 
121.125, 85.875, 7.623928205977582e-23, nan 
121.375, 85.875, 8.04723764461823e-23, nan 
121.625, 85.875, 8.411150330023878e-23, nan 
121.875, 85.875, 8.499773600930391e-23, nan 
122.125, 85.875, 8.834000492966926e-23, nan 
122.375, 85.875, 8.646876672951325e-23, nan 
122.625, 85.875, 8.94410830507258e-23, nan 
122.875, 85.875, 9.191344545519315e-23, nan 
123.125, 85.875, 8.482508557085315e-23, nan 
123.375, 85.875, 8.613067361944314e-23, nan 
123.625, 85.875, 8.501847107731483e-23, nan 
123.875, 85.875, 8.533620766245714e-23, nan 
124.125, 85.875, 7.298277959990351e-23, nan 
124.375, 85.875, 6.63235724689383e-23, nan 
124.625, 85.875, 6.651509400109802e-23, nan 
124.875, 85.875, 6.305081751310333e-23, nan 
125.125, 85.875, 7.129256276446294e-23, nan 
125.375, 85.875, 8.617217923598626e-23, nan 
125.625, 85.875, 9.149845199913304e-23, nan 
125.875, 85.875, 1.0292409132376984e-22, nan 
126.125, 85.875, 1.0506407894791458e-22, nan 
126.375, 85.875, 8.813809661018043e-23, nan 
126.625, 85.875, 8.304478918345226e-23, nan 
126.875, 85.875, 8.100289249765849e-23, nan 
127.125, 85.875, 8.105293833947749e-23, nan 
127.375, 85.875, 7.989390355835855e-23, nan 
127.625, 85.875, 8.20627044267097e-23, nan 
127.875, 85.875, 8.294340827375181e-23, nan 
128.125, 85.875, 8.022951973567292e-23, nan 
128.375, 85.875, 8.960314824356853e-23, nan 
128.625, 85.875, 9.752331182824471e-23, nan 
128.875, 85.875, 1.0031719008835521e-22, nan 
129.125, 85.875, 1.1431131126885287e-22, nan 
129.375, 85.875, 1.1636366498199442e-22, nan 
129.625, 85.875, 1.0930407201688766e-22, nan 
129.875, 85.875, 1.083177228062937e-22, nan 
130.125, 85.875, 1.0382624794992789e-22, nan 
130.375, 85.875, 1.0184861273298953e-22, nan 
130.625, 85.875, 9.676994624175426e-23, nan 
130.875, 85.875, 9.400736140966421e-23, nan 
131.125, 85.875, 8.827674966797483e-23, nan 
131.375, 85.875, 8.94964326325408e-23, nan 
131.625, 85.875, 8.632054502472197e-23, nan 
131.875, 85.875, 8.653356076086995e-23, nan 
132.125, 85.875, 8.87423007926267e-23, nan 
132.375, 85.875, 9.849905420224897e-23, nan 
132.625, 85.875, 1.0353808867240281e-22, nan 
132.875, 85.875, 1.0218415902830064e-22, nan 
133.125, 85.875, 9.983549147865435e-23, nan 
133.375, 85.875, 1.053642840019164e-22, nan 
133.625, 85.875, 1.0629670640311434e-22, nan 
133.875, 85.875, 9.929195353343957e-23, nan 
134.125, 85.875, 8.916361815962146e-23, nan 
134.375, 85.875, 8.7746865107595e-23, nan 
134.625, 85.875, 8.767245435518325e-23, nan 
134.875, 85.875, 8.392943748622898e-23, nan 
135.125, 85.875, 8.40005152779037e-23, nan 
135.375, 85.875, 8.115220812757872e-23, nan 
135.625, 85.875, 8.386825804987827e-23, nan 
135.875, 85.875, 8.195522796174484e-23, nan 
136.125, 85.875, 8.209274933802278e-23, nan 
136.375, 85.875, 8.156678148111664e-23, nan 
136.625, 85.875, 8.285192719465756e-23, nan 
136.875, 85.875, 8.311854534539886e-23, nan 
137.125, 85.875, 8.7318289318489e-23, nan 
137.375, 85.875, 9.127847412193705e-23, nan 
137.625, 85.875, 9.468655202405435e-23, nan 
137.875, 85.875, 9.572127571226338e-23, nan 
138.125, 85.875, 9.497856915426444e-23, nan 
138.375, 85.875, 9.370800082734784e-23, nan 
138.625, 85.875, 8.931188848325608e-23, nan 
138.875, 85.875, 8.846751388379641e-23, nan 
139.125, 85.875, 8.909105958995722e-23, nan 
139.375, 85.875, 8.621467161941758e-23, nan 
139.625, 85.875, 8.369573525518467e-23, nan 
139.875, 85.875, 8.298717057617376e-23, nan 
140.125, 85.875, 8.104354246267182e-23, nan 
140.375, 85.875, 8.06426159990863e-23, nan 
140.625, 85.875, 8.038455851933314e-23, nan 
140.875, 85.875, 8.020318237768511e-23, nan 
141.125, 85.875, 7.844120511716704e-23, nan 
141.375, 85.875, 7.453499286252678e-23, nan 
141.625, 85.875, 7.249728621223745e-23, nan 
141.875, 85.875, 7.219437594545225e-23, nan 
142.125, 85.875, 7.456128775059117e-23, nan 
142.375, 85.875, 7.50184339583989e-23, nan 
142.625, 85.875, 7.371780408772896e-23, nan 
142.875, 85.875, 7.40694447421444e-23, nan 
143.125, 85.875, 7.668850436666446e-23, nan 
143.375, 85.875, 7.629484942135964e-23, nan 
143.625, 85.875, 7.742156002302147e-23, nan 
143.875, 85.875, 7.985268621673369e-23, nan 
144.125, 85.875, 8.378999250629615e-23, nan 
144.375, 85.875, 8.900071375409775e-23, nan 
144.625, 85.875, 8.156686284956815e-23, nan 
144.875, 85.875, 7.710267970147528e-23, nan 
145.125, 85.875, 8.296792269915045e-23, nan 
145.375, 85.875, 9.156741095704726e-23, nan 
145.625, 85.875, 8.811779298781803e-23, nan 
145.875, 85.875, 8.614664404139262e-23, nan 
146.125, 85.875, 8.664922300172258e-23, nan 
146.375, 85.875, 8.620741921335365e-23, nan 
146.625, 85.875, 8.362309145414218e-23, nan 
146.875, 85.875, 7.837327526135735e-23, nan 
147.125, 85.875, 7.962647450441721e-23, nan 
147.375, 85.875, 8.102377875561026e-23, nan 
147.625, 85.875, 8.111794031998171e-23, nan 
147.875, 85.875, 7.905589267612491e-23, nan 
148.125, 85.875, 7.499962219137299e-23, nan 
148.375, 85.875, 8.064180490371055e-23, nan 
148.625, 85.875, 8.599224697913141e-23, nan 
148.875, 85.875, 1.0060315012969769e-22, nan 
149.125, 85.875, 1.1723365814274158e-22, nan 
149.375, 85.875, 1.2016120030134762e-22, nan 
149.625, 85.875, 1.13568931695401e-22, nan 
149.875, 85.875, 1.1862962735496211e-22, nan 
150.125, 85.875, 1.2024062211231216e-22, nan 
150.375, 85.875, 1.2131465944891696e-22, nan 
150.625, 85.875, 1.1805481225596163e-22, nan 
150.875, 85.875, 1.116180925581944e-22, nan 
151.125, 85.875, 1.0304744619692631e-22, nan 
151.375, 85.875, 9.666291014508343e-23, nan 
151.625, 85.875, 1.0042090127247941e-22, nan 
151.875, 85.875, 1.0462285401414103e-22, nan 
152.125, 85.875, 1.0882648711218435e-22, nan 
152.375, 85.875, 1.0856366140442657e-22, nan 
152.625, 85.875, 8.401697523539525e-23, nan 
152.875, 85.875, 4.6343678516515134e-23, nan 
153.125, 85.875, 3.84251241992644e-23, nan 
153.375, 85.875, 3.271196718464203e-23, nan 
153.625, 85.875, 2.893963256646038e-23, nan 
153.875, 85.875, 2.790402380906524e-23, nan 
154.125, 85.875, 2.450907024747497e-23, nan 
154.375, 85.875, 2.0834783651533857e-23, nan 
154.625, 85.875, 1.934317401441513e-23, nan 
154.875, 85.875, 4.036431109193642e-23, nan 
155.125, 85.875, 6.079418604737763e-23, nan 
155.375, 85.875, 6.982552941353437e-23, nan 
155.625, 85.875, 7.539143647163568e-23, nan 
155.875, 85.875, 7.557460243984681e-23, nan 
156.125, 85.875, 7.491857493796035e-23, nan 
156.375, 85.875, 7.111056487478005e-23, nan 
156.625, 85.875, 6.61456371619937e-23, nan 
156.875, 85.875, 6.319666545251454e-23, nan 
157.125, 85.875, 6.126692163023957e-23, nan 
157.375, 85.875, 5.74934347811774e-23, nan 
157.625, 85.875, 5.0182424473232724e-23, nan 
157.875, 85.875, 3.4175032376958365e-23, nan 
158.125, 85.875, 2.740399760565138e-23, nan 
158.375, 85.875, 2.5085073182973376e-23, nan 
158.625, 85.875, 4.028426687451169e-23, nan 
158.875, 85.875, 4.0648475185421797e-23, nan 
159.125, 85.875, 3.8179419862287885e-23, nan 
159.375, 85.875, 4.630999969174401e-23, nan 
159.625, 85.875, 4.383489684542352e-23, nan 
159.875, 85.875, 4.3050759187921286e-23, nan 
160.125, 85.875, 4.1508365592186606e-23, nan 
160.375, 85.875, 4.127540340475395e-23, nan 
160.625, 85.875, 4.7629416352411974e-23, nan 
160.875, 85.875, 4.7146535281318116e-23, nan 
161.125, 85.875, 5.010099384065695e-23, nan 
161.375, 85.875, 4.925979807480074e-23, nan 
161.625, 85.875, 5.123775597287477e-23, nan 
161.875, 85.875, 4.994774449523944e-23, nan 
162.125, 85.875, 5.2054546384445164e-23, nan 
162.375, 85.875, 5.2185080361492756e-23, nan 
162.625, 85.875, 4.7595944329010567e-23, nan 
162.875, 85.875, 4.686993356016748e-23, nan 
163.125, 85.875, 4.5564222609144257e-23, nan 
163.375, 85.875, 3.99332000892712e-23, nan 
163.625, 85.875, 3.866898531018805e-23, nan 
163.875, 85.875, 3.055130014925516e-23, nan 
164.125, 85.875, 2.2619373854283274e-23, nan 
164.375, 85.875, 1.8507428493393505e-23, nan 
164.625, 85.875, 1.9758153655436574e-23, nan 
164.875, 85.875, 2.908410332554282e-23, nan 
165.125, 85.875, 4.4493458630035024e-23, nan 
165.375, 85.875, 5.142609111769384e-23, nan 
165.625, 85.875, 5.918430880953639e-23, nan 
165.875, 85.875, 6.278792158623236e-23, nan 
166.125, 85.875, 6.097096739008737e-23, nan 
166.375, 85.875, 6.061233201294434e-23, nan 
166.625, 85.875, 6.252576417434355e-23, nan 
166.875, 85.875, 6.522929837744794e-23, nan 
167.125, 85.875, 6.320722202459189e-23, nan 
167.375, 85.875, 6.043565627350209e-23, nan 
167.625, 85.875, 6.271748887390452e-23, nan 
167.875, 85.875, 7.543249531234129e-23, nan 
168.125, 85.875, 9.38122922003089e-23, nan 
168.375, 85.875, 1.0513739494973893e-22, nan 
168.625, 85.875, 1.1192185011242885e-22, nan 
168.875, 85.875, 1.1503514746030328e-22, nan 
169.125, 85.875, 1.1960706523947324e-22, nan 
169.375, 85.875, 1.2320717369848467e-22, nan 
169.625, 85.875, 1.2594840655458984e-22, nan 
169.875, 85.875, 1.2708763368614492e-22, nan 
170.125, 85.875, 1.320207673135425e-22, nan 
170.375, 85.875, 1.3552840885354294e-22, nan 
170.625, 85.875, 1.3951924030481539e-22, nan 
170.875, 85.875, 1.38498562352438e-22, nan 
171.125, 85.875, 1.281828369446195e-22, nan 
171.375, 85.875, 1.1356711459422124e-22, nan 
171.625, 85.875, 9.206521183502734e-23, nan 
171.875, 85.875, 6.037554586282346e-23, nan 
172.125, 85.875, 4.3794996215829796e-23, nan 
172.375, 85.875, 7.083185108409267e-23, nan 
172.625, 85.875, 9.840365715738419e-23, nan 
172.875, 85.875, 1.0988899780012665e-22, nan 
173.125, 85.875, 1.0914945688753544e-22, nan 
173.375, 85.875, 1.0304210126025956e-22, nan 
173.625, 85.875, 9.897057923307618e-23, nan 
173.875, 85.875, 1.0697540142361208e-22, nan 
174.125, 85.875, 9.919841103110375e-23, nan 
174.375, 85.875, 1.0276634443095488e-22, nan 
174.625, 85.875, 1.1875636157096395e-22, nan 
174.875, 85.875, 1.420216974374449e-22, nan 
175.125, 85.875, 1.5818944595534213e-22, nan 
175.375, 85.875, 1.7001619018750156e-22, nan 
175.625, 85.875, 1.7238032101872056e-22, nan 
175.875, 85.875, 1.7256329419817995e-22, nan 
176.125, 85.875, 1.6093057644124777e-22, nan 
176.375, 85.875, 1.389945245751095e-22, nan 
176.625, 85.875, 1.1855044750437642e-22, nan 
176.875, 85.875, 1.5733599931480764e-22, nan 
177.125, 85.875, 1.6113096974574426e-22, nan 
177.375, 85.875, 1.6470466308953737e-22, nan 
177.625, 85.875, 1.7650336825532197e-22, nan 
177.875, 85.875, 2.0560216365338333e-22, nan 
178.125, 85.875, 2.490976314435996e-22, nan 
178.375, 85.875, 2.815234881546809e-22, nan 
178.625, 85.875, 3.1521062399658555e-22, nan 
178.875, 85.875, 3.3491136076157067e-22, nan 
179.125, 85.875, 3.406825450212043e-22, nan 
179.375, 85.875, 3.3136132549864375e-22, nan 
179.625, 85.875, 3.124352388645119e-22, nan 
179.875, 85.875, 2.9515662585447277e-22, nan 
-179.875, 86.125, 2.546368450432377e-22, nan 
-179.625, 86.125, 2.4323897876480352e-22, nan 
-179.375, 86.125, 2.279876634317313e-22, nan 
-179.125, 86.125, 2.162128901655218e-22, nan 
-178.875, 86.125, 1.808753219754601e-22, nan 
-178.625, 86.125, 1.5208691616690665e-22, nan 
-178.375, 86.125, 1.328305667352166e-22, nan 
-178.125, 86.125, 1.031719344980793e-22, nan 
-177.875, 86.125, 6.95134859090716e-23, nan 
-177.625, 86.125, 3.9175464314486147e-23, nan 
-177.375, 86.125, 1.5449791617016412e-23, nan 
-177.125, 86.125, 7.896225250252912e-24, nan 
-176.875, 86.125, 1.7386491653413833e-23, nan 
-176.625, 86.125, 2.212829411777259e-23, nan 
-176.375, 86.125, 2.3187200866261418e-23, nan 
-176.125, 86.125, 2.658291610217258e-23, nan 
-175.875, 86.125, 3.1564079517560064e-23, nan 
-175.625, 86.125, 3.9631514024320403e-23, nan 
-175.375, 86.125, 3.9575978556359835e-23, nan 
-175.125, 86.125, 3.967199963026604e-23, nan 
-174.875, 86.125, 3.994465797658544e-23, nan 
-174.625, 86.125, 4.233942489817394e-23, nan 
-174.375, 86.125, 4.3235881236492296e-23, nan 
-174.125, 86.125, 4.362238969191036e-23, nan 
-173.875, 86.125, 4.507421742069234e-23, nan 
-173.625, 86.125, 4.4906956932336523e-23, nan 
-173.375, 86.125, 4.54454514869162e-23, nan 
-173.125, 86.125, 4.6853695835541115e-23, nan 
-172.875, 86.125, 5.071991400456304e-23, nan 
-172.625, 86.125, 5.270130950888591e-23, nan 
-172.375, 86.125, 5.247481219748392e-23, nan 
-172.125, 86.125, 5.653760129299511e-23, nan 
-171.875, 86.125, 6.116439531026359e-23, nan 
-171.625, 86.125, 5.951171581487925e-23, nan 
-171.375, 86.125, 5.570655600619638e-23, nan 
-171.125, 86.125, 4.5240863344163097e-23, nan 
-170.875, 86.125, 3.7091385227838126e-23, nan 
-170.625, 86.125, 4.015550553767788e-23, nan 
-170.375, 86.125, 4.2641490546288194e-23, nan 
-170.125, 86.125, 4.522228440694904e-23, nan 
-169.875, 86.125, 4.569701697781601e-23, nan 
-169.625, 86.125, 4.561214808078932e-23, nan 
-169.375, 86.125, 4.6955019142876116e-23, nan 
-169.125, 86.125, 5.33735395505009e-23, nan 
-168.875, 86.125, 6.826209886875337e-23, nan 
-168.625, 86.125, 7.756617282640048e-23, nan 
-168.375, 86.125, 9.369331072494167e-23, nan 
-168.125, 86.125, 1.0909017116777114e-22, nan 
-167.875, 86.125, 1.1209693547202033e-22, nan 
-167.625, 86.125, 1.1442286746799217e-22, nan 
-167.375, 86.125, 1.1373265044507294e-22, nan 
-167.125, 86.125, 1.0448596253737836e-22, nan 
-166.875, 86.125, 1.059445574538905e-22, nan 
-166.625, 86.125, 9.939590803942096e-23, nan 
-166.375, 86.125, 9.695646805285873e-23, nan 
-166.125, 86.125, 9.657029805334376e-23, nan 
-165.875, 86.125, 9.55030110318755e-23, nan 
-165.625, 86.125, 9.738351498313146e-23, nan 
-165.375, 86.125, 1.0404888203043243e-22, nan 
-165.125, 86.125, 1.19726458658364e-22, nan 
-164.875, 86.125, 1.2760047765706393e-22, nan 
-164.625, 86.125, 1.2442623794345033e-22, nan 
-164.375, 86.125, 1.0843686000292312e-22, nan 
-164.125, 86.125, 1.0221500823748145e-22, nan 
-163.875, 86.125, 1.0243376294884722e-22, nan 
-163.625, 86.125, 1.0013626865773168e-22, nan 
-163.375, 86.125, 9.142007608436923e-23, nan 
-163.125, 86.125, 7.705850564824794e-23, nan 
-162.875, 86.125, 6.090563499800224e-23, nan 
-162.625, 86.125, 5.464594860622207e-23, nan 
-162.375, 86.125, 5.115257818301339e-23, nan 
-162.125, 86.125, 4.8362668167816015e-23, nan 
-161.875, 86.125, 4.7005248155930616e-23, nan 
-161.625, 86.125, 2.824197084238749e-23, nan 
-161.375, 86.125, 1.43403100243874e-23, nan 
-161.125, 86.125, 1.352620470599738e-23, nan 
-160.875, 86.125, 1.3202059073020775e-23, nan 
-160.625, 86.125, 1.454318959970793e-23, nan 
-160.375, 86.125, 1.679046328819313e-23, nan 
-160.125, 86.125, 2.082805173163197e-23, nan 
-159.875, 86.125, 2.5712199178100756e-23, nan 
-159.625, 86.125, 3.005682340127626e-23, nan 
-159.375, 86.125, 3.385443564109653e-23, nan 
-159.125, 86.125, 3.797439085671702e-23, nan 
-158.875, 86.125, 4.111508298120323e-23, nan 
-158.625, 86.125, 4.426028218150356e-23, nan 
-158.375, 86.125, 4.7604671527408543e-23, nan 
-158.125, 86.125, 4.6899766297249636e-23, nan 
-157.875, 86.125, 4.600371590572112e-23, nan 
-157.625, 86.125, 4.624724671734221e-23, nan 
-157.375, 86.125, 4.194786801526652e-23, nan 
-157.125, 86.125, 4.005831120347318e-23, nan 
-156.875, 86.125, 3.9854759902174374e-23, nan 
-156.625, 86.125, 3.6228258078956174e-23, nan 
-156.375, 86.125, 3.2742055676533475e-23, nan 
-156.125, 86.125, 2.9533160244774026e-23, nan 
-155.875, 86.125, 2.81196877303729e-23, nan 
-155.625, 86.125, 3.0769081494747475e-23, nan 
-155.375, 86.125, 4.0346181146425536e-23, nan 
-155.125, 86.125, 4.931184882078468e-23, nan 
-154.875, 86.125, 5.694826666356571e-23, nan 
-154.625, 86.125, 6.620593458650152e-23, nan 
-154.375, 86.125, 7.1491381078004e-23, nan 
-154.125, 86.125, 7.641546045429177e-23, nan 
-153.875, 86.125, 8.432888202005068e-23, nan 
-153.625, 86.125, 8.050889911144659e-23, nan 
-153.375, 86.125, 7.799210009542837e-23, nan 
-153.125, 86.125, 8.191864365557467e-23, nan 
-152.875, 86.125, 7.773081720073517e-23, nan 
-152.625, 86.125, 7.54755334896607e-23, nan 
-152.375, 86.125, 6.855885936695201e-23, nan 
-152.125, 86.125, 6.130520792544797e-23, nan 
-151.875, 86.125, 4.583453462099999e-23, nan 
-151.625, 86.125, 3.8514269855262707e-23, nan 
-151.375, 86.125, 5.0473475896114084e-23, nan 
-151.125, 86.125, 6.216334998823187e-23, nan 
-150.875, 86.125, 6.83200292832299e-23, nan 
-150.625, 86.125, 7.377953345500015e-23, nan 
-150.375, 86.125, 7.528545814319012e-23, nan 
-150.125, 86.125, 7.790188085597312e-23, nan 
-149.875, 86.125, 7.49332191374985e-23, nan 
-149.625, 86.125, 7.285558485998808e-23, nan 
-149.375, 86.125, 7.597535093379128e-23, nan 
-149.125, 86.125, 7.623476519724876e-23, nan 
-148.875, 86.125, 7.628413034556795e-23, nan 
-148.625, 86.125, 7.709061334424768e-23, nan 
-148.375, 86.125, 8.083996815305872e-23, nan 
-148.125, 86.125, 7.914747143675766e-23, nan 
-147.875, 86.125, 7.126557741552219e-23, nan 
-147.625, 86.125, 6.406117825162558e-23, nan 
-147.375, 86.125, 5.415982780923637e-23, nan 
-147.125, 86.125, 3.860308472304782e-23, nan 
-146.875, 86.125, 3.519043128345809e-23, nan 
-146.625, 86.125, 2.7765489653854707e-23, nan 
-146.375, 86.125, 3.30900593124995e-23, nan 
-146.125, 86.125, 3.8542662237122366e-23, nan 
-145.875, 86.125, 4.90458580451512e-23, nan 
-145.625, 86.125, 7.163815559100821e-23, nan 
-145.375, 86.125, 8.187141601132976e-23, nan 
-145.125, 86.125, 8.603872838527491e-23, nan 
-144.875, 86.125, 9.449975920914394e-23, nan 
-144.625, 86.125, 1.0450410240503354e-22, nan 
-144.375, 86.125, 1.1511769316720985e-22, nan 
-144.125, 86.125, 1.271762150358956e-22, nan 
-143.875, 86.125, 1.331091793684683e-22, nan 
-143.625, 86.125, 1.378352805761597e-22, nan 
-143.375, 86.125, 1.3992864211434158e-22, nan 
-143.125, 86.125, 1.4244644329844611e-22, nan 
-142.875, 86.125, 1.441812481350227e-22, nan 
-142.625, 86.125, 1.4475933754971472e-22, nan 
-142.375, 86.125, 1.4719050525504514e-22, nan 
-142.125, 86.125, 1.4622187802051194e-22, nan 
-141.875, 86.125, 1.4455141602844346e-22, nan 
-141.625, 86.125, 1.4506634880827468e-22, nan 
-141.375, 86.125, 1.4288747975738448e-22, nan 
-141.125, 86.125, 1.293899867335722e-22, nan 
-140.875, 86.125, 1.0561958415721856e-22, nan 
-140.625, 86.125, 9.793394457989714e-23, nan 
-140.375, 86.125, 9.993490084060266e-23, nan 
-140.125, 86.125, 1.0210241941388672e-22, nan 
-139.875, 86.125, 1.0347705995049378e-22, nan 
-139.625, 86.125, 1.0211106650119806e-22, nan 
-139.375, 86.125, 1.0386232900498953e-22, nan 
-139.125, 86.125, 1.0696786407446633e-22, nan 
-138.875, 86.125, 1.105295250489295e-22, nan 
-138.625, 86.125, 1.1447316378202845e-22, nan 
-138.375, 86.125, 1.15067660800525e-22, nan 
-138.125, 86.125, 1.1671713650922732e-22, nan 
-137.875, 86.125, 1.2054262505195301e-22, nan 
-137.625, 86.125, 1.2427203918331778e-22, nan 
-137.375, 86.125, 1.194265530936043e-22, nan 
-137.125, 86.125, 1.0820541521608475e-22, nan 
-136.875, 86.125, 1.0579298155346631e-22, nan 
-136.625, 86.125, 1.0896870882022737e-22, nan 
-136.375, 86.125, 1.1190203307074754e-22, nan 
-136.125, 86.125, 1.1627227775371376e-22, nan 
-135.875, 86.125, 1.2056361397558385e-22, nan 
-135.625, 86.125, 1.2143216079499206e-22, nan 
-135.375, 86.125, 1.2223803423766154e-22, nan 
-135.125, 86.125, 1.2378249051415334e-22, nan 
-134.875, 86.125, 1.2719262174683593e-22, nan 
-134.625, 86.125, 1.2930288125485533e-22, nan 
-134.375, 86.125, 1.2918068113525955e-22, nan 
-134.125, 86.125, 1.3156765559458153e-22, nan 
-133.875, 86.125, 1.305671026301203e-22, nan 
-133.625, 86.125, 1.2277909048531954e-22, nan 
-133.375, 86.125, 1.134093894725813e-22, nan 
-133.125, 86.125, 1.1041611695252978e-22, nan 
-132.875, 86.125, 1.0453197831040976e-22, nan 
-132.625, 86.125, 9.861660054645122e-23, nan 
-132.375, 86.125, 9.936495263019201e-23, nan 
-132.125, 86.125, 9.410797751599924e-23, nan 
-131.875, 86.125, 9.196077363296651e-23, nan 
-131.625, 86.125, 9.120395148356278e-23, nan 
-131.375, 86.125, 9.45460183748219e-23, nan 
-131.125, 86.125, 9.97596086489939e-23, nan 
-130.875, 86.125, 1.091151879935813e-22, nan 
-130.625, 86.125, 1.338906256979023e-22, nan 
-130.375, 86.125, 1.6147536105889978e-22, nan 
-130.125, 86.125, 1.9208238308450147e-22, nan 
-129.875, 86.125, 2.0791656721491467e-22, nan 
-129.625, 86.125, 2.1872887551794537e-22, nan 
-129.375, 86.125, 2.319941781424032e-22, nan 
-129.125, 86.125, 2.3200412770094026e-22, nan 
-128.875, 86.125, 2.2700331014235297e-22, nan 
-128.625, 86.125, 2.3085468877240417e-22, nan 
-128.375, 86.125, 2.259577588105849e-22, nan 
-128.125, 86.125, 2.2131899635027564e-22, nan 
-127.875, 86.125, 2.2056733018855666e-22, nan 
-127.625, 86.125, 2.158529862903849e-22, nan 
-127.375, 86.125, 2.0873047655042444e-22, nan 
-127.125, 86.125, 2.0028615609146808e-22, nan 
-126.875, 86.125, 1.8101826014114892e-22, nan 
-126.625, 86.125, 1.8280391758560468e-22, nan 
-126.375, 86.125, 1.9620774699025593e-22, nan 
-126.125, 86.125, 2.0553420640631705e-22, nan 
-125.875, 86.125, 2.139909901604215e-22, nan 
-125.625, 86.125, 2.217803379532391e-22, nan 
-125.375, 86.125, 2.3021706464442155e-22, nan 
-125.125, 86.125, 2.2742903546632154e-22, nan 
-124.875, 86.125, 2.214416561150651e-22, nan 
-124.625, 86.125, 1.9797091280442832e-22, nan 
-124.375, 86.125, 1.7881337943100375e-22, nan 
-124.125, 86.125, 1.6878703157933266e-22, nan 
-123.875, 86.125, 1.5609360983296141e-22, nan 
-123.625, 86.125, 1.4894910721719883e-22, nan 
-123.375, 86.125, 1.3972539807819783e-22, nan 
-123.125, 86.125, 1.117026631718101e-22, nan 
-122.875, 86.125, 9.179822397310546e-23, nan 
-122.625, 86.125, 7.312084003814536e-23, nan 
-122.375, 86.125, 6.414214155671003e-23, nan 
-122.125, 86.125, 5.841740432536131e-23, nan 
-121.875, 86.125, 5.58315930677735e-23, nan 
-121.625, 86.125, 5.458649429247966e-23, nan 
-121.375, 86.125, 5.708378945154688e-23, nan 
-121.125, 86.125, 5.866393366567058e-23, nan 
-120.875, 86.125, 6.298358026774662e-23, nan 
-120.625, 86.125, 6.58857023972601e-23, nan 
-120.375, 86.125, 6.801812152312427e-23, nan 
-120.125, 86.125, 6.50655410371689e-23, nan 
-119.875, 86.125, 6.002777858977723e-23, nan 
-119.625, 86.125, 5.848225496424478e-23, nan 
-119.375, 86.125, 5.857032422016625e-23, nan 
-119.125, 86.125, 6.011844346964855e-23, nan 
-118.875, 86.125, 5.710355841005267e-23, nan 
-118.625, 86.125, 5.1336068488722574e-23, nan 
-118.375, 86.125, 4.5286152674026923e-23, nan 
-118.125, 86.125, 4.110828233873506e-23, nan 
-117.875, 86.125, 3.5815539525609464e-23, nan 
-117.625, 86.125, 3.2446399026933935e-23, nan 
-117.375, 86.125, 3.218072896547896e-23, nan 
-117.125, 86.125, 3.3694099449581704e-23, nan 
-116.875, 86.125, 3.851995843868685e-23, nan 
-116.625, 86.125, 4.4988739591293083e-23, nan 
-116.375, 86.125, 4.818286171106912e-23, nan 
-116.125, 86.125, 4.466915224472077e-23, nan 
-115.875, 86.125, 4.1134011180582296e-23, nan 
-115.625, 86.125, 3.476354594957897e-23, nan 
-115.375, 86.125, 2.4661384424413508e-23, nan 
-115.125, 86.125, 2.0726609789602082e-23, nan 
-114.875, 86.125, 1.5891117934296032e-23, nan 
-114.625, 86.125, 1.1074157344790626e-23, nan 
-114.375, 86.125, 1.846044884689624e-23, nan 
-114.125, 86.125, 1.9009125330332167e-23, nan 
-113.875, 86.125, 2.1990953879082437e-23, nan 
-113.625, 86.125, 2.725200363930234e-23, nan 
-113.375, 86.125, 3.460957901812393e-23, nan 
-113.125, 86.125, 4.1634615531511636e-23, nan 
-112.875, 86.125, 5.0120484597152184e-23, nan 
-112.625, 86.125, 6.547993058155727e-23, nan 
-112.375, 86.125, 6.878603962094324e-23, nan 
-112.125, 86.125, 7.315163872255817e-23, nan 
-111.875, 86.125, 7.615727615571221e-23, nan 
-111.625, 86.125, 6.642047620031477e-23, nan 
-111.375, 86.125, 5.903105398356932e-23, nan 
-111.125, 86.125, 5.431847962741078e-23, nan 
-110.875, 86.125, 5.2744327082347654e-23, nan 
-110.625, 86.125, 5.349488786619626e-23, nan 
-110.375, 86.125, 5.856082934852349e-23, nan 
-110.125, 86.125, 6.148077154223914e-23, nan 
-109.875, 86.125, 5.863707956303153e-23, nan 
-109.625, 86.125, 5.665340059130889e-23, nan 
-109.375, 86.125, 4.3412453094752945e-23, nan 
-109.125, 86.125, 6.085162874128895e-23, nan 
-108.875, 86.125, 8.174770906183393e-23, nan 
-108.625, 86.125, 8.846724112672943e-23, nan 
-108.375, 86.125, 8.773423728534317e-23, nan 
-108.125, 86.125, 1.0978274463085653e-22, nan 
-107.875, 86.125, 1.351745861826455e-22, nan 
-107.625, 86.125, 1.5299007569220205e-22, nan 
-107.375, 86.125, 1.722327057752022e-22, nan 
-107.125, 86.125, 1.8597229834537122e-22, nan 
-106.875, 86.125, 1.8827613710327598e-22, nan 
-106.625, 86.125, 1.7567571842223655e-22, nan 
-106.375, 86.125, 1.5790954701401685e-22, nan 
-106.125, 86.125, 1.0492768453488869e-22, nan 
-105.875, 86.125, 9.636732563184939e-23, nan 
-105.625, 86.125, 1.0564988129816703e-22, nan 
-105.375, 86.125, 1.4106964495280786e-22, nan 
-105.125, 86.125, 1.8147317201263605e-22, nan 
-104.875, 86.125, 2.1352818745159255e-22, nan 
-104.625, 86.125, 1.9389993860657196e-22, nan 
-104.375, 86.125, 1.9763008328529995e-22, nan 
-104.125, 86.125, 2.1735440900049864e-22, nan 
-103.875, 86.125, 2.25780643913858e-22, nan 
-103.625, 86.125, 2.576127209954273e-22, nan 
-103.375, 86.125, 2.6577289707449342e-22, nan 
-103.125, 86.125, 2.8357370026147513e-22, nan 
-102.875, 86.125, 2.557440230950373e-22, nan 
-102.625, 86.125, 2.2181494676391605e-22, nan 
-102.375, 86.125, 2.157207865020644e-22, nan 
-102.125, 86.125, 2.359124866137071e-22, nan 
-101.875, 86.125, 2.674123165220448e-22, nan 
-101.625, 86.125, 3.0255691731801235e-22, nan 
-101.375, 86.125, 3.163570148069567e-22, nan 
-101.125, 86.125, 3.0877693290096117e-22, nan 
-100.875, 86.125, 2.9773155058753298e-22, nan 
-100.625, 86.125, 2.957375550388796e-22, nan 
-100.375, 86.125, 2.985350227634586e-22, nan 
-100.125, 86.125, 3.0285160509153607e-22, nan 
-99.875, 86.125, 2.7552774841341865e-22, nan 
-99.625, 86.125, 2.649680724723323e-22, nan 
-99.375, 86.125, 2.8201091527483527e-22, nan 
-99.125, 86.125, 3.100690386525765e-22, nan 
-98.875, 86.125, 3.4131433933726567e-22, nan 
-98.625, 86.125, 3.9177362433656235e-22, nan 
-98.375, 86.125, 4.163337161714624e-22, nan 
-98.125, 86.125, 4.334447363279528e-22, nan 
-97.875, 86.125, 4.295017394972418e-22, nan 
-97.625, 86.125, 3.952452090106331e-22, nan 
-97.375, 86.125, 3.5548237028187586e-22, nan 
-97.125, 86.125, 3.1048528528588975e-22, nan 
-96.875, 86.125, 2.964979620361803e-22, nan 
-96.625, 86.125, 2.917828815339785e-22, nan 
-96.375, 86.125, 2.7887531366906997e-22, nan 
-96.125, 86.125, 2.3777745911624915e-22, nan 
-95.875, 86.125, 2.0327074445296077e-22, nan 
-95.625, 86.125, 1.8404661796939667e-22, nan 
-95.375, 86.125, 1.8015030053972892e-22, nan 
-95.125, 86.125, 1.7343214764869728e-22, nan 
-94.875, 86.125, 1.8161369044413448e-22, nan 
-94.625, 86.125, 1.8048997384422973e-22, nan 
-94.375, 86.125, 1.9902727686875864e-22, nan 
-94.125, 86.125, 2.226457408170991e-22, nan 
-93.875, 86.125, 2.583243348568266e-22, nan 
-93.625, 86.125, 2.9327921958363634e-22, nan 
-93.375, 86.125, 3.088694869692798e-22, nan 
-93.125, 86.125, 3.193197366400333e-22, nan 
-92.875, 86.125, 3.3538871284272747e-22, nan 
-92.625, 86.125, 3.377462286270159e-22, nan 
-92.375, 86.125, 3.549979282771398e-22, nan 
-92.125, 86.125, 3.617320992213167e-22, nan 
-91.875, 86.125, 3.7401974862780277e-22, nan 
-91.625, 86.125, 3.8291053681829284e-22, nan 
-91.375, 86.125, 3.919537160363467e-22, nan 
-91.125, 86.125, 4.0662868985348465e-22, nan 
-90.875, 86.125, 4.021296216315609e-22, nan 
-90.625, 86.125, 4.1368880098474216e-22, nan 
-90.375, 86.125, 4.154737534787704e-22, nan 
-90.125, 86.125, 4.142837428456927e-22, nan 
-89.875, 86.125, 4.1711908660473324e-22, nan 
-89.625, 86.125, 4.1762271531799375e-22, nan 
-89.375, 86.125, 4.164640120103112e-22, nan 
-89.125, 86.125, 4.097614355060548e-22, nan 
-88.875, 86.125, 4.117192788444715e-22, nan 
-88.625, 86.125, 4.090905116788001e-22, nan 
-88.375, 86.125, 3.8611092475141993e-22, nan 
-88.125, 86.125, 3.7029029084311277e-22, nan 
-87.875, 86.125, 3.73933542333747e-22, nan 
-87.625, 86.125, 3.7238028025438278e-22, nan 
-87.375, 86.125, 3.82731221539115e-22, nan 
-87.125, 86.125, 3.7581736489781037e-22, nan 
-86.875, 86.125, 3.5975379465060256e-22, nan 
-86.625, 86.125, 3.602346775520971e-22, nan 
-86.375, 86.125, 3.744482817602049e-22, nan 
-86.125, 86.125, 3.7258364596544416e-22, nan 
-85.875, 86.125, 3.673302616361335e-22, nan 
-85.625, 86.125, 3.764413696198427e-22, nan 
-85.375, 86.125, 3.7376922398062774e-22, nan 
-85.125, 86.125, 3.6942896127879916e-22, nan 
-84.875, 86.125, 3.697547624687097e-22, nan 
-84.625, 86.125, 3.614857639369268e-22, nan 
-84.375, 86.125, 3.5718489318243588e-22, nan 
-84.125, 86.125, 3.654593291962203e-22, nan 
-83.875, 86.125, 3.681363728578039e-22, nan 
-83.625, 86.125, 3.4126545641641435e-22, nan 
-83.375, 86.125, 3.367354360160866e-22, nan 
-83.125, 86.125, 3.1660374467100973e-22, nan 
-82.875, 86.125, 2.9321650582437286e-22, nan 
-82.625, 86.125, 2.9678864462544564e-22, nan 
-82.375, 86.125, 3.012666176760961e-22, nan 
-82.125, 86.125, 2.4791083121412364e-22, nan 
-81.875, 86.125, 2.071070290862513e-22, nan 
-81.625, 86.125, 1.9813332712202493e-22, nan 
-81.375, 86.125, 2.10534135627043e-22, nan 
-81.125, 86.125, 2.2436629043921136e-22, nan 
-80.875, 86.125, 2.3081948884048316e-22, nan 
-80.625, 86.125, 2.2279597313695827e-22, nan 
-80.375, 86.125, 2.282881225747321e-22, nan 
-80.125, 86.125, 2.443452674754789e-22, nan 
-79.875, 86.125, 2.6466834039707146e-22, nan 
-79.625, 86.125, 2.8211265405229954e-22, nan 
-79.375, 86.125, 2.9889785941793977e-22, nan 
-79.125, 86.125, 3.148664485609628e-22, nan 
-78.875, 86.125, 3.4060718982376798e-22, nan 
-78.625, 86.125, 3.649676763434057e-22, nan 
-78.375, 86.125, 4.055151566174028e-22, nan 
-78.125, 86.125, 4.438478735060403e-22, nan 
-77.875, 86.125, 4.701792986637929e-22, nan 
-77.625, 86.125, 4.797792489285458e-22, nan 
-77.375, 86.125, 4.919235182400479e-22, nan 
-77.125, 86.125, 5.0072963629866155e-22, nan 
-76.875, 86.125, 5.131122235904324e-22, nan 
-76.625, 86.125, 5.275631597826545e-22, nan 
-76.375, 86.125, 5.520705201192494e-22, nan 
-76.125, 86.125, 5.432173212063971e-22, nan 
-75.875, 86.125, 5.275196729322947e-22, nan 
-75.625, 86.125, 5.576199668661812e-22, nan 
-75.375, 86.125, 5.4825081180089875e-22, nan 
-75.125, 86.125, 5.695067648134241e-22, nan 
-74.875, 86.125, 5.607945125744879e-22, nan 
-74.625, 86.125, 5.466928262160093e-22, nan 
-74.375, 86.125, 5.645787085675949e-22, nan 
-74.125, 86.125, 5.789876485731931e-22, nan 
-73.875, 86.125, 5.774029386456894e-22, nan 
-73.625, 86.125, 5.774990850674178e-22, nan 
-73.375, 86.125, 6.092659424828208e-22, nan 
-73.125, 86.125, 6.479260911232507e-22, nan 
-72.875, 86.125, 6.714837603615228e-22, nan 
-72.625, 86.125, 6.809461235073812e-22, nan 
-72.375, 86.125, 7.070102380739792e-22, nan 
-72.125, 86.125, 7.257349311906753e-22, nan 
-71.875, 86.125, 7.444809760468952e-22, nan 
-71.625, 86.125, 7.685311507676176e-22, nan 
-71.375, 86.125, 8.058012861314987e-22, nan 
-71.125, 86.125, 8.570268359000183e-22, nan 
-70.875, 86.125, 9.564373240236765e-22, nan 
-70.625, 86.125, 1.0288041261073207e-21, nan 
-70.375, 86.125, 1.0773468488016013e-21, nan 
-70.125, 86.125, 1.095526194276863e-21, nan 
-69.875, 86.125, 1.1148807789415712e-21, nan 
-69.625, 86.125, 1.1022771589175617e-21, nan 
-69.375, 86.125, 1.0798817726290612e-21, nan 
-69.125, 86.125, 1.0519945296575292e-21, nan 
-68.875, 86.125, 1.0308606238483153e-21, nan 
-68.625, 86.125, 1.0116551775041552e-21, nan 
-68.375, 86.125, 9.657877014213479e-22, nan 
-68.125, 86.125, 9.45880728650105e-22, nan 
-67.875, 86.125, 9.099341672895685e-22, nan 
-67.625, 86.125, 8.44671287470695e-22, nan 
-67.375, 86.125, 8.030759182208176e-22, nan 
-67.125, 86.125, 9.478262936597242e-22, nan 
-66.875, 86.125, 1.1416579975603627e-21, nan 
-66.625, 86.125, 1.260625611472449e-21, nan 
-66.375, 86.125, 1.256266105476428e-21, nan 
-66.125, 86.125, 1.2557025559612071e-21, nan 
-65.875, 86.125, 1.2417049002604428e-21, nan 
-65.625, 86.125, 1.2289329184731435e-21, nan 
-65.375, 86.125, 1.2074518562813508e-21, nan 
-65.125, 86.125, 1.1938812296885638e-21, nan 
-64.875, 86.125, 1.1663226756827056e-21, nan 
-64.625, 86.125, 1.1193741787966486e-21, nan 
-64.375, 86.125, 1.083300660067376e-21, nan 
-64.125, 86.125, 1.0300228599739082e-21, nan 
-63.875, 86.125, 9.386632505241342e-22, nan 
-63.625, 86.125, 8.125551404992285e-22, nan 
-63.375, 86.125, 6.529394008013928e-22, nan 
-63.125, 86.125, 6.052046717081341e-22, nan 
-62.875, 86.125, 5.887757695575072e-22, nan 
-62.625, 86.125, 5.514242891574838e-22, nan 
-62.375, 86.125, 5.324188082088057e-22, nan 
-62.125, 86.125, 5.465039129349956e-22, nan 
-61.875, 86.125, 5.560843590840886e-22, nan 
-61.625, 86.125, 6.897957348748873e-22, nan 
-61.375, 86.125, 7.30402016339508e-22, nan 
-61.125, 86.125, 7.380782119743159e-22, nan 
-60.875, 86.125, 8.050841737684019e-22, nan 
-60.625, 86.125, 8.565995617681776e-22, nan 
-60.375, 86.125, 9.73836516855946e-22, nan 
-60.125, 86.125, 9.991820925830232e-22, nan 
-59.875, 86.125, 1.0114748828449186e-21, nan 
-59.625, 86.125, 1.017154700449225e-21, nan 
-59.375, 86.125, 1.0361524653605917e-21, nan 
-59.125, 86.125, 1.0432710571480416e-21, nan 
-58.875, 86.125, 1.0247123579620079e-21, nan 
-58.625, 86.125, 1.0079179750775069e-21, nan 
-58.375, 86.125, 1.0005980678978285e-21, nan 
-58.125, 86.125, 9.803986395493847e-22, nan 
-57.875, 86.125, 9.64779460128694e-22, nan 
-57.625, 86.125, 9.450714766549178e-22, nan 
-57.375, 86.125, 9.26764684171607e-22, nan 
-57.125, 86.125, 8.918655157878937e-22, nan 
-56.875, 86.125, 8.710081188445214e-22, nan 
-56.625, 86.125, 8.063597382494162e-22, nan 
-56.375, 86.125, 7.490419856547428e-22, nan 
-56.125, 86.125, 7.436991896037074e-22, nan 
-55.875, 86.125, 6.908460404580895e-22, nan 
-55.625, 86.125, 6.60562553407346e-22, nan 
-55.375, 86.125, 6.241272750490711e-22, nan 
-55.125, 86.125, 5.795076463497392e-22, nan 
-54.875, 86.125, 5.409263771746924e-22, nan 
-54.625, 86.125, 5.357786044838213e-22, nan 
-54.375, 86.125, 5.43106498907552e-22, nan 
-54.125, 86.125, 5.640833557970439e-22, nan 
-53.875, 86.125, 5.467831533130799e-22, nan 
-53.625, 86.125, 5.733203412671011e-22, nan 
-53.375, 86.125, 5.956213512078697e-22, nan 
-53.125, 86.125, 5.90262771911308e-22, nan 
-52.875, 86.125, 5.70154735933789e-22, nan 
-52.625, 86.125, 5.596432206014162e-22, nan 
-52.375, 86.125, 5.911425530913989e-22, nan 
-52.125, 86.125, 6.66410763093848e-22, nan 
-51.875, 86.125, 7.374695186818223e-22, nan 
-51.625, 86.125, 7.951407729040586e-22, nan 
-51.375, 86.125, 7.886866805172853e-22, nan 
-51.125, 86.125, 7.858561009940124e-22, nan 
-50.875, 86.125, 7.36997370086285e-22, nan 
-50.625, 86.125, 7.471837202013345e-22, nan 
-50.375, 86.125, 7.607487131199103e-22, nan 
-50.125, 86.125, 8.858749408810111e-22, nan 
-49.875, 86.125, 7.957191114869218e-22, nan 
-49.625, 86.125, 8.072605840058277e-22, nan 
-49.375, 86.125, 7.885114119935035e-22, nan 
-49.125, 86.125, 7.254340406980663e-22, nan 
-48.875, 86.125, 7.971234066240448e-22, nan 
-48.625, 86.125, 7.8881331978794195e-22, nan 
-48.375, 86.125, 9.556469213670397e-22, nan 
-48.125, 86.125, 1.0341264041158552e-21, nan 
-47.875, 86.125, 1.5202342862762765e-21, nan 
-47.625, 86.125, 1.8582616592084934e-21, nan 
-47.375, 86.125, 2.4472106011102437e-21, nan 
-47.125, 86.125, 2.72177888939279e-21, nan 
-46.875, 86.125, 3.0832614443690303e-21, nan 
-46.625, 86.125, 3.102150921335397e-21, nan 
-46.375, 86.125, 3.096635095291683e-21, nan 
-46.125, 86.125, 3.138768881294548e-21, nan 
-45.875, 86.125, 3.2309285594265966e-21, nan 
-45.625, 86.125, 3.255768966977721e-21, nan 
-45.375, 86.125, 3.294003289365235e-21, nan 
-45.125, 86.125, 3.3196457526286808e-21, nan 
-44.875, 86.125, 3.3446671922996736e-21, nan 
-44.625, 86.125, 3.4593993279219556e-21, nan 
-44.375, 86.125, 3.4786753066770585e-21, nan 
-44.125, 86.125, 3.5498134195508304e-21, nan 
-43.875, 86.125, 3.595549437086667e-21, nan 
-43.625, 86.125, 3.628083804283776e-21, nan 
-43.375, 86.125, 3.692943728767386e-21, nan 
-43.125, 86.125, 3.7447365200683295e-21, nan 
-42.875, 86.125, 3.76513120775823e-21, nan 
-42.625, 86.125, 3.7984234767184354e-21, nan 
-42.375, 86.125, 3.870929250559903e-21, nan 
-42.125, 86.125, 3.869149302856431e-21, nan 
-41.875, 86.125, 3.862737608654233e-21, nan 
-41.625, 86.125, 3.868430641510526e-21, nan 
-41.375, 86.125, 3.866871026087003e-21, nan 
-41.125, 86.125, 3.867239802351798e-21, nan 
-40.875, 86.125, 3.948111272926254e-21, nan 
-40.625, 86.125, 4.0210273513860456e-21, nan 
-40.375, 86.125, 4.061587599543259e-21, nan 
-40.125, 86.125, 4.1165389602912e-21, nan 
-39.875, 86.125, 4.1484827837908756e-21, nan 
-39.625, 86.125, 4.147377904734709e-21, nan 
-39.375, 86.125, 4.285455800989848e-21, nan 
-39.125, 86.125, 4.178696903114121e-21, nan 
-38.875, 86.125, 4.023159367711977e-21, nan 
-38.625, 86.125, 3.978226651967864e-21, nan 
-38.375, 86.125, 3.974183768733147e-21, nan 
-38.125, 86.125, 3.972195298711723e-21, nan 
-37.875, 86.125, 3.997434512615747e-21, nan 
-37.625, 86.125, 3.9925548023922964e-21, nan 
-37.375, 86.125, 4.044414542836855e-21, nan 
-37.125, 86.125, 4.218764045624161e-21, nan 
-36.875, 86.125, 4.2094015853930265e-21, nan 
-36.625, 86.125, 4.266026701136e-21, nan 
-36.375, 86.125, 4.392094053498972e-21, nan 
-36.125, 86.125, 4.5254752721455115e-21, nan 
-35.875, 86.125, 4.4131176811693654e-21, nan 
-35.625, 86.125, 4.396223245214158e-21, nan 
-35.375, 86.125, 4.2360455155066905e-21, nan 
-35.125, 86.125, 4.232746525332459e-21, nan 
-34.875, 86.125, 4.228656131438048e-21, nan 
-34.625, 86.125, 4.216161498996338e-21, nan 
-34.375, 86.125, 4.181196479525383e-21, nan 
-34.125, 86.125, 4.1176508272673015e-21, nan 
-33.875, 86.125, 4.2266631105869246e-21, nan 
-33.625, 86.125, 4.271981753060406e-21, nan 
-33.375, 86.125, 4.21288637006884e-21, nan 
-33.125, 86.125, 4.32167726647549e-21, nan 
-32.875, 86.125, 4.49793602233283e-21, nan 
-32.625, 86.125, 4.711293389857425e-21, nan 
-32.375, 86.125, 4.604478560903611e-21, nan 
-32.125, 86.125, 4.586729900809852e-21, nan 
-31.875, 86.125, 4.632823950168936e-21, nan 
-31.625, 86.125, 4.588802542877546e-21, nan 
-31.375, 86.125, 4.48443118436873e-21, nan 
-31.125, 86.125, 4.4661886914696004e-21, nan 
-30.875, 86.125, 4.5427109312082056e-21, nan 
-30.625, 86.125, 4.528344331507504e-21, nan 
-30.375, 86.125, 4.596353130879501e-21, nan 
-30.125, 86.125, 4.374260405267637e-21, nan 
-29.875, 86.125, 4.185214252822113e-21, nan 
-29.625, 86.125, 3.942542324239112e-21, nan 
-29.375, 86.125, 3.7100851958686254e-21, nan 
-29.125, 86.125, 3.4232338950538266e-21, nan 
-28.875, 86.125, 3.308019788790149e-21, nan 
-28.625, 86.125, 3.0788093837693214e-21, nan 
-28.375, 86.125, 3.049450868071282e-21, nan 
-28.125, 86.125, 2.9927121089546303e-21, nan 
-27.875, 86.125, 2.8950497586823647e-21, nan 
-27.625, 86.125, 2.9194912791641467e-21, nan 
-27.375, 86.125, 2.9357916639080153e-21, nan 
-27.125, 86.125, 2.9607728777712528e-21, nan 
-26.875, 86.125, 2.951277916519073e-21, nan 
-26.625, 86.125, 2.878480639904311e-21, nan 
-26.375, 86.125, 2.785946895758511e-21, nan 
-26.125, 86.125, 2.8142965034248376e-21, nan 
-25.875, 86.125, 2.697741414780914e-21, nan 
-25.625, 86.125, 2.4413214798826115e-21, nan 
-25.375, 86.125, 2.260929483925361e-21, nan 
-25.125, 86.125, 2.2365694756120876e-21, nan 
-24.875, 86.125, 2.17963309494451e-21, nan 
-24.625, 86.125, 2.0887860791662966e-21, nan 
-24.375, 86.125, 2.0808507610266234e-21, nan 
-24.125, 86.125, 2.1038657697570475e-21, nan 
-23.875, 86.125, 2.0818017845550885e-21, nan 
-23.625, 86.125, 2.0658955679219307e-21, nan 
-23.375, 86.125, 1.8543942286380427e-21, nan 
-23.125, 86.125, 1.777688092929215e-21, nan 
-22.875, 86.125, 1.729261316520369e-21, nan 
-22.625, 86.125, 1.324875938390835e-21, nan 
-22.375, 86.125, 1.2860310274308358e-21, nan 
-22.125, 86.125, 1.271668044003608e-21, nan 
-21.875, 86.125, 1.2637104393842295e-21, nan 
-21.625, 86.125, 1.2517056833393885e-21, nan 
-21.375, 86.125, 1.2435214012039824e-21, nan 
-21.125, 86.125, 1.2604345893804367e-21, nan 
-20.875, 86.125, 1.2621133289235104e-21, nan 
-20.625, 86.125, 1.244302381966563e-21, nan 
-20.375, 86.125, 1.2676484499559224e-21, nan 
-20.125, 86.125, 1.273490093327889e-21, nan 
-19.875, 86.125, 1.3059229268617647e-21, nan 
-19.625, 86.125, 1.3202875493206375e-21, nan 
-19.375, 86.125, 1.3567134722808993e-21, nan 
-19.125, 86.125, 1.3444189589393825e-21, nan 
-18.875, 86.125, 1.0478935414358405e-21, nan 
-18.625, 86.125, 9.53865837956209e-22, nan 
-18.375, 86.125, 8.717149562292168e-22, nan 
-18.125, 86.125, 9.115726061704312e-22, nan 
-17.875, 86.125, 9.083494045080253e-22, nan 
-17.625, 86.125, 9.713482839318424e-22, nan 
-17.375, 86.125, 9.919640212299931e-22, nan 
-17.125, 86.125, 1.0533598392255291e-21, nan 
-16.875, 86.125, 1.2751488557619108e-21, nan 
-16.625, 86.125, 1.5650834589757816e-21, nan 
-16.375, 86.125, 1.543536000136117e-21, nan 
-16.125, 86.125, 1.739022442480218e-21, nan 
-15.875, 86.125, 1.9274205113420543e-21, nan 
-15.625, 86.125, 1.9247853127360404e-21, nan 
-15.375, 86.125, 1.8870480271198863e-21, nan 
-15.125, 86.125, 2.099041962169681e-21, nan 
-14.875, 86.125, 2.1884294712674465e-21, nan 
-14.625, 86.125, 2.215154873739333e-21, nan 
-14.375, 86.125, 2.176380601170008e-21, nan 
-14.125, 86.125, 2.0447240716675077e-21, nan 
-13.875, 86.125, 2.0464373021508668e-21, nan 
-13.625, 86.125, 1.9387690321678678e-21, nan 
-13.375, 86.125, 1.9197033939059975e-21, nan 
-13.125, 86.125, 2.0107153863316813e-21, nan 
-12.875, 86.125, 2.0474823453053907e-21, nan 
-12.625, 86.125, 2.0871288371969464e-21, nan 
-12.375, 86.125, 2.0733793846128603e-21, nan 
-12.125, 86.125, 2.046751900428486e-21, nan 
-11.875, 86.125, 1.874628149523888e-21, nan 
-11.625, 86.125, 1.8053794285110464e-21, nan 
-11.375, 86.125, 1.6944180085161308e-21, nan 
-11.125, 86.125, 1.567139617065073e-21, nan 
-10.875, 86.125, 1.2030028453611351e-21, nan 
-10.625, 86.125, 1.05550226697877e-21, nan 
-10.375, 86.125, 9.430950058245516e-22, nan 
-10.125, 86.125, 1.0198772053408979e-21, nan 
-9.875, 86.125, 9.440932067409732e-22, nan 
-9.625, 86.125, 1.0834064843037267e-21, nan 
-9.375, 86.125, 1.1395951649123525e-21, nan 
-9.125, 86.125, 1.0562733856610769e-21, nan 
-8.875, 86.125, 1.0890505349291844e-21, nan 
-8.625, 86.125, 1.1430724224416954e-21, nan 
-8.375, 86.125, 1.1630845881801554e-21, nan 
-8.125, 86.125, 1.1736573411673249e-21, nan 
-7.875, 86.125, 1.2566311508168302e-21, nan 
-7.625, 86.125, 1.4520427242903657e-21, nan 
-7.375, 86.125, 1.6577701103430386e-21, nan 
-7.125, 86.125, 1.850572999091582e-21, nan 
-6.875, 86.125, 2.0855451377800593e-21, nan 
-6.625, 86.125, 2.2000490734644955e-21, nan 
-6.375, 86.125, 2.3707003439656093e-21, nan 
-6.125, 86.125, 2.5217709324711123e-21, nan 
-5.875, 86.125, 2.801047274047672e-21, nan 
-5.625, 86.125, 2.9928029964938757e-21, nan 
-5.375, 86.125, 2.8245004428282537e-21, nan 
-5.125, 86.125, 2.8918328333415473e-21, nan 
-4.875, 86.125, 2.960918946426452e-21, nan 
-4.625, 86.125, 2.89206074352046e-21, nan 
-4.375, 86.125, 2.8762046675832785e-21, nan 
-4.125, 86.125, 2.8719441558179505e-21, nan 
-3.875, 86.125, 2.865229302932059e-21, nan 
-3.625, 86.125, 2.7811061705996804e-21, nan 
-3.375, 86.125, 2.7643989749966896e-21, nan 
-3.125, 86.125, 2.8215221437532494e-21, nan 
-2.875, 86.125, 2.9346900362061865e-21, nan 
-2.625, 86.125, 2.9721499009515492e-21, nan 
-2.375, 86.125, 3.0012855678309986e-21, nan 
-2.125, 86.125, 3.0611103991423953e-21, nan 
-1.875, 86.125, 3.0743235021802525e-21, nan 
-1.625, 86.125, 3.0305464327969898e-21, nan 
-1.375, 86.125, 3.0906144448690852e-21, nan 
-1.125, 86.125, 3.0967675986070313e-21, nan 
-0.875, 86.125, 3.128456996312181e-21, nan 
-0.625, 86.125, 3.0708640184390396e-21, nan 
-0.375, 86.125, 3.024749109861299e-21, nan 
-0.125, 86.125, 2.731240635792665e-21, nan 
0.125, 86.125, 2.5255035911504814e-21, nan 
0.375, 86.125, 2.222986591886748e-21, nan 
0.625, 86.125, 2.0034937059053443e-21, nan 
0.875, 86.125, 1.8515492936473698e-21, nan 
1.125, 86.125, 1.877427407418223e-21, nan 
1.375, 86.125, 1.951044794359063e-21, nan 
1.625, 86.125, 2.0197824283852306e-21, nan 
1.875, 86.125, 2.023443507686356e-21, nan 
2.125, 86.125, 2.0234516263155887e-21, nan 
2.375, 86.125, 2.11365914815453e-21, nan 
2.625, 86.125, 2.1292050588076082e-21, nan 
2.875, 86.125, 2.1537391035260994e-21, nan 
3.125, 86.125, 2.159580833356824e-21, nan 
3.375, 86.125, 2.173430332105102e-21, nan 
3.625, 86.125, 2.0161964120470243e-21, nan 
3.875, 86.125, 1.91695970964631e-21, nan 
4.125, 86.125, 1.7656228625305406e-21, nan 
4.375, 86.125, 1.5776689328076758e-21, nan 
4.625, 86.125, 1.3597205038831418e-21, nan 
4.875, 86.125, 1.2877402516159156e-21, nan 
5.125, 86.125, 1.2254529358445039e-21, nan 
5.375, 86.125, 1.1652127276125828e-21, nan 
5.625, 86.125, 1.1374235969773072e-21, nan 
5.875, 86.125, 9.663443335632137e-22, nan 
6.125, 86.125, 8.578810652817454e-22, nan 
6.375, 86.125, 8.57809475719746e-22, nan 
6.625, 86.125, 7.994521310934009e-22, nan 
6.875, 86.125, 7.579078065284474e-22, nan 
7.125, 86.125, 7.340312002071359e-22, nan 
7.375, 86.125, 6.936933725601548e-22, nan 
7.625, 86.125, 6.7630589432425945e-22, nan 
7.875, 86.125, 6.142433771936312e-22, nan 
8.125, 86.125, 5.715576942980508e-22, nan 
8.375, 86.125, 5.636999527139912e-22, nan 
8.625, 86.125, 5.428610768312604e-22, nan 
8.875, 86.125, 5.050511700276216e-22, nan 
9.125, 86.125, 4.739503519327898e-22, nan 
9.375, 86.125, 4.350929972911079e-22, nan 
9.625, 86.125, 4.247005770302859e-22, nan 
9.875, 86.125, 3.970421881994416e-22, nan 
10.125, 86.125, 3.6922689943979922e-22, nan 
10.375, 86.125, 3.5676807989655995e-22, nan 
10.625, 86.125, 3.320112689990299e-22, nan 
10.875, 86.125, 3.102448343423789e-22, nan 
11.125, 86.125, 3.030646829217919e-22, nan 
11.375, 86.125, 2.8480173338240882e-22, nan 
11.625, 86.125, 2.756677352899143e-22, nan 
11.875, 86.125, 2.5880946912685394e-22, nan 
12.125, 86.125, 2.31081568301331e-22, nan 
12.375, 86.125, 2.169862889595706e-22, nan 
12.625, 86.125, 2.189228421836428e-22, nan 
12.875, 86.125, 2.514143144259397e-22, nan 
13.125, 86.125, 2.933977871823647e-22, nan 
13.375, 86.125, 3.375773037998793e-22, nan 
13.625, 86.125, 3.3381205019299797e-22, nan 
13.875, 86.125, 2.922711727456082e-22, nan 
14.125, 86.125, 2.7719426401153335e-22, nan 
14.375, 86.125, 2.722771999775502e-22, nan 
14.625, 86.125, 2.567167957713258e-22, nan 
14.875, 86.125, 2.437368281754922e-22, nan 
15.125, 86.125, 2.4676330265875974e-22, nan 
15.375, 86.125, 2.3860145231868287e-22, nan 
15.625, 86.125, 2.1787824409602026e-22, nan 
15.875, 86.125, 1.993072676479095e-22, nan 
16.125, 86.125, 1.5316680440762636e-22, nan 
16.375, 86.125, 1.3961932387132052e-22, nan 
16.625, 86.125, 1.1864549698165825e-22, nan 
16.875, 86.125, 1.1877451389361487e-22, nan 
17.125, 86.125, 1.1217943131189337e-22, nan 
17.375, 86.125, 1.0900803680723032e-22, nan 
17.625, 86.125, 1.344868695482066e-22, nan 
17.875, 86.125, 1.636857674057441e-22, nan 
18.125, 86.125, 1.8161815718029006e-22, nan 
18.375, 86.125, 1.583379066755633e-22, nan 
18.625, 86.125, 1.3955910864080408e-22, nan 
18.875, 86.125, 1.3339237463449514e-22, nan 
19.125, 86.125, 1.4389835272680299e-22, nan 
19.375, 86.125, 1.477540097703446e-22, nan 
19.625, 86.125, 1.9239805596015863e-22, nan 
19.875, 86.125, 2.686564044469891e-22, nan 
20.125, 86.125, 3.252661125494035e-22, nan 
20.375, 86.125, 3.9057351584080372e-22, nan 
20.625, 86.125, 4.545728109628052e-22, nan 
20.875, 86.125, 4.692918205047049e-22, nan 
21.125, 86.125, 5.082737759759775e-22, nan 
21.375, 86.125, 5.230028290481271e-22, nan 
21.625, 86.125, 5.521170376385588e-22, nan 
21.875, 86.125, 5.717741213379439e-22, nan 
22.125, 86.125, 5.640720851632224e-22, nan 
22.375, 86.125, 5.868170057601099e-22, nan 
22.625, 86.125, 6.057072951641553e-22, nan 
22.875, 86.125, 5.9823251064045285e-22, nan 
23.125, 86.125, 6.130936088680577e-22, nan 
23.375, 86.125, 6.202455438542754e-22, nan 
23.625, 86.125, 6.1928333339762345e-22, nan 
23.875, 86.125, 6.20709830103254e-22, nan 
24.125, 86.125, 6.37526853736975e-22, nan 
24.375, 86.125, 6.540606664817439e-22, nan 
24.625, 86.125, 6.758525307242583e-22, nan 
24.875, 86.125, 6.968215543807388e-22, nan 
25.125, 86.125, 7.125875271348737e-22, nan 
25.375, 86.125, 7.40224746583583e-22, nan 
25.625, 86.125, 7.4781901514274305e-22, nan 
25.875, 86.125, 7.422003119803812e-22, nan 
26.125, 86.125, 7.53984837944942e-22, nan 
26.375, 86.125, 7.501859397467744e-22, nan 
26.625, 86.125, 7.435938244672673e-22, nan 
26.875, 86.125, 7.502626439289409e-22, nan 
27.125, 86.125, 7.773336577870872e-22, nan 
27.375, 86.125, 7.798860196923119e-22, nan 
27.625, 86.125, 7.912398374508829e-22, nan 
27.875, 86.125, 7.695071039282678e-22, nan 
28.125, 86.125, 7.718129560891016e-22, nan 
28.375, 86.125, 7.585438131373233e-22, nan 
28.625, 86.125, 6.906633864242318e-22, nan 
28.875, 86.125, 5.621386887584788e-22, nan 
29.125, 86.125, 5.221647162952733e-22, nan 
29.375, 86.125, 5.186881604338916e-22, nan 
29.625, 86.125, 5.1462845890516685e-22, nan 
29.875, 86.125, 5.298459963390072e-22, nan 
30.125, 86.125, 5.294282433914904e-22, nan 
30.375, 86.125, 5.249647868944714e-22, nan 
30.625, 86.125, 5.334949192210402e-22, nan 
30.875, 86.125, 5.622447350106781e-22, nan 
31.125, 86.125, 5.645534942762495e-22, nan 
31.375, 86.125, 5.716002921388587e-22, nan 
31.625, 86.125, 5.817587589349467e-22, nan 
31.875, 86.125, 5.963565253278272e-22, nan 
32.125, 86.125, 5.98540452470484e-22, nan 
32.375, 86.125, 5.643684598541652e-22, nan 
32.625, 86.125, 4.866416214508996e-22, nan 
32.875, 86.125, 4.258543799426329e-22, nan 
33.125, 86.125, 3.833202344644119e-22, nan 
33.375, 86.125, 3.648931687499505e-22, nan 
33.625, 86.125, 3.4100503782529374e-22, nan 
33.875, 86.125, 3.0911001661752337e-22, nan 
34.125, 86.125, 2.9282651389683303e-22, nan 
34.375, 86.125, 2.544112968641551e-22, nan 
34.625, 86.125, 2.249753959832881e-22, nan 
34.875, 86.125, 2.0688134533129655e-22, nan 
35.125, 86.125, 1.918567425741242e-22, nan 
35.375, 86.125, 1.8011859822422805e-22, nan 
35.625, 86.125, 1.631744913853478e-22, nan 
35.875, 86.125, 1.4876562576817526e-22, nan 
36.125, 86.125, 1.399593655377948e-22, nan 
36.375, 86.125, 1.28426776507403e-22, nan 
36.625, 86.125, 1.2813995517408204e-22, nan 
36.875, 86.125, 1.212193662926153e-22, nan 
37.125, 86.125, 1.1545049700419094e-22, nan 
37.375, 86.125, 1.1456027797207295e-22, nan 
37.625, 86.125, 1.212691592320155e-22, nan 
37.875, 86.125, 1.524853934648933e-22, nan 
38.125, 86.125, 2.202453943514856e-22, nan 
38.375, 86.125, 1.9887986414756797e-22, nan 
38.625, 86.125, 1.727312181778683e-22, nan 
38.875, 86.125, 1.3343833525710102e-22, nan 
39.125, 86.125, 1.5453560667897679e-22, nan 
39.375, 86.125, 1.4551973041346525e-22, nan 
39.625, 86.125, 1.6674387654168162e-22, nan 
39.875, 86.125, 1.8300979688096752e-22, nan 
40.125, 86.125, 1.8665383372429543e-22, nan 
40.375, 86.125, 1.9747450795354865e-22, nan 
40.625, 86.125, 2.0247406845114233e-22, nan 
40.875, 86.125, 1.9921567775188935e-22, nan 
41.125, 86.125, 1.7885118805733452e-22, nan 
41.375, 86.125, 2.1950243216908764e-22, nan 
41.625, 86.125, 2.3838943221844288e-22, nan 
41.875, 86.125, 2.67728923790865e-22, nan 
42.125, 86.125, 2.8164882903826634e-22, nan 
42.375, 86.125, 2.95136358359626e-22, nan 
42.625, 86.125, 3.0080616307004825e-22, nan 
42.875, 86.125, 3.1975904054585453e-22, nan 
43.125, 86.125, 3.4308611525291435e-22, nan 
43.375, 86.125, 3.6918954496385467e-22, nan 
43.625, 86.125, 3.8544707922851953e-22, nan 
43.875, 86.125, 3.941973240270393e-22, nan 
44.125, 86.125, 4.0832782137942898e-22, nan 
44.375, 86.125, 4.1293078189239274e-22, nan 
44.625, 86.125, 4.286769354290885e-22, nan 
44.875, 86.125, 4.53971379666546e-22, nan 
45.125, 86.125, 4.730384065886457e-22, nan 
45.375, 86.125, 4.742746420104221e-22, nan 
45.625, 86.125, 4.965795849968364e-22, nan 
45.875, 86.125, 4.973113510094639e-22, nan 
46.125, 86.125, 5.16036826019671e-22, nan 
46.375, 86.125, 4.977936355994122e-22, nan 
46.625, 86.125, 4.9897787465107385e-22, nan 
46.875, 86.125, 4.957324008753156e-22, nan 
47.125, 86.125, 5.123875958029058e-22, nan 
47.375, 86.125, 5.1572436786613995e-22, nan 
47.625, 86.125, 5.274606271676271e-22, nan 
47.875, 86.125, 5.04538361687139e-22, nan 
48.125, 86.125, 4.218805900239479e-22, nan 
48.375, 86.125, 3.7385011715094824e-22, nan 
48.625, 86.125, 3.502639115256258e-22, nan 
48.875, 86.125, 3.3702861166994485e-22, nan 
49.125, 86.125, 3.309199066820976e-22, nan 
49.375, 86.125, 3.3892544154296074e-22, nan 
49.625, 86.125, 3.379883749499713e-22, nan 
49.875, 86.125, 3.5501211554320915e-22, nan 
50.125, 86.125, 3.446159945110272e-22, nan 
50.375, 86.125, 3.5117725322641773e-22, nan 
50.625, 86.125, 3.562009066223478e-22, nan 
50.875, 86.125, 3.7897522670741073e-22, nan 
51.125, 86.125, 3.8275080289165245e-22, nan 
51.375, 86.125, 4.018493720543944e-22, nan 
51.625, 86.125, 3.9302862088375664e-22, nan 
51.875, 86.125, 3.542062060207259e-22, nan 
52.125, 86.125, 3.2658184219933855e-22, nan 
52.375, 86.125, 3.1126897054256006e-22, nan 
52.625, 86.125, 2.9439594327456523e-22, nan 
52.875, 86.125, 2.822023342188078e-22, nan 
53.125, 86.125, 2.6436227219416804e-22, nan 
53.375, 86.125, 2.549347035355457e-22, nan 
53.625, 86.125, 2.4477240786315345e-22, nan 
53.875, 86.125, 2.4020910364058326e-22, nan 
54.125, 86.125, 2.045947546295939e-22, nan 
54.375, 86.125, 1.6330393709183064e-22, nan 
54.625, 86.125, 1.6561829041414892e-22, nan 
54.875, 86.125, 1.659013636576851e-22, nan 
55.125, 86.125, 1.749713800343263e-22, nan 
55.375, 86.125, 1.8289743921594877e-22, nan 
55.625, 86.125, 1.8628659305410307e-22, nan 
55.875, 86.125, 1.8845582458518974e-22, nan 
56.125, 86.125, 1.9358156584545533e-22, nan 
56.375, 86.125, 1.925101918655469e-22, nan 
56.625, 86.125, 1.9686046197025539e-22, nan 
56.875, 86.125, 1.8918769838125483e-22, nan 
57.125, 86.125, 1.9174334715215105e-22, nan 
57.375, 86.125, 1.8676137350162707e-22, nan 
57.625, 86.125, 1.8829039047431786e-22, nan 
57.875, 86.125, 1.8696340235158286e-22, nan 
58.125, 86.125, 1.8580267683876325e-22, nan 
58.375, 86.125, 1.863792351162984e-22, nan 
58.625, 86.125, 1.854870883103943e-22, nan 
58.875, 86.125, 1.842162820507153e-22, nan 
59.125, 86.125, 1.8562587402823934e-22, nan 
59.375, 86.125, 1.8831001762708025e-22, nan 
59.625, 86.125, 1.877198028574353e-22, nan 
59.875, 86.125, 1.840025424181818e-22, nan 
60.125, 86.125, 1.8170573539767192e-22, nan 
60.375, 86.125, 1.814560991124463e-22, nan 
60.625, 86.125, 1.990518718049874e-22, nan 
60.875, 86.125, 2.0181523890948328e-22, nan 
61.125, 86.125, 1.9769215960621618e-22, nan 
61.375, 86.125, 1.9239330081399622e-22, nan 
61.625, 86.125, 1.8291031504736181e-22, nan 
61.875, 86.125, 1.7629123529784171e-22, nan 
62.125, 86.125, 1.7387764043237927e-22, nan 
62.375, 86.125, 1.7325467410934928e-22, nan 
62.625, 86.125, 1.6759379076338824e-22, nan 
62.875, 86.125, 1.5992472732581125e-22, nan 
63.125, 86.125, 1.5146611593036239e-22, nan 
63.375, 86.125, 1.420299937592447e-22, nan 
63.625, 86.125, 1.321867868657979e-22, nan 
63.875, 86.125, 1.240492812509121e-22, nan 
64.125, 86.125, 1.163274559740044e-22, nan 
64.375, 86.125, 1.089118649585801e-22, nan 
64.625, 86.125, 1.0007228887117454e-22, nan 
64.875, 86.125, 9.179066467407436e-23, nan 
65.125, 86.125, 8.386145336492763e-23, nan 
65.375, 86.125, 7.709499058992774e-23, nan 
65.625, 86.125, 7.11041398750704e-23, nan 
65.875, 86.125, 7.225272955523913e-23, nan 
66.125, 86.125, 7.702700163079021e-23, nan 
66.375, 86.125, 8.297316668793391e-23, nan 
66.625, 86.125, 8.501658624653208e-23, nan 
66.875, 86.125, 8.550489662228378e-23, nan 
67.125, 86.125, 8.010970555862441e-23, nan 
67.375, 86.125, 7.381445097384453e-23, nan 
67.625, 86.125, 6.650960015589125e-23, nan 
67.875, 86.125, 6.114089292121006e-23, nan 
68.125, 86.125, 5.568858608630392e-23, nan 
68.375, 86.125, 4.9335249190373995e-23, nan 
68.625, 86.125, 4.373553308538077e-23, nan 
68.875, 86.125, 4.121579261845644e-23, nan 
69.125, 86.125, 3.8540943357554975e-23, nan 
69.375, 86.125, 3.7487707548605625e-23, nan 
69.625, 86.125, 3.9282370817139686e-23, nan 
69.875, 86.125, 4.2842715581826345e-23, nan 
70.125, 86.125, 4.851907872719352e-23, nan 
70.375, 86.125, 5.1225214343830276e-23, nan 
70.625, 86.125, 5.2830178521145444e-23, nan 
70.875, 86.125, 5.393494787856544e-23, nan 
71.125, 86.125, 5.381444384182045e-23, nan 
71.375, 86.125, 5.277745389805497e-23, nan 
71.625, 86.125, 5.315539212136542e-23, nan 
71.875, 86.125, 5.2774584960704384e-23, nan 
72.125, 86.125, 5.2093784645746644e-23, nan 
72.375, 86.125, 5.102754882031546e-23, nan 
72.625, 86.125, 5.166496977980518e-23, nan 
72.875, 86.125, 5.0235274880322623e-23, nan 
73.125, 86.125, 4.781339080703799e-23, nan 
73.375, 86.125, 4.442318282462978e-23, nan 
73.625, 86.125, 4.218795108020052e-23, nan 
73.875, 86.125, 4.1185732751639627e-23, nan 
74.125, 86.125, 3.900525718725034e-23, nan 
74.375, 86.125, 3.852451712079884e-23, nan 
74.625, 86.125, 3.764800539127265e-23, nan 
74.875, 86.125, 3.5584291123426377e-23, nan 
75.125, 86.125, 3.4535152192139995e-23, nan 
75.375, 86.125, 3.600899680540157e-23, nan 
75.625, 86.125, 3.477833892188081e-23, nan 
75.875, 86.125, 3.772930086207643e-23, nan 
76.125, 86.125, 4.734398048360544e-23, nan 
76.375, 86.125, 5.155399826302142e-23, nan 
76.625, 86.125, 5.139868402340573e-23, nan 
76.875, 86.125, 5.209123011772956e-23, nan 
77.125, 86.125, 5.335946224649603e-23, nan 
77.375, 86.125, 5.631777965534888e-23, nan 
77.625, 86.125, 5.785037517377213e-23, nan 
77.875, 86.125, 6.026681360791293e-23, nan 
78.125, 86.125, 6.064179299727402e-23, nan 
78.375, 86.125, 5.97517792935897e-23, nan 
78.625, 86.125, 6.042679688631565e-23, nan 
78.875, 86.125, 6.137392069977479e-23, nan 
79.125, 86.125, 5.746054198797475e-23, nan 
79.375, 86.125, 5.809813833901653e-23, nan 
79.625, 86.125, 6.132701070349144e-23, nan 
79.875, 86.125, 6.221773254082065e-23, nan 
80.125, 86.125, 6.15928426109924e-23, nan 
80.375, 86.125, 5.742032889673248e-23, nan 
80.625, 86.125, 5.596149422643187e-23, nan 
80.875, 86.125, 5.58572548432056e-23, nan 
81.125, 86.125, 5.407073686151902e-23, nan 
81.375, 86.125, 5.723191783919244e-23, nan 
81.625, 86.125, 5.706632378203065e-23, nan 
81.875, 86.125, 5.875747534178602e-23, nan 
82.125, 86.125, 6.000628009390484e-23, nan 
82.375, 86.125, 5.974587419935295e-23, nan 
82.625, 86.125, 5.738302100317807e-23, nan 
82.875, 86.125, 5.493345057515462e-23, nan 
83.125, 86.125, 5.496833022917997e-23, nan 
83.375, 86.125, 5.803222903099215e-23, nan 
83.625, 86.125, 5.447788641631966e-23, nan 
83.875, 86.125, 4.0637446571290087e-23, nan 
84.125, 86.125, 2.4769513019910458e-23, nan 
84.375, 86.125, 2.1744073051129793e-23, nan 
84.625, 86.125, 2.808571643147336e-23, nan 
84.875, 86.125, 3.928020820531413e-23, nan 
85.125, 86.125, 6.374472401243049e-23, nan 
85.375, 86.125, 7.777328240574585e-23, nan 
85.625, 86.125, 1.02359339309001e-22, nan 
85.875, 86.125, 1.0830275562669418e-22, nan 
86.125, 86.125, 1.0983232496280594e-22, nan 
86.375, 86.125, 1.2014754022394887e-22, nan 
86.625, 86.125, 1.2747380648654525e-22, nan 
86.875, 86.125, 1.3917482273527871e-22, nan 
87.125, 86.125, 1.4900394627522358e-22, nan 
87.375, 86.125, 1.4601689774291523e-22, nan 
87.625, 86.125, 1.2643305932972958e-22, nan 
87.875, 86.125, 1.0901370935395537e-22, nan 
88.125, 86.125, 1.0153279946721721e-22, nan 
88.375, 86.125, 1.0333404823184838e-22, nan 
88.625, 86.125, 1.0512091570597881e-22, nan 
88.875, 86.125, 1.112687652298445e-22, nan 
89.125, 86.125, 1.153097266182112e-22, nan 
89.375, 86.125, 1.233367152240675e-22, nan 
89.625, 86.125, 1.274536359234895e-22, nan 
89.875, 86.125, 1.17653384355409e-22, nan 
90.125, 86.125, 1.0490777737159143e-22, nan 
90.375, 86.125, 1.0524101835888808e-22, nan 
90.625, 86.125, 1.0513392256538991e-22, nan 
90.875, 86.125, 1.087936723013586e-22, nan 
91.125, 86.125, 1.0987332073950736e-22, nan 
91.375, 86.125, 1.0963258686825465e-22, nan 
91.625, 86.125, 1.1146096891030425e-22, nan 
91.875, 86.125, 1.1144572403307933e-22, nan 
92.125, 86.125, 1.1096155796547873e-22, nan 
92.375, 86.125, 1.0947253494145503e-22, nan 
92.625, 86.125, 1.094669995909662e-22, nan 
92.875, 86.125, 1.0935257731911785e-22, nan 
93.125, 86.125, 1.0402544278733365e-22, nan 
93.375, 86.125, 1.0355478963130183e-22, nan 
93.625, 86.125, 1.193624011619942e-22, nan 
93.875, 86.125, 1.361406498736529e-22, nan 
94.125, 86.125, 1.479723135415001e-22, nan 
94.375, 86.125, 1.5719959224924468e-22, nan 
94.625, 86.125, 1.7658286016980732e-22, nan 
94.875, 86.125, 1.987984116587028e-22, nan 
95.125, 86.125, 2.275881230323198e-22, nan 
95.375, 86.125, 2.4231182941159516e-22, nan 
95.625, 86.125, 2.4301481774883863e-22, nan 
95.875, 86.125, 2.4171291813301276e-22, nan 
96.125, 86.125, 2.370096266532058e-22, nan 
96.375, 86.125, 2.3080632825371087e-22, nan 
96.625, 86.125, 2.244280463193214e-22, nan 
96.875, 86.125, 1.9439868635668658e-22, nan 
97.125, 86.125, 1.4131116052186473e-22, nan 
97.375, 86.125, 1.2629712624921976e-22, nan 
97.625, 86.125, 1.3884381377088307e-22, nan 
97.875, 86.125, 1.6040088248200172e-22, nan 
98.125, 86.125, 1.7618749107955407e-22, nan 
98.375, 86.125, 1.819452119262064e-22, nan 
98.625, 86.125, 1.8649750736058063e-22, nan 
98.875, 86.125, 1.9406467849765882e-22, nan 
99.125, 86.125, 2.0096701638858066e-22, nan 
99.375, 86.125, 1.9910126125477865e-22, nan 
99.625, 86.125, 1.958017468558652e-22, nan 
99.875, 86.125, 1.9053312076426472e-22, nan 
100.125, 86.125, 1.8586038711261625e-22, nan 
100.375, 86.125, 1.8305435442511537e-22, nan 
100.625, 86.125, 1.723346974930226e-22, nan 
100.875, 86.125, 1.5078249510581118e-22, nan 
101.125, 86.125, 1.3497045739846352e-22, nan 
101.375, 86.125, 1.2948393198961898e-22, nan 
101.625, 86.125, 1.2540301804636389e-22, nan 
101.875, 86.125, 1.242285934763792e-22, nan 
102.125, 86.125, 1.2201247756336195e-22, nan 
102.375, 86.125, 1.1435555165872942e-22, nan 
102.625, 86.125, 1.1161866039255317e-22, nan 
102.875, 86.125, 9.511869426896145e-23, nan 
103.125, 86.125, 7.663353495619034e-23, nan 
103.375, 86.125, 5.197080983450522e-23, nan 
103.625, 86.125, 4.0031481513444575e-23, nan 
103.875, 86.125, 3.4720691933779246e-23, nan 
104.125, 86.125, 3.1896427827990536e-23, nan 
104.375, 86.125, 2.689553734345932e-23, nan 
104.625, 86.125, 2.4724017300746188e-23, nan 
104.875, 86.125, 2.29292608250308e-23, nan 
105.125, 86.125, 2.2254142585804673e-23, nan 
105.375, 86.125, 2.1776504181887873e-23, nan 
105.625, 86.125, 2.145907145746364e-23, nan 
105.875, 86.125, 2.20872918042955e-23, nan 
106.125, 86.125, 2.2611789098051492e-23, nan 
106.375, 86.125, 2.3131515233283628e-23, nan 
106.625, 86.125, 2.4312890419860655e-23, nan 
106.875, 86.125, 2.5315496314478164e-23, nan 
107.125, 86.125, 2.5951717376823265e-23, nan 
107.375, 86.125, 2.6804619008061603e-23, nan 
107.625, 86.125, 2.712001990914468e-23, nan 
107.875, 86.125, 2.711494275831407e-23, nan 
108.125, 86.125, 2.697799927566328e-23, nan 
108.375, 86.125, 2.6948374113374085e-23, nan 
108.625, 86.125, 2.757585144736688e-23, nan 
108.875, 86.125, 2.82176016439943e-23, nan 
109.125, 86.125, 2.833419859971652e-23, nan 
109.375, 86.125, 2.9871507564111035e-23, nan 
109.625, 86.125, 3.143235492023878e-23, nan 
109.875, 86.125, 3.3458414736005353e-23, nan 
110.125, 86.125, 4.091548729931353e-23, nan 
110.375, 86.125, 4.908168399185985e-23, nan 
110.625, 86.125, 5.19930412167286e-23, nan 
110.875, 86.125, 5.241525530855852e-23, nan 
111.125, 86.125, 5.780874984064539e-23, nan 
111.375, 86.125, 5.973414043599242e-23, nan 
111.625, 86.125, 5.818817444957011e-23, nan 
111.875, 86.125, 5.786974707511461e-23, nan 
112.125, 86.125, 5.535328359179449e-23, nan 
112.375, 86.125, 5.374613098813481e-23, nan 
112.625, 86.125, 5.333769436945941e-23, nan 
112.875, 86.125, 5.305216382081182e-23, nan 
113.125, 86.125, 5.515998492692936e-23, nan 
113.375, 86.125, 5.755597643265782e-23, nan 
113.625, 86.125, 6.088299182805501e-23, nan 
113.875, 86.125, 6.689548200787012e-23, nan 
114.125, 86.125, 7.266884863303028e-23, nan 
114.375, 86.125, 7.841486134868537e-23, nan 
114.625, 86.125, 8.867364015183032e-23, nan 
114.875, 86.125, 9.515530941293249e-23, nan 
115.125, 86.125, 9.647635437691836e-23, nan 
115.375, 86.125, 8.647824583393478e-23, nan 
115.625, 86.125, 7.408394122610289e-23, nan 
115.875, 86.125, 5.497105155150642e-23, nan 
116.125, 86.125, 5.951500665314205e-23, nan 
116.375, 86.125, 6.600444631782474e-23, nan 
116.625, 86.125, 7.229246822087357e-23, nan 
116.875, 86.125, 7.984918089831601e-23, nan 
117.125, 86.125, 8.429111524503006e-23, nan 
117.375, 86.125, 9.115061129752296e-23, nan 
117.625, 86.125, 1.051027657127731e-22, nan 
117.875, 86.125, 1.1901073808098518e-22, nan 
118.125, 86.125, 1.3366746730468757e-22, nan 
118.375, 86.125, 1.5635247506684034e-22, nan 
118.625, 86.125, 1.7054153048319092e-22, nan 
118.875, 86.125, 1.751990435459007e-22, nan 
119.125, 86.125, 1.5570422414379138e-22, nan 
119.375, 86.125, 1.2766861436418473e-22, nan 
119.625, 86.125, 7.027548369651479e-23, nan 
119.875, 86.125, 5.003417017952868e-23, nan 
120.125, 86.125, 5.982049192104675e-23, nan 
120.375, 86.125, 6.840536184777334e-23, nan 
120.625, 86.125, 7.570770253373226e-23, nan 
120.875, 86.125, 8.137329565247199e-23, nan 
121.125, 86.125, 8.735862170770641e-23, nan 
121.375, 86.125, 9.440220226347745e-23, nan 
121.625, 86.125, 1.0085619513356123e-22, nan 
121.875, 86.125, 1.0486084556340022e-22, nan 
122.125, 86.125, 1.1212112418607044e-22, nan 
122.375, 86.125, 1.1704934312084005e-22, nan 
122.625, 86.125, 1.2034727127062668e-22, nan 
122.875, 86.125, 1.1451334997207733e-22, nan 
123.125, 86.125, 1.0543113254125084e-22, nan 
123.375, 86.125, 8.989271038582024e-23, nan 
123.625, 86.125, 8.301153845199536e-23, nan 
123.875, 86.125, 8.277868534609344e-23, nan 
124.125, 86.125, 7.594877684938143e-23, nan 
124.375, 86.125, 7.189515635206806e-23, nan 
124.625, 86.125, 6.952193419390068e-23, nan 
124.875, 86.125, 6.662342493320498e-23, nan 
125.125, 86.125, 5.747983411623746e-23, nan 
125.375, 86.125, 4.68893185311886e-23, nan 
125.625, 86.125, 4.2206947015170986e-23, nan 
125.875, 86.125, 3.9038987753445474e-23, nan 
126.125, 86.125, 3.4570169718851323e-23, nan 
126.375, 86.125, 4.712954866310648e-23, nan 
126.625, 86.125, 5.722798282080657e-23, nan 
126.875, 86.125, 7.375485582994699e-23, nan 
127.125, 86.125, 7.603545469943011e-23, nan 
127.375, 86.125, 7.530600726073405e-23, nan 
127.625, 86.125, 7.742052708262343e-23, nan 
127.875, 86.125, 7.833048410430614e-23, nan 
128.125, 86.125, 7.209098747033693e-23, nan 
128.375, 86.125, 7.466224062025224e-23, nan 
128.625, 86.125, 7.42271987464224e-23, nan 
128.875, 86.125, 7.632006943930154e-23, nan 
129.125, 86.125, 8.607893219234252e-23, nan 
129.375, 86.125, 8.720818708886983e-23, nan 
129.625, 86.125, 8.774452130753589e-23, nan 
129.875, 86.125, 9.174111776008171e-23, nan 
130.125, 86.125, 9.465039440833294e-23, nan 
130.375, 86.125, 9.666100281350338e-23, nan 
130.625, 86.125, 9.556463344653445e-23, nan 
130.875, 86.125, 9.676267369611085e-23, nan 
131.125, 86.125, 9.712432317497691e-23, nan 
131.375, 86.125, 9.65508833367228e-23, nan 
131.625, 86.125, 9.466346150180371e-23, nan 
131.875, 86.125, 9.43891333844697e-23, nan 
132.125, 86.125, 9.556300224712421e-23, nan 
132.375, 86.125, 1.0098907095891204e-22, nan 
132.625, 86.125, 1.0328307639836453e-22, nan 
132.875, 86.125, 1.0142316007605998e-22, nan 
133.125, 86.125, 9.992372111767225e-23, nan 
133.375, 86.125, 1.0519749875808305e-22, nan 
133.625, 86.125, 1.0451193718720675e-22, nan 
133.875, 86.125, 9.998832581421147e-23, nan 
134.125, 86.125, 9.206486294713224e-23, nan 
134.375, 86.125, 8.91478540996234e-23, nan 
134.625, 86.125, 8.876936573779848e-23, nan 
134.875, 86.125, 8.550641404203017e-23, nan 
135.125, 86.125, 8.579225419706606e-23, nan 
135.375, 86.125, 8.350354538404998e-23, nan 
135.625, 86.125, 8.56077255749212e-23, nan 
135.875, 86.125, 8.32646230359344e-23, nan 
136.125, 86.125, 8.341175739948951e-23, nan 
136.375, 86.125, 8.302985156154109e-23, nan 
136.625, 86.125, 8.347438130149663e-23, nan 
136.875, 86.125, 8.413654342287511e-23, nan 
137.125, 86.125, 8.75243495794998e-23, nan 
137.375, 86.125, 9.016483697959255e-23, nan 
137.625, 86.125, 9.266739452831009e-23, nan 
137.875, 86.125, 9.312257075971507e-23, nan 
138.125, 86.125, 9.188335036082757e-23, nan 
138.375, 86.125, 9.058476815875781e-23, nan 
138.625, 86.125, 8.725249524280865e-23, nan 
138.875, 86.125, 8.678555090613494e-23, nan 
139.125, 86.125, 8.68571814549552e-23, nan 
139.375, 86.125, 8.447308648544257e-23, nan 
139.625, 86.125, 8.263032218119285e-23, nan 
139.875, 86.125, 8.227699548891682e-23, nan 
140.125, 86.125, 8.079609944208829e-23, nan 
140.375, 86.125, 8.046524996171842e-23, nan 
140.625, 86.125, 8.016122794873102e-23, nan 
140.875, 86.125, 7.963132112498803e-23, nan 
141.125, 86.125, 7.713692845770051e-23, nan 
141.375, 86.125, 7.413312559243793e-23, nan 
141.625, 86.125, 7.300195746325146e-23, nan 
141.875, 86.125, 7.298341474375436e-23, nan 
142.125, 86.125, 7.515318994070754e-23, nan 
142.375, 86.125, 7.958391675368832e-23, nan 
142.625, 86.125, 8.48268346868907e-23, nan 
142.875, 86.125, 8.45188737514528e-23, nan 
143.125, 86.125, 8.58811032217114e-23, nan 
143.375, 86.125, 8.415995461034313e-23, nan 
143.625, 86.125, 8.421525506297477e-23, nan 
143.875, 86.125, 8.427338165986211e-23, nan 
144.125, 86.125, 8.563516748575644e-23, nan 
144.375, 86.125, 8.820676705062356e-23, nan 
144.625, 86.125, 8.261410021254727e-23, nan 
144.875, 86.125, 7.863576923158584e-23, nan 
145.125, 86.125, 8.115437203169244e-23, nan 
145.375, 86.125, 8.601014454351456e-23, nan 
145.625, 86.125, 8.246967031164443e-23, nan 
145.875, 86.125, 7.632049239408602e-23, nan 
146.125, 86.125, 7.543237163227893e-23, nan 
146.375, 86.125, 7.729956591847392e-23, nan 
146.625, 86.125, 7.59449817842598e-23, nan 
146.875, 86.125, 7.507724180231144e-23, nan 
147.125, 86.125, 8.080407847155599e-23, nan 
147.375, 86.125, 9.187603127511426e-23, nan 
147.625, 86.125, 1.0517932312124134e-22, nan 
147.875, 86.125, 1.1424906722351263e-22, nan 
148.125, 86.125, 1.173021989441902e-22, nan 
148.375, 86.125, 1.2085761955037377e-22, nan 
148.625, 86.125, 1.227008592286842e-22, nan 
148.875, 86.125, 1.3012060043320742e-22, nan 
149.125, 86.125, 1.365483695090656e-22, nan 
149.375, 86.125, 1.3723426286950087e-22, nan 
149.625, 86.125, 1.3446668802929322e-22, nan 
149.875, 86.125, 1.3427157383325926e-22, nan 
150.125, 86.125, 1.277594159645771e-22, nan 
150.375, 86.125, 1.1591160621440712e-22, nan 
150.625, 86.125, 9.660509826601912e-23, nan 
150.875, 86.125, 8.219919598984353e-23, nan 
151.125, 86.125, 7.044448874140941e-23, nan 
151.375, 86.125, 1.0365722739859172e-22, nan 
151.625, 86.125, 1.3327774957908478e-22, nan 
151.875, 86.125, 1.5239208488108374e-22, nan 
152.125, 86.125, 1.5448396262970115e-22, nan 
152.375, 86.125, 1.5307273756829836e-22, nan 
152.625, 86.125, 1.5472072747607108e-22, nan 
152.875, 86.125, 1.528774168766271e-22, nan 
153.125, 86.125, 1.5233574972350838e-22, nan 
153.375, 86.125, 1.5596906281459447e-22, nan 
153.625, 86.125, 1.5720514547156052e-22, nan 
153.875, 86.125, 1.5486968435610033e-22, nan 
154.125, 86.125, 1.4001020589213594e-22, nan 
154.375, 86.125, 1.1435208440859318e-22, nan 
154.625, 86.125, 9.539120752976384e-23, nan 
154.875, 86.125, 8.415036440186053e-23, nan 
155.125, 86.125, 1.094153213265851e-22, nan 
155.375, 86.125, 1.3180471072302408e-22, nan 
155.625, 86.125, 1.5428497466277486e-22, nan 
155.875, 86.125, 1.5699196472701257e-22, nan 
156.125, 86.125, 1.5972144121165037e-22, nan 
156.375, 86.125, 1.599598473969231e-22, nan 
156.625, 86.125, 1.5643587904280143e-22, nan 
156.875, 86.125, 1.5752817544284265e-22, nan 
157.125, 86.125, 1.5465766210643927e-22, nan 
157.375, 86.125, 1.5066984810839153e-22, nan 
157.625, 86.125, 1.3818653112533538e-22, nan 
157.875, 86.125, 1.1258899948129423e-22, nan 
158.125, 86.125, 9.24413009184864e-23, nan 
158.375, 86.125, 8.606000782933552e-23, nan 
158.625, 86.125, 1.1297722589209466e-22, nan 
158.875, 86.125, 1.2391616093253566e-22, nan 
159.125, 86.125, 1.2869101545787067e-22, nan 
159.375, 86.125, 1.478717212291353e-22, nan 
159.625, 86.125, 1.4634660286940852e-22, nan 
159.875, 86.125, 1.5024417321705187e-22, nan 
160.125, 86.125, 1.5202023107492806e-22, nan 
160.375, 86.125, 1.5386358334638695e-22, nan 
160.625, 86.125, 1.6664628350361865e-22, nan 
160.875, 86.125, 1.6340563443318567e-22, nan 
161.125, 86.125, 1.6868357422382096e-22, nan 
161.375, 86.125, 1.663471701194164e-22, nan 
161.625, 86.125, 1.5967802944762417e-22, nan 
161.875, 86.125, 1.498732959474923e-22, nan 
162.125, 86.125, 1.4471542144192234e-22, nan 
162.375, 86.125, 1.3578566611001704e-22, nan 
162.625, 86.125, 1.2444979189954077e-22, nan 
162.875, 86.125, 1.2447092744534727e-22, nan 
163.125, 86.125, 1.2324092361534824e-22, nan 
163.375, 86.125, 1.1303736212420237e-22, nan 
163.625, 86.125, 1.1088182497955512e-22, nan 
163.875, 86.125, 9.796164920130191e-23, nan 
164.125, 86.125, 8.53148660738379e-23, nan 
164.375, 86.125, 7.525910956600339e-23, nan 
164.625, 86.125, 7.12616939889726e-23, nan 
164.875, 86.125, 6.835842128705151e-23, nan 
165.125, 86.125, 8.099966233264159e-23, nan 
165.375, 86.125, 9.130128348494068e-23, nan 
165.625, 86.125, 9.851751447775269e-23, nan 
165.875, 86.125, 1.046372307902245e-22, nan 
166.125, 86.125, 1.0242188839435959e-22, nan 
166.375, 86.125, 9.863554440077835e-23, nan 
166.625, 86.125, 1.0107106947528454e-22, nan 
166.875, 86.125, 1.046674209918854e-22, nan 
167.125, 86.125, 9.958516884164112e-23, nan 
167.375, 86.125, 9.730909899055384e-23, nan 
167.625, 86.125, 9.328222299089573e-23, nan 
167.875, 86.125, 9.078908843747702e-23, nan 
168.125, 86.125, 8.693318776043602e-23, nan 
168.375, 86.125, 8.550200903722421e-23, nan 
168.625, 86.125, 8.009656674365911e-23, nan 
168.875, 86.125, 7.896829946911903e-23, nan 
169.125, 86.125, 8.62017089501042e-23, nan 
169.375, 86.125, 9.131763615025165e-23, nan 
169.625, 86.125, 1.020124930721183e-22, nan 
169.875, 86.125, 1.1057141431353335e-22, nan 
170.125, 86.125, 1.2465245232921953e-22, nan 
170.375, 86.125, 1.278563081413302e-22, nan 
170.625, 86.125, 1.329355416945816e-22, nan 
170.875, 86.125, 1.4238310188985268e-22, nan 
171.125, 86.125, 1.508443261426156e-22, nan 
171.375, 86.125, 1.564654297618077e-22, nan 
171.625, 86.125, 1.5964311661868158e-22, nan 
171.875, 86.125, 1.5791807877425672e-22, nan 
172.125, 86.125, 1.4923257580430284e-22, nan 
172.375, 86.125, 1.440213918478941e-22, nan 
172.625, 86.125, 1.3597108361934975e-22, nan 
172.875, 86.125, 1.4335134335559236e-22, nan 
173.125, 86.125, 1.4802063846466262e-22, nan 
173.375, 86.125, 1.5815344958666501e-22, nan 
173.625, 86.125, 1.606453971338791e-22, nan 
173.875, 86.125, 1.8767164399134934e-22, nan 
174.125, 86.125, 1.9093343129824652e-22, nan 
174.375, 86.125, 2.0330225266668395e-22, nan 
174.625, 86.125, 2.257647983253026e-22, nan 
174.875, 86.125, 2.5809818735431182e-22, nan 
175.125, 86.125, 2.8919012542940467e-22, nan 
175.375, 86.125, 3.0743505174884556e-22, nan 
175.625, 86.125, 3.1905001664958704e-22, nan 
175.875, 86.125, 3.257633995143411e-22, nan 
176.125, 86.125, 3.201708043464809e-22, nan 
176.375, 86.125, 2.9431214204766094e-22, nan 
176.625, 86.125, 2.8694704241438554e-22, nan 
176.875, 86.125, 2.7297441534040704e-22, nan 
177.125, 86.125, 2.5795801214314105e-22, nan 
177.375, 86.125, 2.0759819185834223e-22, nan 
177.625, 86.125, 1.875663680637514e-22, nan 
177.875, 86.125, 1.8405780282897246e-22, nan 
178.125, 86.125, 1.747096623996063e-22, nan 
178.375, 86.125, 1.8669773013388226e-22, nan 
178.625, 86.125, 2.2388419083065213e-22, nan 
178.875, 86.125, 2.631196061237976e-22, nan 
179.125, 86.125, 2.8367269002290032e-22, nan 
179.375, 86.125, 2.927774027821837e-22, nan 
179.625, 86.125, 2.875675972593874e-22, nan 
179.875, 86.125, 2.735660810675976e-22, nan 
-179.875, 86.375, 4.7795329406806396e-23, nan 
-179.625, 86.375, 4.9483128077070535e-23, nan 
-179.375, 86.375, 5.53454143668821e-23, nan 
-179.125, 86.375, 5.2634315343202094e-23, nan 
-178.875, 86.375, 5.06697709709289e-23, nan 
-178.625, 86.375, 4.637032530795436e-23, nan 
-178.375, 86.375, 4.4264459447140974e-23, nan 
-178.125, 86.375, 4.4859115882551365e-23, nan 
-177.875, 86.375, 4.769108537154616e-23, nan 
-177.625, 86.375, 5.288571302470262e-23, nan 
-177.375, 86.375, 6.140348117810723e-23, nan 
-177.125, 86.375, 6.203795072351313e-23, nan 
-176.875, 86.375, 6.816762297388823e-23, nan 
-176.625, 86.375, 6.970721575081784e-23, nan 
-176.375, 86.375, 7.31357911995139e-23, nan 
-176.125, 86.375, 8.066570974013624e-23, nan 
-175.875, 86.375, 8.891056769481039e-23, nan 
-175.625, 86.375, 1.0294027806651272e-22, nan 
-175.375, 86.375, 1.0485029650852454e-22, nan 
-175.125, 86.375, 1.0692224233857606e-22, nan 
-174.875, 86.375, 1.110515067665228e-22, nan 
-174.625, 86.375, 1.1695778564148563e-22, nan 
-174.375, 86.375, 1.233845932091358e-22, nan 
-174.125, 86.375, 1.2743540004593862e-22, nan 
-173.875, 86.375, 1.293417363171872e-22, nan 
-173.625, 86.375, 1.2777691745000542e-22, nan 
-173.375, 86.375, 1.2810916226220995e-22, nan 
-173.125, 86.375, 1.2849774921301127e-22, nan 
-172.875, 86.375, 1.3089427949969528e-22, nan 
-172.625, 86.375, 1.2922435791880417e-22, nan 
-172.375, 86.375, 1.225318348610354e-22, nan 
-172.125, 86.375, 1.1843536626754783e-22, nan 
-171.875, 86.375, 1.0930891005567496e-22, nan 
-171.625, 86.375, 1.0610601035013948e-22, nan 
-171.375, 86.375, 9.973030381926843e-23, nan 
-171.125, 86.375, 6.76669651048953e-23, nan 
-170.875, 86.375, 6.045021011816467e-23, nan 
-170.625, 86.375, 6.811314295628084e-23, nan 
-170.375, 86.375, 8.043956050763565e-23, nan 
-170.125, 86.375, 8.707617618077369e-23, nan 
-169.875, 86.375, 8.87888968620009e-23, nan 
-169.625, 86.375, 8.999657003925076e-23, nan 
-169.375, 86.375, 9.149546063904232e-23, nan 
-169.125, 86.375, 9.468152047487571e-23, nan 
-168.875, 86.375, 9.732538669679277e-23, nan 
-168.625, 86.375, 9.80388803189624e-23, nan 
-168.375, 86.375, 1.0226204903860992e-22, nan 
-168.125, 86.375, 1.0387790439010235e-22, nan 
-167.875, 86.375, 1.0409651457890519e-22, nan 
-167.625, 86.375, 1.026422200921906e-22, nan 
-167.375, 86.375, 8.689133379458517e-23, nan 
-167.125, 86.375, 7.358822332383436e-23, nan 
-166.875, 86.375, 6.720446265125524e-23, nan 
-166.625, 86.375, 5.971988864267149e-23, nan 
-166.375, 86.375, 5.685431131013663e-23, nan 
-166.125, 86.375, 5.458533829339792e-23, nan 
-165.875, 86.375, 5.299376954749138e-23, nan 
-165.625, 86.375, 5.2532434678986546e-23, nan 
-165.375, 86.375, 3.5853498080614235e-23, nan 
-165.125, 86.375, 2.5213369727384536e-23, nan 
-164.875, 86.375, 2.8360710584049674e-23, nan 
-164.625, 86.375, 3.154037379326942e-23, nan 
-164.375, 86.375, 3.4663602904066403e-23, nan 
-164.125, 86.375, 3.625937460708209e-23, nan 
-163.875, 86.375, 3.870452982783895e-23, nan 
-163.625, 86.375, 4.0867235616978174e-23, nan 
-163.375, 86.375, 4.3280410703803244e-23, nan 
-163.125, 86.375, 4.399002698645307e-23, nan 
-162.875, 86.375, 4.5937881527616174e-23, nan 
-162.625, 86.375, 4.7577314553918216e-23, nan 
-162.375, 86.375, 4.848215055109614e-23, nan 
-162.125, 86.375, 5.030086209578311e-23, nan 
-161.875, 86.375, 4.705892278906536e-23, nan 
-161.625, 86.375, 4.462783961487494e-23, nan 
-161.375, 86.375, 4.3996586920372996e-23, nan 
-161.125, 86.375, 4.1831924726992175e-23, nan 
-160.875, 86.375, 4.281537253199549e-23, nan 
-160.625, 86.375, 4.2855161481841e-23, nan 
-160.375, 86.375, 4.269556901290165e-23, nan 
-160.125, 86.375, 4.323823997973438e-23, nan 
-159.875, 86.375, 4.3921848633063825e-23, nan 
-159.625, 86.375, 4.202461265057999e-23, nan 
-159.375, 86.375, 4.159905793684901e-23, nan 
-159.125, 86.375, 4.4556456958282796e-23, nan 
-158.875, 86.375, 5.033767710634645e-23, nan 
-158.625, 86.375, 5.998941008236248e-23, nan 
-158.375, 86.375, 6.794069075374557e-23, nan 
-158.125, 86.375, 6.88144998060069e-23, nan 
-157.875, 86.375, 7.021994956222354e-23, nan 
-157.625, 86.375, 7.294263970608411e-23, nan 
-157.375, 86.375, 7.14912349527002e-23, nan 
-157.125, 86.375, 7.499054150530341e-23, nan 
-156.875, 86.375, 7.297548453124351e-23, nan 
-156.625, 86.375, 7.5831269907541e-23, nan 
-156.375, 86.375, 7.642064596826258e-23, nan 
-156.125, 86.375, 7.674528712757366e-23, nan 
-155.875, 86.375, 7.810636105821777e-23, nan 
-155.625, 86.375, 7.456856552049777e-23, nan 
-155.375, 86.375, 7.183525268143229e-23, nan 
-155.125, 86.375, 6.922151904707912e-23, nan 
-154.875, 86.375, 5.989512672986641e-23, nan 
-154.625, 86.375, 5.891827049369937e-23, nan 
-154.375, 86.375, 6.48019427802563e-23, nan 
-154.125, 86.375, 6.596997504218166e-23, nan 
-153.875, 86.375, 7.580545741623912e-23, nan 
-153.625, 86.375, 7.893742362472155e-23, nan 
-153.375, 86.375, 8.515385357945863e-23, nan 
-153.125, 86.375, 8.859759215898406e-23, nan 
-152.875, 86.375, 8.892991196866012e-23, nan 
-152.625, 86.375, 8.888232553284822e-23, nan 
-152.375, 86.375, 8.807898084629291e-23, nan 
-152.125, 86.375, 8.467381738664951e-23, nan 
-151.875, 86.375, 7.658051337513686e-23, nan 
-151.625, 86.375, 6.836048235313177e-23, nan 
-151.375, 86.375, 6.492593635597526e-23, nan 
-151.125, 86.375, 6.611550925107115e-23, nan 
-150.875, 86.375, 6.692833455621929e-23, nan 
-150.625, 86.375, 6.46178529492929e-23, nan 
-150.375, 86.375, 6.047910148759111e-23, nan 
-150.125, 86.375, 6.284639399732024e-23, nan 
-149.875, 86.375, 5.925980568360132e-23, nan 
-149.625, 86.375, 6.144188650089766e-23, nan 
-149.375, 86.375, 8.051318636022915e-23, nan 
-149.125, 86.375, 9.325347806684813e-23, nan 
-148.875, 86.375, 1.034655478466336e-22, nan 
-148.625, 86.375, 1.2071363499532826e-22, nan 
-148.375, 86.375, 1.3821525133851181e-22, nan 
-148.125, 86.375, 1.4885087353680744e-22, nan 
-147.875, 86.375, 1.512269913569412e-22, nan 
-147.625, 86.375, 1.5138890613183398e-22, nan 
-147.375, 86.375, 1.515852314639332e-22, nan 
-147.125, 86.375, 1.4960959776122461e-22, nan 
-146.875, 86.375, 1.5111761150491291e-22, nan 
-146.625, 86.375, 1.1984451350714874e-22, nan 
-146.375, 86.375, 9.999023547198882e-23, nan 
-146.125, 86.375, 9.559730650094017e-23, nan 
-145.875, 86.375, 9.261113927537517e-23, nan 
-145.625, 86.375, 1.0081691702981275e-22, nan 
-145.375, 86.375, 1.098115141696847e-22, nan 
-145.125, 86.375, 1.1393488895115385e-22, nan 
-144.875, 86.375, 1.2475543128432367e-22, nan 
-144.625, 86.375, 1.3515005007513978e-22, nan 
-144.375, 86.375, 1.4289874707586866e-22, nan 
-144.125, 86.375, 1.4795234968839865e-22, nan 
-143.875, 86.375, 1.5130728807009297e-22, nan 
-143.625, 86.375, 1.5461901752101667e-22, nan 
-143.375, 86.375, 1.558476473500487e-22, nan 
-143.125, 86.375, 1.5769005182268915e-22, nan 
-142.875, 86.375, 1.428667707024751e-22, nan 
-142.625, 86.375, 1.312796090843269e-22, nan 
-142.375, 86.375, 1.2929989222184535e-22, nan 
-142.125, 86.375, 1.2495750564360073e-22, nan 
-141.875, 86.375, 1.1635278692315286e-22, nan 
-141.625, 86.375, 1.1608017668911138e-22, nan 
-141.375, 86.375, 1.1529577261096676e-22, nan 
-141.125, 86.375, 1.0600731618607599e-22, nan 
-140.875, 86.375, 8.543818511165434e-23, nan 
-140.625, 86.375, 7.175643267230976e-23, nan 
-140.375, 86.375, 5.751926758587941e-23, nan 
-140.125, 86.375, 5.330566606051287e-23, nan 
-139.875, 86.375, 5.0399552840061666e-23, nan 
-139.625, 86.375, 5.127592632906902e-23, nan 
-139.375, 86.375, 5.2599878577837344e-23, nan 
-139.125, 86.375, 5.517154031342687e-23, nan 
-138.875, 86.375, 5.714747502968964e-23, nan 
-138.625, 86.375, 6.009570156032782e-23, nan 
-138.375, 86.375, 6.371876102487184e-23, nan 
-138.125, 86.375, 6.67697631494553e-23, nan 
-137.875, 86.375, 6.955205230847704e-23, nan 
-137.625, 86.375, 7.207151682786848e-23, nan 
-137.375, 86.375, 7.802883958649083e-23, nan 
-137.125, 86.375, 8.886832804687073e-23, nan 
-136.875, 86.375, 1.0161621955485993e-22, nan 
-136.625, 86.375, 1.0793900610394407e-22, nan 
-136.375, 86.375, 1.1235706488619805e-22, nan 
-136.125, 86.375, 1.1816707447338843e-22, nan 
-135.875, 86.375, 1.171780655364603e-22, nan 
-135.625, 86.375, 1.1579842165121714e-22, nan 
-135.375, 86.375, 1.1189068826388377e-22, nan 
-135.125, 86.375, 1.1221383011151596e-22, nan 
-134.875, 86.375, 1.1132986567165492e-22, nan 
-134.625, 86.375, 1.065758122594767e-22, nan 
-134.375, 86.375, 1.0052763172155197e-22, nan 
-134.125, 86.375, 9.97997235661513e-23, nan 
-133.875, 86.375, 9.025403261215965e-23, nan 
-133.625, 86.375, 9.708076644922247e-23, nan 
-133.375, 86.375, 1.2492864064508892e-22, nan 
-133.125, 86.375, 1.6606179790025167e-22, nan 
-132.875, 86.375, 1.9184933732563542e-22, nan 
-132.625, 86.375, 2.1963788877269616e-22, nan 
-132.375, 86.375, 2.500056914349993e-22, nan 
-132.125, 86.375, 2.6005604550261156e-22, nan 
-131.875, 86.375, 2.608763948369002e-22, nan 
-131.625, 86.375, 2.5171999065992507e-22, nan 
-131.375, 86.375, 2.5047782813820545e-22, nan 
-131.125, 86.375, 2.5652549427083327e-22, nan 
-130.875, 86.375, 2.5109828756731005e-22, nan 
-130.625, 86.375, 2.418651786300908e-22, nan 
-130.375, 86.375, 2.446340997435561e-22, nan 
-130.125, 86.375, 2.0868847625994667e-22, nan 
-129.875, 86.375, 1.860194199898202e-22, nan 
-129.625, 86.375, 1.9117895200889117e-22, nan 
-129.375, 86.375, 2.1980302810524418e-22, nan 
-129.125, 86.375, 2.3010528720933035e-22, nan 
-128.875, 86.375, 2.364040899460959e-22, nan 
-128.625, 86.375, 2.469820306910141e-22, nan 
-128.375, 86.375, 2.4967415867054407e-22, nan 
-128.125, 86.375, 2.5052277054477993e-22, nan 
-127.875, 86.375, 2.47892629772981e-22, nan 
-127.625, 86.375, 2.462599677798992e-22, nan 
-127.375, 86.375, 2.44882885927781e-22, nan 
-127.125, 86.375, 2.365845388127541e-22, nan 
-126.875, 86.375, 2.130907977187746e-22, nan 
-126.625, 86.375, 2.0032803732688448e-22, nan 
-126.375, 86.375, 1.5908541775200296e-22, nan 
-126.125, 86.375, 1.2184104989574051e-22, nan 
-125.875, 86.375, 9.082163620225191e-23, nan 
-125.625, 86.375, 6.997070715973367e-23, nan 
-125.375, 86.375, 6.116612610805498e-23, nan 
-125.125, 86.375, 5.646087924838922e-23, nan 
-124.875, 86.375, 5.414949259488901e-23, nan 
-124.625, 86.375, 5.2011987404157077e-23, nan 
-124.375, 86.375, 5.079991268538029e-23, nan 
-124.125, 86.375, 5.103671661922059e-23, nan 
-123.875, 86.375, 5.036238612859787e-23, nan 
-123.625, 86.375, 4.784608857507225e-23, nan 
-123.375, 86.375, 4.6566076522475717e-23, nan 
-123.125, 86.375, 4.640996229974326e-23, nan 
-122.875, 86.375, 4.615311295064807e-23, nan 
-122.625, 86.375, 4.5888598080072815e-23, nan 
-122.375, 86.375, 4.55083595150019e-23, nan 
-122.125, 86.375, 4.471642944072165e-23, nan 
-121.875, 86.375, 4.30065273075305e-23, nan 
-121.625, 86.375, 4.225221359121175e-23, nan 
-121.375, 86.375, 4.064076786777229e-23, nan 
-121.125, 86.375, 4.317075189140412e-23, nan 
-120.875, 86.375, 4.664127834959689e-23, nan 
-120.625, 86.375, 4.702811262389865e-23, nan 
-120.375, 86.375, 4.701268939560085e-23, nan 
-120.125, 86.375, 4.390221438439526e-23, nan 
-119.875, 86.375, 4.015769483482309e-23, nan 
-119.625, 86.375, 3.62009314327957e-23, nan 
-119.375, 86.375, 3.275095443869402e-23, nan 
-119.125, 86.375, 2.9978633305347464e-23, nan 
-118.875, 86.375, 2.907115466157201e-23, nan 
-118.625, 86.375, 2.9589160216252335e-23, nan 
-118.375, 86.375, 2.96891493297747e-23, nan 
-118.125, 86.375, 2.79329840144089e-23, nan 
-117.875, 86.375, 3.293971369130423e-23, nan 
-117.625, 86.375, 3.516934730785441e-23, nan 
-117.375, 86.375, 4.071449962004775e-23, nan 
-117.125, 86.375, 4.572469240552052e-23, nan 
-116.875, 86.375, 4.6477978085540813e-23, nan 
-116.625, 86.375, 4.723892994036389e-23, nan 
-116.375, 86.375, 4.55715285349703e-23, nan 
-116.125, 86.375, 4.3347959469354303e-23, nan 
-115.875, 86.375, 4.447320672857586e-23, nan 
-115.625, 86.375, 4.510731955486896e-23, nan 
-115.375, 86.375, 4.562033831625483e-23, nan 
-115.125, 86.375, 4.360421953834916e-23, nan 
-114.875, 86.375, 4.339465147858043e-23, nan 
-114.625, 86.375, 4.121487215182572e-23, nan 
-114.375, 86.375, 3.2587638961334987e-23, nan 
-114.125, 86.375, 3.418785102803579e-23, nan 
-113.875, 86.375, 3.716149236882136e-23, nan 
-113.625, 86.375, 3.9655162534180016e-23, nan 
-113.375, 86.375, 4.419879128664412e-23, nan 
-113.125, 86.375, 5.1019233693397657e-23, nan 
-112.875, 86.375, 5.1160444822527596e-23, nan 
-112.625, 86.375, 5.673900659171135e-23, nan 
-112.375, 86.375, 5.52712383389674e-23, nan 
-112.125, 86.375, 5.789805236348378e-23, nan 
-111.875, 86.375, 6.600119723866097e-23, nan 
-111.625, 86.375, 7.655367352925556e-23, nan 
-111.375, 86.375, 8.116573381605606e-23, nan 
-111.125, 86.375, 8.458620718287641e-23, nan 
-110.875, 86.375, 8.300285721881452e-23, nan 
-110.625, 86.375, 7.130760725194121e-23, nan 
-110.375, 86.375, 4.210101667174888e-23, nan 
-110.125, 86.375, 4.20336144383759e-23, nan 
-109.875, 86.375, 5.927464624568781e-23, nan 
-109.625, 86.375, 8.21858930951191e-23, nan 
-109.375, 86.375, 1.138721428118852e-22, nan 
-109.125, 86.375, 1.2129257322786753e-22, nan 
-108.875, 86.375, 1.2819745968114308e-22, nan 
-108.625, 86.375, 1.4248969692434017e-22, nan 
-108.375, 86.375, 1.7133903446793026e-22, nan 
-108.125, 86.375, 1.8620199184813278e-22, nan 
-107.875, 86.375, 2.1605662349832236e-22, nan 
-107.625, 86.375, 2.285751712474054e-22, nan 
-107.375, 86.375, 2.5376369230815843e-22, nan 
-107.125, 86.375, 2.707523249139204e-22, nan 
-106.875, 86.375, 2.7854684435424844e-22, nan 
-106.625, 86.375, 2.273696595713622e-22, nan 
-106.375, 86.375, 1.806435986872099e-22, nan 
-106.125, 86.375, 1.7227276692732505e-22, nan 
-105.875, 86.375, 1.7555207899471592e-22, nan 
-105.625, 86.375, 2.0015904598395391e-22, nan 
-105.375, 86.375, 2.201309729407213e-22, nan 
-105.125, 86.375, 2.407380959174765e-22, nan 
-104.875, 86.375, 2.5065067518868993e-22, nan 
-104.625, 86.375, 2.403879666229848e-22, nan 
-104.375, 86.375, 2.4267940058623795e-22, nan 
-104.125, 86.375, 2.616924697065693e-22, nan 
-103.875, 86.375, 2.705143306909956e-22, nan 
-103.625, 86.375, 2.921612964122566e-22, nan 
-103.375, 86.375, 2.9953436671345754e-22, nan 
-103.125, 86.375, 3.0612645848637256e-22, nan 
-102.875, 86.375, 2.7131509191534193e-22, nan 
-102.625, 86.375, 2.3190671309305575e-22, nan 
-102.375, 86.375, 2.1775965203459386e-22, nan 
-102.125, 86.375, 2.191799946796287e-22, nan 
-101.875, 86.375, 2.33441107838783e-22, nan 
-101.625, 86.375, 2.4982786900190166e-22, nan 
-101.375, 86.375, 2.513171154942166e-22, nan 
-101.125, 86.375, 2.417063482261901e-22, nan 
-100.875, 86.375, 2.339519392670292e-22, nan 
-100.625, 86.375, 2.3404050055766733e-22, nan 
-100.375, 86.375, 2.427736200460626e-22, nan 
-100.125, 86.375, 2.4847349292374144e-22, nan 
-99.875, 86.375, 2.2196793710015303e-22, nan 
-99.625, 86.375, 1.9140273525806321e-22, nan 
-99.375, 86.375, 1.6930920911705175e-22, nan 
-99.125, 86.375, 1.563026303324844e-22, nan 
-98.875, 86.375, 1.4892158365578394e-22, nan 
-98.625, 86.375, 1.5137825301318506e-22, nan 
-98.375, 86.375, 1.5005448684613315e-22, nan 
-98.125, 86.375, 1.49117174819547e-22, nan 
-97.875, 86.375, 1.436112826818101e-22, nan 
-97.625, 86.375, 1.3953071451037868e-22, nan 
-97.375, 86.375, 1.4136496901921678e-22, nan 
-97.125, 86.375, 1.4353843466993225e-22, nan 
-96.875, 86.375, 1.4505721833509338e-22, nan 
-96.625, 86.375, 1.4542294948932792e-22, nan 
-96.375, 86.375, 1.474607067745961e-22, nan 
-96.125, 86.375, 1.5250266672841972e-22, nan 
-95.875, 86.375, 1.5431268232443806e-22, nan 
-95.625, 86.375, 1.5350495235177767e-22, nan 
-95.375, 86.375, 1.510646198033578e-22, nan 
-95.125, 86.375, 1.53618338698159e-22, nan 
-94.875, 86.375, 1.5317388674616263e-22, nan 
-94.625, 86.375, 1.6259784676232596e-22, nan 
-94.375, 86.375, 1.7754087672599914e-22, nan 
-94.125, 86.375, 1.9877200827438745e-22, nan 
-93.875, 86.375, 2.2406805684016025e-22, nan 
-93.625, 86.375, 2.4840842126971926e-22, nan 
-93.375, 86.375, 2.6145049114220393e-22, nan 
-93.125, 86.375, 2.7190260793445363e-22, nan 
-92.875, 86.375, 2.8634826033365256e-22, nan 
-92.625, 86.375, 2.8922510362010394e-22, nan 
-92.375, 86.375, 3.0444820240968224e-22, nan 
-92.125, 86.375, 3.1201592535288115e-22, nan 
-91.875, 86.375, 3.2116637427892528e-22, nan 
-91.625, 86.375, 3.2637325545026637e-22, nan 
-91.375, 86.375, 3.333713854340913e-22, nan 
-91.125, 86.375, 3.414350712876588e-22, nan 
-90.875, 86.375, 3.4187610241382035e-22, nan 
-90.625, 86.375, 3.5192028938781247e-22, nan 
-90.375, 86.375, 3.582670578232006e-22, nan 
-90.125, 86.375, 3.6284921195242244e-22, nan 
-89.875, 86.375, 3.688174421692213e-22, nan 
-89.625, 86.375, 3.7086134447448934e-22, nan 
-89.375, 86.375, 3.721766866233453e-22, nan 
-89.125, 86.375, 3.7062027616151924e-22, nan 
-88.875, 86.375, 3.7605359230129714e-22, nan 
-88.625, 86.375, 3.783008680670161e-22, nan 
-88.375, 86.375, 3.6527234646561048e-22, nan 
-88.125, 86.375, 3.5439550554703674e-22, nan 
-87.875, 86.375, 3.5534794248272205e-22, nan 
-87.625, 86.375, 3.5447551623796223e-22, nan 
-87.375, 86.375, 3.6758721908670587e-22, nan 
-87.125, 86.375, 3.5516632463730616e-22, nan 
-86.875, 86.375, 3.345502317237764e-22, nan 
-86.625, 86.375, 3.4108767817621028e-22, nan 
-86.375, 86.375, 3.520293798438512e-22, nan 
-86.125, 86.375, 3.364525931188111e-22, nan 
-85.875, 86.375, 3.4974402147519475e-22, nan 
-85.625, 86.375, 3.9309346819726e-22, nan 
-85.375, 86.375, 4.436505756453332e-22, nan 
-85.125, 86.375, 4.432280627672655e-22, nan 
-84.875, 86.375, 4.749864661175672e-22, nan 
-84.625, 86.375, 4.820432367061638e-22, nan 
-84.375, 86.375, 4.641623571622471e-22, nan 
-84.125, 86.375, 4.763278799436636e-22, nan 
-83.875, 86.375, 4.733051620946405e-22, nan 
-83.625, 86.375, 4.491690330505889e-22, nan 
-83.375, 86.375, 4.447595945998862e-22, nan 
-83.125, 86.375, 4.279012123695362e-22, nan 
-82.875, 86.375, 4.045010872964508e-22, nan 
-82.625, 86.375, 4.009519169569479e-22, nan 
-82.375, 86.375, 4.0091285817455427e-22, nan 
-82.125, 86.375, 3.877799178939874e-22, nan 
-81.875, 86.375, 4.28553056415247e-22, nan 
-81.625, 86.375, 5.287466733307503e-22, nan 
-81.375, 86.375, 5.406877197253106e-22, nan 
-81.125, 86.375, 6.200295504793199e-22, nan 
-80.875, 86.375, 6.5319683720408575e-22, nan 
-80.625, 86.375, 6.23371649392865e-22, nan 
-80.375, 86.375, 6.407592980353024e-22, nan 
-80.125, 86.375, 6.379823702563139e-22, nan 
-79.875, 86.375, 6.15358103837519e-22, nan 
-79.625, 86.375, 6.113389220611519e-22, nan 
-79.375, 86.375, 6.012972728429999e-22, nan 
-79.125, 86.375, 5.647061345158324e-22, nan 
-78.875, 86.375, 5.491196299342537e-22, nan 
-78.625, 86.375, 5.579913830460016e-22, nan 
-78.375, 86.375, 5.306624736339645e-22, nan 
-78.125, 86.375, 5.10548225452419e-22, nan 
-77.875, 86.375, 4.788356880300016e-22, nan 
-77.625, 86.375, 4.638211305816e-22, nan 
-77.375, 86.375, 4.735638779119675e-22, nan 
-77.125, 86.375, 4.848045164015768e-22, nan 
-76.875, 86.375, 4.9610659142347505e-22, nan 
-76.625, 86.375, 5.008740801506414e-22, nan 
-76.375, 86.375, 5.105559867765094e-22, nan 
-76.125, 86.375, 5.063259837945803e-22, nan 
-75.875, 86.375, 5.186708772111591e-22, nan 
-75.625, 86.375, 5.095357370947728e-22, nan 
-75.375, 86.375, 4.756927578272372e-22, nan 
-75.125, 86.375, 4.523247767619127e-22, nan 
-74.875, 86.375, 4.4655501020663935e-22, nan 
-74.625, 86.375, 4.355449514108328e-22, nan 
-74.375, 86.375, 4.2016058267298543e-22, nan 
-74.125, 86.375, 4.1059196564665833e-22, nan 
-73.875, 86.375, 4.0395621209583757e-22, nan 
-73.625, 86.375, 4.111456914361251e-22, nan 
-73.375, 86.375, 4.284070891638539e-22, nan 
-73.125, 86.375, 4.481456523675012e-22, nan 
-72.875, 86.375, 4.436513021910161e-22, nan 
-72.625, 86.375, 4.350937884465883e-22, nan 
-72.375, 86.375, 4.178347761265112e-22, nan 
-72.125, 86.375, 4.1968267529727784e-22, nan 
-71.875, 86.375, 4.155274562523192e-22, nan 
-71.625, 86.375, 4.026077641178637e-22, nan 
-71.375, 86.375, 3.765162298479305e-22, nan 
-71.125, 86.375, 3.5365775311936317e-22, nan 
-70.875, 86.375, 3.315685825891175e-22, nan 
-70.625, 86.375, 2.744306111043186e-22, nan 
-70.375, 86.375, 2.1341418098812495e-22, nan 
-70.125, 86.375, 1.7664359381486673e-22, nan 
-69.875, 86.375, 1.529620802823149e-22, nan 
-69.625, 86.375, 1.5192301199328517e-22, nan 
-69.375, 86.375, 1.7687156026480378e-22, nan 
-69.125, 86.375, 2.0699589168426203e-22, nan 
-68.875, 86.375, 2.312055575681846e-22, nan 
-68.625, 86.375, 2.4781044062249933e-22, nan 
-68.375, 86.375, 2.6953512155804386e-22, nan 
-68.125, 86.375, 2.9786850469309685e-22, nan 
-67.875, 86.375, 3.662387165076439e-22, nan 
-67.625, 86.375, 4.1220068366708105e-22, nan 
-67.375, 86.375, 5.1552041016705695e-22, nan 
-67.125, 86.375, 6.695406783003168e-22, nan 
-66.875, 86.375, 7.835309840250001e-22, nan 
-66.625, 86.375, 8.531188962460954e-22, nan 
-66.375, 86.375, 8.549087843398277e-22, nan 
-66.125, 86.375, 8.680260713840522e-22, nan 
-65.875, 86.375, 8.565774193215463e-22, nan 
-65.625, 86.375, 8.509035568532434e-22, nan 
-65.375, 86.375, 8.551570303312295e-22, nan 
-65.125, 86.375, 8.608090229847913e-22, nan 
-64.875, 86.375, 8.542723508079741e-22, nan 
-64.625, 86.375, 8.382601606364574e-22, nan 
-64.375, 86.375, 8.162572107856726e-22, nan 
-64.125, 86.375, 7.835488017562983e-22, nan 
-63.875, 86.375, 7.412953114135301e-22, nan 
-63.625, 86.375, 7.092913156805108e-22, nan 
-63.375, 86.375, 6.6711691105741135e-22, nan 
-63.125, 86.375, 6.496451398399639e-22, nan 
-62.875, 86.375, 6.303232978745241e-22, nan 
-62.625, 86.375, 5.9786449760210835e-22, nan 
-62.375, 86.375, 5.832396631404103e-22, nan 
-62.125, 86.375, 5.775391007334597e-22, nan 
-61.875, 86.375, 5.683251398586945e-22, nan 
-61.625, 86.375, 5.689797679133551e-22, nan 
-61.375, 86.375, 5.7934694561315985e-22, nan 
-61.125, 86.375, 5.837438878434139e-22, nan 
-60.875, 86.375, 5.732735079926383e-22, nan 
-60.625, 86.375, 5.6349516899139955e-22, nan 
-60.375, 86.375, 5.509124255882068e-22, nan 
-60.125, 86.375, 5.345567458918469e-22, nan 
-59.875, 86.375, 5.16949359296721e-22, nan 
-59.625, 86.375, 4.918925163470429e-22, nan 
-59.375, 86.375, 4.838901113613658e-22, nan 
-59.125, 86.375, 4.642776813317738e-22, nan 
-58.875, 86.375, 4.32292586169807e-22, nan 
-58.625, 86.375, 4.228573860378924e-22, nan 
-58.375, 86.375, 4.345101445079597e-22, nan 
-58.125, 86.375, 4.453367041966641e-22, nan 
-57.875, 86.375, 4.543804120224861e-22, nan 
-57.625, 86.375, 4.780785939315434e-22, nan 
-57.375, 86.375, 4.79778303128352e-22, nan 
-57.125, 86.375, 5.001844441649557e-22, nan 
-56.875, 86.375, 5.0816875760584175e-22, nan 
-56.625, 86.375, 5.0821609644881275e-22, nan 
-56.375, 86.375, 5.299625992186649e-22, nan 
-56.125, 86.375, 5.685626360156293e-22, nan 
-55.875, 86.375, 6.329749276518375e-22, nan 
-55.625, 86.375, 7.009713900934424e-22, nan 
-55.375, 86.375, 7.659009789461182e-22, nan 
-55.125, 86.375, 8.291874896379299e-22, nan 
-54.875, 86.375, 8.933853385645468e-22, nan 
-54.625, 86.375, 9.270544935307614e-22, nan 
-54.375, 86.375, 9.960055624753494e-22, nan 
-54.125, 86.375, 1.0977265545507289e-21, nan 
-53.875, 86.375, 1.213156346040263e-21, nan 
-53.625, 86.375, 1.276557796613364e-21, nan 
-53.375, 86.375, 1.35900222207549e-21, nan 
-53.125, 86.375, 1.374350663964856e-21, nan 
-52.875, 86.375, 1.3420911238435037e-21, nan 
-52.625, 86.375, 1.3449900925569296e-21, nan 
-52.375, 86.375, 1.3851040906396726e-21, nan 
-52.125, 86.375, 1.4917159734097524e-21, nan 
-51.875, 86.375, 1.6535103184392938e-21, nan 
-51.625, 86.375, 1.764429168422931e-21, nan 
-51.375, 86.375, 1.8182136131210698e-21, nan 
-51.125, 86.375, 1.861569842163328e-21, nan 
-50.875, 86.375, 1.8245561587982233e-21, nan 
-50.625, 86.375, 1.864031324054383e-21, nan 
-50.375, 86.375, 1.9883648894974175e-21, nan 
-50.125, 86.375, 2.191444024084542e-21, nan 
-49.875, 86.375, 2.1918927460969746e-21, nan 
-49.625, 86.375, 2.2204225148387588e-21, nan 
-49.375, 86.375, 2.176747109351824e-21, nan 
-49.125, 86.375, 2.0318537932625277e-21, nan 
-48.875, 86.375, 2.0778343720602216e-21, nan 
-48.625, 86.375, 2.0122047410683985e-21, nan 
-48.375, 86.375, 1.9118014379636897e-21, nan 
-48.125, 86.375, 1.886903611076445e-21, nan 
-47.875, 86.375, 1.8458322217158438e-21, nan 
-47.625, 86.375, 1.777505296814426e-21, nan 
-47.375, 86.375, 1.7651988608464392e-21, nan 
-47.125, 86.375, 1.6899384398862587e-21, nan 
-46.875, 86.375, 1.6208287819106887e-21, nan 
-46.625, 86.375, 1.564816195221787e-21, nan 
-46.375, 86.375, 1.5601854092828822e-21, nan 
-46.125, 86.375, 1.2189560077245214e-21, nan 
-45.875, 86.375, 8.507915579762836e-22, nan 
-45.625, 86.375, 5.273625108596989e-22, nan 
-45.375, 86.375, 9.487095389879285e-22, nan 
-45.125, 86.375, 9.196767882717013e-22, nan 
-44.875, 86.375, 8.56656406804458e-22, nan 
-44.625, 86.375, 8.66054648801889e-22, nan 
-44.375, 86.375, 9.079369763068817e-22, nan 
-44.125, 86.375, 9.276761907886269e-22, nan 
-43.875, 86.375, 9.416420363518937e-22, nan 
-43.625, 86.375, 9.475236332556283e-22, nan 
-43.375, 86.375, 1.008505275612059e-21, nan 
-43.125, 86.375, 1.1172793686186078e-21, nan 
-42.875, 86.375, 1.189669679874232e-21, nan 
-42.625, 86.375, 1.1084227077074845e-21, nan 
-42.375, 86.375, 1.0867102745262438e-21, nan 
-42.125, 86.375, 1.176276712162288e-21, nan 
-41.875, 86.375, 1.1939912234627186e-21, nan 
-41.625, 86.375, 1.2370811815377772e-21, nan 
-41.375, 86.375, 1.269283224455132e-21, nan 
-41.125, 86.375, 1.3088337720005612e-21, nan 
-40.875, 86.375, 1.2527871083877966e-21, nan 
-40.625, 86.375, 1.317862377768748e-21, nan 
-40.375, 86.375, 1.4099750926247362e-21, nan 
-40.125, 86.375, 1.398565408053157e-21, nan 
-39.875, 86.375, 1.4532325007619221e-21, nan 
-39.625, 86.375, 1.4764137404806387e-21, nan 
-39.375, 86.375, 1.5480663482898012e-21, nan 
-39.125, 86.375, 1.4443198508963894e-21, nan 
-38.875, 86.375, 1.3848727918662912e-21, nan 
-38.625, 86.375, 1.2847485154298118e-21, nan 
-38.375, 86.375, 1.2132146781436768e-21, nan 
-38.125, 86.375, 1.2661846617733695e-21, nan 
-37.875, 86.375, 1.2059935816592796e-21, nan 
-37.625, 86.375, 1.093750058680931e-21, nan 
-37.375, 86.375, 1.037607467021437e-21, nan 
-37.125, 86.375, 1.0430299722986317e-21, nan 
-36.875, 86.375, 1.0136749521520873e-21, nan 
-36.625, 86.375, 1.0311067178005245e-21, nan 
-36.375, 86.375, 1.032025573928914e-21, nan 
-36.125, 86.375, 1.0278742133919044e-21, nan 
-35.875, 86.375, 1.070578214448585e-21, nan 
-35.625, 86.375, 1.0715307035804189e-21, nan 
-35.375, 86.375, 1.0749992748282529e-21, nan 
-35.125, 86.375, 1.0318295633072992e-21, nan 
-34.875, 86.375, 1.0596831211686259e-21, nan 
-34.625, 86.375, 1.0547426519742065e-21, nan 
-34.375, 86.375, 1.0639009145046567e-21, nan 
-34.125, 86.375, 1.0689238606903586e-21, nan 
-33.875, 86.375, 1.0943516576311978e-21, nan 
-33.625, 86.375, 1.1517355408289018e-21, nan 
-33.375, 86.375, 1.1735376753333493e-21, nan 
-33.125, 86.375, 1.1413543364593755e-21, nan 
-32.875, 86.375, 1.1175204964068143e-21, nan 
-32.625, 86.375, 1.1822506301382711e-21, nan 
-32.375, 86.375, 1.168663403021528e-21, nan 
-32.125, 86.375, 1.1509259559955282e-21, nan 
-31.875, 86.375, 1.1402664663184723e-21, nan 
-31.625, 86.375, 1.1711109997551324e-21, nan 
-31.375, 86.375, 1.2234637495225662e-21, nan 
-31.125, 86.375, 1.2199996699404323e-21, nan 
-30.875, 86.375, 1.3388410065811651e-21, nan 
-30.625, 86.375, 1.3481472601277212e-21, nan 
-30.375, 86.375, 1.3689706628931352e-21, nan 
-30.125, 86.375, 1.4151621592393324e-21, nan 
-29.875, 86.375, 1.445850525746058e-21, nan 
-29.625, 86.375, 1.4942589869248931e-21, nan 
-29.375, 86.375, 1.5056586688356134e-21, nan 
-29.125, 86.375, 1.4819969918931865e-21, nan 
-28.875, 86.375, 1.5174263149261647e-21, nan 
-28.625, 86.375, 1.5903050725949893e-21, nan 
-28.375, 86.375, 1.6191795853337595e-21, nan 
-28.125, 86.375, 1.6370272979555853e-21, nan 
-27.875, 86.375, 1.615025285353089e-21, nan 
-27.625, 86.375, 1.6017118452823994e-21, nan 
-27.375, 86.375, 1.6569456945159378e-21, nan 
-27.125, 86.375, 1.6508458337492056e-21, nan 
-26.875, 86.375, 1.7627339922828315e-21, nan 
-26.625, 86.375, 1.764607268068559e-21, nan 
-26.375, 86.375, 1.8457838966911658e-21, nan 
-26.125, 86.375, 1.990095649509411e-21, nan 
-25.875, 86.375, 1.9567112019262428e-21, nan 
-25.625, 86.375, 1.8679366950937787e-21, nan 
-25.375, 86.375, 1.872502226277022e-21, nan 
-25.125, 86.375, 1.8355645968950148e-21, nan 
-24.875, 86.375, 1.7665672661436395e-21, nan 
-24.625, 86.375, 1.7239404951283073e-21, nan 
-24.375, 86.375, 1.7056683916622207e-21, nan 
-24.125, 86.375, 1.6849537741679534e-21, nan 
-23.875, 86.375, 1.6855101767699442e-21, nan 
-23.625, 86.375, 1.617091221578226e-21, nan 
-23.375, 86.375, 1.5485890397019017e-21, nan 
-23.125, 86.375, 1.5540512688280213e-21, nan 
-22.875, 86.375, 1.5470381309214761e-21, nan 
-22.625, 86.375, 1.343363029134166e-21, nan 
-22.375, 86.375, 1.3319876540190504e-21, nan 
-22.125, 86.375, 1.3936967765611595e-21, nan 
-21.875, 86.375, 1.4452146776895833e-21, nan 
-21.625, 86.375, 1.498186697868083e-21, nan 
-21.375, 86.375, 1.5621088945320482e-21, nan 
-21.125, 86.375, 1.6049374508009223e-21, nan 
-20.875, 86.375, 1.6348448065216734e-21, nan 
-20.625, 86.375, 1.7686699699155918e-21, nan 
-20.375, 86.375, 1.9399084055415746e-21, nan 
-20.125, 86.375, 1.870795976547328e-21, nan 
-19.875, 86.375, 1.9781558795387465e-21, nan 
-19.625, 86.375, 2.089290915731228e-21, nan 
-19.375, 86.375, 2.0487527516169e-21, nan 
-19.125, 86.375, 2.000832937886551e-21, nan 
-18.875, 86.375, 2.07887094505415e-21, nan 
-18.625, 86.375, 2.0706652631385622e-21, nan 
-18.375, 86.375, 2.012513294067921e-21, nan 
-18.125, 86.375, 1.8329576796822854e-21, nan 
-17.875, 86.375, 1.6090163167750411e-21, nan 
-17.625, 86.375, 1.5273153411488875e-21, nan 
-17.375, 86.375, 1.433333069652112e-21, nan 
-17.125, 86.375, 1.3867072372079178e-21, nan 
-16.875, 86.375, 1.5158637266701126e-21, nan 
-16.625, 86.375, 1.758826193091613e-21, nan 
-16.375, 86.375, 1.7252201081351938e-21, nan 
-16.125, 86.375, 2.0378634524876732e-21, nan 
-15.875, 86.375, 2.3562235628943097e-21, nan 
-15.625, 86.375, 2.5761666581153776e-21, nan 
-15.375, 86.375, 2.691336004020713e-21, nan 
-15.125, 86.375, 3.16054723792127e-21, nan 
-14.875, 86.375, 3.408071442688431e-21, nan 
-14.625, 86.375, 3.634775117752829e-21, nan 
-14.375, 86.375, 3.623282261258099e-21, nan 
-14.125, 86.375, 3.4449701837656536e-21, nan 
-13.875, 86.375, 3.383317533112414e-21, nan 
-13.625, 86.375, 3.2818288874413414e-21, nan 
-13.375, 86.375, 3.2150107949430286e-21, nan 
-13.125, 86.375, 3.421385884730552e-21, nan 
-12.875, 86.375, 3.340761308353242e-21, nan 
-12.625, 86.375, 3.4886585017423264e-21, nan 
-12.375, 86.375, 3.620029397823701e-21, nan 
-12.125, 86.375, 3.7477733240969825e-21, nan 
-11.875, 86.375, 3.594745900516923e-21, nan 
-11.625, 86.375, 3.665853440486204e-21, nan 
-11.375, 86.375, 3.7806470393807325e-21, nan 
-11.125, 86.375, 3.795509741039125e-21, nan 
-10.875, 86.375, 3.3938471060760464e-21, nan 
-10.625, 86.375, 3.230213491656086e-21, nan 
-10.375, 86.375, 3.0089051414424905e-21, nan 
-10.125, 86.375, 3.111656216870548e-21, nan 
-9.875, 86.375, 2.855392093408624e-21, nan 
-9.625, 86.375, 2.89311385623001e-21, nan 
-9.375, 86.375, 2.6244104794245487e-21, nan 
-9.125, 86.375, 2.698322395671836e-21, nan 
-8.875, 86.375, 2.6304644486548846e-21, nan 
-8.625, 86.375, 2.532483923670077e-21, nan 
-8.375, 86.375, 2.4715660878319934e-21, nan 
-8.125, 86.375, 2.3786666003526027e-21, nan 
-7.875, 86.375, 2.4042846271187193e-21, nan 
-7.625, 86.375, 2.5147830509819223e-21, nan 
-7.375, 86.375, 2.6579050547980105e-21, nan 
-7.125, 86.375, 2.51738020873697e-21, nan 
-6.875, 86.375, 2.5282183553611905e-21, nan 
-6.625, 86.375, 2.4513815283187278e-21, nan 
-6.375, 86.375, 2.5847980721263807e-21, nan 
-6.125, 86.375, 2.501479381930935e-21, nan 
-5.875, 86.375, 2.6313404958976444e-21, nan 
-5.625, 86.375, 2.4955162764545733e-21, nan 
-5.375, 86.375, 2.482091792918127e-21, nan 
-5.125, 86.375, 2.4332455082373363e-21, nan 
-4.875, 86.375, 2.3460726029582938e-21, nan 
-4.625, 86.375, 2.2144968782329248e-21, nan 
-4.375, 86.375, 2.1723807789330474e-21, nan 
-4.125, 86.375, 2.1291921485406014e-21, nan 
-3.875, 86.375, 2.0446339368850416e-21, nan 
-3.625, 86.375, 1.991238355762331e-21, nan 
-3.375, 86.375, 1.9507164840159398e-21, nan 
-3.125, 86.375, 1.945117319695476e-21, nan 
-2.875, 86.375, 1.914611502396148e-21, nan 
-2.625, 86.375, 1.90384404843043e-21, nan 
-2.375, 86.375, 1.8878191126343448e-21, nan 
-2.125, 86.375, 1.8811036479774645e-21, nan 
-1.875, 86.375, 1.8872185953543844e-21, nan 
-1.625, 86.375, 1.865877976252509e-21, nan 
-1.375, 86.375, 1.8572624084466952e-21, nan 
-1.125, 86.375, 1.85706237154938e-21, nan 
-0.875, 86.375, 1.88091368777431e-21, nan 
-0.625, 86.375, 1.854030639424176e-21, nan 
-0.375, 86.375, 1.815933337303073e-21, nan 
-0.125, 86.375, 1.6605809772821431e-21, nan 
0.125, 86.375, 1.5407623715879862e-21, nan 
0.375, 86.375, 1.3325906517362572e-21, nan 
0.625, 86.375, 1.1536388885107436e-21, nan 
0.875, 86.375, 8.609671355889264e-22, nan 
1.125, 86.375, 7.63768443223548e-22, nan 
1.375, 86.375, 6.550141320373287e-22, nan 
1.625, 86.375, 5.701485369366671e-22, nan 
1.875, 86.375, 5.554850239433103e-22, nan 
2.125, 86.375, 5.206172135172078e-22, nan 
2.375, 86.375, 4.42582279607241e-22, nan 
2.625, 86.375, 4.115572668996824e-22, nan 
2.875, 86.375, 3.9530114627491843e-22, nan 
3.125, 86.375, 3.8253059572711497e-22, nan 
3.375, 86.375, 3.565237497094482e-22, nan 
3.625, 86.375, 3.28820802027789e-22, nan 
3.875, 86.375, 3.1325940791169805e-22, nan 
4.125, 86.375, 2.766049996704043e-22, nan 
4.375, 86.375, 2.6347577602438412e-22, nan 
4.625, 86.375, 2.4294714271990792e-22, nan 
4.875, 86.375, 2.0650274714706206e-22, nan 
5.125, 86.375, 1.9610556842530808e-22, nan 
5.375, 86.375, 1.9595770538796375e-22, nan 
5.625, 86.375, 1.8987477704990554e-22, nan 
5.875, 86.375, 2.0005626512514328e-22, nan 
6.125, 86.375, 2.0975354666694688e-22, nan 
6.375, 86.375, 2.1775303583534107e-22, nan 
6.625, 86.375, 2.0720439763518928e-22, nan 
6.875, 86.375, 1.890845299273343e-22, nan 
7.125, 86.375, 1.5261549749413203e-22, nan 
7.375, 86.375, 1.3084096585751832e-22, nan 
7.625, 86.375, 1.2691027911119065e-22, nan 
7.875, 86.375, 1.1660305344088436e-22, nan 
8.125, 86.375, 9.745991321698462e-23, nan 
8.375, 86.375, 9.981820604942718e-23, nan 
8.625, 86.375, 1.0400093701966791e-22, nan 
8.875, 86.375, 9.831383702056596e-23, nan 
9.125, 86.375, 1.2132279307847287e-22, nan 
9.375, 86.375, 1.53030008108804e-22, nan 
9.625, 86.375, 1.932040369603558e-22, nan 
9.875, 86.375, 1.960760838822081e-22, nan 
10.125, 86.375, 1.9260535833309582e-22, nan 
10.375, 86.375, 3.0996535465777902e-22, nan 
10.625, 86.375, 3.5996498101889437e-22, nan 
10.875, 86.375, 4.75443579765353e-22, nan 
11.125, 86.375, 5.030336171617516e-22, nan 
11.375, 86.375, 5.538861102141413e-22, nan 
11.625, 86.375, 5.939071246476005e-22, nan 
11.875, 86.375, 6.271382831478403e-22, nan 
12.125, 86.375, 6.44603418768199e-22, nan 
12.375, 86.375, 6.377874007480332e-22, nan 
12.625, 86.375, 6.678417242333471e-22, nan 
12.875, 86.375, 7.57727802863967e-22, nan 
13.125, 86.375, 8.432124696309756e-22, nan 
13.375, 86.375, 9.252353070421407e-22, nan 
13.625, 86.375, 9.452503934657225e-22, nan 
13.875, 86.375, 8.95177790311625e-22, nan 
14.125, 86.375, 8.775974929948293e-22, nan 
14.375, 86.375, 8.801160995161051e-22, nan 
14.625, 86.375, 8.78638858804059e-22, nan 
14.875, 86.375, 8.833395550976057e-22, nan 
15.125, 86.375, 9.095019956300388e-22, nan 
15.375, 86.375, 9.109897607060897e-22, nan 
15.625, 86.375, 9.062382608326083e-22, nan 
15.875, 86.375, 9.216763178537482e-22, nan 
16.125, 86.375, 9.156158264378534e-22, nan 
16.375, 86.375, 9.293859022839353e-22, nan 
16.625, 86.375, 9.46600645018655e-22, nan 
16.875, 86.375, 9.950947302460144e-22, nan 
17.125, 86.375, 1.000246341547939e-21, nan 
17.375, 86.375, 1.037638628039308e-21, nan 
17.625, 86.375, 1.0846567501654112e-21, nan 
17.875, 86.375, 1.1617502182692974e-21, nan 
18.125, 86.375, 1.2038904501295233e-21, nan 
18.375, 86.375, 1.1586282534447208e-21, nan 
18.625, 86.375, 1.1434017811465431e-21, nan 
18.875, 86.375, 1.1287554129806461e-21, nan 
19.125, 86.375, 1.1146518760320035e-21, nan 
19.375, 86.375, 1.1256892114491793e-21, nan 
19.625, 86.375, 9.789602111876545e-22, nan 
19.875, 86.375, 8.981685196155228e-22, nan 
20.125, 86.375, 8.506206081559277e-22, nan 
20.375, 86.375, 8.230950363126525e-22, nan 
20.625, 86.375, 8.222643195964786e-22, nan 
20.875, 86.375, 8.226212286723787e-22, nan 
21.125, 86.375, 8.302220531976628e-22, nan 
21.375, 86.375, 8.45775549475421e-22, nan 
21.625, 86.375, 8.804723859552794e-22, nan 
21.875, 86.375, 9.012861039647878e-22, nan 
22.125, 86.375, 8.74008374424841e-22, nan 
22.375, 86.375, 8.689754750004506e-22, nan 
22.625, 86.375, 8.639224602814806e-22, nan 
22.875, 86.375, 8.479554566144422e-22, nan 
23.125, 86.375, 8.569125759569046e-22, nan 
23.375, 86.375, 7.771527425914734e-22, nan 
23.625, 86.375, 7.250508859172056e-22, nan 
23.875, 86.375, 6.877440513246954e-22, nan 
24.125, 86.375, 6.65676493305223e-22, nan 
24.375, 86.375, 6.503829854541516e-22, nan 
24.625, 86.375, 6.609687752974372e-22, nan 
24.875, 86.375, 6.586675565541298e-22, nan 
25.125, 86.375, 6.376684029226252e-22, nan 
25.375, 86.375, 6.19940505292239e-22, nan 
25.625, 86.375, 6.131278017269541e-22, nan 
25.875, 86.375, 6.03910671580156e-22, nan 
26.125, 86.375, 5.888003121826461e-22, nan 
26.375, 86.375, 5.781001485637406e-22, nan 
26.625, 86.375, 5.736278779266313e-22, nan 
26.875, 86.375, 5.664054713882661e-22, nan 
27.125, 86.375, 5.65414518019932e-22, nan 
27.375, 86.375, 5.628184927701013e-22, nan 
27.625, 86.375, 5.635569425772881e-22, nan 
27.875, 86.375, 5.403094015481038e-22, nan 
28.125, 86.375, 5.355759110880945e-22, nan 
28.375, 86.375, 5.213096669543495e-22, nan 
28.625, 86.375, 4.7602734519050395e-22, nan 
28.875, 86.375, 3.6432380869641e-22, nan 
29.125, 86.375, 2.8693641730955243e-22, nan 
29.375, 86.375, 2.6965351133916457e-22, nan 
29.625, 86.375, 2.659111011570713e-22, nan 
29.875, 86.375, 2.3740981494392767e-22, nan 
30.125, 86.375, 2.2466760466085487e-22, nan 
30.375, 86.375, 2.087740233379393e-22, nan 
30.625, 86.375, 2.027959589411821e-22, nan 
30.875, 86.375, 1.8008102659684787e-22, nan 
31.125, 86.375, 1.6306463090205632e-22, nan 
31.375, 86.375, 1.3485509896392132e-22, nan 
31.625, 86.375, 1.1666249830116682e-22, nan 
31.875, 86.375, 9.96503997060735e-23, nan 
32.125, 86.375, 8.883225978619286e-23, nan 
32.375, 86.375, 8.480157310880391e-23, nan 
32.625, 86.375, 8.249562454367889e-23, nan 
32.875, 86.375, 8.458900711855081e-23, nan 
33.125, 86.375, 9.286034802185028e-23, nan 
33.375, 86.375, 9.619712993382403e-23, nan 
33.625, 86.375, 9.499129091812663e-23, nan 
33.875, 86.375, 1.2272798353935642e-22, nan 
34.125, 86.375, 1.8173626619805697e-22, nan 
34.375, 86.375, 2.866388341022961e-22, nan 
34.625, 86.375, 2.8632160060947713e-22, nan 
34.875, 86.375, 2.8494035450403975e-22, nan 
35.125, 86.375, 2.6679068373138957e-22, nan 
35.375, 86.375, 2.8705881430570756e-22, nan 
35.625, 86.375, 2.817568935827785e-22, nan 
35.875, 86.375, 3.0629025776061985e-22, nan 
36.125, 86.375, 3.1956663315462556e-22, nan 
36.375, 86.375, 3.252733771419748e-22, nan 
36.625, 86.375, 3.434916531574225e-22, nan 
36.875, 86.375, 3.5380830200463366e-22, nan 
37.125, 86.375, 3.558877108716891e-22, nan 
37.375, 86.375, 3.370861280454333e-22, nan 
37.625, 86.375, 3.9680045982412583e-22, nan 
37.875, 86.375, 4.950330984614032e-22, nan 
38.125, 86.375, 6.49635750799406e-22, nan 
38.375, 86.375, 6.26261119520527e-22, nan 
38.625, 86.375, 5.856909151372938e-22, nan 
38.875, 86.375, 4.97425154988155e-22, nan 
39.125, 86.375, 5.494029187635707e-22, nan 
39.375, 86.375, 5.218966417088078e-22, nan 
39.625, 86.375, 5.538690580340907e-22, nan 
39.875, 86.375, 5.838896855095062e-22, nan 
40.125, 86.375, 5.904134262983734e-22, nan 
40.375, 86.375, 6.016767927808561e-22, nan 
40.625, 86.375, 6.203143771467906e-22, nan 
40.875, 86.375, 6.116866272619034e-22, nan 
41.125, 86.375, 4.5932555948756e-22, nan 
41.375, 86.375, 3.585003011825504e-22, nan 
41.625, 86.375, 3.7096904474196534e-22, nan 
41.875, 86.375, 4.226145629833135e-22, nan 
42.125, 86.375, 4.225959485423937e-22, nan 
42.375, 86.375, 4.116895352111258e-22, nan 
42.625, 86.375, 3.882693684464208e-22, nan 
42.875, 86.375, 4.1556555344220754e-22, nan 
43.125, 86.375, 4.1787428675003857e-22, nan 
43.375, 86.375, 4.426373400758393e-22, nan 
43.625, 86.375, 4.595353869364403e-22, nan 
43.875, 86.375, 4.654943512236998e-22, nan 
44.125, 86.375, 4.787660926154047e-22, nan 
44.375, 86.375, 4.879079226079359e-22, nan 
44.625, 86.375, 4.927328263148857e-22, nan 
44.875, 86.375, 4.499074249408715e-22, nan 
45.125, 86.375, 4.1704575888965255e-22, nan 
45.375, 86.375, 4.0562579335305303e-22, nan 
45.625, 86.375, 4.070661880069405e-22, nan 
45.875, 86.375, 4.07907196327199e-22, nan 
46.125, 86.375, 4.0902018679228733e-22, nan 
46.375, 86.375, 4.0207530849607474e-22, nan 
46.625, 86.375, 3.9861912570637216e-22, nan 
46.875, 86.375, 3.9161560226629096e-22, nan 
47.125, 86.375, 3.966486875400576e-22, nan 
47.375, 86.375, 3.9836236148224457e-22, nan 
47.625, 86.375, 3.9999145416620677e-22, nan 
47.875, 86.375, 3.8978415538741097e-22, nan 
48.125, 86.375, 3.387801348949381e-22, nan 
48.375, 86.375, 3.019549512176673e-22, nan 
48.625, 86.375, 2.734524116446709e-22, nan 
48.875, 86.375, 2.494995169690963e-22, nan 
49.125, 86.375, 2.2993899875709926e-22, nan 
49.375, 86.375, 1.9688809701602771e-22, nan 
49.625, 86.375, 1.921631832583745e-22, nan 
49.875, 86.375, 1.7233856545085495e-22, nan 
50.125, 86.375, 1.7860718355549513e-22, nan 
50.375, 86.375, 1.6116369056969784e-22, nan 
50.625, 86.375, 1.4511796914529172e-22, nan 
50.875, 86.375, 1.2500125323501175e-22, nan 
51.125, 86.375, 1.1650390726864813e-22, nan 
51.375, 86.375, 9.885210509555978e-23, nan 
51.625, 86.375, 9.662659545214207e-23, nan 
51.875, 86.375, 1.0062905338457569e-22, nan 
52.125, 86.375, 1.0338601225409454e-22, nan 
52.375, 86.375, 1.0205218105330587e-22, nan 
52.625, 86.375, 1.0311689252089446e-22, nan 
52.875, 86.375, 1.0258960350856314e-22, nan 
53.125, 86.375, 1.047550565898462e-22, nan 
53.375, 86.375, 1.0541623208979934e-22, nan 
53.625, 86.375, 1.0660017223390318e-22, nan 
53.875, 86.375, 1.0858197692835469e-22, nan 
54.125, 86.375, 1.131104985104092e-22, nan 
54.375, 86.375, 1.20743592264396e-22, nan 
54.625, 86.375, 1.2750771265752792e-22, nan 
54.875, 86.375, 1.3263499364845372e-22, nan 
55.125, 86.375, 1.3696042418387705e-22, nan 
55.375, 86.375, 1.4433993298356668e-22, nan 
55.625, 86.375, 1.5146377823377983e-22, nan 
55.875, 86.375, 1.5632087746311529e-22, nan 
56.125, 86.375, 1.5944464447027184e-22, nan 
56.375, 86.375, 1.6021899756004107e-22, nan 
56.625, 86.375, 1.6566963618866716e-22, nan 
56.875, 86.375, 1.7078085854062767e-22, nan 
57.125, 86.375, 1.7765161537603705e-22, nan 
57.375, 86.375, 1.7896424014008189e-22, nan 
57.625, 86.375, 1.8852414571252332e-22, nan 
57.875, 86.375, 1.9631636258562191e-22, nan 
58.125, 86.375, 2.0282348991462566e-22, nan 
58.375, 86.375, 2.0633275172364556e-22, nan 
58.625, 86.375, 2.0365404226529658e-22, nan 
58.875, 86.375, 1.9977133644636818e-22, nan 
59.125, 86.375, 1.9706042401828088e-22, nan 
59.375, 86.375, 1.959366609369604e-22, nan 
59.625, 86.375, 1.932999281203267e-22, nan 
59.875, 86.375, 1.8797669761480282e-22, nan 
60.125, 86.375, 1.8363169937416784e-22, nan 
60.375, 86.375, 1.8296887713701369e-22, nan 
60.625, 86.375, 2.0586643471328642e-22, nan 
60.875, 86.375, 2.123728640462851e-22, nan 
61.125, 86.375, 2.0918891316609643e-22, nan 
61.375, 86.375, 2.0544539649032127e-22, nan 
61.625, 86.375, 1.952830305828978e-22, nan 
61.875, 86.375, 1.8660192083242027e-22, nan 
62.125, 86.375, 1.806534453287211e-22, nan 
62.375, 86.375, 1.7730049664152405e-22, nan 
62.625, 86.375, 1.6913637924850884e-22, nan 
62.875, 86.375, 1.6102919827746474e-22, nan 
63.125, 86.375, 1.5257025639388516e-22, nan 
63.375, 86.375, 1.4718542042192683e-22, nan 
63.625, 86.375, 1.3965587940381172e-22, nan 
63.875, 86.375, 1.3533603962540292e-22, nan 
64.125, 86.375, 1.3099876649400625e-22, nan 
64.375, 86.375, 1.3445165007346658e-22, nan 
64.625, 86.375, 1.330750148182312e-22, nan 
64.875, 86.375, 1.2815638563743697e-22, nan 
65.125, 86.375, 1.2296018628818337e-22, nan 
65.375, 86.375, 1.1631440297146101e-22, nan 
65.625, 86.375, 1.0737733803692325e-22, nan 
65.875, 86.375, 9.788036475135578e-23, nan 
66.125, 86.375, 9.161414282584269e-23, nan 
66.375, 86.375, 8.510843364715654e-23, nan 
66.625, 86.375, 8.08641397573843e-23, nan 
66.875, 86.375, 7.555962842878965e-23, nan 
67.125, 86.375, 7.244106349618105e-23, nan 
67.375, 86.375, 6.95247748258614e-23, nan 
67.625, 86.375, 6.837241793252508e-23, nan 
67.875, 86.375, 6.515515865013205e-23, nan 
68.125, 86.375, 6.284199969275001e-23, nan 
68.375, 86.375, 6.023047194821171e-23, nan 
68.625, 86.375, 5.709500594263684e-23, nan 
68.875, 86.375, 5.39411376558366e-23, nan 
69.125, 86.375, 5.277211407174997e-23, nan 
69.375, 86.375, 5.1422111484122594e-23, nan 
69.625, 86.375, 5.0398313217759644e-23, nan 
69.875, 86.375, 4.9787784204985675e-23, nan 
70.125, 86.375, 5.084127008670236e-23, nan 
70.375, 86.375, 5.206668282641752e-23, nan 
70.625, 86.375, 5.441954009964092e-23, nan 
70.875, 86.375, 5.809465995800578e-23, nan 
71.125, 86.375, 7.269965995617525e-23, nan 
71.375, 86.375, 9.12047733972624e-23, nan 
71.625, 86.375, 1.0984531840446504e-22, nan 
71.875, 86.375, 1.1555449090046917e-22, nan 
72.125, 86.375, 1.182874165627766e-22, nan 
72.375, 86.375, 1.227455003111879e-22, nan 
72.625, 86.375, 1.2841306405504181e-22, nan 
72.875, 86.375, 1.3102606968447632e-22, nan 
73.125, 86.375, 1.3368663218816965e-22, nan 
73.375, 86.375, 1.3213316197512935e-22, nan 
73.625, 86.375, 1.3034482766422978e-22, nan 
73.875, 86.375, 1.312905015542444e-22, nan 
74.125, 86.375, 1.287886154069969e-22, nan 
74.375, 86.375, 1.2458844470548442e-22, nan 
74.625, 86.375, 1.184504319709924e-22, nan 
74.875, 86.375, 1.1739957152614972e-22, nan 
75.125, 86.375, 1.162398289718052e-22, nan 
75.375, 86.375, 1.1336437400583983e-22, nan 
75.625, 86.375, 1.059069405410201e-22, nan 
75.875, 86.375, 1.0147050834556045e-22, nan 
76.125, 86.375, 9.795612907415153e-23, nan 
76.375, 86.375, 9.541488483838294e-23, nan 
76.625, 86.375, 9.021466260977932e-23, nan 
76.875, 86.375, 9.776268613198894e-23, nan 
77.125, 86.375, 1.08021932935821e-22, nan 
77.375, 86.375, 1.4850507405770742e-22, nan 
77.625, 86.375, 1.6577283329124368e-22, nan 
77.875, 86.375, 1.8442363436760584e-22, nan 
78.125, 86.375, 2.0045821615541013e-22, nan 
78.375, 86.375, 2.0571726444544685e-22, nan 
78.625, 86.375, 2.127486496664377e-22, nan 
78.875, 86.375, 2.1367983914102185e-22, nan 
79.125, 86.375, 2.158035906709049e-22, nan 
79.375, 86.375, 2.1519813424117236e-22, nan 
79.625, 86.375, 2.158276190492761e-22, nan 
79.875, 86.375, 2.1552664973315594e-22, nan 
80.125, 86.375, 2.1170659742051676e-22, nan 
80.375, 86.375, 2.0530013096004521e-22, nan 
80.625, 86.375, 2.0343936687210754e-22, nan 
80.875, 86.375, 2.040134995060923e-22, nan 
81.125, 86.375, 2.0510813356885141e-22, nan 
81.375, 86.375, 2.21420891256128e-22, nan 
81.625, 86.375, 2.2907535354508393e-22, nan 
81.875, 86.375, 2.493644936145333e-22, nan 
82.125, 86.375, 2.5342823600443314e-22, nan 
82.375, 86.375, 2.5156101998966956e-22, nan 
82.625, 86.375, 2.5023571467097633e-22, nan 
82.875, 86.375, 2.4169353414879004e-22, nan 
83.125, 86.375, 2.307296153072185e-22, nan 
83.375, 86.375, 2.277553797943076e-22, nan 
83.625, 86.375, 2.2088289489731985e-22, nan 
83.875, 86.375, 2.1416317768481766e-22, nan 
84.125, 86.375, 1.9847454793624122e-22, nan 
84.375, 86.375, 1.8545041125075635e-22, nan 
84.625, 86.375, 1.7649599711159805e-22, nan 
84.875, 86.375, 1.5449806976001466e-22, nan 
85.125, 86.375, 1.4139897318135783e-22, nan 
85.375, 86.375, 1.4303156979500526e-22, nan 
85.625, 86.375, 1.6562132550903591e-22, nan 
85.875, 86.375, 1.7202057704484073e-22, nan 
86.125, 86.375, 1.7680747455403597e-22, nan 
86.375, 86.375, 1.9844224062264755e-22, nan 
86.625, 86.375, 2.2516178202458305e-22, nan 
86.875, 86.375, 2.426226920894608e-22, nan 
87.125, 86.375, 2.501866567434474e-22, nan 
87.375, 86.375, 2.4678784225331655e-22, nan 
87.625, 86.375, 2.371314056487197e-22, nan 
87.875, 86.375, 2.258849423013836e-22, nan 
88.125, 86.375, 2.132210226159109e-22, nan 
88.375, 86.375, 2.0466197328645913e-22, nan 
88.625, 86.375, 1.9320108514400562e-22, nan 
88.875, 86.375, 1.8029542419933157e-22, nan 
89.125, 86.375, 1.7486371852016535e-22, nan 
89.375, 86.375, 1.6603190737324434e-22, nan 
89.625, 86.375, 1.5785807200542673e-22, nan 
89.875, 86.375, 1.3938861095234229e-22, nan 
90.125, 86.375, 1.355343209226602e-22, nan 
90.375, 86.375, 1.7208151449013873e-22, nan 
90.625, 86.375, 1.9945883243994224e-22, nan 
90.875, 86.375, 2.042012085034932e-22, nan 
91.125, 86.375, 2.039621395826069e-22, nan 
91.375, 86.375, 2.1039217118326696e-22, nan 
91.625, 86.375, 2.2112924652358268e-22, nan 
91.875, 86.375, 2.2454705525026894e-22, nan 
92.125, 86.375, 2.281062909291203e-22, nan 
92.375, 86.375, 2.3429706419527996e-22, nan 
92.625, 86.375, 2.3820255837372314e-22, nan 
92.875, 86.375, 2.450476064618077e-22, nan 
93.125, 86.375, 2.458960648442159e-22, nan 
93.375, 86.375, 2.445462190342104e-22, nan 
93.625, 86.375, 2.304886533860144e-22, nan 
93.875, 86.375, 2.1301020341905263e-22, nan 
94.125, 86.375, 1.848242334265132e-22, nan 
94.375, 86.375, 1.7349016621894385e-22, nan 
94.625, 86.375, 1.6194023342109068e-22, nan 
94.875, 86.375, 1.5015120724031696e-22, nan 
95.125, 86.375, 1.6196140897394728e-22, nan 
95.375, 86.375, 1.7800454880346145e-22, nan 
95.625, 86.375, 1.8626474697236057e-22, nan 
95.875, 86.375, 1.9463937650105395e-22, nan 
96.125, 86.375, 2.0050940786488489e-22, nan 
96.375, 86.375, 2.0102230659620116e-22, nan 
96.625, 86.375, 2.0488627959339103e-22, nan 
96.875, 86.375, 1.9551300864842838e-22, nan 
97.125, 86.375, 1.7116188102533508e-22, nan 
97.375, 86.375, 1.502771155765077e-22, nan 
97.625, 86.375, 1.4098833132309395e-22, nan 
97.875, 86.375, 1.2980728242589119e-22, nan 
98.125, 86.375, 1.2209652369676912e-22, nan 
98.375, 86.375, 1.1001161209075389e-22, nan 
98.625, 86.375, 8.800474334496215e-23, nan 
98.875, 86.375, 5.662015670410184e-23, nan 
99.125, 86.375, 4.6473662939570175e-23, nan 
99.375, 86.375, 3.9748348790505544e-23, nan 
99.625, 86.375, 3.4783078575746605e-23, nan 
99.875, 86.375, 3.276382189997967e-23, nan 
100.125, 86.375, 3.228253239514473e-23, nan 
100.375, 86.375, 3.1107162182227744e-23, nan 
100.625, 86.375, 3.1312495285993165e-23, nan 
100.875, 86.375, 3.160789806108588e-23, nan 
101.125, 86.375, 3.1617066685222e-23, nan 
101.375, 86.375, 3.1095314046052734e-23, nan 
101.625, 86.375, 3.174259567629988e-23, nan 
101.875, 86.375, 3.0787523903218814e-23, nan 
102.125, 86.375, 2.9493270707684766e-23, nan 
102.375, 86.375, 2.8362015034149955e-23, nan 
102.625, 86.375, 2.7752003675635647e-23, nan 
102.875, 86.375, 2.7078021108282546e-23, nan 
103.125, 86.375, 2.6725700836044076e-23, nan 
103.375, 86.375, 2.6859917786036596e-23, nan 
103.625, 86.375, 2.793607784096399e-23, nan 
103.875, 86.375, 3.0773810974639314e-23, nan 
104.125, 86.375, 3.362852477462771e-23, nan 
104.375, 86.375, 3.4127205758631106e-23, nan 
104.625, 86.375, 3.566923719512533e-23, nan 
104.875, 86.375, 3.7017801981504473e-23, nan 
105.125, 86.375, 3.905768596254898e-23, nan 
105.375, 86.375, 4.0108079618738106e-23, nan 
105.625, 86.375, 4.1040590447160073e-23, nan 
105.875, 86.375, 4.069343955763243e-23, nan 
106.125, 86.375, 4.310047439450726e-23, nan 
106.375, 86.375, 4.376143219252936e-23, nan 
106.625, 86.375, 4.5233749089174884e-23, nan 
106.875, 86.375, 4.397397939482391e-23, nan 
107.125, 86.375, 4.5888165751331714e-23, nan 
107.375, 86.375, 4.540974425935266e-23, nan 
107.625, 86.375, 3.971870591407554e-23, nan 
107.875, 86.375, 3.868250708907692e-23, nan 
108.125, 86.375, 3.8948589263931044e-23, nan 
108.375, 86.375, 3.732662512292421e-23, nan 
108.625, 86.375, 3.5449194841774725e-23, nan 
108.875, 86.375, 3.444133754098703e-23, nan 
109.125, 86.375, 3.4126719866388507e-23, nan 
109.375, 86.375, 2.8692858995570633e-23, nan 
109.625, 86.375, 3.019031205509468e-23, nan 
109.875, 86.375, 3.5012591786921164e-23, nan 
110.125, 86.375, 3.789287729833039e-23, nan 
110.375, 86.375, 4.133180943253741e-23, nan 
110.625, 86.375, 4.0701893394398253e-23, nan 
110.875, 86.375, 4.58290872690573e-23, nan 
111.125, 86.375, 4.723176473245449e-23, nan 
111.375, 86.375, 3.8829630438982923e-23, nan 
111.625, 86.375, 3.8123164335934445e-23, nan 
111.875, 86.375, 4.0229383117339515e-23, nan 
112.125, 86.375, 3.737068760850634e-23, nan 
112.375, 86.375, 3.4104218422161974e-23, nan 
112.625, 86.375, 3.152231718703977e-23, nan 
112.875, 86.375, 3.0386995453239264e-23, nan 
113.125, 86.375, 2.3201125684751422e-23, nan 
113.375, 86.375, 3.695928081330583e-23, nan 
113.625, 86.375, 4.4661010202334834e-23, nan 
113.875, 86.375, 4.8062677034918965e-23, nan 
114.125, 86.375, 5.039782273758322e-23, nan 
114.375, 86.375, 4.9901033020701564e-23, nan 
114.625, 86.375, 5.516918475951527e-23, nan 
114.875, 86.375, 5.628246846460932e-23, nan 
115.125, 86.375, 5.66246303658262e-23, nan 
115.375, 86.375, 5.788099570695975e-23, nan 
115.625, 86.375, 6.159585012156266e-23, nan 
115.875, 86.375, 6.378843483245317e-23, nan 
116.125, 86.375, 6.775897807686909e-23, nan 
116.375, 86.375, 6.788851331541502e-23, nan 
116.625, 86.375, 6.976463830460179e-23, nan 
116.875, 86.375, 6.919235454065869e-23, nan 
117.125, 86.375, 7.178279638604904e-23, nan 
117.375, 86.375, 7.36216888494481e-23, nan 
117.625, 86.375, 8.125852110677355e-23, nan 
117.875, 86.375, 8.771315321341753e-23, nan 
118.125, 86.375, 9.47426946395215e-23, nan 
118.375, 86.375, 1.0496989750051167e-22, nan 
118.625, 86.375, 1.123783306223203e-22, nan 
118.875, 86.375, 1.124922453961319e-22, nan 
119.125, 86.375, 1.0228855372170158e-22, nan 
119.375, 86.375, 8.863303778609227e-23, nan 
119.625, 86.375, 5.954380621655804e-23, nan 
119.875, 86.375, 4.4182399093023114e-23, nan 
120.125, 86.375, 4.719054916891861e-23, nan 
120.375, 86.375, 5.504843240082595e-23, nan 
120.625, 86.375, 6.286067832468456e-23, nan 
120.875, 86.375, 6.65038928042684e-23, nan 
121.125, 86.375, 7.139352437744394e-23, nan 
121.375, 86.375, 7.398050856214874e-23, nan 
121.625, 86.375, 7.588718662406116e-23, nan 
121.875, 86.375, 7.837334295015062e-23, nan 
122.125, 86.375, 8.137731245868961e-23, nan 
122.375, 86.375, 8.184305756290335e-23, nan 
122.625, 86.375, 8.354289747371143e-23, nan 
122.875, 86.375, 8.382701483516721e-23, nan 
123.125, 86.375, 8.419642147655969e-23, nan 
123.375, 86.375, 8.501393217888615e-23, nan 
123.625, 86.375, 8.761215518060267e-23, nan 
123.875, 86.375, 9.317994519492278e-23, nan 
124.125, 86.375, 9.67699336444526e-23, nan 
124.375, 86.375, 1.0149774334685385e-22, nan 
124.625, 86.375, 9.787541103876818e-23, nan 
124.875, 86.375, 1.0547721989627528e-22, nan 
125.125, 86.375, 1.0588831846895852e-22, nan 
125.375, 86.375, 1.025252810325873e-22, nan 
125.625, 86.375, 9.860311004047041e-23, nan 
125.875, 86.375, 9.677756608068718e-23, nan 
126.125, 86.375, 9.227468561238032e-23, nan 
126.375, 86.375, 9.214884966861519e-23, nan 
126.625, 86.375, 8.758629260052113e-23, nan 
126.875, 86.375, 8.642602305900471e-23, nan 
127.125, 86.375, 8.42503551130943e-23, nan 
127.375, 86.375, 8.41580222594962e-23, nan 
127.625, 86.375, 8.798719088512611e-23, nan 
127.875, 86.375, 8.995590742946274e-23, nan 
128.125, 86.375, 8.993869049953508e-23, nan 
128.375, 86.375, 8.877451746413803e-23, nan 
128.625, 86.375, 9.002303623693808e-23, nan 
128.875, 86.375, 9.525120516860936e-23, nan 
129.125, 86.375, 9.991438992131868e-23, nan 
129.375, 86.375, 1.0219186123514731e-22, nan 
129.625, 86.375, 1.0243115591443563e-22, nan 
129.875, 86.375, 1.0252671458776988e-22, nan 
130.125, 86.375, 1.0342561944762449e-22, nan 
130.375, 86.375, 1.0580167804400923e-22, nan 
130.625, 86.375, 1.1093549753844799e-22, nan 
130.875, 86.375, 1.1536026146168104e-22, nan 
131.125, 86.375, 1.2240546172933312e-22, nan 
131.375, 86.375, 1.266760524002251e-22, nan 
131.625, 86.375, 1.2735736866629375e-22, nan 
131.875, 86.375, 1.2583515838954693e-22, nan 
132.125, 86.375, 1.2547140287725358e-22, nan 
132.375, 86.375, 1.1917195958294612e-22, nan 
132.625, 86.375, 1.1479988250169714e-22, nan 
132.875, 86.375, 1.0785392623990502e-22, nan 
133.125, 86.375, 1.0381948382907233e-22, nan 
133.375, 86.375, 1.0921351724233752e-22, nan 
133.625, 86.375, 1.0149480247036432e-22, nan 
133.875, 86.375, 1.0180535854872762e-22, nan 
134.125, 86.375, 9.907069191067974e-23, nan 
134.375, 86.375, 9.086799110706434e-23, nan 
134.625, 86.375, 8.775841528757635e-23, nan 
134.875, 86.375, 8.683436810327336e-23, nan 
135.125, 86.375, 8.55520397578768e-23, nan 
135.375, 86.375, 8.353316270748052e-23, nan 
135.625, 86.375, 8.12870064390966e-23, nan 
135.875, 86.375, 7.989446749003517e-23, nan 
136.125, 86.375, 7.61308649053695e-23, nan 
136.375, 86.375, 7.350149403493363e-23, nan 
136.625, 86.375, 7.109313399339554e-23, nan 
136.875, 86.375, 7.233024706083585e-23, nan 
137.125, 86.375, 7.181914486670724e-23, nan 
137.375, 86.375, 6.919325178430754e-23, nan 
137.625, 86.375, 6.965593481797709e-23, nan 
137.875, 86.375, 6.619121994235034e-23, nan 
138.125, 86.375, 6.127079344576489e-23, nan 
138.375, 86.375, 6.085786863546039e-23, nan 
138.625, 86.375, 5.881418791251622e-23, nan 
138.875, 86.375, 6.045311523935248e-23, nan 
139.125, 86.375, 5.60635629450186e-23, nan 
139.375, 86.375, 5.660419937127909e-23, nan 
139.625, 86.375, 5.2583657517116145e-23, nan 
139.875, 86.375, 5.547132460702149e-23, nan 
140.125, 86.375, 5.158874173193711e-23, nan 
140.375, 86.375, 5.007993633171531e-23, nan 
140.625, 86.375, 5.328071975767171e-23, nan 
140.875, 86.375, 5.71394617962402e-23, nan 
141.125, 86.375, 6.101894289904727e-23, nan 
141.375, 86.375, 6.480073494744534e-23, nan 
141.625, 86.375, 6.796913209624265e-23, nan 
141.875, 86.375, 7.3405969927436e-23, nan 
142.125, 86.375, 7.861010537526179e-23, nan 
142.375, 86.375, 9.037827743263515e-23, nan 
142.625, 86.375, 1.1362059417383891e-22, nan 
142.875, 86.375, 1.1250557667344636e-22, nan 
143.125, 86.375, 1.1253081443352004e-22, nan 
143.375, 86.375, 1.088921175086847e-22, nan 
143.625, 86.375, 1.0162576514499962e-22, nan 
143.875, 86.375, 8.822007936961805e-23, nan 
144.125, 86.375, 8.228698795681264e-23, nan 
144.375, 86.375, 8.028383077101299e-23, nan 
144.625, 86.375, 8.077982795800773e-23, nan 
144.875, 86.375, 7.85625541059213e-23, nan 
145.125, 86.375, 7.29524803350919e-23, nan 
145.375, 86.375, 7.119404034342346e-23, nan 
145.625, 86.375, 7.190509828707553e-23, nan 
145.875, 86.375, 6.462522443465487e-23, nan 
146.125, 86.375, 6.02676825594871e-23, nan 
146.375, 86.375, 5.902333608716168e-23, nan 
146.625, 86.375, 5.787849199693344e-23, nan 
146.875, 86.375, 5.832797186187467e-23, nan 
147.125, 86.375, 5.898564400608003e-23, nan 
147.375, 86.375, 5.301717118306347e-23, nan 
147.625, 86.375, 4.447127492972873e-23, nan 
147.875, 86.375, 4.4130593378288175e-23, nan 
148.125, 86.375, 4.349926513841844e-23, nan 
148.375, 86.375, 4.4053465140991166e-23, nan 
148.625, 86.375, 4.494457460724835e-23, nan 
148.875, 86.375, 4.4217413570921307e-23, nan 
149.125, 86.375, 4.6024717273544165e-23, nan 
149.375, 86.375, 4.7842995227561547e-23, nan 
149.625, 86.375, 4.4977759637643683e-23, nan 
149.875, 86.375, 4.0259516426953234e-23, nan 
150.125, 86.375, 3.820370805230081e-23, nan 
150.375, 86.375, 3.763479229748947e-23, nan 
150.625, 86.375, 3.92026847046743e-23, nan 
150.875, 86.375, 4.286085574385368e-23, nan 
151.125, 86.375, 5.758442115302018e-23, nan 
151.375, 86.375, 7.419899662168018e-23, nan 
151.625, 86.375, 8.63000511976717e-23, nan 
151.875, 86.375, 9.405246193174202e-23, nan 
152.125, 86.375, 9.402722329772618e-23, nan 
152.375, 86.375, 9.342441326583507e-23, nan 
152.625, 86.375, 9.606187226540308e-23, nan 
152.875, 86.375, 9.980015889145945e-23, nan 
153.125, 86.375, 1.0524264308737024e-22, nan 
153.375, 86.375, 1.0844330916188152e-22, nan 
153.625, 86.375, 1.1025163008986416e-22, nan 
153.875, 86.375, 1.113640978038582e-22, nan 
154.125, 86.375, 1.0823473953861097e-22, nan 
154.375, 86.375, 9.883436720897705e-23, nan 
154.625, 86.375, 9.131995400416177e-23, nan 
154.875, 86.375, 7.042517635833043e-23, nan 
155.125, 86.375, 5.1776794515748126e-23, nan 
155.375, 86.375, 4.377608560477342e-23, nan 
155.625, 86.375, 3.9720725719877797e-23, nan 
155.875, 86.375, 3.7082087620437767e-23, nan 
156.125, 86.375, 3.5006154043725793e-23, nan 
156.375, 86.375, 3.2438548132421077e-23, nan 
156.625, 86.375, 3.0290185508379453e-23, nan 
156.875, 86.375, 2.953779494759816e-23, nan 
157.125, 86.375, 2.852758773051129e-23, nan 
157.375, 86.375, 2.9402221996844846e-23, nan 
157.625, 86.375, 3.273152446068018e-23, nan 
157.875, 86.375, 4.497531572081625e-23, nan 
158.125, 86.375, 5.635746247117959e-23, nan 
158.375, 86.375, 7.916748302370517e-23, nan 
158.625, 86.375, 1.0131228497843905e-22, nan 
158.875, 86.375, 1.0100442019744986e-22, nan 
159.125, 86.375, 9.817924497673385e-23, nan 
159.375, 86.375, 1.0565266448032086e-22, nan 
159.625, 86.375, 1.0296547527618504e-22, nan 
159.875, 86.375, 1.0383861356641848e-22, nan 
160.125, 86.375, 1.0442631874688613e-22, nan 
160.375, 86.375, 1.053392821742702e-22, nan 
160.625, 86.375, 1.115723175507925e-22, nan 
160.875, 86.375, 1.0933951968219668e-22, nan 
161.125, 86.375, 1.1107986982800724e-22, nan 
161.375, 86.375, 1.0780336629583857e-22, nan 
161.625, 86.375, 1.068547792869269e-22, nan 
161.875, 86.375, 1.0328833513048745e-22, nan 
162.125, 86.375, 1.0548769277426143e-22, nan 
162.375, 86.375, 1.0440313694454209e-22, nan 
162.625, 86.375, 9.799557929817125e-23, nan 
162.875, 86.375, 9.752326787423745e-23, nan 
163.125, 86.375, 9.649033949186792e-23, nan 
163.375, 86.375, 8.970005273188014e-23, nan 
163.625, 86.375, 8.891045107144857e-23, nan 
163.875, 86.375, 8.036309509866427e-23, nan 
164.125, 86.375, 7.229842770121828e-23, nan 
164.375, 86.375, 6.571238045403438e-23, nan 
164.625, 86.375, 6.681777338552289e-23, nan 
164.875, 86.375, 6.139662195488556e-23, nan 
165.125, 86.375, 5.896637908310459e-23, nan 
165.375, 86.375, 6.222231741002741e-23, nan 
165.625, 86.375, 6.389636372308596e-23, nan 
165.875, 86.375, 6.768243030556034e-23, nan 
166.125, 86.375, 6.714860373142597e-23, nan 
166.375, 86.375, 7.064787949547318e-23, nan 
166.625, 86.375, 7.138465822686105e-23, nan 
166.875, 86.375, 7.449206477901228e-23, nan 
167.125, 86.375, 7.995629555344781e-23, nan 
167.375, 86.375, 8.092840156781926e-23, nan 
167.625, 86.375, 8.15193710208998e-23, nan 
167.875, 86.375, 8.537082326702565e-23, nan 
168.125, 86.375, 8.324174441612418e-23, nan 
168.375, 86.375, 7.97982554350349e-23, nan 
168.625, 86.375, 8.395849066171253e-23, nan 
168.875, 86.375, 9.369798071752595e-23, nan 
169.125, 86.375, 1.1366744396642007e-22, nan 
169.375, 86.375, 1.2509307311005402e-22, nan 
169.625, 86.375, 1.370156232182851e-22, nan 
169.875, 86.375, 1.3710133190977194e-22, nan 
170.125, 86.375, 1.4736513007308487e-22, nan 
170.375, 86.375, 1.496243158376091e-22, nan 
170.625, 86.375, 1.5567646290481128e-22, nan 
170.875, 86.375, 1.6784715857748526e-22, nan 
171.125, 86.375, 1.6708321468874882e-22, nan 
171.375, 86.375, 1.6324449548454357e-22, nan 
171.625, 86.375, 1.69914859013696e-22, nan 
171.875, 86.375, 1.5405183885055688e-22, nan 
172.125, 86.375, 1.222403896361958e-22, nan 
172.375, 86.375, 1.0803879343666134e-22, nan 
172.625, 86.375, 8.185093128237496e-23, nan 
172.875, 86.375, 8.900751206876899e-23, nan 
173.125, 86.375, 1.109130545965833e-22, nan 
173.375, 86.375, 1.3352744269951473e-22, nan 
173.625, 86.375, 1.4570069722985605e-22, nan 
173.875, 86.375, 1.6786626547692565e-22, nan 
174.125, 86.375, 1.7450908065680054e-22, nan 
174.375, 86.375, 1.8553267336407964e-22, nan 
174.625, 86.375, 1.9734867999998059e-22, nan 
174.875, 86.375, 2.0758797417999785e-22, nan 
175.125, 86.375, 2.1619989302261984e-22, nan 
175.375, 86.375, 2.251301853620621e-22, nan 
175.625, 86.375, 2.2685561630340723e-22, nan 
175.875, 86.375, 2.2582898816866308e-22, nan 
176.125, 86.375, 2.2110553252640554e-22, nan 
176.375, 86.375, 2.1215991460288967e-22, nan 
176.625, 86.375, 2.0710494105477474e-22, nan 
176.875, 86.375, 2.0165161883030148e-22, nan 
177.125, 86.375, 1.9712719248587257e-22, nan 
177.375, 86.375, 1.687733142739272e-22, nan 
177.625, 86.375, 1.553939591581052e-22, nan 
177.875, 86.375, 1.4916917471351752e-22, nan 
178.125, 86.375, 1.2123397544007113e-22, nan 
178.375, 86.375, 9.096497245821291e-23, nan 
178.625, 86.375, 6.606290136501058e-23, nan 
178.875, 86.375, 5.149420445162313e-23, nan 
179.125, 86.375, 4.831332584351242e-23, nan 
179.375, 86.375, 4.655512406405875e-23, nan 
179.625, 86.375, 4.659832849461519e-23, nan 
179.875, 86.375, 4.6087876844381867e-23, nan 
-179.875, 86.625, 1.362848425095342e-22, nan 
-179.625, 86.625, 1.3346132814607067e-22, nan 
-179.375, 86.625, 1.3358384913290553e-22, nan 
-179.125, 86.625, 1.269318146450434e-22, nan 
-178.875, 86.625, 1.1946648427839388e-22, nan 
-178.625, 86.625, 1.0629012178668144e-22, nan 
-178.375, 86.625, 9.017605090957195e-23, nan 
-178.125, 86.625, 7.820183220367448e-23, nan 
-177.875, 86.625, 7.499128442756254e-23, nan 
-177.625, 86.625, 7.550089345853336e-23, nan 
-177.375, 86.625, 8.570890401520233e-23, nan 
-177.125, 86.625, 8.724999252390953e-23, nan 
-176.875, 86.625, 9.574894808578431e-23, nan 
-176.625, 86.625, 9.769327761105768e-23, nan 
-176.375, 86.625, 1.0161435477919648e-22, nan 
-176.125, 86.625, 1.0918023505091499e-22, nan 
-175.875, 86.625, 1.1510367849832894e-22, nan 
-175.625, 86.625, 1.219748193911618e-22, nan 
-175.375, 86.625, 1.2424919831137033e-22, nan 
-175.125, 86.625, 1.2590465381577875e-22, nan 
-174.875, 86.625, 1.252762131659115e-22, nan 
-174.625, 86.625, 1.2317109908951576e-22, nan 
-174.375, 86.625, 1.17238538308144e-22, nan 
-174.125, 86.625, 1.0933543641288125e-22, nan 
-173.875, 86.625, 1.0236556978373045e-22, nan 
-173.625, 86.625, 9.685471524323333e-23, nan 
-173.375, 86.625, 9.356898771585462e-23, nan 
-173.125, 86.625, 9.205426291333555e-23, nan 
-172.875, 86.625, 9.269562580716703e-23, nan 
-172.625, 86.625, 9.235632453744757e-23, nan 
-172.375, 86.625, 8.983035501292073e-23, nan 
-172.125, 86.625, 8.830352906504285e-23, nan 
-171.875, 86.625, 8.317607208777982e-23, nan 
-171.625, 86.625, 8.121941922611458e-23, nan 
-171.375, 86.625, 7.759601352057513e-23, nan 
-171.125, 86.625, 5.551927548376692e-23, nan 
-170.875, 86.625, 4.398370731228877e-23, nan 
-170.625, 86.625, 3.480254793309154e-23, nan 
-170.375, 86.625, 3.2615719938118936e-23, nan 
-170.125, 86.625, 3.311014904787141e-23, nan 
-169.875, 86.625, 3.3542888305894076e-23, nan 
-169.625, 86.625, 3.3434192731830905e-23, nan 
-169.375, 86.625, 3.321757278047963e-23, nan 
-169.125, 86.625, 3.6542467620220473e-23, nan 
-168.875, 86.625, 4.0015695241236065e-23, nan 
-168.625, 86.625, 4.205642710701518e-23, nan 
-168.375, 86.625, 4.336681172433927e-23, nan 
-168.125, 86.625, 4.493091988729558e-23, nan 
-167.875, 86.625, 4.476642261902438e-23, nan 
-167.625, 86.625, 4.376472061220145e-23, nan 
-167.375, 86.625, 4.1412511945875917e-23, nan 
-167.125, 86.625, 3.993468557456765e-23, nan 
-166.875, 86.625, 3.884146933070336e-23, nan 
-166.625, 86.625, 3.800429076432878e-23, nan 
-166.375, 86.625, 3.7326210592712926e-23, nan 
-166.125, 86.625, 3.595062435122808e-23, nan 
-165.875, 86.625, 3.618453341707094e-23, nan 
-165.625, 86.625, 3.707607995120159e-23, nan 
-165.375, 86.625, 3.756387438644369e-23, nan 
-165.125, 86.625, 3.925552944206131e-23, nan 
-164.875, 86.625, 4.627869679684802e-23, nan 
-164.625, 86.625, 5.569650999391954e-23, nan 
-164.375, 86.625, 6.437127537501658e-23, nan 
-164.125, 86.625, 7.044792147003375e-23, nan 
-163.875, 86.625, 7.522067408680502e-23, nan 
-163.625, 86.625, 8.550722119441293e-23, nan 
-163.375, 86.625, 1.0303585856951752e-22, nan 
-163.125, 86.625, 1.1189577586358164e-22, nan 
-162.875, 86.625, 1.1833529533238034e-22, nan 
-162.625, 86.625, 1.2108908719526087e-22, nan 
-162.375, 86.625, 1.240813658238566e-22, nan 
-162.125, 86.625, 1.2655562997944256e-22, nan 
-161.875, 86.625, 1.2793053238284863e-22, nan 
-161.625, 86.625, 1.2863943557006862e-22, nan 
-161.375, 86.625, 1.2869740580678584e-22, nan 
-161.125, 86.625, 1.2839060899576237e-22, nan 
-160.875, 86.625, 1.338194677440415e-22, nan 
-160.625, 86.625, 1.3686773159750009e-22, nan 
-160.375, 86.625, 1.3907489396177119e-22, nan 
-160.125, 86.625, 1.438737715701941e-22, nan 
-159.875, 86.625, 1.4495157742446925e-22, nan 
-159.625, 86.625, 1.367003863640445e-22, nan 
-159.375, 86.625, 1.3073635087021973e-22, nan 
-159.125, 86.625, 1.2001092134838568e-22, nan 
-158.875, 86.625, 1.187648514209607e-22, nan 
-158.625, 86.625, 1.1018761996831908e-22, nan 
-158.375, 86.625, 1.1005093748005604e-22, nan 
-158.125, 86.625, 1.1225317592731779e-22, nan 
-157.875, 86.625, 1.1075542277172106e-22, nan 
-157.625, 86.625, 1.0958854637060782e-22, nan 
-157.375, 86.625, 1.0921753647488849e-22, nan 
-157.125, 86.625, 1.0941103218523042e-22, nan 
-156.875, 86.625, 1.1524033965138475e-22, nan 
-156.625, 86.625, 1.102999447631074e-22, nan 
-156.375, 86.625, 1.0916275747074777e-22, nan 
-156.125, 86.625, 1.095723206400326e-22, nan 
-155.875, 86.625, 1.0988049815033013e-22, nan 
-155.625, 86.625, 1.1117656577840602e-22, nan 
-155.375, 86.625, 1.0760943540244263e-22, nan 
-155.125, 86.625, 1.0378348280863957e-22, nan 
-154.875, 86.625, 9.259771808402712e-23, nan 
-154.625, 86.625, 8.541778955830719e-23, nan 
-154.375, 86.625, 7.56037491794153e-23, nan 
-154.125, 86.625, 6.871222060625843e-23, nan 
-153.875, 86.625, 6.797162034321988e-23, nan 
-153.625, 86.625, 6.60626648497988e-23, nan 
-153.375, 86.625, 6.615133365628084e-23, nan 
-153.125, 86.625, 6.830787566152585e-23, nan 
-152.875, 86.625, 6.982628325179998e-23, nan 
-152.625, 86.625, 7.720834909093022e-23, nan 
-152.375, 86.625, 7.30459681732119e-23, nan 
-152.125, 86.625, 7.305638330364e-23, nan 
-151.875, 86.625, 7.596190170237074e-23, nan 
-151.625, 86.625, 7.243208617852993e-23, nan 
-151.375, 86.625, 7.150728315316135e-23, nan 
-151.125, 86.625, 7.22465187668704e-23, nan 
-150.875, 86.625, 7.303069809086386e-23, nan 
-150.625, 86.625, 7.454330914805242e-23, nan 
-150.375, 86.625, 7.574570741942467e-23, nan 
-150.125, 86.625, 7.546791020947518e-23, nan 
-149.875, 86.625, 7.854290296259572e-23, nan 
-149.625, 86.625, 7.974701270974202e-23, nan 
-149.375, 86.625, 7.721477240617374e-23, nan 
-149.125, 86.625, 7.576858165570719e-23, nan 
-148.875, 86.625, 8.052422156687642e-23, nan 
-148.625, 86.625, 9.152727668149432e-23, nan 
-148.375, 86.625, 1.0249179430424129e-22, nan 
-148.125, 86.625, 1.100664069185293e-22, nan 
-147.875, 86.625, 1.1139895984707988e-22, nan 
-147.625, 86.625, 1.1133229914670125e-22, nan 
-147.375, 86.625, 1.115996435152232e-22, nan 
-147.125, 86.625, 1.1017238737678772e-22, nan 
-146.875, 86.625, 1.1115256158093863e-22, nan 
-146.625, 86.625, 9.116946918610014e-23, nan 
-146.375, 86.625, 7.619154054745178e-23, nan 
-146.125, 86.625, 7.206804992508314e-23, nan 
-145.875, 86.625, 6.394158159828466e-23, nan 
-145.625, 86.625, 5.253805002342988e-23, nan 
-145.375, 86.625, 5.271838544927486e-23, nan 
-145.125, 86.625, 4.640211842319879e-23, nan 
-144.875, 86.625, 3.6594586237526384e-23, nan 
-144.625, 86.625, 2.774261649405338e-23, nan 
-144.375, 86.625, 2.22173304524841e-23, nan 
-144.125, 86.625, 1.8843896582109958e-23, nan 
-143.875, 86.625, 1.7249332824096832e-23, nan 
-143.625, 86.625, 1.7459660563614936e-23, nan 
-143.375, 86.625, 1.9026268745437486e-23, nan 
-143.125, 86.625, 2.1440838638973146e-23, nan 
-142.875, 86.625, 2.4820618400954494e-23, nan 
-142.625, 86.625, 2.875679941466055e-23, nan 
-142.375, 86.625, 3.2357014922496596e-23, nan 
-142.125, 86.625, 3.491392414072112e-23, nan 
-141.875, 86.625, 3.769389165180198e-23, nan 
-141.625, 86.625, 4.1131293791473495e-23, nan 
-141.375, 86.625, 4.419170250711149e-23, nan 
-141.125, 86.625, 4.7719893878729797e-23, nan 
-140.875, 86.625, 5.0886487160118185e-23, nan 
-140.625, 86.625, 5.510396157663068e-23, nan 
-140.375, 86.625, 6.110673266242189e-23, nan 
-140.125, 86.625, 6.766443091323478e-23, nan 
-139.875, 86.625, 7.580123060010291e-23, nan 
-139.625, 86.625, 8.791549682589985e-23, nan 
-139.375, 86.625, 9.533216638982754e-23, nan 
-139.125, 86.625, 9.546207078973708e-23, nan 
-138.875, 86.625, 9.539115040182155e-23, nan 
-138.625, 86.625, 9.438668988940878e-23, nan 
-138.375, 86.625, 9.521138813526451e-23, nan 
-138.125, 86.625, 9.646722809139153e-23, nan 
-137.875, 86.625, 9.691392415885174e-23, nan 
-137.625, 86.625, 9.270788825617401e-23, nan 
-137.375, 86.625, 7.979350026317987e-23, nan 
-137.125, 86.625, 6.093952606488963e-23, nan 
-136.875, 86.625, 6.253026523504727e-23, nan 
-136.625, 86.625, 7.831729982007144e-23, nan 
-136.375, 86.625, 9.364325840995361e-23, nan 
-136.125, 86.625, 1.0653354032370845e-22, nan 
-135.875, 86.625, 1.2586214330183762e-22, nan 
-135.625, 86.625, 1.5922399917652457e-22, nan 
-135.375, 86.625, 2.051566584036708e-22, nan 
-135.125, 86.625, 2.3767565708654273e-22, nan 
-134.875, 86.625, 2.4787867278475007e-22, nan 
-134.625, 86.625, 2.539391798175348e-22, nan 
-134.375, 86.625, 2.5708720127246595e-22, nan 
-134.125, 86.625, 2.6347646010552615e-22, nan 
-133.875, 86.625, 2.689933727946739e-22, nan 
-133.625, 86.625, 2.7122951546519966e-22, nan 
-133.375, 86.625, 2.6252015713464934e-22, nan 
-133.125, 86.625, 2.3491624201449853e-22, nan 
-132.875, 86.625, 1.8560542344707793e-22, nan 
-132.625, 86.625, 1.6152810753985114e-22, nan 
-132.375, 86.625, 1.7094195345414831e-22, nan 
-132.125, 86.625, 1.835104197737083e-22, nan 
-131.875, 86.625, 1.9272852064587122e-22, nan 
-131.625, 86.625, 2.0185339033386096e-22, nan 
-131.375, 86.625, 2.1295527231874226e-22, nan 
-131.125, 86.625, 2.3046829761904275e-22, nan 
-130.875, 86.625, 2.3929170322601895e-22, nan 
-130.625, 86.625, 2.386610298918944e-22, nan 
-130.375, 86.625, 2.42609655295654e-22, nan 
-130.125, 86.625, 2.2541518155625706e-22, nan 
-129.875, 86.625, 2.1024842939757833e-22, nan 
-129.625, 86.625, 1.9959514478960564e-22, nan 
-129.375, 86.625, 1.9229447510638777e-22, nan 
-129.125, 86.625, 1.8634867774987472e-22, nan 
-128.875, 86.625, 1.6849974661857067e-22, nan 
-128.625, 86.625, 1.2923346360045346e-22, nan 
-128.375, 86.625, 9.087157522085447e-23, nan 
-128.125, 86.625, 6.064869596615636e-23, nan 
-127.875, 86.625, 4.748865966003901e-23, nan 
-127.625, 86.625, 4.3086340269985674e-23, nan 
-127.375, 86.625, 3.6969768462521394e-23, nan 
-127.125, 86.625, 3.5501207478427755e-23, nan 
-126.875, 86.625, 3.4002160454661264e-23, nan 
-126.625, 86.625, 3.3586984285295625e-23, nan 
-126.375, 86.625, 3.317429507407093e-23, nan 
-126.125, 86.625, 3.4449795567603324e-23, nan 
-125.875, 86.625, 3.6105466267471537e-23, nan 
-125.625, 86.625, 3.794109012194768e-23, nan 
-125.375, 86.625, 3.925276270804398e-23, nan 
-125.125, 86.625, 4.044451165288568e-23, nan 
-124.875, 86.625, 4.063556560359116e-23, nan 
-124.625, 86.625, 4.065990125000602e-23, nan 
-124.375, 86.625, 4.070701880709692e-23, nan 
-124.125, 86.625, 4.082094433381022e-23, nan 
-123.875, 86.625, 4.021549499456548e-23, nan 
-123.625, 86.625, 4.0267248639652564e-23, nan 
-123.375, 86.625, 4.099725704106581e-23, nan 
-123.125, 86.625, 4.1458487199729846e-23, nan 
-122.875, 86.625, 4.233333583294314e-23, nan 
-122.625, 86.625, 4.3025369888841163e-23, nan 
-122.375, 86.625, 4.3743537165449867e-23, nan 
-122.125, 86.625, 4.279547872111067e-23, nan 
-121.875, 86.625, 4.2969567384666147e-23, nan 
-121.625, 86.625, 4.414313986191968e-23, nan 
-121.375, 86.625, 4.450215641805296e-23, nan 
-121.125, 86.625, 4.466156421056789e-23, nan 
-120.875, 86.625, 4.572638796159192e-23, nan 
-120.625, 86.625, 4.605087157827456e-23, nan 
-120.375, 86.625, 4.5571374564481735e-23, nan 
-120.125, 86.625, 4.603673918642994e-23, nan 
-119.875, 86.625, 4.623030610060318e-23, nan 
-119.625, 86.625, 4.5599049134243523e-23, nan 
-119.375, 86.625, 4.590220995123629e-23, nan 
-119.125, 86.625, 4.630545215494071e-23, nan 
-118.875, 86.625, 4.643201037180607e-23, nan 
-118.625, 86.625, 4.735994564219898e-23, nan 
-118.375, 86.625, 4.6872299611119915e-23, nan 
-118.125, 86.625, 4.601949597830417e-23, nan 
-117.875, 86.625, 4.207862055078735e-23, nan 
-117.625, 86.625, 3.9408272428012106e-23, nan 
-117.375, 86.625, 3.8142141340680865e-23, nan 
-117.125, 86.625, 4.4503158628344525e-23, nan 
-116.875, 86.625, 4.828154062537504e-23, nan 
-116.625, 86.625, 4.950638885695597e-23, nan 
-116.375, 86.625, 5.1909886584579833e-23, nan 
-116.125, 86.625, 5.612840025016075e-23, nan 
-115.875, 86.625, 6.848789737880639e-23, nan 
-115.625, 86.625, 7.763760868541887e-23, nan 
-115.375, 86.625, 8.122413512861481e-23, nan 
-115.125, 86.625, 7.624384730957561e-23, nan 
-114.875, 86.625, 6.939517417248092e-23, nan 
-114.625, 86.625, 6.005873056153885e-23, nan 
-114.375, 86.625, 4.993949253438837e-23, nan 
-114.125, 86.625, 4.724538131078926e-23, nan 
-113.875, 86.625, 4.7095985016845886e-23, nan 
-113.625, 86.625, 4.7574551183268456e-23, nan 
-113.375, 86.625, 5.321041106127363e-23, nan 
-113.125, 86.625, 4.670828023211582e-23, nan 
-112.875, 86.625, 5.142133473193838e-23, nan 
-112.625, 86.625, 8.663245784220652e-23, nan 
-112.375, 86.625, 1.0503767354247964e-22, nan 
-112.125, 86.625, 1.2630288679578765e-22, nan 
-111.875, 86.625, 1.525110220419671e-22, nan 
-111.625, 86.625, 1.9103234490350858e-22, nan 
-111.375, 86.625, 2.201236532454013e-22, nan 
-111.125, 86.625, 2.3769201060115435e-22, nan 
-110.875, 86.625, 2.3834819822814367e-22, nan 
-110.625, 86.625, 2.3008876198434593e-22, nan 
-110.375, 86.625, 2.196621394647426e-22, nan 
-110.125, 86.625, 2.221927976280829e-22, nan 
-109.875, 86.625, 2.2233303601698967e-22, nan 
-109.625, 86.625, 2.231970482421279e-22, nan 
-109.375, 86.625, 2.2885072120484596e-22, nan 
-109.125, 86.625, 2.3634461000252683e-22, nan 
-108.875, 86.625, 2.3254406612507377e-22, nan 
-108.625, 86.625, 1.8686539959595194e-22, nan 
-108.375, 86.625, 1.8656508443412844e-22, nan 
-108.125, 86.625, 2.0100914254027188e-22, nan 
-107.875, 86.625, 2.24008384310107e-22, nan 
-107.625, 86.625, 2.4002453410033064e-22, nan 
-107.375, 86.625, 2.6628141557651477e-22, nan 
-107.125, 86.625, 2.8592793749861376e-22, nan 
-106.875, 86.625, 2.954660293027175e-22, nan 
-106.625, 86.625, 2.7560810974206357e-22, nan 
-106.375, 86.625, 2.49664806750001e-22, nan 
-106.125, 86.625, 2.348986883284607e-22, nan 
-105.875, 86.625, 2.2374169529589163e-22, nan 
-105.625, 86.625, 2.191490677626856e-22, nan 
-105.375, 86.625, 2.1451099059929894e-22, nan 
-105.125, 86.625, 2.146670858953664e-22, nan 
-104.875, 86.625, 2.151686663725758e-22, nan 
-104.625, 86.625, 2.1044149583152066e-22, nan 
-104.375, 86.625, 1.6936787755532317e-22, nan 
-104.125, 86.625, 1.3698734633227238e-22, nan 
-103.875, 86.625, 1.252526832632407e-22, nan 
-103.625, 86.625, 1.2188710844698298e-22, nan 
-103.375, 86.625, 1.2122329268627502e-22, nan 
-103.125, 86.625, 1.1765984459211076e-22, nan 
-102.875, 86.625, 1.1465626928215046e-22, nan 
-102.625, 86.625, 1.084494980126812e-22, nan 
-102.375, 86.625, 1.081698082425238e-22, nan 
-102.125, 86.625, 1.0702655701548632e-22, nan 
-101.875, 86.625, 1.0470612396554615e-22, nan 
-101.625, 86.625, 1.0383926148514324e-22, nan 
-101.375, 86.625, 1.0471604776433317e-22, nan 
-101.125, 86.625, 1.0583646619693274e-22, nan 
-100.875, 86.625, 1.0596750856190324e-22, nan 
-100.625, 86.625, 1.0917460939904864e-22, nan 
-100.375, 86.625, 1.1003150029486004e-22, nan 
-100.125, 86.625, 1.1050002600053859e-22, nan 
-99.875, 86.625, 1.1332928524632193e-22, nan 
-99.625, 86.625, 1.1467590629828674e-22, nan 
-99.375, 86.625, 1.169664071462872e-22, nan 
-99.125, 86.625, 1.1993446410748235e-22, nan 
-98.875, 86.625, 1.2446259861833035e-22, nan 
-98.625, 86.625, 1.3016907194993304e-22, nan 
-98.375, 86.625, 1.3075351464873471e-22, nan 
-98.125, 86.625, 1.3042655154205393e-22, nan 
-97.875, 86.625, 1.2772600710190388e-22, nan 
-97.625, 86.625, 1.2387217414642645e-22, nan 
-97.375, 86.625, 1.2284650355707879e-22, nan 
-97.125, 86.625, 1.2084195868305545e-22, nan 
-96.875, 86.625, 1.1633686057839804e-22, nan 
-96.625, 86.625, 1.093630027040708e-22, nan 
-96.375, 86.625, 1.0640499898943947e-22, nan 
-96.125, 86.625, 1.1090753798814367e-22, nan 
-95.875, 86.625, 1.106925980301418e-22, nan 
-95.625, 86.625, 1.0752185310592784e-22, nan 
-95.375, 86.625, 9.827927212776285e-23, nan 
-95.125, 86.625, 1.0150543205402887e-22, nan 
-94.875, 86.625, 9.297604916219198e-23, nan 
-94.625, 86.625, 9.233012764879735e-23, nan 
-94.375, 86.625, 8.753356485263164e-23, nan 
-94.125, 86.625, 9.049194301253787e-23, nan 
-93.875, 86.625, 9.241176499797905e-23, nan 
-93.625, 86.625, 9.63487999268439e-23, nan 
-93.375, 86.625, 9.373497229433124e-23, nan 
-93.125, 86.625, 9.79894178149271e-23, nan 
-92.875, 86.625, 1.033935429357572e-22, nan 
-92.625, 86.625, 1.084961708605067e-22, nan 
-92.375, 86.625, 1.0461513407380067e-22, nan 
-92.125, 86.625, 9.689970881834644e-23, nan 
-91.875, 86.625, 9.064326972978717e-23, nan 
-91.625, 86.625, 8.699405123045793e-23, nan 
-91.375, 86.625, 8.04665998181417e-23, nan 
-91.125, 86.625, 7.439655734276816e-23, nan 
-90.875, 86.625, 6.809038011019473e-23, nan 
-90.625, 86.625, 5.79825725604755e-23, nan 
-90.375, 86.625, 5.313450616963467e-23, nan 
-90.125, 86.625, 5.458227931719533e-23, nan 
-89.875, 86.625, 6.713067151493327e-23, nan 
-89.625, 86.625, 7.435900940826126e-23, nan 
-89.375, 86.625, 8.622037181682027e-23, nan 
-89.125, 86.625, 9.706824127470851e-23, nan 
-88.875, 86.625, 1.1105719652556387e-22, nan 
-88.625, 86.625, 1.2321368238849268e-22, nan 
-88.375, 86.625, 1.2456964720501264e-22, nan 
-88.125, 86.625, 1.2482344743467866e-22, nan 
-87.875, 86.625, 1.2156817121781666e-22, nan 
-87.625, 86.625, 1.1970801238408375e-22, nan 
-87.375, 86.625, 1.1102766156592092e-22, nan 
-87.125, 86.625, 1.0718960845763097e-22, nan 
-86.875, 86.625, 1.0641994381509616e-22, nan 
-86.625, 86.625, 1.079997758626173e-22, nan 
-86.375, 86.625, 1.1078841174092834e-22, nan 
-86.125, 86.625, 1.1491962704289526e-22, nan 
-85.875, 86.625, 1.1133436873055362e-22, nan 
-85.625, 86.625, 1.1086188787745363e-22, nan 
-85.375, 86.625, 1.1474576738968712e-22, nan 
-85.125, 86.625, 1.0752891775616631e-22, nan 
-84.875, 86.625, 1.0528037980197059e-22, nan 
-84.625, 86.625, 1.0945993878791318e-22, nan 
-84.375, 86.625, 1.1200026549545536e-22, nan 
-84.125, 86.625, 1.1109759484369646e-22, nan 
-83.875, 86.625, 1.089476913852815e-22, nan 
-83.625, 86.625, 1.1482848019335442e-22, nan 
-83.375, 86.625, 1.0953329071326863e-22, nan 
-83.125, 86.625, 1.235032749800127e-22, nan 
-82.875, 86.625, 1.4170983065589158e-22, nan 
-82.625, 86.625, 1.4507167027619386e-22, nan 
-82.375, 86.625, 1.386063636125312e-22, nan 
-82.125, 86.625, 1.914287111739891e-22, nan 
-81.875, 86.625, 2.5754917912924143e-22, nan 
-81.625, 86.625, 3.413385391146808e-22, nan 
-81.375, 86.625, 3.549813345400575e-22, nan 
-81.125, 86.625, 4.059482715706569e-22, nan 
-80.875, 86.625, 4.306897026475155e-22, nan 
-80.625, 86.625, 4.1984713887748876e-22, nan 
-80.375, 86.625, 4.281106466994905e-22, nan 
-80.125, 86.625, 4.317633515149468e-22, nan 
-79.875, 86.625, 4.308301183121105e-22, nan 
-79.625, 86.625, 4.315119834358479e-22, nan 
-79.375, 86.625, 4.374040623263673e-22, nan 
-79.125, 86.625, 4.280715955980407e-22, nan 
-78.875, 86.625, 4.2032601108900373e-22, nan 
-78.625, 86.625, 4.267703035259194e-22, nan 
-78.375, 86.625, 4.32382922811956e-22, nan 
-78.125, 86.625, 4.402778194726849e-22, nan 
-77.875, 86.625, 4.3393812536758175e-22, nan 
-77.625, 86.625, 4.247488095719864e-22, nan 
-77.375, 86.625, 4.307946597251058e-22, nan 
-77.125, 86.625, 4.386653112195804e-22, nan 
-76.875, 86.625, 4.528900188096868e-22, nan 
-76.625, 86.625, 4.606117108876176e-22, nan 
-76.375, 86.625, 4.6994826138912e-22, nan 
-76.125, 86.625, 4.723927545459502e-22, nan 
-75.875, 86.625, 4.811343440959637e-22, nan 
-75.625, 86.625, 4.751646525515091e-22, nan 
-75.375, 86.625, 4.557798071333872e-22, nan 
-75.125, 86.625, 4.353891866809445e-22, nan 
-74.875, 86.625, 4.2236161630490753e-22, nan 
-74.625, 86.625, 4.1382957129266966e-22, nan 
-74.375, 86.625, 3.9751053352467595e-22, nan 
-74.125, 86.625, 3.9437717298574927e-22, nan 
-73.875, 86.625, 4.036167422304859e-22, nan 
-73.625, 86.625, 4.315303512085981e-22, nan 
-73.375, 86.625, 4.740261280262213e-22, nan 
-73.125, 86.625, 5.150186598237733e-22, nan 
-72.875, 86.625, 5.357603322643121e-22, nan 
-72.625, 86.625, 5.427341057167619e-22, nan 
-72.375, 86.625, 5.466406414774776e-22, nan 
-72.125, 86.625, 5.831718324101207e-22, nan 
-71.875, 86.625, 5.904028095490678e-22, nan 
-71.625, 86.625, 6.161786873086462e-22, nan 
-71.375, 86.625, 6.067776270624275e-22, nan 
-71.125, 86.625, 6.0825641836622045e-22, nan 
-70.875, 86.625, 5.957945534977243e-22, nan 
-70.625, 86.625, 5.66895295986277e-22, nan 
-70.375, 86.625, 5.319716583564171e-22, nan 
-70.125, 86.625, 4.909819192114508e-22, nan 
-69.875, 86.625, 4.6927773676660655e-22, nan 
-69.625, 86.625, 4.365201886363996e-22, nan 
-69.375, 86.625, 4.0965557392959256e-22, nan 
-69.125, 86.625, 4.28507928035143e-22, nan 
-68.875, 86.625, 4.779852778630242e-22, nan 
-68.625, 86.625, 5.173378009970068e-22, nan 
-68.375, 86.625, 5.495214605511192e-22, nan 
-68.125, 86.625, 6.006790378231239e-22, nan 
-67.875, 86.625, 7.369715055730334e-22, nan 
-67.625, 86.625, 7.87718399480201e-22, nan 
-67.375, 86.625, 8.837491332832948e-22, nan 
-67.125, 86.625, 8.970522813891197e-22, nan 
-66.875, 86.625, 9.38368831099153e-22, nan 
-66.625, 86.625, 9.747311336469048e-22, nan 
-66.375, 86.625, 9.758054114139788e-22, nan 
-66.125, 86.625, 9.814692585304254e-22, nan 
-65.875, 86.625, 9.601590419724721e-22, nan 
-65.625, 86.625, 9.616471220789295e-22, nan 
-65.375, 86.625, 9.426547468998696e-22, nan 
-65.125, 86.625, 9.085437485108037e-22, nan 
-64.875, 86.625, 8.914985299120915e-22, nan 
-64.625, 86.625, 8.997825393683377e-22, nan 
-64.375, 86.625, 8.924148278570983e-22, nan 
-64.125, 86.625, 8.640727614407855e-22, nan 
-63.875, 86.625, 7.937692191390298e-22, nan 
-63.625, 86.625, 7.465805320735752e-22, nan 
-63.375, 86.625, 7.021907819205899e-22, nan 
-63.125, 86.625, 6.805824014532053e-22, nan 
-62.875, 86.625, 6.120509941969516e-22, nan 
-62.625, 86.625, 5.82632180277893e-22, nan 
-62.375, 86.625, 5.554663322824147e-22, nan 
-62.125, 86.625, 4.775401403456858e-22, nan 
-61.875, 86.625, 3.774115772024279e-22, nan 
-61.625, 86.625, 3.300993688866016e-22, nan 
-61.375, 86.625, 3.265193009984197e-22, nan 
-61.125, 86.625, 2.509618073336043e-22, nan 
-60.875, 86.625, 2.2694698763843817e-22, nan 
-60.625, 86.625, 2.457855591404907e-22, nan 
-60.375, 86.625, 2.8879257254303404e-22, nan 
-60.125, 86.625, 2.899113915464984e-22, nan 
-59.875, 86.625, 2.9527762597698554e-22, nan 
-59.625, 86.625, 2.9919345459073417e-22, nan 
-59.375, 86.625, 3.1573297453956205e-22, nan 
-59.125, 86.625, 3.39427521642762e-22, nan 
-58.875, 86.625, 3.496863949832377e-22, nan 
-58.625, 86.625, 3.9232830227014387e-22, nan 
-58.375, 86.625, 4.0562729846203426e-22, nan 
-58.125, 86.625, 4.246223266091248e-22, nan 
-57.875, 86.625, 4.5046598570407825e-22, nan 
-57.625, 86.625, 4.647107400644078e-22, nan 
-57.375, 86.625, 4.849710563880602e-22, nan 
-57.125, 86.625, 4.729501718356913e-22, nan 
-56.875, 86.625, 4.700873041702126e-22, nan 
-56.625, 86.625, 4.765863954387973e-22, nan 
-56.375, 86.625, 4.913517707205873e-22, nan 
-56.125, 86.625, 5.113057388111192e-22, nan 
-55.875, 86.625, 5.345360120542625e-22, nan 
-55.625, 86.625, 5.591937035584324e-22, nan 
-55.375, 86.625, 5.860797739337314e-22, nan 
-55.125, 86.625, 6.313986959209767e-22, nan 
-54.875, 86.625, 6.877756258960242e-22, nan 
-54.625, 86.625, 7.376965619988349e-22, nan 
-54.375, 86.625, 7.9664335528777005e-22, nan 
-54.125, 86.625, 8.657092206675939e-22, nan 
-53.875, 86.625, 9.344622062327694e-22, nan 
-53.625, 86.625, 9.955069246138361e-22, nan 
-53.375, 86.625, 1.0616079743617276e-21, nan 
-53.125, 86.625, 1.1020112136811312e-21, nan 
-52.875, 86.625, 1.1183145411763694e-21, nan 
-52.625, 86.625, 1.1251861405521585e-21, nan 
-52.375, 86.625, 1.1588226071000835e-21, nan 
-52.125, 86.625, 1.2274173197545637e-21, nan 
-51.875, 86.625, 1.324850677996587e-21, nan 
-51.625, 86.625, 1.3901889896620379e-21, nan 
-51.375, 86.625, 1.4407459543400093e-21, nan 
-51.125, 86.625, 1.4779138957726633e-21, nan 
-50.875, 86.625, 1.46504622928747e-21, nan 
-50.625, 86.625, 1.5004155236448598e-21, nan 
-50.375, 86.625, 1.6356867159147019e-21, nan 
-50.125, 86.625, 1.8521741432566124e-21, nan 
-49.875, 86.625, 2.2903958844085415e-21, nan 
-49.625, 86.625, 2.581868632487238e-21, nan 
-49.375, 86.625, 2.548064778211744e-21, nan 
-49.125, 86.625, 2.4719032396261763e-21, nan 
-48.875, 86.625, 2.5108369187641972e-21, nan 
-48.625, 86.625, 2.519038571238112e-21, nan 
-48.375, 86.625, 2.5108694562894003e-21, nan 
-48.125, 86.625, 2.5192200381198356e-21, nan 
-47.875, 86.625, 2.4930922924342613e-21, nan 
-47.625, 86.625, 2.4807880433942648e-21, nan 
-47.375, 86.625, 2.5346429706514006e-21, nan 
-47.125, 86.625, 2.5279351766024985e-21, nan 
-46.875, 86.625, 2.4080166820969532e-21, nan 
-46.625, 86.625, 2.3403024678664223e-21, nan 
-46.375, 86.625, 2.3802343178951612e-21, nan 
-46.125, 86.625, 2.127369241621509e-21, nan 
-45.875, 86.625, 2.020525354520403e-21, nan 
-45.625, 86.625, 2.5439457777331793e-21, nan 
-45.375, 86.625, 3.135879778740029e-21, nan 
-45.125, 86.625, 3.0832277070302997e-21, nan 
-44.875, 86.625, 3.035270737206626e-21, nan 
-44.625, 86.625, 3.084186483250617e-21, nan 
-44.375, 86.625, 3.1462275785363097e-21, nan 
-44.125, 86.625, 3.1889715115545743e-21, nan 
-43.875, 86.625, 3.220975704976289e-21, nan 
-43.625, 86.625, 3.2287963889485054e-21, nan 
-43.375, 86.625, 3.3001120419977648e-21, nan 
-43.125, 86.625, 3.44356409076378e-21, nan 
-42.875, 86.625, 3.5254997747245635e-21, nan 
-42.625, 86.625, 3.388464617707738e-21, nan 
-42.375, 86.625, 3.341595731284261e-21, nan 
-42.125, 86.625, 3.475686793748329e-21, nan 
-41.875, 86.625, 3.3331263455631693e-21, nan 
-41.625, 86.625, 3.2349373582870235e-21, nan 
-41.375, 86.625, 2.9919312363838825e-21, nan 
-41.125, 86.625, 2.986221603802646e-21, nan 
-40.875, 86.625, 2.9374451334970975e-21, nan 
-40.625, 86.625, 3.0321202660826145e-21, nan 
-40.375, 86.625, 3.1573506225295288e-21, nan 
-40.125, 86.625, 3.134314407859882e-21, nan 
-39.875, 86.625, 3.217629270131478e-21, nan 
-39.625, 86.625, 3.238712216498991e-21, nan 
-39.375, 86.625, 3.343712648191586e-21, nan 
-39.125, 86.625, 3.1916623694062436e-21, nan 
-38.875, 86.625, 3.104093415606225e-21, nan 
-38.625, 86.625, 2.965020031158237e-21, nan 
-38.375, 86.625, 2.8747083362770725e-21, nan 
-38.125, 86.625, 2.9235801324996202e-21, nan 
-37.875, 86.625, 2.8423082844821735e-21, nan 
-37.625, 86.625, 2.705149285670712e-21, nan 
-37.375, 86.625, 2.6115663302800105e-21, nan 
-37.125, 86.625, 2.5872585646863194e-21, nan 
-36.875, 86.625, 2.5559333408733013e-21, nan 
-36.625, 86.625, 2.5270907740237214e-21, nan 
-36.375, 86.625, 2.5071521465537306e-21, nan 
-36.125, 86.625, 2.515588946306512e-21, nan 
-35.875, 86.625, 2.5148019455706514e-21, nan 
-35.625, 86.625, 2.5077726431580847e-21, nan 
-35.375, 86.625, 2.4967421762999127e-21, nan 
-35.125, 86.625, 2.4180444129853224e-21, nan 
-34.875, 86.625, 2.3782850435072347e-21, nan 
-34.625, 86.625, 2.300481771001215e-21, nan 
-34.375, 86.625, 2.244689342311154e-21, nan 
-34.125, 86.625, 2.160623700767993e-21, nan 
-33.875, 86.625, 2.185785863032682e-21, nan 
-33.625, 86.625, 2.1844218332014743e-21, nan 
-33.375, 86.625, 2.1371617275454136e-21, nan 
-33.125, 86.625, 2.064801285994002e-21, nan 
-32.875, 86.625, 1.9805525281123513e-21, nan 
-32.625, 86.625, 1.984465649787785e-21, nan 
-32.375, 86.625, 1.8291726579929498e-21, nan 
-32.125, 86.625, 1.6190296145859469e-21, nan 
-31.875, 86.625, 1.362890609368731e-21, nan 
-31.625, 86.625, 1.145803598114158e-21, nan 
-31.375, 86.625, 9.55011029041412e-22, nan 
-31.125, 86.625, 8.628335889477474e-22, nan 
-30.875, 86.625, 8.255884546331786e-22, nan 
-30.625, 86.625, 7.982159812327913e-22, nan 
-30.375, 86.625, 8.544601591395571e-22, nan 
-30.125, 86.625, 8.383473151211562e-22, nan 
-29.875, 86.625, 7.761778131392789e-22, nan 
-29.625, 86.625, 8.04866794669188e-22, nan 
-29.375, 86.625, 7.932736297795126e-22, nan 
-29.125, 86.625, 7.763253803215881e-22, nan 
-28.875, 86.625, 7.534900759885996e-22, nan 
-28.625, 86.625, 7.362683315622148e-22, nan 
-28.375, 86.625, 7.251975231019775e-22, nan 
-28.125, 86.625, 7.510753445976841e-22, nan 
-27.875, 86.625, 7.452737412005646e-22, nan 
-27.625, 86.625, 7.539661139289015e-22, nan 
-27.375, 86.625, 9.183924016436962e-22, nan 
-27.125, 86.625, 9.591408464548807e-22, nan 
-26.875, 86.625, 1.0885313522202045e-21, nan 
-26.625, 86.625, 1.123404218971971e-21, nan 
-26.375, 86.625, 1.1891415634662746e-21, nan 
-26.125, 86.625, 1.3864829376441327e-21, nan 
-25.875, 86.625, 1.3862876555551144e-21, nan 
-25.625, 86.625, 1.2871029770202855e-21, nan 
-25.375, 86.625, 1.3543491243600187e-21, nan 
-25.125, 86.625, 1.3462066918383185e-21, nan 
-24.875, 86.625, 1.313918431781231e-21, nan 
-24.625, 86.625, 1.3010655513893544e-21, nan 
-24.375, 86.625, 1.28061530056396e-21, nan 
-24.125, 86.625, 1.2336377593560957e-21, nan 
-23.875, 86.625, 1.2692082368938282e-21, nan 
-23.625, 86.625, 1.2092796744306098e-21, nan 
-23.375, 86.625, 1.183440133261008e-21, nan 
-23.125, 86.625, 1.2115003852386442e-21, nan 
-22.875, 86.625, 1.3041258757183736e-21, nan 
-22.625, 86.625, 1.4096866535512464e-21, nan 
-22.375, 86.625, 1.552461183307925e-21, nan 
-22.125, 86.625, 1.7080959918479304e-21, nan 
-21.875, 86.625, 1.8103590357502563e-21, nan 
-21.625, 86.625, 1.9796744291194793e-21, nan 
-21.375, 86.625, 2.0932347723633366e-21, nan 
-21.125, 86.625, 2.2282139905179122e-21, nan 
-20.875, 86.625, 2.3222399195978813e-21, nan 
-20.625, 86.625, 2.382055976238377e-21, nan 
-20.375, 86.625, 2.522816445320154e-21, nan 
-20.125, 86.625, 2.5681536482689815e-21, nan 
-19.875, 86.625, 2.6769623485563052e-21, nan 
-19.625, 86.625, 2.810019398507398e-21, nan 
-19.375, 86.625, 2.9464508425560022e-21, nan 
-19.125, 86.625, 3.0901199728139116e-21, nan 
-18.875, 86.625, 3.2249823320066978e-21, nan 
-18.625, 86.625, 3.2784729135726994e-21, nan 
-18.375, 86.625, 3.302417881377411e-21, nan 
-18.125, 86.625, 3.286409931567834e-21, nan 
-17.875, 86.625, 3.2580140187104016e-21, nan 
-17.625, 86.625, 3.271553615305551e-21, nan 
-17.375, 86.625, 3.2511474319388396e-21, nan 
-17.125, 86.625, 3.185187038876344e-21, nan 
-16.875, 86.625, 3.0695871006788112e-21, nan 
-16.625, 86.625, 2.971341246270736e-21, nan 
-16.375, 86.625, 2.8203000915167677e-21, nan 
-16.125, 86.625, 2.739693686705777e-21, nan 
-15.875, 86.625, 2.6394176662545677e-21, nan 
-15.625, 86.625, 2.4166454492347726e-21, nan 
-15.375, 86.625, 2.412092643353332e-21, nan 
-15.125, 86.625, 2.601559601390997e-21, nan 
-14.875, 86.625, 2.77351073254062e-21, nan 
-14.625, 86.625, 2.9558078225007848e-21, nan 
-14.375, 86.625, 3.0188896872450452e-21, nan 
-14.125, 86.625, 3.0085191606285595e-21, nan 
-13.875, 86.625, 3.046770145303406e-21, nan 
-13.625, 86.625, 3.001769550600178e-21, nan 
-13.375, 86.625, 3.014537282520036e-21, nan 
-13.125, 86.625, 3.05865078707831e-21, nan 
-12.875, 86.625, 3.0446812230932835e-21, nan 
-12.625, 86.625, 3.0392267391501483e-21, nan 
-12.375, 86.625, 3.0184137064860304e-21, nan 
-12.125, 86.625, 2.95967135694838e-21, nan 
-11.875, 86.625, 2.8357409844023925e-21, nan 
-11.625, 86.625, 2.756895830568252e-21, nan 
-11.375, 86.625, 2.5272309775935962e-21, nan 
-11.125, 86.625, 2.379216288554886e-21, nan 
-10.875, 86.625, 2.0670516950773918e-21, nan 
-10.625, 86.625, 1.912291018247148e-21, nan 
-10.375, 86.625, 1.7594752568214018e-21, nan 
-10.125, 86.625, 1.7990688442534197e-21, nan 
-9.875, 86.625, 1.6297249493276103e-21, nan 
-9.625, 86.625, 1.6597042653943888e-21, nan 
-9.375, 86.625, 1.4282326891035762e-21, nan 
-9.125, 86.625, 1.5082663046071173e-21, nan 
-8.875, 86.625, 1.419207071971516e-21, nan 
-8.625, 86.625, 1.2886838840733127e-21, nan 
-8.375, 86.625, 1.1025885283285128e-21, nan 
-8.125, 86.625, 1.0358439171400098e-21, nan 
-7.875, 86.625, 9.027496454437416e-22, nan 
-7.625, 86.625, 7.209400509198248e-22, nan 
-7.375, 86.625, 6.163033569189519e-22, nan 
-7.125, 86.625, 5.528303814449201e-22, nan 
-6.875, 86.625, 5.263813918990607e-22, nan 
-6.625, 86.625, 5.14152034649015e-22, nan 
-6.375, 86.625, 4.932749922923378e-22, nan 
-6.125, 86.625, 4.444263330638338e-22, nan 
-5.875, 86.625, 4.403371198041281e-22, nan 
-5.625, 86.625, 4.364068087618536e-22, nan 
-5.375, 86.625, 4.349688608035566e-22, nan 
-5.125, 86.625, 4.408832671125944e-22, nan 
-4.875, 86.625, 4.497878351038515e-22, nan 
-4.625, 86.625, 4.381564415511521e-22, nan 
-4.375, 86.625, 4.333510363613969e-22, nan 
-4.125, 86.625, 4.0682649811665167e-22, nan 
-3.875, 86.625, 3.896360429403591e-22, nan 
-3.625, 86.625, 3.628082920321006e-22, nan 
-3.375, 86.625, 3.456639845320041e-22, nan 
-3.125, 86.625, 3.48556576001373e-22, nan 
-2.875, 86.625, 3.641699065298613e-22, nan 
-2.625, 86.625, 3.9852378757406337e-22, nan 
-2.375, 86.625, 4.464918277796605e-22, nan 
-2.125, 86.625, 4.888920990371862e-22, nan 
-1.875, 86.625, 4.979607492172905e-22, nan 
-1.625, 86.625, 5.3797141526472755e-22, nan 
-1.375, 86.625, 5.45490628712936e-22, nan 
-1.125, 86.625, 5.8099513886546515e-22, nan 
-0.875, 86.625, 6.262197219227586e-22, nan 
-0.625, 86.625, 6.451906675354198e-22, nan 
-0.375, 86.625, 6.551151969560482e-22, nan 
-0.125, 86.625, 6.520252646277813e-22, nan 
0.125, 86.625, 6.305108195593279e-22, nan 
0.375, 86.625, 5.942540037021578e-22, nan 
0.625, 86.625, 5.674287741565657e-22, nan 
0.875, 86.625, 5.296449310553058e-22, nan 
1.125, 86.625, 4.778843090751332e-22, nan 
1.375, 86.625, 4.261452788741747e-22, nan 
1.625, 86.625, 3.944944060819937e-22, nan 
1.875, 86.625, 3.3259461379212264e-22, nan 
2.125, 86.625, 2.5590302734457067e-22, nan 
2.375, 86.625, 2.168174528132288e-22, nan 
2.625, 86.625, 1.793738516153776e-22, nan 
2.875, 86.625, 1.5931695772159122e-22, nan 
3.125, 86.625, 1.5701608496287568e-22, nan 
3.375, 86.625, 1.9588334700820063e-22, nan 
3.625, 86.625, 2.24855658865252e-22, nan 
3.875, 86.625, 2.828700326517026e-22, nan 
4.125, 86.625, 3.714496170230656e-22, nan 
4.375, 86.625, 4.960719994701133e-22, nan 
4.625, 86.625, 5.647939860267769e-22, nan 
4.875, 86.625, 6.24120627176606e-22, nan 
5.125, 86.625, 6.926209256699957e-22, nan 
5.375, 86.625, 7.52694249619882e-22, nan 
5.625, 86.625, 7.982345401283864e-22, nan 
5.875, 86.625, 8.734655145429117e-22, nan 
6.125, 86.625, 9.634598519373897e-22, nan 
6.375, 86.625, 1.021298133264115e-21, nan 
6.625, 86.625, 1.0852840511628442e-21, nan 
6.875, 86.625, 1.093696936876461e-21, nan 
7.125, 86.625, 1.0850025378604318e-21, nan 
7.375, 86.625, 1.082710165569032e-21, nan 
7.625, 86.625, 1.1057871216563648e-21, nan 
7.875, 86.625, 1.1135043504416013e-21, nan 
8.125, 86.625, 1.0931242306937877e-21, nan 
8.375, 86.625, 1.0828494759818016e-21, nan 
8.625, 86.625, 1.082432191787103e-21, nan 
8.875, 86.625, 1.0889702329559206e-21, nan 
9.125, 86.625, 1.0844880559956882e-21, nan 
9.375, 86.625, 1.1147671706120772e-21, nan 
9.625, 86.625, 1.1545551541886082e-21, nan 
9.875, 86.625, 1.173572368186256e-21, nan 
10.125, 86.625, 1.057399602147873e-21, nan 
10.375, 86.625, 9.582160134944574e-22, nan 
10.625, 86.625, 9.45738471397941e-22, nan 
10.875, 86.625, 9.263880504011726e-22, nan 
11.125, 86.625, 9.15282800821476e-22, nan 
11.375, 86.625, 9.100634062467333e-22, nan 
11.625, 86.625, 9.156626296799825e-22, nan 
11.875, 86.625, 9.301492512630185e-22, nan 
12.125, 86.625, 9.342495407027229e-22, nan 
12.375, 86.625, 9.238604288674614e-22, nan 
12.625, 86.625, 9.27819243930525e-22, nan 
12.875, 86.625, 9.543433844633884e-22, nan 
13.125, 86.625, 9.894809630255206e-22, nan 
13.375, 86.625, 1.0140483664582353e-21, nan 
13.625, 86.625, 1.0335871790361438e-21, nan 
13.875, 86.625, 1.031623823631131e-21, nan 
14.125, 86.625, 1.0317849123923128e-21, nan 
14.375, 86.625, 9.763603680493802e-22, nan 
14.625, 86.625, 9.129923626299721e-22, nan 
14.875, 86.625, 8.947650238969028e-22, nan 
15.125, 86.625, 8.668417313157392e-22, nan 
15.375, 86.625, 8.560223334251198e-22, nan 
15.625, 86.625, 8.418416833744906e-22, nan 
15.875, 86.625, 8.229060759607326e-22, nan 
16.125, 86.625, 7.980609777135821e-22, nan 
16.375, 86.625, 7.82668977825321e-22, nan 
16.625, 86.625, 7.726841637467884e-22, nan 
16.875, 86.625, 7.72177618931746e-22, nan 
17.125, 86.625, 7.563101444645334e-22, nan 
17.375, 86.625, 7.610796797785509e-22, nan 
17.625, 86.625, 7.835049024569396e-22, nan 
17.875, 86.625, 8.131846133864013e-22, nan 
18.125, 86.625, 8.276065914242915e-22, nan 
18.375, 86.625, 8.05252277451856e-22, nan 
18.625, 86.625, 7.87707613541255e-22, nan 
18.875, 86.625, 7.692447954837663e-22, nan 
19.125, 86.625, 7.627909205969117e-22, nan 
19.375, 86.625, 7.622307492228031e-22, nan 
19.625, 86.625, 6.5998859104860175e-22, nan 
19.875, 86.625, 5.952412467010285e-22, nan 
20.125, 86.625, 5.38383676098268e-22, nan 
20.375, 86.625, 4.802432256111772e-22, nan 
20.625, 86.625, 4.236794633665662e-22, nan 
20.875, 86.625, 4.0961039652793734e-22, nan 
21.125, 86.625, 3.7110687835293275e-22, nan 
21.375, 86.625, 3.5086701481043596e-22, nan 
21.625, 86.625, 3.1901721764421137e-22, nan 
21.875, 86.625, 2.930447428474938e-22, nan 
22.125, 86.625, 2.8491974858506523e-22, nan 
22.375, 86.625, 2.5935254239048627e-22, nan 
22.625, 86.625, 2.3590648579326585e-22, nan 
22.875, 86.625, 2.318546513160251e-22, nan 
23.125, 86.625, 2.1916899463246124e-22, nan 
23.375, 86.625, 2.2273962772236287e-22, nan 
23.625, 86.625, 2.3519578019581944e-22, nan 
23.875, 86.625, 2.6986763661774333e-22, nan 
24.125, 86.625, 3.0674633000497805e-22, nan 
24.375, 86.625, 3.1211459586554905e-22, nan 
24.625, 86.625, 2.8848358757591627e-22, nan 
24.875, 86.625, 2.7863634537675935e-22, nan 
25.125, 86.625, 2.774458496032739e-22, nan 
25.375, 86.625, 2.8706983675541166e-22, nan 
25.625, 86.625, 2.8733322372273635e-22, nan 
25.875, 86.625, 2.6116829190897377e-22, nan 
26.125, 86.625, 2.3730819577560124e-22, nan 
26.375, 86.625, 2.4004823455298245e-22, nan 
26.625, 86.625, 2.3596359671751943e-22, nan 
26.875, 86.625, 1.7993438048170053e-22, nan 
27.125, 86.625, 1.384794463410321e-22, nan 
27.375, 86.625, 1.544850229252053e-22, nan 
27.625, 86.625, 1.709896487094989e-22, nan 
27.875, 86.625, 1.944101011763923e-22, nan 
28.125, 86.625, 2.3269278455941036e-22, nan 
28.375, 86.625, 2.5686350763736313e-22, nan 
28.625, 86.625, 2.9454680439463e-22, nan 
28.875, 86.625, 3.3259272529817708e-22, nan 
29.125, 86.625, 3.6474522745394033e-22, nan 
29.375, 86.625, 4.0042545620001186e-22, nan 
29.625, 86.625, 4.58057612799193e-22, nan 
29.875, 86.625, 4.810116836372252e-22, nan 
30.125, 86.625, 4.922428582844508e-22, nan 
30.375, 86.625, 4.843409568127411e-22, nan 
30.625, 86.625, 5.225051787366903e-22, nan 
30.875, 86.625, 5.265743494935882e-22, nan 
31.125, 86.625, 5.151490527376735e-22, nan 
31.375, 86.625, 4.583293760813324e-22, nan 
31.625, 86.625, 4.569317784963376e-22, nan 
31.875, 86.625, 4.3736456713650805e-22, nan 
32.125, 86.625, 4.2026831119970984e-22, nan 
32.375, 86.625, 4.1956005607274325e-22, nan 
32.625, 86.625, 4.1489592809576963e-22, nan 
32.875, 86.625, 4.2001223486061827e-22, nan 
33.125, 86.625, 4.411789184880755e-22, nan 
33.375, 86.625, 4.567817372857144e-22, nan 
33.625, 86.625, 4.345513520204199e-22, nan 
33.875, 86.625, 3.8167398326653056e-22, nan 
34.125, 86.625, 3.6092216978778255e-22, nan 
34.375, 86.625, 3.3122354651451833e-22, nan 
34.625, 86.625, 3.236765995184336e-22, nan 
34.875, 86.625, 3.4412157768950226e-22, nan 
35.125, 86.625, 3.5464234270258493e-22, nan 
35.375, 86.625, 3.555767772029379e-22, nan 
35.625, 86.625, 3.421019152075276e-22, nan 
35.875, 86.625, 3.5550991926052023e-22, nan 
36.125, 86.625, 3.5521267748797916e-22, nan 
36.375, 86.625, 3.5712757217698413e-22, nan 
36.625, 86.625, 3.7036743499692535e-22, nan 
36.875, 86.625, 3.760303239407649e-22, nan 
37.125, 86.625, 3.84728471234844e-22, nan 
37.375, 86.625, 4.0006863662574246e-22, nan 
37.625, 86.625, 4.258083054662958e-22, nan 
37.875, 86.625, 4.539374957555412e-22, nan 
38.125, 86.625, 4.896170329851341e-22, nan 
38.375, 86.625, 4.6913549330522205e-22, nan 
38.625, 86.625, 4.34116052162246e-22, nan 
38.875, 86.625, 3.849032526391348e-22, nan 
39.125, 86.625, 4.001242709694274e-22, nan 
39.375, 86.625, 3.8242873373065675e-22, nan 
39.625, 86.625, 3.9589760638213057e-22, nan 
39.875, 86.625, 4.119175898419849e-22, nan 
40.125, 86.625, 4.149574988735635e-22, nan 
40.375, 86.625, 4.1952989288734136e-22, nan 
40.625, 86.625, 4.305146093190159e-22, nan 
40.875, 86.625, 4.2245940152938307e-22, nan 
41.125, 86.625, 3.411200987430054e-22, nan 
41.375, 86.625, 2.523652547869777e-22, nan 
41.625, 86.625, 2.314012604108496e-22, nan 
41.875, 86.625, 2.0467273100290591e-22, nan 
42.125, 86.625, 1.872447748072646e-22, nan 
42.375, 86.625, 1.8079620051480216e-22, nan 
42.625, 86.625, 1.7437049019158233e-22, nan 
42.875, 86.625, 1.586692463328695e-22, nan 
43.125, 86.625, 1.47745436433419e-22, nan 
43.375, 86.625, 1.404122714713241e-22, nan 
43.625, 86.625, 1.3865308415423648e-22, nan 
43.875, 86.625, 1.3650667769639445e-22, nan 
44.125, 86.625, 1.3198064071423357e-22, nan 
44.375, 86.625, 1.2747906985987358e-22, nan 
44.625, 86.625, 1.1980190848869064e-22, nan 
44.875, 86.625, 1.1251818792235747e-22, nan 
45.125, 86.625, 1.0469692544448673e-22, nan 
45.375, 86.625, 1.0347354223477043e-22, nan 
45.625, 86.625, 9.876879892029197e-23, nan 
45.875, 86.625, 9.332279679704286e-23, nan 
46.125, 86.625, 9.542243832430466e-23, nan 
46.375, 86.625, 9.405874759311445e-23, nan 
46.625, 86.625, 9.08607644014094e-23, nan 
46.875, 86.625, 9.133848088522397e-23, nan 
47.125, 86.625, 8.915144172131162e-23, nan 
47.375, 86.625, 8.61597454668127e-23, nan 
47.625, 86.625, 8.451300764671739e-23, nan 
47.875, 86.625, 8.157468356928543e-23, nan 
48.125, 86.625, 7.858092831135587e-23, nan 
48.375, 86.625, 7.719827420502386e-23, nan 
48.625, 86.625, 7.444491391779698e-23, nan 
48.875, 86.625, 7.080440058321163e-23, nan 
49.125, 86.625, 6.874132316844883e-23, nan 
49.375, 86.625, 6.82039945423222e-23, nan 
49.625, 86.625, 6.803559141178915e-23, nan 
49.875, 86.625, 7.035289673969604e-23, nan 
50.125, 86.625, 7.34928754643261e-23, nan 
50.375, 86.625, 7.737290721738973e-23, nan 
50.625, 86.625, 8.138425801489611e-23, nan 
50.875, 86.625, 9.342622825069157e-23, nan 
51.125, 86.625, 1.1054247664461639e-22, nan 
51.375, 86.625, 1.304694361389734e-22, nan 
51.625, 86.625, 1.4271856078578641e-22, nan 
51.875, 86.625, 1.511797225366409e-22, nan 
52.125, 86.625, 1.5928747568663377e-22, nan 
52.375, 86.625, 1.6569059730291313e-22, nan 
52.625, 86.625, 1.7686599531861374e-22, nan 
52.875, 86.625, 1.8532112376404876e-22, nan 
53.125, 86.625, 1.922188442958164e-22, nan 
53.375, 86.625, 2.0453905774823584e-22, nan 
53.625, 86.625, 2.153481771652101e-22, nan 
53.875, 86.625, 2.2328403548190853e-22, nan 
54.125, 86.625, 2.268118749433877e-22, nan 
54.375, 86.625, 2.2098050654930234e-22, nan 
54.625, 86.625, 2.132905803613421e-22, nan 
54.875, 86.625, 1.9648804665896047e-22, nan 
55.125, 86.625, 1.81889241882378e-22, nan 
55.375, 86.625, 1.7099603750049432e-22, nan 
55.625, 86.625, 1.6164486140030144e-22, nan 
55.875, 86.625, 1.5333251940913224e-22, nan 
56.125, 86.625, 1.456925279096288e-22, nan 
56.375, 86.625, 1.3707416947861282e-22, nan 
56.625, 86.625, 1.2282340354728605e-22, nan 
56.875, 86.625, 1.1091990645323107e-22, nan 
57.125, 86.625, 1.0642931794576351e-22, nan 
57.375, 86.625, 1.1195393804104804e-22, nan 
57.625, 86.625, 1.4275407250154866e-22, nan 
57.875, 86.625, 1.7711989322539507e-22, nan 
58.125, 86.625, 2.067248729957751e-22, nan 
58.375, 86.625, 2.240133663935872e-22, nan 
58.625, 86.625, 2.226745322707078e-22, nan 
58.875, 86.625, 2.1442062397617313e-22, nan 
59.125, 86.625, 1.9908864217396338e-22, nan 
59.375, 86.625, 1.8163617955231615e-22, nan 
59.625, 86.625, 1.6913502197007622e-22, nan 
59.875, 86.625, 1.567782599303052e-22, nan 
60.125, 86.625, 1.47916894257931e-22, nan 
60.375, 86.625, 1.3767372010285355e-22, nan 
60.625, 86.625, 1.2669852061276874e-22, nan 
60.875, 86.625, 1.2934092325745677e-22, nan 
61.125, 86.625, 1.2860608291422676e-22, nan 
61.375, 86.625, 1.2818629018396594e-22, nan 
61.625, 86.625, 1.2634974064954195e-22, nan 
61.875, 86.625, 1.3114963413883298e-22, nan 
62.125, 86.625, 1.3814836228042875e-22, nan 
62.375, 86.625, 1.4645232270828224e-22, nan 
62.625, 86.625, 1.5421486332978776e-22, nan 
62.875, 86.625, 1.5601453705685141e-22, nan 
63.125, 86.625, 1.5276232499374827e-22, nan 
63.375, 86.625, 1.4904915394747243e-22, nan 
63.625, 86.625, 1.4442523919029507e-22, nan 
63.875, 86.625, 1.4134479612020517e-22, nan 
64.125, 86.625, 1.3827848746000297e-22, nan 
64.375, 86.625, 1.3469203399299062e-22, nan 
64.625, 86.625, 1.3088314506451484e-22, nan 
64.875, 86.625, 1.2731288690763292e-22, nan 
65.125, 86.625, 1.2529131189991553e-22, nan 
65.375, 86.625, 1.2257426580381784e-22, nan 
65.625, 86.625, 1.2015340325796796e-22, nan 
65.875, 86.625, 1.1846495796224132e-22, nan 
66.125, 86.625, 1.1689543655894999e-22, nan 
66.375, 86.625, 1.1822744903619297e-22, nan 
66.625, 86.625, 1.2008620340050821e-22, nan 
66.875, 86.625, 1.33919758159108e-22, nan 
67.125, 86.625, 1.5064779686543515e-22, nan 
67.375, 86.625, 1.6037114367418672e-22, nan 
67.625, 86.625, 1.5929529968344188e-22, nan 
67.875, 86.625, 1.557047469612001e-22, nan 
68.125, 86.625, 1.4927873670700354e-22, nan 
68.375, 86.625, 1.330558214977958e-22, nan 
68.625, 86.625, 1.2821625470996667e-22, nan 
68.875, 86.625, 1.4247125179753734e-22, nan 
69.125, 86.625, 1.6512093254796882e-22, nan 
69.375, 86.625, 1.8995153116726074e-22, nan 
69.625, 86.625, 2.0321715169083649e-22, nan 
69.875, 86.625, 2.116514191049875e-22, nan 
70.125, 86.625, 2.1452450276230885e-22, nan 
70.375, 86.625, 2.199106194780039e-22, nan 
70.625, 86.625, 2.2890986973439963e-22, nan 
70.875, 86.625, 2.3543140951547563e-22, nan 
71.125, 86.625, 2.5948666636961097e-22, nan 
71.375, 86.625, 2.894460903616008e-22, nan 
71.625, 86.625, 3.148438684360457e-22, nan 
71.875, 86.625, 3.1923189049311374e-22, nan 
72.125, 86.625, 3.150474262160796e-22, nan 
72.375, 86.625, 3.1158106624899465e-22, nan 
72.625, 86.625, 3.0632065103972278e-22, nan 
72.875, 86.625, 3.0289583328056068e-22, nan 
73.125, 86.625, 3.139262727290722e-22, nan 
73.375, 86.625, 3.0985383482084454e-22, nan 
73.625, 86.625, 3.102976297608245e-22, nan 
73.875, 86.625, 3.0882777327376293e-22, nan 
74.125, 86.625, 3.0595225758721256e-22, nan 
74.375, 86.625, 2.9954320249740003e-22, nan 
74.625, 86.625, 2.913585615236264e-22, nan 
74.875, 86.625, 2.863468133397214e-22, nan 
75.125, 86.625, 2.8109686469389497e-22, nan 
75.375, 86.625, 2.7788773328941554e-22, nan 
75.625, 86.625, 2.721545923417483e-22, nan 
75.875, 86.625, 2.7044382080808956e-22, nan 
76.125, 86.625, 2.675466343722515e-22, nan 
76.375, 86.625, 2.645373015010073e-22, nan 
76.625, 86.625, 2.360175163910431e-22, nan 
76.875, 86.625, 2.041503137908671e-22, nan 
77.125, 86.625, 1.879416003482663e-22, nan 
77.375, 86.625, 1.8275364540056351e-22, nan 
77.625, 86.625, 1.903472680995752e-22, nan 
77.875, 86.625, 2.07195178827083e-22, nan 
78.125, 86.625, 2.244212100659944e-22, nan 
78.375, 86.625, 2.319055675816478e-22, nan 
78.625, 86.625, 2.3890068707814916e-22, nan 
78.875, 86.625, 2.3872756003403625e-22, nan 
79.125, 86.625, 2.4338689997924863e-22, nan 
79.375, 86.625, 2.447874108725899e-22, nan 
79.625, 86.625, 2.4707289360090305e-22, nan 
79.875, 86.625, 2.480376978980844e-22, nan 
80.125, 86.625, 2.4818838882507986e-22, nan 
80.375, 86.625, 2.4604499481998346e-22, nan 
80.625, 86.625, 2.4550509942516085e-22, nan 
80.875, 86.625, 2.3538171513641253e-22, nan 
81.125, 86.625, 2.2117889236867764e-22, nan 
81.375, 86.625, 2.1656692590243134e-22, nan 
81.625, 86.625, 1.9845038053265064e-22, nan 
81.875, 86.625, 1.9797079294958362e-22, nan 
82.125, 86.625, 1.9598036840911975e-22, nan 
82.375, 86.625, 1.9372034155492044e-22, nan 
82.625, 86.625, 1.897363853548629e-22, nan 
82.875, 86.625, 1.8457796688470982e-22, nan 
83.125, 86.625, 1.7691073720790112e-22, nan 
83.375, 86.625, 1.7421435579057614e-22, nan 
83.625, 86.625, 1.7018464087652825e-22, nan 
83.875, 86.625, 1.6617016046952624e-22, nan 
84.125, 86.625, 1.576994992606772e-22, nan 
84.375, 86.625, 1.507712793938076e-22, nan 
84.625, 86.625, 1.4535975195616736e-22, nan 
84.875, 86.625, 1.2799928483138742e-22, nan 
85.125, 86.625, 1.0273654269935169e-22, nan 
85.375, 86.625, 8.907518316006522e-23, nan 
85.625, 86.625, 6.782419351926669e-23, nan 
85.875, 86.625, 6.223420000657158e-23, nan 
86.125, 86.625, 5.970217698094689e-23, nan 
86.375, 86.625, 5.5343749878175e-23, nan 
86.625, 86.625, 5.356865388121755e-23, nan 
86.875, 86.625, 5.2131552452348066e-23, nan 
87.125, 86.625, 4.937040569485967e-23, nan 
87.375, 86.625, 4.696623478232588e-23, nan 
87.625, 86.625, 4.349931444662166e-23, nan 
87.875, 86.625, 4.152522531831311e-23, nan 
88.125, 86.625, 4.078103575613773e-23, nan 
88.375, 86.625, 4.028518676872201e-23, nan 
88.625, 86.625, 3.913291645873292e-23, nan 
88.875, 86.625, 3.8383896472968286e-23, nan 
89.125, 86.625, 3.847784888654516e-23, nan 
89.375, 86.625, 3.8376428011882224e-23, nan 
89.625, 86.625, 4.211784620476165e-23, nan 
89.875, 86.625, 5.244212110887611e-23, nan 
90.125, 86.625, 7.482031935796985e-23, nan 
90.375, 86.625, 1.1614939482282197e-22, nan 
90.625, 86.625, 1.338710550179336e-22, nan 
90.875, 86.625, 1.3584982278282013e-22, nan 
91.125, 86.625, 1.3369533095650163e-22, nan 
91.375, 86.625, 1.3074619241262725e-22, nan 
91.625, 86.625, 1.3375964119911444e-22, nan 
91.875, 86.625, 1.3357622999219499e-22, nan 
92.125, 86.625, 1.326961252175566e-22, nan 
92.375, 86.625, 1.3379862501746507e-22, nan 
92.625, 86.625, 1.3576116074927718e-22, nan 
92.875, 86.625, 1.388646342511934e-22, nan 
93.125, 86.625, 1.4033914046634682e-22, nan 
93.375, 86.625, 1.4236533288053203e-22, nan 
93.625, 86.625, 1.4124066206263203e-22, nan 
93.875, 86.625, 1.386597695967925e-22, nan 
94.125, 86.625, 1.2983912302947454e-22, nan 
94.375, 86.625, 1.2332634538859905e-22, nan 
94.625, 86.625, 1.1195971411031952e-22, nan 
94.875, 86.625, 9.14127710032798e-23, nan 
95.125, 86.625, 6.764406815621369e-23, nan 
95.375, 86.625, 6.235206648031457e-23, nan 
95.625, 86.625, 6.163940381061857e-23, nan 
95.875, 86.625, 6.117921756515488e-23, nan 
96.125, 86.625, 6.148941779530068e-23, nan 
96.375, 86.625, 6.129275551387178e-23, nan 
96.625, 86.625, 6.075309942841599e-23, nan 
96.875, 86.625, 6.125963662116452e-23, nan 
97.125, 86.625, 6.203153953024654e-23, nan 
97.375, 86.625, 6.224285722681039e-23, nan 
97.625, 86.625, 6.214437112771747e-23, nan 
97.875, 86.625, 6.117783614032884e-23, nan 
98.125, 86.625, 5.950937413197709e-23, nan 
98.375, 86.625, 5.725433056266204e-23, nan 
98.625, 86.625, 5.459188275151373e-23, nan 
98.875, 86.625, 5.2750126955942146e-23, nan 
99.125, 86.625, 5.0682687956639585e-23, nan 
99.375, 86.625, 4.866287081366362e-23, nan 
99.625, 86.625, 4.637443020244783e-23, nan 
99.875, 86.625, 4.579584687860004e-23, nan 
100.125, 86.625, 4.516178023994369e-23, nan 
100.375, 86.625, 4.480305703900364e-23, nan 
100.625, 86.625, 4.3682168531869673e-23, nan 
100.875, 86.625, 4.3257262944807727e-23, nan 
101.125, 86.625, 4.346211801462282e-23, nan 
101.375, 86.625, 4.353046270714781e-23, nan 
101.625, 86.625, 4.3060738790043864e-23, nan 
101.875, 86.625, 4.3174115104213795e-23, nan 
102.125, 86.625, 4.2235807312032174e-23, nan 
102.375, 86.625, 4.1850746406620665e-23, nan 
102.625, 86.625, 4.017088105864916e-23, nan 
102.875, 86.625, 3.917745854187852e-23, nan 
103.125, 86.625, 3.847748026085521e-23, nan 
103.375, 86.625, 3.554276569909863e-23, nan 
103.625, 86.625, 3.492534954186592e-23, nan 
103.875, 86.625, 3.298608017321348e-23, nan 
104.125, 86.625, 3.208098744365004e-23, nan 
104.375, 86.625, 3.0656880321385034e-23, nan 
104.625, 86.625, 3.1018864614454216e-23, nan 
104.875, 86.625, 3.0397434276477717e-23, nan 
105.125, 86.625, 3.245826470908054e-23, nan 
105.375, 86.625, 3.263185954562818e-23, nan 
105.625, 86.625, 3.407003979911119e-23, nan 
105.875, 86.625, 3.86101683729308e-23, nan 
106.125, 86.625, 4.1513226963118514e-23, nan 
106.375, 86.625, 4.842581243036516e-23, nan 
106.625, 86.625, 5.553573695708282e-23, nan 
106.875, 86.625, 6.771457949980408e-23, nan 
107.125, 86.625, 7.328637520130388e-23, nan 
107.375, 86.625, 7.83793481556502e-23, nan 
107.625, 86.625, 7.81294737021258e-23, nan 
107.875, 86.625, 7.746881239153005e-23, nan 
108.125, 86.625, 8.1132969619367e-23, nan 
108.375, 86.625, 8.262670397092492e-23, nan 
108.625, 86.625, 8.665963354714237e-23, nan 
108.875, 86.625, 8.941099316894952e-23, nan 
109.125, 86.625, 8.956188650051192e-23, nan 
109.375, 86.625, 9.099156977856844e-23, nan 
109.625, 86.625, 9.174783065811684e-23, nan 
109.875, 86.625, 9.331215155371383e-23, nan 
110.125, 86.625, 9.524323260376494e-23, nan 
110.375, 86.625, 1.008534211330724e-22, nan 
110.625, 86.625, 1.0240589065160897e-22, nan 
110.875, 86.625, 1.0398248748143869e-22, nan 
111.125, 86.625, 1.0699070850169562e-22, nan 
111.375, 86.625, 1.093243754345295e-22, nan 
111.625, 86.625, 1.1101715821668254e-22, nan 
111.875, 86.625, 1.1005482594284462e-22, nan 
112.125, 86.625, 1.1022393844658868e-22, nan 
112.375, 86.625, 1.1087030576475787e-22, nan 
112.625, 86.625, 1.1149925012354363e-22, nan 
112.875, 86.625, 1.1516792902991808e-22, nan 
113.125, 86.625, 1.176376211491402e-22, nan 
113.375, 86.625, 1.2116201413370603e-22, nan 
113.625, 86.625, 1.2239553003313254e-22, nan 
113.875, 86.625, 1.238548652470374e-22, nan 
114.125, 86.625, 1.2234041030142611e-22, nan 
114.375, 86.625, 1.2066894850719735e-22, nan 
114.625, 86.625, 1.2612477811110788e-22, nan 
114.875, 86.625, 1.2387854629318916e-22, nan 
115.125, 86.625, 1.276252761284532e-22, nan 
115.375, 86.625, 1.315434726065681e-22, nan 
115.625, 86.625, 1.3557811004121348e-22, nan 
115.875, 86.625, 1.4045504683555262e-22, nan 
116.125, 86.625, 1.448799047126891e-22, nan 
116.375, 86.625, 1.442432234991815e-22, nan 
116.625, 86.625, 1.4665807688345853e-22, nan 
116.875, 86.625, 1.4626040533706053e-22, nan 
117.125, 86.625, 1.4928860703976794e-22, nan 
117.375, 86.625, 1.4514837883829865e-22, nan 
117.625, 86.625, 1.4899710770491909e-22, nan 
117.875, 86.625, 1.4650444891413083e-22, nan 
118.125, 86.625, 1.4374057558925117e-22, nan 
118.375, 86.625, 1.357342687908624e-22, nan 
118.625, 86.625, 1.345089429389896e-22, nan 
118.875, 86.625, 1.0815297526741592e-22, nan 
119.125, 86.625, 9.638538459733114e-23, nan 
119.375, 86.625, 8.381646660335844e-23, nan 
119.625, 86.625, 7.92883533931606e-23, nan 
119.875, 86.625, 7.733895530307375e-23, nan 
120.125, 86.625, 8.037983989125526e-23, nan 
120.375, 86.625, 8.702429805399377e-23, nan 
120.625, 86.625, 9.242302754308297e-23, nan 
120.875, 86.625, 9.775293162173186e-23, nan 
121.125, 86.625, 9.98801697455706e-23, nan 
121.375, 86.625, 1.0374003637336091e-22, nan 
121.625, 86.625, 1.0469801231036534e-22, nan 
121.875, 86.625, 1.1021037172207072e-22, nan 
122.125, 86.625, 1.12420197002768e-22, nan 
122.375, 86.625, 1.1265553565425556e-22, nan 
122.625, 86.625, 1.11636787463215e-22, nan 
122.875, 86.625, 1.1242684612599893e-22, nan 
123.125, 86.625, 1.0189642315627712e-22, nan 
123.375, 86.625, 9.751027690750289e-23, nan 
123.625, 86.625, 9.211788854619418e-23, nan 
123.875, 86.625, 9.059641021896374e-23, nan 
124.125, 86.625, 8.907872103802994e-23, nan 
124.375, 86.625, 9.034508382966806e-23, nan 
124.625, 86.625, 8.810281737137029e-23, nan 
124.875, 86.625, 9.31803963387553e-23, nan 
125.125, 86.625, 9.387680963493219e-23, nan 
125.375, 86.625, 9.206702077629399e-23, nan 
125.625, 86.625, 8.963414616591477e-23, nan 
125.875, 86.625, 8.900313778780219e-23, nan 
126.125, 86.625, 8.599785350221541e-23, nan 
126.375, 86.625, 8.523338928727758e-23, nan 
126.625, 86.625, 8.014020350653094e-23, nan 
126.875, 86.625, 7.674807046185575e-23, nan 
127.125, 86.625, 7.231275916913147e-23, nan 
127.375, 86.625, 6.331222973465919e-23, nan 
127.625, 86.625, 5.413462907275707e-23, nan 
127.875, 86.625, 5.429274532248417e-23, nan 
128.125, 86.625, 5.836476487281324e-23, nan 
128.375, 86.625, 6.601304172588683e-23, nan 
128.625, 86.625, 7.881529590186006e-23, nan 
128.875, 86.625, 8.986666189246342e-23, nan 
129.125, 86.625, 9.627716713353805e-23, nan 
129.375, 86.625, 9.858827160590914e-23, nan 
129.625, 86.625, 9.786243157680053e-23, nan 
129.875, 86.625, 9.823411612213087e-23, nan 
130.125, 86.625, 9.836683999655917e-23, nan 
130.375, 86.625, 9.938302085766497e-23, nan 
130.625, 86.625, 1.0235012389114566e-22, nan 
130.875, 86.625, 1.0383882563843839e-22, nan 
131.125, 86.625, 1.0536213173332344e-22, nan 
131.375, 86.625, 1.0462039781407194e-22, nan 
131.625, 86.625, 1.049555965211463e-22, nan 
131.875, 86.625, 1.048340287365675e-22, nan 
132.125, 86.625, 1.06629767137226e-22, nan 
132.375, 86.625, 1.0573503759916821e-22, nan 
132.625, 86.625, 1.0517404786905166e-22, nan 
132.875, 86.625, 1.0178347468829806e-22, nan 
133.125, 86.625, 9.950398067295759e-23, nan 
133.375, 86.625, 1.0207851522321542e-22, nan 
133.625, 86.625, 9.701514050179282e-23, nan 
133.875, 86.625, 9.786638722406285e-23, nan 
134.125, 86.625, 9.601388812433562e-23, nan 
134.375, 86.625, 9.121518699404294e-23, nan 
134.625, 86.625, 8.957809769519382e-23, nan 
134.875, 86.625, 8.97012902600713e-23, nan 
135.125, 86.625, 8.767313670611767e-23, nan 
135.375, 86.625, 8.659482627596058e-23, nan 
135.625, 86.625, 8.240033769726411e-23, nan 
135.875, 86.625, 8.108714932103591e-23, nan 
136.125, 86.625, 7.74230053997213e-23, nan 
136.375, 86.625, 7.36830828481475e-23, nan 
136.625, 86.625, 7.128532737168255e-23, nan 
136.875, 86.625, 7.226972506687573e-23, nan 
137.125, 86.625, 7.088726397310413e-23, nan 
137.375, 86.625, 6.953433467980931e-23, nan 
137.625, 86.625, 6.964762170303401e-23, nan 
137.875, 86.625, 6.726205592863881e-23, nan 
138.125, 86.625, 6.527803943092723e-23, nan 
138.375, 86.625, 6.451529688925614e-23, nan 
138.625, 86.625, 6.306065541113546e-23, nan 
138.875, 86.625, 6.205614728127779e-23, nan 
139.125, 86.625, 6.15493093171802e-23, nan 
139.375, 86.625, 5.780562295202604e-23, nan 
139.625, 86.625, 5.636146882606577e-23, nan 
139.875, 86.625, 5.31549893597757e-23, nan 
140.125, 86.625, 5.1072528665680666e-23, nan 
140.375, 86.625, 4.994614969881591e-23, nan 
140.625, 86.625, 5.0749184930400724e-23, nan 
140.875, 86.625, 5.416796780688794e-23, nan 
141.125, 86.625, 5.937597034247384e-23, nan 
141.375, 86.625, 6.571386427803307e-23, nan 
141.625, 86.625, 6.954532464599598e-23, nan 
141.875, 86.625, 7.482342226893719e-23, nan 
142.125, 86.625, 7.912615197802172e-23, nan 
142.375, 86.625, 8.641352411106285e-23, nan 
142.625, 86.625, 9.716532349545717e-23, nan 
142.875, 86.625, 9.552870821125677e-23, nan 
143.125, 86.625, 9.497398379165198e-23, nan 
143.375, 86.625, 9.24086085496403e-23, nan 
143.625, 86.625, 8.875791510296161e-23, nan 
143.875, 86.625, 8.489062539886122e-23, nan 
144.125, 86.625, 8.102408298146844e-23, nan 
144.375, 86.625, 8.007199324656215e-23, nan 
144.625, 86.625, 8.085843084252068e-23, nan 
144.875, 86.625, 8.015260671453752e-23, nan 
145.125, 86.625, 7.710025503430646e-23, nan 
145.375, 86.625, 7.652170616152155e-23, nan 
145.625, 86.625, 7.771822746164759e-23, nan 
145.875, 86.625, 7.288239479833481e-23, nan 
146.125, 86.625, 6.864803782403821e-23, nan 
146.375, 86.625, 5.827290685336987e-23, nan 
146.625, 86.625, 5.149978509219522e-23, nan 
146.875, 86.625, 4.5739423637173986e-23, nan 
147.125, 86.625, 4.0835206474510065e-23, nan 
147.375, 86.625, 4.2020376395172846e-23, nan 
147.625, 86.625, 5.0892154345013187e-23, nan 
147.875, 86.625, 5.273481006225764e-23, nan 
148.125, 86.625, 5.248777509768102e-23, nan 
148.375, 86.625, 5.263577789036766e-23, nan 
148.625, 86.625, 5.308420854552673e-23, nan 
148.875, 86.625, 5.2884981424871903e-23, nan 
149.125, 86.625, 5.286041855405602e-23, nan 
149.375, 86.625, 5.282484962253088e-23, nan 
149.625, 86.625, 5.2309237528726185e-23, nan 
149.875, 86.625, 5.186393588568134e-23, nan 
150.125, 86.625, 5.293892205187169e-23, nan 
150.375, 86.625, 5.461074492183598e-23, nan 
150.625, 86.625, 5.379863709876667e-23, nan 
150.875, 86.625, 5.396960036982671e-23, nan 
151.125, 86.625, 5.342156956055926e-23, nan 
151.375, 86.625, 5.272910291728571e-23, nan 
151.625, 86.625, 5.2278706571660185e-23, nan 
151.875, 86.625, 5.1428973783659574e-23, nan 
152.125, 86.625, 5.072126734671233e-23, nan 
152.375, 86.625, 4.923285397387734e-23, nan 
152.625, 86.625, 4.625787537559919e-23, nan 
152.875, 86.625, 4.3536166520531233e-23, nan 
153.125, 86.625, 4.212844137966374e-23, nan 
153.375, 86.625, 4.1353696660731377e-23, nan 
153.625, 86.625, 4.0636764722263346e-23, nan 
153.875, 86.625, 3.9859438077294526e-23, nan 
154.125, 86.625, 4.0601374789069147e-23, nan 
154.375, 86.625, 4.053965878660124e-23, nan 
154.625, 86.625, 4.065677088043032e-23, nan 
154.875, 86.625, 4.1445514282207e-23, nan 
155.125, 86.625, 4.2418722841596736e-23, nan 
155.375, 86.625, 4.3290053867212615e-23, nan 
155.625, 86.625, 4.3494812852639775e-23, nan 
155.875, 86.625, 4.2638459833786874e-23, nan 
156.125, 86.625, 4.0771702034641517e-23, nan 
156.375, 86.625, 3.9649763704530253e-23, nan 
156.625, 86.625, 3.835509710293764e-23, nan 
156.875, 86.625, 3.719371178718655e-23, nan 
157.125, 86.625, 3.709235015543783e-23, nan 
157.375, 86.625, 3.744891661636268e-23, nan 
157.625, 86.625, 3.8322632790073834e-23, nan 
157.875, 86.625, 3.928246554619007e-23, nan 
158.125, 86.625, 4.204525015291945e-23, nan 
158.375, 86.625, 4.4878153522157255e-23, nan 
158.625, 86.625, 4.639285321475908e-23, nan 
158.875, 86.625, 4.2635887012533755e-23, nan 
159.125, 86.625, 4.115753408208955e-23, nan 
159.375, 86.625, 4.4605956495072234e-23, nan 
159.625, 86.625, 4.980677489855901e-23, nan 
159.875, 86.625, 6.269058313767811e-23, nan 
160.125, 86.625, 7.847184109551034e-23, nan 
160.375, 86.625, 8.662281809715978e-23, nan 
160.625, 86.625, 9.217999681470335e-23, nan 
160.875, 86.625, 9.614168203882083e-23, nan 
161.125, 86.625, 9.87113899758577e-23, nan 
161.375, 86.625, 1.023110337484599e-22, nan 
161.625, 86.625, 1.060719952792972e-22, nan 
161.875, 86.625, 1.1027465777575768e-22, nan 
162.125, 86.625, 1.1366829921376309e-22, nan 
162.375, 86.625, 1.198996085170712e-22, nan 
162.625, 86.625, 1.2603298717224273e-22, nan 
162.875, 86.625, 1.2991872737360724e-22, nan 
163.125, 86.625, 1.2296345354715194e-22, nan 
163.375, 86.625, 1.1543680004668726e-22, nan 
163.625, 86.625, 1.1323176841992548e-22, nan 
163.875, 86.625, 9.774748912491917e-23, nan 
164.125, 86.625, 7.928571310095027e-23, nan 
164.375, 86.625, 6.266735600269391e-23, nan 
164.625, 86.625, 5.57499796671181e-23, nan 
164.875, 86.625, 5.116271728187666e-23, nan 
165.125, 86.625, 4.977519009626474e-23, nan 
165.375, 86.625, 5.0602789625859956e-23, nan 
165.625, 86.625, 5.076456952980276e-23, nan 
165.875, 86.625, 5.232599309183709e-23, nan 
166.125, 86.625, 5.35865220537338e-23, nan 
166.375, 86.625, 5.561276755059543e-23, nan 
166.625, 86.625, 5.984109456052517e-23, nan 
166.875, 86.625, 6.610821212886934e-23, nan 
167.125, 86.625, 7.066148521866786e-23, nan 
167.375, 86.625, 7.096726611918239e-23, nan 
167.625, 86.625, 7.153054940247224e-23, nan 
167.875, 86.625, 7.336112027686047e-23, nan 
168.125, 86.625, 7.339861911339093e-23, nan 
168.375, 86.625, 7.282074220603584e-23, nan 
168.625, 86.625, 7.421408444479382e-23, nan 
168.875, 86.625, 7.954583081063289e-23, nan 
169.125, 86.625, 8.493249983960328e-23, nan 
169.375, 86.625, 8.786514895407434e-23, nan 
169.625, 86.625, 9.296945268308878e-23, nan 
169.875, 86.625, 9.286295466223789e-23, nan 
170.125, 86.625, 9.76719628391034e-23, nan 
170.375, 86.625, 9.87171697861501e-23, nan 
170.625, 86.625, 1.0218968701101168e-22, nan 
170.875, 86.625, 1.090756823482264e-22, nan 
171.125, 86.625, 1.0978845016365763e-22, nan 
171.375, 86.625, 1.0983951195031442e-22, nan 
171.625, 86.625, 1.1582295162088487e-22, nan 
171.875, 86.625, 1.1058688173015966e-22, nan 
172.125, 86.625, 9.721233968383593e-23, nan 
172.375, 86.625, 9.333690073802798e-23, nan 
172.625, 86.625, 7.893410708357076e-23, nan 
172.875, 86.625, 6.381277276010021e-23, nan 
173.125, 86.625, 6.266818485484071e-23, nan 
173.375, 86.625, 6.114487512420552e-23, nan 
173.625, 86.625, 6.019241678994853e-23, nan 
173.875, 86.625, 5.689172195409426e-23, nan 
174.125, 86.625, 5.528709690763411e-23, nan 
174.375, 86.625, 5.335282263558513e-23, nan 
174.625, 86.625, 5.253986394003061e-23, nan 
174.875, 86.625, 5.270821117240064e-23, nan 
175.125, 86.625, 5.192287230756284e-23, nan 
175.375, 86.625, 5.034969552036266e-23, nan 
175.625, 86.625, 4.723121064260935e-23, nan 
175.875, 86.625, 5.750022556953803e-23, nan 
176.125, 86.625, 6.49215376517211e-23, nan 
176.375, 86.625, 7.366375148966409e-23, nan 
176.625, 86.625, 8.737852001595367e-23, nan 
176.875, 86.625, 1.0017506987775508e-22, nan 
177.125, 86.625, 1.1652813089807415e-22, nan 
177.375, 86.625, 1.3365307292821882e-22, nan 
177.625, 86.625, 1.3965261358100036e-22, nan 
177.875, 86.625, 1.4498342218973758e-22, nan 
178.125, 86.625, 1.428584354522936e-22, nan 
178.375, 86.625, 1.437869732399993e-22, nan 
178.625, 86.625, 1.4358146839226498e-22, nan 
178.875, 86.625, 1.4305866927822208e-22, nan 
179.125, 86.625, 1.4338957984354783e-22, nan 
179.375, 86.625, 1.4099772743454363e-22, nan 
179.625, 86.625, 1.4024064546102526e-22, nan 
179.875, 86.625, 1.3935425076736042e-22, nan 
-179.875, 86.875, 1.3261628515195784e-22, nan 
-179.625, 86.875, 1.2762336825637674e-22, nan 
-179.375, 86.875, 1.2661914346751726e-22, nan 
-179.125, 86.875, 1.210914453914358e-22, nan 
-178.875, 86.875, 1.0953129565348169e-22, nan 
-178.625, 86.875, 9.511852783817841e-23, nan 
-178.375, 86.875, 7.776058420972298e-23, nan 
-178.125, 86.875, 6.197344574492316e-23, nan 
-177.875, 86.875, 5.239165510974063e-23, nan 
-177.625, 86.875, 4.3890541034555304e-23, nan 
-177.375, 86.875, 3.3776990600243006e-23, nan 
-177.125, 86.875, 3.375735622763427e-23, nan 
-176.875, 86.875, 2.9753500020202644e-23, nan 
-176.625, 86.875, 2.8987059222990657e-23, nan 
-176.375, 86.875, 2.7147269494274897e-23, nan 
-176.125, 86.875, 2.5947528741602372e-23, nan 
-175.875, 86.875, 2.5461760082509732e-23, nan 
-175.625, 86.875, 2.4867933104247285e-23, nan 
-175.375, 86.875, 2.3383623980942346e-23, nan 
-175.125, 86.875, 2.255255055852853e-23, nan 
-174.875, 86.875, 2.173240549334645e-23, nan 
-174.625, 86.875, 2.1563278032289478e-23, nan 
-174.375, 86.875, 2.1563966491701797e-23, nan 
-174.125, 86.875, 2.1744834824078875e-23, nan 
-173.875, 86.875, 2.165843809699406e-23, nan 
-173.625, 86.875, 2.121842390305751e-23, nan 
-173.375, 86.875, 2.1175042705243717e-23, nan 
-173.125, 86.875, 2.133861237943432e-23, nan 
-172.875, 86.875, 2.147177288275537e-23, nan 
-172.625, 86.875, 2.2264883808598334e-23, nan 
-172.375, 86.875, 2.2933990931506062e-23, nan 
-172.125, 86.875, 2.3779239576422164e-23, nan 
-171.875, 86.875, 2.4706512314326143e-23, nan 
-171.625, 86.875, 2.5436376370676286e-23, nan 
-171.375, 86.875, 2.6866949031140195e-23, nan 
-171.125, 86.875, 2.888914188862262e-23, nan 
-170.875, 86.875, 3.2737166187221804e-23, nan 
-170.625, 86.875, 3.6363227284156715e-23, nan 
-170.375, 86.875, 3.9699264040368994e-23, nan 
-170.125, 86.875, 4.3588148574642705e-23, nan 
-169.875, 86.875, 4.750307308371381e-23, nan 
-169.625, 86.875, 4.8866714847758813e-23, nan 
-169.375, 86.875, 4.925122104510203e-23, nan 
-169.125, 86.875, 4.963216122243441e-23, nan 
-168.875, 86.875, 5.0858225114903857e-23, nan 
-168.625, 86.875, 5.1256653460251726e-23, nan 
-168.375, 86.875, 5.2750716025916984e-23, nan 
-168.125, 86.875, 5.976389578598164e-23, nan 
-167.875, 86.875, 6.398048798653012e-23, nan 
-167.625, 86.875, 6.413439836574399e-23, nan 
-167.375, 86.875, 6.426797513682144e-23, nan 
-167.125, 86.875, 6.56100972925174e-23, nan 
-166.875, 86.875, 6.756880326786339e-23, nan 
-166.625, 86.875, 6.989881233946097e-23, nan 
-166.375, 86.875, 7.284170297466316e-23, nan 
-166.125, 86.875, 7.803370101582983e-23, nan 
-165.875, 86.875, 8.210638374451368e-23, nan 
-165.625, 86.875, 8.472132777049037e-23, nan 
-165.375, 86.875, 8.714857434452482e-23, nan 
-165.125, 86.875, 8.722127473807258e-23, nan 
-164.875, 86.875, 8.736357801367527e-23, nan 
-164.625, 86.875, 8.759735406262448e-23, nan 
-164.375, 86.875, 8.77220137595855e-23, nan 
-164.125, 86.875, 8.740876719369543e-23, nan 
-163.875, 86.875, 8.832693596043955e-23, nan 
-163.625, 86.875, 9.100147630401554e-23, nan 
-163.375, 86.875, 1.036971471469798e-22, nan 
-163.125, 86.875, 1.1458485211730202e-22, nan 
-162.875, 86.875, 1.224064104621002e-22, nan 
-162.625, 86.875, 1.2761018342929536e-22, nan 
-162.375, 86.875, 1.322417885720725e-22, nan 
-162.125, 86.875, 1.3568231873702892e-22, nan 
-161.875, 86.875, 1.3853115608749487e-22, nan 
-161.625, 86.875, 1.415730092732852e-22, nan 
-161.375, 86.875, 1.445209491281894e-22, nan 
-161.125, 86.875, 1.4673055607280388e-22, nan 
-160.875, 86.875, 1.4881099984127808e-22, nan 
-160.625, 86.875, 1.4991988868122277e-22, nan 
-160.375, 86.875, 1.4924233625373335e-22, nan 
-160.125, 86.875, 1.4708156428714854e-22, nan 
-159.875, 86.875, 1.4359282927342098e-22, nan 
-159.625, 86.875, 1.3344480723499434e-22, nan 
-159.375, 86.875, 1.2518779485958327e-22, nan 
-159.125, 86.875, 1.1638214982749977e-22, nan 
-158.875, 86.875, 1.1219808136098884e-22, nan 
-158.625, 86.875, 9.806044930356227e-23, nan 
-158.375, 86.875, 9.948054987710309e-23, nan 
-158.125, 86.875, 9.810876223998164e-23, nan 
-157.875, 86.875, 9.487719931860798e-23, nan 
-157.625, 86.875, 9.032433133627465e-23, nan 
-157.375, 86.875, 8.977867148421713e-23, nan 
-157.125, 86.875, 9.03358652154982e-23, nan 
-156.875, 86.875, 9.65747221063483e-23, nan 
-156.625, 86.875, 8.821350355519846e-23, nan 
-156.375, 86.875, 8.255445163788778e-23, nan 
-156.125, 86.875, 7.891991629076487e-23, nan 
-155.875, 86.875, 6.840337060963712e-23, nan 
-155.625, 86.875, 6.381877883832549e-23, nan 
-155.375, 86.875, 5.192266659509329e-23, nan 
-155.125, 86.875, 4.3889107962532235e-23, nan 
-154.875, 86.875, 4.626537110807907e-23, nan 
-154.625, 86.875, 4.6832175077310585e-23, nan 
-154.375, 86.875, 4.1951151842487397e-23, nan 
-154.125, 86.875, 4.8369000413296295e-23, nan 
-153.875, 86.875, 4.2110328230692616e-23, nan 
-153.625, 86.875, 4.064393402370545e-23, nan 
-153.375, 86.875, 3.8767442627303793e-23, nan 
-153.125, 86.875, 3.888660129169012e-23, nan 
-152.875, 86.875, 3.875541305642337e-23, nan 
-152.625, 86.875, 3.6758743486152595e-23, nan 
-152.375, 86.875, 3.728739302636288e-23, nan 
-152.125, 86.875, 3.895662932337764e-23, nan 
-151.875, 86.875, 4.0753027553956e-23, nan 
-151.625, 86.875, 4.176205882717218e-23, nan 
-151.375, 86.875, 4.431707881820742e-23, nan 
-151.125, 86.875, 4.6049457056293525e-23, nan 
-150.875, 86.875, 4.066573910800861e-23, nan 
-150.625, 86.875, 3.263693768240754e-23, nan 
-150.375, 86.875, 3.428027878506974e-23, nan 
-150.125, 86.875, 3.8515720365655156e-23, nan 
-149.875, 86.875, 4.7145078218271705e-23, nan 
-149.625, 86.875, 5.47506704901448e-23, nan 
-149.375, 86.875, 5.1922129963752337e-23, nan 
-149.125, 86.875, 4.576969831939162e-23, nan 
-148.875, 86.875, 3.8698150052126866e-23, nan 
-148.625, 86.875, 3.519858220325687e-23, nan 
-148.375, 86.875, 3.4351710377620404e-23, nan 
-148.125, 86.875, 3.3864249134118506e-23, nan 
-147.875, 86.875, 3.383928642001417e-23, nan 
-147.625, 86.875, 3.4274548549825235e-23, nan 
-147.375, 86.875, 3.41662273997683e-23, nan 
-147.125, 86.875, 3.399062661004688e-23, nan 
-146.875, 86.875, 3.373914485397676e-23, nan 
-146.625, 86.875, 3.4500001782657134e-23, nan 
-146.375, 86.875, 3.492804311050077e-23, nan 
-146.125, 86.875, 3.1551997582905215e-23, nan 
-145.875, 86.875, 2.4241462957223377e-23, nan 
-145.625, 86.875, 1.9238569428482784e-23, nan 
-145.375, 86.875, 1.7818222026178747e-23, nan 
-145.125, 86.875, 1.7711824588988298e-23, nan 
-144.875, 86.875, 1.8966434466051964e-23, nan 
-144.625, 86.875, 2.079637565563575e-23, nan 
-144.375, 86.875, 2.3218416153273336e-23, nan 
-144.125, 86.875, 2.5537480416142172e-23, nan 
-143.875, 86.875, 2.801904120966243e-23, nan 
-143.625, 86.875, 3.0321252779270796e-23, nan 
-143.375, 86.875, 3.353994291448845e-23, nan 
-143.125, 86.875, 3.744555786861476e-23, nan 
-142.875, 86.875, 4.4083156393966626e-23, nan 
-142.625, 86.875, 5.0610101204144405e-23, nan 
-142.375, 86.875, 5.930596263509126e-23, nan 
-142.125, 86.875, 6.693000459764558e-23, nan 
-141.875, 86.875, 7.41096024495832e-23, nan 
-141.625, 86.875, 7.986793330254559e-23, nan 
-141.375, 86.875, 8.263956098115295e-23, nan 
-141.125, 86.875, 8.55502262049526e-23, nan 
-140.875, 86.875, 8.065402871127079e-23, nan 
-140.625, 86.875, 5.668290156738413e-23, nan 
-140.375, 86.875, 2.626107734882214e-23, nan 
-140.125, 86.875, 2.811700007002972e-23, nan 
-139.875, 86.875, 4.540493824940557e-23, nan 
-139.625, 86.875, 5.800703436435529e-23, nan 
-139.375, 86.875, 6.683662580810005e-23, nan 
-139.125, 86.875, 7.434436953682319e-23, nan 
-138.875, 86.875, 8.248633391106086e-23, nan 
-138.625, 86.875, 9.081054509115725e-23, nan 
-138.375, 86.875, 1.0057711089495787e-22, nan 
-138.125, 86.875, 1.143887216432379e-22, nan 
-137.875, 86.875, 1.2843606217484502e-22, nan 
-137.625, 86.875, 1.4580822964418918e-22, nan 
-137.375, 86.875, 1.6109854475421618e-22, nan 
-137.125, 86.875, 1.7766938768013e-22, nan 
-136.875, 86.875, 1.9201563648280491e-22, nan 
-136.625, 86.875, 1.9976238593362123e-22, nan 
-136.375, 86.875, 2.0815280586413808e-22, nan 
-136.125, 86.875, 2.0171897528380514e-22, nan 
-135.875, 86.875, 1.603671389279976e-22, nan 
-135.625, 86.875, 1.193662681298187e-22, nan 
-135.375, 86.875, 1.293325905887192e-22, nan 
-135.125, 86.875, 1.5512736377372866e-22, nan 
-134.875, 86.875, 1.689987838048481e-22, nan 
-134.625, 86.875, 1.778734912238194e-22, nan 
-134.375, 86.875, 1.832612294259603e-22, nan 
-134.125, 86.875, 1.908567792238587e-22, nan 
-133.875, 86.875, 1.9712203710733693e-22, nan 
-133.625, 86.875, 2.018722829838802e-22, nan 
-133.375, 86.875, 2.0217339333484574e-22, nan 
-133.125, 86.875, 1.9178900726727383e-22, nan 
-132.875, 86.875, 1.6828256342092589e-22, nan 
-132.625, 86.875, 1.5004017815030717e-22, nan 
-132.375, 86.875, 1.430921713036903e-22, nan 
-132.125, 86.875, 1.463545658637351e-22, nan 
-131.875, 86.875, 1.493941822108255e-22, nan 
-131.625, 86.875, 1.525586518295284e-22, nan 
-131.375, 86.875, 1.4831651307080422e-22, nan 
-131.125, 86.875, 1.2108601072443923e-22, nan 
-130.875, 86.875, 8.085642673859723e-23, nan 
-130.625, 86.875, 5.006308257030444e-23, nan 
-130.375, 86.875, 3.232755253423944e-23, nan 
-130.125, 86.875, 2.448542401428568e-23, nan 
-129.875, 86.875, 2.1146528332240236e-23, nan 
-129.625, 86.875, 1.9092812136367663e-23, nan 
-129.375, 86.875, 1.7902071788806328e-23, nan 
-129.125, 86.875, 1.688244164877167e-23, nan 
-128.875, 86.875, 1.595396174618424e-23, nan 
-128.625, 86.875, 1.589578880466364e-23, nan 
-128.375, 86.875, 1.5609603790009775e-23, nan 
-128.125, 86.875, 1.6799627047853377e-23, nan 
-127.875, 86.875, 1.814095501774815e-23, nan 
-127.625, 86.875, 1.929151300523044e-23, nan 
-127.375, 86.875, 2.1600156114802544e-23, nan 
-127.125, 86.875, 2.2485193222413916e-23, nan 
-126.875, 86.875, 2.3676106391534138e-23, nan 
-126.625, 86.875, 2.442559171576021e-23, nan 
-126.375, 86.875, 2.4975333125492242e-23, nan 
-126.125, 86.875, 2.5825232357681647e-23, nan 
-125.875, 86.875, 2.6528185407357593e-23, nan 
-125.625, 86.875, 2.748278396269565e-23, nan 
-125.375, 86.875, 2.771057939541416e-23, nan 
-125.125, 86.875, 2.690790886825344e-23, nan 
-124.875, 86.875, 2.6135820507821442e-23, nan 
-124.625, 86.875, 2.5250028942661155e-23, nan 
-124.375, 86.875, 2.316745125258378e-23, nan 
-124.125, 86.875, 2.2752017899693364e-23, nan 
-123.875, 86.875, 2.2806675020165534e-23, nan 
-123.625, 86.875, 2.3664386033001883e-23, nan 
-123.375, 86.875, 2.6102159890430678e-23, nan 
-123.125, 86.875, 2.96100862079028e-23, nan 
-122.875, 86.875, 3.205800673857664e-23, nan 
-122.625, 86.875, 3.57350599208802e-23, nan 
-122.375, 86.875, 3.783404916898877e-23, nan 
-122.125, 86.875, 4.0315363428940844e-23, nan 
-121.875, 86.875, 4.2417198979592466e-23, nan 
-121.625, 86.875, 4.5890108111708764e-23, nan 
-121.375, 86.875, 4.680398415100649e-23, nan 
-121.125, 86.875, 4.8701115319283197e-23, nan 
-120.875, 86.875, 4.9490471153670207e-23, nan 
-120.625, 86.875, 4.992761250557921e-23, nan 
-120.375, 86.875, 5.132755882445647e-23, nan 
-120.125, 86.875, 5.298746497211271e-23, nan 
-119.875, 86.875, 5.608081653532947e-23, nan 
-119.625, 86.875, 5.907703392422858e-23, nan 
-119.375, 86.875, 6.431923992356284e-23, nan 
-119.125, 86.875, 7.107969037758181e-23, nan 
-118.875, 86.875, 7.479819176361198e-23, nan 
-118.625, 86.875, 8.002073158151316e-23, nan 
-118.375, 86.875, 8.219075251938963e-23, nan 
-118.125, 86.875, 8.24517061110591e-23, nan 
-117.875, 86.875, 7.853020788573456e-23, nan 
-117.625, 86.875, 7.200936661601811e-23, nan 
-117.375, 86.875, 5.663082573843306e-23, nan 
-117.125, 86.875, 4.068267305010062e-23, nan 
-116.875, 86.875, 3.3118173100780446e-23, nan 
-116.625, 86.875, 2.7785605936071947e-23, nan 
-116.375, 86.875, 2.9424685328108397e-23, nan 
-116.125, 86.875, 3.1494496303199105e-23, nan 
-115.875, 86.875, 3.489094773874656e-23, nan 
-115.625, 86.875, 3.989352898740478e-23, nan 
-115.375, 86.875, 4.5249396232377726e-23, nan 
-115.125, 86.875, 5.506781644266126e-23, nan 
-114.875, 86.875, 7.63586420730657e-23, nan 
-114.625, 86.875, 9.724773725866859e-23, nan 
-114.375, 86.875, 1.246560295380931e-22, nan 
-114.125, 86.875, 1.449190507853138e-22, nan 
-113.875, 86.875, 1.7215684954092564e-22, nan 
-113.625, 86.875, 1.953079132192875e-22, nan 
-113.375, 86.875, 2.141495676651591e-22, nan 
-113.125, 86.875, 2.230422580946147e-22, nan 
-112.875, 86.875, 2.25084658148637e-22, nan 
-112.625, 86.875, 2.186919380875349e-22, nan 
-112.375, 86.875, 2.074333206560335e-22, nan 
-112.125, 86.875, 2.0205146241295604e-22, nan 
-111.875, 86.875, 1.9646384476181546e-22, nan 
-111.625, 86.875, 1.958974856379675e-22, nan 
-111.375, 86.875, 2.0219220123533807e-22, nan 
-111.125, 86.875, 2.0485669347696937e-22, nan 
-110.875, 86.875, 2.04331692462029e-22, nan 
-110.625, 86.875, 2.0177813117924506e-22, nan 
-110.375, 86.875, 1.9588418811368287e-22, nan 
-110.125, 86.875, 1.9378519503007506e-22, nan 
-109.875, 86.875, 1.9876627893740412e-22, nan 
-109.625, 86.875, 2.0642974058911762e-22, nan 
-109.375, 86.875, 2.1405388996504853e-22, nan 
-109.125, 86.875, 2.2700997636829293e-22, nan 
-108.875, 86.875, 2.3413945376074148e-22, nan 
-108.625, 86.875, 2.1499964207849463e-22, nan 
-108.375, 86.875, 1.9971535108634089e-22, nan 
-108.125, 86.875, 1.9580742428416686e-22, nan 
-107.875, 86.875, 1.8991068548298224e-22, nan 
-107.625, 86.875, 1.8118768596307346e-22, nan 
-107.375, 86.875, 1.7501246632770887e-22, nan 
-107.125, 86.875, 1.6564149363067516e-22, nan 
-106.875, 86.875, 1.5580984409537966e-22, nan 
-106.625, 86.875, 1.5177147225659842e-22, nan 
-106.375, 86.875, 1.4504486447971219e-22, nan 
-106.125, 86.875, 1.394716997190352e-22, nan 
-105.875, 86.875, 1.3318461267541395e-22, nan 
-105.625, 86.875, 1.250102057696539e-22, nan 
-105.375, 86.875, 1.0386633908203858e-22, nan 
-105.125, 86.875, 9.376128382158463e-23, nan 
-104.875, 86.875, 8.48689695049079e-23, nan 
-104.625, 86.875, 8.026528777594789e-23, nan 
-104.375, 86.875, 7.476331495235337e-23, nan 
-104.125, 86.875, 7.255128931508335e-23, nan 
-103.875, 86.875, 7.148397216890452e-23, nan 
-103.625, 86.875, 7.065795852530453e-23, nan 
-103.375, 86.875, 7.053497988028768e-23, nan 
-103.125, 86.875, 7.32282127202189e-23, nan 
-102.875, 86.875, 7.19583688150619e-23, nan 
-102.625, 86.875, 7.080193926144317e-23, nan 
-102.375, 86.875, 6.928232344977741e-23, nan 
-102.125, 86.875, 6.880025556654731e-23, nan 
-101.875, 86.875, 6.838109605340042e-23, nan 
-101.625, 86.875, 6.666407800225776e-23, nan 
-101.375, 86.875, 6.636754029285436e-23, nan 
-101.125, 86.875, 6.145796647185025e-23, nan 
-100.875, 86.875, 6.06134677494512e-23, nan 
-100.625, 86.875, 5.807935969344233e-23, nan 
-100.375, 86.875, 5.422515450900797e-23, nan 
-100.125, 86.875, 5.173216934764945e-23, nan 
-99.875, 86.875, 4.66008505833095e-23, nan 
-99.625, 86.875, 4.300038995096855e-23, nan 
-99.375, 86.875, 3.918939584931717e-23, nan 
-99.125, 86.875, 3.912221497242008e-23, nan 
-98.875, 86.875, 4.3071632470546425e-23, nan 
-98.625, 86.875, 6.388470259277434e-23, nan 
-98.375, 86.875, 8.037275707771417e-23, nan 
-98.125, 86.875, 9.153582330537269e-23, nan 
-97.875, 86.875, 1.0513952714446128e-22, nan 
-97.625, 86.875, 1.1552439199188055e-22, nan 
-97.375, 86.875, 1.1888055602335457e-22, nan 
-97.125, 86.875, 1.1750497483057636e-22, nan 
-96.875, 86.875, 1.138677337741624e-22, nan 
-96.625, 86.875, 1.075577134031823e-22, nan 
-96.375, 86.875, 1.0449091269604164e-22, nan 
-96.125, 86.875, 9.785996001677582e-23, nan 
-95.875, 86.875, 9.334730489390358e-23, nan 
-95.625, 86.875, 8.930761012874524e-23, nan 
-95.375, 86.875, 8.439381796338211e-23, nan 
-95.125, 86.875, 8.267666264459183e-23, nan 
-94.875, 86.875, 8.009665590725106e-23, nan 
-94.625, 86.875, 7.244203764781678e-23, nan 
-94.375, 86.875, 6.888954882788933e-23, nan 
-94.125, 86.875, 6.664174623463771e-23, nan 
-93.875, 86.875, 9.01732061643443e-23, nan 
-93.625, 86.875, 1.13927508828387e-22, nan 
-93.375, 86.875, 1.2039381891041462e-22, nan 
-93.125, 86.875, 1.3149464983161658e-22, nan 
-92.875, 86.875, 1.4535026744392728e-22, nan 
-92.625, 86.875, 1.5338486050279236e-22, nan 
-92.375, 86.875, 1.5302213279548383e-22, nan 
-92.125, 86.875, 1.4423374503662878e-22, nan 
-91.875, 86.875, 1.361222217843108e-22, nan 
-91.625, 86.875, 1.3677898493382145e-22, nan 
-91.375, 86.875, 1.2934290244556812e-22, nan 
-91.125, 86.875, 1.255260315033957e-22, nan 
-90.875, 86.875, 1.1943859518162051e-22, nan 
-90.625, 86.875, 1.064648021987282e-22, nan 
-90.375, 86.875, 9.061717157267461e-23, nan 
-90.125, 86.875, 7.432836528682888e-23, nan 
-89.875, 86.875, 5.446337140912988e-23, nan 
-89.625, 86.875, 4.655576322578152e-23, nan 
-89.375, 86.875, 6.039877104000936e-23, nan 
-89.125, 86.875, 8.620931667742183e-23, nan 
-88.875, 86.875, 1.1311568970566317e-22, nan 
-88.625, 86.875, 1.28568717397054e-22, nan 
-88.375, 86.875, 1.3953289357508925e-22, nan 
-88.125, 86.875, 1.5310491375148507e-22, nan 
-87.875, 86.875, 1.6172765287819112e-22, nan 
-87.625, 86.875, 1.690929407713394e-22, nan 
-87.375, 86.875, 1.6565060614274944e-22, nan 
-87.125, 86.875, 1.6838893525690198e-22, nan 
-86.875, 86.875, 1.7714600534379747e-22, nan 
-86.625, 86.875, 1.8319094775887306e-22, nan 
-86.375, 86.875, 1.9064142222842856e-22, nan 
-86.125, 86.875, 1.9804896895718528e-22, nan 
-85.875, 86.875, 1.9935479676095673e-22, nan 
-85.625, 86.875, 2.0319861439126377e-22, nan 
-85.375, 86.875, 2.082542707765822e-22, nan 
-85.125, 86.875, 2.0596590207371831e-22, nan 
-84.875, 86.875, 2.077480896228163e-22, nan 
-84.625, 86.875, 2.1510368227415617e-22, nan 
-84.375, 86.875, 2.222425585104128e-22, nan 
-84.125, 86.875, 2.2767784825529384e-22, nan 
-83.875, 86.875, 2.3467910078114507e-22, nan 
-83.625, 86.875, 2.387235342321293e-22, nan 
-83.375, 86.875, 2.463032083271913e-22, nan 
-83.125, 86.875, 2.5338173422241116e-22, nan 
-82.875, 86.875, 2.6394946610369695e-22, nan 
-82.625, 86.875, 2.680361831992225e-22, nan 
-82.375, 86.875, 2.7974607079964477e-22, nan 
-82.125, 86.875, 2.8692905710134895e-22, nan 
-81.875, 86.875, 2.9658974340572213e-22, nan 
-81.625, 86.875, 3.0460917996131985e-22, nan 
-81.375, 86.875, 3.165098433411435e-22, nan 
-81.125, 86.875, 3.2749044298067874e-22, nan 
-80.875, 86.875, 3.410020432731634e-22, nan 
-80.625, 86.875, 3.470427503207565e-22, nan 
-80.375, 86.875, 3.4284248588252437e-22, nan 
-80.125, 86.875, 3.4216854950270526e-22, nan 
-79.875, 86.875, 3.402484337647141e-22, nan 
-79.625, 86.875, 3.3262838390207013e-22, nan 
-79.375, 86.875, 3.281517581951194e-22, nan 
-79.125, 86.875, 3.1579831561856363e-22, nan 
-78.875, 86.875, 3.093166506266309e-22, nan 
-78.625, 86.875, 3.009642824244577e-22, nan 
-78.375, 86.875, 3.0844459475887675e-22, nan 
-78.125, 86.875, 3.131302000819087e-22, nan 
-77.875, 86.875, 3.2644299945559073e-22, nan 
-77.625, 86.875, 3.381270133673926e-22, nan 
-77.375, 86.875, 3.511393653807597e-22, nan 
-77.125, 86.875, 3.5600052276227284e-22, nan 
-76.875, 86.875, 3.6531038228313596e-22, nan 
-76.625, 86.875, 3.81246433071586e-22, nan 
-76.375, 86.875, 4.0543196832688973e-22, nan 
-76.125, 86.875, 4.172643975638877e-22, nan 
-75.875, 86.875, 4.248745931451193e-22, nan 
-75.625, 86.875, 4.26182170038359e-22, nan 
-75.375, 86.875, 4.280655296699677e-22, nan 
-75.125, 86.875, 4.0969936159078194e-22, nan 
-74.875, 86.875, 3.7119258732936885e-22, nan 
-74.625, 86.875, 3.6107384150296083e-22, nan 
-74.375, 86.875, 3.1992452755546997e-22, nan 
-74.125, 86.875, 2.796508213580633e-22, nan 
-73.875, 86.875, 2.174616986174575e-22, nan 
-73.625, 86.875, 1.9761224796484158e-22, nan 
-73.375, 86.875, 1.8771324034403057e-22, nan 
-73.125, 86.875, 2.3994253827988754e-22, nan 
-72.875, 86.875, 3.0169627570876276e-22, nan 
-72.625, 86.875, 3.660165109904964e-22, nan 
-72.375, 86.875, 3.668022223101537e-22, nan 
-72.125, 86.875, 3.6067491024868304e-22, nan 
-71.875, 86.875, 3.6000037972038136e-22, nan 
-71.625, 86.875, 4.01390623971391e-22, nan 
-71.375, 86.875, 4.368864085613412e-22, nan 
-71.125, 86.875, 4.8602960343312475e-22, nan 
-70.875, 86.875, 4.820715107643458e-22, nan 
-70.625, 86.875, 4.984782627864099e-22, nan 
-70.375, 86.875, 5.130342979062757e-22, nan 
-70.125, 86.875, 5.301730056888237e-22, nan 
-69.875, 86.875, 5.866743196016138e-22, nan 
-69.625, 86.875, 6.1800845281566e-22, nan 
-69.375, 86.875, 5.974913649676541e-22, nan 
-69.125, 86.875, 5.379395818658948e-22, nan 
-68.875, 86.875, 4.967798395042324e-22, nan 
-68.625, 86.875, 4.596199826025133e-22, nan 
-68.375, 86.875, 4.29412056304283e-22, nan 
-68.125, 86.875, 4.490953776461421e-22, nan 
-67.875, 86.875, 5.3227730165141635e-22, nan 
-67.625, 86.875, 5.772628626333287e-22, nan 
-67.375, 86.875, 6.456137989997652e-22, nan 
-67.125, 86.875, 6.812168144977867e-22, nan 
-66.875, 86.875, 7.520257506095522e-22, nan 
-66.625, 86.875, 8.24074000302323e-22, nan 
-66.375, 86.875, 8.755665320502367e-22, nan 
-66.125, 86.875, 9.027840832529618e-22, nan 
-65.875, 86.875, 9.601934631446433e-22, nan 
-65.625, 86.875, 1.0306882708894443e-21, nan 
-65.375, 86.875, 1.0745843813679663e-21, nan 
-65.125, 86.875, 1.1171906218753526e-21, nan 
-64.875, 86.875, 1.1201049060515406e-21, nan 
-64.625, 86.875, 1.1277946781498446e-21, nan 
-64.375, 86.875, 1.1068613238859777e-21, nan 
-64.125, 86.875, 1.0765327469828e-21, nan 
-63.875, 86.875, 1.037311137661342e-21, nan 
-63.625, 86.875, 9.932822929967813e-22, nan 
-63.375, 86.875, 9.753221778625405e-22, nan 
-63.125, 86.875, 9.454244430992289e-22, nan 
-62.875, 86.875, 8.986643362401767e-22, nan 
-62.625, 86.875, 8.691674871373234e-22, nan 
-62.375, 86.875, 8.353543597819328e-22, nan 
-62.125, 86.875, 7.967216799297027e-22, nan 
-61.875, 86.875, 7.43607470198559e-22, nan 
-61.625, 86.875, 7.359881402321794e-22, nan 
-61.375, 86.875, 7.491672578830891e-22, nan 
-61.125, 86.875, 8.564247027400536e-22, nan 
-60.875, 86.875, 1.0064507231486432e-21, nan 
-60.625, 86.875, 1.1183077900093272e-21, nan 
-60.375, 86.875, 1.2181513400838522e-21, nan 
-60.125, 86.875, 1.2208486813697662e-21, nan 
-59.875, 86.875, 1.241253384005048e-21, nan 
-59.625, 86.875, 1.242697914499734e-21, nan 
-59.375, 86.875, 1.2403750356493503e-21, nan 
-59.125, 86.875, 1.253448298140918e-21, nan 
-58.875, 86.875, 1.2424728331353188e-21, nan 
-58.625, 86.875, 1.2802188168233025e-21, nan 
-58.375, 86.875, 1.260827085370714e-21, nan 
-58.125, 86.875, 1.2602550953339602e-21, nan 
-57.875, 86.875, 1.2418723085745815e-21, nan 
-57.625, 86.875, 1.20004689041797e-21, nan 
-57.375, 86.875, 1.1526975536710733e-21, nan 
-57.125, 86.875, 9.796886508250154e-22, nan 
-56.875, 86.875, 8.036556959036967e-22, nan 
-56.625, 86.875, 6.989387125707728e-22, nan 
-56.375, 86.875, 5.19313119050373e-22, nan 
-56.125, 86.875, 4.237679030483776e-22, nan 
-55.875, 86.875, 3.729054149081243e-22, nan 
-55.625, 86.875, 3.749385270887785e-22, nan 
-55.375, 86.875, 3.702321789095891e-22, nan 
-55.125, 86.875, 3.9147185936234045e-22, nan 
-54.875, 86.875, 4.29820558913784e-22, nan 
-54.625, 86.875, 4.614573779288652e-22, nan 
-54.375, 86.875, 5.034317041395947e-22, nan 
-54.125, 86.875, 5.201148896412139e-22, nan 
-53.875, 86.875, 5.628378072622119e-22, nan 
-53.625, 86.875, 5.741211934754871e-22, nan 
-53.375, 86.875, 5.965489727458024e-22, nan 
-53.125, 86.875, 6.01012724220804e-22, nan 
-52.875, 86.875, 5.872544058982874e-22, nan 
-52.625, 86.875, 6.021192866914434e-22, nan 
-52.375, 86.875, 5.555619772051303e-22, nan 
-52.125, 86.875, 5.002809626553013e-22, nan 
-51.875, 86.875, 4.68254603697469e-22, nan 
-51.625, 86.875, 4.356529360669985e-22, nan 
-51.375, 86.875, 4.1581783688947493e-22, nan 
-51.125, 86.875, 3.9542393163936554e-22, nan 
-50.875, 86.875, 3.7552726736226274e-22, nan 
-50.625, 86.875, 3.6879382656636287e-22, nan 
-50.375, 86.875, 3.5498654677143375e-22, nan 
-50.125, 86.875, 3.471099173853969e-22, nan 
-49.875, 86.875, 3.377952394145674e-22, nan 
-49.625, 86.875, 3.3323936540441215e-22, nan 
-49.375, 86.875, 3.3255177251992214e-22, nan 
-49.125, 86.875, 3.332373123952718e-22, nan 
-48.875, 86.875, 3.3126434699397373e-22, nan 
-48.625, 86.875, 3.314962265049985e-22, nan 
-48.375, 86.875, 3.3056197547612734e-22, nan 
-48.125, 86.875, 3.299341473598552e-22, nan 
-47.875, 86.875, 3.2095844837674325e-22, nan 
-47.625, 86.875, 3.0948251598277466e-22, nan 
-47.375, 86.875, 3.000503830081759e-22, nan 
-47.125, 86.875, 2.9386419304525896e-22, nan 
-46.875, 86.875, 3.046096094136564e-22, nan 
-46.625, 86.875, 3.2118524361166285e-22, nan 
-46.375, 86.875, 3.308053574515291e-22, nan 
-46.125, 86.875, 5.49282020497413e-22, nan 
-45.875, 86.875, 8.135607709326898e-22, nan 
-45.625, 86.875, 1.5164525182196869e-21, nan 
-45.375, 86.875, 1.88130878742585e-21, nan 
-45.125, 86.875, 1.8461666009968505e-21, nan 
-44.875, 86.875, 1.8144541769973278e-21, nan 
-44.625, 86.875, 1.8341564979795516e-21, nan 
-44.375, 86.875, 1.8714265747066248e-21, nan 
-44.125, 86.875, 1.8884394595807444e-21, nan 
-43.875, 86.875, 1.9052142223366144e-21, nan 
-43.625, 86.875, 1.9120178582623655e-21, nan 
-43.375, 86.875, 1.9717292579616647e-21, nan 
-43.125, 86.875, 2.0604123406896058e-21, nan 
-42.875, 86.875, 2.114141218244841e-21, nan 
-42.625, 86.875, 2.0608997337339416e-21, nan 
-42.375, 86.875, 2.0535827452794923e-21, nan 
-42.125, 86.875, 2.136555757452068e-21, nan 
-41.875, 86.875, 2.1477382180087432e-21, nan 
-41.625, 86.875, 2.180755196500103e-21, nan 
-41.375, 86.875, 2.210395343317574e-21, nan 
-41.125, 86.875, 2.2403228933169753e-21, nan 
-40.875, 86.875, 2.2154592415406233e-21, nan 
-40.625, 86.875, 2.2677980523601493e-21, nan 
-40.375, 86.875, 2.3386447726786375e-21, nan 
-40.125, 86.875, 2.332830975058661e-21, nan 
-39.875, 86.875, 2.383159553898096e-21, nan 
-39.625, 86.875, 2.3960327307510213e-21, nan 
-39.375, 86.875, 2.44642814773896e-21, nan 
-39.125, 86.875, 2.3709519973197932e-21, nan 
-38.875, 86.875, 2.325827271685206e-21, nan 
-38.625, 86.875, 2.2459911560417973e-21, nan 
-38.375, 86.875, 2.191913489314915e-21, nan 
-38.125, 86.875, 2.2227707825438355e-21, nan 
-37.875, 86.875, 2.17671100743865e-21, nan 
-37.625, 86.875, 2.096643285293551e-21, nan 
-37.375, 86.875, 2.0355082888978657e-21, nan 
-37.125, 86.875, 2.02959014647611e-21, nan 
-36.875, 86.875, 2.0492106156307858e-21, nan 
-36.625, 86.875, 2.0738387847733594e-21, nan 
-36.375, 86.875, 2.1298299248803195e-21, nan 
-36.125, 86.875, 2.191349468142553e-21, nan 
-35.875, 86.875, 2.244931429600512e-21, nan 
-35.625, 86.875, 2.252888979471152e-21, nan 
-35.375, 86.875, 2.288666894117371e-21, nan 
-35.125, 86.875, 2.247280445068924e-21, nan 
-34.875, 86.875, 2.247041745129705e-21, nan 
-34.625, 86.875, 2.2432645288852832e-21, nan 
-34.375, 86.875, 2.247144032429483e-21, nan 
-34.125, 86.875, 2.2147875855148323e-21, nan 
-33.875, 86.875, 2.2019418573552308e-21, nan 
-33.625, 86.875, 2.1783768647129794e-21, nan 
-33.375, 86.875, 2.138187212993897e-21, nan 
-33.125, 86.875, 2.090720148633767e-21, nan 
-32.875, 86.875, 2.034202406521723e-21, nan 
-32.625, 86.875, 2.004732129783269e-21, nan 
-32.375, 86.875, 1.9049754477039355e-21, nan 
-32.125, 86.875, 1.81849745125626e-21, nan 
-31.875, 86.875, 1.751465631577916e-21, nan 
-31.625, 86.875, 1.7924032226458022e-21, nan 
-31.375, 86.875, 1.882735470534695e-21, nan 
-31.125, 86.875, 1.9768699440930966e-21, nan 
-30.875, 86.875, 2.0105547274877416e-21, nan 
-30.625, 86.875, 2.1086745704081506e-21, nan 
-30.375, 86.875, 2.1418345813362402e-21, nan 
-30.125, 86.875, 2.1628668637782982e-21, nan 
-29.875, 86.875, 2.244116140547552e-21, nan 
-29.625, 86.875, 2.3043242962917128e-21, nan 
-29.375, 86.875, 2.3179526611287965e-21, nan 
-29.125, 86.875, 2.26297967537839e-21, nan 
-28.875, 86.875, 2.1943035904492166e-21, nan 
-28.625, 86.875, 2.1302739477640893e-21, nan 
-28.375, 86.875, 2.0814046176993293e-21, nan 
-28.125, 86.875, 2.034732150883059e-21, nan 
-27.875, 86.875, 1.96684000586806e-21, nan 
-27.625, 86.875, 1.879758522927014e-21, nan 
-27.375, 86.875, 1.8185037145507882e-21, nan 
-27.125, 86.875, 1.74491451908543e-21, nan 
-26.875, 86.875, 1.6667706539013796e-21, nan 
-26.625, 86.875, 1.6490120235986173e-21, nan 
-26.375, 86.875, 1.6678953686649356e-21, nan 
-26.125, 86.875, 1.6865356252434571e-21, nan 
-25.875, 86.875, 1.6895732446324202e-21, nan 
-25.625, 86.875, 1.6649508244253949e-21, nan 
-25.375, 86.875, 1.6592085290263973e-21, nan 
-25.125, 86.875, 1.6449341163773541e-21, nan 
-24.875, 86.875, 1.6390911780202424e-21, nan 
-24.625, 86.875, 1.6436092671323745e-21, nan 
-24.375, 86.875, 1.6434888270037711e-21, nan 
-24.125, 86.875, 1.6229029505832064e-21, nan 
-23.875, 86.875, 1.6305992696486416e-21, nan 
-23.625, 86.875, 1.6303209429283234e-21, nan 
-23.375, 86.875, 1.576998218952389e-21, nan 
-23.125, 86.875, 1.558255291919426e-21, nan 
-22.875, 86.875, 1.520415833226067e-21, nan 
-22.625, 86.875, 1.4963713247083296e-21, nan 
-22.375, 86.875, 1.5180823085110624e-21, nan 
-22.125, 86.875, 1.5674507464839093e-21, nan 
-21.875, 86.875, 1.6104574878140058e-21, nan 
-21.625, 86.875, 1.7000674833045508e-21, nan 
-21.375, 86.875, 1.760280415524249e-21, nan 
-21.125, 86.875, 1.8445986659794584e-21, nan 
-20.875, 86.875, 1.897224256740373e-21, nan 
-20.625, 86.875, 1.9230898115417388e-21, nan 
-20.375, 86.875, 1.990016945744681e-21, nan 
-20.125, 86.875, 2.010806963739074e-21, nan 
-19.875, 86.875, 2.019684613808268e-21, nan 
-19.625, 86.875, 2.0488096938673916e-21, nan 
-19.375, 86.875, 2.0664214250369238e-21, nan 
-19.125, 86.875, 2.100044267708415e-21, nan 
-18.875, 86.875, 2.1332244790300743e-21, nan 
-18.625, 86.875, 2.1316054075081793e-21, nan 
-18.375, 86.875, 2.127729355193824e-21, nan 
-18.125, 86.875, 2.09357408968998e-21, nan 
-17.875, 86.875, 2.05833773117105e-21, nan 
-17.625, 86.875, 2.0444892445974277e-21, nan 
-17.375, 86.875, 2.0206608156787856e-21, nan 
-17.125, 86.875, 1.9635413353780886e-21, nan 
-16.875, 86.875, 1.8798452890466136e-21, nan 
-16.625, 86.875, 1.807176693031262e-21, nan 
-16.375, 86.875, 1.6931079663486881e-21, nan 
-16.125, 86.875, 1.5911318951399796e-21, nan 
-15.875, 86.875, 1.4573840546360787e-21, nan 
-15.625, 86.875, 1.1238458870765036e-21, nan 
-15.375, 86.875, 9.248364939171189e-22, nan 
-15.125, 86.875, 7.313836294980314e-22, nan 
-14.875, 86.875, 6.0124707193639625e-22, nan 
-14.625, 86.875, 4.587871532927136e-22, nan 
-14.375, 86.875, 3.9516331416391586e-22, nan 
-14.125, 86.875, 3.4926996737357106e-22, nan 
-13.875, 86.875, 3.1881831578247836e-22, nan 
-13.625, 86.875, 3.0687523823829946e-22, nan 
-13.375, 86.875, 2.827446644246184e-22, nan 
-13.125, 86.875, 2.6087935664462995e-22, nan 
-12.875, 86.875, 2.6713914607099053e-22, nan 
-12.625, 86.875, 2.9822935294935524e-22, nan 
-12.375, 86.875, 3.1639042373677193e-22, nan 
-12.125, 86.875, 3.3337000377402155e-22, nan 
-11.875, 86.875, 3.4490095121150907e-22, nan 
-11.625, 86.875, 3.4957504618073135e-22, nan 
-11.375, 86.875, 3.3625214411506647e-22, nan 
-11.125, 86.875, 3.3305594655947726e-22, nan 
-10.875, 86.875, 3.2932716566464685e-22, nan 
-10.625, 86.875, 3.231343502377686e-22, nan 
-10.375, 86.875, 3.216015477691184e-22, nan 
-10.125, 86.875, 3.3030276085502674e-22, nan 
-9.875, 86.875, 3.4104730212384835e-22, nan 
-9.625, 86.875, 3.7514119933877415e-22, nan 
-9.375, 86.875, 4.076928748494597e-22, nan 
-9.125, 86.875, 4.490838027060931e-22, nan 
-8.875, 86.875, 4.849661045556953e-22, nan 
-8.625, 86.875, 5.156079681943796e-22, nan 
-8.375, 86.875, 5.358502589077682e-22, nan 
-8.125, 86.875, 5.592446711515892e-22, nan 
-7.875, 86.875, 5.680877101005166e-22, nan 
-7.625, 86.875, 5.708996970613402e-22, nan 
-7.375, 86.875, 5.818218879681086e-22, nan 
-7.125, 86.875, 5.927745058836557e-22, nan 
-6.875, 86.875, 5.938887168919892e-22, nan 
-6.625, 86.875, 5.916384622258087e-22, nan 
-6.375, 86.875, 5.611717181199522e-22, nan 
-6.125, 86.875, 5.161707863371471e-22, nan 
-5.875, 86.875, 4.699599497361706e-22, nan 
-5.625, 86.875, 4.1587919938379726e-22, nan 
-5.375, 86.875, 3.757124906106769e-22, nan 
-5.125, 86.875, 3.426199285668296e-22, nan 
-4.875, 86.875, 3.030414173556413e-22, nan 
-4.625, 86.875, 2.719496294131239e-22, nan 
-4.375, 86.875, 2.6731372636573873e-22, nan 
-4.125, 86.875, 2.6596501105689756e-22, nan 
-3.875, 86.875, 2.7744248535577444e-22, nan 
-3.625, 86.875, 2.948043578523679e-22, nan 
-3.375, 86.875, 3.222640559765585e-22, nan 
-3.125, 86.875, 3.572660842742751e-22, nan 
-2.875, 86.875, 4.011257303417908e-22, nan 
-2.625, 86.875, 4.678679327281756e-22, nan 
-2.375, 86.875, 5.413029883699443e-22, nan 
-2.125, 86.875, 5.832400765349038e-22, nan 
-1.875, 86.875, 5.971219950593031e-22, nan 
-1.625, 86.875, 5.872460597282473e-22, nan 
-1.375, 86.875, 5.9682750850335705e-22, nan 
-1.125, 86.875, 6.995883327056554e-22, nan 
-0.875, 86.875, 8.468098966533148e-22, nan 
-0.625, 86.875, 8.828086236624384e-22, nan 
-0.375, 86.875, 9.068331994985802e-22, nan 
-0.125, 86.875, 8.73244027178114e-22, nan 
0.125, 86.875, 8.19973886880351e-22, nan 
0.375, 86.875, 7.724937662023175e-22, nan 
0.625, 86.875, 7.017370874103015e-22, nan 
0.875, 86.875, 6.104457674736209e-22, nan 
1.125, 86.875, 5.230904093148931e-22, nan 
1.375, 86.875, 5.261194158493044e-22, nan 
1.625, 86.875, 5.802230839742513e-22, nan 
1.875, 86.875, 6.936531169334478e-22, nan 
2.125, 86.875, 8.391038830081028e-22, nan 
2.375, 86.875, 9.655125210619057e-22, nan 
2.625, 86.875, 1.0340636718966226e-21, nan 
2.875, 86.875, 1.0808007064528517e-21, nan 
3.125, 86.875, 1.0823652513795155e-21, nan 
3.375, 86.875, 1.0354441540007143e-21, nan 
3.625, 86.875, 9.94625764244169e-22, nan 
3.875, 86.875, 9.46209564869945e-22, nan 
4.125, 86.875, 8.691104813003582e-22, nan 
4.375, 86.875, 8.01292822223646e-22, nan 
4.625, 86.875, 7.780715766865943e-22, nan 
4.875, 86.875, 7.66729149420348e-22, nan 
5.125, 86.875, 7.773364082444289e-22, nan 
5.375, 86.875, 8.030227758304115e-22, nan 
5.625, 86.875, 8.309161378899508e-22, nan 
5.875, 86.875, 8.679321219669655e-22, nan 
6.125, 86.875, 9.050772850477874e-22, nan 
6.375, 86.875, 9.35843695073679e-22, nan 
6.625, 86.875, 9.67912370491282e-22, nan 
6.875, 86.875, 1.002247881148047e-21, nan 
7.125, 86.875, 1.0200379659081315e-21, nan 
7.375, 86.875, 1.030292885498103e-21, nan 
7.625, 86.875, 1.044765630282493e-21, nan 
7.875, 86.875, 1.0424870148359719e-21, nan 
8.125, 86.875, 1.0154245006345337e-21, nan 
8.375, 86.875, 9.919581886504217e-22, nan 
8.625, 86.875, 9.618660997247592e-22, nan 
8.875, 86.875, 9.21528031928355e-22, nan 
9.125, 86.875, 8.749575967980411e-22, nan 
9.375, 86.875, 8.619443389757802e-22, nan 
9.625, 86.875, 8.564942859841064e-22, nan 
9.875, 86.875, 8.489069171280729e-22, nan 
10.125, 86.875, 7.599387936488233e-22, nan 
10.375, 86.875, 6.565446065228149e-22, nan 
10.625, 86.875, 6.14699358269075e-22, nan 
10.875, 86.875, 5.34304321790877e-22, nan 
11.125, 86.875, 4.997220518385545e-22, nan 
11.375, 86.875, 4.669565882450432e-22, nan 
11.625, 86.875, 4.434240856662818e-22, nan 
11.875, 86.875, 4.134318757158285e-22, nan 
12.125, 86.875, 3.9780345369165896e-22, nan 
12.375, 86.875, 3.940304337322927e-22, nan 
12.625, 86.875, 3.8465033824400994e-22, nan 
12.875, 86.875, 3.6450336891076925e-22, nan 
13.125, 86.875, 3.4846304676698645e-22, nan 
13.375, 86.875, 3.3336093684534864e-22, nan 
13.625, 86.875, 3.184639558205056e-22, nan 
13.875, 86.875, 2.981939101815552e-22, nan 
14.125, 86.875, 2.9436446286967626e-22, nan 
14.375, 86.875, 2.799990953631894e-22, nan 
14.625, 86.875, 2.646978217145774e-22, nan 
14.875, 86.875, 2.4505114571933554e-22, nan 
15.125, 86.875, 2.3453557479327544e-22, nan 
15.375, 86.875, 2.251149371035107e-22, nan 
15.625, 86.875, 2.1249039792613e-22, nan 
15.875, 86.875, 1.9967575278758846e-22, nan 
16.125, 86.875, 1.8086523758614317e-22, nan 
16.375, 86.875, 1.6955122881390698e-22, nan 
16.625, 86.875, 1.6447873181625401e-22, nan 
16.875, 86.875, 1.6022743666742855e-22, nan 
17.125, 86.875, 1.5347891647525357e-22, nan 
17.375, 86.875, 1.4047641135299062e-22, nan 
17.625, 86.875, 1.3191182331030789e-22, nan 
17.875, 86.875, 1.1961089301289382e-22, nan 
18.125, 86.875, 1.1183178733639346e-22, nan 
18.375, 86.875, 1.2488428077417682e-22, nan 
18.625, 86.875, 1.4606244264913597e-22, nan 
18.875, 86.875, 1.7329826323180516e-22, nan 
19.125, 86.875, 2.281134594208284e-22, nan 
19.375, 86.875, 2.926760063098679e-22, nan 
19.625, 86.875, 3.258451098695924e-22, nan 
19.875, 86.875, 3.515445176408815e-22, nan 
20.125, 86.875, 3.7660301502341703e-22, nan 
20.375, 86.875, 3.7072571734831268e-22, nan 
20.625, 86.875, 3.6329659387522665e-22, nan 
20.875, 86.875, 3.536427498404177e-22, nan 
21.125, 86.875, 3.3415518019745865e-22, nan 
21.375, 86.875, 3.210127405048087e-22, nan 
21.625, 86.875, 3.059890479017493e-22, nan 
21.875, 86.875, 3.0482528863339687e-22, nan 
22.125, 86.875, 2.5998347433620875e-22, nan 
22.375, 86.875, 2.221974627638617e-22, nan 
22.625, 86.875, 1.9863861275785307e-22, nan 
22.875, 86.875, 1.8650103734758898e-22, nan 
23.125, 86.875, 2.398488422986842e-22, nan 
23.375, 86.875, 3.1851080371091826e-22, nan 
23.625, 86.875, 3.8752872562314055e-22, nan 
23.875, 86.875, 4.925474001247976e-22, nan 
24.125, 86.875, 5.981243843082324e-22, nan 
24.375, 86.875, 6.200895968203392e-22, nan 
24.625, 86.875, 5.883319892019569e-22, nan 
24.875, 86.875, 5.670381451788913e-22, nan 
25.125, 86.875, 5.577806197002145e-22, nan 
25.375, 86.875, 5.57971222471805e-22, nan 
25.625, 86.875, 5.66471220673904e-22, nan 
25.875, 86.875, 5.431067382109289e-22, nan 
26.125, 86.875, 5.326445424953532e-22, nan 
26.375, 86.875, 5.304193429993458e-22, nan 
26.625, 86.875, 5.423457762609227e-22, nan 
26.875, 86.875, 4.1436445395392394e-22, nan 
27.125, 86.875, 3.2987970851323473e-22, nan 
27.375, 86.875, 2.89938095437334e-22, nan 
27.625, 86.875, 2.798440163693871e-22, nan 
27.875, 86.875, 2.9056345715803655e-22, nan 
28.125, 86.875, 3.1543893689525346e-22, nan 
28.375, 86.875, 3.378237682964393e-22, nan 
28.625, 86.875, 3.82995448149007e-22, nan 
28.875, 86.875, 4.312599513164269e-22, nan 
29.125, 86.875, 4.501750206218761e-22, nan 
29.375, 86.875, 4.535405911129602e-22, nan 
29.625, 86.875, 4.6860044092677105e-22, nan 
29.875, 86.875, 4.724059679345806e-22, nan 
30.125, 86.875, 4.685559033031108e-22, nan 
30.375, 86.875, 4.655584944315186e-22, nan 
30.625, 86.875, 4.677456082413474e-22, nan 
30.875, 86.875, 4.634902105315835e-22, nan 
31.125, 86.875, 4.602619939397993e-22, nan 
31.375, 86.875, 4.432190619499681e-22, nan 
31.625, 86.875, 3.9350830896538014e-22, nan 
31.875, 86.875, 3.5028306512877834e-22, nan 
32.125, 86.875, 3.2144590402022294e-22, nan 
32.375, 86.875, 3.0567543880056098e-22, nan 
32.625, 86.875, 2.955361004449526e-22, nan 
32.875, 86.875, 2.905357215382785e-22, nan 
33.125, 86.875, 2.992197347606267e-22, nan 
33.375, 86.875, 3.0513287714669807e-22, nan 
33.625, 86.875, 2.87558189786604e-22, nan 
33.875, 86.875, 2.478011054796504e-22, nan 
34.125, 86.875, 2.2452613632280273e-22, nan 
34.375, 86.875, 1.7433000862666083e-22, nan 
34.625, 86.875, 1.4709400149810237e-22, nan 
34.875, 86.875, 1.253346757921162e-22, nan 
35.125, 86.875, 1.1233194342457856e-22, nan 
35.375, 86.875, 1.0736789985899626e-22, nan 
35.625, 86.875, 1.0143788837082118e-22, nan 
35.875, 86.875, 9.110287569684101e-23, nan 
36.125, 86.875, 8.773171470544459e-23, nan 
36.375, 86.875, 8.541869001491181e-23, nan 
36.625, 86.875, 7.559693229621615e-23, nan 
36.875, 86.875, 7.276369520821274e-23, nan 
37.125, 86.875, 6.804633541069672e-23, nan 
37.375, 86.875, 6.75460424024057e-23, nan 
37.625, 86.875, 6.905317169247014e-23, nan 
37.875, 86.875, 6.99539550372328e-23, nan 
38.125, 86.875, 7.473658487146507e-23, nan 
38.375, 86.875, 7.705878385549112e-23, nan 
38.625, 86.875, 7.929949665087249e-23, nan 
38.875, 86.875, 8.415541716849922e-23, nan 
39.125, 86.875, 8.626088229984321e-23, nan 
39.375, 86.875, 8.80903959897084e-23, nan 
39.625, 86.875, 9.087099399869977e-23, nan 
39.875, 86.875, 9.167614518211286e-23, nan 
40.125, 86.875, 9.160220448268178e-23, nan 
40.375, 86.875, 9.290880138432929e-23, nan 
40.625, 86.875, 9.29498019716707e-23, nan 
40.875, 86.875, 9.319727674682025e-23, nan 
41.125, 86.875, 9.249502183614154e-23, nan 
41.375, 86.875, 8.953409254641448e-23, nan 
41.625, 86.875, 8.785622346307445e-23, nan 
41.875, 86.875, 8.395889581755164e-23, nan 
42.125, 86.875, 8.22855626939321e-23, nan 
42.375, 86.875, 7.900814408005129e-23, nan 
42.625, 86.875, 7.561828545695062e-23, nan 
42.875, 86.875, 7.100977990039299e-23, nan 
43.125, 86.875, 6.81600346663574e-23, nan 
43.375, 86.875, 6.537215334978371e-23, nan 
43.625, 86.875, 6.496284499697785e-23, nan 
43.875, 86.875, 6.510435082170768e-23, nan 
44.125, 86.875, 6.483971755923368e-23, nan 
44.375, 86.875, 6.472407922505867e-23, nan 
44.625, 86.875, 6.532604638537844e-23, nan 
44.875, 86.875, 6.598022658217988e-23, nan 
45.125, 86.875, 6.591113224575411e-23, nan 
45.375, 86.875, 6.622156774987737e-23, nan 
45.625, 86.875, 7.11132549234798e-23, nan 
45.875, 86.875, 8.568142889571966e-23, nan 
46.125, 86.875, 1.0429316542337025e-22, nan 
46.375, 86.875, 1.2700824361105363e-22, nan 
46.625, 86.875, 1.4940642361797223e-22, nan 
46.875, 86.875, 1.6788759249453657e-22, nan 
47.125, 86.875, 1.8083879899785583e-22, nan 
47.375, 86.875, 1.9313243187561505e-22, nan 
47.625, 86.875, 2.0375034489846226e-22, nan 
47.875, 86.875, 2.1513373072967205e-22, nan 
48.125, 86.875, 2.241134168230637e-22, nan 
48.375, 86.875, 2.3094364050973906e-22, nan 
48.625, 86.875, 2.3450830085857714e-22, nan 
48.875, 86.875, 2.350745401058637e-22, nan 
49.125, 86.875, 2.3283880686925035e-22, nan 
49.375, 86.875, 2.3038971702161657e-22, nan 
49.625, 86.875, 2.270063380359966e-22, nan 
49.875, 86.875, 2.223384728690609e-22, nan 
50.125, 86.875, 2.1462037078211543e-22, nan 
50.375, 86.875, 2.0210038372210086e-22, nan 
50.625, 86.875, 1.88704417575105e-22, nan 
50.875, 86.875, 1.7016309348714604e-22, nan 
51.125, 86.875, 1.5831890337827062e-22, nan 
51.375, 86.875, 1.5643036072328309e-22, nan 
51.625, 86.875, 1.6151513567209847e-22, nan 
51.875, 86.875, 1.6673753389041984e-22, nan 
52.125, 86.875, 1.7515424606661988e-22, nan 
52.375, 86.875, 1.8560031659991877e-22, nan 
52.625, 86.875, 2.0288955848013917e-22, nan 
52.875, 86.875, 2.1863883497990075e-22, nan 
53.125, 86.875, 2.335430954385359e-22, nan 
53.375, 86.875, 2.4735737116838045e-22, nan 
53.625, 86.875, 2.5851528676284095e-22, nan 
53.875, 86.875, 2.680833176638274e-22, nan 
54.125, 86.875, 2.724442702601393e-22, nan 
54.375, 86.875, 2.717298523420557e-22, nan 
54.625, 86.875, 2.727942271113491e-22, nan 
54.875, 86.875, 2.686419111463732e-22, nan 
55.125, 86.875, 2.6366097330896237e-22, nan 
55.375, 86.875, 2.618342068269332e-22, nan 
55.625, 86.875, 2.6057146683891385e-22, nan 
55.875, 86.875, 2.5797031588353505e-22, nan 
56.125, 86.875, 2.647864332437919e-22, nan 
56.375, 86.875, 2.6576253153567606e-22, nan 
56.625, 86.875, 2.5559600355739424e-22, nan 
56.875, 86.875, 2.3612206373265896e-22, nan 
57.125, 86.875, 2.2049219461747587e-22, nan 
57.375, 86.875, 2.0769800183777867e-22, nan 
57.625, 86.875, 2.0313743896540665e-22, nan 
57.875, 86.875, 2.0935263913450388e-22, nan 
58.125, 86.875, 2.2320298681346207e-22, nan 
58.375, 86.875, 2.2666325634797896e-22, nan 
58.625, 86.875, 2.28235644994921e-22, nan 
58.875, 86.875, 2.2863995773485416e-22, nan 
59.125, 86.875, 2.282033625797506e-22, nan 
59.375, 86.875, 2.2929118566305015e-22, nan 
59.625, 86.875, 2.309693556735192e-22, nan 
59.875, 86.875, 2.322450167270385e-22, nan 
60.125, 86.875, 2.321035506426661e-22, nan 
60.375, 86.875, 2.3232551845671513e-22, nan 
60.625, 86.875, 2.3072991987272153e-22, nan 
60.875, 86.875, 2.317130012987249e-22, nan 
61.125, 86.875, 2.301581324235955e-22, nan 
61.375, 86.875, 2.2239455746099e-22, nan 
61.625, 86.875, 2.1082332867929717e-22, nan 
61.875, 86.875, 1.987785456419859e-22, nan 
62.125, 86.875, 1.857690322121875e-22, nan 
62.375, 86.875, 1.7430929640663423e-22, nan 
62.625, 86.875, 1.6304208547653705e-22, nan 
62.875, 86.875, 1.6567898741270094e-22, nan 
63.125, 86.875, 1.9366622819248885e-22, nan 
63.375, 86.875, 2.201296344374005e-22, nan 
63.625, 86.875, 2.4925415871748935e-22, nan 
63.875, 86.875, 2.7127991193006436e-22, nan 
64.125, 86.875, 2.9970481685224315e-22, nan 
64.375, 86.875, 3.253157895481547e-22, nan 
64.625, 86.875, 3.4982023653500197e-22, nan 
64.875, 86.875, 3.6750474645030803e-22, nan 
65.125, 86.875, 3.778716432539949e-22, nan 
65.375, 86.875, 3.814401231799658e-22, nan 
65.625, 86.875, 3.8185339482247444e-22, nan 
65.875, 86.875, 3.827787059307819e-22, nan 
66.125, 86.875, 3.8226352941571828e-22, nan 
66.375, 86.875, 3.843765373685143e-22, nan 
66.625, 86.875, 3.860784941536218e-22, nan 
66.875, 86.875, 3.882650923638557e-22, nan 
67.125, 86.875, 3.8652513861270116e-22, nan 
67.375, 86.875, 3.706603388705556e-22, nan 
67.625, 86.875, 3.5629586981119135e-22, nan 
67.875, 86.875, 3.5424780142339146e-22, nan 
68.125, 86.875, 3.4592930096902956e-22, nan 
68.375, 86.875, 3.03286767972366e-22, nan 
68.625, 86.875, 2.2125933791260254e-22, nan 
68.875, 86.875, 1.926817142851101e-22, nan 
69.125, 86.875, 1.979000861151197e-22, nan 
69.375, 86.875, 2.261744808498699e-22, nan 
69.625, 86.875, 2.4935325141556184e-22, nan 
69.875, 86.875, 2.643043620343696e-22, nan 
70.125, 86.875, 2.704012664968497e-22, nan 
70.375, 86.875, 2.783569914282202e-22, nan 
70.625, 86.875, 2.8854200598336884e-22, nan 
70.875, 86.875, 2.9355382011828618e-22, nan 
71.125, 86.875, 3.0744764892957535e-22, nan 
71.375, 86.875, 3.224879861433951e-22, nan 
71.625, 86.875, 3.3471929424335266e-22, nan 
71.875, 86.875, 3.355434633569529e-22, nan 
72.125, 86.875, 3.2898722375792294e-22, nan 
72.375, 86.875, 3.22441695458682e-22, nan 
72.625, 86.875, 3.170691426588192e-22, nan 
72.875, 86.875, 3.118032368022847e-22, nan 
73.125, 86.875, 2.9384755572199496e-22, nan 
73.375, 86.875, 2.6302476746775813e-22, nan 
73.625, 86.875, 2.464068512837913e-22, nan 
73.875, 86.875, 2.3375668907193893e-22, nan 
74.125, 86.875, 2.274352109518362e-22, nan 
74.375, 86.875, 2.2260707700627756e-22, nan 
74.625, 86.875, 2.187893037335866e-22, nan 
74.875, 86.875, 2.1614233197296494e-22, nan 
75.125, 86.875, 2.134297234338997e-22, nan 
75.375, 86.875, 2.1353509069313607e-22, nan 
75.625, 86.875, 2.123151780252563e-22, nan 
75.875, 86.875, 2.121622679883252e-22, nan 
76.125, 86.875, 2.1152331609169818e-22, nan 
76.375, 86.875, 2.1088539218679782e-22, nan 
76.625, 86.875, 1.9420367421618872e-22, nan 
76.875, 86.875, 1.7121745717134266e-22, nan 
77.125, 86.875, 1.5598227733510554e-22, nan 
77.375, 86.875, 1.155317997280318e-22, nan 
77.625, 86.875, 1.0543650303564892e-22, nan 
77.875, 86.875, 9.606510461457883e-23, nan 
78.125, 86.875, 9.18963792183005e-23, nan 
78.375, 86.875, 9.079284308882286e-23, nan 
78.625, 86.875, 9.249133549924342e-23, nan 
78.875, 86.875, 9.571939592600067e-23, nan 
79.125, 86.875, 9.799538219338351e-23, nan 
79.375, 86.875, 9.826498014131251e-23, nan 
79.625, 86.875, 9.812082916619158e-23, nan 
79.875, 86.875, 9.78545191620845e-23, nan 
80.125, 86.875, 9.586285418049158e-23, nan 
80.375, 86.875, 9.222460349747512e-23, nan 
80.625, 86.875, 8.935969095409512e-23, nan 
80.875, 86.875, 8.697397748165114e-23, nan 
81.125, 86.875, 8.412129767042179e-23, nan 
81.375, 86.875, 8.276891041383858e-23, nan 
81.625, 86.875, 8.373174440512354e-23, nan 
81.875, 86.875, 8.404692626994083e-23, nan 
82.125, 86.875, 8.376115250774218e-23, nan 
82.375, 86.875, 8.31777736182493e-23, nan 
82.625, 86.875, 8.29925622261522e-23, nan 
82.875, 86.875, 8.209732938279045e-23, nan 
83.125, 86.875, 8.047106375203762e-23, nan 
83.375, 86.875, 7.807592278982863e-23, nan 
83.625, 86.875, 7.538316637256382e-23, nan 
83.875, 86.875, 7.463038794655258e-23, nan 
84.125, 86.875, 7.41384312539806e-23, nan 
84.375, 86.875, 7.511837979509126e-23, nan 
84.625, 86.875, 7.605119775011262e-23, nan 
84.875, 86.875, 7.435230903163761e-23, nan 
85.125, 86.875, 6.977424676736768e-23, nan 
85.375, 86.875, 6.632186485076868e-23, nan 
85.625, 86.875, 6.090421860911759e-23, nan 
85.875, 86.875, 5.474153497497855e-23, nan 
86.125, 86.875, 5.106309936116493e-23, nan 
86.375, 86.875, 5.0995482648501164e-23, nan 
86.625, 86.875, 4.9499661895004126e-23, nan 
86.875, 86.875, 4.918648134751493e-23, nan 
87.125, 86.875, 4.823579124205455e-23, nan 
87.375, 86.875, 4.570855026085245e-23, nan 
87.625, 86.875, 4.143367752487242e-23, nan 
87.875, 86.875, 3.9538420525117995e-23, nan 
88.125, 86.875, 3.934659396158288e-23, nan 
88.375, 86.875, 4.06448652758804e-23, nan 
88.625, 86.875, 4.105955256505662e-23, nan 
88.875, 86.875, 4.399404684503124e-23, nan 
89.125, 86.875, 4.687180128150982e-23, nan 
89.375, 86.875, 4.928556493174865e-23, nan 
89.625, 86.875, 5.337335785030391e-23, nan 
89.875, 86.875, 5.513591917016478e-23, nan 
90.125, 86.875, 5.712204527828362e-23, nan 
90.375, 86.875, 5.979892088201804e-23, nan 
90.625, 86.875, 5.994885855335248e-23, nan 
90.875, 86.875, 6.184852869176164e-23, nan 
91.125, 86.875, 6.815904659234711e-23, nan 
91.375, 86.875, 7.150672248503e-23, nan 
91.625, 86.875, 7.004642904314796e-23, nan 
91.875, 86.875, 6.400914739556999e-23, nan 
92.125, 86.875, 6.13073752462256e-23, nan 
92.375, 86.875, 5.935023123989299e-23, nan 
92.625, 86.875, 6.118176749836093e-23, nan 
92.875, 86.875, 6.478736679486973e-23, nan 
93.125, 86.875, 7.613914731809765e-23, nan 
93.375, 86.875, 8.772270770338147e-23, nan 
93.625, 86.875, 1.0283669398197562e-22, nan 
93.875, 86.875, 1.2462630470053598e-22, nan 
94.125, 86.875, 1.4080505193477362e-22, nan 
94.375, 86.875, 1.4920076201320897e-22, nan 
94.625, 86.875, 1.6124534985685227e-22, nan 
94.875, 86.875, 1.7082811935658905e-22, nan 
95.125, 86.875, 1.7927007201263736e-22, nan 
95.375, 86.875, 1.8352410378300462e-22, nan 
95.625, 86.875, 1.8708590164757224e-22, nan 
95.875, 86.875, 1.9022087053546723e-22, nan 
96.125, 86.875, 1.9089587175110262e-22, nan 
96.375, 86.875, 1.8970742915718809e-22, nan 
96.625, 86.875, 1.8799701968743065e-22, nan 
96.875, 86.875, 1.8692194994165845e-22, nan 
97.125, 86.875, 1.86002040098648e-22, nan 
97.375, 86.875, 1.843100578816489e-22, nan 
97.625, 86.875, 1.8264920114467911e-22, nan 
97.875, 86.875, 1.8020769131655288e-22, nan 
98.125, 86.875, 1.7721115665043233e-22, nan 
98.375, 86.875, 1.7291100002041329e-22, nan 
98.625, 86.875, 1.6828609924865923e-22, nan 
98.875, 86.875, 1.6392041202442022e-22, nan 
99.125, 86.875, 1.6004603334727378e-22, nan 
99.375, 86.875, 1.555429646866614e-22, nan 
99.625, 86.875, 1.5135106285997607e-22, nan 
99.875, 86.875, 1.4858317964910065e-22, nan 
100.125, 86.875, 1.4724870822492683e-22, nan 
100.375, 86.875, 1.4621149071767742e-22, nan 
100.625, 86.875, 1.4442876177182404e-22, nan 
100.875, 86.875, 1.4259775734417918e-22, nan 
101.125, 86.875, 1.4426544349443482e-22, nan 
101.375, 86.875, 1.4385001507192672e-22, nan 
101.625, 86.875, 1.4598587831562125e-22, nan 
101.875, 86.875, 1.473508527592596e-22, nan 
102.125, 86.875, 1.5152647654671744e-22, nan 
102.375, 86.875, 1.5357686689354418e-22, nan 
102.625, 86.875, 1.5411737368085743e-22, nan 
102.875, 86.875, 1.5311345320437208e-22, nan 
103.125, 86.875, 1.5224952380799223e-22, nan 
103.375, 86.875, 1.5030798117318023e-22, nan 
103.625, 86.875, 1.517220990463059e-22, nan 
103.875, 86.875, 1.4858194402278479e-22, nan 
104.125, 86.875, 1.4283077162902764e-22, nan 
104.375, 86.875, 1.3740688111143604e-22, nan 
104.625, 86.875, 1.3418569785688122e-22, nan 
104.875, 86.875, 1.3309300434036833e-22, nan 
105.125, 86.875, 1.2792058699681895e-22, nan 
105.375, 86.875, 1.2790853957301236e-22, nan 
105.625, 86.875, 1.252819230139997e-22, nan 
105.875, 86.875, 1.153666185300357e-22, nan 
106.125, 86.875, 1.1413005135981056e-22, nan 
106.375, 86.875, 1.0827833438124656e-22, nan 
106.625, 86.875, 1.060411046035832e-22, nan 
106.875, 86.875, 1.0655377182970634e-22, nan 
107.125, 86.875, 1.0887293140341083e-22, nan 
107.375, 86.875, 1.1184127480981816e-22, nan 
107.625, 86.875, 1.121034844486235e-22, nan 
107.875, 86.875, 1.1226496544212185e-22, nan 
108.125, 86.875, 1.1462215013077794e-22, nan 
108.375, 86.875, 1.1693912387219287e-22, nan 
108.625, 86.875, 1.1868480021482445e-22, nan 
108.875, 86.875, 1.1878885957017993e-22, nan 
109.125, 86.875, 1.1676195499184705e-22, nan 
109.375, 86.875, 1.1674481730296813e-22, nan 
109.625, 86.875, 1.1664521204324748e-22, nan 
109.875, 86.875, 1.157157018568278e-22, nan 
110.125, 86.875, 1.1733240649083737e-22, nan 
110.375, 86.875, 1.2040647557911008e-22, nan 
110.625, 86.875, 1.1725443799853123e-22, nan 
110.875, 86.875, 1.1770604589580407e-22, nan 
111.125, 86.875, 1.1625972877488e-22, nan 
111.375, 86.875, 1.1577171612817924e-22, nan 
111.625, 86.875, 1.130490697582494e-22, nan 
111.875, 86.875, 1.1050645537989493e-22, nan 
112.125, 86.875, 1.0987493617673626e-22, nan 
112.375, 86.875, 1.1015484918161034e-22, nan 
112.625, 86.875, 1.1078666611634956e-22, nan 
112.875, 86.875, 1.1400428569589832e-22, nan 
113.125, 86.875, 1.1548949436428767e-22, nan 
113.375, 86.875, 1.1665986875272268e-22, nan 
113.625, 86.875, 1.1779129955749568e-22, nan 
113.875, 86.875, 1.1958613629123568e-22, nan 
114.125, 86.875, 1.187158462994248e-22, nan 
114.375, 86.875, 1.1761918845232658e-22, nan 
114.625, 86.875, 1.211920397779763e-22, nan 
114.875, 86.875, 1.1895413777016582e-22, nan 
115.125, 86.875, 1.1990784054757556e-22, nan 
115.375, 86.875, 1.211630387272838e-22, nan 
115.625, 86.875, 1.2103128261878728e-22, nan 
115.875, 86.875, 1.2135150416809613e-22, nan 
116.125, 86.875, 1.2062763833535075e-22, nan 
116.375, 86.875, 1.1768049730820423e-22, nan 
116.625, 86.875, 1.17568068312905e-22, nan 
116.875, 86.875, 1.1658564104103226e-22, nan 
117.125, 86.875, 1.1782849676092006e-22, nan 
117.375, 86.875, 1.153103999754822e-22, nan 
117.625, 86.875, 1.165748154351868e-22, nan 
117.875, 86.875, 1.1435393618248576e-22, nan 
118.125, 86.875, 1.123342200779202e-22, nan 
118.375, 86.875, 1.068529528083851e-22, nan 
118.625, 86.875, 1.0556593916146219e-22, nan 
118.875, 86.875, 8.768262788762424e-23, nan 
119.125, 86.875, 7.811280319610828e-23, nan 
119.375, 86.875, 6.493351697129006e-23, nan 
119.625, 86.875, 5.646136939763858e-23, nan 
119.875, 86.875, 4.6287739199793593e-23, nan 
120.125, 86.875, 3.7838546840972326e-23, nan 
120.375, 86.875, 3.0095257673014645e-23, nan 
120.625, 86.875, 2.5452787024905603e-23, nan 
120.875, 86.875, 2.3051964510672643e-23, nan 
121.125, 86.875, 2.1674680675116103e-23, nan 
121.375, 86.875, 2.0860289544558695e-23, nan 
121.625, 86.875, 2.063788426303475e-23, nan 
121.875, 86.875, 2.108966671851233e-23, nan 
122.125, 86.875, 2.2828068009821335e-23, nan 
122.375, 86.875, 2.4098786966789032e-23, nan 
122.625, 86.875, 2.4553373217175977e-23, nan 
122.875, 86.875, 2.418829682633229e-23, nan 
123.125, 86.875, 2.3158142542547876e-23, nan 
123.375, 86.875, 2.129143195651663e-23, nan 
123.625, 86.875, 1.9024576789933774e-23, nan 
123.875, 86.875, 1.7245301920279875e-23, nan 
124.125, 86.875, 1.531449642756719e-23, nan 
124.375, 86.875, 1.4406141344792185e-23, nan 
124.625, 86.875, 1.407220479475751e-23, nan 
124.875, 86.875, 1.346135114459067e-23, nan 
125.125, 86.875, 1.221224465131342e-23, nan 
125.375, 86.875, 1.1362401661375297e-23, nan 
125.625, 86.875, 1.13185982256821e-23, nan 
125.875, 86.875, 1.2464799677615841e-23, nan 
126.125, 86.875, 1.3053669545001314e-23, nan 
126.375, 86.875, 1.5303407711143425e-23, nan 
126.625, 86.875, 2.1198719911364988e-23, nan 
126.875, 86.875, 3.0027120331533207e-23, nan 
127.125, 86.875, 3.5382801824526696e-23, nan 
127.375, 86.875, 3.784073580629742e-23, nan 
127.625, 86.875, 3.877858512731533e-23, nan 
127.875, 86.875, 3.8096221543895966e-23, nan 
128.125, 86.875, 3.456188263180054e-23, nan 
128.375, 86.875, 3.107500670747639e-23, nan 
128.625, 86.875, 2.871967526335655e-23, nan 
128.875, 86.875, 2.9710712908394153e-23, nan 
129.125, 86.875, 3.227581946886483e-23, nan 
129.375, 86.875, 3.6175739937913743e-23, nan 
129.625, 86.875, 3.873197353069192e-23, nan 
129.875, 86.875, 3.939803706329061e-23, nan 
130.125, 86.875, 4.014238274837114e-23, nan 
130.375, 86.875, 4.16822198952181e-23, nan 
130.625, 86.875, 4.243443367666624e-23, nan 
130.875, 86.875, 4.3145806673702995e-23, nan 
131.125, 86.875, 4.365280865724392e-23, nan 
131.375, 86.875, 4.562209073529404e-23, nan 
131.625, 86.875, 4.74886856956807e-23, nan 
131.875, 86.875, 4.9226777072863516e-23, nan 
132.125, 86.875, 5.058732722293167e-23, nan 
132.375, 86.875, 5.1704065746915534e-23, nan 
132.625, 86.875, 5.1891427086369685e-23, nan 
132.875, 86.875, 5.1581205730621203e-23, nan 
133.125, 86.875, 5.1072890202484383e-23, nan 
133.375, 86.875, 5.042065447760707e-23, nan 
133.625, 86.875, 5.0140069128506065e-23, nan 
133.875, 86.875, 4.924356796022706e-23, nan 
134.125, 86.875, 4.770422041114601e-23, nan 
134.375, 86.875, 4.3446985198105194e-23, nan 
134.625, 86.875, 3.9283854692839697e-23, nan 
134.875, 86.875, 3.5250001558236296e-23, nan 
135.125, 86.875, 3.2076378696743836e-23, nan 
135.375, 86.875, 3.1231969306150493e-23, nan 
135.625, 86.875, 3.176943637807148e-23, nan 
135.875, 86.875, 3.2787894299860214e-23, nan 
136.125, 86.875, 3.5124053068683214e-23, nan 
136.375, 86.875, 3.726223315577022e-23, nan 
136.625, 86.875, 4.1925043742546914e-23, nan 
136.875, 86.875, 4.5444191592424534e-23, nan 
137.125, 86.875, 5.05262282845837e-23, nan 
137.375, 86.875, 5.572680585523732e-23, nan 
137.625, 86.875, 5.955497789009997e-23, nan 
137.875, 86.875, 6.426146358461189e-23, nan 
138.125, 86.875, 7.194396806392611e-23, nan 
138.375, 86.875, 7.865172296242483e-23, nan 
138.625, 86.875, 8.526902674377235e-23, nan 
138.875, 86.875, 8.936471628564392e-23, nan 
139.125, 86.875, 9.057531837315573e-23, nan 
139.375, 86.875, 8.444528947242461e-23, nan 
139.625, 86.875, 7.828168397063042e-23, nan 
139.875, 86.875, 6.998872808039482e-23, nan 
140.125, 86.875, 6.198125402573023e-23, nan 
140.375, 86.875, 5.512403207798095e-23, nan 
140.625, 86.875, 5.057663141937724e-23, nan 
140.875, 86.875, 4.922491515332072e-23, nan 
141.125, 86.875, 4.9869071267398094e-23, nan 
141.375, 86.875, 5.2292406203689314e-23, nan 
141.625, 86.875, 5.364055496434264e-23, nan 
141.875, 86.875, 5.557313211844109e-23, nan 
142.125, 86.875, 5.737801735315335e-23, nan 
142.375, 86.875, 5.85728573629717e-23, nan 
142.625, 86.875, 5.857205964540072e-23, nan 
142.875, 86.875, 5.8511887334578e-23, nan 
143.125, 86.875, 5.862636816475083e-23, nan 
143.375, 86.875, 5.86709676158159e-23, nan 
143.625, 86.875, 5.782233765018694e-23, nan 
143.875, 86.875, 5.630910709914471e-23, nan 
144.125, 86.875, 5.429397370360385e-23, nan 
144.375, 86.875, 5.2311662456247803e-23, nan 
144.625, 86.875, 5.182721225984857e-23, nan 
144.875, 86.875, 5.139390236644562e-23, nan 
145.125, 86.875, 5.173734329018856e-23, nan 
145.375, 86.875, 5.250379922617745e-23, nan 
145.625, 86.875, 5.331063433355162e-23, nan 
145.875, 86.875, 5.330412501907257e-23, nan 
146.125, 86.875, 5.326246065827967e-23, nan 
146.375, 86.875, 5.262695657364531e-23, nan 
146.625, 86.875, 5.224685336305896e-23, nan 
146.875, 86.875, 5.221979845931069e-23, nan 
147.125, 86.875, 5.24989068073561e-23, nan 
147.375, 86.875, 5.385441745048302e-23, nan 
147.625, 86.875, 5.484412128799277e-23, nan 
147.875, 86.875, 5.483736712219543e-23, nan 
148.125, 86.875, 5.48658468126934e-23, nan 
148.375, 86.875, 5.542466201661371e-23, nan 
148.625, 86.875, 5.55794769506302e-23, nan 
148.875, 86.875, 5.576412103898057e-23, nan 
149.125, 86.875, 5.543942346429874e-23, nan 
149.375, 86.875, 5.43824608686296e-23, nan 
149.625, 86.875, 5.267873588026317e-23, nan 
149.875, 86.875, 5.114558331965964e-23, nan 
150.125, 86.875, 5.068291465378031e-23, nan 
150.375, 86.875, 5.063428906924732e-23, nan 
150.625, 86.875, 4.9843348591468613e-23, nan 
150.875, 86.875, 4.889242745999487e-23, nan 
151.125, 86.875, 4.7457275660901933e-23, nan 
151.375, 86.875, 4.645000233039611e-23, nan 
151.625, 86.875, 4.671700629397656e-23, nan 
151.875, 86.875, 4.761749466342884e-23, nan 
152.125, 86.875, 4.911449569342718e-23, nan 
152.375, 86.875, 5.036976745368278e-23, nan 
152.625, 86.875, 4.8083302374786607e-23, nan 
152.875, 86.875, 4.550655354322969e-23, nan 
153.125, 86.875, 4.3093752132231437e-23, nan 
153.375, 86.875, 4.08895612056494e-23, nan 
153.625, 86.875, 3.8515969390641854e-23, nan 
153.875, 86.875, 3.622462395930652e-23, nan 
154.125, 86.875, 3.274139618730148e-23, nan 
154.375, 86.875, 2.889830932526197e-23, nan 
154.625, 86.875, 2.800534325666932e-23, nan 
154.875, 86.875, 3.376468344534215e-23, nan 
155.125, 86.875, 4.7338178185523087e-23, nan 
155.375, 86.875, 6.402916108903263e-23, nan 
155.625, 86.875, 7.460498701563351e-23, nan 
155.875, 86.875, 8.024370811391446e-23, nan 
156.125, 86.875, 8.392508274373756e-23, nan 
156.375, 86.875, 8.65632365969546e-23, nan 
156.625, 86.875, 8.761462272389034e-23, nan 
156.875, 86.875, 8.915209220154297e-23, nan 
157.125, 86.875, 9.185233261991783e-23, nan 
157.375, 86.875, 9.639786191498045e-23, nan 
157.625, 86.875, 1.0125181577890052e-22, nan 
157.875, 86.875, 1.0673250841455614e-22, nan 
158.125, 86.875, 1.1222486830127956e-22, nan 
158.375, 86.875, 1.1499071454409675e-22, nan 
158.625, 86.875, 1.1569935295703098e-22, nan 
158.875, 86.875, 1.153084193210582e-22, nan 
159.125, 86.875, 1.0426863378013203e-22, nan 
159.375, 86.875, 9.117119252134562e-23, nan 
159.625, 86.875, 8.202149718884986e-23, nan 
159.875, 86.875, 8.394803776062239e-23, nan 
160.125, 86.875, 1.0061069274346746e-22, nan 
160.375, 86.875, 1.1608595382548e-22, nan 
160.625, 86.875, 1.2562446307418772e-22, nan 
160.875, 86.875, 1.338190379905396e-22, nan 
161.125, 86.875, 1.3711152959491715e-22, nan 
161.375, 86.875, 1.4190245068428875e-22, nan 
161.625, 86.875, 1.440954190910585e-22, nan 
161.875, 86.875, 1.4558970265870963e-22, nan 
162.125, 86.875, 1.463806474643743e-22, nan 
162.375, 86.875, 1.4829531325850113e-22, nan 
162.625, 86.875, 1.491554729481308e-22, nan 
162.875, 86.875, 1.4874411942007271e-22, nan 
163.125, 86.875, 1.4371098217424713e-22, nan 
163.375, 86.875, 1.3473170286360628e-22, nan 
163.625, 86.875, 1.2994925062111811e-22, nan 
163.875, 86.875, 1.1392366698316518e-22, nan 
164.125, 86.875, 9.334976478858102e-23, nan 
164.375, 86.875, 7.148903090194262e-23, nan 
164.625, 86.875, 5.626782988157674e-23, nan 
164.875, 86.875, 4.8868701481306737e-23, nan 
165.125, 86.875, 5.557462926815692e-23, nan 
165.375, 86.875, 6.125220093301676e-23, nan 
165.625, 86.875, 7.032196824712942e-23, nan 
165.875, 86.875, 7.095181010987795e-23, nan 
166.125, 86.875, 7.88613218542755e-23, nan 
166.375, 86.875, 7.93072742650631e-23, nan 
166.625, 86.875, 7.800066038791557e-23, nan 
166.875, 86.875, 7.738454122718605e-23, nan 
167.125, 86.875, 7.751649695864901e-23, nan 
167.375, 86.875, 7.545866826610862e-23, nan 
167.625, 86.875, 7.34073589340532e-23, nan 
167.875, 86.875, 7.243702856928934e-23, nan 
168.125, 86.875, 6.982063085017021e-23, nan 
168.375, 86.875, 7.09824315590929e-23, nan 
168.625, 86.875, 7.01952155664731e-23, nan 
168.875, 86.875, 7.000373417402176e-23, nan 
169.125, 86.875, 6.922404897422716e-23, nan 
169.375, 86.875, 6.873126764522093e-23, nan 
169.625, 86.875, 6.57522738130956e-23, nan 
169.875, 86.875, 6.21971339666687e-23, nan 
170.125, 86.875, 5.97786446675503e-23, nan 
170.375, 86.875, 5.889698326577747e-23, nan 
170.625, 86.875, 5.787175056781703e-23, nan 
170.875, 86.875, 5.342241251247683e-23, nan 
171.125, 86.875, 5.1066220625929935e-23, nan 
171.375, 86.875, 4.542360679404981e-23, nan 
171.625, 86.875, 3.149584875940773e-23, nan 
171.875, 86.875, 2.9748490505903485e-23, nan 
172.125, 86.875, 4.383164216844924e-23, nan 
172.375, 86.875, 6.425601208984027e-23, nan 
172.625, 86.875, 8.093737081742722e-23, nan 
172.875, 86.875, 9.760090888406594e-23, nan 
173.125, 86.875, 1.069601472412564e-22, nan 
173.375, 86.875, 1.0963103096940528e-22, nan 
173.625, 86.875, 1.1002190138057928e-22, nan 
173.875, 86.875, 1.1050724640409656e-22, nan 
174.125, 86.875, 1.1263197746859588e-22, nan 
174.375, 86.875, 1.1379699168287762e-22, nan 
174.625, 86.875, 1.1998327952074502e-22, nan 
174.875, 86.875, 1.3074328039062097e-22, nan 
175.125, 86.875, 1.4037937129620418e-22, nan 
175.375, 86.875, 1.3487105033362077e-22, nan 
175.625, 86.875, 1.250198782700177e-22, nan 
175.875, 86.875, 1.202396673812421e-22, nan 
176.125, 86.875, 1.1256771637064972e-22, nan 
176.375, 86.875, 9.105367461395525e-23, nan 
176.625, 86.875, 7.847360877140516e-23, nan 
176.875, 86.875, 8.086164361506605e-23, nan 
177.125, 86.875, 9.952365395939602e-23, nan 
177.375, 86.875, 1.2003764102706017e-22, nan 
177.625, 86.875, 1.3059441934401556e-22, nan 
177.875, 86.875, 1.372045301775202e-22, nan 
178.125, 86.875, 1.3804729955301285e-22, nan 
178.375, 86.875, 1.3822381709722292e-22, nan 
178.625, 86.875, 1.3711544911122031e-22, nan 
178.875, 86.875, 1.3623868446778223e-22, nan 
179.125, 86.875, 1.3497460816211752e-22, nan 
179.375, 86.875, 1.3341036332173033e-22, nan 
179.625, 86.875, 1.3359024703138664e-22, nan 
179.875, 86.875, 1.3426344645997477e-22, nan 
-179.875, 87.125, 3.504593162283902e-23, nan 
-179.625, 87.125, 3.741496510316006e-23, nan 
-179.375, 87.125, 3.8647132212085705e-23, nan 
-179.125, 87.125, 3.9832046612969096e-23, nan 
-178.875, 87.125, 4.113212474215076e-23, nan 
-178.625, 87.125, 4.180055059467461e-23, nan 
-178.375, 87.125, 4.19926928144678e-23, nan 
-178.125, 87.125, 4.188352669283833e-23, nan 
-177.875, 87.125, 4.114651815679123e-23, nan 
-177.625, 87.125, 3.930724316180221e-23, nan 
-177.375, 87.125, 3.659437047386029e-23, nan 
-177.125, 87.125, 3.4153602659510507e-23, nan 
-176.875, 87.125, 4.604740296580479e-23, nan 
-176.625, 87.125, 4.7686243363294795e-23, nan 
-176.375, 87.125, 4.9291883428603887e-23, nan 
-176.125, 87.125, 5.48380059365919e-23, nan 
-175.875, 87.125, 4.5399951091106445e-23, nan 
-175.625, 87.125, 5.1331981549443234e-23, nan 
-175.375, 87.125, 7.276647830824549e-23, nan 
-175.125, 87.125, 8.159753590566985e-23, nan 
-174.875, 87.125, 8.804481142645658e-23, nan 
-174.625, 87.125, 9.364999971019468e-23, nan 
-174.375, 87.125, 9.751444625672455e-23, nan 
-174.125, 87.125, 9.173535711273522e-23, nan 
-173.875, 87.125, 7.363742387555816e-23, nan 
-173.625, 87.125, 6.400170242641459e-23, nan 
-173.375, 87.125, 5.878281736571828e-23, nan 
-173.125, 87.125, 8.596403587403712e-23, nan 
-172.875, 87.125, 9.307171171409364e-23, nan 
-172.625, 87.125, 9.740573451577204e-23, nan 
-172.375, 87.125, 9.747462630902982e-23, nan 
-172.125, 87.125, 9.549585312905697e-23, nan 
-171.875, 87.125, 9.73417377293469e-23, nan 
-171.625, 87.125, 9.892579962797761e-23, nan 
-171.375, 87.125, 1.0145817353502908e-22, nan 
-171.125, 87.125, 1.0405065470871292e-22, nan 
-170.875, 87.125, 1.074263441960608e-22, nan 
-170.625, 87.125, 1.1229830032602797e-22, nan 
-170.375, 87.125, 1.2016253820103654e-22, nan 
-170.125, 87.125, 1.3077135956309464e-22, nan 
-169.875, 87.125, 1.4399968914302058e-22, nan 
-169.625, 87.125, 1.5446585847774022e-22, nan 
-169.375, 87.125, 1.3450646638699186e-22, nan 
-169.125, 87.125, 1.2733344189960358e-22, nan 
-168.875, 87.125, 1.2623097154683295e-22, nan 
-168.625, 87.125, 1.2703472896493969e-22, nan 
-168.375, 87.125, 1.2766031568503713e-22, nan 
-168.125, 87.125, 1.3022531202490773e-22, nan 
-167.875, 87.125, 1.2701361070476575e-22, nan 
-167.625, 87.125, 1.1588300887417053e-22, nan 
-167.375, 87.125, 1.0694752395320836e-22, nan 
-167.125, 87.125, 1.0048760727487185e-22, nan 
-166.875, 87.125, 9.745903383812058e-23, nan 
-166.625, 87.125, 9.563973318991767e-23, nan 
-166.375, 87.125, 9.470711151964456e-23, nan 
-166.125, 87.125, 9.78010350953344e-23, nan 
-165.875, 87.125, 1.1550153095645791e-22, nan 
-165.625, 87.125, 9.033961934659063e-23, nan 
-165.375, 87.125, 8.515925134360276e-23, nan 
-165.125, 87.125, 9.266516784207019e-23, nan 
-164.875, 87.125, 1.0852284183688803e-22, nan 
-164.625, 87.125, 1.149248153621509e-22, nan 
-164.375, 87.125, 1.1773595156412628e-22, nan 
-164.125, 87.125, 1.1803684983936769e-22, nan 
-163.875, 87.125, 1.181869862399687e-22, nan 
-163.625, 87.125, 1.1465890006465678e-22, nan 
-163.375, 87.125, 1.0956086269995338e-22, nan 
-163.125, 87.125, 1.066115880002644e-22, nan 
-162.875, 87.125, 9.846084571477245e-23, nan 
-162.625, 87.125, 9.247293654355387e-23, nan 
-162.375, 87.125, 8.83505783191513e-23, nan 
-162.125, 87.125, 8.623046421463696e-23, nan 
-161.875, 87.125, 8.454958130294526e-23, nan 
-161.625, 87.125, 8.208818796677977e-23, nan 
-161.375, 87.125, 7.740454289387079e-23, nan 
-161.125, 87.125, 7.268597121494316e-23, nan 
-160.875, 87.125, 6.396764002130394e-23, nan 
-160.625, 87.125, 5.2806770880007586e-23, nan 
-160.375, 87.125, 4.1733608815422644e-23, nan 
-160.125, 87.125, 2.9707275644322636e-23, nan 
-159.875, 87.125, 2.2372272965435935e-23, nan 
-159.625, 87.125, 2.2120348445973787e-23, nan 
-159.375, 87.125, 2.648501669375208e-23, nan 
-159.125, 87.125, 2.4885608604268908e-23, nan 
-158.875, 87.125, 2.716957330301343e-23, nan 
-158.625, 87.125, 2.8365013311576246e-23, nan 
-158.375, 87.125, 3.0170118015951675e-23, nan 
-158.125, 87.125, 3.5175289894892845e-23, nan 
-157.875, 87.125, 3.571545570419415e-23, nan 
-157.625, 87.125, 3.4131909022636954e-23, nan 
-157.375, 87.125, 2.738040005119131e-23, nan 
-157.125, 87.125, 2.032390564694844e-23, nan 
-156.875, 87.125, 1.5273917964105532e-23, nan 
-156.625, 87.125, 1.1344563938278608e-23, nan 
-156.375, 87.125, 8.195497917528254e-24, nan 
-156.125, 87.125, 7.477753721585831e-24, nan 
-155.875, 87.125, 1.4230026722794128e-23, nan 
-155.625, 87.125, 2.1367025791409585e-23, nan 
-155.375, 87.125, 2.69836473454471e-23, nan 
-155.125, 87.125, 3.04834428561274e-23, nan 
-154.875, 87.125, 3.27389485780273e-23, nan 
-154.625, 87.125, 3.256096342511102e-23, nan 
-154.375, 87.125, 3.3698748044443657e-23, nan 
-154.125, 87.125, 3.58602522837831e-23, nan 
-153.875, 87.125, 3.780449430021436e-23, nan 
-153.625, 87.125, 4.6316667328297446e-23, nan 
-153.375, 87.125, 5.900336063940074e-23, nan 
-153.125, 87.125, 6.486252104034851e-23, nan 
-152.875, 87.125, 6.572117049982678e-23, nan 
-152.625, 87.125, 5.672889326524233e-23, nan 
-152.375, 87.125, 4.801229124982401e-23, nan 
-152.125, 87.125, 4.23480903895826e-23, nan 
-151.875, 87.125, 3.996548694816196e-23, nan 
-151.625, 87.125, 3.991626960780659e-23, nan 
-151.375, 87.125, 4.1107984819707106e-23, nan 
-151.125, 87.125, 4.3031759424954796e-23, nan 
-150.875, 87.125, 4.178967768782484e-23, nan 
-150.625, 87.125, 3.795306440221636e-23, nan 
-150.375, 87.125, 3.540534511904005e-23, nan 
-150.125, 87.125, 3.418450106475592e-23, nan 
-149.875, 87.125, 3.1898059084495206e-23, nan 
-149.625, 87.125, 3.1019363426689995e-23, nan 
-149.375, 87.125, 3.1673882941751066e-23, nan 
-149.125, 87.125, 3.301646954745183e-23, nan 
-148.875, 87.125, 3.8894276220860957e-23, nan 
-148.625, 87.125, 4.824059552448007e-23, nan 
-148.375, 87.125, 5.334129955983e-23, nan 
-148.125, 87.125, 5.44033603868849e-23, nan 
-147.875, 87.125, 4.817789251026813e-23, nan 
-147.625, 87.125, 3.9877535780527527e-23, nan 
-147.375, 87.125, 3.339627973676136e-23, nan 
-147.125, 87.125, 3.1720602312210276e-23, nan 
-146.875, 87.125, 3.122326939864545e-23, nan 
-146.625, 87.125, 2.879206099893433e-23, nan 
-146.375, 87.125, 2.653909710620649e-23, nan 
-146.125, 87.125, 2.4558820250626607e-23, nan 
-145.875, 87.125, 2.5455300241613907e-23, nan 
-145.625, 87.125, 2.4895733003517396e-23, nan 
-145.375, 87.125, 2.2523774563394004e-23, nan 
-145.125, 87.125, 2.013018487418508e-23, nan 
-144.875, 87.125, 2.013545124414476e-23, nan 
-144.625, 87.125, 2.118475882234589e-23, nan 
-144.375, 87.125, 2.3717075528373124e-23, nan 
-144.125, 87.125, 2.4883314467436422e-23, nan 
-143.875, 87.125, 1.9839960899797364e-23, nan 
-143.625, 87.125, 1.750497773580389e-23, nan 
-143.375, 87.125, 1.9729769642607805e-23, nan 
-143.125, 87.125, 1.917074242913714e-23, nan 
-142.875, 87.125, 1.744905699489592e-23, nan 
-142.625, 87.125, 1.8594680529455395e-23, nan 
-142.375, 87.125, 2.0891704406373952e-23, nan 
-142.125, 87.125, 2.2374765314771847e-23, nan 
-141.875, 87.125, 2.6508257088479785e-23, nan 
-141.625, 87.125, 3.230909737449847e-23, nan 
-141.375, 87.125, 3.5259936623105995e-23, nan 
-141.125, 87.125, 3.6855896431983723e-23, nan 
-140.875, 87.125, 3.805051718472032e-23, nan 
-140.625, 87.125, 4.0212469516024965e-23, nan 
-140.375, 87.125, 4.3160102600072404e-23, nan 
-140.125, 87.125, 4.666278618822026e-23, nan 
-139.875, 87.125, 5.087785750580626e-23, nan 
-139.625, 87.125, 5.449031067617501e-23, nan 
-139.375, 87.125, 5.79319307657864e-23, nan 
-139.125, 87.125, 6.044691962135449e-23, nan 
-138.875, 87.125, 6.255467875278727e-23, nan 
-138.625, 87.125, 6.58504909760946e-23, nan 
-138.375, 87.125, 7.108861923498666e-23, nan 
-138.125, 87.125, 7.954785915284531e-23, nan 
-137.875, 87.125, 9.032763274451452e-23, nan 
-137.625, 87.125, 9.846602944496712e-23, nan 
-137.375, 87.125, 1.066294853310301e-22, nan 
-137.125, 87.125, 1.1503679569410676e-22, nan 
-136.875, 87.125, 1.2276848893069686e-22, nan 
-136.625, 87.125, 1.2662383983357502e-22, nan 
-136.375, 87.125, 1.3158062433180095e-22, nan 
-136.125, 87.125, 1.2921452934515543e-22, nan 
-135.875, 87.125, 1.0744576603409783e-22, nan 
-135.625, 87.125, 7.533223279961554e-23, nan 
-135.375, 87.125, 5.370868567644825e-23, nan 
-135.125, 87.125, 4.592658966158135e-23, nan 
-134.875, 87.125, 4.4478236588793376e-23, nan 
-134.625, 87.125, 4.5354607968202687e-23, nan 
-134.375, 87.125, 4.5655588781437896e-23, nan 
-134.125, 87.125, 4.417398537354515e-23, nan 
-133.875, 87.125, 4.4909928478778725e-23, nan 
-133.625, 87.125, 4.604088244353395e-23, nan 
-133.375, 87.125, 4.3065023481782654e-23, nan 
-133.125, 87.125, 3.940549454321311e-23, nan 
-132.875, 87.125, 3.609534094715581e-23, nan 
-132.625, 87.125, 3.439470113086313e-23, nan 
-132.375, 87.125, 3.3470644099596964e-23, nan 
-132.125, 87.125, 2.9809946627885194e-23, nan 
-131.875, 87.125, 2.75061267316488e-23, nan 
-131.625, 87.125, 2.586555013749884e-23, nan 
-131.375, 87.125, 2.619207799279141e-23, nan 
-131.125, 87.125, 2.91554193587589e-23, nan 
-130.875, 87.125, 1.7622239047517027e-23, nan 
-130.625, 87.125, 1.947308256538749e-23, nan 
-130.375, 87.125, 2.782182202959307e-23, nan 
-130.125, 87.125, 3.4432204902139296e-23, nan 
-129.875, 87.125, 3.246803723264876e-23, nan 
-129.625, 87.125, 2.711456001178798e-23, nan 
-129.375, 87.125, 2.4922613348675475e-23, nan 
-129.125, 87.125, 2.6006536313069007e-23, nan 
-128.875, 87.125, 2.5642434677801584e-23, nan 
-128.625, 87.125, 2.8258775206110754e-23, nan 
-128.375, 87.125, 3.4883445632917255e-23, nan 
-128.125, 87.125, 2.969704567930868e-23, nan 
-127.875, 87.125, 3.471362977790297e-23, nan 
-127.625, 87.125, 3.569128071869293e-23, nan 
-127.375, 87.125, 5.1206422202258686e-23, nan 
-127.125, 87.125, 4.3225460250577284e-23, nan 
-126.875, 87.125, 3.4874008562711963e-23, nan 
-126.625, 87.125, 3.872778924890547e-23, nan 
-126.375, 87.125, 4.1312852172849737e-23, nan 
-126.125, 87.125, 4.1755518290159124e-23, nan 
-125.875, 87.125, 4.287469898036591e-23, nan 
-125.625, 87.125, 4.2910387510759884e-23, nan 
-125.375, 87.125, 4.4552286823521873e-23, nan 
-125.125, 87.125, 4.579595494507111e-23, nan 
-124.875, 87.125, 4.833701982678749e-23, nan 
-124.625, 87.125, 5.096301058845729e-23, nan 
-124.375, 87.125, 5.350971469144398e-23, nan 
-124.125, 87.125, 5.740319558845339e-23, nan 
-123.875, 87.125, 5.923096110871737e-23, nan 
-123.625, 87.125, 6.018981334025857e-23, nan 
-123.375, 87.125, 6.184820461398702e-23, nan 
-123.125, 87.125, 6.302604169081626e-23, nan 
-122.875, 87.125, 6.395113730715934e-23, nan 
-122.625, 87.125, 6.603317021509376e-23, nan 
-122.375, 87.125, 6.629706650491772e-23, nan 
-122.125, 87.125, 6.556433323221754e-23, nan 
-121.875, 87.125, 6.432030793287184e-23, nan 
-121.625, 87.125, 6.452503848982832e-23, nan 
-121.375, 87.125, 6.339933548111494e-23, nan 
-121.125, 87.125, 6.556431633598555e-23, nan 
-120.875, 87.125, 6.690702363628115e-23, nan 
-120.625, 87.125, 7.148048366819422e-23, nan 
-120.375, 87.125, 7.777319509024058e-23, nan 
-120.125, 87.125, 8.915717754468274e-23, nan 
-119.875, 87.125, 1.0645758069899725e-22, nan 
-119.625, 87.125, 1.1160462873412948e-22, nan 
-119.375, 87.125, 1.1667187653612103e-22, nan 
-119.125, 87.125, 1.2231998230733985e-22, nan 
-118.875, 87.125, 1.2938148110150468e-22, nan 
-118.625, 87.125, 1.384430611175842e-22, nan 
-118.375, 87.125, 1.4672393613439296e-22, nan 
-118.125, 87.125, 1.5180515011228335e-22, nan 
-117.875, 87.125, 1.5643423527153656e-22, nan 
-117.625, 87.125, 1.6271124803053918e-22, nan 
-117.375, 87.125, 1.8396881108351886e-22, nan 
-117.125, 87.125, 1.8910577793707704e-22, nan 
-116.875, 87.125, 1.9849111935496761e-22, nan 
-116.625, 87.125, 2.0903182015328114e-22, nan 
-116.375, 87.125, 2.2022533886381937e-22, nan 
-116.125, 87.125, 2.310680532900718e-22, nan 
-115.875, 87.125, 2.3737657708889534e-22, nan 
-115.625, 87.125, 2.397646919459173e-22, nan 
-115.375, 87.125, 2.384311333105541e-22, nan 
-115.125, 87.125, 2.3497181179954766e-22, nan 
-114.875, 87.125, 2.2488526236651965e-22, nan 
-114.625, 87.125, 2.1739946714076463e-22, nan 
-114.375, 87.125, 1.8970696149526275e-22, nan 
-114.125, 87.125, 1.785607824431293e-22, nan 
-113.875, 87.125, 1.8190524985037917e-22, nan 
-113.625, 87.125, 1.910716652647106e-22, nan 
-113.375, 87.125, 2.0152293188288008e-22, nan 
-113.125, 87.125, 2.117895856726151e-22, nan 
-112.875, 87.125, 2.2021678148082864e-22, nan 
-112.625, 87.125, 2.177728091391752e-22, nan 
-112.375, 87.125, 2.0857229169046867e-22, nan 
-112.125, 87.125, 2.0404395661099679e-22, nan 
-111.875, 87.125, 2.0052530026580321e-22, nan 
-111.625, 87.125, 1.9858297687841464e-22, nan 
-111.375, 87.125, 2.0203597698851607e-22, nan 
-111.125, 87.125, 2.0408164347963128e-22, nan 
-110.875, 87.125, 2.0440634327917257e-22, nan 
-110.625, 87.125, 2.0545672950587951e-22, nan 
-110.375, 87.125, 2.0121945368708603e-22, nan 
-110.125, 87.125, 1.8488862617768052e-22, nan 
-109.875, 87.125, 1.6794284328149048e-22, nan 
-109.625, 87.125, 1.4979952054031406e-22, nan 
-109.375, 87.125, 1.351400075401631e-22, nan 
-109.125, 87.125, 1.2071044848021376e-22, nan 
-108.875, 87.125, 1.0798318497524056e-22, nan 
-108.625, 87.125, 9.729095596848389e-23, nan 
-108.375, 87.125, 8.851798993043366e-23, nan 
-108.125, 87.125, 8.041744644663483e-23, nan 
-107.875, 87.125, 7.581415196920074e-23, nan 
-107.625, 87.125, 7.053102715746496e-23, nan 
-107.375, 87.125, 6.49740895720826e-23, nan 
-107.125, 87.125, 6.002915229288414e-23, nan 
-106.875, 87.125, 5.584834642457495e-23, nan 
-106.625, 87.125, 5.228274801927863e-23, nan 
-106.375, 87.125, 4.9847877395901116e-23, nan 
-106.125, 87.125, 4.7318248699500246e-23, nan 
-105.875, 87.125, 4.631595850534988e-23, nan 
-105.625, 87.125, 4.360745530302803e-23, nan 
-105.375, 87.125, 4.398056810033781e-23, nan 
-105.125, 87.125, 3.961252933512154e-23, nan 
-104.875, 87.125, 3.6799729755172425e-23, nan 
-104.625, 87.125, 3.276102423166418e-23, nan 
-104.375, 87.125, 4.1648428203258903e-23, nan 
-104.125, 87.125, 3.645694286311924e-23, nan 
-103.875, 87.125, 2.747133691233798e-23, nan 
-103.625, 87.125, 3.473004419517814e-23, nan 
-103.375, 87.125, 4.4535322925411733e-23, nan 
-103.125, 87.125, 5.545276808309086e-23, nan 
-102.875, 87.125, 7.377266461686244e-23, nan 
-102.625, 87.125, 7.976516533111037e-23, nan 
-102.375, 87.125, 8.966901167909332e-23, nan 
-102.125, 87.125, 9.551539420234701e-23, nan 
-101.875, 87.125, 9.587737882512339e-23, nan 
-101.625, 87.125, 9.582294078931544e-23, nan 
-101.375, 87.125, 9.251597699758837e-23, nan 
-101.125, 87.125, 9.51275312517261e-23, nan 
-100.875, 87.125, 1.0005006815234337e-22, nan 
-100.625, 87.125, 1.1003663613953665e-22, nan 
-100.375, 87.125, 1.1704086103646055e-22, nan 
-100.125, 87.125, 1.1525880162305936e-22, nan 
-99.875, 87.125, 1.0973424569518638e-22, nan 
-99.625, 87.125, 1.2003920824459728e-22, nan 
-99.375, 87.125, 1.146029950691344e-22, nan 
-99.125, 87.125, 1.2573023418219472e-22, nan 
-98.875, 87.125, 1.31569752954355e-22, nan 
-98.625, 87.125, 1.4088189362703629e-22, nan 
-98.375, 87.125, 1.1455563049207383e-22, nan 
-98.125, 87.125, 1.0441216141964185e-22, nan 
-97.875, 87.125, 1.2142907645644863e-22, nan 
-97.625, 87.125, 1.3049519691886843e-22, nan 
-97.375, 87.125, 1.331807511043965e-22, nan 
-97.125, 87.125, 1.325436455995685e-22, nan 
-96.875, 87.125, 1.3132400272128636e-22, nan 
-96.625, 87.125, 1.2629092883640094e-22, nan 
-96.375, 87.125, 1.275036642385085e-22, nan 
-96.125, 87.125, 1.2398759450468187e-22, nan 
-95.875, 87.125, 1.2217687522078553e-22, nan 
-95.625, 87.125, 1.207682861841437e-22, nan 
-95.375, 87.125, 1.2052604153895579e-22, nan 
-95.125, 87.125, 1.2476727390471811e-22, nan 
-94.875, 87.125, 1.2909001400202447e-22, nan 
-94.625, 87.125, 1.3091633924453758e-22, nan 
-94.375, 87.125, 1.3505867403867248e-22, nan 
-94.125, 87.125, 1.3716288123523005e-22, nan 
-93.875, 87.125, 1.5216251320864226e-22, nan 
-93.625, 87.125, 1.7511221996377053e-22, nan 
-93.375, 87.125, 1.8950326412029197e-22, nan 
-93.125, 87.125, 1.9415897176818238e-22, nan 
-92.875, 87.125, 1.9809671288022152e-22, nan 
-92.625, 87.125, 1.9994602440902706e-22, nan 
-92.375, 87.125, 2.0496656306140683e-22, nan 
-92.125, 87.125, 2.014828545600062e-22, nan 
-91.875, 87.125, 2.0634027315475152e-22, nan 
-91.625, 87.125, 2.0723636385175972e-22, nan 
-91.375, 87.125, 2.0185148106401366e-22, nan 
-91.125, 87.125, 1.9321784635544418e-22, nan 
-90.875, 87.125, 1.8716865911213705e-22, nan 
-90.625, 87.125, 1.8101388453835335e-22, nan 
-90.375, 87.125, 1.831014275667483e-22, nan 
-90.125, 87.125, 1.9452824011591368e-22, nan 
-89.875, 87.125, 2.1134010664194928e-22, nan 
-89.625, 87.125, 2.0932423867105603e-22, nan 
-89.375, 87.125, 2.0378083734297354e-22, nan 
-89.125, 87.125, 2.0892631284509506e-22, nan 
-88.875, 87.125, 2.1555352706835095e-22, nan 
-88.625, 87.125, 2.2692829586325054e-22, nan 
-88.375, 87.125, 2.3886223289161065e-22, nan 
-88.125, 87.125, 2.5845232429728763e-22, nan 
-87.875, 87.125, 2.610060919653923e-22, nan 
-87.625, 87.125, 2.6622057109708975e-22, nan 
-87.375, 87.125, 2.6975901931385485e-22, nan 
-87.125, 87.125, 2.7483853827831634e-22, nan 
-86.875, 87.125, 2.750127298913897e-22, nan 
-86.625, 87.125, 2.7025699363682526e-22, nan 
-86.375, 87.125, 2.6199671114048323e-22, nan 
-86.125, 87.125, 2.53008847944481e-22, nan 
-85.875, 87.125, 2.4561894538073647e-22, nan 
-85.625, 87.125, 2.4225098554684733e-22, nan 
-85.375, 87.125, 2.375276283047831e-22, nan 
-85.125, 87.125, 2.346945051661845e-22, nan 
-84.875, 87.125, 2.2737440341415016e-22, nan 
-84.625, 87.125, 2.1982142234216194e-22, nan 
-84.375, 87.125, 2.1849061353485675e-22, nan 
-84.125, 87.125, 2.124182459577542e-22, nan 
-83.875, 87.125, 2.138993820923784e-22, nan 
-83.625, 87.125, 2.199521127157069e-22, nan 
-83.375, 87.125, 2.3367966552056697e-22, nan 
-83.125, 87.125, 2.4556534766371277e-22, nan 
-82.875, 87.125, 2.50203581244055e-22, nan 
-82.625, 87.125, 2.528030475528953e-22, nan 
-82.375, 87.125, 2.670625078922523e-22, nan 
-82.125, 87.125, 2.743100744016484e-22, nan 
-81.875, 87.125, 2.7658802402548907e-22, nan 
-81.625, 87.125, 2.7345132221461547e-22, nan 
-81.375, 87.125, 2.757896381610331e-22, nan 
-81.125, 87.125, 2.764924638170347e-22, nan 
-80.875, 87.125, 2.8557027750197807e-22, nan 
-80.625, 87.125, 2.9037856682958964e-22, nan 
-80.375, 87.125, 2.961596019358541e-22, nan 
-80.125, 87.125, 3.0250652114997182e-22, nan 
-79.875, 87.125, 2.9736014072649195e-22, nan 
-79.625, 87.125, 2.983536428770966e-22, nan 
-79.375, 87.125, 2.906212414832471e-22, nan 
-79.125, 87.125, 2.9499489331129684e-22, nan 
-78.875, 87.125, 3.0333560221162986e-22, nan 
-78.625, 87.125, 3.2284129275345047e-22, nan 
-78.375, 87.125, 3.326407018500884e-22, nan 
-78.125, 87.125, 3.4894411938330826e-22, nan 
-77.875, 87.125, 3.5767632059042516e-22, nan 
-77.625, 87.125, 3.808528589730724e-22, nan 
-77.375, 87.125, 3.8147287840243324e-22, nan 
-77.125, 87.125, 4.1215946829752365e-22, nan 
-76.875, 87.125, 4.248053186679227e-22, nan 
-76.625, 87.125, 4.577960901248081e-22, nan 
-76.375, 87.125, 4.87581266238245e-22, nan 
-76.125, 87.125, 4.883228908807041e-22, nan 
-75.875, 87.125, 4.683022334596915e-22, nan 
-75.625, 87.125, 4.471055500078253e-22, nan 
-75.375, 87.125, 4.342382511376991e-22, nan 
-75.125, 87.125, 4.066372848768201e-22, nan 
-74.875, 87.125, 3.6526592325861616e-22, nan 
-74.625, 87.125, 3.381793205368953e-22, nan 
-74.375, 87.125, 2.9591883410465866e-22, nan 
-74.125, 87.125, 2.763060187645337e-22, nan 
-73.875, 87.125, 3.1389237482370294e-22, nan 
-73.625, 87.125, 3.92678753208015e-22, nan 
-73.375, 87.125, 4.337013823967952e-22, nan 
-73.125, 87.125, 4.287846101187861e-22, nan 
-72.875, 87.125, 4.790725202291992e-22, nan 
-72.625, 87.125, 4.748017881228791e-22, nan 
-72.375, 87.125, 5.128849584121941e-22, nan 
-72.125, 87.125, 4.62860351189231e-22, nan 
-71.875, 87.125, 4.925367090232915e-22, nan 
-71.625, 87.125, 5.298822110718875e-22, nan 
-71.375, 87.125, 5.2779762901239265e-22, nan 
-71.125, 87.125, 5.060336261731256e-22, nan 
-70.875, 87.125, 4.888420187737399e-22, nan 
-70.625, 87.125, 4.974402542973819e-22, nan 
-70.375, 87.125, 5.545040354335506e-22, nan 
-70.125, 87.125, 5.161118988239096e-22, nan 
-69.875, 87.125, 4.994206145835546e-22, nan 
-69.625, 87.125, 4.767526254337914e-22, nan 
-69.375, 87.125, 4.425228222007647e-22, nan 
-69.125, 87.125, 4.0039377439675417e-22, nan 
-68.875, 87.125, 3.6989605839617954e-22, nan 
-68.625, 87.125, 3.456722699067191e-22, nan 
-68.375, 87.125, 2.96714998586833e-22, nan 
-68.125, 87.125, 2.697967993770987e-22, nan 
-67.875, 87.125, 2.79227652434753e-22, nan 
-67.625, 87.125, 2.949939419025692e-22, nan 
-67.375, 87.125, 2.971706303093328e-22, nan 
-67.125, 87.125, 3.0830392285826917e-22, nan 
-66.875, 87.125, 3.2203066071641374e-22, nan 
-66.625, 87.125, 3.2633178281443156e-22, nan 
-66.375, 87.125, 3.0794742185876264e-22, nan 
-66.125, 87.125, 2.9244661319615715e-22, nan 
-65.875, 87.125, 2.790137267123815e-22, nan 
-65.625, 87.125, 2.597178284191136e-22, nan 
-65.375, 87.125, 2.455312449224704e-22, nan 
-65.125, 87.125, 1.8701265327136313e-22, nan 
-64.875, 87.125, 1.5982157363407416e-22, nan 
-64.625, 87.125, 1.5097295549284457e-22, nan 
-64.375, 87.125, 1.5939682285737761e-22, nan 
-64.125, 87.125, 1.7435772991014973e-22, nan 
-63.875, 87.125, 1.9549522122221182e-22, nan 
-63.625, 87.125, 2.1349643063508375e-22, nan 
-63.375, 87.125, 2.2851792117277407e-22, nan 
-63.125, 87.125, 2.474945906922964e-22, nan 
-62.875, 87.125, 2.6684606567604043e-22, nan 
-62.625, 87.125, 2.898640634322049e-22, nan 
-62.375, 87.125, 3.193654101321887e-22, nan 
-62.125, 87.125, 3.726874721916279e-22, nan 
-61.875, 87.125, 4.440862649663908e-22, nan 
-61.625, 87.125, 5.090014485890814e-22, nan 
-61.375, 87.125, 5.551309905433244e-22, nan 
-61.125, 87.125, 6.764611519625868e-22, nan 
-60.875, 87.125, 7.80256972194581e-22, nan 
-60.625, 87.125, 8.602915340427362e-22, nan 
-60.375, 87.125, 9.215964601248363e-22, nan 
-60.125, 87.125, 9.377803727682333e-22, nan 
-59.875, 87.125, 9.600335944520064e-22, nan 
-59.625, 87.125, 1.0011489284953546e-21, nan 
-59.375, 87.125, 1.0106900971522282e-21, nan 
-59.125, 87.125, 1.0206358172749324e-21, nan 
-58.875, 87.125, 1.0054054368408463e-21, nan 
-58.625, 87.125, 1.014526271173905e-21, nan 
-58.375, 87.125, 9.925513061663748e-22, nan 
-58.125, 87.125, 9.840926019747648e-22, nan 
-57.875, 87.125, 9.617687628689683e-22, nan 
-57.625, 87.125, 9.288196363622367e-22, nan 
-57.375, 87.125, 9.148750815493252e-22, nan 
-57.125, 87.125, 8.500451926084272e-22, nan 
-56.875, 87.125, 7.87960982829002e-22, nan 
-56.625, 87.125, 7.420142597300405e-22, nan 
-56.375, 87.125, 5.8806154017224565e-22, nan 
-56.125, 87.125, 5.408938757344791e-22, nan 
-55.875, 87.125, 5.997872294349241e-22, nan 
-55.625, 87.125, 7.1901162484902965e-22, nan 
-55.375, 87.125, 8.404154598648241e-22, nan 
-55.125, 87.125, 9.442648374096144e-22, nan 
-54.875, 87.125, 1.0843304262523568e-21, nan 
-54.625, 87.125, 1.1444059801906919e-21, nan 
-54.375, 87.125, 1.197988454608314e-21, nan 
-54.125, 87.125, 1.0738644166935937e-21, nan 
-53.875, 87.125, 1.0850634898407612e-21, nan 
-53.625, 87.125, 1.21327719193863e-21, nan 
-53.375, 87.125, 1.1869062578427337e-21, nan 
-53.125, 87.125, 1.1356362857466706e-21, nan 
-52.875, 87.125, 1.0531853794835487e-21, nan 
-52.625, 87.125, 1.0331331046635197e-21, nan 
-52.375, 87.125, 9.670630251192715e-22, nan 
-52.125, 87.125, 8.7058202493723e-22, nan 
-51.875, 87.125, 7.980480253918062e-22, nan 
-51.625, 87.125, 7.263290722903854e-22, nan 
-51.375, 87.125, 6.662506051187037e-22, nan 
-51.125, 87.125, 5.868236329996798e-22, nan 
-50.875, 87.125, 4.764400452031837e-22, nan 
-50.625, 87.125, 3.634347354770065e-22, nan 
-50.375, 87.125, 3.9657826350810508e-22, nan 
-50.125, 87.125, 4.973115405843063e-22, nan 
-49.875, 87.125, 5.567689546480748e-22, nan 
-49.625, 87.125, 6.10408301994688e-22, nan 
-49.375, 87.125, 6.297229784212516e-22, nan 
-49.125, 87.125, 6.592540399458372e-22, nan 
-48.875, 87.125, 6.62596594249633e-22, nan 
-48.625, 87.125, 6.583028707913578e-22, nan 
-48.375, 87.125, 6.399496865462262e-22, nan 
-48.125, 87.125, 5.991612758951153e-22, nan 
-47.875, 87.125, 5.991472262267626e-22, nan 
-47.625, 87.125, 5.72821467952289e-22, nan 
-47.375, 87.125, 5.583362867289469e-22, nan 
-47.125, 87.125, 5.336118499850747e-22, nan 
-46.875, 87.125, 5.098142462975039e-22, nan 
-46.625, 87.125, 4.792479273355635e-22, nan 
-46.375, 87.125, 4.314629219142181e-22, nan 
-46.125, 87.125, 3.7082693082582194e-22, nan 
-45.875, 87.125, 3.3177653397415624e-22, nan 
-45.625, 87.125, 2.634924020253142e-22, nan 
-45.375, 87.125, 2.2124118562223417e-22, nan 
-45.125, 87.125, 2.1936376266305134e-22, nan 
-44.875, 87.125, 2.548736813214541e-22, nan 
-44.625, 87.125, 2.482942514649971e-22, nan 
-44.375, 87.125, 1.8889951299135475e-22, nan 
-44.125, 87.125, 1.262594520550993e-22, nan 
-43.875, 87.125, 9.611418539599316e-23, nan 
-43.625, 87.125, 9.218272834261762e-23, nan 
-43.375, 87.125, 9.197923765102367e-23, nan 
-43.125, 87.125, 1.4515546473045898e-22, nan 
-42.875, 87.125, 7.692782384829373e-23, nan 
-42.625, 87.125, 1.0400085286564185e-22, nan 
-42.375, 87.125, 1.3155242590111394e-22, nan 
-42.125, 87.125, 1.440154175050163e-22, nan 
-41.875, 87.125, 1.3941993333724813e-22, nan 
-41.625, 87.125, 1.3184372883253003e-22, nan 
-41.375, 87.125, 1.2316905367913042e-22, nan 
-41.125, 87.125, 1.1459730758849755e-22, nan 
-40.875, 87.125, 9.329699175690537e-23, nan 
-40.625, 87.125, 1.006012591371746e-22, nan 
-40.375, 87.125, 5.608547461129339e-22, nan 
-40.125, 87.125, 7.57728280373828e-22, nan 
-39.875, 87.125, 4.066596433662113e-22, nan 
-39.625, 87.125, 1.9620100423650304e-22, nan 
-39.375, 87.125, 1.7642006181311513e-22, nan 
-39.125, 87.125, 1.2093203644948999e-22, nan 
-38.875, 87.125, 1.0157133818116815e-22, nan 
-38.625, 87.125, 1.066775539613412e-22, nan 
-38.375, 87.125, 3.004483296983307e-22, nan 
-38.125, 87.125, 9.330882872803226e-22, nan 
-37.875, 87.125, 7.001430871294254e-22, nan 
-37.625, 87.125, 3.573548128728106e-22, nan 
-37.375, 87.125, 1.7125705708464123e-22, nan 
-37.125, 87.125, 1.6554718241854853e-22, nan 
-36.875, 87.125, 1.90275343151474e-22, nan 
-36.625, 87.125, 2.242181179296355e-22, nan 
-36.375, 87.125, 2.553333023714276e-22, nan 
-36.125, 87.125, 2.8005182168251195e-22, nan 
-35.875, 87.125, 3.0698841181915578e-22, nan 
-35.625, 87.125, 3.323045049196631e-22, nan 
-35.375, 87.125, 3.6140717489025427e-22, nan 
-35.125, 87.125, 3.9171907725389473e-22, nan 
-34.875, 87.125, 4.1356760228400652e-22, nan 
-34.625, 87.125, 4.25294806027275e-22, nan 
-34.375, 87.125, 4.521917691103702e-22, nan 
-34.125, 87.125, 4.606108699884856e-22, nan 
-33.875, 87.125, 4.590484708322927e-22, nan 
-33.625, 87.125, 4.681785826663522e-22, nan 
-33.375, 87.125, 4.772950901661738e-22, nan 
-33.125, 87.125, 4.927034393767775e-22, nan 
-32.875, 87.125, 5.1086069537945855e-22, nan 
-32.625, 87.125, 5.352152917414476e-22, nan 
-32.375, 87.125, 5.928806448792744e-22, nan 
-32.125, 87.125, 7.064399330109936e-22, nan 
-31.875, 87.125, 8.131400833223969e-22, nan 
-31.625, 87.125, 9.74897751188204e-22, nan 
-31.375, 87.125, 1.0979417630687733e-21, nan 
-31.125, 87.125, 1.1903664675427384e-21, nan 
-30.875, 87.125, 1.2765842280473923e-21, nan 
-30.625, 87.125, 1.5875358561737044e-21, nan 
-30.375, 87.125, 1.73197704271324e-21, nan 
-30.125, 87.125, 1.5793276814142822e-21, nan 
-29.875, 87.125, 1.40604009261566e-21, nan 
-29.625, 87.125, 1.4138684417903521e-21, nan 
-29.375, 87.125, 1.4428627194524177e-21, nan 
-29.125, 87.125, 1.4336633791327716e-21, nan 
-28.875, 87.125, 1.422734864928984e-21, nan 
-28.625, 87.125, 1.4014849494456786e-21, nan 
-28.375, 87.125, 1.3740165626269608e-21, nan 
-28.125, 87.125, 1.3251645338274476e-21, nan 
-27.875, 87.125, 1.257088670090366e-21, nan 
-27.625, 87.125, 1.2367768484033333e-21, nan 
-27.375, 87.125, 1.333720780054639e-21, nan 
-27.125, 87.125, 1.5042680527993805e-21, nan 
-26.875, 87.125, 1.465190933151965e-21, nan 
-26.625, 87.125, 1.2362027821468847e-21, nan 
-26.375, 87.125, 1.1816838622324717e-21, nan 
-26.125, 87.125, 1.1484658662677456e-21, nan 
-25.875, 87.125, 1.1237285327347323e-21, nan 
-25.625, 87.125, 1.1009697016309387e-21, nan 
-25.375, 87.125, 1.0856811468878041e-21, nan 
-25.125, 87.125, 1.1099120355474338e-21, nan 
-24.875, 87.125, 1.1021496118278911e-21, nan 
-24.625, 87.125, 1.0007332813908737e-21, nan 
-24.375, 87.125, 1.0247984224204116e-21, nan 
-24.125, 87.125, 1.0717210963831349e-21, nan 
-23.875, 87.125, 1.1096924014845657e-21, nan 
-23.625, 87.125, 1.1251853980815833e-21, nan 
-23.375, 87.125, 1.0715121635527702e-21, nan 
-23.125, 87.125, 9.606480868988183e-22, nan 
-22.875, 87.125, 8.298242350165367e-22, nan 
-22.625, 87.125, 7.831949147130132e-22, nan 
-22.375, 87.125, 6.844635122574899e-22, nan 
-22.125, 87.125, 6.339719568665183e-22, nan 
-21.875, 87.125, 6.795263338416723e-22, nan 
-21.625, 87.125, 6.835209823331612e-22, nan 
-21.375, 87.125, 5.7112614556528545e-22, nan 
-21.125, 87.125, 4.3985964201380925e-22, nan 
-20.875, 87.125, 3.743455039131582e-22, nan 
-20.625, 87.125, 3.4549848894350815e-22, nan 
-20.375, 87.125, 3.3030351488673823e-22, nan 
-20.125, 87.125, 3.307533285615654e-22, nan 
-19.875, 87.125, 3.422988867441941e-22, nan 
-19.625, 87.125, 3.414412691248719e-22, nan 
-19.375, 87.125, 3.241129370694362e-22, nan 
-19.125, 87.125, 3.1814481941874197e-22, nan 
-18.875, 87.125, 3.2593314696879613e-22, nan 
-18.625, 87.125, 3.396906301568612e-22, nan 
-18.375, 87.125, 3.406708920333946e-22, nan 
-18.125, 87.125, 3.1567475885892905e-22, nan 
-17.875, 87.125, 2.922710989447257e-22, nan 
-17.625, 87.125, 2.7305286706959185e-22, nan 
-17.375, 87.125, 2.5816976374825803e-22, nan 
-17.125, 87.125, 2.6801101063668795e-22, nan 
-16.875, 87.125, 3.4249457519109044e-22, nan 
-16.625, 87.125, 4.745991380407324e-22, nan 
-16.375, 87.125, 5.215455579806311e-22, nan 
-16.125, 87.125, 5.426847787916913e-22, nan 
-15.875, 87.125, 5.57687914053078e-22, nan 
-15.625, 87.125, 5.717033156395144e-22, nan 
-15.375, 87.125, 6.194506070312554e-22, nan 
-15.125, 87.125, 8.031915969203487e-22, nan 
-14.875, 87.125, 6.876911766638191e-22, nan 
-14.625, 87.125, 3.287511117207602e-22, nan 
-14.375, 87.125, 6.00522818325014e-22, nan 
-14.125, 87.125, 2.7369730322088247e-22, nan 
-13.875, 87.125, 2.9153506236190457e-22, nan 
-13.625, 87.125, 4.450859027650781e-22, nan 
-13.375, 87.125, 5.194866219599601e-22, nan 
-13.125, 87.125, 5.446578403373355e-22, nan 
-12.875, 87.125, 5.667736467252257e-22, nan 
-12.625, 87.125, 6.401277225320049e-22, nan 
-12.375, 87.125, 8.920422610275635e-22, nan 
-12.125, 87.125, 8.113077686578533e-22, nan 
-11.875, 87.125, 7.355858857673432e-22, nan 
-11.625, 87.125, 6.229893065600802e-22, nan 
-11.375, 87.125, 4.611496114566263e-22, nan 
-11.125, 87.125, 3.2058629907064756e-22, nan 
-10.875, 87.125, 2.274414986621213e-22, nan 
-10.625, 87.125, 4.264917512964405e-22, nan 
-10.375, 87.125, 5.286875448147327e-22, nan 
-10.125, 87.125, 6.526091209472032e-22, nan 
-9.875, 87.125, 2.248306525213202e-22, nan 
-9.625, 87.125, 3.7712288712315095e-22, nan 
-9.375, 87.125, 4.561059106630186e-22, nan 
-9.125, 87.125, 4.900103286982901e-22, nan 
-8.875, 87.125, 5.024818449182696e-22, nan 
-8.625, 87.125, 5.041697452571071e-22, nan 
-8.375, 87.125, 5.051591037103331e-22, nan 
-8.125, 87.125, 5.059973240657575e-22, nan 
-7.875, 87.125, 5.058104791660884e-22, nan 
-7.625, 87.125, 4.996832941415183e-22, nan 
-7.375, 87.125, 4.816797525127298e-22, nan 
-7.125, 87.125, 4.571200480869634e-22, nan 
-6.875, 87.125, 3.938600670882411e-22, nan 
-6.625, 87.125, 3.478307753700085e-22, nan 
-6.375, 87.125, 3.2911413138932298e-22, nan 
-6.125, 87.125, 4.0506241866385506e-22, nan 
-5.875, 87.125, 5.510785124660825e-22, nan 
-5.625, 87.125, 6.969790046086559e-22, nan 
-5.375, 87.125, 7.136811827633687e-22, nan 
-5.125, 87.125, 7.159333043805504e-22, nan 
-4.875, 87.125, 6.926103336123289e-22, nan 
-4.625, 87.125, 6.891160755094211e-22, nan 
-4.375, 87.125, 7.214189196637125e-22, nan 
-4.125, 87.125, 7.17843270499429e-22, nan 
-3.875, 87.125, 6.999521562762665e-22, nan 
-3.625, 87.125, 6.636315083972872e-22, nan 
-3.375, 87.125, 6.395088671217746e-22, nan 
-3.125, 87.125, 6.177923949887054e-22, nan 
-2.875, 87.125, 6.288888452684055e-22, nan 
-2.625, 87.125, 6.238432429156802e-22, nan 
-2.375, 87.125, 6.60915361964421e-22, nan 
-2.125, 87.125, 7.130848852902356e-22, nan 
-1.875, 87.125, 7.493832339543756e-22, nan 
-1.625, 87.125, 7.805353135860665e-22, nan 
-1.375, 87.125, 1.0504084338724628e-21, nan 
-1.125, 87.125, 1.3938024585585796e-21, nan 
-0.875, 87.125, 1.5290243721932418e-21, nan 
-0.625, 87.125, 1.5403902094418723e-21, nan 
-0.375, 87.125, 1.544077545028766e-21, nan 
-0.125, 87.125, 1.4883718116187897e-21, nan 
0.125, 87.125, 1.3813429400418895e-21, nan 
0.375, 87.125, 1.3180238616907526e-21, nan 
0.625, 87.125, 1.2088758646106232e-21, nan 
0.875, 87.125, 1.0471480159061083e-21, nan 
1.125, 87.125, 8.087726857709e-22, nan 
1.375, 87.125, 6.651331505596912e-22, nan 
1.625, 87.125, 5.703449499039425e-22, nan 
1.875, 87.125, 5.261240753359859e-22, nan 
2.125, 87.125, 5.71224433758398e-22, nan 
2.375, 87.125, 6.543700982010217e-22, nan 
2.625, 87.125, 7.218873554426525e-22, nan 
2.875, 87.125, 7.730472854308587e-22, nan 
3.125, 87.125, 8.016782959257503e-22, nan 
3.375, 87.125, 9.005470728677954e-22, nan 
3.625, 87.125, 1.0334150056143255e-21, nan 
3.875, 87.125, 1.172351600491959e-21, nan 
4.125, 87.125, 1.1934381832363134e-21, nan 
4.375, 87.125, 1.1840113313357452e-21, nan 
4.625, 87.125, 1.1579036928740891e-21, nan 
4.875, 87.125, 1.1196280369048618e-21, nan 
5.125, 87.125, 1.0828621007449248e-21, nan 
5.375, 87.125, 1.0101007765307459e-21, nan 
5.625, 87.125, 9.02410400370006e-22, nan 
5.875, 87.125, 7.519489321653667e-22, nan 
6.125, 87.125, 6.557887440417996e-22, nan 
6.375, 87.125, 5.773515446281104e-22, nan 
6.625, 87.125, 4.940135082092233e-22, nan 
6.875, 87.125, 4.349186944018816e-22, nan 
7.125, 87.125, 3.8748213862521615e-22, nan 
7.375, 87.125, 3.683567749799998e-22, nan 
7.625, 87.125, 3.51515244453288e-22, nan 
7.875, 87.125, 3.3769671018508256e-22, nan 
8.125, 87.125, 3.239868658183396e-22, nan 
8.375, 87.125, 3.0774193763935652e-22, nan 
8.625, 87.125, 2.9472850823179927e-22, nan 
8.875, 87.125, 2.833284696779753e-22, nan 
9.125, 87.125, 2.7090843212311024e-22, nan 
9.375, 87.125, 2.60993864309099e-22, nan 
9.625, 87.125, 2.5247438018107466e-22, nan 
9.875, 87.125, 2.4115312023563066e-22, nan 
10.125, 87.125, 2.264278341930356e-22, nan 
10.375, 87.125, 2.1432334385086253e-22, nan 
10.625, 87.125, 2.0186601728420686e-22, nan 
10.875, 87.125, 1.9266290114637112e-22, nan 
11.125, 87.125, 1.8210227758811114e-22, nan 
11.375, 87.125, 1.356012321099228e-22, nan 
11.625, 87.125, 1.5139846240864881e-22, nan 
11.875, 87.125, 2.724012001411508e-22, nan 
12.125, 87.125, 3.991802650408427e-22, nan 
12.375, 87.125, 5.38195341615161e-22, nan 
12.625, 87.125, 5.047001885875289e-22, nan 
12.875, 87.125, 3.124970417961047e-22, nan 
13.125, 87.125, 3.539859941545452e-22, nan 
13.375, 87.125, 2.1129984518118313e-22, nan 
13.625, 87.125, 1.4263771051411163e-22, nan 
13.875, 87.125, 1.3223758871963905e-22, nan 
14.125, 87.125, 4.1500053442748073e-22, nan 
14.375, 87.125, 3.2640850599957894e-22, nan 
14.625, 87.125, 3.4833140767776733e-22, nan 
14.875, 87.125, 3.820697533145902e-22, nan 
15.125, 87.125, 4.353893409359017e-22, nan 
15.375, 87.125, 4.835138901148778e-22, nan 
15.625, 87.125, 4.775463306964744e-22, nan 
15.875, 87.125, 3.5981069367804505e-22, nan 
16.125, 87.125, 4.1920800265142332e-22, nan 
16.375, 87.125, 3.999649309264534e-22, nan 
16.625, 87.125, 3.7450832145003802e-22, nan 
16.875, 87.125, 3.089030728485067e-22, nan 
17.125, 87.125, 3.008368688929342e-22, nan 
17.375, 87.125, 3.24275263337255e-22, nan 
17.625, 87.125, 3.3185432318888733e-22, nan 
17.875, 87.125, 3.246754076849105e-22, nan 
18.125, 87.125, 3.321410408716292e-22, nan 
18.375, 87.125, 3.460953350680624e-22, nan 
18.625, 87.125, 2.7731427947497585e-22, nan 
18.875, 87.125, 3.0057440486126634e-22, nan 
19.125, 87.125, 3.647691379486264e-22, nan 
19.375, 87.125, 4.540534325346267e-22, nan 
19.625, 87.125, 5.377122340087834e-22, nan 
19.875, 87.125, 6.382605601730875e-22, nan 
20.125, 87.125, 7.002557334094189e-22, nan 
20.375, 87.125, 6.926221258167198e-22, nan 
20.625, 87.125, 6.847687605165921e-22, nan 
20.875, 87.125, 6.805312610757057e-22, nan 
21.125, 87.125, 6.763364759139146e-22, nan 
21.375, 87.125, 6.630975975180007e-22, nan 
21.625, 87.125, 6.481148531861501e-22, nan 
21.875, 87.125, 6.5571155799186135e-22, nan 
22.125, 87.125, 6.213786336989054e-22, nan 
22.375, 87.125, 5.542447929150331e-22, nan 
22.625, 87.125, 4.781753461076686e-22, nan 
22.875, 87.125, 3.8636366918850504e-22, nan 
23.125, 87.125, 3.1203158324494345e-22, nan 
23.375, 87.125, 3.0169928023820117e-22, nan 
23.625, 87.125, 3.306873283131012e-22, nan 
23.875, 87.125, 3.873228019931613e-22, nan 
24.125, 87.125, 4.545110239571712e-22, nan 
24.375, 87.125, 4.942901375582093e-22, nan 
24.625, 87.125, 5.313095567530639e-22, nan 
24.875, 87.125, 5.587795762468097e-22, nan 
25.125, 87.125, 5.648104072342865e-22, nan 
25.375, 87.125, 5.686445101264136e-22, nan 
25.625, 87.125, 5.746060994465529e-22, nan 
25.875, 87.125, 5.70084302773751e-22, nan 
26.125, 87.125, 5.881944652580649e-22, nan 
26.375, 87.125, 6.029763981510781e-22, nan 
26.625, 87.125, 6.494848912586156e-22, nan 
26.875, 87.125, 5.689486509356738e-22, nan 
27.125, 87.125, 4.7650118011284045e-22, nan 
27.375, 87.125, 4.224300108222624e-22, nan 
27.625, 87.125, 3.618109188273996e-22, nan 
27.875, 87.125, 2.954376981807311e-22, nan 
28.125, 87.125, 2.4513160631608425e-22, nan 
28.375, 87.125, 2.134727110536722e-22, nan 
28.625, 87.125, 1.9351062994116159e-22, nan 
28.875, 87.125, 1.7370817270379148e-22, nan 
29.125, 87.125, 1.6416974148918032e-22, nan 
29.375, 87.125, 1.5124396681992829e-22, nan 
29.625, 87.125, 1.4181259633606414e-22, nan 
29.875, 87.125, 1.3068104770633188e-22, nan 
30.125, 87.125, 1.228108247513081e-22, nan 
30.375, 87.125, 1.1245829493084044e-22, nan 
30.625, 87.125, 8.464651513966582e-23, nan 
30.875, 87.125, 6.805924064862411e-23, nan 
31.125, 87.125, 5.978507361982313e-23, nan 
31.375, 87.125, 6.367339720401491e-23, nan 
31.625, 87.125, 6.57312136657617e-23, nan 
31.875, 87.125, 7.232606552207485e-23, nan 
32.125, 87.125, 7.678288337616332e-23, nan 
32.375, 87.125, 8.472655130377096e-23, nan 
32.625, 87.125, 9.134170578150629e-23, nan 
32.875, 87.125, 9.921497426351893e-23, nan 
33.125, 87.125, 1.0904063245600442e-22, nan 
33.375, 87.125, 1.1800366003325046e-22, nan 
33.625, 87.125, 1.2772743582169183e-22, nan 
33.875, 87.125, 1.4680104329680367e-22, nan 
34.125, 87.125, 1.8731335360533563e-22, nan 
34.375, 87.125, 2.283709078011077e-22, nan 
34.625, 87.125, 1.7096291310042751e-22, nan 
34.875, 87.125, 1.4945665153503346e-22, nan 
35.125, 87.125, 1.6754491774676566e-22, nan 
35.375, 87.125, 1.9866299332664675e-22, nan 
35.625, 87.125, 1.3295317264054988e-22, nan 
35.875, 87.125, 1.0319428897051948e-22, nan 
36.125, 87.125, 8.971946464352182e-23, nan 
36.375, 87.125, 8.372474599654396e-23, nan 
36.625, 87.125, 7.641636007849891e-23, nan 
36.875, 87.125, 7.143357125018851e-23, nan 
37.125, 87.125, 6.780557101230415e-23, nan 
37.375, 87.125, 6.624484563820461e-23, nan 
37.625, 87.125, 6.972921400805034e-23, nan 
37.875, 87.125, 8.237886590739959e-23, nan 
38.125, 87.125, 9.302114709296338e-23, nan 
38.375, 87.125, 1.0230283231965065e-22, nan 
38.625, 87.125, 1.1198186046627433e-22, nan 
38.875, 87.125, 1.1873880820030215e-22, nan 
39.125, 87.125, 1.2211787639662853e-22, nan 
39.375, 87.125, 1.298681702552324e-22, nan 
39.625, 87.125, 1.4582085015818897e-22, nan 
39.875, 87.125, 1.425469994681032e-22, nan 
40.125, 87.125, 1.3793167688712988e-22, nan 
40.375, 87.125, 1.351832549255777e-22, nan 
40.625, 87.125, 1.2865807401882438e-22, nan 
40.875, 87.125, 1.0315241210798651e-22, nan 
41.125, 87.125, 1.122381877915381e-22, nan 
41.375, 87.125, 7.123956261951615e-23, nan 
41.625, 87.125, 5.896342679991991e-23, nan 
41.875, 87.125, 6.99946539173015e-23, nan 
42.125, 87.125, 1.134234314829807e-22, nan 
42.375, 87.125, 1.2900859063523139e-22, nan 
42.625, 87.125, 1.434412048616307e-22, nan 
42.875, 87.125, 1.5784613414501297e-22, nan 
43.125, 87.125, 1.751364243713303e-22, nan 
43.375, 87.125, 1.8786271445631173e-22, nan 
43.625, 87.125, 2.044185489852102e-22, nan 
43.875, 87.125, 2.1901940856615286e-22, nan 
44.125, 87.125, 2.274871594975094e-22, nan 
44.375, 87.125, 2.3338839660299233e-22, nan 
44.625, 87.125, 2.3730798870772505e-22, nan 
44.875, 87.125, 2.3403713590541707e-22, nan 
45.125, 87.125, 2.228487826186428e-22, nan 
45.375, 87.125, 2.1718725157223143e-22, nan 
45.625, 87.125, 1.708371497783173e-22, nan 
45.875, 87.125, 1.3731321382088341e-22, nan 
46.125, 87.125, 1.2777877255926891e-22, nan 
46.375, 87.125, 1.4202618087591838e-22, nan 
46.625, 87.125, 1.5535210978217939e-22, nan 
46.875, 87.125, 1.6334871076655387e-22, nan 
47.125, 87.125, 1.7065738879819494e-22, nan 
47.375, 87.125, 1.7811972925926719e-22, nan 
47.625, 87.125, 1.8542679234289492e-22, nan 
47.875, 87.125, 1.9329484163139668e-22, nan 
48.125, 87.125, 2.0144590683586375e-22, nan 
48.375, 87.125, 2.0904395804438457e-22, nan 
48.625, 87.125, 2.161596486973455e-22, nan 
48.875, 87.125, 2.2307884753447216e-22, nan 
49.125, 87.125, 2.272544479951342e-22, nan 
49.375, 87.125, 2.3051653724146692e-22, nan 
49.625, 87.125, 2.321403615748005e-22, nan 
49.875, 87.125, 2.3099585249803764e-22, nan 
50.125, 87.125, 2.288050217758849e-22, nan 
50.375, 87.125, 2.160402760833126e-22, nan 
50.625, 87.125, 2.043668744354784e-22, nan 
50.875, 87.125, 1.8971058625745575e-22, nan 
51.125, 87.125, 1.7874613738750545e-22, nan 
51.375, 87.125, 1.708945458674518e-22, nan 
51.625, 87.125, 1.6906736626358393e-22, nan 
51.875, 87.125, 1.7004103585840862e-22, nan 
52.125, 87.125, 1.7093148713034493e-22, nan 
52.375, 87.125, 1.782639240084006e-22, nan 
52.625, 87.125, 1.8804772634176373e-22, nan 
52.875, 87.125, 2.0414730839216352e-22, nan 
53.125, 87.125, 2.1673118800331236e-22, nan 
53.375, 87.125, 2.330805387955742e-22, nan 
53.625, 87.125, 2.397099646937662e-22, nan 
53.875, 87.125, 2.4151739679886047e-22, nan 
54.125, 87.125, 2.5345343692437918e-22, nan 
54.375, 87.125, 3.0177618940730345e-22, nan 
54.625, 87.125, 2.584733263145095e-22, nan 
54.875, 87.125, 2.3916558765785145e-22, nan 
55.125, 87.125, 2.7203270889879107e-22, nan 
55.375, 87.125, 3.026469077440162e-22, nan 
55.625, 87.125, 2.4859069474085325e-22, nan 
55.875, 87.125, 2.8410689333512616e-22, nan 
56.125, 87.125, 3.0678308559462937e-22, nan 
56.375, 87.125, 3.189816059532195e-22, nan 
56.625, 87.125, 3.214394046720737e-22, nan 
56.875, 87.125, 3.2816823255791023e-22, nan 
57.125, 87.125, 3.370039726840819e-22, nan 
57.375, 87.125, 2.783856288244978e-22, nan 
57.625, 87.125, 2.646408659398344e-22, nan 
57.875, 87.125, 2.665997528489385e-22, nan 
58.125, 87.125, 2.778111821391246e-22, nan 
58.375, 87.125, 2.91291762805743e-22, nan 
58.625, 87.125, 3.09521840961007e-22, nan 
58.875, 87.125, 3.3300212337449164e-22, nan 
59.125, 87.125, 3.4356039056735085e-22, nan 
59.375, 87.125, 3.5557843349649666e-22, nan 
59.625, 87.125, 3.6516167932618215e-22, nan 
59.875, 87.125, 3.7647701275394446e-22, nan 
60.125, 87.125, 3.7978912215256057e-22, nan 
60.375, 87.125, 3.8254218075889546e-22, nan 
60.625, 87.125, 3.835358807663106e-22, nan 
60.875, 87.125, 3.7808132736861597e-22, nan 
61.125, 87.125, 3.690877121177375e-22, nan 
61.375, 87.125, 3.5345916812047557e-22, nan 
61.625, 87.125, 3.44129338474523e-22, nan 
61.875, 87.125, 3.3557202535101686e-22, nan 
62.125, 87.125, 3.3930585056128126e-22, nan 
62.375, 87.125, 3.860487391678473e-22, nan 
62.625, 87.125, 3.7049705404232095e-22, nan 
62.875, 87.125, 3.0546063628492034e-22, nan 
63.125, 87.125, 2.5430128418303834e-22, nan 
63.375, 87.125, 2.545482573327729e-22, nan 
63.625, 87.125, 2.816024533190413e-22, nan 
63.875, 87.125, 3.032027912695163e-22, nan 
64.125, 87.125, 3.247010135552117e-22, nan 
64.375, 87.125, 3.384261528862714e-22, nan 
64.625, 87.125, 3.511092559872594e-22, nan 
64.875, 87.125, 3.615856334618637e-22, nan 
65.125, 87.125, 3.6962186564849593e-22, nan 
65.375, 87.125, 3.755043483374987e-22, nan 
65.625, 87.125, 3.7772572059985735e-22, nan 
65.875, 87.125, 3.777836800576988e-22, nan 
66.125, 87.125, 3.7563046324146775e-22, nan 
66.375, 87.125, 3.7410821150900002e-22, nan 
66.625, 87.125, 3.714015818065111e-22, nan 
66.875, 87.125, 3.673134704795349e-22, nan 
67.125, 87.125, 3.63767777784305e-22, nan 
67.375, 87.125, 3.508627778884791e-22, nan 
67.625, 87.125, 3.1891144393845394e-22, nan 
67.875, 87.125, 2.9082709311173016e-22, nan 
68.125, 87.125, 2.7476994262835875e-22, nan 
68.375, 87.125, 2.458070631268816e-22, nan 
68.625, 87.125, 1.9134062732106326e-22, nan 
68.875, 87.125, 1.5580209821513718e-22, nan 
69.125, 87.125, 1.2626433275957363e-22, nan 
69.375, 87.125, 1.0924570141964707e-22, nan 
69.625, 87.125, 1.0810832173397438e-22, nan 
69.875, 87.125, 1.033696586813606e-22, nan 
70.125, 87.125, 1.025335842515805e-22, nan 
70.375, 87.125, 1.0337641889990945e-22, nan 
70.625, 87.125, 1.049532315167686e-22, nan 
70.875, 87.125, 1.120225945937606e-22, nan 
71.125, 87.125, 1.1850837543786066e-22, nan 
71.375, 87.125, 1.180092104934071e-22, nan 
71.625, 87.125, 1.2207016085568185e-22, nan 
71.875, 87.125, 1.2584892260488248e-22, nan 
72.125, 87.125, 1.2848384407114978e-22, nan 
72.375, 87.125, 1.298080897755326e-22, nan 
72.625, 87.125, 1.317528722388061e-22, nan 
72.875, 87.125, 1.365556232825613e-22, nan 
73.125, 87.125, 1.383916945847991e-22, nan 
73.375, 87.125, 1.3739822482239175e-22, nan 
73.625, 87.125, 1.2924566395377517e-22, nan 
73.875, 87.125, 1.279613325004102e-22, nan 
74.125, 87.125, 1.445492318414751e-22, nan 
74.375, 87.125, 1.4883455695519071e-22, nan 
74.625, 87.125, 1.4344372848119583e-22, nan 
74.875, 87.125, 1.466772020456499e-22, nan 
75.125, 87.125, 1.4204594034875765e-22, nan 
75.375, 87.125, 1.2092961603573233e-22, nan 
75.625, 87.125, 1.5438046351502031e-22, nan 
75.875, 87.125, 1.450231995596601e-22, nan 
76.125, 87.125, 1.4176190678671928e-22, nan 
76.375, 87.125, 1.4212782562882794e-22, nan 
76.625, 87.125, 1.4342220159670034e-22, nan 
76.875, 87.125, 1.4653153225051615e-22, nan 
77.125, 87.125, 1.465286504223871e-22, nan 
77.375, 87.125, 1.4347903241146236e-22, nan 
77.625, 87.125, 1.2814127115297673e-22, nan 
77.875, 87.125, 1.1823017975266611e-22, nan 
78.125, 87.125, 1.11085669598484e-22, nan 
78.375, 87.125, 1.035241541002763e-22, nan 
78.625, 87.125, 1.129745845539855e-22, nan 
78.875, 87.125, 1.1406359564913123e-22, nan 
79.125, 87.125, 2.0983713272576898e-22, nan 
79.375, 87.125, 2.2995909075445623e-22, nan 
79.625, 87.125, 2.350742970319499e-22, nan 
79.875, 87.125, 2.35859060756885e-22, nan 
80.125, 87.125, 2.3560698733249264e-22, nan 
80.375, 87.125, 1.6675466013212374e-22, nan 
80.625, 87.125, 1.3852555112336503e-22, nan 
80.875, 87.125, 1.2887558049602535e-22, nan 
81.125, 87.125, 1.2888709462311863e-22, nan 
81.375, 87.125, 1.3504095149717005e-22, nan 
81.625, 87.125, 1.5931712934708195e-22, nan 
81.875, 87.125, 2.0613478220700875e-22, nan 
82.125, 87.125, 2.200534952065628e-22, nan 
82.375, 87.125, 1.6738227263265203e-22, nan 
82.625, 87.125, 1.3042567422267752e-22, nan 
82.875, 87.125, 1.1287514559859223e-22, nan 
83.125, 87.125, 1.0887394155166056e-22, nan 
83.375, 87.125, 1.0363800495973931e-22, nan 
83.625, 87.125, 9.740356077126502e-23, nan 
83.875, 87.125, 9.767708338066085e-23, nan 
84.125, 87.125, 1.0166287478584594e-22, nan 
84.375, 87.125, 1.237353857402474e-22, nan 
84.625, 87.125, 1.8248238389758066e-22, nan 
84.875, 87.125, 1.8047738552156707e-22, nan 
85.125, 87.125, 1.7939127917979246e-22, nan 
85.375, 87.125, 1.800597447343759e-22, nan 
85.625, 87.125, 1.8201977520819889e-22, nan 
85.875, 87.125, 1.830731271643391e-22, nan 
86.125, 87.125, 1.8717013437892581e-22, nan 
86.375, 87.125, 1.9067849886902048e-22, nan 
86.625, 87.125, 1.93618226346662e-22, nan 
86.875, 87.125, 1.9452752681348016e-22, nan 
87.125, 87.125, 1.7919712640744018e-22, nan 
87.375, 87.125, 1.2983503405942034e-22, nan 
87.625, 87.125, 1.105998115171732e-22, nan 
87.875, 87.125, 1.054605908932214e-22, nan 
88.125, 87.125, 1.0487110933681902e-22, nan 
88.375, 87.125, 1.0672663933867326e-22, nan 
88.625, 87.125, 1.102900391276157e-22, nan 
88.875, 87.125, 1.1393504682004542e-22, nan 
89.125, 87.125, 1.2172878818902912e-22, nan 
89.375, 87.125, 1.277440827977124e-22, nan 
89.625, 87.125, 1.2769813136181581e-22, nan 
89.875, 87.125, 1.2996738133287673e-22, nan 
90.125, 87.125, 1.3110807047779067e-22, nan 
90.375, 87.125, 1.3392398449542527e-22, nan 
90.625, 87.125, 1.360354875717778e-22, nan 
90.875, 87.125, 1.3571074302238586e-22, nan 
91.125, 87.125, 1.2906806856224874e-22, nan 
91.375, 87.125, 1.258802887073573e-22, nan 
91.625, 87.125, 1.266307569283558e-22, nan 
91.875, 87.125, 1.3493739491633088e-22, nan 
92.125, 87.125, 1.4979789129801793e-22, nan 
92.375, 87.125, 1.8379934767516605e-22, nan 
92.625, 87.125, 1.7166671173585375e-22, nan 
92.875, 87.125, 1.5708937813002167e-22, nan 
93.125, 87.125, 1.4123912937764797e-22, nan 
93.375, 87.125, 1.3415553847622627e-22, nan 
93.625, 87.125, 1.3129432489384496e-22, nan 
93.875, 87.125, 1.4104348189222587e-22, nan 
94.125, 87.125, 1.5594755618597974e-22, nan 
94.375, 87.125, 1.632473884505574e-22, nan 
94.625, 87.125, 1.7495777384916065e-22, nan 
94.875, 87.125, 1.8316892309585584e-22, nan 
95.125, 87.125, 1.900678720041824e-22, nan 
95.375, 87.125, 1.943630635663603e-22, nan 
95.625, 87.125, 1.95924319461927e-22, nan 
95.875, 87.125, 1.9337035713601763e-22, nan 
96.125, 87.125, 1.908905572276176e-22, nan 
96.375, 87.125, 1.9099479126103845e-22, nan 
96.625, 87.125, 1.9419474367329953e-22, nan 
96.875, 87.125, 1.9572960956953194e-22, nan 
97.125, 87.125, 1.97182660416968e-22, nan 
97.375, 87.125, 1.914420122608891e-22, nan 
97.625, 87.125, 1.8583274187945854e-22, nan 
97.875, 87.125, 1.7704430449825553e-22, nan 
98.125, 87.125, 1.7157332904443024e-22, nan 
98.375, 87.125, 1.6378425024481246e-22, nan 
98.625, 87.125, 1.5699309949868608e-22, nan 
98.875, 87.125, 1.5325027027033391e-22, nan 
99.125, 87.125, 1.505168599573169e-22, nan 
99.375, 87.125, 1.4717515114803462e-22, nan 
99.625, 87.125, 1.4484479078337243e-22, nan 
99.875, 87.125, 1.4331929716561927e-22, nan 
100.125, 87.125, 1.425518792321389e-22, nan 
100.375, 87.125, 1.4160672301389197e-22, nan 
100.625, 87.125, 1.4108249147359257e-22, nan 
100.875, 87.125, 1.411515485698046e-22, nan 
101.125, 87.125, 1.4456423388097043e-22, nan 
101.375, 87.125, 1.438663355319277e-22, nan 
101.625, 87.125, 1.4281715802341904e-22, nan 
101.875, 87.125, 1.3927347734490139e-22, nan 
102.125, 87.125, 1.4343173038071542e-22, nan 
102.375, 87.125, 1.3771270235986234e-22, nan 
102.625, 87.125, 1.3167364928404263e-22, nan 
102.875, 87.125, 1.2949921543714575e-22, nan 
103.125, 87.125, 1.2768215772033227e-22, nan 
103.375, 87.125, 1.2436245332366617e-22, nan 
103.625, 87.125, 1.2455199241769555e-22, nan 
103.875, 87.125, 1.2635105309833876e-22, nan 
104.125, 87.125, 1.3192227709971163e-22, nan 
104.375, 87.125, 1.1230343312994806e-22, nan 
104.625, 87.125, 1.194765183463339e-22, nan 
104.875, 87.125, 1.0791460935328516e-22, nan 
105.125, 87.125, 1.0717852420864352e-22, nan 
105.375, 87.125, 1.0849020152864161e-22, nan 
105.625, 87.125, 1.0551676638430091e-22, nan 
105.875, 87.125, 9.63510596930283e-23, nan 
106.125, 87.125, 9.586275616132011e-23, nan 
106.375, 87.125, 8.599184077894407e-23, nan 
106.625, 87.125, 7.568329676724136e-23, nan 
106.875, 87.125, 5.691691434246388e-23, nan 
107.125, 87.125, 4.973885481030329e-23, nan 
107.375, 87.125, 4.6107768419445986e-23, nan 
107.625, 87.125, 6.074661069934564e-23, nan 
107.875, 87.125, 8.175033965011132e-23, nan 
108.125, 87.125, 5.837746943173331e-23, nan 
108.375, 87.125, 4.725789384972149e-23, nan 
108.625, 87.125, 5.535139964684771e-23, nan 
108.875, 87.125, 4.544077003992591e-23, nan 
109.125, 87.125, 3.697796793971836e-23, nan 
109.375, 87.125, 2.816997520333401e-23, nan 
109.625, 87.125, 5.440118438402665e-23, nan 
109.875, 87.125, 4.9568957833138224e-23, nan 
110.125, 87.125, 4.934600439412387e-23, nan 
110.375, 87.125, 4.402723705283972e-23, nan 
110.625, 87.125, 3.7162204961286275e-23, nan 
110.875, 87.125, 3.251901358331441e-23, nan 
111.125, 87.125, 3.0256735731413523e-23, nan 
111.375, 87.125, 2.906988688840206e-23, nan 
111.625, 87.125, 2.8931524454255906e-23, nan 
111.875, 87.125, 2.926263185104376e-23, nan 
112.125, 87.125, 2.9144986945909805e-23, nan 
112.375, 87.125, 2.7979537702209134e-23, nan 
112.625, 87.125, 2.5046710405384263e-23, nan 
112.875, 87.125, 2.3459521241541872e-23, nan 
113.125, 87.125, 2.6987923368690846e-23, nan 
113.375, 87.125, 4.3157017283574897e-23, nan 
113.625, 87.125, 4.848496393398081e-23, nan 
113.875, 87.125, 6.21018018453269e-23, nan 
114.125, 87.125, 6.137708971954686e-23, nan 
114.375, 87.125, 3.999567130300851e-23, nan 
114.625, 87.125, 2.630428273089983e-23, nan 
114.875, 87.125, 4.7439006289444104e-23, nan 
115.125, 87.125, 5.910714711910294e-23, nan 
115.375, 87.125, 6.69941418702485e-23, nan 
115.625, 87.125, 7.216272949376913e-23, nan 
115.875, 87.125, 7.562478959075862e-23, nan 
116.125, 87.125, 7.776903264852828e-23, nan 
116.375, 87.125, 3.6656413612049667e-23, nan 
116.625, 87.125, 3.651396502072994e-23, nan 
116.875, 87.125, 3.2559236496618e-23, nan 
117.125, 87.125, 3.110390294484433e-23, nan 
117.375, 87.125, 2.379963169186693e-23, nan 
117.625, 87.125, 3.086595043480416e-23, nan 
117.875, 87.125, 5.382448547495494e-23, nan 
118.125, 87.125, 6.513839687124015e-23, nan 
118.375, 87.125, 7.084518570069188e-23, nan 
118.625, 87.125, 7.728638420213993e-23, nan 
118.875, 87.125, 8.153383178056447e-23, nan 
119.125, 87.125, 8.326271470332796e-23, nan 
119.375, 87.125, 5.854174893078417e-23, nan 
119.625, 87.125, 4.754584504248976e-23, nan 
119.875, 87.125, 4.100282977910929e-23, nan 
120.125, 87.125, 3.677984560108865e-23, nan 
120.375, 87.125, 2.294856240155704e-23, nan 
120.625, 87.125, 1.88231829237943e-23, nan 
120.875, 87.125, 2.36273644049904e-23, nan 
121.125, 87.125, 1.998240909275046e-23, nan 
121.375, 87.125, 1.4191725288153502e-23, nan 
121.625, 87.125, 2.7839967065578525e-23, nan 
121.875, 87.125, 5.61204040443959e-23, nan 
122.125, 87.125, 6.69127995855661e-23, nan 
122.375, 87.125, 7.058355579938172e-23, nan 
122.625, 87.125, 7.103629391654145e-23, nan 
122.875, 87.125, 6.892846180659465e-23, nan 
123.125, 87.125, 6.631702631715429e-23, nan 
123.375, 87.125, 6.129504557700672e-23, nan 
123.625, 87.125, 5.558735823184461e-23, nan 
123.875, 87.125, 5.015031359652234e-23, nan 
124.125, 87.125, 4.018537647087626e-23, nan 
124.375, 87.125, 3.3529410279296625e-23, nan 
124.625, 87.125, 6.018604925081765e-23, nan 
124.875, 87.125, 7.023922376305117e-23, nan 
125.125, 87.125, 5.136602322779406e-23, nan 
125.375, 87.125, 5.548436314372983e-23, nan 
125.625, 87.125, 6.156012109622556e-23, nan 
125.875, 87.125, 6.505392799303132e-23, nan 
126.125, 87.125, 6.528070216947788e-23, nan 
126.375, 87.125, 6.246192530606269e-23, nan 
126.625, 87.125, 5.8225180979793e-23, nan 
126.875, 87.125, 5.744131865631048e-23, nan 
127.125, 87.125, 5.997549564408523e-23, nan 
127.375, 87.125, 6.444949817101845e-23, nan 
127.625, 87.125, 7.420311799899541e-23, nan 
127.875, 87.125, 8.988190890500799e-23, nan 
128.125, 87.125, 8.746137365438075e-23, nan 
128.375, 87.125, 7.405870193488613e-23, nan 
128.625, 87.125, 6.945023363425785e-23, nan 
128.875, 87.125, 6.827058390524617e-23, nan 
129.125, 87.125, 6.774672501247731e-23, nan 
129.375, 87.125, 6.910085771126912e-23, nan 
129.625, 87.125, 6.96597802954098e-23, nan 
129.875, 87.125, 7.098781160715398e-23, nan 
130.125, 87.125, 7.583181881270372e-23, nan 
130.375, 87.125, 8.832769893771348e-23, nan 
130.625, 87.125, 1.1441548352033402e-22, nan 
130.875, 87.125, 1.1723397411830523e-22, nan 
131.125, 87.125, 1.1479221008900947e-22, nan 
131.375, 87.125, 1.145395361447633e-22, nan 
131.625, 87.125, 1.1394505948251253e-22, nan 
131.875, 87.125, 1.1547996874031127e-22, nan 
132.125, 87.125, 1.1760488267472518e-22, nan 
132.375, 87.125, 1.2081146775718258e-22, nan 
132.625, 87.125, 1.2089927750283402e-22, nan 
132.875, 87.125, 1.2155675179695808e-22, nan 
133.125, 87.125, 1.2120900260711367e-22, nan 
133.375, 87.125, 1.1999851083615913e-22, nan 
133.625, 87.125, 1.1586118397076793e-22, nan 
133.875, 87.125, 1.1003082694762082e-22, nan 
134.125, 87.125, 8.37459446320015e-23, nan 
134.375, 87.125, 7.159858848921321e-23, nan 
134.625, 87.125, 6.671327982498862e-23, nan 
134.875, 87.125, 6.260435506537775e-23, nan 
135.125, 87.125, 5.935251172239084e-23, nan 
135.375, 87.125, 5.482731236295194e-23, nan 
135.625, 87.125, 5.061799504311859e-23, nan 
135.875, 87.125, 4.830581227368604e-23, nan 
136.125, 87.125, 4.975180463520099e-23, nan 
136.375, 87.125, 5.550124876550191e-23, nan 
136.625, 87.125, 7.396262034470038e-23, nan 
136.875, 87.125, 1.052092385657799e-22, nan 
137.125, 87.125, 7.409265776483705e-23, nan 
137.375, 87.125, 5.931336549988419e-23, nan 
137.625, 87.125, 5.731746613718194e-23, nan 
137.875, 87.125, 5.899324785873818e-23, nan 
138.125, 87.125, 6.428187970549441e-23, nan 
138.375, 87.125, 7.153271276136037e-23, nan 
138.625, 87.125, 7.951405168651847e-23, nan 
138.875, 87.125, 8.528739281492481e-23, nan 
139.125, 87.125, 9.15891073038545e-23, nan 
139.375, 87.125, 9.215848623951065e-23, nan 
139.625, 87.125, 9.023320246649052e-23, nan 
139.875, 87.125, 8.964580748641587e-23, nan 
140.125, 87.125, 8.940860574851227e-23, nan 
140.375, 87.125, 8.523608659586542e-23, nan 
140.625, 87.125, 8.879475106118218e-23, nan 
140.875, 87.125, 1.0995461695064583e-22, nan 
141.125, 87.125, 1.1476936810097913e-22, nan 
141.375, 87.125, 1.1883733405070806e-22, nan 
141.625, 87.125, 1.2270288985884793e-22, nan 
141.875, 87.125, 1.248863975090401e-22, nan 
142.125, 87.125, 1.2632577014318038e-22, nan 
142.375, 87.125, 1.2765245376987845e-22, nan 
142.625, 87.125, 1.2503746119536247e-22, nan 
142.875, 87.125, 1.2272268193314836e-22, nan 
143.125, 87.125, 1.213535799124601e-22, nan 
143.375, 87.125, 1.1965118592449168e-22, nan 
143.625, 87.125, 1.1040073437676064e-22, nan 
143.875, 87.125, 9.014965911604476e-23, nan 
144.125, 87.125, 9.744634596841273e-23, nan 
144.375, 87.125, 1.0757138244987374e-22, nan 
144.625, 87.125, 1.1981408654919955e-22, nan 
144.875, 87.125, 1.2006091857366776e-22, nan 
145.125, 87.125, 1.1949679536846887e-22, nan 
145.375, 87.125, 1.18824785903505e-22, nan 
145.625, 87.125, 1.1893025672955416e-22, nan 
145.875, 87.125, 1.2010414863625185e-22, nan 
146.125, 87.125, 1.2141765703717714e-22, nan 
146.375, 87.125, 1.2168217585803756e-22, nan 
146.625, 87.125, 8.653918283318778e-23, nan 
146.875, 87.125, 7.266522676866606e-23, nan 
147.125, 87.125, 6.943925951059598e-23, nan 
147.375, 87.125, 6.967543272095096e-23, nan 
147.625, 87.125, 7.115217276007208e-23, nan 
147.875, 87.125, 7.216093295661063e-23, nan 
148.125, 87.125, 7.29211136025688e-23, nan 
148.375, 87.125, 7.250070598488132e-23, nan 
148.625, 87.125, 7.418715424063979e-23, nan 
148.875, 87.125, 7.975603415852116e-23, nan 
149.125, 87.125, 8.701496426699177e-23, nan 
149.375, 87.125, 1.0561877595360535e-22, nan 
149.625, 87.125, 1.4368917325503738e-22, nan 
149.875, 87.125, 1.3436439053660966e-22, nan 
150.125, 87.125, 9.500445268397128e-23, nan 
150.375, 87.125, 7.700596218807479e-23, nan 
150.625, 87.125, 7.495452821976376e-23, nan 
150.875, 87.125, 8.573303571859008e-23, nan 
151.125, 87.125, 1.1846833957537396e-22, nan 
151.375, 87.125, 1.1454757665156412e-22, nan 
151.625, 87.125, 1.1250027560497153e-22, nan 
151.875, 87.125, 1.111956660063402e-22, nan 
152.125, 87.125, 1.1225310103637594e-22, nan 
152.375, 87.125, 1.1496389276709957e-22, nan 
152.625, 87.125, 1.179589435264632e-22, nan 
152.875, 87.125, 1.2241967819090646e-22, nan 
153.125, 87.125, 1.2775216962462174e-22, nan 
153.375, 87.125, 1.3049493351055044e-22, nan 
153.625, 87.125, 1.3082652965239105e-22, nan 
153.875, 87.125, 1.0623021836245912e-22, nan 
154.125, 87.125, 9.707609132993758e-23, nan 
154.375, 87.125, 9.605877644614046e-23, nan 
154.625, 87.125, 9.784605346836322e-23, nan 
154.875, 87.125, 1.0191370222985182e-22, nan 
155.125, 87.125, 1.143087579722687e-22, nan 
155.375, 87.125, 1.478722383433152e-22, nan 
155.625, 87.125, 1.4787261869011068e-22, nan 
155.875, 87.125, 1.4556299353117816e-22, nan 
156.125, 87.125, 1.4199268695291837e-22, nan 
156.375, 87.125, 1.3370508260481515e-22, nan 
156.625, 87.125, 1.2814675643094538e-22, nan 
156.875, 87.125, 1.1674549356212841e-22, nan 
157.125, 87.125, 1.0762914631541172e-22, nan 
157.375, 87.125, 1.0094316152167933e-22, nan 
157.625, 87.125, 1.0110748677085403e-22, nan 
157.875, 87.125, 1.0724164367523526e-22, nan 
158.125, 87.125, 1.14756489685514e-22, nan 
158.375, 87.125, 1.1989313728106529e-22, nan 
158.625, 87.125, 1.2394654405741062e-22, nan 
158.875, 87.125, 1.2739329417265443e-22, nan 
159.125, 87.125, 1.2558041349280589e-22, nan 
159.375, 87.125, 1.2133120275643278e-22, nan 
159.625, 87.125, 1.1631665991562591e-22, nan 
159.875, 87.125, 1.0971964036757733e-22, nan 
160.125, 87.125, 1.0519995240716228e-22, nan 
160.375, 87.125, 1.0312049275203193e-22, nan 
160.625, 87.125, 1.0082301764152959e-22, nan 
160.875, 87.125, 9.655862558776285e-23, nan 
161.125, 87.125, 9.101667541058426e-23, nan 
161.375, 87.125, 8.606055445197765e-23, nan 
161.625, 87.125, 7.689076475706746e-23, nan 
161.875, 87.125, 6.669939908892985e-23, nan 
162.125, 87.125, 5.388457801776308e-23, nan 
162.375, 87.125, 4.218822461787417e-23, nan 
162.625, 87.125, 3.2704194760530944e-23, nan 
162.875, 87.125, 2.9242374600461513e-23, nan 
163.125, 87.125, 2.9923127576396976e-23, nan 
163.375, 87.125, 3.236295289437391e-23, nan 
163.625, 87.125, 3.466525819547412e-23, nan 
163.875, 87.125, 3.729643054522815e-23, nan 
164.125, 87.125, 4.0054351883634736e-23, nan 
164.375, 87.125, 4.377243640486077e-23, nan 
164.625, 87.125, 4.679147360461558e-23, nan 
164.875, 87.125, 5.304596196385013e-23, nan 
165.125, 87.125, 6.08666783297365e-23, nan 
165.375, 87.125, 6.729384114517506e-23, nan 
165.625, 87.125, 7.807415278244605e-23, nan 
165.875, 87.125, 8.554323046359852e-23, nan 
166.125, 87.125, 9.645073317291831e-23, nan 
166.375, 87.125, 1.0288144818740089e-22, nan 
166.625, 87.125, 1.0571329710729502e-22, nan 
166.875, 87.125, 1.05998978074309e-22, nan 
167.125, 87.125, 1.0473147386920189e-22, nan 
167.375, 87.125, 9.991680604962305e-23, nan 
167.625, 87.125, 9.419590226523747e-23, nan 
167.875, 87.125, 8.937110184569035e-23, nan 
168.125, 87.125, 8.332875146128456e-23, nan 
168.375, 87.125, 8.706444061273505e-23, nan 
168.625, 87.125, 7.984596310277053e-23, nan 
168.875, 87.125, 7.646233188417863e-23, nan 
169.125, 87.125, 7.743988876345122e-23, nan 
169.375, 87.125, 7.632806062819906e-23, nan 
169.625, 87.125, 7.756074326553689e-23, nan 
169.875, 87.125, 8.355161667079822e-23, nan 
170.125, 87.125, 9.985104054655921e-23, nan 
170.375, 87.125, 1.2087586043552636e-22, nan 
170.625, 87.125, 1.432177382385511e-22, nan 
170.875, 87.125, 1.6183903645633816e-22, nan 
171.125, 87.125, 1.7604236458763546e-22, nan 
171.375, 87.125, 1.8207648521761615e-22, nan 
171.625, 87.125, 1.8132835132815303e-22, nan 
171.875, 87.125, 1.788976571734914e-22, nan 
172.125, 87.125, 1.7235304756634582e-22, nan 
172.375, 87.125, 1.7132847859732702e-22, nan 
172.625, 87.125, 1.6833515117510122e-22, nan 
172.875, 87.125, 1.6584433401799257e-22, nan 
173.125, 87.125, 1.6343144318811413e-22, nan 
173.375, 87.125, 1.6127383844828028e-22, nan 
173.625, 87.125, 1.5584409167188313e-22, nan 
173.875, 87.125, 1.2017816122773054e-22, nan 
174.125, 87.125, 9.695238088490621e-23, nan 
174.375, 87.125, 8.258800882831897e-23, nan 
174.625, 87.125, 7.830427818303154e-23, nan 
174.875, 87.125, 9.185955975383301e-23, nan 
175.125, 87.125, 1.1084689127906307e-22, nan 
175.375, 87.125, 1.3004946891206847e-22, nan 
175.625, 87.125, 1.3674926923723403e-22, nan 
175.875, 87.125, 1.4226333848436727e-22, nan 
176.125, 87.125, 1.4312051202531754e-22, nan 
176.375, 87.125, 1.349452178447039e-22, nan 
176.625, 87.125, 1.262310764501631e-22, nan 
176.875, 87.125, 1.1539397702718538e-22, nan 
177.125, 87.125, 1.0612199808164558e-22, nan 
177.375, 87.125, 9.967930289832864e-23, nan 
177.625, 87.125, 9.54415626220669e-23, nan 
177.875, 87.125, 9.250913908141251e-23, nan 
178.125, 87.125, 9.025556599851531e-23, nan 
178.375, 87.125, 8.735330360418807e-23, nan 
178.625, 87.125, 7.834562977078932e-23, nan 
178.875, 87.125, 6.617613188509903e-23, nan 
179.125, 87.125, 5.393266970383399e-23, nan 
179.375, 87.125, 3.9871679813999984e-23, nan 
179.625, 87.125, 3.156291788967389e-23, nan 
179.875, 87.125, 3.1997383425666956e-23, nan 
-179.875, 87.375, 4.104878912669711e-23, nan 
-179.625, 87.375, 4.483975595808673e-23, nan 
-179.375, 87.375, 4.153097996943762e-23, nan 
-179.125, 87.375, 3.8380235148762975e-23, nan 
-178.875, 87.375, 4.427743187971188e-23, nan 
-178.625, 87.375, 4.8115169603854963e-23, nan 
-178.375, 87.375, 4.4520817844347575e-23, nan 
-178.125, 87.375, 5.0626342696755e-23, nan 
-177.875, 87.375, 5.481900050750452e-23, nan 
-177.625, 87.375, 5.874211809497743e-23, nan 
-177.375, 87.375, 6.300985930850637e-23, nan 
-177.125, 87.375, 8.270597487460439e-23, nan 
-176.875, 87.375, 1.272270119810805e-22, nan 
-176.625, 87.375, 1.2806965961332855e-22, nan 
-176.375, 87.375, 1.287446590561274e-22, nan 
-176.125, 87.375, 1.4073146098318863e-22, nan 
-175.875, 87.375, 1.165434695844887e-22, nan 
-175.625, 87.375, 5.3293772180989e-23, nan 
-175.375, 87.375, 6.397001194900676e-23, nan 
-175.125, 87.375, 7.284092600683843e-23, nan 
-174.875, 87.375, 7.784901973609276e-23, nan 
-174.625, 87.375, 9.981762273137467e-23, nan 
-174.375, 87.375, 1.1899564621618134e-22, nan 
-174.125, 87.375, 1.1044632984598622e-22, nan 
-173.875, 87.375, 7.863978508211934e-23, nan 
-173.625, 87.375, 6.750236027108477e-23, nan 
-173.375, 87.375, 7.13791090450662e-23, nan 
-173.125, 87.375, 8.994123377897795e-23, nan 
-172.875, 87.375, 1.0282865282432545e-22, nan 
-172.625, 87.375, 1.113281722962029e-22, nan 
-172.375, 87.375, 1.1575170898766408e-22, nan 
-172.125, 87.375, 1.1572042231555093e-22, nan 
-171.875, 87.375, 1.2759625269792953e-22, nan 
-171.625, 87.375, 1.4669856053656506e-22, nan 
-171.375, 87.375, 1.4615642826987734e-22, nan 
-171.125, 87.375, 1.4442077831701165e-22, nan 
-170.875, 87.375, 1.535500046827511e-22, nan 
-170.625, 87.375, 1.446261782536675e-22, nan 
-170.375, 87.375, 1.1748314926116989e-22, nan 
-170.125, 87.375, 1.1404064152284608e-22, nan 
-169.875, 87.375, 1.1845129656904155e-22, nan 
-169.625, 87.375, 1.202484069357809e-22, nan 
-169.375, 87.375, 1.2030247912705985e-22, nan 
-169.125, 87.375, 1.3950154633207424e-22, nan 
-168.875, 87.375, 1.398307752252979e-22, nan 
-168.625, 87.375, 1.2405209058087598e-22, nan 
-168.375, 87.375, 1.161762778494194e-22, nan 
-168.125, 87.375, 1.146595215662269e-22, nan 
-167.875, 87.375, 1.2229801469286852e-22, nan 
-167.625, 87.375, 1.2011580222051697e-22, nan 
-167.375, 87.375, 1.1680884503086588e-22, nan 
-167.125, 87.375, 1.134696944095182e-22, nan 
-166.875, 87.375, 1.0915691942657484e-22, nan 
-166.625, 87.375, 1.0732697761358267e-22, nan 
-166.375, 87.375, 1.0144057303456855e-22, nan 
-166.125, 87.375, 8.900450400354652e-23, nan 
-165.875, 87.375, 9.62613425993341e-23, nan 
-165.625, 87.375, 7.237305890868561e-23, nan 
-165.375, 87.375, 6.49219265045956e-23, nan 
-165.125, 87.375, 5.436179208371566e-23, nan 
-164.875, 87.375, 5.872847285010352e-23, nan 
-164.625, 87.375, 4.702552585407465e-23, nan 
-164.375, 87.375, 4.2285218737935194e-23, nan 
-164.125, 87.375, 6.727920566397215e-23, nan 
-163.875, 87.375, 8.698047168855502e-23, nan 
-163.625, 87.375, 9.197548940827538e-23, nan 
-163.375, 87.375, 8.917473674135346e-23, nan 
-163.125, 87.375, 8.523169956712909e-23, nan 
-162.875, 87.375, 6.759165971550026e-23, nan 
-162.625, 87.375, 6.28821484558038e-23, nan 
-162.375, 87.375, 6.153031978021819e-23, nan 
-162.125, 87.375, 5.881068010311762e-23, nan 
-161.875, 87.375, 5.787398917830833e-23, nan 
-161.625, 87.375, 5.762443075714914e-23, nan 
-161.375, 87.375, 5.9196037126939e-23, nan 
-161.125, 87.375, 6.084285184493829e-23, nan 
-160.875, 87.375, 5.858126309680534e-23, nan 
-160.625, 87.375, 4.8307726269037676e-23, nan 
-160.375, 87.375, 4.204923671363978e-23, nan 
-160.125, 87.375, 3.4689541605098746e-23, nan 
-159.875, 87.375, 2.429262949132272e-23, nan 
-159.625, 87.375, 3.131624982512659e-23, nan 
-159.375, 87.375, 3.347307822863147e-23, nan 
-159.125, 87.375, 3.666094120423623e-23, nan 
-158.875, 87.375, 3.96510591372011e-23, nan 
-158.625, 87.375, 4.1581352152129786e-23, nan 
-158.375, 87.375, 4.017946021325181e-23, nan 
-158.125, 87.375, 3.774604582714479e-23, nan 
-157.875, 87.375, 3.135498072100605e-23, nan 
-157.625, 87.375, 2.5200694126344538e-23, nan 
-157.375, 87.375, 2.4575504400907615e-23, nan 
-157.125, 87.375, 2.656079865284524e-23, nan 
-156.875, 87.375, 2.73816309518492e-23, nan 
-156.625, 87.375, 2.9566007554001316e-23, nan 
-156.375, 87.375, 3.323705706395783e-23, nan 
-156.125, 87.375, 4.081525904630424e-23, nan 
-155.875, 87.375, 5.0746740191324646e-23, nan 
-155.625, 87.375, 5.864604433479208e-23, nan 
-155.375, 87.375, 5.400961912542656e-23, nan 
-155.125, 87.375, 4.73326633263765e-23, nan 
-154.875, 87.375, 4.0675646293413555e-23, nan 
-154.625, 87.375, 3.638396151201687e-23, nan 
-154.375, 87.375, 3.741123648285081e-23, nan 
-154.125, 87.375, 4.0397354662711956e-23, nan 
-153.875, 87.375, 4.099976865774651e-23, nan 
-153.625, 87.375, 4.837725667041623e-23, nan 
-153.375, 87.375, 5.674757420524651e-23, nan 
-153.125, 87.375, 5.996071850360131e-23, nan 
-152.875, 87.375, 5.902323797521392e-23, nan 
-152.625, 87.375, 5.24762457165146e-23, nan 
-152.375, 87.375, 4.930235999272289e-23, nan 
-152.125, 87.375, 4.4974607910603424e-23, nan 
-151.875, 87.375, 4.0971183339315483e-23, nan 
-151.625, 87.375, 3.902607830826171e-23, nan 
-151.375, 87.375, 3.8450477789235996e-23, nan 
-151.125, 87.375, 3.952911136244252e-23, nan 
-150.875, 87.375, 4.239697196106779e-23, nan 
-150.625, 87.375, 4.5856019463002934e-23, nan 
-150.375, 87.375, 4.7909077398389665e-23, nan 
-150.125, 87.375, 4.5577981752880763e-23, nan 
-149.875, 87.375, 4.076769463892823e-23, nan 
-149.625, 87.375, 3.662507795393771e-23, nan 
-149.375, 87.375, 3.269714282929551e-23, nan 
-149.125, 87.375, 2.637124759213334e-23, nan 
-148.875, 87.375, 2.257326453649626e-23, nan 
-148.625, 87.375, 2.5490336779804542e-23, nan 
-148.375, 87.375, 2.789186143694919e-23, nan 
-148.125, 87.375, 3.242321451287966e-23, nan 
-147.875, 87.375, 4.0605771636142694e-23, nan 
-147.625, 87.375, 4.341240937230196e-23, nan 
-147.375, 87.375, 4.523966114612358e-23, nan 
-147.125, 87.375, 4.889779596372111e-23, nan 
-146.875, 87.375, 4.7071155931775454e-23, nan 
-146.625, 87.375, 2.4120675217440522e-23, nan 
-146.375, 87.375, 3.173671008407884e-23, nan 
-146.125, 87.375, 3.316508296000378e-23, nan 
-145.875, 87.375, 3.4123180951012555e-23, nan 
-145.625, 87.375, 3.363243464624344e-23, nan 
-145.375, 87.375, 2.0918900058856853e-23, nan 
-145.125, 87.375, 2.526852206705318e-23, nan 
-144.875, 87.375, 2.2105336929284014e-23, nan 
-144.625, 87.375, 2.006659079797661e-23, nan 
-144.375, 87.375, 2.5180452687450885e-23, nan 
-144.125, 87.375, 3.021752370827245e-23, nan 
-143.875, 87.375, 3.146258082331808e-23, nan 
-143.625, 87.375, 3.570872900869368e-23, nan 
-143.375, 87.375, 3.8826087584653806e-23, nan 
-143.125, 87.375, 4.9017738432934833e-23, nan 
-142.875, 87.375, 5.668567411122883e-23, nan 
-142.625, 87.375, 4.34635498168729e-23, nan 
-142.375, 87.375, 3.983719145121127e-23, nan 
-142.125, 87.375, 3.656597166755949e-23, nan 
-141.875, 87.375, 3.4508058477872896e-23, nan 
-141.625, 87.375, 3.915405477096592e-23, nan 
-141.375, 87.375, 4.2148820529007583e-23, nan 
-141.125, 87.375, 4.4573350230090975e-23, nan 
-140.875, 87.375, 4.627392223349166e-23, nan 
-140.625, 87.375, 4.462300621440886e-23, nan 
-140.375, 87.375, 4.561128122559151e-23, nan 
-140.125, 87.375, 4.65524692388484e-23, nan 
-139.875, 87.375, 5.154254030440362e-23, nan 
-139.625, 87.375, 4.9403052146757147e-23, nan 
-139.375, 87.375, 4.567113624007299e-23, nan 
-139.125, 87.375, 4.0696694705527587e-23, nan 
-138.875, 87.375, 3.6992951656445195e-23, nan 
-138.625, 87.375, 3.53499159841021e-23, nan 
-138.375, 87.375, 3.6620690832563234e-23, nan 
-138.125, 87.375, 3.790191018617027e-23, nan 
-137.875, 87.375, 5.527202399627417e-23, nan 
-137.625, 87.375, 6.125838315763823e-23, nan 
-137.375, 87.375, 6.271652545929089e-23, nan 
-137.125, 87.375, 5.482061811034773e-23, nan 
-136.875, 87.375, 5.342404474541617e-23, nan 
-136.625, 87.375, 5.508789659866949e-23, nan 
-136.375, 87.375, 5.690291740193915e-23, nan 
-136.125, 87.375, 4.424363968906883e-23, nan 
-135.875, 87.375, 3.7444379886121946e-23, nan 
-135.625, 87.375, 3.238993492540087e-23, nan 
-135.375, 87.375, 3.473496952573058e-23, nan 
-135.125, 87.375, 3.52188482027271e-23, nan 
-134.875, 87.375, 3.1404571923074855e-23, nan 
-134.625, 87.375, 2.87170046420051e-23, nan 
-134.375, 87.375, 2.4975889212118923e-23, nan 
-134.125, 87.375, 2.0034202857676742e-23, nan 
-133.875, 87.375, 2.520922468517531e-23, nan 
-133.625, 87.375, 3.366249546623958e-23, nan 
-133.375, 87.375, 1.3160991104740107e-23, nan 
-133.125, 87.375, 7.287450491236242e-24, nan 
-132.875, 87.375, 3.21932557202423e-23, nan 
-132.625, 87.375, 5.352552149041302e-23, nan 
-132.375, 87.375, 4.4566618277901885e-23, nan 
-132.125, 87.375, 3.00888527790175e-23, nan 
-131.875, 87.375, 2.5383130257504355e-23, nan 
-131.625, 87.375, 3.384907711948343e-23, nan 
-131.375, 87.375, 5.931907601133095e-23, nan 
-131.125, 87.375, 7.34832078465564e-23, nan 
-130.875, 87.375, 4.7603186950931733e-23, nan 
-130.625, 87.375, 3.458697135479564e-23, nan 
-130.375, 87.375, 3.9865918299069904e-23, nan 
-130.125, 87.375, 5.115045329282073e-23, nan 
-129.875, 87.375, 4.5245566429722043e-23, nan 
-129.625, 87.375, 3.5096656855326e-23, nan 
-129.375, 87.375, 3.311288574039693e-23, nan 
-129.125, 87.375, 3.510774571727726e-23, nan 
-128.875, 87.375, 3.70262997888873e-23, nan 
-128.625, 87.375, 4.6539821442026515e-23, nan 
-128.375, 87.375, 5.66385942434499e-23, nan 
-128.125, 87.375, 1.75436451269231e-23, nan 
-127.875, 87.375, 2.6612321583769414e-23, nan 
-127.625, 87.375, 6.344877888612921e-23, nan 
-127.375, 87.375, 9.93274305080343e-23, nan 
-127.125, 87.375, 7.781068958891342e-23, nan 
-126.875, 87.375, 4.35253248098436e-23, nan 
-126.625, 87.375, 4.208419539349397e-23, nan 
-126.375, 87.375, 4.4941764576083294e-23, nan 
-126.125, 87.375, 5.2418614420144604e-23, nan 
-125.875, 87.375, 5.961756728944305e-23, nan 
-125.625, 87.375, 5.12335977397199e-23, nan 
-125.375, 87.375, 4.869449142413816e-23, nan 
-125.125, 87.375, 5.236505275044056e-23, nan 
-124.875, 87.375, 5.587204260760931e-23, nan 
-124.625, 87.375, 5.577806364922756e-23, nan 
-124.375, 87.375, 5.776265439730012e-23, nan 
-124.125, 87.375, 6.552765840570395e-23, nan 
-123.875, 87.375, 6.958243652086376e-23, nan 
-123.625, 87.375, 7.365820485554653e-23, nan 
-123.375, 87.375, 8.365902900725715e-23, nan 
-123.125, 87.375, 9.134456788662347e-23, nan 
-122.875, 87.375, 8.382066599604251e-23, nan 
-122.625, 87.375, 1.0128558968647875e-22, nan 
-122.375, 87.375, 1.171116664669697e-22, nan 
-122.125, 87.375, 1.3284990180411695e-22, nan 
-121.875, 87.375, 1.338285833345515e-22, nan 
-121.625, 87.375, 1.2982405012438826e-22, nan 
-121.375, 87.375, 1.3007877114606946e-22, nan 
-121.125, 87.375, 1.3078776134665877e-22, nan 
-120.875, 87.375, 1.305167512939447e-22, nan 
-120.625, 87.375, 1.3047060610358512e-22, nan 
-120.375, 87.375, 1.3051716911966892e-22, nan 
-120.125, 87.375, 1.3572403435385559e-22, nan 
-119.875, 87.375, 1.5653077355672273e-22, nan 
-119.625, 87.375, 1.5062541247838612e-22, nan 
-119.375, 87.375, 1.509320433525766e-22, nan 
-119.125, 87.375, 1.546511713244088e-22, nan 
-118.875, 87.375, 1.58751855926329e-22, nan 
-118.625, 87.375, 1.6335265576466123e-22, nan 
-118.375, 87.375, 1.6972618595197508e-22, nan 
-118.125, 87.375, 1.7615742415747192e-22, nan 
-117.875, 87.375, 1.739693315483211e-22, nan 
-117.625, 87.375, 1.6580041864315341e-22, nan 
-117.375, 87.375, 1.6763317638052725e-22, nan 
-117.125, 87.375, 1.7308651172881157e-22, nan 
-116.875, 87.375, 1.8071426670189721e-22, nan 
-116.625, 87.375, 1.9181502773309567e-22, nan 
-116.375, 87.375, 2.0489206043931686e-22, nan 
-116.125, 87.375, 2.1123548664328653e-22, nan 
-115.875, 87.375, 2.124442024327794e-22, nan 
-115.625, 87.375, 2.1039919460818375e-22, nan 
-115.375, 87.375, 2.0629278309810415e-22, nan 
-115.125, 87.375, 1.9916356921562458e-22, nan 
-114.875, 87.375, 1.8821398869519423e-22, nan 
-114.625, 87.375, 1.8048760102485438e-22, nan 
-114.375, 87.375, 1.4597446909987457e-22, nan 
-114.125, 87.375, 1.3064014443941186e-22, nan 
-113.875, 87.375, 1.226795620375366e-22, nan 
-113.625, 87.375, 1.1774235410129535e-22, nan 
-113.375, 87.375, 1.1679985931522476e-22, nan 
-113.125, 87.375, 1.243444248821937e-22, nan 
-112.875, 87.375, 1.4097365793653966e-22, nan 
-112.625, 87.375, 1.3678713873425857e-22, nan 
-112.375, 87.375, 1.1741467988132357e-22, nan 
-112.125, 87.375, 7.983782824209713e-23, nan 
-111.875, 87.375, 6.79012481564576e-23, nan 
-111.625, 87.375, 6.11950869349193e-23, nan 
-111.375, 87.375, 5.822539347525995e-23, nan 
-111.125, 87.375, 5.992785917516664e-23, nan 
-110.875, 87.375, 6.561221271845165e-23, nan 
-110.625, 87.375, 4.9713250736261306e-23, nan 
-110.375, 87.375, 4.768669409724325e-23, nan 
-110.125, 87.375, 4.54301560722622e-23, nan 
-109.875, 87.375, 4.27583056806453e-23, nan 
-109.625, 87.375, 3.83588843798854e-23, nan 
-109.375, 87.375, 3.8966865356475336e-23, nan 
-109.125, 87.375, 5.28181716471198e-23, nan 
-108.875, 87.375, 7.131754948667032e-23, nan 
-108.625, 87.375, 7.21299648800851e-23, nan 
-108.375, 87.375, 6.045079099521449e-23, nan 
-108.125, 87.375, 4.2744041710758435e-23, nan 
-107.875, 87.375, 5.599943224918921e-23, nan 
-107.625, 87.375, 7.480297290904177e-23, nan 
-107.375, 87.375, 7.878695051036967e-23, nan 
-107.125, 87.375, 7.563907451135049e-23, nan 
-106.875, 87.375, 7.299215907858312e-23, nan 
-106.625, 87.375, 7.446876024779565e-23, nan 
-106.375, 87.375, 6.563643956217868e-23, nan 
-106.125, 87.375, 6.717393891077991e-23, nan 
-105.875, 87.375, 8.564153523427488e-23, nan 
-105.625, 87.375, 9.73786496138531e-23, nan 
-105.375, 87.375, 1.0458105078489813e-22, nan 
-105.125, 87.375, 9.379822379463782e-23, nan 
-104.875, 87.375, 1.0220697122012658e-22, nan 
-104.625, 87.375, 9.541046290855146e-23, nan 
-104.375, 87.375, 1.3415268339307842e-22, nan 
-104.125, 87.375, 1.4703032315900206e-22, nan 
-103.875, 87.375, 1.450517562791828e-22, nan 
-103.625, 87.375, 1.1627589258062625e-22, nan 
-103.375, 87.375, 7.597988963883375e-23, nan 
-103.125, 87.375, 6.628759532275663e-23, nan 
-102.875, 87.375, 8.156391453706084e-23, nan 
-102.625, 87.375, 7.249774479697396e-23, nan 
-102.375, 87.375, 8.281073400925003e-23, nan 
-102.125, 87.375, 9.058438072386461e-23, nan 
-101.875, 87.375, 8.942235782679159e-23, nan 
-101.625, 87.375, 8.3290879578657e-23, nan 
-101.375, 87.375, 7.72331303113314e-23, nan 
-101.125, 87.375, 7.124098099629753e-23, nan 
-100.875, 87.375, 8.629734574716152e-23, nan 
-100.625, 87.375, 1.2160246772620445e-22, nan 
-100.375, 87.375, 1.4361513317135087e-22, nan 
-100.125, 87.375, 1.4303529031257495e-22, nan 
-99.875, 87.375, 1.2347130436452324e-22, nan 
-99.625, 87.375, 1.484749211001834e-22, nan 
-99.375, 87.375, 1.3543118367247927e-22, nan 
-99.125, 87.375, 1.9472473180125308e-22, nan 
-98.875, 87.375, 2.287255289771997e-22, nan 
-98.625, 87.375, 2.4667925458975097e-22, nan 
-98.375, 87.375, 1.882503689937949e-22, nan 
-98.125, 87.375, 9.765912609015437e-23, nan 
-97.875, 87.375, 1.0464975555918417e-22, nan 
-97.625, 87.375, 1.2134082303104104e-22, nan 
-97.375, 87.375, 1.0801501548195767e-22, nan 
-97.125, 87.375, 1.0102841849550004e-22, nan 
-96.875, 87.375, 1.0073174175887425e-22, nan 
-96.625, 87.375, 1.0032268989962859e-22, nan 
-96.375, 87.375, 1.0133083543636948e-22, nan 
-96.125, 87.375, 1.0275035233071693e-22, nan 
-95.875, 87.375, 1.0744250501868877e-22, nan 
-95.625, 87.375, 1.1494949718745955e-22, nan 
-95.375, 87.375, 1.3356226056718898e-22, nan 
-95.125, 87.375, 1.5686383616748856e-22, nan 
-94.875, 87.375, 1.6364869727513646e-22, nan 
-94.625, 87.375, 1.6693417215079979e-22, nan 
-94.375, 87.375, 1.798575467083395e-22, nan 
-94.125, 87.375, 1.843130258796625e-22, nan 
-93.875, 87.375, 2.0979443324037152e-22, nan 
-93.625, 87.375, 2.4445557631958335e-22, nan 
-93.375, 87.375, 2.760783920787754e-22, nan 
-93.125, 87.375, 2.6406943872433192e-22, nan 
-92.875, 87.375, 2.4754415344095186e-22, nan 
-92.625, 87.375, 2.5044720517116512e-22, nan 
-92.375, 87.375, 2.525583319468446e-22, nan 
-92.125, 87.375, 2.522397738446089e-22, nan 
-91.875, 87.375, 2.5316873798573262e-22, nan 
-91.625, 87.375, 2.538711074308376e-22, nan 
-91.375, 87.375, 2.472726924258955e-22, nan 
-91.125, 87.375, 2.401818923277966e-22, nan 
-90.875, 87.375, 2.328693451303468e-22, nan 
-90.625, 87.375, 2.2438210939361825e-22, nan 
-90.375, 87.375, 2.1797226827560947e-22, nan 
-90.125, 87.375, 2.192081471534708e-22, nan 
-89.875, 87.375, 2.4884604384646244e-22, nan 
-89.625, 87.375, 2.452691080154238e-22, nan 
-89.375, 87.375, 2.398650934465754e-22, nan 
-89.125, 87.375, 2.339837693739571e-22, nan 
-88.875, 87.375, 2.2476400074776e-22, nan 
-88.625, 87.375, 2.177850885988469e-22, nan 
-88.375, 87.375, 2.197053336788857e-22, nan 
-88.125, 87.375, 2.418825432925218e-22, nan 
-87.875, 87.375, 2.4414653024743773e-22, nan 
-87.625, 87.375, 2.4856185145268117e-22, nan 
-87.375, 87.375, 2.5561168270651287e-22, nan 
-87.125, 87.375, 2.583633627988889e-22, nan 
-86.875, 87.375, 2.6039268372864607e-22, nan 
-86.625, 87.375, 2.6124622646907233e-22, nan 
-86.375, 87.375, 2.6641963981612495e-22, nan 
-86.125, 87.375, 2.6508349690484636e-22, nan 
-85.875, 87.375, 2.554295780718312e-22, nan 
-85.625, 87.375, 2.4135213298738787e-22, nan 
-85.375, 87.375, 2.2038570174539184e-22, nan 
-85.125, 87.375, 1.9348523453338736e-22, nan 
-84.875, 87.375, 1.605485029686395e-22, nan 
-84.625, 87.375, 1.3300812392579684e-22, nan 
-84.375, 87.375, 1.2460964875612136e-22, nan 
-84.125, 87.375, 1.1855538213105554e-22, nan 
-83.875, 87.375, 9.319225546154865e-23, nan 
-83.625, 87.375, 8.606554424966841e-23, nan 
-83.375, 87.375, 1.0355147644122589e-22, nan 
-83.125, 87.375, 1.1374643372570536e-22, nan 
-82.875, 87.375, 1.0928056955039954e-22, nan 
-82.625, 87.375, 1.283743080970651e-22, nan 
-82.375, 87.375, 1.3309417849744514e-22, nan 
-82.125, 87.375, 1.4156361339140993e-22, nan 
-81.875, 87.375, 1.4735689637190165e-22, nan 
-81.625, 87.375, 1.2393360804140554e-22, nan 
-81.375, 87.375, 1.1858129401186486e-22, nan 
-81.125, 87.375, 1.2585151848002726e-22, nan 
-80.875, 87.375, 1.3196017481161593e-22, nan 
-80.625, 87.375, 1.3721421028715453e-22, nan 
-80.375, 87.375, 1.4975815459299935e-22, nan 
-80.125, 87.375, 1.6731936034972543e-22, nan 
-79.875, 87.375, 1.5150568588872535e-22, nan 
-79.625, 87.375, 1.4385073238748563e-22, nan 
-79.375, 87.375, 1.3632585718668902e-22, nan 
-79.125, 87.375, 1.3137738269843497e-22, nan 
-78.875, 87.375, 1.1677872037348747e-22, nan 
-78.625, 87.375, 1.14980092516142e-22, nan 
-78.375, 87.375, 1.2877133738005843e-22, nan 
-78.125, 87.375, 1.1928699268919524e-22, nan 
-77.875, 87.375, 1.497161178056137e-22, nan 
-77.625, 87.375, 1.51572480206082e-22, nan 
-77.375, 87.375, 1.9020539197733354e-22, nan 
-77.125, 87.375, 2.5806419148226995e-22, nan 
-76.875, 87.375, 2.994110656845924e-22, nan 
-76.625, 87.375, 3.058996024998281e-22, nan 
-76.375, 87.375, 2.952294892837481e-22, nan 
-76.125, 87.375, 2.7234527755258236e-22, nan 
-75.875, 87.375, 2.204371786044638e-22, nan 
-75.625, 87.375, 1.4846772014691589e-22, nan 
-75.375, 87.375, 1.7144084391064606e-22, nan 
-75.125, 87.375, 1.781733988005274e-22, nan 
-74.875, 87.375, 1.9003643608462518e-22, nan 
-74.625, 87.375, 1.8147229716866534e-22, nan 
-74.375, 87.375, 1.910749190968316e-22, nan 
-74.125, 87.375, 1.8767884410045687e-22, nan 
-73.875, 87.375, 2.1294459265846063e-22, nan 
-73.625, 87.375, 2.9309931724130183e-22, nan 
-73.375, 87.375, 3.777936740231792e-22, nan 
-73.125, 87.375, 4.014736580627835e-22, nan 
-72.875, 87.375, 4.116528865174901e-22, nan 
-72.625, 87.375, 3.9949480832661043e-22, nan 
-72.375, 87.375, 3.858147722634616e-22, nan 
-72.125, 87.375, 3.2905758371466988e-22, nan 
-71.875, 87.375, 3.695003832418342e-22, nan 
-71.625, 87.375, 4.0908426921278276e-22, nan 
-71.375, 87.375, 4.1559494571244594e-22, nan 
-71.125, 87.375, 3.969724000557283e-22, nan 
-70.875, 87.375, 3.631709267750791e-22, nan 
-70.625, 87.375, 3.1749736848495197e-22, nan 
-70.375, 87.375, 3.6761874067743094e-22, nan 
-70.125, 87.375, 3.4313858110706604e-22, nan 
-69.875, 87.375, 3.236479305380172e-22, nan 
-69.625, 87.375, 3.0287532695851425e-22, nan 
-69.375, 87.375, 2.746405276867513e-22, nan 
-69.125, 87.375, 2.4473251823759813e-22, nan 
-68.875, 87.375, 2.182389739913079e-22, nan 
-68.625, 87.375, 1.890440255491046e-22, nan 
-68.375, 87.375, 2.120073045670685e-22, nan 
-68.125, 87.375, 3.7916660726933826e-22, nan 
-67.875, 87.375, 4.704495849162869e-22, nan 
-67.625, 87.375, 4.513478328612278e-22, nan 
-67.375, 87.375, 4.575696051630352e-22, nan 
-67.125, 87.375, 3.6470763539487986e-22, nan 
-66.875, 87.375, 2.1680239068820083e-22, nan 
-66.625, 87.375, 1.6434354925437957e-22, nan 
-66.375, 87.375, 1.8079974115821498e-22, nan 
-66.125, 87.375, 1.9322317214890628e-22, nan 
-65.875, 87.375, 1.8810263931592636e-22, nan 
-65.625, 87.375, 1.7677942660210696e-22, nan 
-65.375, 87.375, 1.8086789136925804e-22, nan 
-65.125, 87.375, 2.5496421053807015e-22, nan 
-64.875, 87.375, 2.6339375718764174e-22, nan 
-64.625, 87.375, 2.7419403061941045e-22, nan 
-64.375, 87.375, 2.822866415823028e-22, nan 
-64.125, 87.375, 2.8447056370139447e-22, nan 
-63.875, 87.375, 3.138164600074506e-22, nan 
-63.625, 87.375, 3.0300572586832634e-22, nan 
-63.375, 87.375, 2.7889923842043845e-22, nan 
-63.125, 87.375, 2.6188331275678806e-22, nan 
-62.875, 87.375, 3.213701106102626e-22, nan 
-62.625, 87.375, 3.769714569034794e-22, nan 
-62.375, 87.375, 3.701241129054023e-22, nan 
-62.125, 87.375, 3.8150181466669248e-22, nan 
-61.875, 87.375, 3.296140092812691e-22, nan 
-61.625, 87.375, 4.026791502729041e-22, nan 
-61.375, 87.375, 4.737254910286195e-22, nan 
-61.125, 87.375, 4.575198253166716e-22, nan 
-60.875, 87.375, 3.9207051294989625e-22, nan 
-60.625, 87.375, 3.4138248139893476e-22, nan 
-60.375, 87.375, 3.093662162327616e-22, nan 
-60.125, 87.375, 2.6720196437482458e-22, nan 
-59.875, 87.375, 3.254695860934355e-22, nan 
-59.625, 87.375, 3.993103918709646e-22, nan 
-59.375, 87.375, 4.434282823024387e-22, nan 
-59.125, 87.375, 3.914338863724472e-22, nan 
-58.875, 87.375, 3.792126161769801e-22, nan 
-58.625, 87.375, 3.9704527220606574e-22, nan 
-58.375, 87.375, 3.0566955147868203e-22, nan 
-58.125, 87.375, 2.4849408151190373e-22, nan 
-57.875, 87.375, 2.5467024609478957e-22, nan 
-57.625, 87.375, 2.753718617250761e-22, nan 
-57.375, 87.375, 3.0835743585662898e-22, nan 
-57.125, 87.375, 3.305170417817352e-22, nan 
-56.875, 87.375, 3.6723646766867143e-22, nan 
-56.625, 87.375, 3.857816100026761e-22, nan 
-56.375, 87.375, 4.432912502335792e-22, nan 
-56.125, 87.375, 5.640013450147804e-22, nan 
-55.875, 87.375, 5.382510527628252e-22, nan 
-55.625, 87.375, 5.20228616383757e-22, nan 
-55.375, 87.375, 5.416306789849674e-22, nan 
-55.125, 87.375, 5.640609967794024e-22, nan 
-54.875, 87.375, 5.996201176608202e-22, nan 
-54.625, 87.375, 6.096521105469387e-22, nan 
-54.375, 87.375, 6.460362180617503e-22, nan 
-54.125, 87.375, 5.628533395209594e-22, nan 
-53.875, 87.375, 5.259820985732183e-22, nan 
-53.625, 87.375, 6.092286486470644e-22, nan 
-53.375, 87.375, 6.8682430861859355e-22, nan 
-53.125, 87.375, 6.5441188904748e-22, nan 
-52.875, 87.375, 6.045177878893307e-22, nan 
-52.625, 87.375, 5.741314983616393e-22, nan 
-52.375, 87.375, 5.27332088597328e-22, nan 
-52.125, 87.375, 4.982831240916846e-22, nan 
-51.875, 87.375, 4.817256872120884e-22, nan 
-51.625, 87.375, 4.791756541109496e-22, nan 
-51.375, 87.375, 4.666544276644765e-22, nan 
-51.125, 87.375, 3.9421807866389193e-22, nan 
-50.875, 87.375, 3.0505378262222074e-22, nan 
-50.625, 87.375, 1.802894000871218e-22, nan 
-50.375, 87.375, 2.3927414853940317e-22, nan 
-50.125, 87.375, 3.202388050844792e-22, nan 
-49.875, 87.375, 3.673734557818513e-22, nan 
-49.625, 87.375, 3.748911472720721e-22, nan 
-49.375, 87.375, 3.5965451535176826e-22, nan 
-49.125, 87.375, 3.499360174554014e-22, nan 
-48.875, 87.375, 4.0893587586330905e-22, nan 
-48.625, 87.375, 3.9979837372675772e-22, nan 
-48.375, 87.375, 3.3088227715792114e-22, nan 
-48.125, 87.375, 2.589825927150944e-22, nan 
-47.875, 87.375, 2.3704016084111856e-22, nan 
-47.625, 87.375, 2.443007797072108e-22, nan 
-47.375, 87.375, 2.712669865023641e-22, nan 
-47.125, 87.375, 3.1307395127903502e-22, nan 
-46.875, 87.375, 3.3210321496541775e-22, nan 
-46.625, 87.375, 3.191099845944126e-22, nan 
-46.375, 87.375, 2.9564007336266434e-22, nan 
-46.125, 87.375, 2.749689524791133e-22, nan 
-45.875, 87.375, 2.828067504115267e-22, nan 
-45.625, 87.375, 5.666318836904389e-22, nan 
-45.375, 87.375, 6.44242886789506e-22, nan 
-45.125, 87.375, 2.9466939074916527e-22, nan 
-44.875, 87.375, 2.810451914961019e-22, nan 
-44.625, 87.375, 3.3947602209041817e-22, nan 
-44.375, 87.375, 2.804579860394081e-22, nan 
-44.125, 87.375, 1.9486317994792248e-22, nan 
-43.875, 87.375, 1.6760706877362736e-22, nan 
-43.625, 87.375, 3.242349150927729e-22, nan 
-43.375, 87.375, 7.634664076842496e-22, nan 
-43.125, 87.375, 6.053263614938191e-22, nan 
-42.875, 87.375, 3.645663820209573e-22, nan 
-42.625, 87.375, 2.2674782877377314e-22, nan 
-42.375, 87.375, 2.0094648666319233e-22, nan 
-42.125, 87.375, 2.0986861163420077e-22, nan 
-41.875, 87.375, 2.1663875260418407e-22, nan 
-41.625, 87.375, 2.1912132499760764e-22, nan 
-41.375, 87.375, 2.181916011755499e-22, nan 
-41.125, 87.375, 2.075803464259858e-22, nan 
-40.875, 87.375, 2.0602626113214667e-22, nan 
-40.625, 87.375, 3.0726110551620793e-22, nan 
-40.375, 87.375, 1.1557061419858876e-21, nan 
-40.125, 87.375, 1.4744510260223145e-21, nan 
-39.875, 87.375, 7.574738734101562e-22, nan 
-39.625, 87.375, 4.02923038487164e-22, nan 
-39.375, 87.375, 3.7255081241184997e-22, nan 
-39.125, 87.375, 2.8317207436942857e-22, nan 
-38.875, 87.375, 2.333964866552016e-22, nan 
-38.625, 87.375, 1.8922683349559344e-22, nan 
-38.375, 87.375, 4.983058715811149e-22, nan 
-38.125, 87.375, 1.4003052237536447e-21, nan 
-37.875, 87.375, 9.646903903692028e-22, nan 
-37.625, 87.375, 4.621103557517884e-22, nan 
-37.375, 87.375, 2.196765531840804e-22, nan 
-37.125, 87.375, 2.3404860040860506e-22, nan 
-36.875, 87.375, 2.874992166017313e-22, nan 
-36.625, 87.375, 3.4241109959079144e-22, nan 
-36.375, 87.375, 3.964448499124532e-22, nan 
-36.125, 87.375, 6.119978178228325e-22, nan 
-35.875, 87.375, 1.0416398577626292e-21, nan 
-35.625, 87.375, 1.2146053564502437e-21, nan 
-35.375, 87.375, 1.0580515999476986e-21, nan 
-35.125, 87.375, 9.055848292630877e-22, nan 
-34.875, 87.375, 9.214978050380828e-22, nan 
-34.625, 87.375, 5.751598130077019e-22, nan 
-34.375, 87.375, 4.11964203087169e-22, nan 
-34.125, 87.375, 3.354164236616967e-22, nan 
-33.875, 87.375, 2.1686381460507065e-22, nan 
-33.625, 87.375, 1.5768666092878212e-22, nan 
-33.375, 87.375, 1.5550662190885832e-22, nan 
-33.125, 87.375, 4.2293382902484618e-22, nan 
-32.875, 87.375, 9.297001014405936e-22, nan 
-32.625, 87.375, 9.178317214427052e-22, nan 
-32.375, 87.375, 9.727999234658151e-22, nan 
-32.125, 87.375, 9.07021213828336e-22, nan 
-31.875, 87.375, 5.280271629561029e-22, nan 
-31.625, 87.375, 4.318503113439287e-22, nan 
-31.375, 87.375, 4.566516991163567e-22, nan 
-31.125, 87.375, 5.03268591570908e-22, nan 
-30.875, 87.375, 8.878890324501795e-22, nan 
-30.625, 87.375, 1.7844485448864437e-21, nan 
-30.375, 87.375, 2.0600517455441515e-21, nan 
-30.125, 87.375, 1.6880445947019903e-21, nan 
-29.875, 87.375, 6.5578799126496615e-22, nan 
-29.625, 87.375, 4.148397516417868e-22, nan 
-29.375, 87.375, 3.161357457705968e-22, nan 
-29.125, 87.375, 3.0675504440271746e-22, nan 
-28.875, 87.375, 3.4505710153621916e-22, nan 
-28.625, 87.375, 3.775816405354541e-22, nan 
-28.375, 87.375, 4.373713327994197e-22, nan 
-28.125, 87.375, 5.848666645689308e-22, nan 
-27.875, 87.375, 6.122270810221429e-22, nan 
-27.625, 87.375, 8.281124378933737e-22, nan 
-27.375, 87.375, 1.3357647613520918e-21, nan 
-27.125, 87.375, 1.987843171268624e-21, nan 
-26.875, 87.375, 1.959191484963245e-21, nan 
-26.625, 87.375, 1.1235478938438418e-21, nan 
-26.375, 87.375, 7.698517816774905e-22, nan 
-26.125, 87.375, 6.935494169689214e-22, nan 
-25.875, 87.375, 3.9211869050091666e-22, nan 
-25.625, 87.375, 2.7145048267138524e-22, nan 
-25.375, 87.375, 5.95499775701563e-22, nan 
-25.125, 87.375, 9.354642129611222e-22, nan 
-24.875, 87.375, 1.0978921214598524e-21, nan 
-24.625, 87.375, 6.524393377707864e-22, nan 
-24.375, 87.375, 3.73850347169247e-22, nan 
-24.125, 87.375, 5.184147218568381e-22, nan 
-23.875, 87.375, 6.0460226527059375e-22, nan 
-23.625, 87.375, 6.295308812588641e-22, nan 
-23.375, 87.375, 6.2826867921998885e-22, nan 
-23.125, 87.375, 6.00178322049298e-22, nan 
-22.875, 87.375, 7.271086046278346e-22, nan 
-22.625, 87.375, 5.823221451288519e-22, nan 
-22.375, 87.375, 4.1624560419234853e-22, nan 
-22.125, 87.375, 5.616973504049452e-22, nan 
-21.875, 87.375, 1.053734939435573e-21, nan 
-21.625, 87.375, 1.1313003115450549e-21, nan 
-21.375, 87.375, 5.961855732021129e-22, nan 
-21.125, 87.375, 2.712011548784095e-22, nan 
-20.875, 87.375, 2.542185665005156e-22, nan 
-20.625, 87.375, 3.2582065458776126e-22, nan 
-20.375, 87.375, 4.400949578912668e-22, nan 
-20.125, 87.375, 3.4107545778487226e-22, nan 
-19.875, 87.375, 4.56452328984038e-22, nan 
-19.625, 87.375, 9.068385588759418e-22, nan 
-19.375, 87.375, 4.1723247488226003e-22, nan 
-19.125, 87.375, 3.133342407392312e-22, nan 
-18.875, 87.375, 3.477273199403567e-22, nan 
-18.625, 87.375, 4.0764171434775185e-22, nan 
-18.375, 87.375, 4.324795090100742e-22, nan 
-18.125, 87.375, 4.1806741154296023e-22, nan 
-17.875, 87.375, 3.4932301863679165e-22, nan 
-17.625, 87.375, 4.859280142322853e-22, nan 
-17.375, 87.375, 4.60381887695851e-22, nan 
-17.125, 87.375, 3.9038646089299387e-22, nan 
-16.875, 87.375, 3.9445761070203063e-22, nan 
-16.625, 87.375, 5.163253509923325e-22, nan 
-16.375, 87.375, 5.888496892268581e-22, nan 
-16.125, 87.375, 7.695070086834433e-22, nan 
-15.875, 87.375, 9.412923577979767e-22, nan 
-15.625, 87.375, 1.0142466634448637e-21, nan 
-15.375, 87.375, 1.1270682497702085e-21, nan 
-15.125, 87.375, 9.521097381508256e-22, nan 
-14.875, 87.375, 6.800668474319556e-22, nan 
-14.625, 87.375, 6.981216818709552e-22, nan 
-14.375, 87.375, 1.762538522863651e-21, nan 
-14.125, 87.375, 1.0886742597498436e-21, nan 
-13.875, 87.375, 8.534862517776579e-22, nan 
-13.625, 87.375, 6.191087817086233e-22, nan 
-13.375, 87.375, 5.722726454479749e-22, nan 
-13.125, 87.375, 5.583280404171442e-22, nan 
-12.875, 87.375, 5.390272083033855e-22, nan 
-12.625, 87.375, 5.580591540914291e-22, nan 
-12.375, 87.375, 8.875454661590326e-22, nan 
-12.125, 87.375, 8.528332109710947e-22, nan 
-11.875, 87.375, 8.08036942248097e-22, nan 
-11.625, 87.375, 7.03250598340913e-22, nan 
-11.375, 87.375, 5.822892427045737e-22, nan 
-11.125, 87.375, 4.998228615507931e-22, nan 
-10.875, 87.375, 6.600454753306969e-22, nan 
-10.625, 87.375, 9.844598748085772e-22, nan 
-10.375, 87.375, 1.2216179772034352e-21, nan 
-10.125, 87.375, 1.6668087409947047e-21, nan 
-9.875, 87.375, 8.92294276310418e-22, nan 
-9.625, 87.375, 5.614464149717276e-22, nan 
-9.375, 87.375, 5.379972477556911e-22, nan 
-9.125, 87.375, 1.0138900040943365e-21, nan 
-8.875, 87.375, 7.249856114332382e-22, nan 
-8.625, 87.375, 6.151340603325162e-22, nan 
-8.375, 87.375, 4.968337915467538e-22, nan 
-8.125, 87.375, 4.64874322659182e-22, nan 
-7.875, 87.375, 4.372539868226657e-22, nan 
-7.625, 87.375, 4.228598052012779e-22, nan 
-7.375, 87.375, 4.229680171900101e-22, nan 
-7.125, 87.375, 5.180573937309319e-22, nan 
-6.875, 87.375, 5.433273879947287e-22, nan 
-6.625, 87.375, 6.009927902646281e-22, nan 
-6.375, 87.375, 6.728737804563287e-22, nan 
-6.125, 87.375, 4.940561860121591e-22, nan 
-5.875, 87.375, 3.892967850035954e-22, nan 
-5.625, 87.375, 1.9595994659831555e-22, nan 
-5.375, 87.375, 3.302971622871991e-22, nan 
-5.125, 87.375, 5.522267963413896e-22, nan 
-4.875, 87.375, 8.109532835387125e-22, nan 
-4.625, 87.375, 7.412977876430863e-22, nan 
-4.375, 87.375, 8.162090251491332e-22, nan 
-4.125, 87.375, 8.093604188369101e-22, nan 
-3.875, 87.375, 7.973739638856723e-22, nan 
-3.625, 87.375, 7.814541677231465e-22, nan 
-3.375, 87.375, 7.103422929375003e-22, nan 
-3.125, 87.375, 6.200687525046249e-22, nan 
-2.875, 87.375, 5.856211811346403e-22, nan 
-2.625, 87.375, 5.558300139742108e-22, nan 
-2.375, 87.375, 5.595340044849291e-22, nan 
-2.125, 87.375, 5.979635881997976e-22, nan 
-1.875, 87.375, 6.194794655180562e-22, nan 
-1.625, 87.375, 6.656309921306597e-22, nan 
-1.375, 87.375, 8.000827146924863e-22, nan 
-1.125, 87.375, 9.44048507395763e-22, nan 
-0.875, 87.375, 8.655847046557523e-22, nan 
-0.625, 87.375, 9.077428172335597e-22, nan 
-0.375, 87.375, 9.396021498029064e-22, nan 
-0.125, 87.375, 9.298887325391616e-22, nan 
0.125, 87.375, 1.0418289678306592e-21, nan 
0.375, 87.375, 1.0915799343709563e-21, nan 
0.625, 87.375, 1.15471814923596e-21, nan 
0.875, 87.375, 1.156433216099245e-21, nan 
1.125, 87.375, 1.0635361462488127e-21, nan 
1.375, 87.375, 9.429792023785445e-22, nan 
1.625, 87.375, 8.167388907493088e-22, nan 
1.875, 87.375, 6.339920660989206e-22, nan 
2.125, 87.375, 4.730346745574295e-22, nan 
2.375, 87.375, 3.7077282699919063e-22, nan 
2.625, 87.375, 3.323567248634887e-22, nan 
2.875, 87.375, 3.227445220832704e-22, nan 
3.125, 87.375, 3.2842481354892245e-22, nan 
3.375, 87.375, 3.3693259345189245e-22, nan 
3.625, 87.375, 3.469558178627128e-22, nan 
3.875, 87.375, 3.5885512695516847e-22, nan 
4.125, 87.375, 3.637224889823867e-22, nan 
4.375, 87.375, 5.588144555914849e-22, nan 
4.625, 87.375, 6.744972021869758e-22, nan 
4.875, 87.375, 7.3141328182032805e-22, nan 
5.125, 87.375, 7.640410906667547e-22, nan 
5.375, 87.375, 8.827480477765079e-22, nan 
5.625, 87.375, 9.031479929691312e-22, nan 
5.875, 87.375, 9.475585643968846e-22, nan 
6.125, 87.375, 8.471269921832333e-22, nan 
6.375, 87.375, 7.840978978971358e-22, nan 
6.625, 87.375, 7.591677590736139e-22, nan 
6.875, 87.375, 7.663035444088828e-22, nan 
7.125, 87.375, 7.878989642595034e-22, nan 
7.375, 87.375, 7.235210840510127e-22, nan 
7.625, 87.375, 5.567891891350542e-22, nan 
7.875, 87.375, 5.6917874158547445e-22, nan 
8.125, 87.375, 4.4262565397397455e-22, nan 
8.375, 87.375, 3.7430989413655304e-22, nan 
8.625, 87.375, 3.4286392855136214e-22, nan 
8.875, 87.375, 5.8274142436703175e-22, nan 
9.125, 87.375, 4.873995099851605e-22, nan 
9.375, 87.375, 4.841872182639768e-22, nan 
9.625, 87.375, 4.88711388635533e-22, nan 
9.875, 87.375, 4.981370678282785e-22, nan 
10.125, 87.375, 5.1647620964632435e-22, nan 
10.375, 87.375, 5.029463898930881e-22, nan 
10.625, 87.375, 2.9538236985219243e-22, nan 
10.875, 87.375, 4.406184083004329e-22, nan 
11.125, 87.375, 4.266321748414792e-22, nan 
11.375, 87.375, 3.199282601262086e-22, nan 
11.625, 87.375, 1.426587528120438e-22, nan 
11.875, 87.375, 3.882623204866353e-22, nan 
12.125, 87.375, 6.847534618968871e-22, nan 
12.375, 87.375, 9.445312417939153e-22, nan 
12.625, 87.375, 1.0609586202489414e-21, nan 
12.875, 87.375, 7.477992803060512e-22, nan 
13.125, 87.375, 8.11913788696748e-22, nan 
13.375, 87.375, 5.70532313950558e-22, nan 
13.625, 87.375, 2.9855915032474117e-22, nan 
13.875, 87.375, 3.9851021192898736e-22, nan 
14.125, 87.375, 7.852797895348836e-22, nan 
14.375, 87.375, 5.526373964295745e-22, nan 
14.625, 87.375, 5.998103752305638e-22, nan 
14.875, 87.375, 5.895059950720029e-22, nan 
15.125, 87.375, 5.89306721050012e-22, nan 
15.375, 87.375, 6.166351706780619e-22, nan 
15.625, 87.375, 6.06807610249423e-22, nan 
15.875, 87.375, 3.6614071036704418e-22, nan 
16.125, 87.375, 6.623383701536767e-22, nan 
16.375, 87.375, 5.470926759939567e-22, nan 
16.625, 87.375, 4.286838281009577e-22, nan 
16.875, 87.375, 1.9918290891677846e-22, nan 
17.125, 87.375, 2.249249597794917e-22, nan 
17.375, 87.375, 4.448890168140592e-22, nan 
17.625, 87.375, 6.124424786389697e-22, nan 
17.875, 87.375, 6.144376370542045e-22, nan 
18.125, 87.375, 5.090124626660571e-22, nan 
18.375, 87.375, 5.468439742294532e-22, nan 
18.625, 87.375, 3.4288328470865416e-22, nan 
18.875, 87.375, 3.1018781807224466e-22, nan 
19.125, 87.375, 3.2646094091781495e-22, nan 
19.375, 87.375, 4.687353414357604e-22, nan 
19.625, 87.375, 4.397858983894655e-22, nan 
19.875, 87.375, 4.518450462844983e-22, nan 
20.125, 87.375, 4.526196479294064e-22, nan 
20.375, 87.375, 4.091176149775786e-22, nan 
20.625, 87.375, 4.0072271847776226e-22, nan 
20.875, 87.375, 3.1630532361655543e-22, nan 
21.125, 87.375, 2.994907441676026e-22, nan 
21.375, 87.375, 2.6775115205391363e-22, nan 
21.625, 87.375, 2.896716674945883e-22, nan 
21.875, 87.375, 3.913798259246623e-22, nan 
22.125, 87.375, 4.448684437784195e-22, nan 
22.375, 87.375, 4.248633079926906e-22, nan 
22.625, 87.375, 4.0367351097284175e-22, nan 
22.875, 87.375, 3.541253762413838e-22, nan 
23.125, 87.375, 2.911434402691227e-22, nan 
23.375, 87.375, 2.4326836168790836e-22, nan 
23.625, 87.375, 2.0707223312186524e-22, nan 
23.875, 87.375, 2.125440797602951e-22, nan 
24.125, 87.375, 2.3856215207412416e-22, nan 
24.375, 87.375, 2.4873653350036175e-22, nan 
24.625, 87.375, 2.521247861312976e-22, nan 
24.875, 87.375, 2.582357694620064e-22, nan 
25.125, 87.375, 2.5482281213734685e-22, nan 
25.375, 87.375, 2.607329010309432e-22, nan 
25.625, 87.375, 2.955328664550045e-22, nan 
25.875, 87.375, 3.776294874157075e-22, nan 
26.125, 87.375, 2.727832494385498e-22, nan 
26.375, 87.375, 3.5644355579384745e-22, nan 
26.625, 87.375, 4.981026621769337e-22, nan 
26.875, 87.375, 4.0599431602084575e-22, nan 
27.125, 87.375, 3.1609408194414415e-22, nan 
27.375, 87.375, 3.538196190546533e-22, nan 
27.625, 87.375, 3.2856513668258813e-22, nan 
27.875, 87.375, 3.0422030751306905e-22, nan 
28.125, 87.375, 2.636602345165131e-22, nan 
28.375, 87.375, 2.298105104429283e-22, nan 
28.625, 87.375, 1.9891090850476561e-22, nan 
28.875, 87.375, 1.7873788633343584e-22, nan 
29.125, 87.375, 1.861594448629608e-22, nan 
29.375, 87.375, 1.5965215224737933e-22, nan 
29.625, 87.375, 1.5890225592681753e-22, nan 
29.875, 87.375, 1.5907692516376961e-22, nan 
30.125, 87.375, 1.7278306737476117e-22, nan 
30.375, 87.375, 1.5855212908921088e-22, nan 
30.625, 87.375, 1.2640434862339883e-22, nan 
30.875, 87.375, 1.165774105688827e-22, nan 
31.125, 87.375, 1.076921626019101e-22, nan 
31.375, 87.375, 1.7382437926448212e-22, nan 
31.625, 87.375, 2.0231419316291348e-22, nan 
31.875, 87.375, 2.601960101658879e-22, nan 
32.125, 87.375, 1.9328136999137144e-22, nan 
32.375, 87.375, 9.897534458444891e-23, nan 
32.625, 87.375, 1.0650196358904338e-22, nan 
32.875, 87.375, 1.1462783744702034e-22, nan 
33.125, 87.375, 1.209771489624482e-22, nan 
33.375, 87.375, 1.2512737492433964e-22, nan 
33.625, 87.375, 1.2612241751499487e-22, nan 
33.875, 87.375, 1.304093638559103e-22, nan 
34.125, 87.375, 1.53801214380766e-22, nan 
34.375, 87.375, 1.947459774875246e-22, nan 
34.625, 87.375, 1.4128932358704127e-22, nan 
34.875, 87.375, 1.3241302656323401e-22, nan 
35.125, 87.375, 1.3891103237735955e-22, nan 
35.375, 87.375, 1.7357905968843e-22, nan 
35.625, 87.375, 1.0928914723067117e-22, nan 
35.875, 87.375, 1.229285722114554e-22, nan 
36.125, 87.375, 9.743117234663458e-23, nan 
36.375, 87.375, 9.008833969797498e-23, nan 
36.625, 87.375, 8.841244689872037e-23, nan 
36.875, 87.375, 1.1071077412686845e-22, nan 
37.125, 87.375, 1.0823719229924442e-22, nan 
37.375, 87.375, 1.0314897659456796e-22, nan 
37.625, 87.375, 1.0036641213941917e-22, nan 
37.875, 87.375, 9.654754456927664e-23, nan 
38.125, 87.375, 9.148556144074986e-23, nan 
38.375, 87.375, 8.376385130376499e-23, nan 
38.625, 87.375, 8.346942861302346e-23, nan 
38.875, 87.375, 7.525636097270838e-23, nan 
39.125, 87.375, 6.764311448097996e-23, nan 
39.375, 87.375, 6.44174699646477e-23, nan 
39.625, 87.375, 8.656844748942532e-23, nan 
39.875, 87.375, 8.755424544268873e-23, nan 
40.125, 87.375, 8.744692686531568e-23, nan 
40.375, 87.375, 9.174257104314453e-23, nan 
40.625, 87.375, 9.166285744112457e-23, nan 
40.875, 87.375, 6.348743549304955e-23, nan 
41.125, 87.375, 1.121693575109556e-22, nan 
41.375, 87.375, 1.0251806082885211e-22, nan 
41.625, 87.375, 1.2121052521517762e-22, nan 
41.875, 87.375, 1.280159953934731e-22, nan 
42.125, 87.375, 1.4458177005721807e-22, nan 
42.375, 87.375, 1.4520930740514746e-22, nan 
42.625, 87.375, 1.5213803846210423e-22, nan 
42.875, 87.375, 1.5425998695758323e-22, nan 
43.125, 87.375, 1.5574271866284747e-22, nan 
43.375, 87.375, 1.553474968803842e-22, nan 
43.625, 87.375, 1.615421063572588e-22, nan 
43.875, 87.375, 1.6510095808284218e-22, nan 
44.125, 87.375, 1.691947804632101e-22, nan 
44.375, 87.375, 1.7125693235491868e-22, nan 
44.625, 87.375, 1.6745151066728687e-22, nan 
44.875, 87.375, 1.5586373649936917e-22, nan 
45.125, 87.375, 1.3941450545372396e-22, nan 
45.375, 87.375, 1.271069467806446e-22, nan 
45.625, 87.375, 1.1319470659177911e-22, nan 
45.875, 87.375, 1.0680492388419233e-22, nan 
46.125, 87.375, 7.847642929068042e-23, nan 
46.375, 87.375, 9.351633157377041e-23, nan 
46.625, 87.375, 1.3186907480595491e-22, nan 
46.875, 87.375, 1.532901077217826e-22, nan 
47.125, 87.375, 1.5934311846226557e-22, nan 
47.375, 87.375, 1.5125558142345717e-22, nan 
47.625, 87.375, 1.5828100510034166e-22, nan 
47.875, 87.375, 1.6676057055783998e-22, nan 
48.125, 87.375, 1.8091822110182792e-22, nan 
48.375, 87.375, 2.0660390249505624e-22, nan 
48.625, 87.375, 2.17714166644089e-22, nan 
48.875, 87.375, 2.6101214445348843e-22, nan 
49.125, 87.375, 3.566841313761719e-22, nan 
49.375, 87.375, 2.921779445017354e-22, nan 
49.625, 87.375, 2.373389521974234e-22, nan 
49.875, 87.375, 1.0232359522374143e-22, nan 
50.125, 87.375, 9.431123597888363e-23, nan 
50.375, 87.375, 1.0782482272280944e-22, nan 
50.625, 87.375, 5.43756392270365e-23, nan 
50.875, 87.375, 8.790590540628455e-23, nan 
51.125, 87.375, 1.0512913467384161e-22, nan 
51.375, 87.375, 9.604717390324763e-23, nan 
51.625, 87.375, 9.360710329273786e-23, nan 
51.875, 87.375, 1.0524684757406793e-22, nan 
52.125, 87.375, 4.187117839893267e-23, nan 
52.375, 87.375, 6.609845625320484e-23, nan 
52.625, 87.375, 8.175078565726009e-23, nan 
52.875, 87.375, 9.395316157206785e-23, nan 
53.125, 87.375, 1.0435862849432581e-22, nan 
53.375, 87.375, 1.2410795759412805e-22, nan 
53.625, 87.375, 1.6579598966216228e-22, nan 
53.875, 87.375, 1.8055673015718282e-22, nan 
54.125, 87.375, 2.3468147206516665e-22, nan 
54.375, 87.375, 3.79710693599643e-22, nan 
54.625, 87.375, 2.727429012650998e-22, nan 
54.875, 87.375, 2.0152287220410288e-22, nan 
55.125, 87.375, 2.0073718818704794e-22, nan 
55.375, 87.375, 2.6660187227806507e-22, nan 
55.625, 87.375, 1.814701549460706e-22, nan 
55.875, 87.375, 2.1129954268540034e-22, nan 
56.125, 87.375, 2.531758952394434e-22, nan 
56.375, 87.375, 2.7271883688975647e-22, nan 
56.625, 87.375, 2.744017812003078e-22, nan 
56.875, 87.375, 2.6806312362255008e-22, nan 
57.125, 87.375, 2.542985496062862e-22, nan 
57.375, 87.375, 1.9428214131409816e-22, nan 
57.625, 87.375, 2.11936910674112e-22, nan 
57.875, 87.375, 2.334018252296906e-22, nan 
58.125, 87.375, 2.460104957546083e-22, nan 
58.375, 87.375, 2.4590349721235704e-22, nan 
58.625, 87.375, 2.4448357561588745e-22, nan 
58.875, 87.375, 2.415966077142606e-22, nan 
59.125, 87.375, 2.384860065943438e-22, nan 
59.375, 87.375, 2.396557649570521e-22, nan 
59.625, 87.375, 2.663479307325373e-22, nan 
59.875, 87.375, 2.509411659650936e-22, nan 
60.125, 87.375, 2.4625454415174315e-22, nan 
60.375, 87.375, 2.8274128418749853e-22, nan 
60.625, 87.375, 3.1718559251487227e-22, nan 
60.875, 87.375, 2.7775035615514376e-22, nan 
61.125, 87.375, 2.98215437130468e-22, nan 
61.375, 87.375, 3.0002554544296053e-22, nan 
61.625, 87.375, 2.9158394582659106e-22, nan 
61.875, 87.375, 2.7063727989021585e-22, nan 
62.125, 87.375, 2.3920240705805716e-22, nan 
62.375, 87.375, 2.631213874098779e-22, nan 
62.625, 87.375, 2.637863720678182e-22, nan 
62.875, 87.375, 2.3975506971421826e-22, nan 
63.125, 87.375, 2.0071010626253546e-22, nan 
63.375, 87.375, 1.8692679689117552e-22, nan 
63.625, 87.375, 1.7232008045770843e-22, nan 
63.875, 87.375, 1.6964041525631814e-22, nan 
64.125, 87.375, 1.700919494233954e-22, nan 
64.375, 87.375, 1.7714247666696863e-22, nan 
64.625, 87.375, 1.609105828698818e-22, nan 
64.875, 87.375, 1.5588886828649784e-22, nan 
65.125, 87.375, 1.5508628257218664e-22, nan 
65.375, 87.375, 1.546201054714179e-22, nan 
65.625, 87.375, 1.6319070046107e-22, nan 
65.875, 87.375, 2.163852384055498e-22, nan 
66.125, 87.375, 2.3106210348100793e-22, nan 
66.375, 87.375, 2.368281225962599e-22, nan 
66.625, 87.375, 2.342759596665957e-22, nan 
66.875, 87.375, 2.236830167899677e-22, nan 
67.125, 87.375, 2.1106228165909079e-22, nan 
67.375, 87.375, 1.9088271703552266e-22, nan 
67.625, 87.375, 1.7890219450110362e-22, nan 
67.875, 87.375, 1.832821842001242e-22, nan 
68.125, 87.375, 1.7454781637483652e-22, nan 
68.375, 87.375, 1.411937819336571e-22, nan 
68.625, 87.375, 1.3856180276666635e-22, nan 
68.875, 87.375, 1.705233818555708e-22, nan 
69.125, 87.375, 1.7388976668236123e-22, nan 
69.375, 87.375, 1.5996303957277712e-22, nan 
69.625, 87.375, 1.7088671061623722e-22, nan 
69.875, 87.375, 1.6307429030862083e-22, nan 
70.125, 87.375, 1.0782865046414575e-22, nan 
70.375, 87.375, 9.704955350620082e-23, nan 
70.625, 87.375, 9.372798109432782e-23, nan 
70.875, 87.375, 1.148739479180799e-22, nan 
71.125, 87.375, 1.5523505490833888e-22, nan 
71.375, 87.375, 1.621488958641515e-22, nan 
71.625, 87.375, 1.741904145429726e-22, nan 
71.875, 87.375, 1.7522730896358547e-22, nan 
72.125, 87.375, 1.7308157705791929e-22, nan 
72.375, 87.375, 1.694407970271223e-22, nan 
72.625, 87.375, 1.7127403542758104e-22, nan 
72.875, 87.375, 1.7937751755597583e-22, nan 
73.125, 87.375, 1.9112167682430658e-22, nan 
73.375, 87.375, 2.0867889785276123e-22, nan 
73.625, 87.375, 1.7876087883273333e-22, nan 
73.875, 87.375, 2.416403130080305e-22, nan 
74.125, 87.375, 2.596616844894785e-22, nan 
74.375, 87.375, 2.783815764318086e-22, nan 
74.625, 87.375, 2.663678553159152e-22, nan 
74.875, 87.375, 2.845917508053577e-22, nan 
75.125, 87.375, 2.2367493516422943e-22, nan 
75.375, 87.375, 1.0462094800250867e-22, nan 
75.625, 87.375, 1.1511202437957925e-22, nan 
75.875, 87.375, 1.1075334605716623e-22, nan 
76.125, 87.375, 1.2344842994377668e-22, nan 
76.375, 87.375, 1.3692447267470993e-22, nan 
76.625, 87.375, 1.5934492018004691e-22, nan 
76.875, 87.375, 1.7191885138941348e-22, nan 
77.125, 87.375, 1.5268573224363704e-22, nan 
77.375, 87.375, 1.5794710211216688e-22, nan 
77.625, 87.375, 1.2868849213027386e-22, nan 
77.875, 87.375, 1.1612449390184207e-22, nan 
78.125, 87.375, 1.1109180595912035e-22, nan 
78.375, 87.375, 1.1831942358605094e-22, nan 
78.625, 87.375, 1.8818367476168116e-22, nan 
78.875, 87.375, 1.2714042517012504e-22, nan 
79.125, 87.375, 2.260633067419029e-22, nan 
79.375, 87.375, 2.6774599067008406e-22, nan 
79.625, 87.375, 2.840096706037418e-22, nan 
79.875, 87.375, 2.822584279083914e-22, nan 
80.125, 87.375, 2.915815960267948e-22, nan 
80.375, 87.375, 2.1243625556023247e-22, nan 
80.625, 87.375, 1.8223972709320288e-22, nan 
80.875, 87.375, 1.8864179362761336e-22, nan 
81.125, 87.375, 1.8960082995340602e-22, nan 
81.375, 87.375, 1.9016701304301356e-22, nan 
81.625, 87.375, 1.895132332695641e-22, nan 
81.875, 87.375, 2.0460283510892912e-22, nan 
82.125, 87.375, 2.2020368627870825e-22, nan 
82.375, 87.375, 1.7142515773346902e-22, nan 
82.625, 87.375, 1.4855439688994972e-22, nan 
82.875, 87.375, 1.4328806918380235e-22, nan 
83.125, 87.375, 1.4296879700403404e-22, nan 
83.375, 87.375, 1.4041177974424783e-22, nan 
83.625, 87.375, 1.3798444981483272e-22, nan 
83.875, 87.375, 1.5319592193641155e-22, nan 
84.125, 87.375, 1.2278867952101419e-22, nan 
84.375, 87.375, 1.3496835027198253e-22, nan 
84.625, 87.375, 1.7909982679236284e-22, nan 
84.875, 87.375, 1.8236142122204092e-22, nan 
85.125, 87.375, 1.8385094920054086e-22, nan 
85.375, 87.375, 1.8656403469731005e-22, nan 
85.625, 87.375, 1.9863286716097302e-22, nan 
85.875, 87.375, 2.08330477156973e-22, nan 
86.125, 87.375, 2.159600740382688e-22, nan 
86.375, 87.375, 2.182858181023933e-22, nan 
86.625, 87.375, 2.172089734695624e-22, nan 
86.875, 87.375, 2.0865514503148815e-22, nan 
87.125, 87.375, 1.7118858674661108e-22, nan 
87.375, 87.375, 1.4105203354039187e-22, nan 
87.625, 87.375, 1.3215665626471958e-22, nan 
87.875, 87.375, 1.3479725232369713e-22, nan 
88.125, 87.375, 1.4027927577517468e-22, nan 
88.375, 87.375, 1.4088497174219677e-22, nan 
88.625, 87.375, 1.3835500258505878e-22, nan 
88.875, 87.375, 1.335250396013749e-22, nan 
89.125, 87.375, 1.2573725442276982e-22, nan 
89.375, 87.375, 1.148559856830109e-22, nan 
89.625, 87.375, 1.0149537966496954e-22, nan 
89.875, 87.375, 1.1124636388360424e-22, nan 
90.125, 87.375, 1.1364573619640777e-22, nan 
90.375, 87.375, 1.1627155512282447e-22, nan 
90.625, 87.375, 1.1934970310306664e-22, nan 
90.875, 87.375, 1.2122244559706463e-22, nan 
91.125, 87.375, 1.1416199464176664e-22, nan 
91.375, 87.375, 1.1061339098145145e-22, nan 
91.625, 87.375, 1.1357163974268721e-22, nan 
91.875, 87.375, 1.2074303957180146e-22, nan 
92.125, 87.375, 1.2004648061687575e-22, nan 
92.375, 87.375, 1.4044971256223432e-22, nan 
92.625, 87.375, 1.3713597980421282e-22, nan 
92.875, 87.375, 1.3470418766061777e-22, nan 
93.125, 87.375, 1.1895170232542825e-22, nan 
93.375, 87.375, 1.0307013309160202e-22, nan 
93.625, 87.375, 8.44542857585165e-23, nan 
93.875, 87.375, 6.533036238833757e-23, nan 
94.125, 87.375, 6.155336657008568e-23, nan 
94.375, 87.375, 6.645138642802623e-23, nan 
94.625, 87.375, 6.601703471958634e-23, nan 
94.875, 87.375, 7.036548541368948e-23, nan 
95.125, 87.375, 7.219209489853408e-23, nan 
95.375, 87.375, 7.145779573544954e-23, nan 
95.625, 87.375, 7.677894490240167e-23, nan 
95.875, 87.375, 9.204178981471686e-23, nan 
96.125, 87.375, 9.605097684795253e-23, nan 
96.375, 87.375, 9.548485368823288e-23, nan 
96.625, 87.375, 8.801081431728543e-23, nan 
96.875, 87.375, 1.0517335612293497e-22, nan 
97.125, 87.375, 9.048393300661568e-23, nan 
97.375, 87.375, 6.432753492194487e-23, nan 
97.625, 87.375, 4.8189521841626086e-23, nan 
97.875, 87.375, 4.093988090167802e-23, nan 
98.125, 87.375, 4.511284386959799e-23, nan 
98.375, 87.375, 4.434008308158992e-23, nan 
98.625, 87.375, 7.241572040831036e-23, nan 
98.875, 87.375, 1.024195962325541e-22, nan 
99.125, 87.375, 4.7494465294176955e-23, nan 
99.375, 87.375, 7.561870179808194e-23, nan 
99.625, 87.375, 4.077445209634718e-23, nan 
99.875, 87.375, 6.02201724312491e-23, nan 
100.125, 87.375, 7.0270449710942e-23, nan 
100.375, 87.375, 7.54813843312429e-23, nan 
100.625, 87.375, 8.10824913329484e-23, nan 
100.875, 87.375, 9.455957748967822e-23, nan 
101.125, 87.375, 1.1512968057310783e-22, nan 
101.375, 87.375, 1.103053208994808e-22, nan 
101.625, 87.375, 9.793254052638865e-23, nan 
101.875, 87.375, 7.912990659547671e-23, nan 
102.125, 87.375, 1.0058856727048224e-22, nan 
102.375, 87.375, 7.897028091563637e-23, nan 
102.625, 87.375, 8.601571597443392e-23, nan 
102.875, 87.375, 6.300335039975063e-23, nan 
103.125, 87.375, 4.628826457176687e-23, nan 
103.375, 87.375, 5.679434591339511e-23, nan 
103.625, 87.375, 4.9208961280212883e-23, nan 
103.875, 87.375, 9.20548224573267e-23, nan 
104.125, 87.375, 1.2645973539192685e-22, nan 
104.375, 87.375, 6.039865275949345e-23, nan 
104.625, 87.375, 1.4173500274622896e-22, nan 
104.875, 87.375, 5.749401991977993e-23, nan 
105.125, 87.375, 5.404054164490016e-23, nan 
105.375, 87.375, 6.18819766511124e-23, nan 
105.625, 87.375, 6.758063416618026e-23, nan 
105.875, 87.375, 7.52733532141726e-23, nan 
106.125, 87.375, 8.83618926560535e-23, nan 
106.375, 87.375, 9.316989818627642e-23, nan 
106.625, 87.375, 8.148309564973195e-23, nan 
106.875, 87.375, 5.94792859637606e-23, nan 
107.125, 87.375, 4.7681054448187794e-23, nan 
107.375, 87.375, 5.040211193127956e-23, nan 
107.625, 87.375, 7.621264825506085e-23, nan 
107.875, 87.375, 1.2325328272214733e-22, nan 
108.125, 87.375, 8.401168367191608e-23, nan 
108.375, 87.375, 1.087958907067998e-22, nan 
108.625, 87.375, 1.4495774655589205e-22, nan 
108.875, 87.375, 1.295929794575772e-22, nan 
109.125, 87.375, 1.0268051236188431e-22, nan 
109.375, 87.375, 7.984501347202341e-23, nan 
109.625, 87.375, 1.4047094585606975e-22, nan 
109.875, 87.375, 9.487895389807929e-23, nan 
110.125, 87.375, 5.597352676505786e-23, nan 
110.375, 87.375, 5.030877530563782e-23, nan 
110.625, 87.375, 5.0361908647872794e-23, nan 
110.875, 87.375, 5.408788719660125e-23, nan 
111.125, 87.375, 4.1860310916453154e-23, nan 
111.375, 87.375, 8.315651802126373e-23, nan 
111.625, 87.375, 7.793825324645064e-23, nan 
111.875, 87.375, 7.463982875208503e-23, nan 
112.125, 87.375, 5.971281113432919e-23, nan 
112.375, 87.375, 3.4220877770601446e-23, nan 
112.625, 87.375, 3.4580575751875517e-23, nan 
112.875, 87.375, 5.739038108917188e-23, nan 
113.125, 87.375, 8.082278869612608e-23, nan 
113.375, 87.375, 1.0714628897914732e-22, nan 
113.625, 87.375, 1.5066374875836157e-22, nan 
113.875, 87.375, 1.864413816669078e-22, nan 
114.125, 87.375, 1.6166825744872533e-22, nan 
114.375, 87.375, 1.0472659475804957e-22, nan 
114.625, 87.375, 2.894208125642233e-23, nan 
114.875, 87.375, 8.038616406529056e-23, nan 
115.125, 87.375, 7.22974725429533e-23, nan 
115.375, 87.375, 1.1246350264430747e-22, nan 
115.625, 87.375, 1.267151109831937e-22, nan 
115.875, 87.375, 1.2977551326496982e-22, nan 
116.125, 87.375, 1.285852992798569e-22, nan 
116.375, 87.375, 5.847344369876977e-23, nan 
116.625, 87.375, 1.488441628247795e-22, nan 
116.875, 87.375, 1.45558863520413e-22, nan 
117.125, 87.375, 1.4571939595072663e-22, nan 
117.375, 87.375, 1.2606826152005822e-22, nan 
117.625, 87.375, 7.470554095283342e-23, nan 
117.875, 87.375, 6.335701795848744e-23, nan 
118.125, 87.375, 7.793838635509095e-23, nan 
118.375, 87.375, 9.523353298431864e-23, nan 
118.625, 87.375, 1.2279666116265295e-22, nan 
118.875, 87.375, 1.395856759896395e-22, nan 
119.125, 87.375, 1.624083710341319e-22, nan 
119.375, 87.375, 1.1287141555060391e-22, nan 
119.625, 87.375, 1.2901904072901732e-22, nan 
119.875, 87.375, 7.19981978390023e-23, nan 
120.125, 87.375, 6.057602206858025e-23, nan 
120.375, 87.375, 7.43803099166786e-23, nan 
120.625, 87.375, 1.3270254560291692e-22, nan 
120.875, 87.375, 1.471268680330798e-22, nan 
121.125, 87.375, 1.4077676202865518e-22, nan 
121.375, 87.375, 1.2601421686094445e-22, nan 
121.625, 87.375, 6.011692861263816e-23, nan 
121.875, 87.375, 1.0959007252080721e-22, nan 
122.125, 87.375, 1.1811268237927026e-22, nan 
122.375, 87.375, 1.1350952216717829e-22, nan 
122.625, 87.375, 9.927917493099662e-23, nan 
122.875, 87.375, 7.813609976759068e-23, nan 
123.125, 87.375, 7.53484384620788e-23, nan 
123.375, 87.375, 7.524470753983304e-23, nan 
123.625, 87.375, 7.239594839483628e-23, nan 
123.875, 87.375, 7.049388186140916e-23, nan 
124.125, 87.375, 6.982861462162282e-23, nan 
124.375, 87.375, 8.347721935384854e-23, nan 
124.625, 87.375, 7.494713455791349e-23, nan 
124.875, 87.375, 1.5025488194168492e-22, nan 
125.125, 87.375, 6.972616775809007e-23, nan 
125.375, 87.375, 4.378509758339036e-23, nan 
125.625, 87.375, 3.659829517342489e-23, nan 
125.875, 87.375, 5.2848030666615977e-23, nan 
126.125, 87.375, 5.727509635816087e-23, nan 
126.375, 87.375, 5.435255007956061e-23, nan 
126.625, 87.375, 4.697473604982074e-23, nan 
126.875, 87.375, 5.569985511850998e-23, nan 
127.125, 87.375, 7.664983035526554e-23, nan 
127.375, 87.375, 7.585536054683732e-23, nan 
127.625, 87.375, 6.573375525716987e-23, nan 
127.875, 87.375, 6.932245506139922e-23, nan 
128.125, 87.375, 6.569695200114053e-23, nan 
128.375, 87.375, 5.910527693223144e-23, nan 
128.625, 87.375, 6.252576130744454e-23, nan 
128.875, 87.375, 6.878486219917492e-23, nan 
129.125, 87.375, 7.468625844101823e-23, nan 
129.375, 87.375, 7.27086449282888e-23, nan 
129.625, 87.375, 6.725021494783865e-23, nan 
129.875, 87.375, 8.774030004906367e-23, nan 
130.125, 87.375, 8.186066040106375e-23, nan 
130.375, 87.375, 8.626906827335162e-23, nan 
130.625, 87.375, 1.2707595316750166e-22, nan 
130.875, 87.375, 1.2565672663570726e-22, nan 
131.125, 87.375, 1.140443422564655e-22, nan 
131.375, 87.375, 1.025555080281208e-22, nan 
131.625, 87.375, 9.640985908565445e-23, nan 
131.875, 87.375, 1.1258983071022312e-22, nan 
132.125, 87.375, 1.3396472608749406e-22, nan 
132.375, 87.375, 1.4567449175462152e-22, nan 
132.625, 87.375, 1.4565001844354774e-22, nan 
132.875, 87.375, 1.443684226007677e-22, nan 
133.125, 87.375, 1.4701563083570421e-22, nan 
133.375, 87.375, 1.4919608723439014e-22, nan 
133.625, 87.375, 1.4271908602306147e-22, nan 
133.875, 87.375, 1.3438444816304391e-22, nan 
134.125, 87.375, 9.210838229298389e-23, nan 
134.375, 87.375, 7.465577463513888e-23, nan 
134.625, 87.375, 6.305554029849468e-23, nan 
134.875, 87.375, 5.32924199303192e-23, nan 
135.125, 87.375, 4.949685382158378e-23, nan 
135.375, 87.375, 5.315778454299325e-23, nan 
135.625, 87.375, 7.805502876835695e-23, nan 
135.875, 87.375, 1.037445963997357e-22, nan 
136.125, 87.375, 1.0174142481154881e-22, nan 
136.375, 87.375, 9.045866339930982e-23, nan 
136.625, 87.375, 7.857619837230417e-23, nan 
136.875, 87.375, 9.394875309945354e-23, nan 
137.125, 87.375, 8.64839040989034e-23, nan 
137.375, 87.375, 1.1224976638343887e-22, nan 
137.625, 87.375, 1.2969565314519948e-22, nan 
137.875, 87.375, 1.3650461222247313e-22, nan 
138.125, 87.375, 1.410077746880252e-22, nan 
138.375, 87.375, 1.4095635859226803e-22, nan 
138.625, 87.375, 1.337914542715741e-22, nan 
138.875, 87.375, 1.3888008162474307e-22, nan 
139.125, 87.375, 1.4521244944324377e-22, nan 
139.375, 87.375, 1.3365122378136976e-22, nan 
139.625, 87.375, 1.2138628749255106e-22, nan 
139.875, 87.375, 1.1096033436593702e-22, nan 
140.125, 87.375, 1.0848521540999928e-22, nan 
140.375, 87.375, 1.0094161885141449e-22, nan 
140.625, 87.375, 9.543275084326324e-23, nan 
140.875, 87.375, 1.087215166545621e-22, nan 
141.125, 87.375, 1.14911487548602e-22, nan 
141.375, 87.375, 1.2543521521870899e-22, nan 
141.625, 87.375, 1.3527286302993004e-22, nan 
141.875, 87.375, 1.3661861971580894e-22, nan 
142.125, 87.375, 1.3901788768983114e-22, nan 
142.375, 87.375, 1.4784635885869396e-22, nan 
142.625, 87.375, 1.5861700273658964e-22, nan 
142.875, 87.375, 1.6548453970251767e-22, nan 
143.125, 87.375, 1.7001104283851633e-22, nan 
143.375, 87.375, 1.694694889792802e-22, nan 
143.625, 87.375, 1.5250897559090237e-22, nan 
143.875, 87.375, 1.1491521158761496e-22, nan 
144.125, 87.375, 1.1861338948844186e-22, nan 
144.375, 87.375, 1.2996732830572756e-22, nan 
144.625, 87.375, 1.482342272399295e-22, nan 
144.875, 87.375, 1.5499458355206605e-22, nan 
145.125, 87.375, 1.535887527772779e-22, nan 
145.375, 87.375, 1.4318303624886086e-22, nan 
145.625, 87.375, 1.3393903766884653e-22, nan 
145.875, 87.375, 1.2236648058091213e-22, nan 
146.125, 87.375, 1.186481685178156e-22, nan 
146.375, 87.375, 1.1875708280230875e-22, nan 
146.625, 87.375, 1.0199785875616149e-22, nan 
146.875, 87.375, 1.1556608337995561e-22, nan 
147.125, 87.375, 1.2381065743010331e-22, nan 
147.375, 87.375, 1.2773646934680367e-22, nan 
147.625, 87.375, 1.3085143610434492e-22, nan 
147.875, 87.375, 1.3275108288029016e-22, nan 
148.125, 87.375, 1.3651036704206932e-22, nan 
148.375, 87.375, 1.4311812362897216e-22, nan 
148.625, 87.375, 1.288648816503139e-22, nan 
148.875, 87.375, 1.1766263113238595e-22, nan 
149.125, 87.375, 1.0290005171314955e-22, nan 
149.375, 87.375, 1.1974513200220118e-22, nan 
149.625, 87.375, 1.6757056480937657e-22, nan 
149.875, 87.375, 1.440136839039157e-22, nan 
150.125, 87.375, 1.1524282904320642e-22, nan 
150.375, 87.375, 1.2024135083162626e-22, nan 
150.625, 87.375, 1.1763244566481018e-22, nan 
150.875, 87.375, 1.0799023405208276e-22, nan 
151.125, 87.375, 1.1968643128358815e-22, nan 
151.375, 87.375, 1.168524623704418e-22, nan 
151.625, 87.375, 1.1605074934061628e-22, nan 
151.875, 87.375, 1.1876579075251994e-22, nan 
152.125, 87.375, 1.2487920738905065e-22, nan 
152.375, 87.375, 1.2852416669812947e-22, nan 
152.625, 87.375, 1.2874381543130088e-22, nan 
152.875, 87.375, 1.2865256949172492e-22, nan 
153.125, 87.375, 1.28321667189908e-22, nan 
153.375, 87.375, 1.2596244709841836e-22, nan 
153.625, 87.375, 1.2467823735732737e-22, nan 
153.875, 87.375, 8.640607820287617e-23, nan 
154.125, 87.375, 8.259625886734093e-23, nan 
154.375, 87.375, 9.195971895578195e-23, nan 
154.625, 87.375, 1.051547665913031e-22, nan 
154.875, 87.375, 1.2660337406728163e-22, nan 
155.125, 87.375, 9.89763916488142e-23, nan 
155.375, 87.375, 1.163775026928764e-22, nan 
155.625, 87.375, 1.20280299413238e-22, nan 
155.875, 87.375, 1.1847032380936193e-22, nan 
156.125, 87.375, 1.1406722837419725e-22, nan 
156.375, 87.375, 1.0385977838035767e-22, nan 
156.625, 87.375, 1.0057482782259957e-22, nan 
156.875, 87.375, 9.176394355026765e-23, nan 
157.125, 87.375, 8.238082325726567e-23, nan 
157.375, 87.375, 6.930704232933067e-23, nan 
157.625, 87.375, 5.739129322085308e-23, nan 
157.875, 87.375, 4.6758258265412935e-23, nan 
158.125, 87.375, 3.790160818418626e-23, nan 
158.375, 87.375, 3.696872509179224e-23, nan 
158.625, 87.375, 3.721666609653704e-23, nan 
158.875, 87.375, 3.556856834519439e-23, nan 
159.125, 87.375, 4.915109017277681e-23, nan 
159.375, 87.375, 7.247369293698886e-23, nan 
159.625, 87.375, 8.658227606677738e-23, nan 
159.875, 87.375, 9.11016671852731e-23, nan 
160.125, 87.375, 7.835261148299246e-23, nan 
160.375, 87.375, 5.132942279908762e-23, nan 
160.625, 87.375, 1.9519889448472517e-23, nan 
160.875, 87.375, 2.1439912425048076e-23, nan 
161.125, 87.375, 2.0104407770478317e-23, nan 
161.375, 87.375, 1.8715581757664703e-23, nan 
161.625, 87.375, 1.7692749791014552e-23, nan 
161.875, 87.375, 2.017479012112035e-23, nan 
162.125, 87.375, 2.435368585939358e-23, nan 
162.375, 87.375, 2.82004510977474e-23, nan 
162.625, 87.375, 3.208037517892262e-23, nan 
162.875, 87.375, 4.419130750583151e-23, nan 
163.125, 87.375, 6.870963836259816e-23, nan 
163.375, 87.375, 5.526921597200577e-23, nan 
163.625, 87.375, 3.24847648495561e-23, nan 
163.875, 87.375, 3.95632795280449e-23, nan 
164.125, 87.375, 4.2683329794785904e-23, nan 
164.375, 87.375, 4.099905690709126e-23, nan 
164.625, 87.375, 4.1471046335197523e-23, nan 
164.875, 87.375, 4.4623412115282034e-23, nan 
165.125, 87.375, 6.308925495796444e-23, nan 
165.375, 87.375, 3.9927304764752856e-23, nan 
165.625, 87.375, 3.1681605134919243e-23, nan 
165.875, 87.375, 3.2086569554978896e-23, nan 
166.125, 87.375, 3.3669192255339355e-23, nan 
166.375, 87.375, 3.0156277733882595e-23, nan 
166.625, 87.375, 2.465277062642864e-23, nan 
166.875, 87.375, 2.5172759128009704e-23, nan 
167.125, 87.375, 3.23571714315694e-23, nan 
167.375, 87.375, 3.8104125664530695e-23, nan 
167.625, 87.375, 4.461769550358853e-23, nan 
167.875, 87.375, 5.326009121415124e-23, nan 
168.125, 87.375, 7.636993958506614e-23, nan 
168.375, 87.375, 1.2610373240779594e-22, nan 
168.625, 87.375, 1.0552422902599768e-22, nan 
168.875, 87.375, 4.665035336328397e-23, nan 
169.125, 87.375, 5.706004406180723e-23, nan 
169.375, 87.375, 6.649467359192104e-23, nan 
169.625, 87.375, 7.304600501743922e-23, nan 
169.875, 87.375, 7.934568352183538e-23, nan 
170.125, 87.375, 8.95280633130176e-23, nan 
170.375, 87.375, 1.0262922317237387e-22, nan 
170.625, 87.375, 1.0983103761687677e-22, nan 
170.875, 87.375, 1.1703938153420634e-22, nan 
171.125, 87.375, 1.2434105065599543e-22, nan 
171.375, 87.375, 1.2660757791852275e-22, nan 
171.625, 87.375, 1.2444116110880686e-22, nan 
171.875, 87.375, 1.2168174646380062e-22, nan 
172.125, 87.375, 1.186609727506234e-22, nan 
172.375, 87.375, 1.2908524572992276e-22, nan 
172.625, 87.375, 1.3523026287850981e-22, nan 
172.875, 87.375, 1.4011069086124458e-22, nan 
173.125, 87.375, 1.4232450651509886e-22, nan 
173.375, 87.375, 1.4702869196421736e-22, nan 
173.625, 87.375, 1.5433627785082767e-22, nan 
173.875, 87.375, 9.618853106690231e-23, nan 
174.125, 87.375, 6.983688074190759e-23, nan 
174.375, 87.375, 6.285892694388896e-23, nan 
174.625, 87.375, 5.0439677012366645e-23, nan 
174.875, 87.375, 4.1672467321365774e-23, nan 
175.125, 87.375, 3.255695306469615e-23, nan 
175.375, 87.375, 2.905193052381647e-23, nan 
175.625, 87.375, 2.7335250051754556e-23, nan 
175.875, 87.375, 2.707359612802229e-23, nan 
176.125, 87.375, 2.5839730346152634e-23, nan 
176.375, 87.375, 2.6746899497074854e-23, nan 
176.625, 87.375, 2.6190599621204016e-23, nan 
176.875, 87.375, 2.746607454122843e-23, nan 
177.125, 87.375, 2.906559543403612e-23, nan 
177.375, 87.375, 3.445492826316908e-23, nan 
177.625, 87.375, 4.829274959469616e-23, nan 
177.875, 87.375, 5.904310080860992e-23, nan 
178.125, 87.375, 6.888609499381615e-23, nan 
178.375, 87.375, 7.513308581092499e-23, nan 
178.625, 87.375, 7.380980779760595e-23, nan 
178.875, 87.375, 6.492782503388446e-23, nan 
179.125, 87.375, 3.979308551178807e-23, nan 
179.375, 87.375, 3.6633367163644957e-23, nan 
179.625, 87.375, 3.703006640409932e-23, nan 
179.875, 87.375, 3.782140494430434e-23, nan 
-179.875, 87.625, 3.323623575174323e-23, nan 
-179.625, 87.625, 3.506590033547196e-23, nan 
-179.375, 87.625, 3.304028544610108e-23, nan 
-179.125, 87.625, 3.4862721101845616e-23, nan 
-178.875, 87.625, 4.040262770445711e-23, nan 
-178.625, 87.625, 4.154330769637711e-23, nan 
-178.375, 87.625, 3.9781743029077365e-23, nan 
-178.125, 87.625, 4.229985210987816e-23, nan 
-177.875, 87.625, 4.345741950616394e-23, nan 
-177.625, 87.625, 4.610250736505897e-23, nan 
-177.375, 87.625, 5.362607654259446e-23, nan 
-177.125, 87.625, 7.080092121782607e-23, nan 
-176.875, 87.625, 9.85982200565901e-23, nan 
-176.625, 87.625, 1.0448001213984014e-22, nan 
-176.375, 87.625, 1.0512247223775195e-22, nan 
-176.125, 87.625, 1.080677104221838e-22, nan 
-175.875, 87.625, 8.876642582047866e-23, nan 
-175.625, 87.625, 4.9907355697943973e-23, nan 
-175.375, 87.625, 6.609314586368081e-23, nan 
-175.125, 87.625, 7.534563280021603e-23, nan 
-174.875, 87.625, 6.345742393105841e-23, nan 
-174.625, 87.625, 4.638017546666496e-23, nan 
-174.375, 87.625, 2.9524659470240845e-23, nan 
-174.125, 87.625, 2.3971585197450097e-23, nan 
-173.875, 87.625, 3.922391333718186e-23, nan 
-173.625, 87.625, 5.205309947222718e-23, nan 
-173.375, 87.625, 6.331264262909985e-23, nan 
-173.125, 87.625, 2.616376012320227e-23, nan 
-172.875, 87.625, 2.1242394702054048e-23, nan 
-172.625, 87.625, 1.8281635568040742e-23, nan 
-172.375, 87.625, 1.9411346861946038e-23, nan 
-172.125, 87.625, 1.746978407129323e-23, nan 
-171.875, 87.625, 2.4548311236755424e-23, nan 
-171.625, 87.625, 2.4018616232733754e-23, nan 
-171.375, 87.625, 2.7283519887222593e-23, nan 
-171.125, 87.625, 3.228288097825098e-23, nan 
-170.875, 87.625, 4.653418076992953e-23, nan 
-170.625, 87.625, 6.363692614976268e-23, nan 
-170.375, 87.625, 6.827750173091032e-23, nan 
-170.125, 87.625, 6.988485384200615e-23, nan 
-169.875, 87.625, 7.147665088691612e-23, nan 
-169.625, 87.625, 5.859921971915369e-23, nan 
-169.375, 87.625, 5.760254817864448e-23, nan 
-169.125, 87.625, 7.843584816094978e-23, nan 
-168.875, 87.625, 8.875745637460358e-23, nan 
-168.625, 87.625, 8.675827261242311e-23, nan 
-168.375, 87.625, 7.79949284964058e-23, nan 
-168.125, 87.625, 7.87096911988257e-23, nan 
-167.875, 87.625, 7.524838239244761e-23, nan 
-167.625, 87.625, 7.252883875514101e-23, nan 
-167.375, 87.625, 6.984552384993079e-23, nan 
-167.125, 87.625, 6.761891905464401e-23, nan 
-166.875, 87.625, 6.379614969012412e-23, nan 
-166.625, 87.625, 6.085463732120859e-23, nan 
-166.375, 87.625, 5.501632966183827e-23, nan 
-166.125, 87.625, 4.014781903919662e-23, nan 
-165.875, 87.625, 2.0803724542101276e-23, nan 
-165.625, 87.625, 3.385359551236656e-23, nan 
-165.375, 87.625, 3.5509035916761414e-23, nan 
-165.125, 87.625, 2.9153262876692984e-23, nan 
-164.875, 87.625, 1.9280357165561937e-23, nan 
-164.625, 87.625, 2.2357583121670633e-23, nan 
-164.375, 87.625, 2.2185755894818505e-23, nan 
-164.125, 87.625, 2.4940436044826008e-23, nan 
-163.875, 87.625, 2.5589981506684527e-23, nan 
-163.625, 87.625, 2.5326146349411734e-23, nan 
-163.375, 87.625, 2.2978444538947553e-23, nan 
-163.125, 87.625, 2.4637550183401095e-23, nan 
-162.875, 87.625, 3.2495190634841545e-23, nan 
-162.625, 87.625, 3.68404990579209e-23, nan 
-162.375, 87.625, 4.1973089795994886e-23, nan 
-162.125, 87.625, 4.440008667190589e-23, nan 
-161.875, 87.625, 4.799637409528115e-23, nan 
-161.625, 87.625, 4.5301365430991173e-23, nan 
-161.375, 87.625, 3.7640709905200014e-23, nan 
-161.125, 87.625, 2.8292943884743483e-23, nan 
-160.875, 87.625, 2.1191886839040928e-23, nan 
-160.625, 87.625, 2.0638041974087835e-23, nan 
-160.375, 87.625, 2.3809245396492838e-23, nan 
-160.125, 87.625, 2.1675878520916132e-23, nan 
-159.875, 87.625, 1.9412966041368667e-23, nan 
-159.625, 87.625, 2.3615911700840444e-23, nan 
-159.375, 87.625, 1.8575624285935452e-23, nan 
-159.125, 87.625, 2.192162300350676e-23, nan 
-158.875, 87.625, 2.1038195012535786e-23, nan 
-158.625, 87.625, 2.581797012807122e-23, nan 
-158.375, 87.625, 2.8237985150022394e-23, nan 
-158.125, 87.625, 2.65208633490416e-23, nan 
-157.875, 87.625, 3.111595732677086e-23, nan 
-157.625, 87.625, 3.3900117909548294e-23, nan 
-157.375, 87.625, 3.3726607515311516e-23, nan 
-157.125, 87.625, 3.216756270043576e-23, nan 
-156.875, 87.625, 3.233783371956435e-23, nan 
-156.625, 87.625, 3.257315247603783e-23, nan 
-156.375, 87.625, 3.689657823790396e-23, nan 
-156.125, 87.625, 4.751069182903073e-23, nan 
-155.875, 87.625, 5.863491633379496e-23, nan 
-155.625, 87.625, 6.376783471017493e-23, nan 
-155.375, 87.625, 5.95079566643669e-23, nan 
-155.125, 87.625, 4.9594350247541077e-23, nan 
-154.875, 87.625, 4.082965224594645e-23, nan 
-154.625, 87.625, 3.805011911108058e-23, nan 
-154.375, 87.625, 4.3725587117060926e-23, nan 
-154.125, 87.625, 4.219588008422458e-23, nan 
-153.875, 87.625, 4.307398514198268e-23, nan 
-153.625, 87.625, 4.646377361724655e-23, nan 
-153.375, 87.625, 4.9096590653437255e-23, nan 
-153.125, 87.625, 4.9841164007520986e-23, nan 
-152.875, 87.625, 4.716524300453576e-23, nan 
-152.625, 87.625, 5.341938608987707e-23, nan 
-152.375, 87.625, 6.219991349732153e-23, nan 
-152.125, 87.625, 6.12148396638017e-23, nan 
-151.875, 87.625, 5.940071549209824e-23, nan 
-151.625, 87.625, 5.192361412270004e-23, nan 
-151.375, 87.625, 5.317278945229041e-23, nan 
-151.125, 87.625, 5.053957920250601e-23, nan 
-150.875, 87.625, 4.2959021464586216e-23, nan 
-150.625, 87.625, 3.681018389111749e-23, nan 
-150.375, 87.625, 3.633987235157668e-23, nan 
-150.125, 87.625, 3.774633993372633e-23, nan 
-149.875, 87.625, 4.3751406814653636e-23, nan 
-149.625, 87.625, 5.084940832705043e-23, nan 
-149.375, 87.625, 5.522219197991687e-23, nan 
-149.125, 87.625, 5.481758634144552e-23, nan 
-148.875, 87.625, 3.7681869136472524e-23, nan 
-148.625, 87.625, 3.55496094851657e-23, nan 
-148.375, 87.625, 3.364470298679682e-23, nan 
-148.125, 87.625, 4.043952993873484e-23, nan 
-147.875, 87.625, 6.470099460925119e-23, nan 
-147.625, 87.625, 8.203153534306187e-23, nan 
-147.375, 87.625, 9.537393891656179e-23, nan 
-147.125, 87.625, 1.0373056441212105e-22, nan 
-146.875, 87.625, 1.2118345126577373e-22, nan 
-146.625, 87.625, 5.2056541671842274e-23, nan 
-146.375, 87.625, 7.624899050178285e-23, nan 
-146.125, 87.625, 8.651324189587101e-23, nan 
-145.875, 87.625, 8.904260256759374e-23, nan 
-145.625, 87.625, 9.467097529375014e-23, nan 
-145.375, 87.625, 9.236250577310647e-23, nan 
-145.125, 87.625, 9.557059735788755e-23, nan 
-144.875, 87.625, 9.241225993329135e-23, nan 
-144.625, 87.625, 7.390553907756668e-23, nan 
-144.375, 87.625, 5.596363833726476e-23, nan 
-144.125, 87.625, 4.969808785654739e-23, nan 
-143.875, 87.625, 5.376432845536186e-23, nan 
-143.625, 87.625, 5.770615031643452e-23, nan 
-143.375, 87.625, 5.416952812094651e-23, nan 
-143.125, 87.625, 5.335543400520489e-23, nan 
-142.875, 87.625, 6.005632883360347e-23, nan 
-142.625, 87.625, 5.364505951733505e-23, nan 
-142.375, 87.625, 5.502382122492097e-23, nan 
-142.125, 87.625, 5.1868088139677625e-23, nan 
-141.875, 87.625, 4.958182466903392e-23, nan 
-141.625, 87.625, 6.468520181047081e-23, nan 
-141.375, 87.625, 7.549988933646606e-23, nan 
-141.125, 87.625, 8.189195822861247e-23, nan 
-140.875, 87.625, 8.093839160513785e-23, nan 
-140.625, 87.625, 7.730924221141863e-23, nan 
-140.375, 87.625, 4.7926345858439625e-23, nan 
-140.125, 87.625, 7.090124363168489e-23, nan 
-139.875, 87.625, 8.328039933929483e-23, nan 
-139.625, 87.625, 8.042630331549105e-23, nan 
-139.375, 87.625, 7.757886093358329e-23, nan 
-139.125, 87.625, 6.797570315926117e-23, nan 
-138.875, 87.625, 7.299793205273782e-23, nan 
-138.625, 87.625, 7.350631106585691e-23, nan 
-138.375, 87.625, 5.707590477056368e-23, nan 
-138.125, 87.625, 3.7917358549983587e-23, nan 
-137.875, 87.625, 3.726861391342378e-23, nan 
-137.625, 87.625, 3.7086793357436146e-23, nan 
-137.375, 87.625, 4.4491224406654943e-23, nan 
-137.125, 87.625, 4.195344258379925e-23, nan 
-136.875, 87.625, 3.5370210304991035e-23, nan 
-136.625, 87.625, 3.315879182548792e-23, nan 
-136.375, 87.625, 4.920758160717128e-23, nan 
-136.125, 87.625, 4.3795594444183254e-23, nan 
-135.875, 87.625, 4.6578481494262764e-23, nan 
-135.625, 87.625, 4.206978550190299e-23, nan 
-135.375, 87.625, 2.418053588621334e-23, nan 
-135.125, 87.625, 3.628646973461892e-23, nan 
-134.875, 87.625, 5.17679757931604e-23, nan 
-134.625, 87.625, 6.095180609934191e-23, nan 
-134.375, 87.625, 3.1711226112484383e-23, nan 
-134.125, 87.625, 2.9821558690148074e-23, nan 
-133.875, 87.625, 3.799065821644341e-23, nan 
-133.625, 87.625, 6.63691138830175e-23, nan 
-133.375, 87.625, 5.798361065475676e-23, nan 
-133.125, 87.625, 4.685187192694425e-23, nan 
-132.875, 87.625, 5.1538450972711175e-23, nan 
-132.625, 87.625, 6.976862541773961e-23, nan 
-132.375, 87.625, 9.068614003072823e-23, nan 
-132.125, 87.625, 1.1433693173078493e-22, nan 
-131.875, 87.625, 6.583786881299009e-23, nan 
-131.625, 87.625, 5.788896136769058e-23, nan 
-131.375, 87.625, 6.565071069328501e-23, nan 
-131.125, 87.625, 7.295362255041812e-23, nan 
-130.875, 87.625, 5.883715523927984e-23, nan 
-130.625, 87.625, 4.502484728556771e-23, nan 
-130.375, 87.625, 3.751569004847032e-23, nan 
-130.125, 87.625, 4.0194816726776183e-23, nan 
-129.875, 87.625, 4.115591656684546e-23, nan 
-129.625, 87.625, 5.028076806518213e-23, nan 
-129.375, 87.625, 5.864525386475628e-23, nan 
-129.125, 87.625, 6.116911799712485e-23, nan 
-128.875, 87.625, 6.936490569802859e-23, nan 
-128.625, 87.625, 1.0817007332188831e-22, nan 
-128.375, 87.625, 1.3114939484679097e-22, nan 
-128.125, 87.625, 7.828483446096969e-23, nan 
-127.875, 87.625, 6.405765971998442e-23, nan 
-127.625, 87.625, 8.574385795459402e-23, nan 
-127.375, 87.625, 1.0368200050498528e-22, nan 
-127.125, 87.625, 9.495729360519179e-23, nan 
-126.875, 87.625, 7.529266563567154e-23, nan 
-126.625, 87.625, 7.011713949916372e-23, nan 
-126.375, 87.625, 8.132579858437373e-23, nan 
-126.125, 87.625, 1.0171021507601588e-22, nan 
-125.875, 87.625, 1.0189355237769206e-22, nan 
-125.625, 87.625, 8.6176036680479e-23, nan 
-125.375, 87.625, 8.468737774999138e-23, nan 
-125.125, 87.625, 8.344468335562441e-23, nan 
-124.875, 87.625, 8.401147050139518e-23, nan 
-124.625, 87.625, 8.156628820517416e-23, nan 
-124.375, 87.625, 7.746576337402124e-23, nan 
-124.125, 87.625, 7.961750563896192e-23, nan 
-123.875, 87.625, 7.844347162298457e-23, nan 
-123.625, 87.625, 8.031218593115785e-23, nan 
-123.375, 87.625, 8.506172728044274e-23, nan 
-123.125, 87.625, 9.069361782708461e-23, nan 
-122.875, 87.625, 9.330227927544016e-23, nan 
-122.625, 87.625, 1.0701175900911474e-22, nan 
-122.375, 87.625, 1.2540177190199682e-22, nan 
-122.125, 87.625, 1.376783667877477e-22, nan 
-121.875, 87.625, 1.1264454930622507e-22, nan 
-121.625, 87.625, 1.0489446282869293e-22, nan 
-121.375, 87.625, 1.0883333774277347e-22, nan 
-121.125, 87.625, 1.1746193606186597e-22, nan 
-120.875, 87.625, 1.1402662829031646e-22, nan 
-120.625, 87.625, 1.0573185442978625e-22, nan 
-120.375, 87.625, 9.898644684426897e-23, nan 
-120.125, 87.625, 9.916408594302588e-23, nan 
-119.875, 87.625, 1.266388753741109e-22, nan 
-119.625, 87.625, 1.2601393320295325e-22, nan 
-119.375, 87.625, 1.268617358104192e-22, nan 
-119.125, 87.625, 1.2697464081494158e-22, nan 
-118.875, 87.625, 1.271991526035625e-22, nan 
-118.625, 87.625, 1.2605348031856084e-22, nan 
-118.375, 87.625, 1.245446226075091e-22, nan 
-118.125, 87.625, 1.1992363224903063e-22, nan 
-117.875, 87.625, 1.1116948709686604e-22, nan 
-117.625, 87.625, 9.930247377705773e-23, nan 
-117.375, 87.625, 7.218361253603688e-23, nan 
-117.125, 87.625, 6.033182175584542e-23, nan 
-116.875, 87.625, 5.1549520704734813e-23, nan 
-116.625, 87.625, 4.707761203624328e-23, nan 
-116.375, 87.625, 7.35987658990596e-23, nan 
-116.125, 87.625, 7.282599288066332e-23, nan 
-115.875, 87.625, 7.177800142206101e-23, nan 
-115.625, 87.625, 6.818790525675535e-23, nan 
-115.375, 87.625, 6.710153444917325e-23, nan 
-115.125, 87.625, 5.877888094153278e-23, nan 
-114.875, 87.625, 6.062842856491764e-23, nan 
-114.625, 87.625, 5.63462016026939e-23, nan 
-114.375, 87.625, 6.373500292159131e-23, nan 
-114.125, 87.625, 6.130827209419749e-23, nan 
-113.875, 87.625, 5.2147070270915564e-23, nan 
-113.625, 87.625, 5.364048431443395e-23, nan 
-113.375, 87.625, 5.1641296049022065e-23, nan 
-113.125, 87.625, 4.412015055627922e-23, nan 
-112.875, 87.625, 3.309152818441162e-23, nan 
-112.625, 87.625, 3.3475164300132625e-23, nan 
-112.375, 87.625, 4.0023973499145775e-23, nan 
-112.125, 87.625, 4.283389292196688e-23, nan 
-111.875, 87.625, 4.2156749738713923e-23, nan 
-111.625, 87.625, 3.944088776412206e-23, nan 
-111.375, 87.625, 4.547876440290399e-23, nan 
-111.125, 87.625, 5.757470325150334e-23, nan 
-110.875, 87.625, 7.365830064654138e-23, nan 
-110.625, 87.625, 4.0360405892147035e-23, nan 
-110.375, 87.625, 3.1256583696946717e-23, nan 
-110.125, 87.625, 5.657018349438096e-23, nan 
-109.875, 87.625, 6.859602503900384e-23, nan 
-109.625, 87.625, 7.355528945592083e-23, nan 
-109.375, 87.625, 6.243165976764906e-23, nan 
-109.125, 87.625, 6.673247899730688e-23, nan 
-108.875, 87.625, 8.837723144614338e-23, nan 
-108.625, 87.625, 9.764256801795433e-23, nan 
-108.375, 87.625, 1.0842651860349164e-22, nan 
-108.125, 87.625, 1.0584179671721566e-22, nan 
-107.875, 87.625, 1.060296669292819e-22, nan 
-107.625, 87.625, 1.0704795294229985e-22, nan 
-107.375, 87.625, 9.930875779557156e-23, nan 
-107.125, 87.625, 1.0294780417019409e-22, nan 
-106.875, 87.625, 1.2818188623055666e-22, nan 
-106.625, 87.625, 1.5676207216341387e-22, nan 
-106.375, 87.625, 1.394684873209989e-22, nan 
-106.125, 87.625, 9.888109892229064e-23, nan 
-105.875, 87.625, 7.469998661458881e-23, nan 
-105.625, 87.625, 9.138861072535873e-23, nan 
-105.375, 87.625, 8.735833062279376e-23, nan 
-105.125, 87.625, 7.79648991173404e-23, nan 
-104.875, 87.625, 7.440866747818404e-23, nan 
-104.625, 87.625, 6.878216730161413e-23, nan 
-104.375, 87.625, 3.378766394886694e-23, nan 
-104.125, 87.625, 4.2821262034584786e-23, nan 
-103.875, 87.625, 6.301013935692026e-23, nan 
-103.625, 87.625, 8.674516393404887e-23, nan 
-103.375, 87.625, 9.628013508211217e-23, nan 
-103.125, 87.625, 7.217558332188465e-23, nan 
-102.875, 87.625, 7.92097533051325e-23, nan 
-102.625, 87.625, 1.1314195182325288e-22, nan 
-102.375, 87.625, 1.417205698096454e-22, nan 
-102.125, 87.625, 1.5016792582906208e-22, nan 
-101.875, 87.625, 1.5128924339953422e-22, nan 
-101.625, 87.625, 1.5214610685187834e-22, nan 
-101.375, 87.625, 1.47087659054531e-22, nan 
-101.125, 87.625, 1.2791638983694685e-22, nan 
-100.875, 87.625, 1.4886941225489185e-22, nan 
-100.625, 87.625, 2.0878613211999198e-22, nan 
-100.375, 87.625, 2.6115816637119635e-22, nan 
-100.125, 87.625, 2.5660281589980073e-22, nan 
-99.875, 87.625, 2.0339447374159644e-22, nan 
-99.625, 87.625, 1.7621392166737293e-22, nan 
-99.375, 87.625, 2.0667859187002552e-22, nan 
-99.125, 87.625, 2.0710961561490938e-22, nan 
-98.875, 87.625, 2.0834665537128602e-22, nan 
-98.625, 87.625, 2.127171621301433e-22, nan 
-98.375, 87.625, 1.835577882348077e-22, nan 
-98.125, 87.625, 1.3936274016976942e-22, nan 
-97.875, 87.625, 1.2902100781113142e-22, nan 
-97.625, 87.625, 1.3215969828050669e-22, nan 
-97.375, 87.625, 1.4147845502977005e-22, nan 
-97.125, 87.625, 1.4585772364439214e-22, nan 
-96.875, 87.625, 1.4053331209628614e-22, nan 
-96.625, 87.625, 1.4350673201990557e-22, nan 
-96.375, 87.625, 1.6569864906170654e-22, nan 
-96.125, 87.625, 2.0174619977269606e-22, nan 
-95.875, 87.625, 2.0448612976346716e-22, nan 
-95.625, 87.625, 2.032929977898826e-22, nan 
-95.375, 87.625, 2.059905291373918e-22, nan 
-95.125, 87.625, 2.0100541323225618e-22, nan 
-94.875, 87.625, 1.9606591023332446e-22, nan 
-94.625, 87.625, 2.0017091736399785e-22, nan 
-94.375, 87.625, 2.2072124895109516e-22, nan 
-94.125, 87.625, 2.3598642276823173e-22, nan 
-93.875, 87.625, 2.40647949952061e-22, nan 
-93.625, 87.625, 2.371124734600337e-22, nan 
-93.375, 87.625, 2.2454769777193435e-22, nan 
-93.125, 87.625, 2.3506109732348705e-22, nan 
-92.875, 87.625, 2.211072281719336e-22, nan 
-92.625, 87.625, 2.242886180591193e-22, nan 
-92.375, 87.625, 2.3097230260882783e-22, nan 
-92.125, 87.625, 2.147059611685773e-22, nan 
-91.875, 87.625, 1.9372335547688049e-22, nan 
-91.625, 87.625, 1.810992544020368e-22, nan 
-91.375, 87.625, 1.7072025879994104e-22, nan 
-91.125, 87.625, 1.6707520392817876e-22, nan 
-90.875, 87.625, 1.6106921233389867e-22, nan 
-90.625, 87.625, 1.5590911530121413e-22, nan 
-90.375, 87.625, 1.5298518189953922e-22, nan 
-90.125, 87.625, 1.609475324245738e-22, nan 
-89.875, 87.625, 2.1147109682342955e-22, nan 
-89.625, 87.625, 2.0183988449940353e-22, nan 
-89.375, 87.625, 1.931254268207796e-22, nan 
-89.125, 87.625, 1.801155993946752e-22, nan 
-88.875, 87.625, 1.7414912911605292e-22, nan 
-88.625, 87.625, 1.6927073992459867e-22, nan 
-88.375, 87.625, 1.6469771474055594e-22, nan 
-88.125, 87.625, 1.4929797390271328e-22, nan 
-87.875, 87.625, 1.3608230202438446e-22, nan 
-87.625, 87.625, 1.1598508927694995e-22, nan 
-87.375, 87.625, 9.045814210600187e-23, nan 
-87.125, 87.625, 8.382116976863324e-23, nan 
-86.875, 87.625, 8.148416747362226e-23, nan 
-86.625, 87.625, 7.977652257523223e-23, nan 
-86.375, 87.625, 8.764021139892429e-23, nan 
-86.125, 87.625, 1.341121642428512e-22, nan 
-85.875, 87.625, 1.5472220081277238e-22, nan 
-85.625, 87.625, 1.4587396703365173e-22, nan 
-85.375, 87.625, 1.2186369012437054e-22, nan 
-85.125, 87.625, 9.509995148732341e-23, nan 
-84.875, 87.625, 9.412786538506505e-23, nan 
-84.625, 87.625, 8.137625107655951e-23, nan 
-84.375, 87.625, 9.406004016706118e-23, nan 
-84.125, 87.625, 7.357571426420375e-23, nan 
-83.875, 87.625, 8.79731041924182e-23, nan 
-83.625, 87.625, 1.0151083885228164e-22, nan 
-83.375, 87.625, 9.033473365139788e-23, nan 
-83.125, 87.625, 8.568283784277677e-23, nan 
-82.875, 87.625, 8.50062139028609e-23, nan 
-82.625, 87.625, 9.682218834716815e-23, nan 
-82.375, 87.625, 9.706392454977459e-23, nan 
-82.125, 87.625, 1.0424704761679414e-22, nan 
-81.875, 87.625, 1.4540431747341509e-22, nan 
-81.625, 87.625, 1.016750996340287e-22, nan 
-81.375, 87.625, 1.0719379224883427e-22, nan 
-81.125, 87.625, 1.2220177980409801e-22, nan 
-80.875, 87.625, 1.303486820336033e-22, nan 
-80.625, 87.625, 1.4184489243895557e-22, nan 
-80.375, 87.625, 1.470635373420578e-22, nan 
-80.125, 87.625, 1.4365899590446457e-22, nan 
-79.875, 87.625, 1.4727293096689896e-22, nan 
-79.625, 87.625, 1.9794785294901167e-22, nan 
-79.375, 87.625, 1.9517743867468533e-22, nan 
-79.125, 87.625, 1.8697011550741035e-22, nan 
-78.875, 87.625, 1.7954431298619876e-22, nan 
-78.625, 87.625, 1.8609573726629132e-22, nan 
-78.375, 87.625, 1.6666030937884956e-22, nan 
-78.125, 87.625, 1.612026545048725e-22, nan 
-77.875, 87.625, 1.1478328093449572e-22, nan 
-77.625, 87.625, 1.770542276278805e-22, nan 
-77.375, 87.625, 1.3344225395164111e-22, nan 
-77.125, 87.625, 1.6169450433221913e-22, nan 
-76.875, 87.625, 1.76445357387002e-22, nan 
-76.625, 87.625, 1.7604642522346507e-22, nan 
-76.375, 87.625, 1.8375370839078564e-22, nan 
-76.125, 87.625, 1.5541331296275348e-22, nan 
-75.875, 87.625, 1.4407484817387422e-22, nan 
-75.625, 87.625, 1.3252473011149384e-22, nan 
-75.375, 87.625, 1.372907411207399e-22, nan 
-75.125, 87.625, 1.3687381819230286e-22, nan 
-74.875, 87.625, 1.312299428901858e-22, nan 
-74.625, 87.625, 1.2416471534135888e-22, nan 
-74.375, 87.625, 1.5919197437622073e-22, nan 
-74.125, 87.625, 1.9920195359043809e-22, nan 
-73.875, 87.625, 2.183362209462094e-22, nan 
-73.625, 87.625, 1.7536583146679672e-22, nan 
-73.375, 87.625, 1.2235710541762815e-22, nan 
-73.125, 87.625, 1.1579735238567002e-22, nan 
-72.875, 87.625, 1.209448406494412e-22, nan 
-72.625, 87.625, 1.4913130299331585e-22, nan 
-72.375, 87.625, 1.6284253042397577e-22, nan 
-72.125, 87.625, 2.0597183149267547e-22, nan 
-71.875, 87.625, 2.2748860524017154e-22, nan 
-71.625, 87.625, 2.3474524051813463e-22, nan 
-71.375, 87.625, 2.266008815663445e-22, nan 
-71.125, 87.625, 2.2144535532881205e-22, nan 
-70.875, 87.625, 2.183846344482874e-22, nan 
-70.625, 87.625, 1.9763836964334635e-22, nan 
-70.375, 87.625, 1.7554098040127383e-22, nan 
-70.125, 87.625, 1.8258504125194723e-22, nan 
-69.875, 87.625, 1.4528243703793925e-22, nan 
-69.625, 87.625, 1.4247806864458488e-22, nan 
-69.375, 87.625, 1.4608546380091507e-22, nan 
-69.125, 87.625, 1.4986801336276076e-22, nan 
-68.875, 87.625, 1.4709637456371922e-22, nan 
-68.625, 87.625, 1.4920676046774414e-22, nan 
-68.375, 87.625, 1.7170274342654224e-22, nan 
-68.125, 87.625, 2.6669192002629064e-22, nan 
-67.875, 87.625, 3.1960914409862867e-22, nan 
-67.625, 87.625, 3.2695914678710006e-22, nan 
-67.375, 87.625, 3.446494651187307e-22, nan 
-67.125, 87.625, 2.884658584291845e-22, nan 
-66.875, 87.625, 2.359572295953302e-22, nan 
-66.625, 87.625, 1.8782141439074937e-22, nan 
-66.375, 87.625, 1.7103759524031988e-22, nan 
-66.125, 87.625, 1.644406813985535e-22, nan 
-65.875, 87.625, 1.4117656023107103e-22, nan 
-65.625, 87.625, 1.2726995223808105e-22, nan 
-65.375, 87.625, 1.3061374048069676e-22, nan 
-65.125, 87.625, 1.3778781313951736e-22, nan 
-64.875, 87.625, 1.5169931779948296e-22, nan 
-64.625, 87.625, 1.7988045408565162e-22, nan 
-64.375, 87.625, 1.9659570524202013e-22, nan 
-64.125, 87.625, 1.8021526305607552e-22, nan 
-63.875, 87.625, 1.7006440582741606e-22, nan 
-63.625, 87.625, 1.8697949423739166e-22, nan 
-63.375, 87.625, 2.1449628970652864e-22, nan 
-63.125, 87.625, 2.3267202501085285e-22, nan 
-62.875, 87.625, 2.027894457716368e-22, nan 
-62.625, 87.625, 2.0217043922120613e-22, nan 
-62.375, 87.625, 2.0956562913216446e-22, nan 
-62.125, 87.625, 2.3735139836289005e-22, nan 
-61.875, 87.625, 2.5973473557820236e-22, nan 
-61.625, 87.625, 2.8209552459289174e-22, nan 
-61.375, 87.625, 2.8783732200480116e-22, nan 
-61.125, 87.625, 2.667905115654069e-22, nan 
-60.875, 87.625, 2.122544324760811e-22, nan 
-60.625, 87.625, 1.3597592095507962e-22, nan 
-60.375, 87.625, 2.199349720006732e-22, nan 
-60.125, 87.625, 3.0696386341019783e-22, nan 
-59.875, 87.625, 3.580514443817234e-22, nan 
-59.625, 87.625, 2.8611822652624326e-22, nan 
-59.375, 87.625, 2.92430236202729e-22, nan 
-59.125, 87.625, 2.491202042693511e-22, nan 
-58.875, 87.625, 2.7300532401269626e-22, nan 
-58.625, 87.625, 3.268741677818476e-22, nan 
-58.375, 87.625, 2.9675241693819525e-22, nan 
-58.125, 87.625, 3.3225224240178206e-22, nan 
-57.875, 87.625, 3.3737859769793457e-22, nan 
-57.625, 87.625, 3.371577685198478e-22, nan 
-57.375, 87.625, 3.414622034884399e-22, nan 
-57.125, 87.625, 3.0358843233751224e-22, nan 
-56.875, 87.625, 3.5334253777857196e-22, nan 
-56.625, 87.625, 2.777491042087654e-22, nan 
-56.375, 87.625, 2.9973833347181676e-22, nan 
-56.125, 87.625, 3.2524589761668926e-22, nan 
-55.875, 87.625, 3.096545668651093e-22, nan 
-55.625, 87.625, 2.940168055917699e-22, nan 
-55.375, 87.625, 2.9168701941490927e-22, nan 
-55.125, 87.625, 2.8064555971520966e-22, nan 
-54.875, 87.625, 2.5068939993199994e-22, nan 
-54.625, 87.625, 2.4237525571375097e-22, nan 
-54.375, 87.625, 2.370743679351263e-22, nan 
-54.125, 87.625, 3.57638148196471e-22, nan 
-53.875, 87.625, 4.855164953700467e-22, nan 
-53.625, 87.625, 5.154173482539025e-22, nan 
-53.375, 87.625, 2.9936020625206e-22, nan 
-53.125, 87.625, 2.84791111036242e-22, nan 
-52.875, 87.625, 2.521866393247472e-22, nan 
-52.625, 87.625, 2.6800785328087847e-22, nan 
-52.375, 87.625, 4.252721254362855e-22, nan 
-52.125, 87.625, 3.979374200948171e-22, nan 
-51.875, 87.625, 4.302344376180885e-22, nan 
-51.625, 87.625, 4.952480160410314e-22, nan 
-51.375, 87.625, 5.600086572969018e-22, nan 
-51.125, 87.625, 5.8370738868132555e-22, nan 
-50.875, 87.625, 5.33829247266516e-22, nan 
-50.625, 87.625, 5.212109044870126e-22, nan 
-50.375, 87.625, 3.582887001229601e-22, nan 
-50.125, 87.625, 3.2146875772882853e-22, nan 
-49.875, 87.625, 3.0977002880373743e-22, nan 
-49.625, 87.625, 3.337229633781189e-22, nan 
-49.375, 87.625, 3.3588110111769184e-22, nan 
-49.125, 87.625, 3.5930698448674497e-22, nan 
-48.875, 87.625, 3.4442457713167103e-22, nan 
-48.625, 87.625, 2.5820117786802184e-22, nan 
-48.375, 87.625, 2.2018864407601233e-22, nan 
-48.125, 87.625, 2.1936265270466046e-22, nan 
-47.875, 87.625, 2.148135241984768e-22, nan 
-47.625, 87.625, 2.9153947692277424e-22, nan 
-47.375, 87.625, 3.582649897322147e-22, nan 
-47.125, 87.625, 3.486876402788663e-22, nan 
-46.875, 87.625, 3.791387627965216e-22, nan 
-46.625, 87.625, 2.872264470407827e-22, nan 
-46.375, 87.625, 2.4907618040386036e-22, nan 
-46.125, 87.625, 3.269754221802059e-22, nan 
-45.875, 87.625, 2.7940479010152806e-22, nan 
-45.625, 87.625, 2.1195064325771607e-22, nan 
-45.375, 87.625, 1.4615101399914455e-22, nan 
-45.125, 87.625, 2.963140176872613e-22, nan 
-44.875, 87.625, 4.397723203847755e-22, nan 
-44.625, 87.625, 4.327194641512955e-22, nan 
-44.375, 87.625, 1.9609198717016266e-22, nan 
-44.125, 87.625, 2.5491493496050942e-22, nan 
-43.875, 87.625, 2.6658763691765084e-22, nan 
-43.625, 87.625, 2.0575922450443218e-22, nan 
-43.375, 87.625, 3.101699431697795e-22, nan 
-43.125, 87.625, 3.0308195998061433e-22, nan 
-42.875, 87.625, 2.4807307107450296e-22, nan 
-42.625, 87.625, 2.331619466156706e-22, nan 
-42.375, 87.625, 1.8567503631720564e-22, nan 
-42.125, 87.625, 1.7738316693508758e-22, nan 
-41.875, 87.625, 2.2390308940230315e-22, nan 
-41.625, 87.625, 2.5198376150093603e-22, nan 
-41.375, 87.625, 2.6951380594902026e-22, nan 
-41.125, 87.625, 2.6997525493887926e-22, nan 
-40.875, 87.625, 3.1644890761491794e-22, nan 
-40.625, 87.625, 3.763093004249113e-22, nan 
-40.375, 87.625, 5.485315349857059e-22, nan 
-40.125, 87.625, 6.898033586848216e-22, nan 
-39.875, 87.625, 4.259104546874771e-22, nan 
-39.625, 87.625, 3.2527150498438643e-22, nan 
-39.375, 87.625, 3.365670978012267e-22, nan 
-39.125, 87.625, 3.4426842625381237e-22, nan 
-38.875, 87.625, 4.345996100187689e-22, nan 
-38.625, 87.625, 4.957730665286536e-22, nan 
-38.375, 87.625, 4.504970410121959e-22, nan 
-38.125, 87.625, 6.282793256430849e-22, nan 
-37.875, 87.625, 5.712802392278724e-22, nan 
-37.625, 87.625, 4.690228958255431e-22, nan 
-37.375, 87.625, 3.0938984207164066e-22, nan 
-37.125, 87.625, 2.615155086749341e-22, nan 
-36.875, 87.625, 2.5641366313948165e-22, nan 
-36.625, 87.625, 2.1547173118782305e-22, nan 
-36.375, 87.625, 1.881474056475231e-22, nan 
-36.125, 87.625, 4.786441655013782e-22, nan 
-35.875, 87.625, 1.9901487091210273e-22, nan 
-35.625, 87.625, 1.564272487699523e-22, nan 
-35.375, 87.625, 1.936911286675512e-22, nan 
-35.125, 87.625, 2.5794904320130626e-22, nan 
-34.875, 87.625, 2.5157149163963627e-22, nan 
-34.625, 87.625, 1.3179537554003908e-22, nan 
-34.375, 87.625, 2.0873432103407053e-22, nan 
-34.125, 87.625, 8.970572677451541e-23, nan 
-33.875, 87.625, 1.1152300853968108e-22, nan 
-33.625, 87.625, 9.974910169316851e-23, nan 
-33.375, 87.625, 1.1044670834535456e-22, nan 
-33.125, 87.625, 1.3864041982222353e-22, nan 
-32.875, 87.625, 1.9939568859630856e-22, nan 
-32.625, 87.625, 2.254742307455501e-22, nan 
-32.375, 87.625, 2.3813774277179582e-22, nan 
-32.125, 87.625, 1.3429206178475706e-22, nan 
-31.875, 87.625, 2.396345898385319e-22, nan 
-31.625, 87.625, 3.1468205830524135e-22, nan 
-31.375, 87.625, 2.5396282385269865e-22, nan 
-31.125, 87.625, 2.961026743834967e-22, nan 
-30.875, 87.625, 4.770788276540836e-22, nan 
-30.625, 87.625, 9.550421582438897e-22, nan 
-30.375, 87.625, 1.104538229957795e-21, nan 
-30.125, 87.625, 1.0121077601020362e-21, nan 
-29.875, 87.625, 6.7697395724460565e-22, nan 
-29.625, 87.625, 5.218905325593323e-22, nan 
-29.375, 87.625, 4.817524553194814e-22, nan 
-29.125, 87.625, 4.084173903735516e-22, nan 
-28.875, 87.625, 3.641250743811165e-22, nan 
-28.625, 87.625, 2.9260534822410487e-22, nan 
-28.375, 87.625, 2.2839955179711434e-22, nan 
-28.125, 87.625, 2.127077376325206e-22, nan 
-27.875, 87.625, 4.1363546191186206e-22, nan 
-27.625, 87.625, 5.839435491898193e-22, nan 
-27.375, 87.625, 8.955658772492037e-22, nan 
-27.125, 87.625, 1.1419853978116702e-21, nan 
-26.875, 87.625, 1.1188591827714755e-21, nan 
-26.625, 87.625, 8.18159284314064e-22, nan 
-26.375, 87.625, 6.467276318758782e-22, nan 
-26.125, 87.625, 5.7992993340186895e-22, nan 
-25.875, 87.625, 3.380518437320382e-22, nan 
-25.625, 87.625, 2.983972060823366e-22, nan 
-25.375, 87.625, 3.97242913466337e-22, nan 
-25.125, 87.625, 5.506809255153413e-22, nan 
-24.875, 87.625, 7.914169663406154e-22, nan 
-24.625, 87.625, 6.419864254313854e-22, nan 
-24.375, 87.625, 3.499858999685423e-22, nan 
-24.125, 87.625, 3.919324037560183e-22, nan 
-23.875, 87.625, 4.6765449895955805e-22, nan 
-23.625, 87.625, 6.873097632229903e-22, nan 
-23.375, 87.625, 6.299109069409556e-22, nan 
-23.125, 87.625, 4.0318947362334024e-22, nan 
-22.875, 87.625, 4.526918517474816e-22, nan 
-22.625, 87.625, 4.439381568351983e-22, nan 
-22.375, 87.625, 3.9677580644552413e-22, nan 
-22.125, 87.625, 4.232338181594312e-22, nan 
-21.875, 87.625, 3.6736784215084723e-22, nan 
-21.625, 87.625, 3.429679928643303e-22, nan 
-21.375, 87.625, 2.6071995501695047e-22, nan 
-21.125, 87.625, 5.337782275913172e-22, nan 
-20.875, 87.625, 7.274364734613641e-22, nan 
-20.625, 87.625, 7.917587949712555e-22, nan 
-20.375, 87.625, 6.4545257957857215e-22, nan 
-20.125, 87.625, 5.083074000576706e-22, nan 
-19.875, 87.625, 4.340810442514763e-22, nan 
-19.625, 87.625, 3.441749418468413e-22, nan 
-19.375, 87.625, 3.3066197896790816e-22, nan 
-19.125, 87.625, 3.3333537496138428e-22, nan 
-18.875, 87.625, 3.072558316945573e-22, nan 
-18.625, 87.625, 4.616976164065204e-22, nan 
-18.375, 87.625, 4.929855379729818e-22, nan 
-18.125, 87.625, 4.507443555788098e-22, nan 
-17.875, 87.625, 5.060917767449715e-22, nan 
-17.625, 87.625, 5.197085881083606e-22, nan 
-17.375, 87.625, 4.855327810980823e-22, nan 
-17.125, 87.625, 4.1759358570912037e-22, nan 
-16.875, 87.625, 3.8605342516007405e-22, nan 
-16.625, 87.625, 4.402114704333902e-22, nan 
-16.375, 87.625, 3.216744888509618e-22, nan 
-16.125, 87.625, 3.7455746370315126e-22, nan 
-15.875, 87.625, 3.680380170981106e-22, nan 
-15.625, 87.625, 2.9457690644821026e-22, nan 
-15.375, 87.625, 2.4460586183790425e-22, nan 
-15.125, 87.625, 1.7824693119361979e-22, nan 
-14.875, 87.625, 4.363121234984349e-22, nan 
-14.625, 87.625, 7.350921668648922e-22, nan 
-14.375, 87.625, 1.1393281895513839e-21, nan 
-14.125, 87.625, 8.348019294750265e-22, nan 
-13.875, 87.625, 6.753507314265765e-22, nan 
-13.625, 87.625, 5.27374410119633e-22, nan 
-13.375, 87.625, 5.031228827581487e-22, nan 
-13.125, 87.625, 5.731000221423065e-22, nan 
-12.875, 87.625, 6.347900426237803e-22, nan 
-12.625, 87.625, 6.691269374961001e-22, nan 
-12.375, 87.625, 8.759358978521584e-22, nan 
-12.125, 87.625, 9.384531176332686e-22, nan 
-11.875, 87.625, 8.811719311567982e-22, nan 
-11.625, 87.625, 7.478973507494714e-22, nan 
-11.375, 87.625, 6.056424093766665e-22, nan 
-11.125, 87.625, 4.572464039832479e-22, nan 
-10.875, 87.625, 4.717550397417166e-22, nan 
-10.625, 87.625, 6.4190941368842445e-22, nan 
-10.375, 87.625, 7.807787650865333e-22, nan 
-10.125, 87.625, 9.364502103605308e-22, nan 
-9.875, 87.625, 6.007946783295694e-22, nan 
-9.625, 87.625, 4.532313634858017e-22, nan 
-9.375, 87.625, 3.802082413518167e-22, nan 
-9.125, 87.625, 3.516688159393917e-22, nan 
-8.875, 87.625, 3.51468762560791e-22, nan 
-8.625, 87.625, 3.274096700187254e-22, nan 
-8.375, 87.625, 3.1888489649207936e-22, nan 
-8.125, 87.625, 3.0713670325361943e-22, nan 
-7.875, 87.625, 2.871206036123603e-22, nan 
-7.625, 87.625, 2.7480979502141424e-22, nan 
-7.375, 87.625, 2.373656917082565e-22, nan 
-7.125, 87.625, 2.2729104297921326e-22, nan 
-6.875, 87.625, 3.435871447129659e-22, nan 
-6.625, 87.625, 4.817682444156386e-22, nan 
-6.375, 87.625, 6.114286901072848e-22, nan 
-6.125, 87.625, 8.217293994497801e-22, nan 
-5.875, 87.625, 8.409645180687182e-22, nan 
-5.625, 87.625, 7.389875665970885e-22, nan 
-5.375, 87.625, 5.938486818504328e-22, nan 
-5.125, 87.625, 4.373054004993098e-22, nan 
-4.875, 87.625, 2.5963279483775785e-22, nan 
-4.625, 87.625, 1.4626002151881685e-22, nan 
-4.375, 87.625, 2.571988766014414e-22, nan 
-4.125, 87.625, 3.0902977980476056e-22, nan 
-3.875, 87.625, 2.303425009414112e-22, nan 
-3.625, 87.625, 2.44591087956893e-22, nan 
-3.375, 87.625, 2.472430348440759e-22, nan 
-3.125, 87.625, 1.5244645676336616e-22, nan 
-2.875, 87.625, 2.197092711219611e-22, nan 
-2.625, 87.625, 5.525584544490503e-22, nan 
-2.375, 87.625, 2.8303075663186918e-22, nan 
-2.125, 87.625, 4.791519492505164e-22, nan 
-1.875, 87.625, 4.543142544653998e-22, nan 
-1.625, 87.625, 4.1123727202139123e-22, nan 
-1.375, 87.625, 4.486994724546984e-22, nan 
-1.125, 87.625, 3.220178920979514e-22, nan 
-0.875, 87.625, 6.519945754767134e-22, nan 
-0.625, 87.625, 6.489444147052947e-22, nan 
-0.375, 87.625, 5.734613250679731e-22, nan 
-0.125, 87.625, 4.833951036150187e-22, nan 
0.125, 87.625, 5.931949403555434e-22, nan 
0.375, 87.625, 8.3970255488832675e-22, nan 
0.625, 87.625, 1.0419954188557716e-21, nan 
0.875, 87.625, 1.1131485061766092e-21, nan 
1.125, 87.625, 1.0340738570317247e-21, nan 
1.375, 87.625, 9.250635616733649e-22, nan 
1.625, 87.625, 8.616972805668494e-22, nan 
1.875, 87.625, 5.548475844439604e-22, nan 
2.125, 87.625, 4.415559655826764e-22, nan 
2.375, 87.625, 3.314170410019018e-22, nan 
2.625, 87.625, 2.6143997110833133e-22, nan 
2.875, 87.625, 2.1877568046758143e-22, nan 
3.125, 87.625, 2.1478426267960575e-22, nan 
3.375, 87.625, 2.615766805009403e-22, nan 
3.625, 87.625, 3.308880627714636e-22, nan 
3.875, 87.625, 3.251144772004967e-22, nan 
4.125, 87.625, 3.5458327023894984e-22, nan 
4.375, 87.625, 3.6690374773371243e-22, nan 
4.625, 87.625, 3.7508764102657705e-22, nan 
4.875, 87.625, 4.195831633401332e-22, nan 
5.125, 87.625, 3.8856506220133217e-22, nan 
5.375, 87.625, 4.203510332539741e-22, nan 
5.625, 87.625, 4.609837103379892e-22, nan 
5.875, 87.625, 6.169408216244891e-22, nan 
6.125, 87.625, 5.063187273173074e-22, nan 
6.375, 87.625, 4.1809968117064446e-22, nan 
6.625, 87.625, 6.260497204639239e-22, nan 
6.875, 87.625, 7.237808431241854e-22, nan 
7.125, 87.625, 7.305787014896305e-22, nan 
7.375, 87.625, 7.286293345641161e-22, nan 
7.625, 87.625, 6.084161709530681e-22, nan 
7.875, 87.625, 5.934892310206191e-22, nan 
8.125, 87.625, 5.7977466471417525e-22, nan 
8.375, 87.625, 4.364608326150167e-22, nan 
8.625, 87.625, 3.4705938816986055e-22, nan 
8.875, 87.625, 3.0333596389945107e-22, nan 
9.125, 87.625, 2.886513577014776e-22, nan 
9.375, 87.625, 2.810349652930171e-22, nan 
9.625, 87.625, 1.8546445820548002e-22, nan 
9.875, 87.625, 1.6148886364544426e-22, nan 
10.125, 87.625, 1.8755807692991584e-22, nan 
10.375, 87.625, 2.1749265791584535e-22, nan 
10.625, 87.625, 1.8794010583106786e-22, nan 
10.875, 87.625, 1.5011897106070436e-22, nan 
11.125, 87.625, 1.2941038369913182e-22, nan 
11.375, 87.625, 2.1043993537845837e-22, nan 
11.625, 87.625, 4.564178698700848e-22, nan 
11.875, 87.625, 6.760089860265937e-22, nan 
12.125, 87.625, 7.550279424747886e-22, nan 
12.375, 87.625, 9.237760826637427e-22, nan 
12.625, 87.625, 4.919776429343571e-22, nan 
12.875, 87.625, 3.7082196977125166e-22, nan 
13.125, 87.625, 4.0113989882972056e-22, nan 
13.375, 87.625, 3.2232240725621357e-22, nan 
13.625, 87.625, 4.442164088032731e-22, nan 
13.875, 87.625, 2.886361891290955e-22, nan 
14.125, 87.625, 4.2312875143629947e-22, nan 
14.375, 87.625, 3.972269992328305e-22, nan 
14.625, 87.625, 3.654113357304146e-22, nan 
14.875, 87.625, 3.710803143962025e-22, nan 
15.125, 87.625, 3.7779850566094905e-22, nan 
15.375, 87.625, 3.914830701763561e-22, nan 
15.625, 87.625, 3.917884002677876e-22, nan 
15.875, 87.625, 2.7603332806732344e-22, nan 
16.125, 87.625, 4.314473130725243e-22, nan 
16.375, 87.625, 3.79932852012831e-22, nan 
16.625, 87.625, 3.647071246412309e-22, nan 
16.875, 87.625, 2.929667495450001e-22, nan 
17.125, 87.625, 2.37855076327272e-22, nan 
17.375, 87.625, 1.5777712013531637e-22, nan 
17.625, 87.625, 1.6006820227957556e-22, nan 
17.875, 87.625, 2.6977904269287346e-22, nan 
18.125, 87.625, 3.976090575297352e-22, nan 
18.375, 87.625, 4.615323129959609e-22, nan 
18.625, 87.625, 5.40297939690369e-22, nan 
18.875, 87.625, 1.6514794606450976e-22, nan 
19.125, 87.625, 1.9515806618322003e-22, nan 
19.375, 87.625, 2.641111624395563e-22, nan 
19.625, 87.625, 3.5713675569054376e-22, nan 
19.875, 87.625, 3.659860915809289e-22, nan 
20.125, 87.625, 2.639204391900169e-22, nan 
20.375, 87.625, 2.9514494475666737e-22, nan 
20.625, 87.625, 3.3663012681101746e-22, nan 
20.875, 87.625, 3.2790027556403416e-22, nan 
21.125, 87.625, 2.952958867810842e-22, nan 
21.375, 87.625, 2.9992688582008165e-22, nan 
21.625, 87.625, 3.2752784422248857e-22, nan 
21.875, 87.625, 3.3626774050274986e-22, nan 
22.125, 87.625, 3.355068935103395e-22, nan 
22.375, 87.625, 3.266755407428868e-22, nan 
22.625, 87.625, 2.877658615668905e-22, nan 
22.875, 87.625, 2.80966364021488e-22, nan 
23.125, 87.625, 2.480340179082776e-22, nan 
23.375, 87.625, 2.1329530486392715e-22, nan 
23.625, 87.625, 1.7221049271332027e-22, nan 
23.875, 87.625, 1.4606953341170584e-22, nan 
24.125, 87.625, 1.3748572129468214e-22, nan 
24.375, 87.625, 1.271857339925588e-22, nan 
24.625, 87.625, 1.4855847293720278e-22, nan 
24.875, 87.625, 1.497102994978712e-22, nan 
25.125, 87.625, 1.0821842656935912e-22, nan 
25.375, 87.625, 1.1035440660271913e-22, nan 
25.625, 87.625, 2.316531676202989e-22, nan 
25.875, 87.625, 4.71905176184465e-22, nan 
26.125, 87.625, 2.7877733734645847e-22, nan 
26.375, 87.625, 2.0976109583339818e-22, nan 
26.625, 87.625, 3.278720656640393e-22, nan 
26.875, 87.625, 3.3675827844192576e-22, nan 
27.125, 87.625, 2.7320809973059184e-22, nan 
27.375, 87.625, 2.1459081755872556e-22, nan 
27.625, 87.625, 2.0027915886962106e-22, nan 
27.875, 87.625, 2.0752411188901344e-22, nan 
28.125, 87.625, 2.0004995248533686e-22, nan 
28.375, 87.625, 2.0250593729649492e-22, nan 
28.625, 87.625, 1.9315263111146895e-22, nan 
28.875, 87.625, 1.794696353280837e-22, nan 
29.125, 87.625, 1.6833802367772668e-22, nan 
29.375, 87.625, 1.4850645595142273e-22, nan 
29.625, 87.625, 1.3658159611057009e-22, nan 
29.875, 87.625, 1.2448545973830674e-22, nan 
30.125, 87.625, 1.172170719301704e-22, nan 
30.375, 87.625, 1.115102951909201e-22, nan 
30.625, 87.625, 7.590619117946422e-23, nan 
30.875, 87.625, 7.716347772666015e-23, nan 
31.125, 87.625, 8.365744905493538e-23, nan 
31.375, 87.625, 8.845393203360078e-23, nan 
31.625, 87.625, 1.0449485494545637e-22, nan 
31.875, 87.625, 1.6671457223591458e-22, nan 
32.125, 87.625, 2.718259738488926e-22, nan 
32.375, 87.625, 1.8953488239729807e-22, nan 
32.625, 87.625, 1.077326072573242e-22, nan 
32.875, 87.625, 9.374150903089912e-23, nan 
33.125, 87.625, 9.584332473504052e-23, nan 
33.375, 87.625, 9.809167777345267e-23, nan 
33.625, 87.625, 1.0270426349167653e-22, nan 
33.875, 87.625, 1.0149744859675218e-22, nan 
34.125, 87.625, 8.480057740458414e-23, nan 
34.375, 87.625, 3.5656864778006486e-23, nan 
34.625, 87.625, 6.758705528086619e-23, nan 
34.875, 87.625, 7.51950422789835e-23, nan 
35.125, 87.625, 6.133806574177511e-23, nan 
35.375, 87.625, 4.783582157959236e-23, nan 
35.625, 87.625, 6.332034482313125e-23, nan 
35.875, 87.625, 1.0059202742884443e-22, nan 
36.125, 87.625, 9.597734468684046e-23, nan 
36.375, 87.625, 9.235581411678089e-23, nan 
36.625, 87.625, 8.889144757634202e-23, nan 
36.875, 87.625, 7.588170221366998e-23, nan 
37.125, 87.625, 7.418184794630084e-23, nan 
37.375, 87.625, 6.76118073529857e-23, nan 
37.625, 87.625, 7.206602365578392e-23, nan 
37.875, 87.625, 7.639240513388078e-23, nan 
38.125, 87.625, 7.657848056634456e-23, nan 
38.375, 87.625, 8.432338202070968e-23, nan 
38.625, 87.625, 6.839330360871649e-23, nan 
38.875, 87.625, 6.398920498225514e-23, nan 
39.125, 87.625, 6.78771699791936e-23, nan 
39.375, 87.625, 7.046096856390652e-23, nan 
39.625, 87.625, 1.0331328183309552e-22, nan 
39.875, 87.625, 1.4550692784797896e-22, nan 
40.125, 87.625, 1.5477571701829082e-22, nan 
40.375, 87.625, 1.5923402961955028e-22, nan 
40.625, 87.625, 1.6034510250022755e-22, nan 
40.875, 87.625, 1.5972287046276426e-22, nan 
41.125, 87.625, 1.6080681682027534e-22, nan 
41.375, 87.625, 1.6021967394010663e-22, nan 
41.625, 87.625, 1.5326432694783191e-22, nan 
41.875, 87.625, 1.417655098680626e-22, nan 
42.125, 87.625, 1.0663510861656718e-22, nan 
42.375, 87.625, 1.1840215408754768e-22, nan 
42.625, 87.625, 1.5958575223681746e-22, nan 
42.875, 87.625, 1.5389187125878115e-22, nan 
43.125, 87.625, 1.4581692478450702e-22, nan 
43.375, 87.625, 1.3541202873167877e-22, nan 
43.625, 87.625, 1.1858259437910684e-22, nan 
43.875, 87.625, 8.146660714633584e-23, nan 
44.125, 87.625, 5.932959080705242e-23, nan 
44.375, 87.625, 6.577234608457028e-23, nan 
44.625, 87.625, 8.396725504393772e-23, nan 
44.875, 87.625, 6.747784909281737e-23, nan 
45.125, 87.625, 4.840724733155698e-23, nan 
45.375, 87.625, 4.08358648283604e-23, nan 
45.625, 87.625, 3.566666929950792e-23, nan 
45.875, 87.625, 4.4150337521242667e-23, nan 
46.125, 87.625, 3.1954865466573496e-23, nan 
46.375, 87.625, 1.1750228354439544e-22, nan 
46.625, 87.625, 1.5230829771663578e-22, nan 
46.875, 87.625, 1.7000233361059628e-22, nan 
47.125, 87.625, 1.8779971023783447e-22, nan 
47.375, 87.625, 2.115930513761822e-22, nan 
47.625, 87.625, 2.2825209388244123e-22, nan 
47.875, 87.625, 2.5011447307112153e-22, nan 
48.125, 87.625, 2.7567179349732146e-22, nan 
48.375, 87.625, 2.211859618728649e-22, nan 
48.625, 87.625, 1.7048591003088034e-22, nan 
48.875, 87.625, 1.4555926910791389e-22, nan 
49.125, 87.625, 1.3366688929034924e-22, nan 
49.375, 87.625, 1.291040792179355e-22, nan 
49.625, 87.625, 1.2264551774154407e-22, nan 
49.875, 87.625, 1.0891003117638103e-22, nan 
50.125, 87.625, 7.916370580758049e-23, nan 
50.375, 87.625, 7.138361975060192e-23, nan 
50.625, 87.625, 9.446367333272874e-23, nan 
50.875, 87.625, 9.725121311576762e-23, nan 
51.125, 87.625, 8.198745361850167e-23, nan 
51.375, 87.625, 6.819709383177296e-23, nan 
51.625, 87.625, 8.649780756116673e-23, nan 
51.875, 87.625, 9.10021306024695e-23, nan 
52.125, 87.625, 9.657432462783134e-23, nan 
52.375, 87.625, 9.05932316350454e-23, nan 
52.625, 87.625, 1.0246521812842783e-22, nan 
52.875, 87.625, 1.1859050767544751e-22, nan 
53.125, 87.625, 1.3628679975254023e-22, nan 
53.375, 87.625, 1.615037552389754e-22, nan 
53.625, 87.625, 1.9593169827326033e-22, nan 
53.875, 87.625, 2.2035129667574605e-22, nan 
54.125, 87.625, 2.5786881117104476e-22, nan 
54.375, 87.625, 3.087710323193763e-22, nan 
54.625, 87.625, 2.5507804053479667e-22, nan 
54.875, 87.625, 1.7964883482995222e-22, nan 
55.125, 87.625, 4.356634141594152e-23, nan 
55.375, 87.625, 4.834721989326938e-23, nan 
55.625, 87.625, 1.2890006939651515e-22, nan 
55.875, 87.625, 6.583216415994272e-23, nan 
56.125, 87.625, 5.618401507483931e-23, nan 
56.375, 87.625, 6.573280982753224e-23, nan 
56.625, 87.625, 7.976000364482971e-23, nan 
56.875, 87.625, 9.778667806320153e-23, nan 
57.125, 87.625, 1.2121816912418846e-22, nan 
57.375, 87.625, 1.4362728767508718e-22, nan 
57.625, 87.625, 1.5419653691445034e-22, nan 
57.875, 87.625, 1.8259110124695642e-22, nan 
58.125, 87.625, 1.9022171859788613e-22, nan 
58.375, 87.625, 1.8454968911743644e-22, nan 
58.625, 87.625, 1.6685629472219655e-22, nan 
58.875, 87.625, 1.6355885630523067e-22, nan 
59.125, 87.625, 1.5525879892299609e-22, nan 
59.375, 87.625, 1.5577689973283081e-22, nan 
59.625, 87.625, 1.6528249892690537e-22, nan 
59.875, 87.625, 1.7670462898682732e-22, nan 
60.125, 87.625, 1.8782734683475768e-22, nan 
60.375, 87.625, 2.0340446269849248e-22, nan 
60.625, 87.625, 2.223553748688486e-22, nan 
60.875, 87.625, 2.044556495029019e-22, nan 
61.125, 87.625, 1.7474582717287425e-22, nan 
61.375, 87.625, 1.514385096451891e-22, nan 
61.625, 87.625, 1.5761786596465507e-22, nan 
61.875, 87.625, 1.5505422342996722e-22, nan 
62.125, 87.625, 1.1209318905872862e-22, nan 
62.375, 87.625, 1.2194338816531161e-22, nan 
62.625, 87.625, 1.2253545791288135e-22, nan 
62.875, 87.625, 1.3710586753729537e-22, nan 
63.125, 87.625, 1.7086063932361418e-22, nan 
63.375, 87.625, 1.6328207710853495e-22, nan 
63.625, 87.625, 1.3640921139408971e-22, nan 
63.875, 87.625, 1.28108525855882e-22, nan 
64.125, 87.625, 1.351233374636337e-22, nan 
64.375, 87.625, 1.348933406713128e-22, nan 
64.625, 87.625, 1.4702391320175327e-22, nan 
64.875, 87.625, 1.9204920736580136e-22, nan 
65.125, 87.625, 2.109976901242097e-22, nan 
65.375, 87.625, 2.2676889800719773e-22, nan 
65.625, 87.625, 2.1030294804090896e-22, nan 
65.875, 87.625, 1.7731913483773594e-22, nan 
66.125, 87.625, 1.8439284895990212e-22, nan 
66.375, 87.625, 1.7883759989062145e-22, nan 
66.625, 87.625, 1.4351407190391675e-22, nan 
66.875, 87.625, 1.0912660525127295e-22, nan 
67.125, 87.625, 9.304208739482783e-23, nan 
67.375, 87.625, 9.273815132292199e-23, nan 
67.625, 87.625, 1.6666201436350219e-22, nan 
67.875, 87.625, 1.0675656192520147e-22, nan 
68.125, 87.625, 1.1351869382551333e-22, nan 
68.375, 87.625, 1.115612748322116e-22, nan 
68.625, 87.625, 1.164518447596043e-22, nan 
68.875, 87.625, 1.0966336210001354e-22, nan 
69.125, 87.625, 1.0371009600040735e-22, nan 
69.375, 87.625, 1.6947524848534534e-22, nan 
69.625, 87.625, 1.8218885353124144e-22, nan 
69.875, 87.625, 1.4203216883087131e-22, nan 
70.125, 87.625, 1.3871696507527007e-22, nan 
70.375, 87.625, 1.465967769780155e-22, nan 
70.625, 87.625, 1.480449144170755e-22, nan 
70.875, 87.625, 2.003311642305673e-22, nan 
71.125, 87.625, 2.9740986804849666e-22, nan 
71.375, 87.625, 3.039268064452267e-22, nan 
71.625, 87.625, 3.238119405436894e-22, nan 
71.875, 87.625, 2.9839559881686963e-22, nan 
72.125, 87.625, 1.7893405444357263e-22, nan 
72.375, 87.625, 1.7948045602758573e-22, nan 
72.625, 87.625, 1.9691492050062813e-22, nan 
72.875, 87.625, 2.0398352220054657e-22, nan 
73.125, 87.625, 2.014668393931187e-22, nan 
73.375, 87.625, 2.01867532170099e-22, nan 
73.625, 87.625, 1.6595967869629602e-22, nan 
73.875, 87.625, 1.7791512490784816e-22, nan 
74.125, 87.625, 1.955160562745656e-22, nan 
74.375, 87.625, 1.9828820751463268e-22, nan 
74.625, 87.625, 1.937235157837001e-22, nan 
74.875, 87.625, 1.9788142446203363e-22, nan 
75.125, 87.625, 2.0040057087074004e-22, nan 
75.375, 87.625, 1.5748930177537168e-22, nan 
75.625, 87.625, 1.0737332469903945e-22, nan 
75.875, 87.625, 1.308929714522652e-22, nan 
76.125, 87.625, 1.4018728790457057e-22, nan 
76.375, 87.625, 1.5054939543891162e-22, nan 
76.625, 87.625, 1.6576045335776338e-22, nan 
76.875, 87.625, 1.7416816960731792e-22, nan 
77.125, 87.625, 1.8738202472049878e-22, nan 
77.375, 87.625, 2.0328839831181914e-22, nan 
77.625, 87.625, 1.6492984064310064e-22, nan 
77.875, 87.625, 1.6870462223942527e-22, nan 
78.125, 87.625, 1.6686437415152585e-22, nan 
78.375, 87.625, 1.7593719468271253e-22, nan 
78.625, 87.625, 2.1705279177119e-22, nan 
78.875, 87.625, 1.8320673666805901e-22, nan 
79.125, 87.625, 1.4252546377394024e-22, nan 
79.375, 87.625, 1.339812964112118e-22, nan 
79.625, 87.625, 1.1037576238609453e-22, nan 
79.875, 87.625, 7.725908863190558e-23, nan 
80.125, 87.625, 3.726009398157512e-23, nan 
80.375, 87.625, 1.46374919490339e-22, nan 
80.625, 87.625, 1.6689493104679807e-22, nan 
80.875, 87.625, 1.6517964934390692e-22, nan 
81.125, 87.625, 1.7131294025169703e-22, nan 
81.375, 87.625, 1.7362193918106277e-22, nan 
81.625, 87.625, 1.402828542717385e-22, nan 
81.875, 87.625, 7.297354519275262e-23, nan 
82.125, 87.625, 4.0997863057795845e-23, nan 
82.375, 87.625, 9.251043934776464e-23, nan 
82.625, 87.625, 1.0473561695618945e-22, nan 
82.875, 87.625, 1.220138112357644e-22, nan 
83.125, 87.625, 1.315636008952406e-22, nan 
83.375, 87.625, 1.3317959913895283e-22, nan 
83.625, 87.625, 1.3284982224470766e-22, nan 
83.875, 87.625, 1.1553523330196318e-22, nan 
84.125, 87.625, 9.364264973833539e-23, nan 
84.375, 87.625, 6.49163492476416e-23, nan 
84.625, 87.625, 6.909846748007272e-23, nan 
84.875, 87.625, 9.676212504853015e-23, nan 
85.125, 87.625, 7.406483162874585e-23, nan 
85.375, 87.625, 4.6794568653417256e-23, nan 
85.625, 87.625, 4.830419745728825e-23, nan 
85.875, 87.625, 4.785537818149995e-23, nan 
86.125, 87.625, 4.3820184807191285e-23, nan 
86.375, 87.625, 4.8733922180935196e-23, nan 
86.625, 87.625, 6.744542373849682e-23, nan 
86.875, 87.625, 7.101729943461851e-23, nan 
87.125, 87.625, 5.627284025686883e-23, nan 
87.375, 87.625, 6.245444950179e-23, nan 
87.625, 87.625, 7.554391087381071e-23, nan 
87.875, 87.625, 7.767841247881906e-23, nan 
88.125, 87.625, 7.649993206327275e-23, nan 
88.375, 87.625, 7.687450150307665e-23, nan 
88.625, 87.625, 8.56762913306628e-23, nan 
88.875, 87.625, 8.215537750005178e-23, nan 
89.125, 87.625, 8.062531695184087e-23, nan 
89.375, 87.625, 7.721788982134618e-23, nan 
89.625, 87.625, 7.298990836650316e-23, nan 
89.875, 87.625, 7.671227660522589e-23, nan 
90.125, 87.625, 7.288700398495021e-23, nan 
90.375, 87.625, 7.212388261441109e-23, nan 
90.625, 87.625, 6.366226339533568e-23, nan 
90.875, 87.625, 6.358044096114553e-23, nan 
91.125, 87.625, 6.10044369643671e-23, nan 
91.375, 87.625, 5.949789877015238e-23, nan 
91.625, 87.625, 6.850846307766665e-23, nan 
91.875, 87.625, 7.88705068451947e-23, nan 
92.125, 87.625, 7.690866287174085e-23, nan 
92.375, 87.625, 7.394191146915684e-23, nan 
92.625, 87.625, 7.674342780005153e-23, nan 
92.875, 87.625, 7.32035200261401e-23, nan 
93.125, 87.625, 7.144188475289947e-23, nan 
93.375, 87.625, 6.873369553662303e-23, nan 
93.625, 87.625, 7.19444158112083e-23, nan 
93.875, 87.625, 8.88066686507623e-23, nan 
94.125, 87.625, 9.958280910830668e-23, nan 
94.375, 87.625, 1.0409467132540541e-22, nan 
94.625, 87.625, 9.356859847590427e-23, nan 
94.875, 87.625, 8.516133348154006e-23, nan 
95.125, 87.625, 8.1141389659764e-23, nan 
95.375, 87.625, 9.224673294380805e-23, nan 
95.625, 87.625, 9.339710358911687e-23, nan 
95.875, 87.625, 7.928506511145825e-23, nan 
96.125, 87.625, 6.057260679402567e-23, nan 
96.375, 87.625, 3.974416924659476e-23, nan 
96.625, 87.625, 4.514039563224922e-23, nan 
96.875, 87.625, 4.8322417469652274e-23, nan 
97.125, 87.625, 5.061435791144893e-23, nan 
97.375, 87.625, 4.758208157269446e-23, nan 
97.625, 87.625, 6.396133800393525e-23, nan 
97.875, 87.625, 6.262008733467254e-23, nan 
98.125, 87.625, 5.377869538554485e-23, nan 
98.375, 87.625, 7.187972253272485e-23, nan 
98.625, 87.625, 8.303775706600214e-23, nan 
98.875, 87.625, 7.120946140637344e-23, nan 
99.125, 87.625, 5.769734595222775e-23, nan 
99.375, 87.625, 1.0311347390381944e-22, nan 
99.625, 87.625, 1.3479909442975008e-22, nan 
99.875, 87.625, 1.5094576900171504e-22, nan 
100.125, 87.625, 1.556767561057773e-22, nan 
100.375, 87.625, 1.4990752940176443e-22, nan 
100.625, 87.625, 1.3940934979951508e-22, nan 
100.875, 87.625, 1.6076754524763494e-22, nan 
101.125, 87.625, 1.197787077441348e-22, nan 
101.375, 87.625, 1.164479513832412e-22, nan 
101.625, 87.625, 1.491804747900073e-22, nan 
101.875, 87.625, 1.6594010100163717e-22, nan 
102.125, 87.625, 1.666853086065708e-22, nan 
102.375, 87.625, 1.465576485626148e-22, nan 
102.625, 87.625, 7.968046123864173e-23, nan 
102.875, 87.625, 6.046329998040845e-23, nan 
103.125, 87.625, 5.38256678999719e-23, nan 
103.375, 87.625, 5.544324994603684e-23, nan 
103.625, 87.625, 6.057663712579858e-23, nan 
103.875, 87.625, 9.170160361831699e-23, nan 
104.125, 87.625, 1.1527295281772595e-22, nan 
104.375, 87.625, 8.60567679521668e-23, nan 
104.625, 87.625, 8.343335916009513e-23, nan 
104.875, 87.625, 7.494358947548738e-23, nan 
105.125, 87.625, 6.513112311381446e-23, nan 
105.375, 87.625, 6.110896301074633e-23, nan 
105.625, 87.625, 6.164206493667334e-23, nan 
105.875, 87.625, 7.970392784105476e-23, nan 
106.125, 87.625, 9.766191403627392e-23, nan 
106.375, 87.625, 1.0554097526483834e-22, nan 
106.625, 87.625, 1.0850024512009396e-22, nan 
106.875, 87.625, 1.070733011854051e-22, nan 
107.125, 87.625, 1.0503266627084448e-22, nan 
107.375, 87.625, 9.704438238097269e-23, nan 
107.625, 87.625, 1.023229641251791e-22, nan 
107.875, 87.625, 1.1085698974230313e-22, nan 
108.125, 87.625, 1.0192617617783606e-22, nan 
108.375, 87.625, 9.039535239736641e-23, nan 
108.625, 87.625, 7.953214325939995e-23, nan 
108.875, 87.625, 5.405501999953686e-23, nan 
109.125, 87.625, 5.259332945446292e-23, nan 
109.375, 87.625, 6.881664824542156e-23, nan 
109.625, 87.625, 1.0980980679105196e-22, nan 
109.875, 87.625, 5.073457570851489e-23, nan 
110.125, 87.625, 7.326042206972429e-23, nan 
110.375, 87.625, 9.264605310564107e-23, nan 
110.625, 87.625, 7.152793624260072e-23, nan 
110.875, 87.625, 3.6037559947437843e-23, nan 
111.125, 87.625, 4.0673386343352756e-23, nan 
111.375, 87.625, 4.370639560369308e-23, nan 
111.625, 87.625, 4.320344762933358e-23, nan 
111.875, 87.625, 4.198868475278448e-23, nan 
112.125, 87.625, 4.327754093133369e-23, nan 
112.375, 87.625, 5.177605796230743e-23, nan 
112.625, 87.625, 6.112640595971477e-23, nan 
112.875, 87.625, 7.287331192642977e-23, nan 
113.125, 87.625, 8.915915305461355e-23, nan 
113.375, 87.625, 1.0547463441445888e-22, nan 
113.625, 87.625, 1.1008621995267983e-22, nan 
113.875, 87.625, 1.1963568448949104e-22, nan 
114.125, 87.625, 1.0860014820558438e-22, nan 
114.375, 87.625, 8.592321150504928e-23, nan 
114.625, 87.625, 5.745668171105466e-23, nan 
114.875, 87.625, 2.928082987321548e-23, nan 
115.125, 87.625, 1.2827576314501252e-23, nan 
115.375, 87.625, 1.2359494199272609e-23, nan 
115.625, 87.625, 1.5596276244859043e-23, nan 
115.875, 87.625, 1.758913110326588e-23, nan 
116.125, 87.625, 1.4934750857722203e-23, nan 
116.375, 87.625, 5.2707561523726896e-23, nan 
116.625, 87.625, 1.0595082448577956e-22, nan 
116.875, 87.625, 1.0076706166231875e-22, nan 
117.125, 87.625, 1.0056358672284624e-22, nan 
117.375, 87.625, 9.179397429699775e-23, nan 
117.625, 87.625, 6.508316131088973e-23, nan 
117.875, 87.625, 4.535226835421491e-23, nan 
118.125, 87.625, 3.934434631611799e-23, nan 
118.375, 87.625, 3.681478753565128e-23, nan 
118.625, 87.625, 3.672101535670065e-23, nan 
118.875, 87.625, 4.4347609569438837e-23, nan 
119.125, 87.625, 5.104114454787326e-23, nan 
119.375, 87.625, 7.131816298025388e-23, nan 
119.625, 87.625, 8.797556122978899e-23, nan 
119.875, 87.625, 8.991504411440115e-23, nan 
120.125, 87.625, 1.0514460874371806e-22, nan 
120.375, 87.625, 1.0752677397864799e-22, nan 
120.625, 87.625, 1.1774762465414576e-22, nan 
120.875, 87.625, 1.1004473441869103e-22, nan 
121.125, 87.625, 9.873155056286305e-23, nan 
121.375, 87.625, 8.194065179560211e-23, nan 
121.625, 87.625, 5.156150865814476e-23, nan 
121.875, 87.625, 2.857891212972084e-23, nan 
122.125, 87.625, 2.722359745885082e-23, nan 
122.375, 87.625, 2.7808149853588444e-23, nan 
122.625, 87.625, 2.950677645273055e-23, nan 
122.875, 87.625, 2.939144555714298e-23, nan 
123.125, 87.625, 2.6815578037296957e-23, nan 
123.375, 87.625, 2.726070347951568e-23, nan 
123.625, 87.625, 2.878328249416631e-23, nan 
123.875, 87.625, 3.041858044292908e-23, nan 
124.125, 87.625, 3.603680508990473e-23, nan 
124.375, 87.625, 4.961776749286559e-23, nan 
124.625, 87.625, 2.9178377700574016e-23, nan 
124.875, 87.625, 9.958233351092318e-23, nan 
125.125, 87.625, 5.964608684613874e-23, nan 
125.375, 87.625, 4.1971966513404916e-23, nan 
125.625, 87.625, 3.9931261002176045e-23, nan 
125.875, 87.625, 4.0044928082759356e-23, nan 
126.125, 87.625, 3.6175558118710333e-23, nan 
126.375, 87.625, 4.022585832369131e-23, nan 
126.625, 87.625, 4.917617172771635e-23, nan 
126.875, 87.625, 6.17736898271214e-23, nan 
127.125, 87.625, 6.539544747456521e-23, nan 
127.375, 87.625, 5.21606882311775e-23, nan 
127.625, 87.625, 3.2417293286033863e-23, nan 
127.875, 87.625, 3.625988131495101e-23, nan 
128.125, 87.625, 4.695385130648232e-23, nan 
128.375, 87.625, 5.435601875903253e-23, nan 
128.625, 87.625, 6.046912932390714e-23, nan 
128.875, 87.625, 6.356510115017186e-23, nan 
129.125, 87.625, 7.144688833935483e-23, nan 
129.375, 87.625, 7.671838709683205e-23, nan 
129.625, 87.625, 7.654468754350181e-23, nan 
129.875, 87.625, 7.028366673482595e-23, nan 
130.125, 87.625, 5.672958898123739e-23, nan 
130.375, 87.625, 3.6006683069660744e-23, nan 
130.625, 87.625, 1.6322533339377384e-23, nan 
130.875, 87.625, 2.2564275162082998e-23, nan 
131.125, 87.625, 5.631635933986693e-23, nan 
131.375, 87.625, 6.3400332648764e-23, nan 
131.625, 87.625, 6.604599772533062e-23, nan 
131.875, 87.625, 6.281531891104785e-23, nan 
132.125, 87.625, 6.011489516194883e-23, nan 
132.375, 87.625, 6.020141204287449e-23, nan 
132.625, 87.625, 6.210031607181797e-23, nan 
132.875, 87.625, 6.567403469606428e-23, nan 
133.125, 87.625, 7.490618638114678e-23, nan 
133.375, 87.625, 7.930934374590438e-23, nan 
133.625, 87.625, 5.665658298219221e-23, nan 
133.875, 87.625, 2.5245079398046e-23, nan 
134.125, 87.625, 5.23985001971161e-23, nan 
134.375, 87.625, 7.087380610839046e-23, nan 
134.625, 87.625, 7.59929484505867e-23, nan 
134.875, 87.625, 7.68712528589775e-23, nan 
135.125, 87.625, 7.795413992011328e-23, nan 
135.375, 87.625, 7.928657757893094e-23, nan 
135.625, 87.625, 8.238697964743575e-23, nan 
135.875, 87.625, 7.964483587907912e-23, nan 
136.125, 87.625, 8.253066632041014e-23, nan 
136.375, 87.625, 6.983752920415915e-23, nan 
136.625, 87.625, 4.357233087875047e-23, nan 
136.875, 87.625, 1.6839761575741967e-23, nan 
137.125, 87.625, 3.930916916008999e-23, nan 
137.375, 87.625, 7.071621050720036e-23, nan 
137.625, 87.625, 8.940080274265402e-23, nan 
137.875, 87.625, 9.479953626506781e-23, nan 
138.125, 87.625, 9.688633524286059e-23, nan 
138.375, 87.625, 9.80008422688816e-23, nan 
138.625, 87.625, 1.014514835231172e-22, nan 
138.875, 87.625, 1.0473639862014002e-22, nan 
139.125, 87.625, 1.0792406508295632e-22, nan 
139.375, 87.625, 1.0972957099339875e-22, nan 
139.625, 87.625, 1.046962888771009e-22, nan 
139.875, 87.625, 8.20379027515128e-23, nan 
140.125, 87.625, 7.327857173617228e-23, nan 
140.375, 87.625, 6.889469145107465e-23, nan 
140.625, 87.625, 6.357260730460028e-23, nan 
140.875, 87.625, 4.660586701434874e-23, nan 
141.125, 87.625, 4.567983814435768e-23, nan 
141.375, 87.625, 4.650675496941807e-23, nan 
141.625, 87.625, 5.10036042222756e-23, nan 
141.875, 87.625, 5.508995011884372e-23, nan 
142.125, 87.625, 5.554798012284886e-23, nan 
142.375, 87.625, 7.540300581029941e-23, nan 
142.625, 87.625, 7.578230498815204e-23, nan 
142.875, 87.625, 6.201590535542659e-23, nan 
143.125, 87.625, 3.476620548578493e-23, nan 
143.375, 87.625, 2.4077699425578402e-23, nan 
143.625, 87.625, 4.566263022554458e-23, nan 
143.875, 87.625, 6.269217549962818e-23, nan 
144.125, 87.625, 5.923208717855126e-23, nan 
144.375, 87.625, 5.2856823945356404e-23, nan 
144.625, 87.625, 5.27255933384229e-23, nan 
144.875, 87.625, 5.136142530130038e-23, nan 
145.125, 87.625, 4.737646038368072e-23, nan 
145.375, 87.625, 4.4981121558233655e-23, nan 
145.625, 87.625, 4.454588189781533e-23, nan 
145.875, 87.625, 4.9995822077979105e-23, nan 
146.125, 87.625, 3.499222451486067e-23, nan 
146.375, 87.625, 3.523717059511408e-23, nan 
146.625, 87.625, 4.948957459376998e-23, nan 
146.875, 87.625, 6.367651470324327e-23, nan 
147.125, 87.625, 6.646699822401456e-23, nan 
147.375, 87.625, 6.687718480983653e-23, nan 
147.625, 87.625, 6.972646966636821e-23, nan 
147.875, 87.625, 8.089823903007559e-23, nan 
148.125, 87.625, 9.324617296184591e-23, nan 
148.375, 87.625, 1.0644058669093387e-22, nan 
148.625, 87.625, 1.0078528586966761e-22, nan 
148.875, 87.625, 8.785027013281625e-23, nan 
149.125, 87.625, 7.466322775491537e-23, nan 
149.375, 87.625, 5.568791729398816e-23, nan 
149.625, 87.625, 1.906839743961767e-23, nan 
149.875, 87.625, 1.7784159421661978e-23, nan 
150.125, 87.625, 4.800685537159846e-23, nan 
150.375, 87.625, 6.156516070001447e-23, nan 
150.625, 87.625, 6.17175213388143e-23, nan 
150.875, 87.625, 4.6063876833126616e-23, nan 
151.125, 87.625, 1.814550058458179e-23, nan 
151.375, 87.625, 2.6243940198766527e-23, nan 
151.625, 87.625, 3.6406697251904497e-23, nan 
151.875, 87.625, 4.354471153811213e-23, nan 
152.125, 87.625, 4.839521781486084e-23, nan 
152.375, 87.625, 5.379024970846296e-23, nan 
152.625, 87.625, 5.614821919912273e-23, nan 
152.875, 87.625, 5.640550141053922e-23, nan 
153.125, 87.625, 5.648382185484027e-23, nan 
153.375, 87.625, 4.833233874694045e-23, nan 
153.625, 87.625, 3.594761891297996e-23, nan 
153.875, 87.625, 4.8387136685313463e-23, nan 
154.125, 87.625, 6.772335034572751e-23, nan 
154.375, 87.625, 8.570217463821923e-23, nan 
154.625, 87.625, 8.924384373269691e-23, nan 
154.875, 87.625, 7.575715808857256e-23, nan 
155.125, 87.625, 4.4108155111629156e-23, nan 
155.375, 87.625, 1.6980660160357102e-23, nan 
155.625, 87.625, 2.421478022801247e-23, nan 
155.875, 87.625, 1.9590597188311617e-23, nan 
156.125, 87.625, 2.251762283352066e-23, nan 
156.375, 87.625, 2.157216170968435e-23, nan 
156.625, 87.625, 2.4633196403509237e-23, nan 
156.875, 87.625, 2.9195898498709034e-23, nan 
157.125, 87.625, 3.616527466863648e-23, nan 
157.375, 87.625, 3.8187345383867987e-23, nan 
157.625, 87.625, 4.8903384003259225e-23, nan 
157.875, 87.625, 5.42477626758477e-23, nan 
158.125, 87.625, 5.413622877289509e-23, nan 
158.375, 87.625, 5.350198714307372e-23, nan 
158.625, 87.625, 4.672627749735157e-23, nan 
158.875, 87.625, 4.1734530793506724e-23, nan 
159.125, 87.625, 4.2033490410912066e-23, nan 
159.375, 87.625, 4.3108983183838e-23, nan 
159.625, 87.625, 4.1501907743656704e-23, nan 
159.875, 87.625, 3.959116529343499e-23, nan 
160.125, 87.625, 2.6760772836184544e-23, nan 
160.375, 87.625, 3.042780645498672e-23, nan 
160.625, 87.625, 4.582906285375129e-23, nan 
160.875, 87.625, 5.05085526412094e-23, nan 
161.125, 87.625, 4.703248493393664e-23, nan 
161.375, 87.625, 3.111733282220531e-23, nan 
161.625, 87.625, 2.6781777816727837e-23, nan 
161.875, 87.625, 2.5173199828627975e-23, nan 
162.125, 87.625, 2.3361066901445313e-23, nan 
162.375, 87.625, 3.4702035297901035e-23, nan 
162.625, 87.625, 3.546229815131401e-23, nan 
162.875, 87.625, 4.226924853917046e-23, nan 
163.125, 87.625, 4.8333569647226917e-23, nan 
163.375, 87.625, 5.647560936767106e-23, nan 
163.625, 87.625, 6.032065430878868e-23, nan 
163.875, 87.625, 6.451519506247142e-23, nan 
164.125, 87.625, 6.347926387272002e-23, nan 
164.375, 87.625, 5.595838496287366e-23, nan 
164.625, 87.625, 5.222057456081477e-23, nan 
164.875, 87.625, 3.651281233683249e-23, nan 
165.125, 87.625, 3.278168198478855e-23, nan 
165.375, 87.625, 2.514694632606437e-23, nan 
165.625, 87.625, 1.894744762975864e-23, nan 
165.875, 87.625, 2.601227085114324e-23, nan 
166.125, 87.625, 3.4895021897324554e-23, nan 
166.375, 87.625, 3.154069293727325e-23, nan 
166.625, 87.625, 2.1628993476658153e-23, nan 
166.875, 87.625, 2.1094238336419756e-23, nan 
167.125, 87.625, 2.0933482910691227e-23, nan 
167.375, 87.625, 3.424647248150821e-23, nan 
167.625, 87.625, 4.00321550000758e-23, nan 
167.875, 87.625, 4.39329742034419e-23, nan 
168.125, 87.625, 5.1675961412358816e-23, nan 
168.375, 87.625, 6.806857956086941e-23, nan 
168.625, 87.625, 8.5692473164053e-23, nan 
168.875, 87.625, 5.580115906460159e-23, nan 
169.125, 87.625, 5.2466333805199265e-23, nan 
169.375, 87.625, 5.285963826213374e-23, nan 
169.625, 87.625, 5.377979492112435e-23, nan 
169.875, 87.625, 5.602413367097351e-23, nan 
170.125, 87.625, 5.788857709159113e-23, nan 
170.375, 87.625, 5.554418220285647e-23, nan 
170.625, 87.625, 5.14072337657149e-23, nan 
170.875, 87.625, 4.9214961139447506e-23, nan 
171.125, 87.625, 4.449408553560951e-23, nan 
171.375, 87.625, 3.938636488700008e-23, nan 
171.625, 87.625, 4.499887139386243e-23, nan 
171.875, 87.625, 5.511399420405457e-23, nan 
172.125, 87.625, 6.454604006293852e-23, nan 
172.375, 87.625, 6.193810081604114e-23, nan 
172.625, 87.625, 4.8204796934563686e-23, nan 
172.875, 87.625, 3.229145056151287e-23, nan 
173.125, 87.625, 2.074859764454577e-23, nan 
173.375, 87.625, 1.7208502696341114e-23, nan 
173.625, 87.625, 2.95013330274222e-23, nan 
173.875, 87.625, 4.4105441200438775e-23, nan 
174.125, 87.625, 4.908134333071805e-23, nan 
174.375, 87.625, 4.4633722998296355e-23, nan 
174.625, 87.625, 3.144815332240482e-23, nan 
174.875, 87.625, 2.4085270576831842e-23, nan 
175.125, 87.625, 2.767132147191157e-23, nan 
175.375, 87.625, 3.270756227200207e-23, nan 
175.625, 87.625, 3.67174778969028e-23, nan 
175.875, 87.625, 3.095400335682709e-23, nan 
176.125, 87.625, 2.8668922568549375e-23, nan 
176.375, 87.625, 3.2436058156344336e-23, nan 
176.625, 87.625, 2.984993269015123e-23, nan 
176.875, 87.625, 3.369065041598947e-23, nan 
177.125, 87.625, 3.5556036074652363e-23, nan 
177.375, 87.625, 4.157274005911153e-23, nan 
177.625, 87.625, 4.9165257042533305e-23, nan 
177.875, 87.625, 5.875468450549676e-23, nan 
178.125, 87.625, 7.173922383582899e-23, nan 
178.375, 87.625, 8.301523827800548e-23, nan 
178.625, 87.625, 7.808993241727339e-23, nan 
178.875, 87.625, 6.130912696468761e-23, nan 
179.125, 87.625, 4.4555958934071493e-23, nan 
179.375, 87.625, 3.355756902855862e-23, nan 
179.625, 87.625, 3.130928309963306e-23, nan 
179.875, 87.625, 3.282669884251916e-23, nan 
-179.875, 87.875, 3.6851953161966415e-23, nan 
-179.625, 87.875, 4.222491845107711e-23, nan 
-179.375, 87.875, 3.7704971344252366e-23, nan 
-179.125, 87.875, 3.857054931771403e-23, nan 
-178.875, 87.875, 4.604114279721493e-23, nan 
-178.625, 87.875, 4.37556653805726e-23, nan 
-178.375, 87.875, 4.267255053947032e-23, nan 
-178.125, 87.875, 4.8595283648717213e-23, nan 
-177.875, 87.875, 5.268090263215343e-23, nan 
-177.625, 87.875, 6.187403517814554e-23, nan 
-177.375, 87.875, 5.587044173596414e-23, nan 
-177.125, 87.875, 5.511857490176244e-23, nan 
-176.875, 87.875, 7.415941899082666e-23, nan 
-176.625, 87.875, 7.060599667726336e-23, nan 
-176.375, 87.875, 7.201984844715892e-23, nan 
-176.125, 87.875, 6.871025254917723e-23, nan 
-175.875, 87.875, 6.226275040233493e-23, nan 
-175.625, 87.875, 4.483764792780012e-23, nan 
-175.375, 87.875, 4.234297356237252e-23, nan 
-175.125, 87.875, 5.2182274653644515e-23, nan 
-174.875, 87.875, 6.967249715199598e-23, nan 
-174.625, 87.875, 6.671280838765348e-23, nan 
-174.375, 87.875, 4.999050257840842e-23, nan 
-174.125, 87.875, 3.7626952285232625e-23, nan 
-173.875, 87.875, 2.790062841019878e-23, nan 
-173.625, 87.875, 2.4381510624318414e-23, nan 
-173.375, 87.875, 1.964314671770587e-23, nan 
-173.125, 87.875, 1.622716879139303e-23, nan 
-172.875, 87.875, 1.561358844551847e-23, nan 
-172.625, 87.875, 1.6501230570827573e-23, nan 
-172.375, 87.875, 1.059469205499072e-23, nan 
-172.125, 87.875, 2.0657251904120095e-23, nan 
-171.875, 87.875, 1.8368884276218792e-23, nan 
-171.625, 87.875, 1.3057582607105059e-23, nan 
-171.375, 87.875, 1.2139717742632378e-23, nan 
-171.125, 87.875, 1.0177052268650604e-23, nan 
-170.875, 87.875, 8.615724589334057e-24, nan 
-170.625, 87.875, 8.28427548417042e-24, nan 
-170.375, 87.875, 8.759058113087149e-24, nan 
-170.125, 87.875, 9.944357961803728e-24, nan 
-169.875, 87.875, 9.544846735480043e-24, nan 
-169.625, 87.875, 1.4123695366549134e-23, nan 
-169.375, 87.875, 3.193206417932485e-23, nan 
-169.125, 87.875, 4.351069650555168e-23, nan 
-168.875, 87.875, 4.9016021345221023e-23, nan 
-168.625, 87.875, 4.788182208854408e-23, nan 
-168.375, 87.875, 3.856641475948985e-23, nan 
-168.125, 87.875, 2.144958661088799e-23, nan 
-167.875, 87.875, 2.3612306800143853e-23, nan 
-167.625, 87.875, 3.0528732280529424e-23, nan 
-167.375, 87.875, 3.6290011376696013e-23, nan 
-167.125, 87.875, 3.656138047699736e-23, nan 
-166.875, 87.875, 3.66175171326218e-23, nan 
-166.625, 87.875, 3.438075277132234e-23, nan 
-166.375, 87.875, 2.8094593410045304e-23, nan 
-166.125, 87.875, 2.1332777063931906e-23, nan 
-165.875, 87.875, 1.7692259123170127e-23, nan 
-165.625, 87.875, 1.9306117806022968e-23, nan 
-165.375, 87.875, 1.6388739580167214e-23, nan 
-165.125, 87.875, 2.0180469379642675e-23, nan 
-164.875, 87.875, 2.0443606338348625e-23, nan 
-164.625, 87.875, 2.142457607578584e-23, nan 
-164.375, 87.875, 2.0853784780516348e-23, nan 
-164.125, 87.875, 1.8703711969316856e-23, nan 
-163.875, 87.875, 1.6243954071371406e-23, nan 
-163.625, 87.875, 1.2964645353378123e-23, nan 
-163.375, 87.875, 1.1749613683790777e-23, nan 
-163.125, 87.875, 1.5144122225163259e-23, nan 
-162.875, 87.875, 2.6038277954153235e-23, nan 
-162.625, 87.875, 3.5448600159479286e-23, nan 
-162.375, 87.875, 3.859495877037072e-23, nan 
-162.125, 87.875, 3.3162746943843775e-23, nan 
-161.875, 87.875, 2.615762519157465e-23, nan 
-161.625, 87.875, 2.460856051808862e-23, nan 
-161.375, 87.875, 2.7377326848160873e-23, nan 
-161.125, 87.875, 3.320218494179116e-23, nan 
-160.875, 87.875, 3.6111337416550514e-23, nan 
-160.625, 87.875, 3.9830947036884705e-23, nan 
-160.375, 87.875, 4.033564090742607e-23, nan 
-160.125, 87.875, 4.0191024009115824e-23, nan 
-159.875, 87.875, 3.883898421241901e-23, nan 
-159.625, 87.875, 3.620424520628451e-23, nan 
-159.375, 87.875, 3.5785967536979404e-23, nan 
-159.125, 87.875, 3.239159939879273e-23, nan 
-158.875, 87.875, 3.1262287622237806e-23, nan 
-158.625, 87.875, 3.1903421488330265e-23, nan 
-158.375, 87.875, 3.3746576950870035e-23, nan 
-158.125, 87.875, 4.240427832623452e-23, nan 
-157.875, 87.875, 3.8386441399708887e-23, nan 
-157.625, 87.875, 3.791668475197307e-23, nan 
-157.375, 87.875, 3.6021985380305444e-23, nan 
-157.125, 87.875, 3.4439206862287033e-23, nan 
-156.875, 87.875, 3.1412229540860327e-23, nan 
-156.625, 87.875, 3.372217055437722e-23, nan 
-156.375, 87.875, 4.2419283256827186e-23, nan 
-156.125, 87.875, 6.234929638413748e-23, nan 
-155.875, 87.875, 7.953251990038443e-23, nan 
-155.625, 87.875, 8.543749979917271e-23, nan 
-155.375, 87.875, 7.445641676816688e-23, nan 
-155.125, 87.875, 5.952641802705432e-23, nan 
-154.875, 87.875, 5.2400374890707846e-23, nan 
-154.625, 87.875, 4.4388436707299294e-23, nan 
-154.375, 87.875, 4.566539388949671e-23, nan 
-154.125, 87.875, 3.8772654692899493e-23, nan 
-153.875, 87.875, 3.943469869343746e-23, nan 
-153.625, 87.875, 5.39224745792197e-23, nan 
-153.375, 87.875, 4.9163412060666567e-23, nan 
-153.125, 87.875, 4.693043945922961e-23, nan 
-152.875, 87.875, 4.866758653428496e-23, nan 
-152.625, 87.875, 5.330844979472505e-23, nan 
-152.375, 87.875, 5.0188292687773726e-23, nan 
-152.125, 87.875, 3.9336408480030835e-23, nan 
-151.875, 87.875, 3.817356169016717e-23, nan 
-151.625, 87.875, 4.004975872096087e-23, nan 
-151.375, 87.875, 4.6733266056382216e-23, nan 
-151.125, 87.875, 4.712861048484829e-23, nan 
-150.875, 87.875, 5.0816667178542295e-23, nan 
-150.625, 87.875, 4.873435669478323e-23, nan 
-150.375, 87.875, 4.965776098679935e-23, nan 
-150.125, 87.875, 4.9775544315081883e-23, nan 
-149.875, 87.875, 5.15844850791176e-23, nan 
-149.625, 87.875, 5.734775373137689e-23, nan 
-149.375, 87.875, 5.619975164879385e-23, nan 
-149.125, 87.875, 6.562012132127013e-23, nan 
-148.875, 87.875, 6.890365697982266e-23, nan 
-148.625, 87.875, 7.111881824517475e-23, nan 
-148.375, 87.875, 7.638467015784403e-23, nan 
-148.125, 87.875, 8.85480149307276e-23, nan 
-147.875, 87.875, 7.223828246341444e-23, nan 
-147.625, 87.875, 7.457638130824081e-23, nan 
-147.375, 87.875, 7.578311461737411e-23, nan 
-147.125, 87.875, 7.240772963994009e-23, nan 
-146.875, 87.875, 9.667230771744109e-23, nan 
-146.625, 87.875, 4.705255806981323e-23, nan 
-146.375, 87.875, 6.627365674455985e-23, nan 
-146.125, 87.875, 7.68779954861617e-23, nan 
-145.875, 87.875, 8.179359266662494e-23, nan 
-145.625, 87.875, 7.775562138737443e-23, nan 
-145.375, 87.875, 7.126426280369782e-23, nan 
-145.125, 87.875, 7.401833492010712e-23, nan 
-144.875, 87.875, 7.463408034177283e-23, nan 
-144.625, 87.875, 6.540631351048941e-23, nan 
-144.375, 87.875, 5.585524829631393e-23, nan 
-144.125, 87.875, 5.2581622382269146e-23, nan 
-143.875, 87.875, 5.1805884812307806e-23, nan 
-143.625, 87.875, 5.177167203581695e-23, nan 
-143.375, 87.875, 4.958625127475066e-23, nan 
-143.125, 87.875, 4.5358200957996066e-23, nan 
-142.875, 87.875, 4.469622987517822e-23, nan 
-142.625, 87.875, 5.959649683779974e-23, nan 
-142.375, 87.875, 4.9270483329581506e-23, nan 
-142.125, 87.875, 4.8868740109362986e-23, nan 
-141.875, 87.875, 5.646305984498999e-23, nan 
-141.625, 87.875, 5.694768255628441e-23, nan 
-141.375, 87.875, 6.275911947149193e-23, nan 
-141.125, 87.875, 4.8452706424224707e-23, nan 
-140.875, 87.875, 4.574348136568522e-23, nan 
-140.625, 87.875, 4.799535600186349e-23, nan 
-140.375, 87.875, 3.7277562572211987e-23, nan 
-140.125, 87.875, 3.265535461957226e-23, nan 
-139.875, 87.875, 3.0679906910561565e-23, nan 
-139.625, 87.875, 4.802431878035439e-23, nan 
-139.375, 87.875, 5.750405994601168e-23, nan 
-139.125, 87.875, 6.30823068998509e-23, nan 
-138.875, 87.875, 6.145890815618162e-23, nan 
-138.625, 87.875, 4.6215382542970794e-23, nan 
-138.375, 87.875, 4.398275734044779e-23, nan 
-138.125, 87.875, 4.6529864778753254e-23, nan 
-137.875, 87.875, 4.7370206220605076e-23, nan 
-137.625, 87.875, 3.6289366871757505e-23, nan 
-137.375, 87.875, 3.0063883257473205e-23, nan 
-137.125, 87.875, 2.663400746859136e-23, nan 
-136.875, 87.875, 2.503616271396111e-23, nan 
-136.625, 87.875, 2.834722020159048e-23, nan 
-136.375, 87.875, 3.092296729419368e-23, nan 
-136.125, 87.875, 2.9508023783795914e-23, nan 
-135.875, 87.875, 4.558270921193477e-23, nan 
-135.625, 87.875, 4.9825174506831025e-23, nan 
-135.375, 87.875, 4.9018651502318443e-23, nan 
-135.125, 87.875, 4.594857340875825e-23, nan 
-134.875, 87.875, 4.2773289674164086e-23, nan 
-134.625, 87.875, 5.202988826319769e-23, nan 
-134.375, 87.875, 5.653657482784453e-23, nan 
-134.125, 87.875, 6.418198981949268e-23, nan 
-133.875, 87.875, 8.602106024496118e-23, nan 
-133.625, 87.875, 8.479548730187278e-23, nan 
-133.375, 87.875, 7.428594405460815e-23, nan 
-133.125, 87.875, 6.342227696850641e-23, nan 
-132.875, 87.875, 6.206233648136056e-23, nan 
-132.625, 87.875, 6.914078561791198e-23, nan 
-132.375, 87.875, 7.459658264079018e-23, nan 
-132.125, 87.875, 9.64336791450307e-23, nan 
-131.875, 87.875, 6.225574870709236e-23, nan 
-131.625, 87.875, 5.362220699590653e-23, nan 
-131.375, 87.875, 5.641859952078454e-23, nan 
-131.125, 87.875, 5.747570046496088e-23, nan 
-130.875, 87.875, 5.485802214271104e-23, nan 
-130.625, 87.875, 4.9110104057654784e-23, nan 
-130.375, 87.875, 4.40657772160913e-23, nan 
-130.125, 87.875, 4.3504549589250866e-23, nan 
-129.875, 87.875, 4.325657166859734e-23, nan 
-129.625, 87.875, 5.673991917223495e-23, nan 
-129.375, 87.875, 6.521094538326041e-23, nan 
-129.125, 87.875, 6.754222455094472e-23, nan 
-128.875, 87.875, 7.509217273453823e-23, nan 
-128.625, 87.875, 1.0127544599037016e-22, nan 
-128.375, 87.875, 1.1645713826343229e-22, nan 
-128.125, 87.875, 8.622855648036e-23, nan 
-127.875, 87.875, 7.428233512405468e-23, nan 
-127.625, 87.875, 8.205501185816755e-23, nan 
-127.375, 87.875, 9.092583742704953e-23, nan 
-127.125, 87.875, 9.33015903630881e-23, nan 
-126.875, 87.875, 8.022139357942278e-23, nan 
-126.625, 87.875, 6.990498968138221e-23, nan 
-126.375, 87.875, 6.506281070431774e-23, nan 
-126.125, 87.875, 5.962522287395448e-23, nan 
-125.875, 87.875, 6.338836392317832e-23, nan 
-125.625, 87.875, 5.633804391296759e-23, nan 
-125.375, 87.875, 5.731910544330761e-23, nan 
-125.125, 87.875, 5.442861130822358e-23, nan 
-124.875, 87.875, 5.325163956283455e-23, nan 
-124.625, 87.875, 5.155367202623245e-23, nan 
-124.375, 87.875, 4.582901804856983e-23, nan 
-124.125, 87.875, 5.64608221766985e-23, nan 
-123.875, 87.875, 5.793267152577523e-23, nan 
-123.625, 87.875, 5.940542615717636e-23, nan 
-123.375, 87.875, 6.212583384173259e-23, nan 
-123.125, 87.875, 6.070715306983825e-23, nan 
-122.875, 87.875, 6.440447870964347e-23, nan 
-122.625, 87.875, 6.632865206700913e-23, nan 
-122.375, 87.875, 6.734423638264144e-23, nan 
-122.125, 87.875, 6.887746821217432e-23, nan 
-121.875, 87.875, 7.972038723347667e-23, nan 
-121.625, 87.875, 8.441459208618112e-23, nan 
-121.375, 87.875, 7.41487177846137e-23, nan 
-121.125, 87.875, 6.885902409217668e-23, nan 
-120.875, 87.875, 7.027999162542324e-23, nan 
-120.625, 87.875, 7.311827572544063e-23, nan 
-120.375, 87.875, 6.760417291973229e-23, nan 
-120.125, 87.875, 5.436999492102008e-23, nan 
-119.875, 87.875, 4.146871710739655e-23, nan 
-119.625, 87.875, 3.76984331798763e-23, nan 
-119.375, 87.875, 3.8421842192024096e-23, nan 
-119.125, 87.875, 3.816452703471748e-23, nan 
-118.875, 87.875, 4.164193577816991e-23, nan 
-118.625, 87.875, 3.7555112376303915e-23, nan 
-118.375, 87.875, 4.1593611586609484e-23, nan 
-118.125, 87.875, 3.786672661373002e-23, nan 
-117.875, 87.875, 3.8191213400802076e-23, nan 
-117.625, 87.875, 3.883416566659991e-23, nan 
-117.375, 87.875, 3.146880105340436e-23, nan 
-117.125, 87.875, 3.6073678799291497e-23, nan 
-116.875, 87.875, 4.015564211350332e-23, nan 
-116.625, 87.875, 4.201257868186652e-23, nan 
-116.375, 87.875, 4.40680301504742e-23, nan 
-116.125, 87.875, 5.288391109522976e-23, nan 
-115.875, 87.875, 4.8121040579338187e-23, nan 
-115.625, 87.875, 4.4617896151877624e-23, nan 
-115.375, 87.875, 4.617345707976488e-23, nan 
-115.125, 87.875, 4.1844013122015893e-23, nan 
-114.875, 87.875, 3.868622390661475e-23, nan 
-114.625, 87.875, 3.775897326929531e-23, nan 
-114.375, 87.875, 3.761889973440946e-23, nan 
-114.125, 87.875, 3.9820970612265005e-23, nan 
-113.875, 87.875, 4.1669370835353195e-23, nan 
-113.625, 87.875, 4.4144826029603026e-23, nan 
-113.375, 87.875, 4.680707822079443e-23, nan 
-113.125, 87.875, 4.5233377105632307e-23, nan 
-112.875, 87.875, 4.2268307299688207e-23, nan 
-112.625, 87.875, 4.6451566573779394e-23, nan 
-112.375, 87.875, 4.7411981667186023e-23, nan 
-112.125, 87.875, 4.368998153648844e-23, nan 
-111.875, 87.875, 4.615377448885487e-23, nan 
-111.625, 87.875, 5.894824883014451e-23, nan 
-111.375, 87.875, 7.412968292458698e-23, nan 
-111.125, 87.875, 5.422515863402349e-23, nan 
-110.875, 87.875, 6.938672068877563e-23, nan 
-110.625, 87.875, 8.373135640208954e-23, nan 
-110.375, 87.875, 8.434041795939306e-23, nan 
-110.125, 87.875, 8.333990492648104e-23, nan 
-109.875, 87.875, 7.46486575542443e-23, nan 
-109.625, 87.875, 9.218155199065213e-23, nan 
-109.375, 87.875, 1.1158713951651266e-22, nan 
-109.125, 87.875, 1.1655156162384156e-22, nan 
-108.875, 87.875, 1.2003469871492408e-22, nan 
-108.625, 87.875, 1.0207562273602492e-22, nan 
-108.375, 87.875, 1.080478551051928e-22, nan 
-108.125, 87.875, 1.0704107279937796e-22, nan 
-107.875, 87.875, 1.1856479193991779e-22, nan 
-107.625, 87.875, 1.0422203360038177e-22, nan 
-107.375, 87.875, 1.0186272073701229e-22, nan 
-107.125, 87.875, 8.512717641665317e-23, nan 
-106.875, 87.875, 5.590495346330417e-23, nan 
-106.625, 87.875, 3.819086817395298e-23, nan 
-106.375, 87.875, 3.908565092814157e-23, nan 
-106.125, 87.875, 3.734116248664083e-23, nan 
-105.875, 87.875, 4.180742876616244e-23, nan 
-105.625, 87.875, 3.805601578002828e-23, nan 
-105.375, 87.875, 4.302801933367443e-23, nan 
-105.125, 87.875, 6.037158319422347e-23, nan 
-104.875, 87.875, 8.35481878085418e-23, nan 
-104.625, 87.875, 1.3148119855161455e-22, nan 
-104.375, 87.875, 1.1879170016197582e-22, nan 
-104.125, 87.875, 1.7171905286849618e-22, nan 
-103.875, 87.875, 1.5233328758499214e-22, nan 
-103.625, 87.875, 1.637822531603358e-22, nan 
-103.375, 87.875, 2.1181263614275976e-22, nan 
-103.125, 87.875, 1.8753810048217233e-22, nan 
-102.875, 87.875, 2.081404433016942e-22, nan 
-102.625, 87.875, 2.4854557503503815e-22, nan 
-102.375, 87.875, 2.6727490601687104e-22, nan 
-102.125, 87.875, 2.8118430966319926e-22, nan 
-101.875, 87.875, 2.641420950358036e-22, nan 
-101.625, 87.875, 2.5381210143698084e-22, nan 
-101.375, 87.875, 2.6047628876154197e-22, nan 
-101.125, 87.875, 2.391892539503882e-22, nan 
-100.875, 87.875, 2.0206968140626823e-22, nan 
-100.625, 87.875, 2.1663134170951143e-22, nan 
-100.375, 87.875, 2.431464942578326e-22, nan 
-100.125, 87.875, 2.332329541366031e-22, nan 
-99.875, 87.875, 1.8831920918485723e-22, nan 
-99.625, 87.875, 1.7409036398949921e-22, nan 
-99.375, 87.875, 1.8566618945619521e-22, nan 
-99.125, 87.875, 1.839063666879258e-22, nan 
-98.875, 87.875, 1.7836173179915244e-22, nan 
-98.625, 87.875, 1.7757163164133255e-22, nan 
-98.375, 87.875, 1.6471312493366177e-22, nan 
-98.125, 87.875, 1.5163175726124164e-22, nan 
-97.875, 87.875, 1.605273118954183e-22, nan 
-97.625, 87.875, 1.4347466726146987e-22, nan 
-97.375, 87.875, 1.5874935215819648e-22, nan 
-97.125, 87.875, 1.7199283501535867e-22, nan 
-96.875, 87.875, 1.7533297834060008e-22, nan 
-96.625, 87.875, 1.8147330812018742e-22, nan 
-96.375, 87.875, 1.7241987524815156e-22, nan 
-96.125, 87.875, 1.7917868040512756e-22, nan 
-95.875, 87.875, 1.9446340571079114e-22, nan 
-95.625, 87.875, 1.9733381065925679e-22, nan 
-95.375, 87.875, 2.143804465713657e-22, nan 
-95.125, 87.875, 1.9948767991858597e-22, nan 
-94.875, 87.875, 1.9111148783111858e-22, nan 
-94.625, 87.875, 1.870982729474811e-22, nan 
-94.375, 87.875, 2.0369530126123675e-22, nan 
-94.125, 87.875, 1.7536401988774687e-22, nan 
-93.875, 87.875, 1.8211946058418362e-22, nan 
-93.625, 87.875, 2.0598346614619032e-22, nan 
-93.375, 87.875, 1.802168045296384e-22, nan 
-93.125, 87.875, 1.7220213158153984e-22, nan 
-92.875, 87.875, 1.6392047397116258e-22, nan 
-92.625, 87.875, 1.5937952087845437e-22, nan 
-92.375, 87.875, 1.3832299390551592e-22, nan 
-92.125, 87.875, 1.3039222355119236e-22, nan 
-91.875, 87.875, 1.2669786231273262e-22, nan 
-91.625, 87.875, 1.1892848102373962e-22, nan 
-91.375, 87.875, 1.0888026931900746e-22, nan 
-91.125, 87.875, 1.0253799140206914e-22, nan 
-90.875, 87.875, 9.925029117562865e-23, nan 
-90.625, 87.875, 9.478279046325423e-23, nan 
-90.375, 87.875, 8.734958598197957e-23, nan 
-90.125, 87.875, 7.387401588090662e-23, nan 
-89.875, 87.875, 7.554413639732335e-23, nan 
-89.625, 87.875, 9.443286934212944e-23, nan 
-89.375, 87.875, 9.899563849192635e-23, nan 
-89.125, 87.875, 9.898606951124968e-23, nan 
-88.875, 87.875, 9.967841865144407e-23, nan 
-88.625, 87.875, 8.716803052912141e-23, nan 
-88.375, 87.875, 9.17040761837726e-23, nan 
-88.125, 87.875, 9.348798266789751e-23, nan 
-87.875, 87.875, 1.0114651581862369e-22, nan 
-87.625, 87.875, 9.685827021693214e-23, nan 
-87.375, 87.875, 9.616720337642158e-23, nan 
-87.125, 87.875, 8.245105210516556e-23, nan 
-86.875, 87.875, 7.983078977538429e-23, nan 
-86.625, 87.875, 8.163499024405209e-23, nan 
-86.375, 87.875, 7.206829565409618e-23, nan 
-86.125, 87.875, 5.401877461494296e-23, nan 
-85.875, 87.875, 5.920280688950741e-23, nan 
-85.625, 87.875, 6.382549811483756e-23, nan 
-85.375, 87.875, 7.070569050283711e-23, nan 
-85.125, 87.875, 8.022697233993201e-23, nan 
-84.875, 87.875, 7.1500818207235e-23, nan 
-84.625, 87.875, 7.879740749259088e-23, nan 
-84.375, 87.875, 8.142879888269352e-23, nan 
-84.125, 87.875, 8.249725626296035e-23, nan 
-83.875, 87.875, 9.272931713349051e-23, nan 
-83.625, 87.875, 9.437506707902694e-23, nan 
-83.375, 87.875, 8.527785546119238e-23, nan 
-83.125, 87.875, 8.32161960698657e-23, nan 
-82.875, 87.875, 7.004074944703838e-23, nan 
-82.625, 87.875, 6.531954117435676e-23, nan 
-82.375, 87.875, 1.154691573796396e-22, nan 
-82.125, 87.875, 1.020211481479999e-22, nan 
-81.875, 87.875, 1.0014062198314071e-22, nan 
-81.625, 87.875, 1.1358974661507708e-22, nan 
-81.375, 87.875, 1.4033214204055392e-22, nan 
-81.125, 87.875, 1.4895607050802547e-22, nan 
-80.875, 87.875, 1.3910874845941228e-22, nan 
-80.625, 87.875, 1.2064104188020665e-22, nan 
-80.375, 87.875, 1.346547317314113e-22, nan 
-80.125, 87.875, 1.5531932900648577e-22, nan 
-79.875, 87.875, 1.7493480049693605e-22, nan 
-79.625, 87.875, 1.7495044514421717e-22, nan 
-79.375, 87.875, 1.6168569325562894e-22, nan 
-79.125, 87.875, 1.5638487563781642e-22, nan 
-78.875, 87.875, 1.5491252602574682e-22, nan 
-78.625, 87.875, 1.6160265131466391e-22, nan 
-78.375, 87.875, 1.534458947235562e-22, nan 
-78.125, 87.875, 1.4769000388701868e-22, nan 
-77.875, 87.875, 1.2015633328180088e-22, nan 
-77.625, 87.875, 1.6562318430212708e-22, nan 
-77.375, 87.875, 1.232780621065502e-22, nan 
-77.125, 87.875, 1.3890814489018592e-22, nan 
-76.875, 87.875, 1.3977894001586928e-22, nan 
-76.625, 87.875, 1.083356955588518e-22, nan 
-76.375, 87.875, 1.0161116524413384e-22, nan 
-76.125, 87.875, 9.911354652070439e-23, nan 
-75.875, 87.875, 9.650215071024118e-23, nan 
-75.625, 87.875, 1.749500702745369e-22, nan 
-75.375, 87.875, 1.127429303183464e-22, nan 
-75.125, 87.875, 1.2247813673485356e-22, nan 
-74.875, 87.875, 1.413323112834095e-22, nan 
-74.625, 87.875, 1.9112098199418856e-22, nan 
-74.375, 87.875, 2.1220170070609765e-22, nan 
-74.125, 87.875, 1.9185739549436703e-22, nan 
-73.875, 87.875, 1.7791331559229048e-22, nan 
-73.625, 87.875, 1.970880345942919e-22, nan 
-73.375, 87.875, 2.290311865799584e-22, nan 
-73.125, 87.875, 2.4288208792085363e-22, nan 
-72.875, 87.875, 1.7889328153457962e-22, nan 
-72.625, 87.875, 1.660969423650174e-22, nan 
-72.375, 87.875, 1.7099342461050153e-22, nan 
-72.125, 87.875, 1.790036521552451e-22, nan 
-71.875, 87.875, 1.973187845746288e-22, nan 
-71.625, 87.875, 1.8079887409067977e-22, nan 
-71.375, 87.875, 1.5697770981061698e-22, nan 
-71.125, 87.875, 1.6108946972088548e-22, nan 
-70.875, 87.875, 1.9357580175113596e-22, nan 
-70.625, 87.875, 1.9892101387971791e-22, nan 
-70.375, 87.875, 1.9498097213823847e-22, nan 
-70.125, 87.875, 2.0880162425554568e-22, nan 
-69.875, 87.875, 2.186145527192233e-22, nan 
-69.625, 87.875, 2.0256019552405117e-22, nan 
-69.375, 87.875, 1.9318260754678256e-22, nan 
-69.125, 87.875, 1.8095091173772305e-22, nan 
-68.875, 87.875, 1.6457018722422583e-22, nan 
-68.625, 87.875, 1.6020639819279493e-22, nan 
-68.375, 87.875, 1.7524411057602257e-22, nan 
-68.125, 87.875, 2.1482029756669294e-22, nan 
-67.875, 87.875, 2.3390869890538204e-22, nan 
-67.625, 87.875, 2.362706756442749e-22, nan 
-67.375, 87.875, 2.344247279788581e-22, nan 
-67.125, 87.875, 2.193299718301506e-22, nan 
-66.875, 87.875, 1.9041275891422739e-22, nan 
-66.625, 87.875, 1.7541261104927835e-22, nan 
-66.375, 87.875, 1.6026608383329602e-22, nan 
-66.125, 87.875, 1.4976897242016038e-22, nan 
-65.875, 87.875, 1.4731534358445654e-22, nan 
-65.625, 87.875, 1.5150444532030936e-22, nan 
-65.375, 87.875, 1.5704517734898886e-22, nan 
-65.125, 87.875, 1.7637147955997142e-22, nan 
-64.875, 87.875, 1.700233835652741e-22, nan 
-64.625, 87.875, 1.497003623115743e-22, nan 
-64.375, 87.875, 1.2345988285432193e-22, nan 
-64.125, 87.875, 1.5361061690891676e-22, nan 
-63.875, 87.875, 1.8356854807874324e-22, nan 
-63.625, 87.875, 1.3292176592073577e-22, nan 
-63.375, 87.875, 1.6344926530913225e-22, nan 
-63.125, 87.875, 3.2356520576681625e-22, nan 
-62.875, 87.875, 2.7786679655559556e-22, nan 
-62.625, 87.875, 2.583954850559434e-22, nan 
-62.375, 87.875, 2.491998675742186e-22, nan 
-62.125, 87.875, 2.3828305326580837e-22, nan 
-61.875, 87.875, 2.2251991872706506e-22, nan 
-61.625, 87.875, 2.285928117404494e-22, nan 
-61.375, 87.875, 2.460296768924181e-22, nan 
-61.125, 87.875, 2.2796332111389563e-22, nan 
-60.875, 87.875, 1.9201302156447368e-22, nan 
-60.625, 87.875, 1.674287104143781e-22, nan 
-60.375, 87.875, 1.3012492727572093e-22, nan 
-60.125, 87.875, 1.2360156381492426e-22, nan 
-59.875, 87.875, 1.8558733494345908e-22, nan 
-59.625, 87.875, 9.657918670383506e-23, nan 
-59.375, 87.875, 1.1335879946070435e-22, nan 
-59.125, 87.875, 1.6565297977698455e-22, nan 
-58.875, 87.875, 1.5563700247287824e-22, nan 
-58.625, 87.875, 1.602177316018482e-22, nan 
-58.375, 87.875, 1.9710153113560531e-22, nan 
-58.125, 87.875, 2.1489624240643483e-22, nan 
-57.875, 87.875, 1.831732491532225e-22, nan 
-57.625, 87.875, 1.4290732875524184e-22, nan 
-57.375, 87.875, 1.7058320100513584e-22, nan 
-57.125, 87.875, 1.8735158020348645e-22, nan 
-56.875, 87.875, 1.5920264845360674e-22, nan 
-56.625, 87.875, 1.1676904446083359e-22, nan 
-56.375, 87.875, 1.2665345768526756e-22, nan 
-56.125, 87.875, 1.247185240914091e-22, nan 
-55.875, 87.875, 2.031144898714448e-22, nan 
-55.625, 87.875, 2.6304422607797786e-22, nan 
-55.375, 87.875, 2.6035612346247805e-22, nan 
-55.125, 87.875, 2.615972925124217e-22, nan 
-54.875, 87.875, 2.429887859605014e-22, nan 
-54.625, 87.875, 2.237181511402614e-22, nan 
-54.375, 87.875, 1.866967845770245e-22, nan 
-54.125, 87.875, 2.224433481658376e-22, nan 
-53.875, 87.875, 3.1151795523143087e-22, nan 
-53.625, 87.875, 3.3730636612667985e-22, nan 
-53.375, 87.875, 1.8377766880236373e-22, nan 
-53.125, 87.875, 1.725566590836524e-22, nan 
-52.875, 87.875, 1.7959212548273642e-22, nan 
-52.625, 87.875, 2.1169389729780227e-22, nan 
-52.375, 87.875, 3.1908563049636224e-22, nan 
-52.125, 87.875, 3.819641504161033e-22, nan 
-51.875, 87.875, 5.490532797852221e-22, nan 
-51.625, 87.875, 6.669600571086711e-22, nan 
-51.375, 87.875, 7.124977254210197e-22, nan 
-51.125, 87.875, 6.35256351976543e-22, nan 
-50.875, 87.875, 4.910667696883863e-22, nan 
-50.625, 87.875, 4.288898380589945e-22, nan 
-50.375, 87.875, 3.0886746514764235e-22, nan 
-50.125, 87.875, 1.995807494758622e-22, nan 
-49.875, 87.875, 3.414119036456309e-22, nan 
-49.625, 87.875, 3.0879741569789933e-22, nan 
-49.375, 87.875, 2.9546999123828022e-22, nan 
-49.125, 87.875, 3.04790460746172e-22, nan 
-48.875, 87.875, 3.1138774332663967e-22, nan 
-48.625, 87.875, 2.3297293064430204e-22, nan 
-48.375, 87.875, 2.0573517576922606e-22, nan 
-48.125, 87.875, 1.928548684568796e-22, nan 
-47.875, 87.875, 1.921415627661532e-22, nan 
-47.625, 87.875, 2.1083087455403512e-22, nan 
-47.375, 87.875, 3.9921135676749174e-22, nan 
-47.125, 87.875, 3.596165929575843e-22, nan 
-46.875, 87.875, 2.605626527220965e-22, nan 
-46.625, 87.875, 2.420500824675239e-22, nan 
-46.375, 87.875, 2.0232957576742863e-22, nan 
-46.125, 87.875, 1.5297508513174008e-22, nan 
-45.875, 87.875, 1.6369485610733145e-22, nan 
-45.625, 87.875, 2.3361515096783966e-22, nan 
-45.375, 87.875, 3.910190589456816e-22, nan 
-45.125, 87.875, 6.978829468148965e-22, nan 
-44.875, 87.875, 8.64234910307933e-22, nan 
-44.625, 87.875, 9.131199795767715e-22, nan 
-44.375, 87.875, 7.299742943372242e-22, nan 
-44.125, 87.875, 5.01577424133998e-22, nan 
-43.875, 87.875, 4.2110282777335794e-22, nan 
-43.625, 87.875, 3.7921310403304917e-22, nan 
-43.375, 87.875, 2.5833316412416584e-22, nan 
-43.125, 87.875, 4.484053525656724e-22, nan 
-42.875, 87.875, 3.4278140800378737e-22, nan 
-42.625, 87.875, 2.7946374780970544e-22, nan 
-42.375, 87.875, 2.5043129387171095e-22, nan 
-42.125, 87.875, 2.7505625211090234e-22, nan 
-41.875, 87.875, 3.7160408899572924e-22, nan 
-41.625, 87.875, 3.8886554278071767e-22, nan 
-41.375, 87.875, 2.737573887420988e-22, nan 
-41.125, 87.875, 2.1446746993391375e-22, nan 
-40.875, 87.875, 2.1104779686370025e-22, nan 
-40.625, 87.875, 4.578354977801569e-22, nan 
-40.375, 87.875, 3.678714080723794e-22, nan 
-40.125, 87.875, 2.6832907458606955e-22, nan 
-39.875, 87.875, 2.9238827719909517e-22, nan 
-39.625, 87.875, 3.1494777012893897e-22, nan 
-39.375, 87.875, 3.549855205861994e-22, nan 
-39.125, 87.875, 3.6089263540322875e-22, nan 
-38.875, 87.875, 3.3842091244934357e-22, nan 
-38.625, 87.875, 3.78986442708868e-22, nan 
-38.375, 87.875, 4.64657858004467e-22, nan 
-38.125, 87.875, 5.866423430090394e-22, nan 
-37.875, 87.875, 5.906922229215319e-22, nan 
-37.625, 87.875, 4.889197844522492e-22, nan 
-37.375, 87.875, 3.4644176112566104e-22, nan 
-37.125, 87.875, 4.205378001895664e-22, nan 
-36.875, 87.875, 5.2581405326657445e-22, nan 
-36.625, 87.875, 6.519227738429083e-22, nan 
-36.375, 87.875, 6.169215362097536e-22, nan 
-36.125, 87.875, 5.506704274893258e-22, nan 
-35.875, 87.875, 4.770759736742503e-22, nan 
-35.625, 87.875, 3.604165052772482e-22, nan 
-35.375, 87.875, 2.6389844341833438e-22, nan 
-35.125, 87.875, 4.1811229002766816e-22, nan 
-34.875, 87.875, 5.35861189011927e-22, nan 
-34.625, 87.875, 6.220172985903172e-22, nan 
-34.375, 87.875, 5.988003280943501e-22, nan 
-34.125, 87.875, 2.675297515764571e-22, nan 
-33.875, 87.875, 1.931839628646962e-22, nan 
-33.625, 87.875, 6.370819710125228e-23, nan 
-33.375, 87.875, 1.4413200622092271e-22, nan 
-33.125, 87.875, 1.7673671048225726e-22, nan 
-32.875, 87.875, 2.4709650559954194e-22, nan 
-32.625, 87.875, 2.816042135702161e-22, nan 
-32.375, 87.875, 3.18046892702191e-22, nan 
-32.125, 87.875, 2.9880570124364677e-22, nan 
-31.875, 87.875, 3.157402060961302e-22, nan 
-31.625, 87.875, 2.5903428657869953e-22, nan 
-31.375, 87.875, 2.0654984234183704e-22, nan 
-31.125, 87.875, 1.564366600450888e-22, nan 
-30.875, 87.875, 3.747648743778792e-22, nan 
-30.625, 87.875, 4.555295791708349e-22, nan 
-30.375, 87.875, 4.981393323965712e-22, nan 
-30.125, 87.875, 6.285065663792261e-22, nan 
-29.875, 87.875, 8.417016572207904e-22, nan 
-29.625, 87.875, 8.064678281652847e-22, nan 
-29.375, 87.875, 7.421190593217008e-22, nan 
-29.125, 87.875, 6.244572275239779e-22, nan 
-28.875, 87.875, 4.841800893982648e-22, nan 
-28.625, 87.875, 2.756788780039784e-22, nan 
-28.375, 87.875, 9.857037230314732e-23, nan 
-28.125, 87.875, 1.7968734705829726e-22, nan 
-27.875, 87.875, 4.2270341127936564e-22, nan 
-27.625, 87.875, 5.892430242262987e-22, nan 
-27.375, 87.875, 6.890220841749948e-22, nan 
-27.125, 87.875, 5.173068857723921e-22, nan 
-26.875, 87.875, 3.1136572627594742e-22, nan 
-26.625, 87.875, 2.644887375543287e-22, nan 
-26.375, 87.875, 2.900686539702045e-22, nan 
-26.125, 87.875, 3.543013862385612e-22, nan 
-25.875, 87.875, 4.505944875835762e-22, nan 
-25.625, 87.875, 4.4965830629147395e-22, nan 
-25.375, 87.875, 3.3587147380942713e-22, nan 
-25.125, 87.875, 2.3802210854059478e-22, nan 
-24.875, 87.875, 2.637413740883736e-22, nan 
-24.625, 87.875, 2.3039531368530653e-22, nan 
-24.375, 87.875, 1.5773733765548813e-22, nan 
-24.125, 87.875, 3.7714027441389225e-22, nan 
-23.875, 87.875, 2.9812923498689446e-22, nan 
-23.625, 87.875, 5.291809321418423e-22, nan 
-23.375, 87.875, 7.546513625701734e-22, nan 
-23.125, 87.875, 5.858209900553704e-22, nan 
-22.875, 87.875, 4.999867835031022e-22, nan 
-22.625, 87.875, 3.967449616956797e-22, nan 
-22.375, 87.875, 3.8118345718646055e-22, nan 
-22.125, 87.875, 4.318668816162451e-22, nan 
-21.875, 87.875, 4.498633569413357e-22, nan 
-21.625, 87.875, 4.391411869998684e-22, nan 
-21.375, 87.875, 4.118199847216362e-22, nan 
-21.125, 87.875, 6.460006098826106e-22, nan 
-20.875, 87.875, 6.710029321294409e-22, nan 
-20.625, 87.875, 8.362343414750854e-22, nan 
-20.375, 87.875, 6.567780855094167e-22, nan 
-20.125, 87.875, 4.4292921765840015e-22, nan 
-19.875, 87.875, 3.695140041173326e-22, nan 
-19.625, 87.875, 3.515737561121085e-22, nan 
-19.375, 87.875, 4.0299469644698726e-22, nan 
-19.125, 87.875, 5.586571230108745e-22, nan 
-18.875, 87.875, 5.5620711479761535e-22, nan 
-18.625, 87.875, 3.943553267312173e-22, nan 
-18.375, 87.875, 4.367079208148931e-22, nan 
-18.125, 87.875, 4.925549836344032e-22, nan 
-17.875, 87.875, 4.978875925428524e-22, nan 
-17.625, 87.875, 5.137857169726482e-22, nan 
-17.375, 87.875, 5.158677337351219e-22, nan 
-17.125, 87.875, 5.247346072971067e-22, nan 
-16.875, 87.875, 4.19182048701288e-22, nan 
-16.625, 87.875, 4.293401955750858e-22, nan 
-16.375, 87.875, 3.6555481972811766e-22, nan 
-16.125, 87.875, 3.15130113547611e-22, nan 
-15.875, 87.875, 2.8562892217575893e-22, nan 
-15.625, 87.875, 2.6440266065247945e-22, nan 
-15.375, 87.875, 2.6636493485521557e-22, nan 
-15.125, 87.875, 2.4485938234168096e-22, nan 
-14.875, 87.875, 2.7661513579361625e-22, nan 
-14.625, 87.875, 3.92497083926904e-22, nan 
-14.375, 87.875, 5.406723705269475e-22, nan 
-14.125, 87.875, 3.7106845168068805e-22, nan 
-13.875, 87.875, 5.138712164351501e-22, nan 
-13.625, 87.875, 5.372165095073328e-22, nan 
-13.375, 87.875, 5.8612858675645755e-22, nan 
-13.125, 87.875, 6.717285728015387e-22, nan 
-12.875, 87.875, 8.038110195552018e-22, nan 
-12.625, 87.875, 8.684256002846786e-22, nan 
-12.375, 87.875, 8.788241525132485e-22, nan 
-12.125, 87.875, 7.734532290353175e-22, nan 
-11.875, 87.875, 6.693883975103598e-22, nan 
-11.625, 87.875, 5.50873528372985e-22, nan 
-11.375, 87.875, 4.434779237823477e-22, nan 
-11.125, 87.875, 3.772867829597632e-22, nan 
-10.875, 87.875, 3.8810032048570622e-22, nan 
-10.625, 87.875, 4.406625653236232e-22, nan 
-10.375, 87.875, 4.297167514525482e-22, nan 
-10.125, 87.875, 3.6429145495704307e-22, nan 
-9.875, 87.875, 3.768386413563995e-22, nan 
-9.625, 87.875, 4.716311872982855e-22, nan 
-9.375, 87.875, 7.08278413475148e-22, nan 
-9.125, 87.875, 3.6900450769477244e-22, nan 
-8.875, 87.875, 2.7434108141438314e-22, nan 
-8.625, 87.875, 2.6015248733460065e-22, nan 
-8.375, 87.875, 2.2170699546605554e-22, nan 
-8.125, 87.875, 2.4503716808998994e-22, nan 
-7.875, 87.875, 3.3271608236370644e-22, nan 
-7.625, 87.875, 6.237929277354495e-22, nan 
-7.375, 87.875, 5.419906527733597e-22, nan 
-7.125, 87.875, 3.75249648150855e-22, nan 
-6.875, 87.875, 3.9375482685612436e-22, nan 
-6.625, 87.875, 5.110357479932675e-22, nan 
-6.375, 87.875, 7.44516392883002e-22, nan 
-6.125, 87.875, 1.0418814387573986e-21, nan 
-5.875, 87.875, 1.15937853163073e-21, nan 
-5.625, 87.875, 1.0867047162196828e-21, nan 
-5.375, 87.875, 9.335786744512254e-22, nan 
-5.125, 87.875, 8.46897622903824e-22, nan 
-4.875, 87.875, 5.482932086348607e-22, nan 
-4.625, 87.875, 4.2301689053746745e-22, nan 
-4.375, 87.875, 3.470018333606867e-22, nan 
-4.125, 87.875, 2.280121884904388e-22, nan 
-3.875, 87.875, 2.036065513698685e-22, nan 
-3.625, 87.875, 1.5543341093758052e-22, nan 
-3.375, 87.875, 1.0675469538183843e-22, nan 
-3.125, 87.875, 2.5400097851996445e-22, nan 
-2.875, 87.875, 6.02167295628508e-22, nan 
-2.625, 87.875, 1.2229648902599333e-21, nan 
-2.375, 87.875, 4.974999598964896e-22, nan 
-2.125, 87.875, 3.046125446787476e-22, nan 
-1.875, 87.875, 3.3228566617462597e-22, nan 
-1.625, 87.875, 3.5050034756074326e-22, nan 
-1.375, 87.875, 4.461183915604123e-22, nan 
-1.125, 87.875, 6.666769769186697e-22, nan 
-0.875, 87.875, 1.340787750268424e-21, nan 
-0.625, 87.875, 1.2738257789436529e-21, nan 
-0.375, 87.875, 1.0092987566915707e-21, nan 
-0.125, 87.875, 8.249868723819074e-22, nan 
0.125, 87.875, 6.957010558562712e-22, nan 
0.375, 87.875, 7.0625807106446e-22, nan 
0.625, 87.875, 8.991689947748574e-22, nan 
0.875, 87.875, 9.99210130338941e-22, nan 
1.125, 87.875, 9.130461628932726e-22, nan 
1.375, 87.875, 7.92998705828335e-22, nan 
1.625, 87.875, 7.362875368348118e-22, nan 
1.875, 87.875, 5.440325609068639e-22, nan 
2.125, 87.875, 4.459537612189026e-22, nan 
2.375, 87.875, 3.3099751886021286e-22, nan 
2.625, 87.875, 2.313291367543855e-22, nan 
2.875, 87.875, 1.8571734082173868e-22, nan 
3.125, 87.875, 1.4694591047188e-22, nan 
3.375, 87.875, 1.3025487538496545e-22, nan 
3.625, 87.875, 1.9396621108204785e-22, nan 
3.875, 87.875, 3.740084617341423e-22, nan 
4.125, 87.875, 6.962567820163655e-22, nan 
4.375, 87.875, 3.3425120437942607e-22, nan 
4.625, 87.875, 1.7667419057480687e-22, nan 
4.875, 87.875, 1.9220902338020835e-22, nan 
5.125, 87.875, 2.4857073198825924e-22, nan 
5.375, 87.875, 3.308194198543685e-22, nan 
5.625, 87.875, 5.092565067547249e-22, nan 
5.875, 87.875, 8.435341922558054e-22, nan 
6.125, 87.875, 7.159347313524581e-22, nan 
6.375, 87.875, 5.805189757649521e-22, nan 
6.625, 87.875, 4.95598697582114e-22, nan 
6.875, 87.875, 4.1953444907530536e-22, nan 
7.125, 87.875, 2.896322976855926e-22, nan 
7.375, 87.875, 1.927638451192563e-22, nan 
7.625, 87.875, 2.0604409436597416e-22, nan 
7.875, 87.875, 1.5642152033210442e-22, nan 
8.125, 87.875, 1.3599095479837108e-22, nan 
8.375, 87.875, 1.2591892995249851e-22, nan 
8.625, 87.875, 3.6293860688176446e-22, nan 
8.875, 87.875, 2.978697634445978e-22, nan 
9.125, 87.875, 1.8430605106271186e-22, nan 
9.375, 87.875, 1.352927452728735e-22, nan 
9.625, 87.875, 1.1460787400556941e-22, nan 
9.875, 87.875, 1.0500143155990857e-22, nan 
10.125, 87.875, 1.0697767603713612e-22, nan 
10.375, 87.875, 1.0444325801385872e-22, nan 
10.625, 87.875, 9.85888645533677e-23, nan 
10.875, 87.875, 1.1944925008054693e-22, nan 
11.125, 87.875, 1.3415211007581115e-22, nan 
11.375, 87.875, 1.7325797907918378e-22, nan 
11.625, 87.875, 2.705896159719333e-22, nan 
11.875, 87.875, 3.958911093377224e-22, nan 
12.125, 87.875, 4.78116399778335e-22, nan 
12.375, 87.875, 5.367390286725256e-22, nan 
12.625, 87.875, 2.0070016769190895e-22, nan 
12.875, 87.875, 2.0478034543242775e-22, nan 
13.125, 87.875, 2.1546357407556263e-22, nan 
13.375, 87.875, 1.4041320719875165e-22, nan 
13.625, 87.875, 2.5639585729406353e-22, nan 
13.875, 87.875, 1.428901370607112e-22, nan 
14.125, 87.875, 2.128579465825238e-22, nan 
14.375, 87.875, 2.707985997849265e-22, nan 
14.625, 87.875, 2.0284505143891512e-22, nan 
14.875, 87.875, 2.0877710597058474e-22, nan 
15.125, 87.875, 2.2197842104555805e-22, nan 
15.375, 87.875, 2.3316074299774495e-22, nan 
15.625, 87.875, 2.3412454532420075e-22, nan 
15.875, 87.875, 1.428543151770909e-22, nan 
16.125, 87.875, 9.814844339553676e-23, nan 
16.375, 87.875, 1.7226725343771824e-22, nan 
16.625, 87.875, 2.147206703823659e-22, nan 
16.875, 87.875, 2.0960378849801986e-22, nan 
17.125, 87.875, 1.7567024062740936e-22, nan 
17.375, 87.875, 1.368327913634671e-22, nan 
17.625, 87.875, 1.1386601883583636e-22, nan 
17.875, 87.875, 1.1136005812630972e-22, nan 
18.125, 87.875, 1.1434295325207765e-22, nan 
18.375, 87.875, 9.562280979566947e-23, nan 
18.625, 87.875, 7.091894066607916e-23, nan 
18.875, 87.875, 7.793382054872631e-23, nan 
19.125, 87.875, 1.2067377921161457e-22, nan 
19.375, 87.875, 1.0033034530421715e-22, nan 
19.625, 87.875, 7.909731515162432e-23, nan 
19.875, 87.875, 1.0622574118889642e-22, nan 
20.125, 87.875, 1.3902379070533703e-22, nan 
20.375, 87.875, 2.0265726650313083e-22, nan 
20.625, 87.875, 2.4949369336287085e-22, nan 
20.875, 87.875, 2.2627089640929955e-22, nan 
21.125, 87.875, 2.1418550709510694e-22, nan 
21.375, 87.875, 1.9560934253795337e-22, nan 
21.625, 87.875, 1.8759728062966888e-22, nan 
21.875, 87.875, 1.8973211818022552e-22, nan 
22.125, 87.875, 1.8895591212116878e-22, nan 
22.375, 87.875, 1.8073576109269767e-22, nan 
22.625, 87.875, 1.6211889679966368e-22, nan 
22.875, 87.875, 1.5000607594008993e-22, nan 
23.125, 87.875, 1.2904409935954776e-22, nan 
23.375, 87.875, 1.2767900940163133e-22, nan 
23.625, 87.875, 1.3167492193029424e-22, nan 
23.875, 87.875, 1.266903159592573e-22, nan 
24.125, 87.875, 1.194604725179943e-22, nan 
24.375, 87.875, 1.0507446789156186e-22, nan 
24.625, 87.875, 9.658881676824657e-23, nan 
24.875, 87.875, 1.1166714650761267e-22, nan 
25.125, 87.875, 9.393804877790415e-23, nan 
25.375, 87.875, 1.2003287353893513e-22, nan 
25.625, 87.875, 1.9114051347751206e-22, nan 
25.875, 87.875, 2.9389546577089642e-22, nan 
26.125, 87.875, 2.1690612801557296e-22, nan 
26.375, 87.875, 1.144587314204289e-22, nan 
26.625, 87.875, 8.891975704829491e-23, nan 
26.875, 87.875, 9.173750161640913e-23, nan 
27.125, 87.875, 1.1934959092568027e-22, nan 
27.375, 87.875, 1.4032637217180148e-22, nan 
27.625, 87.875, 1.4473028166533648e-22, nan 
27.875, 87.875, 1.5374890680444889e-22, nan 
28.125, 87.875, 1.1888096458010922e-22, nan 
28.375, 87.875, 8.982883646174053e-23, nan 
28.625, 87.875, 7.639877930376869e-23, nan 
28.875, 87.875, 7.680606476871307e-23, nan 
29.125, 87.875, 7.336233001138071e-23, nan 
29.375, 87.875, 7.45913893001624e-23, nan 
29.625, 87.875, 6.999053299397638e-23, nan 
29.875, 87.875, 6.38325081205543e-23, nan 
30.125, 87.875, 6.210889766833758e-23, nan 
30.375, 87.875, 6.309970806246104e-23, nan 
30.625, 87.875, 7.544207486419511e-23, nan 
30.875, 87.875, 5.2166999141132127e-23, nan 
31.125, 87.875, 9.066294445847188e-23, nan 
31.375, 87.875, 9.084654767361761e-23, nan 
31.625, 87.875, 9.521129754879352e-23, nan 
31.875, 87.875, 8.889232058133843e-23, nan 
32.125, 87.875, 9.632998955207164e-23, nan 
32.375, 87.875, 1.227998664376137e-22, nan 
32.625, 87.875, 1.6170294772763876e-22, nan 
32.875, 87.875, 1.2737523326086282e-22, nan 
33.125, 87.875, 1.0271936065101888e-22, nan 
33.375, 87.875, 8.604957122404271e-23, nan 
33.625, 87.875, 8.700715234297094e-23, nan 
33.875, 87.875, 6.171217177709223e-23, nan 
34.125, 87.875, 5.034605100151283e-23, nan 
34.375, 87.875, 9.267003937800749e-23, nan 
34.625, 87.875, 5.898888067563862e-23, nan 
34.875, 87.875, 6.112294968353934e-23, nan 
35.125, 87.875, 5.838880514973382e-23, nan 
35.375, 87.875, 7.396461715736866e-23, nan 
35.625, 87.875, 9.713412501931823e-23, nan 
35.875, 87.875, 1.371192666321897e-22, nan 
36.125, 87.875, 1.308965826199743e-22, nan 
36.375, 87.875, 1.1924419037243073e-22, nan 
36.625, 87.875, 1.0504369590073628e-22, nan 
36.875, 87.875, 9.724867486958866e-23, nan 
37.125, 87.875, 8.534329011506725e-23, nan 
37.375, 87.875, 8.268540512412004e-23, nan 
37.625, 87.875, 9.021910139448526e-23, nan 
37.875, 87.875, 1.0178411513470166e-22, nan 
38.125, 87.875, 1.0633151718942067e-22, nan 
38.375, 87.875, 1.0344018024572306e-22, nan 
38.625, 87.875, 1.0100293867564301e-22, nan 
38.875, 87.875, 8.228779017534736e-23, nan 
39.125, 87.875, 1.0320532338899019e-22, nan 
39.375, 87.875, 1.1107960740627634e-22, nan 
39.625, 87.875, 1.1131703293418786e-22, nan 
39.875, 87.875, 1.3851961416364422e-22, nan 
40.125, 87.875, 1.2023270856461686e-22, nan 
40.375, 87.875, 1.0778422564230202e-22, nan 
40.625, 87.875, 9.881619545793504e-23, nan 
40.875, 87.875, 9.632719627521973e-23, nan 
41.125, 87.875, 1.0989229098820688e-22, nan 
41.375, 87.875, 1.0085493315230838e-22, nan 
41.625, 87.875, 1.018941670055122e-22, nan 
41.875, 87.875, 1.1331746016779063e-22, nan 
42.125, 87.875, 1.615413729708746e-22, nan 
42.375, 87.875, 2.0634594400450265e-22, nan 
42.625, 87.875, 2.3423490972938355e-22, nan 
42.875, 87.875, 2.2175247720209576e-22, nan 
43.125, 87.875, 1.8990938424362614e-22, nan 
43.375, 87.875, 1.4308760215057076e-22, nan 
43.625, 87.875, 8.650039758180724e-23, nan 
43.875, 87.875, 3.189871431506297e-23, nan 
44.125, 87.875, 2.670195593852669e-23, nan 
44.375, 87.875, 4.2128048367948864e-23, nan 
44.625, 87.875, 6.256907764128715e-23, nan 
44.875, 87.875, 7.159054896801402e-23, nan 
45.125, 87.875, 6.543872768893853e-23, nan 
45.375, 87.875, 3.1989355968088983e-23, nan 
45.625, 87.875, 3.435758676735882e-23, nan 
45.875, 87.875, 6.793397808031444e-23, nan 
46.125, 87.875, 8.885132798839711e-23, nan 
46.375, 87.875, 9.401186328991336e-23, nan 
46.625, 87.875, 1.1059171041944118e-22, nan 
46.875, 87.875, 1.5572736513350097e-22, nan 
47.125, 87.875, 1.640098649830314e-22, nan 
47.375, 87.875, 1.7623743965441645e-22, nan 
47.625, 87.875, 1.8581410629787584e-22, nan 
47.875, 87.875, 1.694596208365005e-22, nan 
48.125, 87.875, 1.466470477278145e-22, nan 
48.375, 87.875, 1.0951754811988119e-22, nan 
48.625, 87.875, 8.047723921341917e-23, nan 
48.875, 87.875, 1.187480347707058e-22, nan 
49.125, 87.875, 1.6113290349508351e-22, nan 
49.375, 87.875, 1.833511606154708e-22, nan 
49.625, 87.875, 1.7394401338498711e-22, nan 
49.875, 87.875, 1.483341378260274e-22, nan 
50.125, 87.875, 1.0989971494093107e-22, nan 
50.375, 87.875, 7.022367393190285e-23, nan 
50.625, 87.875, 6.686372660655868e-23, nan 
50.875, 87.875, 7.832662268661601e-23, nan 
51.125, 87.875, 6.039081218942789e-23, nan 
51.375, 87.875, 5.617558114223976e-23, nan 
51.625, 87.875, 5.490065558121866e-23, nan 
51.875, 87.875, 5.878527769598424e-23, nan 
52.125, 87.875, 6.126823253050874e-23, nan 
52.375, 87.875, 6.344190540381334e-23, nan 
52.625, 87.875, 6.984872019311938e-23, nan 
52.875, 87.875, 7.470855691214189e-23, nan 
53.125, 87.875, 6.592591680150625e-23, nan 
53.375, 87.875, 7.9905659519566e-23, nan 
53.625, 87.875, 1.2283950758253173e-22, nan 
53.875, 87.875, 1.4341254253496592e-22, nan 
54.125, 87.875, 1.640518287860367e-22, nan 
54.375, 87.875, 1.8609159641027018e-22, nan 
54.625, 87.875, 1.5820250758930579e-22, nan 
54.875, 87.875, 1.0965533113442561e-22, nan 
55.125, 87.875, 3.8924927386959385e-23, nan 
55.375, 87.875, 5.272702127319994e-23, nan 
55.625, 87.875, 5.975733823714274e-23, nan 
55.875, 87.875, 7.265054780479279e-23, nan 
56.125, 87.875, 1.1047842453131997e-22, nan 
56.375, 87.875, 1.618282621138776e-22, nan 
56.625, 87.875, 1.772972348319828e-22, nan 
56.875, 87.875, 1.5640066525501585e-22, nan 
57.125, 87.875, 1.480567806143853e-22, nan 
57.375, 87.875, 1.5494272773419685e-22, nan 
57.625, 87.875, 1.5971757512119835e-22, nan 
57.875, 87.875, 1.6530099741269106e-22, nan 
58.125, 87.875, 1.7056073758567735e-22, nan 
58.375, 87.875, 1.8243532445375419e-22, nan 
58.625, 87.875, 1.9837899214946e-22, nan 
58.875, 87.875, 1.9109502775512365e-22, nan 
59.125, 87.875, 1.866130340008151e-22, nan 
59.375, 87.875, 1.7521233044701344e-22, nan 
59.625, 87.875, 1.6609524338414832e-22, nan 
59.875, 87.875, 1.5020150597281257e-22, nan 
60.125, 87.875, 1.3816629909821085e-22, nan 
60.375, 87.875, 1.3489251601379778e-22, nan 
60.625, 87.875, 1.3755814427283705e-22, nan 
60.875, 87.875, 8.692921726296438e-23, nan 
61.125, 87.875, 1.3410322340150375e-22, nan 
61.375, 87.875, 1.3474160396361538e-22, nan 
61.625, 87.875, 1.4194534102764922e-22, nan 
61.875, 87.875, 1.3394104710921596e-22, nan 
62.125, 87.875, 1.3122586819822331e-22, nan 
62.375, 87.875, 1.2216756168191841e-22, nan 
62.625, 87.875, 1.1588191137917632e-22, nan 
62.875, 87.875, 1.472948279100781e-22, nan 
63.125, 87.875, 2.26860148205826e-22, nan 
63.375, 87.875, 2.0991689439117673e-22, nan 
63.625, 87.875, 1.629624834836218e-22, nan 
63.875, 87.875, 1.4071910110544888e-22, nan 
64.125, 87.875, 1.7166512523265382e-22, nan 
64.375, 87.875, 2.4602707173537736e-22, nan 
64.625, 87.875, 2.7352296800206657e-22, nan 
64.875, 87.875, 3.004836636055637e-22, nan 
65.125, 87.875, 3.656742877889694e-22, nan 
65.375, 87.875, 3.48946904954095e-22, nan 
65.625, 87.875, 3.2292236917127556e-22, nan 
65.875, 87.875, 3.165994612656826e-22, nan 
66.125, 87.875, 3.1120145696239745e-22, nan 
66.375, 87.875, 3.0899344947263417e-22, nan 
66.625, 87.875, 3.095149016194842e-22, nan 
66.875, 87.875, 2.6951572952979345e-22, nan 
67.125, 87.875, 2.6307829003890054e-22, nan 
67.375, 87.875, 2.3299734942143465e-22, nan 
67.625, 87.875, 1.3639630607565978e-22, nan 
67.875, 87.875, 2.12809505537886e-22, nan 
68.125, 87.875, 2.2895441913882815e-22, nan 
68.375, 87.875, 2.6673450212381477e-22, nan 
68.625, 87.875, 2.6552005167767807e-22, nan 
68.875, 87.875, 2.7280330856803824e-22, nan 
69.125, 87.875, 2.67098063922288e-22, nan 
69.375, 87.875, 1.5096459334356093e-22, nan 
69.625, 87.875, 1.5514971185578212e-22, nan 
69.875, 87.875, 1.5613513290737145e-22, nan 
70.125, 87.875, 1.6886408568298433e-22, nan 
70.375, 87.875, 1.656641554910617e-22, nan 
70.625, 87.875, 1.556992125447076e-22, nan 
70.875, 87.875, 1.519197905659792e-22, nan 
71.125, 87.875, 2.5811726949260845e-22, nan 
71.375, 87.875, 2.7727708701544275e-22, nan 
71.625, 87.875, 2.9187566138039455e-22, nan 
71.875, 87.875, 2.919811500384226e-22, nan 
72.125, 87.875, 2.0994672169795971e-22, nan 
72.375, 87.875, 1.994544038638391e-22, nan 
72.625, 87.875, 1.973084436752285e-22, nan 
72.875, 87.875, 1.8476803115462327e-22, nan 
73.125, 87.875, 1.8242902636382684e-22, nan 
73.375, 87.875, 2.0562334205587357e-22, nan 
73.625, 87.875, 1.5999348412795792e-22, nan 
73.875, 87.875, 1.4769401834328135e-22, nan 
74.125, 87.875, 1.698077612460703e-22, nan 
74.375, 87.875, 1.6029135770867907e-22, nan 
74.625, 87.875, 1.6567525705487418e-22, nan 
74.875, 87.875, 1.6744557129570048e-22, nan 
75.125, 87.875, 1.7293242583966004e-22, nan 
75.375, 87.875, 1.6385599044642396e-22, nan 
75.625, 87.875, 1.5495454140651838e-22, nan 
75.875, 87.875, 1.5325320815688045e-22, nan 
76.125, 87.875, 4.6807113011088307e-23, nan 
76.375, 87.875, 7.406969245079958e-23, nan 
76.625, 87.875, 9.166810044833344e-23, nan 
76.875, 87.875, 1.225718351420964e-22, nan 
77.125, 87.875, 1.2536217461085397e-22, nan 
77.375, 87.875, 1.1198113085188154e-22, nan 
77.625, 87.875, 6.382427390071832e-23, nan 
77.875, 87.875, 6.745185068290847e-23, nan 
78.125, 87.875, 8.593295528821295e-23, nan 
78.375, 87.875, 1.0763140168750957e-22, nan 
78.625, 87.875, 1.238225587239166e-22, nan 
78.875, 87.875, 1.0130056796398761e-22, nan 
79.125, 87.875, 8.684428349318625e-23, nan 
79.375, 87.875, 8.287117869969458e-23, nan 
79.625, 87.875, 7.059740190959907e-23, nan 
79.875, 87.875, 4.2496191277308437e-23, nan 
80.125, 87.875, 3.504985655475849e-23, nan 
80.375, 87.875, 3.329337419272845e-23, nan 
80.625, 87.875, 3.5469134683758904e-23, nan 
80.875, 87.875, 6.401141014098097e-23, nan 
81.125, 87.875, 7.363150057328992e-23, nan 
81.375, 87.875, 7.509762268443402e-23, nan 
81.625, 87.875, 6.943883587160074e-23, nan 
81.875, 87.875, 6.817475321543575e-23, nan 
82.125, 87.875, 6.762414994714695e-23, nan 
82.375, 87.875, 4.5953520539767287e-23, nan 
82.625, 87.875, 5.614003259728543e-23, nan 
82.875, 87.875, 6.552475433006341e-23, nan 
83.125, 87.875, 6.666143714178962e-23, nan 
83.375, 87.875, 7.138526693733317e-23, nan 
83.625, 87.875, 7.720118268386297e-23, nan 
83.875, 87.875, 7.482109184176182e-23, nan 
84.125, 87.875, 5.253549187095186e-23, nan 
84.375, 87.875, 3.690504200783834e-23, nan 
84.625, 87.875, 3.2032636559696164e-23, nan 
84.875, 87.875, 4.1627074139747525e-23, nan 
85.125, 87.875, 4.838337406614282e-23, nan 
85.375, 87.875, 6.270436676572059e-23, nan 
85.625, 87.875, 8.629559105987976e-23, nan 
85.875, 87.875, 8.8944045209962e-23, nan 
86.125, 87.875, 9.247388568161856e-23, nan 
86.375, 87.875, 8.976048800473463e-23, nan 
86.625, 87.875, 7.814020184801412e-23, nan 
86.875, 87.875, 4.194436996166851e-23, nan 
87.125, 87.875, 3.467900903518191e-23, nan 
87.375, 87.875, 3.791143439080696e-23, nan 
87.625, 87.875, 5.0756592200213166e-23, nan 
87.875, 87.875, 5.0323227496732294e-23, nan 
88.125, 87.875, 5.461435981670017e-23, nan 
88.375, 87.875, 5.580092589504434e-23, nan 
88.625, 87.875, 5.626778790997833e-23, nan 
88.875, 87.875, 6.077775873270205e-23, nan 
89.125, 87.875, 7.573115303244441e-23, nan 
89.375, 87.875, 7.62630901307832e-23, nan 
89.625, 87.875, 8.272374870585806e-23, nan 
89.875, 87.875, 8.891809932716248e-23, nan 
90.125, 87.875, 9.459060592745471e-23, nan 
90.375, 87.875, 9.739244895201376e-23, nan 
90.625, 87.875, 9.604419982501819e-23, nan 
90.875, 87.875, 7.768374857476004e-23, nan 
91.125, 87.875, 9.29147047381551e-23, nan 
91.375, 87.875, 9.279256169372233e-23, nan 
91.625, 87.875, 1.0222971843052702e-22, nan 
91.875, 87.875, 1.0013387095915525e-22, nan 
92.125, 87.875, 1.0069238620560819e-22, nan 
92.375, 87.875, 1.2772180416575394e-22, nan 
92.625, 87.875, 1.7821272736395363e-22, nan 
92.875, 87.875, 1.7709725901027695e-22, nan 
93.125, 87.875, 1.5334352716410089e-22, nan 
93.375, 87.875, 1.1743112031660552e-22, nan 
93.625, 87.875, 4.923618037348286e-23, nan 
93.875, 87.875, 5.1791859815126595e-23, nan 
94.125, 87.875, 3.669035098091633e-23, nan 
94.375, 87.875, 4.3421635466419355e-23, nan 
94.625, 87.875, 4.968851582310397e-23, nan 
94.875, 87.875, 6.648315295335599e-23, nan 
95.125, 87.875, 6.503939983684883e-23, nan 
95.375, 87.875, 6.585214781389591e-23, nan 
95.625, 87.875, 6.880191665007002e-23, nan 
95.875, 87.875, 6.486914661336281e-23, nan 
96.125, 87.875, 8.246921381573189e-23, nan 
96.375, 87.875, 1.0679017647595516e-22, nan 
96.625, 87.875, 1.3221966393176216e-22, nan 
96.875, 87.875, 1.419110602910708e-22, nan 
97.125, 87.875, 1.3306645492481133e-22, nan 
97.375, 87.875, 1.2668624984979544e-22, nan 
97.625, 87.875, 7.222758470948472e-23, nan 
97.875, 87.875, 1.4906534856509957e-22, nan 
98.125, 87.875, 1.4991554171682174e-22, nan 
98.375, 87.875, 1.7403744041193863e-22, nan 
98.625, 87.875, 1.7015096007440968e-22, nan 
98.875, 87.875, 1.3084744926720682e-22, nan 
99.125, 87.875, 1.0396655053350704e-22, nan 
99.375, 87.875, 1.276089483404052e-22, nan 
99.625, 87.875, 1.3512977189538771e-22, nan 
99.875, 87.875, 1.2361361189964933e-22, nan 
100.125, 87.875, 1.0438413963142251e-22, nan 
100.375, 87.875, 8.434637952300177e-23, nan 
100.625, 87.875, 9.494768477951962e-23, nan 
100.875, 87.875, 1.2134814542466084e-22, nan 
101.125, 87.875, 1.044215904406872e-22, nan 
101.375, 87.875, 1.0661098932028034e-22, nan 
101.625, 87.875, 1.3114005933829827e-22, nan 
101.875, 87.875, 1.3813315821051513e-22, nan 
102.125, 87.875, 1.320261478242414e-22, nan 
102.375, 87.875, 1.1633693874444982e-22, nan 
102.625, 87.875, 6.280279317389475e-23, nan 
102.875, 87.875, 5.573157157686922e-23, nan 
103.125, 87.875, 5.982286598912547e-23, nan 
103.375, 87.875, 6.904722579971642e-23, nan 
103.625, 87.875, 7.277921348025494e-23, nan 
103.875, 87.875, 8.241229241020135e-23, nan 
104.125, 87.875, 8.940966472029938e-23, nan 
104.375, 87.875, 7.943621357582709e-23, nan 
104.625, 87.875, 7.50699593780193e-23, nan 
104.875, 87.875, 8.19724288725413e-23, nan 
105.125, 87.875, 1.0363644802558049e-22, nan 
105.375, 87.875, 1.0751881267552133e-22, nan 
105.625, 87.875, 8.39141845719469e-23, nan 
105.875, 87.875, 6.616261899313703e-23, nan 
106.125, 87.875, 5.421011217050639e-23, nan 
106.375, 87.875, 6.553586460056435e-23, nan 
106.625, 87.875, 7.563833365103107e-23, nan 
106.875, 87.875, 8.938107954246283e-23, nan 
107.125, 87.875, 1.0815673492021091e-22, nan 
107.375, 87.875, 1.0651628505272036e-22, nan 
107.625, 87.875, 8.748585163096546e-23, nan 
107.875, 87.875, 8.138405364936492e-23, nan 
108.125, 87.875, 5.729834608026956e-23, nan 
108.375, 87.875, 3.1235812729918854e-23, nan 
108.625, 87.875, 2.73727964801594e-23, nan 
108.875, 87.875, 2.664473978692431e-23, nan 
109.125, 87.875, 2.318816741235409e-23, nan 
109.375, 87.875, 6.607589327648743e-24, nan 
109.625, 87.875, 1.164348322683977e-23, nan 
109.875, 87.875, 2.3586907961015112e-23, nan 
110.125, 87.875, 4.320019411337023e-23, nan 
110.375, 87.875, 2.582776719176908e-23, nan 
110.625, 87.875, 3.87706461767879e-23, nan 
110.875, 87.875, 5.548697727509765e-23, nan 
111.125, 87.875, 5.1106639206775946e-23, nan 
111.375, 87.875, 3.5819626722389493e-23, nan 
111.625, 87.875, 2.779990867184212e-23, nan 
111.875, 87.875, 2.6074851123319278e-23, nan 
112.125, 87.875, 3.133342860463021e-23, nan 
112.375, 87.875, 2.932329497353647e-23, nan 
112.625, 87.875, 3.729807788641968e-23, nan 
112.875, 87.875, 5.947156724630827e-23, nan 
113.125, 87.875, 7.737582873935517e-23, nan 
113.375, 87.875, 9.349889965331979e-23, nan 
113.625, 87.875, 1.0466319477687094e-22, nan 
113.875, 87.875, 1.1332902673341312e-22, nan 
114.125, 87.875, 1.0406301111317929e-22, nan 
114.375, 87.875, 7.786674417969861e-23, nan 
114.625, 87.875, 5.034944780427777e-23, nan 
114.875, 87.875, 4.207755211307173e-23, nan 
115.125, 87.875, 1.5560011060696858e-23, nan 
115.375, 87.875, 1.542876865356268e-23, nan 
115.625, 87.875, 1.860604970582362e-23, nan 
115.875, 87.875, 2.5093522417491978e-23, nan 
116.125, 87.875, 3.011159315352358e-23, nan 
116.375, 87.875, 2.84692529358486e-23, nan 
116.625, 87.875, 2.811331438974102e-23, nan 
116.875, 87.875, 3.2607026781560655e-23, nan 
117.125, 87.875, 3.037345270699989e-23, nan 
117.375, 87.875, 3.0544738875656263e-23, nan 
117.625, 87.875, 3.3656914766710564e-23, nan 
117.875, 87.875, 3.457604123844533e-23, nan 
118.125, 87.875, 3.82111184414293e-23, nan 
118.375, 87.875, 3.607139613893899e-23, nan 
118.625, 87.875, 3.433725467023373e-23, nan 
118.875, 87.875, 4.4482195512915645e-23, nan 
119.125, 87.875, 4.274148785293293e-23, nan 
119.375, 87.875, 4.4817094871963884e-23, nan 
119.625, 87.875, 4.882340336927255e-23, nan 
119.875, 87.875, 5.0710122353394703e-23, nan 
120.125, 87.875, 5.466460322916796e-23, nan 
120.375, 87.875, 5.852173139807086e-23, nan 
120.625, 87.875, 6.5101110350316e-23, nan 
120.875, 87.875, 5.718127790749274e-23, nan 
121.125, 87.875, 4.403388077385773e-23, nan 
121.375, 87.875, 3.579937797481876e-23, nan 
121.625, 87.875, 4.142643794082885e-23, nan 
121.875, 87.875, 3.6075031678443483e-23, nan 
122.125, 87.875, 3.453423789081615e-23, nan 
122.375, 87.875, 3.824314370486601e-23, nan 
122.625, 87.875, 4.547466460541155e-23, nan 
122.875, 87.875, 4.488441721358538e-23, nan 
123.125, 87.875, 3.0931981910582143e-23, nan 
123.375, 87.875, 2.8296622637684016e-23, nan 
123.625, 87.875, 2.476499733777244e-23, nan 
123.875, 87.875, 3.5574044330942404e-23, nan 
124.125, 87.875, 3.087626548937627e-23, nan 
124.375, 87.875, 3.4990673163713694e-23, nan 
124.625, 87.875, 2.994097815210902e-23, nan 
124.875, 87.875, 5.677281032793298e-23, nan 
125.125, 87.875, 5.275435691349112e-23, nan 
125.375, 87.875, 3.860257981873128e-23, nan 
125.625, 87.875, 3.472553158651564e-23, nan 
125.875, 87.875, 3.856985555091737e-23, nan 
126.125, 87.875, 4.2924017947611176e-23, nan 
126.375, 87.875, 4.466104392814362e-23, nan 
126.625, 87.875, 4.8679248088223197e-23, nan 
126.875, 87.875, 5.2596976233491916e-23, nan 
127.125, 87.875, 5.005517146833823e-23, nan 
127.375, 87.875, 4.9078183186794127e-23, nan 
127.625, 87.875, 3.745722479771289e-23, nan 
127.875, 87.875, 3.354463026966234e-23, nan 
128.125, 87.875, 3.158065337246492e-23, nan 
128.375, 87.875, 3.40781915069809e-23, nan 
128.625, 87.875, 4.889924214305013e-23, nan 
128.875, 87.875, 6.010293463152167e-23, nan 
129.125, 87.875, 6.696501425212037e-23, nan 
129.375, 87.875, 5.72222015335651e-23, nan 
129.625, 87.875, 4.628192208257831e-23, nan 
129.875, 87.875, 3.481179158979556e-23, nan 
130.125, 87.875, 4.044172117492365e-23, nan 
130.375, 87.875, 4.120390622179041e-23, nan 
130.625, 87.875, 4.532300150460756e-23, nan 
130.875, 87.875, 4.031440025308469e-23, nan 
131.125, 87.875, 3.251928637962687e-23, nan 
131.375, 87.875, 2.6100161660508774e-23, nan 
131.625, 87.875, 3.2877227748811845e-23, nan 
131.875, 87.875, 2.810615558832376e-23, nan 
132.125, 87.875, 4.2141196935497207e-23, nan 
132.375, 87.875, 2.4086517133971127e-23, nan 
132.625, 87.875, 2.3171629456698635e-23, nan 
132.875, 87.875, 2.007395613387817e-23, nan 
133.125, 87.875, 2.3739288085859152e-23, nan 
133.375, 87.875, 2.6204956129835117e-23, nan 
133.625, 87.875, 1.7964166579389033e-23, nan 
133.875, 87.875, 2.8328171840225664e-23, nan 
134.125, 87.875, 4.722946805488721e-23, nan 
134.375, 87.875, 5.836428747843697e-23, nan 
134.625, 87.875, 6.161232707190468e-23, nan 
134.875, 87.875, 6.599881309585323e-23, nan 
135.125, 87.875, 6.617453084307255e-23, nan 
135.375, 87.875, 6.510617002639182e-23, nan 
135.625, 87.875, 8.073090055343772e-23, nan 
135.875, 87.875, 9.039456369652162e-23, nan 
136.125, 87.875, 7.847940562504837e-23, nan 
136.375, 87.875, 5.387088533443433e-23, nan 
136.625, 87.875, 2.776662691338636e-23, nan 
136.875, 87.875, 4.444939735466586e-23, nan 
137.125, 87.875, 4.219257723369247e-23, nan 
137.375, 87.875, 6.094145582751992e-23, nan 
137.625, 87.875, 9.142003613271737e-23, nan 
137.875, 87.875, 7.540963089775457e-23, nan 
138.125, 87.875, 6.46039384044064e-23, nan 
138.375, 87.875, 6.192148186029124e-23, nan 
138.625, 87.875, 6.273335190545711e-23, nan 
138.875, 87.875, 6.667489369061682e-23, nan 
139.125, 87.875, 6.609827933133842e-23, nan 
139.375, 87.875, 7.142677407218649e-23, nan 
139.625, 87.875, 7.65953363736477e-23, nan 
139.875, 87.875, 6.858301816112901e-23, nan 
140.125, 87.875, 6.080385859991618e-23, nan 
140.375, 87.875, 5.5954612219579e-23, nan 
140.625, 87.875, 5.994026655328887e-23, nan 
140.875, 87.875, 6.124152589070471e-23, nan 
141.125, 87.875, 6.195589785266779e-23, nan 
141.375, 87.875, 6.329233906129719e-23, nan 
141.625, 87.875, 3.7635970320873205e-23, nan 
141.875, 87.875, 3.9901729773954035e-23, nan 
142.125, 87.875, 7.140123976987905e-23, nan 
142.375, 87.875, 8.093650788912381e-23, nan 
142.625, 87.875, 8.922589814670357e-23, nan 
142.875, 87.875, 6.231170726841227e-23, nan 
143.125, 87.875, 6.466496670371046e-23, nan 
143.375, 87.875, 5.690686285249007e-23, nan 
143.625, 87.875, 6.18907719815448e-23, nan 
143.875, 87.875, 6.266143648076007e-23, nan 
144.125, 87.875, 7.49224817774276e-23, nan 
144.375, 87.875, 5.816808237719118e-23, nan 
144.625, 87.875, 5.236306672966081e-23, nan 
144.875, 87.875, 3.3862515793213036e-23, nan 
145.125, 87.875, 2.5780585776160658e-23, nan 
145.375, 87.875, 4.5466187599413856e-23, nan 
145.625, 87.875, 4.8341931779422586e-23, nan 
145.875, 87.875, 3.73537544544219e-23, nan 
146.125, 87.875, 8.60156928635441e-23, nan 
146.375, 87.875, 9.501503742626758e-23, nan 
146.625, 87.875, 8.860143508285623e-23, nan 
146.875, 87.875, 6.905687028319748e-23, nan 
147.125, 87.875, 6.714324110042374e-23, nan 
147.375, 87.875, 6.745629088136538e-23, nan 
147.625, 87.875, 8.520074912895844e-23, nan 
147.875, 87.875, 8.825803146991684e-23, nan 
148.125, 87.875, 8.9571512233102e-23, nan 
148.375, 87.875, 8.622360404297676e-23, nan 
148.625, 87.875, 5.298675190086367e-23, nan 
148.875, 87.875, 8.6648540113579e-23, nan 
149.125, 87.875, 8.521508237777034e-23, nan 
149.375, 87.875, 9.42887556430617e-23, nan 
149.625, 87.875, 5.835763473395337e-23, nan 
149.875, 87.875, 8.492011422696265e-23, nan 
150.125, 87.875, 8.755219644295461e-23, nan 
150.375, 87.875, 9.723415937594568e-23, nan 
150.625, 87.875, 1.0017320665648795e-22, nan 
150.875, 87.875, 9.743409147555946e-23, nan 
151.125, 87.875, 7.27796164254928e-23, nan 
151.375, 87.875, 5.042689281068944e-23, nan 
151.625, 87.875, 3.1469611291145174e-23, nan 
151.875, 87.875, 2.6518684074700656e-23, nan 
152.125, 87.875, 4.021243121931809e-23, nan 
152.375, 87.875, 4.3456049152750645e-23, nan 
152.625, 87.875, 3.182495213656346e-23, nan 
152.875, 87.875, 5.854174670421395e-23, nan 
153.125, 87.875, 6.331100430610215e-23, nan 
153.375, 87.875, 5.121647240883064e-23, nan 
153.625, 87.875, 4.6486510507477294e-23, nan 
153.875, 87.875, 5.422646175263237e-23, nan 
154.125, 87.875, 6.043653301015597e-23, nan 
154.375, 87.875, 8.468767027408039e-23, nan 
154.625, 87.875, 9.158478378131283e-23, nan 
154.875, 87.875, 9.035705107136218e-23, nan 
155.125, 87.875, 1.0440223018493356e-22, nan 
155.375, 87.875, 5.358375669772492e-23, nan 
155.625, 87.875, 7.240657951074955e-23, nan 
155.875, 87.875, 5.807917954264483e-23, nan 
156.125, 87.875, 5.637905535653261e-23, nan 
156.375, 87.875, 6.349441129003638e-23, nan 
156.625, 87.875, 5.982465537443572e-23, nan 
156.875, 87.875, 6.258186929348249e-23, nan 
157.125, 87.875, 5.544255219785442e-23, nan 
157.375, 87.875, 6.520109485978163e-23, nan 
157.625, 87.875, 6.621738637319888e-23, nan 
157.875, 87.875, 7.407593118593879e-23, nan 
158.125, 87.875, 6.306360090057176e-23, nan 
158.375, 87.875, 4.735177744333307e-23, nan 
158.625, 87.875, 3.358482403589051e-23, nan 
158.875, 87.875, 3.90268691336222e-23, nan 
159.125, 87.875, 4.5903033380731645e-23, nan 
159.375, 87.875, 5.805628459401429e-23, nan 
159.625, 87.875, 5.645110786458647e-23, nan 
159.875, 87.875, 4.9575155266709944e-23, nan 
160.125, 87.875, 4.0188165736157954e-23, nan 
160.375, 87.875, 3.836610999614126e-23, nan 
160.625, 87.875, 4.4246275402970165e-23, nan 
160.875, 87.875, 3.5596899639206094e-23, nan 
161.125, 87.875, 3.7164853997186244e-23, nan 
161.375, 87.875, 3.827454616980211e-23, nan 
161.625, 87.875, 3.870810700169074e-23, nan 
161.875, 87.875, 3.8604402645646865e-23, nan 
162.125, 87.875, 4.886336523859488e-23, nan 
162.375, 87.875, 5.1011914073608576e-23, nan 
162.625, 87.875, 5.482651998367692e-23, nan 
162.875, 87.875, 7.298856632726457e-23, nan 
163.125, 87.875, 8.188130734461077e-23, nan 
163.375, 87.875, 9.012935597081822e-23, nan 
163.625, 87.875, 1.0007403029864982e-22, nan 
163.875, 87.875, 1.0502031500294002e-22, nan 
164.125, 87.875, 1.012914425943403e-22, nan 
164.375, 87.875, 9.664311713301834e-23, nan 
164.625, 87.875, 8.349507786320921e-23, nan 
164.875, 87.875, 6.783563913039187e-23, nan 
165.125, 87.875, 4.54598304745293e-23, nan 
165.375, 87.875, 3.891370032663934e-23, nan 
165.625, 87.875, 3.0358443693174026e-23, nan 
165.875, 87.875, 4.7056663491833017e-23, nan 
166.125, 87.875, 7.555576891563047e-23, nan 
166.375, 87.875, 6.961512908055725e-23, nan 
166.625, 87.875, 4.680523529461269e-23, nan 
166.875, 87.875, 4.197478048937263e-23, nan 
167.125, 87.875, 4.826231101318431e-23, nan 
167.375, 87.875, 5.94626977694433e-23, nan 
167.625, 87.875, 6.506999481574444e-23, nan 
167.875, 87.875, 6.167463833015038e-23, nan 
168.125, 87.875, 5.917556635466716e-23, nan 
168.375, 87.875, 5.939047300942725e-23, nan 
168.625, 87.875, 5.4501891387156e-23, nan 
168.875, 87.875, 7.284586392661126e-23, nan 
169.125, 87.875, 7.19959719738572e-23, nan 
169.375, 87.875, 6.383997742995002e-23, nan 
169.625, 87.875, 7.579288300891381e-23, nan 
169.875, 87.875, 6.531362588158545e-23, nan 
170.125, 87.875, 6.482802696023451e-23, nan 
170.375, 87.875, 6.021718084448726e-23, nan 
170.625, 87.875, 6.816180557002551e-23, nan 
170.875, 87.875, 6.915219938857428e-23, nan 
171.125, 87.875, 6.873740970874741e-23, nan 
171.375, 87.875, 8.232723843010028e-23, nan 
171.625, 87.875, 8.461959516482552e-23, nan 
171.875, 87.875, 7.175450357822166e-23, nan 
172.125, 87.875, 5.242616373680035e-23, nan 
172.375, 87.875, 4.0461414885571146e-23, nan 
172.625, 87.875, 3.4892455738552004e-23, nan 
172.875, 87.875, 4.301638172234335e-23, nan 
173.125, 87.875, 3.866253569273027e-23, nan 
173.375, 87.875, 3.6284964680041676e-23, nan 
173.625, 87.875, 4.781428112299294e-23, nan 
173.875, 87.875, 4.7135481014899046e-23, nan 
174.125, 87.875, 4.5204330606192274e-23, nan 
174.375, 87.875, 4.428925142973272e-23, nan 
174.625, 87.875, 4.454239322124864e-23, nan 
174.875, 87.875, 5.125682016152224e-23, nan 
175.125, 87.875, 7.537038438799208e-23, nan 
175.375, 87.875, 8.603548374890952e-23, nan 
175.625, 87.875, 1.0305930005164799e-22, nan 
175.875, 87.875, 9.964483224534966e-23, nan 
176.125, 87.875, 7.915317802851548e-23, nan 
176.375, 87.875, 1.0505843861173066e-22, nan 
176.625, 87.875, 8.166890893176175e-23, nan 
176.875, 87.875, 7.868002351095493e-23, nan 
177.125, 87.875, 5.365108399428536e-23, nan 
177.375, 87.875, 6.21565070009978e-23, nan 
177.625, 87.875, 7.405291012817374e-23, nan 
177.875, 87.875, 8.529504133607566e-23, nan 
178.125, 87.875, 1.0500968162273529e-22, nan 
178.375, 87.875, 1.293250341697045e-22, nan 
178.625, 87.875, 1.2310344427741424e-22, nan 
178.875, 87.875, 9.469010631894916e-23, nan 
179.125, 87.875, 6.795750202154616e-23, nan 
179.375, 87.875, 4.4727154116349806e-23, nan 
179.625, 87.875, 3.4626436291298383e-23, nan 
179.875, 87.875, 3.171113542320637e-23, nan 
-179.875, 88.125, 2.123445089456474e-23, nan 
-179.625, 88.125, 1.3510594995510447e-23, nan 
-179.375, 88.125, 1.6277354896121114e-23, nan 
-179.125, 88.125, 1.5101833127979447e-23, nan 
-178.875, 88.125, 1.7428527615892722e-23, nan 
-178.625, 88.125, 2.195535210176123e-23, nan 
-178.375, 88.125, 2.0479833634446075e-23, nan 
-178.125, 88.125, 2.647114567745314e-23, nan 
-177.875, 88.125, 2.1991631731690235e-23, nan 
-177.625, 88.125, 2.0545303153250677e-23, nan 
-177.375, 88.125, 1.9442637353132702e-23, nan 
-177.125, 88.125, 2.4306062607383026e-23, nan 
-176.875, 88.125, 2.4548958919064044e-23, nan 
-176.625, 88.125, 2.3802684100462745e-23, nan 
-176.375, 88.125, 2.526199744975617e-23, nan 
-176.125, 88.125, 2.5636297365431598e-23, nan 
-175.875, 88.125, 2.593480445750124e-23, nan 
-175.625, 88.125, 2.6606436763450396e-23, nan 
-175.375, 88.125, 2.5975890698521307e-23, nan 
-175.125, 88.125, 2.634227072686649e-23, nan 
-174.875, 88.125, 2.2162430523480442e-23, nan 
-174.625, 88.125, 1.6362611772316587e-23, nan 
-174.375, 88.125, 1.6168271091803206e-23, nan 
-174.125, 88.125, 1.5917005907253695e-23, nan 
-173.875, 88.125, 1.535771195787776e-23, nan 
-173.625, 88.125, 1.5555780683998028e-23, nan 
-173.375, 88.125, 1.3864480891941812e-23, nan 
-173.125, 88.125, 1.6354142014194928e-23, nan 
-172.875, 88.125, 1.6714504713769525e-23, nan 
-172.625, 88.125, 1.7957106557490657e-23, nan 
-172.375, 88.125, 1.7191749872005505e-23, nan 
-172.125, 88.125, 2.009049268468743e-23, nan 
-171.875, 88.125, 1.566427075741714e-23, nan 
-171.625, 88.125, 1.666540408406376e-23, nan 
-171.375, 88.125, 1.6384717340650792e-23, nan 
-171.125, 88.125, 1.877788434637784e-23, nan 
-170.875, 88.125, 2.0737629398874632e-23, nan 
-170.625, 88.125, 1.9355768446685863e-23, nan 
-170.375, 88.125, 2.2402138477642817e-23, nan 
-170.125, 88.125, 2.43719758761482e-23, nan 
-169.875, 88.125, 2.723712785677037e-23, nan 
-169.625, 88.125, 3.1531948748945943e-23, nan 
-169.375, 88.125, 3.72172576289249e-23, nan 
-169.125, 88.125, 3.984485924771349e-23, nan 
-168.875, 88.125, 4.143725549832568e-23, nan 
-168.625, 88.125, 4.438585742698939e-23, nan 
-168.375, 88.125, 4.5735628800840154e-23, nan 
-168.125, 88.125, 4.375261163749329e-23, nan 
-167.875, 88.125, 3.9190305511184915e-23, nan 
-167.625, 88.125, 3.357457672644361e-23, nan 
-167.375, 88.125, 2.5461078192108423e-23, nan 
-167.125, 88.125, 2.0574866166929592e-23, nan 
-166.875, 88.125, 1.3884531430297763e-23, nan 
-166.625, 88.125, 1.0476884137143642e-23, nan 
-166.375, 88.125, 1.2399154419839076e-23, nan 
-166.125, 88.125, 1.4504638450989254e-23, nan 
-165.875, 88.125, 1.8106031721818356e-23, nan 
-165.625, 88.125, 2.6843492768320904e-23, nan 
-165.375, 88.125, 2.260475058927731e-23, nan 
-165.125, 88.125, 2.1559878319741108e-23, nan 
-164.875, 88.125, 2.3939274587946312e-23, nan 
-164.625, 88.125, 2.6414369044016893e-23, nan 
-164.375, 88.125, 2.3253292292726643e-23, nan 
-164.125, 88.125, 2.3514015965840238e-23, nan 
-163.875, 88.125, 2.0841893740088737e-23, nan 
-163.625, 88.125, 2.4092988241809475e-23, nan 
-163.375, 88.125, 2.800261363241867e-23, nan 
-163.125, 88.125, 2.8792428483411465e-23, nan 
-162.875, 88.125, 3.0327075401576125e-23, nan 
-162.625, 88.125, 3.2831597458002214e-23, nan 
-162.375, 88.125, 4.0166366099425207e-23, nan 
-162.125, 88.125, 4.622717776839272e-23, nan 
-161.875, 88.125, 4.9603678755179757e-23, nan 
-161.625, 88.125, 5.734279901692303e-23, nan 
-161.375, 88.125, 6.379686023802128e-23, nan 
-161.125, 88.125, 6.903320336707573e-23, nan 
-160.875, 88.125, 7.174916569153705e-23, nan 
-160.625, 88.125, 7.366423614828226e-23, nan 
-160.375, 88.125, 7.394994535145169e-23, nan 
-160.125, 88.125, 6.403138722149889e-23, nan 
-159.875, 88.125, 5.970907585107056e-23, nan 
-159.625, 88.125, 4.95265706963958e-23, nan 
-159.375, 88.125, 4.1517372021084846e-23, nan 
-159.125, 88.125, 3.5184673868655546e-23, nan 
-158.875, 88.125, 3.252668071690485e-23, nan 
-158.625, 88.125, 3.7512597734430217e-23, nan 
-158.375, 88.125, 4.133163598091203e-23, nan 
-158.125, 88.125, 5.713270120620687e-23, nan 
-157.875, 88.125, 8.38508850769712e-23, nan 
-157.625, 88.125, 7.732068016859735e-23, nan 
-157.375, 88.125, 7.32824133914133e-23, nan 
-157.125, 88.125, 6.146352144026452e-23, nan 
-156.875, 88.125, 5.483273928851244e-23, nan 
-156.625, 88.125, 5.165560854845569e-23, nan 
-156.375, 88.125, 5.2582910509694173e-23, nan 
-156.125, 88.125, 5.835320236027891e-23, nan 
-155.875, 88.125, 6.785352658045011e-23, nan 
-155.625, 88.125, 7.265889206089098e-23, nan 
-155.375, 88.125, 6.975112344290696e-23, nan 
-155.125, 88.125, 6.240891403077338e-23, nan 
-154.875, 88.125, 5.625200132860718e-23, nan 
-154.625, 88.125, 5.1711238331628256e-23, nan 
-154.375, 88.125, 5.030506254069815e-23, nan 
-154.125, 88.125, 5.283092652562667e-23, nan 
-153.875, 88.125, 5.735318298937039e-23, nan 
-153.625, 88.125, 6.151369913184682e-23, nan 
-153.375, 88.125, 6.539193050080093e-23, nan 
-153.125, 88.125, 6.733277147183876e-23, nan 
-152.875, 88.125, 6.887972479694667e-23, nan 
-152.625, 88.125, 6.824408575295656e-23, nan 
-152.375, 88.125, 5.88625423702296e-23, nan 
-152.125, 88.125, 5.566374275420379e-23, nan 
-151.875, 88.125, 4.5945625008637734e-23, nan 
-151.625, 88.125, 3.884895016070545e-23, nan 
-151.375, 88.125, 3.342108860566777e-23, nan 
-151.125, 88.125, 3.360791073562339e-23, nan 
-150.875, 88.125, 3.9125397167879957e-23, nan 
-150.625, 88.125, 3.9931637717721185e-23, nan 
-150.375, 88.125, 4.974243541478581e-23, nan 
-150.125, 88.125, 6.545857860637993e-23, nan 
-149.875, 88.125, 6.386540245177046e-23, nan 
-149.625, 88.125, 6.527829947681908e-23, nan 
-149.375, 88.125, 5.1948038541415435e-23, nan 
-149.125, 88.125, 5.074265781988928e-23, nan 
-148.875, 88.125, 5.314989876768752e-23, nan 
-148.625, 88.125, 5.832614181056982e-23, nan 
-148.375, 88.125, 6.343021842213506e-23, nan 
-148.125, 88.125, 7.049573176560311e-23, nan 
-147.875, 88.125, 5.664683114172669e-23, nan 
-147.625, 88.125, 5.313984041827951e-23, nan 
-147.375, 88.125, 5.411006523737381e-23, nan 
-147.125, 88.125, 4.2301910138588386e-23, nan 
-146.875, 88.125, 2.770181221928295e-23, nan 
-146.625, 88.125, 3.380822471048979e-23, nan 
-146.375, 88.125, 4.926577736634858e-23, nan 
-146.125, 88.125, 5.619209254583623e-23, nan 
-145.875, 88.125, 5.715293031662207e-23, nan 
-145.625, 88.125, 5.1237932630560606e-23, nan 
-145.375, 88.125, 2.9089830671091866e-23, nan 
-145.125, 88.125, 2.9542414741512224e-23, nan 
-144.875, 88.125, 2.65635059641011e-23, nan 
-144.625, 88.125, 2.983136925590942e-23, nan 
-144.375, 88.125, 2.5570850880308367e-23, nan 
-144.125, 88.125, 2.5902234591531187e-23, nan 
-143.875, 88.125, 2.736109887179035e-23, nan 
-143.625, 88.125, 2.8246473841482864e-23, nan 
-143.375, 88.125, 3.07564833736213e-23, nan 
-143.125, 88.125, 3.228673843032395e-23, nan 
-142.875, 88.125, 3.6363873032493775e-23, nan 
-142.625, 88.125, 4.193446318720862e-23, nan 
-142.375, 88.125, 4.1984268143394867e-23, nan 
-142.125, 88.125, 4.937731345570351e-23, nan 
-141.875, 88.125, 4.817010819609849e-23, nan 
-141.625, 88.125, 4.631425818222608e-23, nan 
-141.375, 88.125, 4.4786231540955386e-23, nan 
-141.125, 88.125, 4.4475518214333994e-23, nan 
-140.875, 88.125, 4.282968894079602e-23, nan 
-140.625, 88.125, 4.16219338443325e-23, nan 
-140.375, 88.125, 3.960688245472367e-23, nan 
-140.125, 88.125, 3.8872207545537293e-23, nan 
-139.875, 88.125, 3.5719547014078694e-23, nan 
-139.625, 88.125, 3.5049532586591223e-23, nan 
-139.375, 88.125, 3.8944591514115773e-23, nan 
-139.125, 88.125, 3.3314414249159507e-23, nan 
-138.875, 88.125, 3.096793138701393e-23, nan 
-138.625, 88.125, 2.837432449761628e-23, nan 
-138.375, 88.125, 4.274044075968199e-23, nan 
-138.125, 88.125, 4.571742441438373e-23, nan 
-137.875, 88.125, 4.75100947331798e-23, nan 
-137.625, 88.125, 3.5878102587405094e-23, nan 
-137.375, 88.125, 3.3972178557764795e-23, nan 
-137.125, 88.125, 3.441733358393602e-23, nan 
-136.875, 88.125, 3.48773017339854e-23, nan 
-136.625, 88.125, 3.3045411678265207e-23, nan 
-136.375, 88.125, 3.101094219739419e-23, nan 
-136.125, 88.125, 3.4213394283877206e-23, nan 
-135.875, 88.125, 2.6665547972018307e-23, nan 
-135.625, 88.125, 2.786138938538038e-23, nan 
-135.375, 88.125, 4.9747382290619174e-23, nan 
-135.125, 88.125, 3.366529915875636e-23, nan 
-134.875, 88.125, 3.732598832351893e-23, nan 
-134.625, 88.125, 5.190166224912234e-23, nan 
-134.375, 88.125, 5.384006556064342e-23, nan 
-134.125, 88.125, 6.020821280363096e-23, nan 
-133.875, 88.125, 7.197055179025994e-23, nan 
-133.625, 88.125, 6.338782188568736e-23, nan 
-133.375, 88.125, 5.435425448744139e-23, nan 
-133.125, 88.125, 4.765533540098968e-23, nan 
-132.875, 88.125, 4.472737209853413e-23, nan 
-132.625, 88.125, 4.508099201480621e-23, nan 
-132.375, 88.125, 3.8145884179737407e-23, nan 
-132.125, 88.125, 2.0983701196020212e-23, nan 
-131.875, 88.125, 2.87108589402731e-23, nan 
-131.625, 88.125, 3.6188602384977975e-23, nan 
-131.375, 88.125, 3.616176351735542e-23, nan 
-131.125, 88.125, 3.7154494165814256e-23, nan 
-130.875, 88.125, 3.773051014782022e-23, nan 
-130.625, 88.125, 3.6049286047546666e-23, nan 
-130.375, 88.125, 3.4908761047003856e-23, nan 
-130.125, 88.125, 3.452454808208499e-23, nan 
-129.875, 88.125, 2.945805776896644e-23, nan 
-129.625, 88.125, 3.633938704893586e-23, nan 
-129.375, 88.125, 4.107491867135016e-23, nan 
-129.125, 88.125, 4.250803749237965e-23, nan 
-128.875, 88.125, 4.6596567560817144e-23, nan 
-128.625, 88.125, 5.721399393545382e-23, nan 
-128.375, 88.125, 6.357596016189318e-23, nan 
-128.125, 88.125, 4.793587490117319e-23, nan 
-127.875, 88.125, 4.013443083955659e-23, nan 
-127.625, 88.125, 4.1415706161299905e-23, nan 
-127.375, 88.125, 4.342492568174503e-23, nan 
-127.125, 88.125, 4.1414746488432054e-23, nan 
-126.875, 88.125, 3.528570511971624e-23, nan 
-126.625, 88.125, 3.1451679151133376e-23, nan 
-126.375, 88.125, 3.080979194352358e-23, nan 
-126.125, 88.125, 3.051661001147747e-23, nan 
-125.875, 88.125, 3.2708743708727233e-23, nan 
-125.625, 88.125, 3.490106902457184e-23, nan 
-125.375, 88.125, 3.4495525849976086e-23, nan 
-125.125, 88.125, 3.7056824399531997e-23, nan 
-124.875, 88.125, 3.5333805818553845e-23, nan 
-124.625, 88.125, 3.442239520529652e-23, nan 
-124.375, 88.125, 3.3980170655263546e-23, nan 
-124.125, 88.125, 2.5144560120198457e-23, nan 
-123.875, 88.125, 2.3999636415845903e-23, nan 
-123.625, 88.125, 3.056739993134054e-23, nan 
-123.375, 88.125, 3.2223080268325024e-23, nan 
-123.125, 88.125, 3.292991154488565e-23, nan 
-122.875, 88.125, 3.320103896298996e-23, nan 
-122.625, 88.125, 3.2892034681142584e-23, nan 
-122.375, 88.125, 3.170990292965431e-23, nan 
-122.125, 88.125, 2.85375710744672e-23, nan 
-121.875, 88.125, 2.8289694708169956e-23, nan 
-121.625, 88.125, 3.2723903879972435e-23, nan 
-121.375, 88.125, 3.632040682016532e-23, nan 
-121.125, 88.125, 3.5276494981919007e-23, nan 
-120.875, 88.125, 3.836536038050891e-23, nan 
-120.625, 88.125, 3.637962697156859e-23, nan 
-120.375, 88.125, 3.4447247639898956e-23, nan 
-120.125, 88.125, 3.3118572076965155e-23, nan 
-119.875, 88.125, 3.132015551442347e-23, nan 
-119.625, 88.125, 3.078362348150242e-23, nan 
-119.375, 88.125, 3.1550097361919606e-23, nan 
-119.125, 88.125, 3.028475457309664e-23, nan 
-118.875, 88.125, 2.9980675883402e-23, nan 
-118.625, 88.125, 2.925608399614968e-23, nan 
-118.375, 88.125, 3.519362827874127e-23, nan 
-118.125, 88.125, 3.49042897698654e-23, nan 
-117.875, 88.125, 4.377042698563348e-23, nan 
-117.625, 88.125, 3.9676961025651075e-23, nan 
-117.375, 88.125, 4.7959734673437294e-23, nan 
-117.125, 88.125, 4.221755791666268e-23, nan 
-116.875, 88.125, 4.3042266334176063e-23, nan 
-116.625, 88.125, 4.912493497920016e-23, nan 
-116.375, 88.125, 3.248959591881044e-23, nan 
-116.125, 88.125, 3.297116374043377e-23, nan 
-115.875, 88.125, 4.2047099238237015e-23, nan 
-115.625, 88.125, 5.615587451224836e-23, nan 
-115.375, 88.125, 5.939506921447905e-23, nan 
-115.125, 88.125, 6.140248895491139e-23, nan 
-114.875, 88.125, 6.034269816595238e-23, nan 
-114.625, 88.125, 5.589485344869353e-23, nan 
-114.375, 88.125, 6.729684582944472e-23, nan 
-114.125, 88.125, 7.48127433116277e-23, nan 
-113.875, 88.125, 7.696349078735542e-23, nan 
-113.625, 88.125, 7.490181870989419e-23, nan 
-113.375, 88.125, 7.076914958272821e-23, nan 
-113.125, 88.125, 5.889838239520176e-23, nan 
-112.875, 88.125, 6.006904556862933e-23, nan 
-112.625, 88.125, 8.641923087914452e-23, nan 
-112.375, 88.125, 6.566068671490822e-23, nan 
-112.125, 88.125, 4.9368672786955526e-23, nan 
-111.875, 88.125, 4.671012940716257e-23, nan 
-111.625, 88.125, 7.260934664114947e-23, nan 
-111.375, 88.125, 5.874365528993046e-23, nan 
-111.125, 88.125, 4.544425724677533e-23, nan 
-110.875, 88.125, 4.635643226317786e-23, nan 
-110.625, 88.125, 4.9927557571703795e-23, nan 
-110.375, 88.125, 5.734014974385478e-23, nan 
-110.125, 88.125, 6.744612220795115e-23, nan 
-109.875, 88.125, 7.438168887318981e-23, nan 
-109.625, 88.125, 8.251447172303237e-23, nan 
-109.375, 88.125, 7.177100275611218e-23, nan 
-109.125, 88.125, 7.047894516471721e-23, nan 
-108.875, 88.125, 6.496925968633324e-23, nan 
-108.625, 88.125, 6.328998310051421e-23, nan 
-108.375, 88.125, 6.372452065909489e-23, nan 
-108.125, 88.125, 7.654450749488306e-23, nan 
-107.875, 88.125, 1.0841648627594818e-22, nan 
-107.625, 88.125, 9.999678871845002e-23, nan 
-107.375, 88.125, 1.0401743363222924e-22, nan 
-107.125, 88.125, 1.0197649143085824e-22, nan 
-106.875, 88.125, 1.0133870437648544e-22, nan 
-106.625, 88.125, 1.3080772015554394e-22, nan 
-106.375, 88.125, 1.4547171695290182e-22, nan 
-106.125, 88.125, 1.436293012928324e-22, nan 
-105.875, 88.125, 1.363895680190918e-22, nan 
-105.625, 88.125, 1.335629671490278e-22, nan 
-105.375, 88.125, 9.7372656596301e-23, nan 
-105.125, 88.125, 1.1300342617673967e-22, nan 
-104.875, 88.125, 2.0202768941068727e-22, nan 
-104.625, 88.125, 1.5343438977645842e-22, nan 
-104.375, 88.125, 1.0095589934507472e-22, nan 
-104.125, 88.125, 1.1652987120111217e-22, nan 
-103.875, 88.125, 1.8104434360564425e-22, nan 
-103.625, 88.125, 1.6742217647323608e-22, nan 
-103.375, 88.125, 1.4876408686635604e-22, nan 
-103.125, 88.125, 1.4316416766644984e-22, nan 
-102.875, 88.125, 1.5513214341226825e-22, nan 
-102.625, 88.125, 1.7359832951430313e-22, nan 
-102.375, 88.125, 1.822218732158156e-22, nan 
-102.125, 88.125, 1.8525688751550714e-22, nan 
-101.875, 88.125, 1.8062992310694164e-22, nan 
-101.625, 88.125, 1.6874120748807605e-22, nan 
-101.375, 88.125, 1.7913803405993828e-22, nan 
-101.125, 88.125, 1.5885786956280848e-22, nan 
-100.875, 88.125, 1.4670899444635392e-22, nan 
-100.625, 88.125, 1.4202394652045727e-22, nan 
-100.375, 88.125, 1.390502072758704e-22, nan 
-100.125, 88.125, 1.4467482550191319e-22, nan 
-99.875, 88.125, 1.2278430858738195e-22, nan 
-99.625, 88.125, 1.205579118399945e-22, nan 
-99.375, 88.125, 1.2336741921682493e-22, nan 
-99.125, 88.125, 1.3167678591855233e-22, nan 
-98.875, 88.125, 1.423308454833348e-22, nan 
-98.625, 88.125, 1.4804545310368601e-22, nan 
-98.375, 88.125, 1.4481111149820778e-22, nan 
-98.125, 88.125, 1.3192408538378237e-22, nan 
-97.875, 88.125, 1.2443286732771572e-22, nan 
-97.625, 88.125, 1.025277739835336e-22, nan 
-97.375, 88.125, 1.0953043809840997e-22, nan 
-97.125, 88.125, 1.5465804839922414e-22, nan 
-96.875, 88.125, 1.281995001387901e-22, nan 
-96.625, 88.125, 1.0058742740648098e-22, nan 
-96.375, 88.125, 9.285266738294086e-23, nan 
-96.125, 88.125, 1.4529922112976934e-22, nan 
-95.875, 88.125, 1.2678766145840147e-22, nan 
-95.625, 88.125, 9.226328201429502e-23, nan 
-95.375, 88.125, 9.482558773822526e-23, nan 
-95.125, 88.125, 8.620650714558346e-23, nan 
-94.875, 88.125, 8.902770640867859e-23, nan 
-94.625, 88.125, 9.491510731348969e-23, nan 
-94.375, 88.125, 8.983562599209346e-23, nan 
-94.125, 88.125, 9.460160093601333e-23, nan 
-93.875, 88.125, 7.921116529195633e-23, nan 
-93.625, 88.125, 5.836680394811566e-23, nan 
-93.375, 88.125, 9.373870373439379e-23, nan 
-93.125, 88.125, 9.548606544026468e-23, nan 
-92.875, 88.125, 8.437283994727303e-23, nan 
-92.625, 88.125, 6.489428583002916e-23, nan 
-92.375, 88.125, 4.5501313448819944e-23, nan 
-92.125, 88.125, 6.124688771348885e-23, nan 
-91.875, 88.125, 5.970123982527283e-23, nan 
-91.625, 88.125, 5.1274328556530475e-23, nan 
-91.375, 88.125, 4.809394809178265e-23, nan 
-91.125, 88.125, 4.8639207166010193e-23, nan 
-90.875, 88.125, 5.0018388175586926e-23, nan 
-90.625, 88.125, 5.303250792841712e-23, nan 
-90.375, 88.125, 5.584284424158469e-23, nan 
-90.125, 88.125, 6.196006552067439e-23, nan 
-89.875, 88.125, 5.884472136801637e-23, nan 
-89.625, 88.125, 5.493162342186125e-23, nan 
-89.375, 88.125, 6.408208854581579e-23, nan 
-89.125, 88.125, 6.619482991881238e-23, nan 
-88.875, 88.125, 6.825266526292555e-23, nan 
-88.625, 88.125, 7.037006458450573e-23, nan 
-88.375, 88.125, 6.960028941014795e-23, nan 
-88.125, 88.125, 6.860834184428191e-23, nan 
-87.875, 88.125, 7.133739467994354e-23, nan 
-87.625, 88.125, 6.173631497926787e-23, nan 
-87.375, 88.125, 6.736134868405982e-23, nan 
-87.125, 88.125, 6.633516186917398e-23, nan 
-86.875, 88.125, 7.532986317241137e-23, nan 
-86.625, 88.125, 7.054846950556077e-23, nan 
-86.375, 88.125, 7.766207729054117e-23, nan 
-86.125, 88.125, 6.111006723768415e-23, nan 
-85.875, 88.125, 5.368666508020067e-23, nan 
-85.625, 88.125, 5.889992097004596e-23, nan 
-85.375, 88.125, 6.234894354426107e-23, nan 
-85.125, 88.125, 6.50773840795705e-23, nan 
-84.875, 88.125, 6.379557187481113e-23, nan 
-84.625, 88.125, 6.851132241515604e-23, nan 
-84.375, 88.125, 7.165862430132635e-23, nan 
-84.125, 88.125, 7.332586103180087e-23, nan 
-83.875, 88.125, 7.599207117135284e-23, nan 
-83.625, 88.125, 7.626944594676681e-23, nan 
-83.375, 88.125, 7.358960304461522e-23, nan 
-83.125, 88.125, 6.998724254738151e-23, nan 
-82.875, 88.125, 6.473542396288489e-23, nan 
-82.625, 88.125, 6.477862839712815e-23, nan 
-82.375, 88.125, 7.712083769157928e-23, nan 
-82.125, 88.125, 1.0174880650524528e-22, nan 
-81.875, 88.125, 9.720889999032536e-23, nan 
-81.625, 88.125, 8.788040487801422e-23, nan 
-81.375, 88.125, 8.30460910105325e-23, nan 
-81.125, 88.125, 7.450827535820915e-23, nan 
-80.875, 88.125, 7.173448370751348e-23, nan 
-80.625, 88.125, 6.771501230983665e-23, nan 
-80.375, 88.125, 6.162376629818691e-23, nan 
-80.125, 88.125, 5.793137422377784e-23, nan 
-79.875, 88.125, 5.720040818129712e-23, nan 
-79.625, 88.125, 6.50273039316192e-23, nan 
-79.375, 88.125, 6.888591490174661e-23, nan 
-79.125, 88.125, 7.30947480990276e-23, nan 
-78.875, 88.125, 6.937532311694792e-23, nan 
-78.625, 88.125, 5.994065658848975e-23, nan 
-78.375, 88.125, 6.523934256531206e-23, nan 
-78.125, 88.125, 8.404418424061384e-23, nan 
-77.875, 88.125, 9.48672741492592e-23, nan 
-77.625, 88.125, 6.095723342644728e-23, nan 
-77.375, 88.125, 6.283738265652874e-23, nan 
-77.125, 88.125, 4.5267683815477376e-23, nan 
-76.875, 88.125, 4.2941800431434406e-23, nan 
-76.625, 88.125, 5.35916840465941e-23, nan 
-76.375, 88.125, 5.0482944235211157e-23, nan 
-76.125, 88.125, 4.5821850377416265e-23, nan 
-75.875, 88.125, 4.493218303100042e-23, nan 
-75.625, 88.125, 1.1802527577752366e-22, nan 
-75.375, 88.125, 6.353409673017122e-23, nan 
-75.125, 88.125, 7.207105811829782e-23, nan 
-74.875, 88.125, 9.669933044402766e-23, nan 
-74.625, 88.125, 1.3755256171975866e-22, nan 
-74.375, 88.125, 1.5410716667368706e-22, nan 
-74.125, 88.125, 1.3745613888948374e-22, nan 
-73.875, 88.125, 1.2378544019822828e-22, nan 
-73.625, 88.125, 1.5192140472062694e-22, nan 
-73.375, 88.125, 1.6575432240672098e-22, nan 
-73.125, 88.125, 1.7842537978016604e-22, nan 
-72.875, 88.125, 1.453387266209551e-22, nan 
-72.625, 88.125, 1.131546391919728e-22, nan 
-72.375, 88.125, 1.143688604627733e-22, nan 
-72.125, 88.125, 1.6543824311164094e-22, nan 
-71.875, 88.125, 2.1420419825376805e-22, nan 
-71.625, 88.125, 2.3978373816890585e-22, nan 
-71.375, 88.125, 1.6642851068481772e-22, nan 
-71.125, 88.125, 1.6014214998015202e-22, nan 
-70.875, 88.125, 1.027050581909782e-22, nan 
-70.625, 88.125, 1.06599643897635e-22, nan 
-70.375, 88.125, 1.149191890992169e-22, nan 
-70.125, 88.125, 1.169085357230716e-22, nan 
-69.875, 88.125, 1.151058368457602e-22, nan 
-69.625, 88.125, 1.4877036737974817e-22, nan 
-69.375, 88.125, 2.1119400863856884e-22, nan 
-69.125, 88.125, 2.5660526974017704e-22, nan 
-68.875, 88.125, 2.6789885438772413e-22, nan 
-68.625, 88.125, 2.665976660548712e-22, nan 
-68.375, 88.125, 9.862375920803883e-23, nan 
-68.125, 88.125, 1.4155550907377913e-22, nan 
-67.875, 88.125, 2.4866521952881194e-22, nan 
-67.625, 88.125, 3.0233357968755194e-22, nan 
-67.375, 88.125, 2.1714112686310427e-22, nan 
-67.125, 88.125, 1.6137331389052776e-22, nan 
-66.875, 88.125, 1.30086115459876e-22, nan 
-66.625, 88.125, 1.1991875720308414e-22, nan 
-66.375, 88.125, 1.1294096542927806e-22, nan 
-66.125, 88.125, 1.1751156687903283e-22, nan 
-65.875, 88.125, 1.3093041627633237e-22, nan 
-65.625, 88.125, 1.7145259352039968e-22, nan 
-65.375, 88.125, 1.7986661680584732e-22, nan 
-65.125, 88.125, 1.8964151370818117e-22, nan 
-64.875, 88.125, 1.9547154397750624e-22, nan 
-64.625, 88.125, 1.9797259459727802e-22, nan 
-64.375, 88.125, 2.339523504255187e-22, nan 
-64.125, 88.125, 3.0308440444778756e-22, nan 
-63.875, 88.125, 3.6437737193369965e-22, nan 
-63.625, 88.125, 2.464985272872431e-22, nan 
-63.375, 88.125, 2.45666693336369e-22, nan 
-63.125, 88.125, 2.9420825572338525e-22, nan 
-62.875, 88.125, 2.7752054913146477e-22, nan 
-62.625, 88.125, 2.661383572361966e-22, nan 
-62.375, 88.125, 2.6160357522570654e-22, nan 
-62.125, 88.125, 2.5448324380895003e-22, nan 
-61.875, 88.125, 2.461576874816145e-22, nan 
-61.625, 88.125, 3.0607908439013536e-22, nan 
-61.375, 88.125, 4.237534188937346e-22, nan 
-61.125, 88.125, 4.385732006567474e-22, nan 
-60.875, 88.125, 4.243126331679707e-22, nan 
-60.625, 88.125, 2.7891066149175195e-22, nan 
-60.375, 88.125, 2.3686513012076226e-22, nan 
-60.125, 88.125, 2.788599173390733e-22, nan 
-59.875, 88.125, 3.651722045689788e-22, nan 
-59.625, 88.125, 2.4681699567474553e-22, nan 
-59.375, 88.125, 2.5873036641071256e-22, nan 
-59.125, 88.125, 3.049665527593068e-22, nan 
-58.875, 88.125, 2.945573878869464e-22, nan 
-58.625, 88.125, 2.604688922127819e-22, nan 
-58.375, 88.125, 2.1116453228713698e-22, nan 
-58.125, 88.125, 1.7110867734854874e-22, nan 
-57.875, 88.125, 2.3002204916476244e-22, nan 
-57.625, 88.125, 2.3036933461698125e-22, nan 
-57.375, 88.125, 2.3270453714422226e-22, nan 
-57.125, 88.125, 2.5679189890488804e-22, nan 
-56.875, 88.125, 2.6041201609364016e-22, nan 
-56.625, 88.125, 2.308497115883247e-22, nan 
-56.375, 88.125, 2.2799342626090645e-22, nan 
-56.125, 88.125, 2.381841211059085e-22, nan 
-55.875, 88.125, 2.6296042766346237e-22, nan 
-55.625, 88.125, 2.8203054808094124e-22, nan 
-55.375, 88.125, 3.6497012884768935e-22, nan 
-55.125, 88.125, 3.793184871204389e-22, nan 
-54.875, 88.125, 3.9475340640807075e-22, nan 
-54.625, 88.125, 4.1415010592810637e-22, nan 
-54.375, 88.125, 4.197427902882957e-22, nan 
-54.125, 88.125, 4.109789107146728e-22, nan 
-53.875, 88.125, 3.853124802328775e-22, nan 
-53.625, 88.125, 3.615383028114228e-22, nan 
-53.375, 88.125, 3.4702827406840465e-22, nan 
-53.125, 88.125, 3.1471479764719237e-22, nan 
-52.875, 88.125, 3.8671370405779303e-22, nan 
-52.625, 88.125, 3.0882748079488084e-22, nan 
-52.375, 88.125, 1.6408183426607175e-22, nan 
-52.125, 88.125, 1.264835477876265e-22, nan 
-51.875, 88.125, 2.21182897893342e-22, nan 
-51.625, 88.125, 3.493118147450352e-22, nan 
-51.375, 88.125, 4.2189529841324794e-22, nan 
-51.125, 88.125, 4.204355912003129e-22, nan 
-50.875, 88.125, 3.195621460713727e-22, nan 
-50.625, 88.125, 2.1517828616956733e-22, nan 
-50.375, 88.125, 1.4626194335629637e-22, nan 
-50.125, 88.125, 1.6085197379314928e-22, nan 
-49.875, 88.125, 1.0150236701864747e-22, nan 
-49.625, 88.125, 5.279514436482709e-23, nan 
-49.375, 88.125, 5.945043765932017e-23, nan 
-49.125, 88.125, 6.385368402361288e-23, nan 
-48.875, 88.125, 9.741334372824512e-23, nan 
-48.625, 88.125, 1.615549217138675e-22, nan 
-48.375, 88.125, 2.4000884205682214e-22, nan 
-48.125, 88.125, 2.3094719282618706e-22, nan 
-47.875, 88.125, 2.0845141475846657e-22, nan 
-47.625, 88.125, 1.9987802111240316e-22, nan 
-47.375, 88.125, 1.7954384053449012e-22, nan 
-47.125, 88.125, 1.6260991540261458e-22, nan 
-46.875, 88.125, 1.8120066970546812e-22, nan 
-46.625, 88.125, 1.9565499546384663e-22, nan 
-46.375, 88.125, 1.8896065524483953e-22, nan 
-46.125, 88.125, 2.1174517005205868e-22, nan 
-45.875, 88.125, 1.9665336974317898e-22, nan 
-45.625, 88.125, 2.2018499108998476e-22, nan 
-45.375, 88.125, 3.047156225467978e-22, nan 
-45.125, 88.125, 3.8372241582318483e-22, nan 
-44.875, 88.125, 4.577602604799217e-22, nan 
-44.625, 88.125, 4.70106798830737e-22, nan 
-44.375, 88.125, 3.764233375382369e-22, nan 
-44.125, 88.125, 2.8293869579920325e-22, nan 
-43.875, 88.125, 2.861183543698038e-22, nan 
-43.625, 88.125, 2.7544318204498273e-22, nan 
-43.375, 88.125, 2.953819843243205e-22, nan 
-43.125, 88.125, 2.608575059467674e-22, nan 
-42.875, 88.125, 3.683526922829729e-22, nan 
-42.625, 88.125, 4.8458346516982965e-22, nan 
-42.375, 88.125, 5.3759930475682815e-22, nan 
-42.125, 88.125, 5.376022938112955e-22, nan 
-41.875, 88.125, 3.939516639056036e-22, nan 
-41.625, 88.125, 3.1155021522248224e-22, nan 
-41.375, 88.125, 2.7473039269551534e-22, nan 
-41.125, 88.125, 1.8152379070044275e-22, nan 
-40.875, 88.125, 1.8643558888280693e-22, nan 
-40.625, 88.125, 3.0197865445886823e-22, nan 
-40.375, 88.125, 2.5583877291425687e-22, nan 
-40.125, 88.125, 2.0344856403147278e-22, nan 
-39.875, 88.125, 1.793684029768807e-22, nan 
-39.625, 88.125, 1.5901478098634973e-22, nan 
-39.375, 88.125, 2.237213052156191e-22, nan 
-39.125, 88.125, 2.29518588908874e-22, nan 
-38.875, 88.125, 2.813149193254824e-22, nan 
-38.625, 88.125, 4.731648274009502e-22, nan 
-38.375, 88.125, 5.412340411565749e-22, nan 
-38.125, 88.125, 6.380976150158501e-22, nan 
-37.875, 88.125, 6.917897599674905e-22, nan 
-37.625, 88.125, 6.865541705049791e-22, nan 
-37.375, 88.125, 6.6364244046495755e-22, nan 
-37.125, 88.125, 6.366692607365979e-22, nan 
-36.875, 88.125, 5.7443098575858585e-22, nan 
-36.625, 88.125, 5.092574194242548e-22, nan 
-36.375, 88.125, 3.957968834906623e-22, nan 
-36.125, 88.125, 2.635025309971311e-22, nan 
-35.875, 88.125, 1.8845208849341857e-22, nan 
-35.625, 88.125, 2.127030354343141e-22, nan 
-35.375, 88.125, 3.0981612902800313e-22, nan 
-35.125, 88.125, 6.099602148762732e-22, nan 
-34.875, 88.125, 8.309131364773613e-22, nan 
-34.625, 88.125, 9.923358970899223e-22, nan 
-34.375, 88.125, 9.890920616955712e-22, nan 
-34.125, 88.125, 5.843856521733427e-22, nan 
-33.875, 88.125, 3.993302980455806e-22, nan 
-33.625, 88.125, 3.330662258327831e-22, nan 
-33.375, 88.125, 2.7614547103099907e-22, nan 
-33.125, 88.125, 1.9744072341221425e-22, nan 
-32.875, 88.125, 1.5458000913166745e-22, nan 
-32.625, 88.125, 1.4366749943647652e-22, nan 
-32.375, 88.125, 1.458486191029085e-22, nan 
-32.125, 88.125, 1.8949706612613598e-22, nan 
-31.875, 88.125, 4.320802562407568e-22, nan 
-31.625, 88.125, 3.7500829112603293e-22, nan 
-31.375, 88.125, 2.891133175596135e-22, nan 
-31.125, 88.125, 3.9655282600312857e-22, nan 
-30.875, 88.125, 8.123750467644741e-22, nan 
-30.625, 88.125, 9.355607261787648e-22, nan 
-30.375, 88.125, 9.564279149559871e-22, nan 
-30.125, 88.125, 1.1545751292042615e-21, nan 
-29.875, 88.125, 9.804855364546064e-22, nan 
-29.625, 88.125, 9.691604466896601e-22, nan 
-29.375, 88.125, 9.462245271573646e-22, nan 
-29.125, 88.125, 8.62118800856685e-22, nan 
-28.875, 88.125, 7.718676206022187e-22, nan 
-28.625, 88.125, 6.152066819904207e-22, nan 
-28.375, 88.125, 5.1018493459286305e-22, nan 
-28.125, 88.125, 3.136545897658688e-22, nan 
-27.875, 88.125, 2.0817750015862508e-22, nan 
-27.625, 88.125, 2.332342884179112e-22, nan 
-27.375, 88.125, 4.413718650534935e-22, nan 
-27.125, 88.125, 6.074977321506161e-22, nan 
-26.875, 88.125, 7.880698025947435e-22, nan 
-26.625, 88.125, 8.666984372879456e-22, nan 
-26.375, 88.125, 5.165097875209401e-22, nan 
-26.125, 88.125, 6.408228983665886e-22, nan 
-25.875, 88.125, 3.2097844518354363e-22, nan 
-25.625, 88.125, 3.335769143610502e-22, nan 
-25.375, 88.125, 2.734046521450154e-22, nan 
-25.125, 88.125, 2.9002731015148484e-22, nan 
-24.875, 88.125, 3.2117451163818427e-22, nan 
-24.625, 88.125, 2.8899606487177165e-22, nan 
-24.375, 88.125, 3.7882119688842374e-22, nan 
-24.125, 88.125, 8.816756545664198e-22, nan 
-23.875, 88.125, 6.927976597105887e-22, nan 
-23.625, 88.125, 4.089174374582479e-22, nan 
-23.375, 88.125, 5.156200949131631e-22, nan 
-23.125, 88.125, 4.686834463503127e-22, nan 
-22.875, 88.125, 5.027664855868766e-22, nan 
-22.625, 88.125, 6.036716745806698e-22, nan 
-22.375, 88.125, 6.475460175235991e-22, nan 
-22.125, 88.125, 9.970550965528733e-22, nan 
-21.875, 88.125, 7.516606341913611e-22, nan 
-21.625, 88.125, 7.762130846592473e-22, nan 
-21.375, 88.125, 7.614288004978536e-22, nan 
-21.125, 88.125, 7.815438221463654e-22, nan 
-20.875, 88.125, 7.372508071400948e-22, nan 
-20.625, 88.125, 9.433687805234023e-22, nan 
-20.375, 88.125, 5.64000242080908e-22, nan 
-20.125, 88.125, 4.115480675626819e-22, nan 
-19.875, 88.125, 2.6742977107965125e-22, nan 
-19.625, 88.125, 2.9852487662197604e-22, nan 
-19.375, 88.125, 4.739692455615827e-22, nan 
-19.125, 88.125, 8.360145854954506e-22, nan 
-18.875, 88.125, 1.030668419626633e-21, nan 
-18.625, 88.125, 5.4520767895007505e-22, nan 
-18.375, 88.125, 1.0140763163758174e-21, nan 
-18.125, 88.125, 3.254320581522002e-22, nan 
-17.875, 88.125, 3.3946501833239927e-22, nan 
-17.625, 88.125, 3.6787930034195207e-22, nan 
-17.375, 88.125, 3.9815359157312412e-22, nan 
-17.125, 88.125, 4.167689608459136e-22, nan 
-16.875, 88.125, 2.9986929314027258e-22, nan 
-16.625, 88.125, 3.0016455806257174e-22, nan 
-16.375, 88.125, 5.418682887958928e-22, nan 
-16.125, 88.125, 4.158875878118635e-22, nan 
-15.875, 88.125, 2.62623225301246e-22, nan 
-15.625, 88.125, 2.4206953684646687e-22, nan 
-15.375, 88.125, 2.3791197076081547e-22, nan 
-15.125, 88.125, 1.9390899680057954e-22, nan 
-14.875, 88.125, 4.0254076452844677e-22, nan 
-14.625, 88.125, 3.1154285545614873e-22, nan 
-14.375, 88.125, 7.012909787422012e-22, nan 
-14.125, 88.125, 5.532940043283201e-22, nan 
-13.875, 88.125, 4.797162137375469e-22, nan 
-13.625, 88.125, 5.446186361899582e-22, nan 
-13.375, 88.125, 5.732119952028821e-22, nan 
-13.125, 88.125, 5.405826094348795e-22, nan 
-12.875, 88.125, 6.347021688408597e-22, nan 
-12.625, 88.125, 3.90548115924243e-22, nan 
-12.375, 88.125, 2.943032068947414e-22, nan 
-12.125, 88.125, 2.0057458690052307e-22, nan 
-11.875, 88.125, 2.01309271111283e-22, nan 
-11.625, 88.125, 2.9132912498637984e-22, nan 
-11.375, 88.125, 5.013639769041396e-22, nan 
-11.125, 88.125, 6.076609776721184e-22, nan 
-10.875, 88.125, 3.5914902094385216e-22, nan 
-10.625, 88.125, 5.821348990000328e-22, nan 
-10.375, 88.125, 2.0811796112208035e-22, nan 
-10.125, 88.125, 1.516214666612394e-22, nan 
-9.875, 88.125, 1.4905024184293385e-22, nan 
-9.625, 88.125, 1.458511868219943e-22, nan 
-9.375, 88.125, 1.4602878910606444e-22, nan 
-9.125, 88.125, 1.4608287758653147e-22, nan 
-8.875, 88.125, 1.6126590054446342e-22, nan 
-8.625, 88.125, 1.6555672161786774e-22, nan 
-8.375, 88.125, 1.7549541937474242e-22, nan 
-8.125, 88.125, 1.7948036188401706e-22, nan 
-7.875, 88.125, 1.8638069122369929e-22, nan 
-7.625, 88.125, 2.0834566239923803e-22, nan 
-7.375, 88.125, 2.7250670290931996e-22, nan 
-7.125, 88.125, 3.738482469782615e-22, nan 
-6.875, 88.125, 4.461392970804746e-22, nan 
-6.625, 88.125, 5.101515375831601e-22, nan 
-6.375, 88.125, 5.119407183792583e-22, nan 
-6.125, 88.125, 6.220476713211297e-22, nan 
-5.875, 88.125, 6.510263954748271e-22, nan 
-5.625, 88.125, 6.218373647062414e-22, nan 
-5.375, 88.125, 5.331188172799279e-22, nan 
-5.125, 88.125, 4.800042004563856e-22, nan 
-4.875, 88.125, 4.2335246430378747e-22, nan 
-4.625, 88.125, 3.609776929307199e-22, nan 
-4.375, 88.125, 3.1072025909058917e-22, nan 
-4.125, 88.125, 2.2019958801953557e-22, nan 
-3.875, 88.125, 1.6794190866401235e-22, nan 
-3.625, 88.125, 1.5021641930130955e-22, nan 
-3.375, 88.125, 1.9415271383041135e-22, nan 
-3.125, 88.125, 1.9458936070316294e-22, nan 
-2.875, 88.125, 3.0545668695166095e-22, nan 
-2.625, 88.125, 5.459867627384952e-22, nan 
-2.375, 88.125, 2.668337458494531e-22, nan 
-2.125, 88.125, 1.2063363808862865e-22, nan 
-1.875, 88.125, 1.4996415911163542e-22, nan 
-1.625, 88.125, 1.7622786303495973e-22, nan 
-1.375, 88.125, 2.4133925283209253e-22, nan 
-1.125, 88.125, 3.5567586062625025e-22, nan 
-0.875, 88.125, 6.564879163709641e-22, nan 
-0.625, 88.125, 6.531261747226249e-22, nan 
-0.375, 88.125, 5.6182671132269415e-22, nan 
-0.125, 88.125, 4.926984152719218e-22, nan 
0.125, 88.125, 4.322588920485532e-22, nan 
0.375, 88.125, 3.4976341997494466e-22, nan 
0.625, 88.125, 2.995906154004272e-22, nan 
0.875, 88.125, 2.913765967801481e-22, nan 
1.125, 88.125, 3.214246579340308e-22, nan 
1.375, 88.125, 3.6216460756966674e-22, nan 
1.625, 88.125, 4.103474936842306e-22, nan 
1.875, 88.125, 4.290500168975017e-22, nan 
2.125, 88.125, 3.3320501107848533e-22, nan 
2.375, 88.125, 2.5690209973868683e-22, nan 
2.625, 88.125, 2.0293912179845752e-22, nan 
2.875, 88.125, 1.7891431506386262e-22, nan 
3.125, 88.125, 1.4091029559794127e-22, nan 
3.375, 88.125, 1.1658010870400403e-22, nan 
3.625, 88.125, 7.53311565123275e-23, nan 
3.875, 88.125, 7.218762233569472e-23, nan 
4.125, 88.125, 9.652036330433553e-23, nan 
4.375, 88.125, 1.1652048091845652e-22, nan 
4.625, 88.125, 1.0293978919931369e-22, nan 
4.875, 88.125, 9.110483673355293e-23, nan 
5.125, 88.125, 7.234656768235477e-23, nan 
5.375, 88.125, 5.875292392232472e-23, nan 
5.625, 88.125, 4.8024593614291875e-23, nan 
5.875, 88.125, 7.010814706532728e-23, nan 
6.125, 88.125, 1.0492527749862057e-22, nan 
6.375, 88.125, 8.486753689897317e-23, nan 
6.625, 88.125, 7.107369829208266e-23, nan 
6.875, 88.125, 6.697132106404768e-23, nan 
7.125, 88.125, 6.927790371089126e-23, nan 
7.375, 88.125, 6.993676260681576e-23, nan 
7.625, 88.125, 8.404764748174096e-23, nan 
7.875, 88.125, 7.029891072490695e-23, nan 
8.125, 88.125, 8.403179405887486e-23, nan 
8.375, 88.125, 9.323820467328756e-23, nan 
8.625, 88.125, 9.410757743199209e-23, nan 
8.875, 88.125, 1.0699566732252339e-22, nan 
9.125, 88.125, 1.1250578274309133e-22, nan 
9.375, 88.125, 1.0775928709630517e-22, nan 
9.625, 88.125, 5.456605454425311e-23, nan 
9.875, 88.125, 2.9290843158340647e-23, nan 
10.125, 88.125, 3.259604359799668e-23, nan 
10.375, 88.125, 4.7177748089718534e-23, nan 
10.625, 88.125, 6.196292198945141e-23, nan 
10.875, 88.125, 7.688876913304713e-23, nan 
11.125, 88.125, 8.709268309372295e-23, nan 
11.375, 88.125, 9.606980250148082e-23, nan 
11.625, 88.125, 8.966748512887498e-23, nan 
11.875, 88.125, 1.044111516972121e-22, nan 
12.125, 88.125, 1.1730389593069563e-22, nan 
12.375, 88.125, 1.299577687187148e-22, nan 
12.625, 88.125, 8.545561255234695e-23, nan 
12.875, 88.125, 1.0204705794395658e-22, nan 
13.125, 88.125, 1.1535247036563878e-22, nan 
13.375, 88.125, 1.0489634108995046e-22, nan 
13.625, 88.125, 1.3405930354261467e-22, nan 
13.875, 88.125, 7.498021241739127e-23, nan 
14.125, 88.125, 1.136458022558548e-22, nan 
14.375, 88.125, 1.3869782954268149e-22, nan 
14.625, 88.125, 1.1866306962394345e-22, nan 
14.875, 88.125, 1.197356522596233e-22, nan 
15.125, 88.125, 1.2792649380200876e-22, nan 
15.375, 88.125, 1.2857762082661568e-22, nan 
15.625, 88.125, 1.2736554569220778e-22, nan 
15.875, 88.125, 1.0710784078141412e-22, nan 
16.125, 88.125, 1.0231441486380012e-22, nan 
16.375, 88.125, 1.068406063964356e-22, nan 
16.625, 88.125, 1.0548455391734875e-22, nan 
16.875, 88.125, 1.171411066916822e-22, nan 
17.125, 88.125, 9.296558823492985e-23, nan 
17.375, 88.125, 8.037633152990226e-23, nan 
17.625, 88.125, 6.457841279028763e-23, nan 
17.875, 88.125, 6.836863487721922e-23, nan 
18.125, 88.125, 6.420553477616437e-23, nan 
18.375, 88.125, 7.901552890630047e-23, nan 
18.625, 88.125, 8.480566522419648e-23, nan 
18.875, 88.125, 8.031127996435792e-23, nan 
19.125, 88.125, 8.107133920315237e-23, nan 
19.375, 88.125, 7.551552643182286e-23, nan 
19.625, 88.125, 6.349536881833156e-23, nan 
19.875, 88.125, 6.127993731901929e-23, nan 
20.125, 88.125, 8.26168425007731e-23, nan 
20.375, 88.125, 1.1043792795408446e-22, nan 
20.625, 88.125, 1.331908383638048e-22, nan 
20.875, 88.125, 1.441830394041026e-22, nan 
21.125, 88.125, 1.5682528077572948e-22, nan 
21.375, 88.125, 1.2535705208752234e-22, nan 
21.625, 88.125, 1.038518835594844e-22, nan 
21.875, 88.125, 8.883082138588174e-23, nan 
22.125, 88.125, 8.54346738258008e-23, nan 
22.375, 88.125, 7.463502969411604e-23, nan 
22.625, 88.125, 7.770415205023104e-23, nan 
22.875, 88.125, 7.513974482982606e-23, nan 
23.125, 88.125, 8.456443103952763e-23, nan 
23.375, 88.125, 7.153510072237119e-23, nan 
23.625, 88.125, 7.359297086169423e-23, nan 
23.875, 88.125, 8.262685142067646e-23, nan 
24.125, 88.125, 8.891268408159751e-23, nan 
24.375, 88.125, 5.940851084831025e-23, nan 
24.625, 88.125, 4.361739625345812e-23, nan 
24.875, 88.125, 6.708132722425569e-23, nan 
25.125, 88.125, 7.376268213361699e-23, nan 
25.375, 88.125, 8.87408956193952e-23, nan 
25.625, 88.125, 1.178424439298347e-22, nan 
25.875, 88.125, 1.6018874842926318e-22, nan 
26.125, 88.125, 1.291738928622502e-22, nan 
26.375, 88.125, 9.493440061417142e-23, nan 
26.625, 88.125, 8.618239340130313e-23, nan 
26.875, 88.125, 7.915307872171061e-23, nan 
27.125, 88.125, 7.428571406968023e-23, nan 
27.375, 88.125, 6.659772256721267e-23, nan 
27.625, 88.125, 5.952217926530419e-23, nan 
27.875, 88.125, 5.085295091720696e-23, nan 
28.125, 88.125, 6.278378854292189e-23, nan 
28.375, 88.125, 6.614231726059651e-23, nan 
28.625, 88.125, 7.601937293379529e-23, nan 
28.875, 88.125, 8.952882101586055e-23, nan 
29.125, 88.125, 7.938243826954209e-23, nan 
29.375, 88.125, 7.028253679004689e-23, nan 
29.625, 88.125, 7.075416717573457e-23, nan 
29.875, 88.125, 6.010851818214765e-23, nan 
30.125, 88.125, 5.779370023977548e-23, nan 
30.375, 88.125, 5.2875214242929084e-23, nan 
30.625, 88.125, 5.876413531685834e-23, nan 
30.875, 88.125, 8.206971304132498e-23, nan 
31.125, 88.125, 6.241317875892555e-23, nan 
31.375, 88.125, 6.185210399022317e-23, nan 
31.625, 88.125, 6.537829717766188e-23, nan 
31.875, 88.125, 5.961843896654563e-23, nan 
32.125, 88.125, 5.93770093946945e-23, nan 
32.375, 88.125, 6.081970925400478e-23, nan 
32.625, 88.125, 6.419432877447705e-23, nan 
32.875, 88.125, 5.0478108367864935e-23, nan 
33.125, 88.125, 4.233199062919338e-23, nan 
33.375, 88.125, 3.476906446594708e-23, nan 
33.625, 88.125, 9.430210704857713e-23, nan 
33.875, 88.125, 7.562567982790732e-23, nan 
34.125, 88.125, 1.0208468892496005e-22, nan 
34.375, 88.125, 1.650139037403517e-22, nan 
34.625, 88.125, 1.7949626421827967e-22, nan 
34.875, 88.125, 1.8774536344546891e-22, nan 
35.125, 88.125, 1.7406390658647541e-22, nan 
35.375, 88.125, 1.5488111577800253e-22, nan 
35.625, 88.125, 1.2345697825386744e-22, nan 
35.875, 88.125, 1.2947995798947987e-22, nan 
36.125, 88.125, 1.0333858610747361e-22, nan 
36.375, 88.125, 7.473120945913685e-23, nan 
36.625, 88.125, 5.723241089398506e-23, nan 
36.875, 88.125, 5.86648849387369e-23, nan 
37.125, 88.125, 5.346042053321137e-23, nan 
37.375, 88.125, 6.289510145874147e-23, nan 
37.625, 88.125, 1.0365748301662142e-22, nan 
37.875, 88.125, 1.3652598077417667e-22, nan 
38.125, 88.125, 1.2364494684651122e-22, nan 
38.375, 88.125, 1.69524040422011e-22, nan 
38.625, 88.125, 1.610287276423701e-22, nan 
38.875, 88.125, 1.3085021375425903e-22, nan 
39.125, 88.125, 1.1043877895168005e-22, nan 
39.375, 88.125, 1.0331427798099754e-22, nan 
39.625, 88.125, 1.2648208281122174e-22, nan 
39.875, 88.125, 1.0933410861779466e-22, nan 
40.125, 88.125, 9.991526148444514e-23, nan 
40.375, 88.125, 1.0606775355728078e-22, nan 
40.625, 88.125, 7.593695371138937e-23, nan 
40.875, 88.125, 3.8206005994149387e-23, nan 
41.125, 88.125, 6.921801350879868e-23, nan 
41.375, 88.125, 1.1078200813605311e-22, nan 
41.625, 88.125, 1.357412697273349e-22, nan 
41.875, 88.125, 1.7791180074765512e-22, nan 
42.125, 88.125, 2.1948485655706626e-22, nan 
42.375, 88.125, 2.3364096962869155e-22, nan 
42.625, 88.125, 2.2079970247278223e-22, nan 
42.875, 88.125, 1.8188328114060073e-22, nan 
43.125, 88.125, 1.498607051843676e-22, nan 
43.375, 88.125, 1.1998153997018533e-22, nan 
43.625, 88.125, 1.154663173037082e-22, nan 
43.875, 88.125, 8.689503352731758e-23, nan 
44.125, 88.125, 5.791116324593528e-23, nan 
44.375, 88.125, 3.985619284937395e-23, nan 
44.625, 88.125, 4.720479105515649e-23, nan 
44.875, 88.125, 5.325434524494732e-23, nan 
45.125, 88.125, 6.551548222818715e-23, nan 
45.375, 88.125, 6.033589790242277e-23, nan 
45.625, 88.125, 8.543497427100747e-23, nan 
45.875, 88.125, 1.1163690758791883e-22, nan 
46.125, 88.125, 1.622748512166704e-22, nan 
46.375, 88.125, 1.7154975117209739e-22, nan 
46.625, 88.125, 1.6686213920184923e-22, nan 
46.875, 88.125, 1.662302114162851e-22, nan 
47.125, 88.125, 1.6478637421895507e-22, nan 
47.375, 88.125, 1.6757561317590384e-22, nan 
47.625, 88.125, 1.69696251606217e-22, nan 
47.875, 88.125, 1.694452096489443e-22, nan 
48.125, 88.125, 1.8056919172697058e-22, nan 
48.375, 88.125, 1.638439043081772e-22, nan 
48.625, 88.125, 1.3025597525650553e-22, nan 
48.875, 88.125, 1.4070327687065036e-22, nan 
49.125, 88.125, 1.472421824810781e-22, nan 
49.375, 88.125, 1.5542161254422458e-22, nan 
49.625, 88.125, 1.67589368661105e-22, nan 
49.875, 88.125, 1.7459963452123589e-22, nan 
50.125, 88.125, 1.703151957744328e-22, nan 
50.375, 88.125, 1.7053881229298567e-22, nan 
50.625, 88.125, 1.79708101474248e-22, nan 
50.875, 88.125, 2.0242196805993578e-22, nan 
51.125, 88.125, 1.431386201919503e-22, nan 
51.375, 88.125, 1.3427029473257536e-22, nan 
51.625, 88.125, 1.1274409519057484e-22, nan 
51.875, 88.125, 1.2811388955166552e-22, nan 
52.125, 88.125, 1.4247762584913681e-22, nan 
52.375, 88.125, 1.2502057971538899e-22, nan 
52.625, 88.125, 1.24256947285757e-22, nan 
52.875, 88.125, 1.2152382166203755e-22, nan 
53.125, 88.125, 1.0555714991416881e-22, nan 
53.375, 88.125, 1.214021134443794e-22, nan 
53.625, 88.125, 1.2793723697668614e-22, nan 
53.875, 88.125, 1.4847120723436167e-22, nan 
54.125, 88.125, 1.5207523936148216e-22, nan 
54.375, 88.125, 1.4519946589250116e-22, nan 
54.625, 88.125, 1.287579561213912e-22, nan 
54.875, 88.125, 1.1564098629262983e-22, nan 
55.125, 88.125, 1.1041901466796733e-22, nan 
55.375, 88.125, 1.1447551073606924e-22, nan 
55.625, 88.125, 1.2735801167834726e-22, nan 
55.875, 88.125, 1.557956121013231e-22, nan 
56.125, 88.125, 1.7679785973867365e-22, nan 
56.375, 88.125, 1.559979538197463e-22, nan 
56.625, 88.125, 1.3116784631735905e-22, nan 
56.875, 88.125, 1.0558571969859701e-22, nan 
57.125, 88.125, 9.397334214030552e-23, nan 
57.375, 88.125, 6.131603950692839e-23, nan 
57.625, 88.125, 6.585995320874852e-23, nan 
57.875, 88.125, 7.060531702968948e-23, nan 
58.125, 88.125, 7.975016663847779e-23, nan 
58.375, 88.125, 1.0503388225170719e-22, nan 
58.625, 88.125, 1.3850586623666115e-22, nan 
58.875, 88.125, 1.3122273266298682e-22, nan 
59.125, 88.125, 1.2430332478903255e-22, nan 
59.375, 88.125, 1.1749338838937269e-22, nan 
59.625, 88.125, 1.1040852732750846e-22, nan 
59.875, 88.125, 1.1033783168080466e-22, nan 
60.125, 88.125, 1.1173051807149423e-22, nan 
60.375, 88.125, 1.0635377741261017e-22, nan 
60.625, 88.125, 9.280406968236513e-23, nan 
60.875, 88.125, 1.220594108612285e-22, nan 
61.125, 88.125, 8.772619931241895e-23, nan 
61.375, 88.125, 8.680824214785022e-23, nan 
61.625, 88.125, 8.930983317149565e-23, nan 
61.875, 88.125, 7.774532582710792e-23, nan 
62.125, 88.125, 7.786026837768766e-23, nan 
62.375, 88.125, 8.654003418899357e-23, nan 
62.625, 88.125, 9.229578962979527e-23, nan 
62.875, 88.125, 1.2217991984762562e-22, nan 
63.125, 88.125, 1.6774331432975961e-22, nan 
63.375, 88.125, 2.224741212977517e-22, nan 
63.625, 88.125, 2.5031714201405553e-22, nan 
63.875, 88.125, 2.7922963914274125e-22, nan 
64.125, 88.125, 2.472007748997432e-22, nan 
64.375, 88.125, 2.3742730143826006e-22, nan 
64.625, 88.125, 2.018884326461687e-22, nan 
64.875, 88.125, 1.9473875535468244e-22, nan 
65.125, 88.125, 1.8847124836402978e-22, nan 
65.375, 88.125, 2.0133478262738055e-22, nan 
65.625, 88.125, 2.007587205305981e-22, nan 
65.875, 88.125, 2.0108972674905048e-22, nan 
66.125, 88.125, 2.0056318326995785e-22, nan 
66.375, 88.125, 1.9007951321839172e-22, nan 
66.625, 88.125, 1.8021869927723367e-22, nan 
66.875, 88.125, 1.6977895704132925e-22, nan 
67.125, 88.125, 1.6763852942024243e-22, nan 
67.375, 88.125, 1.637819591953368e-22, nan 
67.625, 88.125, 3.7455247899321094e-23, nan 
67.875, 88.125, 1.5740952939060784e-22, nan 
68.125, 88.125, 1.6555678364865127e-22, nan 
68.375, 88.125, 1.7997063282148902e-22, nan 
68.625, 88.125, 1.9615864781334733e-22, nan 
68.875, 88.125, 1.868925998026975e-22, nan 
69.125, 88.125, 1.8112777232833453e-22, nan 
69.375, 88.125, 7.205284153183798e-23, nan 
69.625, 88.125, 7.099247549163853e-23, nan 
69.875, 88.125, 7.601781773203736e-23, nan 
70.125, 88.125, 1.0521082360704193e-22, nan 
70.375, 88.125, 1.1840294738585828e-22, nan 
70.625, 88.125, 1.2646763766942932e-22, nan 
70.875, 88.125, 1.0119740242279441e-22, nan 
71.125, 88.125, 1.31850926705807e-22, nan 
71.375, 88.125, 1.5418375809558392e-22, nan 
71.625, 88.125, 1.6403381288632528e-22, nan 
71.875, 88.125, 1.3314424004429647e-22, nan 
72.125, 88.125, 1.3684396632961596e-22, nan 
72.375, 88.125, 1.3380125660126314e-22, nan 
72.625, 88.125, 1.3153004607354155e-22, nan 
72.875, 88.125, 7.566851984067914e-23, nan 
73.125, 88.125, 5.094735810230874e-23, nan 
73.375, 88.125, 1.835015572865256e-23, nan 
73.625, 88.125, 3.385669023518186e-23, nan 
73.875, 88.125, 3.316741409636896e-23, nan 
74.125, 88.125, 7.686468054642191e-23, nan 
74.375, 88.125, 8.798489784316158e-23, nan 
74.625, 88.125, 8.246850688323097e-23, nan 
74.875, 88.125, 8.044187475411019e-23, nan 
75.125, 88.125, 7.429710985668473e-23, nan 
75.375, 88.125, 6.254011811535552e-23, nan 
75.625, 88.125, 5.987274841226794e-23, nan 
75.875, 88.125, 3.86385948190813e-23, nan 
76.125, 88.125, 3.2585804920262906e-23, nan 
76.375, 88.125, 3.318110270561138e-23, nan 
76.625, 88.125, 3.245897152710424e-23, nan 
76.875, 88.125, 3.5011673662097333e-23, nan 
77.125, 88.125, 4.0955748376827496e-23, nan 
77.375, 88.125, 3.6234146974824086e-23, nan 
77.625, 88.125, 5.664330158941042e-23, nan 
77.875, 88.125, 7.807348953477318e-23, nan 
78.125, 88.125, 7.28494344542067e-23, nan 
78.375, 88.125, 5.678901555865437e-23, nan 
78.625, 88.125, 2.683804275208853e-23, nan 
78.875, 88.125, 1.8857524933211302e-23, nan 
79.125, 88.125, 2.4331624243384955e-23, nan 
79.375, 88.125, 2.244573528343878e-23, nan 
79.625, 88.125, 2.1622251041239617e-23, nan 
79.875, 88.125, 4.7240390767617306e-23, nan 
80.125, 88.125, 2.772309946780891e-23, nan 
80.375, 88.125, 1.5337321039038388e-23, nan 
80.625, 88.125, 1.445765621773923e-23, nan 
80.875, 88.125, 1.5146110998405735e-23, nan 
81.125, 88.125, 2.0279537823659712e-23, nan 
81.375, 88.125, 3.9956166330955027e-23, nan 
81.625, 88.125, 5.022022115622569e-23, nan 
81.875, 88.125, 6.240119898741329e-23, nan 
82.125, 88.125, 7.124926615545548e-23, nan 
82.375, 88.125, 4.6629546989323715e-23, nan 
82.625, 88.125, 4.687517124871972e-23, nan 
82.875, 88.125, 5.582609987092749e-23, nan 
83.125, 88.125, 5.960312030814274e-23, nan 
83.375, 88.125, 7.596532675764242e-23, nan 
83.625, 88.125, 5.387239914565634e-23, nan 
83.875, 88.125, 5.926317771921191e-23, nan 
84.125, 88.125, 6.6151632675646e-23, nan 
84.375, 88.125, 6.615051132577888e-23, nan 
84.625, 88.125, 6.90958706890518e-23, nan 
84.875, 88.125, 7.40553176575249e-23, nan 
85.125, 88.125, 7.801929934826101e-23, nan 
85.375, 88.125, 1.111958689099788e-22, nan 
85.625, 88.125, 1.3183274044472955e-22, nan 
85.875, 88.125, 9.664264532999158e-23, nan 
86.125, 88.125, 4.3378258502551964e-23, nan 
86.375, 88.125, 3.903420887790176e-23, nan 
86.625, 88.125, 4.405491792438732e-23, nan 
86.875, 88.125, 3.5878531001624536e-23, nan 
87.125, 88.125, 3.886216705838005e-23, nan 
87.375, 88.125, 5.657678015963834e-23, nan 
87.625, 88.125, 9.6376439349339e-23, nan 
87.875, 88.125, 6.559210762412438e-23, nan 
88.125, 88.125, 5.2647267936435936e-23, nan 
88.375, 88.125, 4.9465127487713493e-23, nan 
88.625, 88.125, 4.815945908821968e-23, nan 
88.875, 88.125, 4.9092795632378676e-23, nan 
89.125, 88.125, 6.935963298175018e-23, nan 
89.375, 88.125, 6.867703897893971e-23, nan 
89.625, 88.125, 7.262236938151901e-23, nan 
89.875, 88.125, 5.969013229692466e-23, nan 
90.125, 88.125, 5.658448598489476e-23, nan 
90.375, 88.125, 7.395986482659629e-23, nan 
90.625, 88.125, 7.3355368522416e-23, nan 
90.875, 88.125, 7.291575809068755e-23, nan 
91.125, 88.125, 7.90066948938195e-23, nan 
91.375, 88.125, 7.365784494691713e-23, nan 
91.625, 88.125, 7.541758664677841e-23, nan 
91.875, 88.125, 7.781851842695104e-23, nan 
92.125, 88.125, 8.653785547025837e-23, nan 
92.375, 88.125, 1.0142980692191256e-22, nan 
92.625, 88.125, 1.1134491055989814e-22, nan 
92.875, 88.125, 1.1630909843233152e-22, nan 
93.125, 88.125, 1.1002384512655256e-22, nan 
93.375, 88.125, 1.0234198166047777e-22, nan 
93.625, 88.125, 6.511827186746039e-23, nan 
93.875, 88.125, 3.5467693993872466e-23, nan 
94.125, 88.125, 2.9712848579115254e-23, nan 
94.375, 88.125, 2.6625844591103224e-23, nan 
94.625, 88.125, 1.4909907671130442e-23, nan 
94.875, 88.125, 1.5312767865085198e-23, nan 
95.125, 88.125, 3.194177731258575e-23, nan 
95.375, 88.125, 5.497051139782731e-23, nan 
95.625, 88.125, 4.8815169628833745e-23, nan 
95.875, 88.125, 5.534069800958698e-23, nan 
96.125, 88.125, 7.177104638037466e-23, nan 
96.375, 88.125, 8.686334064752184e-23, nan 
96.625, 88.125, 9.651303394154638e-23, nan 
96.875, 88.125, 1.0303482563411856e-22, nan 
97.125, 88.125, 1.0386949626201946e-22, nan 
97.375, 88.125, 1.0233662201020213e-22, nan 
97.625, 88.125, 4.1205039197694025e-23, nan 
97.875, 88.125, 1.1088197100282572e-22, nan 
98.125, 88.125, 1.09598909576257e-22, nan 
98.375, 88.125, 1.180262280454599e-22, nan 
98.625, 88.125, 1.167680554382749e-22, nan 
98.875, 88.125, 9.528805844560228e-23, nan 
99.125, 88.125, 8.150833189300568e-23, nan 
99.375, 88.125, 1.95476791210578e-23, nan 
99.625, 88.125, 2.02547342565404e-23, nan 
99.875, 88.125, 2.455877593272103e-23, nan 
100.125, 88.125, 3.353933514844348e-23, nan 
100.375, 88.125, 3.814239733038242e-23, nan 
100.625, 88.125, 4.91527370957582e-23, nan 
100.875, 88.125, 2.2689692331529453e-23, nan 
101.125, 88.125, 3.7485836585393894e-23, nan 
101.375, 88.125, 4.518130378975394e-23, nan 
101.625, 88.125, 5.003945676970987e-23, nan 
101.875, 88.125, 5.669298418366127e-23, nan 
102.125, 88.125, 7.037093066498638e-23, nan 
102.375, 88.125, 4.984763524902139e-23, nan 
102.625, 88.125, 3.7708985375900874e-23, nan 
102.875, 88.125, 4.536896430351618e-23, nan 
103.125, 88.125, 4.4237131056279685e-23, nan 
103.375, 88.125, 4.789858432432479e-23, nan 
103.625, 88.125, 5.1782763498211034e-23, nan 
103.875, 88.125, 5.776192575124532e-23, nan 
104.125, 88.125, 6.516000319916897e-23, nan 
104.375, 88.125, 6.610351036142999e-23, nan 
104.625, 88.125, 5.296075778334208e-23, nan 
104.875, 88.125, 4.8330620819847274e-23, nan 
105.125, 88.125, 5.0094560431613487e-23, nan 
105.375, 88.125, 5.396570448563512e-23, nan 
105.625, 88.125, 4.5157137126387224e-23, nan 
105.875, 88.125, 5.26982716235269e-23, nan 
106.125, 88.125, 6.790401982188736e-23, nan 
106.375, 88.125, 5.803042113119496e-23, nan 
106.625, 88.125, 4.862951592440134e-23, nan 
106.875, 88.125, 3.652543087296063e-23, nan 
107.125, 88.125, 3.073313196780326e-23, nan 
107.375, 88.125, 4.652299916259483e-23, nan 
107.625, 88.125, 5.0475671119794897e-23, nan 
107.875, 88.125, 5.391049002174789e-23, nan 
108.125, 88.125, 4.4874940183978036e-23, nan 
108.375, 88.125, 4.388412925907198e-23, nan 
108.625, 88.125, 4.9119977708192875e-23, nan 
108.875, 88.125, 5.717765052623895e-23, nan 
109.125, 88.125, 6.108888000721427e-23, nan 
109.375, 88.125, 6.151427579589113e-23, nan 
109.625, 88.125, 7.094866394057325e-23, nan 
109.875, 88.125, 1.0464861880977724e-22, nan 
110.125, 88.125, 9.097533312610516e-23, nan 
110.375, 88.125, 4.766718733039974e-23, nan 
110.625, 88.125, 5.767125261218305e-23, nan 
110.875, 88.125, 3.715231395175006e-23, nan 
111.125, 88.125, 3.6319385558660395e-23, nan 
111.375, 88.125, 3.645297357693339e-23, nan 
111.625, 88.125, 4.016608255460905e-23, nan 
111.875, 88.125, 5.707806374220113e-23, nan 
112.125, 88.125, 7.871873834229823e-23, nan 
112.375, 88.125, 7.319997131279625e-23, nan 
112.625, 88.125, 6.643283308772542e-23, nan 
112.875, 88.125, 6.685315324867198e-23, nan 
113.125, 88.125, 6.758829247155615e-23, nan 
113.375, 88.125, 7.043797682978282e-23, nan 
113.625, 88.125, 7.894237404007796e-23, nan 
113.875, 88.125, 1.0864337494905995e-22, nan 
114.125, 88.125, 8.093230580158325e-23, nan 
114.375, 88.125, 6.253876793260331e-23, nan 
114.625, 88.125, 4.309912013467772e-23, nan 
114.875, 88.125, 3.9389258851363137e-23, nan 
115.125, 88.125, 6.29560328985184e-23, nan 
115.375, 88.125, 6.373483155151422e-23, nan 
115.625, 88.125, 6.177150885385153e-23, nan 
115.875, 88.125, 4.9513028038587166e-23, nan 
116.125, 88.125, 3.664047300293523e-23, nan 
116.375, 88.125, 3.8184024948288607e-23, nan 
116.625, 88.125, 4.73780399314994e-23, nan 
116.875, 88.125, 4.519840105793841e-23, nan 
117.125, 88.125, 3.694317137420978e-23, nan 
117.375, 88.125, 3.826783109045787e-23, nan 
117.625, 88.125, 5.050009424537542e-23, nan 
117.875, 88.125, 4.832668345244545e-23, nan 
118.125, 88.125, 3.492922840733152e-23, nan 
118.375, 88.125, 3.5570673327484383e-23, nan 
118.625, 88.125, 3.267139724283473e-23, nan 
118.875, 88.125, 4.362578790214982e-23, nan 
119.125, 88.125, 4.3389925251524e-23, nan 
119.375, 88.125, 4.5070031205543524e-23, nan 
119.625, 88.125, 5.081407131417562e-23, nan 
119.875, 88.125, 5.859193452088656e-23, nan 
120.125, 88.125, 5.668082136579905e-23, nan 
120.375, 88.125, 5.48365536332236e-23, nan 
120.625, 88.125, 5.450042496791567e-23, nan 
120.875, 88.125, 4.7596592167403196e-23, nan 
121.125, 88.125, 4.141346834936524e-23, nan 
121.375, 88.125, 4.2843447448173096e-23, nan 
121.625, 88.125, 5.2252872258415284e-23, nan 
121.875, 88.125, 4.120858545797682e-23, nan 
122.125, 88.125, 3.539468344984002e-23, nan 
122.375, 88.125, 3.470539284991654e-23, nan 
122.625, 88.125, 4.2204240522799743e-23, nan 
122.875, 88.125, 6.74481365086068e-23, nan 
123.125, 88.125, 4.4463949576189683e-23, nan 
123.375, 88.125, 7.028217926633186e-23, nan 
123.625, 88.125, 4.006435704636874e-23, nan 
123.875, 88.125, 7.262427076813644e-23, nan 
124.125, 88.125, 6.77517059972223e-23, nan 
124.375, 88.125, 5.283343624557649e-23, nan 
124.625, 88.125, 5.378187028302802e-23, nan 
124.875, 88.125, 5.99373316804677e-23, nan 
125.125, 88.125, 5.102430034329977e-23, nan 
125.375, 88.125, 4.1734808106999855e-23, nan 
125.625, 88.125, 3.214054682710661e-23, nan 
125.875, 88.125, 3.18947219859271e-23, nan 
126.125, 88.125, 4.0628002288546107e-23, nan 
126.375, 88.125, 4.268255325713379e-23, nan 
126.625, 88.125, 4.4679527945656385e-23, nan 
126.875, 88.125, 4.594052884895228e-23, nan 
127.125, 88.125, 4.3976443052848387e-23, nan 
127.375, 88.125, 4.641915409940941e-23, nan 
127.625, 88.125, 5.312154937135273e-23, nan 
127.875, 88.125, 5.694309406072779e-23, nan 
128.125, 88.125, 5.720092427721091e-23, nan 
128.375, 88.125, 5.1842241192994215e-23, nan 
128.625, 88.125, 5.037158222787578e-23, nan 
128.875, 88.125, 4.364519441307295e-23, nan 
129.125, 88.125, 9.41136231818549e-23, nan 
129.375, 88.125, 2.6226306729279846e-23, nan 
129.625, 88.125, 8.29100704639856e-23, nan 
129.875, 88.125, 2.9096076563465396e-23, nan 
130.125, 88.125, 3.5995939148958977e-23, nan 
130.375, 88.125, 4.1955473084847715e-23, nan 
130.625, 88.125, 8.465788698398914e-23, nan 
130.875, 88.125, 4.742774324909264e-23, nan 
131.125, 88.125, 1.0166368146488947e-22, nan 
131.375, 88.125, 5.126007138965964e-23, nan 
131.625, 88.125, 1.1405897047805018e-22, nan 
131.875, 88.125, 1.1026544710081637e-22, nan 
132.125, 88.125, 4.1197868476165774e-23, nan 
132.375, 88.125, 7.429208127538381e-23, nan 
132.625, 88.125, 6.756662241329209e-23, nan 
132.875, 88.125, 4.9494306487238176e-23, nan 
133.125, 88.125, 3.796005142514597e-23, nan 
133.375, 88.125, 2.5226034205725773e-23, nan 
133.625, 88.125, 2.633517415964987e-23, nan 
133.875, 88.125, 3.1489941757291465e-23, nan 
134.125, 88.125, 3.8859469169541204e-23, nan 
134.375, 88.125, 4.3038105381184876e-23, nan 
134.625, 88.125, 4.3490959388994647e-23, nan 
134.875, 88.125, 4.6877029692452116e-23, nan 
135.125, 88.125, 4.871246525247004e-23, nan 
135.375, 88.125, 6.423222984471983e-23, nan 
135.625, 88.125, 7.714334527724395e-23, nan 
135.875, 88.125, 8.15666241474064e-23, nan 
136.125, 88.125, 6.56431507298714e-23, nan 
136.375, 88.125, 5.30751323387936e-23, nan 
136.625, 88.125, 3.4544271079211945e-23, nan 
136.875, 88.125, 1.390149920941885e-22, nan 
137.125, 88.125, 3.8752931472713913e-23, nan 
137.375, 88.125, 1.1997774343657557e-22, nan 
137.625, 88.125, 7.725927507715652e-23, nan 
137.875, 88.125, 5.64422249728048e-23, nan 
138.125, 88.125, 4.4418236630163614e-23, nan 
138.375, 88.125, 5.004559570707893e-23, nan 
138.625, 88.125, 4.0897676318271e-23, nan 
138.875, 88.125, 5.665207277401773e-23, nan 
139.125, 88.125, 4.152020361602189e-23, nan 
139.375, 88.125, 7.140699754128704e-23, nan 
139.625, 88.125, 8.259710465539675e-23, nan 
139.875, 88.125, 4.9569328404812863e-23, nan 
140.125, 88.125, 6.352752653411938e-23, nan 
140.375, 88.125, 4.336401302573286e-23, nan 
140.625, 88.125, 3.0524267066066516e-23, nan 
140.875, 88.125, 2.5152041819431126e-23, nan 
141.125, 88.125, 2.281527212787413e-23, nan 
141.375, 88.125, 2.19903249711762e-23, nan 
141.625, 88.125, 2.1752480277458243e-23, nan 
141.875, 88.125, 2.0804113029596486e-23, nan 
142.125, 88.125, 2.042180634942914e-23, nan 
142.375, 88.125, 1.2888087239897093e-23, nan 
142.625, 88.125, 9.544727468609391e-24, nan 
142.875, 88.125, 1.0068184413899654e-23, nan 
143.125, 88.125, 2.556046008660248e-23, nan 
143.375, 88.125, 3.6956963763306567e-23, nan 
143.625, 88.125, 4.012193970204768e-23, nan 
143.875, 88.125, 3.2821667752051065e-23, nan 
144.125, 88.125, 2.566950980070677e-23, nan 
144.375, 88.125, 2.193925703765643e-23, nan 
144.625, 88.125, 5.966573088344918e-23, nan 
144.875, 88.125, 2.3825106659980523e-23, nan 
145.125, 88.125, 5.620055951361656e-23, nan 
145.375, 88.125, 5.2244757583857293e-23, nan 
145.625, 88.125, 4.533612803120838e-23, nan 
145.875, 88.125, 2.1520697945462027e-23, nan 
146.125, 88.125, 6.70034116792651e-23, nan 
146.375, 88.125, 7.309283537594782e-23, nan 
146.625, 88.125, 7.03648326794375e-23, nan 
146.875, 88.125, 5.530064467335802e-23, nan 
147.125, 88.125, 5.566166905089964e-23, nan 
147.375, 88.125, 5.55901215317465e-23, nan 
147.625, 88.125, 6.418266109030928e-23, nan 
147.875, 88.125, 6.668199598978035e-23, nan 
148.125, 88.125, 6.759952393790194e-23, nan 
148.375, 88.125, 1.6788251867826278e-23, nan 
148.625, 88.125, 3.2828655724763775e-23, nan 
148.875, 88.125, 6.825659467468512e-23, nan 
149.125, 88.125, 6.381482002056641e-23, nan 
149.375, 88.125, 6.995048954984514e-23, nan 
149.625, 88.125, 3.922567223777117e-23, nan 
149.875, 88.125, 6.479029997406622e-23, nan 
150.125, 88.125, 7.015908532961934e-23, nan 
150.375, 88.125, 7.639506103034075e-23, nan 
150.625, 88.125, 7.771008670214142e-23, nan 
150.875, 88.125, 7.623701556353992e-23, nan 
151.125, 88.125, 6.252731081898506e-23, nan 
151.375, 88.125, 4.858203017855677e-23, nan 
151.625, 88.125, 3.932096031238301e-23, nan 
151.875, 88.125, 3.49482226068162e-23, nan 
152.125, 88.125, 3.117824682420085e-23, nan 
152.375, 88.125, 2.7776617673647057e-23, nan 
152.625, 88.125, 2.5789563645791713e-23, nan 
152.875, 88.125, 2.8683067564224635e-23, nan 
153.125, 88.125, 2.6126706037997207e-23, nan 
153.375, 88.125, 2.7977280281917067e-23, nan 
153.625, 88.125, 3.270067993673459e-23, nan 
153.875, 88.125, 3.754782602981438e-23, nan 
154.125, 88.125, 5.795963226940276e-23, nan 
154.375, 88.125, 7.92477705981864e-23, nan 
154.625, 88.125, 8.405506372473567e-23, nan 
154.875, 88.125, 8.51695377207989e-23, nan 
155.125, 88.125, 7.554465499519843e-23, nan 
155.375, 88.125, 4.810337342013026e-23, nan 
155.625, 88.125, 7.056773195229935e-23, nan 
155.875, 88.125, 5.783130148217712e-23, nan 
156.125, 88.125, 5.555985296883223e-23, nan 
156.375, 88.125, 5.625447600871802e-23, nan 
156.625, 88.125, 5.646951695019834e-23, nan 
156.875, 88.125, 9.028599376083858e-23, nan 
157.125, 88.125, 7.03516413580737e-23, nan 
157.375, 88.125, 6.316562109940974e-23, nan 
157.625, 88.125, 3.9582024939413166e-23, nan 
157.875, 88.125, 4.898220512769155e-23, nan 
158.125, 88.125, 4.276361282199713e-23, nan 
158.375, 88.125, 3.8770547297510426e-23, nan 
158.625, 88.125, 3.121629862527073e-23, nan 
158.875, 88.125, 3.335215456085482e-23, nan 
159.125, 88.125, 3.4852657762565595e-23, nan 
159.375, 88.125, 3.634078478587288e-23, nan 
159.625, 88.125, 3.7126881836581936e-23, nan 
159.875, 88.125, 3.7716429745843865e-23, nan 
160.125, 88.125, 3.8243506579491844e-23, nan 
160.375, 88.125, 4.1945239707289985e-23, nan 
160.625, 88.125, 5.13105304192505e-23, nan 
160.875, 88.125, 5.030953192000288e-23, nan 
161.125, 88.125, 5.087737117729994e-23, nan 
161.375, 88.125, 5.236115879917503e-23, nan 
161.625, 88.125, 5.481858021753842e-23, nan 
161.875, 88.125, 5.739708233239686e-23, nan 
162.125, 88.125, 5.528825430225366e-23, nan 
162.375, 88.125, 5.1252016681097905e-23, nan 
162.625, 88.125, 4.7773460129053896e-23, nan 
162.875, 88.125, 6.214752946021778e-23, nan 
163.125, 88.125, 6.884476063186255e-23, nan 
163.375, 88.125, 7.497651309677773e-23, nan 
163.625, 88.125, 8.132710781630662e-23, nan 
163.875, 88.125, 8.41978992854923e-23, nan 
164.125, 88.125, 8.117309905169374e-23, nan 
164.375, 88.125, 7.317911505717051e-23, nan 
164.625, 88.125, 1.1319805604082677e-22, nan 
164.875, 88.125, 8.813177104040296e-23, nan 
165.125, 88.125, 5.2023452255361366e-23, nan 
165.375, 88.125, 4.1657689473901176e-23, nan 
165.625, 88.125, 5.467544179567413e-23, nan 
165.875, 88.125, 5.376160410541551e-23, nan 
166.125, 88.125, 6.497920038958201e-23, nan 
166.375, 88.125, 6.032663242984945e-23, nan 
166.625, 88.125, 4.683110568280884e-23, nan 
166.875, 88.125, 3.912848083681517e-23, nan 
167.125, 88.125, 4.5589950546210235e-23, nan 
167.375, 88.125, 5.690528297623748e-23, nan 
167.625, 88.125, 6.138647027380337e-23, nan 
167.875, 88.125, 6.09158059985406e-23, nan 
168.125, 88.125, 5.116593147520125e-23, nan 
168.375, 88.125, 4.875268635474934e-23, nan 
168.625, 88.125, 4.730601290956081e-23, nan 
168.875, 88.125, 3.375978531153894e-23, nan 
169.125, 88.125, 3.0744661362649744e-23, nan 
169.375, 88.125, 3.1386523530239987e-23, nan 
169.625, 88.125, 4.0338221338804193e-23, nan 
169.875, 88.125, 2.8579197484640023e-23, nan 
170.125, 88.125, 2.4050910799201323e-23, nan 
170.375, 88.125, 2.2166874549439208e-23, nan 
170.625, 88.125, 2.671397429830244e-23, nan 
170.875, 88.125, 2.5982064483204253e-23, nan 
171.125, 88.125, 2.6080638856536664e-23, nan 
171.375, 88.125, 2.6371884167839948e-23, nan 
171.625, 88.125, 2.617261247065688e-23, nan 
171.875, 88.125, 2.5786854664764585e-23, nan 
172.125, 88.125, 2.538386879185976e-23, nan 
172.375, 88.125, 5.683798821766811e-23, nan 
172.625, 88.125, 4.814174024266999e-23, nan 
172.875, 88.125, 3.0546286629251237e-23, nan 
173.125, 88.125, 3.93965573846186e-23, nan 
173.375, 88.125, 3.7161347708882927e-23, nan 
173.625, 88.125, 4.2442811111155207e-23, nan 
173.875, 88.125, 4.472149531823369e-23, nan 
174.125, 88.125, 4.6391339639541254e-23, nan 
174.375, 88.125, 4.6052516099018057e-23, nan 
174.625, 88.125, 4.49766669002602e-23, nan 
174.875, 88.125, 4.561847514806248e-23, nan 
175.125, 88.125, 6.41629016016409e-23, nan 
175.375, 88.125, 6.81032616181886e-23, nan 
175.625, 88.125, 6.654699078776038e-23, nan 
175.875, 88.125, 6.946851500853282e-23, nan 
176.125, 88.125, 5.801410694154812e-23, nan 
176.375, 88.125, 7.221396103840389e-23, nan 
176.625, 88.125, 6.072902949220681e-23, nan 
176.875, 88.125, 5.940057512791605e-23, nan 
177.125, 88.125, 4.456619087565868e-23, nan 
177.375, 88.125, 4.991572649265853e-23, nan 
177.625, 88.125, 5.200463794801682e-23, nan 
177.875, 88.125, 5.748332349450513e-23, nan 
178.125, 88.125, 6.80439822196771e-23, nan 
178.375, 88.125, 8.289051489937404e-23, nan 
178.625, 88.125, 8.006886126970702e-23, nan 
178.875, 88.125, 6.384250049801088e-23, nan 
179.125, 88.125, 4.891622176434245e-23, nan 
179.375, 88.125, 3.486962794707592e-23, nan 
179.625, 88.125, 2.71961273616355e-23, nan 
179.875, 88.125, 2.016616539872142e-23, nan 
-179.875, 88.375, 1.8514251442865628e-23, nan 
-179.625, 88.375, 2.1585089499498504e-23, nan 
-179.375, 88.375, 2.2806351924294418e-23, nan 
-179.125, 88.375, 2.1986009036601355e-23, nan 
-178.875, 88.375, 1.9684561211300134e-23, nan 
-178.625, 88.375, 1.9500402176765967e-23, nan 
-178.375, 88.375, 2.104724876911991e-23, nan 
-178.125, 88.375, 2.042119516611925e-23, nan 
-177.875, 88.375, 2.164828578483336e-23, nan 
-177.625, 88.375, 2.2615602670768287e-23, nan 
-177.375, 88.375, 2.4162849281922054e-23, nan 
-177.125, 88.375, 2.648885954334352e-23, nan 
-176.875, 88.375, 2.782319433272938e-23, nan 
-176.625, 88.375, 2.818536373920177e-23, nan 
-176.375, 88.375, 2.9440255288010765e-23, nan 
-176.125, 88.375, 2.925230888872158e-23, nan 
-175.875, 88.375, 2.947197609046813e-23, nan 
-175.625, 88.375, 2.5297489691403987e-23, nan 
-175.375, 88.375, 2.2504282075396866e-23, nan 
-175.125, 88.375, 2.2803308366273253e-23, nan 
-174.875, 88.375, 2.4722087527648875e-23, nan 
-174.625, 88.375, 2.3025531222757813e-23, nan 
-174.375, 88.375, 2.7081764731220516e-23, nan 
-174.125, 88.375, 2.9493550016585107e-23, nan 
-173.875, 88.375, 3.264630481952592e-23, nan 
-173.625, 88.375, 3.8816182859988996e-23, nan 
-173.375, 88.375, 4.2070980566310814e-23, nan 
-173.125, 88.375, 4.032793520470316e-23, nan 
-172.875, 88.375, 3.633574070250895e-23, nan 
-172.625, 88.375, 3.1318190509228115e-23, nan 
-172.375, 88.375, 3.597406112121309e-23, nan 
-172.125, 88.375, 4.0711314319799977e-23, nan 
-171.875, 88.375, 3.1385686361370845e-23, nan 
-171.625, 88.375, 3.1891620387328223e-23, nan 
-171.375, 88.375, 3.110093964341705e-23, nan 
-171.125, 88.375, 3.2832527056189685e-23, nan 
-170.875, 88.375, 3.244008927934818e-23, nan 
-170.625, 88.375, 3.364170081354281e-23, nan 
-170.375, 88.375, 3.5914715230095906e-23, nan 
-170.125, 88.375, 4.3363099681669063e-23, nan 
-169.875, 88.375, 4.3567230115467864e-23, nan 
-169.625, 88.375, 4.319155668447291e-23, nan 
-169.375, 88.375, 4.0398648730341385e-23, nan 
-169.125, 88.375, 3.442028288158154e-23, nan 
-168.875, 88.375, 2.7779670156271845e-23, nan 
-168.625, 88.375, 2.3414152153508447e-23, nan 
-168.375, 88.375, 3.015043274424297e-23, nan 
-168.125, 88.375, 3.7050743449677364e-23, nan 
-167.875, 88.375, 4.2197759122727296e-23, nan 
-167.625, 88.375, 4.643224917992108e-23, nan 
-167.375, 88.375, 5.0172990125970076e-23, nan 
-167.125, 88.375, 5.081190623420766e-23, nan 
-166.875, 88.375, 4.498763714729331e-23, nan 
-166.625, 88.375, 4.0357172691612875e-23, nan 
-166.375, 88.375, 4.207015427346647e-23, nan 
-166.125, 88.375, 5.0895258556890494e-23, nan 
-165.875, 88.375, 4.740944678356119e-23, nan 
-165.625, 88.375, 5.122922670354137e-23, nan 
-165.375, 88.375, 7.536716365548662e-23, nan 
-165.125, 88.375, 7.209608377737186e-23, nan 
-164.875, 88.375, 8.267870120832736e-23, nan 
-164.625, 88.375, 9.095330963146858e-23, nan 
-164.375, 88.375, 1.0474743808284911e-22, nan 
-164.125, 88.375, 9.222361018368294e-23, nan 
-163.875, 88.375, 5.924098600992015e-23, nan 
-163.625, 88.375, 6.899608689103033e-23, nan 
-163.375, 88.375, 8.254055675652416e-23, nan 
-163.125, 88.375, 6.053397563601299e-23, nan 
-162.875, 88.375, 6.645077587828264e-23, nan 
-162.625, 88.375, 7.160943494114778e-23, nan 
-162.375, 88.375, 7.392517085808608e-23, nan 
-162.125, 88.375, 7.679845715959137e-23, nan 
-161.875, 88.375, 8.7616399388381e-23, nan 
-161.625, 88.375, 1.0059152867099773e-22, nan 
-161.375, 88.375, 1.1010774983167082e-22, nan 
-161.125, 88.375, 1.1538055019540946e-22, nan 
-160.875, 88.375, 1.1596910525716422e-22, nan 
-160.625, 88.375, 1.1218422272312328e-22, nan 
-160.375, 88.375, 1.0225252379545994e-22, nan 
-160.125, 88.375, 8.92115102534178e-23, nan 
-159.875, 88.375, 7.415656856097945e-23, nan 
-159.625, 88.375, 6.015580349406064e-23, nan 
-159.375, 88.375, 5.712755315695274e-23, nan 
-159.125, 88.375, 5.2431343438339174e-23, nan 
-158.875, 88.375, 5.360119451587988e-23, nan 
-158.625, 88.375, 5.364907263621533e-23, nan 
-158.375, 88.375, 5.610994475376319e-23, nan 
-158.125, 88.375, 6.037444049911797e-23, nan 
-157.875, 88.375, 7.25531799653929e-23, nan 
-157.625, 88.375, 7.118291248401523e-23, nan 
-157.375, 88.375, 7.04646097912083e-23, nan 
-157.125, 88.375, 6.639896440545115e-23, nan 
-156.875, 88.375, 6.621210920144004e-23, nan 
-156.625, 88.375, 6.850159503453503e-23, nan 
-156.375, 88.375, 6.951976254595803e-23, nan 
-156.125, 88.375, 6.811005275757367e-23, nan 
-155.875, 88.375, 7.075684692269316e-23, nan 
-155.625, 88.375, 6.640938172200233e-23, nan 
-155.375, 88.375, 6.262345425275407e-23, nan 
-155.125, 88.375, 5.681472911317533e-23, nan 
-154.875, 88.375, 6.114230900781622e-23, nan 
-154.625, 88.375, 6.489462422278466e-23, nan 
-154.375, 88.375, 5.235614860011205e-23, nan 
-154.125, 88.375, 5.663861547277238e-23, nan 
-153.875, 88.375, 5.735464032376732e-23, nan 
-153.625, 88.375, 5.624812665276189e-23, nan 
-153.375, 88.375, 5.628085550729772e-23, nan 
-153.125, 88.375, 6.062565125120089e-23, nan 
-152.875, 88.375, 6.71960744691745e-23, nan 
-152.625, 88.375, 7.09477310053431e-23, nan 
-152.375, 88.375, 7.376960318820846e-23, nan 
-152.125, 88.375, 7.313945984184166e-23, nan 
-151.875, 88.375, 7.169066939548307e-23, nan 
-151.625, 88.375, 6.629302333068673e-23, nan 
-151.375, 88.375, 5.76156499357687e-23, nan 
-151.125, 88.375, 4.90561078952767e-23, nan 
-150.875, 88.375, 4.06816462703476e-23, nan 
-150.625, 88.375, 3.429956726744113e-23, nan 
-150.375, 88.375, 3.0951878102634237e-23, nan 
-150.125, 88.375, 2.8454411058997975e-23, nan 
-149.875, 88.375, 2.57710882402464e-23, nan 
-149.625, 88.375, 2.394718959864188e-23, nan 
-149.375, 88.375, 3.5747341568346754e-23, nan 
-149.125, 88.375, 3.5897176984165624e-23, nan 
-148.875, 88.375, 3.6958737988121866e-23, nan 
-148.625, 88.375, 3.7591816220783543e-23, nan 
-148.375, 88.375, 3.7985044342190196e-23, nan 
-148.125, 88.375, 3.7103664744380765e-23, nan 
-147.875, 88.375, 3.656507444704726e-23, nan 
-147.625, 88.375, 3.236426995126928e-23, nan 
-147.375, 88.375, 2.5213703272908535e-23, nan 
-147.125, 88.375, 3.5953096178080003e-23, nan 
-146.875, 88.375, 3.710627266718599e-23, nan 
-146.625, 88.375, 3.75282609395058e-23, nan 
-146.375, 88.375, 3.76257081202935e-23, nan 
-146.125, 88.375, 3.9797906509033486e-23, nan 
-145.875, 88.375, 3.848022109536674e-23, nan 
-145.625, 88.375, 3.8471932651640883e-23, nan 
-145.375, 88.375, 2.908431209148991e-23, nan 
-145.125, 88.375, 2.6311420595090278e-23, nan 
-144.875, 88.375, 2.4549333218243345e-23, nan 
-144.625, 88.375, 2.439583581034641e-23, nan 
-144.375, 88.375, 2.4300631152726745e-23, nan 
-144.125, 88.375, 2.4369110057092257e-23, nan 
-143.875, 88.375, 2.5956265550621124e-23, nan 
-143.625, 88.375, 2.617505492294062e-23, nan 
-143.375, 88.375, 2.7842070503958446e-23, nan 
-143.125, 88.375, 3.057826814753101e-23, nan 
-142.875, 88.375, 3.169675797710187e-23, nan 
-142.625, 88.375, 2.6911487506500046e-23, nan 
-142.375, 88.375, 3.4106343213899396e-23, nan 
-142.125, 88.375, 3.559263060113726e-23, nan 
-141.875, 88.375, 3.3397028019461844e-23, nan 
-141.625, 88.375, 3.2003241747079535e-23, nan 
-141.375, 88.375, 3.16302053672649e-23, nan 
-141.125, 88.375, 3.0734651102021e-23, nan 
-140.875, 88.375, 3.002459163992226e-23, nan 
-140.625, 88.375, 3.4472042114548917e-23, nan 
-140.375, 88.375, 3.346653595092304e-23, nan 
-140.125, 88.375, 3.333218476785251e-23, nan 
-139.875, 88.375, 3.260930756152842e-23, nan 
-139.625, 88.375, 3.2293873865781724e-23, nan 
-139.375, 88.375, 3.493093825748307e-23, nan 
-139.125, 88.375, 3.094573200404868e-23, nan 
-138.875, 88.375, 2.8829852113065066e-23, nan 
-138.625, 88.375, 2.6612937776075755e-23, nan 
-138.375, 88.375, 3.263987338160716e-23, nan 
-138.125, 88.375, 2.8656369214761876e-23, nan 
-137.875, 88.375, 2.620366444819459e-23, nan 
-137.625, 88.375, 2.486972883512287e-23, nan 
-137.375, 88.375, 2.5196999584779823e-23, nan 
-137.125, 88.375, 2.743832699713677e-23, nan 
-136.875, 88.375, 2.8284566545527184e-23, nan 
-136.625, 88.375, 2.664714144465975e-23, nan 
-136.375, 88.375, 2.5325870777418532e-23, nan 
-136.125, 88.375, 2.7785752398337844e-23, nan 
-135.875, 88.375, 2.2108556249262344e-23, nan 
-135.625, 88.375, 2.2388688589895815e-23, nan 
-135.375, 88.375, 2.1350327245187605e-23, nan 
-135.125, 88.375, 2.0994788610400498e-23, nan 
-134.875, 88.375, 2.1302834757542673e-23, nan 
-134.625, 88.375, 1.4271275548834583e-23, nan 
-134.375, 88.375, 1.6086153614976647e-23, nan 
-134.125, 88.375, 1.5115334737840438e-23, nan 
-133.875, 88.375, 1.6348007361469037e-23, nan 
-133.625, 88.375, 1.690395188671161e-23, nan 
-133.375, 88.375, 1.4992233670802172e-23, nan 
-133.125, 88.375, 1.424381553939476e-23, nan 
-132.875, 88.375, 1.5277618310078444e-23, nan 
-132.625, 88.375, 1.5869774051949426e-23, nan 
-132.375, 88.375, 1.8840849108114075e-23, nan 
-132.125, 88.375, 1.9555661514713137e-23, nan 
-131.875, 88.375, 1.3475509664528602e-23, nan 
-131.625, 88.375, 1.187657091782411e-23, nan 
-131.375, 88.375, 1.2804855381776199e-23, nan 
-131.125, 88.375, 1.5161157105220234e-23, nan 
-130.875, 88.375, 1.8251696657492403e-23, nan 
-130.625, 88.375, 2.0662071432363526e-23, nan 
-130.375, 88.375, 2.0187334721465026e-23, nan 
-130.125, 88.375, 2.1666975458244374e-23, nan 
-129.875, 88.375, 2.0543895103981424e-23, nan 
-129.625, 88.375, 1.1482536815655717e-23, nan 
-129.375, 88.375, 1.1725386958758561e-23, nan 
-129.125, 88.375, 1.3217754132351886e-23, nan 
-128.875, 88.375, 1.6947086731893803e-23, nan 
-128.625, 88.375, 1.831278366494383e-23, nan 
-128.375, 88.375, 2.69624137677226e-23, nan 
-128.125, 88.375, 2.997033352958063e-23, nan 
-127.875, 88.375, 3.238810471674587e-23, nan 
-127.625, 88.375, 3.679840883027202e-23, nan 
-127.375, 88.375, 3.617300266270553e-23, nan 
-127.125, 88.375, 3.977808763503265e-23, nan 
-126.875, 88.375, 3.821020569361551e-23, nan 
-126.625, 88.375, 3.8950816358396947e-23, nan 
-126.375, 88.375, 4.262606269259692e-23, nan 
-126.125, 88.375, 4.348228441019157e-23, nan 
-125.875, 88.375, 4.2657700351624365e-23, nan 
-125.625, 88.375, 4.403032084923269e-23, nan 
-125.375, 88.375, 4.1954949383553985e-23, nan 
-125.125, 88.375, 4.072964439675073e-23, nan 
-124.875, 88.375, 3.8668713787607043e-23, nan 
-124.625, 88.375, 4.153331310044644e-23, nan 
-124.375, 88.375, 4.4499549089465117e-23, nan 
-124.125, 88.375, 4.3733847936014666e-23, nan 
-123.875, 88.375, 4.499544677844101e-23, nan 
-123.625, 88.375, 4.641429576446587e-23, nan 
-123.375, 88.375, 4.727271498484056e-23, nan 
-123.125, 88.375, 5.0758029444665177e-23, nan 
-122.875, 88.375, 5.367993433250027e-23, nan 
-122.625, 88.375, 5.610216292357591e-23, nan 
-122.375, 88.375, 6.025991772086303e-23, nan 
-122.125, 88.375, 6.169420889227857e-23, nan 
-121.875, 88.375, 6.392509809477029e-23, nan 
-121.625, 88.375, 5.071557710087186e-23, nan 
-121.375, 88.375, 4.5991939524697415e-23, nan 
-121.125, 88.375, 4.37890484227557e-23, nan 
-120.875, 88.375, 4.464150028986313e-23, nan 
-120.625, 88.375, 4.409006764171826e-23, nan 
-120.375, 88.375, 4.4347627359670816e-23, nan 
-120.125, 88.375, 4.40085742184501e-23, nan 
-119.875, 88.375, 4.329289935805003e-23, nan 
-119.625, 88.375, 4.4114653257772726e-23, nan 
-119.375, 88.375, 4.6329131684626974e-23, nan 
-119.125, 88.375, 4.6734702896246027e-23, nan 
-118.875, 88.375, 4.8019094966719493e-23, nan 
-118.625, 88.375, 5.0398115826039233e-23, nan 
-118.375, 88.375, 5.813356867969823e-23, nan 
-118.125, 88.375, 5.804754784984159e-23, nan 
-117.875, 88.375, 5.701379615196727e-23, nan 
-117.625, 88.375, 5.909618122910605e-23, nan 
-117.375, 88.375, 5.846757034901498e-23, nan 
-117.125, 88.375, 5.801243024132154e-23, nan 
-116.875, 88.375, 5.812316788056991e-23, nan 
-116.625, 88.375, 5.706026435815708e-23, nan 
-116.375, 88.375, 5.755995063390195e-23, nan 
-116.125, 88.375, 5.81555290807779e-23, nan 
-115.875, 88.375, 5.663121089346181e-23, nan 
-115.625, 88.375, 5.698975676929407e-23, nan 
-115.375, 88.375, 5.829652574372571e-23, nan 
-115.125, 88.375, 6.010691780838814e-23, nan 
-114.875, 88.375, 6.230748215599938e-23, nan 
-114.625, 88.375, 6.188024165196705e-23, nan 
-114.375, 88.375, 6.28090154423037e-23, nan 
-114.125, 88.375, 6.366254970683654e-23, nan 
-113.875, 88.375, 6.445865176001748e-23, nan 
-113.625, 88.375, 6.738068678525949e-23, nan 
-113.375, 88.375, 6.651728053401864e-23, nan 
-113.125, 88.375, 6.659673789992794e-23, nan 
-112.875, 88.375, 5.751941850503744e-23, nan 
-112.625, 88.375, 5.490453184165894e-23, nan 
-112.375, 88.375, 5.454295037977582e-23, nan 
-112.125, 88.375, 5.333571071811905e-23, nan 
-111.875, 88.375, 5.1138259386389255e-23, nan 
-111.625, 88.375, 5.41712014488302e-23, nan 
-111.375, 88.375, 5.23054525095131e-23, nan 
-111.125, 88.375, 5.0623655825765976e-23, nan 
-110.875, 88.375, 5.05316402679528e-23, nan 
-110.625, 88.375, 4.8057416651911174e-23, nan 
-110.375, 88.375, 4.936746183212073e-23, nan 
-110.125, 88.375, 4.890685531960947e-23, nan 
-109.875, 88.375, 4.8161848029641423e-23, nan 
-109.625, 88.375, 5.724692988274249e-23, nan 
-109.375, 88.375, 5.310613791699209e-23, nan 
-109.125, 88.375, 5.1281686655045217e-23, nan 
-108.875, 88.375, 6.08899335395229e-23, nan 
-108.625, 88.375, 5.660842886918508e-23, nan 
-108.375, 88.375, 5.958223281223882e-23, nan 
-108.125, 88.375, 6.44219214253421e-23, nan 
-107.875, 88.375, 7.173818082784689e-23, nan 
-107.625, 88.375, 7.67066921661913e-23, nan 
-107.375, 88.375, 7.699030204215407e-23, nan 
-107.125, 88.375, 7.574342454009015e-23, nan 
-106.875, 88.375, 6.92225968054839e-23, nan 
-106.625, 88.375, 8.442117863953597e-23, nan 
-106.375, 88.375, 9.249342915425454e-23, nan 
-106.125, 88.375, 9.486519952515002e-23, nan 
-105.875, 88.375, 9.916927447955257e-23, nan 
-105.625, 88.375, 9.337546047546514e-23, nan 
-105.375, 88.375, 7.496183663204594e-23, nan 
-105.125, 88.375, 7.686338466269455e-23, nan 
-104.875, 88.375, 1.281216949984902e-22, nan 
-104.625, 88.375, 9.525510179904388e-23, nan 
-104.375, 88.375, 6.572766468662005e-23, nan 
-104.125, 88.375, 5.780443150231487e-23, nan 
-103.875, 88.375, 1.1394921454868657e-22, nan 
-103.625, 88.375, 1.0577240711977067e-22, nan 
-103.375, 88.375, 5.522145732119789e-23, nan 
-103.125, 88.375, 5.583134331940881e-23, nan 
-102.875, 88.375, 5.681735552573982e-23, nan 
-102.625, 88.375, 5.455460959517669e-23, nan 
-102.375, 88.375, 5.598439343499278e-23, nan 
-102.125, 88.375, 5.875559177913981e-23, nan 
-101.875, 88.375, 4.423074155651584e-23, nan 
-101.625, 88.375, 4.559204262999806e-23, nan 
-101.375, 88.375, 4.1841604768011313e-23, nan 
-101.125, 88.375, 7.722253429642054e-23, nan 
-100.875, 88.375, 7.979572683308467e-23, nan 
-100.625, 88.375, 7.20682721066183e-23, nan 
-100.375, 88.375, 6.163503808301289e-23, nan 
-100.125, 88.375, 4.507646172118514e-23, nan 
-99.875, 88.375, 6.088115883281318e-23, nan 
-99.625, 88.375, 6.420183247993627e-23, nan 
-99.375, 88.375, 5.472581341523876e-23, nan 
-99.125, 88.375, 4.231464923862486e-23, nan 
-98.875, 88.375, 4.4639850100157565e-23, nan 
-98.625, 88.375, 4.295744517897967e-23, nan 
-98.375, 88.375, 5.13222434513874e-23, nan 
-98.125, 88.375, 5.395024249216851e-23, nan 
-97.875, 88.375, 5.760526794295313e-23, nan 
-97.625, 88.375, 5.956287787990091e-23, nan 
-97.375, 88.375, 6.5715438867206e-23, nan 
-97.125, 88.375, 6.645612851575731e-23, nan 
-96.875, 88.375, 6.118114334724334e-23, nan 
-96.625, 88.375, 6.30896861133239e-23, nan 
-96.375, 88.375, 5.871807857817891e-23, nan 
-96.125, 88.375, 5.28655535099963e-23, nan 
-95.875, 88.375, 5.176163534331642e-23, nan 
-95.625, 88.375, 6.695518036395692e-23, nan 
-95.375, 88.375, 5.433450586020478e-23, nan 
-95.125, 88.375, 5.305500886876391e-23, nan 
-94.875, 88.375, 5.0912403750372804e-23, nan 
-94.625, 88.375, 6.443863763529908e-23, nan 
-94.375, 88.375, 6.025262237828813e-23, nan 
-94.125, 88.375, 6.68883501325212e-23, nan 
-93.875, 88.375, 5.930786089230268e-23, nan 
-93.625, 88.375, 5.639488571728843e-23, nan 
-93.375, 88.375, 5.810389302477986e-23, nan 
-93.125, 88.375, 4.7822295515059016e-23, nan 
-92.875, 88.375, 4.992514558945718e-23, nan 
-92.625, 88.375, 4.85524913258371e-23, nan 
-92.375, 88.375, 4.7602972926975056e-23, nan 
-92.125, 88.375, 4.9486988109987513e-23, nan 
-91.875, 88.375, 4.718529905009373e-23, nan 
-91.625, 88.375, 4.7813325026854033e-23, nan 
-91.375, 88.375, 5.1451326824063737e-23, nan 
-91.125, 88.375, 5.104842682056769e-23, nan 
-90.875, 88.375, 4.8946767459075776e-23, nan 
-90.625, 88.375, 5.375030149673494e-23, nan 
-90.375, 88.375, 5.248671084652415e-23, nan 
-90.125, 88.375, 5.157118680783948e-23, nan 
-89.875, 88.375, 4.118738038095004e-23, nan 
-89.625, 88.375, 3.464145846231998e-23, nan 
-89.375, 88.375, 4.6279848052370706e-23, nan 
-89.125, 88.375, 4.724368460436851e-23, nan 
-88.875, 88.375, 4.784485243894069e-23, nan 
-88.625, 88.375, 4.798160239084522e-23, nan 
-88.375, 88.375, 4.081363812901763e-23, nan 
-88.125, 88.375, 4.051262200486084e-23, nan 
-87.875, 88.375, 4.245250299188668e-23, nan 
-87.625, 88.375, 4.577917820329002e-23, nan 
-87.375, 88.375, 4.836522719565312e-23, nan 
-87.125, 88.375, 4.992384333721721e-23, nan 
-86.875, 88.375, 4.819311405064133e-23, nan 
-86.625, 88.375, 4.9784324085719185e-23, nan 
-86.375, 88.375, 5.251071228248395e-23, nan 
-86.125, 88.375, 4.924614652100296e-23, nan 
-85.875, 88.375, 4.966454952525635e-23, nan 
-85.625, 88.375, 5.127971454902031e-23, nan 
-85.375, 88.375, 4.661173385557258e-23, nan 
-85.125, 88.375, 5.0358632107878475e-23, nan 
-84.875, 88.375, 5.085604233373757e-23, nan 
-84.625, 88.375, 5.2744459873268256e-23, nan 
-84.375, 88.375, 5.1907210847554924e-23, nan 
-84.125, 88.375, 5.580110853184335e-23, nan 
-83.875, 88.375, 5.959158861508533e-23, nan 
-83.625, 88.375, 5.91151041658176e-23, nan 
-83.375, 88.375, 6.184026401911342e-23, nan 
-83.125, 88.375, 6.326322253568711e-23, nan 
-82.875, 88.375, 5.746345341054124e-23, nan 
-82.625, 88.375, 5.655749023170209e-23, nan 
-82.375, 88.375, 5.844715443722311e-23, nan 
-82.125, 88.375, 5.212290787972501e-23, nan 
-81.875, 88.375, 6.023940712639467e-23, nan 
-81.625, 88.375, 5.745067964338079e-23, nan 
-81.375, 88.375, 5.647974181250221e-23, nan 
-81.125, 88.375, 5.0358807118503383e-23, nan 
-80.875, 88.375, 4.573799592197297e-23, nan 
-80.625, 88.375, 5.37046183837986e-23, nan 
-80.375, 88.375, 5.610612311275578e-23, nan 
-80.125, 88.375, 5.331176754167551e-23, nan 
-79.875, 88.375, 5.200226911139022e-23, nan 
-79.625, 88.375, 6.12758931791273e-23, nan 
-79.375, 88.375, 5.634673932351909e-23, nan 
-79.125, 88.375, 5.311541055677337e-23, nan 
-78.875, 88.375, 5.2788946380815587e-23, nan 
-78.625, 88.375, 5.245280750317952e-23, nan 
-78.375, 88.375, 5.352356614487465e-23, nan 
-78.125, 88.375, 5.2297398328293005e-23, nan 
-77.875, 88.375, 5.225659504171919e-23, nan 
-77.625, 88.375, 5.609824995834781e-23, nan 
-77.375, 88.375, 5.425857469653108e-23, nan 
-77.125, 88.375, 5.661178660082036e-23, nan 
-76.875, 88.375, 5.432505500370329e-23, nan 
-76.625, 88.375, 4.8035206616557006e-23, nan 
-76.375, 88.375, 4.7282902669344124e-23, nan 
-76.125, 88.375, 4.667275695137981e-23, nan 
-75.875, 88.375, 5.2889692644124597e-23, nan 
-75.625, 88.375, 5.513862642960538e-23, nan 
-75.375, 88.375, 5.095517421440902e-23, nan 
-75.125, 88.375, 4.859862034557705e-23, nan 
-74.875, 88.375, 4.7387679716209206e-23, nan 
-74.625, 88.375, 5.1462753069844264e-23, nan 
-74.375, 88.375, 5.038185023003228e-23, nan 
-74.125, 88.375, 4.62048530400837e-23, nan 
-73.875, 88.375, 4.635682362403106e-23, nan 
-73.625, 88.375, 5.162728619925832e-23, nan 
-73.375, 88.375, 4.731265612838054e-23, nan 
-73.125, 88.375, 5.638194007753906e-23, nan 
-72.875, 88.375, 5.396415948812518e-23, nan 
-72.625, 88.375, 5.330320926646278e-23, nan 
-72.375, 88.375, 4.77781529041766e-23, nan 
-72.125, 88.375, 4.6312589659357367e-23, nan 
-71.875, 88.375, 4.093555508665574e-23, nan 
-71.625, 88.375, 4.892102639607398e-23, nan 
-71.375, 88.375, 5.865742192675167e-23, nan 
-71.125, 88.375, 6.608028133870582e-23, nan 
-70.875, 88.375, 8.956829487125353e-23, nan 
-70.625, 88.375, 9.57503887260799e-23, nan 
-70.375, 88.375, 9.391827837598526e-23, nan 
-70.125, 88.375, 6.315535842402615e-23, nan 
-69.875, 88.375, 5.636114084284776e-23, nan 
-69.625, 88.375, 5.608249123710022e-23, nan 
-69.375, 88.375, 5.88312143597351e-23, nan 
-69.125, 88.375, 6.955534487447583e-23, nan 
-68.875, 88.375, 1.0623426971539757e-22, nan 
-68.625, 88.375, 1.2626950752900105e-22, nan 
-68.375, 88.375, 9.161858148722502e-23, nan 
-68.125, 88.375, 5.443577678032154e-23, nan 
-67.875, 88.375, 3.81296891831578e-23, nan 
-67.625, 88.375, 4.184455537042288e-23, nan 
-67.375, 88.375, 3.7344116638885386e-23, nan 
-67.125, 88.375, 4.167073585492447e-23, nan 
-66.875, 88.375, 4.917966743801334e-23, nan 
-66.625, 88.375, 4.613474085001377e-23, nan 
-66.375, 88.375, 4.7576655157307365e-23, nan 
-66.125, 88.375, 5.049638366123784e-23, nan 
-65.875, 88.375, 4.8849200388738294e-23, nan 
-65.625, 88.375, 5.388162383765657e-23, nan 
-65.375, 88.375, 6.457113049664671e-23, nan 
-65.125, 88.375, 7.159708631045667e-23, nan 
-64.875, 88.375, 5.763154749835344e-23, nan 
-64.625, 88.375, 6.337439632935283e-23, nan 
-64.375, 88.375, 1.2253309041015335e-22, nan 
-64.125, 88.375, 1.6841558605357157e-22, nan 
-63.875, 88.375, 2.1518563158678725e-22, nan 
-63.625, 88.375, 1.4906865963051088e-22, nan 
-63.375, 88.375, 1.467364136192763e-22, nan 
-63.125, 88.375, 8.478483733246499e-23, nan 
-62.875, 88.375, 7.928436929030313e-23, nan 
-62.625, 88.375, 8.269122833124276e-23, nan 
-62.375, 88.375, 9.055206679715447e-23, nan 
-62.125, 88.375, 1.0171326222119087e-22, nan 
-61.875, 88.375, 1.2600252023881374e-22, nan 
-61.625, 88.375, 1.726966465995703e-22, nan 
-61.375, 88.375, 2.638699698962704e-22, nan 
-61.125, 88.375, 2.8475533123263474e-22, nan 
-60.875, 88.375, 2.9479752944077343e-22, nan 
-60.625, 88.375, 1.9494020607336e-22, nan 
-60.375, 88.375, 1.537790370813569e-22, nan 
-60.125, 88.375, 1.8544651503486573e-22, nan 
-59.875, 88.375, 2.2099219024649095e-22, nan 
-59.625, 88.375, 1.596260872611016e-22, nan 
-59.375, 88.375, 1.2894050952647322e-22, nan 
-59.125, 88.375, 1.6961394403318819e-22, nan 
-58.875, 88.375, 9.79159834119346e-23, nan 
-58.625, 88.375, 1.2956565757469342e-22, nan 
-58.375, 88.375, 1.293182548212198e-22, nan 
-58.125, 88.375, 1.3595356619730299e-22, nan 
-57.875, 88.375, 1.769564201174804e-22, nan 
-57.625, 88.375, 1.767552691459457e-22, nan 
-57.375, 88.375, 1.7810216452369034e-22, nan 
-57.125, 88.375, 1.8070318929918209e-22, nan 
-56.875, 88.375, 1.8455509967436768e-22, nan 
-56.625, 88.375, 1.8725287836624756e-22, nan 
-56.375, 88.375, 1.9173993262266987e-22, nan 
-56.125, 88.375, 1.9649438090474833e-22, nan 
-55.875, 88.375, 2.0056994403550012e-22, nan 
-55.625, 88.375, 2.0589548134632282e-22, nan 
-55.375, 88.375, 2.167696818832654e-22, nan 
-55.125, 88.375, 2.4054945379623915e-22, nan 
-54.875, 88.375, 2.8429404850164815e-22, nan 
-54.625, 88.375, 2.7053183929009176e-22, nan 
-54.375, 88.375, 2.7841016764144284e-22, nan 
-54.125, 88.375, 3.3165899741953385e-22, nan 
-53.875, 88.375, 2.6935591101059004e-22, nan 
-53.625, 88.375, 2.5041986774187536e-22, nan 
-53.375, 88.375, 2.380105738245621e-22, nan 
-53.125, 88.375, 2.169755323899589e-22, nan 
-52.875, 88.375, 2.0003999846100028e-22, nan 
-52.625, 88.375, 2.1551810484302806e-22, nan 
-52.375, 88.375, 2.395839562860169e-22, nan 
-52.125, 88.375, 2.837235219568933e-22, nan 
-51.875, 88.375, 3.0912323427972313e-22, nan 
-51.625, 88.375, 2.5249090123479137e-22, nan 
-51.375, 88.375, 2.2662722979005903e-22, nan 
-51.125, 88.375, 2.099698891940466e-22, nan 
-50.875, 88.375, 2.0505247649167976e-22, nan 
-50.625, 88.375, 1.8378456670450024e-22, nan 
-50.375, 88.375, 2.2737359614092877e-22, nan 
-50.125, 88.375, 1.8638667038123327e-22, nan 
-49.875, 88.375, 1.8621204506480434e-22, nan 
-49.625, 88.375, 1.8718279377757908e-22, nan 
-49.375, 88.375, 1.7888754988359802e-22, nan 
-49.125, 88.375, 1.840776792299533e-22, nan 
-48.875, 88.375, 1.7285205720862e-22, nan 
-48.625, 88.375, 1.8192050268341977e-22, nan 
-48.375, 88.375, 1.6955188552366121e-22, nan 
-48.125, 88.375, 1.7664491112029382e-22, nan 
-47.875, 88.375, 1.688228455538211e-22, nan 
-47.625, 88.375, 1.7151267440004276e-22, nan 
-47.375, 88.375, 1.7480466091972164e-22, nan 
-47.125, 88.375, 1.726569944166618e-22, nan 
-46.875, 88.375, 1.7380882496567773e-22, nan 
-46.625, 88.375, 1.726735730442667e-22, nan 
-46.375, 88.375, 1.6032951355635996e-22, nan 
-46.125, 88.375, 2.2150051448009864e-22, nan 
-45.875, 88.375, 1.6165866176051126e-22, nan 
-45.625, 88.375, 1.620029882784115e-22, nan 
-45.375, 88.375, 3.188958885811002e-22, nan 
-45.125, 88.375, 1.4763042414521705e-22, nan 
-44.875, 88.375, 1.1840328745359654e-22, nan 
-44.625, 88.375, 1.1773261534296886e-22, nan 
-44.375, 88.375, 1.2804560465209836e-22, nan 
-44.125, 88.375, 1.9445099147077538e-22, nan 
-43.875, 88.375, 2.6836523075640477e-22, nan 
-43.625, 88.375, 2.971961008789213e-22, nan 
-43.375, 88.375, 2.972432901737439e-22, nan 
-43.125, 88.375, 2.9052143659330636e-22, nan 
-42.875, 88.375, 2.0604986718308547e-22, nan 
-42.625, 88.375, 1.6817179897091437e-22, nan 
-42.375, 88.375, 1.7676492242829032e-22, nan 
-42.125, 88.375, 1.7474853849957335e-22, nan 
-41.875, 88.375, 1.4556419477426264e-22, nan 
-41.625, 88.375, 1.8942440779355336e-22, nan 
-41.375, 88.375, 2.162398157177895e-22, nan 
-41.125, 88.375, 1.9046343270353524e-22, nan 
-40.875, 88.375, 1.950076329717298e-22, nan 
-40.625, 88.375, 2.2607457848925598e-22, nan 
-40.375, 88.375, 2.317464852914007e-22, nan 
-40.125, 88.375, 2.2067213560985253e-22, nan 
-39.875, 88.375, 2.3045936709092787e-22, nan 
-39.625, 88.375, 2.2887881034961765e-22, nan 
-39.375, 88.375, 2.4189854694425315e-22, nan 
-39.125, 88.375, 2.464843637186909e-22, nan 
-38.875, 88.375, 2.5971053357383764e-22, nan 
-38.625, 88.375, 2.717721749569094e-22, nan 
-38.375, 88.375, 2.6756922455709464e-22, nan 
-38.125, 88.375, 2.7182868662305717e-22, nan 
-37.875, 88.375, 2.691894441980434e-22, nan 
-37.625, 88.375, 2.298051454432306e-22, nan 
-37.375, 88.375, 1.9700334077810778e-22, nan 
-37.125, 88.375, 2.0340702434504326e-22, nan 
-36.875, 88.375, 1.4904191536556804e-22, nan 
-36.625, 88.375, 1.8449192279175124e-22, nan 
-36.375, 88.375, 1.0168262242486145e-22, nan 
-36.125, 88.375, 9.128493039340077e-23, nan 
-35.875, 88.375, 9.817923835115441e-23, nan 
-35.625, 88.375, 1.5333241024236787e-22, nan 
-35.375, 88.375, 2.795839412484969e-22, nan 
-35.125, 88.375, 4.381665453233684e-22, nan 
-34.875, 88.375, 5.407752109854952e-22, nan 
-34.625, 88.375, 5.664976815490936e-22, nan 
-34.375, 88.375, 5.508505461217344e-22, nan 
-34.125, 88.375, 3.4928125882940527e-22, nan 
-33.875, 88.375, 2.396585709645496e-22, nan 
-33.625, 88.375, 1.8031471436050352e-22, nan 
-33.375, 88.375, 1.6316957356657987e-22, nan 
-33.125, 88.375, 1.7582961985832866e-22, nan 
-32.875, 88.375, 1.706960519821714e-22, nan 
-32.625, 88.375, 1.8126957630130437e-22, nan 
-32.375, 88.375, 1.6349194553465601e-22, nan 
-32.125, 88.375, 1.7551966107690602e-22, nan 
-31.875, 88.375, 1.5364065378753734e-22, nan 
-31.625, 88.375, 1.2296774967793167e-22, nan 
-31.375, 88.375, 1.4251356890225903e-22, nan 
-31.125, 88.375, 2.0232598420876908e-22, nan 
-30.875, 88.375, 3.672089619179601e-22, nan 
-30.625, 88.375, 4.2179221206963095e-22, nan 
-30.375, 88.375, 5.03188510887114e-22, nan 
-30.125, 88.375, 5.548180364213312e-22, nan 
-29.875, 88.375, 5.650347723746005e-22, nan 
-29.625, 88.375, 5.548518631715375e-22, nan 
-29.375, 88.375, 5.43768351476834e-22, nan 
-29.125, 88.375, 5.005416504803134e-22, nan 
-28.875, 88.375, 4.57423953945692e-22, nan 
-28.625, 88.375, 3.7148081175511105e-22, nan 
-28.375, 88.375, 2.695867057230337e-22, nan 
-28.125, 88.375, 2.0258708383288115e-22, nan 
-27.875, 88.375, 1.577570582637078e-22, nan 
-27.625, 88.375, 1.1002279800973935e-22, nan 
-27.375, 88.375, 8.267949678599865e-23, nan 
-27.125, 88.375, 7.067880068100992e-23, nan 
-26.875, 88.375, 8.004574971650652e-23, nan 
-26.625, 88.375, 1.339368847793351e-22, nan 
-26.375, 88.375, 2.197783335372453e-22, nan 
-26.125, 88.375, 2.8382740419962777e-22, nan 
-25.875, 88.375, 3.2482195214962095e-22, nan 
-25.625, 88.375, 3.0941056592757714e-22, nan 
-25.375, 88.375, 2.1630349437283482e-22, nan 
-25.125, 88.375, 1.8808149477354467e-22, nan 
-24.875, 88.375, 1.860628375133052e-22, nan 
-24.625, 88.375, 2.0293572486378809e-22, nan 
-24.375, 88.375, 2.5697699637389854e-22, nan 
-24.125, 88.375, 4.665892277241361e-22, nan 
-23.875, 88.375, 3.9567192584024916e-22, nan 
-23.625, 88.375, 1.2389305189293716e-22, nan 
-23.375, 88.375, 1.4714468939445626e-22, nan 
-23.125, 88.375, 7.10524352715653e-23, nan 
-22.875, 88.375, 9.717361564615599e-23, nan 
-22.625, 88.375, 3.1445583890323524e-22, nan 
-22.375, 88.375, 1.3049165517573673e-22, nan 
-22.125, 88.375, 5.165980222170055e-22, nan 
-21.875, 88.375, 5.047791790651247e-22, nan 
-21.625, 88.375, 4.7080370964068805e-22, nan 
-21.375, 88.375, 4.393278985962397e-22, nan 
-21.125, 88.375, 4.458066230791638e-22, nan 
-20.875, 88.375, 4.1262346204213737e-22, nan 
-20.625, 88.375, 4.964115355755278e-22, nan 
-20.375, 88.375, 3.1276176989660924e-22, nan 
-20.125, 88.375, 2.2778333585133437e-22, nan 
-19.875, 88.375, 1.347485585818585e-22, nan 
-19.625, 88.375, 1.578608477530709e-22, nan 
-19.375, 88.375, 2.5061639157880005e-22, nan 
-19.125, 88.375, 4.06780718244687e-22, nan 
-18.875, 88.375, 4.764357914809646e-22, nan 
-18.625, 88.375, 2.7785530017525113e-22, nan 
-18.375, 88.375, 4.715272873882184e-22, nan 
-18.125, 88.375, 5.85155634230366e-23, nan 
-17.875, 88.375, 4.6810141647030255e-23, nan 
-17.625, 88.375, 4.311552663530155e-23, nan 
-17.375, 88.375, 4.142962089516413e-23, nan 
-17.125, 88.375, 4.601563055410176e-23, nan 
-16.875, 88.375, 9.829124734821494e-23, nan 
-16.625, 88.375, 1.2405424953960838e-22, nan 
-16.375, 88.375, 1.723092115691906e-22, nan 
-16.125, 88.375, 1.480323416073455e-22, nan 
-15.875, 88.375, 1.55526364696524e-22, nan 
-15.625, 88.375, 1.5882534411594213e-22, nan 
-15.375, 88.375, 1.662711034959244e-22, nan 
-15.125, 88.375, 1.5427282340854945e-22, nan 
-14.875, 88.375, 1.3850257096714688e-22, nan 
-14.625, 88.375, 9.855269090644456e-23, nan 
-14.375, 88.375, 7.143100874059692e-23, nan 
-14.125, 88.375, 3.8694418590743413e-22, nan 
-13.875, 88.375, 2.298079499223159e-22, nan 
-13.625, 88.375, 1.2925373841015986e-22, nan 
-13.375, 88.375, 8.780552843421891e-23, nan 
-13.125, 88.375, 7.684124730412841e-23, nan 
-12.875, 88.375, 7.481916922881553e-23, nan 
-12.625, 88.375, 7.533006459375585e-23, nan 
-12.375, 88.375, 7.066759049651932e-23, nan 
-12.125, 88.375, 7.187574300907107e-23, nan 
-11.875, 88.375, 7.448585420285541e-23, nan 
-11.625, 88.375, 7.660685986332859e-23, nan 
-11.375, 88.375, 9.010473455646169e-23, nan 
-11.125, 88.375, 1.0294724131719402e-22, nan 
-10.875, 88.375, 1.1364588501765877e-22, nan 
-10.625, 88.375, 1.139511315596416e-22, nan 
-10.375, 88.375, 1.0604739612060824e-22, nan 
-10.125, 88.375, 8.94957691847414e-23, nan 
-9.875, 88.375, 8.833729763533861e-23, nan 
-9.625, 88.375, 9.2688607195456e-23, nan 
-9.375, 88.375, 8.143558873248744e-23, nan 
-9.125, 88.375, 8.142454864870083e-23, nan 
-8.875, 88.375, 8.19824074582543e-23, nan 
-8.625, 88.375, 8.49077831283014e-23, nan 
-8.375, 88.375, 8.8523163608962e-23, nan 
-8.125, 88.375, 9.391738325013792e-23, nan 
-7.875, 88.375, 1.0221090195199742e-22, nan 
-7.625, 88.375, 1.295776306429118e-22, nan 
-7.375, 88.375, 1.4508929295074386e-22, nan 
-7.125, 88.375, 1.8081658786988985e-22, nan 
-6.875, 88.375, 2.0798661877236395e-22, nan 
-6.625, 88.375, 2.418920184447691e-22, nan 
-6.375, 88.375, 2.818518474996807e-22, nan 
-6.125, 88.375, 3.084362241627996e-22, nan 
-5.875, 88.375, 2.9213567657445375e-22, nan 
-5.625, 88.375, 2.980479919196752e-22, nan 
-5.375, 88.375, 2.535263483914097e-22, nan 
-5.125, 88.375, 2.2786914014815806e-22, nan 
-4.875, 88.375, 1.9506051319833171e-22, nan 
-4.625, 88.375, 1.662153406573467e-22, nan 
-4.375, 88.375, 1.4245114839102853e-22, nan 
-4.125, 88.375, 1.0903512010882507e-22, nan 
-3.875, 88.375, 8.966369520622626e-23, nan 
-3.625, 88.375, 9.466600564219508e-23, nan 
-3.375, 88.375, 1.249521814678184e-22, nan 
-3.125, 88.375, 1.1328749202773962e-22, nan 
-2.875, 88.375, 1.1210489870503658e-22, nan 
-2.625, 88.375, 9.258666192407046e-23, nan 
-2.375, 88.375, 9.358484414305864e-23, nan 
-2.125, 88.375, 9.152685036378824e-23, nan 
-1.875, 88.375, 6.81449843675782e-23, nan 
-1.625, 88.375, 7.322814682145773e-23, nan 
-1.375, 88.375, 6.302380494125583e-23, nan 
-1.125, 88.375, 7.652482763560862e-23, nan 
-0.875, 88.375, 7.56525134753311e-23, nan 
-0.625, 88.375, 7.004296458939888e-23, nan 
-0.375, 88.375, 6.89137828521142e-23, nan 
-0.125, 88.375, 7.217133151975061e-23, nan 
0.125, 88.375, 7.262461855759961e-23, nan 
0.375, 88.375, 7.378580175373103e-23, nan 
0.625, 88.375, 7.442098317297392e-23, nan 
0.875, 88.375, 5.85741722560476e-23, nan 
1.125, 88.375, 5.44810042661615e-23, nan 
1.375, 88.375, 6.394991597788003e-23, nan 
1.625, 88.375, 6.323037509060113e-23, nan 
1.875, 88.375, 7.826692393549442e-23, nan 
2.125, 88.375, 8.955029919715165e-23, nan 
2.375, 88.375, 9.763743365142043e-23, nan 
2.625, 88.375, 9.966160623110209e-23, nan 
2.875, 88.375, 7.774330207201517e-23, nan 
3.125, 88.375, 1.042140975552972e-22, nan 
3.375, 88.375, 1.0432133622395577e-22, nan 
3.625, 88.375, 1.0099067525769547e-22, nan 
3.875, 88.375, 5.891453190731582e-23, nan 
4.125, 88.375, 6.059716416698372e-23, nan 
4.375, 88.375, 6.009539715023308e-23, nan 
4.625, 88.375, 5.757772671431666e-23, nan 
4.875, 88.375, 5.246482064833549e-23, nan 
5.125, 88.375, 4.5783729862673725e-23, nan 
5.375, 88.375, 5.098639709960436e-23, nan 
5.625, 88.375, 5.832961152447684e-23, nan 
5.875, 88.375, 7.517403533731651e-23, nan 
6.125, 88.375, 7.441335540752121e-23, nan 
6.375, 88.375, 1.0707081514518337e-22, nan 
6.625, 88.375, 9.496475195098515e-23, nan 
6.875, 88.375, 8.772013957252089e-23, nan 
7.125, 88.375, 6.062450603312472e-23, nan 
7.375, 88.375, 5.2136865562701833e-23, nan 
7.625, 88.375, 6.163434188112532e-23, nan 
7.875, 88.375, 4.995499608907455e-23, nan 
8.125, 88.375, 6.156694610885865e-23, nan 
8.375, 88.375, 7.24960473739695e-23, nan 
8.625, 88.375, 7.624058668875117e-23, nan 
8.875, 88.375, 8.568951941672059e-23, nan 
9.125, 88.375, 9.258155243430472e-23, nan 
9.375, 88.375, 1.0291218515770901e-22, nan 
9.625, 88.375, 5.954070438640461e-23, nan 
9.875, 88.375, 5.626634114585568e-23, nan 
10.125, 88.375, 7.836491347256303e-23, nan 
10.375, 88.375, 7.588794815782946e-23, nan 
10.625, 88.375, 7.207512566077849e-23, nan 
10.875, 88.375, 7.08484942174329e-23, nan 
11.125, 88.375, 6.749633711620021e-23, nan 
11.375, 88.375, 6.771606582423881e-23, nan 
11.625, 88.375, 5.2923796870950626e-23, nan 
11.875, 88.375, 4.7075080316072305e-23, nan 
12.125, 88.375, 4.5419757294902935e-23, nan 
12.375, 88.375, 4.854513928210197e-23, nan 
12.625, 88.375, 2.50091737417898e-23, nan 
12.875, 88.375, 3.580359552065091e-23, nan 
13.125, 88.375, 4.5772140230307654e-23, nan 
13.375, 88.375, 4.663925454523124e-23, nan 
13.625, 88.375, 7.630576699159246e-23, nan 
13.875, 88.375, 5.297651957315244e-23, nan 
14.125, 88.375, 6.722619247198514e-23, nan 
14.375, 88.375, 7.414031169435001e-23, nan 
14.625, 88.375, 7.591426398293405e-23, nan 
14.875, 88.375, 7.06998264914144e-23, nan 
15.125, 88.375, 9.375619195858006e-23, nan 
15.375, 88.375, 8.956382578486106e-23, nan 
15.625, 88.375, 8.433380583564772e-23, nan 
15.875, 88.375, 7.08272206359868e-23, nan 
16.125, 88.375, 5.700845869574835e-23, nan 
16.375, 88.375, 7.141811886309371e-23, nan 
16.625, 88.375, 4.776338211394526e-23, nan 
16.875, 88.375, 5.779444087456253e-23, nan 
17.125, 88.375, 4.075198396615782e-23, nan 
17.375, 88.375, 4.123500677866325e-23, nan 
17.625, 88.375, 4.638052601133229e-23, nan 
17.875, 88.375, 4.661238341549071e-23, nan 
18.125, 88.375, 7.641213404780334e-23, nan 
18.375, 88.375, 8.301133503020776e-23, nan 
18.625, 88.375, 8.508443783879929e-23, nan 
18.875, 88.375, 8.321356885542737e-23, nan 
19.125, 88.375, 7.880326138139838e-23, nan 
19.375, 88.375, 7.225330747684898e-23, nan 
19.625, 88.375, 5.896465366507726e-23, nan 
19.875, 88.375, 4.058268859006812e-23, nan 
20.125, 88.375, 5.333215172837599e-23, nan 
20.375, 88.375, 5.4447199083413e-23, nan 
20.625, 88.375, 5.69146281644521e-23, nan 
20.875, 88.375, 6.50909217852325e-23, nan 
21.125, 88.375, 7.289333102309845e-23, nan 
21.375, 88.375, 6.479910776812856e-23, nan 
21.625, 88.375, 4.262883384693761e-23, nan 
21.875, 88.375, 7.776864903557451e-23, nan 
22.125, 88.375, 7.468066498215395e-23, nan 
22.375, 88.375, 8.298692497205839e-23, nan 
22.625, 88.375, 1.0070054693306104e-22, nan 
22.875, 88.375, 1.5321947341109033e-22, nan 
23.125, 88.375, 9.388445661788548e-23, nan 
23.375, 88.375, 1.1632521820788532e-22, nan 
23.625, 88.375, 1.4702605862166688e-22, nan 
23.875, 88.375, 1.515937309434582e-22, nan 
24.125, 88.375, 1.4947865634333208e-22, nan 
24.375, 88.375, 1.2572350742688644e-22, nan 
24.625, 88.375, 3.023136807801929e-23, nan 
24.875, 88.375, 9.117596710498728e-23, nan 
25.125, 88.375, 8.94532443875729e-23, nan 
25.375, 88.375, 1.06149818856283e-22, nan 
25.625, 88.375, 1.150863257778791e-22, nan 
25.875, 88.375, 1.0400297596363457e-22, nan 
26.125, 88.375, 9.039571794573216e-23, nan 
26.375, 88.375, 6.491082019030975e-23, nan 
26.625, 88.375, 1.0345546857905749e-22, nan 
26.875, 88.375, 9.940172657093722e-23, nan 
27.125, 88.375, 6.287141884852726e-23, nan 
27.375, 88.375, 7.316657951735114e-23, nan 
27.625, 88.375, 7.694238054604806e-23, nan 
27.875, 88.375, 6.758236803980983e-23, nan 
28.125, 88.375, 7.642283625862005e-23, nan 
28.375, 88.375, 6.664258426653599e-23, nan 
28.625, 88.375, 5.945134912008702e-23, nan 
28.875, 88.375, 8.128827594934269e-23, nan 
29.125, 88.375, 1.0502956818320213e-22, nan 
29.375, 88.375, 5.965773543475328e-23, nan 
29.625, 88.375, 8.475126391160131e-23, nan 
29.875, 88.375, 5.552022819628142e-23, nan 
30.125, 88.375, 4.365589017022304e-23, nan 
30.375, 88.375, 2.5827010806592503e-23, nan 
30.625, 88.375, 4.7917495047650655e-23, nan 
30.875, 88.375, 9.745146095731716e-23, nan 
31.125, 88.375, 9.014916596916452e-23, nan 
31.375, 88.375, 1.0861292995706736e-22, nan 
31.625, 88.375, 1.2354939581032226e-22, nan 
31.875, 88.375, 1.3317463559809337e-22, nan 
32.125, 88.375, 1.4956122844871471e-22, nan 
32.375, 88.375, 1.592803581104712e-22, nan 
32.625, 88.375, 1.4642301188464853e-22, nan 
32.875, 88.375, 1.4753595064410122e-22, nan 
33.125, 88.375, 1.5836341721610105e-22, nan 
33.375, 88.375, 1.4821419504463558e-22, nan 
33.625, 88.375, 1.3755247557219337e-22, nan 
33.875, 88.375, 1.430193064063856e-22, nan 
34.125, 88.375, 1.0383777004147217e-22, nan 
34.375, 88.375, 1.0141973277844607e-22, nan 
34.625, 88.375, 7.49680584531448e-23, nan 
34.875, 88.375, 7.365812976693273e-23, nan 
35.125, 88.375, 6.1246337395585e-23, nan 
35.375, 88.375, 5.063829458690899e-23, nan 
35.625, 88.375, 4.4930452007498915e-23, nan 
35.875, 88.375, 3.8622172209324894e-23, nan 
36.125, 88.375, 1.366371642653809e-22, nan 
36.375, 88.375, 7.253518532597013e-23, nan 
36.625, 88.375, 9.333068834988871e-23, nan 
36.875, 88.375, 4.588088514409789e-23, nan 
37.125, 88.375, 2.1475143216269372e-23, nan 
37.375, 88.375, 1.0506841867663136e-22, nan 
37.625, 88.375, 1.2060159754212626e-22, nan 
37.875, 88.375, 1.520097914712261e-22, nan 
38.125, 88.375, 1.0964065624242692e-22, nan 
38.375, 88.375, 1.3818597335490909e-22, nan 
38.625, 88.375, 1.369768585233152e-22, nan 
38.875, 88.375, 1.4900167295247245e-22, nan 
39.125, 88.375, 1.451333532247138e-22, nan 
39.375, 88.375, 1.301051035730649e-22, nan 
39.625, 88.375, 1.0357849842000396e-22, nan 
39.875, 88.375, 1.1185353848485257e-22, nan 
40.125, 88.375, 1.14567956196376e-22, nan 
40.375, 88.375, 1.0447223212539299e-22, nan 
40.625, 88.375, 1.0443778869542879e-22, nan 
40.875, 88.375, 1.1142386447215794e-22, nan 
41.125, 88.375, 1.199023813104245e-22, nan 
41.375, 88.375, 1.4035862380588063e-22, nan 
41.625, 88.375, 2.4367699650599054e-22, nan 
41.875, 88.375, 2.84977841155982e-22, nan 
42.125, 88.375, 3.0893310046697924e-22, nan 
42.375, 88.375, 2.296615894155446e-22, nan 
42.625, 88.375, 2.0798238574285276e-22, nan 
42.875, 88.375, 1.9660142757236134e-22, nan 
43.125, 88.375, 2.2377434648156007e-22, nan 
43.375, 88.375, 1.9798181784515619e-22, nan 
43.625, 88.375, 1.8173969601863498e-22, nan 
43.875, 88.375, 1.6107888714529145e-22, nan 
44.125, 88.375, 1.2675302739203485e-22, nan 
44.375, 88.375, 1.0560666952479074e-22, nan 
44.625, 88.375, 7.934565354693485e-23, nan 
44.875, 88.375, 8.795747482382313e-23, nan 
45.125, 88.375, 8.478848299881996e-23, nan 
45.375, 88.375, 1.349919611734127e-22, nan 
45.625, 88.375, 1.3083753826771936e-22, nan 
45.875, 88.375, 1.343999050855103e-22, nan 
46.125, 88.375, 2.484829800450455e-22, nan 
46.375, 88.375, 2.5076134342408495e-22, nan 
46.625, 88.375, 2.520260776839041e-22, nan 
46.875, 88.375, 2.614371035335184e-22, nan 
47.125, 88.375, 2.610231216603129e-22, nan 
47.375, 88.375, 2.818062318409622e-22, nan 
47.625, 88.375, 2.819271773154307e-22, nan 
47.875, 88.375, 2.801429862345875e-22, nan 
48.125, 88.375, 2.7612921607666104e-22, nan 
48.375, 88.375, 2.5591981292220807e-22, nan 
48.625, 88.375, 2.5769062082732812e-22, nan 
48.875, 88.375, 2.7558480642244884e-22, nan 
49.125, 88.375, 2.630948430496535e-22, nan 
49.375, 88.375, 2.534624878854532e-22, nan 
49.625, 88.375, 2.4439042414418045e-22, nan 
49.875, 88.375, 2.2443853682384286e-22, nan 
50.125, 88.375, 2.0122804858610752e-22, nan 
50.375, 88.375, 1.7252835508901342e-22, nan 
50.625, 88.375, 2.018510188271432e-22, nan 
50.875, 88.375, 2.1992351359937934e-22, nan 
51.125, 88.375, 2.3500437069866715e-22, nan 
51.375, 88.375, 2.302588881991491e-22, nan 
51.625, 88.375, 1.8300487859081756e-22, nan 
51.875, 88.375, 1.4251320291843507e-22, nan 
52.125, 88.375, 1.5462937666820818e-22, nan 
52.375, 88.375, 1.3065921685839377e-22, nan 
52.625, 88.375, 1.2393038720034148e-22, nan 
52.875, 88.375, 1.1199106766433916e-22, nan 
53.125, 88.375, 9.994973986284739e-23, nan 
53.375, 88.375, 8.789392024753165e-23, nan 
53.625, 88.375, 8.612307125314104e-23, nan 
53.875, 88.375, 8.019087796511344e-23, nan 
54.125, 88.375, 1.1463714432811902e-22, nan 
54.375, 88.375, 1.0821274478200515e-22, nan 
54.625, 88.375, 1.055895212563036e-22, nan 
54.875, 88.375, 1.647392605836045e-22, nan 
55.125, 88.375, 1.6987317799358583e-22, nan 
55.375, 88.375, 1.7182268762206436e-22, nan 
55.625, 88.375, 1.7110149841218396e-22, nan 
55.875, 88.375, 1.6690012252674997e-22, nan 
56.125, 88.375, 1.6746912340579838e-22, nan 
56.375, 88.375, 1.6669905240022545e-22, nan 
56.625, 88.375, 1.6657091325387448e-22, nan 
56.875, 88.375, 1.64391495849311e-22, nan 
57.125, 88.375, 1.6024378414326657e-22, nan 
57.375, 88.375, 1.5909672337631487e-22, nan 
57.625, 88.375, 1.5426055980817314e-22, nan 
57.875, 88.375, 1.492929599108162e-22, nan 
58.125, 88.375, 1.4396901176067113e-22, nan 
58.375, 88.375, 1.3810004944135998e-22, nan 
58.625, 88.375, 1.2976474228879615e-22, nan 
58.875, 88.375, 1.1896006588822252e-22, nan 
59.125, 88.375, 3.833471308735255e-23, nan 
59.375, 88.375, 3.936228458153427e-23, nan 
59.625, 88.375, 4.1554832253532046e-23, nan 
59.875, 88.375, 1.468519710935453e-22, nan 
60.125, 88.375, 1.4538826225736535e-22, nan 
60.375, 88.375, 1.1584737600456287e-22, nan 
60.625, 88.375, 3.9335991369491814e-23, nan 
60.875, 88.375, 8.80069873979819e-23, nan 
61.125, 88.375, 3.6597629466112474e-23, nan 
61.375, 88.375, 3.634385109975889e-23, nan 
61.625, 88.375, 3.967853628989046e-23, nan 
61.875, 88.375, 4.452934011634158e-23, nan 
62.125, 88.375, 4.518869245094703e-23, nan 
62.375, 88.375, 6.185355803610097e-23, nan 
62.625, 88.375, 7.297506291656883e-23, nan 
62.875, 88.375, 9.240708332285892e-23, nan 
63.125, 88.375, 1.0575807023619878e-22, nan 
63.375, 88.375, 1.248400917661759e-22, nan 
63.625, 88.375, 1.3763108094790408e-22, nan 
63.875, 88.375, 1.5540506412088345e-22, nan 
64.125, 88.375, 1.4409391494559065e-22, nan 
64.375, 88.375, 1.3784438021214615e-22, nan 
64.625, 88.375, 1.115235592331003e-22, nan 
64.875, 88.375, 1.0704695613382137e-22, nan 
65.125, 88.375, 3.027503734223829e-23, nan 
65.375, 88.375, 2.4990776389294413e-23, nan 
65.625, 88.375, 2.2019706204602147e-23, nan 
65.875, 88.375, 2.0344522433924145e-23, nan 
66.125, 88.375, 1.6498745807944316e-23, nan 
66.375, 88.375, 2.4972289495677267e-23, nan 
66.625, 88.375, 2.674179767015305e-23, nan 
66.875, 88.375, 2.277976582780328e-23, nan 
67.125, 88.375, 2.4525899726151424e-23, nan 
67.375, 88.375, 2.8673951161069514e-23, nan 
67.625, 88.375, 3.084075783884588e-23, nan 
67.875, 88.375, 2.8498831058341937e-23, nan 
68.125, 88.375, 2.942378415032595e-23, nan 
68.375, 88.375, 3.387309599904493e-23, nan 
68.625, 88.375, 2.275179151162233e-23, nan 
68.875, 88.375, 1.7884601940559295e-23, nan 
69.125, 88.375, 2.2228749450148056e-23, nan 
69.375, 88.375, 2.3827859752572366e-23, nan 
69.625, 88.375, 4.518268490186715e-23, nan 
69.875, 88.375, 4.5952117899076837e-23, nan 
70.125, 88.375, 6.072995635945813e-23, nan 
70.375, 88.375, 6.774605545869291e-23, nan 
70.625, 88.375, 6.660657323509723e-23, nan 
70.875, 88.375, 3.994426618673284e-23, nan 
71.125, 88.375, 2.3622485081619204e-23, nan 
71.375, 88.375, 2.6155610703401102e-23, nan 
71.625, 88.375, 2.5629494574160418e-23, nan 
71.875, 88.375, 2.553481288020478e-23, nan 
72.125, 88.375, 2.0258494405433567e-23, nan 
72.375, 88.375, 1.5750162340952903e-23, nan 
72.625, 88.375, 1.0071885152858525e-23, nan 
72.875, 88.375, 1.3926487693743224e-23, nan 
73.125, 88.375, 1.2588792034951712e-23, nan 
73.375, 88.375, 1.5120279741677524e-23, nan 
73.625, 88.375, 4.15254192243825e-23, nan 
73.875, 88.375, 1.6941071910643022e-23, nan 
74.125, 88.375, 1.7918863408555298e-23, nan 
74.375, 88.375, 1.9534234076906088e-23, nan 
74.625, 88.375, 1.751176908532837e-23, nan 
74.875, 88.375, 1.7950625361149927e-23, nan 
75.125, 88.375, 2.5503449445879595e-23, nan 
75.375, 88.375, 2.995920357654429e-23, nan 
75.625, 88.375, 3.12469628628421e-23, nan 
75.875, 88.375, 3.3121559057511744e-23, nan 
76.125, 88.375, 3.567418503825422e-23, nan 
76.375, 88.375, 3.4060478875654376e-23, nan 
76.625, 88.375, 3.7975813472899735e-23, nan 
76.875, 88.375, 3.298414811720964e-23, nan 
77.125, 88.375, 3.375316471353073e-23, nan 
77.375, 88.375, 3.4010319423329455e-23, nan 
77.625, 88.375, 3.4220209196725936e-23, nan 
77.875, 88.375, 3.091798941679847e-23, nan 
78.125, 88.375, 3.6052773069433003e-23, nan 
78.375, 88.375, 3.638293901472545e-23, nan 
78.625, 88.375, 3.8233048119523865e-23, nan 
78.875, 88.375, 4.19356105024455e-23, nan 
79.125, 88.375, 4.503031289363161e-23, nan 
79.375, 88.375, 4.941822906957863e-23, nan 
79.625, 88.375, 4.6139596337394184e-23, nan 
79.875, 88.375, 5.1888074179658004e-23, nan 
80.125, 88.375, 5.264689363972085e-23, nan 
80.375, 88.375, 5.390507423340736e-23, nan 
80.625, 88.375, 4.934885245151653e-23, nan 
80.875, 88.375, 4.5448736688765454e-23, nan 
81.125, 88.375, 3.69683756238222e-23, nan 
81.375, 88.375, 2.975713855888983e-23, nan 
81.625, 88.375, 3.0792943644232907e-23, nan 
81.875, 88.375, 3.597789889658817e-23, nan 
82.125, 88.375, 4.113574454751837e-23, nan 
82.375, 88.375, 8.42301285975136e-23, nan 
82.625, 88.375, 4.2795000566793555e-23, nan 
82.875, 88.375, 3.7596145407358146e-23, nan 
83.125, 88.375, 4.0085628338211305e-23, nan 
83.375, 88.375, 5.1232945541768126e-23, nan 
83.625, 88.375, 3.84169799054172e-23, nan 
83.875, 88.375, 4.234623150203924e-23, nan 
84.125, 88.375, 4.60630289147471e-23, nan 
84.375, 88.375, 4.7694362128659125e-23, nan 
84.625, 88.375, 5.077045500383442e-23, nan 
84.875, 88.375, 5.44200460563716e-23, nan 
85.125, 88.375, 5.933278989879512e-23, nan 
85.375, 88.375, 7.575951437948445e-23, nan 
85.625, 88.375, 8.33405407168855e-23, nan 
85.875, 88.375, 6.67027686925268e-23, nan 
86.125, 88.375, 3.9335909016057636e-23, nan 
86.375, 88.375, 2.941281442697893e-23, nan 
86.625, 88.375, 2.5652258031575647e-23, nan 
86.875, 88.375, 3.13216233760754e-23, nan 
87.125, 88.375, 3.695689077144555e-23, nan 
87.375, 88.375, 4.7396481240602316e-23, nan 
87.625, 88.375, 6.698923067522997e-23, nan 
87.875, 88.375, 5.28404969311419e-23, nan 
88.125, 88.375, 5.174166429729026e-23, nan 
88.375, 88.375, 4.360604001720161e-23, nan 
88.625, 88.375, 4.126636386679338e-23, nan 
88.875, 88.375, 3.9236759657305395e-23, nan 
89.125, 88.375, 3.6304084364143067e-23, nan 
89.375, 88.375, 3.6364618642609156e-23, nan 
89.625, 88.375, 3.3664702190402605e-23, nan 
89.875, 88.375, 3.00199428062198e-23, nan 
90.125, 88.375, 2.436907893842301e-23, nan 
90.375, 88.375, 1.5192016380522218e-23, nan 
90.625, 88.375, 1.2229316199211902e-23, nan 
90.875, 88.375, 1.3020179016109731e-23, nan 
91.125, 88.375, 4.935813611673873e-23, nan 
91.375, 88.375, 2.877847158537995e-23, nan 
91.625, 88.375, 2.378331078528978e-23, nan 
91.875, 88.375, 2.3471101022835104e-23, nan 
92.125, 88.375, 3.4773558208208364e-23, nan 
92.375, 88.375, 2.676535452355256e-23, nan 
92.625, 88.375, 2.1396863424135914e-23, nan 
92.875, 88.375, 1.629734260896949e-23, nan 
93.125, 88.375, 2.694547144352469e-23, nan 
93.375, 88.375, 3.2404494718483274e-23, nan 
93.625, 88.375, 3.548394783245476e-23, nan 
93.875, 88.375, 3.9122101465000264e-23, nan 
94.125, 88.375, 3.958949009655005e-23, nan 
94.375, 88.375, 4.036812053045864e-23, nan 
94.625, 88.375, 4.20679410327259e-23, nan 
94.875, 88.375, 4.459977101018105e-23, nan 
95.125, 88.375, 4.417534077847956e-23, nan 
95.375, 88.375, 4.466552108337872e-23, nan 
95.625, 88.375, 4.2324303811395136e-23, nan 
95.875, 88.375, 3.9392908219637334e-23, nan 
96.125, 88.375, 3.705497414647026e-23, nan 
96.375, 88.375, 3.4961426867993845e-23, nan 
96.625, 88.375, 2.2689256563976583e-23, nan 
96.875, 88.375, 5.293660650526094e-23, nan 
97.125, 88.375, 4.8292102871166803e-23, nan 
97.375, 88.375, 2.5385788438602975e-23, nan 
97.625, 88.375, 2.715913254422395e-23, nan 
97.875, 88.375, 2.983327013986211e-23, nan 
98.125, 88.375, 3.349445119490345e-23, nan 
98.375, 88.375, 3.19420545635631e-23, nan 
98.625, 88.375, 3.067871766877011e-23, nan 
98.875, 88.375, 2.973073551260354e-23, nan 
99.125, 88.375, 2.5929655448444354e-23, nan 
99.375, 88.375, 2.6159505557132838e-23, nan 
99.625, 88.375, 2.7245141132030496e-23, nan 
99.875, 88.375, 2.860853775578241e-23, nan 
100.125, 88.375, 3.338814314006453e-23, nan 
100.375, 88.375, 5.631560804315312e-23, nan 
100.625, 88.375, 5.628484341569955e-23, nan 
100.875, 88.375, 5.069437487343771e-23, nan 
101.125, 88.375, 4.0012024682618315e-23, nan 
101.375, 88.375, 3.383510108616049e-23, nan 
101.625, 88.375, 2.5623306483699833e-23, nan 
101.875, 88.375, 2.310096167866395e-23, nan 
102.125, 88.375, 2.6763043158346725e-23, nan 
102.375, 88.375, 3.398060791635088e-23, nan 
102.625, 88.375, 3.55168014621078e-23, nan 
102.875, 88.375, 3.429394241982622e-23, nan 
103.125, 88.375, 3.633212631936722e-23, nan 
103.375, 88.375, 3.9045469047987887e-23, nan 
103.625, 88.375, 4.269828555274043e-23, nan 
103.875, 88.375, 4.3833492716378775e-23, nan 
104.125, 88.375, 4.608586631561567e-23, nan 
104.375, 88.375, 4.591780349514278e-23, nan 
104.625, 88.375, 4.536051251388685e-23, nan 
104.875, 88.375, 4.690178114774018e-23, nan 
105.125, 88.375, 4.886758795564683e-23, nan 
105.375, 88.375, 4.708647073570774e-23, nan 
105.625, 88.375, 4.8253939930674335e-23, nan 
105.875, 88.375, 5.078005177187248e-23, nan 
106.125, 88.375, 1.7063268102671927e-23, nan 
106.375, 88.375, 4.413337954567772e-23, nan 
106.625, 88.375, 4.19469985760762e-23, nan 
106.875, 88.375, 3.4618377712891994e-23, nan 
107.125, 88.375, 2.7338429848457314e-23, nan 
107.375, 88.375, 2.418670780700298e-23, nan 
107.625, 88.375, 2.2237013096306017e-23, nan 
107.875, 88.375, 1.615363899069873e-23, nan 
108.125, 88.375, 4.206759642700486e-23, nan 
108.375, 88.375, 4.2833883071422936e-23, nan 
108.625, 88.375, 4.307255083566581e-23, nan 
108.875, 88.375, 4.521792123226875e-23, nan 
109.125, 88.375, 5.264733095745665e-23, nan 
109.375, 88.375, 5.221303315183888e-23, nan 
109.625, 88.375, 5.491187455038142e-23, nan 
109.875, 88.375, 7.035884523218428e-23, nan 
110.125, 88.375, 6.602381703191753e-23, nan 
110.375, 88.375, 4.1421720588911293e-23, nan 
110.625, 88.375, 4.725145082720599e-23, nan 
110.875, 88.375, 2.1237957988622318e-23, nan 
111.125, 88.375, 2.3945537996884934e-23, nan 
111.375, 88.375, 2.5125760947461927e-23, nan 
111.625, 88.375, 3.411672756912178e-23, nan 
111.875, 88.375, 4.721181036322692e-23, nan 
112.125, 88.375, 5.980233033303353e-23, nan 
112.375, 88.375, 5.86009266202086e-23, nan 
112.625, 88.375, 5.605930403796809e-23, nan 
112.875, 88.375, 5.467308904658041e-23, nan 
113.125, 88.375, 5.385971470104075e-23, nan 
113.375, 88.375, 5.1468305026897633e-23, nan 
113.625, 88.375, 5.785891688141015e-23, nan 
113.875, 88.375, 7.130819565464687e-23, nan 
114.125, 88.375, 5.96990091127421e-23, nan 
114.375, 88.375, 4.6682096306691467e-23, nan 
114.625, 88.375, 3.214375089810926e-23, nan 
114.875, 88.375, 2.1161466999711863e-23, nan 
115.125, 88.375, 5.0142861701822345e-23, nan 
115.375, 88.375, 5.005474035649236e-23, nan 
115.625, 88.375, 4.787438873687126e-23, nan 
115.875, 88.375, 4.90178413181317e-23, nan 
116.125, 88.375, 3.568191993867855e-23, nan 
116.375, 88.375, 3.052923515832682e-23, nan 
116.625, 88.375, 2.967279457681417e-23, nan 
116.875, 88.375, 2.860492995755242e-23, nan 
117.125, 88.375, 2.960349313328639e-23, nan 
117.375, 88.375, 2.88418576941072e-23, nan 
117.625, 88.375, 2.927437454297037e-23, nan 
117.875, 88.375, 3.0001695644869175e-23, nan 
118.125, 88.375, 2.8396706041095357e-23, nan 
118.375, 88.375, 2.5436774118556864e-23, nan 
118.625, 88.375, 2.0984940698075295e-23, nan 
118.875, 88.375, 2.0030668738839355e-23, nan 
119.125, 88.375, 2.121924168930822e-23, nan 
119.375, 88.375, 2.1965905907851324e-23, nan 
119.625, 88.375, 2.4444270285284064e-23, nan 
119.875, 88.375, 2.1726913245480028e-23, nan 
120.125, 88.375, 1.8151910445024696e-23, nan 
120.375, 88.375, 1.776338796775668e-23, nan 
120.625, 88.375, 1.876293205869349e-23, nan 
120.875, 88.375, 1.9721675953416957e-23, nan 
121.125, 88.375, 2.1396757762231114e-23, nan 
121.375, 88.375, 2.2509778289032207e-23, nan 
121.625, 88.375, 2.2291246017030204e-23, nan 
121.875, 88.375, 2.3067690884533047e-23, nan 
122.125, 88.375, 2.355262161345324e-23, nan 
122.375, 88.375, 2.3784300102577588e-23, nan 
122.625, 88.375, 2.377996955852225e-23, nan 
122.875, 88.375, 2.5192950835932537e-23, nan 
123.125, 88.375, 2.6256209980977323e-23, nan 
123.375, 88.375, 2.852904313575046e-23, nan 
123.625, 88.375, 3.1103721200577225e-23, nan 
123.875, 88.375, 3.115450328357182e-23, nan 
124.125, 88.375, 3.0381247116358233e-23, nan 
124.375, 88.375, 3.9702016315366445e-23, nan 
124.625, 88.375, 3.736201769625052e-23, nan 
124.875, 88.375, 2.2891069145785756e-23, nan 
125.125, 88.375, 2.2183605805355597e-23, nan 
125.375, 88.375, 2.0776740056210065e-23, nan 
125.625, 88.375, 2.784273489413435e-23, nan 
125.875, 88.375, 2.1358288999213636e-23, nan 
126.125, 88.375, 1.7865786654490638e-23, nan 
126.375, 88.375, 1.7472118844661553e-23, nan 
126.625, 88.375, 1.8407464330318742e-23, nan 
126.875, 88.375, 1.7833931688977552e-23, nan 
127.125, 88.375, 1.6656197470751294e-23, nan 
127.375, 88.375, 1.7333801284284445e-23, nan 
127.625, 88.375, 1.83260582963981e-23, nan 
127.875, 88.375, 1.9858149048857826e-23, nan 
128.125, 88.375, 2.2923465125202404e-23, nan 
128.375, 88.375, 2.410611680544162e-23, nan 
128.625, 88.375, 1.844250505571227e-23, nan 
128.875, 88.375, 1.4651623005891586e-23, nan 
129.125, 88.375, 1.457720668724259e-23, nan 
129.375, 88.375, 1.660976499232305e-23, nan 
129.625, 88.375, 1.4398548232187874e-23, nan 
129.875, 88.375, 1.2805861054539391e-23, nan 
130.125, 88.375, 1.2595959810293464e-23, nan 
130.375, 88.375, 1.0866828256891265e-23, nan 
130.625, 88.375, 5.741500751142864e-23, nan 
130.875, 88.375, 3.4579928862642025e-23, nan 
131.125, 88.375, 6.786561441952364e-23, nan 
131.375, 88.375, 3.891367704834459e-23, nan 
131.625, 88.375, 7.455539442890309e-23, nan 
131.875, 88.375, 6.959315317971573e-23, nan 
132.125, 88.375, 1.4464535695310055e-23, nan 
132.375, 88.375, 5.1968253129161935e-23, nan 
132.625, 88.375, 4.3302300898072783e-23, nan 
132.875, 88.375, 3.271123163075255e-23, nan 
133.125, 88.375, 2.599248882661236e-23, nan 
133.375, 88.375, 2.120113869175053e-23, nan 
133.625, 88.375, 1.856941375157534e-23, nan 
133.875, 88.375, 1.6788509586827852e-23, nan 
134.125, 88.375, 1.3477517219571543e-23, nan 
134.375, 88.375, 1.3016462224277966e-23, nan 
134.625, 88.375, 1.31555747427663e-23, nan 
134.875, 88.375, 1.4019840148469927e-23, nan 
135.125, 88.375, 1.5043226124273488e-23, nan 
135.375, 88.375, 3.7700667648927077e-23, nan 
135.625, 88.375, 4.857235532759184e-23, nan 
135.875, 88.375, 5.386779618874693e-23, nan 
136.125, 88.375, 4.489978838725336e-23, nan 
136.375, 88.375, 3.6095655177720055e-23, nan 
136.625, 88.375, 1.9590353807409417e-23, nan 
136.875, 88.375, 8.234443240798509e-23, nan 
137.125, 88.375, 9.239648930181286e-24, nan 
137.375, 88.375, 7.52169155450411e-23, nan 
137.625, 88.375, 9.146418370700884e-24, nan 
137.875, 88.375, 1.4853898226878253e-23, nan 
138.125, 88.375, 1.9208673710547747e-23, nan 
138.375, 88.375, 2.0216125711452295e-23, nan 
138.625, 88.375, 2.068008719573157e-23, nan 
138.875, 88.375, 1.9178033675951636e-23, nan 
139.125, 88.375, 1.8402677186577658e-23, nan 
139.375, 88.375, 1.3822990654580567e-23, nan 
139.625, 88.375, 1.0261896558102649e-23, nan 
139.875, 88.375, 1.0528643939677198e-23, nan 
140.125, 88.375, 8.878773757353877e-24, nan 
140.375, 88.375, 7.94476538054416e-24, nan 
140.625, 88.375, 8.47727972005199e-24, nan 
140.875, 88.375, 8.355512322764336e-24, nan 
141.125, 88.375, 9.075577340708774e-24, nan 
141.375, 88.375, 9.895138601505682e-24, nan 
141.625, 88.375, 1.0781031843772247e-23, nan 
141.875, 88.375, 1.227024146160113e-23, nan 
142.125, 88.375, 1.282537045337368e-23, nan 
142.375, 88.375, 1.1418917419482947e-23, nan 
142.625, 88.375, 1.1471044625683515e-23, nan 
142.875, 88.375, 1.14608672350328e-23, nan 
143.125, 88.375, 1.187748230544597e-23, nan 
143.375, 88.375, 1.2957540530881683e-23, nan 
143.625, 88.375, 1.3756456729633268e-23, nan 
143.875, 88.375, 1.4513500685128047e-23, nan 
144.125, 88.375, 1.6623095175189878e-23, nan 
144.375, 88.375, 1.8759874675993718e-23, nan 
144.625, 88.375, 2.0550108684937428e-23, nan 
144.875, 88.375, 1.6629747419771426e-23, nan 
145.125, 88.375, 2.1219384044152503e-23, nan 
145.375, 88.375, 2.789641267245501e-23, nan 
145.625, 88.375, 2.5816787624257007e-23, nan 
145.875, 88.375, 1.208212772803614e-23, nan 
146.125, 88.375, 6.688630515751271e-24, nan 
146.375, 88.375, 8.380765940402891e-24, nan 
146.625, 88.375, 1.0171438664687175e-23, nan 
146.875, 88.375, 2.3022318568433665e-23, nan 
147.125, 88.375, 2.752667544881577e-23, nan 
147.375, 88.375, 2.2331140715809892e-23, nan 
147.625, 88.375, 8.729610227134243e-24, nan 
147.875, 88.375, 8.87722514606079e-24, nan 
148.125, 88.375, 8.057487116084329e-24, nan 
148.375, 88.375, 9.531988591701299e-24, nan 
148.625, 88.375, 1.6666716633503006e-23, nan 
148.875, 88.375, 1.861692689090356e-23, nan 
149.125, 88.375, 1.1273051973411657e-23, nan 
149.375, 88.375, 1.4446377902751652e-23, nan 
149.625, 88.375, 1.1931065034626814e-23, nan 
149.875, 88.375, 2.1024086404894437e-23, nan 
150.125, 88.375, 2.4877892301175522e-23, nan 
150.375, 88.375, 2.6846726458959284e-23, nan 
150.625, 88.375, 2.8617327020201737e-23, nan 
150.875, 88.375, 3.0997505836114924e-23, nan 
151.125, 88.375, 2.7466121980250484e-23, nan 
151.375, 88.375, 2.675186821674544e-23, nan 
151.625, 88.375, 2.3367584735656715e-23, nan 
151.875, 88.375, 2.4511594059380268e-23, nan 
152.125, 88.375, 2.3467569889169024e-23, nan 
152.375, 88.375, 2.240160354160922e-23, nan 
152.625, 88.375, 2.2696486263178985e-23, nan 
152.875, 88.375, 2.06188047992158e-23, nan 
153.125, 88.375, 2.4646260249341713e-23, nan 
153.375, 88.375, 2.53625771009461e-23, nan 
153.625, 88.375, 1.9798420229348195e-23, nan 
153.875, 88.375, 1.1482130478684712e-23, nan 
154.125, 88.375, 9.891037795653958e-24, nan 
154.375, 88.375, 1.983774368097096e-23, nan 
154.625, 88.375, 1.4649169669994093e-23, nan 
154.875, 88.375, 1.663040767818929e-23, nan 
155.125, 88.375, 2.3658149399336947e-23, nan 
155.375, 88.375, 2.4004337520150784e-23, nan 
155.625, 88.375, 2.295105579835942e-23, nan 
155.875, 88.375, 1.0601198892244343e-23, nan 
156.125, 88.375, 2.206828370868934e-23, nan 
156.375, 88.375, 1.0314571557473956e-23, nan 
156.625, 88.375, 1.7644931612338833e-23, nan 
156.875, 88.375, 9.344056440575851e-24, nan 
157.125, 88.375, 2.0951385252586002e-23, nan 
157.375, 88.375, 1.337834938731863e-23, nan 
157.625, 88.375, 1.7625538278769523e-23, nan 
157.875, 88.375, 1.9537631796418688e-23, nan 
158.125, 88.375, 2.2158560478883206e-23, nan 
158.375, 88.375, 2.0444177558370332e-23, nan 
158.625, 88.375, 2.656542486676462e-23, nan 
158.875, 88.375, 3.045900873730138e-23, nan 
159.125, 88.375, 2.9603851683924245e-23, nan 
159.375, 88.375, 3.065363907286581e-23, nan 
159.625, 88.375, 3.096408730455231e-23, nan 
159.875, 88.375, 2.91924652021706e-23, nan 
160.125, 88.375, 2.851668436963484e-23, nan 
160.375, 88.375, 2.876976746668538e-23, nan 
160.625, 88.375, 3.1824736070394675e-23, nan 
160.875, 88.375, 3.211467221762789e-23, nan 
161.125, 88.375, 3.1423138069340336e-23, nan 
161.375, 88.375, 3.1299687560530303e-23, nan 
161.625, 88.375, 3.237760027943801e-23, nan 
161.875, 88.375, 3.2046299133240394e-23, nan 
162.125, 88.375, 3.342121146246238e-23, nan 
162.375, 88.375, 2.7014452485631076e-23, nan 
162.625, 88.375, 1.8498828363030277e-23, nan 
162.875, 88.375, 1.23806871848942e-23, nan 
163.125, 88.375, 8.052932677729715e-24, nan 
163.375, 88.375, 1.071335738429505e-23, nan 
163.625, 88.375, 1.5520759552473802e-23, nan 
163.875, 88.375, 1.746359650407815e-23, nan 
164.125, 88.375, 1.8640410157686144e-23, nan 
164.375, 88.375, 1.9462084704267998e-23, nan 
164.625, 88.375, 6.894948070381738e-23, nan 
164.875, 88.375, 5.902997450210518e-23, nan 
165.125, 88.375, 3.372220407060398e-23, nan 
165.375, 88.375, 1.2691303224162165e-23, nan 
165.625, 88.375, 3.5776158940049415e-23, nan 
165.875, 88.375, 3.0636562427655323e-23, nan 
166.125, 88.375, 2.526842537600943e-23, nan 
166.375, 88.375, 2.0815901919895294e-23, nan 
166.625, 88.375, 1.7234056329896024e-23, nan 
166.875, 88.375, 1.584112553255206e-23, nan 
167.125, 88.375, 1.3260659387104652e-23, nan 
167.375, 88.375, 1.4039601249652588e-23, nan 
167.625, 88.375, 1.1849257541334748e-23, nan 
167.875, 88.375, 1.1306500423403371e-23, nan 
168.125, 88.375, 1.0471053868770008e-23, nan 
168.375, 88.375, 1.1871412761320109e-23, nan 
168.625, 88.375, 1.1964303828524244e-23, nan 
168.875, 88.375, 1.1033784564507442e-23, nan 
169.125, 88.375, 1.1612655265591793e-23, nan 
169.375, 88.375, 1.1787789084354251e-23, nan 
169.625, 88.375, 1.2129158407722635e-23, nan 
169.875, 88.375, 1.4761186463719562e-23, nan 
170.125, 88.375, 1.6689604374793672e-23, nan 
170.375, 88.375, 1.7795500561340596e-23, nan 
170.625, 88.375, 1.8245775515276088e-23, nan 
170.875, 88.375, 1.8369235955391353e-23, nan 
171.125, 88.375, 1.7840086898073954e-23, nan 
171.375, 88.375, 2.752983548210015e-23, nan 
171.625, 88.375, 2.866839953537911e-23, nan 
171.875, 88.375, 2.7918811482882685e-23, nan 
172.125, 88.375, 2.7941702112701643e-23, nan 
172.375, 88.375, 2.8332497270315305e-23, nan 
172.625, 88.375, 2.941457612863443e-23, nan 
172.875, 88.375, 3.025836770925057e-23, nan 
173.125, 88.375, 3.1423252956881015e-23, nan 
173.375, 88.375, 3.370862908966446e-23, nan 
173.625, 88.375, 3.678734284229904e-23, nan 
173.875, 88.375, 3.862173208337768e-23, nan 
174.125, 88.375, 3.828668800778499e-23, nan 
174.375, 88.375, 3.582599325014208e-23, nan 
174.625, 88.375, 3.31502883680101e-23, nan 
174.875, 88.375, 2.7825811973845525e-23, nan 
175.125, 88.375, 2.0253421948614645e-23, nan 
175.375, 88.375, 2.0869473193416906e-23, nan 
175.625, 88.375, 2.905379771748607e-23, nan 
175.875, 88.375, 2.040265519260635e-23, nan 
176.125, 88.375, 2.122392073468206e-23, nan 
176.375, 88.375, 2.0838400923175887e-23, nan 
176.625, 88.375, 2.0540610969576817e-23, nan 
176.875, 88.375, 1.9279543150316464e-23, nan 
177.125, 88.375, 1.9249383544809378e-23, nan 
177.375, 88.375, 2.689010225479742e-23, nan 
177.625, 88.375, 2.1960690447027994e-23, nan 
177.875, 88.375, 2.1500982629768485e-23, nan 
178.125, 88.375, 2.2603789327092718e-23, nan 
178.375, 88.375, 2.1334920745571332e-23, nan 
178.625, 88.375, 2.0585421314333517e-23, nan 
178.875, 88.375, 2.0224545834042796e-23, nan 
179.125, 88.375, 1.9888367807897037e-23, nan 
179.375, 88.375, 1.939505114904492e-23, nan 
179.625, 88.375, 1.8923748897002955e-23, nan 
179.875, 88.375, 1.915938773325457e-23, nan 
-179.875, 88.625, 3.622866613376859e-23, nan 
-179.625, 88.625, 3.432854976857287e-23, nan 
-179.375, 88.625, 3.2636390589082634e-23, nan 
-179.125, 88.625, 3.191160776834617e-23, nan 
-178.875, 88.625, 2.992943022644373e-23, nan 
-178.625, 88.625, 2.941791348743658e-23, nan 
-178.375, 88.625, 3.052860913802085e-23, nan 
-178.125, 88.625, 3.004747008437921e-23, nan 
-177.875, 88.625, 2.9509386369858464e-23, nan 
-177.625, 88.625, 2.939898004417385e-23, nan 
-177.375, 88.625, 2.937461460804191e-23, nan 
-177.125, 88.625, 2.5915284525918791e-23, nan 
-176.875, 88.625, 2.5133627534120163e-23, nan 
-176.625, 88.625, 2.5129981891536945e-23, nan 
-176.375, 88.625, 1.9484720252548916e-23, nan 
-176.125, 88.625, 1.8913038188918308e-23, nan 
-175.875, 88.625, 3.327389902523469e-23, nan 
-175.625, 88.625, 2.9815180167910804e-23, nan 
-175.375, 88.625, 2.269040829890229e-23, nan 
-175.125, 88.625, 2.2742419825079645e-23, nan 
-174.875, 88.625, 2.6358767899465613e-23, nan 
-174.625, 88.625, 3.88769818029228e-23, nan 
-174.375, 88.625, 4.0461589645705225e-23, nan 
-174.125, 88.625, 2.2725390864712506e-23, nan 
-173.875, 88.625, 2.3976312416277732e-23, nan 
-173.625, 88.625, 3.163337915067988e-23, nan 
-173.375, 88.625, 3.338436283006335e-23, nan 
-173.125, 88.625, 3.9465601982898136e-23, nan 
-172.875, 88.625, 4.732057137306711e-23, nan 
-172.625, 88.625, 5.325999850626302e-23, nan 
-172.375, 88.625, 5.836775112420324e-23, nan 
-172.125, 88.625, 6.851083029668261e-23, nan 
-171.875, 88.625, 7.071776144056716e-23, nan 
-171.625, 88.625, 7.205091619051598e-23, nan 
-171.375, 88.625, 7.110270224213452e-23, nan 
-171.125, 88.625, 7.85381790838904e-23, nan 
-170.875, 88.625, 7.733724759470219e-23, nan 
-170.625, 88.625, 7.750667687016216e-23, nan 
-170.375, 88.625, 6.59138108745071e-23, nan 
-170.125, 88.625, 7.895734611054099e-23, nan 
-169.875, 88.625, 7.445742357338961e-23, nan 
-169.625, 88.625, 8.288474908682401e-23, nan 
-169.375, 88.625, 8.137150577967483e-23, nan 
-169.125, 88.625, 8.072141261767049e-23, nan 
-168.875, 88.625, 7.801099369462715e-23, nan 
-168.625, 88.625, 7.606123805873373e-23, nan 
-168.375, 88.625, 7.650708912529746e-23, nan 
-168.125, 88.625, 8.080068922323772e-23, nan 
-167.875, 88.625, 8.19260877628566e-23, nan 
-167.625, 88.625, 8.083291059776295e-23, nan 
-167.375, 88.625, 8.36075946706993e-23, nan 
-167.125, 88.625, 8.398138523399224e-23, nan 
-166.875, 88.625, 7.82019802213703e-23, nan 
-166.625, 88.625, 7.264501929600293e-23, nan 
-166.375, 88.625, 6.822354659126946e-23, nan 
-166.125, 88.625, 4.6953551650151417e-23, nan 
-165.875, 88.625, 5.1717454287585485e-23, nan 
-165.625, 88.625, 9.31728211825714e-23, nan 
-165.375, 88.625, 5.352063693821668e-23, nan 
-165.125, 88.625, 5.906728682645852e-23, nan 
-164.875, 88.625, 6.312720046847806e-23, nan 
-164.625, 88.625, 6.701528956086435e-23, nan 
-164.375, 88.625, 8.061746195312556e-23, nan 
-164.125, 88.625, 7.233620339494996e-23, nan 
-163.875, 88.625, 5.93622687493443e-23, nan 
-163.625, 88.625, 6.109224862562476e-23, nan 
-163.375, 88.625, 6.262721613931052e-23, nan 
-163.125, 88.625, 5.535242078863649e-23, nan 
-162.875, 88.625, 5.89789107616392e-23, nan 
-162.625, 88.625, 6.479548380236165e-23, nan 
-162.375, 88.625, 6.908288786848569e-23, nan 
-162.125, 88.625, 7.264600664944063e-23, nan 
-161.875, 88.625, 8.392953495534454e-23, nan 
-161.625, 88.625, 9.13404925307753e-23, nan 
-161.375, 88.625, 9.67290024891231e-23, nan 
-161.125, 88.625, 1.0025821805409122e-22, nan 
-160.875, 88.625, 1.0413673617500136e-22, nan 
-160.625, 88.625, 1.0152724845871119e-22, nan 
-160.375, 88.625, 9.704516238968087e-23, nan 
-160.125, 88.625, 8.712969095031824e-23, nan 
-159.875, 88.625, 8.381109983309664e-23, nan 
-159.625, 88.625, 7.254435984784715e-23, nan 
-159.375, 88.625, 7.504571726557257e-23, nan 
-159.125, 88.625, 6.719418547276896e-23, nan 
-158.875, 88.625, 6.714654117524893e-23, nan 
-158.625, 88.625, 6.160970146072162e-23, nan 
-158.375, 88.625, 5.968711674554565e-23, nan 
-158.125, 88.625, 5.930382945435919e-23, nan 
-157.875, 88.625, 6.128094482750131e-23, nan 
-157.625, 88.625, 6.21947226207698e-23, nan 
-157.375, 88.625, 6.152013593058637e-23, nan 
-157.125, 88.625, 6.231867093988442e-23, nan 
-156.875, 88.625, 6.256222478691832e-23, nan 
-156.625, 88.625, 6.007582428611593e-23, nan 
-156.375, 88.625, 5.395354872626092e-23, nan 
-156.125, 88.625, 5.193695529377746e-23, nan 
-155.875, 88.625, 3.8361560091212637e-23, nan 
-155.625, 88.625, 4.033428266362512e-23, nan 
-155.375, 88.625, 6.540236789690254e-23, nan 
-155.125, 88.625, 2.880427284578129e-23, nan 
-154.875, 88.625, 3.948588025583252e-23, nan 
-154.625, 88.625, 3.8782176312341575e-23, nan 
-154.375, 88.625, 3.778805947617464e-23, nan 
-154.125, 88.625, 2.739070864193007e-23, nan 
-153.875, 88.625, 2.719080196789591e-23, nan 
-153.625, 88.625, 4.422224771786546e-23, nan 
-153.375, 88.625, 4.328174514383045e-23, nan 
-153.125, 88.625, 3.5110613973741746e-23, nan 
-152.875, 88.625, 3.236771551647372e-23, nan 
-152.625, 88.625, 3.2297792588344265e-23, nan 
-152.375, 88.625, 3.0242815075024377e-23, nan 
-152.125, 88.625, 2.989324302801898e-23, nan 
-151.875, 88.625, 2.937568510206378e-23, nan 
-151.625, 88.625, 3.164782854255001e-23, nan 
-151.375, 88.625, 2.871173999478909e-23, nan 
-151.125, 88.625, 2.4903752584803796e-23, nan 
-150.875, 88.625, 1.9757041170426615e-23, nan 
-150.625, 88.625, 2.1195836538408937e-23, nan 
-150.375, 88.625, 1.9874505960296376e-23, nan 
-150.125, 88.625, 2.1705679843998688e-23, nan 
-149.875, 88.625, 2.1499192321816608e-23, nan 
-149.625, 88.625, 2.2450797700878317e-23, nan 
-149.375, 88.625, 2.831322905472115e-23, nan 
-149.125, 88.625, 2.840624579358541e-23, nan 
-148.875, 88.625, 2.98356380124391e-23, nan 
-148.625, 88.625, 2.9810147566670635e-23, nan 
-148.375, 88.625, 3.257927338167707e-23, nan 
-148.125, 88.625, 3.086035136666085e-23, nan 
-147.875, 88.625, 3.040593868162161e-23, nan 
-147.625, 88.625, 2.6742021128913733e-23, nan 
-147.375, 88.625, 2.4234014973038337e-23, nan 
-147.125, 88.625, 2.3465360300567638e-23, nan 
-146.875, 88.625, 2.335449510168212e-23, nan 
-146.625, 88.625, 2.3452966346629214e-23, nan 
-146.375, 88.625, 2.1887375125223228e-23, nan 
-146.125, 88.625, 2.6108705012951313e-23, nan 
-145.875, 88.625, 2.9581261677482824e-23, nan 
-145.625, 88.625, 2.816997107754263e-23, nan 
-145.375, 88.625, 2.788144932637399e-23, nan 
-145.125, 88.625, 2.4625249700945116e-23, nan 
-144.875, 88.625, 2.3241216393771703e-23, nan 
-144.625, 88.625, 2.18332802101536e-23, nan 
-144.375, 88.625, 1.9499600056996475e-23, nan 
-144.125, 88.625, 1.77299854027656e-23, nan 
-143.875, 88.625, 1.8046101483519775e-23, nan 
-143.625, 88.625, 1.802755615324358e-23, nan 
-143.375, 88.625, 1.7814927540408638e-23, nan 
-143.125, 88.625, 1.853432748546291e-23, nan 
-142.875, 88.625, 1.7887443480830876e-23, nan 
-142.625, 88.625, 1.7110497090528944e-23, nan 
-142.375, 88.625, 2.441541694321834e-23, nan 
-142.125, 88.625, 1.5586910649193563e-23, nan 
-141.875, 88.625, 1.726314475278395e-23, nan 
-141.625, 88.625, 1.8176083237988794e-23, nan 
-141.375, 88.625, 1.7244439415408148e-23, nan 
-141.125, 88.625, 1.668186409422323e-23, nan 
-140.875, 88.625, 1.5281998593697728e-23, nan 
-140.625, 88.625, 1.1936354109991696e-23, nan 
-140.375, 88.625, 1.3405333679989188e-23, nan 
-140.125, 88.625, 1.0206510129066464e-23, nan 
-139.875, 88.625, 1.2060097363391209e-23, nan 
-139.625, 88.625, 1.2085829001761264e-23, nan 
-139.375, 88.625, 1.2803635487378208e-23, nan 
-139.125, 88.625, 1.4413284918671932e-23, nan 
-138.875, 88.625, 1.5368145518098633e-23, nan 
-138.625, 88.625, 1.7563894838289327e-23, nan 
-138.375, 88.625, 8.480111775073108e-24, nan 
-138.125, 88.625, 6.43026168596404e-24, nan 
-137.875, 88.625, 7.368982570405811e-24, nan 
-137.625, 88.625, 8.016471197002682e-24, nan 
-137.375, 88.625, 9.412440045555337e-24, nan 
-137.125, 88.625, 2.3451909061322598e-23, nan 
-136.875, 88.625, 1.746923006521524e-23, nan 
-136.625, 88.625, 1.6370920761393943e-23, nan 
-136.375, 88.625, 1.509314044558769e-23, nan 
-136.125, 88.625, 1.3687903076720633e-23, nan 
-135.875, 88.625, 1.1163720970295695e-23, nan 
-135.625, 88.625, 1.0540216154573154e-23, nan 
-135.375, 88.625, 1.0105446115609695e-23, nan 
-135.125, 88.625, 1.033330237371266e-23, nan 
-134.875, 88.625, 1.3230035170642547e-23, nan 
-134.625, 88.625, 1.4869388957360958e-23, nan 
-134.375, 88.625, 1.1346339245538513e-23, nan 
-134.125, 88.625, 1.2477776147906674e-23, nan 
-133.875, 88.625, 1.1663381891330965e-23, nan 
-133.625, 88.625, 1.1039281570849809e-23, nan 
-133.375, 88.625, 1.2853462976281172e-23, nan 
-133.125, 88.625, 1.2275012005490191e-23, nan 
-132.875, 88.625, 1.364159711151901e-23, nan 
-132.625, 88.625, 2.4917186193970354e-23, nan 
-132.375, 88.625, 2.962468128093237e-23, nan 
-132.125, 88.625, 2.528512138213743e-23, nan 
-131.875, 88.625, 2.940029684058345e-23, nan 
-131.625, 88.625, 3.3935457331529463e-23, nan 
-131.375, 88.625, 3.149682823636285e-23, nan 
-131.125, 88.625, 3.5950256528248296e-23, nan 
-130.875, 88.625, 3.978256269863253e-23, nan 
-130.625, 88.625, 3.949191163610346e-23, nan 
-130.375, 88.625, 4.4602084039406265e-23, nan 
-130.125, 88.625, 3.9720014196629934e-23, nan 
-129.875, 88.625, 3.883377379946631e-23, nan 
-129.625, 88.625, 4.228840203404674e-23, nan 
-129.375, 88.625, 4.348398949415111e-23, nan 
-129.125, 88.625, 3.857849329411738e-23, nan 
-128.875, 88.625, 3.794422938456928e-23, nan 
-128.625, 88.625, 3.668274989687807e-23, nan 
-128.375, 88.625, 4.2760197524267277e-23, nan 
-128.125, 88.625, 4.315454849231188e-23, nan 
-127.875, 88.625, 4.417297364261547e-23, nan 
-127.625, 88.625, 4.818497081615029e-23, nan 
-127.375, 88.625, 4.755482149663153e-23, nan 
-127.125, 88.625, 5.737064855805454e-23, nan 
-126.875, 88.625, 7.258198481512534e-23, nan 
-126.625, 88.625, 7.786852322338797e-23, nan 
-126.375, 88.625, 7.747307716068162e-23, nan 
-126.125, 88.625, 7.475913465596445e-23, nan 
-125.875, 88.625, 7.064995874953625e-23, nan 
-125.625, 88.625, 6.958500205114252e-23, nan 
-125.375, 88.625, 6.768828369189189e-23, nan 
-125.125, 88.625, 7.279497439331738e-23, nan 
-124.875, 88.625, 7.151859385897528e-23, nan 
-124.625, 88.625, 7.682483490304423e-23, nan 
-124.375, 88.625, 7.938887044850965e-23, nan 
-124.125, 88.625, 8.097640438037014e-23, nan 
-123.875, 88.625, 7.884902177267161e-23, nan 
-123.625, 88.625, 7.675486926960495e-23, nan 
-123.375, 88.625, 7.187695414276937e-23, nan 
-123.125, 88.625, 6.975644271313086e-23, nan 
-122.875, 88.625, 6.51364075364655e-23, nan 
-122.625, 88.625, 6.189867351369156e-23, nan 
-122.375, 88.625, 6.033223679341759e-23, nan 
-122.125, 88.625, 5.83759587885385e-23, nan 
-121.875, 88.625, 5.879251112016141e-23, nan 
-121.625, 88.625, 5.304179799032541e-23, nan 
-121.375, 88.625, 5.203973105690535e-23, nan 
-121.125, 88.625, 5.0966993293346566e-23, nan 
-120.875, 88.625, 5.089471996931728e-23, nan 
-120.625, 88.625, 5.259469982252246e-23, nan 
-120.375, 88.625, 5.1884428316142166e-23, nan 
-120.125, 88.625, 5.1182201788704113e-23, nan 
-119.875, 88.625, 5.001574272489802e-23, nan 
-119.625, 88.625, 5.073015872133921e-23, nan 
-119.375, 88.625, 4.903081532063674e-23, nan 
-119.125, 88.625, 4.948298787375522e-23, nan 
-118.875, 88.625, 5.129845943774761e-23, nan 
-118.625, 88.625, 4.602951045226819e-23, nan 
-118.375, 88.625, 4.611977992451087e-23, nan 
-118.125, 88.625, 4.286271917793753e-23, nan 
-117.875, 88.625, 4.637929037944125e-23, nan 
-117.625, 88.625, 4.571848940133796e-23, nan 
-117.375, 88.625, 4.48455264294629e-23, nan 
-117.125, 88.625, 5.0796714111659357e-23, nan 
-116.875, 88.625, 5.30215100268237e-23, nan 
-116.625, 88.625, 6.917654467572964e-23, nan 
-116.375, 88.625, 6.859915719217548e-23, nan 
-116.125, 88.625, 6.966797565562493e-23, nan 
-115.875, 88.625, 6.616062314441205e-23, nan 
-115.625, 88.625, 6.377089189235978e-23, nan 
-115.375, 88.625, 6.273502483063117e-23, nan 
-115.125, 88.625, 6.143604370010439e-23, nan 
-114.875, 88.625, 6.313066869013658e-23, nan 
-114.625, 88.625, 6.376556775774463e-23, nan 
-114.375, 88.625, 6.546127963300908e-23, nan 
-114.125, 88.625, 6.725893364050234e-23, nan 
-113.875, 88.625, 6.863855145508875e-23, nan 
-113.625, 88.625, 6.618803791871564e-23, nan 
-113.375, 88.625, 6.395096241432869e-23, nan 
-113.125, 88.625, 6.242229565869494e-23, nan 
-112.875, 88.625, 5.905472018761668e-23, nan 
-112.625, 88.625, 5.517874934109521e-23, nan 
-112.375, 88.625, 5.437018298525836e-23, nan 
-112.125, 88.625, 4.790126667350607e-23, nan 
-111.875, 88.625, 4.7964531398170765e-23, nan 
-111.625, 88.625, 4.556288130085686e-23, nan 
-111.375, 88.625, 4.920180467256735e-23, nan 
-111.125, 88.625, 4.658225870415156e-23, nan 
-110.875, 88.625, 4.4671675443530094e-23, nan 
-110.625, 88.625, 4.386924706744297e-23, nan 
-110.375, 88.625, 4.432808000597023e-23, nan 
-110.125, 88.625, 4.420635345416293e-23, nan 
-109.875, 88.625, 4.3468935496640274e-23, nan 
-109.625, 88.625, 3.4796775039210664e-23, nan 
-109.375, 88.625, 3.465299149534667e-23, nan 
-109.125, 88.625, 3.6302519182085385e-23, nan 
-108.875, 88.625, 3.340721841625908e-23, nan 
-108.625, 88.625, 3.637508206090792e-23, nan 
-108.375, 88.625, 3.772064938888712e-23, nan 
-108.125, 88.625, 3.5006639745972317e-23, nan 
-107.875, 88.625, 3.601725590885248e-23, nan 
-107.625, 88.625, 3.4365162137154414e-23, nan 
-107.375, 88.625, 4.162512658485599e-23, nan 
-107.125, 88.625, 4.108345037427597e-23, nan 
-106.875, 88.625, 4.049206767412532e-23, nan 
-106.625, 88.625, 4.09077334909823e-23, nan 
-106.375, 88.625, 4.2880046656187044e-23, nan 
-106.125, 88.625, 4.4564433277279985e-23, nan 
-105.875, 88.625, 5.194138532724846e-23, nan 
-105.625, 88.625, 4.418725348154915e-23, nan 
-105.375, 88.625, 4.065468124468356e-23, nan 
-105.125, 88.625, 3.673434151767558e-23, nan 
-104.875, 88.625, 3.277903648256749e-23, nan 
-104.625, 88.625, 3.385506012399609e-23, nan 
-104.375, 88.625, 3.9111720315034557e-23, nan 
-104.125, 88.625, 4.124615641295866e-23, nan 
-103.875, 88.625, 3.4960389639367914e-23, nan 
-103.625, 88.625, 3.318558466044885e-23, nan 
-103.375, 88.625, 3.435858601067427e-23, nan 
-103.125, 88.625, 3.409765090154075e-23, nan 
-102.875, 88.625, 2.8352953899999755e-23, nan 
-102.625, 88.625, 2.8629509500995434e-23, nan 
-102.375, 88.625, 3.37110476053746e-23, nan 
-102.125, 88.625, 3.911711681999919e-23, nan 
-101.875, 88.625, 3.418298288614393e-23, nan 
-101.625, 88.625, 3.83922663510698e-23, nan 
-101.375, 88.625, 3.8307707746909296e-23, nan 
-101.125, 88.625, 4.9026280739175325e-23, nan 
-100.875, 88.625, 4.311770026483686e-23, nan 
-100.625, 88.625, 3.705651808701083e-23, nan 
-100.375, 88.625, 3.8163528588442337e-23, nan 
-100.125, 88.625, 4.1916445750601695e-23, nan 
-99.875, 88.625, 4.061937213112945e-23, nan 
-99.625, 88.625, 4.3435518620208783e-23, nan 
-99.375, 88.625, 3.722794247674266e-23, nan 
-99.125, 88.625, 3.4878824011290674e-23, nan 
-98.875, 88.625, 3.8832688367699405e-23, nan 
-98.625, 88.625, 3.443656339336692e-23, nan 
-98.375, 88.625, 3.213467315839444e-23, nan 
-98.125, 88.625, 3.921484176046151e-23, nan 
-97.875, 88.625, 3.6570870047278686e-23, nan 
-97.625, 88.625, 3.671680574659322e-23, nan 
-97.375, 88.625, 3.1611551007195956e-23, nan 
-97.125, 88.625, 3.623865939720431e-23, nan 
-96.875, 88.625, 3.391312274612697e-23, nan 
-96.625, 88.625, 3.2142435493583575e-23, nan 
-96.375, 88.625, 2.879573726731494e-23, nan 
-96.125, 88.625, 2.9677514939087284e-23, nan 
-95.875, 88.625, 3.257010035974766e-23, nan 
-95.625, 88.625, 2.0789972172158034e-23, nan 
-95.375, 88.625, 2.2216081013868499e-23, nan 
-95.125, 88.625, 2.527099460436652e-23, nan 
-94.875, 88.625, 2.813370984240675e-23, nan 
-94.625, 88.625, 3.063097124212667e-23, nan 
-94.375, 88.625, 2.8300096378158646e-23, nan 
-94.125, 88.625, 2.813717671468944e-23, nan 
-93.875, 88.625, 2.8568991853702706e-23, nan 
-93.625, 88.625, 2.7915263520459153e-23, nan 
-93.375, 88.625, 2.874506810817417e-23, nan 
-93.125, 88.625, 3.22982347180782e-23, nan 
-92.875, 88.625, 3.093728491761574e-23, nan 
-92.625, 88.625, 2.947673679775437e-23, nan 
-92.375, 88.625, 3.1691939220635507e-23, nan 
-92.125, 88.625, 3.034596183498694e-23, nan 
-91.875, 88.625, 2.980893741664138e-23, nan 
-91.625, 88.625, 3.5166422308355435e-23, nan 
-91.375, 88.625, 3.368078741920572e-23, nan 
-91.125, 88.625, 3.553309873295832e-23, nan 
-90.875, 88.625, 3.1985524617775216e-23, nan 
-90.625, 88.625, 3.3009537779943487e-23, nan 
-90.375, 88.625, 3.417768044460201e-23, nan 
-90.125, 88.625, 3.1680778437449764e-23, nan 
-89.875, 88.625, 2.666912041879047e-23, nan 
-89.625, 88.625, 2.229527306840869e-23, nan 
-89.375, 88.625, 1.6121426139541496e-23, nan 
-89.125, 88.625, 2.1382413485651366e-23, nan 
-88.875, 88.625, 1.8928594828764853e-23, nan 
-88.625, 88.625, 1.896284569555544e-23, nan 
-88.375, 88.625, 2.377812339159332e-23, nan 
-88.125, 88.625, 2.4794642838649367e-23, nan 
-87.875, 88.625, 2.654614403966508e-23, nan 
-87.625, 88.625, 2.813170484550857e-23, nan 
-87.375, 88.625, 3.049811960068236e-23, nan 
-87.125, 88.625, 3.371602032580939e-23, nan 
-86.875, 88.625, 3.753746698828818e-23, nan 
-86.625, 88.625, 3.6485606292264236e-23, nan 
-86.375, 88.625, 3.295270709958618e-23, nan 
-86.125, 88.625, 3.303467090606012e-23, nan 
-85.875, 88.625, 2.8088752430971e-23, nan 
-85.625, 88.625, 3.2808084604030774e-23, nan 
-85.375, 88.625, 3.971240918778446e-23, nan 
-85.125, 88.625, 4.6890855350740337e-23, nan 
-84.875, 88.625, 5.1384514511652773e-23, nan 
-84.625, 88.625, 5.2930846120249963e-23, nan 
-84.375, 88.625, 5.465188202126241e-23, nan 
-84.125, 88.625, 5.473909669044136e-23, nan 
-83.875, 88.625, 5.894208843242933e-23, nan 
-83.625, 88.625, 5.873987459288704e-23, nan 
-83.375, 88.625, 5.1933899212605324e-23, nan 
-83.125, 88.625, 5.688236889569666e-23, nan 
-82.875, 88.625, 5.793984280667564e-23, nan 
-82.625, 88.625, 5.968172514046523e-23, nan 
-82.375, 88.625, 5.483959405329548e-23, nan 
-82.125, 88.625, 5.307694850058267e-23, nan 
-81.875, 88.625, 5.030731780320386e-23, nan 
-81.625, 88.625, 4.9947512632842345e-23, nan 
-81.375, 88.625, 4.8741762894457063e-23, nan 
-81.125, 88.625, 5.060356762809691e-23, nan 
-80.875, 88.625, 4.79651374386452e-23, nan 
-80.625, 88.625, 6.517857619887878e-23, nan 
-80.375, 88.625, 6.720642743132569e-23, nan 
-80.125, 88.625, 6.405383680216813e-23, nan 
-79.875, 88.625, 6.435811168715157e-23, nan 
-79.625, 88.625, 5.572082910764188e-23, nan 
-79.375, 88.625, 5.336166190355108e-23, nan 
-79.125, 88.625, 5.778953319170874e-23, nan 
-78.875, 88.625, 5.83465634798081e-23, nan 
-78.625, 88.625, 5.999444939577207e-23, nan 
-78.375, 88.625, 5.605298323610482e-23, nan 
-78.125, 88.625, 6.084109443295835e-23, nan 
-77.875, 88.625, 6.89523267864102e-23, nan 
-77.625, 88.625, 5.631445895926586e-23, nan 
-77.375, 88.625, 6.26785011293599e-23, nan 
-77.125, 88.625, 6.605565448349699e-23, nan 
-76.875, 88.625, 5.877849187556907e-23, nan 
-76.625, 88.625, 6.119572649095068e-23, nan 
-76.375, 88.625, 6.132415517541516e-23, nan 
-76.125, 88.625, 5.685952299885301e-23, nan 
-75.875, 88.625, 5.514931033630425e-23, nan 
-75.625, 88.625, 5.1882113873878095e-23, nan 
-75.375, 88.625, 5.276025673792536e-23, nan 
-75.125, 88.625, 5.425089063598338e-23, nan 
-74.875, 88.625, 6.396574029030944e-23, nan 
-74.625, 88.625, 6.330452691802011e-23, nan 
-74.375, 88.625, 6.58183538407217e-23, nan 
-74.125, 88.625, 6.622897844226403e-23, nan 
-73.875, 88.625, 6.838128773017017e-23, nan 
-73.625, 88.625, 7.171468624599517e-23, nan 
-73.375, 88.625, 7.34755697854983e-23, nan 
-73.125, 88.625, 6.390178291705645e-23, nan 
-72.875, 88.625, 6.598233355860683e-23, nan 
-72.625, 88.625, 6.700130523856434e-23, nan 
-72.375, 88.625, 7.157496010368952e-23, nan 
-72.125, 88.625, 6.421533022220084e-23, nan 
-71.875, 88.625, 6.174648749016986e-23, nan 
-71.625, 88.625, 6.092700647842532e-23, nan 
-71.375, 88.625, 5.950392733975984e-23, nan 
-71.125, 88.625, 5.968746136968936e-23, nan 
-70.875, 88.625, 5.876961495339721e-23, nan 
-70.625, 88.625, 5.594258532540361e-23, nan 
-70.375, 88.625, 6.678171150185687e-23, nan 
-70.125, 88.625, 7.091625959991996e-23, nan 
-69.875, 88.625, 7.12150057422742e-23, nan 
-69.625, 88.625, 7.185332056230984e-23, nan 
-69.375, 88.625, 6.774354500667235e-23, nan 
-69.125, 88.625, 6.256613565097293e-23, nan 
-68.875, 88.625, 6.662662135887579e-23, nan 
-68.625, 88.625, 6.764931042230673e-23, nan 
-68.375, 88.625, 6.600585047962761e-23, nan 
-68.125, 88.625, 5.844032080994004e-23, nan 
-67.875, 88.625, 6.449694311436473e-23, nan 
-67.625, 88.625, 7.951073737186688e-23, nan 
-67.375, 88.625, 5.2709460929343474e-23, nan 
-67.125, 88.625, 5.972002315541295e-23, nan 
-66.875, 88.625, 6.211649631085659e-23, nan 
-66.625, 88.625, 4.733779557893347e-23, nan 
-66.375, 88.625, 4.157138364123007e-23, nan 
-66.125, 88.625, 4.3919571652621685e-23, nan 
-65.875, 88.625, 4.539135632326482e-23, nan 
-65.625, 88.625, 4.682664295280832e-23, nan 
-65.375, 88.625, 4.978820707211865e-23, nan 
-65.125, 88.625, 4.4082896333037296e-23, nan 
-64.875, 88.625, 3.5012742511843216e-23, nan 
-64.625, 88.625, 3.1914994441903634e-23, nan 
-64.375, 88.625, 2.585779951291769e-23, nan 
-64.125, 88.625, 2.3162328846090483e-23, nan 
-63.875, 88.625, 2.09204779460421e-23, nan 
-63.625, 88.625, 1.939175754138175e-23, nan 
-63.375, 88.625, 1.91548805354085e-23, nan 
-63.125, 88.625, 2.018055623412562e-23, nan 
-62.875, 88.625, 2.601858874711372e-23, nan 
-62.625, 88.625, 2.9941011503891926e-23, nan 
-62.375, 88.625, 3.302432857923494e-23, nan 
-62.125, 88.625, 3.6648119817847284e-23, nan 
-61.875, 88.625, 4.957304262339328e-23, nan 
-61.625, 88.625, 5.2379410055894447e-23, nan 
-61.375, 88.625, 3.0261556526073145e-23, nan 
-61.125, 88.625, 3.2442763632153637e-23, nan 
-60.875, 88.625, 3.5048661078635647e-23, nan 
-60.625, 88.625, 3.7190806828998067e-23, nan 
-60.375, 88.625, 5.374127054522213e-23, nan 
-60.125, 88.625, 7.818465139437803e-23, nan 
-59.875, 88.625, 9.34995521523404e-23, nan 
-59.625, 88.625, 6.628394491379878e-23, nan 
-59.375, 88.625, 3.3541337990116313e-23, nan 
-59.125, 88.625, 2.6909791350231296e-23, nan 
-58.875, 88.625, 1.6463266917371393e-23, nan 
-58.625, 88.625, 3.0144304613140384e-23, nan 
-58.375, 88.625, 2.2636549839903436e-23, nan 
-58.125, 88.625, 3.727217994472298e-23, nan 
-57.875, 88.625, 4.2472648184987196e-23, nan 
-57.625, 88.625, 3.95078605222279e-23, nan 
-57.375, 88.625, 4.3596488550574786e-23, nan 
-57.125, 88.625, 4.8223177896456223e-23, nan 
-56.875, 88.625, 4.809390210696369e-23, nan 
-56.625, 88.625, 6.260501224281773e-23, nan 
-56.375, 88.625, 8.415198802265768e-23, nan 
-56.125, 88.625, 7.826189319812617e-23, nan 
-55.875, 88.625, 8.187408737262057e-23, nan 
-55.625, 88.625, 1.0973817858753977e-22, nan 
-55.375, 88.625, 8.400992811055051e-23, nan 
-55.125, 88.625, 7.202891126964055e-23, nan 
-54.875, 88.625, 6.929684388598741e-23, nan 
-54.625, 88.625, 5.765475481959357e-23, nan 
-54.375, 88.625, 4.19328201574664e-23, nan 
-54.125, 88.625, 4.5334195342491306e-23, nan 
-53.875, 88.625, 6.353197590067013e-23, nan 
-53.625, 88.625, 6.621978460205846e-23, nan 
-53.375, 88.625, 8.257659014196941e-23, nan 
-53.125, 88.625, 9.456207817136597e-23, nan 
-52.875, 88.625, 1.0142098165119597e-22, nan 
-52.625, 88.625, 9.931067407910121e-23, nan 
-52.375, 88.625, 1.3483711376333918e-22, nan 
-52.125, 88.625, 1.641511910867552e-22, nan 
-51.875, 88.625, 1.7381848910224856e-22, nan 
-51.625, 88.625, 1.4441355309756156e-22, nan 
-51.375, 88.625, 1.2990080697138333e-22, nan 
-51.125, 88.625, 1.19167343501349e-22, nan 
-50.875, 88.625, 1.0847546185120767e-22, nan 
-50.625, 88.625, 9.995452544338424e-23, nan 
-50.375, 88.625, 1.2085252201770728e-22, nan 
-50.125, 88.625, 4.8685180056668693e-23, nan 
-49.875, 88.625, 8.569256329712657e-23, nan 
-49.625, 88.625, 8.836534244233371e-23, nan 
-49.375, 88.625, 8.133224178968319e-23, nan 
-49.125, 88.625, 8.817550333296922e-23, nan 
-48.875, 88.625, 7.251518304578778e-23, nan 
-48.625, 88.625, 8.435810762300964e-23, nan 
-48.375, 88.625, 6.701706184782745e-23, nan 
-48.125, 88.625, 7.339307696123732e-23, nan 
-47.875, 88.625, 7.031971227081363e-23, nan 
-47.625, 88.625, 6.944836957661884e-23, nan 
-47.375, 88.625, 6.93158826968869e-23, nan 
-47.125, 88.625, 6.995551628849196e-23, nan 
-46.875, 88.625, 7.149193063301961e-23, nan 
-46.625, 88.625, 7.443065046123972e-23, nan 
-46.375, 88.625, 1.0092287107485723e-22, nan 
-46.125, 88.625, 1.442828275962037e-22, nan 
-45.875, 88.625, 1.2072390436613732e-22, nan 
-45.625, 88.625, 1.3039835496582074e-22, nan 
-45.375, 88.625, 1.953668538515221e-22, nan 
-45.125, 88.625, 1.2992089314678332e-22, nan 
-44.875, 88.625, 1.173618736665715e-22, nan 
-44.625, 88.625, 1.1949280591625062e-22, nan 
-44.375, 88.625, 1.1887774050715866e-22, nan 
-44.125, 88.625, 1.4740865889785917e-22, nan 
-43.875, 88.625, 1.550086537606861e-22, nan 
-43.625, 88.625, 1.0987796186137173e-22, nan 
-43.375, 88.625, 1.5720805456634992e-22, nan 
-43.125, 88.625, 1.4754627950094341e-22, nan 
-42.875, 88.625, 1.2759416018913342e-22, nan 
-42.625, 88.625, 1.4333729117366104e-22, nan 
-42.375, 88.625, 1.3711277072068744e-22, nan 
-42.125, 88.625, 1.4227500008260117e-22, nan 
-41.875, 88.625, 1.2874101119466182e-22, nan 
-41.625, 88.625, 1.4267949418690133e-22, nan 
-41.375, 88.625, 1.3514694065142928e-22, nan 
-41.125, 88.625, 1.3927857449330986e-22, nan 
-40.875, 88.625, 1.4135217063707097e-22, nan 
-40.625, 88.625, 1.4227596220762422e-22, nan 
-40.375, 88.625, 1.5353473586966136e-22, nan 
-40.125, 88.625, 1.4626215511175077e-22, nan 
-39.875, 88.625, 1.522504176044774e-22, nan 
-39.625, 88.625, 1.5601505891901025e-22, nan 
-39.375, 88.625, 1.5896171252491034e-22, nan 
-39.125, 88.625, 1.5786588809825943e-22, nan 
-38.875, 88.625, 1.6264086868680703e-22, nan 
-38.625, 88.625, 1.6188860226475766e-22, nan 
-38.375, 88.625, 1.5808757424477873e-22, nan 
-38.125, 88.625, 1.6352514586738902e-22, nan 
-37.875, 88.625, 1.567225756292291e-22, nan 
-37.625, 88.625, 1.5009716134260632e-22, nan 
-37.375, 88.625, 1.470981607661473e-22, nan 
-37.125, 88.625, 1.4782716106122693e-22, nan 
-36.875, 88.625, 1.216760324093559e-22, nan 
-36.625, 88.625, 1.2657499349181268e-22, nan 
-36.375, 88.625, 9.904503677171285e-23, nan 
-36.125, 88.625, 8.621042671452718e-23, nan 
-35.875, 88.625, 8.261744390965954e-23, nan 
-35.625, 88.625, 1.070839580149978e-22, nan 
-35.375, 88.625, 1.4761685021926755e-22, nan 
-35.125, 88.625, 1.995869100527052e-22, nan 
-34.875, 88.625, 2.411340563452796e-22, nan 
-34.625, 88.625, 2.6510732713297935e-22, nan 
-34.375, 88.625, 2.5934257930367127e-22, nan 
-34.125, 88.625, 2.0725377504840364e-22, nan 
-33.875, 88.625, 1.994054009008641e-22, nan 
-33.625, 88.625, 1.962663041765705e-22, nan 
-33.375, 88.625, 1.5232924808658833e-22, nan 
-33.125, 88.625, 1.670587929227712e-22, nan 
-32.875, 88.625, 1.83411084196885e-22, nan 
-32.625, 88.625, 1.4333775932699154e-22, nan 
-32.375, 88.625, 1.8096319214662013e-22, nan 
-32.125, 88.625, 1.4328574699851872e-22, nan 
-31.875, 88.625, 1.1194660322891594e-22, nan 
-31.625, 88.625, 1.3814054237465093e-22, nan 
-31.375, 88.625, 1.1870972188578205e-22, nan 
-31.125, 88.625, 9.267687979282292e-23, nan 
-30.875, 88.625, 9.483736947387991e-23, nan 
-30.625, 88.625, 9.39233556090944e-23, nan 
-30.375, 88.625, 8.981374335410619e-23, nan 
-30.125, 88.625, 9.947066919590712e-23, nan 
-29.875, 88.625, 8.241598032939108e-23, nan 
-29.625, 88.625, 9.358840430230469e-23, nan 
-29.375, 88.625, 9.489608115524147e-23, nan 
-29.125, 88.625, 9.981459614801279e-23, nan 
-28.875, 88.625, 8.94265993513437e-23, nan 
-28.625, 88.625, 9.763829922529284e-23, nan 
-28.375, 88.625, 8.789267175176476e-23, nan 
-28.125, 88.625, 8.331590278672683e-23, nan 
-27.875, 88.625, 1.1223790409396294e-22, nan 
-27.625, 88.625, 9.245613373836148e-23, nan 
-27.375, 88.625, 1.0121216524345033e-22, nan 
-27.125, 88.625, 1.1453853778923321e-22, nan 
-26.875, 88.625, 1.1509330450849292e-22, nan 
-26.625, 88.625, 8.068428475074475e-23, nan 
-26.375, 88.625, 7.192118680139182e-23, nan 
-26.125, 88.625, 6.251239224755048e-23, nan 
-25.875, 88.625, 5.545400976418159e-23, nan 
-25.625, 88.625, 5.2707564387784986e-23, nan 
-25.375, 88.625, 5.484311434842226e-23, nan 
-25.125, 88.625, 5.412111102794969e-23, nan 
-24.875, 88.625, 5.1677299314432025e-23, nan 
-24.625, 88.625, 5.0834845410390645e-23, nan 
-24.375, 88.625, 4.8780098841100466e-23, nan 
-24.125, 88.625, 5.27030442604927e-23, nan 
-23.875, 88.625, 5.820017429102619e-23, nan 
-23.625, 88.625, 4.4905957901070807e-23, nan 
-23.375, 88.625, 8.390790086342031e-23, nan 
-23.125, 88.625, 9.54538259270049e-23, nan 
-22.875, 88.625, 6.779137865998609e-23, nan 
-22.625, 88.625, 6.690152994856815e-23, nan 
-22.375, 88.625, 5.42635452942858e-23, nan 
-22.125, 88.625, 8.303451582727774e-23, nan 
-21.875, 88.625, 3.182604345162124e-23, nan 
-21.625, 88.625, 5.530125613992018e-23, nan 
-21.375, 88.625, 6.558792359420047e-23, nan 
-21.125, 88.625, 6.1825485370969e-23, nan 
-20.875, 88.625, 6.195188418367476e-23, nan 
-20.625, 88.625, 3.6681673867717393e-23, nan 
-20.375, 88.625, 2.5745747764834798e-23, nan 
-20.125, 88.625, 2.413414748360511e-23, nan 
-19.875, 88.625, 4.4905743386304854e-23, nan 
-19.625, 88.625, 4.767905143662416e-23, nan 
-19.375, 88.625, 2.5671366277155633e-23, nan 
-19.125, 88.625, 3.396655236515296e-23, nan 
-18.875, 88.625, 5.587918122993349e-23, nan 
-18.625, 88.625, 7.429154093941918e-23, nan 
-18.375, 88.625, 7.261766916157365e-23, nan 
-18.125, 88.625, 4.2957286320057087e-23, nan 
-17.875, 88.625, 3.147006387146686e-23, nan 
-17.625, 88.625, 3.5978240391666286e-23, nan 
-17.375, 88.625, 3.112996036589669e-23, nan 
-17.125, 88.625, 5.463782448320015e-23, nan 
-16.875, 88.625, 4.593307426957893e-23, nan 
-16.625, 88.625, 5.284582646471027e-23, nan 
-16.375, 88.625, 2.1550362325926955e-23, nan 
-16.125, 88.625, 4.23352158033005e-23, nan 
-15.875, 88.625, 3.973020839490357e-23, nan 
-15.625, 88.625, 3.796441328679107e-23, nan 
-15.375, 88.625, 5.556120824518045e-23, nan 
-15.125, 88.625, 3.9692139719853164e-23, nan 
-14.875, 88.625, 3.74896354054256e-23, nan 
-14.625, 88.625, 3.7727754673514835e-23, nan 
-14.375, 88.625, 3.284405379775571e-23, nan 
-14.125, 88.625, 3.663461049514781e-23, nan 
-13.875, 88.625, 3.3220092278125847e-23, nan 
-13.625, 88.625, 3.141216249409227e-23, nan 
-13.375, 88.625, 2.5275536382489657e-23, nan 
-13.125, 88.625, 4.6705321310603645e-23, nan 
-12.875, 88.625, 5.506289657925087e-23, nan 
-12.625, 88.625, 4.7091355644035845e-23, nan 
-12.375, 88.625, 5.211016568681101e-23, nan 
-12.125, 88.625, 3.5833439084634094e-23, nan 
-11.875, 88.625, 4.8959410419276995e-23, nan 
-11.625, 88.625, 4.870637814993315e-23, nan 
-11.375, 88.625, 4.9255757282335766e-23, nan 
-11.125, 88.625, 4.0068935277252534e-23, nan 
-10.875, 88.625, 5.361624766938887e-23, nan 
-10.625, 88.625, 5.618626399566599e-23, nan 
-10.375, 88.625, 4.40042241331581e-23, nan 
-10.125, 88.625, 5.184945222540358e-23, nan 
-9.875, 88.625, 5.491968757465298e-23, nan 
-9.625, 88.625, 6.300896945971315e-23, nan 
-9.375, 88.625, 6.40558537947252e-23, nan 
-9.125, 88.625, 6.0297965251055e-23, nan 
-8.875, 88.625, 5.548634395876192e-23, nan 
-8.625, 88.625, 5.628723773313125e-23, nan 
-8.375, 88.625, 5.805043799583968e-23, nan 
-8.125, 88.625, 5.457550037130431e-23, nan 
-7.875, 88.625, 4.406529479811768e-23, nan 
-7.625, 88.625, 5.456707568912586e-23, nan 
-7.375, 88.625, 6.222294058586772e-23, nan 
-7.125, 88.625, 7.441917550247744e-23, nan 
-6.875, 88.625, 9.112672191967352e-23, nan 
-6.625, 88.625, 9.844116814368689e-23, nan 
-6.375, 88.625, 1.0915723544258246e-22, nan 
-6.125, 88.625, 1.1278421548791586e-22, nan 
-5.875, 88.625, 8.170114861881269e-23, nan 
-5.625, 88.625, 3.297369332407604e-23, nan 
-5.375, 88.625, 2.7954549010007585e-23, nan 
-5.125, 88.625, 2.991675298123037e-23, nan 
-4.875, 88.625, 3.084638512104087e-23, nan 
-4.625, 88.625, 2.831230048076859e-23, nan 
-4.375, 88.625, 2.8101863850319486e-23, nan 
-4.125, 88.625, 4.1030408481504877e-23, nan 
-3.875, 88.625, 3.2613540631967223e-23, nan 
-3.625, 88.625, 4.909104921971133e-23, nan 
-3.375, 88.625, 4.2695202343353525e-23, nan 
-3.125, 88.625, 4.215389315294169e-23, nan 
-2.875, 88.625, 4.5468855160184834e-23, nan 
-2.625, 88.625, 4.0089054386504606e-23, nan 
-2.375, 88.625, 3.1458795266676327e-23, nan 
-2.125, 88.625, 3.920182896598441e-23, nan 
-1.875, 88.625, 2.9534995828329853e-23, nan 
-1.625, 88.625, 4.640064981498406e-23, nan 
-1.375, 88.625, 2.9357302734276324e-23, nan 
-1.125, 88.625, 5.345188428048156e-23, nan 
-0.875, 88.625, 4.595883303200384e-23, nan 
-0.625, 88.625, 4.1234144576770247e-23, nan 
-0.375, 88.625, 4.274178446682212e-23, nan 
-0.125, 88.625, 4.1443335882403016e-23, nan 
0.125, 88.625, 5.417685984457747e-23, nan 
0.375, 88.625, 4.000845897274426e-23, nan 
0.625, 88.625, 4.396789824606779e-23, nan 
0.875, 88.625, 4.743801191143658e-23, nan 
1.125, 88.625, 4.2164550980172347e-23, nan 
1.375, 88.625, 4.914349359344861e-23, nan 
1.625, 88.625, 4.4045481716319687e-23, nan 
1.875, 88.625, 4.52516057332381e-23, nan 
2.125, 88.625, 5.1546770328870866e-23, nan 
2.375, 88.625, 4.995405170948959e-23, nan 
2.625, 88.625, 5.490202352334308e-23, nan 
2.875, 88.625, 6.279318658320147e-23, nan 
3.125, 88.625, 6.529813645599489e-23, nan 
3.375, 88.625, 6.23827017613368e-23, nan 
3.625, 88.625, 5.876541173138007e-23, nan 
3.875, 88.625, 3.658233977257951e-23, nan 
4.125, 88.625, 2.3421910381708598e-23, nan 
4.375, 88.625, 2.655350649674639e-23, nan 
4.625, 88.625, 2.8665972550821964e-23, nan 
4.875, 88.625, 2.5026056993888345e-23, nan 
5.125, 88.625, 6.348894043265697e-23, nan 
5.375, 88.625, 2.640269587657415e-23, nan 
5.625, 88.625, 4.865731506242317e-23, nan 
5.875, 88.625, 3.105565024822485e-23, nan 
6.125, 88.625, 6.665277041982459e-23, nan 
6.375, 88.625, 6.34393446346019e-23, nan 
6.625, 88.625, 9.776873861742386e-23, nan 
6.875, 88.625, 4.1281190670896e-23, nan 
7.125, 88.625, 3.119548562130075e-23, nan 
7.375, 88.625, 3.833634802452843e-23, nan 
7.625, 88.625, 2.951860658868005e-23, nan 
7.875, 88.625, 3.390019440036801e-23, nan 
8.125, 88.625, 4.3996803775226416e-23, nan 
8.375, 88.625, 4.40550702900817e-23, nan 
8.625, 88.625, 5.0270700756859367e-23, nan 
8.875, 88.625, 4.549288902745704e-23, nan 
9.125, 88.625, 5.406662747601971e-23, nan 
9.375, 88.625, 4.045767254407642e-23, nan 
9.625, 88.625, 5.174949953983829e-23, nan 
9.875, 88.625, 6.600126758284384e-23, nan 
10.125, 88.625, 7.936901263023547e-23, nan 
10.375, 88.625, 7.869609630793194e-23, nan 
10.625, 88.625, 7.788026668207327e-23, nan 
10.875, 88.625, 7.950599916999205e-23, nan 
11.125, 88.625, 7.803141538179271e-23, nan 
11.375, 88.625, 7.219107743992087e-23, nan 
11.625, 88.625, 9.693389911530459e-23, nan 
11.875, 88.625, 9.240069484030346e-23, nan 
12.125, 88.625, 1.003003336151553e-22, nan 
12.375, 88.625, 1.0983728027324594e-22, nan 
12.625, 88.625, 1.4632803820884892e-22, nan 
12.875, 88.625, 1.072576839394872e-22, nan 
13.125, 88.625, 1.2357241936845966e-22, nan 
13.375, 88.625, 1.4326397889138856e-22, nan 
13.625, 88.625, 1.458533567515408e-22, nan 
13.875, 88.625, 1.4299060723229976e-22, nan 
14.125, 88.625, 1.2834817346450087e-22, nan 
14.375, 88.625, 8.516723776016603e-23, nan 
14.625, 88.625, 1.0123827215331547e-22, nan 
14.875, 88.625, 9.724370093901719e-23, nan 
15.125, 88.625, 1.1202407336466356e-22, nan 
15.375, 88.625, 1.1957151352443904e-22, nan 
15.625, 88.625, 1.1201241466146828e-22, nan 
15.875, 88.625, 1.0322674033812941e-22, nan 
16.125, 88.625, 8.587133285184563e-23, nan 
16.375, 88.625, 1.2767935180246656e-22, nan 
16.625, 88.625, 1.027944745472518e-22, nan 
16.875, 88.625, 7.542581504868476e-23, nan 
17.125, 88.625, 5.436649197705288e-23, nan 
17.375, 88.625, 9.031929989529348e-23, nan 
17.625, 88.625, 8.772154423164162e-23, nan 
17.875, 88.625, 9.65047267005411e-23, nan 
18.125, 88.625, 1.0366135771130231e-22, nan 
18.375, 88.625, 1.0241012386608112e-22, nan 
18.625, 88.625, 1.0322389878341489e-22, nan 
18.875, 88.625, 1.0069586309693512e-22, nan 
19.125, 88.625, 9.72087136019917e-23, nan 
19.375, 88.625, 9.963479488100175e-23, nan 
19.625, 88.625, 8.949271438882188e-23, nan 
19.875, 88.625, 8.761820527753379e-23, nan 
20.125, 88.625, 8.73693744408953e-23, nan 
20.375, 88.625, 1.061483673307186e-22, nan 
20.625, 88.625, 1.0715492369229714e-22, nan 
20.875, 88.625, 1.1671372332057337e-22, nan 
21.125, 88.625, 1.2941701536044182e-22, nan 
21.375, 88.625, 1.391201803077047e-22, nan 
21.625, 88.625, 1.353977514658281e-22, nan 
21.875, 88.625, 1.710952816696059e-22, nan 
22.125, 88.625, 1.6792074060893977e-22, nan 
22.375, 88.625, 1.7158502970621683e-22, nan 
22.625, 88.625, 1.8422983810482148e-22, nan 
22.875, 88.625, 2.5352767191905327e-22, nan 
23.125, 88.625, 1.761656677718033e-22, nan 
23.375, 88.625, 2.0945819140359192e-22, nan 
23.625, 88.625, 2.4077017423196574e-22, nan 
23.875, 88.625, 2.821306849758625e-22, nan 
24.125, 88.625, 2.8617036662175337e-22, nan 
24.375, 88.625, 2.503958228562933e-22, nan 
24.625, 88.625, 9.653976281578663e-23, nan 
24.875, 88.625, 1.7737863674047015e-22, nan 
25.125, 88.625, 1.5257388511290765e-22, nan 
25.375, 88.625, 1.9866662601838747e-22, nan 
25.625, 88.625, 2.1940225956891456e-22, nan 
25.875, 88.625, 1.7531042021562355e-22, nan 
26.125, 88.625, 1.6776756999854388e-22, nan 
26.375, 88.625, 1.5453118753165603e-22, nan 
26.625, 88.625, 1.8553494512056871e-22, nan 
26.875, 88.625, 1.8132391661923777e-22, nan 
27.125, 88.625, 9.597597100552281e-23, nan 
27.375, 88.625, 6.115761891064462e-23, nan 
27.625, 88.625, 7.047655197608667e-23, nan 
27.875, 88.625, 9.67349080160233e-23, nan 
28.125, 88.625, 6.772183619398056e-23, nan 
28.375, 88.625, 1.0246844812335015e-22, nan 
28.625, 88.625, 7.848958751744369e-23, nan 
28.875, 88.625, 7.329665705699884e-23, nan 
29.125, 88.625, 6.447769920282088e-23, nan 
29.375, 88.625, 8.622326522478165e-23, nan 
29.625, 88.625, 7.818627646867768e-23, nan 
29.875, 88.625, 7.63607839388467e-23, nan 
30.125, 88.625, 9.339337506398992e-23, nan 
30.375, 88.625, 1.227015750019724e-22, nan 
30.625, 88.625, 1.594609002346428e-22, nan 
30.875, 88.625, 1.8586264421771953e-22, nan 
31.125, 88.625, 2.1450784316201635e-22, nan 
31.375, 88.625, 2.475589880208229e-22, nan 
31.625, 88.625, 2.717695732888739e-22, nan 
31.875, 88.625, 2.855097625645541e-22, nan 
32.125, 88.625, 3.0074990358293993e-22, nan 
32.375, 88.625, 3.0420444633230084e-22, nan 
32.625, 88.625, 2.699015432825076e-22, nan 
32.875, 88.625, 2.4458798193179545e-22, nan 
33.125, 88.625, 2.1986135331635255e-22, nan 
33.375, 88.625, 1.8596779061532272e-22, nan 
33.625, 88.625, 1.712724368790851e-22, nan 
33.875, 88.625, 2.637241850071277e-22, nan 
34.125, 88.625, 1.5172955984214128e-22, nan 
34.375, 88.625, 1.5085920955715818e-22, nan 
34.625, 88.625, 1.4059613932355632e-22, nan 
34.875, 88.625, 8.464298666525714e-23, nan 
35.125, 88.625, 1.100162440751355e-22, nan 
35.375, 88.625, 1.0075705375214614e-22, nan 
35.625, 88.625, 1.1676690062283547e-22, nan 
35.875, 88.625, 1.220224311271744e-22, nan 
36.125, 88.625, 2.7102653390378787e-22, nan 
36.375, 88.625, 1.0449401939342074e-22, nan 
36.625, 88.625, 1.1904094079953243e-22, nan 
36.875, 88.625, 1.1637842137115004e-22, nan 
37.125, 88.625, 1.0943647248723754e-22, nan 
37.375, 88.625, 1.8830443705625054e-22, nan 
37.625, 88.625, 1.0103351681029705e-22, nan 
37.875, 88.625, 1.1304936395000972e-22, nan 
38.125, 88.625, 1.0427881701633196e-22, nan 
38.375, 88.625, 9.941762355663663e-23, nan 
38.625, 88.625, 1.6601012969306066e-22, nan 
38.875, 88.625, 6.893304860700819e-23, nan 
39.125, 88.625, 7.221206342006861e-23, nan 
39.375, 88.625, 6.015079654809978e-23, nan 
39.625, 88.625, 1.4870847541373156e-22, nan 
39.875, 88.625, 8.281670934753832e-23, nan 
40.125, 88.625, 6.510622087515741e-23, nan 
40.375, 88.625, 8.01499148093955e-23, nan 
40.625, 88.625, 9.53382717437377e-23, nan 
40.875, 88.625, 1.1984092408524072e-22, nan 
41.125, 88.625, 1.356444097381373e-22, nan 
41.375, 88.625, 1.5796830683553733e-22, nan 
41.625, 88.625, 1.8772074188848069e-22, nan 
41.875, 88.625, 2.0881987299598399e-22, nan 
42.125, 88.625, 2.2394992128059667e-22, nan 
42.375, 88.625, 2.341477923589276e-22, nan 
42.625, 88.625, 2.2966804032314263e-22, nan 
42.875, 88.625, 2.0936393799967837e-22, nan 
43.125, 88.625, 1.9385316533833226e-22, nan 
43.375, 88.625, 1.6948698345540623e-22, nan 
43.625, 88.625, 1.55633695526899e-22, nan 
43.875, 88.625, 1.4045083717470115e-22, nan 
44.125, 88.625, 1.7586075887162059e-22, nan 
44.375, 88.625, 7.75888328953501e-23, nan 
44.625, 88.625, 5.47088993575633e-23, nan 
44.875, 88.625, 5.613172796514661e-23, nan 
45.125, 88.625, 4.73225982532212e-23, nan 
45.375, 88.625, 8.68117428470664e-23, nan 
45.625, 88.625, 8.282124210719356e-23, nan 
45.875, 88.625, 8.403387750018034e-23, nan 
46.125, 88.625, 1.4231628371947983e-22, nan 
46.375, 88.625, 2.1086149251812189e-22, nan 
46.625, 88.625, 1.4985534476687124e-22, nan 
46.875, 88.625, 1.457686432438744e-22, nan 
47.125, 88.625, 1.5401149403117006e-22, nan 
47.375, 88.625, 1.5642262104892558e-22, nan 
47.625, 88.625, 1.8476323081998124e-22, nan 
47.875, 88.625, 1.583712302405728e-22, nan 
48.125, 88.625, 1.5864273515751564e-22, nan 
48.375, 88.625, 1.5731671897802488e-22, nan 
48.625, 88.625, 1.4523863490145288e-22, nan 
48.875, 88.625, 1.6586219546893374e-22, nan 
49.125, 88.625, 1.3483692554144244e-22, nan 
49.375, 88.625, 1.3229855253907834e-22, nan 
49.625, 88.625, 1.329044127833732e-22, nan 
49.875, 88.625, 1.521670939765745e-22, nan 
50.125, 88.625, 1.2254475539371974e-22, nan 
50.375, 88.625, 3.811649347902815e-23, nan 
50.625, 88.625, 4.20787926140284e-23, nan 
50.875, 88.625, 3.558790356573134e-23, nan 
51.125, 88.625, 1.3632213788056799e-22, nan 
51.375, 88.625, 1.322605514216766e-22, nan 
51.625, 88.625, 1.0681458624869313e-22, nan 
51.875, 88.625, 3.6099183560584616e-23, nan 
52.125, 88.625, 2.7328860051159165e-23, nan 
52.375, 88.625, 3.110056473985418e-23, nan 
52.625, 88.625, 2.6325011559656043e-23, nan 
52.875, 88.625, 2.3897523668531728e-23, nan 
53.125, 88.625, 2.292698506300349e-23, nan 
53.375, 88.625, 2.2044549027425755e-23, nan 
53.625, 88.625, 2.1593177451879303e-23, nan 
53.875, 88.625, 2.2284617055659446e-23, nan 
54.125, 88.625, 2.1333968637375587e-23, nan 
54.375, 88.625, 2.2930167294452434e-23, nan 
54.625, 88.625, 2.2391563133897254e-23, nan 
54.875, 88.625, 2.380907692848161e-23, nan 
55.125, 88.625, 2.59062594753103e-23, nan 
55.375, 88.625, 2.467347874059152e-23, nan 
55.625, 88.625, 2.2599149559804706e-23, nan 
55.875, 88.625, 2.283928043848106e-23, nan 
56.125, 88.625, 2.4289171417000377e-23, nan 
56.375, 88.625, 2.446131751610347e-23, nan 
56.625, 88.625, 2.4205007544946016e-23, nan 
56.875, 88.625, 2.720855142483513e-23, nan 
57.125, 88.625, 2.7469950131713144e-23, nan 
57.375, 88.625, 2.9653228746799366e-23, nan 
57.625, 88.625, 2.9543699061373445e-23, nan 
57.875, 88.625, 2.9334380451613995e-23, nan 
58.125, 88.625, 3.019628872965147e-23, nan 
58.375, 88.625, 3.0076492165599194e-23, nan 
58.625, 88.625, 2.99031178979538e-23, nan 
58.875, 88.625, 2.845120409195746e-23, nan 
59.125, 88.625, 2.8559862257648186e-23, nan 
59.375, 88.625, 2.801757673673217e-23, nan 
59.625, 88.625, 2.754535052794575e-23, nan 
59.875, 88.625, 2.2459363949762548e-23, nan 
60.125, 88.625, 1.873996625235038e-23, nan 
60.375, 88.625, 1.9126006813082106e-23, nan 
60.625, 88.625, 2.3066082991421753e-23, nan 
60.875, 88.625, 3.9172997836211993e-23, nan 
61.125, 88.625, 2.421179980855568e-23, nan 
61.375, 88.625, 2.248656445048703e-23, nan 
61.625, 88.625, 2.362106275345489e-23, nan 
61.875, 88.625, 2.3378395499620892e-23, nan 
62.125, 88.625, 1.9587960923857057e-23, nan 
62.375, 88.625, 1.857163403235723e-23, nan 
62.625, 88.625, 1.8488906518810716e-23, nan 
62.875, 88.625, 1.7120081035042688e-23, nan 
63.125, 88.625, 1.5788294459081093e-23, nan 
63.375, 88.625, 1.7391418093523563e-23, nan 
63.625, 88.625, 1.7140375295833752e-23, nan 
63.875, 88.625, 1.654327334096509e-23, nan 
64.125, 88.625, 1.6634684012369494e-23, nan 
64.375, 88.625, 1.6155618244269028e-23, nan 
64.625, 88.625, 1.8587457139811197e-23, nan 
64.875, 88.625, 1.5935959233538846e-23, nan 
65.125, 88.625, 1.9216102223925298e-23, nan 
65.375, 88.625, 2.2144530058488295e-23, nan 
65.625, 88.625, 1.7649045088210153e-23, nan 
65.875, 88.625, 1.7252159344486375e-23, nan 
66.125, 88.625, 1.629968492299909e-23, nan 
66.375, 88.625, 1.4384889537006763e-23, nan 
66.625, 88.625, 1.1206105620120541e-23, nan 
66.875, 88.625, 1.2802127932314012e-23, nan 
67.125, 88.625, 1.2906526520170937e-23, nan 
67.375, 88.625, 1.100970141373764e-23, nan 
67.625, 88.625, 1.0339640482540098e-23, nan 
67.875, 88.625, 1.2164234209018052e-23, nan 
68.125, 88.625, 1.2698809719876618e-23, nan 
68.375, 88.625, 1.2651708186216606e-23, nan 
68.625, 88.625, 1.1900989368854722e-23, nan 
68.875, 88.625, 1.0507079806944855e-23, nan 
69.125, 88.625, 1.3442423139684995e-23, nan 
69.375, 88.625, 1.2672220259378754e-23, nan 
69.625, 88.625, 1.644893388357614e-23, nan 
69.875, 88.625, 1.605834740883834e-23, nan 
70.125, 88.625, 1.426221411271238e-23, nan 
70.375, 88.625, 1.5539901666610035e-23, nan 
70.625, 88.625, 1.670761441972806e-23, nan 
70.875, 88.625, 1.4609108523953163e-23, nan 
71.125, 88.625, 1.63707334583462e-23, nan 
71.375, 88.625, 1.643122348997698e-23, nan 
71.625, 88.625, 1.2874349184440122e-23, nan 
71.875, 88.625, 1.8294787318347897e-23, nan 
72.125, 88.625, 2.375176289859937e-23, nan 
72.375, 88.625, 2.3406842697219906e-23, nan 
72.625, 88.625, 2.4655746124800572e-23, nan 
72.875, 88.625, 1.8893067758693662e-23, nan 
73.125, 88.625, 1.8243970398543153e-23, nan 
73.375, 88.625, 1.8205669317503287e-23, nan 
73.625, 88.625, 1.8279251821472262e-23, nan 
73.875, 88.625, 1.7054779767042566e-23, nan 
74.125, 88.625, 1.7719772713142202e-23, nan 
74.375, 88.625, 1.9375859688523664e-23, nan 
74.625, 88.625, 1.87989115867269e-23, nan 
74.875, 88.625, 1.9262302050372284e-23, nan 
75.125, 88.625, 1.9309189978019723e-23, nan 
75.375, 88.625, 1.940357986400428e-23, nan 
75.625, 88.625, 1.9957105401710358e-23, nan 
75.875, 88.625, 2.1208759374881603e-23, nan 
76.125, 88.625, 2.314298378822436e-23, nan 
76.375, 88.625, 2.2380545385106485e-23, nan 
76.625, 88.625, 2.5158841243828463e-23, nan 
76.875, 88.625, 2.2082529734939547e-23, nan 
77.125, 88.625, 2.2725681529021876e-23, nan 
77.375, 88.625, 2.072552210669912e-23, nan 
77.625, 88.625, 2.1221814924305224e-23, nan 
77.875, 88.625, 2.3173507307471113e-23, nan 
78.125, 88.625, 2.3268043706761797e-23, nan 
78.375, 88.625, 2.4101902987951314e-23, nan 
78.625, 88.625, 2.5834298365997626e-23, nan 
78.875, 88.625, 2.6196881028081428e-23, nan 
79.125, 88.625, 2.7555827279773806e-23, nan 
79.375, 88.625, 2.8111017309532663e-23, nan 
79.625, 88.625, 2.813739555319891e-23, nan 
79.875, 88.625, 3.1736274849994906e-23, nan 
80.125, 88.625, 3.129985295083927e-23, nan 
80.375, 88.625, 3.1756256120981927e-23, nan 
80.625, 88.625, 3.0306306910414124e-23, nan 
80.875, 88.625, 2.8580582641194696e-23, nan 
81.125, 88.625, 2.2830869801838444e-23, nan 
81.375, 88.625, 1.9675356005038747e-23, nan 
81.625, 88.625, 1.4440501090737958e-23, nan 
81.875, 88.625, 1.1132269945253573e-23, nan 
82.125, 88.625, 1.5382405815313888e-23, nan 
82.375, 88.625, 4.846278463954703e-23, nan 
82.625, 88.625, 2.8460630356401286e-23, nan 
82.875, 88.625, 1.8461503249976335e-23, nan 
83.125, 88.625, 1.5270800491637928e-23, nan 
83.375, 88.625, 2.9747043484035325e-23, nan 
83.625, 88.625, 2.1633745564681773e-23, nan 
83.875, 88.625, 1.7697960926179457e-23, nan 
84.125, 88.625, 1.8438686820829934e-23, nan 
84.375, 88.625, 1.8530770744823728e-23, nan 
84.625, 88.625, 1.94444691145333e-23, nan 
84.875, 88.625, 1.8764730180538386e-23, nan 
85.125, 88.625, 2.011494094430724e-23, nan 
85.375, 88.625, 1.9547394324567218e-23, nan 
85.625, 88.625, 1.7526446480243647e-23, nan 
85.875, 88.625, 1.6579138018244055e-23, nan 
86.125, 88.625, 1.2613435443775396e-23, nan 
86.375, 88.625, 8.272703388005997e-24, nan 
86.625, 88.625, 2.1701635514977597e-23, nan 
86.875, 88.625, 2.1279676224674474e-23, nan 
87.125, 88.625, 2.0099200936613976e-23, nan 
87.375, 88.625, 2.3356492988840715e-23, nan 
87.625, 88.625, 2.0722990306532347e-23, nan 
87.875, 88.625, 2.2472445081473752e-23, nan 
88.125, 88.625, 2.1960701658004233e-23, nan 
88.375, 88.625, 2.0478157217704227e-23, nan 
88.625, 88.625, 2.4269024185602557e-23, nan 
88.875, 88.625, 2.1573906204253687e-23, nan 
89.125, 88.625, 2.0039525943189844e-23, nan 
89.375, 88.625, 2.1141358610820388e-23, nan 
89.625, 88.625, 2.32252448412195e-23, nan 
89.875, 88.625, 2.6741023393865767e-23, nan 
90.125, 88.625, 2.506548352389889e-23, nan 
90.375, 88.625, 2.847707069289864e-23, nan 
90.625, 88.625, 3.002053347618336e-23, nan 
90.875, 88.625, 3.0252476781234155e-23, nan 
91.125, 88.625, 3.182854884167262e-23, nan 
91.375, 88.625, 2.791070390059568e-23, nan 
91.625, 88.625, 2.998040774703822e-23, nan 
91.875, 88.625, 3.2687644703408024e-23, nan 
92.125, 88.625, 2.751641670720383e-23, nan 
92.375, 88.625, 2.4888999451358926e-23, nan 
92.625, 88.625, 2.120448607813622e-23, nan 
92.875, 88.625, 2.2992396590849623e-23, nan 
93.125, 88.625, 2.716680470311594e-23, nan 
93.375, 88.625, 2.800831734094154e-23, nan 
93.625, 88.625, 2.9211709758911706e-23, nan 
93.875, 88.625, 3.044864001594795e-23, nan 
94.125, 88.625, 3.073506129394447e-23, nan 
94.375, 88.625, 3.1775141421910814e-23, nan 
94.625, 88.625, 3.1824720366925393e-23, nan 
94.875, 88.625, 3.2156157164398945e-23, nan 
95.125, 88.625, 3.248121888965592e-23, nan 
95.375, 88.625, 3.377758545920348e-23, nan 
95.625, 88.625, 3.21380335900157e-23, nan 
95.875, 88.625, 2.9891316818187877e-23, nan 
96.125, 88.625, 2.8216486757079167e-23, nan 
96.375, 88.625, 2.6191497934254495e-23, nan 
96.625, 88.625, 2.271552961255331e-23, nan 
96.875, 88.625, 3.8012449876831104e-23, nan 
97.125, 88.625, 3.702775076825513e-23, nan 
97.375, 88.625, 2.4548765435451153e-23, nan 
97.625, 88.625, 2.416354460499581e-23, nan 
97.875, 88.625, 1.9304593397325568e-23, nan 
98.125, 88.625, 2.2046118473967495e-23, nan 
98.375, 88.625, 1.824642638009159e-23, nan 
98.625, 88.625, 1.8554230560423605e-23, nan 
98.875, 88.625, 2.0105360227175735e-23, nan 
99.125, 88.625, 1.8609228292646872e-23, nan 
99.375, 88.625, 2.3571410292916368e-23, nan 
99.625, 88.625, 2.4077886025556207e-23, nan 
99.875, 88.625, 2.592468250273984e-23, nan 
100.125, 88.625, 3.129642452503311e-23, nan 
100.375, 88.625, 4.256793100330921e-23, nan 
100.625, 88.625, 4.2588538790034334e-23, nan 
100.875, 88.625, 4.4366498331245385e-23, nan 
101.125, 88.625, 3.858050433824864e-23, nan 
101.375, 88.625, 3.7799780260140887e-23, nan 
101.625, 88.625, 3.170465631556961e-23, nan 
101.875, 88.625, 2.9596529812157334e-23, nan 
102.125, 88.625, 3.1551299568384095e-23, nan 
102.375, 88.625, 3.0427906502902036e-23, nan 
102.625, 88.625, 2.9537866426747246e-23, nan 
102.875, 88.625, 2.42464832755761e-23, nan 
103.125, 88.625, 2.5964968674327446e-23, nan 
103.375, 88.625, 2.5640953064888308e-23, nan 
103.625, 88.625, 2.3365602086119994e-23, nan 
103.875, 88.625, 2.287749157535394e-23, nan 
104.125, 88.625, 2.225353158539187e-23, nan 
104.375, 88.625, 1.8551491646602918e-23, nan 
104.625, 88.625, 1.859640449948862e-23, nan 
104.875, 88.625, 1.8483132347887085e-23, nan 
105.125, 88.625, 1.822437772417923e-23, nan 
105.375, 88.625, 1.868365037691299e-23, nan 
105.625, 88.625, 1.906998740745387e-23, nan 
105.875, 88.625, 1.8995119976801144e-23, nan 
106.125, 88.625, 2.1847862856092398e-23, nan 
106.375, 88.625, 2.010793078943541e-23, nan 
106.625, 88.625, 2.205038689115639e-23, nan 
106.875, 88.625, 2.1673611132080103e-23, nan 
107.125, 88.625, 1.9219541711144335e-23, nan 
107.375, 88.625, 2.0614634572896593e-23, nan 
107.625, 88.625, 2.291729816860256e-23, nan 
107.875, 88.625, 1.7992307947363906e-23, nan 
108.125, 88.625, 2.07251276389817e-23, nan 
108.375, 88.625, 2.0880013261158384e-23, nan 
108.625, 88.625, 1.969546112589422e-23, nan 
108.875, 88.625, 1.9367897096857007e-23, nan 
109.125, 88.625, 1.9612880265696578e-23, nan 
109.375, 88.625, 1.8958697838324008e-23, nan 
109.625, 88.625, 2.1781580700474213e-23, nan 
109.875, 88.625, 2.191097688361219e-23, nan 
110.125, 88.625, 2.276771538343212e-23, nan 
110.375, 88.625, 2.4331158952300534e-23, nan 
110.625, 88.625, 2.477854002933502e-23, nan 
110.875, 88.625, 2.539250810941323e-23, nan 
111.125, 88.625, 2.706218714863365e-23, nan 
111.375, 88.625, 2.5954930254859123e-23, nan 
111.625, 88.625, 2.9378551055138685e-23, nan 
111.875, 88.625, 2.3321451546380018e-23, nan 
112.125, 88.625, 2.4658646113701858e-23, nan 
112.375, 88.625, 2.5724163940033978e-23, nan 
112.625, 88.625, 2.8791260983057166e-23, nan 
112.875, 88.625, 2.9891042613286223e-23, nan 
113.125, 88.625, 2.796870470936149e-23, nan 
113.375, 88.625, 2.923554097467442e-23, nan 
113.625, 88.625, 3.0028283652162224e-23, nan 
113.875, 88.625, 2.9850919941858996e-23, nan 
114.125, 88.625, 2.990241690649813e-23, nan 
114.375, 88.625, 3.0945115502435606e-23, nan 
114.625, 88.625, 2.7876982721472785e-23, nan 
114.875, 88.625, 2.908289263990452e-23, nan 
115.125, 88.625, 2.94493110325721e-23, nan 
115.375, 88.625, 2.9417458675820565e-23, nan 
115.625, 88.625, 3.026735785218258e-23, nan 
115.875, 88.625, 3.084467719482774e-23, nan 
116.125, 88.625, 2.9784903858308604e-23, nan 
116.375, 88.625, 3.073987762653989e-23, nan 
116.625, 88.625, 2.777879650773108e-23, nan 
116.875, 88.625, 3.150495846900028e-23, nan 
117.125, 88.625, 2.939890584337843e-23, nan 
117.375, 88.625, 2.9962380388123654e-23, nan 
117.625, 88.625, 3.0997614690876906e-23, nan 
117.875, 88.625, 2.8114861317004463e-23, nan 
118.125, 88.625, 2.654293420030828e-23, nan 
118.375, 88.625, 2.2765284002400137e-23, nan 
118.625, 88.625, 2.4330031713211424e-23, nan 
118.875, 88.625, 2.5433472849783402e-23, nan 
119.125, 88.625, 2.537577368192673e-23, nan 
119.375, 88.625, 2.5150850842061067e-23, nan 
119.625, 88.625, 2.6820723082207323e-23, nan 
119.875, 88.625, 2.3748581889327766e-23, nan 
120.125, 88.625, 2.44992619748633e-23, nan 
120.375, 88.625, 2.3667145119176642e-23, nan 
120.625, 88.625, 2.4033924362177867e-23, nan 
120.875, 88.625, 2.4337176147879086e-23, nan 
121.125, 88.625, 2.510225898436498e-23, nan 
121.375, 88.625, 2.5325228802897967e-23, nan 
121.625, 88.625, 2.561807629199674e-23, nan 
121.875, 88.625, 2.5904211380397253e-23, nan 
122.125, 88.625, 2.973873610363629e-23, nan 
122.375, 88.625, 2.5686206395635325e-23, nan 
122.625, 88.625, 2.6329352850728892e-23, nan 
122.875, 88.625, 2.4862658873769536e-23, nan 
123.125, 88.625, 2.699705406863746e-23, nan 
123.375, 88.625, 2.5746426985219364e-23, nan 
123.625, 88.625, 2.585252963997508e-23, nan 
123.875, 88.625, 2.5717411589686832e-23, nan 
124.125, 88.625, 2.7279369796284463e-23, nan 
124.375, 88.625, 2.2265820317720956e-23, nan 
124.625, 88.625, 2.3531920261552764e-23, nan 
124.875, 88.625, 2.6138214002956275e-23, nan 
125.125, 88.625, 2.4622040591674853e-23, nan 
125.375, 88.625, 2.5821296591486212e-23, nan 
125.625, 88.625, 2.6193084644008802e-23, nan 
125.875, 88.625, 2.6365781844611852e-23, nan 
126.125, 88.625, 2.601690502263112e-23, nan 
126.375, 88.625, 3.240569025367569e-23, nan 
126.625, 88.625, 2.762932116150858e-23, nan 
126.875, 88.625, 1.8631983034859368e-23, nan 
127.125, 88.625, 2.729231326446793e-23, nan 
127.375, 88.625, 3.037732606436999e-23, nan 
127.625, 88.625, 2.9646711280737937e-23, nan 
127.875, 88.625, 3.1155586466134575e-23, nan 
128.125, 88.625, 2.2934621162736817e-23, nan 
128.375, 88.625, 2.1782620241696995e-23, nan 
128.625, 88.625, 2.520889611242544e-23, nan 
128.875, 88.625, 2.8885657189253513e-23, nan 
129.125, 88.625, 3.186939884626778e-23, nan 
129.375, 88.625, 3.2406077129233494e-23, nan 
129.625, 88.625, 3.3450504150320866e-23, nan 
129.875, 88.625, 3.340097788684094e-23, nan 
130.125, 88.625, 3.141143731547651e-23, nan 
130.375, 88.625, 3.13749740127795e-23, nan 
130.625, 88.625, 3.123296767682192e-23, nan 
130.875, 88.625, 3.107697109702928e-23, nan 
131.125, 88.625, 3.1633982335128224e-23, nan 
131.375, 88.625, 2.9567505196132253e-23, nan 
131.625, 88.625, 2.9616186607915794e-23, nan 
131.875, 88.625, 3.015552279124423e-23, nan 
132.125, 88.625, 3.1508450611365556e-23, nan 
132.375, 88.625, 2.6546160924262826e-23, nan 
132.625, 88.625, 3.282978442612939e-23, nan 
132.875, 88.625, 3.3457882285866524e-23, nan 
133.125, 88.625, 2.9913794635725813e-23, nan 
133.375, 88.625, 2.91414193802886e-23, nan 
133.625, 88.625, 3.1121660904251587e-23, nan 
133.875, 88.625, 3.3161928454763896e-23, nan 
134.125, 88.625, 2.910214685957029e-23, nan 
134.375, 88.625, 3.1673158518240654e-23, nan 
134.625, 88.625, 3.1601895101196297e-23, nan 
134.875, 88.625, 3.0595722399154255e-23, nan 
135.125, 88.625, 2.833398218914579e-23, nan 
135.375, 88.625, 2.8498414319705453e-23, nan 
135.625, 88.625, 3.087281537349202e-23, nan 
135.875, 88.625, 2.920546972381403e-23, nan 
136.125, 88.625, 2.7718899123538343e-23, nan 
136.375, 88.625, 2.959055562679953e-23, nan 
136.625, 88.625, 2.9413956250049767e-23, nan 
136.875, 88.625, 3.1261635304630254e-23, nan 
137.125, 88.625, 3.072031203446001e-23, nan 
137.375, 88.625, 2.592735443517205e-23, nan 
137.625, 88.625, 3.314811115973563e-23, nan 
137.875, 88.625, 2.9529779304267134e-23, nan 
138.125, 88.625, 2.926583439204297e-23, nan 
138.375, 88.625, 3.3530800948970396e-23, nan 
138.625, 88.625, 3.18269372879132e-23, nan 
138.875, 88.625, 3.051139222010017e-23, nan 
139.125, 88.625, 3.0315542647116656e-23, nan 
139.375, 88.625, 3.1033303452881855e-23, nan 
139.625, 88.625, 3.100269307839639e-23, nan 
139.875, 88.625, 3.1835583363663737e-23, nan 
140.125, 88.625, 3.348646361541235e-23, nan 
140.375, 88.625, 3.370385591341038e-23, nan 
140.625, 88.625, 3.525437591466173e-23, nan 
140.875, 88.625, 3.4371841815645207e-23, nan 
141.125, 88.625, 3.5535548553204184e-23, nan 
141.375, 88.625, 3.413534702101739e-23, nan 
141.625, 88.625, 3.586733063087395e-23, nan 
141.875, 88.625, 3.629619499429929e-23, nan 
142.125, 88.625, 3.366519945730461e-23, nan 
142.375, 88.625, 3.543026710832315e-23, nan 
142.625, 88.625, 3.561038813703258e-23, nan 
142.875, 88.625, 3.520421441039238e-23, nan 
143.125, 88.625, 3.524698098480676e-23, nan 
143.375, 88.625, 3.149041767895819e-23, nan 
143.625, 88.625, 3.002358705973682e-23, nan 
143.875, 88.625, 3.1585217645042254e-23, nan 
144.125, 88.625, 3.387051730820398e-23, nan 
144.375, 88.625, 3.028709248603228e-23, nan 
144.625, 88.625, 2.97688644882498e-23, nan 
144.875, 88.625, 3.13430265940281e-23, nan 
145.125, 88.625, 2.2337022984113442e-23, nan 
145.375, 88.625, 2.624833094395085e-23, nan 
145.625, 88.625, 2.9310608705473733e-23, nan 
145.875, 88.625, 3.248502818660638e-23, nan 
146.125, 88.625, 2.9469671368405756e-23, nan 
146.375, 88.625, 3.2084453196933334e-23, nan 
146.625, 88.625, 3.0854596107248307e-23, nan 
146.875, 88.625, 3.0738250038549395e-23, nan 
147.125, 88.625, 3.0127254036292433e-23, nan 
147.375, 88.625, 3.013248230367216e-23, nan 
147.625, 88.625, 2.826294746366462e-23, nan 
147.875, 88.625, 2.878193676189166e-23, nan 
148.125, 88.625, 3.11489749974438e-23, nan 
148.375, 88.625, 2.3587719898912565e-23, nan 
148.625, 88.625, 2.2926152414564393e-23, nan 
148.875, 88.625, 2.4003738612181284e-23, nan 
149.125, 88.625, 2.6849271651041344e-23, nan 
149.375, 88.625, 2.1756673420562562e-23, nan 
149.625, 88.625, 2.6037362188813186e-23, nan 
149.875, 88.625, 2.3015647079004783e-23, nan 
150.125, 88.625, 2.4179639012555406e-23, nan 
150.375, 88.625, 2.572687309225529e-23, nan 
150.625, 88.625, 2.6777268642671596e-23, nan 
150.875, 88.625, 3.16589613074696e-23, nan 
151.125, 88.625, 2.904024172475796e-23, nan 
151.375, 88.625, 2.7778634730799846e-23, nan 
151.625, 88.625, 3.007964315603539e-23, nan 
151.875, 88.625, 2.5867830821134847e-23, nan 
152.125, 88.625, 3.284701756351234e-23, nan 
152.375, 88.625, 3.143071466228612e-23, nan 
152.625, 88.625, 2.751180200065058e-23, nan 
152.875, 88.625, 2.9541823489458735e-23, nan 
153.125, 88.625, 2.904588881841885e-23, nan 
153.375, 88.625, 3.101395563616891e-23, nan 
153.625, 88.625, 2.595350102596643e-23, nan 
153.875, 88.625, 2.672604792026506e-23, nan 
154.125, 88.625, 2.7743653809613255e-23, nan 
154.375, 88.625, 3.1665738166321483e-23, nan 
154.625, 88.625, 2.3430393519028187e-23, nan 
154.875, 88.625, 2.0542898700219122e-23, nan 
155.125, 88.625, 2.3871094345883748e-23, nan 
155.375, 88.625, 2.2255259870931273e-23, nan 
155.625, 88.625, 2.370280897896491e-23, nan 
155.875, 88.625, 2.208418945726187e-23, nan 
156.125, 88.625, 3.174927408446149e-23, nan 
156.375, 88.625, 2.5988325446562146e-23, nan 
156.625, 88.625, 3.099961012870611e-23, nan 
156.875, 88.625, 2.6083084440140375e-23, nan 
157.125, 88.625, 2.0442673017671592e-23, nan 
157.375, 88.625, 2.2585044355675366e-23, nan 
157.625, 88.625, 2.0487018861030087e-23, nan 
157.875, 88.625, 2.3627655894696294e-23, nan 
158.125, 88.625, 2.4123927267889804e-23, nan 
158.375, 88.625, 2.476040523405321e-23, nan 
158.625, 88.625, 2.4949029532282937e-23, nan 
158.875, 88.625, 2.3999911262526394e-23, nan 
159.125, 88.625, 2.4093561850107493e-23, nan 
159.375, 88.625, 1.8439395189867005e-23, nan 
159.625, 88.625, 1.955540849894584e-23, nan 
159.875, 88.625, 1.7665924305932126e-23, nan 
160.125, 88.625, 2.2883684421432802e-23, nan 
160.375, 88.625, 2.4672664851787788e-23, nan 
160.625, 88.625, 2.5548872897444404e-23, nan 
160.875, 88.625, 2.716798304544607e-23, nan 
161.125, 88.625, 3.107084891709201e-23, nan 
161.375, 88.625, 2.905177194051817e-23, nan 
161.625, 88.625, 2.569634226648207e-23, nan 
161.875, 88.625, 2.976643295677555e-23, nan 
162.125, 88.625, 2.6009471202474067e-23, nan 
162.375, 88.625, 3.040980454911125e-23, nan 
162.625, 88.625, 2.913244160181531e-23, nan 
162.875, 88.625, 2.412765333151475e-23, nan 
163.125, 88.625, 2.6481764847550073e-23, nan 
163.375, 88.625, 2.510495650004637e-23, nan 
163.625, 88.625, 2.6158264936629613e-23, nan 
163.875, 88.625, 2.497103692131551e-23, nan 
164.125, 88.625, 1.638703506652295e-23, nan 
164.375, 88.625, 1.7168091115340084e-23, nan 
164.625, 88.625, 2.8884261418106146e-23, nan 
164.875, 88.625, 2.2614313923416015e-23, nan 
165.125, 88.625, 1.9525678609523867e-23, nan 
165.375, 88.625, 2.5230154983346536e-23, nan 
165.625, 88.625, 2.5563936408331758e-23, nan 
165.875, 88.625, 2.5456195906382616e-23, nan 
166.125, 88.625, 1.8937251843114628e-23, nan 
166.375, 88.625, 2.63359466652916e-23, nan 
166.625, 88.625, 2.0650461992178664e-23, nan 
166.875, 88.625, 2.857328882331968e-23, nan 
167.125, 88.625, 1.844542894246502e-23, nan 
167.375, 88.625, 1.9888834909575003e-23, nan 
167.625, 88.625, 2.315951353557054e-23, nan 
167.875, 88.625, 2.0251014297462946e-23, nan 
168.125, 88.625, 2.3868402261498853e-23, nan 
168.375, 88.625, 2.432715206635687e-23, nan 
168.625, 88.625, 2.398083520042542e-23, nan 
168.875, 88.625, 2.3707182594584968e-23, nan 
169.125, 88.625, 2.3407724330766318e-23, nan 
169.375, 88.625, 2.013688748911042e-23, nan 
169.625, 88.625, 1.8766635743911e-23, nan 
169.875, 88.625, 4.5181139819941797e-23, nan 
170.125, 88.625, 4.417896942227374e-23, nan 
170.375, 88.625, 4.3677538359969023e-23, nan 
170.625, 88.625, 4.298856098266236e-23, nan 
170.875, 88.625, 4.250205858254751e-23, nan 
171.125, 88.625, 4.215196102584072e-23, nan 
171.375, 88.625, 4.187817991602321e-23, nan 
171.625, 88.625, 4.1578165773189463e-23, nan 
171.875, 88.625, 4.316950671928184e-23, nan 
172.125, 88.625, 4.120283775722701e-23, nan 
172.375, 88.625, 4.4536335018622734e-23, nan 
172.625, 88.625, 4.103964270854135e-23, nan 
172.875, 88.625, 4.12851593029662e-23, nan 
173.125, 88.625, 4.3171688206416314e-23, nan 
173.375, 88.625, 4.1557556420598345e-23, nan 
173.625, 88.625, 4.186563495766529e-23, nan 
173.875, 88.625, 4.1109432260884393e-23, nan 
174.125, 88.625, 4.113348232292105e-23, nan 
174.375, 88.625, 4.1049452122016204e-23, nan 
174.625, 88.625, 4.0110146666760014e-23, nan 
174.875, 88.625, 3.921543115730805e-23, nan 
175.125, 88.625, 3.936513981233303e-23, nan 
175.375, 88.625, 3.9291082117106554e-23, nan 
175.625, 88.625, 3.9388405429888167e-23, nan 
175.875, 88.625, 3.8658037496793696e-23, nan 
176.125, 88.625, 3.8214234993720507e-23, nan 
176.375, 88.625, 3.784244714834025e-23, nan 
176.625, 88.625, 3.7711643323903023e-23, nan 
176.875, 88.625, 3.6386355065210867e-23, nan 
177.125, 88.625, 3.5671779705711456e-23, nan 
177.375, 88.625, 3.5499741382100384e-23, nan 
177.625, 88.625, 3.580640586197764e-23, nan 
177.875, 88.625, 3.426687054075154e-23, nan 
178.125, 88.625, 3.493911338083392e-23, nan 
178.375, 88.625, 3.465119049456013e-23, nan 
178.625, 88.625, 3.546654552546089e-23, nan 
178.875, 88.625, 3.5361364205389355e-23, nan 
179.125, 88.625, 3.471386409384568e-23, nan 
179.375, 88.625, 3.46364780065604e-23, nan 
179.625, 88.625, 3.4137769477643185e-23, nan 
179.875, 88.625, 3.4055567731370017e-23, nan 
-179.875, 88.875, 3.036330511759551e-23, nan 
-179.625, 88.875, 3.164083830258974e-23, nan 
-179.375, 88.875, 3.1835803414452126e-23, nan 
-179.125, 88.875, 3.665179944001906e-23, nan 
-178.875, 88.875, 4.1039733614157916e-23, nan 
-178.625, 88.875, 4.093117629033216e-23, nan 
-178.375, 88.875, 4.2520557611969146e-23, nan 
-178.125, 88.875, 4.142867803630257e-23, nan 
-177.875, 88.875, 4.432511606588334e-23, nan 
-177.625, 88.875, 4.55239095274044e-23, nan 
-177.375, 88.875, 4.563546699830208e-23, nan 
-177.125, 88.875, 4.4456100284079955e-23, nan 
-176.875, 88.875, 4.679541504133446e-23, nan 
-176.625, 88.875, 4.737716687930963e-23, nan 
-176.375, 88.875, 4.7798914729946126e-23, nan 
-176.125, 88.875, 5.150703748314371e-23, nan 
-175.875, 88.875, 5.715246586684034e-23, nan 
-175.625, 88.875, 6.241229208816012e-23, nan 
-175.375, 88.875, 7.363811926033587e-23, nan 
-175.125, 88.875, 6.377819281420413e-23, nan 
-174.875, 88.875, 5.462542241345463e-23, nan 
-174.625, 88.875, 5.489527336240092e-23, nan 
-174.375, 88.875, 5.745778085601485e-23, nan 
-174.125, 88.875, 6.388237487676454e-23, nan 
-173.875, 88.875, 7.363595863475125e-23, nan 
-173.625, 88.875, 8.865905365618519e-23, nan 
-173.375, 88.875, 8.889698459562774e-23, nan 
-173.125, 88.875, 7.923270323787108e-23, nan 
-172.875, 88.875, 8.658073172657164e-23, nan 
-172.625, 88.875, 8.708548991192899e-23, nan 
-172.375, 88.875, 8.382150077101709e-23, nan 
-172.125, 88.875, 8.289441352185181e-23, nan 
-171.875, 88.875, 8.268200772487739e-23, nan 
-171.625, 88.875, 8.213261279168119e-23, nan 
-171.375, 88.875, 7.196637600966254e-23, nan 
-171.125, 88.875, 7.795630242269265e-23, nan 
-170.875, 88.875, 7.546946928960231e-23, nan 
-170.625, 88.875, 6.708165763125388e-23, nan 
-170.375, 88.875, 6.806237208189901e-23, nan 
-170.125, 88.875, 6.960056929913421e-23, nan 
-169.875, 88.875, 6.837131493647e-23, nan 
-169.625, 88.875, 6.680873092638056e-23, nan 
-169.375, 88.875, 6.337116312039958e-23, nan 
-169.125, 88.875, 6.118634915605496e-23, nan 
-168.875, 88.875, 6.213660655331559e-23, nan 
-168.625, 88.875, 6.080255218103859e-23, nan 
-168.375, 88.875, 6.035225256340118e-23, nan 
-168.125, 88.875, 6.188687173600257e-23, nan 
-167.875, 88.875, 6.261722158239001e-23, nan 
-167.625, 88.875, 6.136474621650164e-23, nan 
-167.375, 88.875, 6.381259757637409e-23, nan 
-167.125, 88.875, 6.366665333646562e-23, nan 
-166.875, 88.875, 6.121931541892304e-23, nan 
-166.625, 88.875, 6.0885407102515e-23, nan 
-166.375, 88.875, 6.086619711031797e-23, nan 
-166.125, 88.875, 4.933895882858115e-23, nan 
-165.875, 88.875, 5.1996668876501134e-23, nan 
-165.625, 88.875, 7.521552837285712e-23, nan 
-165.375, 88.875, 4.205690158449434e-23, nan 
-165.125, 88.875, 5.1027049892394656e-23, nan 
-164.875, 88.875, 5.0191687159401e-23, nan 
-164.625, 88.875, 5.519838410828282e-23, nan 
-164.375, 88.875, 3.818296759128877e-23, nan 
-164.125, 88.875, 4.021551288319776e-23, nan 
-163.875, 88.875, 5.402998034864827e-23, nan 
-163.625, 88.875, 5.477064824193731e-23, nan 
-163.375, 88.875, 4.982061593994094e-23, nan 
-163.125, 88.875, 5.001453915509553e-23, nan 
-162.875, 88.875, 4.959733861727912e-23, nan 
-162.625, 88.875, 4.70544222434952e-23, nan 
-162.375, 88.875, 4.5755072980684416e-23, nan 
-162.125, 88.875, 4.5897740452711656e-23, nan 
-161.875, 88.875, 4.5534008581045314e-23, nan 
-161.625, 88.875, 4.6577323143832424e-23, nan 
-161.375, 88.875, 4.9053155168453345e-23, nan 
-161.125, 88.875, 5.017947406828032e-23, nan 
-160.875, 88.875, 5.0738984620535234e-23, nan 
-160.625, 88.875, 5.2163861560894153e-23, nan 
-160.375, 88.875, 5.149944550669945e-23, nan 
-160.125, 88.875, 4.986779100332012e-23, nan 
-159.875, 88.875, 4.939504396718028e-23, nan 
-159.625, 88.875, 4.760796763959095e-23, nan 
-159.375, 88.875, 4.5266045493033446e-23, nan 
-159.125, 88.875, 4.5027094624932797e-23, nan 
-158.875, 88.875, 4.501700072694586e-23, nan 
-158.625, 88.875, 4.317325584923308e-23, nan 
-158.375, 88.875, 4.2834960676709216e-23, nan 
-158.125, 88.875, 4.001497308570176e-23, nan 
-157.875, 88.875, 3.667397401570027e-23, nan 
-157.625, 88.875, 3.5177245399346335e-23, nan 
-157.375, 88.875, 3.4909406346627445e-23, nan 
-157.125, 88.875, 3.1716595474597756e-23, nan 
-156.875, 88.875, 2.824647341403208e-23, nan 
-156.625, 88.875, 2.3461065024855822e-23, nan 
-156.375, 88.875, 2.5064994883534635e-23, nan 
-156.125, 88.875, 3.043587574410349e-23, nan 
-155.875, 88.875, 2.917452084894102e-23, nan 
-155.625, 88.875, 2.6082488203158624e-23, nan 
-155.375, 88.875, 2.719481870707408e-23, nan 
-155.125, 88.875, 2.6962599005699436e-23, nan 
-154.875, 88.875, 2.7374557411339526e-23, nan 
-154.625, 88.875, 2.5134749415127884e-23, nan 
-154.375, 88.875, 2.4539180916953694e-23, nan 
-154.125, 88.875, 2.538106204735152e-23, nan 
-153.875, 88.875, 2.5618927181940723e-23, nan 
-153.625, 88.875, 2.5064201513770642e-23, nan 
-153.375, 88.875, 2.462212431287072e-23, nan 
-153.125, 88.875, 2.2433022195991496e-23, nan 
-152.875, 88.875, 2.370204475403954e-23, nan 
-152.625, 88.875, 2.445670657320167e-23, nan 
-152.375, 88.875, 2.244710711711807e-23, nan 
-152.125, 88.875, 2.2283650209972833e-23, nan 
-151.875, 88.875, 2.1740054004997077e-23, nan 
-151.625, 88.875, 2.5966574247298677e-23, nan 
-151.375, 88.875, 1.999729789303181e-23, nan 
-151.125, 88.875, 1.953108164028741e-23, nan 
-150.875, 88.875, 1.568286189497957e-23, nan 
-150.625, 88.875, 1.6970190725630736e-23, nan 
-150.375, 88.875, 1.4933979455260308e-23, nan 
-150.125, 88.875, 1.7730111184890426e-23, nan 
-149.875, 88.875, 1.7440714332044048e-23, nan 
-149.625, 88.875, 1.765107846938227e-23, nan 
-149.375, 88.875, 3.138757725000859e-23, nan 
-149.125, 88.875, 2.596956688448419e-23, nan 
-148.875, 88.875, 1.9652920702989124e-23, nan 
-148.625, 88.875, 1.32582550943985e-23, nan 
-148.375, 88.875, 1.69813113374562e-23, nan 
-148.125, 88.875, 2.0152160229770918e-23, nan 
-147.875, 88.875, 2.0538368832712666e-23, nan 
-147.625, 88.875, 1.9703305170296945e-23, nan 
-147.375, 88.875, 2.5386530205927088e-23, nan 
-147.125, 88.875, 2.234769791927938e-23, nan 
-146.875, 88.875, 2.0242668749639347e-23, nan 
-146.625, 88.875, 2.3099588578843434e-23, nan 
-146.375, 88.875, 2.442840761477611e-23, nan 
-146.125, 88.875, 2.4811579389043766e-23, nan 
-145.875, 88.875, 2.5459511500812744e-23, nan 
-145.625, 88.875, 2.731262758802741e-23, nan 
-145.375, 88.875, 2.6648343158007035e-23, nan 
-145.125, 88.875, 3.0839613228003175e-23, nan 
-144.875, 88.875, 2.851066128983872e-23, nan 
-144.625, 88.875, 2.906866090170025e-23, nan 
-144.375, 88.875, 3.434626849320348e-23, nan 
-144.125, 88.875, 3.3952391843634226e-23, nan 
-143.875, 88.875, 3.4014295649638556e-23, nan 
-143.625, 88.875, 3.402847194678717e-23, nan 
-143.375, 88.875, 3.288975893736434e-23, nan 
-143.125, 88.875, 4.0665597747122685e-23, nan 
-142.875, 88.875, 3.918144789445491e-23, nan 
-142.625, 88.875, 4.0174454003630726e-23, nan 
-142.375, 88.875, 2.5401829099728555e-23, nan 
-142.125, 88.875, 4.083689785197694e-23, nan 
-141.875, 88.875, 4.118269300280544e-23, nan 
-141.625, 88.875, 4.193521976721608e-23, nan 
-141.375, 88.875, 4.3086859948446883e-23, nan 
-141.125, 88.875, 4.733552101945259e-23, nan 
-140.875, 88.875, 4.3875985384330105e-23, nan 
-140.625, 88.875, 4.6911729831165367e-23, nan 
-140.375, 88.875, 4.715081153326442e-23, nan 
-140.125, 88.875, 5.0030369265237267e-23, nan 
-139.875, 88.875, 4.300785168179205e-23, nan 
-139.625, 88.875, 4.8102847933678406e-23, nan 
-139.375, 88.875, 5.284499433507335e-23, nan 
-139.125, 88.875, 5.382762656565096e-23, nan 
-138.875, 88.875, 5.2810068707882455e-23, nan 
-138.625, 88.875, 5.099191974393463e-23, nan 
-138.375, 88.875, 5.0569986100488207e-23, nan 
-138.125, 88.875, 4.3585526001483446e-23, nan 
-137.875, 88.875, 4.928803966669431e-23, nan 
-137.625, 88.875, 4.639953162562246e-23, nan 
-137.375, 88.875, 4.768160802677581e-23, nan 
-137.125, 88.875, 4.737155269297861e-23, nan 
-136.875, 88.875, 4.9721445735584377e-23, nan 
-136.625, 88.875, 4.975868774490564e-23, nan 
-136.375, 88.875, 5.462836353450675e-23, nan 
-136.125, 88.875, 5.641965350253809e-23, nan 
-135.875, 88.875, 5.570247992967005e-23, nan 
-135.625, 88.875, 5.239382043458443e-23, nan 
-135.375, 88.875, 6.273516910556306e-23, nan 
-135.125, 88.875, 5.911885044570995e-23, nan 
-134.875, 88.875, 5.249660041435969e-23, nan 
-134.625, 88.875, 5.120279426872577e-23, nan 
-134.375, 88.875, 6.102875940068711e-23, nan 
-134.125, 88.875, 4.8886137285950527e-23, nan 
-133.875, 88.875, 5.423857775476101e-23, nan 
-133.625, 88.875, 5.660934196408249e-23, nan 
-133.375, 88.875, 4.90960903906872e-23, nan 
-133.125, 88.875, 5.442381336560674e-23, nan 
-132.875, 88.875, 5.606927128158532e-23, nan 
-132.625, 88.875, 4.2481924672508265e-23, nan 
-132.375, 88.875, 3.1704064303923477e-23, nan 
-132.125, 88.875, 3.533303193282375e-23, nan 
-131.875, 88.875, 3.8401603462591495e-23, nan 
-131.625, 88.875, 4.1736224711446386e-23, nan 
-131.375, 88.875, 4.8816355602732316e-23, nan 
-131.125, 88.875, 4.9256304284169374e-23, nan 
-130.875, 88.875, 4.8735545524744663e-23, nan 
-130.625, 88.875, 5.074022632319125e-23, nan 
-130.375, 88.875, 4.386199666564961e-23, nan 
-130.125, 88.875, 4.325275627283809e-23, nan 
-129.875, 88.875, 4.223292939019742e-23, nan 
-129.625, 88.875, 4.108892390971719e-23, nan 
-129.375, 88.875, 4.307514048753927e-23, nan 
-129.125, 88.875, 4.694528028682256e-23, nan 
-128.875, 88.875, 4.274872932507609e-23, nan 
-128.625, 88.875, 4.552741960003475e-23, nan 
-128.375, 88.875, 4.117899983809814e-23, nan 
-128.125, 88.875, 4.197188072511998e-23, nan 
-127.875, 88.875, 4.179020215840604e-23, nan 
-127.625, 88.875, 4.2392412971314994e-23, nan 
-127.375, 88.875, 4.7116424047814493e-23, nan 
-127.125, 88.875, 4.716740400821007e-23, nan 
-126.875, 88.875, 5.383780980830505e-23, nan 
-126.625, 88.875, 5.816678430364621e-23, nan 
-126.375, 88.875, 5.82839410726628e-23, nan 
-126.125, 88.875, 5.643914542453259e-23, nan 
-125.875, 88.875, 5.370959959685505e-23, nan 
-125.625, 88.875, 5.312545722681083e-23, nan 
-125.375, 88.875, 5.0222888327595155e-23, nan 
-125.125, 88.875, 5.528745490732393e-23, nan 
-124.875, 88.875, 5.327012321214749e-23, nan 
-124.625, 88.875, 5.73719856710752e-23, nan 
-124.375, 88.875, 5.837881846708883e-23, nan 
-124.125, 88.875, 5.980266671797373e-23, nan 
-123.875, 88.875, 6.036280555556152e-23, nan 
-123.625, 88.875, 6.329406731195027e-23, nan 
-123.375, 88.875, 6.178084460232616e-23, nan 
-123.125, 88.875, 6.110863208141853e-23, nan 
-122.875, 88.875, 5.905199345155181e-23, nan 
-122.625, 88.875, 6.109458552710476e-23, nan 
-122.375, 88.875, 5.99402198279052e-23, nan 
-122.125, 88.875, 5.1401732653746064e-23, nan 
-121.875, 88.875, 4.904385914145244e-23, nan 
-121.625, 88.875, 5.375585647144393e-23, nan 
-121.375, 88.875, 4.620611132242986e-23, nan 
-121.125, 88.875, 5.1234056476165264e-23, nan 
-120.875, 88.875, 4.959459425217666e-23, nan 
-120.625, 88.875, 4.4870983941020496e-23, nan 
-120.375, 88.875, 4.741289661332024e-23, nan 
-120.125, 88.875, 4.984211760756459e-23, nan 
-119.875, 88.875, 3.907159507910019e-23, nan 
-119.625, 88.875, 3.24826340524338e-23, nan 
-119.375, 88.875, 3.650839894343913e-23, nan 
-119.125, 88.875, 3.524599282752567e-23, nan 
-118.875, 88.875, 3.438506921594259e-23, nan 
-118.625, 88.875, 4.1067733336518686e-23, nan 
-118.375, 88.875, 3.779300550256314e-23, nan 
-118.125, 88.875, 3.525530823820201e-23, nan 
-117.875, 88.875, 3.684934492076384e-23, nan 
-117.625, 88.875, 3.007614277238717e-23, nan 
-117.375, 88.875, 3.3229213635323333e-23, nan 
-117.125, 88.875, 3.274575442751867e-23, nan 
-116.875, 88.875, 3.1091503590002235e-23, nan 
-116.625, 88.875, 3.0165360783720726e-23, nan 
-116.375, 88.875, 3.97111979899649e-23, nan 
-116.125, 88.875, 3.489246457315923e-23, nan 
-115.875, 88.875, 3.941649173341089e-23, nan 
-115.625, 88.875, 2.946226476740237e-23, nan 
-115.375, 88.875, 3.3176812857682496e-23, nan 
-115.125, 88.875, 3.156919254866733e-23, nan 
-114.875, 88.875, 2.827803604901026e-23, nan 
-114.625, 88.875, 3.8017808015485446e-23, nan 
-114.375, 88.875, 2.7920450669551255e-23, nan 
-114.125, 88.875, 3.6214071482989943e-23, nan 
-113.875, 88.875, 2.670934282318363e-23, nan 
-113.625, 88.875, 2.752751987466004e-23, nan 
-113.375, 88.875, 2.77807985869766e-23, nan 
-113.125, 88.875, 2.8790642149562385e-23, nan 
-112.875, 88.875, 2.812238096076985e-23, nan 
-112.625, 88.875, 2.924680897617918e-23, nan 
-112.375, 88.875, 2.563828381898552e-23, nan 
-112.125, 88.875, 2.966661127643023e-23, nan 
-111.875, 88.875, 2.7720867170693074e-23, nan 
-111.625, 88.875, 2.76611911835469e-23, nan 
-111.375, 88.875, 2.5876817200011598e-23, nan 
-111.125, 88.875, 2.4816254589294417e-23, nan 
-110.875, 88.875, 2.5723637308678905e-23, nan 
-110.625, 88.875, 2.6477535800177664e-23, nan 
-110.375, 88.875, 2.3322674283176014e-23, nan 
-110.125, 88.875, 2.818498594594128e-23, nan 
-109.875, 88.875, 2.901410279004198e-23, nan 
-109.625, 88.875, 2.6396940179240083e-23, nan 
-109.375, 88.875, 2.3732316364638402e-23, nan 
-109.125, 88.875, 2.6321517749705493e-23, nan 
-108.875, 88.875, 2.446286459522364e-23, nan 
-108.625, 88.875, 2.2348467416525636e-23, nan 
-108.375, 88.875, 2.673537400911165e-23, nan 
-108.125, 88.875, 2.4111176318577406e-23, nan 
-107.875, 88.875, 2.68442897082145e-23, nan 
-107.625, 88.875, 2.1610698161413403e-23, nan 
-107.375, 88.875, 2.813271541940156e-23, nan 
-107.125, 88.875, 2.778927462667382e-23, nan 
-106.875, 88.875, 2.350850569317817e-23, nan 
-106.625, 88.875, 2.3261320607537844e-23, nan 
-106.375, 88.875, 2.2881019326232316e-23, nan 
-106.125, 88.875, 2.311433011042203e-23, nan 
-105.875, 88.875, 1.6975714106898713e-23, nan 
-105.625, 88.875, 1.8257405595463977e-23, nan 
-105.375, 88.875, 1.9597154800222305e-23, nan 
-105.125, 88.875, 2.2931003202473208e-23, nan 
-104.875, 88.875, 2.4960175736484882e-23, nan 
-104.625, 88.875, 2.389557918043767e-23, nan 
-104.375, 88.875, 2.401686586965379e-23, nan 
-104.125, 88.875, 2.5541986814190615e-23, nan 
-103.875, 88.875, 2.5153320094112403e-23, nan 
-103.625, 88.875, 2.4944863268654594e-23, nan 
-103.375, 88.875, 2.528722055854163e-23, nan 
-103.125, 88.875, 2.2507474287377666e-23, nan 
-102.875, 88.875, 1.9497649122832604e-23, nan 
-102.625, 88.875, 2.0614810778963718e-23, nan 
-102.375, 88.875, 1.6884191524978496e-23, nan 
-102.125, 88.875, 1.3026380756850706e-23, nan 
-101.875, 88.875, 2.186811973204379e-23, nan 
-101.625, 88.875, 2.1569213922994027e-23, nan 
-101.375, 88.875, 2.2437143692807256e-23, nan 
-101.125, 88.875, 1.3570441652595416e-23, nan 
-100.875, 88.875, 1.8296012500195486e-23, nan 
-100.625, 88.875, 2.1821116303343538e-23, nan 
-100.375, 88.875, 1.7774624176782493e-23, nan 
-100.125, 88.875, 1.6473081963268805e-23, nan 
-99.875, 88.875, 1.9935484963709345e-23, nan 
-99.625, 88.875, 1.7017795344786223e-23, nan 
-99.375, 88.875, 1.7780078852698595e-23, nan 
-99.125, 88.875, 1.5309478011367033e-23, nan 
-98.875, 88.875, 1.6390477534174735e-23, nan 
-98.625, 88.875, 1.8257696492789018e-23, nan 
-98.375, 88.875, 1.5903743011989423e-23, nan 
-98.125, 88.875, 1.606377637257359e-23, nan 
-97.875, 88.875, 1.8559965324260817e-23, nan 
-97.625, 88.875, 2.119876341271221e-23, nan 
-97.375, 88.875, 1.8637247018505938e-23, nan 
-97.125, 88.875, 1.6098055666578028e-23, nan 
-96.875, 88.875, 1.727529081146224e-23, nan 
-96.625, 88.875, 1.603202517613784e-23, nan 
-96.375, 88.875, 1.61717351482411e-23, nan 
-96.125, 88.875, 1.466739449195666e-23, nan 
-95.875, 88.875, 1.2587135704663823e-23, nan 
-95.625, 88.875, 1.3966098401870583e-23, nan 
-95.375, 88.875, 1.5938816524716684e-23, nan 
-95.125, 88.875, 1.5645052716308932e-23, nan 
-94.875, 88.875, 1.6751299698506298e-23, nan 
-94.625, 88.875, 1.4064595871989978e-23, nan 
-94.375, 88.875, 1.3857361045352624e-23, nan 
-94.125, 88.875, 1.4186129717650066e-23, nan 
-93.875, 88.875, 1.4965752737412275e-23, nan 
-93.625, 88.875, 1.6115608834545705e-23, nan 
-93.375, 88.875, 1.8135240098019255e-23, nan 
-93.125, 88.875, 1.65190143845167e-23, nan 
-92.875, 88.875, 1.7097830184610532e-23, nan 
-92.625, 88.875, 1.6711500106465546e-23, nan 
-92.375, 88.875, 1.607041549204838e-23, nan 
-92.125, 88.875, 1.5503799394345265e-23, nan 
-91.875, 88.875, 1.631248936504672e-23, nan 
-91.625, 88.875, 1.466983327737172e-23, nan 
-91.375, 88.875, 1.368964861881716e-23, nan 
-91.125, 88.875, 1.541375801535672e-23, nan 
-90.875, 88.875, 1.738257309831459e-23, nan 
-90.625, 88.875, 1.8030865101971308e-23, nan 
-90.375, 88.875, 1.8390097828645756e-23, nan 
-90.125, 88.875, 1.8361430551682756e-23, nan 
-89.875, 88.875, 1.76792684572606e-23, nan 
-89.625, 88.875, 1.9972139343935003e-23, nan 
-89.375, 88.875, 1.381636428780185e-23, nan 
-89.125, 88.875, 1.6379621726827697e-23, nan 
-88.875, 88.875, 1.5545933876463477e-23, nan 
-88.625, 88.875, 1.9028898987154844e-23, nan 
-88.375, 88.875, 2.2134522779919902e-23, nan 
-88.125, 88.875, 2.1229328174494773e-23, nan 
-87.875, 88.875, 1.9303970820109878e-23, nan 
-87.625, 88.875, 1.8064411838563534e-23, nan 
-87.375, 88.875, 2.1305753112397797e-23, nan 
-87.125, 88.875, 2.1752973108238425e-23, nan 
-86.875, 88.875, 2.4714394367982523e-23, nan 
-86.625, 88.875, 2.3702397626534554e-23, nan 
-86.375, 88.875, 2.5662129266514122e-23, nan 
-86.125, 88.875, 2.2726756928649783e-23, nan 
-85.875, 88.875, 2.7051126386417553e-23, nan 
-85.625, 88.875, 2.933700319085178e-23, nan 
-85.375, 88.875, 2.9535107455401293e-23, nan 
-85.125, 88.875, 2.5730175906775726e-23, nan 
-84.875, 88.875, 3.1000593347595706e-23, nan 
-84.625, 88.875, 3.0737811190049694e-23, nan 
-84.375, 88.875, 3.232325669746456e-23, nan 
-84.125, 88.875, 3.378249434507671e-23, nan 
-83.875, 88.875, 3.285936189869385e-23, nan 
-83.625, 88.875, 3.5012293727941735e-23, nan 
-83.375, 88.875, 3.524800272511834e-23, nan 
-83.125, 88.875, 4.227058426170618e-23, nan 
-82.875, 88.875, 3.7540143495429234e-23, nan 
-82.625, 88.875, 3.2174773302036685e-23, nan 
-82.375, 88.875, 3.425915734128799e-23, nan 
-82.125, 88.875, 3.4033387360896293e-23, nan 
-81.875, 88.875, 3.683902950708899e-23, nan 
-81.625, 88.875, 3.875198428561821e-23, nan 
-81.375, 88.875, 3.507309510000015e-23, nan 
-81.125, 88.875, 3.792585588857753e-23, nan 
-80.875, 88.875, 4.1984405124739483e-23, nan 
-80.625, 88.875, 4.14609827695183e-23, nan 
-80.375, 88.875, 3.9592156523982757e-23, nan 
-80.125, 88.875, 4.15175670723415e-23, nan 
-79.875, 88.875, 4.375141037518575e-23, nan 
-79.625, 88.875, 4.513069449767488e-23, nan 
-79.375, 88.875, 4.656290720002991e-23, nan 
-79.125, 88.875, 4.652724798066599e-23, nan 
-78.875, 88.875, 4.817175659549874e-23, nan 
-78.625, 88.875, 4.89480780322333e-23, nan 
-78.375, 88.875, 4.9084029814522375e-23, nan 
-78.125, 88.875, 5.2326412981827015e-23, nan 
-77.875, 88.875, 5.242399883141835e-23, nan 
-77.625, 88.875, 5.278805529911447e-23, nan 
-77.375, 88.875, 5.3563346872419e-23, nan 
-77.125, 88.875, 5.433766213941959e-23, nan 
-76.875, 88.875, 5.527518275607107e-23, nan 
-76.625, 88.875, 5.562933890653083e-23, nan 
-76.375, 88.875, 6.017976745420001e-23, nan 
-76.125, 88.875, 5.744729475462149e-23, nan 
-75.875, 88.875, 5.621661756331492e-23, nan 
-75.625, 88.875, 5.610829318695357e-23, nan 
-75.375, 88.875, 5.720907741633162e-23, nan 
-75.125, 88.875, 5.801537915606184e-23, nan 
-74.875, 88.875, 5.91582557628619e-23, nan 
-74.625, 88.875, 5.874307269432607e-23, nan 
-74.375, 88.875, 5.838677156276816e-23, nan 
-74.125, 88.875, 5.665262485036164e-23, nan 
-73.875, 88.875, 5.828529968845401e-23, nan 
-73.625, 88.875, 5.890996583362661e-23, nan 
-73.375, 88.875, 5.98729498803122e-23, nan 
-73.125, 88.875, 5.620787282603074e-23, nan 
-72.875, 88.875, 5.604161192900411e-23, nan 
-72.625, 88.875, 5.654161464682537e-23, nan 
-72.375, 88.875, 5.914464909877463e-23, nan 
-72.125, 88.875, 5.606285742526746e-23, nan 
-71.875, 88.875, 5.656752575390193e-23, nan 
-71.625, 88.875, 5.674556350862195e-23, nan 
-71.375, 88.875, 5.676575815287454e-23, nan 
-71.125, 88.875, 5.538013404955493e-23, nan 
-70.875, 88.875, 5.647950564865744e-23, nan 
-70.625, 88.875, 5.552786482843108e-23, nan 
-70.375, 88.875, 6.315919456023573e-23, nan 
-70.125, 88.875, 6.074136600045426e-23, nan 
-69.875, 88.875, 6.001657434812527e-23, nan 
-69.625, 88.875, 6.123449806270867e-23, nan 
-69.375, 88.875, 5.960116996978108e-23, nan 
-69.125, 88.875, 6.305990731538435e-23, nan 
-68.875, 88.875, 6.429614558669907e-23, nan 
-68.625, 88.875, 6.354253835943807e-23, nan 
-68.375, 88.875, 6.344123511145807e-23, nan 
-68.125, 88.875, 6.183869840592922e-23, nan 
-67.875, 88.875, 6.535175989999342e-23, nan 
-67.625, 88.875, 6.683551901032063e-23, nan 
-67.375, 88.875, 6.26071875670193e-23, nan 
-67.125, 88.875, 6.203309271491248e-23, nan 
-66.875, 88.875, 6.395408160125425e-23, nan 
-66.625, 88.875, 6.282111680665759e-23, nan 
-66.375, 88.875, 6.225543143901834e-23, nan 
-66.125, 88.875, 6.219620965629366e-23, nan 
-65.875, 88.875, 5.880167368446951e-23, nan 
-65.625, 88.875, 5.985891751734151e-23, nan 
-65.375, 88.875, 6.056570374181312e-23, nan 
-65.125, 88.875, 5.920603673849133e-23, nan 
-64.875, 88.875, 5.83859329027857e-23, nan 
-64.625, 88.875, 5.696638719618257e-23, nan 
-64.375, 88.875, 5.879136890418248e-23, nan 
-64.125, 88.875, 5.691181384493738e-23, nan 
-63.875, 88.875, 5.687335493725534e-23, nan 
-63.625, 88.875, 6.391559211027656e-23, nan 
-63.375, 88.875, 6.494492479163676e-23, nan 
-63.125, 88.875, 6.228137785610119e-23, nan 
-62.875, 88.875, 6.145776073585137e-23, nan 
-62.625, 88.875, 6.434949515256685e-23, nan 
-62.375, 88.875, 6.260036734199701e-23, nan 
-62.125, 88.875, 6.000980105421003e-23, nan 
-61.875, 88.875, 6.094007756909493e-23, nan 
-61.625, 88.875, 5.680181945174494e-23, nan 
-61.375, 88.875, 5.387583552347175e-23, nan 
-61.125, 88.875, 5.448531998097228e-23, nan 
-60.875, 88.875, 5.498039872340396e-23, nan 
-60.625, 88.875, 5.527341113120332e-23, nan 
-60.375, 88.875, 5.078243427262166e-23, nan 
-60.125, 88.875, 4.758628866083872e-23, nan 
-59.875, 88.875, 4.648279557649307e-23, nan 
-59.625, 88.875, 5.0695299786297426e-23, nan 
-59.375, 88.875, 4.579606035348051e-23, nan 
-59.125, 88.875, 4.641240333532195e-23, nan 
-58.875, 88.875, 4.4467611456695285e-23, nan 
-58.625, 88.875, 4.2516000308792604e-23, nan 
-58.375, 88.875, 4.450555562095441e-23, nan 
-58.125, 88.875, 4.004864609161175e-23, nan 
-57.875, 88.875, 4.370067000265285e-23, nan 
-57.625, 88.875, 3.460968651527352e-23, nan 
-57.375, 88.875, 4.1777527115418876e-23, nan 
-57.125, 88.875, 4.950109747496545e-23, nan 
-56.875, 88.875, 4.457564740465078e-23, nan 
-56.625, 88.875, 4.386411178906359e-23, nan 
-56.375, 88.875, 4.254396835878678e-23, nan 
-56.125, 88.875, 3.867801968711902e-23, nan 
-55.875, 88.875, 3.959983427434975e-23, nan 
-55.625, 88.875, 3.480222900291525e-23, nan 
-55.375, 88.875, 3.179996439846145e-23, nan 
-55.125, 88.875, 2.923470022095861e-23, nan 
-54.875, 88.875, 3.00516650102751e-23, nan 
-54.625, 88.875, 2.8275095036634715e-23, nan 
-54.375, 88.875, 2.540332190271337e-23, nan 
-54.125, 88.875, 2.2714981202367366e-23, nan 
-53.875, 88.875, 2.2208287110478708e-23, nan 
-53.625, 88.875, 2.0803999553132902e-23, nan 
-53.375, 88.875, 1.945496081370903e-23, nan 
-53.125, 88.875, 2.3459765107863923e-23, nan 
-52.875, 88.875, 2.03323837650298e-23, nan 
-52.625, 88.875, 1.9240970016338956e-23, nan 
-52.375, 88.875, 1.8434850305121087e-23, nan 
-52.125, 88.875, 1.5555624774450292e-23, nan 
-51.875, 88.875, 1.586221309102863e-23, nan 
-51.625, 88.875, 1.6371411454199794e-23, nan 
-51.375, 88.875, 1.584250490369075e-23, nan 
-51.125, 88.875, 1.8758410092941982e-23, nan 
-50.875, 88.875, 1.8102195011931116e-23, nan 
-50.625, 88.875, 1.787568103068632e-23, nan 
-50.375, 88.875, 1.5678436264845937e-23, nan 
-50.125, 88.875, 2.1078808246106243e-23, nan 
-49.875, 88.875, 1.5213836270091245e-23, nan 
-49.625, 88.875, 8.057214222639724e-24, nan 
-49.375, 88.875, 2.3211073370608863e-23, nan 
-49.125, 88.875, 1.2967687321190818e-23, nan 
-48.875, 88.875, 2.1184301861128903e-23, nan 
-48.625, 88.875, 1.4565455626961597e-23, nan 
-48.375, 88.875, 2.1756413561546366e-23, nan 
-48.125, 88.875, 1.4308186146320539e-23, nan 
-47.875, 88.875, 2.2587856145785563e-23, nan 
-47.625, 88.875, 2.4881058011794207e-23, nan 
-47.375, 88.875, 2.5427709003123088e-23, nan 
-47.125, 88.875, 2.8281890609069555e-23, nan 
-46.875, 88.875, 3.036123362097229e-23, nan 
-46.625, 88.875, 3.2281175735749e-23, nan 
-46.375, 88.875, 4.290323949444168e-23, nan 
-46.125, 88.875, 5.834563281572043e-23, nan 
-45.875, 88.875, 5.1788975026608916e-23, nan 
-45.625, 88.875, 5.803089492849484e-23, nan 
-45.375, 88.875, 8.082484990663738e-23, nan 
-45.125, 88.875, 5.483494557542973e-23, nan 
-44.875, 88.875, 4.5036709664743444e-23, nan 
-44.625, 88.875, 4.146069063427895e-23, nan 
-44.375, 88.875, 2.78498239250368e-23, nan 
-44.125, 88.875, 1.1704934727341207e-23, nan 
-43.875, 88.875, 1.4881593748853818e-23, nan 
-43.625, 88.875, 2.412810001212464e-23, nan 
-43.375, 88.875, 2.2747831207855676e-23, nan 
-43.125, 88.875, 3.722548767661987e-23, nan 
-42.875, 88.875, 4.491237579963237e-23, nan 
-42.625, 88.875, 4.492473369058532e-23, nan 
-42.375, 88.875, 2.940370320853725e-23, nan 
-42.125, 88.875, 4.348384487737739e-23, nan 
-41.875, 88.875, 4.276092894015488e-23, nan 
-41.625, 88.875, 3.667223456132785e-23, nan 
-41.375, 88.875, 4.151338882744719e-23, nan 
-41.125, 88.875, 4.466971652257874e-23, nan 
-40.875, 88.875, 3.6425864445043415e-23, nan 
-40.625, 88.875, 3.4886167481537073e-23, nan 
-40.375, 88.875, 3.143329938705902e-23, nan 
-40.125, 88.875, 3.3398640078455437e-23, nan 
-39.875, 88.875, 3.103109998528082e-23, nan 
-39.625, 88.875, 3.102001023410347e-23, nan 
-39.375, 88.875, 3.400894607650636e-23, nan 
-39.125, 88.875, 3.723499576344827e-23, nan 
-38.875, 88.875, 3.856523087501816e-23, nan 
-38.625, 88.875, 4.039297361565977e-23, nan 
-38.375, 88.875, 4.2946129665739345e-23, nan 
-38.125, 88.875, 4.723855306306558e-23, nan 
-37.875, 88.875, 4.9106767550476e-23, nan 
-37.625, 88.875, 5.521590427556384e-23, nan 
-37.375, 88.875, 5.255459147795949e-23, nan 
-37.125, 88.875, 6.153691417021168e-23, nan 
-36.875, 88.875, 6.268621744988022e-23, nan 
-36.625, 88.875, 5.29748397327846e-23, nan 
-36.375, 88.875, 6.539281301962589e-23, nan 
-36.125, 88.875, 6.050562309249402e-23, nan 
-35.875, 88.875, 6.188596667458315e-23, nan 
-35.625, 88.875, 7.322024356028163e-23, nan 
-35.375, 88.875, 7.776753407547695e-23, nan 
-35.125, 88.875, 1.0398225741625922e-22, nan 
-34.875, 88.875, 7.249061472550068e-23, nan 
-34.625, 88.875, 9.755680372383055e-23, nan 
-34.375, 88.875, 1.1472558841524378e-22, nan 
-34.125, 88.875, 1.1786914958012863e-22, nan 
-33.875, 88.875, 1.2189943128390084e-22, nan 
-33.625, 88.875, 1.2501193712918694e-22, nan 
-33.375, 88.875, 1.1193556957080364e-22, nan 
-33.125, 88.875, 1.1555615458828156e-22, nan 
-32.875, 88.875, 1.1641286403181237e-22, nan 
-32.625, 88.875, 8.751119512568929e-23, nan 
-32.375, 88.875, 1.0651592983729488e-22, nan 
-32.125, 88.875, 9.766868693131064e-23, nan 
-31.875, 88.875, 7.54905115716423e-23, nan 
-31.625, 88.875, 8.633769753503057e-23, nan 
-31.375, 88.875, 6.168121379168864e-23, nan 
-31.125, 88.875, 5.479328390292263e-23, nan 
-30.875, 88.875, 6.186453898284399e-23, nan 
-30.625, 88.875, 8.20942986681447e-23, nan 
-30.375, 88.875, 6.773242865124922e-23, nan 
-30.125, 88.875, 6.909623777061221e-23, nan 
-29.875, 88.875, 8.80338098472473e-23, nan 
-29.625, 88.875, 6.701106008991406e-23, nan 
-29.375, 88.875, 7.711609636386513e-23, nan 
-29.125, 88.875, 6.998256129251451e-23, nan 
-28.875, 88.875, 7.425652471786264e-23, nan 
-28.625, 88.875, 6.875492645564322e-23, nan 
-28.375, 88.875, 6.819809998397172e-23, nan 
-28.125, 88.875, 8.584401181531542e-23, nan 
-27.875, 88.875, 7.732768921818722e-23, nan 
-27.625, 88.875, 7.111856851040149e-23, nan 
-27.375, 88.875, 7.730592310863792e-23, nan 
-27.125, 88.875, 8.177711152048954e-23, nan 
-26.875, 88.875, 8.466270478054494e-23, nan 
-26.625, 88.875, 8.114298310036953e-23, nan 
-26.375, 88.875, 7.2552868333759e-23, nan 
-26.125, 88.875, 7.317839415613223e-23, nan 
-25.875, 88.875, 7.243832540321509e-23, nan 
-25.625, 88.875, 7.551701730621409e-23, nan 
-25.375, 88.875, 8.044134663580204e-23, nan 
-25.125, 88.875, 8.448231366519504e-23, nan 
-24.875, 88.875, 8.561659869806372e-23, nan 
-24.625, 88.875, 8.481291668347518e-23, nan 
-24.375, 88.875, 9.033301944677151e-23, nan 
-24.125, 88.875, 9.015718706354216e-23, nan 
-23.875, 88.875, 8.03902247822894e-23, nan 
-23.625, 88.875, 9.177963042891083e-23, nan 
-23.375, 88.875, 9.816658447995433e-23, nan 
-23.125, 88.875, 9.730961388783763e-23, nan 
-22.875, 88.875, 9.853046513590643e-23, nan 
-22.625, 88.875, 9.887928407562549e-23, nan 
-22.375, 88.875, 1.2072741119985276e-22, nan 
-22.125, 88.875, 1.0237023194367556e-22, nan 
-21.875, 88.875, 1.027488360246758e-22, nan 
-21.625, 88.875, 1.1405709380668031e-22, nan 
-21.375, 88.875, 1.2255285855345557e-22, nan 
-21.125, 88.875, 1.2549363289515075e-22, nan 
-20.875, 88.875, 1.2455627894300275e-22, nan 
-20.625, 88.875, 1.2039321112308386e-22, nan 
-20.375, 88.875, 1.1162532078084309e-22, nan 
-20.125, 88.875, 8.086192223730242e-23, nan 
-19.875, 88.875, 6.962376764896289e-23, nan 
-19.625, 88.875, 7.313667346454505e-23, nan 
-19.375, 88.875, 9.030771617715988e-23, nan 
-19.125, 88.875, 7.637864965920144e-23, nan 
-18.875, 88.875, 7.181485043387388e-23, nan 
-18.625, 88.875, 7.580655639179182e-23, nan 
-18.375, 88.875, 7.880946642603614e-23, nan 
-18.125, 88.875, 6.787662746987582e-23, nan 
-17.875, 88.875, 9.801484428959301e-23, nan 
-17.625, 88.875, 7.810948985650594e-23, nan 
-17.375, 88.875, 7.944040739672877e-23, nan 
-17.125, 88.875, 1.2372435203221641e-22, nan 
-16.875, 88.875, 8.843501133277494e-23, nan 
-16.625, 88.875, 9.680805576489101e-23, nan 
-16.375, 88.875, 8.107833875991993e-23, nan 
-16.125, 88.875, 9.525380050419771e-23, nan 
-15.875, 88.875, 7.755111902296258e-23, nan 
-15.625, 88.875, 6.521046510730148e-23, nan 
-15.375, 88.875, 1.1236715403632925e-22, nan 
-15.125, 88.875, 8.426282768196568e-23, nan 
-14.875, 88.875, 8.546164440376591e-23, nan 
-14.625, 88.875, 8.466353136153266e-23, nan 
-14.375, 88.875, 7.69007972936033e-23, nan 
-14.125, 88.875, 8.666747771094667e-23, nan 
-13.875, 88.875, 1.0283464968716128e-22, nan 
-13.625, 88.875, 8.846433176305054e-23, nan 
-13.375, 88.875, 8.986872565868004e-23, nan 
-13.125, 88.875, 9.383058229903778e-23, nan 
-12.875, 88.875, 9.590571835753999e-23, nan 
-12.625, 88.875, 1.0466949658643938e-22, nan 
-12.375, 88.875, 1.0420856451249801e-22, nan 
-12.125, 88.875, 1.031998960834801e-22, nan 
-11.875, 88.875, 1.1119917770990853e-22, nan 
-11.625, 88.875, 1.0509455355719846e-22, nan 
-11.375, 88.875, 1.086709320944515e-22, nan 
-11.125, 88.875, 1.0181167945397197e-22, nan 
-10.875, 88.875, 1.138053143721988e-22, nan 
-10.625, 88.875, 1.2113350609869924e-22, nan 
-10.375, 88.875, 1.1098024498030603e-22, nan 
-10.125, 88.875, 1.1700524056914655e-22, nan 
-9.875, 88.875, 1.2007018005620135e-22, nan 
-9.625, 88.875, 1.1752504062358515e-22, nan 
-9.375, 88.875, 1.4325082651830015e-22, nan 
-9.125, 88.875, 1.15666520987181e-22, nan 
-8.875, 88.875, 1.0553162616176074e-22, nan 
-8.625, 88.875, 1.0041882843247034e-22, nan 
-8.375, 88.875, 1.0078652877653923e-22, nan 
-8.125, 88.875, 9.469264027711759e-23, nan 
-7.875, 88.875, 6.856659273714964e-23, nan 
-7.625, 88.875, 6.788080870050598e-23, nan 
-7.375, 88.875, 3.7505076950748785e-23, nan 
-7.125, 88.875, 5.494400195448688e-23, nan 
-6.875, 88.875, 7.059834408014795e-23, nan 
-6.625, 88.875, 3.7802741127078897e-23, nan 
-6.375, 88.875, 4.870682237229918e-23, nan 
-6.125, 88.875, 7.668904476975459e-23, nan 
-5.875, 88.875, 5.972489923364909e-23, nan 
-5.625, 88.875, 6.797954906078859e-23, nan 
-5.375, 88.875, 4.4593696703226083e-23, nan 
-5.125, 88.875, 3.134967903671922e-23, nan 
-4.875, 88.875, 4.646677857532323e-23, nan 
-4.625, 88.875, 6.785080102850702e-23, nan 
-4.375, 88.875, 7.170127437539051e-23, nan 
-4.125, 88.875, 1.0388993203589749e-22, nan 
-3.875, 88.875, 1.0034242144511214e-22, nan 
-3.625, 88.875, 1.0466038599877464e-22, nan 
-3.375, 88.875, 1.0182098619829318e-22, nan 
-3.125, 88.875, 1.0813639636430512e-22, nan 
-2.875, 88.875, 1.0459952861338958e-22, nan 
-2.625, 88.875, 1.0170027429053531e-22, nan 
-2.375, 88.875, 1.0791936614728882e-22, nan 
-2.125, 88.875, 1.0560375869421108e-22, nan 
-1.875, 88.875, 9.886706536850744e-23, nan 
-1.625, 88.875, 9.968822414794758e-23, nan 
-1.375, 88.875, 9.969613992658137e-23, nan 
-1.125, 88.875, 9.548507542753217e-23, nan 
-0.875, 88.875, 9.602055415215087e-23, nan 
-0.625, 88.875, 9.79686944087205e-23, nan 
-0.375, 88.875, 1.0145877792934881e-22, nan 
-0.125, 88.875, 9.929751535236594e-23, nan 
0.125, 88.875, 6.54940418424552e-23, nan 
0.375, 88.875, 8.947741093479722e-23, nan 
0.625, 88.875, 1.0031418660513167e-22, nan 
0.875, 88.875, 1.0373354913797372e-22, nan 
1.125, 88.875, 1.052906536053928e-22, nan 
1.375, 88.875, 1.0512258378948154e-22, nan 
1.625, 88.875, 1.0199613875960354e-22, nan 
1.875, 88.875, 1.0211563730124576e-22, nan 
2.125, 88.875, 1.0111677508097645e-22, nan 
2.375, 88.875, 9.69848052168913e-23, nan 
2.625, 88.875, 1.0237192708481225e-22, nan 
2.875, 88.875, 1.0983719727868178e-22, nan 
3.125, 88.875, 1.0475928881215222e-22, nan 
3.375, 88.875, 1.0531796363646356e-22, nan 
3.625, 88.875, 1.0719238506663648e-22, nan 
3.875, 88.875, 1.0122568534942297e-22, nan 
4.125, 88.875, 9.60367781950051e-23, nan 
4.375, 88.875, 8.851071585227322e-23, nan 
4.625, 88.875, 1.049879347164989e-22, nan 
4.875, 88.875, 1.0812381701901095e-22, nan 
5.125, 88.875, 1.75431147126997e-22, nan 
5.375, 88.875, 1.1020663586139318e-22, nan 
5.625, 88.875, 1.5135546419466542e-22, nan 
5.875, 88.875, 1.1222195517607982e-22, nan 
6.125, 88.875, 1.162559133888429e-22, nan 
6.375, 88.875, 1.4617559887329277e-22, nan 
6.625, 88.875, 8.721823525619495e-23, nan 
6.875, 88.875, 9.279899800465682e-23, nan 
7.125, 88.875, 1.0723663616649378e-22, nan 
7.375, 88.875, 8.161942010460668e-23, nan 
7.625, 88.875, 8.764382334944074e-23, nan 
7.875, 88.875, 7.512317923003018e-23, nan 
8.125, 88.875, 7.177867727086183e-23, nan 
8.375, 88.875, 7.265353510177311e-23, nan 
8.625, 88.875, 7.657600280378572e-23, nan 
8.875, 88.875, 7.357325934077074e-23, nan 
9.125, 88.875, 7.519132068464374e-23, nan 
9.375, 88.875, 7.086138642788339e-23, nan 
9.625, 88.875, 7.199867895691226e-23, nan 
9.875, 88.875, 7.363780656647146e-23, nan 
10.125, 88.875, 6.846843505804052e-23, nan 
10.375, 88.875, 6.869075657547784e-23, nan 
10.625, 88.875, 6.895461772300665e-23, nan 
10.875, 88.875, 6.736636108548649e-23, nan 
11.125, 88.875, 6.951470275484002e-23, nan 
11.375, 88.875, 7.178519447476886e-23, nan 
11.625, 88.875, 7.29530230545211e-23, nan 
11.875, 88.875, 7.28131700189218e-23, nan 
12.125, 88.875, 7.31556674169085e-23, nan 
12.375, 88.875, 7.87679427165501e-23, nan 
12.625, 88.875, 7.873542868660413e-23, nan 
12.875, 88.875, 5.770412554790567e-23, nan 
13.125, 88.875, 7.760808125610418e-23, nan 
13.375, 88.875, 8.220305389464882e-23, nan 
13.625, 88.875, 1.9416343731082253e-22, nan 
13.875, 88.875, 8.444825440283599e-23, nan 
14.125, 88.875, 8.423159016276368e-23, nan 
14.375, 88.875, 8.497145709935292e-23, nan 
14.625, 88.875, 8.468633263404967e-23, nan 
14.875, 88.875, 8.64611119241785e-23, nan 
15.125, 88.875, 8.530859055819942e-23, nan 
15.375, 88.875, 8.682982337178228e-23, nan 
15.625, 88.875, 9.0670090727225e-23, nan 
15.875, 88.875, 8.900551793617238e-23, nan 
16.125, 88.875, 8.492142333733958e-23, nan 
16.375, 88.875, 1.0078961885896228e-22, nan 
16.625, 88.875, 8.499895102998978e-23, nan 
16.875, 88.875, 7.612408493735938e-23, nan 
17.125, 88.875, 6.724081447570471e-23, nan 
17.375, 88.875, 8.423677203681753e-23, nan 
17.625, 88.875, 9.179910949481681e-23, nan 
17.875, 88.875, 1.1742450442388557e-22, nan 
18.125, 88.875, 9.126407228646042e-23, nan 
18.375, 88.875, 1.069409268564874e-22, nan 
18.625, 88.875, 9.252268891196726e-23, nan 
18.875, 88.875, 9.190964915662022e-23, nan 
19.125, 88.875, 1.0483976151459402e-22, nan 
19.375, 88.875, 6.403351250632585e-23, nan 
19.625, 88.875, 8.180577285975178e-23, nan 
19.875, 88.875, 9.082227670180749e-23, nan 
20.125, 88.875, 7.864761368029329e-23, nan 
20.375, 88.875, 8.696098724698044e-23, nan 
20.625, 88.875, 7.894130778836767e-23, nan 
20.875, 88.875, 7.901887555520464e-23, nan 
21.125, 88.875, 8.089474215153384e-23, nan 
21.375, 88.875, 8.373358833880631e-23, nan 
21.625, 88.875, 7.350703874829272e-23, nan 
21.875, 88.875, 1.0190910513246195e-22, nan 
22.125, 88.875, 9.752207298085733e-23, nan 
22.375, 88.875, 1.064278709679131e-22, nan 
22.625, 88.875, 1.1361187193724525e-22, nan 
22.875, 88.875, 1.4282733106807147e-22, nan 
23.125, 88.875, 1.1025411977722037e-22, nan 
23.375, 88.875, 1.2337030586075973e-22, nan 
23.625, 88.875, 1.391954811278449e-22, nan 
23.875, 88.875, 1.4037572308111627e-22, nan 
24.125, 88.875, 1.4006118624553286e-22, nan 
24.375, 88.875, 1.2729355490482618e-22, nan 
24.625, 88.875, 6.52075171883895e-23, nan 
24.875, 88.875, 9.91181203050007e-23, nan 
25.125, 88.875, 8.900335712579973e-23, nan 
25.375, 88.875, 1.078886945556295e-22, nan 
25.625, 88.875, 1.1834449097558055e-22, nan 
25.875, 88.875, 1.0830011538184606e-22, nan 
26.125, 88.875, 9.811086906818093e-23, nan 
26.375, 88.875, 1.3492132355852014e-22, nan 
26.625, 88.875, 1.0576285844118421e-22, nan 
26.875, 88.875, 1.0461248959128357e-22, nan 
27.125, 88.875, 4.263235689024757e-23, nan 
27.375, 88.875, 3.971720953247087e-23, nan 
27.625, 88.875, 2.9773309469565226e-23, nan 
27.875, 88.875, 6.854896012178941e-23, nan 
28.125, 88.875, 2.8437438687621894e-23, nan 
28.375, 88.875, 3.07783714445146e-23, nan 
28.625, 88.875, 3.0491437034452555e-23, nan 
28.875, 88.875, 2.9340124127560695e-23, nan 
29.125, 88.875, 3.3566941873750984e-23, nan 
29.375, 88.875, 3.96920738076034e-23, nan 
29.625, 88.875, 3.7446879919839125e-23, nan 
29.875, 88.875, 5.499103328599439e-23, nan 
30.125, 88.875, 6.32471777252624e-23, nan 
30.375, 88.875, 7.496878535923535e-23, nan 
30.625, 88.875, 8.845964021078748e-23, nan 
30.875, 88.875, 9.937005557549332e-23, nan 
31.125, 88.875, 1.1032113510329703e-22, nan 
31.375, 88.875, 1.21456265968515e-22, nan 
31.625, 88.875, 1.3234810772146713e-22, nan 
31.875, 88.875, 1.356750794368028e-22, nan 
32.125, 88.875, 1.4406107881199325e-22, nan 
32.375, 88.875, 1.442822837969279e-22, nan 
32.625, 88.875, 1.313733518920505e-22, nan 
32.875, 88.875, 1.214541811196807e-22, nan 
33.125, 88.875, 1.083627545573947e-22, nan 
33.375, 88.875, 9.700581156710387e-23, nan 
33.625, 88.875, 8.719474051156868e-23, nan 
33.875, 88.875, 1.3463616100971868e-22, nan 
34.125, 88.875, 4.519255478339728e-23, nan 
34.375, 88.875, 3.5078858151510326e-23, nan 
34.625, 88.875, 3.591198000042517e-23, nan 
34.875, 88.875, 3.777339343388764e-23, nan 
35.125, 88.875, 3.387342070986331e-23, nan 
35.375, 88.875, 3.8373620092496633e-23, nan 
35.625, 88.875, 4.0052530760351807e-23, nan 
35.875, 88.875, 4.0162058725570585e-23, nan 
36.125, 88.875, 1.3563711621150727e-22, nan 
36.375, 88.875, 4.3317622348781816e-23, nan 
36.625, 88.875, 1.873660377913998e-23, nan 
36.875, 88.875, 4.775709850106766e-23, nan 
37.125, 88.875, 4.8352851744331015e-23, nan 
37.375, 88.875, 9.315885246382502e-23, nan 
37.625, 88.875, 5.0673045847700745e-23, nan 
37.875, 88.875, 4.9591444084287817e-23, nan 
38.125, 88.875, 5.3816564495719e-23, nan 
38.375, 88.875, 3.72252604739512e-23, nan 
38.625, 88.875, 8.376224223771409e-23, nan 
38.875, 88.875, 1.749381457540565e-23, nan 
39.125, 88.875, 1.8363766236512233e-23, nan 
39.375, 88.875, 2.997440170094512e-23, nan 
39.625, 88.875, 7.785243624129882e-23, nan 
39.875, 88.875, 3.9392523938738205e-23, nan 
40.125, 88.875, 3.328397883158084e-23, nan 
40.375, 88.875, 3.5801174482009325e-23, nan 
40.625, 88.875, 3.1033617051866056e-23, nan 
40.875, 88.875, 2.7218587275158625e-23, nan 
41.125, 88.875, 2.7883649548740556e-23, nan 
41.375, 88.875, 2.6783748494674466e-23, nan 
41.625, 88.875, 2.5345196681230445e-23, nan 
41.875, 88.875, 2.4161293717447863e-23, nan 
42.125, 88.875, 2.2088963481730705e-23, nan 
42.375, 88.875, 2.6877341735816314e-23, nan 
42.625, 88.875, 2.684694438645711e-23, nan 
42.875, 88.875, 2.5475872598298303e-23, nan 
43.125, 88.875, 2.4678511740434006e-23, nan 
43.375, 88.875, 2.6172879379428227e-23, nan 
43.625, 88.875, 2.5562618036248637e-23, nan 
43.875, 88.875, 2.477526513417543e-23, nan 
44.125, 88.875, 2.5741977909642186e-23, nan 
44.375, 88.875, 2.531041648612788e-23, nan 
44.625, 88.875, 2.423046390298399e-23, nan 
44.875, 88.875, 2.3271055804373664e-23, nan 
45.125, 88.875, 2.5455560573153327e-23, nan 
45.375, 88.875, 2.390906659693717e-23, nan 
45.625, 88.875, 2.327412381953064e-23, nan 
45.875, 88.875, 2.400251618608937e-23, nan 
46.125, 88.875, 2.1508238925091491e-23, nan 
46.375, 88.875, 2.3568173341134605e-23, nan 
46.625, 88.875, 2.3446244547901658e-23, nan 
46.875, 88.875, 1.8883125140698474e-23, nan 
47.125, 88.875, 2.7966163931182393e-23, nan 
47.375, 88.875, 2.335736990287745e-23, nan 
47.625, 88.875, 2.136627621424572e-23, nan 
47.875, 88.875, 2.5525619838050993e-23, nan 
48.125, 88.875, 1.9771371734972644e-23, nan 
48.375, 88.875, 2.6737824607194546e-23, nan 
48.625, 88.875, 2.7529674243085844e-23, nan 
48.875, 88.875, 2.670356820465775e-23, nan 
49.125, 88.875, 2.686697306134259e-23, nan 
49.375, 88.875, 2.685924909977291e-23, nan 
49.625, 88.875, 2.655171663246228e-23, nan 
49.875, 88.875, 2.734180091098655e-23, nan 
50.125, 88.875, 2.938521932140676e-23, nan 
50.375, 88.875, 2.647011042244639e-23, nan 
50.625, 88.875, 3.087400254423821e-23, nan 
50.875, 88.875, 2.868161216283416e-23, nan 
51.125, 88.875, 2.672807385812511e-23, nan 
51.375, 88.875, 2.515601824421629e-23, nan 
51.625, 88.875, 2.5523254979141067e-23, nan 
51.875, 88.875, 2.6452166353124774e-23, nan 
52.125, 88.875, 2.617851363679998e-23, nan 
52.375, 88.875, 2.725828872061291e-23, nan 
52.625, 88.875, 2.633023367513247e-23, nan 
52.875, 88.875, 2.7313046181962774e-23, nan 
53.125, 88.875, 2.5807449413668254e-23, nan 
53.375, 88.875, 2.6457183787893716e-23, nan 
53.625, 88.875, 2.634316491966239e-23, nan 
53.875, 88.875, 2.6152799030262395e-23, nan 
54.125, 88.875, 2.648483195262216e-23, nan 
54.375, 88.875, 2.626499155843576e-23, nan 
54.625, 88.875, 2.4887622507474428e-23, nan 
54.875, 88.875, 2.4821648436677613e-23, nan 
55.125, 88.875, 2.80942572389429e-23, nan 
55.375, 88.875, 2.6628541584913e-23, nan 
55.625, 88.875, 2.66454150737309e-23, nan 
55.875, 88.875, 2.680962204797136e-23, nan 
56.125, 88.875, 2.5742122227471013e-23, nan 
56.375, 88.875, 2.578083131100822e-23, nan 
56.625, 88.875, 2.470177225933232e-23, nan 
56.875, 88.875, 2.4697120407983565e-23, nan 
57.125, 88.875, 2.414525223240952e-23, nan 
57.375, 88.875, 2.3613886832404752e-23, nan 
57.625, 88.875, 2.2116455598953657e-23, nan 
57.875, 88.875, 2.0593873855439375e-23, nan 
58.125, 88.875, 1.9466881650505657e-23, nan 
58.375, 88.875, 1.6996022847654626e-23, nan 
58.625, 88.875, 2.0070158760621536e-23, nan 
58.875, 88.875, 1.8626013634204544e-23, nan 
59.125, 88.875, 1.8391360987364777e-23, nan 
59.375, 88.875, 2.0008622199745514e-23, nan 
59.625, 88.875, 1.9326241186468056e-23, nan 
59.875, 88.875, 1.8373450321441405e-23, nan 
60.125, 88.875, 1.9167367399253672e-23, nan 
60.375, 88.875, 1.8746058617015363e-23, nan 
60.625, 88.875, 1.9873445129118886e-23, nan 
60.875, 88.875, 1.8049093066947116e-23, nan 
61.125, 88.875, 1.8311921297825134e-23, nan 
61.375, 88.875, 1.8173405472493285e-23, nan 
61.625, 88.875, 1.7743896447617184e-23, nan 
61.875, 88.875, 1.8950099709042473e-23, nan 
62.125, 88.875, 1.7456175467122127e-23, nan 
62.375, 88.875, 1.5088530050615874e-23, nan 
62.625, 88.875, 1.4092730324984362e-23, nan 
62.875, 88.875, 1.363586988969205e-23, nan 
63.125, 88.875, 1.3764750841803264e-23, nan 
63.375, 88.875, 1.5023495935916008e-23, nan 
63.625, 88.875, 1.5645690933273828e-23, nan 
63.875, 88.875, 1.5020024781268397e-23, nan 
64.125, 88.875, 1.5852575767371596e-23, nan 
64.375, 88.875, 1.4406690102108512e-23, nan 
64.625, 88.875, 1.2725364675971817e-23, nan 
64.875, 88.875, 1.3308163729049004e-23, nan 
65.125, 88.875, 1.1069835775321845e-23, nan 
65.375, 88.875, 1.0891786492336577e-23, nan 
65.625, 88.875, 1.276997737190319e-23, nan 
65.875, 88.875, 1.2800331370664406e-23, nan 
66.125, 88.875, 1.3521830906531427e-23, nan 
66.375, 88.875, 1.1956952764135372e-23, nan 
66.625, 88.875, 1.2716421853176041e-23, nan 
66.875, 88.875, 1.1786450332783627e-23, nan 
67.125, 88.875, 1.1955868688647941e-23, nan 
67.375, 88.875, 1.0696500738442493e-23, nan 
67.625, 88.875, 1.2610794273638429e-23, nan 
67.875, 88.875, 1.1218899496163226e-23, nan 
68.125, 88.875, 1.1583838566079113e-23, nan 
68.375, 88.875, 1.224674531887674e-23, nan 
68.625, 88.875, 1.1515451540043053e-23, nan 
68.875, 88.875, 9.84814648622073e-24, nan 
69.125, 88.875, 1.1882288241230363e-23, nan 
69.375, 88.875, 1.043609865694326e-23, nan 
69.625, 88.875, 1.1890677981964065e-23, nan 
69.875, 88.875, 1.191969217958942e-23, nan 
70.125, 88.875, 1.0714868183578629e-23, nan 
70.375, 88.875, 1.1534914756995305e-23, nan 
70.625, 88.875, 1.1205692039543448e-23, nan 
70.875, 88.875, 1.0002460816011614e-23, nan 
71.125, 88.875, 1.2523458106844216e-23, nan 
71.375, 88.875, 1.1181622909828264e-23, nan 
71.625, 88.875, 9.64728388894093e-24, nan 
71.875, 88.875, 1.1513758748903921e-23, nan 
72.125, 88.875, 1.658606750645855e-23, nan 
72.375, 88.875, 1.7116179882921807e-23, nan 
72.625, 88.875, 1.4991225609146584e-23, nan 
72.875, 88.875, 1.1740301978743958e-23, nan 
73.125, 88.875, 1.154232018599067e-23, nan 
73.375, 88.875, 1.1719969056132148e-23, nan 
73.625, 88.875, 1.1774204090603534e-23, nan 
73.875, 88.875, 1.1973570120980266e-23, nan 
74.125, 88.875, 1.1672258476094154e-23, nan 
74.375, 88.875, 1.2880170719081565e-23, nan 
74.625, 88.875, 1.0743223389371386e-23, nan 
74.875, 88.875, 1.1412863455994912e-23, nan 
75.125, 88.875, 1.1346309065290989e-23, nan 
75.375, 88.875, 1.1167439893773292e-23, nan 
75.625, 88.875, 1.1003047362850156e-23, nan 
75.875, 88.875, 1.484063454836097e-23, nan 
76.125, 88.875, 1.2856773830751809e-23, nan 
76.375, 88.875, 1.0295294165942945e-23, nan 
76.625, 88.875, 1.0369580091178857e-23, nan 
76.875, 88.875, 1.421313318825739e-23, nan 
77.125, 88.875, 1.748695900856514e-23, nan 
77.375, 88.875, 1.6352677837509317e-23, nan 
77.625, 88.875, 1.8068559391697428e-23, nan 
77.875, 88.875, 1.8402402078994778e-23, nan 
78.125, 88.875, 1.8965616619544273e-23, nan 
78.375, 88.875, 1.836793646811143e-23, nan 
78.625, 88.875, 1.4750464703573698e-23, nan 
78.875, 88.875, 1.661108559780174e-23, nan 
79.125, 88.875, 1.818117066327034e-23, nan 
79.375, 88.875, 1.7500421859362417e-23, nan 
79.625, 88.875, 1.6266079813325562e-23, nan 
79.875, 88.875, 1.6810118352037e-23, nan 
80.125, 88.875, 1.7992188823341114e-23, nan 
80.375, 88.875, 1.8298952051638853e-23, nan 
80.625, 88.875, 1.79925232765339e-23, nan 
80.875, 88.875, 1.950018224406522e-23, nan 
81.125, 88.875, 1.9819057251319846e-23, nan 
81.375, 88.875, 2.1295551947155722e-23, nan 
81.625, 88.875, 1.98525649059225e-23, nan 
81.875, 88.875, 2.1982128138354174e-23, nan 
82.125, 88.875, 2.1090753105141964e-23, nan 
82.375, 88.875, 2.042818520911873e-23, nan 
82.625, 88.875, 2.0882609737951912e-23, nan 
82.875, 88.875, 1.945299440625323e-23, nan 
83.125, 88.875, 2.3406475194189077e-23, nan 
83.375, 88.875, 2.3808016776286267e-23, nan 
83.625, 88.875, 2.3264875175282364e-23, nan 
83.875, 88.875, 2.429720149365375e-23, nan 
84.125, 88.875, 2.357774681380582e-23, nan 
84.375, 88.875, 2.5713902448109483e-23, nan 
84.625, 88.875, 2.467543548080814e-23, nan 
84.875, 88.875, 2.7593902063001796e-23, nan 
85.125, 88.875, 2.518988838630751e-23, nan 
85.375, 88.875, 2.69815005515083e-23, nan 
85.625, 88.875, 2.525045038250197e-23, nan 
85.875, 88.875, 2.519687156479566e-23, nan 
86.125, 88.875, 2.6461374078357322e-23, nan 
86.375, 88.875, 2.6631902191823866e-23, nan 
86.625, 88.875, 2.109131628031138e-23, nan 
86.875, 88.875, 2.3114853507324624e-23, nan 
87.125, 88.875, 2.2400818815460162e-23, nan 
87.375, 88.875, 2.2195962579778152e-23, nan 
87.625, 88.875, 2.2609363501477945e-23, nan 
87.875, 88.875, 2.3964196097926312e-23, nan 
88.125, 88.875, 2.351635476968355e-23, nan 
88.375, 88.875, 2.4865435045082913e-23, nan 
88.625, 88.875, 2.3041373792363474e-23, nan 
88.875, 88.875, 2.1684460270193024e-23, nan 
89.125, 88.875, 2.655415952051467e-23, nan 
89.375, 88.875, 2.3304628614712515e-23, nan 
89.625, 88.875, 2.393444711003106e-23, nan 
89.875, 88.875, 2.3303037732457882e-23, nan 
90.125, 88.875, 2.3011768414359116e-23, nan 
90.375, 88.875, 2.4347539285452402e-23, nan 
90.625, 88.875, 2.405482459042171e-23, nan 
90.875, 88.875, 2.5061456737331054e-23, nan 
91.125, 88.875, 2.508366668006314e-23, nan 
91.375, 88.875, 2.573636023530305e-23, nan 
91.625, 88.875, 2.562897674993339e-23, nan 
91.875, 88.875, 2.546048926141836e-23, nan 
92.125, 88.875, 2.345980815030608e-23, nan 
92.375, 88.875, 2.2902726341142145e-23, nan 
92.625, 88.875, 2.203156417383467e-23, nan 
92.875, 88.875, 2.1360827880379873e-23, nan 
93.125, 88.875, 2.1605032365033825e-23, nan 
93.375, 88.875, 2.0921092028686916e-23, nan 
93.625, 88.875, 2.1185487197977823e-23, nan 
93.875, 88.875, 2.0688269732126553e-23, nan 
94.125, 88.875, 2.0727343916599736e-23, nan 
94.375, 88.875, 2.0008958467862306e-23, nan 
94.625, 88.875, 2.0812910748527748e-23, nan 
94.875, 88.875, 2.0340731416083498e-23, nan 
95.125, 88.875, 1.9681522717503938e-23, nan 
95.375, 88.875, 2.061010287373421e-23, nan 
95.625, 88.875, 2.087520818617345e-23, nan 
95.875, 88.875, 2.1841838907252412e-23, nan 
96.125, 88.875, 2.2975458282799226e-23, nan 
96.375, 88.875, 2.3840346891557418e-23, nan 
96.625, 88.875, 2.5397863570712676e-23, nan 
96.875, 88.875, 2.0743061897701497e-23, nan 
97.125, 88.875, 2.1994658636502698e-23, nan 
97.375, 88.875, 2.1212784201132148e-23, nan 
97.625, 88.875, 2.2857992762129247e-23, nan 
97.875, 88.875, 2.143938928816776e-23, nan 
98.125, 88.875, 2.2165155367510695e-23, nan 
98.375, 88.875, 2.1552969321531714e-23, nan 
98.625, 88.875, 2.207694400581778e-23, nan 
98.875, 88.875, 2.229494648804366e-23, nan 
99.125, 88.875, 2.2445661006694418e-23, nan 
99.375, 88.875, 2.1431966732870682e-23, nan 
99.625, 88.875, 2.2903471932267853e-23, nan 
99.875, 88.875, 2.195150874948724e-23, nan 
100.125, 88.875, 2.0157089030602313e-23, nan 
100.375, 88.875, 1.9697506346777443e-23, nan 
100.625, 88.875, 2.042876293687558e-23, nan 
100.875, 88.875, 1.825932298259711e-23, nan 
101.125, 88.875, 1.912609357215627e-23, nan 
101.375, 88.875, 1.4695322512414235e-23, nan 
101.625, 88.875, 1.5049542730308667e-23, nan 
101.875, 88.875, 2.088133886932698e-23, nan 
102.125, 88.875, 1.711925761891372e-23, nan 
102.375, 88.875, 1.6019384643778507e-23, nan 
102.625, 88.875, 1.338109284591543e-23, nan 
102.875, 88.875, 1.6742680005139864e-23, nan 
103.125, 88.875, 1.4034020210676568e-23, nan 
103.375, 88.875, 1.4878942485643016e-23, nan 
103.625, 88.875, 1.3357479199176418e-23, nan 
103.875, 88.875, 1.3079494721432114e-23, nan 
104.125, 88.875, 1.8645631564671132e-23, nan 
104.375, 88.875, 1.5206080904891337e-23, nan 
104.625, 88.875, 1.4926945705159534e-23, nan 
104.875, 88.875, 1.5632208781040548e-23, nan 
105.125, 88.875, 1.6560964989998916e-23, nan 
105.375, 88.875, 1.4551638124365977e-23, nan 
105.625, 88.875, 1.5235082878341193e-23, nan 
105.875, 88.875, 1.614109748275951e-23, nan 
106.125, 88.875, 1.4726709489040057e-23, nan 
106.375, 88.875, 1.904317275615776e-23, nan 
106.625, 88.875, 1.679350896676044e-23, nan 
106.875, 88.875, 1.636235073783371e-23, nan 
107.125, 88.875, 1.7920114696015662e-23, nan 
107.375, 88.875, 1.5066221958787963e-23, nan 
107.625, 88.875, 1.3720765659681878e-23, nan 
107.875, 88.875, 1.8560024775564075e-23, nan 
108.125, 88.875, 2.2078812802678667e-23, nan 
108.375, 88.875, 2.2477380175839297e-23, nan 
108.625, 88.875, 2.150095669420056e-23, nan 
108.875, 88.875, 2.0421599302246123e-23, nan 
109.125, 88.875, 2.029692178185272e-23, nan 
109.375, 88.875, 1.9107584069116534e-23, nan 
109.625, 88.875, 2.058078809335868e-23, nan 
109.875, 88.875, 1.9911759392880473e-23, nan 
110.125, 88.875, 2.1181475126311914e-23, nan 
110.375, 88.875, 1.9935775512510782e-23, nan 
110.625, 88.875, 2.1313725070868844e-23, nan 
110.875, 88.875, 2.134491977597478e-23, nan 
111.125, 88.875, 2.2057975918812204e-23, nan 
111.375, 88.875, 2.0834291989928764e-23, nan 
111.625, 88.875, 2.722476007548908e-23, nan 
111.875, 88.875, 1.8394761093023392e-23, nan 
112.125, 88.875, 2.4392667974641874e-23, nan 
112.375, 88.875, 2.6817051415500243e-23, nan 
112.625, 88.875, 2.868331744187532e-23, nan 
112.875, 88.875, 2.847716338425235e-23, nan 
113.125, 88.875, 2.6787093733164736e-23, nan 
113.375, 88.875, 2.60961739131921e-23, nan 
113.625, 88.875, 2.2871170884345074e-23, nan 
113.875, 88.875, 2.4202567287799494e-23, nan 
114.125, 88.875, 3.1393578120960016e-23, nan 
114.375, 88.875, 2.553888482784756e-23, nan 
114.625, 88.875, 2.218444200229223e-23, nan 
114.875, 88.875, 2.2638781777475328e-23, nan 
115.125, 88.875, 2.2874456952814245e-23, nan 
115.375, 88.875, 3.06083186970116e-23, nan 
115.625, 88.875, 3.40651540745148e-23, nan 
115.875, 88.875, 2.8541275813099234e-23, nan 
116.125, 88.875, 2.5836819369881198e-23, nan 
116.375, 88.875, 2.4353367499429392e-23, nan 
116.625, 88.875, 2.3722556295243443e-23, nan 
116.875, 88.875, 2.4151274143715322e-23, nan 
117.125, 88.875, 2.1237763567430225e-23, nan 
117.375, 88.875, 2.2650232309245766e-23, nan 
117.625, 88.875, 2.120888369913709e-23, nan 
117.875, 88.875, 1.8602823625119937e-23, nan 
118.125, 88.875, 2.0008597356341525e-23, nan 
118.375, 88.875, 1.7191130100987314e-23, nan 
118.625, 88.875, 1.737837789779491e-23, nan 
118.875, 88.875, 1.8657197196328535e-23, nan 
119.125, 88.875, 1.7869439627791455e-23, nan 
119.375, 88.875, 1.8325143900015748e-23, nan 
119.625, 88.875, 2.3073221480361827e-23, nan 
119.875, 88.875, 2.067312825958927e-23, nan 
120.125, 88.875, 2.101837230543534e-23, nan 
120.375, 88.875, 2.24617688080468e-23, nan 
120.625, 88.875, 2.4486214576516566e-23, nan 
120.875, 88.875, 2.3255878000298756e-23, nan 
121.125, 88.875, 2.3992080486459108e-23, nan 
121.375, 88.875, 2.577124688109517e-23, nan 
121.625, 88.875, 2.3670493353653772e-23, nan 
121.875, 88.875, 2.3925879061085142e-23, nan 
122.125, 88.875, 2.2066229725840625e-23, nan 
122.375, 88.875, 2.3370552524162093e-23, nan 
122.625, 88.875, 2.1723129845626776e-23, nan 
122.875, 88.875, 2.0734003396834833e-23, nan 
123.125, 88.875, 2.099844893518853e-23, nan 
123.375, 88.875, 2.1594302198900423e-23, nan 
123.625, 88.875, 2.065327860887865e-23, nan 
123.875, 88.875, 2.2645033653615482e-23, nan 
124.125, 88.875, 2.2804268188055405e-23, nan 
124.375, 88.875, 2.4306128741245866e-23, nan 
124.625, 88.875, 2.5456823543056463e-23, nan 
124.875, 88.875, 2.4699736677577857e-23, nan 
125.125, 88.875, 2.7401726115033385e-23, nan 
125.375, 88.875, 2.747289410648979e-23, nan 
125.625, 88.875, 2.7389400323713524e-23, nan 
125.875, 88.875, 2.5869016842180213e-23, nan 
126.125, 88.875, 2.4468161749296464e-23, nan 
126.375, 88.875, 2.7546361276335226e-23, nan 
126.625, 88.875, 2.4420288004621375e-23, nan 
126.875, 88.875, 3.0613848621793447e-23, nan 
127.125, 88.875, 2.539206346497826e-23, nan 
127.375, 88.875, 2.6472996905682274e-23, nan 
127.625, 88.875, 2.6144272998376067e-23, nan 
127.875, 88.875, 2.6388516851117157e-23, nan 
128.125, 88.875, 3.127487680775746e-23, nan 
128.375, 88.875, 3.5258199880182423e-23, nan 
128.625, 88.875, 2.6554866970973975e-23, nan 
128.875, 88.875, 2.4155806300903582e-23, nan 
129.125, 88.875, 2.587147782088103e-23, nan 
129.375, 88.875, 2.6189218936830485e-23, nan 
129.625, 88.875, 2.725363338256333e-23, nan 
129.875, 88.875, 2.6788306106152667e-23, nan 
130.125, 88.875, 2.65339240145638e-23, nan 
130.375, 88.875, 2.6524389627456256e-23, nan 
130.625, 88.875, 2.60601837825469e-23, nan 
130.875, 88.875, 2.7030900235709265e-23, nan 
131.125, 88.875, 2.670622024291963e-23, nan 
131.375, 88.875, 2.579048868162944e-23, nan 
131.625, 88.875, 2.5828835729393726e-23, nan 
131.875, 88.875, 2.6246243788928385e-23, nan 
132.125, 88.875, 2.7025966913001303e-23, nan 
132.375, 88.875, 2.4737539569846582e-23, nan 
132.625, 88.875, 2.67970980477114e-23, nan 
132.875, 88.875, 2.707296523663441e-23, nan 
133.125, 88.875, 2.375674000227046e-23, nan 
133.375, 88.875, 2.5515240910495457e-23, nan 
133.625, 88.875, 2.4474790648984217e-23, nan 
133.875, 88.875, 2.587229749630107e-23, nan 
134.125, 88.875, 2.5709909411917644e-23, nan 
134.375, 88.875, 2.6326538995277812e-23, nan 
134.625, 88.875, 2.658176126697795e-23, nan 
134.875, 88.875, 2.6661161678700273e-23, nan 
135.125, 88.875, 2.653504801126458e-23, nan 
135.375, 88.875, 2.5977437372581293e-23, nan 
135.625, 88.875, 2.740985969597314e-23, nan 
135.875, 88.875, 2.6677704113640406e-23, nan 
136.125, 88.875, 2.6378205119907983e-23, nan 
136.375, 88.875, 2.617647308605065e-23, nan 
136.625, 88.875, 2.636953387064302e-23, nan 
136.875, 88.875, 2.741943246542158e-23, nan 
137.125, 88.875, 2.5516689811329206e-23, nan 
137.375, 88.875, 2.4556893546000457e-23, nan 
137.625, 88.875, 2.922369611150896e-23, nan 
137.875, 88.875, 2.5920160108369064e-23, nan 
138.125, 88.875, 2.6245905997151203e-23, nan 
138.375, 88.875, 2.7492547642485145e-23, nan 
138.625, 88.875, 2.6093553546473122e-23, nan 
138.875, 88.875, 2.714555665590492e-23, nan 
139.125, 88.875, 2.79783394626354e-23, nan 
139.375, 88.875, 2.782061370999792e-23, nan 
139.625, 88.875, 2.787483795825152e-23, nan 
139.875, 88.875, 2.7682991986807944e-23, nan 
140.125, 88.875, 2.8496683497721525e-23, nan 
140.375, 88.875, 2.904228662952974e-23, nan 
140.625, 88.875, 2.815064036206021e-23, nan 
140.875, 88.875, 2.9556173060298286e-23, nan 
141.125, 88.875, 2.963202276312757e-23, nan 
141.375, 88.875, 2.8099427614232823e-23, nan 
141.625, 88.875, 2.878745502115628e-23, nan 
141.875, 88.875, 3.000080149841861e-23, nan 
142.125, 88.875, 2.8251411569067756e-23, nan 
142.375, 88.875, 2.9402461449621366e-23, nan 
142.625, 88.875, 3.026922290501749e-23, nan 
142.875, 88.875, 2.997214043843325e-23, nan 
143.125, 88.875, 3.009976115544784e-23, nan 
143.375, 88.875, 2.9171460088809687e-23, nan 
143.625, 88.875, 2.843610881659052e-23, nan 
143.875, 88.875, 2.999944218672124e-23, nan 
144.125, 88.875, 3.074560776107195e-23, nan 
144.375, 88.875, 2.952100795970431e-23, nan 
144.625, 88.875, 2.960100436864493e-23, nan 
144.875, 88.875, 2.949810052313477e-23, nan 
145.125, 88.875, 2.2591397265858285e-23, nan 
145.375, 88.875, 2.6784921500714015e-23, nan 
145.625, 88.875, 2.988278430740515e-23, nan 
145.875, 88.875, 2.9755162270575216e-23, nan 
146.125, 88.875, 2.964536629830152e-23, nan 
146.375, 88.875, 3.031639638483472e-23, nan 
146.625, 88.875, 3.054478256475969e-23, nan 
146.875, 88.875, 3.0956091714914744e-23, nan 
147.125, 88.875, 3.092088576987528e-23, nan 
147.375, 88.875, 3.0259163241161943e-23, nan 
147.625, 88.875, 2.874555259611504e-23, nan 
147.875, 88.875, 2.85348694458514e-23, nan 
148.125, 88.875, 3.077723915903891e-23, nan 
148.375, 88.875, 2.592060972860892e-23, nan 
148.625, 88.875, 2.0825355739078442e-23, nan 
148.875, 88.875, 1.716981495815482e-23, nan 
149.125, 88.875, 2.8681333500453094e-23, nan 
149.375, 88.875, 2.3774856997862906e-23, nan 
149.625, 88.875, 2.828704226665766e-23, nan 
149.875, 88.875, 2.2097581852568543e-23, nan 
150.125, 88.875, 2.1069825954323463e-23, nan 
150.375, 88.875, 2.1985394194030524e-23, nan 
150.625, 88.875, 1.9908788646192926e-23, nan 
150.875, 88.875, 1.8584277524677453e-23, nan 
151.125, 88.875, 1.8980321363347665e-23, nan 
151.375, 88.875, 1.7682361328906777e-23, nan 
151.625, 88.875, 1.919658704081621e-23, nan 
151.875, 88.875, 1.8330271976473243e-23, nan 
152.125, 88.875, 1.8935985938335248e-23, nan 
152.375, 88.875, 1.9522008156619276e-23, nan 
152.625, 88.875, 1.733013163810571e-23, nan 
152.875, 88.875, 1.9837013179363783e-23, nan 
153.125, 88.875, 1.9655100491811712e-23, nan 
153.375, 88.875, 1.94556467724991e-23, nan 
153.625, 88.875, 2.1241544446049742e-23, nan 
153.875, 88.875, 3.0622728040490955e-23, nan 
154.125, 88.875, 3.12040834541048e-23, nan 
154.375, 88.875, 2.04326151389206e-23, nan 
154.625, 88.875, 2.253049982737979e-23, nan 
154.875, 88.875, 2.4526608744084222e-23, nan 
155.125, 88.875, 2.175829354661669e-23, nan 
155.375, 88.875, 2.1869950476397238e-23, nan 
155.625, 88.875, 2.2006991168754261e-23, nan 
155.875, 88.875, 2.77511061869005e-23, nan 
156.125, 88.875, 2.2053466667072058e-23, nan 
156.375, 88.875, 3.010874620238112e-23, nan 
156.625, 88.875, 2.3590407216976326e-23, nan 
156.875, 88.875, 3.113514987192004e-23, nan 
157.125, 88.875, 2.5438319185540468e-23, nan 
157.375, 88.875, 2.4841870702664169e-23, nan 
157.625, 88.875, 2.5113755766503088e-23, nan 
157.875, 88.875, 2.381343823062059e-23, nan 
158.125, 88.875, 2.3371138993106126e-23, nan 
158.375, 88.875, 2.3624629851681588e-23, nan 
158.625, 88.875, 2.3969985650709597e-23, nan 
158.875, 88.875, 2.4195700920257315e-23, nan 
159.125, 88.875, 2.5542749289184902e-23, nan 
159.375, 88.875, 2.5998160945899352e-23, nan 
159.625, 88.875, 2.759906194159983e-23, nan 
159.875, 88.875, 2.770670656833848e-23, nan 
160.125, 88.875, 2.9030272595427397e-23, nan 
160.375, 88.875, 2.952610067059289e-23, nan 
160.625, 88.875, 2.752824624199376e-23, nan 
160.875, 88.875, 2.899696731380015e-23, nan 
161.125, 88.875, 3.029506321593331e-23, nan 
161.375, 88.875, 3.0865543873944286e-23, nan 
161.625, 88.875, 2.784263034054147e-23, nan 
161.875, 88.875, 3.11071864089845e-23, nan 
162.125, 88.875, 2.734357514558429e-23, nan 
162.375, 88.875, 3.102487043261332e-23, nan 
162.625, 88.875, 3.0879721894358165e-23, nan 
162.875, 88.875, 2.862614501889811e-23, nan 
163.125, 88.875, 3.1335256555078276e-23, nan 
163.375, 88.875, 3.123995895095698e-23, nan 
163.625, 88.875, 3.0653534319253767e-23, nan 
163.875, 88.875, 3.293653433786712e-23, nan 
164.125, 88.875, 3.15234831966182e-23, nan 
164.375, 88.875, 3.276116384078608e-23, nan 
164.625, 88.875, 3.518835711501266e-23, nan 
164.875, 88.875, 3.6004696032552796e-23, nan 
165.125, 88.875, 3.4514827878138056e-23, nan 
165.375, 88.875, 3.159835631410842e-23, nan 
165.625, 88.875, 3.585788990484989e-23, nan 
165.875, 88.875, 3.475938867625462e-23, nan 
166.125, 88.875, 3.539145874308984e-23, nan 
166.375, 88.875, 3.3867178179719095e-23, nan 
166.625, 88.875, 3.58581235425489e-23, nan 
166.875, 88.875, 3.744727635457816e-23, nan 
167.125, 88.875, 3.6935594035808346e-23, nan 
167.375, 88.875, 2.8795961048810187e-23, nan 
167.625, 88.875, 3.207643433183404e-23, nan 
167.875, 88.875, 3.135907748432239e-23, nan 
168.125, 88.875, 3.1453671168676893e-23, nan 
168.375, 88.875, 2.979647185951069e-23, nan 
168.625, 88.875, 2.9327593518800187e-23, nan 
168.875, 88.875, 3.0078915877529344e-23, nan 
169.125, 88.875, 3.143596295411438e-23, nan 
169.375, 88.875, 3.045008966639657e-23, nan 
169.625, 88.875, 2.939886724364451e-23, nan 
169.875, 88.875, 2.9459440721046655e-23, nan 
170.125, 88.875, 2.88994795905136e-23, nan 
170.375, 88.875, 2.908055873254609e-23, nan 
170.625, 88.875, 2.913820140202388e-23, nan 
170.875, 88.875, 2.889357494092674e-23, nan 
171.125, 88.875, 2.881014334835285e-23, nan 
171.375, 88.875, 3.3847989923451785e-23, nan 
171.625, 88.875, 3.466071667549089e-23, nan 
171.875, 88.875, 3.0991992832722316e-23, nan 
172.125, 88.875, 2.803894293313534e-23, nan 
172.375, 88.875, 2.845638861005974e-23, nan 
172.625, 88.875, 2.7318229118243253e-23, nan 
172.875, 88.875, 2.5310483773071682e-23, nan 
173.125, 88.875, 2.3551911371245558e-23, nan 
173.375, 88.875, 2.54180035095936e-23, nan 
173.625, 88.875, 2.664956564662547e-23, nan 
173.875, 88.875, 3.029834801155572e-23, nan 
174.125, 88.875, 3.1541524150017575e-23, nan 
174.375, 88.875, 3.1830619714050895e-23, nan 
174.625, 88.875, 3.1293844166331326e-23, nan 
174.875, 88.875, 3.0572191596502796e-23, nan 
175.125, 88.875, 3.111447857979484e-23, nan 
175.375, 88.875, 3.016860729447584e-23, nan 
175.625, 88.875, 3.031039206267869e-23, nan 
175.875, 88.875, 3.094786258919489e-23, nan 
176.125, 88.875, 3.3461361389096e-23, nan 
176.375, 88.875, 3.086123477516474e-23, nan 
176.625, 88.875, 3.158218690276839e-23, nan 
176.875, 88.875, 3.1405039438525625e-23, nan 
177.125, 88.875, 3.250541446279593e-23, nan 
177.375, 88.875, 3.030896644177355e-23, nan 
177.625, 88.875, 3.416985142384688e-23, nan 
177.875, 88.875, 3.044385136542833e-23, nan 
178.125, 88.875, 3.179510230301541e-23, nan 
178.375, 88.875, 3.1482391675619966e-23, nan 
178.625, 88.875, 2.920091860671606e-23, nan 
178.875, 88.875, 2.7761534566427304e-23, nan 
179.125, 88.875, 2.690880053727248e-23, nan 
179.375, 88.875, 2.7262278929405906e-23, nan 
179.625, 88.875, 2.8413459618665306e-23, nan 
179.875, 88.875, 2.9866621266877984e-23, nan 
-179.875, 89.125, 9.217677776426964e-23, nan 
-179.625, 89.125, 9.264035371240886e-23, nan 
-179.375, 89.125, 5.485033484130204e-23, nan 
-179.125, 89.125, 4.3021300672316753e-23, nan 
-178.875, 89.125, 4.2400534043791494e-23, nan 
-178.625, 89.125, 4.018469153489484e-23, nan 
-178.375, 89.125, 3.868835497704167e-23, nan 
-178.125, 89.125, 4.181855141121605e-23, nan 
-177.875, 89.125, 4.027412350497262e-23, nan 
-177.625, 89.125, 4.2128238160837006e-23, nan 
-177.375, 89.125, 3.9566367323529343e-23, nan 
-177.125, 89.125, 4.3201583715774775e-23, nan 
-176.875, 89.125, 4.3350726973077706e-23, nan 
-176.625, 89.125, 4.432535701312666e-23, nan 
-176.375, 89.125, 4.2978709773052804e-23, nan 
-176.125, 89.125, 4.420153021222675e-23, nan 
-175.875, 89.125, 4.6943378282378703e-23, nan 
-175.625, 89.125, 4.541212213685251e-23, nan 
-175.375, 89.125, 5.449902626317481e-23, nan 
-175.125, 89.125, 4.5562543474038297e-23, nan 
-174.875, 89.125, 4.3498655172685156e-23, nan 
-174.625, 89.125, 4.5524811889565467e-23, nan 
-174.375, 89.125, 4.696797044109492e-23, nan 
-174.125, 89.125, 4.9090540931031773e-23, nan 
-173.875, 89.125, 4.947946835764277e-23, nan 
-173.625, 89.125, 6.439954270803114e-23, nan 
-173.375, 89.125, 6.519212459646144e-23, nan 
-173.125, 89.125, 5.383648499292422e-23, nan 
-172.875, 89.125, 6.40531926225271e-23, nan 
-172.625, 89.125, 6.460081592978354e-23, nan 
-172.375, 89.125, 6.092291945930837e-23, nan 
-172.125, 89.125, 6.042420604673673e-23, nan 
-171.875, 89.125, 6.049698580765766e-23, nan 
-171.625, 89.125, 6.084119355647768e-23, nan 
-171.375, 89.125, 5.0303083409706883e-23, nan 
-171.125, 89.125, 5.856845315955069e-23, nan 
-170.875, 89.125, 5.851414446487119e-23, nan 
-170.625, 89.125, 5.1364276277634276e-23, nan 
-170.375, 89.125, 5.233233227447759e-23, nan 
-170.125, 89.125, 5.192017761634809e-23, nan 
-169.875, 89.125, 5.370037277542434e-23, nan 
-169.625, 89.125, 5.118563263913971e-23, nan 
-169.375, 89.125, 4.43706085394291e-23, nan 
-169.125, 89.125, 4.187190419878612e-23, nan 
-168.875, 89.125, 4.245683261624971e-23, nan 
-168.625, 89.125, 4.1081263462776365e-23, nan 
-168.375, 89.125, 3.987176526970812e-23, nan 
-168.125, 89.125, 3.9123810214049424e-23, nan 
-167.875, 89.125, 3.789465376765944e-23, nan 
-167.625, 89.125, 3.5626635720026376e-23, nan 
-167.375, 89.125, 3.685361154393639e-23, nan 
-167.125, 89.125, 3.66410662714578e-23, nan 
-166.875, 89.125, 3.790746201139515e-23, nan 
-166.625, 89.125, 3.777916564174592e-23, nan 
-166.375, 89.125, 3.7344319471527113e-23, nan 
-166.125, 89.125, 3.657058184883898e-23, nan 
-165.875, 89.125, 3.6676097738163596e-23, nan 
-165.625, 89.125, 4.405385435209674e-23, nan 
-165.375, 89.125, 4.281041795732907e-23, nan 
-165.125, 89.125, 3.7433925243302265e-23, nan 
-164.875, 89.125, 3.926488294824874e-23, nan 
-164.625, 89.125, 5.509688722172292e-23, nan 
-164.375, 89.125, 5.0789033978982335e-23, nan 
-164.125, 89.125, 5.2460067948768716e-23, nan 
-163.875, 89.125, 5.33946338678039e-23, nan 
-163.625, 89.125, 5.583907211129135e-23, nan 
-163.375, 89.125, 5.727539814867693e-23, nan 
-163.125, 89.125, 3.380311867910855e-23, nan 
-162.875, 89.125, 2.980665532005745e-23, nan 
-162.625, 89.125, 2.5783956493037646e-23, nan 
-162.375, 89.125, 2.6578401713073717e-23, nan 
-162.125, 89.125, 2.5582269134236493e-23, nan 
-161.875, 89.125, 2.6378709039841004e-23, nan 
-161.625, 89.125, 2.6505590963865485e-23, nan 
-161.375, 89.125, 2.690053237021532e-23, nan 
-161.125, 89.125, 2.7229644169621547e-23, nan 
-160.875, 89.125, 2.729966706466386e-23, nan 
-160.625, 89.125, 2.855860290158651e-23, nan 
-160.375, 89.125, 2.873166529203587e-23, nan 
-160.125, 89.125, 2.871882401203569e-23, nan 
-159.875, 89.125, 3.0006652157962026e-23, nan 
-159.625, 89.125, 2.671191515170653e-23, nan 
-159.375, 89.125, 2.8681648208857584e-23, nan 
-159.125, 89.125, 3.050969254976763e-23, nan 
-158.875, 89.125, 2.8873173552731087e-23, nan 
-158.625, 89.125, 2.6284101556309838e-23, nan 
-158.375, 89.125, 3.1270538292205417e-23, nan 
-158.125, 89.125, 3.1853782014141835e-23, nan 
-157.875, 89.125, 3.280062146872225e-23, nan 
-157.625, 89.125, 3.225728796742273e-23, nan 
-157.375, 89.125, 3.5166700347114105e-23, nan 
-157.125, 89.125, 3.5765920513307963e-23, nan 
-156.875, 89.125, 3.1218145770740347e-23, nan 
-156.625, 89.125, 3.465165541098915e-23, nan 
-156.375, 89.125, 3.474597225595974e-23, nan 
-156.125, 89.125, 3.020406220843633e-23, nan 
-155.875, 89.125, 3.506101886328087e-23, nan 
-155.625, 89.125, 3.3877788396055244e-23, nan 
-155.375, 89.125, 3.40618801356797e-23, nan 
-155.125, 89.125, 3.091765104492985e-23, nan 
-154.875, 89.125, 3.592132499778604e-23, nan 
-154.625, 89.125, 3.4085469769127325e-23, nan 
-154.375, 89.125, 3.413359625883845e-23, nan 
-154.125, 89.125, 3.460105002961934e-23, nan 
-153.875, 89.125, 3.59475769592544e-23, nan 
-153.625, 89.125, 3.521086819827436e-23, nan 
-153.375, 89.125, 3.7025223493682836e-23, nan 
-153.125, 89.125, 3.659139282733865e-23, nan 
-152.875, 89.125, 3.90007284224135e-23, nan 
-152.625, 89.125, 3.472623959628065e-23, nan 
-152.375, 89.125, 3.560726017769412e-23, nan 
-152.125, 89.125, 3.244830864180014e-23, nan 
-151.875, 89.125, 3.3008402541561494e-23, nan 
-151.625, 89.125, 3.8796117943049317e-23, nan 
-151.375, 89.125, 3.596319428669528e-23, nan 
-151.125, 89.125, 3.8290106785531237e-23, nan 
-150.875, 89.125, 3.785194662175518e-23, nan 
-150.625, 89.125, 3.744897778641621e-23, nan 
-150.375, 89.125, 3.666085512221023e-23, nan 
-150.125, 89.125, 3.314746378971908e-23, nan 
-149.875, 89.125, 3.266432899132867e-23, nan 
-149.625, 89.125, 2.9097658400043496e-23, nan 
-149.375, 89.125, 2.5221041678299344e-23, nan 
-149.125, 89.125, 2.5443957483965742e-23, nan 
-148.875, 89.125, 2.3926110430408617e-23, nan 
-148.625, 89.125, 2.859002320160951e-23, nan 
-148.375, 89.125, 3.779663360395085e-23, nan 
-148.125, 89.125, 2.523126486782394e-23, nan 
-147.875, 89.125, 2.4427093649910936e-23, nan 
-147.625, 89.125, 2.498827441317407e-23, nan 
-147.375, 89.125, 2.4318908483223567e-23, nan 
-147.125, 89.125, 2.4523180128371463e-23, nan 
-146.875, 89.125, 2.4678674646742974e-23, nan 
-146.625, 89.125, 2.1572366030440065e-23, nan 
-146.375, 89.125, 2.162759872803132e-23, nan 
-146.125, 89.125, 2.4971396499618962e-23, nan 
-145.875, 89.125, 2.082825776148005e-23, nan 
-145.625, 89.125, 2.352696387060169e-23, nan 
-145.375, 89.125, 2.310747033000325e-23, nan 
-145.125, 89.125, 2.5763802317208455e-23, nan 
-144.875, 89.125, 2.628067318693579e-23, nan 
-144.625, 89.125, 2.6436152871465723e-23, nan 
-144.375, 89.125, 3.074181952606736e-23, nan 
-144.125, 89.125, 3.278282739234114e-23, nan 
-143.875, 89.125, 3.165110081326161e-23, nan 
-143.625, 89.125, 3.36100550170027e-23, nan 
-143.375, 89.125, 3.089833324699353e-23, nan 
-143.125, 89.125, 3.668488841576206e-23, nan 
-142.875, 89.125, 3.5368025918316133e-23, nan 
-142.625, 89.125, 3.592057755752111e-23, nan 
-142.375, 89.125, 2.542403666570563e-23, nan 
-142.125, 89.125, 3.366320955429615e-23, nan 
-141.875, 89.125, 3.8660409935400207e-23, nan 
-141.625, 89.125, 3.9385723654719276e-23, nan 
-141.375, 89.125, 4.202418465741515e-23, nan 
-141.125, 89.125, 4.131547805289362e-23, nan 
-140.875, 89.125, 4.1152100763299793e-23, nan 
-140.625, 89.125, 4.1821801033299753e-23, nan 
-140.375, 89.125, 4.0494425505801943e-23, nan 
-140.125, 89.125, 4.404574604372338e-23, nan 
-139.875, 89.125, 3.3513964710815614e-23, nan 
-139.625, 89.125, 4.261485694716836e-23, nan 
-139.375, 89.125, 4.2382806668070696e-23, nan 
-139.125, 89.125, 4.363537436899198e-23, nan 
-138.875, 89.125, 4.1811096117987e-23, nan 
-138.625, 89.125, 4.2336275869537116e-23, nan 
-138.375, 89.125, 4.1404630981121175e-23, nan 
-138.125, 89.125, 3.644406411270937e-23, nan 
-137.875, 89.125, 3.9621662068824376e-23, nan 
-137.625, 89.125, 3.962312251155331e-23, nan 
-137.375, 89.125, 3.9118186999064997e-23, nan 
-137.125, 89.125, 3.9024874319796913e-23, nan 
-136.875, 89.125, 4.138873145326805e-23, nan 
-136.625, 89.125, 3.957972437556104e-23, nan 
-136.375, 89.125, 4.1936084414166166e-23, nan 
-136.125, 89.125, 4.293946426864384e-23, nan 
-135.875, 89.125, 4.2065709510716045e-23, nan 
-135.625, 89.125, 3.825624304175282e-23, nan 
-135.375, 89.125, 4.5892550456146085e-23, nan 
-135.125, 89.125, 4.089885297086226e-23, nan 
-134.875, 89.125, 4.1019988911961246e-23, nan 
-134.625, 89.125, 4.002105254563867e-23, nan 
-134.375, 89.125, 4.5004097199827187e-23, nan 
-134.125, 89.125, 3.868038371293251e-23, nan 
-133.875, 89.125, 3.9913436658572813e-23, nan 
-133.625, 89.125, 4.19729881906382e-23, nan 
-133.375, 89.125, 3.829953638749264e-23, nan 
-133.125, 89.125, 3.5319184835906143e-23, nan 
-132.875, 89.125, 3.700824076733034e-23, nan 
-132.625, 89.125, 3.160348029358492e-23, nan 
-132.375, 89.125, 3.097594953487881e-23, nan 
-132.125, 89.125, 3.4888816687408647e-23, nan 
-131.875, 89.125, 2.859608182308451e-23, nan 
-131.625, 89.125, 2.953425810929686e-23, nan 
-131.375, 89.125, 3.361805713223351e-23, nan 
-131.125, 89.125, 3.411954979492157e-23, nan 
-130.875, 89.125, 3.274642050989437e-23, nan 
-130.625, 89.125, 3.412491495402154e-23, nan 
-130.375, 89.125, 2.269713613328355e-23, nan 
-130.125, 89.125, 2.4786740602278977e-23, nan 
-129.875, 89.125, 2.539577847629879e-23, nan 
-129.625, 89.125, 2.4318391838330616e-23, nan 
-129.375, 89.125, 2.2599609642518494e-23, nan 
-129.125, 89.125, 2.911941829756308e-23, nan 
-128.875, 89.125, 2.636743580873206e-23, nan 
-128.625, 89.125, 2.9371212305690225e-23, nan 
-128.375, 89.125, 2.425846165327227e-23, nan 
-128.125, 89.125, 2.575353001468454e-23, nan 
-127.875, 89.125, 2.683790533721665e-23, nan 
-127.625, 89.125, 2.2071587649000028e-23, nan 
-127.375, 89.125, 2.7093933672352485e-23, nan 
-127.125, 89.125, 2.1899025790742406e-23, nan 
-126.875, 89.125, 2.556674490812086e-23, nan 
-126.625, 89.125, 2.030593958188204e-23, nan 
-126.375, 89.125, 2.3072570501661507e-23, nan 
-126.125, 89.125, 2.4325533216438085e-23, nan 
-125.875, 89.125, 2.4537315294731754e-23, nan 
-125.625, 89.125, 2.3634373764524998e-23, nan 
-125.375, 89.125, 2.573825079940544e-23, nan 
-125.125, 89.125, 2.311605434167442e-23, nan 
-124.875, 89.125, 2.2267400019878326e-23, nan 
-124.625, 89.125, 2.2333940141573185e-23, nan 
-124.375, 89.125, 2.1246940821811733e-23, nan 
-124.125, 89.125, 2.2754347167892222e-23, nan 
-123.875, 89.125, 2.27371733926563e-23, nan 
-123.625, 89.125, 1.5282992888101022e-23, nan 
-123.375, 89.125, 1.5451122905654596e-23, nan 
-123.125, 89.125, 1.396033730599254e-23, nan 
-122.875, 89.125, 1.5013579562286358e-23, nan 
-122.625, 89.125, 1.6326267675958748e-23, nan 
-122.375, 89.125, 1.3593581097864285e-23, nan 
-122.125, 89.125, 1.4040327779490072e-23, nan 
-121.875, 89.125, 1.9001765324670522e-23, nan 
-121.625, 89.125, 1.519507170280739e-23, nan 
-121.375, 89.125, 1.581351802348133e-23, nan 
-121.125, 89.125, 1.4347742430238695e-23, nan 
-120.875, 89.125, 1.503063102897329e-23, nan 
-120.625, 89.125, 1.5603579274239826e-23, nan 
-120.375, 89.125, 1.5848720647978166e-23, nan 
-120.125, 89.125, 1.5944378753871828e-23, nan 
-119.875, 89.125, 1.569368706571422e-23, nan 
-119.625, 89.125, 1.6346500395404104e-23, nan 
-119.375, 89.125, 1.7026261917454675e-23, nan 
-119.125, 89.125, 1.5059419742348547e-23, nan 
-118.875, 89.125, 1.8584271896737864e-23, nan 
-118.625, 89.125, 1.4207943119967952e-23, nan 
-118.375, 89.125, 1.422474440641621e-23, nan 
-118.125, 89.125, 1.5492271490126292e-23, nan 
-117.875, 89.125, 1.487411568525002e-23, nan 
-117.625, 89.125, 1.8453874678701255e-23, nan 
-117.375, 89.125, 1.5472346712561314e-23, nan 
-117.125, 89.125, 1.527920136459474e-23, nan 
-116.875, 89.125, 1.4491866044275321e-23, nan 
-116.625, 89.125, 1.4845272406840975e-23, nan 
-116.375, 89.125, 1.4323969259221322e-23, nan 
-116.125, 89.125, 2.668438510626367e-23, nan 
-115.875, 89.125, 2.2352886575454e-23, nan 
-115.625, 89.125, 1.8565712152277613e-23, nan 
-115.375, 89.125, 1.555027182433916e-23, nan 
-115.125, 89.125, 1.501464381237019e-23, nan 
-114.875, 89.125, 1.1332749893500449e-23, nan 
-114.625, 89.125, 1.1002856274073785e-23, nan 
-114.375, 89.125, 1.1808305141998488e-23, nan 
-114.125, 89.125, 1.441687195613258e-23, nan 
-113.875, 89.125, 1.3940671934787617e-23, nan 
-113.625, 89.125, 1.6830003502827776e-23, nan 
-113.375, 89.125, 1.7408266833487717e-23, nan 
-113.125, 89.125, 1.4408004186437718e-23, nan 
-112.875, 89.125, 1.4752083982821747e-23, nan 
-112.625, 89.125, 1.5621040421219988e-23, nan 
-112.375, 89.125, 1.557228592146439e-23, nan 
-112.125, 89.125, 1.8277910218924778e-23, nan 
-111.875, 89.125, 1.4941334600682544e-23, nan 
-111.625, 89.125, 1.9265665747862028e-23, nan 
-111.375, 89.125, 1.5855391052827062e-23, nan 
-111.125, 89.125, 1.6337714627114266e-23, nan 
-110.875, 89.125, 1.614630592858738e-23, nan 
-110.625, 89.125, 1.6989151082141313e-23, nan 
-110.375, 89.125, 1.6929887413530184e-23, nan 
-110.125, 89.125, 2.08680560023279e-23, nan 
-109.875, 89.125, 2.0535346484107136e-23, nan 
-109.625, 89.125, 2.0968299636794418e-23, nan 
-109.375, 89.125, 2.130983464573841e-23, nan 
-109.125, 89.125, 2.1375041240972417e-23, nan 
-108.875, 89.125, 1.9762570050335133e-23, nan 
-108.625, 89.125, 1.8771074453481164e-23, nan 
-108.375, 89.125, 1.804412168756094e-23, nan 
-108.125, 89.125, 1.7924110147191437e-23, nan 
-107.875, 89.125, 1.8366622069161137e-23, nan 
-107.625, 89.125, 1.9079515503236863e-23, nan 
-107.375, 89.125, 1.1662382216609466e-23, nan 
-107.125, 89.125, 1.0651150148794035e-23, nan 
-106.875, 89.125, 1.0712658555188776e-23, nan 
-106.625, 89.125, 9.767842944220691e-24, nan 
-106.375, 89.125, 1.0762365349336365e-23, nan 
-106.125, 89.125, 1.2614513098017705e-23, nan 
-105.875, 89.125, 1.1237445287010669e-23, nan 
-105.625, 89.125, 1.463154394519683e-23, nan 
-105.375, 89.125, 1.4416548357854583e-23, nan 
-105.125, 89.125, 1.3018653832459221e-23, nan 
-104.875, 89.125, 1.2103469372784774e-23, nan 
-104.625, 89.125, 1.2038150851499704e-23, nan 
-104.375, 89.125, 1.163727897432739e-23, nan 
-104.125, 89.125, 1.3128285460291017e-23, nan 
-103.875, 89.125, 1.2997988663454679e-23, nan 
-103.625, 89.125, 1.3107198365302242e-23, nan 
-103.375, 89.125, 1.2640643303648711e-23, nan 
-103.125, 89.125, 1.1866675036110634e-23, nan 
-102.875, 89.125, 1.0479672097418774e-23, nan 
-102.625, 89.125, 1.0201737514303114e-23, nan 
-102.375, 89.125, 1.0889797578896874e-23, nan 
-102.125, 89.125, 8.866414842477643e-24, nan 
-101.875, 89.125, 9.13025915086524e-24, nan 
-101.625, 89.125, 9.76721759466209e-24, nan 
-101.375, 89.125, 7.944833608376204e-24, nan 
-101.125, 89.125, 7.659108577315719e-24, nan 
-100.875, 89.125, 7.076252719099434e-24, nan 
-100.625, 89.125, 5.561162888925608e-24, nan 
-100.375, 89.125, 5.9396670322169484e-24, nan 
-100.125, 89.125, 5.985473508823029e-24, nan 
-99.875, 89.125, 5.968086230055544e-24, nan 
-99.625, 89.125, 5.823352178019986e-24, nan 
-99.375, 89.125, 5.148174815182518e-24, nan 
-99.125, 89.125, 6.042288471287357e-24, nan 
-98.875, 89.125, 4.494043004468095e-24, nan 
-98.625, 89.125, 4.396459699579241e-24, nan 
-98.375, 89.125, 5.1644311751163545e-24, nan 
-98.125, 89.125, 5.597560957825175e-24, nan 
-97.875, 89.125, 7.477659904090707e-24, nan 
-97.625, 89.125, 6.95579448234101e-24, nan 
-97.375, 89.125, 4.001566919386791e-24, nan 
-97.125, 89.125, 3.1933577135804932e-24, nan 
-96.875, 89.125, 4.8422126022485e-24, nan 
-96.625, 89.125, 5.069487430231089e-24, nan 
-96.375, 89.125, 5.064064149854669e-24, nan 
-96.125, 89.125, 5.482371296842375e-24, nan 
-95.875, 89.125, 5.0995007916073715e-24, nan 
-95.625, 89.125, 5.00166429611805e-24, nan 
-95.375, 89.125, 5.904985316746401e-24, nan 
-95.125, 89.125, 1.1183832810406504e-23, nan 
-94.875, 89.125, 1.1598165600992607e-23, nan 
-94.625, 89.125, 1.2188710557795421e-23, nan 
-94.375, 89.125, 1.1307243172321013e-23, nan 
-94.125, 89.125, 1.1423071263415198e-23, nan 
-93.875, 89.125, 7.87630705901936e-24, nan 
-93.625, 89.125, 8.353604778223821e-24, nan 
-93.375, 89.125, 8.434099082539823e-24, nan 
-93.125, 89.125, 9.138202271465052e-24, nan 
-92.875, 89.125, 9.227414200658996e-24, nan 
-92.625, 89.125, 9.391836012581226e-24, nan 
-92.375, 89.125, 9.400588020840939e-24, nan 
-92.125, 89.125, 9.775763165409568e-24, nan 
-91.875, 89.125, 1.0843756513905546e-23, nan 
-91.625, 89.125, 1.0824733537226105e-23, nan 
-91.375, 89.125, 1.0877630195293285e-23, nan 
-91.125, 89.125, 1.2314035771092092e-23, nan 
-90.875, 89.125, 1.6328801684453497e-23, nan 
-90.625, 89.125, 1.5431854695790409e-23, nan 
-90.375, 89.125, 1.564741795711346e-23, nan 
-90.125, 89.125, 1.477114013896417e-23, nan 
-89.875, 89.125, 1.4496053550194507e-23, nan 
-89.625, 89.125, 1.3909905655251124e-23, nan 
-89.375, 89.125, 1.3388441265726707e-23, nan 
-89.125, 89.125, 1.2305789201297057e-23, nan 
-88.875, 89.125, 1.0759426776910751e-23, nan 
-88.625, 89.125, 1.0626811203266103e-23, nan 
-88.375, 89.125, 1.013631377074032e-23, nan 
-88.125, 89.125, 8.517865499106383e-24, nan 
-87.875, 89.125, 8.601017301314191e-24, nan 
-87.625, 89.125, 8.717755745147822e-24, nan 
-87.375, 89.125, 1.0479383311685986e-23, nan 
-87.125, 89.125, 1.0041456997163149e-23, nan 
-86.875, 89.125, 1.208704847902479e-23, nan 
-86.625, 89.125, 9.829992694499575e-24, nan 
-86.375, 89.125, 9.859642394814182e-24, nan 
-86.125, 89.125, 1.0323199763878027e-23, nan 
-85.875, 89.125, 1.0652555529567986e-23, nan 
-85.625, 89.125, 1.2336009876530464e-23, nan 
-85.375, 89.125, 1.0790815019306163e-23, nan 
-85.125, 89.125, 1.0727256843736778e-23, nan 
-84.875, 89.125, 1.1536997801173701e-23, nan 
-84.625, 89.125, 1.1041381297218472e-23, nan 
-84.375, 89.125, 1.3703773758618284e-23, nan 
-84.125, 89.125, 1.1910547242057023e-23, nan 
-83.875, 89.125, 1.4857574576699593e-23, nan 
-83.625, 89.125, 1.3141914429844591e-23, nan 
-83.375, 89.125, 1.6965335164572728e-23, nan 
-83.125, 89.125, 1.5501274546347535e-23, nan 
-82.875, 89.125, 1.6108826938376862e-23, nan 
-82.625, 89.125, 1.731018687723336e-23, nan 
-82.375, 89.125, 1.7954049747759233e-23, nan 
-82.125, 89.125, 2.2454143306287493e-23, nan 
-81.875, 89.125, 2.176017447373859e-23, nan 
-81.625, 89.125, 2.4638503906878572e-23, nan 
-81.375, 89.125, 2.6297194368210926e-23, nan 
-81.125, 89.125, 2.9277549866644075e-23, nan 
-80.875, 89.125, 3.316341210557731e-23, nan 
-80.625, 89.125, 3.342585264318646e-23, nan 
-80.375, 89.125, 3.686104426140984e-23, nan 
-80.125, 89.125, 3.03963791091171e-23, nan 
-79.875, 89.125, 3.0265006284081185e-23, nan 
-79.625, 89.125, 2.8471195364330895e-23, nan 
-79.375, 89.125, 3.143491511327825e-23, nan 
-79.125, 89.125, 3.227279870970795e-23, nan 
-78.875, 89.125, 3.049266830191786e-23, nan 
-78.625, 89.125, 3.0578296604346217e-23, nan 
-78.375, 89.125, 3.0657426483980315e-23, nan 
-78.125, 89.125, 3.050382249909817e-23, nan 
-77.875, 89.125, 3.2639760863379464e-23, nan 
-77.625, 89.125, 3.0467184838757027e-23, nan 
-77.375, 89.125, 3.0827463294258326e-23, nan 
-77.125, 89.125, 2.9854338479897896e-23, nan 
-76.875, 89.125, 3.1103783511081857e-23, nan 
-76.625, 89.125, 2.92534088295868e-23, nan 
-76.375, 89.125, 2.9662393386054e-23, nan 
-76.125, 89.125, 2.9896763869393086e-23, nan 
-75.875, 89.125, 3.2399943637600955e-23, nan 
-75.625, 89.125, 3.214505300558729e-23, nan 
-75.375, 89.125, 3.278686983375627e-23, nan 
-75.125, 89.125, 3.1728012816178463e-23, nan 
-74.875, 89.125, 3.0387995119481003e-23, nan 
-74.625, 89.125, 3.0088691298038356e-23, nan 
-74.375, 89.125, 3.120129163212691e-23, nan 
-74.125, 89.125, 3.168071819359367e-23, nan 
-73.875, 89.125, 3.2274529706364714e-23, nan 
-73.625, 89.125, 3.2769185195440545e-23, nan 
-73.375, 89.125, 3.00951508137337e-23, nan 
-73.125, 89.125, 3.3130468392227963e-23, nan 
-72.875, 89.125, 3.60134405556607e-23, nan 
-72.625, 89.125, 3.911283109411588e-23, nan 
-72.375, 89.125, 4.2019164943986074e-23, nan 
-72.125, 89.125, 5.0061270289257524e-23, nan 
-71.875, 89.125, 5.138720333222772e-23, nan 
-71.625, 89.125, 5.1615585122195654e-23, nan 
-71.375, 89.125, 5.255643586349018e-23, nan 
-71.125, 89.125, 4.982363471085055e-23, nan 
-70.875, 89.125, 5.136029438108168e-23, nan 
-70.625, 89.125, 4.8282700026697523e-23, nan 
-70.375, 89.125, 5.307333004071538e-23, nan 
-70.125, 89.125, 5.091999052886808e-23, nan 
-69.875, 89.125, 4.8963309955468925e-23, nan 
-69.625, 89.125, 5.008368949131724e-23, nan 
-69.375, 89.125, 4.8183543972042157e-23, nan 
-69.125, 89.125, 5.2820712513517524e-23, nan 
-68.875, 89.125, 5.2595022693068164e-23, nan 
-68.625, 89.125, 5.156197536075407e-23, nan 
-68.375, 89.125, 5.176317401726547e-23, nan 
-68.125, 89.125, 4.988285757674935e-23, nan 
-67.875, 89.125, 5.2770180099248756e-23, nan 
-67.625, 89.125, 5.372839112201178e-23, nan 
-67.375, 89.125, 5.369340179378295e-23, nan 
-67.125, 89.125, 4.9095748967483053e-23, nan 
-66.875, 89.125, 5.212957461474474e-23, nan 
-66.625, 89.125, 5.166322352761962e-23, nan 
-66.375, 89.125, 5.041909602822264e-23, nan 
-66.125, 89.125, 4.9970141809995927e-23, nan 
-65.875, 89.125, 4.655983746852858e-23, nan 
-65.625, 89.125, 4.76080492994017e-23, nan 
-65.375, 89.125, 4.531105550350422e-23, nan 
-65.125, 89.125, 4.9717307409163445e-23, nan 
-64.875, 89.125, 4.417613999166431e-23, nan 
-64.625, 89.125, 4.6179045890193923e-23, nan 
-64.375, 89.125, 5.1471697188503116e-23, nan 
-64.125, 89.125, 5.0855192876809305e-23, nan 
-63.875, 89.125, 4.837351952782309e-23, nan 
-63.625, 89.125, 4.894032734836682e-23, nan 
-63.375, 89.125, 5.244014700174271e-23, nan 
-63.125, 89.125, 4.909735172234642e-23, nan 
-62.875, 89.125, 5.0175983959678746e-23, nan 
-62.625, 89.125, 5.1431256957706886e-23, nan 
-62.375, 89.125, 4.9239530353130496e-23, nan 
-62.125, 89.125, 4.5999242459373996e-23, nan 
-61.875, 89.125, 5.0177117932013545e-23, nan 
-61.625, 89.125, 4.631307664180231e-23, nan 
-61.375, 89.125, 4.732542985931675e-23, nan 
-61.125, 89.125, 4.536781330415877e-23, nan 
-60.875, 89.125, 4.836629879547088e-23, nan 
-60.625, 89.125, 4.4904553609080335e-23, nan 
-60.375, 89.125, 4.6703066884547157e-23, nan 
-60.125, 89.125, 4.523211516705031e-23, nan 
-59.875, 89.125, 4.4578218925869845e-23, nan 
-59.625, 89.125, 4.381090191559162e-23, nan 
-59.375, 89.125, 4.5618762140806695e-23, nan 
-59.125, 89.125, 4.516752933390842e-23, nan 
-58.875, 89.125, 4.556186112150397e-23, nan 
-58.625, 89.125, 4.405866365171145e-23, nan 
-58.375, 89.125, 4.139359784229502e-23, nan 
-58.125, 89.125, 4.112149114696832e-23, nan 
-57.875, 89.125, 4.374967028235874e-23, nan 
-57.625, 89.125, 4.2601853863826203e-23, nan 
-57.375, 89.125, 4.479644777643746e-23, nan 
-57.125, 89.125, 4.9101694605272284e-23, nan 
-56.875, 89.125, 4.516094589878348e-23, nan 
-56.625, 89.125, 4.565394287731514e-23, nan 
-56.375, 89.125, 4.75878736398249e-23, nan 
-56.125, 89.125, 5.1886715164592797e-23, nan 
-55.875, 89.125, 6.081550224279139e-23, nan 
-55.625, 89.125, 6.286265804540912e-23, nan 
-55.375, 89.125, 6.192055151437457e-23, nan 
-55.125, 89.125, 6.79752304444393e-23, nan 
-54.875, 89.125, 6.004444974877268e-23, nan 
-54.625, 89.125, 6.764877144831739e-23, nan 
-54.375, 89.125, 5.988481571401302e-23, nan 
-54.125, 89.125, 6.331999305157348e-23, nan 
-53.875, 89.125, 6.552695591220886e-23, nan 
-53.625, 89.125, 5.926576276305326e-23, nan 
-53.375, 89.125, 5.848875050154605e-23, nan 
-53.125, 89.125, 6.29606145441512e-23, nan 
-52.875, 89.125, 6.250066856869603e-23, nan 
-52.625, 89.125, 6.551536276980038e-23, nan 
-52.375, 89.125, 6.083238905850442e-23, nan 
-52.125, 89.125, 6.11634484251365e-23, nan 
-51.875, 89.125, 5.716966831509875e-23, nan 
-51.625, 89.125, 5.940953966511042e-23, nan 
-51.375, 89.125, 5.923238524936274e-23, nan 
-51.125, 89.125, 5.969287008971654e-23, nan 
-50.875, 89.125, 5.324039023120129e-23, nan 
-50.625, 89.125, 5.527564281940361e-23, nan 
-50.375, 89.125, 5.1848683167121723e-23, nan 
-50.125, 89.125, 5.1571619849188534e-23, nan 
-49.875, 89.125, 4.674521417769678e-23, nan 
-49.625, 89.125, 4.271727570107689e-23, nan 
-49.375, 89.125, 3.90371139139238e-23, nan 
-49.125, 89.125, 3.4553020072082115e-23, nan 
-48.875, 89.125, 4.0752004485046303e-23, nan 
-48.625, 89.125, 2.7305294369468796e-23, nan 
-48.375, 89.125, 1.8294469455006676e-23, nan 
-48.125, 89.125, 2.1886382433945224e-23, nan 
-47.875, 89.125, 2.6030456317487526e-23, nan 
-47.625, 89.125, 3.616543327588578e-23, nan 
-47.375, 89.125, 4.27314407707336e-23, nan 
-47.125, 89.125, 4.847957175628467e-23, nan 
-46.875, 89.125, 4.417656809944141e-23, nan 
-46.625, 89.125, 3.2629858128204224e-23, nan 
-46.375, 89.125, 3.716904303219196e-23, nan 
-46.125, 89.125, 3.1244861707304636e-23, nan 
-45.875, 89.125, 3.552735526363301e-23, nan 
-45.625, 89.125, 3.052910505809528e-23, nan 
-45.375, 89.125, 3.115599172454547e-23, nan 
-45.125, 89.125, 2.923076109432663e-23, nan 
-44.875, 89.125, 3.958801530678025e-23, nan 
-44.625, 89.125, 3.3415878842722734e-23, nan 
-44.375, 89.125, 2.3100780268065877e-23, nan 
-44.125, 89.125, 2.562171521976173e-23, nan 
-43.875, 89.125, 2.948735949275277e-23, nan 
-43.625, 89.125, 3.1077957071052674e-23, nan 
-43.375, 89.125, 2.8059423555091737e-23, nan 
-43.125, 89.125, 2.98555173575734e-23, nan 
-42.875, 89.125, 2.979253374225207e-23, nan 
-42.625, 89.125, 2.996525322385071e-23, nan 
-42.375, 89.125, 2.9791125255962076e-23, nan 
-42.125, 89.125, 3.039700112677132e-23, nan 
-41.875, 89.125, 3.1764357094843374e-23, nan 
-41.625, 89.125, 3.309175059731877e-23, nan 
-41.375, 89.125, 3.0652243676454077e-23, nan 
-41.125, 89.125, 3.554306354523858e-23, nan 
-40.875, 89.125, 3.9501565264905e-23, nan 
-40.625, 89.125, 3.362326226565631e-23, nan 
-40.375, 89.125, 2.928052352240895e-23, nan 
-40.125, 89.125, 2.4705587420881937e-23, nan 
-39.875, 89.125, 2.3959590874656003e-23, nan 
-39.625, 89.125, 2.075478113387642e-23, nan 
-39.375, 89.125, 1.405514588424246e-23, nan 
-39.125, 89.125, 1.6732861854525632e-23, nan 
-38.875, 89.125, 1.2449194234585673e-23, nan 
-38.625, 89.125, 1.5401974946182336e-23, nan 
-38.375, 89.125, 1.0982306571802848e-23, nan 
-38.125, 89.125, 1.1903733931193737e-23, nan 
-37.875, 89.125, 2.1647825235334575e-23, nan 
-37.625, 89.125, 1.8584227298469625e-23, nan 
-37.375, 89.125, 2.0427816228601515e-23, nan 
-37.125, 89.125, 1.8501327530329053e-23, nan 
-36.875, 89.125, 1.9351029265720736e-23, nan 
-36.625, 89.125, 2.101198183064884e-23, nan 
-36.375, 89.125, 1.799447633183928e-23, nan 
-36.125, 89.125, 1.4847367875941296e-23, nan 
-35.875, 89.125, 1.2941326765812791e-23, nan 
-35.625, 89.125, 1.3742945700879327e-23, nan 
-35.375, 89.125, 1.2540036351527527e-23, nan 
-35.125, 89.125, 1.411815438945305e-23, nan 
-34.875, 89.125, 1.4503619088493064e-23, nan 
-34.625, 89.125, 1.184199536478549e-23, nan 
-34.375, 89.125, 9.750773301115484e-24, nan 
-34.125, 89.125, 1.0243482372193726e-23, nan 
-33.875, 89.125, 9.565054986742854e-24, nan 
-33.625, 89.125, 9.246470096646388e-24, nan 
-33.375, 89.125, 7.348363511117252e-24, nan 
-33.125, 89.125, 7.2602897031724e-24, nan 
-32.875, 89.125, 8.447629079169224e-24, nan 
-32.625, 89.125, 7.51583594613826e-24, nan 
-32.375, 89.125, 8.993030922700988e-24, nan 
-32.125, 89.125, 9.385397363262e-24, nan 
-31.875, 89.125, 1.2617368633377162e-23, nan 
-31.625, 89.125, 7.449730648559285e-24, nan 
-31.375, 89.125, 8.111042257384243e-24, nan 
-31.125, 89.125, 9.815061368417432e-24, nan 
-30.875, 89.125, 9.423233921348642e-24, nan 
-30.625, 89.125, 9.318439429687258e-24, nan 
-30.375, 89.125, 1.0727903817944666e-23, nan 
-30.125, 89.125, 1.1445974620498221e-23, nan 
-29.875, 89.125, 1.1958625390631764e-23, nan 
-29.625, 89.125, 1.217284352189309e-23, nan 
-29.375, 89.125, 1.4811124533145793e-23, nan 
-29.125, 89.125, 1.3776791350523065e-23, nan 
-28.875, 89.125, 2.0935913946824616e-23, nan 
-28.625, 89.125, 1.6040319182440074e-23, nan 
-28.375, 89.125, 2.429402717908426e-23, nan 
-28.125, 89.125, 1.821903005337766e-23, nan 
-27.875, 89.125, 1.84358975134554e-23, nan 
-27.625, 89.125, 1.825639392084045e-23, nan 
-27.375, 89.125, 2.1182191357426474e-23, nan 
-27.125, 89.125, 2.1167767008752552e-23, nan 
-26.875, 89.125, 2.0487270377697402e-23, nan 
-26.625, 89.125, 2.5712868556226943e-23, nan 
-26.375, 89.125, 2.7318684798005044e-23, nan 
-26.125, 89.125, 2.942658670797336e-23, nan 
-25.875, 89.125, 3.413800991696006e-23, nan 
-25.625, 89.125, 3.5421249676467045e-23, nan 
-25.375, 89.125, 3.762081063085267e-23, nan 
-25.125, 89.125, 4.0650776007305647e-23, nan 
-24.875, 89.125, 4.3038840302837787e-23, nan 
-24.625, 89.125, 4.3681226594217363e-23, nan 
-24.375, 89.125, 4.6547500400857576e-23, nan 
-24.125, 89.125, 4.644249928867121e-23, nan 
-23.875, 89.125, 4.709897764152352e-23, nan 
-23.625, 89.125, 5.858945745328795e-23, nan 
-23.375, 89.125, 5.297231901999668e-23, nan 
-23.125, 89.125, 5.445726373656931e-23, nan 
-22.875, 89.125, 5.348390554841232e-23, nan 
-22.625, 89.125, 5.45489616282634e-23, nan 
-22.375, 89.125, 6.983568223179287e-23, nan 
-22.125, 89.125, 4.123327020373216e-23, nan 
-21.875, 89.125, 6.05820759069496e-23, nan 
-21.625, 89.125, 5.731404268821874e-23, nan 
-21.375, 89.125, 6.395412791306094e-23, nan 
-21.125, 89.125, 6.396277377185537e-23, nan 
-20.875, 89.125, 6.027778957284294e-23, nan 
-20.625, 89.125, 5.776332840149455e-23, nan 
-20.375, 89.125, 5.342526457903618e-23, nan 
-20.125, 89.125, 4.0086369124754783e-23, nan 
-19.875, 89.125, 3.317463036651419e-23, nan 
-19.625, 89.125, 2.5149167876878063e-23, nan 
-19.375, 89.125, 4.195613183919674e-23, nan 
-19.125, 89.125, 4.0801781114335523e-23, nan 
-18.875, 89.125, 2.8631814531490535e-23, nan 
-18.625, 89.125, 1.7410162392508035e-23, nan 
-18.375, 89.125, 1.5062147122730113e-23, nan 
-18.125, 89.125, 2.9118873084182663e-23, nan 
-17.875, 89.125, 5.184895508007753e-23, nan 
-17.625, 89.125, 4.170671646277376e-23, nan 
-17.375, 89.125, 4.345463633283871e-23, nan 
-17.125, 89.125, 6.476804713918108e-23, nan 
-16.875, 89.125, 4.7403926602774664e-23, nan 
-16.625, 89.125, 5.29931715431838e-23, nan 
-16.375, 89.125, 4.147391266339583e-23, nan 
-16.125, 89.125, 5.565068259159352e-23, nan 
-15.875, 89.125, 4.020777898513877e-23, nan 
-15.625, 89.125, 3.5512776520442556e-23, nan 
-15.375, 89.125, 5.878492092492104e-23, nan 
-15.125, 89.125, 4.894096318691736e-23, nan 
-14.875, 89.125, 5.0447977099274294e-23, nan 
-14.625, 89.125, 5.1219165196843814e-23, nan 
-14.375, 89.125, 4.277042101610346e-23, nan 
-14.125, 89.125, 5.1495891170485123e-23, nan 
-13.875, 89.125, 6.130099422966919e-23, nan 
-13.625, 89.125, 5.403526059094951e-23, nan 
-13.375, 89.125, 5.531070666989354e-23, nan 
-13.125, 89.125, 5.826844080384872e-23, nan 
-12.875, 89.125, 5.877891796196945e-23, nan 
-12.625, 89.125, 6.070713506665489e-23, nan 
-12.375, 89.125, 6.318920309546267e-23, nan 
-12.125, 89.125, 6.359137701310688e-23, nan 
-11.875, 89.125, 6.715879401705628e-23, nan 
-11.625, 89.125, 6.422735342594864e-23, nan 
-11.375, 89.125, 6.585604831092249e-23, nan 
-11.125, 89.125, 6.204995553756376e-23, nan 
-10.875, 89.125, 6.725938897204219e-23, nan 
-10.625, 89.125, 6.811458780532323e-23, nan 
-10.375, 89.125, 6.347288011383949e-23, nan 
-10.125, 89.125, 6.796610751912297e-23, nan 
-9.875, 89.125, 6.968911373808549e-23, nan 
-9.625, 89.125, 7.17634561178267e-23, nan 
-9.375, 89.125, 7.311510740644146e-23, nan 
-9.125, 89.125, 6.922159888708127e-23, nan 
-8.875, 89.125, 6.698695900367654e-23, nan 
-8.625, 89.125, 6.481472977793208e-23, nan 
-8.375, 89.125, 6.508545568051198e-23, nan 
-8.125, 89.125, 6.252209252910216e-23, nan 
-7.875, 89.125, 4.7904268998856615e-23, nan 
-7.625, 89.125, 5.684287805957095e-23, nan 
-7.375, 89.125, 5.884979357223415e-23, nan 
-7.125, 89.125, 6.12095472721439e-23, nan 
-6.875, 89.125, 7.098986608789113e-23, nan 
-6.625, 89.125, 5.467469084687988e-23, nan 
-6.375, 89.125, 5.988684462298215e-23, nan 
-6.125, 89.125, 6.435302326334595e-23, nan 
-5.875, 89.125, 6.111996026316393e-23, nan 
-5.625, 89.125, 6.195281564161425e-23, nan 
-5.375, 89.125, 5.417411170703191e-23, nan 
-5.125, 89.125, 5.546945265567289e-23, nan 
-4.875, 89.125, 4.723449814650016e-23, nan 
-4.625, 89.125, 4.455830036573082e-23, nan 
-4.375, 89.125, 4.7347937030501685e-23, nan 
-4.125, 89.125, 5.950789955439829e-23, nan 
-3.875, 89.125, 6.115518471710164e-23, nan 
-3.625, 89.125, 6.005677043493676e-23, nan 
-3.375, 89.125, 6.115941221693684e-23, nan 
-3.125, 89.125, 6.148479265741067e-23, nan 
-2.875, 89.125, 6.097710618095347e-23, nan 
-2.625, 89.125, 6.100524829521064e-23, nan 
-2.375, 89.125, 6.273262944915917e-23, nan 
-2.125, 89.125, 6.100736908395212e-23, nan 
-1.875, 89.125, 5.80840748243732e-23, nan 
-1.625, 89.125, 5.67221408787361e-23, nan 
-1.375, 89.125, 5.780660292957791e-23, nan 
-1.125, 89.125, 5.366046887071699e-23, nan 
-0.875, 89.125, 5.379641229417404e-23, nan 
-0.625, 89.125, 5.643267510129831e-23, nan 
-0.375, 89.125, 5.568279713195182e-23, nan 
-0.125, 89.125, 5.497804754984086e-23, nan 
0.125, 89.125, 3.127140750556473e-23, nan 
0.375, 89.125, 4.90285689553142e-23, nan 
0.625, 89.125, 5.451667382804317e-23, nan 
0.875, 89.125, 5.910524239648995e-23, nan 
1.125, 89.125, 5.940694521578208e-23, nan 
1.375, 89.125, 5.880070047428918e-23, nan 
1.625, 89.125, 5.652529465291349e-23, nan 
1.875, 89.125, 5.654901793966716e-23, nan 
2.125, 89.125, 5.499627207011104e-23, nan 
2.375, 89.125, 5.367733163421791e-23, nan 
2.625, 89.125, 5.659056426630948e-23, nan 
2.875, 89.125, 5.845372556755758e-23, nan 
3.125, 89.125, 5.511612565390504e-23, nan 
3.375, 89.125, 5.608389854458484e-23, nan 
3.625, 89.125, 6.18801990910272e-23, nan 
3.875, 89.125, 5.565088520945996e-23, nan 
4.125, 89.125, 5.940009074233003e-23, nan 
4.375, 89.125, 5.823083816201615e-23, nan 
4.625, 89.125, 5.792882888933035e-23, nan 
4.875, 89.125, 5.86503654133329e-23, nan 
5.125, 89.125, 8.705569062490726e-23, nan 
5.375, 89.125, 6.063740768305207e-23, nan 
5.625, 89.125, 7.500678391896758e-23, nan 
5.875, 89.125, 5.98890148065789e-23, nan 
6.125, 89.125, 6.064331067331751e-23, nan 
6.375, 89.125, 7.267505601851074e-23, nan 
6.625, 89.125, 1.749090453472241e-23, nan 
6.875, 89.125, 5.066121613401708e-23, nan 
7.125, 89.125, 5.900713613994199e-23, nan 
7.375, 89.125, 4.36145263930171e-23, nan 
7.625, 89.125, 4.976162324624448e-23, nan 
7.875, 89.125, 4.017725094898597e-23, nan 
8.125, 89.125, 3.967503145306783e-23, nan 
8.375, 89.125, 3.968651587436363e-23, nan 
8.625, 89.125, 4.288332638566163e-23, nan 
8.875, 89.125, 4.463280661624937e-23, nan 
9.125, 89.125, 4.873458573753676e-23, nan 
9.375, 89.125, 4.842331822203566e-23, nan 
9.625, 89.125, 4.608340926556924e-23, nan 
9.875, 89.125, 4.3541678340940405e-23, nan 
10.125, 89.125, 4.291203604963173e-23, nan 
10.375, 89.125, 4.130544111600733e-23, nan 
10.625, 89.125, 3.978995869048737e-23, nan 
10.875, 89.125, 4.2476425674760337e-23, nan 
11.125, 89.125, 3.8693823852160495e-23, nan 
11.375, 89.125, 3.6308226732869835e-23, nan 
11.625, 89.125, 2.702471615346132e-23, nan 
11.875, 89.125, 2.178837864833843e-23, nan 
12.125, 89.125, 1.9032872337448658e-23, nan 
12.375, 89.125, 1.6207315589181973e-23, nan 
12.625, 89.125, 2.711512658633268e-23, nan 
12.875, 89.125, 1.1384858711984982e-23, nan 
13.125, 89.125, 1.4359102907416107e-23, nan 
13.375, 89.125, 1.5822909288510358e-23, nan 
13.625, 89.125, 9.237675541691308e-23, nan 
13.875, 89.125, 1.5604009846333416e-23, nan 
14.125, 89.125, 1.35655000876747e-23, nan 
14.375, 89.125, 1.7721331498862963e-23, nan 
14.625, 89.125, 1.3996939395882237e-23, nan 
14.875, 89.125, 1.3850212829415243e-23, nan 
15.125, 89.125, 1.1915453761412013e-23, nan 
15.375, 89.125, 1.5837001464582958e-23, nan 
15.625, 89.125, 1.2388118500018607e-23, nan 
15.875, 89.125, 1.280927533046511e-23, nan 
16.125, 89.125, 1.4628562305892032e-23, nan 
16.375, 89.125, 1.3299335564298443e-23, nan 
16.625, 89.125, 1.531610545466734e-23, nan 
16.875, 89.125, 1.943900981502299e-23, nan 
17.125, 89.125, 3.023753766895049e-23, nan 
17.375, 89.125, 1.606754192159589e-23, nan 
17.625, 89.125, 1.893914503078033e-23, nan 
17.875, 89.125, 9.707448824700703e-24, nan 
18.125, 89.125, 8.943622129239584e-24, nan 
18.375, 89.125, 9.000220686136664e-24, nan 
18.625, 89.125, 1.7056954852181953e-23, nan 
18.875, 89.125, 1.0964659560179021e-23, nan 
19.125, 89.125, 1.0948374045834555e-23, nan 
19.375, 89.125, 1.6743107667281437e-23, nan 
19.625, 89.125, 2.3463060809671956e-23, nan 
19.875, 89.125, 1.3574713742238823e-23, nan 
20.125, 89.125, 1.2142589982139525e-23, nan 
20.375, 89.125, 1.0351184353891282e-23, nan 
20.625, 89.125, 1.702828730170191e-23, nan 
20.875, 89.125, 1.2767643504512494e-23, nan 
21.125, 89.125, 1.7573526522049184e-23, nan 
21.375, 89.125, 1.6220767239300765e-23, nan 
21.625, 89.125, 1.6781101299053435e-23, nan 
21.875, 89.125, 1.1581770807643088e-23, nan 
22.125, 89.125, 1.57137352171392e-23, nan 
22.375, 89.125, 1.6616433631800377e-23, nan 
22.625, 89.125, 1.0671035938644355e-23, nan 
22.875, 89.125, 9.150180022446193e-24, nan 
23.125, 89.125, 1.6079205959624234e-23, nan 
23.375, 89.125, 1.2917670068848977e-23, nan 
23.625, 89.125, 1.3549985458002982e-23, nan 
23.875, 89.125, 1.3606639319772093e-23, nan 
24.125, 89.125, 1.026204901515946e-23, nan 
24.375, 89.125, 9.098219781364988e-24, nan 
24.625, 89.125, 1.0109238292533615e-23, nan 
24.875, 89.125, 9.90951044567375e-24, nan 
25.125, 89.125, 1.0368752952322387e-23, nan 
25.375, 89.125, 1.4176873767909747e-23, nan 
25.625, 89.125, 1.5850538346460053e-23, nan 
25.875, 89.125, 1.0830123834407822e-23, nan 
26.125, 89.125, 1.1301592619531099e-23, nan 
26.375, 89.125, 1.490808917417018e-23, nan 
26.625, 89.125, 1.2007001494715442e-23, nan 
26.875, 89.125, 8.315842202932326e-24, nan 
27.125, 89.125, 1.320522237004602e-23, nan 
27.375, 89.125, 1.6901868402456818e-23, nan 
27.625, 89.125, 1.8669925508645087e-23, nan 
27.875, 89.125, 2.0790352138131334e-23, nan 
28.125, 89.125, 1.9351880566598423e-23, nan 
28.375, 89.125, 2.1770983684631195e-23, nan 
28.625, 89.125, 1.734693855550459e-23, nan 
28.875, 89.125, 1.5965743457181798e-23, nan 
29.125, 89.125, 1.70298858139652e-23, nan 
29.375, 89.125, 2.3815846041879444e-23, nan 
29.625, 89.125, 1.365011433981666e-23, nan 
29.875, 89.125, 1.413114320757404e-23, nan 
30.125, 89.125, 1.8002724651899777e-23, nan 
30.375, 89.125, 3.117889094927616e-23, nan 
30.625, 89.125, 3.1228218168074507e-23, nan 
30.875, 89.125, 2.570096782671185e-23, nan 
31.125, 89.125, 3.583228781813423e-23, nan 
31.375, 89.125, 3.246912503118542e-23, nan 
31.625, 89.125, 4.1052336871045225e-23, nan 
31.875, 89.125, 3.4697235716549264e-23, nan 
32.125, 89.125, 4.186577347776767e-23, nan 
32.375, 89.125, 4.288327944760558e-23, nan 
32.625, 89.125, 4.55017801141088e-23, nan 
32.875, 89.125, 5.0573576070036966e-23, nan 
33.125, 89.125, 4.5693809263060794e-23, nan 
33.375, 89.125, 3.782829532781446e-23, nan 
33.625, 89.125, 3.518760360526467e-23, nan 
33.875, 89.125, 4.6664878764942513e-23, nan 
34.125, 89.125, 4.26621581165131e-23, nan 
34.375, 89.125, 4.295146957870071e-23, nan 
34.625, 89.125, 4.2411545995691937e-23, nan 
34.875, 89.125, 4.404684741921887e-23, nan 
35.125, 89.125, 3.6943935023895735e-23, nan 
35.375, 89.125, 3.592302425096915e-23, nan 
35.625, 89.125, 3.3721332876708314e-23, nan 
35.875, 89.125, 3.0894282836430174e-23, nan 
36.125, 89.125, 2.407029729760523e-23, nan 
36.375, 89.125, 3.223495397280543e-23, nan 
36.625, 89.125, 4.030453656102953e-23, nan 
36.875, 89.125, 3.866713403492554e-23, nan 
37.125, 89.125, 4.049419639985834e-23, nan 
37.375, 89.125, 4.411026001438037e-23, nan 
37.625, 89.125, 4.610707358147053e-23, nan 
37.875, 89.125, 4.008827622620693e-23, nan 
38.125, 89.125, 3.545229009345212e-23, nan 
38.375, 89.125, 2.2373706934188135e-23, nan 
38.625, 89.125, 2.803517041303181e-23, nan 
38.875, 89.125, 2.9779064985624244e-23, nan 
39.125, 89.125, 3.096841778387455e-23, nan 
39.375, 89.125, 3.250395573962192e-23, nan 
39.625, 89.125, 3.130971781436382e-23, nan 
39.875, 89.125, 3.4524264451013306e-23, nan 
40.125, 89.125, 3.6092514530983616e-23, nan 
40.375, 89.125, 3.686057372565949e-23, nan 
40.625, 89.125, 3.622021613119195e-23, nan 
40.875, 89.125, 3.4347899489561814e-23, nan 
41.125, 89.125, 3.5736246599462036e-23, nan 
41.375, 89.125, 3.2701032993847083e-23, nan 
41.625, 89.125, 3.235977279699777e-23, nan 
41.875, 89.125, 2.8986519457267566e-23, nan 
42.125, 89.125, 2.940477988699169e-23, nan 
42.375, 89.125, 2.9672824187306194e-23, nan 
42.625, 89.125, 3.08433292555614e-23, nan 
42.875, 89.125, 2.819122680647982e-23, nan 
43.125, 89.125, 3.280586373903787e-23, nan 
43.375, 89.125, 2.97285723515558e-23, nan 
43.625, 89.125, 3.0160037413726656e-23, nan 
43.875, 89.125, 2.813696447640486e-23, nan 
44.125, 89.125, 3.2266031478860755e-23, nan 
44.375, 89.125, 2.6020571736532373e-23, nan 
44.625, 89.125, 2.7643501195149826e-23, nan 
44.875, 89.125, 3.115895742263346e-23, nan 
45.125, 89.125, 2.7511840808405957e-23, nan 
45.375, 89.125, 3.033249141190643e-23, nan 
45.625, 89.125, 2.5862855063576627e-23, nan 
45.875, 89.125, 2.863421937956434e-23, nan 
46.125, 89.125, 2.7073158395821e-23, nan 
46.375, 89.125, 2.7188489569372667e-23, nan 
46.625, 89.125, 2.653409252563115e-23, nan 
46.875, 89.125, 2.79918477258606e-23, nan 
47.125, 89.125, 3.009508402347582e-23, nan 
47.375, 89.125, 2.802729658010136e-23, nan 
47.625, 89.125, 2.587958526242546e-23, nan 
47.875, 89.125, 3.195838973232642e-23, nan 
48.125, 89.125, 2.9130446779827154e-23, nan 
48.375, 89.125, 3.145563153985113e-23, nan 
48.625, 89.125, 3.1622818020573633e-23, nan 
48.875, 89.125, 3.205756663344934e-23, nan 
49.125, 89.125, 3.18046730870483e-23, nan 
49.375, 89.125, 3.013602129124473e-23, nan 
49.625, 89.125, 3.375540675766275e-23, nan 
49.875, 89.125, 3.1628938571767565e-23, nan 
50.125, 89.125, 3.3486613948978506e-23, nan 
50.375, 89.125, 2.932116248063106e-23, nan 
50.625, 89.125, 3.296868616511662e-23, nan 
50.875, 89.125, 3.1255360585077036e-23, nan 
51.125, 89.125, 3.421634780253245e-23, nan 
51.375, 89.125, 2.944315600350978e-23, nan 
51.625, 89.125, 3.0892420959182085e-23, nan 
51.875, 89.125, 3.0759462948341436e-23, nan 
52.125, 89.125, 2.923769544353768e-23, nan 
52.375, 89.125, 2.4472880827051316e-23, nan 
52.625, 89.125, 2.606942254176938e-23, nan 
52.875, 89.125, 2.7884869297754487e-23, nan 
53.125, 89.125, 2.6056933268346338e-23, nan 
53.375, 89.125, 2.8757001922913116e-23, nan 
53.625, 89.125, 3.123189549643889e-23, nan 
53.875, 89.125, 3.066635232132701e-23, nan 
54.125, 89.125, 2.7477121612710445e-23, nan 
54.375, 89.125, 2.4463978333907113e-23, nan 
54.625, 89.125, 1.9373469481550856e-23, nan 
54.875, 89.125, 2.680871728045448e-23, nan 
55.125, 89.125, 2.4939923127778383e-23, nan 
55.375, 89.125, 2.4862312418731478e-23, nan 
55.625, 89.125, 2.6403157810854908e-23, nan 
55.875, 89.125, 2.384437316065055e-23, nan 
56.125, 89.125, 2.486923502671326e-23, nan 
56.375, 89.125, 2.3983833367643792e-23, nan 
56.625, 89.125, 2.4720340182665848e-23, nan 
56.875, 89.125, 2.503712071822492e-23, nan 
57.125, 89.125, 2.4476337580721398e-23, nan 
57.375, 89.125, 2.392037567333386e-23, nan 
57.625, 89.125, 2.1076435262204055e-23, nan 
57.875, 89.125, 1.835661525776354e-23, nan 
58.125, 89.125, 1.7541631120892213e-23, nan 
58.375, 89.125, 1.6190141282378468e-23, nan 
58.625, 89.125, 1.6834361988505213e-23, nan 
58.875, 89.125, 1.6796952381331107e-23, nan 
59.125, 89.125, 1.5315620550361848e-23, nan 
59.375, 89.125, 1.812533519130858e-23, nan 
59.625, 89.125, 1.6684493314957644e-23, nan 
59.875, 89.125, 1.375007384837041e-23, nan 
60.125, 89.125, 1.5416661929018958e-23, nan 
60.375, 89.125, 1.5458425314281733e-23, nan 
60.625, 89.125, 1.2505728524195384e-23, nan 
60.875, 89.125, 1.5315215013331674e-23, nan 
61.125, 89.125, 1.5656415006078552e-23, nan 
61.375, 89.125, 1.8282590153236696e-23, nan 
61.625, 89.125, 1.521578944662854e-23, nan 
61.875, 89.125, 1.3260916964067384e-23, nan 
62.125, 89.125, 1.3523472768018986e-23, nan 
62.375, 89.125, 1.8840617057828207e-23, nan 
62.625, 89.125, 9.88695941689947e-24, nan 
62.875, 89.125, 1.3599954266872342e-23, nan 
63.125, 89.125, 1.2775792471705255e-23, nan 
63.375, 89.125, 1.769253480835222e-23, nan 
63.625, 89.125, 8.50345314300749e-24, nan 
63.875, 89.125, 1.474369524457325e-23, nan 
64.125, 89.125, 8.746296062684848e-24, nan 
64.375, 89.125, 1.362832662158459e-23, nan 
64.625, 89.125, 1.763557347904707e-23, nan 
64.875, 89.125, 8.514784940341102e-24, nan 
65.125, 89.125, 1.1451110741804222e-23, nan 
65.375, 89.125, 7.227210755979244e-24, nan 
65.625, 89.125, 1.6677812893268347e-23, nan 
65.875, 89.125, 1.0462280355521404e-23, nan 
66.125, 89.125, 1.4582562219493582e-23, nan 
66.375, 89.125, 1.5955372712832444e-23, nan 
66.625, 89.125, 1.4043498500630703e-23, nan 
66.875, 89.125, 1.5279063690553267e-23, nan 
67.125, 89.125, 1.3876264778397776e-23, nan 
67.375, 89.125, 1.3910794717514122e-23, nan 
67.625, 89.125, 1.5210907429696628e-23, nan 
67.875, 89.125, 1.3910439327813811e-23, nan 
68.125, 89.125, 1.480235837418964e-23, nan 
68.375, 89.125, 1.344009437867533e-23, nan 
68.625, 89.125, 1.3226364888689545e-23, nan 
68.875, 89.125, 1.3225552955188486e-23, nan 
69.125, 89.125, 1.2653479980237125e-23, nan 
69.375, 89.125, 1.687696654078334e-23, nan 
69.625, 89.125, 2.261300451723976e-23, nan 
69.875, 89.125, 2.1394162249349075e-23, nan 
70.125, 89.125, 2.1724828209647914e-23, nan 
70.375, 89.125, 1.5031848680153474e-23, nan 
70.625, 89.125, 1.8543267183629283e-23, nan 
70.875, 89.125, 1.5156418549041017e-23, nan 
71.125, 89.125, 1.8243497110861533e-23, nan 
71.375, 89.125, 1.8216615257578894e-23, nan 
71.625, 89.125, 2.0554912507780925e-23, nan 
71.875, 89.125, 2.09163189845401e-23, nan 
72.125, 89.125, 2.4330027198403652e-23, nan 
72.375, 89.125, 2.334941040211498e-23, nan 
72.625, 89.125, 2.4509845925187578e-23, nan 
72.875, 89.125, 2.4515191391719482e-23, nan 
73.125, 89.125, 2.596053946387382e-23, nan 
73.375, 89.125, 2.5198887900231865e-23, nan 
73.625, 89.125, 2.5999278083976446e-23, nan 
73.875, 89.125, 2.223502137560933e-23, nan 
74.125, 89.125, 2.342592251925683e-23, nan 
74.375, 89.125, 2.450190720165767e-23, nan 
74.625, 89.125, 2.420014945396936e-23, nan 
74.875, 89.125, 2.4343958128666217e-23, nan 
75.125, 89.125, 2.4776789427678338e-23, nan 
75.375, 89.125, 2.163609699270191e-23, nan 
75.625, 89.125, 2.2771823746454207e-23, nan 
75.875, 89.125, 2.2269772226118853e-23, nan 
76.125, 89.125, 2.0600082921572848e-23, nan 
76.375, 89.125, 2.0105033227911727e-23, nan 
76.625, 89.125, 2.2618465727346958e-23, nan 
76.875, 89.125, 1.8252773410051665e-23, nan 
77.125, 89.125, 2.0295436564068744e-23, nan 
77.375, 89.125, 1.7829104921050083e-23, nan 
77.625, 89.125, 1.8610975153288778e-23, nan 
77.875, 89.125, 1.8014458168685384e-23, nan 
78.125, 89.125, 1.6251169150705865e-23, nan 
78.375, 89.125, 1.599205952398399e-23, nan 
78.625, 89.125, 1.883802015642304e-23, nan 
78.875, 89.125, 1.9872001273389608e-23, nan 
79.125, 89.125, 2.0138355109736663e-23, nan 
79.375, 89.125, 2.0199154133181533e-23, nan 
79.625, 89.125, 2.1834660839332403e-23, nan 
79.875, 89.125, 2.2720565470144763e-23, nan 
80.125, 89.125, 1.8865175606589576e-23, nan 
80.375, 89.125, 2.1686418719140024e-23, nan 
80.625, 89.125, 2.4941181492119167e-23, nan 
80.875, 89.125, 2.0480764663365756e-23, nan 
81.125, 89.125, 1.7437161420538978e-23, nan 
81.375, 89.125, 1.9019136557464305e-23, nan 
81.625, 89.125, 1.9497572731188678e-23, nan 
81.875, 89.125, 1.991882426380738e-23, nan 
82.125, 89.125, 2.1332628888559164e-23, nan 
82.375, 89.125, 2.1245764315421162e-23, nan 
82.625, 89.125, 2.166394321630041e-23, nan 
82.875, 89.125, 2.1007467862407765e-23, nan 
83.125, 89.125, 2.0773718076059992e-23, nan 
83.375, 89.125, 2.112708959964711e-23, nan 
83.625, 89.125, 2.0816195503789664e-23, nan 
83.875, 89.125, 1.978179939373401e-23, nan 
84.125, 89.125, 2.0742421678594374e-23, nan 
84.375, 89.125, 2.0939733904271306e-23, nan 
84.625, 89.125, 2.0444346946750918e-23, nan 
84.875, 89.125, 2.0708721736602918e-23, nan 
85.125, 89.125, 2.1057726183204257e-23, nan 
85.375, 89.125, 2.07090156260727e-23, nan 
85.625, 89.125, 2.1395853837789215e-23, nan 
85.875, 89.125, 2.19176064506847e-23, nan 
86.125, 89.125, 2.2203167739737506e-23, nan 
86.375, 89.125, 2.176708783199127e-23, nan 
86.625, 89.125, 2.5528951336049226e-23, nan 
86.875, 89.125, 2.3514516825221875e-23, nan 
87.125, 89.125, 2.1359133289367341e-23, nan 
87.375, 89.125, 2.0159405961947307e-23, nan 
87.625, 89.125, 2.0203780843866397e-23, nan 
87.875, 89.125, 2.0463303534641486e-23, nan 
88.125, 89.125, 2.0489726824164105e-23, nan 
88.375, 89.125, 2.1667053920211653e-23, nan 
88.625, 89.125, 1.9920617850350058e-23, nan 
88.875, 89.125, 2.052243400394145e-23, nan 
89.125, 89.125, 2.2924660858665677e-23, nan 
89.375, 89.125, 2.1209853917481768e-23, nan 
89.625, 89.125, 2.1092319696387143e-23, nan 
89.875, 89.125, 2.0128765338288308e-23, nan 
90.125, 89.125, 1.987478716449326e-23, nan 
90.375, 89.125, 1.8982560576762138e-23, nan 
90.625, 89.125, 2.0090040508422493e-23, nan 
90.875, 89.125, 2.0381238082297846e-23, nan 
91.125, 89.125, 1.9491355790205816e-23, nan 
91.375, 89.125, 2.2337862375329656e-23, nan 
91.625, 89.125, 1.8234878000795485e-23, nan 
91.875, 89.125, 1.9094391994288102e-23, nan 
92.125, 89.125, 1.8720311630348444e-23, nan 
92.375, 89.125, 1.8078895149239785e-23, nan 
92.625, 89.125, 1.7402709645949803e-23, nan 
92.875, 89.125, 1.9403170298141453e-23, nan 
93.125, 89.125, 1.5526257993897426e-23, nan 
93.375, 89.125, 1.7199034760093026e-23, nan 
93.625, 89.125, 1.5526438202061114e-23, nan 
93.875, 89.125, 1.6133302222313678e-23, nan 
94.125, 89.125, 1.6451138641068637e-23, nan 
94.375, 89.125, 1.4996125059349592e-23, nan 
94.625, 89.125, 1.5309647098665175e-23, nan 
94.875, 89.125, 1.52877574871223e-23, nan 
95.125, 89.125, 1.710114383062006e-23, nan 
95.375, 89.125, 1.6798127644875554e-23, nan 
95.625, 89.125, 1.7376343469191507e-23, nan 
95.875, 89.125, 1.7359082607633788e-23, nan 
96.125, 89.125, 1.8198702605327194e-23, nan 
96.375, 89.125, 1.692230999730811e-23, nan 
96.625, 89.125, 1.8520241744548455e-23, nan 
96.875, 89.125, 2.1229457301287855e-23, nan 
97.125, 89.125, 1.6501182321741522e-23, nan 
97.375, 89.125, 1.4631294146236454e-23, nan 
97.625, 89.125, 1.4232203522484598e-23, nan 
97.875, 89.125, 1.617923102238299e-23, nan 
98.125, 89.125, 1.5215170562725828e-23, nan 
98.375, 89.125, 1.534281803322803e-23, nan 
98.625, 89.125, 1.713151683610495e-23, nan 
98.875, 89.125, 1.5697334859246037e-23, nan 
99.125, 89.125, 1.5242473929309535e-23, nan 
99.375, 89.125, 1.401738337201072e-23, nan 
99.625, 89.125, 1.4807074302036714e-23, nan 
99.875, 89.125, 1.3933691200048764e-23, nan 
100.125, 89.125, 1.2289086487212949e-23, nan 
100.375, 89.125, 1.3025402331911407e-23, nan 
100.625, 89.125, 1.2986117251966213e-23, nan 
100.875, 89.125, 1.1951785988899516e-23, nan 
101.125, 89.125, 1.1761542714511649e-23, nan 
101.375, 89.125, 1.1612575469451315e-23, nan 
101.625, 89.125, 1.124780098986715e-23, nan 
101.875, 89.125, 1.0764871955111629e-23, nan 
102.125, 89.125, 1.2132972175059223e-23, nan 
102.375, 89.125, 1.1048996216358822e-23, nan 
102.625, 89.125, 1.0215076394053296e-23, nan 
102.875, 89.125, 1.8717084941686845e-23, nan 
103.125, 89.125, 1.6721049641187925e-23, nan 
103.375, 89.125, 1.493061839484478e-23, nan 
103.625, 89.125, 1.3778792363933058e-23, nan 
103.875, 89.125, 1.2643305001414941e-23, nan 
104.125, 89.125, 1.1423758189588954e-23, nan 
104.375, 89.125, 9.675792855075698e-24, nan 
104.625, 89.125, 9.108121840434115e-24, nan 
104.875, 89.125, 7.572046601103738e-24, nan 
105.125, 89.125, 8.139223020856912e-24, nan 
105.375, 89.125, 8.31929087374123e-24, nan 
105.625, 89.125, 6.655347619861043e-24, nan 
105.875, 89.125, 7.031219437583213e-24, nan 
106.125, 89.125, 7.644772298301253e-24, nan 
106.375, 89.125, 1.0658354377390479e-23, nan 
106.625, 89.125, 9.540049077248247e-24, nan 
106.875, 89.125, 8.541435130898399e-24, nan 
107.125, 89.125, 8.296132183669111e-24, nan 
107.375, 89.125, 6.890763483608342e-24, nan 
107.625, 89.125, 7.032803703434954e-24, nan 
107.875, 89.125, 7.228994365057057e-24, nan 
108.125, 89.125, 8.398741722420593e-24, nan 
108.375, 89.125, 9.113959218441563e-24, nan 
108.625, 89.125, 7.57617647610453e-24, nan 
108.875, 89.125, 7.322338782317192e-24, nan 
109.125, 89.125, 8.4777957996824e-24, nan 
109.375, 89.125, 7.144890798938445e-24, nan 
109.625, 89.125, 7.770661413051814e-24, nan 
109.875, 89.125, 9.605595612395748e-24, nan 
110.125, 89.125, 1.011061220486834e-23, nan 
110.375, 89.125, 9.506534431880725e-24, nan 
110.625, 89.125, 1.0488768874287579e-23, nan 
110.875, 89.125, 9.950001275383794e-24, nan 
111.125, 89.125, 7.170874409599196e-24, nan 
111.375, 89.125, 8.050123549610563e-24, nan 
111.625, 89.125, 7.768107364507168e-24, nan 
111.875, 89.125, 6.683925232519256e-24, nan 
112.125, 89.125, 8.839595321320358e-24, nan 
112.375, 89.125, 9.006104652069588e-24, nan 
112.625, 89.125, 8.820614220631698e-24, nan 
112.875, 89.125, 8.284890534888106e-24, nan 
113.125, 89.125, 8.058734605282577e-24, nan 
113.375, 89.125, 8.446053519449465e-24, nan 
113.625, 89.125, 8.655907071276935e-24, nan 
113.875, 89.125, 9.051747163754406e-24, nan 
114.125, 89.125, 8.897147138942704e-24, nan 
114.375, 89.125, 8.799982051446157e-24, nan 
114.625, 89.125, 8.029114276328881e-24, nan 
114.875, 89.125, 9.051179642448882e-24, nan 
115.125, 89.125, 8.876210833421549e-24, nan 
115.375, 89.125, 9.386691733149866e-24, nan 
115.625, 89.125, 8.745856430166601e-24, nan 
115.875, 89.125, 8.881654008626004e-24, nan 
116.125, 89.125, 1.0043731105889017e-23, nan 
116.375, 89.125, 8.671078716638922e-24, nan 
116.625, 89.125, 9.74822142766115e-24, nan 
116.875, 89.125, 1.0451417458300374e-23, nan 
117.125, 89.125, 1.076194499476304e-23, nan 
117.375, 89.125, 1.0335478773510067e-23, nan 
117.625, 89.125, 1.110756159258483e-23, nan 
117.875, 89.125, 1.1552053404665131e-23, nan 
118.125, 89.125, 9.782853143782485e-24, nan 
118.375, 89.125, 1.2509108795551257e-23, nan 
118.625, 89.125, 1.0944110106180452e-23, nan 
118.875, 89.125, 1.1274792323291052e-23, nan 
119.125, 89.125, 1.1028856774922742e-23, nan 
119.375, 89.125, 1.1822564624288e-23, nan 
119.625, 89.125, 1.1399086478718834e-23, nan 
119.875, 89.125, 1.3011479487313232e-23, nan 
120.125, 89.125, 1.256202273901736e-23, nan 
120.375, 89.125, 1.4499308087931478e-23, nan 
120.625, 89.125, 1.4141128053525786e-23, nan 
120.875, 89.125, 1.3712900360951574e-23, nan 
121.125, 89.125, 1.4024660971020027e-23, nan 
121.375, 89.125, 1.3762611526187204e-23, nan 
121.625, 89.125, 1.298424731567588e-23, nan 
121.875, 89.125, 1.2576746143855392e-23, nan 
122.125, 89.125, 1.299938734959741e-23, nan 
122.375, 89.125, 1.3341837364500924e-23, nan 
122.625, 89.125, 1.2550815783601362e-23, nan 
122.875, 89.125, 1.2977166006556494e-23, nan 
123.125, 89.125, 1.2497843538128813e-23, nan 
123.375, 89.125, 1.2042362668646656e-23, nan 
123.625, 89.125, 1.248096902082027e-23, nan 
123.875, 89.125, 1.3603424008515165e-23, nan 
124.125, 89.125, 1.1652387635139576e-23, nan 
124.375, 89.125, 1.5901258699152175e-23, nan 
124.625, 89.125, 1.5103988391678713e-23, nan 
124.875, 89.125, 1.499794525729692e-23, nan 
125.125, 89.125, 1.642683365484135e-23, nan 
125.375, 89.125, 1.6268696154601893e-23, nan 
125.625, 89.125, 1.6244754345312657e-23, nan 
125.875, 89.125, 1.475885555882297e-23, nan 
126.125, 89.125, 1.3979127143611724e-23, nan 
126.375, 89.125, 1.1163415187596568e-23, nan 
126.625, 89.125, 1.3514195939118594e-23, nan 
126.875, 89.125, 2.0014507902445265e-23, nan 
127.125, 89.125, 1.35564774252091e-23, nan 
127.375, 89.125, 1.2778745107180925e-23, nan 
127.625, 89.125, 1.3702912207569075e-23, nan 
127.875, 89.125, 1.3029204887439477e-23, nan 
128.125, 89.125, 2.022686778636184e-23, nan 
128.375, 89.125, 2.193373084736211e-23, nan 
128.625, 89.125, 1.6271629630910138e-23, nan 
128.875, 89.125, 1.3685389999042698e-23, nan 
129.125, 89.125, 1.3305277276220145e-23, nan 
129.375, 89.125, 1.1604412314173775e-23, nan 
129.625, 89.125, 1.1954344880405701e-23, nan 
129.875, 89.125, 1.1585497752883198e-23, nan 
130.125, 89.125, 1.1897850474737935e-23, nan 
130.375, 89.125, 1.1942273947247174e-23, nan 
130.625, 89.125, 1.2165848442304115e-23, nan 
130.875, 89.125, 1.1197980355674642e-23, nan 
131.125, 89.125, 1.2621889712340262e-23, nan 
131.375, 89.125, 1.2700238120960632e-23, nan 
131.625, 89.125, 1.4155680807901974e-23, nan 
131.875, 89.125, 1.2490829066772677e-23, nan 
132.125, 89.125, 1.3289510207969942e-23, nan 
132.375, 89.125, 1.5944052542513827e-23, nan 
132.625, 89.125, 1.3283844956602174e-23, nan 
132.875, 89.125, 1.3203265278431234e-23, nan 
133.125, 89.125, 1.5913126889294823e-23, nan 
133.375, 89.125, 1.736188721304951e-23, nan 
133.625, 89.125, 1.5709498624927844e-23, nan 
133.875, 89.125, 1.4934806296001825e-23, nan 
134.125, 89.125, 1.6532371588370207e-23, nan 
134.375, 89.125, 1.481867990347325e-23, nan 
134.625, 89.125, 1.511052610587114e-23, nan 
134.875, 89.125, 1.5599857491426195e-23, nan 
135.125, 89.125, 1.6542457989397015e-23, nan 
135.375, 89.125, 1.616398418558252e-23, nan 
135.625, 89.125, 1.685415656386718e-23, nan 
135.875, 89.125, 1.570425107389418e-23, nan 
136.125, 89.125, 1.6318369805285857e-23, nan 
136.375, 89.125, 1.598768676632741e-23, nan 
136.625, 89.125, 1.610405896698784e-23, nan 
136.875, 89.125, 1.5183599266725048e-23, nan 
137.125, 89.125, 1.4162340619966854e-23, nan 
137.375, 89.125, 1.704673807168895e-23, nan 
137.625, 89.125, 1.487670830536624e-23, nan 
137.875, 89.125, 1.4757208555715044e-23, nan 
138.125, 89.125, 1.529874354155657e-23, nan 
138.375, 89.125, 1.7040720410367025e-23, nan 
138.625, 89.125, 1.8060237955039813e-23, nan 
138.875, 89.125, 1.3311645112782462e-23, nan 
139.125, 89.125, 1.4948328055340754e-23, nan 
139.375, 89.125, 1.33096513475049e-23, nan 
139.625, 89.125, 1.5016427209852686e-23, nan 
139.875, 89.125, 1.508069935730769e-23, nan 
140.125, 89.125, 1.5527655363086605e-23, nan 
140.375, 89.125, 1.4708041125570166e-23, nan 
140.625, 89.125, 1.7045643809890783e-23, nan 
140.875, 89.125, 1.5150614458431112e-23, nan 
141.125, 89.125, 1.7358100711869872e-23, nan 
141.375, 89.125, 1.6090839312793318e-23, nan 
141.625, 89.125, 1.6387895412573065e-23, nan 
141.875, 89.125, 1.6215996944383162e-23, nan 
142.125, 89.125, 1.6248447563166043e-23, nan 
142.375, 89.125, 1.5063047087126036e-23, nan 
142.625, 89.125, 1.4200194226036162e-23, nan 
142.875, 89.125, 1.6007651411417335e-23, nan 
143.125, 89.125, 1.536924945582611e-23, nan 
143.375, 89.125, 1.7767148811957203e-23, nan 
143.625, 89.125, 1.558415190788442e-23, nan 
143.875, 89.125, 1.6164807957209462e-23, nan 
144.125, 89.125, 1.568189749252503e-23, nan 
144.375, 89.125, 1.5699207218979776e-23, nan 
144.625, 89.125, 1.5058461613489623e-23, nan 
144.875, 89.125, 1.5353860565544076e-23, nan 
145.125, 89.125, 1.518155507765002e-23, nan 
145.375, 89.125, 1.576729111758867e-23, nan 
145.625, 89.125, 1.2969522713415808e-23, nan 
145.875, 89.125, 1.537632180167738e-23, nan 
146.125, 89.125, 1.391686418578151e-23, nan 
146.375, 89.125, 1.539430981020441e-23, nan 
146.625, 89.125, 1.5379456522341158e-23, nan 
146.875, 89.125, 1.74696285065041e-23, nan 
147.125, 89.125, 1.354651498905748e-23, nan 
147.375, 89.125, 1.7944084595366277e-23, nan 
147.625, 89.125, 1.3522519938852718e-23, nan 
147.875, 89.125, 1.562926887166755e-23, nan 
148.125, 89.125, 1.4206731208293153e-23, nan 
148.375, 89.125, 1.473819973970596e-23, nan 
148.625, 89.125, 1.3850737725994105e-23, nan 
148.875, 89.125, 1.4050933587712355e-23, nan 
149.125, 89.125, 1.51683436557797e-23, nan 
149.375, 89.125, 1.0736818165608162e-23, nan 
149.625, 89.125, 1.1575203750314361e-23, nan 
149.875, 89.125, 9.355768587403037e-24, nan 
150.125, 89.125, 1.326392926333529e-23, nan 
150.375, 89.125, 1.0670055968672528e-23, nan 
150.625, 89.125, 1.3366104807566987e-23, nan 
150.875, 89.125, 1.1537616446207545e-23, nan 
151.125, 89.125, 1.132023786123619e-23, nan 
151.375, 89.125, 1.1642981052484339e-23, nan 
151.625, 89.125, 1.0906457297935105e-23, nan 
151.875, 89.125, 1.3702665916533403e-23, nan 
152.125, 89.125, 1.370999004348934e-23, nan 
152.375, 89.125, 1.0918006114708745e-23, nan 
152.625, 89.125, 1.2703704725812272e-23, nan 
152.875, 89.125, 9.739360006482876e-24, nan 
153.125, 89.125, 1.470566000453264e-23, nan 
153.375, 89.125, 1.3703748322735507e-23, nan 
153.625, 89.125, 1.2123834905777934e-23, nan 
153.875, 89.125, 1.5310224402653976e-23, nan 
154.125, 89.125, 1.186921774908736e-23, nan 
154.375, 89.125, 1.4122092741450336e-23, nan 
154.625, 89.125, 1.48395216776549e-23, nan 
154.875, 89.125, 1.4037305506095036e-23, nan 
155.125, 89.125, 1.2623445051650349e-23, nan 
155.375, 89.125, 1.9875467753111315e-23, nan 
155.625, 89.125, 1.8914457212932276e-23, nan 
155.875, 89.125, 1.6537315328941736e-23, nan 
156.125, 89.125, 1.529943596529714e-23, nan 
156.375, 89.125, 1.9331217604044478e-23, nan 
156.625, 89.125, 2.288499708745922e-23, nan 
156.875, 89.125, 2.5584675935697576e-23, nan 
157.125, 89.125, 1.8500057770272046e-23, nan 
157.375, 89.125, 2.1378007588230824e-23, nan 
157.625, 89.125, 2.1653907834766858e-23, nan 
157.875, 89.125, 1.9238868489734687e-23, nan 
158.125, 89.125, 2.0664809172735875e-23, nan 
158.375, 89.125, 2.0219265717757286e-23, nan 
158.625, 89.125, 1.8953256188462274e-23, nan 
158.875, 89.125, 2.1774754690841758e-23, nan 
159.125, 89.125, 2.206562467925784e-23, nan 
159.375, 89.125, 1.9827153054917057e-23, nan 
159.625, 89.125, 2.2202907015005018e-23, nan 
159.875, 89.125, 2.206385857134266e-23, nan 
160.125, 89.125, 2.2197390347863143e-23, nan 
160.375, 89.125, 2.21841775049523e-23, nan 
160.625, 89.125, 2.0465270844850297e-23, nan 
160.875, 89.125, 2.2379955206023995e-23, nan 
161.125, 89.125, 2.381462446815753e-23, nan 
161.375, 89.125, 2.4399146375582385e-23, nan 
161.625, 89.125, 2.531600653654802e-23, nan 
161.875, 89.125, 2.8097890105852327e-23, nan 
162.125, 89.125, 2.8890381419949374e-23, nan 
162.375, 89.125, 3.083887982501499e-23, nan 
162.625, 89.125, 3.467329568333416e-23, nan 
162.875, 89.125, 3.795309041142889e-23, nan 
163.125, 89.125, 4.119747033770372e-23, nan 
163.375, 89.125, 4.4611207716880436e-23, nan 
163.625, 89.125, 4.700825295153119e-23, nan 
163.875, 89.125, 1.8826638278762825e-23, nan 
164.125, 89.125, 1.8394211440969898e-23, nan 
164.375, 89.125, 1.5511034593204473e-23, nan 
164.625, 89.125, 1.9215269842483298e-23, nan 
164.875, 89.125, 1.9382765650515888e-23, nan 
165.125, 89.125, 1.963443197238461e-23, nan 
165.375, 89.125, 2.1774212371185312e-23, nan 
165.625, 89.125, 2.222099455155138e-23, nan 
165.875, 89.125, 2.0857202161695606e-23, nan 
166.125, 89.125, 2.0089497504677324e-23, nan 
166.375, 89.125, 2.0997072744820583e-23, nan 
166.625, 89.125, 1.9144091076962052e-23, nan 
166.875, 89.125, 2.197709828552378e-23, nan 
167.125, 89.125, 2.2218952906538274e-23, nan 
167.375, 89.125, 2.2333024134251735e-23, nan 
167.625, 89.125, 2.3170193134142005e-23, nan 
167.875, 89.125, 2.2930582928463984e-23, nan 
168.125, 89.125, 2.386615948863555e-23, nan 
168.375, 89.125, 2.6764873915184727e-23, nan 
168.625, 89.125, 2.3958726516356335e-23, nan 
168.875, 89.125, 2.5065417292693287e-23, nan 
169.125, 89.125, 2.4461544992415e-23, nan 
169.375, 89.125, 2.5074155337136506e-23, nan 
169.625, 89.125, 2.5669059007523503e-23, nan 
169.875, 89.125, 2.6404140474609746e-23, nan 
170.125, 89.125, 2.6275575928798516e-23, nan 
170.375, 89.125, 2.652229589791428e-23, nan 
170.625, 89.125, 2.5889385143185602e-23, nan 
170.875, 89.125, 2.5583925411435708e-23, nan 
171.125, 89.125, 2.48026027059378e-23, nan 
171.375, 89.125, 2.4791308860935712e-23, nan 
171.625, 89.125, 2.762045203340713e-23, nan 
171.875, 89.125, 2.7148134598373483e-23, nan 
172.125, 89.125, 3.0114223662573556e-23, nan 
172.375, 89.125, 3.213180018382612e-23, nan 
172.625, 89.125, 3.102348870506432e-23, nan 
172.875, 89.125, 3.75647075450739e-23, nan 
173.125, 89.125, 4.338923339727794e-23, nan 
173.375, 89.125, 3.041986638273442e-23, nan 
173.625, 89.125, 3.23752685453005e-23, nan 
173.875, 89.125, 3.236297893814012e-23, nan 
174.125, 89.125, 3.3652195668295584e-23, nan 
174.375, 89.125, 3.335457766782804e-23, nan 
174.625, 89.125, 3.362586714207388e-23, nan 
174.875, 89.125, 3.336275765894022e-23, nan 
175.125, 89.125, 3.535328768958719e-23, nan 
175.375, 89.125, 3.336278836181797e-23, nan 
175.625, 89.125, 3.424173845072332e-23, nan 
175.875, 89.125, 3.418874066226217e-23, nan 
176.125, 89.125, 3.486691750720931e-23, nan 
176.375, 89.125, 3.537356964331897e-23, nan 
176.625, 89.125, 3.5431866430626115e-23, nan 
176.875, 89.125, 3.7622601863864843e-23, nan 
177.125, 89.125, 3.753139118249761e-23, nan 
177.375, 89.125, 3.901751853072546e-23, nan 
177.625, 89.125, 4.157034475452168e-23, nan 
177.875, 89.125, 4.4042588193654956e-23, nan 
178.125, 89.125, 4.7110659563982277e-23, nan 
178.375, 89.125, 5.105472502987707e-23, nan 
178.625, 89.125, 5.590883331486386e-23, nan 
178.875, 89.125, 6.134837051546889e-23, nan 
179.125, 89.125, 6.947068395999299e-23, nan 
179.375, 89.125, 7.482417146754056e-23, nan 
179.625, 89.125, 8.031506145624736e-23, nan 
179.875, 89.125, 8.466841199963418e-23, nan 
-179.875, 89.375, 4.923511353623926e-23, nan 
-179.625, 89.375, 4.888022497226293e-23, nan 
-179.375, 89.375, 3.23130896931224e-23, nan 
-179.125, 89.375, 2.4364694141297163e-23, nan 
-178.875, 89.375, 2.323122254004901e-23, nan 
-178.625, 89.375, 2.168508407639228e-23, nan 
-178.375, 89.375, 2.172937143412105e-23, nan 
-178.125, 89.375, 2.259573801138522e-23, nan 
-177.875, 89.375, 2.1508562808247134e-23, nan 
-177.625, 89.375, 2.303338409837726e-23, nan 
-177.375, 89.375, 2.2708517468977246e-23, nan 
-177.125, 89.375, 2.3758735550457086e-23, nan 
-176.875, 89.375, 2.3280739717365158e-23, nan 
-176.625, 89.375, 2.3845894311417512e-23, nan 
-176.375, 89.375, 2.2391540613902203e-23, nan 
-176.125, 89.375, 2.2728339676834432e-23, nan 
-175.875, 89.375, 2.3785603860906159e-23, nan 
-175.625, 89.375, 1.742514975901745e-23, nan 
-175.375, 89.375, 7.001167754138314e-24, nan 
-175.125, 89.375, 1.469320216619246e-23, nan 
-174.875, 89.375, 2.2240417556442032e-23, nan 
-174.625, 89.375, 2.4163289049857593e-23, nan 
-174.375, 89.375, 2.5187804990417666e-23, nan 
-174.125, 89.375, 2.5072187154513862e-23, nan 
-173.875, 89.375, 1.904057130866091e-23, nan 
-173.625, 89.375, 9.253422352208665e-24, nan 
-173.375, 89.375, 6.916998971992466e-24, nan 
-173.125, 89.375, 1.3022255812704414e-23, nan 
-172.875, 89.375, 9.728824915754669e-24, nan 
-172.625, 89.375, 6.027042453300988e-24, nan 
-172.375, 89.375, 5.8510660595618676e-24, nan 
-172.125, 89.375, 6.4827253752640935e-24, nan 
-171.875, 89.375, 1.0642688023013308e-23, nan 
-171.625, 89.375, 7.341227248914255e-24, nan 
-171.375, 89.375, 1.3221100432878644e-23, nan 
-171.125, 89.375, 8.62991405930048e-24, nan 
-170.875, 89.375, 9.351698743790812e-24, nan 
-170.625, 89.375, 1.3559572816477137e-23, nan 
-170.375, 89.375, 8.217035694427619e-24, nan 
-170.125, 89.375, 9.151534648691397e-24, nan 
-169.875, 89.375, 7.937501316880944e-24, nan 
-169.625, 89.375, 8.749203606040909e-24, nan 
-169.375, 89.375, 8.605501063856185e-24, nan 
-169.125, 89.375, 9.810635930645686e-24, nan 
-168.875, 89.375, 8.932369383566383e-24, nan 
-168.625, 89.375, 9.49213181371214e-24, nan 
-168.375, 89.375, 8.552783090921306e-24, nan 
-168.125, 89.375, 1.0392464301460853e-23, nan 
-167.875, 89.375, 8.534335184763747e-24, nan 
-167.625, 89.375, 9.832987381501292e-24, nan 
-167.375, 89.375, 8.897624472351501e-24, nan 
-167.125, 89.375, 1.0390474687818179e-23, nan 
-166.875, 89.375, 1.226924738206019e-23, nan 
-166.625, 89.375, 1.2635875007563305e-23, nan 
-166.375, 89.375, 1.1379938148119135e-23, nan 
-166.125, 89.375, 1.1910477832352267e-23, nan 
-165.875, 89.375, 1.1290945241503101e-23, nan 
-165.625, 89.375, 5.746771984050871e-24, nan 
-165.375, 89.375, 8.684255855168116e-24, nan 
-165.125, 89.375, 1.382897318866972e-23, nan 
-164.875, 89.375, 1.3641961393614285e-23, nan 
-164.625, 89.375, 7.626389904249062e-24, nan 
-164.375, 89.375, 1.209013661665758e-23, nan 
-164.125, 89.375, 1.4040473583728255e-23, nan 
-163.875, 89.375, 1.6151337810716147e-23, nan 
-163.625, 89.375, 1.2143110353735853e-23, nan 
-163.375, 89.375, 1.382131150332295e-23, nan 
-163.125, 89.375, 1.381805630831858e-23, nan 
-162.875, 89.375, 1.3932610806521616e-23, nan 
-162.625, 89.375, 1.2905802619484084e-23, nan 
-162.375, 89.375, 1.388011213553023e-23, nan 
-162.125, 89.375, 1.332917620986398e-23, nan 
-161.875, 89.375, 1.5194569115403023e-23, nan 
-161.625, 89.375, 1.447828946637074e-23, nan 
-161.375, 89.375, 1.510058352336024e-23, nan 
-161.125, 89.375, 1.6442250109240816e-23, nan 
-160.875, 89.375, 1.5377877049008897e-23, nan 
-160.625, 89.375, 1.4969294350939358e-23, nan 
-160.375, 89.375, 1.563432451148603e-23, nan 
-160.125, 89.375, 1.5107223431678158e-23, nan 
-159.875, 89.375, 1.7812500185862224e-23, nan 
-159.625, 89.375, 1.6445129604410137e-23, nan 
-159.375, 89.375, 1.718025793954667e-23, nan 
-159.125, 89.375, 1.6743382479524035e-23, nan 
-158.875, 89.375, 1.7646210827798052e-23, nan 
-158.625, 89.375, 1.8748992656257355e-23, nan 
-158.375, 89.375, 1.823162401288262e-23, nan 
-158.125, 89.375, 1.7764237267572806e-23, nan 
-157.875, 89.375, 1.919607732525222e-23, nan 
-157.625, 89.375, 1.9661054273452718e-23, nan 
-157.375, 89.375, 1.9557937129864818e-23, nan 
-157.125, 89.375, 1.9616909581664668e-23, nan 
-156.875, 89.375, 1.8678998266810858e-23, nan 
-156.625, 89.375, 1.8780392153403214e-23, nan 
-156.375, 89.375, 1.8952050535273537e-23, nan 
-156.125, 89.375, 1.8596317095860076e-23, nan 
-155.875, 89.375, 2.0016038610683964e-23, nan 
-155.625, 89.375, 1.9196666543240135e-23, nan 
-155.375, 89.375, 1.934639997185118e-23, nan 
-155.125, 89.375, 1.9138614383734968e-23, nan 
-154.875, 89.375, 2.074444933735323e-23, nan 
-154.625, 89.375, 1.9808089108074977e-23, nan 
-154.375, 89.375, 2.2624533091590412e-23, nan 
-154.125, 89.375, 2.01258745036475e-23, nan 
-153.875, 89.375, 2.0591990377606285e-23, nan 
-153.625, 89.375, 1.972971193978828e-23, nan 
-153.375, 89.375, 2.0334379678213063e-23, nan 
-153.125, 89.375, 2.030099329370129e-23, nan 
-152.875, 89.375, 2.3497157057481772e-23, nan 
-152.625, 89.375, 1.9673926227858765e-23, nan 
-152.375, 89.375, 2.0002100457979748e-23, nan 
-152.125, 89.375, 1.8770649298750127e-23, nan 
-151.875, 89.375, 2.0197325184306892e-23, nan 
-151.625, 89.375, 2.3433908883158926e-23, nan 
-151.375, 89.375, 2.3594928028280423e-23, nan 
-151.125, 89.375, 2.303852585934366e-23, nan 
-150.875, 89.375, 2.3764327807346277e-23, nan 
-150.625, 89.375, 2.275996768608559e-23, nan 
-150.375, 89.375, 2.237328417349455e-23, nan 
-150.125, 89.375, 2.1359892711380005e-23, nan 
-149.875, 89.375, 2.0034979424478023e-23, nan 
-149.625, 89.375, 1.776531056468001e-23, nan 
-149.375, 89.375, 7.96089636359582e-24, nan 
-149.125, 89.375, 1.5013314343690118e-23, nan 
-148.875, 89.375, 1.4599307885334302e-23, nan 
-148.625, 89.375, 2.1053060215120804e-23, nan 
-148.375, 89.375, 2.205013524055683e-23, nan 
-148.125, 89.375, 1.6530215196872876e-23, nan 
-147.875, 89.375, 1.4335626921240802e-23, nan 
-147.625, 89.375, 1.423151848053287e-23, nan 
-147.375, 89.375, 1.3154667190629482e-23, nan 
-147.125, 89.375, 1.220138248741231e-23, nan 
-146.875, 89.375, 1.2338409145357359e-23, nan 
-146.625, 89.375, 1.1451138560308459e-23, nan 
-146.375, 89.375, 1.0596139951394759e-23, nan 
-146.125, 89.375, 1.085167613903425e-23, nan 
-145.875, 89.375, 1.0227262944505337e-23, nan 
-145.625, 89.375, 9.670234092272501e-24, nan 
-145.375, 89.375, 1.1382000520646064e-23, nan 
-145.125, 89.375, 8.917551665473024e-24, nan 
-144.875, 89.375, 9.909149587347937e-24, nan 
-144.625, 89.375, 9.603504132607067e-24, nan 
-144.375, 89.375, 8.134857013209263e-24, nan 
-144.125, 89.375, 7.95362060673271e-24, nan 
-143.875, 89.375, 8.329840049414838e-24, nan 
-143.625, 89.375, 6.6987503948501e-24, nan 
-143.375, 89.375, 8.35145169553655e-24, nan 
-143.125, 89.375, 8.368905334222471e-24, nan 
-142.875, 89.375, 8.469594880356569e-24, nan 
-142.625, 89.375, 6.778725858968656e-24, nan 
-142.375, 89.375, 1.4783286885666063e-23, nan 
-142.125, 89.375, 8.54115680089704e-24, nan 
-141.875, 89.375, 8.815757568430614e-24, nan 
-141.625, 89.375, 8.30573536674213e-24, nan 
-141.375, 89.375, 6.349262139466108e-24, nan 
-141.125, 89.375, 6.517070725276308e-24, nan 
-140.875, 89.375, 8.984847249117579e-24, nan 
-140.625, 89.375, 6.70208059858581e-24, nan 
-140.375, 89.375, 1.1397878115478384e-23, nan 
-140.125, 89.375, 7.309760106636343e-24, nan 
-139.875, 89.375, 1.2480169661042592e-23, nan 
-139.625, 89.375, 7.579327229283418e-24, nan 
-139.375, 89.375, 9.532465566398161e-24, nan 
-139.125, 89.375, 8.388412558281047e-24, nan 
-138.875, 89.375, 7.362730574606614e-24, nan 
-138.625, 89.375, 6.853498721874674e-24, nan 
-138.375, 89.375, 6.811147424510574e-24, nan 
-138.125, 89.375, 9.398451470053808e-24, nan 
-137.875, 89.375, 6.854918646974521e-24, nan 
-137.625, 89.375, 6.919399696937177e-24, nan 
-137.375, 89.375, 7.881536932041897e-24, nan 
-137.125, 89.375, 8.329339695968594e-24, nan 
-136.875, 89.375, 9.780501600911037e-24, nan 
-136.625, 89.375, 8.177885054633547e-24, nan 
-136.375, 89.375, 9.011550886588642e-24, nan 
-136.125, 89.375, 7.612531340272229e-24, nan 
-135.875, 89.375, 9.037777523230562e-24, nan 
-135.625, 89.375, 1.0576300978754596e-23, nan 
-135.375, 89.375, 9.264659271145477e-24, nan 
-135.125, 89.375, 1.1714402413106936e-23, nan 
-134.875, 89.375, 9.051877469367788e-24, nan 
-134.625, 89.375, 7.923526053503488e-24, nan 
-134.375, 89.375, 1.0462843418703463e-23, nan 
-134.125, 89.375, 8.533491318359562e-24, nan 
-133.875, 89.375, 1.244901939747581e-23, nan 
-133.625, 89.375, 9.364515384300414e-24, nan 
-133.375, 89.375, 1.0729003553002893e-23, nan 
-133.125, 89.375, 8.873770141956286e-24, nan 
-132.875, 89.375, 1.005947897424721e-23, nan 
-132.625, 89.375, 9.92252965698667e-24, nan 
-132.375, 89.375, 1.568911803315317e-23, nan 
-132.125, 89.375, 1.476890416541369e-23, nan 
-131.875, 89.375, 1.1954301883300214e-23, nan 
-131.625, 89.375, 1.0312379650264262e-23, nan 
-131.375, 89.375, 8.798008836813042e-24, nan 
-131.125, 89.375, 7.322442294573421e-24, nan 
-130.875, 89.375, 8.143931621980809e-24, nan 
-130.625, 89.375, 7.390267794378686e-24, nan 
-130.375, 89.375, 9.712479950167139e-24, nan 
-130.125, 89.375, 9.676465245614795e-24, nan 
-129.875, 89.375, 1.0510130678619248e-23, nan 
-129.625, 89.375, 1.0812579133944295e-23, nan 
-129.375, 89.375, 1.2607602293125556e-23, nan 
-129.125, 89.375, 1.153623240154809e-23, nan 
-128.875, 89.375, 1.0672557611058735e-23, nan 
-128.625, 89.375, 1.0837945875282778e-23, nan 
-128.375, 89.375, 1.0860862075510864e-23, nan 
-128.125, 89.375, 1.1541759131585551e-23, nan 
-127.875, 89.375, 1.1879189699890982e-23, nan 
-127.625, 89.375, 1.2885167685287537e-23, nan 
-127.375, 89.375, 1.3230099178607969e-23, nan 
-127.125, 89.375, 1.3775961196671177e-23, nan 
-126.875, 89.375, 1.2584786958624728e-23, nan 
-126.625, 89.375, 1.2594629967237577e-23, nan 
-126.375, 89.375, 1.157697312533066e-23, nan 
-126.125, 89.375, 1.2154880390036715e-23, nan 
-125.875, 89.375, 1.37553388349235e-23, nan 
-125.625, 89.375, 1.2980805828110384e-23, nan 
-125.375, 89.375, 1.3505459158115064e-23, nan 
-125.125, 89.375, 1.3541721571245678e-23, nan 
-124.875, 89.375, 1.2060745735888841e-23, nan 
-124.625, 89.375, 1.394166095594731e-23, nan 
-124.375, 89.375, 1.2822335929782849e-23, nan 
-124.125, 89.375, 1.432622228329949e-23, nan 
-123.875, 89.375, 1.398944873368295e-23, nan 
-123.625, 89.375, 9.476639227944853e-24, nan 
-123.375, 89.375, 7.686218334496551e-24, nan 
-123.125, 89.375, 7.591388449712736e-24, nan 
-122.875, 89.375, 8.372269189366683e-24, nan 
-122.625, 89.375, 1.0739387139784485e-23, nan 
-122.375, 89.375, 8.472717950839053e-24, nan 
-122.125, 89.375, 1.0213359375688976e-23, nan 
-121.875, 89.375, 1.2766522201566832e-23, nan 
-121.625, 89.375, 1.0282379025788907e-23, nan 
-121.375, 89.375, 8.973460395991944e-24, nan 
-121.125, 89.375, 9.721433857854858e-24, nan 
-120.875, 89.375, 9.191359060080934e-24, nan 
-120.625, 89.375, 1.0273455659522708e-23, nan 
-120.375, 89.375, 6.934963322600897e-24, nan 
-120.125, 89.375, 1.0343170663883642e-23, nan 
-119.875, 89.375, 8.005084400802445e-24, nan 
-119.625, 89.375, 1.1203604396407156e-23, nan 
-119.375, 89.375, 7.930814902774048e-24, nan 
-119.125, 89.375, 7.048192386467787e-24, nan 
-118.875, 89.375, 5.655807379306927e-24, nan 
-118.625, 89.375, 6.241626703116734e-24, nan 
-118.375, 89.375, 5.566276032836276e-24, nan 
-118.125, 89.375, 6.695343752113118e-24, nan 
-117.875, 89.375, 4.6732828222214756e-24, nan 
-117.625, 89.375, 1.005072505844645e-23, nan 
-117.375, 89.375, 6.081650078922307e-24, nan 
-117.125, 89.375, 9.894905243937543e-24, nan 
-116.875, 89.375, 5.5573072013670855e-24, nan 
-116.625, 89.375, 7.844488050069344e-24, nan 
-116.375, 89.375, 3.571970584282832e-24, nan 
-116.125, 89.375, 6.878843216367554e-24, nan 
-115.875, 89.375, 4.72001661018783e-24, nan 
-115.625, 89.375, 5.6929287041075e-24, nan 
-115.375, 89.375, 5.17646062065523e-24, nan 
-115.125, 89.375, 5.719871677120601e-24, nan 
-114.875, 89.375, 4.480532049549642e-24, nan 
-114.625, 89.375, 6.6493760061743e-24, nan 
-114.375, 89.375, 4.7856583906881744e-24, nan 
-114.125, 89.375, 5.4759921478737976e-24, nan 
-113.875, 89.375, 7.002975192397194e-24, nan 
-113.625, 89.375, 4.075757181787613e-24, nan 
-113.375, 89.375, 5.633461360393912e-24, nan 
-113.125, 89.375, 5.436751007647696e-24, nan 
-112.875, 89.375, 6.384307383967602e-24, nan 
-112.625, 89.375, 5.6228805814178386e-24, nan 
-112.375, 89.375, 6.188861366360065e-24, nan 
-112.125, 89.375, 4.077606967693348e-24, nan 
-111.875, 89.375, 6.838838590459892e-24, nan 
-111.625, 89.375, 2.3054210991391232e-24, nan 
-111.375, 89.375, 7.438905389391156e-24, nan 
-111.125, 89.375, 6.366047923895394e-24, nan 
-110.875, 89.375, 6.721768544195767e-24, nan 
-110.625, 89.375, 5.173235296749937e-24, nan 
-110.375, 89.375, 5.531146927180013e-24, nan 
-110.125, 89.375, 2.7104830562731842e-24, nan 
-109.875, 89.375, 2.8929257306884194e-24, nan 
-109.625, 89.375, 6.78082239533228e-24, nan 
-109.375, 89.375, 3.967714342366275e-24, nan 
-109.125, 89.375, 6.2834476197032596e-24, nan 
-108.875, 89.375, 3.523974884364925e-24, nan 
-108.625, 89.375, 5.182796452879729e-24, nan 
-108.375, 89.375, 4.657779072385806e-24, nan 
-108.125, 89.375, 4.72388691920212e-24, nan 
-107.875, 89.375, 7.297671994798362e-24, nan 
-107.625, 89.375, 8.091335122070634e-24, nan 
-107.375, 89.375, 7.481427636362335e-24, nan 
-107.125, 89.375, 7.58342779369882e-24, nan 
-106.875, 89.375, 7.588531560519917e-24, nan 
-106.625, 89.375, 4.543769177055701e-24, nan 
-106.375, 89.375, 4.34835868235182e-24, nan 
-106.125, 89.375, 3.604402438253508e-24, nan 
-105.875, 89.375, 4.021537000511489e-24, nan 
-105.625, 89.375, 4.422497562933208e-24, nan 
-105.375, 89.375, 5.1272467526672636e-24, nan 
-105.125, 89.375, 4.5849383959866234e-24, nan 
-104.875, 89.375, 3.9629770298255656e-24, nan 
-104.625, 89.375, 5.619758734814025e-24, nan 
-104.375, 89.375, 2.5856586854960065e-24, nan 
-104.125, 89.375, 4.058674921995094e-24, nan 
-103.875, 89.375, 2.7407754984873946e-24, nan 
-103.625, 89.375, 3.530781742960838e-24, nan 
-103.375, 89.375, 3.406028478920469e-24, nan 
-103.125, 89.375, 2.84329335357996e-24, nan 
-102.875, 89.375, 4.8795173784733456e-24, nan 
-102.625, 89.375, 2.5575912200676573e-24, nan 
-102.375, 89.375, 5.059961314865934e-24, nan 
-102.125, 89.375, 4.945519938537703e-24, nan 
-101.875, 89.375, 5.025108699090757e-24, nan 
-101.625, 89.375, 4.332392017959859e-24, nan 
-101.375, 89.375, 4.8449493087410385e-24, nan 
-101.125, 89.375, 5.259648876449985e-24, nan 
-100.875, 89.375, 6.487910789007019e-24, nan 
-100.625, 89.375, 4.036401709544732e-24, nan 
-100.375, 89.375, 5.181195027656332e-24, nan 
-100.125, 89.375, 3.584140832938801e-24, nan 
-99.875, 89.375, 4.864230549397867e-24, nan 
-99.625, 89.375, 4.859435016500864e-24, nan 
-99.375, 89.375, 4.146346131236034e-24, nan 
-99.125, 89.375, 2.509952263914309e-24, nan 
-98.875, 89.375, 2.0907556409522536e-24, nan 
-98.625, 89.375, 1.201070901990397e-24, nan 
-98.375, 89.375, 1.62627298808378e-24, nan 
-98.125, 89.375, 2.1550804138192135e-24, nan 
-97.875, 89.375, 1.4622725387298613e-24, nan 
-97.625, 89.375, 2.0017562909936906e-24, nan 
-97.375, 89.375, 2.074632062131899e-24, nan 
-97.125, 89.375, 3.001630864510714e-24, nan 
-96.875, 89.375, 2.4304279278320065e-24, nan 
-96.625, 89.375, 3.2528999361396205e-24, nan 
-96.375, 89.375, 3.500555868381718e-24, nan 
-96.125, 89.375, 4.701122742470434e-24, nan 
-95.875, 89.375, 4.664990880982269e-24, nan 
-95.625, 89.375, 9.606917718306802e-24, nan 
-95.375, 89.375, 9.6770239494395e-24, nan 
-95.125, 89.375, 9.77892163244923e-24, nan 
-94.875, 89.375, 9.67392489207252e-24, nan 
-94.625, 89.375, 9.80426442119453e-24, nan 
-94.375, 89.375, 7.493791119401215e-24, nan 
-94.125, 89.375, 9.795784083951564e-24, nan 
-93.875, 89.375, 8.46191464481006e-24, nan 
-93.625, 89.375, 8.874219459787286e-24, nan 
-93.375, 89.375, 9.354379530886464e-24, nan 
-93.125, 89.375, 8.664720281929356e-24, nan 
-92.875, 89.375, 7.040259872581278e-24, nan 
-92.625, 89.375, 8.3787146595462e-24, nan 
-92.375, 89.375, 7.298484076263804e-24, nan 
-92.125, 89.375, 8.319537135669502e-24, nan 
-91.875, 89.375, 7.021635710408473e-24, nan 
-91.625, 89.375, 7.56901351933246e-24, nan 
-91.375, 89.375, 7.14641695552192e-24, nan 
-91.125, 89.375, 8.205609426612266e-24, nan 
-90.875, 89.375, 8.226813957304752e-24, nan 
-90.625, 89.375, 8.824310975396955e-24, nan 
-90.375, 89.375, 1.0413463918757834e-23, nan 
-90.125, 89.375, 1.0254396008762262e-23, nan 
-89.875, 89.375, 1.1779339293455628e-23, nan 
-89.625, 89.375, 1.055884904861494e-23, nan 
-89.375, 89.375, 8.267299677424215e-24, nan 
-89.125, 89.375, 1.0329731590442448e-23, nan 
-88.875, 89.375, 8.163285671468764e-24, nan 
-88.625, 89.375, 1.239809313428729e-23, nan 
-88.375, 89.375, 8.942806987164354e-24, nan 
-88.125, 89.375, 1.0065117603616999e-23, nan 
-87.875, 89.375, 5.6569716711906464e-24, nan 
-87.625, 89.375, 1.0776311071746913e-23, nan 
-87.375, 89.375, 1.0664692975513833e-23, nan 
-87.125, 89.375, 7.78162527486103e-24, nan 
-86.875, 89.375, 1.1972523267548803e-23, nan 
-86.625, 89.375, 1.064356151701743e-23, nan 
-86.375, 89.375, 1.2134730030921897e-23, nan 
-86.125, 89.375, 8.093961507046076e-24, nan 
-85.875, 89.375, 1.154890428282473e-23, nan 
-85.625, 89.375, 1.1059103760699668e-23, nan 
-85.375, 89.375, 9.955861143162345e-24, nan 
-85.125, 89.375, 1.0221227982877492e-23, nan 
-84.875, 89.375, 1.4275352920374738e-23, nan 
-84.625, 89.375, 9.253058685128983e-24, nan 
-84.375, 89.375, 1.4673202695797725e-23, nan 
-84.125, 89.375, 1.1182600259882646e-23, nan 
-83.875, 89.375, 1.4080627637468576e-23, nan 
-83.625, 89.375, 9.938835832086999e-24, nan 
-83.375, 89.375, 1.4470949716229935e-23, nan 
-83.125, 89.375, 1.1368984250574414e-23, nan 
-82.875, 89.375, 1.1935190809610355e-23, nan 
-82.625, 89.375, 1.4616437959318174e-23, nan 
-82.375, 89.375, 1.4990949485736543e-23, nan 
-82.125, 89.375, 1.329308485635492e-23, nan 
-81.875, 89.375, 1.423706514217973e-23, nan 
-81.625, 89.375, 1.3842757814862093e-23, nan 
-81.375, 89.375, 1.2286965272036507e-23, nan 
-81.125, 89.375, 1.2567192047834268e-23, nan 
-80.875, 89.375, 1.471180524119759e-23, nan 
-80.625, 89.375, 1.2130091360645615e-23, nan 
-80.375, 89.375, 1.3760897749588223e-23, nan 
-80.125, 89.375, 1.3511887574720437e-23, nan 
-79.875, 89.375, 8.876801483717235e-24, nan 
-79.625, 89.375, 1.4083202391597722e-23, nan 
-79.375, 89.375, 1.4272709788341097e-23, nan 
-79.125, 89.375, 1.4840310081251744e-23, nan 
-78.875, 89.375, 1.426158713949709e-23, nan 
-78.625, 89.375, 1.5060688896786471e-23, nan 
-78.375, 89.375, 1.3671492102037277e-23, nan 
-78.125, 89.375, 1.448758582392883e-23, nan 
-77.875, 89.375, 1.12763315990137e-23, nan 
-77.625, 89.375, 1.6689378243316445e-23, nan 
-77.375, 89.375, 1.1211712593743224e-23, nan 
-77.125, 89.375, 1.5598839475723055e-23, nan 
-76.875, 89.375, 1.4031345990840674e-23, nan 
-76.625, 89.375, 1.1398144084685444e-23, nan 
-76.375, 89.375, 1.6877246863595072e-23, nan 
-76.125, 89.375, 1.7937467506552524e-23, nan 
-75.875, 89.375, 1.333162998748777e-23, nan 
-75.625, 89.375, 1.8046305296577368e-23, nan 
-75.375, 89.375, 1.3948194833163082e-23, nan 
-75.125, 89.375, 1.9197531626759956e-23, nan 
-74.875, 89.375, 1.7322313029567687e-23, nan 
-74.625, 89.375, 1.9530073929744025e-23, nan 
-74.375, 89.375, 1.943971875221178e-23, nan 
-74.125, 89.375, 2.1252242762117477e-23, nan 
-73.875, 89.375, 2.0600293722878256e-23, nan 
-73.625, 89.375, 2.1838721559377888e-23, nan 
-73.375, 89.375, 2.2117553805976484e-23, nan 
-73.125, 89.375, 2.424941244028749e-23, nan 
-72.875, 89.375, 1.897953646224195e-23, nan 
-72.625, 89.375, 2.1971606228136508e-23, nan 
-72.375, 89.375, 2.1123302176131676e-23, nan 
-72.125, 89.375, 2.5791547966722832e-23, nan 
-71.875, 89.375, 2.1422876358071285e-23, nan 
-71.625, 89.375, 1.9564437874747114e-23, nan 
-71.375, 89.375, 1.9656732446027562e-23, nan 
-71.125, 89.375, 2.7407331081784205e-23, nan 
-70.875, 89.375, 2.3801968351827296e-23, nan 
-70.625, 89.375, 2.0549344335261265e-23, nan 
-70.375, 89.375, 1.8951964468444215e-23, nan 
-70.125, 89.375, 1.716036624161956e-23, nan 
-69.875, 89.375, 1.5574554247862876e-23, nan 
-69.625, 89.375, 1.3474754014948103e-23, nan 
-69.375, 89.375, 1.9709919488272975e-23, nan 
-69.125, 89.375, 1.6892402744454588e-23, nan 
-68.875, 89.375, 2.0417409867167057e-23, nan 
-68.625, 89.375, 1.7738216740259782e-23, nan 
-68.375, 89.375, 2.0349644688672567e-23, nan 
-68.125, 89.375, 1.8872517085383573e-23, nan 
-67.875, 89.375, 2.085728870137416e-23, nan 
-67.625, 89.375, 1.42119046364453e-23, nan 
-67.375, 89.375, 1.7929673455805306e-23, nan 
-67.125, 89.375, 2.5563662198947292e-23, nan 
-66.875, 89.375, 3.0137013393113357e-23, nan 
-66.625, 89.375, 2.1471321340809122e-23, nan 
-66.375, 89.375, 1.9720526565659907e-23, nan 
-66.125, 89.375, 2.244308097502253e-23, nan 
-65.875, 89.375, 2.1485994533394752e-23, nan 
-65.625, 89.375, 2.3475560352815904e-23, nan 
-65.375, 89.375, 2.2804278090798355e-23, nan 
-65.125, 89.375, 2.646881185804802e-23, nan 
-64.875, 89.375, 2.4125755530379828e-23, nan 
-64.625, 89.375, 2.5252549941749998e-23, nan 
-64.375, 89.375, 2.988465036651988e-23, nan 
-64.125, 89.375, 2.743153315850353e-23, nan 
-63.875, 89.375, 2.693572502459663e-23, nan 
-63.625, 89.375, 2.4401175847455303e-23, nan 
-63.375, 89.375, 2.958696223844659e-23, nan 
-63.125, 89.375, 2.5182604914436126e-23, nan 
-62.875, 89.375, 2.6464369136942273e-23, nan 
-62.625, 89.375, 3.0221419796796505e-23, nan 
-62.375, 89.375, 2.722316740394263e-23, nan 
-62.125, 89.375, 2.805503592243088e-23, nan 
-61.875, 89.375, 2.887923575470105e-23, nan 
-61.625, 89.375, 2.78395762279921e-23, nan 
-61.375, 89.375, 2.795919771285278e-23, nan 
-61.125, 89.375, 2.947918922328073e-23, nan 
-60.875, 89.375, 3.2627722932016686e-23, nan 
-60.625, 89.375, 2.898203710226735e-23, nan 
-60.375, 89.375, 2.833500767196978e-23, nan 
-60.125, 89.375, 2.914841442918593e-23, nan 
-59.875, 89.375, 3.274150099421791e-23, nan 
-59.625, 89.375, 2.871165650452011e-23, nan 
-59.375, 89.375, 3.163768726737634e-23, nan 
-59.125, 89.375, 2.957958059069295e-23, nan 
-58.875, 89.375, 3.1162488261661205e-23, nan 
-58.625, 89.375, 3.1534902985178623e-23, nan 
-58.375, 89.375, 3.081333602371588e-23, nan 
-58.125, 89.375, 3.141384055779371e-23, nan 
-57.875, 89.375, 3.083450327983769e-23, nan 
-57.625, 89.375, 3.1306302580133476e-23, nan 
-57.375, 89.375, 3.069070953527896e-23, nan 
-57.125, 89.375, 3.4834847932647355e-23, nan 
-56.875, 89.375, 3.098029554640799e-23, nan 
-56.625, 89.375, 3.1475812058685216e-23, nan 
-56.375, 89.375, 3.096229688206091e-23, nan 
-56.125, 89.375, 3.3605890994373756e-23, nan 
-55.875, 89.375, 3.567588604125992e-23, nan 
-55.625, 89.375, 3.719394131662905e-23, nan 
-55.375, 89.375, 3.829549610664442e-23, nan 
-55.125, 89.375, 4.216876486744066e-23, nan 
-54.875, 89.375, 3.871822571248496e-23, nan 
-54.625, 89.375, 4.303679796047362e-23, nan 
-54.375, 89.375, 3.9338906601402736e-23, nan 
-54.125, 89.375, 3.96377870324073e-23, nan 
-53.875, 89.375, 4.303174141383656e-23, nan 
-53.625, 89.375, 3.7541245697848036e-23, nan 
-53.375, 89.375, 3.640213383972571e-23, nan 
-53.125, 89.375, 4.078960655737032e-23, nan 
-52.875, 89.375, 3.76453377846683e-23, nan 
-52.625, 89.375, 4.0468347996802343e-23, nan 
-52.375, 89.375, 3.775947272167814e-23, nan 
-52.125, 89.375, 3.782191019344281e-23, nan 
-51.875, 89.375, 3.72165835215144e-23, nan 
-51.625, 89.375, 3.718307823013355e-23, nan 
-51.375, 89.375, 3.700236110161634e-23, nan 
-51.125, 89.375, 3.632343713563828e-23, nan 
-50.875, 89.375, 3.696645689647519e-23, nan 
-50.625, 89.375, 3.570249176050263e-23, nan 
-50.375, 89.375, 3.594855896062497e-23, nan 
-50.125, 89.375, 3.256556758858573e-23, nan 
-49.875, 89.375, 3.0926475140156976e-23, nan 
-49.625, 89.375, 3.0269098128512435e-23, nan 
-49.375, 89.375, 3.2653757450889344e-23, nan 
-49.125, 89.375, 3.044337004522665e-23, nan 
-48.875, 89.375, 3.14219692135153e-23, nan 
-48.625, 89.375, 2.9661467774530683e-23, nan 
-48.375, 89.375, 3.244522193060784e-23, nan 
-48.125, 89.375, 3.0776187566079134e-23, nan 
-47.875, 89.375, 3.0884127495192834e-23, nan 
-47.625, 89.375, 3.3898832918046423e-23, nan 
-47.375, 89.375, 3.4881179468885297e-23, nan 
-47.125, 89.375, 3.8372228442105116e-23, nan 
-46.875, 89.375, 3.952723260537996e-23, nan 
-46.625, 89.375, 3.353105464223748e-23, nan 
-46.375, 89.375, 3.698285698387267e-23, nan 
-46.125, 89.375, 3.58483937885929e-23, nan 
-45.875, 89.375, 3.693959106250206e-23, nan 
-45.625, 89.375, 3.4989111566476593e-23, nan 
-45.375, 89.375, 3.457715615618304e-23, nan 
-45.125, 89.375, 3.297974536923867e-23, nan 
-44.875, 89.375, 3.531874553113456e-23, nan 
-44.625, 89.375, 3.173368488861317e-23, nan 
-44.375, 89.375, 3.512558379578142e-23, nan 
-44.125, 89.375, 4.329428135006345e-23, nan 
-43.875, 89.375, 3.066685784751544e-23, nan 
-43.625, 89.375, 2.9056455499218595e-23, nan 
-43.375, 89.375, 3.406301648463132e-23, nan 
-43.125, 89.375, 3.391759240711918e-23, nan 
-42.875, 89.375, 3.4012329002270085e-23, nan 
-42.625, 89.375, 3.3307230581494077e-23, nan 
-42.375, 89.375, 3.419038073639103e-23, nan 
-42.125, 89.375, 3.3609911522783604e-23, nan 
-41.875, 89.375, 2.989602582985197e-23, nan 
-41.625, 89.375, 3.3811093154848723e-23, nan 
-41.375, 89.375, 2.957438972945809e-23, nan 
-41.125, 89.375, 3.111299221659808e-23, nan 
-40.875, 89.375, 3.0570920870496584e-23, nan 
-40.625, 89.375, 3.216414584787453e-23, nan 
-40.375, 89.375, 2.9360911031122617e-23, nan 
-40.125, 89.375, 2.9301971248714785e-23, nan 
-39.875, 89.375, 3.210320039728397e-23, nan 
-39.625, 89.375, 3.050595299424155e-23, nan 
-39.375, 89.375, 2.9764869681519896e-23, nan 
-39.125, 89.375, 3.209129258879394e-23, nan 
-38.875, 89.375, 2.820359385591243e-23, nan 
-38.625, 89.375, 3.0137069716886544e-23, nan 
-38.375, 89.375, 2.7779763880046035e-23, nan 
-38.125, 89.375, 3.215374490516186e-23, nan 
-37.875, 89.375, 2.7446128244954594e-23, nan 
-37.625, 89.375, 2.82277099636092e-23, nan 
-37.375, 89.375, 2.9216928510473495e-23, nan 
-37.125, 89.375, 3.237563509337066e-23, nan 
-36.875, 89.375, 2.666298869128244e-23, nan 
-36.625, 89.375, 3.095724301004605e-23, nan 
-36.375, 89.375, 2.8051206332708787e-23, nan 
-36.125, 89.375, 3.0328748495127106e-23, nan 
-35.875, 89.375, 3.1984175462628964e-23, nan 
-35.625, 89.375, 3.040488921102516e-23, nan 
-35.375, 89.375, 2.9130389803343825e-23, nan 
-35.125, 89.375, 3.0159723132621015e-23, nan 
-34.875, 89.375, 3.048954875412458e-23, nan 
-34.625, 89.375, 3.060437653094537e-23, nan 
-34.375, 89.375, 3.5911642646865653e-23, nan 
-34.125, 89.375, 2.9871791011390607e-23, nan 
-33.875, 89.375, 3.1891889786555363e-23, nan 
-33.625, 89.375, 2.8305021612434806e-23, nan 
-33.375, 89.375, 2.908271288908084e-23, nan 
-33.125, 89.375, 2.8554635041165114e-23, nan 
-32.875, 89.375, 3.097077736302167e-23, nan 
-32.625, 89.375, 3.111653415281175e-23, nan 
-32.375, 89.375, 3.357564888409451e-23, nan 
-32.125, 89.375, 3.208404607254523e-23, nan 
-31.875, 89.375, 3.5745994885655486e-23, nan 
-31.625, 89.375, 3.226998232230972e-23, nan 
-31.375, 89.375, 3.1947201025322516e-23, nan 
-31.125, 89.375, 3.686623623370392e-23, nan 
-30.875, 89.375, 2.9817774268288604e-23, nan 
-30.625, 89.375, 2.8816409033227894e-23, nan 
-30.375, 89.375, 3.2598347834482706e-23, nan 
-30.125, 89.375, 2.6727749616369687e-23, nan 
-29.875, 89.375, 3.216381014765701e-23, nan 
-29.625, 89.375, 2.82521511675451e-23, nan 
-29.375, 89.375, 3.115476935132641e-23, nan 
-29.125, 89.375, 2.93273988333806e-23, nan 
-28.875, 89.375, 2.842471254465818e-23, nan 
-28.625, 89.375, 2.7781150969585363e-23, nan 
-28.375, 89.375, 2.716282756405577e-23, nan 
-28.125, 89.375, 2.841287714532767e-23, nan 
-27.875, 89.375, 2.4280128074321704e-23, nan 
-27.625, 89.375, 2.294120807006881e-23, nan 
-27.375, 89.375, 2.7339811996180676e-23, nan 
-27.125, 89.375, 2.103695354560433e-23, nan 
-26.875, 89.375, 2.1611998978124878e-23, nan 
-26.625, 89.375, 2.1906962521236433e-23, nan 
-26.375, 89.375, 2.5599002481940104e-23, nan 
-26.125, 89.375, 2.1813414678592447e-23, nan 
-25.875, 89.375, 2.5433472100982524e-23, nan 
-25.625, 89.375, 1.9441650870472253e-23, nan 
-25.375, 89.375, 2.2722615843737683e-23, nan 
-25.125, 89.375, 2.432199108201596e-23, nan 
-24.875, 89.375, 2.7757192150780814e-23, nan 
-24.625, 89.375, 2.6092951080300452e-23, nan 
-24.375, 89.375, 3.320196352846468e-23, nan 
-24.125, 89.375, 3.5452238504774397e-23, nan 
-23.875, 89.375, 2.6295186853832928e-23, nan 
-23.625, 89.375, 3.142342115759354e-23, nan 
-23.375, 89.375, 2.3447612395336845e-23, nan 
-23.125, 89.375, 2.667239415042028e-23, nan 
-22.875, 89.375, 2.1237274722959505e-23, nan 
-22.625, 89.375, 2.4605915638772883e-23, nan 
-22.375, 89.375, 2.297072729900213e-23, nan 
-22.125, 89.375, 3.2308693554887535e-23, nan 
-21.875, 89.375, 2.6405549047509586e-23, nan 
-21.625, 89.375, 2.1951051134735344e-23, nan 
-21.375, 89.375, 2.2102694838580516e-23, nan 
-21.125, 89.375, 1.8620118573254286e-23, nan 
-20.875, 89.375, 2.1953215051858167e-23, nan 
-20.625, 89.375, 3.205480619912947e-23, nan 
-20.375, 89.375, 3.8493216026074753e-23, nan 
-20.125, 89.375, 3.4464680317841143e-23, nan 
-19.875, 89.375, 3.6422908363690697e-23, nan 
-19.625, 89.375, 3.267585850477463e-23, nan 
-19.375, 89.375, 3.971756618546076e-23, nan 
-19.125, 89.375, 3.855674924933389e-23, nan 
-18.875, 89.375, 2.96709980474767e-23, nan 
-18.625, 89.375, 3.052091873797543e-23, nan 
-18.375, 89.375, 2.488331366035525e-23, nan 
-18.125, 89.375, 2.5122435372070923e-23, nan 
-17.875, 89.375, 1.9450638183721854e-23, nan 
-17.625, 89.375, 2.5151260793032453e-23, nan 
-17.375, 89.375, 2.4510675718787896e-23, nan 
-17.125, 89.375, 1.8219640162793654e-23, nan 
-16.875, 89.375, 2.43867261280609e-23, nan 
-16.625, 89.375, 2.617354189832433e-23, nan 
-16.375, 89.375, 2.35815244581231e-23, nan 
-16.125, 89.375, 2.454431572957441e-23, nan 
-15.875, 89.375, 2.3774593229928675e-23, nan 
-15.625, 89.375, 2.4624123172496628e-23, nan 
-15.375, 89.375, 2.402240438259302e-23, nan 
-15.125, 89.375, 2.97787368023866e-23, nan 
-14.875, 89.375, 3.8154718611143065e-23, nan 
-14.625, 89.375, 3.605610705177187e-23, nan 
-14.375, 89.375, 1.8851301715533297e-23, nan 
-14.125, 89.375, 2.1219395875545738e-23, nan 
-13.875, 89.375, 2.2207476129565107e-23, nan 
-13.625, 89.375, 2.473935515260796e-23, nan 
-13.375, 89.375, 2.1501090961731315e-23, nan 
-13.125, 89.375, 2.1758800417738387e-23, nan 
-12.875, 89.375, 1.801693794514622e-23, nan 
-12.625, 89.375, 1.8613026335176567e-23, nan 
-12.375, 89.375, 1.8520896684084825e-23, nan 
-12.125, 89.375, 1.36202520335506e-23, nan 
-11.875, 89.375, 2.0996707025616496e-23, nan 
-11.625, 89.375, 1.9320717168916912e-23, nan 
-11.375, 89.375, 2.1600613237363964e-23, nan 
-11.125, 89.375, 3.147941765706789e-23, nan 
-10.875, 89.375, 2.6507229148704494e-23, nan 
-10.625, 89.375, 2.0753423500254383e-23, nan 
-10.375, 89.375, 2.6245464435262385e-23, nan 
-10.125, 89.375, 2.8845692289729496e-23, nan 
-9.875, 89.375, 3.033392149885549e-23, nan 
-9.625, 89.375, 2.6167573850074825e-23, nan 
-9.375, 89.375, 3.0418956126391937e-23, nan 
-9.125, 89.375, 2.784936317662284e-23, nan 
-8.875, 89.375, 2.605783546741822e-23, nan 
-8.625, 89.375, 2.964482595998456e-23, nan 
-8.375, 89.375, 3.099997367529279e-23, nan 
-8.125, 89.375, 1.062256016136426e-23, nan 
-7.875, 89.375, 2.2247801818544113e-23, nan 
-7.625, 89.375, 2.7740614634203886e-23, nan 
-7.375, 89.375, 2.9290039818235435e-23, nan 
-7.125, 89.375, 2.46247822033757e-23, nan 
-6.875, 89.375, 3.849190278451867e-23, nan 
-6.625, 89.375, 3.095095580640809e-23, nan 
-6.375, 89.375, 2.97815559598463e-23, nan 
-6.125, 89.375, 3.272191370598211e-23, nan 
-5.875, 89.375, 3.826295244017399e-23, nan 
-5.625, 89.375, 2.883695700202129e-23, nan 
-5.375, 89.375, 3.9066077976893384e-23, nan 
-5.125, 89.375, 3.4401780112591575e-23, nan 
-4.875, 89.375, 2.91707592537714e-23, nan 
-4.625, 89.375, 2.914423333656446e-23, nan 
-4.375, 89.375, 3.21301242693653e-23, nan 
-4.125, 89.375, 2.9180719879571563e-23, nan 
-3.875, 89.375, 3.1821109396173125e-23, nan 
-3.625, 89.375, 3.607410718419865e-23, nan 
-3.375, 89.375, 3.228297420059707e-23, nan 
-3.125, 89.375, 3.218431515683012e-23, nan 
-2.875, 89.375, 3.355649002397153e-23, nan 
-2.625, 89.375, 2.862775086499933e-23, nan 
-2.375, 89.375, 2.7796945343724875e-23, nan 
-2.125, 89.375, 3.921552209187851e-23, nan 
-1.875, 89.375, 3.1603188383916075e-23, nan 
-1.625, 89.375, 2.966978765846621e-23, nan 
-1.375, 89.375, 2.901128967722479e-23, nan 
-1.125, 89.375, 3.32521667657663e-23, nan 
-0.875, 89.375, 2.817695614283802e-23, nan 
-0.625, 89.375, 2.968889372238187e-23, nan 
-0.375, 89.375, 2.976244016761827e-23, nan 
-0.125, 89.375, 3.3516432081623526e-23, nan 
0.125, 89.375, 3.1186985068131547e-23, nan 
0.375, 89.375, 2.925254904676155e-23, nan 
0.625, 89.375, 3.03302092506969e-23, nan 
0.875, 89.375, 2.8193423736217514e-23, nan 
1.125, 89.375, 3.297234613619008e-23, nan 
1.375, 89.375, 2.874504474017103e-23, nan 
1.625, 89.375, 3.401692632210632e-23, nan 
1.875, 89.375, 2.885338112786681e-23, nan 
2.125, 89.375, 2.906911643215247e-23, nan 
2.375, 89.375, 2.3457130673706354e-23, nan 
2.625, 89.375, 2.2776238794097305e-23, nan 
2.875, 89.375, 2.4201136265187026e-23, nan 
3.125, 89.375, 2.982124284302317e-23, nan 
3.375, 89.375, 2.915472430123431e-23, nan 
3.625, 89.375, 4.491295078027227e-23, nan 
3.875, 89.375, 3.236932238289449e-23, nan 
4.125, 89.375, 4.892086103512812e-23, nan 
4.375, 89.375, 2.8750015181098104e-23, nan 
4.625, 89.375, 1.5900232881617453e-23, nan 
4.875, 89.375, 1.820717209391637e-23, nan 
5.125, 89.375, 2.162614938587974e-23, nan 
5.375, 89.375, 2.9437585649198275e-23, nan 
5.625, 89.375, 2.5698481390727517e-23, nan 
5.875, 89.375, 3.862383603406964e-23, nan 
6.125, 89.375, 3.9253450635487287e-23, nan 
6.375, 89.375, 2.5494440863011296e-23, nan 
6.625, 89.375, 4.089635189055168e-23, nan 
6.875, 89.375, 2.813007052616105e-23, nan 
7.125, 89.375, 4.172297219920758e-23, nan 
7.375, 89.375, 1.0050644431825684e-23, nan 
7.625, 89.375, 3.901745929727927e-23, nan 
7.875, 89.375, 3.2611713712565724e-23, nan 
8.125, 89.375, 3.869945273384366e-23, nan 
8.375, 89.375, 3.903042128785764e-23, nan 
8.625, 89.375, 3.961536079193748e-23, nan 
8.875, 89.375, 4.1739369513326386e-23, nan 
9.125, 89.375, 5.29121692017269e-23, nan 
9.375, 89.375, 4.1639195943942064e-23, nan 
9.625, 89.375, 5.272492448619669e-23, nan 
9.875, 89.375, 4.0989293515458574e-23, nan 
10.125, 89.375, 3.4887630629912057e-23, nan 
10.375, 89.375, 4.256965780187344e-23, nan 
10.625, 89.375, 3.642096118385676e-23, nan 
10.875, 89.375, 4.67792508321191e-23, nan 
11.125, 89.375, 4.041375617781171e-23, nan 
11.375, 89.375, 4.9491020786192257e-23, nan 
11.625, 89.375, 3.8047047104706786e-23, nan 
11.875, 89.375, 3.559961256931445e-23, nan 
12.125, 89.375, 2.31729348959702e-23, nan 
12.375, 89.375, 2.3825062240706372e-23, nan 
12.625, 89.375, 5.422835406497919e-23, nan 
12.875, 89.375, 3.569964135363407e-23, nan 
13.125, 89.375, 2.7522075465096096e-23, nan 
13.375, 89.375, 3.808286485169948e-23, nan 
13.625, 89.375, 4.01118923173531e-23, nan 
13.875, 89.375, 3.978998194923674e-23, nan 
14.125, 89.375, 3.616527486135401e-23, nan 
14.375, 89.375, 5.299010267342065e-23, nan 
14.625, 89.375, 3.4078302602330567e-23, nan 
14.875, 89.375, 3.7892940183384113e-23, nan 
15.125, 89.375, 3.3375726634267306e-23, nan 
15.375, 89.375, 4.7884044818953326e-23, nan 
15.625, 89.375, 2.899404427546925e-23, nan 
15.875, 89.375, 3.167785612683556e-23, nan 
16.125, 89.375, 2.9861735397147354e-23, nan 
16.375, 89.375, 3.3620315989398e-23, nan 
16.625, 89.375, 3.425310485656776e-23, nan 
16.875, 89.375, 3.123109486099315e-23, nan 
17.125, 89.375, 3.682751945426788e-23, nan 
17.375, 89.375, 3.783279632879262e-23, nan 
17.625, 89.375, 4.4061637038128234e-23, nan 
17.875, 89.375, 3.235151439365441e-23, nan 
18.125, 89.375, 3.2103135228392005e-23, nan 
18.375, 89.375, 3.068398326623993e-23, nan 
18.625, 89.375, 4.14712403589824e-23, nan 
18.875, 89.375, 3.5021809617438896e-23, nan 
19.125, 89.375, 2.571761899034772e-23, nan 
19.375, 89.375, 2.3364703546872496e-23, nan 
19.625, 89.375, 2.303732662282892e-23, nan 
19.875, 89.375, 4.438258553073256e-23, nan 
20.125, 89.375, 4.512676651591593e-23, nan 
20.375, 89.375, 3.9177295659777526e-23, nan 
20.625, 89.375, 4.96132969401788e-23, nan 
20.875, 89.375, 3.833958134990056e-23, nan 
21.125, 89.375, 5.287321946010541e-23, nan 
21.375, 89.375, 5.045385986613273e-23, nan 
21.625, 89.375, 5.012993887386246e-23, nan 
21.875, 89.375, 3.9078964257791985e-23, nan 
22.125, 89.375, 5.24568691187987e-23, nan 
22.375, 89.375, 2.9097628582436866e-23, nan 
22.625, 89.375, 5.148067257172515e-23, nan 
22.875, 89.375, 4.353771641086245e-23, nan 
23.125, 89.375, 3.0891679343165947e-23, nan 
23.375, 89.375, 3.486644218719916e-23, nan 
23.625, 89.375, 5.383953727765459e-23, nan 
23.875, 89.375, 3.3066885660223883e-23, nan 
24.125, 89.375, 4.636805009399526e-23, nan 
24.375, 89.375, 3.9191282084403624e-23, nan 
24.625, 89.375, 3.3767749368847796e-23, nan 
24.875, 89.375, 3.6315798293864556e-23, nan 
25.125, 89.375, 3.6375443984840815e-23, nan 
25.375, 89.375, 3.9535971473582464e-23, nan 
25.625, 89.375, 2.5123444822788864e-23, nan 
25.875, 89.375, 3.926094949570776e-23, nan 
26.125, 89.375, 3.6971331865634414e-23, nan 
26.375, 89.375, 3.700204040383116e-23, nan 
26.625, 89.375, 3.635030800900519e-23, nan 
26.875, 89.375, 4.1494687833064126e-23, nan 
27.125, 89.375, 3.5547192761526875e-23, nan 
27.375, 89.375, 2.933195920738138e-23, nan 
27.625, 89.375, 2.842086903103506e-23, nan 
27.875, 89.375, 5.1961451463557717e-23, nan 
28.125, 89.375, 2.948832982504456e-23, nan 
28.375, 89.375, 2.691496978060708e-23, nan 
28.625, 89.375, 2.955574385258698e-23, nan 
28.875, 89.375, 3.774288614627269e-23, nan 
29.125, 89.375, 3.332623547915009e-23, nan 
29.375, 89.375, 3.112297241308251e-23, nan 
29.625, 89.375, 3.2200831031532325e-23, nan 
29.875, 89.375, 3.3018202139535164e-23, nan 
30.125, 89.375, 3.27135378960476e-23, nan 
30.375, 89.375, 3.3222895556305535e-23, nan 
30.625, 89.375, 3.0595762802203025e-23, nan 
30.875, 89.375, 4.834372590655302e-23, nan 
31.125, 89.375, 3.059579713155849e-23, nan 
31.375, 89.375, 2.972776780288081e-23, nan 
31.625, 89.375, 3.20465073316441e-23, nan 
31.875, 89.375, 3.502127405672153e-23, nan 
32.125, 89.375, 3.215303897011138e-23, nan 
32.375, 89.375, 3.51386967162581e-23, nan 
32.625, 89.375, 3.2122211747127225e-23, nan 
32.875, 89.375, 3.2866137044414356e-23, nan 
33.125, 89.375, 3.242708271933577e-23, nan 
33.375, 89.375, 2.796887681909002e-23, nan 
33.625, 89.375, 2.908088905087883e-23, nan 
33.875, 89.375, 3.2607361523585535e-23, nan 
34.125, 89.375, 3.603475466294435e-23, nan 
34.375, 89.375, 3.101572960328112e-23, nan 
34.625, 89.375, 3.064535035988717e-23, nan 
34.875, 89.375, 2.790439610721213e-23, nan 
35.125, 89.375, 2.408689251129527e-23, nan 
35.375, 89.375, 3.082690535430224e-23, nan 
35.625, 89.375, 2.4315630010425918e-23, nan 
35.875, 89.375, 2.3480144176991946e-23, nan 
36.125, 89.375, 2.642177961331108e-23, nan 
36.375, 89.375, 2.865952561920572e-23, nan 
36.625, 89.375, 3.3801741356627884e-23, nan 
36.875, 89.375, 3.0774238054374074e-23, nan 
37.125, 89.375, 3.5854943477851184e-23, nan 
37.375, 89.375, 3.003223187643889e-23, nan 
37.625, 89.375, 3.471389856228386e-23, nan 
37.875, 89.375, 2.969433863119603e-23, nan 
38.125, 89.375, 3.287805784154128e-23, nan 
38.375, 89.375, 2.2547419694673003e-23, nan 
38.625, 89.375, 2.826802381961983e-23, nan 
38.875, 89.375, 2.6009410274272663e-23, nan 
39.125, 89.375, 2.7427366831426113e-23, nan 
39.375, 89.375, 2.932383114952711e-23, nan 
39.625, 89.375, 3.115119440994012e-23, nan 
39.875, 89.375, 3.3475356552896557e-23, nan 
40.125, 89.375, 3.417499294956729e-23, nan 
40.375, 89.375, 3.7574061724439777e-23, nan 
40.625, 89.375, 3.1102801250734527e-23, nan 
40.875, 89.375, 2.947827375045683e-23, nan 
41.125, 89.375, 2.9492986003022933e-23, nan 
41.375, 89.375, 3.442391109241022e-23, nan 
41.625, 89.375, 3.177218263120873e-23, nan 
41.875, 89.375, 2.5819002445389855e-23, nan 
42.125, 89.375, 2.307999024765524e-23, nan 
42.375, 89.375, 1.8942646945381454e-23, nan 
42.625, 89.375, 3.47248567780345e-23, nan 
42.875, 89.375, 3.3502368098563546e-23, nan 
43.125, 89.375, 3.159196252221197e-23, nan 
43.375, 89.375, 3.452426069036732e-23, nan 
43.625, 89.375, 2.9551658844646645e-23, nan 
43.875, 89.375, 3.5227657519795543e-23, nan 
44.125, 89.375, 3.4004283499763456e-23, nan 
44.375, 89.375, 3.277576764691946e-23, nan 
44.625, 89.375, 2.692418044402517e-23, nan 
44.875, 89.375, 3.571872009000983e-23, nan 
45.125, 89.375, 1.996194989275306e-23, nan 
45.375, 89.375, 3.356843631665167e-23, nan 
45.625, 89.375, 2.765088924185846e-23, nan 
45.875, 89.375, 2.269469534802657e-23, nan 
46.125, 89.375, 2.4501699302653822e-23, nan 
46.375, 89.375, 3.403217233547962e-23, nan 
46.625, 89.375, 2.1939659423026913e-23, nan 
46.875, 89.375, 3.0912029891592157e-23, nan 
47.125, 89.375, 2.4237821712539026e-23, nan 
47.375, 89.375, 2.4266562548218247e-23, nan 
47.625, 89.375, 2.4813092589981027e-23, nan 
47.875, 89.375, 2.888932191305575e-23, nan 
48.125, 89.375, 3.176843906685722e-23, nan 
48.375, 89.375, 1.8831329183742985e-23, nan 
48.625, 89.375, 2.2603085790990515e-23, nan 
48.875, 89.375, 2.195502267345648e-23, nan 
49.125, 89.375, 1.797490765970001e-23, nan 
49.375, 89.375, 2.0904007869555333e-23, nan 
49.625, 89.375, 2.4211937932185114e-23, nan 
49.875, 89.375, 2.058549724592781e-23, nan 
50.125, 89.375, 1.6589992083322285e-23, nan 
50.375, 89.375, 1.5107787608031447e-23, nan 
50.625, 89.375, 3.1114544867684654e-23, nan 
50.875, 89.375, 1.39943674596465e-23, nan 
51.125, 89.375, 1.2516990621583497e-23, nan 
51.375, 89.375, 1.4258771092642374e-23, nan 
51.625, 89.375, 2.1025752370135424e-23, nan 
51.875, 89.375, 1.9782980587506522e-23, nan 
52.125, 89.375, 1.3161733319887e-23, nan 
52.375, 89.375, 1.8702553257295788e-23, nan 
52.625, 89.375, 2.0577796327480537e-23, nan 
52.875, 89.375, 1.9709535536287122e-23, nan 
53.125, 89.375, 1.1394626837541155e-23, nan 
53.375, 89.375, 1.147480923780869e-23, nan 
53.625, 89.375, 2.859271414523827e-23, nan 
53.875, 89.375, 1.0114931346700676e-23, nan 
54.125, 89.375, 1.0840754640163731e-23, nan 
54.375, 89.375, 1.0453395346681972e-23, nan 
54.625, 89.375, 1.1241049314971702e-23, nan 
54.875, 89.375, 1.1604167567642308e-23, nan 
55.125, 89.375, 1.1400506087947346e-23, nan 
55.375, 89.375, 1.1780155844902403e-23, nan 
55.625, 89.375, 9.694674800855302e-24, nan 
55.875, 89.375, 1.0920375567354851e-23, nan 
56.125, 89.375, 1.788887782884573e-23, nan 
56.375, 89.375, 1.6775581287103073e-23, nan 
56.625, 89.375, 9.434038688786387e-24, nan 
56.875, 89.375, 1.0098046359191189e-23, nan 
57.125, 89.375, 1.0823283114326338e-23, nan 
57.375, 89.375, 9.831466143526424e-24, nan 
57.625, 89.375, 1.2261288557427756e-23, nan 
57.875, 89.375, 1.3023547568774646e-23, nan 
58.125, 89.375, 1.5105303680433593e-23, nan 
58.375, 89.375, 1.7445080975373716e-23, nan 
58.625, 89.375, 1.8095397003337128e-23, nan 
58.875, 89.375, 1.8274692833382032e-23, nan 
59.125, 89.375, 1.3976884361375645e-23, nan 
59.375, 89.375, 1.3120547052856724e-23, nan 
59.625, 89.375, 1.1706871770506354e-23, nan 
59.875, 89.375, 1.5216293542179823e-23, nan 
60.125, 89.375, 1.578537630351808e-23, nan 
60.375, 89.375, 1.5568396203856206e-23, nan 
60.625, 89.375, 1.6971328466337697e-23, nan 
60.875, 89.375, 1.371996991632727e-23, nan 
61.125, 89.375, 1.612881507674242e-23, nan 
61.375, 89.375, 1.7459655836936253e-23, nan 
61.625, 89.375, 1.3724824475442378e-23, nan 
61.875, 89.375, 1.4409194627121922e-23, nan 
62.125, 89.375, 1.5906170736764295e-23, nan 
62.375, 89.375, 1.3227956532589773e-23, nan 
62.625, 89.375, 1.593316033829437e-23, nan 
62.875, 89.375, 1.2299183610310429e-23, nan 
63.125, 89.375, 1.635058922302594e-23, nan 
63.375, 89.375, 1.3614891617975287e-23, nan 
63.625, 89.375, 1.6964277388724976e-23, nan 
63.875, 89.375, 1.1463079571154062e-23, nan 
64.125, 89.375, 1.656662794714617e-23, nan 
64.375, 89.375, 1.7222111551841344e-23, nan 
64.625, 89.375, 1.3760275612988467e-23, nan 
64.875, 89.375, 1.7792216911874952e-23, nan 
65.125, 89.375, 1.1064598386018994e-23, nan 
65.375, 89.375, 1.7816992162279948e-23, nan 
65.625, 89.375, 1.3086120022436058e-23, nan 
65.875, 89.375, 1.1768837424355251e-23, nan 
66.125, 89.375, 1.2509853265275918e-23, nan 
66.375, 89.375, 1.2209016321792531e-23, nan 
66.625, 89.375, 1.2293218325252261e-23, nan 
66.875, 89.375, 1.3081889386874499e-23, nan 
67.125, 89.375, 1.2130769643486745e-23, nan 
67.375, 89.375, 1.2453759552013197e-23, nan 
67.625, 89.375, 1.1390844723670194e-23, nan 
67.875, 89.375, 1.2243555050084202e-23, nan 
68.125, 89.375, 1.2872164255829476e-23, nan 
68.375, 89.375, 1.3699464853128675e-23, nan 
68.625, 89.375, 1.5240477925911676e-23, nan 
68.875, 89.375, 1.747703574910295e-23, nan 
69.125, 89.375, 1.8658018109907619e-23, nan 
69.375, 89.375, 1.3229995779530372e-23, nan 
69.625, 89.375, 1.4453779335408778e-23, nan 
69.875, 89.375, 1.3080244233711983e-23, nan 
70.125, 89.375, 1.4075508460811178e-23, nan 
70.375, 89.375, 1.4470714828868297e-23, nan 
70.625, 89.375, 1.44879062267224e-23, nan 
70.875, 89.375, 1.3386833927054685e-23, nan 
71.125, 89.375, 1.3093558398247099e-23, nan 
71.375, 89.375, 1.3640216647407626e-23, nan 
71.625, 89.375, 1.379003966445676e-23, nan 
71.875, 89.375, 1.36255734149367e-23, nan 
72.125, 89.375, 1.515780425611294e-23, nan 
72.375, 89.375, 1.3860294755995973e-23, nan 
72.625, 89.375, 1.509638663704339e-23, nan 
72.875, 89.375, 1.4691801480386768e-23, nan 
73.125, 89.375, 1.514906630520421e-23, nan 
73.375, 89.375, 1.4791850474171932e-23, nan 
73.625, 89.375, 1.565384724470349e-23, nan 
73.875, 89.375, 1.4679128669823695e-23, nan 
74.125, 89.375, 1.5413073401170847e-23, nan 
74.375, 89.375, 1.478053388470788e-23, nan 
74.625, 89.375, 1.438053224009411e-23, nan 
74.875, 89.375, 1.445549488678406e-23, nan 
75.125, 89.375, 1.5453502987234078e-23, nan 
75.375, 89.375, 1.344355584131732e-23, nan 
75.625, 89.375, 1.4843998014936767e-23, nan 
75.875, 89.375, 1.410671363911642e-23, nan 
76.125, 89.375, 1.3103838910877598e-23, nan 
76.375, 89.375, 1.3133274708312767e-23, nan 
76.625, 89.375, 1.4776495357597502e-23, nan 
76.875, 89.375, 1.1670775453299589e-23, nan 
77.125, 89.375, 1.339950092745376e-23, nan 
77.375, 89.375, 1.2764578305999656e-23, nan 
77.625, 89.375, 1.1751024571469247e-23, nan 
77.875, 89.375, 1.2665891195666275e-23, nan 
78.125, 89.375, 1.0881745816982918e-23, nan 
78.375, 89.375, 1.1688205855248593e-23, nan 
78.625, 89.375, 1.0761789318494255e-23, nan 
78.875, 89.375, 1.2053426047251518e-23, nan 
79.125, 89.375, 1.1618406503990007e-23, nan 
79.375, 89.375, 1.1390951591235314e-23, nan 
79.625, 89.375, 1.2870889697449252e-23, nan 
79.875, 89.375, 1.282690648681829e-23, nan 
80.125, 89.375, 1.441955269741496e-23, nan 
80.375, 89.375, 1.3063593828713933e-23, nan 
80.625, 89.375, 1.5085915788265628e-23, nan 
80.875, 89.375, 1.2201292758493281e-23, nan 
81.125, 89.375, 1.276761160733624e-23, nan 
81.375, 89.375, 1.1806458238259093e-23, nan 
81.625, 89.375, 1.2614737551326522e-23, nan 
81.875, 89.375, 1.2340961348982326e-23, nan 
82.125, 89.375, 1.3427465706282107e-23, nan 
82.375, 89.375, 1.3026115491063516e-23, nan 
82.625, 89.375, 1.347572675958234e-23, nan 
82.875, 89.375, 1.4077387046040316e-23, nan 
83.125, 89.375, 1.3857047343482037e-23, nan 
83.375, 89.375, 1.454578088832031e-23, nan 
83.625, 89.375, 1.2809049095971556e-23, nan 
83.875, 89.375, 1.253757735407832e-23, nan 
84.125, 89.375, 8.914305522457864e-24, nan 
84.375, 89.375, 1.0098495394109197e-23, nan 
84.625, 89.375, 1.2668116774677719e-23, nan 
84.875, 89.375, 1.3269858934746294e-23, nan 
85.125, 89.375, 8.388613541653065e-24, nan 
85.375, 89.375, 1.3232866517216175e-23, nan 
85.625, 89.375, 1.0286854258915113e-23, nan 
85.875, 89.375, 1.3562121433918435e-23, nan 
86.125, 89.375, 7.839360993328749e-24, nan 
86.375, 89.375, 1.42406487429294e-23, nan 
86.625, 89.375, 1.444527848794558e-23, nan 
86.875, 89.375, 1.5824776956121794e-23, nan 
87.125, 89.375, 1.5168162416846936e-23, nan 
87.375, 89.375, 8.644377564699971e-24, nan 
87.625, 89.375, 1.4482468779280412e-23, nan 
87.875, 89.375, 1.041910801854186e-23, nan 
88.125, 89.375, 1.4179503645042555e-23, nan 
88.375, 89.375, 6.334772539991297e-24, nan 
88.625, 89.375, 1.0607290859341945e-23, nan 
88.875, 89.375, 9.250064087319067e-24, nan 
89.125, 89.375, 8.442848410060499e-24, nan 
89.375, 89.375, 8.357113677529203e-24, nan 
89.625, 89.375, 8.438526054169358e-24, nan 
89.875, 89.375, 8.91952399425134e-24, nan 
90.125, 89.375, 1.0057125965343994e-23, nan 
90.375, 89.375, 9.763115460625012e-24, nan 
90.625, 89.375, 1.031384570753914e-23, nan 
90.875, 89.375, 1.014774118486485e-23, nan 
91.125, 89.375, 1.1447125556001566e-23, nan 
91.375, 89.375, 1.2462899714231995e-23, nan 
91.625, 89.375, 1.4055149011519347e-23, nan 
91.875, 89.375, 1.466662096624744e-23, nan 
92.125, 89.375, 1.0280805382382969e-23, nan 
92.375, 89.375, 6.020367926643169e-24, nan 
92.625, 89.375, 6.619815334894721e-24, nan 
92.875, 89.375, 6.280905697660194e-24, nan 
93.125, 89.375, 6.94588467042483e-24, nan 
93.375, 89.375, 7.581506070618067e-24, nan 
93.625, 89.375, 8.24646078828491e-24, nan 
93.875, 89.375, 7.13838584128913e-24, nan 
94.125, 89.375, 8.231868142612727e-24, nan 
94.375, 89.375, 7.759569116705445e-24, nan 
94.625, 89.375, 8.907550184483381e-24, nan 
94.875, 89.375, 7.058177188083305e-24, nan 
95.125, 89.375, 8.155811843592084e-24, nan 
95.375, 89.375, 7.646698010587565e-24, nan 
95.625, 89.375, 7.952589094713636e-24, nan 
95.875, 89.375, 6.978290113122394e-24, nan 
96.125, 89.375, 8.137262624098787e-24, nan 
96.375, 89.375, 6.821801448237753e-24, nan 
96.625, 89.375, 8.242169694933555e-24, nan 
96.875, 89.375, 6.592284355625911e-24, nan 
97.125, 89.375, 6.881674170763186e-24, nan 
97.375, 89.375, 8.255731719647944e-24, nan 
97.625, 89.375, 7.348143220203446e-24, nan 
97.875, 89.375, 8.333138997558386e-24, nan 
98.125, 89.375, 7.204423174993558e-24, nan 
98.375, 89.375, 8.241556118093516e-24, nan 
98.625, 89.375, 7.51597079830735e-24, nan 
98.875, 89.375, 8.165850321760233e-24, nan 
99.125, 89.375, 7.516425702911637e-24, nan 
99.375, 89.375, 8.746538408964899e-24, nan 
99.625, 89.375, 7.101378436129664e-24, nan 
99.875, 89.375, 7.170542376693789e-24, nan 
100.125, 89.375, 7.038851158325559e-24, nan 
100.375, 89.375, 7.491629289877166e-24, nan 
100.625, 89.375, 7.77704505280876e-24, nan 
100.875, 89.375, 6.679926504670303e-24, nan 
101.125, 89.375, 7.474162213450147e-24, nan 
101.375, 89.375, 6.706583316864052e-24, nan 
101.625, 89.375, 8.078244027726115e-24, nan 
101.875, 89.375, 6.5880415796906836e-24, nan 
102.125, 89.375, 7.172083304039902e-24, nan 
102.375, 89.375, 7.70484880041807e-24, nan 
102.625, 89.375, 6.633729229830918e-24, nan 
102.875, 89.375, 1.1174872938060555e-23, nan 
103.125, 89.375, 8.522902479567232e-24, nan 
103.375, 89.375, 1.0299347430967361e-23, nan 
103.625, 89.375, 8.010484717438313e-24, nan 
103.875, 89.375, 9.704068557458956e-24, nan 
104.125, 89.375, 7.631348152144457e-24, nan 
104.375, 89.375, 8.403295305040343e-24, nan 
104.625, 89.375, 7.449165173604088e-24, nan 
104.875, 89.375, 5.112311196433621e-24, nan 
105.125, 89.375, 8.35688858454364e-24, nan 
105.375, 89.375, 6.433646554200185e-24, nan 
105.625, 89.375, 6.065475982670755e-24, nan 
105.875, 89.375, 6.483683996905417e-24, nan 
106.125, 89.375, 6.214355368948503e-24, nan 
106.375, 89.375, 5.811724045613716e-24, nan 
106.625, 89.375, 6.682790690408768e-24, nan 
106.875, 89.375, 5.534488008108094e-24, nan 
107.125, 89.375, 6.267213343026902e-24, nan 
107.375, 89.375, 6.4184342052207756e-24, nan 
107.625, 89.375, 6.408753678111117e-24, nan 
107.875, 89.375, 6.3755690598339394e-24, nan 
108.125, 89.375, 5.998796805011866e-24, nan 
108.375, 89.375, 5.5075307994607956e-24, nan 
108.625, 89.375, 6.3468899735334835e-24, nan 
108.875, 89.375, 5.0610084537212594e-24, nan 
109.125, 89.375, 5.701732821661848e-24, nan 
109.375, 89.375, 5.245510150637221e-24, nan 
109.625, 89.375, 4.767106483213774e-24, nan 
109.875, 89.375, 5.353045835054093e-24, nan 
110.125, 89.375, 7.588841370843935e-24, nan 
110.375, 89.375, 4.8325729209571044e-24, nan 
110.625, 89.375, 6.125341887750255e-24, nan 
110.875, 89.375, 4.818729375940802e-24, nan 
111.125, 89.375, 5.667176708995849e-24, nan 
111.375, 89.375, 6.039634708744324e-24, nan 
111.625, 89.375, 7.55134735687756e-24, nan 
111.875, 89.375, 6.619048340546124e-24, nan 
112.125, 89.375, 5.150929547575094e-24, nan 
112.375, 89.375, 5.049480196436537e-24, nan 
112.625, 89.375, 5.7461726499673806e-24, nan 
112.875, 89.375, 3.9420036263129456e-24, nan 
113.125, 89.375, 6.517511942807506e-24, nan 
113.375, 89.375, 6.302526041195342e-24, nan 
113.625, 89.375, 5.637406221032456e-24, nan 
113.875, 89.375, 5.989628368206477e-24, nan 
114.125, 89.375, 5.27334793342716e-24, nan 
114.375, 89.375, 6.984903014609772e-24, nan 
114.625, 89.375, 5.910608620954856e-24, nan 
114.875, 89.375, 4.6246920496374266e-24, nan 
115.125, 89.375, 5.7883818561581494e-24, nan 
115.375, 89.375, 6.640151933743909e-24, nan 
115.625, 89.375, 3.2089518948921497e-24, nan 
115.875, 89.375, 3.2341584097460126e-24, nan 
116.125, 89.375, 6.764552853086149e-24, nan 
116.375, 89.375, 4.9765329030544325e-24, nan 
116.625, 89.375, 9.26054098772275e-24, nan 
116.875, 89.375, 4.1542929584697906e-24, nan 
117.125, 89.375, 4.1182766250789966e-24, nan 
117.375, 89.375, 4.730544610040643e-24, nan 
117.625, 89.375, 4.99373090490347e-24, nan 
117.875, 89.375, 3.069476477297263e-24, nan 
118.125, 89.375, 4.085727280376452e-24, nan 
118.375, 89.375, 2.539981528393802e-24, nan 
118.625, 89.375, 4.750163090204544e-24, nan 
118.875, 89.375, 4.573891373429868e-24, nan 
119.125, 89.375, 3.832891188984635e-24, nan 
119.375, 89.375, 4.2693075245241455e-24, nan 
119.625, 89.375, 4.570414304412928e-24, nan 
119.875, 89.375, 4.9365492309364716e-24, nan 
120.125, 89.375, 4.9364853919659724e-24, nan 
120.375, 89.375, 5.6121064379092144e-24, nan 
120.625, 89.375, 2.3111643475345777e-24, nan 
120.875, 89.375, 4.901288378851979e-24, nan 
121.125, 89.375, 3.943297204943476e-24, nan 
121.375, 89.375, 5.6108938706494705e-24, nan 
121.625, 89.375, 5.1963969303082545e-24, nan 
121.875, 89.375, 6.523621196057582e-24, nan 
122.125, 89.375, 5.320517163265795e-24, nan 
122.375, 89.375, 4.5873131192047e-24, nan 
122.625, 89.375, 4.772209744199398e-24, nan 
122.875, 89.375, 8.196694217460719e-24, nan 
123.125, 89.375, 5.109814323082017e-24, nan 
123.375, 89.375, 5.914992872901535e-24, nan 
123.625, 89.375, 2.014615773411394e-24, nan 
123.875, 89.375, 3.2763615533407445e-24, nan 
124.125, 89.375, 2.3975496641558387e-24, nan 
124.375, 89.375, 4.205400469439115e-24, nan 
124.625, 89.375, 2.2858855393616557e-24, nan 
124.875, 89.375, 5.5846092627718476e-24, nan 
125.125, 89.375, 2.782132363615287e-24, nan 
125.375, 89.375, 3.543251440110328e-24, nan 
125.625, 89.375, 2.6854375177029227e-24, nan 
125.875, 89.375, 5.389134976585602e-24, nan 
126.125, 89.375, 5.999865143211363e-24, nan 
126.375, 89.375, 7.985635846602391e-24, nan 
126.625, 89.375, 7.066867168063737e-24, nan 
126.875, 89.375, 8.128007260781728e-24, nan 
127.125, 89.375, 1.0016339345398475e-23, nan 
127.375, 89.375, 4.725075573291833e-24, nan 
127.625, 89.375, 9.366265229418384e-24, nan 
127.875, 89.375, 4.711781511761334e-24, nan 
128.125, 89.375, 7.015803257592427e-24, nan 
128.375, 89.375, 7.886899004645518e-24, nan 
128.625, 89.375, 7.448662896459865e-24, nan 
128.875, 89.375, 8.89977970134863e-24, nan 
129.125, 89.375, 9.213603032623814e-24, nan 
129.375, 89.375, 5.5027540264059045e-24, nan 
129.625, 89.375, 9.639337332173967e-24, nan 
129.875, 89.375, 6.97831783506809e-24, nan 
130.125, 89.375, 1.0615143576489772e-23, nan 
130.375, 89.375, 5.260728777027935e-24, nan 
130.625, 89.375, 5.858217457213762e-24, nan 
130.875, 89.375, 8.167413736885675e-24, nan 
131.125, 89.375, 5.801399510383962e-24, nan 
131.375, 89.375, 1.0211947171337578e-23, nan 
131.625, 89.375, 1.1422337028227894e-23, nan 
131.875, 89.375, 7.826433079604887e-24, nan 
132.125, 89.375, 8.714089681796866e-24, nan 
132.375, 89.375, 8.789239057802518e-24, nan 
132.625, 89.375, 4.8141021630764696e-24, nan 
132.875, 89.375, 6.3569276373461396e-24, nan 
133.125, 89.375, 8.910414234623953e-24, nan 
133.375, 89.375, 9.670469441544746e-24, nan 
133.625, 89.375, 6.701461525978116e-24, nan 
133.875, 89.375, 6.239267161167689e-24, nan 
134.125, 89.375, 6.442149500260811e-24, nan 
134.375, 89.375, 8.150924592241855e-24, nan 
134.625, 89.375, 6.71399042050794e-24, nan 
134.875, 89.375, 7.823845325887661e-24, nan 
135.125, 89.375, 7.999376497753698e-24, nan 
135.375, 89.375, 7.784163285086645e-24, nan 
135.625, 89.375, 8.522984297346635e-24, nan 
135.875, 89.375, 9.484667338259901e-24, nan 
136.125, 89.375, 7.473597255334934e-24, nan 
136.375, 89.375, 8.303242881700769e-24, nan 
136.625, 89.375, 9.56686191612697e-24, nan 
136.875, 89.375, 8.117551737755624e-24, nan 
137.125, 89.375, 8.24359684790995e-24, nan 
137.375, 89.375, 7.829395908337337e-24, nan 
137.625, 89.375, 7.832009030421935e-24, nan 
137.875, 89.375, 7.766464786708396e-24, nan 
138.125, 89.375, 6.99790319222439e-24, nan 
138.375, 89.375, 9.712104026500506e-24, nan 
138.625, 89.375, 1.1752040835987387e-23, nan 
138.875, 89.375, 9.960702976911159e-24, nan 
139.125, 89.375, 8.301575503033423e-24, nan 
139.375, 89.375, 1.2982668355025745e-23, nan 
139.625, 89.375, 8.982912591701359e-24, nan 
139.875, 89.375, 8.927547520663767e-24, nan 
140.125, 89.375, 9.016047501649051e-24, nan 
140.375, 89.375, 8.938056938900497e-24, nan 
140.625, 89.375, 1.0191142335622446e-23, nan 
140.875, 89.375, 8.211793652285437e-24, nan 
141.125, 89.375, 9.632047581736613e-24, nan 
141.375, 89.375, 9.010280481080188e-24, nan 
141.625, 89.375, 1.2127676078427986e-23, nan 
141.875, 89.375, 8.969343328313223e-24, nan 
142.125, 89.375, 9.270831281497399e-24, nan 
142.375, 89.375, 9.997369609348886e-24, nan 
142.625, 89.375, 8.801482079034313e-24, nan 
142.875, 89.375, 9.184013847650379e-24, nan 
143.125, 89.375, 8.978904716925369e-24, nan 
143.375, 89.375, 1.0263636902334415e-23, nan 
143.625, 89.375, 8.98090486901724e-24, nan 
143.875, 89.375, 1.1029357100851664e-23, nan 
144.125, 89.375, 9.633873391223125e-24, nan 
144.375, 89.375, 9.360935212942888e-24, nan 
144.625, 89.375, 1.0252800206256107e-23, nan 
144.875, 89.375, 1.0043542390730384e-23, nan 
145.125, 89.375, 9.563415523351603e-24, nan 
145.375, 89.375, 9.308722365994737e-24, nan 
145.625, 89.375, 1.2850067646354666e-23, nan 
145.875, 89.375, 9.473341154346058e-24, nan 
146.125, 89.375, 9.549641396100465e-24, nan 
146.375, 89.375, 9.893363000131028e-24, nan 
146.625, 89.375, 1.0243844039547398e-23, nan 
146.875, 89.375, 1.2362451544563562e-23, nan 
147.125, 89.375, 8.437882221925983e-24, nan 
147.375, 89.375, 1.262072925421318e-23, nan 
147.625, 89.375, 9.619140847790237e-24, nan 
147.875, 89.375, 1.0714934085256105e-23, nan 
148.125, 89.375, 1.0062639097145008e-23, nan 
148.375, 89.375, 1.1327450053794435e-23, nan 
148.625, 89.375, 1.1705148834492572e-23, nan 
148.875, 89.375, 1.0436335223374628e-23, nan 
149.125, 89.375, 1.0444610220424826e-23, nan 
149.375, 89.375, 1.061788046290009e-23, nan 
149.625, 89.375, 1.1492581160317452e-23, nan 
149.875, 89.375, 1.3455946379365213e-23, nan 
150.125, 89.375, 1.021422726543618e-23, nan 
150.375, 89.375, 1.269880778029002e-23, nan 
150.625, 89.375, 1.0103341731303568e-23, nan 
150.875, 89.375, 1.0678698934437731e-23, nan 
151.125, 89.375, 1.106474383248319e-23, nan 
151.375, 89.375, 1.1878940767463172e-23, nan 
151.625, 89.375, 1.2673071419998037e-23, nan 
151.875, 89.375, 1.2379677562522659e-23, nan 
152.125, 89.375, 1.024538308981598e-23, nan 
152.375, 89.375, 1.2823312708682815e-23, nan 
152.625, 89.375, 1.0855103580965057e-23, nan 
152.875, 89.375, 1.5988785009605258e-23, nan 
153.125, 89.375, 1.1246427115447405e-23, nan 
153.375, 89.375, 1.1241329319369144e-23, nan 
153.625, 89.375, 1.1878873129928907e-23, nan 
153.875, 89.375, 1.2209519638446052e-23, nan 
154.125, 89.375, 1.7023631544441183e-23, nan 
154.375, 89.375, 1.6390037978940444e-23, nan 
154.625, 89.375, 1.3030763614070798e-23, nan 
154.875, 89.375, 1.3955195137639953e-23, nan 
155.125, 89.375, 1.3397160909704546e-23, nan 
155.375, 89.375, 1.502389642958027e-23, nan 
155.625, 89.375, 1.3313433373101097e-23, nan 
155.875, 89.375, 1.2269485605075513e-23, nan 
156.125, 89.375, 1.4336974164015852e-23, nan 
156.375, 89.375, 1.2568152935140239e-23, nan 
156.625, 89.375, 1.2232691790547347e-23, nan 
156.875, 89.375, 1.1680341646669759e-23, nan 
157.125, 89.375, 1.2047985478781649e-23, nan 
157.375, 89.375, 1.387917914904288e-23, nan 
157.625, 89.375, 1.5083430102873906e-23, nan 
157.875, 89.375, 1.4221459259573995e-23, nan 
158.125, 89.375, 1.4630142985987718e-23, nan 
158.375, 89.375, 1.408133456506261e-23, nan 
158.625, 89.375, 1.405141322953341e-23, nan 
158.875, 89.375, 1.424427680647285e-23, nan 
159.125, 89.375, 1.4994601806657855e-23, nan 
159.375, 89.375, 1.5664214060981096e-23, nan 
159.625, 89.375, 1.5258703593521255e-23, nan 
159.875, 89.375, 1.4996948996328572e-23, nan 
160.125, 89.375, 1.4697178133006423e-23, nan 
160.375, 89.375, 1.4957661309383435e-23, nan 
160.625, 89.375, 1.4150858182729332e-23, nan 
160.875, 89.375, 1.45123717504269e-23, nan 
161.125, 89.375, 1.518022412191356e-23, nan 
161.375, 89.375, 1.6171359019930588e-23, nan 
161.625, 89.375, 1.495573851223809e-23, nan 
161.875, 89.375, 1.5100939748181373e-23, nan 
162.125, 89.375, 1.4409585034320294e-23, nan 
162.375, 89.375, 1.3760893054225567e-23, nan 
162.625, 89.375, 1.414127675023395e-23, nan 
162.875, 89.375, 1.3639825931557945e-23, nan 
163.125, 89.375, 1.355245812202448e-23, nan 
163.375, 89.375, 1.3382024810495795e-23, nan 
163.625, 89.375, 1.3160772640460394e-23, nan 
163.875, 89.375, 1.3355472206164083e-23, nan 
164.125, 89.375, 1.2948902659647056e-23, nan 
164.375, 89.375, 1.7653304266200835e-23, nan 
164.625, 89.375, 1.1708770029938787e-23, nan 
164.875, 89.375, 1.1777888788916359e-23, nan 
165.125, 89.375, 1.143469673412159e-23, nan 
165.375, 89.375, 1.6526092135881543e-23, nan 
165.625, 89.375, 1.2428522819472071e-23, nan 
165.875, 89.375, 1.1590952288884496e-23, nan 
166.125, 89.375, 1.2360711346473999e-23, nan 
166.375, 89.375, 1.1423293007687557e-23, nan 
166.625, 89.375, 1.4682938519537898e-23, nan 
166.875, 89.375, 1.0794241582779458e-23, nan 
167.125, 89.375, 1.132060327319832e-23, nan 
167.375, 89.375, 1.1026370634994832e-23, nan 
167.625, 89.375, 1.0878280307593073e-23, nan 
167.875, 89.375, 1.0753014595206424e-23, nan 
168.125, 89.375, 1.0512983533853313e-23, nan 
168.375, 89.375, 1.6321849269153008e-23, nan 
168.625, 89.375, 1.274794387317945e-23, nan 
168.875, 89.375, 1.3411514522528195e-23, nan 
169.125, 89.375, 1.343372086297295e-23, nan 
169.375, 89.375, 1.45536715338141e-23, nan 
169.625, 89.375, 1.5047126958618828e-23, nan 
169.875, 89.375, 1.46075480186508e-23, nan 
170.125, 89.375, 1.5628231317476333e-23, nan 
170.375, 89.375, 1.5331041360122682e-23, nan 
170.625, 89.375, 1.5902447849470986e-23, nan 
170.875, 89.375, 1.6516915717140232e-23, nan 
171.125, 89.375, 1.620097943585067e-23, nan 
171.375, 89.375, 1.3661316396880252e-23, nan 
171.625, 89.375, 1.2033348061509082e-23, nan 
171.875, 89.375, 1.5484886539529849e-23, nan 
172.125, 89.375, 1.8710935167842544e-23, nan 
172.375, 89.375, 2.008065654896135e-23, nan 
172.625, 89.375, 2.0728509909622734e-23, nan 
172.875, 89.375, 2.405058132929723e-23, nan 
173.125, 89.375, 2.6891155354955116e-23, nan 
173.375, 89.375, 1.9598183846597263e-23, nan 
173.625, 89.375, 2.0615737845310718e-23, nan 
173.875, 89.375, 1.9871106915908197e-23, nan 
174.125, 89.375, 2.045778942794642e-23, nan 
174.375, 89.375, 2.0826853900906455e-23, nan 
174.625, 89.375, 2.0633744612189607e-23, nan 
174.875, 89.375, 2.0444514342511114e-23, nan 
175.125, 89.375, 2.2209222979534253e-23, nan 
175.375, 89.375, 2.0632684299571875e-23, nan 
175.625, 89.375, 2.1909787448022164e-23, nan 
175.875, 89.375, 2.1364393840670095e-23, nan 
176.125, 89.375, 2.1107035919132923e-23, nan 
176.375, 89.375, 2.1948241313083022e-23, nan 
176.625, 89.375, 2.1976957308314583e-23, nan 
176.875, 89.375, 2.4658367704389873e-23, nan 
177.125, 89.375, 2.3437438769900645e-23, nan 
177.375, 89.375, 2.4599958677315556e-23, nan 
177.625, 89.375, 2.5737484214348418e-23, nan 
177.875, 89.375, 2.743809828453046e-23, nan 
178.125, 89.375, 2.941136800571169e-23, nan 
178.375, 89.375, 3.0943674252496535e-23, nan 
178.625, 89.375, 3.324959689081995e-23, nan 
178.875, 89.375, 3.595832610905441e-23, nan 
179.125, 89.375, 4.0010393716065914e-23, nan 
179.375, 89.375, 4.1493171532374135e-23, nan 
179.625, 89.375, 4.4648305474836437e-23, nan 
179.875, 89.375, 4.5860048266018544e-23, nan 
-179.875, 89.625, 4.324096202874401e-24, nan 
-179.625, 89.625, 6.210139349268671e-24, nan 
-179.375, 89.625, 5.13261159282303e-24, nan 
-179.125, 89.625, 5.681582515252116e-24, nan 
-178.875, 89.625, 4.563497653559398e-24, nan 
-178.625, 89.625, 5.5009290424660196e-24, nan 
-178.375, 89.625, 4.890225801576541e-24, nan 
-178.125, 89.625, 4.369115202980597e-24, nan 
-177.875, 89.625, 5.60626038287593e-24, nan 
-177.625, 89.625, 4.734318451007855e-24, nan 
-177.375, 89.625, 7.019572069328148e-24, nan 
-177.125, 89.625, 4.5890568998456064e-24, nan 
-176.875, 89.625, 6.520576034026134e-24, nan 
-176.625, 89.625, 4.29227328146076e-24, nan 
-176.375, 89.625, 5.495364763233962e-24, nan 
-176.125, 89.625, 3.570705896674305e-24, nan 
-175.875, 89.625, 1.0925539667859823e-24, nan 
-175.625, 89.625, 2.4813691704199765e-24, nan 
-175.375, 89.625, 4.5960311736717114e-24, nan 
-175.125, 89.625, 3.2651578286437393e-24, nan 
-174.875, 89.625, 4.529825702097709e-24, nan 
-174.625, 89.625, 5.737225806398173e-24, nan 
-174.375, 89.625, 4.4973461016065096e-24, nan 
-174.125, 89.625, 3.90370397212207e-24, nan 
-173.875, 89.625, 3.4052808711578324e-24, nan 
-173.625, 89.625, 5.336581387713672e-24, nan 
-173.375, 89.625, 3.2357602290421826e-24, nan 
-173.125, 89.625, 3.996271946714153e-24, nan 
-172.875, 89.625, 3.388616934490324e-24, nan 
-172.625, 89.625, 3.5873564652171645e-24, nan 
-172.375, 89.625, 4.392279165477118e-24, nan 
-172.125, 89.625, 3.5302899105663375e-24, nan 
-171.875, 89.625, 5.617039108112772e-24, nan 
-171.625, 89.625, 3.3243996492525056e-24, nan 
-171.375, 89.625, 4.844124907274225e-24, nan 
-171.125, 89.625, 3.80488636096351e-24, nan 
-170.875, 89.625, 5.367727498409319e-24, nan 
-170.625, 89.625, 3.890896412911924e-24, nan 
-170.375, 89.625, 4.193878600671137e-24, nan 
-170.125, 89.625, 4.1450611691136545e-24, nan 
-169.875, 89.625, 4.240047973442305e-24, nan 
-169.625, 89.625, 2.7025582456826242e-24, nan 
-169.375, 89.625, 3.497310364935554e-24, nan 
-169.125, 89.625, 3.25323464380004e-24, nan 
-168.875, 89.625, 3.3047434478683815e-24, nan 
-168.625, 89.625, 2.7795671920173235e-24, nan 
-168.375, 89.625, 3.660446787223724e-24, nan 
-168.125, 89.625, 2.5835751279578315e-24, nan 
-167.875, 89.625, 3.676604297670507e-24, nan 
-167.625, 89.625, 3.504498756472874e-24, nan 
-167.375, 89.625, 3.126932589729785e-24, nan 
-167.125, 89.625, 2.5916535063529856e-24, nan 
-166.875, 89.625, 1.451658163421215e-24, nan 
-166.625, 89.625, 2.04306183831149e-24, nan 
-166.375, 89.625, 2.5394992420315977e-24, nan 
-166.125, 89.625, 2.826307763955161e-24, nan 
-165.875, 89.625, 3.7233720912363306e-24, nan 
-165.625, 89.625, 4.929093281908273e-24, nan 
-165.375, 89.625, 3.226933053013089e-24, nan 
-165.125, 89.625, 2.3641235154481436e-24, nan 
-164.875, 89.625, 2.781530946262046e-24, nan 
-164.625, 89.625, 4.300346313554376e-24, nan 
-164.375, 89.625, 2.6388616704506976e-24, nan 
-164.125, 89.625, 1.9501849296470815e-24, nan 
-163.875, 89.625, 2.404658225813928e-24, nan 
-163.625, 89.625, 3.6002724687886225e-24, nan 
-163.375, 89.625, 2.3669857234939517e-24, nan 
-163.125, 89.625, 3.9953796279692186e-24, nan 
-162.875, 89.625, 2.296392881777924e-24, nan 
-162.625, 89.625, 4.1012829399830626e-24, nan 
-162.375, 89.625, 3.596310587347264e-24, nan 
-162.125, 89.625, 4.248900684455842e-24, nan 
-161.875, 89.625, 3.6809765076004465e-24, nan 
-161.625, 89.625, 4.372326717678477e-24, nan 
-161.375, 89.625, 3.4907350624045144e-24, nan 
-161.125, 89.625, 4.207253970743768e-24, nan 
-160.875, 89.625, 3.2945456395277094e-24, nan 
-160.625, 89.625, 4.032199768797548e-24, nan 
-160.375, 89.625, 3.3953878361784166e-24, nan 
-160.125, 89.625, 3.7094269753536024e-24, nan 
-159.875, 89.625, 3.778604882546282e-24, nan 
-159.625, 89.625, 3.932580336327156e-24, nan 
-159.375, 89.625, 3.0897382603762784e-24, nan 
-159.125, 89.625, 3.998767268882617e-24, nan 
-158.875, 89.625, 3.1190388202154422e-24, nan 
-158.625, 89.625, 4.0519778033276085e-24, nan 
-158.375, 89.625, 3.5447546742395765e-24, nan 
-158.125, 89.625, 4.417468485198146e-24, nan 
-157.875, 89.625, 3.8269241889790994e-24, nan 
-157.625, 89.625, 3.9175887053930996e-24, nan 
-157.375, 89.625, 3.519724826981366e-24, nan 
-157.125, 89.625, 3.9413730136292274e-24, nan 
-156.875, 89.625, 3.3079896395354828e-24, nan 
-156.625, 89.625, 3.991051486697504e-24, nan 
-156.375, 89.625, 3.954287658432822e-24, nan 
-156.125, 89.625, 4.346718499526922e-24, nan 
-155.875, 89.625, 3.229195458866379e-24, nan 
-155.625, 89.625, 4.592930579543321e-24, nan 
-155.375, 89.625, 4.117285606190672e-24, nan 
-155.125, 89.625, 3.996453885712031e-24, nan 
-154.875, 89.625, 2.8410160243189154e-24, nan 
-154.625, 89.625, 3.897743728448937e-24, nan 
-154.375, 89.625, 2.083295481170927e-24, nan 
-154.125, 89.625, 3.5884719854418745e-24, nan 
-153.875, 89.625, 3.540028633663475e-24, nan 
-153.625, 89.625, 4.989732205893417e-24, nan 
-153.375, 89.625, 3.3477958790253974e-24, nan 
-153.125, 89.625, 3.59953794069396e-24, nan 
-152.875, 89.625, 1.4633586507865821e-24, nan 
-152.625, 89.625, 3.583838504396735e-24, nan 
-152.375, 89.625, 3.585543176987515e-24, nan 
-152.125, 89.625, 5.0772537638607395e-24, nan 
-151.875, 89.625, 3.9668841361225594e-24, nan 
-151.625, 89.625, 3.2338451497209915e-24, nan 
-151.375, 89.625, 2.17865303049046e-24, nan 
-151.125, 89.625, 3.0358528161172334e-24, nan 
-150.875, 89.625, 3.482641857068691e-24, nan 
-150.625, 89.625, 4.8334278797161895e-24, nan 
-150.375, 89.625, 4.909691441267536e-24, nan 
-150.125, 89.625, 4.159926676025877e-24, nan 
-149.875, 89.625, 3.396233445334153e-24, nan 
-149.625, 89.625, 4.394171152491741e-24, nan 
-149.375, 89.625, 4.213220407922262e-24, nan 
-149.125, 89.625, 2.1935575542590223e-24, nan 
-148.875, 89.625, 4.113180300383677e-24, nan 
-148.625, 89.625, 3.808316525957803e-24, nan 
-148.375, 89.625, 4.488858961882705e-24, nan 
-148.125, 89.625, 3.1423052355909845e-24, nan 
-147.875, 89.625, 4.072447956992693e-24, nan 
-147.625, 89.625, 3.2512067691185315e-24, nan 
-147.375, 89.625, 5.0427315703030576e-24, nan 
-147.125, 89.625, 3.913244090888394e-24, nan 
-146.875, 89.625, 4.2358511795868706e-24, nan 
-146.625, 89.625, 3.994442000666744e-24, nan 
-146.375, 89.625, 4.4480045629904335e-24, nan 
-146.125, 89.625, 3.2131892678775346e-24, nan 
-145.875, 89.625, 4.115682677391549e-24, nan 
-145.625, 89.625, 4.35635235596143e-24, nan 
-145.375, 89.625, 4.943088281311859e-24, nan 
-145.125, 89.625, 4.674642819854134e-24, nan 
-144.875, 89.625, 5.38606580770779e-24, nan 
-144.625, 89.625, 3.2396973235212808e-24, nan 
-144.375, 89.625, 4.3945272755372175e-24, nan 
-144.125, 89.625, 1.657499193512762e-24, nan 
-143.875, 89.625, 4.199080252806315e-24, nan 
-143.625, 89.625, 3.2862855920146218e-24, nan 
-143.375, 89.625, 4.148766335832762e-24, nan 
-143.125, 89.625, 1.7177012365436955e-24, nan 
-142.875, 89.625, 4.500880006165566e-24, nan 
-142.625, 89.625, 3.4271738572379086e-24, nan 
-142.375, 89.625, 4.087480380633008e-24, nan 
-142.125, 89.625, 3.795810395731572e-24, nan 
-141.875, 89.625, 2.2051102225340522e-24, nan 
-141.625, 89.625, 8.729354412899225e-25, nan 
-141.375, 89.625, 1.8935087498081923e-24, nan 
-141.125, 89.625, 1.908989310445262e-24, nan 
-140.875, 89.625, 1.1455904516793667e-24, nan 
-140.625, 89.625, 1.4587974928398726e-24, nan 
-140.375, 89.625, 5.622743767253976e-24, nan 
-140.125, 89.625, 3.745110947024931e-24, nan 
-139.875, 89.625, 5.115713831328088e-24, nan 
-139.625, 89.625, 3.727055922249935e-24, nan 
-139.375, 89.625, 4.601739857874644e-24, nan 
-139.125, 89.625, 1.4948750615652447e-24, nan 
-138.875, 89.625, 3.440217012351265e-24, nan 
-138.625, 89.625, 2.3725033663017775e-24, nan 
-138.375, 89.625, 3.636220785084808e-24, nan 
-138.125, 89.625, 2.139689036782743e-24, nan 
-137.875, 89.625, 2.819955362000361e-24, nan 
-137.625, 89.625, 2.1984029148853208e-24, nan 
-137.375, 89.625, 3.2656948425593302e-24, nan 
-137.125, 89.625, 2.7769344433249908e-24, nan 
-136.875, 89.625, 1.4836639062771307e-24, nan 
-136.625, 89.625, 2.6589284552284176e-24, nan 
-136.375, 89.625, 1.9548886186316264e-24, nan 
-136.125, 89.625, 2.0254962041234224e-24, nan 
-135.875, 89.625, 1.361155917501399e-24, nan 
-135.625, 89.625, 2.2859201872248162e-24, nan 
-135.375, 89.625, 2.751304548312793e-24, nan 
-135.125, 89.625, 2.5395878968928997e-24, nan 
-134.875, 89.625, 1.8622786139693197e-24, nan 
-134.625, 89.625, 2.6115550886979065e-24, nan 
-134.375, 89.625, 1.973364865048974e-24, nan 
-134.125, 89.625, 2.9585260395733306e-24, nan 
-133.875, 89.625, 2.6818846290861114e-24, nan 
-133.625, 89.625, 3.388184725635322e-24, nan 
-133.375, 89.625, 1.6489875395389465e-24, nan 
-133.125, 89.625, 1.8084325241069234e-24, nan 
-132.875, 89.625, 1.5720369939029714e-24, nan 
-132.625, 89.625, 1.5145602547267205e-24, nan 
-132.375, 89.625, 3.0476767932872364e-24, nan 
-132.125, 89.625, 2.1415538402441755e-24, nan 
-131.875, 89.625, 2.0264648501051773e-24, nan 
-131.625, 89.625, 1.4208916410754926e-24, nan 
-131.375, 89.625, 1.842011381413781e-24, nan 
-131.125, 89.625, 1.815983870515227e-24, nan 
-130.875, 89.625, 1.337124789516791e-24, nan 
-130.625, 89.625, 3.3197921478188506e-24, nan 
-130.375, 89.625, 3.1459863426169512e-24, nan 
-130.125, 89.625, 3.792042862175928e-24, nan 
-129.875, 89.625, 2.8724182859353775e-24, nan 
-129.625, 89.625, 3.2784329473277338e-24, nan 
-129.375, 89.625, 2.5019138585851108e-24, nan 
-129.125, 89.625, 2.37333327809902e-24, nan 
-128.875, 89.625, 2.2638040326624802e-24, nan 
-128.625, 89.625, 1.1859803588431422e-24, nan 
-128.375, 89.625, 1.212184092655358e-24, nan 
-128.125, 89.625, 1.0289354781982838e-24, nan 
-127.875, 89.625, 1.9263467583287347e-24, nan 
-127.625, 89.625, 2.1009791551111544e-24, nan 
-127.375, 89.625, 2.7636009582218693e-24, nan 
-127.125, 89.625, 1.4406023991098174e-24, nan 
-126.875, 89.625, 1.5855504431285417e-24, nan 
-126.625, 89.625, 2.7342378667246562e-24, nan 
-126.375, 89.625, 2.491298306720171e-24, nan 
-126.125, 89.625, 2.1219053618801642e-24, nan 
-125.875, 89.625, 1.4554655959831316e-24, nan 
-125.625, 89.625, 2.7792806399882625e-24, nan 
-125.375, 89.625, 2.1231042340203093e-24, nan 
-125.125, 89.625, 2.0925504703844462e-24, nan 
-124.875, 89.625, 2.553221084969176e-24, nan 
-124.625, 89.625, 1.598458216181943e-24, nan 
-124.375, 89.625, 3.246140320832645e-24, nan 
-124.125, 89.625, 2.204894176962194e-24, nan 
-123.875, 89.625, 1.9164939022538775e-24, nan 
-123.625, 89.625, 1.751837786165993e-24, nan 
-123.375, 89.625, 1.4856111103070963e-24, nan 
-123.125, 89.625, 2.3741940151301046e-24, nan 
-122.875, 89.625, 1.4742330581503115e-24, nan 
-122.625, 89.625, 1.5430579773511809e-24, nan 
-122.375, 89.625, 2.7688488467231093e-24, nan 
-122.125, 89.625, 1.511418955991874e-24, nan 
-121.875, 89.625, 1.3017675736181824e-24, nan 
-121.625, 89.625, 1.2810568691088696e-24, nan 
-121.375, 89.625, 2.5510395736702564e-24, nan 
-121.125, 89.625, 2.1462965037428578e-24, nan 
-120.875, 89.625, 2.4313775219249072e-24, nan 
-120.625, 89.625, 1.6078770032609934e-24, nan 
-120.375, 89.625, 1.5929559323368801e-24, nan 
-120.125, 89.625, 1.6728929378914005e-24, nan 
-119.875, 89.625, 1.142299753454221e-24, nan 
-119.625, 89.625, 7.197113295772918e-25, nan 
-119.375, 89.625, 1.3224792430491656e-24, nan 
-119.125, 89.625, 6.344894637584097e-25, nan 
-118.875, 89.625, 1.199184566967804e-24, nan 
-118.625, 89.625, 2.178291222126044e-24, nan 
-118.375, 89.625, 2.4078716844984985e-24, nan 
-118.125, 89.625, 1.0341645763531413e-24, nan 
-117.875, 89.625, 1.0772710724206867e-24, nan 
-117.625, 89.625, 2.2661986511967854e-24, nan 
-117.375, 89.625, 9.82757667643694e-25, nan 
-117.125, 89.625, 1.2146069396319833e-24, nan 
-116.875, 89.625, 5.216773718478007e-25, nan 
-116.625, 89.625, 1.2039019437680096e-24, nan 
-116.375, 89.625, 1.0520425358092632e-24, nan 
-116.125, 89.625, 2.3362261532902133e-24, nan 
-115.875, 89.625, 4.571148842298634e-25, nan 
-115.625, 89.625, 1.6135509381184691e-24, nan 
-115.375, 89.625, 1.1987600253754199e-24, nan 
-115.125, 89.625, 1.0456324909942834e-24, nan 
-114.875, 89.625, 1.71551036095377e-24, nan 
-114.625, 89.625, 1.076437059930275e-24, nan 
-114.375, 89.625, 1.9859277581620256e-24, nan 
-114.125, 89.625, 2.8026338129252266e-24, nan 
-113.875, 89.625, 3.12432495371173e-24, nan 
-113.625, 89.625, 3.541503721457414e-24, nan 
-113.375, 89.625, 4.5291301444645374e-24, nan 
-113.125, 89.625, 3.504652479016014e-24, nan 
-112.875, 89.625, 3.452649965234464e-24, nan 
-112.625, 89.625, 3.148511900502877e-24, nan 
-112.375, 89.625, 3.764870542308313e-24, nan 
-112.125, 89.625, 2.444356816113036e-24, nan 
-111.875, 89.625, 5.7771693135375345e-24, nan 
-111.625, 89.625, 2.0583772781258045e-24, nan 
-111.375, 89.625, 4.199929619380228e-24, nan 
-111.125, 89.625, 4.086384132033288e-24, nan 
-110.875, 89.625, 4.4213538743239604e-24, nan 
-110.625, 89.625, 3.239082645674714e-24, nan 
-110.375, 89.625, 3.508592016706424e-24, nan 
-110.125, 89.625, 3.618128346570257e-24, nan 
-109.875, 89.625, 3.465242900981347e-24, nan 
-109.625, 89.625, 3.2579814169630523e-24, nan 
-109.375, 89.625, 3.34811413859071e-24, nan 
-109.125, 89.625, 5.636704940319244e-24, nan 
-108.875, 89.625, 4.23460810562127e-24, nan 
-108.625, 89.625, 4.900182382469947e-24, nan 
-108.375, 89.625, 4.3880300080896886e-24, nan 
-108.125, 89.625, 4.5483947533730475e-24, nan 
-107.875, 89.625, 3.522219012483041e-24, nan 
-107.625, 89.625, 4.4186721932318646e-24, nan 
-107.375, 89.625, 5.957078566779989e-24, nan 
-107.125, 89.625, 6.280357580439327e-24, nan 
-106.875, 89.625, 6.3118031219843926e-24, nan 
-106.625, 89.625, 6.250966991203072e-24, nan 
-106.375, 89.625, 5.915231589636583e-24, nan 
-106.125, 89.625, 5.530266547425876e-24, nan 
-105.875, 89.625, 5.234225884443154e-24, nan 
-105.625, 89.625, 5.7157877440814894e-24, nan 
-105.375, 89.625, 5.750141783392121e-24, nan 
-105.125, 89.625, 6.1164056912941354e-24, nan 
-104.875, 89.625, 3.496109356613911e-24, nan 
-104.625, 89.625, 5.927923221204352e-24, nan 
-104.375, 89.625, 4.1885519789762486e-24, nan 
-104.125, 89.625, 5.5411055233791465e-24, nan 
-103.875, 89.625, 4.175005216416462e-24, nan 
-103.625, 89.625, 4.8495031231196265e-24, nan 
-103.375, 89.625, 4.160950687654303e-24, nan 
-103.125, 89.625, 4.5279897041340246e-24, nan 
-102.875, 89.625, 3.084750264481629e-24, nan 
-102.625, 89.625, 4.964421962959711e-24, nan 
-102.375, 89.625, 4.001403389539687e-24, nan 
-102.125, 89.625, 3.030619339768635e-24, nan 
-101.875, 89.625, 4.427375092798734e-24, nan 
-101.625, 89.625, 4.703410035729512e-24, nan 
-101.375, 89.625, 3.982250471473716e-24, nan 
-101.125, 89.625, 4.524276125143564e-24, nan 
-100.875, 89.625, 3.6888855615190934e-24, nan 
-100.625, 89.625, 3.1365066249890526e-24, nan 
-100.375, 89.625, 4.985590029008324e-24, nan 
-100.125, 89.625, 4.132852620784865e-24, nan 
-99.875, 89.625, 4.563302496446649e-24, nan 
-99.625, 89.625, 3.686075703698576e-24, nan 
-99.375, 89.625, 4.233957488455368e-24, nan 
-99.125, 89.625, 1.94233689754266e-24, nan 
-98.875, 89.625, 3.4701970070186405e-24, nan 
-98.625, 89.625, 2.9965460865085467e-24, nan 
-98.375, 89.625, 4.142364284964943e-24, nan 
-98.125, 89.625, 3.671984700591946e-24, nan 
-97.875, 89.625, 4.510508674701384e-24, nan 
-97.625, 89.625, 3.7366553043536846e-24, nan 
-97.375, 89.625, 3.628430651500881e-24, nan 
-97.125, 89.625, 3.0637010190194377e-24, nan 
-96.875, 89.625, 3.464278553975155e-24, nan 
-96.625, 89.625, 4.306003463734894e-24, nan 
-96.375, 89.625, 3.2705881295977903e-24, nan 
-96.125, 89.625, 4.18231244680402e-24, nan 
-95.875, 89.625, 4.16290884779165e-24, nan 
-95.625, 89.625, 3.789077852424156e-24, nan 
-95.375, 89.625, 4.153015218124445e-24, nan 
-95.125, 89.625, 4.169310778504918e-24, nan 
-94.875, 89.625, 4.6440825592806505e-24, nan 
-94.625, 89.625, 4.1562785004951565e-24, nan 
-94.375, 89.625, 3.6648613187165765e-24, nan 
-94.125, 89.625, 4.673033556311215e-24, nan 
-93.875, 89.625, 3.671385285238976e-24, nan 
-93.625, 89.625, 3.4063042545448524e-24, nan 
-93.375, 89.625, 3.19088873704994e-24, nan 
-93.125, 89.625, 3.758140268418789e-24, nan 
-92.875, 89.625, 2.6013278533681995e-24, nan 
-92.625, 89.625, 4.359583615941727e-24, nan 
-92.375, 89.625, 3.716832738215058e-24, nan 
-92.125, 89.625, 3.280440458520615e-24, nan 
-91.875, 89.625, 4.598826727377008e-24, nan 
-91.625, 89.625, 5.671979869208794e-24, nan 
-91.375, 89.625, 4.360812576391033e-24, nan 
-91.125, 89.625, 4.969017210282907e-24, nan 
-90.875, 89.625, 4.1458726894750164e-24, nan 
-90.625, 89.625, 5.285708083344605e-24, nan 
-90.375, 89.625, 5.4860746123127164e-24, nan 
-90.125, 89.625, 5.52203958795886e-24, nan 
-89.875, 89.625, 5.6057987103091535e-24, nan 
-89.625, 89.625, 5.837183619407342e-24, nan 
-89.375, 89.625, 6.431185361579075e-24, nan 
-89.125, 89.625, 6.349904061150119e-24, nan 
-88.875, 89.625, 6.502117789974196e-24, nan 
-88.625, 89.625, 6.821920021312718e-24, nan 
-88.375, 89.625, 6.926536891276221e-24, nan 
-88.125, 89.625, 7.92123552710315e-24, nan 
-87.875, 89.625, 8.035736433712549e-24, nan 
-87.625, 89.625, 8.933241793156253e-24, nan 
-87.375, 89.625, 8.153886311884761e-24, nan 
-87.125, 89.625, 7.39564053673887e-24, nan 
-86.875, 89.625, 7.768709538845592e-24, nan 
-86.625, 89.625, 9.479539799759795e-24, nan 
-86.375, 89.625, 9.149814059616705e-24, nan 
-86.125, 89.625, 7.826045994218358e-24, nan 
-85.875, 89.625, 7.174373187243477e-24, nan 
-85.625, 89.625, 5.99110125562979e-24, nan 
-85.375, 89.625, 5.161407305788169e-24, nan 
-85.125, 89.625, 3.8653317334002e-24, nan 
-84.875, 89.625, 5.760152055948427e-24, nan 
-84.625, 89.625, 4.431519278773949e-24, nan 
-84.375, 89.625, 4.29615628821208e-24, nan 
-84.125, 89.625, 4.408883765147016e-24, nan 
-83.875, 89.625, 4.785780337400342e-24, nan 
-83.625, 89.625, 5.751008873964612e-24, nan 
-83.375, 89.625, 6.363218831860287e-24, nan 
-83.125, 89.625, 5.895974024275294e-24, nan 
-82.875, 89.625, 5.3664742133388936e-24, nan 
-82.625, 89.625, 5.755629492718296e-24, nan 
-82.375, 89.625, 4.82302951880741e-24, nan 
-82.125, 89.625, 5.238389271544159e-24, nan 
-81.875, 89.625, 5.419277244252996e-24, nan 
-81.625, 89.625, 5.7306213824088936e-24, nan 
-81.375, 89.625, 5.124253672024597e-24, nan 
-81.125, 89.625, 6.926371320129716e-24, nan 
-80.875, 89.625, 5.931799489993444e-24, nan 
-80.625, 89.625, 5.094687278853332e-24, nan 
-80.375, 89.625, 5.292760512136722e-24, nan 
-80.125, 89.625, 5.2417123626426265e-24, nan 
-79.875, 89.625, 7.264856667217512e-24, nan 
-79.625, 89.625, 8.2351935281544e-24, nan 
-79.375, 89.625, 8.902493039134876e-24, nan 
-79.125, 89.625, 9.008691771840941e-24, nan 
-78.875, 89.625, 9.521775885535752e-24, nan 
-78.625, 89.625, 9.691231286893979e-24, nan 
-78.375, 89.625, 9.172375768301139e-24, nan 
-78.125, 89.625, 7.867498814658514e-24, nan 
-77.875, 89.625, 9.040950316473532e-24, nan 
-77.625, 89.625, 9.571694630231272e-24, nan 
-77.375, 89.625, 8.807675451443753e-24, nan 
-77.125, 89.625, 9.825660840007293e-24, nan 
-76.875, 89.625, 1.0104910627151154e-23, nan 
-76.625, 89.625, 1.1364784769388964e-23, nan 
-76.375, 89.625, 1.2235295770346533e-23, nan 
-76.125, 89.625, 1.0721767499630176e-23, nan 
-75.875, 89.625, 1.0999572711970418e-23, nan 
-75.625, 89.625, 1.1041169786654262e-23, nan 
-75.375, 89.625, 1.0758231110214165e-23, nan 
-75.125, 89.625, 1.1761789992095808e-23, nan 
-74.875, 89.625, 1.1258989824162521e-23, nan 
-74.625, 89.625, 1.0865681881950881e-23, nan 
-74.375, 89.625, 1.1582638794077418e-23, nan 
-74.125, 89.625, 1.1491944709659375e-23, nan 
-73.875, 89.625, 1.1405162564686319e-23, nan 
-73.625, 89.625, 1.200093800305833e-23, nan 
-73.375, 89.625, 1.1155956465884292e-23, nan 
-73.125, 89.625, 1.1374288634963963e-23, nan 
-72.875, 89.625, 1.1411777712860099e-23, nan 
-72.625, 89.625, 1.22271643519746e-23, nan 
-72.375, 89.625, 1.2071485070912904e-23, nan 
-72.125, 89.625, 1.2730322863786505e-23, nan 
-71.875, 89.625, 1.1662538077926209e-23, nan 
-71.625, 89.625, 1.2020372860525361e-23, nan 
-71.375, 89.625, 1.1986187041671842e-23, nan 
-71.125, 89.625, 1.3359819107405388e-23, nan 
-70.875, 89.625, 1.3511294837285435e-23, nan 
-70.625, 89.625, 1.222901185049791e-23, nan 
-70.375, 89.625, 1.1466571876107955e-23, nan 
-70.125, 89.625, 1.1451178598223724e-23, nan 
-69.875, 89.625, 1.4092651497910083e-23, nan 
-69.625, 89.625, 1.274084249135996e-23, nan 
-69.375, 89.625, 1.2148343492980975e-23, nan 
-69.125, 89.625, 1.0849525529065482e-23, nan 
-68.875, 89.625, 1.0392142561473173e-23, nan 
-68.625, 89.625, 1.1609789729019806e-23, nan 
-68.375, 89.625, 1.186365065014251e-23, nan 
-68.125, 89.625, 1.1458889793997016e-23, nan 
-67.875, 89.625, 1.1333743691053642e-23, nan 
-67.625, 89.625, 1.0882084426736416e-23, nan 
-67.375, 89.625, 1.0773405409694347e-23, nan 
-67.125, 89.625, 1.2033961225088228e-23, nan 
-66.875, 89.625, 1.1104442832584027e-23, nan 
-66.625, 89.625, 1.1393756403041842e-23, nan 
-66.375, 89.625, 1.0720118014283116e-23, nan 
-66.125, 89.625, 1.2149750956146308e-23, nan 
-65.875, 89.625, 1.2375517990370284e-23, nan 
-65.625, 89.625, 1.2191319333317428e-23, nan 
-65.375, 89.625, 1.2720860854845981e-23, nan 
-65.125, 89.625, 1.2308201727219891e-23, nan 
-64.875, 89.625, 1.1398286172173137e-23, nan 
-64.625, 89.625, 1.2944457174019242e-23, nan 
-64.375, 89.625, 1.1395938273321755e-23, nan 
-64.125, 89.625, 1.3068374942216897e-23, nan 
-63.875, 89.625, 1.2178567805062965e-23, nan 
-63.625, 89.625, 1.2607000307133751e-23, nan 
-63.375, 89.625, 1.2399207030245408e-23, nan 
-63.125, 89.625, 1.4566985953949348e-23, nan 
-62.875, 89.625, 1.2995525866868534e-23, nan 
-62.625, 89.625, 1.1293865944004953e-23, nan 
-62.375, 89.625, 1.098941576716017e-23, nan 
-62.125, 89.625, 1.1809821724395652e-23, nan 
-61.875, 89.625, 1.288486725960677e-23, nan 
-61.625, 89.625, 1.593245613389314e-23, nan 
-61.375, 89.625, 1.7855195657462472e-23, nan 
-61.125, 89.625, 1.8524685717342903e-23, nan 
-60.875, 89.625, 1.875871175994074e-23, nan 
-60.625, 89.625, 1.4928219263579564e-23, nan 
-60.375, 89.625, 1.1757063466045399e-23, nan 
-60.125, 89.625, 1.1066052776960694e-23, nan 
-59.875, 89.625, 1.2526866889291358e-23, nan 
-59.625, 89.625, 1.2576223253518092e-23, nan 
-59.375, 89.625, 1.3526962312514043e-23, nan 
-59.125, 89.625, 1.1136400416462749e-23, nan 
-58.875, 89.625, 8.38823641828505e-24, nan 
-58.625, 89.625, 7.632531324667972e-24, nan 
-58.375, 89.625, 7.633191287932486e-24, nan 
-58.125, 89.625, 7.399453564111097e-24, nan 
-57.875, 89.625, 6.5519832699697495e-24, nan 
-57.625, 89.625, 7.5124260824301e-24, nan 
-57.375, 89.625, 6.576654462000203e-24, nan 
-57.125, 89.625, 8.640240842674366e-24, nan 
-56.875, 89.625, 1.0427143736220442e-23, nan 
-56.625, 89.625, 1.1149723635982192e-23, nan 
-56.375, 89.625, 1.2104801436037142e-23, nan 
-56.125, 89.625, 1.2216987735974074e-23, nan 
-55.875, 89.625, 1.2616801068867555e-23, nan 
-55.625, 89.625, 1.2829838325624467e-23, nan 
-55.375, 89.625, 1.1927100073665443e-23, nan 
-55.125, 89.625, 1.2170595204319269e-23, nan 
-54.875, 89.625, 1.3219791352809386e-23, nan 
-54.625, 89.625, 1.2471494886739375e-23, nan 
-54.375, 89.625, 1.2765391380421235e-23, nan 
-54.125, 89.625, 1.2373605014267224e-23, nan 
-53.875, 89.625, 1.2087897042979988e-23, nan 
-53.625, 89.625, 1.1835907022230082e-23, nan 
-53.375, 89.625, 1.031903598850041e-23, nan 
-53.125, 89.625, 6.69389670065765e-24, nan 
-52.875, 89.625, 9.350343738402297e-24, nan 
-52.625, 89.625, 1.3080012251521022e-23, nan 
-52.375, 89.625, 1.318849079200311e-23, nan 
-52.125, 89.625, 1.1022336850995453e-23, nan 
-51.875, 89.625, 1.199693903332267e-23, nan 
-51.625, 89.625, 1.2621949084223464e-23, nan 
-51.375, 89.625, 1.396603837556097e-23, nan 
-51.125, 89.625, 1.2648787957763984e-23, nan 
-50.875, 89.625, 1.2725055762038209e-23, nan 
-50.625, 89.625, 1.3542660205493882e-23, nan 
-50.375, 89.625, 1.6619248124315667e-23, nan 
-50.125, 89.625, 1.5027090320276783e-23, nan 
-49.875, 89.625, 1.484806441324785e-23, nan 
-49.625, 89.625, 1.4126463232662023e-23, nan 
-49.375, 89.625, 1.554897129486421e-23, nan 
-49.125, 89.625, 1.2602405915006047e-23, nan 
-48.875, 89.625, 1.2826878097867353e-23, nan 
-48.625, 89.625, 1.2124105032883774e-23, nan 
-48.375, 89.625, 1.514919648533039e-23, nan 
-48.125, 89.625, 1.381492761667629e-23, nan 
-47.875, 89.625, 1.2347695844152068e-23, nan 
-47.625, 89.625, 1.0827321463175536e-23, nan 
-47.375, 89.625, 9.71471727026387e-24, nan 
-47.125, 89.625, 9.66804580001819e-24, nan 
-46.875, 89.625, 8.4926757897692e-24, nan 
-46.625, 89.625, 1.081436359410481e-23, nan 
-46.375, 89.625, 1.8046054308742065e-23, nan 
-46.125, 89.625, 1.4611563776456656e-23, nan 
-45.875, 89.625, 1.2243443645848376e-23, nan 
-45.625, 89.625, 1.353147070452131e-23, nan 
-45.375, 89.625, 1.4790524490184937e-23, nan 
-45.125, 89.625, 1.2368495883208573e-23, nan 
-44.875, 89.625, 9.700944348706582e-24, nan 
-44.625, 89.625, 1.2374332420026499e-23, nan 
-44.375, 89.625, 1.51370586390787e-23, nan 
-44.125, 89.625, 1.7224144029211758e-23, nan 
-43.875, 89.625, 1.4632347559740802e-23, nan 
-43.625, 89.625, 1.1106391252410016e-23, nan 
-43.375, 89.625, 1.2846798868213745e-23, nan 
-43.125, 89.625, 1.3253232946394898e-23, nan 
-42.875, 89.625, 1.3248784391115468e-23, nan 
-42.625, 89.625, 1.2080617394830296e-23, nan 
-42.375, 89.625, 1.3519073086107335e-23, nan 
-42.125, 89.625, 1.2212731030328785e-23, nan 
-41.875, 89.625, 1.0860881893564886e-23, nan 
-41.625, 89.625, 1.1532552606470934e-23, nan 
-41.375, 89.625, 1.225373115857886e-23, nan 
-41.125, 89.625, 1.2233629841678823e-23, nan 
-40.875, 89.625, 1.2445776317048558e-23, nan 
-40.625, 89.625, 1.3072765088020336e-23, nan 
-40.375, 89.625, 1.346511669671831e-23, nan 
-40.125, 89.625, 1.3034079065728931e-23, nan 
-39.875, 89.625, 1.4441804120692302e-23, nan 
-39.625, 89.625, 1.2683626633095939e-23, nan 
-39.375, 89.625, 1.4509153536253064e-23, nan 
-39.125, 89.625, 1.405823886610685e-23, nan 
-38.875, 89.625, 1.4317575633708192e-23, nan 
-38.625, 89.625, 1.4354351226778704e-23, nan 
-38.375, 89.625, 1.5764796659713367e-23, nan 
-38.125, 89.625, 1.6701717714726677e-23, nan 
-37.875, 89.625, 1.5489766295430826e-23, nan 
-37.625, 89.625, 1.4895302490265194e-23, nan 
-37.375, 89.625, 1.5627077945514094e-23, nan 
-37.125, 89.625, 1.794560737681027e-23, nan 
-36.875, 89.625, 1.6500627690169212e-23, nan 
-36.625, 89.625, 1.686922361313198e-23, nan 
-36.375, 89.625, 1.567297073383002e-23, nan 
-36.125, 89.625, 1.7501843311888123e-23, nan 
-35.875, 89.625, 1.6995415385732552e-23, nan 
-35.625, 89.625, 1.6881840429039578e-23, nan 
-35.375, 89.625, 1.650925033816278e-23, nan 
-35.125, 89.625, 1.742474530019076e-23, nan 
-34.875, 89.625, 1.7317597061173457e-23, nan 
-34.625, 89.625, 1.776886044997453e-23, nan 
-34.375, 89.625, 1.760526537152811e-23, nan 
-34.125, 89.625, 1.8101409194454508e-23, nan 
-33.875, 89.625, 1.754029490778921e-23, nan 
-33.625, 89.625, 1.7813038475597877e-23, nan 
-33.375, 89.625, 1.8275240127839138e-23, nan 
-33.125, 89.625, 1.736215370551885e-23, nan 
-32.875, 89.625, 1.9815167470556923e-23, nan 
-32.625, 89.625, 1.7877282882239063e-23, nan 
-32.375, 89.625, 1.67464515400052e-23, nan 
-32.125, 89.625, 1.8694833115181608e-23, nan 
-31.875, 89.625, 1.8784880894858797e-23, nan 
-31.625, 89.625, 1.9604854013334085e-23, nan 
-31.375, 89.625, 1.876070322943885e-23, nan 
-31.125, 89.625, 1.9003718407586462e-23, nan 
-30.875, 89.625, 1.713479620233959e-23, nan 
-30.625, 89.625, 1.7412449192837735e-23, nan 
-30.375, 89.625, 1.6040901579065028e-23, nan 
-30.125, 89.625, 1.623689538749815e-23, nan 
-29.875, 89.625, 1.734957299071592e-23, nan 
-29.625, 89.625, 1.7873143136112913e-23, nan 
-29.375, 89.625, 1.874551025215592e-23, nan 
-29.125, 89.625, 1.8370135634884387e-23, nan 
-28.875, 89.625, 1.805117842489889e-23, nan 
-28.625, 89.625, 1.8722436669270728e-23, nan 
-28.375, 89.625, 1.8565364495526077e-23, nan 
-28.125, 89.625, 1.970052948861124e-23, nan 
-27.875, 89.625, 1.88863388602237e-23, nan 
-27.625, 89.625, 1.828059793783288e-23, nan 
-27.375, 89.625, 2.0382900068716647e-23, nan 
-27.125, 89.625, 1.7906197548127e-23, nan 
-26.875, 89.625, 1.7529673025652413e-23, nan 
-26.625, 89.625, 1.841604835581392e-23, nan 
-26.375, 89.625, 1.974710058721458e-23, nan 
-26.125, 89.625, 1.5236028015147035e-23, nan 
-25.875, 89.625, 1.7721722370154906e-23, nan 
-25.625, 89.625, 1.9792331613335948e-23, nan 
-25.375, 89.625, 1.991398053116045e-23, nan 
-25.125, 89.625, 1.8860011293864132e-23, nan 
-24.875, 89.625, 2.062530640862788e-23, nan 
-24.625, 89.625, 1.915425795655666e-23, nan 
-24.375, 89.625, 1.9179971275241218e-23, nan 
-24.125, 89.625, 1.9664198277004643e-23, nan 
-23.875, 89.625, 1.9585519371379803e-23, nan 
-23.625, 89.625, 1.9884623025091702e-23, nan 
-23.375, 89.625, 1.8176838079504983e-23, nan 
-23.125, 89.625, 2.13942261275056e-23, nan 
-22.875, 89.625, 2.470162732250306e-23, nan 
-22.625, 89.625, 2.264272190716972e-23, nan 
-22.375, 89.625, 1.8704213812844304e-23, nan 
-22.125, 89.625, 2.0366209257576452e-23, nan 
-21.875, 89.625, 1.7106595427059283e-23, nan 
-21.625, 89.625, 1.836820771633515e-23, nan 
-21.375, 89.625, 2.0498868924909104e-23, nan 
-21.125, 89.625, 1.584144673741487e-23, nan 
-20.875, 89.625, 1.4078595920330278e-23, nan 
-20.625, 89.625, 1.844873067642294e-23, nan 
-20.375, 89.625, 2.015848039811829e-23, nan 
-20.125, 89.625, 1.9256326073503817e-23, nan 
-19.875, 89.625, 2.042150794475826e-23, nan 
-19.625, 89.625, 2.020883085031206e-23, nan 
-19.375, 89.625, 2.187912288370768e-23, nan 
-19.125, 89.625, 1.7535583440375458e-23, nan 
-18.875, 89.625, 1.5876707578655117e-23, nan 
-18.625, 89.625, 1.8380374007613458e-23, nan 
-18.375, 89.625, 1.6148274997139824e-23, nan 
-18.125, 89.625, 1.7735848064479352e-23, nan 
-17.875, 89.625, 1.632463904400197e-23, nan 
-17.625, 89.625, 1.786920198629207e-23, nan 
-17.375, 89.625, 1.876044509599088e-23, nan 
-17.125, 89.625, 1.6422847888155258e-23, nan 
-16.875, 89.625, 1.9334287940665343e-23, nan 
-16.625, 89.625, 1.9946790202378467e-23, nan 
-16.375, 89.625, 2.0758903063649918e-23, nan 
-16.125, 89.625, 2.0381666123451603e-23, nan 
-15.875, 89.625, 2.0358759131544168e-23, nan 
-15.625, 89.625, 2.0010257486759652e-23, nan 
-15.375, 89.625, 1.9158599220191654e-23, nan 
-15.125, 89.625, 1.7117607163202815e-23, nan 
-14.875, 89.625, 1.9076247008486765e-23, nan 
-14.625, 89.625, 1.79080966718284e-23, nan 
-14.375, 89.625, 2.1503466133527422e-23, nan 
-14.125, 89.625, 2.0841965644205525e-23, nan 
-13.875, 89.625, 2.0206234510866215e-23, nan 
-13.625, 89.625, 1.893561557735629e-23, nan 
-13.375, 89.625, 1.9881335908580596e-23, nan 
-13.125, 89.625, 1.7130031245417206e-23, nan 
-12.875, 89.625, 1.5182690976681154e-23, nan 
-12.625, 89.625, 1.7530848046623817e-23, nan 
-12.375, 89.625, 1.9818242433010867e-23, nan 
-12.125, 89.625, 2.1161122803882385e-23, nan 
-11.875, 89.625, 2.04346625093582e-23, nan 
-11.625, 89.625, 2.010542565902795e-23, nan 
-11.375, 89.625, 2.0634224948378132e-23, nan 
-11.125, 89.625, 2.0336493369834622e-23, nan 
-10.875, 89.625, 1.7383115538419653e-23, nan 
-10.625, 89.625, 1.6723468846498126e-23, nan 
-10.375, 89.625, 1.697760751568757e-23, nan 
-10.125, 89.625, 1.759354048615565e-23, nan 
-9.875, 89.625, 1.7894565686275278e-23, nan 
-9.625, 89.625, 1.6607347960297536e-23, nan 
-9.375, 89.625, 1.759933148389986e-23, nan 
-9.125, 89.625, 1.6898967535444393e-23, nan 
-8.875, 89.625, 1.723304582033893e-23, nan 
-8.625, 89.625, 1.7914333219676098e-23, nan 
-8.375, 89.625, 1.794499716692563e-23, nan 
-8.125, 89.625, 2.733929335660984e-23, nan 
-7.875, 89.625, 2.0111008118080897e-23, nan 
-7.625, 89.625, 1.8306250855974736e-23, nan 
-7.375, 89.625, 1.82722002554495e-23, nan 
-7.125, 89.625, 2.097750566618548e-23, nan 
-6.875, 89.625, 1.7845701501300852e-23, nan 
-6.625, 89.625, 1.7803947637148367e-23, nan 
-6.375, 89.625, 1.7420047558326338e-23, nan 
-6.125, 89.625, 1.6445239303723345e-23, nan 
-5.875, 89.625, 1.8203369954743057e-23, nan 
-5.625, 89.625, 1.8998747511771755e-23, nan 
-5.375, 89.625, 1.8745908860735718e-23, nan 
-5.125, 89.625, 1.7564540910640376e-23, nan 
-4.875, 89.625, 1.7683275236255348e-23, nan 
-4.625, 89.625, 1.793064447003029e-23, nan 
-4.375, 89.625, 1.8076393831313726e-23, nan 
-4.125, 89.625, 1.7475057076420398e-23, nan 
-3.875, 89.625, 1.8209760532585145e-23, nan 
-3.625, 89.625, 1.9648872986830958e-23, nan 
-3.375, 89.625, 1.728858329250981e-23, nan 
-3.125, 89.625, 1.7083324990142507e-23, nan 
-2.875, 89.625, 1.8940872576166985e-23, nan 
-2.625, 89.625, 1.705854260701046e-23, nan 
-2.375, 89.625, 1.597620433385197e-23, nan 
-2.125, 89.625, 2.1995314707770128e-23, nan 
-1.875, 89.625, 1.8230843802051655e-23, nan 
-1.625, 89.625, 1.7089486347216848e-23, nan 
-1.375, 89.625, 1.799373598376098e-23, nan 
-1.125, 89.625, 1.8648888684321318e-23, nan 
-0.875, 89.625, 1.7148500963914674e-23, nan 
-0.625, 89.625, 1.683619671562842e-23, nan 
-0.375, 89.625, 1.746559114642104e-23, nan 
-0.125, 89.625, 1.9934543039735937e-23, nan 
0.125, 89.625, 1.8049831241039664e-23, nan 
0.375, 89.625, 1.6805541884250408e-23, nan 
0.625, 89.625, 1.767117667912163e-23, nan 
0.875, 89.625, 1.597838577571829e-23, nan 
1.125, 89.625, 1.8126892493567206e-23, nan 
1.375, 89.625, 1.7376253295271527e-23, nan 
1.625, 89.625, 1.8627061933920373e-23, nan 
1.875, 89.625, 1.6276784362826704e-23, nan 
2.125, 89.625, 1.739966394300085e-23, nan 
2.375, 89.625, 1.5228575611285914e-23, nan 
2.625, 89.625, 1.4620241979340157e-23, nan 
2.875, 89.625, 1.4992095746542736e-23, nan 
3.125, 89.625, 1.6942940751171732e-23, nan 
3.375, 89.625, 1.8233890125156307e-23, nan 
3.625, 89.625, 2.1166491627459096e-23, nan 
3.875, 89.625, 1.8746511045940896e-23, nan 
4.125, 89.625, 2.40219688120064e-23, nan 
4.375, 89.625, 1.7008836599598717e-23, nan 
4.625, 89.625, 1.6487498461505468e-23, nan 
4.875, 89.625, 2.3607936142778684e-23, nan 
5.125, 89.625, 1.4404262136934463e-23, nan 
5.375, 89.625, 1.7696598473364432e-23, nan 
5.625, 89.625, 1.5384097019109237e-23, nan 
5.875, 89.625, 1.9314813023228303e-23, nan 
6.125, 89.625, 2.1215667091125733e-23, nan 
6.375, 89.625, 1.683548718752941e-23, nan 
6.625, 89.625, 1.9763570267020816e-23, nan 
6.875, 89.625, 1.6686425272604905e-23, nan 
7.125, 89.625, 2.1081302504618925e-23, nan 
7.375, 89.625, 1.9958445937466496e-23, nan 
7.625, 89.625, 2.0472634418368213e-23, nan 
7.875, 89.625, 1.7098063800192504e-23, nan 
8.125, 89.625, 2.133194288432301e-23, nan 
8.375, 89.625, 1.8815380850236448e-23, nan 
8.625, 89.625, 1.9435069825726487e-23, nan 
8.875, 89.625, 1.992817167587998e-23, nan 
9.125, 89.625, 2.4100571883836138e-23, nan 
9.375, 89.625, 2.0273008661411648e-23, nan 
9.625, 89.625, 2.4263752482643932e-23, nan 
9.875, 89.625, 1.9425646881685652e-23, nan 
10.125, 89.625, 1.7326735524481682e-23, nan 
10.375, 89.625, 2.0812435953447753e-23, nan 
10.625, 89.625, 2.0324329038266804e-23, nan 
10.875, 89.625, 2.3571043060678856e-23, nan 
11.125, 89.625, 1.970584147598947e-23, nan 
11.375, 89.625, 2.1934634059515596e-23, nan 
11.625, 89.625, 1.8367452173011712e-23, nan 
11.875, 89.625, 1.740120539268787e-23, nan 
12.125, 89.625, 1.695138198982227e-23, nan 
12.375, 89.625, 1.463691374738416e-23, nan 
12.625, 89.625, 2.552550920532824e-23, nan 
12.875, 89.625, 2.0870681714469402e-23, nan 
13.125, 89.625, 1.6746012662325472e-23, nan 
13.375, 89.625, 2.2078957160978427e-23, nan 
13.625, 89.625, 2.174504175878875e-23, nan 
13.875, 89.625, 1.8130957445391528e-23, nan 
14.125, 89.625, 1.7043131559011837e-23, nan 
14.375, 89.625, 2.4415756391544982e-23, nan 
14.625, 89.625, 1.6999200942900353e-23, nan 
14.875, 89.625, 1.8904750079301158e-23, nan 
15.125, 89.625, 1.8656887882439478e-23, nan 
15.375, 89.625, 2.6098707595126943e-23, nan 
15.625, 89.625, 1.936084133179201e-23, nan 
15.875, 89.625, 1.772184618932252e-23, nan 
16.125, 89.625, 1.6684134903734225e-23, nan 
16.375, 89.625, 1.6854839317037722e-23, nan 
16.625, 89.625, 1.8271890620475303e-23, nan 
16.875, 89.625, 1.6903883478304458e-23, nan 
17.125, 89.625, 1.9367319148513614e-23, nan 
17.375, 89.625, 1.9943967961496414e-23, nan 
17.625, 89.625, 2.2600941642388006e-23, nan 
17.875, 89.625, 1.9344139507946494e-23, nan 
18.125, 89.625, 1.9348864683966636e-23, nan 
18.375, 89.625, 1.8693028487114607e-23, nan 
18.625, 89.625, 2.2770203663533754e-23, nan 
18.875, 89.625, 2.052065531850764e-23, nan 
19.125, 89.625, 1.6660383307644564e-23, nan 
19.375, 89.625, 1.250016513999767e-23, nan 
19.625, 89.625, 1.3446142107800295e-23, nan 
19.875, 89.625, 1.8445754514480842e-23, nan 
20.125, 89.625, 1.9441835949756936e-23, nan 
20.375, 89.625, 1.686883230641099e-23, nan 
20.625, 89.625, 2.0924230825307604e-23, nan 
20.875, 89.625, 1.705973464030693e-23, nan 
21.125, 89.625, 2.195996675497724e-23, nan 
21.375, 89.625, 2.2044670917619888e-23, nan 
21.625, 89.625, 2.2131006611269632e-23, nan 
21.875, 89.625, 1.9480756649924298e-23, nan 
22.125, 89.625, 2.2982410679261884e-23, nan 
22.375, 89.625, 1.4552564791281046e-23, nan 
22.625, 89.625, 2.3267692697752748e-23, nan 
22.875, 89.625, 2.082443870843566e-23, nan 
23.125, 89.625, 1.3979784996563334e-23, nan 
23.375, 89.625, 1.581863744962607e-23, nan 
23.625, 89.625, 2.3034680231795702e-23, nan 
23.875, 89.625, 1.7244394999548047e-23, nan 
24.125, 89.625, 2.208058301763497e-23, nan 
24.375, 89.625, 1.9292437755824973e-23, nan 
24.625, 89.625, 1.545224751574242e-23, nan 
24.875, 89.625, 1.842624671518387e-23, nan 
25.125, 89.625, 1.5744426962694375e-23, nan 
25.375, 89.625, 1.7354567921937724e-23, nan 
25.625, 89.625, 1.113327712586592e-23, nan 
25.875, 89.625, 1.9917474020075093e-23, nan 
26.125, 89.625, 2.0555923023889357e-23, nan 
26.375, 89.625, 1.8616472129811892e-23, nan 
26.625, 89.625, 1.889642471629428e-23, nan 
26.875, 89.625, 1.9266714328739073e-23, nan 
27.125, 89.625, 1.754618863824601e-23, nan 
27.375, 89.625, 1.3094040464919482e-23, nan 
27.625, 89.625, 1.3592721384681774e-23, nan 
27.875, 89.625, 2.1747897361898568e-23, nan 
28.125, 89.625, 1.164725407611672e-23, nan 
28.375, 89.625, 9.161831543233718e-24, nan 
28.625, 89.625, 1.1623045822052244e-23, nan 
28.875, 89.625, 1.5764657665612512e-23, nan 
29.125, 89.625, 1.454029757041753e-23, nan 
29.375, 89.625, 9.737173648149269e-24, nan 
29.625, 89.625, 1.4660231635226163e-23, nan 
29.875, 89.625, 1.3209458795131852e-23, nan 
30.125, 89.625, 1.8494849816098717e-23, nan 
30.375, 89.625, 1.0176177928628871e-23, nan 
30.625, 89.625, 9.602362274436972e-24, nan 
30.875, 89.625, 2.1623172565307844e-23, nan 
31.125, 89.625, 1.0513398370899868e-23, nan 
31.375, 89.625, 7.835886196998323e-24, nan 
31.625, 89.625, 7.91560757214354e-24, nan 
31.875, 89.625, 9.986755597118608e-24, nan 
32.125, 89.625, 8.805787846211203e-24, nan 
32.375, 89.625, 8.140791372017712e-24, nan 
32.625, 89.625, 8.52361315720722e-24, nan 
32.875, 89.625, 7.775172742380138e-24, nan 
33.125, 89.625, 6.3060933013741046e-24, nan 
33.375, 89.625, 1.1434606022385794e-23, nan 
33.625, 89.625, 1.1124108796473889e-23, nan 
33.875, 89.625, 6.494084896673348e-24, nan 
34.125, 89.625, 7.401368499658396e-24, nan 
34.375, 89.625, 7.785751038713648e-24, nan 
34.625, 89.625, 8.520162637380344e-24, nan 
34.875, 89.625, 9.312300666756839e-24, nan 
35.125, 89.625, 1.0122371829358589e-23, nan 
35.375, 89.625, 1.2075316502250875e-23, nan 
35.625, 89.625, 1.248062012909345e-23, nan 
35.875, 89.625, 1.3586192955116124e-23, nan 
36.125, 89.625, 1.46240008781651e-23, nan 
36.375, 89.625, 1.1701639083143602e-23, nan 
36.625, 89.625, 9.904346926695592e-24, nan 
36.875, 89.625, 9.85947651405465e-24, nan 
37.125, 89.625, 7.943772384655226e-24, nan 
37.375, 89.625, 8.680821333030981e-24, nan 
37.625, 89.625, 6.167266249495291e-24, nan 
37.875, 89.625, 8.065577277371035e-24, nan 
38.125, 89.625, 7.88513955896676e-24, nan 
38.375, 89.625, 1.2012531317738923e-23, nan 
38.625, 89.625, 1.016490475520089e-23, nan 
38.875, 89.625, 1.1668052887296456e-23, nan 
39.125, 89.625, 8.72955690969517e-24, nan 
39.375, 89.625, 6.742412523043076e-24, nan 
39.625, 89.625, 8.791397233099493e-24, nan 
39.875, 89.625, 7.569832689771503e-24, nan 
40.125, 89.625, 5.7197738833084785e-24, nan 
40.375, 89.625, 6.484326895841778e-24, nan 
40.625, 89.625, 5.6410988135050286e-24, nan 
40.875, 89.625, 8.075134792612163e-24, nan 
41.125, 89.625, 5.811786372260779e-24, nan 
41.375, 89.625, 5.413787644347481e-24, nan 
41.625, 89.625, 6.817708262944054e-24, nan 
41.875, 89.625, 9.800198970087801e-24, nan 
42.125, 89.625, 7.017562655214693e-24, nan 
42.375, 89.625, 4.928304497924359e-24, nan 
42.625, 89.625, 8.261666304299485e-24, nan 
42.875, 89.625, 1.1089346534651245e-23, nan 
43.125, 89.625, 1.3529011288832455e-23, nan 
43.375, 89.625, 7.523528714601943e-24, nan 
43.625, 89.625, 1.0294918854440708e-23, nan 
43.875, 89.625, 1.0379878436379255e-23, nan 
44.125, 89.625, 6.715549107011158e-24, nan 
44.375, 89.625, 8.7405411976767e-24, nan 
44.625, 89.625, 7.80475723203266e-24, nan 
44.875, 89.625, 6.513038350549966e-24, nan 
45.125, 89.625, 6.5321510647207306e-24, nan 
45.375, 89.625, 5.7585182726594155e-24, nan 
45.625, 89.625, 1.2825228142125151e-23, nan 
45.875, 89.625, 9.962527388140978e-24, nan 
46.125, 89.625, 8.049513155541528e-24, nan 
46.375, 89.625, 6.483226049040724e-24, nan 
46.625, 89.625, 5.853189664632896e-24, nan 
46.875, 89.625, 5.4156436265926016e-24, nan 
47.125, 89.625, 4.0849474882147294e-24, nan 
47.375, 89.625, 4.464977566952794e-24, nan 
47.625, 89.625, 5.486731722117797e-24, nan 
47.875, 89.625, 3.8876382744471245e-24, nan 
48.125, 89.625, 6.4165251959334535e-24, nan 
48.375, 89.625, 3.1882062759868593e-24, nan 
48.625, 89.625, 4.528350727832317e-24, nan 
48.875, 89.625, 4.4848045574126496e-24, nan 
49.125, 89.625, 4.0573114340445005e-24, nan 
49.375, 89.625, 4.996330477633568e-24, nan 
49.625, 89.625, 3.542440349456212e-24, nan 
49.875, 89.625, 5.518076742437128e-24, nan 
50.125, 89.625, 5.4178428868725535e-24, nan 
50.375, 89.625, 8.716049482136555e-24, nan 
50.625, 89.625, 4.9772881617722784e-24, nan 
50.875, 89.625, 5.131692918251362e-24, nan 
51.125, 89.625, 4.386693764875397e-24, nan 
51.375, 89.625, 5.745409429003095e-24, nan 
51.625, 89.625, 5.111885406698551e-24, nan 
51.875, 89.625, 5.3240192780102374e-24, nan 
52.125, 89.625, 6.508899705068435e-24, nan 
52.375, 89.625, 6.0832438633854156e-24, nan 
52.625, 89.625, 4.8999508318094334e-24, nan 
52.875, 89.625, 5.7781071997147204e-24, nan 
53.125, 89.625, 7.748123613723079e-24, nan 
53.375, 89.625, 5.89546390457691e-24, nan 
53.625, 89.625, 5.953301888469443e-24, nan 
53.875, 89.625, 6.118133190319693e-24, nan 
54.125, 89.625, 6.2672728532368714e-24, nan 
54.375, 89.625, 5.362300244410481e-24, nan 
54.625, 89.625, 7.725882043716206e-24, nan 
54.875, 89.625, 1.060463664068385e-23, nan 
55.125, 89.625, 1.0679566888573527e-23, nan 
55.375, 89.625, 1.049707845103749e-23, nan 
55.625, 89.625, 1.1153291217348962e-23, nan 
55.875, 89.625, 1.0805303399981645e-23, nan 
56.125, 89.625, 9.365451488993016e-24, nan 
56.375, 89.625, 1.0820687927514232e-23, nan 
56.625, 89.625, 9.923075041569383e-24, nan 
56.875, 89.625, 1.0640535248056029e-23, nan 
57.125, 89.625, 9.487571987203497e-24, nan 
57.375, 89.625, 8.722111538963312e-24, nan 
57.625, 89.625, 8.032055952328901e-24, nan 
57.875, 89.625, 9.171581425086347e-24, nan 
58.125, 89.625, 8.687859752318882e-24, nan 
58.375, 89.625, 8.704878021715291e-24, nan 
58.625, 89.625, 7.623914776340174e-24, nan 
58.875, 89.625, 7.224914543438762e-24, nan 
59.125, 89.625, 6.808798024261193e-24, nan 
59.375, 89.625, 7.177540878950873e-24, nan 
59.625, 89.625, 7.459675350847797e-24, nan 
59.875, 89.625, 8.887165337934873e-24, nan 
60.125, 89.625, 8.02471961843308e-24, nan 
60.375, 89.625, 9.069710687149244e-24, nan 
60.625, 89.625, 9.464198863438521e-24, nan 
60.875, 89.625, 8.519427741666157e-24, nan 
61.125, 89.625, 8.208948356604264e-24, nan 
61.375, 89.625, 4.829660239011429e-24, nan 
61.625, 89.625, 6.351397136765617e-24, nan 
61.875, 89.625, 9.368009535887421e-24, nan 
62.125, 89.625, 8.402483654389498e-24, nan 
62.375, 89.625, 4.6382423416009926e-24, nan 
62.625, 89.625, 8.567574566805957e-24, nan 
62.875, 89.625, 6.5128268810486325e-24, nan 
63.125, 89.625, 8.19576174259203e-24, nan 
63.375, 89.625, 8.707959032506172e-24, nan 
63.625, 89.625, 1.0058199382815958e-23, nan 
63.875, 89.625, 6.80431958064427e-24, nan 
64.125, 89.625, 9.253397009317743e-24, nan 
64.375, 89.625, 8.460937585383107e-24, nan 
64.625, 89.625, 1.0232971316163282e-23, nan 
64.875, 89.625, 8.77555968480151e-24, nan 
65.125, 89.625, 9.374913832036983e-24, nan 
65.375, 89.625, 9.488830928784103e-24, nan 
65.625, 89.625, 8.202209305686557e-24, nan 
65.875, 89.625, 8.153388887444166e-24, nan 
66.125, 89.625, 5.8583188637436345e-24, nan 
66.375, 89.625, 5.794262599857655e-24, nan 
66.625, 89.625, 5.959478613392829e-24, nan 
66.875, 89.625, 6.695097485092046e-24, nan 
67.125, 89.625, 6.001405359243259e-24, nan 
67.375, 89.625, 6.1548199892519615e-24, nan 
67.625, 89.625, 5.917249642285487e-24, nan 
67.875, 89.625, 6.707562698193933e-24, nan 
68.125, 89.625, 7.192548655828299e-24, nan 
68.375, 89.625, 7.764179862043482e-24, nan 
68.625, 89.625, 8.619799482449088e-24, nan 
68.875, 89.625, 9.655033597961706e-24, nan 
69.125, 89.625, 9.780250663723331e-24, nan 
69.375, 89.625, 7.171138702961533e-24, nan 
69.625, 89.625, 5.468410667698874e-24, nan 
69.875, 89.625, 5.427944805666427e-24, nan 
70.125, 89.625, 4.611231941786335e-24, nan 
70.375, 89.625, 6.293325663561663e-24, nan 
70.625, 89.625, 5.0863688589967186e-24, nan 
70.875, 89.625, 6.132567547076505e-24, nan 
71.125, 89.625, 6.286644508191602e-24, nan 
71.375, 89.625, 6.072604107388386e-24, nan 
71.625, 89.625, 7.106466184725044e-24, nan 
71.875, 89.625, 7.318772603760851e-24, nan 
72.125, 89.625, 5.60031574516739e-24, nan 
72.375, 89.625, 5.489873282210123e-24, nan 
72.625, 89.625, 5.296175611676411e-24, nan 
72.875, 89.625, 6.596884219156202e-24, nan 
73.125, 89.625, 6.3025821125745845e-24, nan 
73.375, 89.625, 7.954100294119183e-24, nan 
73.625, 89.625, 8.122151039352798e-24, nan 
73.875, 89.625, 7.74097157458821e-24, nan 
74.125, 89.625, 8.772672324807042e-24, nan 
74.375, 89.625, 7.627984326949193e-24, nan 
74.625, 89.625, 4.876058102094692e-24, nan 
74.875, 89.625, 4.03191848176915e-24, nan 
75.125, 89.625, 5.847131268915515e-24, nan 
75.375, 89.625, 4.659007485007839e-24, nan 
75.625, 89.625, 6.550685857850442e-24, nan 
75.875, 89.625, 4.986874178562265e-24, nan 
76.125, 89.625, 5.365465542681504e-24, nan 
76.375, 89.625, 4.6709144694704146e-24, nan 
76.625, 89.625, 7.599296629527827e-24, nan 
76.875, 89.625, 5.195170735299216e-24, nan 
77.125, 89.625, 5.935386619885979e-24, nan 
77.375, 89.625, 6.36134112734359e-24, nan 
77.625, 89.625, 5.8839760065671605e-24, nan 
77.875, 89.625, 5.8393404806089474e-24, nan 
78.125, 89.625, 5.658259555363109e-24, nan 
78.375, 89.625, 5.717677538704639e-24, nan 
78.625, 89.625, 6.965201540235445e-24, nan 
78.875, 89.625, 6.620493605744453e-24, nan 
79.125, 89.625, 7.31012895976579e-24, nan 
79.375, 89.625, 7.101471163161854e-24, nan 
79.625, 89.625, 6.2546579933025515e-24, nan 
79.875, 89.625, 5.319493980017159e-24, nan 
80.125, 89.625, 6.872504669481892e-24, nan 
80.375, 89.625, 6.038331544602912e-24, nan 
80.625, 89.625, 6.388697042972884e-24, nan 
80.875, 89.625, 6.265886817220627e-24, nan 
81.125, 89.625, 6.215184022531649e-24, nan 
81.375, 89.625, 5.498459251691836e-24, nan 
81.625, 89.625, 5.876964926924752e-24, nan 
81.875, 89.625, 4.5450745982594444e-24, nan 
82.125, 89.625, 4.6537763445258786e-24, nan 
82.375, 89.625, 5.2586984225774194e-24, nan 
82.625, 89.625, 5.765336625065122e-24, nan 
82.875, 89.625, 4.802400704127736e-24, nan 
83.125, 89.625, 5.174946264657525e-24, nan 
83.375, 89.625, 4.2591600738904074e-24, nan 
83.625, 89.625, 4.398863955647154e-24, nan 
83.875, 89.625, 4.168274807750671e-24, nan 
84.125, 89.625, 4.211345889383663e-24, nan 
84.375, 89.625, 5.4621276403676155e-24, nan 
84.625, 89.625, 4.811507094915442e-24, nan 
84.875, 89.625, 3.956054408128292e-24, nan 
85.125, 89.625, 4.5168771321522656e-24, nan 
85.375, 89.625, 4.799291527542775e-24, nan 
85.625, 89.625, 4.139396519145575e-24, nan 
85.875, 89.625, 4.7661718848809924e-24, nan 
86.125, 89.625, 5.307564358806099e-24, nan 
86.375, 89.625, 5.4959977547791964e-24, nan 
86.625, 89.625, 5.8326281857518775e-24, nan 
86.875, 89.625, 4.7308068661602986e-24, nan 
87.125, 89.625, 4.312510351775021e-24, nan 
87.375, 89.625, 4.507506037765762e-24, nan 
87.625, 89.625, 5.585358513096496e-24, nan 
87.875, 89.625, 6.261015196960844e-24, nan 
88.125, 89.625, 5.376314488868312e-24, nan 
88.375, 89.625, 5.030343939552606e-24, nan 
88.625, 89.625, 4.3772185655389605e-24, nan 
88.875, 89.625, 4.486075074064104e-24, nan 
89.125, 89.625, 4.844222784711316e-24, nan 
89.375, 89.625, 4.679322840557813e-24, nan 
89.625, 89.625, 4.377757244402502e-24, nan 
89.875, 89.625, 4.012379065775156e-24, nan 
90.125, 89.625, 4.1495958872057825e-24, nan 
90.375, 89.625, 4.452051903231096e-24, nan 
90.625, 89.625, 4.4033542588782435e-24, nan 
90.875, 89.625, 4.243905272378364e-24, nan 
91.125, 89.625, 4.341154228087338e-24, nan 
91.375, 89.625, 4.457033874135394e-24, nan 
91.625, 89.625, 3.890027302442413e-24, nan 
91.875, 89.625, 4.3430081816989966e-24, nan 
92.125, 89.625, 4.47579155991202e-24, nan 
92.375, 89.625, 4.3548158627208e-24, nan 
92.625, 89.625, 4.475825644636871e-24, nan 
92.875, 89.625, 4.714563955925612e-24, nan 
93.125, 89.625, 5.080227471648921e-24, nan 
93.375, 89.625, 5.293059162740213e-24, nan 
93.625, 89.625, 4.7949723459022125e-24, nan 
93.875, 89.625, 3.731075106729106e-24, nan 
94.125, 89.625, 3.6965818908022376e-24, nan 
94.375, 89.625, 3.6791352241845295e-24, nan 
94.625, 89.625, 3.699721352737868e-24, nan 
94.875, 89.625, 4.831495625192267e-24, nan 
95.125, 89.625, 4.451300892835632e-24, nan 
95.375, 89.625, 4.819571664564505e-24, nan 
95.625, 89.625, 4.047870720347379e-24, nan 
95.875, 89.625, 4.004197145122483e-24, nan 
96.125, 89.625, 4.3634967962713655e-24, nan 
96.375, 89.625, 4.48040053096422e-24, nan 
96.625, 89.625, 4.30478423897263e-24, nan 
96.875, 89.625, 4.460093475858997e-24, nan 
97.125, 89.625, 4.911836920365257e-24, nan 
97.375, 89.625, 4.2951421473366516e-24, nan 
97.625, 89.625, 5.2534596486536506e-24, nan 
97.875, 89.625, 4.670968972743223e-24, nan 
98.125, 89.625, 4.015192918474553e-24, nan 
98.375, 89.625, 4.776023490971316e-24, nan 
98.625, 89.625, 5.447473200714794e-24, nan 
98.875, 89.625, 4.903910686726501e-24, nan 
99.125, 89.625, 4.913709980451387e-24, nan 
99.375, 89.625, 5.573093150059778e-24, nan 
99.625, 89.625, 4.112124701789127e-24, nan 
99.875, 89.625, 4.746506698056177e-24, nan 
100.125, 89.625, 4.74156369135467e-24, nan 
100.375, 89.625, 4.601029278814253e-24, nan 
100.625, 89.625, 3.418284211865918e-24, nan 
100.875, 89.625, 5.0206514489941516e-24, nan 
101.125, 89.625, 4.826667709958075e-24, nan 
101.375, 89.625, 5.166384408140103e-24, nan 
101.625, 89.625, 5.115533043488674e-24, nan 
101.875, 89.625, 5.516768327958602e-24, nan 
102.125, 89.625, 5.751997300603559e-24, nan 
102.375, 89.625, 6.3921911951826994e-24, nan 
102.625, 89.625, 4.8259203541106324e-24, nan 
102.875, 89.625, 6.472189057706935e-24, nan 
103.125, 89.625, 4.876154906335924e-24, nan 
103.375, 89.625, 5.6101674951288035e-24, nan 
103.625, 89.625, 5.49356098977787e-24, nan 
103.875, 89.625, 6.0111617353282405e-24, nan 
104.125, 89.625, 6.2579026077439825e-24, nan 
104.375, 89.625, 4.294336992446176e-24, nan 
104.625, 89.625, 3.791633689735731e-24, nan 
104.875, 89.625, 3.1813138293811697e-24, nan 
105.125, 89.625, 2.9332197284791772e-24, nan 
105.375, 89.625, 3.975751804525344e-24, nan 
105.625, 89.625, 4.609839333796549e-24, nan 
105.875, 89.625, 4.565439012644339e-24, nan 
106.125, 89.625, 4.597306476065931e-24, nan 
106.375, 89.625, 4.1234973934557555e-24, nan 
106.625, 89.625, 5.091510931441599e-24, nan 
106.875, 89.625, 5.337949028427727e-24, nan 
107.125, 89.625, 5.211904670518768e-24, nan 
107.375, 89.625, 5.767731086283909e-24, nan 
107.625, 89.625, 4.658143079731617e-24, nan 
107.875, 89.625, 3.119207677220424e-24, nan 
108.125, 89.625, 3.186555383554134e-24, nan 
108.375, 89.625, 3.0900846971723812e-24, nan 
108.625, 89.625, 2.7452913832132895e-24, nan 
108.875, 89.625, 3.662504391886111e-24, nan 
109.125, 89.625, 4.099233043495113e-24, nan 
109.375, 89.625, 3.0304530249528042e-24, nan 
109.625, 89.625, 3.1785764305308076e-24, nan 
109.875, 89.625, 3.0875692399674425e-24, nan 
110.125, 89.625, 3.419856894612976e-24, nan 
110.375, 89.625, 2.918239386790654e-24, nan 
110.625, 89.625, 3.335930122332352e-24, nan 
110.875, 89.625, 3.2064265000536562e-24, nan 
111.125, 89.625, 2.7026371508027336e-24, nan 
111.375, 89.625, 2.7336662202438978e-24, nan 
111.625, 89.625, 3.671896528752621e-24, nan 
111.875, 89.625, 2.187673844442325e-24, nan 
112.125, 89.625, 2.449982583154093e-24, nan 
112.375, 89.625, 1.9510498141452022e-24, nan 
112.625, 89.625, 3.120674702981687e-24, nan 
112.875, 89.625, 3.119341649964462e-24, nan 
113.125, 89.625, 2.6638241856036774e-24, nan 
113.375, 89.625, 2.4825855796286725e-24, nan 
113.625, 89.625, 3.2361136914220918e-24, nan 
113.875, 89.625, 2.8136443687119322e-24, nan 
114.125, 89.625, 4.007071513404215e-24, nan 
114.375, 89.625, 3.571209589829735e-24, nan 
114.625, 89.625, 3.0166541830684465e-24, nan 
114.875, 89.625, 2.881745526049419e-24, nan 
115.125, 89.625, 3.790489852775145e-24, nan 
115.375, 89.625, 4.2673630825948734e-24, nan 
115.625, 89.625, 3.5504837465526886e-24, nan 
115.875, 89.625, 3.788362401582998e-24, nan 
116.125, 89.625, 3.1340149031163615e-24, nan 
116.375, 89.625, 5.001120081519241e-24, nan 
116.625, 89.625, 2.984416706199484e-24, nan 
116.875, 89.625, 3.886003571257119e-24, nan 
117.125, 89.625, 3.843511526536892e-24, nan 
117.375, 89.625, 4.0922064688109835e-24, nan 
117.625, 89.625, 5.115162620813605e-24, nan 
117.875, 89.625, 4.155516750198435e-24, nan 
118.125, 89.625, 3.1589005239019306e-24, nan 
118.375, 89.625, 3.857073181754716e-24, nan 
118.625, 89.625, 3.746439194114082e-24, nan 
118.875, 89.625, 3.803206827674835e-24, nan 
119.125, 89.625, 3.6230754468258215e-24, nan 
119.375, 89.625, 3.9213347425799e-24, nan 
119.625, 89.625, 3.631394877382794e-24, nan 
119.875, 89.625, 3.527146063137261e-24, nan 
120.125, 89.625, 3.581233610606283e-24, nan 
120.375, 89.625, 3.9155278654623394e-24, nan 
120.625, 89.625, 3.524828893184601e-24, nan 
120.875, 89.625, 3.606199686711758e-24, nan 
121.125, 89.625, 3.609748293697804e-24, nan 
121.375, 89.625, 3.605517705125926e-24, nan 
121.625, 89.625, 3.764681161389795e-24, nan 
121.875, 89.625, 3.885430175505159e-24, nan 
122.125, 89.625, 3.6277311656239875e-24, nan 
122.375, 89.625, 3.465144948422166e-24, nan 
122.625, 89.625, 3.2976740369327587e-24, nan 
122.875, 89.625, 3.4452631008319784e-24, nan 
123.125, 89.625, 3.1640311467223647e-24, nan 
123.375, 89.625, 3.458487090835369e-24, nan 
123.625, 89.625, 3.683959423841256e-24, nan 
123.875, 89.625, 3.385215443229479e-24, nan 
124.125, 89.625, 4.092567390517411e-24, nan 
124.375, 89.625, 3.889833189376336e-24, nan 
124.625, 89.625, 3.9923231585858795e-24, nan 
124.875, 89.625, 4.5811678770227445e-24, nan 
125.125, 89.625, 3.9208490196495675e-24, nan 
125.375, 89.625, 3.985548409190262e-24, nan 
125.625, 89.625, 3.574869032247792e-24, nan 
125.875, 89.625, 4.038469816080452e-24, nan 
126.125, 89.625, 4.126266646101601e-24, nan 
126.375, 89.625, 4.38957604284542e-24, nan 
126.625, 89.625, 3.883500327184837e-24, nan 
126.875, 89.625, 3.6246788132758806e-24, nan 
127.125, 89.625, 3.9009558793567845e-24, nan 
127.375, 89.625, 3.349241702408147e-24, nan 
127.625, 89.625, 2.8767740275142494e-24, nan 
127.875, 89.625, 2.7445831199311334e-24, nan 
128.125, 89.625, 2.2156787337277234e-24, nan 
128.375, 89.625, 2.1119481268652057e-24, nan 
128.625, 89.625, 2.1406740389947666e-24, nan 
128.875, 89.625, 2.9163251657236026e-24, nan 
129.125, 89.625, 2.8779235585656858e-24, nan 
129.375, 89.625, 3.2305823405036362e-24, nan 
129.625, 89.625, 2.3728820385481294e-24, nan 
129.875, 89.625, 2.329572045852579e-24, nan 
130.125, 89.625, 2.6276968197880754e-24, nan 
130.375, 89.625, 1.8766532401148906e-24, nan 
130.625, 89.625, 2.106122821167276e-24, nan 
130.875, 89.625, 2.5781912175402278e-24, nan 
131.125, 89.625, 2.8580359427184794e-24, nan 
131.375, 89.625, 3.0533100532837292e-24, nan 
131.625, 89.625, 1.1204347144085412e-24, nan 
131.875, 89.625, 2.896961244984156e-24, nan 
132.125, 89.625, 1.526723875701285e-24, nan 
132.375, 89.625, 1.8803546687244702e-24, nan 
132.625, 89.625, 2.5323455803799452e-24, nan 
132.875, 89.625, 2.8677413898723686e-24, nan 
133.125, 89.625, 3.7383456689080325e-24, nan 
133.375, 89.625, 2.7735854369034663e-24, nan 
133.625, 89.625, 2.496209463203385e-24, nan 
133.875, 89.625, 2.5916251721386334e-24, nan 
134.125, 89.625, 2.499172330163648e-24, nan 
134.375, 89.625, 2.8953411171743304e-24, nan 
134.625, 89.625, 3.0442864413579296e-24, nan 
134.875, 89.625, 3.904480382094646e-24, nan 
135.125, 89.625, 2.8292009847527196e-24, nan 
135.375, 89.625, 2.382050908562914e-24, nan 
135.625, 89.625, 3.068046870795866e-24, nan 
135.875, 89.625, 3.8037753278265924e-24, nan 
136.125, 89.625, 2.611877618628589e-24, nan 
136.375, 89.625, 2.4511234797318273e-24, nan 
136.625, 89.625, 3.4611721299932266e-24, nan 
136.875, 89.625, 2.658859196444011e-24, nan 
137.125, 89.625, 3.2837106993687458e-24, nan 
137.375, 89.625, 2.3467466267225596e-24, nan 
137.625, 89.625, 2.7051350152187907e-24, nan 
137.875, 89.625, 2.747047691654089e-24, nan 
138.125, 89.625, 2.893689502795836e-24, nan 
138.375, 89.625, 1.0944881791305523e-24, nan 
138.625, 89.625, 1.4574527440360488e-24, nan 
138.875, 89.625, 5.326227972107143e-24, nan 
139.125, 89.625, 4.161459263605246e-24, nan 
139.375, 89.625, 6.74451634756302e-24, nan 
139.625, 89.625, 3.602830688852293e-24, nan 
139.875, 89.625, 3.722570559048372e-24, nan 
140.125, 89.625, 3.6909608301621835e-24, nan 
140.375, 89.625, 3.8478874009615466e-24, nan 
140.625, 89.625, 1.700043061038167e-24, nan 
140.875, 89.625, 3.3569181228054534e-24, nan 
141.125, 89.625, 1.2826917494065119e-24, nan 
141.375, 89.625, 4.036742078960981e-24, nan 
141.625, 89.625, 2.6688922570893395e-24, nan 
141.875, 89.625, 3.091387854663692e-24, nan 
142.125, 89.625, 2.188465388528026e-24, nan 
142.375, 89.625, 4.037672905658059e-24, nan 
142.625, 89.625, 2.9577207532749642e-24, nan 
142.875, 89.625, 3.550254735684406e-24, nan 
143.125, 89.625, 3.329208151107539e-24, nan 
143.375, 89.625, 1.601931238456246e-24, nan 
143.625, 89.625, 3.422379031123704e-24, nan 
143.875, 89.625, 2.4501790621436437e-24, nan 
144.125, 89.625, 3.610327418773944e-24, nan 
144.375, 89.625, 3.413454718750034e-24, nan 
144.625, 89.625, 3.807093606719319e-24, nan 
144.875, 89.625, 4.150856596038606e-24, nan 
145.125, 89.625, 3.578011557320841e-24, nan 
145.375, 89.625, 3.353864945547082e-24, nan 
145.625, 89.625, 5.152710625989604e-24, nan 
145.875, 89.625, 2.6692678317394133e-24, nan 
146.125, 89.625, 3.5539023467604515e-24, nan 
146.375, 89.625, 2.0274436315432e-24, nan 
146.625, 89.625, 2.2825716309411615e-24, nan 
146.875, 89.625, 9.015528320022979e-25, nan 
147.125, 89.625, 3.0510090266266874e-24, nan 
147.375, 89.625, 1.4142212425185642e-24, nan 
147.625, 89.625, 3.320602348882957e-24, nan 
147.875, 89.625, 2.0929806937462e-24, nan 
148.125, 89.625, 2.796134799708632e-24, nan 
148.375, 89.625, 2.7398940473031037e-24, nan 
148.625, 89.625, 3.1070259296995405e-24, nan 
148.875, 89.625, 3.470838174577712e-24, nan 
149.125, 89.625, 4.325688126725405e-24, nan 
149.375, 89.625, 4.965669084756828e-24, nan 
149.625, 89.625, 4.601710212916011e-24, nan 
149.875, 89.625, 7.060894294642209e-24, nan 
150.125, 89.625, 3.504785703644859e-24, nan 
150.375, 89.625, 5.612999181479253e-24, nan 
150.625, 89.625, 3.494747200177425e-24, nan 
150.875, 89.625, 4.917926614845922e-24, nan 
151.125, 89.625, 4.993641698803348e-24, nan 
151.375, 89.625, 5.714238850769359e-24, nan 
151.625, 89.625, 5.8967604331163175e-24, nan 
151.875, 89.625, 4.9269616505336865e-24, nan 
152.125, 89.625, 3.681004899199222e-24, nan 
152.375, 89.625, 5.977341883243386e-24, nan 
152.625, 89.625, 4.805602423834719e-24, nan 
152.875, 89.625, 8.009973079923784e-24, nan 
153.125, 89.625, 4.903034750873639e-24, nan 
153.375, 89.625, 5.351229960777526e-24, nan 
153.625, 89.625, 5.961522949871505e-24, nan 
153.875, 89.625, 5.048596879686602e-24, nan 
154.125, 89.625, 8.651272202002096e-24, nan 
154.375, 89.625, 7.681630339640104e-24, nan 
154.625, 89.625, 6.321629998785532e-24, nan 
154.875, 89.625, 6.655677593541647e-24, nan 
155.125, 89.625, 6.046564398596428e-24, nan 
155.375, 89.625, 1.4781848928357668e-24, nan 
155.625, 89.625, 2.3307263383501724e-24, nan 
155.875, 89.625, 5.076203632364934e-24, nan 
156.125, 89.625, 7.104651370898866e-24, nan 
156.375, 89.625, 3.57763554808971e-24, nan 
156.625, 89.625, 3.202967943250876e-24, nan 
156.875, 89.625, 3.696081470942227e-24, nan 
157.125, 89.625, 4.58283712106899e-24, nan 
157.375, 89.625, 3.7637928633489875e-24, nan 
157.625, 89.625, 4.7243821237476505e-24, nan 
157.875, 89.625, 5.08623323652338e-24, nan 
158.125, 89.625, 3.827740167538033e-24, nan 
158.375, 89.625, 4.04567195174205e-24, nan 
158.625, 89.625, 4.71624700431137e-24, nan 
158.875, 89.625, 3.6164822589436765e-24, nan 
159.125, 89.625, 4.0007126619798404e-24, nan 
159.375, 89.625, 6.186178559880564e-24, nan 
159.625, 89.625, 4.490187611799011e-24, nan 
159.875, 89.625, 4.920139512788645e-24, nan 
160.125, 89.625, 4.3473429740111126e-24, nan 
160.375, 89.625, 4.489419518114052e-24, nan 
160.625, 89.625, 4.9927089042741656e-24, nan 
160.875, 89.625, 5.0135843699015035e-24, nan 
161.125, 89.625, 3.7261005756807595e-24, nan 
161.375, 89.625, 4.468398148592372e-24, nan 
161.625, 89.625, 5.309493566556133e-24, nan 
161.875, 89.625, 4.312131432347763e-24, nan 
162.125, 89.625, 5.0596347839894515e-24, nan 
162.375, 89.625, 4.802246369476373e-24, nan 
162.625, 89.625, 4.944381298799976e-24, nan 
162.875, 89.625, 5.104404968649897e-24, nan 
163.125, 89.625, 5.474394748989958e-24, nan 
163.375, 89.625, 4.073324853302713e-24, nan 
163.625, 89.625, 5.0250998680385836e-24, nan 
163.875, 89.625, 4.501954697683351e-24, nan 
164.125, 89.625, 5.252820589462442e-24, nan 
164.375, 89.625, 8.212182668573418e-24, nan 
164.625, 89.625, 4.2678131445046794e-24, nan 
164.875, 89.625, 4.51423964360123e-24, nan 
165.125, 89.625, 4.5081277730175496e-24, nan 
165.375, 89.625, 5.329363459747468e-24, nan 
165.625, 89.625, 3.106504129465932e-24, nan 
165.875, 89.625, 4.3187156150981915e-24, nan 
166.125, 89.625, 4.6513245498257176e-24, nan 
166.375, 89.625, 4.040173768521042e-24, nan 
166.625, 89.625, 6.709310258846346e-24, nan 
166.875, 89.625, 4.477971611403223e-24, nan 
167.125, 89.625, 4.373894085490068e-24, nan 
167.375, 89.625, 4.2193020895223055e-24, nan 
167.625, 89.625, 3.684531353698338e-24, nan 
167.875, 89.625, 4.1557407263533626e-24, nan 
168.125, 89.625, 3.2112134609024598e-24, nan 
168.375, 89.625, 1.1613029445043435e-24, nan 
168.625, 89.625, 3.814501682834374e-24, nan 
168.875, 89.625, 2.7105748327983252e-24, nan 
169.125, 89.625, 3.4418833716743346e-24, nan 
169.375, 89.625, 5.04479253345676e-24, nan 
169.625, 89.625, 4.0394209195948304e-24, nan 
169.875, 89.625, 3.18699446413904e-24, nan 
170.125, 89.625, 3.5836045057509416e-24, nan 
170.375, 89.625, 3.718933352463743e-24, nan 
170.625, 89.625, 4.617952661239287e-24, nan 
170.875, 89.625, 5.843409937405638e-24, nan 
171.125, 89.625, 5.560299976376076e-24, nan 
171.375, 89.625, 6.566479191247642e-24, nan 
171.625, 89.625, 3.740573085425743e-24, nan 
171.875, 89.625, 5.140590742100385e-24, nan 
172.125, 89.625, 4.2349025243228336e-24, nan 
172.375, 89.625, 4.4979774919841696e-24, nan 
172.625, 89.625, 6.32482482723371e-24, nan 
172.875, 89.625, 5.264570296381002e-24, nan 
173.125, 89.625, 5.087977366527908e-24, nan 
173.375, 89.625, 4.6273498543464005e-24, nan 
173.625, 89.625, 4.1096188114889e-24, nan 
173.875, 89.625, 4.617974033058865e-24, nan 
174.125, 89.625, 4.647043326322381e-24, nan 
174.375, 89.625, 3.703514311429781e-24, nan 
174.625, 89.625, 4.6084723828043826e-24, nan 
174.875, 89.625, 4.6540316902965395e-24, nan 
175.125, 89.625, 3.5878275291183635e-24, nan 
175.375, 89.625, 4.714981658179937e-24, nan 
175.625, 89.625, 4.439737567497164e-24, nan 
175.875, 89.625, 4.779255928442689e-24, nan 
176.125, 89.625, 4.710675105029905e-24, nan 
176.375, 89.625, 4.8248351191513646e-24, nan 
176.625, 89.625, 4.995229624322913e-24, nan 
176.875, 89.625, 4.841190373157733e-24, nan 
177.125, 89.625, 5.0282831989590906e-24, nan 
177.375, 89.625, 4.663499113176516e-24, nan 
177.625, 89.625, 4.909383780647947e-24, nan 
177.875, 89.625, 4.7992611239828244e-24, nan 
178.125, 89.625, 5.231004592163379e-24, nan 
178.375, 89.625, 4.6619066162935134e-24, nan 
178.625, 89.625, 4.8814864899449876e-24, nan 
178.875, 89.625, 5.610434069076788e-24, nan 
179.125, 89.625, 5.340341090250478e-24, nan 
179.375, 89.625, 4.801816799764684e-24, nan 
179.625, 89.625, 5.6780538936786406e-24, nan 
179.875, 89.625, 6.2265146266602724e-24, nan 
-179.875, 89.875, 1.7290934359732752e-24, nan 
-179.625, 89.875, 1.7770830409930216e-24, nan 
-179.375, 89.875, 2.152632813792047e-24, nan 
-179.125, 89.875, 2.1025439950872307e-24, nan 
-178.875, 89.875, 1.8760890688864404e-24, nan 
-178.625, 89.875, 1.551507224262167e-24, nan 
-178.375, 89.875, 1.15257136263375e-24, nan 
-178.125, 89.875, 1.5802753594623776e-24, nan 
-177.875, 89.875, 1.5216027635598627e-24, nan 
-177.625, 89.875, 2.161753700049026e-24, nan 
-177.375, 89.875, 1.824484749697166e-24, nan 
-177.125, 89.875, 1.044846343343595e-24, nan 
-176.875, 89.875, 1.2131311144056877e-24, nan 
-176.625, 89.875, 1.3842514925782188e-24, nan 
-176.375, 89.875, 1.35424560550073e-24, nan 
-176.125, 89.875, 1.0482915725962796e-24, nan 
-175.875, 89.875, 9.65266351855345e-25, nan 
-175.625, 89.875, 1.2753311516557364e-24, nan 
-175.375, 89.875, 1.697729796798803e-24, nan 
-175.125, 89.875, 1.8987511639316443e-24, nan 
-174.875, 89.875, 1.2074907931105451e-24, nan 
-174.625, 89.875, 2.1899189188950547e-24, nan 
-174.375, 89.875, 1.8410221388133492e-24, nan 
-174.125, 89.875, 1.9571017682244393e-24, nan 
-173.875, 89.875, 1.5288787431665108e-24, nan 
-173.625, 89.875, 1.83555072709222e-24, nan 
-173.375, 89.875, 1.66181055270502e-24, nan 
-173.125, 89.875, 1.652843067213145e-24, nan 
-172.875, 89.875, 1.7196342436762674e-24, nan 
-172.625, 89.875, 1.8327024051517428e-24, nan 
-172.375, 89.875, 1.3429217691733251e-24, nan 
-172.125, 89.875, 1.785030754062457e-24, nan 
-171.875, 89.875, 1.725264104512915e-24, nan 
-171.625, 89.875, 1.2834815901684843e-24, nan 
-171.375, 89.875, 1.5418063471116714e-24, nan 
-171.125, 89.875, 1.3832109478341234e-24, nan 
-170.875, 89.875, 1.5038385685298169e-24, nan 
-170.625, 89.875, 1.5333348290679533e-24, nan 
-170.375, 89.875, 1.0538752738720228e-24, nan 
-170.125, 89.875, 5.224927715557453e-25, nan 
-169.875, 89.875, 1.295754708721198e-24, nan 
-169.625, 89.875, 8.658503644172891e-25, nan 
-169.375, 89.875, 1.5220942770760777e-24, nan 
-169.125, 89.875, 1.6445849716770462e-24, nan 
-168.875, 89.875, 1.6166281272063518e-24, nan 
-168.625, 89.875, 1.0330281677032518e-24, nan 
-168.375, 89.875, 1.9851729393030467e-24, nan 
-168.125, 89.875, 1.4098591150633668e-24, nan 
-167.875, 89.875, 1.1104965466144983e-24, nan 
-167.625, 89.875, 9.922278269022078e-25, nan 
-167.375, 89.875, 8.546558727942342e-25, nan 
-167.125, 89.875, 1.2493556583766021e-24, nan 
-166.875, 89.875, 1.809475009135063e-24, nan 
-166.625, 89.875, 1.6862043808477737e-24, nan 
-166.375, 89.875, 1.259197165969513e-24, nan 
-166.125, 89.875, 9.107107489125351e-25, nan 
-165.875, 89.875, 1.6576636370642236e-24, nan 
-165.625, 89.875, 1.7101878181906553e-24, nan 
-165.375, 89.875, 1.5087414538512946e-24, nan 
-165.125, 89.875, 9.456760498297478e-25, nan 
-164.875, 89.875, 4.38573135961689e-25, nan 
-164.625, 89.875, 1.5018855164034941e-24, nan 
-164.375, 89.875, 1.3192206738400553e-24, nan 
-164.125, 89.875, 1.2775436499782541e-24, nan 
-163.875, 89.875, 1.6300771379750716e-24, nan 
-163.625, 89.875, 1.3430969284690496e-24, nan 
-163.375, 89.875, 1.5631076606085519e-24, nan 
-163.125, 89.875, 1.5201218922395529e-24, nan 
-162.875, 89.875, 1.3224197631672099e-24, nan 
-162.625, 89.875, 1.1385794290774762e-24, nan 
-162.375, 89.875, 1.6536057174526938e-24, nan 
-162.125, 89.875, 1.3477872221366858e-24, nan 
-161.875, 89.875, 1.9075793489346082e-24, nan 
-161.625, 89.875, 1.9615261894909953e-24, nan 
-161.375, 89.875, 2.0037060998827037e-24, nan 
-161.125, 89.875, 1.6421898734840983e-24, nan 
-160.875, 89.875, 9.613995859107612e-25, nan 
-160.625, 89.875, 1.3444627346987828e-24, nan 
-160.375, 89.875, 1.7683521759750315e-24, nan 
-160.125, 89.875, 1.3110074807334278e-24, nan 
-159.875, 89.875, 1.3331038796165246e-24, nan 
-159.625, 89.875, 1.6595820282808497e-24, nan 
-159.375, 89.875, 9.383325502566823e-25, nan 
-159.125, 89.875, 1.5307762120738463e-24, nan 
-158.875, 89.875, 1.7966307397207854e-24, nan 
-158.625, 89.875, 1.5674478104285176e-24, nan 
-158.375, 89.875, 1.864508800576067e-24, nan 
-158.125, 89.875, 1.2291603003956202e-24, nan 
-157.875, 89.875, 1.9745617063622015e-24, nan 
-157.625, 89.875, 1.6628027952240425e-24, nan 
-157.375, 89.875, 2.117656010567339e-24, nan 
-157.125, 89.875, 1.6069263909002689e-24, nan 
-156.875, 89.875, 1.1451495315626903e-24, nan 
-156.625, 89.875, 2.171899271346589e-24, nan 
-156.375, 89.875, 2.5861538911692504e-24, nan 
-156.125, 89.875, 2.034595496255657e-24, nan 
-155.875, 89.875, 1.7053424465432766e-24, nan 
-155.625, 89.875, 2.048566817136814e-24, nan 
-155.375, 89.875, 2.5032019856566043e-24, nan 
-155.125, 89.875, 2.2446233859364273e-24, nan 
-154.875, 89.875, 2.1874230539153187e-24, nan 
-154.625, 89.875, 1.104586320619017e-24, nan 
-154.375, 89.875, 2.3469088845766866e-24, nan 
-154.125, 89.875, 1.533877655029232e-24, nan 
-153.875, 89.875, 1.6789291433939467e-24, nan 
-153.625, 89.875, 1.9399196798718134e-24, nan 
-153.375, 89.875, 1.9505334024398167e-24, nan 
-153.125, 89.875, 2.5223250380379125e-24, nan 
-152.875, 89.875, 2.4473859506930742e-24, nan 
-152.625, 89.875, 1.8699491823519934e-24, nan 
-152.375, 89.875, 1.850936168542967e-24, nan 
-152.125, 89.875, 1.927108416486546e-24, nan 
-151.875, 89.875, 1.3286534342777375e-24, nan 
-151.625, 89.875, 1.980680427462153e-24, nan 
-151.375, 89.875, 1.4766938926981794e-24, nan 
-151.125, 89.875, 1.2846728724421433e-24, nan 
-150.875, 89.875, 1.9783510481128445e-24, nan 
-150.625, 89.875, 2.317943199028711e-24, nan 
-150.375, 89.875, 1.5766149487299936e-24, nan 
-150.125, 89.875, 2.0383291725082244e-24, nan 
-149.875, 89.875, 1.3018787443005632e-24, nan 
-149.625, 89.875, 1.2752518630996313e-24, nan 
-149.375, 89.875, 1.5179998142036503e-24, nan 
-149.125, 89.875, 1.7899456590537682e-24, nan 
-148.875, 89.875, 1.4341542376744528e-24, nan 
-148.625, 89.875, 1.5274992604693057e-24, nan 
-148.375, 89.875, 1.621690674261437e-24, nan 
-148.125, 89.875, 2.2673395415850654e-24, nan 
-147.875, 89.875, 1.6293216274016424e-24, nan 
-147.625, 89.875, 9.813955937409066e-25, nan 
-147.375, 89.875, 2.4509431882318603e-24, nan 
-147.125, 89.875, 2.297088474430607e-24, nan 
-146.875, 89.875, 1.0466163881816584e-24, nan 
-146.625, 89.875, 6.685939272512884e-25, nan 
-146.375, 89.875, 1.4068460519142147e-24, nan 
-146.125, 89.875, 1.3535088005895038e-24, nan 
-145.875, 89.875, 1.1295520100773454e-24, nan 
-145.625, 89.875, 1.5641575414802422e-24, nan 
-145.375, 89.875, 1.009863269023338e-24, nan 
-145.125, 89.875, 2.336271342207608e-24, nan 
-144.875, 89.875, 2.82894255675556e-24, nan 
-144.625, 89.875, 1.786986352319331e-24, nan 
-144.375, 89.875, 1.5823717664311654e-24, nan 
-144.125, 89.875, 1.1450016505464465e-24, nan 
-143.875, 89.875, 1.3275446784955736e-24, nan 
-143.625, 89.875, 1.8124057179776868e-24, nan 
-143.375, 89.875, 9.272813058110453e-25, nan 
-143.125, 89.875, 1.9134144625061904e-24, nan 
-142.875, 89.875, 9.906159900817196e-25, nan 
-142.625, 89.875, 1.8328239391989995e-24, nan 
-142.375, 89.875, 1.908156768298111e-24, nan 
-142.125, 89.875, 1.438810782332825e-24, nan 
-141.875, 89.875, 2.748098590684678e-24, nan 
-141.625, 89.875, 2.546620413605088e-24, nan 
-141.375, 89.875, 1.243796408025847e-24, nan 
-141.125, 89.875, 8.541095476153789e-25, nan 
-140.875, 89.875, 2.139705706641753e-24, nan 
-140.625, 89.875, 2.1844261739033986e-24, nan 
-140.375, 89.875, 9.389137727455895e-25, nan 
-140.125, 89.875, 2.82046336120749e-24, nan 
-139.875, 89.875, 1.6366573047396828e-24, nan 
-139.625, 89.875, 3.04249000829743e-24, nan 
-139.375, 89.875, 2.8652522122326974e-24, nan 
-139.125, 89.875, 1.3530331362761017e-24, nan 
-138.875, 89.875, 1.2672875737324064e-24, nan 
-138.625, 89.875, 1.5236918429377536e-24, nan 
-138.375, 89.875, 1.818689184615521e-24, nan 
-138.125, 89.875, 3.578204889393615e-24, nan 
-137.875, 89.875, 5.092401844951112e-24, nan 
-137.625, 89.875, 5.6973744795765304e-24, nan 
-137.375, 89.875, 5.364719559954045e-24, nan 
-137.125, 89.875, 3.548431013424063e-24, nan 
-136.875, 89.875, 1.152086302127466e-24, nan 
-136.625, 89.875, 1.5465740054962052e-24, nan 
-136.375, 89.875, 1.805029262459016e-24, nan 
-136.125, 89.875, 9.275712806398442e-25, nan 
-135.875, 89.875, 2.4421034002220587e-24, nan 
-135.625, 89.875, 2.650514251025854e-24, nan 
-135.375, 89.875, 1.6813117273466967e-24, nan 
-135.125, 89.875, 1.285407956294329e-24, nan 
-134.875, 89.875, 1.0892081954042702e-24, nan 
-134.625, 89.875, 1.0673076762230472e-24, nan 
-134.375, 89.875, 3.7951369633712316e-25, nan 
-134.125, 89.875, 7.698911307723797e-25, nan 
-133.875, 89.875, 1.4607508508384871e-24, nan 
-133.625, 89.875, 1.9300364883259758e-24, nan 
-133.375, 89.875, 5.960299543696073e-25, nan 
-133.125, 89.875, 1.868689186082575e-24, nan 
-132.875, 89.875, 1.4401435191714183e-24, nan 
-132.625, 89.875, 1.7817645845191195e-24, nan 
-132.375, 89.875, 1.573787217247967e-24, nan 
-132.125, 89.875, 1.5426607155872275e-24, nan 
-131.875, 89.875, 1.4745846731908467e-24, nan 
-131.625, 89.875, 1.5300266372872393e-24, nan 
-131.375, 89.875, 1.6751162824685117e-24, nan 
-131.125, 89.875, 1.4855891748420394e-24, nan 
-130.875, 89.875, 1.3549238142234369e-24, nan 
-130.625, 89.875, 1.7333781226107976e-24, nan 
-130.375, 89.875, 1.6556428982268983e-24, nan 
-130.125, 89.875, 1.213953795053605e-24, nan 
-129.875, 89.875, 1.0232787696643138e-24, nan 
-129.625, 89.875, 1.3578942934545488e-24, nan 
-129.375, 89.875, 1.4110470628720204e-24, nan 
-129.125, 89.875, 1.0525829353623202e-24, nan 
-128.875, 89.875, 1.0474972781676107e-24, nan 
-128.625, 89.875, 9.02624588809413e-25, nan 
-128.375, 89.875, 8.208684902626255e-25, nan 
-128.125, 89.875, 9.57202726053087e-25, nan 
-127.875, 89.875, 2.284417694772665e-24, nan 
-127.625, 89.875, 2.127362890213964e-24, nan 
-127.375, 89.875, 8.460752542450822e-25, nan 
-127.125, 89.875, 1.0577231032223934e-24, nan 
-126.875, 89.875, 2.8694693284520126e-24, nan 
-126.625, 89.875, 2.240475073704575e-24, nan 
-126.375, 89.875, 9.298213669764621e-25, nan 
-126.125, 89.875, 1.0862444055933723e-24, nan 
-125.875, 89.875, 1.68624380090092e-24, nan 
-125.625, 89.875, 1.3416281756700983e-24, nan 
-125.375, 89.875, 2.007839208125005e-24, nan 
-125.125, 89.875, 1.6723804672103516e-24, nan 
-124.875, 89.875, 1.1847904530286458e-24, nan 
-124.625, 89.875, 8.332063166741865e-25, nan 
-124.375, 89.875, 1.2864842891540762e-24, nan 
-124.125, 89.875, 1.3364074405967776e-24, nan 
-123.875, 89.875, 8.473370656908567e-25, nan 
-123.625, 89.875, 1.196233963464292e-24, nan 
-123.375, 89.875, 1.5445352686950888e-24, nan 
-123.125, 89.875, 5.422944056405813e-25, nan 
-122.875, 89.875, 1.0566538920739823e-24, nan 
-122.625, 89.875, 8.50388531742557e-25, nan 
-122.375, 89.875, 1.2200873727917163e-24, nan 
-122.125, 89.875, 1.255235065646715e-24, nan 
-121.875, 89.875, 1.1156324446509086e-24, nan 
-121.625, 89.875, 9.216144590281751e-25, nan 
-121.375, 89.875, 7.652977288318934e-25, nan 
-121.125, 89.875, 1.4553539434777578e-24, nan 
-120.875, 89.875, 1.691751329928326e-24, nan 
-120.625, 89.875, 1.0450817848653032e-24, nan 
-120.375, 89.875, 9.868925921641649e-25, nan 
-120.125, 89.875, 1.3891505176851935e-24, nan 
-119.875, 89.875, 1.317022325018039e-24, nan 
-119.625, 89.875, 9.541438129325673e-25, nan 
-119.375, 89.875, 8.738455103310461e-25, nan 
-119.125, 89.875, 9.995568423076055e-25, nan 
-118.875, 89.875, 1.2449562073313155e-24, nan 
-118.625, 89.875, 1.0776946054355015e-24, nan 
-118.375, 89.875, 9.596285403010378e-25, nan 
-118.125, 89.875, 9.373380834185371e-25, nan 
-117.875, 89.875, 7.831382182891256e-25, nan 
-117.625, 89.875, 7.220723716919576e-25, nan 
-117.375, 89.875, 9.939518739757335e-25, nan 
-117.125, 89.875, 1.48521545530924e-24, nan 
-116.875, 89.875, 4.142935660965678e-25, nan 
-116.625, 89.875, 9.89155784842233e-25, nan 
-116.375, 89.875, 9.840731162771686e-25, nan 
-116.125, 89.875, 9.704571071547806e-25, nan 
-115.875, 89.875, 3.974161253041132e-25, nan 
-115.625, 89.875, 1.809054426681375e-24, nan 
-115.375, 89.875, 1.2012249126082946e-24, nan 
-115.125, 89.875, 9.11608627306448e-25, nan 
-114.875, 89.875, 1.1025181876559395e-24, nan 
-114.625, 89.875, 9.990070317751334e-25, nan 
-114.375, 89.875, 1.0544885251269587e-24, nan 
-114.125, 89.875, 1.4865676128287508e-24, nan 
-113.875, 89.875, 1.9193189146616997e-24, nan 
-113.625, 89.875, 1.5713725250466997e-24, nan 
-113.375, 89.875, 1.6472835417709409e-24, nan 
-113.125, 89.875, 1.1334359262774522e-24, nan 
-112.875, 89.875, 1.3147904608658e-24, nan 
-112.625, 89.875, 9.811474325296623e-25, nan 
-112.375, 89.875, 1.6167423639187105e-24, nan 
-112.125, 89.875, 1.5752672093891462e-24, nan 
-111.875, 89.875, 1.270498836071192e-24, nan 
-111.625, 89.875, 1.8583303217769107e-24, nan 
-111.375, 89.875, 1.7301227266084464e-24, nan 
-111.125, 89.875, 2.3899171718149067e-24, nan 
-110.875, 89.875, 1.438455058299642e-24, nan 
-110.625, 89.875, 1.3001152810139529e-24, nan 
-110.375, 89.875, 2.1539598682101716e-24, nan 
-110.125, 89.875, 2.645724920594108e-24, nan 
-109.875, 89.875, 1.6730605982442535e-24, nan 
-109.625, 89.875, 1.170279402800358e-24, nan 
-109.375, 89.875, 2.766587783835914e-24, nan 
-109.125, 89.875, 2.8035071017205865e-24, nan 
-108.875, 89.875, 1.713845186046696e-24, nan 
-108.625, 89.875, 1.5644114857411405e-24, nan 
-108.375, 89.875, 1.4114575847887368e-24, nan 
-108.125, 89.875, 1.6513939251149684e-24, nan 
-107.875, 89.875, 1.743146430729118e-24, nan 
-107.625, 89.875, 1.5411322097196915e-24, nan 
-107.375, 89.875, 1.6189440292924645e-24, nan 
-107.125, 89.875, 1.416501478153981e-24, nan 
-106.875, 89.875, 1.403046622668635e-24, nan 
-106.625, 89.875, 1.99933867050512e-24, nan 
-106.375, 89.875, 1.7622804729785825e-24, nan 
-106.125, 89.875, 1.6977867104510546e-24, nan 
-105.875, 89.875, 1.8012299210076047e-24, nan 
-105.625, 89.875, 1.4601720514263181e-24, nan 
-105.375, 89.875, 1.6433565694463133e-24, nan 
-105.125, 89.875, 1.8800369517976838e-24, nan 
-104.875, 89.875, 1.5473266380070287e-24, nan 
-104.625, 89.875, 1.8055805524639096e-24, nan 
-104.375, 89.875, 1.7679207454994433e-24, nan 
-104.125, 89.875, 1.7989512948675694e-24, nan 
-103.875, 89.875, 1.768220896807839e-24, nan 
-103.625, 89.875, 1.5627160833928986e-24, nan 
-103.375, 89.875, 1.3717561742080213e-24, nan 
-103.125, 89.875, 1.2818661475119237e-24, nan 
-102.875, 89.875, 1.5729901808223825e-24, nan 
-102.625, 89.875, 1.4687631524489825e-24, nan 
-102.375, 89.875, 1.4666426008486302e-24, nan 
-102.125, 89.875, 1.2726817599908097e-24, nan 
-101.875, 89.875, 1.376454998134824e-24, nan 
-101.625, 89.875, 1.5579614103765888e-24, nan 
-101.375, 89.875, 1.4474285181802648e-24, nan 
-101.125, 89.875, 1.573977271004602e-24, nan 
-100.875, 89.875, 9.710192765330545e-25, nan 
-100.625, 89.875, 1.2533033101973345e-24, nan 
-100.375, 89.875, 1.6674921842155624e-24, nan 
-100.125, 89.875, 1.6518147684590334e-24, nan 
-99.875, 89.875, 1.1048242594353939e-24, nan 
-99.625, 89.875, 1.8248240739312486e-24, nan 
-99.375, 89.875, 1.3062591473917213e-24, nan 
-99.125, 89.875, 1.2074724188167534e-24, nan 
-98.875, 89.875, 1.765888041344295e-24, nan 
-98.625, 89.875, 1.4019604417315904e-24, nan 
-98.375, 89.875, 1.4982312158664032e-24, nan 
-98.125, 89.875, 1.5544411839641795e-24, nan 
-97.875, 89.875, 2.208256078066298e-24, nan 
-97.625, 89.875, 1.816402096999554e-24, nan 
-97.375, 89.875, 1.956137443228019e-24, nan 
-97.125, 89.875, 1.4046586441421501e-24, nan 
-96.875, 89.875, 1.1203640870298321e-24, nan 
-96.625, 89.875, 1.5070925037585774e-24, nan 
-96.375, 89.875, 1.2289775451633877e-24, nan 
-96.125, 89.875, 1.424473737352422e-24, nan 
-95.875, 89.875, 1.263482517704018e-24, nan 
-95.625, 89.875, 1.616533261254305e-24, nan 
-95.375, 89.875, 1.713671389524111e-24, nan 
-95.125, 89.875, 1.1538661610834912e-24, nan 
-94.875, 89.875, 1.765076183878897e-24, nan 
-94.625, 89.875, 1.5638007854890531e-24, nan 
-94.375, 89.875, 1.7475660922369686e-24, nan 
-94.125, 89.875, 1.5620932327076554e-24, nan 
-93.875, 89.875, 1.4807564908120722e-24, nan 
-93.625, 89.875, 1.4250307135759429e-24, nan 
-93.375, 89.875, 1.4638504548204465e-24, nan 
-93.125, 89.875, 1.8878191630389726e-24, nan 
-92.875, 89.875, 6.629267908626105e-25, nan 
-92.625, 89.875, 1.752790116419936e-24, nan 
-92.375, 89.875, 1.783948910660128e-24, nan 
-92.125, 89.875, 1.3889880087533645e-24, nan 
-91.875, 89.875, 9.393051525987333e-25, nan 
-91.625, 89.875, 1.550708929936038e-24, nan 
-91.375, 89.875, 1.7398085899853836e-24, nan 
-91.125, 89.875, 9.808217118318932e-25, nan 
-90.875, 89.875, 1.7841632479546213e-24, nan 
-90.625, 89.875, 1.704702093311432e-24, nan 
-90.375, 89.875, 1.8736538603948683e-24, nan 
-90.125, 89.875, 1.6843096116695197e-24, nan 
-89.875, 89.875, 1.5657268554493863e-24, nan 
-89.625, 89.875, 1.4767740233740844e-24, nan 
-89.375, 89.875, 1.5172405643909907e-24, nan 
-89.125, 89.875, 1.5199917715350536e-24, nan 
-88.875, 89.875, 1.4856061015630054e-24, nan 
-88.625, 89.875, 1.6686321030074793e-24, nan 
-88.375, 89.875, 1.197362192912699e-24, nan 
-88.125, 89.875, 8.410221484994797e-25, nan 
-87.875, 89.875, 1.5383748143291299e-24, nan 
-87.625, 89.875, 1.6938036385501966e-24, nan 
-87.375, 89.875, 2.0188130318810535e-24, nan 
-87.125, 89.875, 1.5556614878907985e-24, nan 
-86.875, 89.875, 1.8166046489905516e-24, nan 
-86.625, 89.875, 1.496717879740119e-24, nan 
-86.375, 89.875, 1.6086638079603714e-24, nan 
-86.125, 89.875, 1.6391675893357695e-24, nan 
-85.875, 89.875, 1.8671216731317322e-24, nan 
-85.625, 89.875, 1.5434162162960649e-24, nan 
-85.375, 89.875, 1.796100130915545e-24, nan 
-85.125, 89.875, 1.5589256971447493e-24, nan 
-84.875, 89.875, 1.739211318438925e-24, nan 
-84.625, 89.875, 1.9997508039792817e-24, nan 
-84.375, 89.875, 1.4540528683432316e-24, nan 
-84.125, 89.875, 1.3382408969783072e-24, nan 
-83.875, 89.875, 1.4656401792727924e-24, nan 
-83.625, 89.875, 1.686497736370332e-24, nan 
-83.375, 89.875, 1.771195235495566e-24, nan 
-83.125, 89.875, 1.689201654864086e-24, nan 
-82.875, 89.875, 1.3271390072617905e-24, nan 
-82.625, 89.875, 1.2430881220415563e-24, nan 
-82.375, 89.875, 1.4300843520482075e-24, nan 
-82.125, 89.875, 1.433170464669654e-24, nan 
-81.875, 89.875, 2.2281595456061997e-24, nan 
-81.625, 89.875, 2.111772598519213e-24, nan 
-81.375, 89.875, 1.6194672055287055e-24, nan 
-81.125, 89.875, 2.1048891818552826e-24, nan 
-80.875, 89.875, 1.889265834920977e-24, nan 
-80.625, 89.875, 1.7152330536202335e-24, nan 
-80.375, 89.875, 1.5229470065620643e-24, nan 
-80.125, 89.875, 1.5119808949257057e-24, nan 
-79.875, 89.875, 1.5298436908626962e-24, nan 
-79.625, 89.875, 1.757653413764335e-24, nan 
-79.375, 89.875, 1.5823052253158282e-24, nan 
-79.125, 89.875, 1.4406817569002377e-24, nan 
-78.875, 89.875, 1.9981081519918993e-24, nan 
-78.625, 89.875, 1.7476285603929536e-24, nan 
-78.375, 89.875, 7.045001714075542e-25, nan 
-78.125, 89.875, 7.020334508382183e-25, nan 
-77.875, 89.875, 7.492605779191929e-25, nan 
-77.625, 89.875, 8.242580285308364e-25, nan 
-77.375, 89.875, 1.3282567679561062e-24, nan 
-77.125, 89.875, 1.5901136588456542e-24, nan 
-76.875, 89.875, 1.4134700923758553e-24, nan 
-76.625, 89.875, 9.071832999367834e-25, nan 
-76.375, 89.875, 1.390228545670386e-24, nan 
-76.125, 89.875, 1.1274731272152643e-24, nan 
-75.875, 89.875, 1.0004187865261711e-24, nan 
-75.625, 89.875, 1.6467190230364532e-24, nan 
-75.375, 89.875, 1.714501695827856e-24, nan 
-75.125, 89.875, 1.6488103841890641e-24, nan 
-74.875, 89.875, 1.0095131756770684e-24, nan 
-74.625, 89.875, 1.7404000007157102e-24, nan 
-74.375, 89.875, 2.6984269488753234e-24, nan 
-74.125, 89.875, 2.0860256347475125e-24, nan 
-73.875, 89.875, 1.1004435755027672e-24, nan 
-73.625, 89.875, 1.624768295360903e-24, nan 
-73.375, 89.875, 1.7294167773283756e-24, nan 
-73.125, 89.875, 2.031863276575819e-24, nan 
-72.875, 89.875, 1.5965001616372503e-24, nan 
-72.625, 89.875, 1.5596182052052445e-24, nan 
-72.375, 89.875, 1.883072829889359e-24, nan 
-72.125, 89.875, 1.4330918739938037e-24, nan 
-71.875, 89.875, 1.3227783770980084e-24, nan 
-71.625, 89.875, 1.4349030551901274e-24, nan 
-71.375, 89.875, 1.5811282471609993e-24, nan 
-71.125, 89.875, 1.698172083347226e-24, nan 
-70.875, 89.875, 1.3433367058038894e-24, nan 
-70.625, 89.875, 1.4283576851057804e-24, nan 
-70.375, 89.875, 1.4685026929040633e-24, nan 
-70.125, 89.875, 1.5693820477768701e-24, nan 
-69.875, 89.875, 1.4393977940111227e-24, nan 
-69.625, 89.875, 1.3667363826988287e-24, nan 
-69.375, 89.875, 1.620054650280813e-24, nan 
-69.125, 89.875, 1.7316348453550154e-24, nan 
-68.875, 89.875, 2.35273203245892e-24, nan 
-68.625, 89.875, 2.598098556346046e-24, nan 
-68.375, 89.875, 2.073911332538864e-24, nan 
-68.125, 89.875, 1.4984121504638276e-24, nan 
-67.875, 89.875, 1.7436713624976436e-24, nan 
-67.625, 89.875, 2.223239990398179e-24, nan 
-67.375, 89.875, 1.972272485536485e-24, nan 
-67.125, 89.875, 2.1973422459243117e-24, nan 
-66.875, 89.875, 1.5708292134299839e-24, nan 
-66.625, 89.875, 1.1027835458808253e-24, nan 
-66.375, 89.875, 2.1477888942592384e-24, nan 
-66.125, 89.875, 2.0020918551008528e-24, nan 
-65.875, 89.875, 1.6298573918741897e-24, nan 
-65.625, 89.875, 1.869558545963692e-24, nan 
-65.375, 89.875, 2.1991069067557147e-24, nan 
-65.125, 89.875, 2.0049617597173955e-24, nan 
-64.875, 89.875, 2.0158113243888638e-24, nan 
-64.625, 89.875, 1.6264718223902566e-24, nan 
-64.375, 89.875, 2.1223209195027536e-24, nan 
-64.125, 89.875, 1.6552100229169194e-24, nan 
-63.875, 89.875, 1.7182400950169153e-24, nan 
-63.625, 89.875, 1.737744097472903e-24, nan 
-63.375, 89.875, 2.07431270008448e-24, nan 
-63.125, 89.875, 1.859027129328733e-24, nan 
-62.875, 89.875, 1.811732492871894e-24, nan 
-62.625, 89.875, 1.697384785770456e-24, nan 
-62.375, 89.875, 1.5276813798860757e-24, nan 
-62.125, 89.875, 1.911521974662194e-24, nan 
-61.875, 89.875, 1.8939120570047275e-24, nan 
-61.625, 89.875, 2.039008805976937e-24, nan 
-61.375, 89.875, 1.6169435174697883e-24, nan 
-61.125, 89.875, 1.5607838533831463e-24, nan 
-60.875, 89.875, 1.8881761954226565e-24, nan 
-60.625, 89.875, 2.0083081089550845e-24, nan 
-60.375, 89.875, 1.701911951240238e-24, nan 
-60.125, 89.875, 1.9206645867668415e-24, nan 
-59.875, 89.875, 1.2115395713465765e-24, nan 
-59.625, 89.875, 1.4321161237529948e-24, nan 
-59.375, 89.875, 2.147030687001741e-24, nan 
-59.125, 89.875, 1.6115910239769843e-24, nan 
-58.875, 89.875, 1.6397558481540407e-24, nan 
-58.625, 89.875, 1.495405766262106e-24, nan 
-58.375, 89.875, 1.493401461315803e-24, nan 
-58.125, 89.875, 1.3837241558419937e-24, nan 
-57.875, 89.875, 1.613284608810101e-24, nan 
-57.625, 89.875, 1.6707820315028048e-24, nan 
-57.375, 89.875, 1.8953411449063105e-24, nan 
-57.125, 89.875, 1.9163050413364345e-24, nan 
-56.875, 89.875, 1.5379855158822752e-24, nan 
-56.625, 89.875, 1.4922395260501318e-24, nan 
-56.375, 89.875, 1.2414571010369823e-24, nan 
-56.125, 89.875, 1.4771210421827873e-24, nan 
-55.875, 89.875, 1.7505821012746734e-24, nan 
-55.625, 89.875, 1.5883404825291987e-24, nan 
-55.375, 89.875, 1.5125664649369464e-24, nan 
-55.125, 89.875, 1.5597548503363772e-24, nan 
-54.875, 89.875, 1.4667835479008182e-24, nan 
-54.625, 89.875, 1.4377384520575992e-24, nan 
-54.375, 89.875, 1.6994950530712775e-24, nan 
-54.125, 89.875, 1.587577340462978e-24, nan 
-53.875, 89.875, 1.2029487126190632e-24, nan 
-53.625, 89.875, 1.7902969605114787e-24, nan 
-53.375, 89.875, 1.803792624701039e-24, nan 
-53.125, 89.875, 1.7736256950347425e-24, nan 
-52.875, 89.875, 1.2832270058865263e-24, nan 
-52.625, 89.875, 1.2545428637477946e-24, nan 
-52.375, 89.875, 1.3804586823024053e-24, nan 
-52.125, 89.875, 2.1954790889869955e-24, nan 
-51.875, 89.875, 1.9496632911786203e-24, nan 
-51.625, 89.875, 1.834805970097144e-24, nan 
-51.375, 89.875, 1.5685283456034614e-24, nan 
-51.125, 89.875, 2.1280611166388888e-24, nan 
-50.875, 89.875, 2.3336235302175296e-24, nan 
-50.625, 89.875, 2.1565698185242147e-24, nan 
-50.375, 89.875, 1.911221976051936e-24, nan 
-50.125, 89.875, 2.2415066285814784e-24, nan 
-49.875, 89.875, 2.1906073089593698e-24, nan 
-49.625, 89.875, 2.523163105552558e-24, nan 
-49.375, 89.875, 2.6365146391781943e-24, nan 
-49.125, 89.875, 2.456347237885307e-24, nan 
-48.875, 89.875, 2.293584851398333e-24, nan 
-48.625, 89.875, 2.1590271356499965e-24, nan 
-48.375, 89.875, 2.7323961847552747e-24, nan 
-48.125, 89.875, 2.487205818696352e-24, nan 
-47.875, 89.875, 2.246526417230718e-24, nan 
-47.625, 89.875, 2.2683553842734372e-24, nan 
-47.375, 89.875, 2.2364097764411052e-24, nan 
-47.125, 89.875, 2.137583474959233e-24, nan 
-46.875, 89.875, 1.8861770754223144e-24, nan 
-46.625, 89.875, 1.9867782665088645e-24, nan 
-46.375, 89.875, 1.6743985043274738e-24, nan 
-46.125, 89.875, 1.4315334116266098e-24, nan 
-45.875, 89.875, 1.4048663384957983e-24, nan 
-45.625, 89.875, 1.7661676750455664e-24, nan 
-45.375, 89.875, 1.7769081231827286e-24, nan 
-45.125, 89.875, 2.1329074095459204e-24, nan 
-44.875, 89.875, 1.8590559594126936e-24, nan 
-44.625, 89.875, 1.7769513424594945e-24, nan 
-44.375, 89.875, 1.96206866775797e-24, nan 
-44.125, 89.875, 2.4161315871265534e-24, nan 
-43.875, 89.875, 2.0697525387505818e-24, nan 
-43.625, 89.875, 2.0101159231359077e-24, nan 
-43.375, 89.875, 1.4685980879835259e-24, nan 
-43.125, 89.875, 1.9056790344816707e-24, nan 
-42.875, 89.875, 1.870249604508812e-24, nan 
-42.625, 89.875, 2.610456798224242e-24, nan 
-42.375, 89.875, 1.8140009889931953e-24, nan 
-42.125, 89.875, 1.5192857901666818e-24, nan 
-41.875, 89.875, 2.7293325578620655e-24, nan 
-41.625, 89.875, 2.7954032588665945e-24, nan 
-41.375, 89.875, 3.0858794230618468e-24, nan 
-41.125, 89.875, 3.1830161747700966e-24, nan 
-40.875, 89.875, 2.9059507209977363e-24, nan 
-40.625, 89.875, 3.677324165887367e-24, nan 
-40.375, 89.875, 3.1782486834486886e-24, nan 
-40.125, 89.875, 3.0059337151881543e-24, nan 
-39.875, 89.875, 2.5496821121946775e-24, nan 
-39.625, 89.875, 3.1338156672237935e-24, nan 
-39.375, 89.875, 2.7916868815227658e-24, nan 
-39.125, 89.875, 2.7708965907971477e-24, nan 
-38.875, 89.875, 3.1416533878677335e-24, nan 
-38.625, 89.875, 3.0802740821047314e-24, nan 
-38.375, 89.875, 4.0978102406905386e-24, nan 
-38.125, 89.875, 4.395962071221539e-24, nan 
-37.875, 89.875, 3.236518034689396e-24, nan 
-37.625, 89.875, 3.57934626311513e-24, nan 
-37.375, 89.875, 3.514359969434669e-24, nan 
-37.125, 89.875, 3.2375059559971824e-24, nan 
-36.875, 89.875, 3.526051030712589e-24, nan 
-36.625, 89.875, 2.979114683623212e-24, nan 
-36.375, 89.875, 3.0605373404561308e-24, nan 
-36.125, 89.875, 3.309384559141497e-24, nan 
-35.875, 89.875, 3.59107379916474e-24, nan 
-35.625, 89.875, 3.558985176662046e-24, nan 
-35.375, 89.875, 3.950434425862282e-24, nan 
-35.125, 89.875, 3.442680298422491e-24, nan 
-34.875, 89.875, 3.359295846153603e-24, nan 
-34.625, 89.875, 3.2323422344584294e-24, nan 
-34.375, 89.875, 3.4710327213464544e-24, nan 
-34.125, 89.875, 3.438920399977901e-24, nan 
-33.875, 89.875, 3.7380554192167924e-24, nan 
-33.625, 89.875, 3.597970551567452e-24, nan 
-33.375, 89.875, 4.2345229401407e-24, nan 
-33.125, 89.875, 3.488556753425624e-24, nan 
-32.875, 89.875, 3.469550098548662e-24, nan 
-32.625, 89.875, 4.187757084078987e-24, nan 
-32.375, 89.875, 3.979887719375475e-24, nan 
-32.125, 89.875, 3.5686617961998906e-24, nan 
-31.875, 89.875, 3.423373961210237e-24, nan 
-31.625, 89.875, 3.6225522470141975e-24, nan 
-31.375, 89.875, 3.45370127641987e-24, nan 
-31.125, 89.875, 3.493412959563359e-24, nan 
-30.875, 89.875, 3.538479852794804e-24, nan 
-30.625, 89.875, 3.4628332435311346e-24, nan 
-30.375, 89.875, 4.516054000928752e-24, nan 
-30.125, 89.875, 4.830884355533265e-24, nan 
-29.875, 89.875, 3.8192453741482464e-24, nan 
-29.625, 89.875, 3.6539066853763076e-24, nan 
-29.375, 89.875, 3.607526485578446e-24, nan 
-29.125, 89.875, 3.513209916449887e-24, nan 
-28.875, 89.875, 3.749481971323535e-24, nan 
-28.625, 89.875, 3.4992890759424325e-24, nan 
-28.375, 89.875, 3.794098708680351e-24, nan 
-28.125, 89.875, 3.59817058525152e-24, nan 
-27.875, 89.875, 3.757228753680107e-24, nan 
-27.625, 89.875, 4.117403350432931e-24, nan 
-27.375, 89.875, 3.8250183151211126e-24, nan 
-27.125, 89.875, 4.7801404272512775e-24, nan 
-26.875, 89.875, 4.981185178069276e-24, nan 
-26.625, 89.875, 3.770370230048884e-24, nan 
-26.375, 89.875, 3.644164448317792e-24, nan 
-26.125, 89.875, 4.036198613759462e-24, nan 
-25.875, 89.875, 4.191164644254856e-24, nan 
-25.625, 89.875, 3.788708722647848e-24, nan 
-25.375, 89.875, 4.565656457479168e-24, nan 
-25.125, 89.875, 4.065135298451496e-24, nan 
-24.875, 89.875, 5.341602000144924e-24, nan 
-24.625, 89.875, 4.7688612047291676e-24, nan 
-24.375, 89.875, 3.860642929244155e-24, nan 
-24.125, 89.875, 3.878156326994167e-24, nan 
-23.875, 89.875, 3.878240980022031e-24, nan 
-23.625, 89.875, 4.165081357915019e-24, nan 
-23.375, 89.875, 6.638874493469305e-24, nan 
-23.125, 89.875, 9.055360070154848e-24, nan 
-22.875, 89.875, 1.0050416582886102e-23, nan 
-22.625, 89.875, 9.323112333406367e-24, nan 
-22.375, 89.875, 6.402275756262679e-24, nan 
-22.125, 89.875, 3.808178922154986e-24, nan 
-21.875, 89.875, 3.690312325990313e-24, nan 
-21.625, 89.875, 4.0616833208626776e-24, nan 
-21.375, 89.875, 4.269553345328994e-24, nan 
-21.125, 89.875, 4.9759152745788794e-24, nan 
-20.875, 89.875, 4.475043136769439e-24, nan 
-20.625, 89.875, 3.028721548926781e-24, nan 
-20.375, 89.875, 2.3214157389021948e-24, nan 
-20.125, 89.875, 2.1815943927954727e-24, nan 
-19.875, 89.875, 2.2098146731668573e-24, nan 
-19.625, 89.875, 1.918125062921896e-24, nan 
-19.375, 89.875, 1.9060387729611728e-24, nan 
-19.125, 89.875, 2.197087998121679e-24, nan 
-18.875, 89.875, 3.651249436756489e-24, nan 
-18.625, 89.875, 3.490354142883181e-24, nan 
-18.375, 89.875, 3.936046851558771e-24, nan 
-18.125, 89.875, 3.9187415434171556e-24, nan 
-17.875, 89.875, 3.925209483876421e-24, nan 
-17.625, 89.875, 3.989607340945662e-24, nan 
-17.375, 89.875, 4.023455925617754e-24, nan 
-17.125, 89.875, 3.625343848088955e-24, nan 
-16.875, 89.875, 3.8543846633181836e-24, nan 
-16.625, 89.875, 4.1594866890514405e-24, nan 
-16.375, 89.875, 3.919637649055653e-24, nan 
-16.125, 89.875, 3.922770244409774e-24, nan 
-15.875, 89.875, 3.917713347102037e-24, nan 
-15.625, 89.875, 3.7538526965406324e-24, nan 
-15.375, 89.875, 3.550792673772648e-24, nan 
-15.125, 89.875, 2.8929202588045033e-24, nan 
-14.875, 89.875, 2.1654665300438506e-24, nan 
-14.625, 89.875, 2.5507745768661855e-24, nan 
-14.375, 89.875, 4.073137791619537e-24, nan 
-14.125, 89.875, 4.032241016830313e-24, nan 
-13.875, 89.875, 3.892842231148967e-24, nan 
-13.625, 89.875, 3.7816480779645685e-24, nan 
-13.375, 89.875, 3.7774281367741155e-24, nan 
-13.125, 89.875, 4.569622673788268e-24, nan 
-12.875, 89.875, 4.444629144273087e-24, nan 
-12.625, 89.875, 3.793173061285802e-24, nan 
-12.375, 89.875, 4.028471960663789e-24, nan 
-12.125, 89.875, 5.58925590298073e-24, nan 
-11.875, 89.875, 5.099733668339137e-24, nan 
-11.625, 89.875, 4.046907275874791e-24, nan 
-11.375, 89.875, 4.2502082500132875e-24, nan 
-11.125, 89.875, 4.0577388102678226e-24, nan 
-10.875, 89.875, 3.0923270375008265e-24, nan 
-10.625, 89.875, 3.759580966517863e-24, nan 
-10.375, 89.875, 3.471211166092191e-24, nan 
-10.125, 89.875, 3.326184965310299e-24, nan 
-9.875, 89.875, 2.588215386568048e-24, nan 
-9.625, 89.875, 3.1298941718410687e-24, nan 
-9.375, 89.875, 2.5633999571285675e-24, nan 
-9.125, 89.875, 2.4826330523208665e-24, nan 
-8.875, 89.875, 2.986014085950108e-24, nan 
-8.625, 89.875, 2.6412074187337785e-24, nan 
-8.375, 89.875, 2.5114130096976423e-24, nan 
-8.125, 89.875, 5.4559170995925824e-24, nan 
-7.875, 89.875, 3.767141425717437e-24, nan 
-7.625, 89.875, 3.277966064523609e-24, nan 
-7.375, 89.875, 3.393030724080671e-24, nan 
-7.125, 89.875, 4.359121804657069e-24, nan 
-6.875, 89.875, 2.09707198481871e-24, nan 
-6.625, 89.875, 3.03169425007884e-24, nan 
-6.375, 89.875, 3.408921451181099e-24, nan 
-6.125, 89.875, 3.2653863970453517e-24, nan 
-5.875, 89.875, 2.2080545197777407e-24, nan 
-5.625, 89.875, 3.8968602691837034e-24, nan 
-5.375, 89.875, 2.427759126788601e-24, nan 
-5.125, 89.875, 2.9185864449972974e-24, nan 
-4.875, 89.875, 3.095260665325002e-24, nan 
-4.625, 89.875, 2.693531595460709e-24, nan 
-4.375, 89.875, 2.363961419768826e-24, nan 
-4.125, 89.875, 2.9619598255907273e-24, nan 
-3.875, 89.875, 2.2690926117004123e-24, nan 
-3.625, 89.875, 1.7662305644694474e-24, nan 
-3.375, 89.875, 2.5365172651458405e-24, nan 
-3.125, 89.875, 2.8522359147867766e-24, nan 
-2.875, 89.875, 2.2745106410693885e-24, nan 
-2.625, 89.875, 2.957766022229e-24, nan 
-2.375, 89.875, 2.852631526686161e-24, nan 
-2.125, 89.875, 1.5158658704621402e-24, nan 
-1.875, 89.875, 2.4416995445693312e-24, nan 
-1.625, 89.875, 2.634762273345617e-24, nan 
-1.375, 89.875, 2.8731091624311297e-24, nan 
-1.125, 89.875, 2.0554879028086104e-24, nan 
-0.875, 89.875, 3.2517460382997047e-24, nan 
-0.625, 89.875, 2.6871937409333993e-24, nan 
-0.375, 89.875, 2.8250526692540816e-24, nan 
-0.125, 89.875, 2.2723524041923007e-24, nan 
0.125, 89.875, 2.1226676927374674e-24, nan 
0.375, 89.875, 2.727324930211731e-24, nan 
0.625, 89.875, 2.5966608204812512e-24, nan 
0.875, 89.875, 3.2754633291115913e-24, nan 
1.125, 89.875, 2.476012225810444e-24, nan 
1.375, 89.875, 2.9710524815655743e-24, nan 
1.625, 89.875, 2.3464294619713654e-24, nan 
1.875, 89.875, 2.8366129892577195e-24, nan 
2.125, 89.875, 2.2612104631075228e-24, nan 
2.375, 89.875, 3.269195407978023e-24, nan 
2.625, 89.875, 3.577493527256067e-24, nan 
2.875, 89.875, 2.804562796849775e-24, nan 
3.125, 89.875, 2.9083959850281325e-24, nan 
3.375, 89.875, 3.656022646653703e-24, nan 
3.625, 89.875, 4.7876734860871606e-24, nan 
3.875, 89.875, 3.628842433370043e-24, nan 
4.125, 89.875, 2.4354984442600188e-24, nan 
4.375, 89.875, 4.2027620885254755e-24, nan 
4.625, 89.875, 5.1531236834110416e-24, nan 
4.875, 89.875, 5.559275704053131e-24, nan 
5.125, 89.875, 3.357427201320361e-24, nan 
5.375, 89.875, 5.3293956079928855e-24, nan 
5.625, 89.875, 5.0338946056971994e-24, nan 
5.875, 89.875, 3.135929108332869e-24, nan 
6.125, 89.875, 3.66332700484636e-24, nan 
6.375, 89.875, 3.2876476067073e-24, nan 
6.625, 89.875, 3.2609074757990185e-24, nan 
6.875, 89.875, 3.1329997340612823e-24, nan 
7.125, 89.875, 3.0658677640562274e-24, nan 
7.375, 89.875, 4.710520521519873e-24, nan 
7.625, 89.875, 3.91402327272471e-24, nan 
7.875, 89.875, 2.967792993781032e-24, nan 
8.125, 89.875, 3.0235745335681912e-24, nan 
8.375, 89.875, 2.9676099460255494e-24, nan 
8.625, 89.875, 2.6978991090515323e-24, nan 
8.875, 89.875, 3.0815585670306137e-24, nan 
9.125, 89.875, 2.606962668170183e-24, nan 
9.375, 89.875, 2.8050181970452018e-24, nan 
9.625, 89.875, 2.93547457925831e-24, nan 
9.875, 89.875, 2.732355261204215e-24, nan 
10.125, 89.875, 2.8686204807004227e-24, nan 
10.375, 89.875, 2.8163851596365695e-24, nan 
10.625, 89.875, 2.8692370840004565e-24, nan 
10.875, 89.875, 2.802930815907529e-24, nan 
11.125, 89.875, 2.7140865660740014e-24, nan 
11.375, 89.875, 2.818324314588753e-24, nan 
11.625, 89.875, 2.7294179315602444e-24, nan 
11.875, 89.875, 3.2993837019349308e-24, nan 
12.125, 89.875, 4.026365591918336e-24, nan 
12.375, 89.875, 3.113631232191092e-24, nan 
12.625, 89.875, 2.3447127399680428e-24, nan 
12.875, 89.875, 2.1524060978627065e-24, nan 
13.125, 89.875, 2.8931133825923075e-24, nan 
13.375, 89.875, 2.3762515003224233e-24, nan 
13.625, 89.875, 2.1934074064632327e-24, nan 
13.875, 89.875, 2.756125216412282e-24, nan 
14.125, 89.875, 2.747932222883753e-24, nan 
14.375, 89.875, 2.5099684251755876e-24, nan 
14.625, 89.875, 3.1483042366575423e-24, nan 
14.875, 89.875, 3.5434577461104294e-24, nan 
15.125, 89.875, 3.4194081243640856e-24, nan 
15.375, 89.875, 2.6585300873439388e-24, nan 
15.625, 89.875, 2.918299469750891e-24, nan 
15.875, 89.875, 3.361905806424849e-24, nan 
16.125, 89.875, 2.4551194592076156e-24, nan 
16.375, 89.875, 3.517461496005446e-24, nan 
16.625, 89.875, 4.122131730645552e-24, nan 
16.875, 89.875, 4.847780089494909e-24, nan 
17.125, 89.875, 4.771741930803212e-24, nan 
17.375, 89.875, 4.719744288051953e-24, nan 
17.625, 89.875, 4.6652486663437184e-24, nan 
17.875, 89.875, 4.143081354960214e-24, nan 
18.125, 89.875, 4.228024321059437e-24, nan 
18.375, 89.875, 3.982706709535106e-24, nan 
18.625, 89.875, 4.5323138426826505e-24, nan 
18.875, 89.875, 4.267012119982102e-24, nan 
19.125, 89.875, 3.860369720732935e-24, nan 
19.375, 89.875, 3.5777372490281054e-24, nan 
19.625, 89.875, 3.7243529459537924e-24, nan 
19.875, 89.875, 3.63229231238272e-24, nan 
20.125, 89.875, 3.317101747621691e-24, nan 
20.375, 89.875, 3.2817323483933185e-24, nan 
20.625, 89.875, 3.1777211816174276e-24, nan 
20.875, 89.875, 2.463318401670697e-24, nan 
21.125, 89.875, 2.4401004088591357e-24, nan 
21.375, 89.875, 2.25169849400478e-24, nan 
21.625, 89.875, 2.688649414082512e-24, nan 
21.875, 89.875, 1.769531465854804e-24, nan 
22.125, 89.875, 2.8721290871855176e-24, nan 
22.375, 89.875, 3.087422565782445e-24, nan 
22.625, 89.875, 2.0171947214599813e-24, nan 
22.875, 89.875, 1.8378459939274658e-24, nan 
23.125, 89.875, 2.530390265177125e-24, nan 
23.375, 89.875, 2.498093732094328e-24, nan 
23.625, 89.875, 1.479195485680804e-24, nan 
23.875, 89.875, 2.427933574668477e-24, nan 
24.125, 89.875, 2.578077800140058e-24, nan 
24.375, 89.875, 2.6247007761713723e-24, nan 
24.625, 89.875, 2.888818851839423e-24, nan 
24.875, 89.875, 2.4413157668526487e-24, nan 
25.125, 89.875, 3.253421881442842e-24, nan 
25.375, 89.875, 3.8334060085308225e-24, nan 
25.625, 89.875, 2.5733559960918798e-24, nan 
25.875, 89.875, 2.3591395101660445e-24, nan 
26.125, 89.875, 2.7152891712854528e-24, nan 
26.375, 89.875, 1.6270808032806274e-24, nan 
26.625, 89.875, 1.657545941160734e-24, nan 
26.875, 89.875, 2.6898648322359067e-24, nan 
27.125, 89.875, 2.596099207532216e-24, nan 
27.375, 89.875, 3.184892652226696e-24, nan 
27.625, 89.875, 2.2740611980744198e-24, nan 
27.875, 89.875, 2.9914864321315612e-24, nan 
28.125, 89.875, 2.4950830857352604e-24, nan 
28.375, 89.875, 2.731498526786514e-24, nan 
28.625, 89.875, 2.5467519376502923e-24, nan 
28.875, 89.875, 2.8423906889265196e-24, nan 
29.125, 89.875, 2.6650413342367367e-24, nan 
29.375, 89.875, 2.6789903030210744e-24, nan 
29.625, 89.875, 2.3722129226197134e-24, nan 
29.875, 89.875, 2.911188351211997e-24, nan 
30.125, 89.875, 3.256954669629258e-24, nan 
30.375, 89.875, 2.543827354470449e-24, nan 
30.625, 89.875, 2.2595874218311662e-24, nan 
30.875, 89.875, 2.3954529534848185e-24, nan 
31.125, 89.875, 2.655756180195019e-24, nan 
31.375, 89.875, 2.9577011601121504e-24, nan 
31.625, 89.875, 2.926335964704518e-24, nan 
31.875, 89.875, 2.326855088891566e-24, nan 
32.125, 89.875, 2.1564931586074174e-24, nan 
32.375, 89.875, 2.656931425446252e-24, nan 
32.625, 89.875, 2.751874203119212e-24, nan 
32.875, 89.875, 3.678777488387246e-24, nan 
33.125, 89.875, 3.401381436637063e-24, nan 
33.375, 89.875, 3.1158313707885014e-24, nan 
33.625, 89.875, 3.717889842301163e-24, nan 
33.875, 89.875, 2.8904279105517427e-24, nan 
34.125, 89.875, 2.6537867558464647e-24, nan 
34.375, 89.875, 2.573479573395496e-24, nan 
34.625, 89.875, 2.658324226347056e-24, nan 
34.875, 89.875, 2.600773082317388e-24, nan 
35.125, 89.875, 3.1531733557023416e-24, nan 
35.375, 89.875, 3.166535448045325e-24, nan 
35.625, 89.875, 3.05654475852962e-24, nan 
35.875, 89.875, 3.6492505578931066e-24, nan 
36.125, 89.875, 3.1746041591805485e-24, nan 
36.375, 89.875, 1.3451842406756466e-24, nan 
36.625, 89.875, 1.5949069185164603e-24, nan 
36.875, 89.875, 1.4441324758851203e-24, nan 
37.125, 89.875, 1.4076685944301545e-24, nan 
37.375, 89.875, 2.4946034658232487e-24, nan 
37.625, 89.875, 2.824385985390657e-24, nan 
37.875, 89.875, 2.1358742209206494e-24, nan 
38.125, 89.875, 1.6022534765567174e-24, nan 
38.375, 89.875, 2.793802481442405e-24, nan 
38.625, 89.875, 2.12806651479388e-24, nan 
38.875, 89.875, 1.3305836440838872e-24, nan 
39.125, 89.875, 2.7389485228297834e-24, nan 
39.375, 89.875, 2.8156054549278426e-24, nan 
39.625, 89.875, 2.451352015193501e-24, nan 
39.875, 89.875, 1.6823102884743012e-24, nan 
40.125, 89.875, 2.517139680441356e-24, nan 
40.375, 89.875, 4.0412381571241465e-24, nan 
40.625, 89.875, 3.460584002581984e-24, nan 
40.875, 89.875, 2.4121254207729524e-24, nan 
41.125, 89.875, 2.700698069749729e-24, nan 
41.375, 89.875, 2.826223713208439e-24, nan 
41.625, 89.875, 2.832709227027793e-24, nan 
41.875, 89.875, 2.3854638199282724e-24, nan 
42.125, 89.875, 2.2740629581017628e-24, nan 
42.375, 89.875, 2.66741013270786e-24, nan 
42.625, 89.875, 2.4102743491094743e-24, nan 
42.875, 89.875, 1.9175933635235998e-24, nan 
43.125, 89.875, 2.1643430599545576e-24, nan 
43.375, 89.875, 2.523617961842557e-24, nan 
43.625, 89.875, 2.549148096335316e-24, nan 
43.875, 89.875, 1.987219702763969e-24, nan 
44.125, 89.875, 1.8882718747293216e-24, nan 
44.375, 89.875, 1.947076123372994e-24, nan 
44.625, 89.875, 2.1359046487483934e-24, nan 
44.875, 89.875, 2.3109873292978985e-24, nan 
45.125, 89.875, 2.3310150051323156e-24, nan 
45.375, 89.875, 2.2800490828468808e-24, nan 
45.625, 89.875, 1.3316613293380202e-24, nan 
45.875, 89.875, 1.3599719127858388e-24, nan 
46.125, 89.875, 2.5976777758355953e-24, nan 
46.375, 89.875, 1.2722794558882739e-24, nan 
46.625, 89.875, 1.820293131841744e-24, nan 
46.875, 89.875, 1.6116218999335482e-24, nan 
47.125, 89.875, 2.575157873274472e-24, nan 
47.375, 89.875, 2.3709128551079783e-24, nan 
47.625, 89.875, 2.72964303639339e-24, nan 
47.875, 89.875, 1.8823081835588572e-24, nan 
48.125, 89.875, 1.5010308614135927e-24, nan 
48.375, 89.875, 2.0968465081882175e-24, nan 
48.625, 89.875, 2.314476396324732e-24, nan 
48.875, 89.875, 1.968247165414047e-24, nan 
49.125, 89.875, 2.2130695278531415e-24, nan 
49.375, 89.875, 2.481323446652341e-24, nan 
49.625, 89.875, 2.203402662239493e-24, nan 
49.875, 89.875, 2.0165923685517755e-24, nan 
50.125, 89.875, 2.639584212187426e-24, nan 
50.375, 89.875, 2.0636335367210492e-24, nan 
50.625, 89.875, 2.3656621197267783e-24, nan 
50.875, 89.875, 2.4455432766583573e-24, nan 
51.125, 89.875, 2.3314742353211757e-24, nan 
51.375, 89.875, 2.6855086744412298e-24, nan 
51.625, 89.875, 2.5791415607643138e-24, nan 
51.875, 89.875, 1.978976119554957e-24, nan 
52.125, 89.875, 2.202296065166932e-24, nan 
52.375, 89.875, 2.500001321103171e-24, nan 
52.625, 89.875, 2.5992553806583192e-24, nan 
52.875, 89.875, 2.6328233375124182e-24, nan 
53.125, 89.875, 2.2460860745973006e-24, nan 
53.375, 89.875, 1.977687990544896e-24, nan 
53.625, 89.875, 2.1148632280602952e-24, nan 
53.875, 89.875, 2.579502790446298e-24, nan 
54.125, 89.875, 2.021887195148805e-24, nan 
54.375, 89.875, 1.806846400769127e-24, nan 
54.625, 89.875, 2.5231676839536756e-24, nan 
54.875, 89.875, 2.2038225734091923e-24, nan 
55.125, 89.875, 1.808047220141099e-24, nan 
55.375, 89.875, 2.9593607792126968e-24, nan 
55.625, 89.875, 1.9712390574135695e-24, nan 
55.875, 89.875, 2.198322322962019e-24, nan 
56.125, 89.875, 1.881843557334675e-24, nan 
56.375, 89.875, 1.6770911237496624e-24, nan 
56.625, 89.875, 1.9307423831388245e-24, nan 
56.875, 89.875, 1.843678374760491e-24, nan 
57.125, 89.875, 2.510398103268794e-24, nan 
57.375, 89.875, 1.7346544807700764e-24, nan 
57.625, 89.875, 1.5959743933579568e-24, nan 
57.875, 89.875, 1.7140863219755813e-24, nan 
58.125, 89.875, 1.9342471106009926e-24, nan 
58.375, 89.875, 1.868811451376662e-24, nan 
58.625, 89.875, 1.5836464795348192e-24, nan 
58.875, 89.875, 2.208355167640822e-24, nan 
59.125, 89.875, 2.0877552348808582e-24, nan 
59.375, 89.875, 2.42611421303023e-24, nan 
59.625, 89.875, 1.8738939488501495e-24, nan 
59.875, 89.875, 2.5602054834823274e-24, nan 
60.125, 89.875, 2.0531748571855786e-24, nan 
60.375, 89.875, 1.8759164773080097e-24, nan 
60.625, 89.875, 1.6505377238962328e-24, nan 
60.875, 89.875, 1.8360921405608258e-24, nan 
61.125, 89.875, 2.1203676722453963e-24, nan 
61.375, 89.875, 2.1138462372789182e-24, nan 
61.625, 89.875, 2.1856878343169882e-24, nan 
61.875, 89.875, 1.957671912468996e-24, nan 
62.125, 89.875, 1.8942281756732827e-24, nan 
62.375, 89.875, 1.7070784127113953e-24, nan 
62.625, 89.875, 1.760733972333152e-24, nan 
62.875, 89.875, 2.212372095660462e-24, nan 
63.125, 89.875, 2.215736364100094e-24, nan 
63.375, 89.875, 2.1861506106035214e-24, nan 
63.625, 89.875, 1.86055468585555e-24, nan 
63.875, 89.875, 2.617068168382514e-24, nan 
64.125, 89.875, 2.303572364874773e-24, nan 
64.375, 89.875, 2.149906454726998e-24, nan 
64.625, 89.875, 2.3819334238106766e-24, nan 
64.875, 89.875, 2.0103187327444273e-24, nan 
65.125, 89.875, 3.1538381395442312e-24, nan 
65.375, 89.875, 2.18470197153381e-24, nan 
65.625, 89.875, 1.745814462320142e-24, nan 
65.875, 89.875, 2.2169510163078148e-24, nan 
66.125, 89.875, 1.337024165146916e-24, nan 
66.375, 89.875, 1.1518817034089326e-24, nan 
66.625, 89.875, 3.0323748256675315e-24, nan 
66.875, 89.875, 5.108409163504165e-24, nan 
67.125, 89.875, 4.740389935851841e-24, nan 
67.375, 89.875, 3.752695185252906e-24, nan 
67.625, 89.875, 2.3039625720755204e-24, nan 
67.875, 89.875, 1.5140256189432586e-24, nan 
68.125, 89.875, 1.3704556065018978e-24, nan 
68.375, 89.875, 1.5980776279747039e-24, nan 
68.625, 89.875, 1.7144990355632413e-24, nan 
68.875, 89.875, 2.5728937977160944e-24, nan 
69.125, 89.875, 2.2739593180403992e-24, nan 
69.375, 89.875, 1.4817075869702013e-24, nan 
69.625, 89.875, 1.2282635768667504e-24, nan 
69.875, 89.875, 1.1703138766438175e-24, nan 
70.125, 89.875, 1.678383499830629e-24, nan 
70.375, 89.875, 1.1008997174559968e-24, nan 
70.625, 89.875, 1.890102997591359e-24, nan 
70.875, 89.875, 1.9532906407929346e-24, nan 
71.125, 89.875, 1.661640850742661e-24, nan 
71.375, 89.875, 1.509078505161639e-24, nan 
71.625, 89.875, 1.2013997229084587e-24, nan 
71.875, 89.875, 1.1965653074828457e-24, nan 
72.125, 89.875, 1.182005165283128e-24, nan 
72.375, 89.875, 1.3848514036988504e-24, nan 
72.625, 89.875, 1.236466270887737e-24, nan 
72.875, 89.875, 1.7179141467750287e-24, nan 
73.125, 89.875, 1.0874389560667556e-24, nan 
73.375, 89.875, 1.675149959924317e-24, nan 
73.625, 89.875, 1.6352133516468943e-24, nan 
73.875, 89.875, 1.0575898201505874e-24, nan 
74.125, 89.875, 1.4243714613559094e-24, nan 
74.375, 89.875, 1.1283337415683015e-24, nan 
74.625, 89.875, 1.0429500892627263e-24, nan 
74.875, 89.875, 1.0074915175873173e-24, nan 
75.125, 89.875, 2.15733726872443e-24, nan 
75.375, 89.875, 1.050229883451777e-24, nan 
75.625, 89.875, 1.3808683417087804e-24, nan 
75.875, 89.875, 1.583680528009522e-24, nan 
76.125, 89.875, 1.0328355417139365e-24, nan 
76.375, 89.875, 1.4980354946626054e-24, nan 
76.625, 89.875, 2.3283114951241406e-24, nan 
76.875, 89.875, 1.503112894073324e-24, nan 
77.125, 89.875, 2.579551493528543e-24, nan 
77.375, 89.875, 1.782932617451955e-24, nan 
77.625, 89.875, 1.2927830758582806e-24, nan 
77.875, 89.875, 3.2412484409431615e-24, nan 
78.125, 89.875, 1.8610485024375238e-24, nan 
78.375, 89.875, 1.3598103152620885e-24, nan 
78.625, 89.875, 1.006534638026706e-24, nan 
78.875, 89.875, 1.198416281841756e-24, nan 
79.125, 89.875, 1.8820166447966903e-24, nan 
79.375, 89.875, 1.9017349560931403e-24, nan 
79.625, 89.875, 1.3947802530749943e-24, nan 
79.875, 89.875, 8.924433426493104e-25, nan 
80.125, 89.875, 1.0464785297603498e-24, nan 
80.375, 89.875, 1.3139577378684926e-24, nan 
80.625, 89.875, 1.0774840917000744e-24, nan 
80.875, 89.875, 1.9262025398195722e-24, nan 
81.125, 89.875, 1.2317812692442699e-24, nan 
81.375, 89.875, 1.4760879264524777e-24, nan 
81.625, 89.875, 1.348100674101239e-24, nan 
81.875, 89.875, 1.1189123047470745e-24, nan 
82.125, 89.875, 1.4133173802461945e-24, nan 
82.375, 89.875, 1.5615784941593607e-24, nan 
82.625, 89.875, 1.736568773950388e-24, nan 
82.875, 89.875, 1.0716168059411878e-24, nan 
83.125, 89.875, 1.5315077688773945e-24, nan 
83.375, 89.875, 1.1933145727143864e-24, nan 
83.625, 89.875, 1.2728192722761864e-24, nan 
83.875, 89.875, 1.1722769658598103e-24, nan 
84.125, 89.875, 9.614044657396922e-25, nan 
84.375, 89.875, 2.423602054336943e-24, nan 
84.625, 89.875, 2.0823957972288255e-24, nan 
84.875, 89.875, 1.0945169763982017e-24, nan 
85.125, 89.875, 1.2375839122419965e-24, nan 
85.375, 89.875, 1.1478332678357044e-24, nan 
85.625, 89.875, 1.0078330551229898e-24, nan 
85.875, 89.875, 1.2727664865064157e-24, nan 
86.125, 89.875, 1.3009928229728816e-24, nan 
86.375, 89.875, 1.4423464879225165e-24, nan 
86.625, 89.875, 1.1880346478580114e-24, nan 
86.875, 89.875, 1.3117781271339159e-24, nan 
87.125, 89.875, 1.5141316508794686e-24, nan 
87.375, 89.875, 1.0917271984967655e-24, nan 
87.625, 89.875, 2.298145094816777e-24, nan 
87.875, 89.875, 2.6786173265716354e-24, nan 
88.125, 89.875, 1.234908505397457e-24, nan 
88.375, 89.875, 1.1607825529861611e-24, nan 
88.625, 89.875, 1.3653696884418438e-24, nan 
88.875, 89.875, 1.5873378577085247e-24, nan 
89.125, 89.875, 1.3300609207906104e-24, nan 
89.375, 89.875, 1.3590667044942108e-24, nan 
89.625, 89.875, 1.055520167760203e-24, nan 
89.875, 89.875, 1.8695048180705215e-24, nan 
90.125, 89.875, 1.6819549026918156e-24, nan 
90.375, 89.875, 8.079391141123539e-25, nan 
90.625, 89.875, 7.239851071359779e-25, nan 
90.875, 89.875, 9.891570411898617e-25, nan 
91.125, 89.875, 8.332196101495205e-25, nan 
91.375, 89.875, 2.8803722029608734e-24, nan 
91.625, 89.875, 4.30487124455049e-24, nan 
91.875, 89.875, 4.8473688457867674e-24, nan 
92.125, 89.875, 4.50269423742815e-24, nan 
92.375, 89.875, 2.657912861383439e-24, nan 
92.625, 89.875, 9.58942874924939e-25, nan 
92.875, 89.875, 7.4846210772644545e-25, nan 
93.125, 89.875, 1.272835647218444e-24, nan 
93.375, 89.875, 7.357824326466216e-25, nan 
93.625, 89.875, 2.171660668401236e-24, nan 
93.875, 89.875, 1.869131386356285e-24, nan 
94.125, 89.875, 1.181517195589836e-24, nan 
94.375, 89.875, 1.5872349990485319e-24, nan 
94.625, 89.875, 1.8494174369121594e-24, nan 
94.875, 89.875, 1.0291203163065395e-24, nan 
95.125, 89.875, 8.933304086078374e-25, nan 
95.375, 89.875, 2.294952988262229e-24, nan 
95.625, 89.875, 1.963164252934239e-24, nan 
95.875, 89.875, 1.2053742544535574e-24, nan 
96.125, 89.875, 7.687594246979484e-25, nan 
96.375, 89.875, 1.4411919910097837e-24, nan 
96.625, 89.875, 1.307519932821507e-24, nan 
96.875, 89.875, 1.4297005310685677e-24, nan 
97.125, 89.875, 1.4645587651811656e-24, nan 
97.375, 89.875, 1.5955192650641589e-24, nan 
97.625, 89.875, 1.319915242706024e-24, nan 
97.875, 89.875, 1.646631109267838e-24, nan 
98.125, 89.875, 1.358484005280578e-24, nan 
98.375, 89.875, 1.0337004766111472e-24, nan 
98.625, 89.875, 1.0281488314675659e-24, nan 
98.875, 89.875, 1.0947943752631192e-24, nan 
99.125, 89.875, 1.0615794036511056e-24, nan 
99.375, 89.875, 1.2306280121287352e-24, nan 
99.625, 89.875, 1.5014288094834545e-24, nan 
99.875, 89.875, 1.7740846912554555e-24, nan 
100.125, 89.875, 1.336386201734867e-24, nan 
100.375, 89.875, 1.1252613142766288e-24, nan 
100.625, 89.875, 1.0494836863510569e-24, nan 
100.875, 89.875, 1.1066855353985403e-24, nan 
101.125, 89.875, 1.0184560921159061e-24, nan 
101.375, 89.875, 1.0715725817865709e-24, nan 
101.625, 89.875, 1.9040051830111662e-24, nan 
101.875, 89.875, 1.7019221896039998e-24, nan 
102.125, 89.875, 6.983591986520419e-25, nan 
102.375, 89.875, 1.2190753448250133e-24, nan 
102.625, 89.875, 2.4659729504636986e-24, nan 
102.875, 89.875, 2.0996256981676886e-24, nan 
103.125, 89.875, 8.4811146920574e-25, nan 
103.375, 89.875, 8.295449806917928e-25, nan 
103.625, 89.875, 1.2325865420268724e-24, nan 
103.875, 89.875, 9.636861250119557e-25, nan 
104.125, 89.875, 1.4195145241726675e-24, nan 
104.375, 89.875, 1.251626909803482e-24, nan 
104.625, 89.875, 9.304986708159178e-25, nan 
104.875, 89.875, 6.959367852495052e-25, nan 
105.125, 89.875, 1.31897152128348e-24, nan 
105.375, 89.875, 1.1620230931458449e-24, nan 
105.625, 89.875, 8.43270442886836e-25, nan 
105.875, 89.875, 1.1197492827838637e-24, nan 
106.125, 89.875, 9.938676933886932e-25, nan 
106.375, 89.875, 9.199347016686078e-25, nan 
106.625, 89.875, 9.493822327424671e-25, nan 
106.875, 89.875, 1.6521156281703192e-24, nan 
107.125, 89.875, 1.2223100360118436e-24, nan 
107.375, 89.875, 1.4457750676835995e-24, nan 
107.625, 89.875, 1.0686675183257244e-24, nan 
107.875, 89.875, 9.250135475611707e-25, nan 
108.125, 89.875, 1.4231000999172337e-24, nan 
108.375, 89.875, 1.8036001091745386e-24, nan 
108.625, 89.875, 1.616616227796032e-24, nan 
108.875, 89.875, 1.0971859276749334e-24, nan 
109.125, 89.875, 1.3468710883712785e-24, nan 
109.375, 89.875, 1.3518047693489967e-24, nan 
109.625, 89.875, 9.860956275876618e-25, nan 
109.875, 89.875, 1.3518629734396315e-24, nan 
110.125, 89.875, 1.3611433576526611e-24, nan 
110.375, 89.875, 1.1852597634924612e-24, nan 
110.625, 89.875, 1.3527381753414924e-24, nan 
110.875, 89.875, 1.2935098134768193e-24, nan 
111.125, 89.875, 1.2851001024648696e-24, nan 
111.375, 89.875, 9.17590676119499e-25, nan 
111.625, 89.875, 1.4603830876853033e-24, nan 
111.875, 89.875, 3.562038555156403e-25, nan 
112.125, 89.875, 1.1722601262420852e-24, nan 
112.375, 89.875, 1.487283791818093e-24, nan 
112.625, 89.875, 1.0656909808372839e-24, nan 
112.875, 89.875, 1.0782407284785601e-24, nan 
113.125, 89.875, 1.137565431617212e-24, nan 
113.375, 89.875, 1.2172929106562774e-24, nan 
113.625, 89.875, 5.676775445422583e-25, nan 
113.875, 89.875, 1.434696034342085e-24, nan 
114.125, 89.875, 1.2942964006636814e-24, nan 
114.375, 89.875, 1.3405778087853084e-24, nan 
114.625, 89.875, 1.2857571292703928e-24, nan 
114.875, 89.875, 1.3415773368837105e-24, nan 
115.125, 89.875, 1.3819654393290202e-24, nan 
115.375, 89.875, 1.5277850558953883e-24, nan 
115.625, 89.875, 1.756473017301158e-24, nan 
115.875, 89.875, 1.6425694314514576e-24, nan 
116.125, 89.875, 1.6419056466071428e-24, nan 
116.375, 89.875, 9.496916834663645e-25, nan 
116.625, 89.875, 9.356593384906526e-25, nan 
116.875, 89.875, 1.410407226758325e-24, nan 
117.125, 89.875, 1.5876109787583325e-24, nan 
117.375, 89.875, 1.994318999864769e-24, nan 
117.625, 89.875, 1.324163829712271e-24, nan 
117.875, 89.875, 1.9626747926446596e-24, nan 
118.125, 89.875, 1.4851442015961627e-24, nan 
118.375, 89.875, 1.818999123125367e-24, nan 
118.625, 89.875, 1.620084983627748e-24, nan 
118.875, 89.875, 1.6511154921575509e-24, nan 
119.125, 89.875, 1.988696316611774e-24, nan 
119.375, 89.875, 2.3682208880906296e-24, nan 
119.625, 89.875, 1.5721645641657973e-24, nan 
119.875, 89.875, 1.7941745195801534e-24, nan 
120.125, 89.875, 2.949884735702074e-24, nan 
120.375, 89.875, 2.5881191585505264e-24, nan 
120.625, 89.875, 1.6186835516858292e-24, nan 
120.875, 89.875, 1.5367526069693178e-24, nan 
121.125, 89.875, 1.5351578588314729e-24, nan 
121.375, 89.875, 1.654643356477298e-24, nan 
121.625, 89.875, 2.1834963878000177e-24, nan 
121.875, 89.875, 1.6290306693908176e-24, nan 
122.125, 89.875, 1.3105283510884139e-24, nan 
122.375, 89.875, 1.6918385810352524e-24, nan 
122.625, 89.875, 1.5364988399152288e-24, nan 
122.875, 89.875, 2.1360953361487483e-24, nan 
123.125, 89.875, 2.2719805749890415e-24, nan 
123.375, 89.875, 1.944356076760134e-24, nan 
123.625, 89.875, 2.578888796799995e-24, nan 
123.875, 89.875, 1.877482467790191e-24, nan 
124.125, 89.875, 1.670304070542953e-24, nan 
124.375, 89.875, 1.657662308846653e-24, nan 
124.625, 89.875, 1.9348565517306943e-24, nan 
124.875, 89.875, 2.103532389112656e-24, nan 
125.125, 89.875, 2.190861077887941e-24, nan 
125.375, 89.875, 2.060247119794302e-24, nan 
125.625, 89.875, 1.7154101396547454e-24, nan 
125.875, 89.875, 2.256374371229547e-24, nan 
126.125, 89.875, 2.022970072722352e-24, nan 
126.375, 89.875, 1.1067601087454117e-24, nan 
126.625, 89.875, 1.0581748313420724e-24, nan 
126.875, 89.875, 1.0813454713678916e-24, nan 
127.125, 89.875, 1.401259075307986e-24, nan 
127.375, 89.875, 1.9842473131310486e-24, nan 
127.625, 89.875, 2.0227901255036307e-24, nan 
127.875, 89.875, 1.691518277372139e-24, nan 
128.125, 89.875, 1.1782058455134904e-24, nan 
128.375, 89.875, 1.5740196648613315e-24, nan 
128.625, 89.875, 1.4247350878374203e-24, nan 
128.875, 89.875, 1.360666144554276e-24, nan 
129.125, 89.875, 1.8986387594879143e-24, nan 
129.375, 89.875, 2.1305875825768604e-24, nan 
129.625, 89.875, 1.7506114212691934e-24, nan 
129.875, 89.875, 1.478533026591616e-24, nan 
130.125, 89.875, 2.4739633028837172e-24, nan 
130.375, 89.875, 2.2374610484254062e-24, nan 
130.625, 89.875, 2.3119723333434093e-24, nan 
130.875, 89.875, 1.689049730355987e-24, nan 
131.125, 89.875, 1.9882685803091134e-24, nan 
131.375, 89.875, 1.8634514033937577e-24, nan 
131.625, 89.875, 2.336950376298189e-24, nan 
131.875, 89.875, 2.2518210348398586e-24, nan 
132.125, 89.875, 2.156657265635179e-24, nan 
132.375, 89.875, 1.8524960857086846e-24, nan 
132.625, 89.875, 1.9535453036851897e-24, nan 
132.875, 89.875, 1.889698962032621e-24, nan 
133.125, 89.875, 1.8483285246945174e-24, nan 
133.375, 89.875, 2.084349221726622e-24, nan 
133.625, 89.875, 1.98728133013886e-24, nan 
133.875, 89.875, 1.894233979673688e-24, nan 
134.125, 89.875, 1.5065953314186353e-24, nan 
134.375, 89.875, 1.6092393005783694e-24, nan 
134.625, 89.875, 2.133780135937819e-24, nan 
134.875, 89.875, 2.348468441612389e-24, nan 
135.125, 89.875, 1.6400913901043856e-24, nan 
135.375, 89.875, 1.84815359332762e-24, nan 
135.625, 89.875, 1.8313646794651786e-24, nan 
135.875, 89.875, 1.9725056600484873e-24, nan 
136.125, 89.875, 2.2059048931276374e-24, nan 
136.375, 89.875, 1.8785086867268435e-24, nan 
136.625, 89.875, 1.529396042586289e-24, nan 
136.875, 89.875, 2.1055834128097748e-24, nan 
137.125, 89.875, 2.2742796419794896e-24, nan 
137.375, 89.875, 1.711829702625411e-24, nan 
137.625, 89.875, 1.767351571461755e-24, nan 
137.875, 89.875, 1.8845100973381638e-24, nan 
138.125, 89.875, 1.3066251063806949e-24, nan 
138.375, 89.875, 1.5598487871217311e-24, nan 
138.625, 89.875, 2.0165460227282883e-24, nan 
138.875, 89.875, 1.924123205682022e-24, nan 
139.125, 89.875, 1.7167665987740667e-24, nan 
139.375, 89.875, 2.095781846916879e-24, nan 
139.625, 89.875, 2.318594280257189e-24, nan 
139.875, 89.875, 2.614807448981107e-24, nan 
140.125, 89.875, 2.5198424886633863e-24, nan 
140.375, 89.875, 2.0680276421891387e-24, nan 
140.625, 89.875, 2.2357110399833795e-24, nan 
140.875, 89.875, 2.3243866179195625e-24, nan 
141.125, 89.875, 1.8002272308025146e-24, nan 
141.375, 89.875, 1.873788392561261e-24, nan 
141.625, 89.875, 2.206898979062139e-24, nan 
141.875, 89.875, 2.081214255479578e-24, nan 
142.125, 89.875, 2.3947401452858012e-24, nan 
142.375, 89.875, 1.926887488440336e-24, nan 
142.625, 89.875, 2.497364390446446e-24, nan 
142.875, 89.875, 2.1108799022038862e-24, nan 
143.125, 89.875, 2.00524481193337e-24, nan 
143.375, 89.875, 2.0070906244022642e-24, nan 
143.625, 89.875, 2.1001077565936068e-24, nan 
143.875, 89.875, 2.1525039710037217e-24, nan 
144.125, 89.875, 2.1793886457653202e-24, nan 
144.375, 89.875, 2.0255490996286656e-24, nan 
144.625, 89.875, 2.280844992143534e-24, nan 
144.875, 89.875, 2.1012471532823506e-24, nan 
145.125, 89.875, 2.0788113903831973e-24, nan 
145.375, 89.875, 2.144302911655379e-24, nan 
145.625, 89.875, 1.9021015458466525e-24, nan 
145.875, 89.875, 1.8933372709745302e-24, nan 
146.125, 89.875, 2.0386027711130847e-24, nan 
146.375, 89.875, 1.6979420061577174e-24, nan 
146.625, 89.875, 1.5242155376541953e-24, nan 
146.875, 89.875, 1.819636704614665e-24, nan 
147.125, 89.875, 2.4215535243269184e-24, nan 
147.375, 89.875, 2.346407359178785e-24, nan 
147.625, 89.875, 2.583724830998945e-24, nan 
147.875, 89.875, 2.3671099150125327e-24, nan 
148.125, 89.875, 2.0612130925208826e-24, nan 
148.375, 89.875, 2.1766549296667297e-24, nan 
148.625, 89.875, 2.0867404193926306e-24, nan 
148.875, 89.875, 2.1414667162368676e-24, nan 
149.125, 89.875, 1.942990805120275e-24, nan 
149.375, 89.875, 2.1896286420740647e-24, nan 
149.625, 89.875, 2.0266658510501536e-24, nan 
149.875, 89.875, 2.191680542435757e-24, nan 
150.125, 89.875, 2.430411741835583e-24, nan 
150.375, 89.875, 2.079420321275441e-24, nan 
150.625, 89.875, 2.166139492959372e-24, nan 
150.875, 89.875, 1.8349414660529913e-24, nan 
151.125, 89.875, 1.851567151470211e-24, nan 
151.375, 89.875, 2.356115279785708e-24, nan 
151.625, 89.875, 2.0328866173377315e-24, nan 
151.875, 89.875, 1.2511368102979458e-24, nan 
152.125, 89.875, 2.1371973275650336e-24, nan 
152.375, 89.875, 2.3721729307425203e-24, nan 
152.625, 89.875, 1.9458202642026498e-24, nan 
152.875, 89.875, 2.0526533124357504e-24, nan 
153.125, 89.875, 2.3026108548586954e-24, nan 
153.375, 89.875, 1.2096164645734375e-24, nan 
153.625, 89.875, 1.6986338420934234e-24, nan 
153.875, 89.875, 2.9573193731740586e-24, nan 
154.125, 89.875, 2.431157356180358e-24, nan 
154.375, 89.875, 1.7651709745351395e-24, nan 
154.625, 89.875, 1.3446325261721573e-24, nan 
154.875, 89.875, 1.5033806989113934e-24, nan 
155.125, 89.875, 2.24528595751281e-24, nan 
155.375, 89.875, 2.273004110414316e-24, nan 
155.625, 89.875, 1.6838204432927142e-24, nan 
155.875, 89.875, 2.1648527547025323e-24, nan 
156.125, 89.875, 2.3273624352971685e-24, nan 
156.375, 89.875, 1.8106465557907916e-24, nan 
156.625, 89.875, 1.4489528041134016e-24, nan 
156.875, 89.875, 1.3678230155325285e-24, nan 
157.125, 89.875, 1.9596700242432482e-24, nan 
157.375, 89.875, 2.423036639063467e-24, nan 
157.625, 89.875, 1.640363894548418e-24, nan 
157.875, 89.875, 2.01369060775959e-24, nan 
158.125, 89.875, 2.1132576657833725e-24, nan 
158.375, 89.875, 1.826313926329001e-24, nan 
158.625, 89.875, 1.3615199542284878e-24, nan 
158.875, 89.875, 1.2400754716711253e-24, nan 
159.125, 89.875, 1.6479099064982995e-24, nan 
159.375, 89.875, 1.4498531133053792e-24, nan 
159.625, 89.875, 1.963022239668627e-24, nan 
159.875, 89.875, 2.3850826611320608e-24, nan 
160.125, 89.875, 2.2065593986270025e-24, nan 
160.375, 89.875, 1.0521096314755242e-24, nan 
160.625, 89.875, 1.7524866390702678e-24, nan 
160.875, 89.875, 2.309254583282817e-24, nan 
161.125, 89.875, 1.4340561503796682e-24, nan 
161.375, 89.875, 1.9735849474537676e-24, nan 
161.625, 89.875, 1.2490554245144344e-24, nan 
161.875, 89.875, 2.195679280032526e-24, nan 
162.125, 89.875, 2.323858010593341e-24, nan 
162.375, 89.875, 2.0875767717767694e-24, nan 
162.625, 89.875, 1.636009984684054e-24, nan 
162.875, 89.875, 4.846922636521991e-25, nan 
163.125, 89.875, 1.9261560329453208e-24, nan 
163.375, 89.875, 1.749047814999662e-24, nan 
163.625, 89.875, 1.4727166707931205e-24, nan 
163.875, 89.875, 1.7888486610264465e-24, nan 
164.125, 89.875, 1.789407174617663e-24, nan 
164.375, 89.875, 1.9787197343578866e-24, nan 
164.625, 89.875, 2.0365005305823332e-24, nan 
164.875, 89.875, 2.0267053406015942e-24, nan 
165.125, 89.875, 1.7842121448043212e-24, nan 
165.375, 89.875, 2.32545192232021e-24, nan 
165.625, 89.875, 1.9466644190111573e-24, nan 
165.875, 89.875, 2.488424930406791e-24, nan 
166.125, 89.875, 2.335090414814911e-24, nan 
166.375, 89.875, 2.247226741552151e-24, nan 
166.625, 89.875, 1.449165467709295e-24, nan 
166.875, 89.875, 2.579873006975843e-24, nan 
167.125, 89.875, 2.1889488146791938e-24, nan 
167.375, 89.875, 2.112276582481646e-24, nan 
167.625, 89.875, 1.781809811796021e-24, nan 
167.875, 89.875, 1.4057423994940936e-24, nan 
168.125, 89.875, 1.5118322740508033e-24, nan 
168.375, 89.875, 1.5186090477253267e-24, nan 
168.625, 89.875, 1.858769808803245e-24, nan 
168.875, 89.875, 1.4272821147587034e-24, nan 
169.125, 89.875, 1.1895343512985433e-24, nan 
169.375, 89.875, 2.246247786464136e-24, nan 
169.625, 89.875, 1.1591974216994744e-24, nan 
169.875, 89.875, 1.2667965328258414e-24, nan 
170.125, 89.875, 2.1336665765819683e-24, nan 
170.375, 89.875, 1.6380483959963792e-24, nan 
170.625, 89.875, 1.9267904728350856e-24, nan 
170.875, 89.875, 1.311355277305754e-24, nan 
171.125, 89.875, 9.352777215087163e-25, nan 
171.375, 89.875, 1.1913432750395181e-24, nan 
171.625, 89.875, 1.411793599612691e-24, nan 
171.875, 89.875, 2.3171713121569266e-24, nan 
172.125, 89.875, 1.5190782600705392e-24, nan 
172.375, 89.875, 1.2477040102469364e-24, nan 
172.625, 89.875, 1.3013634407804425e-24, nan 
172.875, 89.875, 1.80410773936625e-24, nan 
173.125, 89.875, 6.6865488402069885e-25, nan 
173.375, 89.875, 1.4431755809134175e-24, nan 
173.625, 89.875, 2.138218990600421e-24, nan 
173.875, 89.875, 2.085695222445301e-24, nan 
174.125, 89.875, 2.042711744320788e-24, nan 
174.375, 89.875, 1.4808314645142895e-24, nan 
174.625, 89.875, 9.74294686024918e-25, nan 
174.875, 89.875, 1.904962697125014e-24, nan 
175.125, 89.875, 1.5827208010522975e-24, nan 
175.375, 89.875, 9.876955640893186e-25, nan 
175.625, 89.875, 1.577392184398791e-24, nan 
175.875, 89.875, 1.6122196197003778e-24, nan 
176.125, 89.875, 1.7861066502591393e-24, nan 
176.375, 89.875, 2.0015857681652983e-24, nan 
176.625, 89.875, 1.038978257625696e-24, nan 
176.875, 89.875, 1.8137065108897306e-24, nan 
177.125, 89.875, 1.746327558342298e-24, nan 
177.375, 89.875, 1.643533183284739e-24, nan 
177.625, 89.875, 1.915784153074742e-24, nan 
177.875, 89.875, 1.5622958432388026e-24, nan 
178.125, 89.875, 1.2604474373034115e-24, nan 
178.375, 89.875, 1.4830310444166593e-24, nan 
178.625, 89.875, 2.427003888706091e-24, nan 
178.875, 89.875, 2.239237159337172e-24, nan 
179.125, 89.875, 1.9002616612863898e-24, nan 
179.375, 89.875, 6.700118754866369e-25, nan 
179.625, 89.875, 1.8079295244815703e-24, nan 
179.875, 89.875, 1.1634691319359018e-24, nan 
