# MEX_intpoint_lon [deg], MEX_intpoint_lat [deg], MEX_intpoint_angle [deg], TGO_intpoint_lon [deg], TGO_intpoint_lat [deg], TGO_intpoint_angle [deg] 
-61.96277753586057, -49.258078394399405, 49.907799762449635, -142.69614160727207, -59.461055413641624, 64.05064088793944 
-60.97855612801618, -49.16155139209547, 49.90846749630061, -141.97080032230187, -59.21825614270129, 64.05320055748038 
-59.996208494929704, -49.06524448227467, 49.90913407507471, -141.24831000962013, -58.97726130249535, 64.0557531845834 
-59.01571369795587, -48.969185521619934, 49.90979929591454, -140.52856506529815, -58.738102018405016, 64.05829799729722 
-58.03705053151089, -48.87340213791203, 49.91046295725007, -139.8114637952262, -58.50080894804095, 64.06083423178337 
-57.06019754180113, -48.77792172548361, 49.91112485885763, -139.09690825135309, -58.26541229518786, 64.06336113252932 
-56.08513304499871, -48.68277144084916, 49.91178480191747, -138.38480407608535, -58.031941822790536, 64.06587795255165 
-55.11183514486529, -48.58797819850481, 49.91244258906991, -137.67506035439544, -57.80042686503705, 64.06838395359028 
-54.140281749824645, -48.493568666891456, 49.91309802446981, -136.9675894732149, -57.57089633859061, 64.07087840629283 
-53.17045058948684, -48.39956926451552, 49.913750913839735, -136.26230698771107, -57.343378753019124, 64.07336059038964 
-52.202319230626465, -48.30600615622084, 49.91440106452144, -135.5591314940701, -57.117902220467684, 64.07582979485932 
-51.23586509261901, -48.212905249606365, 49.91504828552593, -134.85798450842975, -56.89449446461685, 64.07828531808482 
-50.27106546233939, -48.12029219158356, 49.91569238758191, -134.15879035162592, -56.673182828966645, 64.08072646800001 
-49.30789750852771, -48.028192365068065, 49.91633318318284, -133.46147603943564, -56.45399428448397, 64.08315256222693 
-48.34633829562786, -47.936630885800234, 49.91697048663231, -132.7659711780179, -56.236955436648635, 64.0855629282037 
-47.38636479710453, -47.84563259928905, 49.91760411408795, -132.07220786427004, -56.02209253193125, 64.08795690330312 
-46.4279539082457, -47.755222077874606, 49.91823388360384, -131.38012059083312, -55.8094314637343, 64.09033383494213 
-45.471082458456884, -47.66542361790379, 49.91885961517137, -130.6896461554957, -55.59899777782541, 64.09269308068198 
-44.515727223054775, -47.57626123701455, 49.919481130758506, -130.0007235747587, -55.39081667729117, 64.09503400831973 
-43.56186493456754, -47.48775867152405, 49.92009825434775, -129.3132940013371, -55.18491302703682, 64.0973559959702 
-42.60947229354999, -47.399939373916034, 49.92071081197232, -128.6273006453883, -54.981311357857116, 64.09965843213988 
-41.65852597892128, -47.31282651042319, 49.921318631751106, -127.94268869926614, -54.78003587010125, 64.10194071579141 
-40.70900265783399, -47.226442958700204, 49.92192154392194, -127.25940526561375, -54.581110436954056, 64.10420225640004 
-39.76087899508261, -47.140811305583405, 49.92251938087355, -126.57739928861578, -54.38455860735409, 64.10644247400131 
-38.814131662060475, -47.05595384493314, 49.92311197717595, -125.89662148824286, -54.190403608568516, 64.10866079923056 
-37.868737345274, -46.97189257555517, 49.92369916960951, -125.21702429732882, -53.99866834844343, 64.1108566733544 
-36.92467275442265, -46.888649199197225, 49.92428079719238, -124.53856180133057, -53.809375417347304, 64.11302954829401 
-35.98191463005447, -46.806245118617696, 49.92485670120696, -123.86118968062856, -53.62254708982441, 64.11517888664086 
-35.04043975080536, -46.724701435722615, 49.925426725224426, -123.18486515523335, -53.43820532597432, 64.11730416166468 
-34.10022494023211, -46.64403894976822, 49.92599071512832, -122.50954693177177, -53.256371772572656, 64.11940485731394 
-33.16124707324747, -46.56427815562582, 49.92654851913664, -121.83519515263137, -53.07706776394761, 64.12148046820946 
-32.22348308216721, -46.48543924210606, 49.92709998782269, -121.16177134715059, -52.900314322626194, 64.1235304996303 
-31.286909962377546, -46.40754209034006, 49.927644974134544, -120.4892383847461, -52.726132159763175, 64.12555446749359 
-30.351504777632663, -46.33060627221451, 49.92818333341336, -119.81756042987573, -52.554541675365805, 64.12755189832714 
-29.417244664991113, -46.254651048858555, 49.92871492341032, -119.14670289874032, -52.38556295832587, 64.12952232923604 
-28.48410683940005, -46.179695369179775, 49.92923960430263, -118.47663241763306, -52.219215786271135, 64.13146530786283 
-27.552068597936255, -46.10575786844734, 49.92975723870795, -117.80731678284974, -52.05551962524682, 64.13338039234198 
-26.621107323713115, -46.03285686692008, 49.93026769169814, -117.13872492207757, -51.89449362923825, 64.13526715124836 
-25.691200489462037, -45.96101036851741, 49.93077083081147, -116.47082685718517, -51.736156639544454, 64.13712516354056 
-24.76232566079691, -45.89023605953141, 49.931266526064014, -115.8035936683395, -51.580527184012844, 64.13895401849867 
-23.83446049917077, -45.82055130737829, 49.93175464995993, -115.13699745938013, -51.42762347614422, 64.14075331565746 
-22.907582764532343, -45.751973159387205, 49.93223507750064, -114.47101132438436, -51.277463414077424, 64.14252266473443 
-21.981670317691655, -45.6845183416256, 49.932707686193176, -113.80560931536021, -51.130064579462186, 64.14426168555372 
-21.056701122402504, -45.61820325775877, 49.93317235605742, -113.14076641100799, -50.98544423622888, 64.14597000796567 
-20.132653247170026, -45.553043987943084, 49.933628969632565, -112.47645848649314, -50.84361932926311, 64.14764727176244 
-19.209504866791445, -45.48905628775096, 49.934077411982564, -111.81266228417711, -50.70460648299329, 64.14929312659008 
-18.287234263637963, -45.42625558712689, 49.93451757070092, -111.14935538525528, -50.56842199989853, 64.15090723185682 
-17.365819828685602, -45.364656989373145, 49.934949335914425, -110.48651618225315, -50.435081858944635, 64.15248925663875 
-16.445240062302275, -45.30427527016429, 49.935372600286364, -109.82412385233499, -50.304601713954895, 64.15403887958213 
-15.525473574799397, -45.24512487658958, 49.935787259018845, -109.1621583313816, -50.17699689192306, 64.15555578880353 
-14.606499086754454, -45.18721992622227, 49.93619320985441, -108.500600288795, -50.05228239127476, 64.1570396817871 
-13.688295429112797, -45.13057420621531, 49.93659035307713, -107.83943110299155, -49.93047288008429, 64.15849026528034 
-12.770841543074955, -45.07520117242237, 49.936978591512876, -107.17863283754532, -49.81158269425269, 64.15990725518773 
-11.854116479777225, -45.02111394854394, 49.937357830529294, -106.5181882179468, -49.695625835653566, 64.16129037646273 
-10.938099399771792, -44.96832532529761, 49.9377279780348, -105.85808060894266, -49.58261597025228, 64.16263936299913 
-10.022769572313619, -44.916847759612146, 49.93808894447751, -105.19829399242492, -49.47256642620451, 64.1639539575204 
-9.108106374460686, -44.86669337384496, 49.938440642843375, -104.5388129458389, -49.36549019193965, 64.1652339114694 
-8.194089289993837, -44.817873955022364, 49.93878298865404, -103.87962262108083, -49.261399914234396, 64.16647898489676 
-7.280697908162907, -44.77040095410243, 49.93911589996419, -103.22070872385777, -49.16030789628189, 64.16768894634957 
-6.367911922265528, -44.724285485260154, 49.939439297358696, -102.56205749348378, -49.0622260957615, 64.16886357276002 
-5.455711128064412, -44.679538325194315, 49.939753103949144, -101.90365568308717, -48.967166122914016, 64.17000264933412 
-4.544075422049697, -44.636169912456374, 49.94005724537036, -101.24549054020541, -48.875139238627284, 64.17110596944123 
-3.632984799551832, -44.594190346800545, 49.940351649776474, -100.58754978774527, -48.78615635253671, 64.17217333450438 
-2.722419352711194, -44.55360938855548, 49.940636247836856, -99.92982160528649, -48.700228021145186, 64.17320455389151 
-1.8123592683101335, -44.514436458017, 49.940910972731814, -99.27229461070901, -48.617364445966764, 64.17419944480815 
-0.9027848254731861, -44.476680634862085, 49.9411757601481, -98.61495784212443, -48.53757547169833, 64.17515783219146 
0.006323606759219578, -44.4403506575837, 49.941430548274326, -97.95780074009284, -48.460870584423155, 64.17607954860614 
0.9149855719778791, -44.40545492294678, 49.94167527779627, -97.30081313010808, -48.38725890985041, 64.17696443414242 
1.8232205290672143, -44.372001485465084, 49.94190989189211, -96.64398520533442, -48.31674921159422, 64.177812336316 
2.7310478549780095, -44.33999805689904, 49.94213433622752, -95.98730750957895, -48.249349889496095, 64.17862310997057 
3.6384868476049346, -44.309452005774475, 49.94234855895102, -95.33077092048447, -48.18506897799387, 64.17939661718287 
4.545556728763923, -44.28037035692235, 49.94255251068894, -94.67436663292847, -48.123914144540905, 64.18013272717069 
5.452276647264071, -44.25275979103954, 49.94274614454086, -94.01808614261459, -48.06589268807823, 64.18083131620367 
6.35866568206935, -44.22662664427056, 49.9429294160747, -93.36192122984339, -48.011011537563206, 64.18149226751744 
7.264742845544932, -44.20197690781058, 49.943102283322226, -92.70586394344977, -47.95927725055708, 64.18211547123123 
8.170527086783396, -44.178816227529374, 49.94326470677456, -92.04990658489533, -47.91069601187458, 64.18270082426864 
9.076037295005937, -44.157149903616784, 49.9434166493777, -91.39404169250405, -47.86527363229792, 64.18324823028252 
9.981292303033824, -44.13698289024918, 49.94355807652843, -90.73826202583048, -47.823015547357805, 64.18375759958356 
10.886310890825367, -44.118319795277706, 49.94368895607025, -90.08256055014985, -47.78392681618356, 64.18422884907274 
11.791111789073858, -44.101164879937606, 49.94380925828952, -89.42693042105994, -47.74801212042485, 64.18466190217809 
12.69571368286162, -44.08552205857938, 49.94391895591189, -88.77136496918531, -47.71527576324667, 64.1850566887957 
13.600135215365942, -44.07139489842145, 49.944018024098916, -88.1158576849742, -47.6857216683997, 64.18541314523502 
14.504394991611978, -44.05878661932454, 49.94410644044493, -87.46040220357945, -47.65935337936766, 64.18573121416873 
15.408511582268424, -44.04770009358786, 49.94418418497421, -86.80499228981436, -47.63617405859321, 64.18601084458717 
16.312503527481383, -44.03813784576711, 49.94425124013827, -86.14962182317545, -47.61618648678393, 64.18625199175742 
17.21638934074192, -44.03010205251438, 49.94430759081371, -85.4942847829235, -47.599393062299406, 64.18645461718737 
18.120187512783076, -44.02359454244008, 49.944353224300116, -84.83897523321535, -47.58579580062077, 64.18661868859422 
19.023916515501714, -44.01861679599681, 49.944388130318444, -84.18368730827817, -47.57539633390365, 64.18674417987829 
19.92759480590109, -44.0151699453853, 49.94441230100953, -83.52841519761891, -47.56819591061503, 64.18683107110147 
20.83124083004956, -44.013254774482505, 49.944425730933126, -82.8731531312613, -47.56419539525513, 64.18687934847097 
21.73487302705123, -44.0128717187917, 49.94442841706709, -82.21789536500289, -47.56339526816447, 64.18688900432771 
22.63850983302418, -44.01402086541491, 49.94442035880701, -81.56263616568482, -47.56579562541648, 64.18686003714028 
23.54216968508196, -44.01670195304724, 49.944401557966124, -80.90736979646721, -47.571396178796135, 64.18679245150345 
24.44587102531389, -44.02091437199356, 49.94437201877558, -80.25209050210259, -47.580196255864315, 64.18668625814196 
25.349632304760082, -44.0266571642073, 49.94433174788496, -79.59679249420026, -47.59219480010797, 64.18654147391958 
26.253471987376674, -44.03392902335125, 49.94428075436322, -78.94146993647418, -47.60739037117568, 64.18635812185286 
27.157408553987008, -44.04272829488062, 49.944219049699896, -78.28611692996722, -47.62578114519844, 64.18613623113 
28.06146050621435, -44.05305297614811, 49.94414664780666, -77.63072749824387, -47.64736491519475, 64.18587583713487 
28.965646370391916, -44.06490071653104, 49.944063565019185, -76.97529557254428, -47.67213909155954, 64.1855769814758 
29.86998470144568, -44.07826881758044, 49.943969820099284, -76.3198149768917, -47.700100702636, 64.18523971201928 
30.774494086745626, -44.09315423319206, 49.943865434237274, -75.66427941314535, -47.73124639536916, 64.1848640829283 
31.679193149921105, -44.10955356979933, 49.94375043105491, -75.00868244599074, -47.765572436040074, 64.18445015470593 
32.584100554635626, -44.127463086588115, 49.94362483660812, -74.35301748785925, -47.80307471107949, 64.18399799424274 
33.48923500831697, -44.1468786957331, 49.943488679390484, -73.69727778376794, -47.84374872795913, 64.18350767486966 
34.39461526583755, -44.167795962655966, 49.943341990336606, -73.04145639607152, -47.88758961615924, 64.18297927641444 
35.30026013314117, -44.190210106305166, 49.94318480282585, -72.38554618911638, -47.93459212821049, 64.18241288526316 
36.20618847081093, -44.21411599945709, 49.94301715268631, -71.7295398137879, -47.984750640808336, 64.18180859442533 
37.112419197574106, -44.23950816903879, 49.94283907819891, -71.07342969194089, -48.03805915599767, 64.18116650360354 
38.01897129373902, -44.26638079647199, 49.94265062010164, -70.41720800070281, -48.09451130242567, 64.18048671926674 
38.92586380455936, -44.29472771803837, 49.94245182159408, -69.76086665663927, -48.15410033666032, 64.1797693547274 
39.83311584352111, -44.32454242526614, 49.9422427283419, -69.1043972997703, -48.21681914457207, 64.17901453022236 
40.740746595547066, -44.35581806533762, 49.94202338848156, -68.44779127742608, -48.282660242776245, 64.17822237299697 
41.648775320114375, -44.388547441518064, 49.94179385262503, -67.79103962792949, -48.35161578013288, 64.17739301739259 
42.557221354279726, -44.42272301360534, 49.941554173864624, -67.13413306409319, -48.42367753930149, 64.17652660493741 
43.46610411560754, -44.458336898400745, 49.94130440777779, -66.47706195651715, -48.49883693834736, 64.17562328443962 
44.375443104995604, -44.49538087020072, 49.94104461243197, -65.81981631667325, -48.577085032396376, 64.1746832120839 
45.28525790939343, -44.53384636130943, 49.94077484838936, -65.16238577976172, -48.65841251533462, 64.17370655153027 
46.195568204407614, -44.57372446257247, 49.94049517871172, -64.50475958732412, -48.74280972154964, 64.17269347401475 
47.106393756789245, -44.615005923931335, 49.94020566896492, -63.84692656959651, -48.830266627709314, 64.17164415845296 
48.017754426797644, -44.657681154999054, 49.93990638722362, -63.18887512758588, -48.92077285457481, 64.1705587915448 
48.92967017043485, -44.70174022565682, 49.93959740407551, -62.53059321485188, -49.014317668843304, 64.16943756788132 
49.842161041545715, -44.74717286667178, 49.93927879262562, -61.87206831897459, -49.110889985016875, 64.1682806900526 
50.75524719377714, -44.79396847033609, 49.93895062850028, -61.213287442689236, -49.21047836729273, 64.16708836875719 
51.66894888239132, -44.84211609112748, 49.93861298985084, -60.5542370846663, -49.31307103147073, 64.16586082291217 
52.583286465926676, -44.891604446391284, 49.9382659573571, -59.8949032199156, -49.418655846873556, 64.16459827976395 
53.49828040770059, -44.94242191704437, 49.93790961423059, -59.23527127979091, -49.527220338274866, 64.1633009749998 
54.41395127714765, -44.994556548301226, 49.937544046217184, -58.575326131571266, -49.63875168783041, 64.16196915285897 
55.330319750987584, -45.04799605042221, 49.93716934159959, -57.915052057593066, -49.753236737007356, 64.16060306624443 
56.24740661421583, -45.102727799484775, 49.93678559119941, -57.25443273390644, -49.8706619885064, 64.15920297683377 
57.16523276091104, -45.15873883817747, 49.93639288837842, -56.59345120842741, -49.99101360817154, 64.15776915518961 
58.08381919485223, -45.21601587661791, 49.935991329039844, -55.93208987855629, -50.114277426881905, 64.15630188086949 
59.00318702993928, -45.27454529319429, 49.935581011628706, -55.27033046823115, -50.2404389424199, 64.15480144253398 
59.92335749041003, -45.334313135431984, 49.93516203713178, -54.60815400438303, -50.369483321310106, 64.15326813805406 
60.844351910846406, -45.39530512088487, 49.93473450907691, -53.945540792758834, -50.50139540062258, 64.15170227461647 
61.76619173596328, -45.45750663805295, 49.93429853353167, -53.28247039307496, -50.63615968973454, 64.15010416882713 
62.68889852017219, -45.52090274732619, 49.93385421910134, -52.61892159346371, -50.773760372044, 64.14847414681248 
63.612493926913054, -45.58547818195615, 49.93340167692621, -51.95487238417161, -50.91418130662879, 64.14681254431832 
64.53699972774601, -45.65121734905558, 49.9329410206781, -51.290299930467626, -51.05740602984394, 64.14511970680593 
65.46243780119619, -45.718104330627554, 49.93247236655607, -50.625180544715995, -51.203417756850776, 64.143395989545 
66.38883013134325, -45.78612288462477, 49.93199583328135, -49.95948965756686, -51.35219938306996, 64.14164175770347 
67.3161988061483, -45.855256446040286, 49.93151154209131, -49.29320178821468, -51.50373348555157, 64.13985738643379 
68.24456601550976, -45.92548812803101, 49.931019616732684, -48.626290513672366, -51.65800232425375, 64.13804326095536 
69.1739540490405, -45.996800723075026, 49.93052018345381, -47.9587284370058, -51.81498784322259, 64.13619977663274 
70.10438529355775, -46.0691767041644, 49.93001337099579, -47.29048715447049, -51.974671671664375, 64.13432733904992 
71.0358822302775, -46.14259822603469, 49.92949931058277, -46.621537221489454, -52.1370351249019, 64.1324263640794 
71.9684674317051, -46.21704712643317, 49.928978135911194, -45.95184811740722, -52.30205920520577, 64.13049727794701 
72.90216355821322, -46.29250492742691, 49.928449983137924, -45.28138820895236, -52.4697246024915, 64.12854051729137 
73.83699335429905, -46.36895283675317, 49.92791499086728, -44.61012471233626, -52.6400116948726, 64.1265565292179 
74.77297964451112, -46.446371749213434, 49.92737330013696, -43.938023653912786, -52.812900549059876, 64.12454577134741 
75.71014532903799, -46.52474224811364, 49.92682505440286, -43.26504982931845, -52.98837092059625, 64.12250871185884 
76.64851337894878, -46.60404460675243, 49.92627039952258, -42.591166761009276, -53.16640225391647, 64.12044582952602 
77.58810683107768, -46.68425878995984, 49.925709483737776, -41.916336654104846, -53.34697368222021, 64.11835761374776 
78.5289487825424, -46.765364455688946, 49.92514245765533, -41.24052035044585, -53.53006402714679, 64.11624456457204 
79.4710623848881, -46.8473409566627, 49.92456947422716, -40.56367728076599, -53.71565179823913, 64.11410719271292 
80.41447083784752, -46.930167342079145, 49.92399068872873, -39.88576541487299, -53.903715192184144, 64.11194601956093 
81.35919738270796, -47.01382235937722, 49.92340625873629, -39.20674120972876, -54.09423209181583, 64.10976157718598 
82.30526529527644, -47.098284456066665, 49.922816344102756, -38.52655955531092, -54.287180064867, 64.10755440833323 
83.25269787843324, -47.183531781624765, 49.9222211069322, -37.845173718132855, -54.4825363624548, 64.1053250664112 
84.2015184542655, -47.269542189463294, 49.921620711553, -37.16253528229102, -54.68027791728431, 64.10307411547235 
85.15175035577096, -47.3562932389691, 49.92101532448951, -36.47859408790189, -54.88038134155377, 64.10080213018567 
86.10341691812373, -47.443762197621794, 49.920405114432306, -35.79329816678193, -55.0828229245444, 64.09850969580121 
87.05654146949264, -47.531926043192165, 49.91979025220715, -35.1065936752165, -55.287578629876165, 64.09619740810653 
88.01114732140337, -47.620761466025456, 49.91917091074222, -34.41842482365406, -55.494624092410696, 64.09386587337465 
88.96725775863632, -47.71024487141303, 49.91854726503407, -33.72873380315228, -55.70393461478096, 64.0915157083035 
89.92489602865102, -47.80035238205706, 49.91791949211218, -33.03746070839372, -55.91548516352616, 64.08914753994698 
90.8840853305296, -47.89105984063214, 49.917287771001625, -32.34454345707635, -56.129250364809415, 64.08676200563664 
91.84484880343055, -47.98234281244849, 49.91665228268474, -31.64991770547407, -56.34520449969424, 64.08435975289545 
92.8072095145459, -48.0741765882215, 49.91601321006084, -30.95351675994975, -56.56332149895432, 64.08194143934165 
93.77119044655362, -48.16653618695184, 49.915370737904716, -30.25527148419041, -56.783574937389915, 64.07950773258398 
94.73681448455879, -48.25939635892185, 49.91472505282345, -29.555110201920304, -57.005938027622165, 64.07705931010774 
95.70410440251642, -48.35273158881248, 49.91407634321172, -28.852958594833886, -57.23038361333514, 64.07459685915163 
96.67308284913018, -48.446516098946624, 49.91342479920559, -28.148739595473884, -57.456884161933424, 64.07212107657492 
97.64377233322082, -48.540723852663824, 49.912770612634894, -27.442373274764652, -57.685411756580905, 64.06963266871578 
98.6161952085592, -48.635328557832096, 49.91211397697385, -26.733776723892635, -57.91593808758454, 64.06713235123983 
99.5903736581597, -48.73030367050235, 49.91145508729019, -26.022863930207368, -58.14843444308414, 64.06462084897935 
100.56632967802922, -48.82562239871133, 49.91079414019313, -25.30954564679744, -58.38287169900677, 64.06209889576307 
101.54408506036928, -48.921257706439015, 49.91013133377928, -24.593729255373805, -58.619220308242056, 64.05956723423638 
102.52366137622795, -49.01718231772617, 49.90946686757745, -23.875318622072182, -58.857450288990755, 64.05702661567206 
103.50507995760037, -49.11336872095889, 49.90880094249179, -23.15421394576134, -59.09753121223705, 64.05447779977169 
104.48836187897655, -49.20978917332576, 49.908133760743475, -22.43031159842042, -59.33943218829025, 64.05192155445734 
105.4735279383367, -49.306415705454185, 49.907465525810956, -21.70350395712132, -59.583121852338984, 64.04935865565389 
106.46059863759503, -49.403220126232725, 49.90679644236874, -20.97367922712496, -59.82856834895632, 64.04678988706223 
107.44959416249405, -49.50017402782534, 49.90612671622472, -20.240721255570133, -60.07573931549026, 64.04421603992265 
108.44053436195269, -49.59724879088474, 49.90545655425604, -19.50450933520325, -60.32460186426917, 64.04163791276935 
109.43343872687221, -49.69441558997119, 49.90478616434379, -18.76491799756403, -60.575122563547026, 64.03905631117546 
110.42832636840654, -49.791645399183615, 49.90411575530589, -18.021816795007734, -60.82726741710757, 64.03647204748913 
111.42521599570256, -49.888908998009676, 49.90344553682919, -17.275070070908487, -61.08100184244108, 64.03388594056052 
112.42412589312033, -49.986176977401605, 49.90277571939972, -16.524536717349434, -61.33629064740077, 64.03129881545978 
113.42507389694194, -50.083419746084786, 49.90210651423206, -15.770069919566513, -61.593098005239334, 64.02871150318634 
114.42807737158128, -50.18060753710534, 49.901438133197054, -15.01151688636944, -61.85138742791873, 64.02612484036958 
115.43315318530728, -50.27771041462389, 49.900770788748765, -14.248718565721527, -62.1111217375785, 64.02353966896064 
116.44031768549588, -50.3746982809619, 49.900104693849684, -13.481509344612984, -62.37226303603939, 64.0209568359163 
117.44958667342708, -50.471540883907295, 49.899440061895305, -12.709716732316926, -62.63477267220959, 64.01837719287427 
118.46097537864583, -50.568207824285544, 49.89877710663704, -11.933161026067756, -62.89861120725178, 64.01580159582056 
119.47449843290674, -50.66466856380298, 49.89811604210461, -11.151654958152756, -63.16373837735756, 64.01323090474904 
120.49016984372578, -50.76089243316803, 49.89745708252681, -10.365003323356852, -63.43011305396512, 64.01066598331322 
121.50800296756266, -50.85684864049686, 49.89680044225172, -9.573002585648894, -63.69769320124324, 64.00810769847048 
122.52801048266103, -50.952506280008706, 49.896146335665684, -8.775440462947605, -63.966435830651605, 64.00555692011932 
123.55020436157552, -51.0478343410168, 49.89549497711142, -7.972095488753023, -64.23629695237288, 64.0030145207293 
124.57459584341602, -51.14280171722017, 49.894846580805265, -7.162736549381144, -64.50723152339685, 64.00048137496407 
125.60119540584355, -51.23737721630092, 49.894201360753605, -6.34712239549052, -64.77919339202019, 63.99795835929844 
126.63001273685259, -51.33152956983212, 49.89355953066843, -5.525001126546788, -65.05213523850759, 63.9954463516282 
127.6610567063789, -51.42522744350026, 49.89292130388229, -4.696109646830064, -65.3260085116413, 63.99294623087487 
128.69433533777257, -51.51843944764626, 49.89228689326231, -3.8601730915583805, -65.60076336086516, 63.990458876583766 
129.72985577918024, -51.61113414812843, 49.89165651112393, -3.0169042216741153, -65.87634856370791, 63.98798516851725 
130.76762427488143, -51.70328007751042, 49.89103036914364, -2.1660027858274944, -66.1527114481469, 63.985525986242365 
131.8076461366272, -51.7948457465766, 49.890408678271605, -1.3071548480905606, -66.42979780954867, 63.98308220871374 
132.84992571503182, -51.88579965617666, 49.8897916486434, -0.4400320799518337, -66.70755182179647, 63.98065471385162 
133.89446637107005, -51.97611030940088, 49.88917948949166, 0.43570898481801684, -66.98591594218681, 63.97824437811599 
134.94127044773634, -52.06574622408688, 49.88857240905713, 1.3204277337754866, -67.2648308096475, 63.97585207607625 
135.9903392419225, -52.15467594565751, 49.88797061449955, 2.214500299134381, -67.54423513579896, 63.97347867997752 
137.04167297657554, -52.24286806028966, 49.88737431180822, 3.118320421926289, -67.82406558834728, 63.97112505930354 
138.09527077319726, -52.33029120841224, 49.88678370571238, 4.032300357913209, -68.10425666626453, 63.96879208033647 
139.15113062475095, -52.41691409853143, 49.88619899959146, 4.9568718259306, -68.38474056617616, 63.96648060571414 
140.2092493690418, -52.50270552137989, 49.88562039538524, 5.892486999023611, -68.66544703933937, 63.96419149398495 
141.2696226626406, -52.58763436438648, 49.885048093504096, 6.839619538341708, -68.94630323856047, 63.961925599160836 
142.33224495542092, -52.67166962646131, 49.88448229273913, 7.798765669257946, -69.22723355436175, 63.95968377026853 
143.3971094657836, -52.754780433090886, 49.88392319017257, 8.770445298562214, -69.50815943967308, 63.95746685089985 
144.46420815664183, -52.83693605173645, 49.88337098108826, 9.755203170820238, -69.78899922228906, 63.9552756787608 
145.53353171224364, -52.91810590752806, 49.88282585888238, 10.753610061065023, -70.06966790429918, 63.95311108522039 
146.60506951590858, -52.99825959924574, 49.8822880149745, 11.766263999868567, -70.35007694767141, 63.950973894859345 
147.6788096287566, -53.07736691557817, 49.88175763871907, 12.793791525490624, -70.63013404514572, 63.948864925019066 
148.7547387695093, -53.155397851648104, 49.8812349173172, 13.836848956184257, -70.9097428755781, 63.946784985351 
149.83284229544176, -53.232322625792634, 49.880720035729, 14.896123673804736, -71.1888028428704, 63.944734877367594 
150.91310418456683, -53.30811169658579, 49.88021317658647, 15.972335407575308, -71.4672087976278, 63.94271539399397 
151.9955070191306, -53.38273578008892, 49.879714520107086, 17.066237504146816, -71.74485074070958, 63.94072731912207 
153.08003197050033, -53.4561658673143, 49.87922424400791, 18.178618166892527, -72.02161350788323, 63.93877142716653 
154.16665878552345, -53.528373241885184, 49.87874252342062, 19.310301643628684, -72.2973764348638, 63.93684848262332 
155.2553657744372, -53.59932949787536, 49.87826953080724, 20.46214933757534, -72.57201300212392, 63.93495923963138 
156.34612980040615, -53.669006557809304, 49.8778054358768, 21.63506081128789, -72.84539045900506, 63.933104441537694 
157.43892627076337, -53.73737669080362, 49.87735040550288, 22.829974647412225, -73.117369426855, 63.93128482046576 
158.53372913003093, -53.804412530828714, 49.87690460364226, 24.04786912336595, -73.38780348117153, 63.92950109688867 
159.63051085478997, -53.87008709506913, 49.87646819125452, 25.289762649335195, -73.65653871305885, 63.927753979206415 
160.72924245047147, -53.93437380235942, 49.876041326222776, 26.556713910234585, -73.92341327071833, 63.9260441633282 
161.82989345013377, -53.997246491671746, 49.87562416327575, 27.849821642446013, -74.18825688221132, 63.92437233225999 
162.93243191528975, -54.05867944063021, 49.87521685391092, 29.170223965197163, -74.45089036136949, 63.92273915569783 
164.03682443884406, -54.118647384025905, 49.87481954631894, 30.519097174378473, -74.71112509950684, 63.92114528962703 
165.14303615019537, -54.17712553230616, 49.87443238530973, 31.897653893487103, -74.96876254652837, 63.91959137592806 
166.2510307225544, -54.23408959000979, 49.87405551223952, 33.307140462381206, -75.22359368615584, 63.91807804198879 
167.36077038252512, -54.28951577412046, 49.87368906493985, 34.74883342988184, -75.47539851132579, 63.9166059003243 
168.47221592198883, -54.34338083230843, 49.87333317764783, 36.22403500136713, -75.7239455073785, 63.91517554820391 
169.58532671232712, -54.39566206103104, 49.87298798093792, 37.734067277950096, -75.96899115247206, 63.91378756728621 
170.70006072101316, -54.44633732346139, 49.87265360165567, 39.28026511041415, -76.21027944673342, 63.912442523262115 
171.81637453059514, -54.49538506721426, 49.87233016285289, 40.86396737988551, -76.44754148401029, 63.91114096550663 
172.93422336008803, -54.54278434183775, 49.87201778372462, 42.486506509643455, -76.6804950827013, 63.90988342673935 
174.05356108878385, -54.58851481603899, 49.87171657954799, 44.149196010283035, -76.90884449500078, 63.90867042269418 
175.1743402824835, -54.6325567946119, 49.87142666162287, 45.85331586580745, -77.13228021694486, 63.90750245179852 
176.29651222214616, -54.67489123503488, 49.87114813721442, 47.600095583713845, -77.35047892481474, 63.906379994862405 
177.4200269349438, -54.71549976370636, 49.87088110949753, 49.390694760675494, -77.5631035666184, 63.90530351477749 
178.54483322770176, -54.754364691786044, 49.870625677503426, 51.226181060245246, -77.76980364037415, 63.904273456226605 
179.67087872269818, -54.79146903061004, 49.870381936068, 53.10750556342441, -77.97021569353504, 63.90329024540406 
-179.20189010421313, -54.82679650664832, 49.870149975782624, 55.03547554012886, -78.16396407984544, 63.90235428974656 
-178.07352788319884, -54.860331575973476, 49.86992988294667, 57.01072480213929, -78.35066201086981, 63.90146597767579 
-176.94409030781304, -54.89205943820989, 49.86972173952247, 59.033681937551, -78.52991293897942, 63.90062567835211 
-175.81363409019326, -54.92196604993376, 49.86952562309232, 61.10453689280459, -78.70131230628864, 63.899833741439984 
-174.68221691415263, -54.95003813749444, 49.86934160681775, 63.22320655831694, -78.8644496894365, 63.8990904968856 
-173.54989738624244, -54.97626320922919, 49.86916975940106, 65.38930022149144, -79.0189113627777, 63.89839625470625 
-172.41673498486733, -55.00062956704368, 49.86901014504917, 67.6020859663962, -79.1642832921174, 63.89775130479241 
-171.2827900075429, -55.023126317332434, 49.868862823439656, 69.860459308155, -79.3001545573803, 63.89715591672212 
-170.14812351639148, -55.04374338121403, 49.86872784968941, 72.16291553312269, -79.42612118555235, 63.89661033958826 
-169.01279728198062, -55.062471504057655, 49.86860527432528, 74.50752735049541, -79.54179035518635, 63.896114801838586 
-167.876873725613, -55.079302264278624, 49.86849514325749, 76.89192952219912, -79.64678491140327, 63.89566951112896 
-166.7404158601852, -55.09422808138246, 49.86839749775524, 79.31331210106104, -79.740748106755, 63.89527465418973 
-165.6034872297362, -55.10724222323839, 49.86831237442484, 81.76842375148031, -79.82334846005804, 63.89493039670532 
-164.46615184781345, -55.118338812564836, 49.86823980519027, 84.25358633880559, -79.89428460423244, 63.89463688320756 
-163.32847413478785, -55.12751283261173, 49.86817981727618, 86.76472155184007, -79.95328997736888, 63.89439423698226 
-162.19051885425463, -55.1347601320255, 49.868132433193544, 89.29738978064353, -80.0001372007899, 63.89420255998969 
-161.05235104865977, -55.14007742888528, 49.868097670727515, 91.84684083891146, -80.03464198560444, 63.894061932798586 
-159.9140359742956, -55.14346231390053, 49.868075542928125, 94.4080754421224, -80.05666641647615, 63.89397241453418 
-158.775639035811, -55.144913252762066, 49.86806605810322, 96.97591568678554, -80.0661214785375, 63.89393404283991 
-157.6372257203847, -55.144429587641, 49.8680692198141, 99.54508218551912, -80.06296872011977, 63.893946833852944 
-156.49886153171076, -55.14201153783173, 49.86808502687363, 102.11027505772468, -80.04722097874435, 63.894010782193966 
-155.36061192394655, -55.13766019953761, 49.86811347334681, 104.6662557053098, -80.018942138222, 63.8941258609705 
-154.22254223577343, -55.13137754479965, 49.868154548553996, 107.20792624727527, -79.97824592764964, 63.89429202179425 
-153.08471762471973, -55.12316641957085, 49.86820823707657, 109.73040365230226, -79.92529381518146, 63.89450919481264 
-151.94720300189547, -55.113030540941125, 49.86827451876513, 112.22908597620179, -79.86029208738957, 63.89477728875374 
-150.81006296728518, -55.10097449351927, 49.868353368750206, 114.69970864091182, -79.78348823603457, 63.895096190985434 
-149.6733617457439, -55.08700372498097, 49.868444757455514, 117.1383893278764, -79.69516679616382, 63.89546576758811 
-148.5371631238377, -55.07112454079358, 49.86854865061364, 119.5416607383216, -79.59564479166575, 63.895885863441116 
-147.4015303876675, -55.05334409813045, 49.868665009284236, 121.9064911349794, -79.48526694676892, 63.89635630232286 
-146.26652626181016, -55.03367039898928, 49.86879378987472, 124.23029317213926, -79.36440081540918, 63.89687688702438 
-145.1322128495064, -55.012112282531135, 49.86893494416333, 126.51092200560979, -79.23343196650305, 63.89744739947632 
-143.99865157422064, -54.98867941665811, 49.86908841932471, 128.74666402974333, -79.09275934395515, 63.89806760088922 
-142.86590312269053, -54.96338228884965, 49.86925415795785, 130.93621780956244, -78.94279089781087, 63.89873723190677 
-141.73402738958114, -54.936232196278816, 49.86943209811639, 133.0786688701042, -78.78393955933986, 63.899456012772376 
-140.6030834238489, -54.90724123523136, 49.869622173341355, 135.17345998998604, -78.61661960970918, 63.90022364350813 
-139.4731293769166, -54.87642228985221, 49.86982431269616, 137.22035854514175, -78.4412434705901, 63.90103980410677 
-138.3442224527512, -54.84378902024426, 49.870038440803924, 139.2194222868482, -78.25821892643171, 63.901904154735895 
-137.21641885993182, -54.809355849947096, 49.870264477887126, 141.1709647396374, -78.06794677271942, 63.90281633595453 
-136.0897737657846, -54.773137952822566, 49.87050233980937, 143.07552119046113, -77.8708188724637, 63.903775968941595 
-134.96434125265657, -54.73515123937653, 49.870751938119525, 144.93381602730656, -77.66721659432194, 63.90478265573642 
-133.84017427639037, -54.695412342546106, 49.87101318009794, 146.74673198562084, -77.45750959984417, 63.90583597949054 
-132.71732462705475, -54.65393860298275, 49.87128596880469, 148.51528168236968, -77.24205494394475, 63.906935504731166 
-131.59584289197875, -54.61074805386193, 49.87157020313018, 150.24058166463468, -77.02119645138556, 63.90808077763531 
-130.47577842112773, -54.56585940525107, 49.87186577784759, 151.92382907376307, -76.79526433235569, 63.9092713263152 
-129.35717929485304, -54.51929202806713, 49.8721725836673, 153.566280926479, -76.56457500172968, 63.91050666111392 
-128.2400922940378, -54.47106593765594, 49.87249050729354, 155.1692359389367, -76.32943106890897, 63.9117862749113 
-127.12456287265566, -54.42120177702553, 49.87281943148269, 156.73401876548516, -76.09012146799127, 63.913109643439824 
-126.01063513274937, -54.36972079976527, 49.873159235103515, 158.26196648765094, -75.84692170111994, 63.9144762256104 
-124.89835180183087, -54.31664485268333, 49.8735097931994, 159.7544171672174, -75.60009417105043, 63.915885463847054 
-123.78775421269499, -54.26199635819386, 49.87387097705212, 161.21270026720276, -75.34988858209235, 63.91733678443091 
-122.67888228563504, -54.205798296485874, 49.87424265424747, 162.63812874324353, -75.09654239154833, 63.91882959785298 
-121.57177451303872, -54.14807418750471, 49.87462468874253, 164.031992613021, -74.84028129651097, 63.92036329917486 
-120.46646794633864, -54.08884807277724, 49.875016940934586, 165.39555382095003, -74.58131974336423, 63.921937268398 
-119.3629981852847, -54.02814449711056, 49.87541926773158, 166.7300422278091, -74.31986144954968, 63.92355087084026 
-118.26139936949973, -53.965988490194135, 49.87583152262404, 168.03665256909508, -74.05609992910351, 63.92520345751985 
-117.16170417227555, -53.90240554813397, 49.87625355575854, 169.31654224069106, -73.79021901515769, 63.92689436554638 
-116.06394379655977, -53.83742161494705, 49.87668521401247, 170.57082978526736, -73.52239337404473, 63.92862291851839 
-114.96814797308112, -53.771063064043425, 49.87712634107021, 171.80059396720057, -73.252789006873, 63.9303884269271 
-113.87434496055423, -53.70335667972203, 49.87757677750063, 173.00687333737807, -72.98156373546969, 63.93219018856603 
-112.78256154790412, -53.63432963870584, 49.87803636083552, 174.1906662018536, -72.70886767044564, 63.9340274889461 
-111.69282305844413, -53.56400949174093, 49.87850492564961, 175.35293091983306, -72.43484365984145, 63.935899601715846 
-110.6051533559393, -53.492424145282605, 49.87898230364137, 176.49458646686148, -72.1596277173896, 63.93780578908642 
-109.51957485248518, -53.41960184329118, 49.879468323714875, 177.6165132083617, -71.88334942988988, 63.93974530226073 
-108.43610851812737, -53.34557114915873, 49.879962812062814, 178.71955383689706, -71.60613234356502, 63.94171738186667 
-107.35477389214788, -53.27036092778673, 49.88046559225024, 179.80451443374838, -71.32809432955226, 63.94372125839395 
-106.2755890959404, -53.19400032783412, 49.88097648529919, -179.12783437829637, -71.04934792890982, 63.945756152633955 
-105.19857084739715, -53.11651876415331, 49.88149530977415, -178.07675621857584, -70.77000067768614, 63.94782127612252 
-104.12373447672653, -53.03794590043126, 49.88202188186824, -177.04154769152458, -70.49015541272234, 63.94991583158495 
-103.05109394362377, -52.95831163205112, 49.8825560154899, -176.02153710784026, -70.20991055894613, 63.95203901338323 
-101.98066185571271, -52.87764606918918, 49.883097522350376, -175.01608319924358, -69.92936039897194, 63.95419000796461 
-100.91244948817922, -52.79597952016042, 49.883646212051616, -174.02457383928018, -69.6485953258559, 63.95636799431179 
-99.84646680451635, -52.7133424750251, 49.88420189217463, -173.04642478011579, -69.36770207986905, 63.95857214439342 
-98.78272247830097, -52.62976558946757, 49.884764368368245, -172.0810784131684, -69.08676397015229, 63.96080162361558 
-97.72122391592423, -52.54527966895749, 49.88533344443831, -171.12800255965436, -68.80586108210524, 63.963055591273 
-96.66197728019714, -52.45991565320258, 49.88590892243691, -170.1866892956439, -68.52507047134175, 63.96533320100013 
-95.60498751475548, -52.373704600901085, 49.886490602752104, -169.2566538149929, -68.24446634501867, 63.967633601221394 
-94.55025836918784, -52.28667767480084, 49.887078284197614, -168.33743333249902, -67.96412023131353, 63.96995593560068 
-93.49779242481435, -52.19886612707122, 49.88767176410256, -167.42858602879247, -67.68410113779423, 63.97229934348911 
-92.44759112104326, -52.11030128499321, 49.888270838401404, -166.5296900377877, -67.40447569938722, 63.97466296037121 
-91.39965478223615, -52.02101453697169, 49.88887530172365, -165.64034247696637, -67.12530831661542, 63.97704591830874 
-90.35398264501266, -51.93103731887352, 49.88948494748362, -164.76015852031625, -66.8466612847396, 63.97944734638255 
-89.31057288593003, -51.840401100693924, 49.89009956796986, -163.88877051339628, -66.5685949144014, 63.98186637113088 
-88.26942264947286, -51.749137373553026, 49.890718954434604, -163.0258271297195, -66.2911676443302, 63.98430211698504 
-87.2305280762921, -51.65727763702341, 49.891342897182604, -162.17099256743128, -66.01443614664163, 63.986753706701414 
-86.19388433163407, -51.5648533867893, 49.89197118566001, -161.32394578510085, -65.73845542522244, 63.989220261789534 
-85.15948563390245, -51.471896102636634, 49.89260360854247, -160.48437977532387, -65.46327890766442, 63.99170090293614 
-84.12732528329983, -51.378437236773316, 49.893239953823134, -159.65200087475625, -65.18895853117982, 63.99419475042471 
-83.09739569049617, -51.28450820247782, 49.893880008899856, -158.82652810914564, -64.91554482290232, 63.996700924550154 
-82.06968840527574, -51.19014036307411, 49.894523560662016, -158.00769257190007, -64.64308697494944, 63.99921854602851 
-81.04419414511457, -51.095365021229995, 49.89517039557669, -157.19523683472534, -64.37163291459821, 64.0017467364013 
-80.02090282364557, -51.000213408575895, 49.89582029977407, -156.38891438887094, -64.10122936990025, 64.00428461843414 
-78.99980357896818, -50.904716675640195, 49.896473059132305, -155.58848911554253, -63.83192193104107, 64.00683131650946 
-77.980884801764, -50.808905882097186, 49.89712845936146, -154.79373478406916, -63.56375510772668, 64.00938595701317 
-76.9641341631811, -50.71281198732311, 49.89778628608673, -154.00443457645108, -63.29677238286098, 64.01194766871453 
-75.94953864245223, -50.61646584125551, 49.89844632493069, -153.22038063695308, -63.031016262759266, 64.0145155831398 
-74.93708455421502, -50.5198981755507, 49.89910836159486, -152.4413736454585, -62.76652832412542, 64.01708883493859 
-73.92675757550415, -50.423139595034016, 49.89977218194009, -151.66722241334352, -62.50334925800517, 64.01966656224329 
-72.91854277238767, -50.32622056943717, 49.90043757206594, -150.89774350068518, -62.241518910912454, 64.02224790702085 
-71.91242462622138, -50.22917142541663, 49.90110431838932, -150.1327608536647, -61.98107632331183, 64.02483201541736 
-70.908387059499, -50.13202233884732, 49.9017722077217, -149.37210546108236, -61.72205976562814, 64.02741803809447 
-69.90641346127548, -50.03480332738492, 49.90244102734543, -148.6156150289474, -61.46450677194131, 64.03000513055817 
-68.90648671214485, -49.93754424329085, 49.90311056508881, -147.86313367215965, -61.20845417151434, 64.03259245347917 
-67.90858920875439, -49.84027476651299, 49.90378060940002, -147.11451162234727, -60.95393811829132, 64.03517917300509 
-66.91270288783996, -49.743024398015784, 49.90445094941986, -146.369604950972, -60.70099411849351, 64.0377644610643 
-65.91880924976815, -49.64582245335306, 49.9051213750531, -145.6282753068614, -60.44965705643244, 64.04034749566081 
-64.92688938157322, -49.54869805647666, 49.905791677038735, -144.89038966737016, -60.199961218650394, 64.0429274611608 
-63.93692397947798, -49.45168013377432, 49.90646164701882, -144.15582010241582, -59.95194031649192, 64.04550354857003 
-62.94889337088923, -49.354797408329944, 49.907131077606, -143.42444355067605, -59.70562750720215, 64.04807495580243 
-61.96277753586058, -49.258078394399405, 49.907799762449635, -142.6961416072721, -59.46105541364163, 64.05064088793944 
